request_number,request_time_ms,request_received_time_ms,response_time_ms,response_received_time_ms,end_to_end_latency,compute_time,transmission_time
1,1693218063988,1692245799748,1692245800240,1693218064630,642,492,150
2,1693218064630,1692245800419,1692245800926,1693218065326,696,507,189
3,1693218065326,1692245801059,1692245801284,1693218065694,368,225,143
4,1693218065694,1692245801438,1692245801700,1693218066150,456,262,194
5,1693218066150,1692245801867,1692245802298,1693218066684,534,431,103
6,1693218066684,1692245802403,1692245802724,1693218067123,439,321,118
7,1693218067123,1692245802826,1692245803205,1693218067597,474,379,95
8,1693218067597,1692245803310,1692245803628,1693218068022,425,318,107
9,1693218068022,1692245803716,1692245804102,1693218068488,466,386,80
10,1693218068488,1692245804191,1692245804524,1693218068913,425,333,92
11,1693218068913,1692245804620,1692245805008,1693218069386,473,388,85
12,1693218069386,1692245805094,1692245805464,1693218069838,452,370,82
13,1693218069838,1692245805536,1692245805964,1693218070360,522,428,94
14,1693218070360,1692245806081,1692245806327,1693218070729,369,246,123
15,1693218070729,1692245806435,1692245806680,1693218071086,357,245,112
16,1693218071086,1692245806797,1692245807053,1693218071463,377,256,121
17,1693218071463,1692245807180,1692245807481,1693218071851,388,301,87
18,1693218071851,1692245807572,1692245807835,1693218072237,386,263,123
19,1693218072237,1692245807962,1692245808263,1693218072661,424,301,123
20,1693218072661,1692245808377,1692245808656,1693218073053,392,279,113
21,1693218073053,1692245808775,1692245809056,1693218073462,409,281,128
22,1693218073462,1692245809178,1692245809502,1693218073954,492,324,168
23,1693218073954,1692245809679,1692245809979,1693218074470,516,300,216
24,1693218074470,1692245810197,1692245810506,1693218075002,532,309,223
25,1693218075002,1692245810698,1692245810969,1693218075330,328,271,57
26,1693218075330,1692245811069,1692245811275,1693218075703,373,206,167
27,1693218075703,1692245811413,1692245811779,1693218076202,499,366,133
28,1693218076202,1692245811924,1692245812227,1693218076666,464,303,161
29,1693218076666,1692245812368,1692245812680,1693218077048,382,312,70
30,1693218077048,1692245812762,1692245813111,1693218077529,481,349,132
31,1693218077529,1692245813231,1692245813619,1693218078010,481,388,93
32,1693218078011,1692245813714,1692245814123,1693218078545,534,409,125
33,1693218078545,1692245814257,1692245814639,1693218079024,479,382,97
34,1693218079024,1692245814734,1692245815111,1693218079498,474,377,97
35,1693218079498,1692245815219,1692245815475,1693218079905,407,256,151
36,1693218079905,1692245815635,1692245815865,1693218080275,370,230,140
37,1693218080275,1692245815989,1692245816185,1693218080567,292,196,96
38,1693218080567,1692245816294,1692245816605,1693218081000,433,311,122
39,1693218081000,1692245816699,1692245817052,1693218081442,442,353,89
40,1693218081442,1692245817153,1692245817583,1693218081968,526,430,96
41,1693218081968,1692245817684,1692245817977,1693218082360,392,293,99
42,1693218082360,1692245818093,1692245818286,1693218082721,361,193,168
43,1693218082721,1692245818434,1692245818708,1693218083095,374,274,100
44,1693218083095,1692245818824,1692245819064,1693218083469,374,240,134
45,1693218083469,1692245819186,1692245819461,1693218083857,388,275,113
46,1693218083857,1692245819594,1692245819835,1693218084242,385,241,144
47,1693218084242,1692245819954,1692245820305,1693218084707,465,351,114
48,1693218084707,1692245820416,1692245820703,1693218085094,387,287,100
49,1693218085094,1692245820815,1692245821065,1693218085424,330,250,80
50,1693218085424,1692245821132,1692245821470,1693218085867,443,338,105
51,1693218085867,1692245821584,1692245821902,1693218086294,427,318,109
52,1693218086294,1692245822002,1692245822381,1693218086768,474,379,95
53,1693218086768,1692245822488,1692245822774,1693218087175,407,286,121
54,1693218087175,1692245822883,1692245823290,1693218087726,551,407,144
55,1693218087726,1692245823427,1692245823805,1693218088183,457,378,79
56,1693218088183,1692245823903,1692245824217,1693218088700,517,314,203
57,1693218088700,1692245824415,1692245824743,1693218089142,442,328,114
58,1693218089142,1692245824853,1692245825171,1693218089568,426,318,108
59,1693218089568,1692245825284,1692245825576,1693218090059,491,292,199
60,1693218090059,1692245825788,1692245826087,1693218090489,430,299,131
61,1693218090489,1692245826198,1692245826452,1693218090837,348,254,94
62,1693218090837,1692245826565,1692245826879,1693218091276,439,314,125
63,1693218091277,1692245826979,1692245827371,1693218091746,469,392,77
64,1693218091746,1692245827454,1692245827794,1693218092176,430,340,90
65,1693218092176,1692245827889,1692245828173,1693218092576,400,284,116
66,1693218092576,1692245828287,1692245828607,1693218092997,421,320,101
67,1693218092997,1692245828708,1692245829025,1693218093466,469,317,152
68,1693218093466,1692245829181,1692245829432,1693218093834,368,251,117
69,1693218093834,1692245829529,1692245829924,1693218094300,466,395,71
70,1693218094473,1692245830187,1692245831011,1693218095460,987,824,163
71,1693218095460,1692245831157,1692245831763,1693218096163,703,606,97
72,1693218096163,1692245831882,1692245832146,1693218096555,392,264,128
73,1693218096555,1692245832297,1692245832566,1693218096983,428,269,159
74,1693218096983,1692245832689,1692245833098,1693218097489,506,409,97
75,1693218097489,1692245833206,1692245833565,1693218097954,465,359,106
76,1693218097954,1692245833670,1692245834231,1693218098620,666,561,105
77,1693218098620,1692245834340,1692245834677,1693218099146,526,337,189
78,1693218099146,1692245834862,1692245835176,1693218099580,434,314,120
79,1693218099581,1692245835280,1692245835742,1693218100117,536,462,74
80,1693218100117,1692245835855,1692245836084,1693218100504,387,229,158
81,1693218100504,1692245836225,1692245836576,1693218100989,485,351,134
82,1693218100989,1692245836719,1692245836966,1693218101417,428,247,181
83,1693218101417,1692245837113,1692245837586,1693218101968,551,473,78
84,1693218101968,1692245837676,1692245838020,1693218102409,441,344,97
85,1693218102409,1692245838129,1692245838493,1693218102884,475,364,111
86,1693218102884,1692245838578,1692245838978,1693218103335,451,400,51
87,1693218103335,1692245839053,1692245839412,1693218103800,465,359,106
88,1693218103800,1692245839528,1692245839741,1693218104177,377,213,164
89,1693218104177,1692245839905,1692245840183,1693218104592,415,278,137
90,1693218104592,1692245840294,1692245840645,1693218105077,485,351,134
91,1693218105077,1692245840786,1692245841091,1693218105486,409,305,104
92,1693218105486,1692245841204,1692245841526,1693218105918,432,322,110
93,1693218105918,1692245841639,1692245841993,1693218106383,465,354,111
94,1693218106383,1692245842090,1692245842326,1693218106727,344,236,108
95,1693218106727,1692245842444,1692245842776,1693218107182,455,332,123
96,1693218107182,1692245842914,1692245843168,1693218107569,387,254,133
97,1693218107569,1692245843272,1692245843668,1693218108060,491,396,95
98,1693218108060,1692245843759,1692245844092,1693218108485,425,333,92
99,1693218108485,1692245844198,1692245844535,1693218109076,591,337,254
100,1693218109076,1692245844782,1692245845097,1693218109491,415,315,100
101,1693218109491,1692245845176,1692245845526,1693218109982,491,350,141
102,1693218109982,1692245845690,1692245846130,1693218110514,532,440,92
103,1693218110514,1692245846224,1692245846532,1693218110917,403,308,95
104,1693218110917,1692245846650,1692245846897,1693218111302,385,247,138
105,1693218111303,1692245847018,1692245847348,1693218111743,440,330,110
106,1693218111743,1692245847456,1692245847754,1693218112152,409,298,111
107,1693218112153,1692245847880,1692245848249,1693218112632,479,369,110
108,1693218112632,1692245848351,1692245848664,1693218113076,444,313,131
109,1693218113077,1692245848775,1692245849017,1693218113382,305,242,63
110,1693218113382,1692245849113,1692245849451,1693218113846,464,338,126
111,1693218113846,1692245849615,1692245849957,1693218114347,501,342,159
112,1693218114347,1692245850058,1692245850383,1693218114813,466,325,141
113,1693218114813,1692245850515,1692245850944,1693218115325,512,429,83
114,1693218115325,1692245851066,1692245851329,1693218115733,408,263,145
115,1693218115733,1692245851445,1692245851711,1693218116100,367,266,101
116,1693218116100,1692245851804,1692245852176,1693218116557,457,372,85
117,1693218116557,1692245852287,1692245852500,1693218116919,362,213,149
118,1693218116919,1692245852633,1692245852960,1693218117362,443,327,116
119,1693218117362,1692245853074,1692245853440,1693218117901,539,366,173
120,1693218117901,1692245853621,1692245853972,1693218118368,467,351,116
121,1693218118368,1692245854117,1692245854310,1693218118725,357,193,164
122,1693218118725,1692245854424,1692245854771,1693218119157,432,347,85
123,1693218119157,1692245854892,1692245855095,1693218119512,355,203,152
124,1693218119512,1692245855229,1692245855601,1693218120031,519,372,147
125,1693218120031,1692245855733,1692245856138,1693218120512,481,405,76
126,1693218120512,1692245856216,1692245856567,1693218120955,443,351,92
127,1693218120955,1692245856687,1692245856948,1693218121348,393,261,132
128,1693218121348,1692245857067,1692245857353,1693218121779,431,286,145
129,1693218121779,1692245857488,1692245857924,1693218122380,601,436,165
130,1693218122380,1692245858091,1692245858485,1693218122899,519,394,125
131,1693218122899,1692245858626,1692245858895,1693218123295,396,269,127
132,1693218123295,1692245859006,1692245859377,1693218123809,514,371,143
133,1693218123809,1692245859520,1692245859820,1693218124190,381,300,81
134,1693218124190,1692245859922,1692245860158,1693218124551,361,236,125
135,1693218127567,1692245863312,1692245863515,1693218127956,389,203,186
136,1693218127956,1692245863670,1692245864060,1693218128446,490,390,100
137,1693218128446,1692245864174,1692245864435,1693218128829,383,261,122
138,1693218128829,1692245864535,1692245864824,1693218129218,389,289,100
139,1693218129218,1692245864910,1692245865288,1693218129684,466,378,88
140,1693218129684,1692245865402,1692245865689,1693218130105,421,287,134
141,1693218130105,1692245865831,1692245866178,1693218130560,455,347,108
142,1693218130561,1692245866270,1692245866617,1693218131066,505,347,158
143,1693218131066,1692245866802,1692245867194,1693218131583,517,392,125
144,1693218131583,1692245867328,1692245867595,1693218131996,413,267,146
145,1693218131996,1692245867699,1692245868061,1693218132447,451,362,89
146,1693218132447,1692245868192,1692245868460,1693218132857,410,268,142
147,1693218132857,1692245868624,1692245868877,1693218133286,429,253,176
148,1693218133286,1692245869009,1692245869432,1693218133831,545,423,122
149,1693218133831,1692245869542,1692245869922,1693218134306,475,380,95
150,1693218134306,1692245870015,1692245870402,1693218134775,469,387,82
151,1693218134775,1692245870671,1692245870981,1693218135424,649,310,339
152,1693218135424,1692245871132,1692245871407,1693218135781,357,275,82
153,1693218135781,1692245871489,1692245871784,1693218136170,389,295,94
154,1693218136170,1692245871915,1692245872132,1693218136542,372,217,155
155,1693218136542,1692245872274,1692245872709,1693218137101,559,435,124
156,1693218137101,1692245872816,1692245873129,1693218137556,455,313,142
157,1693218137556,1692245873264,1692245873627,1693218138052,496,363,133
158,1693218138052,1692245873777,1692245874002,1693218138402,350,225,125
159,1693218138402,1692245874122,1692245874465,1693218138852,450,343,107
160,1693218138852,1692245874579,1692245874854,1693218139270,418,275,143
161,1693218139270,1692245874996,1692245875280,1693218139679,409,284,125
162,1693218139679,1692245875385,1692245875704,1693218140090,411,319,92
163,1693218140090,1692245875915,1692245876247,1693218140690,600,332,268
164,1693218140690,1692245876428,1692245876709,1693218141114,424,281,143
165,1693218141114,1692245876818,1692245877093,1693218141486,372,275,97
166,1693218141486,1692245877223,1692245877517,1693218141925,439,294,145
167,1693218141925,1692245877627,1692245877885,1693218142252,327,258,69
168,1693218142252,1692245877954,1692245878304,1693218142730,478,350,128
169,1693218142730,1692245878449,1692245878795,1693218143183,453,346,107
170,1693218143183,1692245878898,1692245879312,1693218143696,513,414,99
171,1693218143697,1692245879421,1692245879720,1693218144120,423,299,124
172,1693218144120,1692245879835,1692245880140,1693218144535,415,305,110
173,1693218144535,1692245880242,1692245880584,1693218145054,519,342,177
174,1693218145054,1692245880771,1692245881020,1693218145433,379,249,130
175,1693218145433,1692245881147,1692245881452,1693218145861,428,305,123
176,1693218145861,1692245881589,1692245881876,1693218146274,413,287,126
177,1693218146274,1692245882005,1692245882240,1693218146644,370,235,135
178,1693218146644,1692245882373,1692245882637,1693218147061,417,264,153
179,1693218147061,1692245882769,1692245883122,1693218147511,450,353,97
180,1693218147511,1692245883242,1692245883456,1693218147900,389,214,175
181,1693218147900,1692245883604,1692245883946,1693218148376,476,342,134
182,1693218148376,1692245884096,1692245884387,1693218148813,437,291,146
183,1693218148813,1692245884525,1692245884882,1693218149308,495,357,138
184,1693218149308,1692245885018,1692245885358,1693218149753,445,340,105
185,1693218149753,1692245885482,1692245885740,1693218150148,395,258,137
186,1693218150148,1692245885847,1692245886309,1693218150683,535,462,73
187,1693218150683,1692245886404,1692245886725,1693218151159,476,321,155
188,1693218151159,1692245886876,1692245887077,1693218151496,337,201,136
189,1693218151496,1692245887211,1692245887511,1693218151986,490,300,190
190,1693218151986,1692245887696,1692245887955,1693218152311,325,259,66
191,1693218152311,1692245888036,1692245888311,1693218152715,404,275,129
192,1693218152715,1692245888421,1692245888816,1693218153192,477,395,82
193,1693218153192,1692245888933,1692245889150,1693218153560,368,217,151
194,1693218153560,1692245889279,1692245889679,1693218154062,502,400,102
195,1693218154062,1692245889807,1692245890103,1693218154502,440,296,144
196,1693218154502,1692245890225,1692245890487,1693218154944,442,262,180
197,1693218154944,1692245890656,1692245891090,1693218155482,538,434,104
198,1693218155482,1692245891215,1692245891474,1693218155890,408,259,149
199,1693218155890,1692245891599,1692245891961,1693218156381,491,362,129
200,1693218156381,1692245892080,1692245892516,1693218156892,511,436,75
201,1693218156893,1692245892604,1692245892989,1693218157374,481,385,96
202,1693218157374,1692245893089,1692245893392,1693218157787,413,303,110
203,1693218157963,1692245893667,1692245894152,1693218158549,586,485,101
204,1693218158549,1692245894263,1692245894803,1693218159189,640,540,100
205,1693218159189,1692245894905,1692245895346,1693218159756,567,441,126
206,1693218159756,1692245895456,1692245895727,1693218160094,338,271,67
207,1693218160094,1692245895823,1692245896136,1693218160532,438,313,125
208,1693218160532,1692245896242,1692245896657,1693218161098,566,415,151
209,1693218161098,1692245896798,1692245897155,1693218161532,434,357,77
210,1693218161532,1692245897256,1692245897637,1693218162053,521,381,140
211,1693218162053,1692245897798,1692245898002,1693218162418,365,204,161
212,1693218162418,1692245898113,1692245898431,1693218162810,392,318,74
213,1693218162810,1692245898521,1692245898803,1693218163229,419,282,137
214,1693218163229,1692245898979,1692245899242,1693218163644,415,263,152
215,1693218163644,1692245899368,1692245899756,1693218164157,513,388,125
216,1693218164157,1692245899880,1692245900264,1693218164701,544,384,160
217,1693218164701,1692245900406,1692245900754,1693218165184,483,348,135
218,1693218165184,1692245900882,1692245901260,1693218165643,459,378,81
219,1693218165643,1692245901371,1692245901694,1693218166095,452,323,129
220,1693218166095,1692245901801,1692245902210,1693218166587,492,409,83
221,1693218166587,1692245902310,1692245902789,1693218167178,591,479,112
222,1693218167178,1692245902901,1692245903174,1693218167545,367,273,94
223,1693218167545,1692245903255,1692245903545,1693218167944,399,290,109
224,1693218167944,1692245903657,1692245904024,1693218168428,484,367,117
225,1693218168428,1692245904159,1692245904445,1693218168849,421,286,135
226,1693218168849,1692245904555,1692245905000,1693218169397,548,445,103
227,1693218169397,1692245905114,1692245905442,1693218169840,443,328,115
228,1693218169840,1692245905554,1692245905824,1693218170219,379,270,109
229,1693218170219,1692245905920,1692245906228,1693218170620,401,308,93
230,1693218170620,1692245906329,1692245906574,1693218170973,353,245,108
231,1693218170973,1692245906679,1692245907004,1693218171382,409,325,84
232,1693218171382,1692245907098,1692245907667,1693218172092,710,569,141
233,1693218172092,1692245907790,1692245908090,1693218172479,387,300,87
234,1693218172479,1692245908178,1692245908589,1693218172959,480,411,69
235,1693218172959,1692245908675,1692245909019,1693218173407,448,344,104
236,1693218173407,1692245909116,1692245909419,1693218173804,397,303,94
237,1693218173804,1692245909524,1692245909896,1693218174287,483,372,111
238,1693218174287,1692245909998,1692245910277,1693218174675,388,279,109
239,1693218174675,1692245910386,1692245910739,1693218175143,468,353,115
240,1693218175143,1692245910876,1692245911307,1693218175692,549,431,118
241,1693218175692,1692245911393,1692245911802,1693218176168,476,409,67
242,1693218176168,1692245911891,1692245912361,1693218176767,599,470,129
243,1693218176767,1692245912479,1692245912809,1693218177193,426,330,96
244,1693218177193,1692245912922,1692245913234,1693218177631,438,312,126
245,1693218177631,1692245913335,1692245913599,1693218178006,375,264,111
246,1693218178006,1692245913727,1692245914028,1693218178427,421,301,120
247,1693218178427,1692245914159,1692245914396,1693218178799,372,237,135
248,1693218178799,1692245914512,1692245914985,1693218179368,569,473,96
249,1693218179368,1692245915074,1692245915356,1693218179717,349,282,67
250,1693218179717,1692245915423,1692245915840,1693218180227,510,417,93
251,1693218180227,1692245915944,1692245916231,1693218180632,405,287,118
252,1693218180632,1692245916369,1692245916666,1693218181065,433,297,136
253,1693218181065,1692245916770,1692245917052,1693218181421,356,282,74
254,1693218181421,1692245917134,1692245917461,1693218181855,434,327,107
255,1693218181855,1692245917565,1692245917975,1693218182363,508,410,98
256,1693218182363,1692245918101,1692245918425,1693218182930,567,324,243
257,1693218182930,1692245918624,1692245918926,1693218183309,379,302,77
258,1693218183309,1692245919004,1692245919397,1693218183755,446,393,53
259,1693218183755,1692245919463,1692245919832,1693218184230,475,369,106
260,1693218184230,1692245919952,1692245920252,1693218184647,417,300,117
261,1693218184647,1692245920375,1692245920684,1693218185066,419,309,110
262,1693218185066,1692245920766,1692245921063,1693218185453,387,297,90
263,1693218185453,1692245921152,1692245921518,1693218185902,449,366,83
264,1693218185902,1692245921617,1692245921922,1693218186358,456,305,151
265,1693218186358,1692245922057,1692245922388,1693218186786,428,331,97
266,1693218186786,1692245922502,1692245922830,1693218187226,440,328,112
267,1693218187227,1692245922956,1692245923215,1693218187623,396,259,137
268,1693218187623,1692245923344,1692245923642,1693218188100,477,298,179
269,1693218191115,1692245926831,1692245927182,1693218191587,472,351,121
270,1693218191587,1692245927290,1692245927675,1693218192053,466,385,81
271,1693218192053,1692245927770,1692245928133,1693218192532,479,363,116
272,1693218192532,1692245928264,1692245928533,1693218192971,439,269,170
273,1693218192971,1692245928702,1692245929102,1693218193494,523,400,123
274,1693218193494,1692245929216,1692245929497,1693218193978,484,281,203
275,1693218193978,1692245929667,1692245930041,1693218194433,455,374,81
276,1693218194433,1692245930172,1692245930530,1693218195205,772,358,414
277,1693218195206,1692245930918,1692245931237,1693218195689,483,319,164
278,1693218195689,1692245931421,1692245931804,1693218196191,502,383,119
279,1693218196191,1692245931928,1692245932162,1693218196565,374,234,140
280,1693218196565,1692245932278,1692245932603,1693218196994,429,325,104
281,1693218196994,1692245932704,1692245933110,1693218197510,516,406,110
282,1693218197510,1692245933211,1692245933531,1693218197922,412,320,92
283,1693218197922,1692245933633,1692245933904,1693218198270,348,271,77
284,1693218198270,1692245933966,1692245934372,1693218198758,488,406,82
285,1693218198758,1692245934470,1692245934803,1693218199187,429,333,96
286,1693218199187,1692245934928,1692245935302,1693218199688,501,374,127
287,1693218199688,1692245935405,1692245935772,1693218200155,467,367,100
288,1693218200155,1692245935856,1692245936228,1693218200597,442,372,70
289,1693218200597,1692245936305,1692245936588,1693218200994,397,283,114
290,1693218200994,1692245936710,1692245936995,1693218201397,403,285,118
291,1693218201397,1692245937100,1692245937341,1693218201717,320,241,79
292,1693218201717,1692245937435,1692245937786,1693218202170,453,351,102
293,1693218202170,1692245937884,1692245938244,1693218202670,500,360,140
294,1693218202670,1692245938373,1692245938784,1693218203169,499,411,88
295,1693218203169,1692245938885,1692245939194,1693218203592,423,309,114
296,1693218203592,1692245939311,1692245939567,1693218203975,383,256,127
297,1693218203975,1692245939685,1692245940030,1693218204405,430,345,85
298,1693218204405,1692245940111,1692245940505,1693218204880,475,394,81
299,1693218204880,1692245940594,1692245940925,1693218205313,433,331,102
300,1693218205313,1692245941016,1692245941382,1693218205746,433,366,67
301,1693218205746,1692245941454,1692245941736,1693218206119,373,282,91
302,1693218206119,1692245941843,1692245942120,1693218206523,404,277,127
303,1693218206523,1692245942225,1692245942560,1693218206962,439,335,104
304,1693218206962,1692245942670,1692245943038,1693218207409,447,368,79
305,1693218207409,1692245943118,1692245943526,1693218207996,587,408,179
306,1693218207996,1692245943700,1692245944144,1693218208523,527,444,83
307,1693218208523,1692245944239,1692245944535,1693218209035,512,296,216
308,1693218209035,1692245944764,1692245945003,1693218209444,409,239,170
309,1693218209444,1692245945150,1692245945480,1693218209935,491,330,161
310,1693218209935,1692245945683,1692245945919,1693218210335,400,236,164
311,1693218210335,1692245946049,1692245946449,1693218210829,494,400,94
312,1693218210829,1692245946548,1692245946897,1693218211284,455,349,106
313,1693218211284,1692245947014,1692245947343,1693218211731,447,329,118
314,1693218211731,1692245947441,1692245947835,1693218212218,487,394,93
315,1693218212218,1692245947920,1692245948249,1693218212610,392,329,63
316,1693218212610,1692245948322,1692245948630,1693218213014,404,308,96
317,1693218213014,1692245948735,1692245949016,1693218213425,411,281,130
318,1693218213425,1692245949146,1692245949451,1693218213848,423,305,118
319,1693218213848,1692245949574,1692245949956,1693218214344,496,382,114
320,1693218214344,1692245950066,1692245950338,1693218214752,408,272,136
321,1693218214752,1692245950449,1692245950823,1693218215236,484,374,110
322,1693218215236,1692245950975,1692245951280,1693218215656,420,305,115
323,1693218215656,1692245951396,1692245951714,1693218216115,459,318,141
324,1693218216115,1692245951823,1692245952237,1693218216612,497,414,83
325,1693218216612,1692245952334,1692245952566,1693218217028,416,232,184
326,1693218217028,1692245952729,1692245953099,1693218217484,456,370,86
327,1693218217484,1692245953224,1692245953446,1693218217855,371,222,149
328,1693218217855,1692245953564,1692245953891,1693218218262,407,327,80
329,1693218218262,1692245953987,1692245954303,1693218218692,430,316,114
330,1693218218692,1692245954407,1692245954821,1693218219208,516,414,102
331,1693218219208,1692245954941,1692245955246,1693218219674,466,305,161
332,1693218219674,1692245955402,1692245955704,1693218220103,429,302,127
333,1693218220103,1692245955836,1692245956158,1693218220557,454,322,132
334,1693218220557,1692245956272,1692245956530,1693218220913,356,258,98
335,1693218220913,1692245956642,1692245956911,1693218221314,401,269,132
336,1693218221487,1692245957184,1692245957866,1693218222239,752,682,70
337,1693218222239,1692245957961,1692245958629,1693218223064,825,668,157
338,1693218223064,1692245958771,1692245959184,1693218223562,498,413,85
339,1693218223563,1692245959286,1692245959605,1693218224046,483,319,164
340,1693218224046,1692245959758,1692245960205,1693218224591,545,447,98
341,1693218224591,1692245960302,1692245960690,1693218225130,539,388,151
342,1693218225130,1692245960862,1692245961302,1693218225691,561,440,121
343,1693218225691,1692245961403,1692245961896,1693218226321,630,493,137
344,1693218226321,1692245962035,1692245962440,1693218226829,508,405,103
345,1693218226829,1692245962528,1692245962935,1693218227347,518,407,111
346,1693218227347,1692245963061,1692245963448,1693218227821,474,387,87
347,1693218227821,1692245963532,1692245964208,1693218228597,776,676,100
348,1693218228597,1692245964320,1692245964670,1693218229057,460,350,110
349,1693218229057,1692245964790,1692245965027,1693218229428,371,237,134
350,1693218229428,1692245965147,1692245965562,1693218230020,592,415,177
351,1693218230020,1692245965718,1692245966067,1693218230451,431,349,82
352,1693218230451,1692245966186,1692245966844,1693218231238,787,658,129
353,1693218231238,1692245966951,1692245967308,1693218231690,452,357,95
354,1693218231690,1692245967422,1692245967738,1693218232137,447,316,131
355,1693218232137,1692245967857,1692245968270,1693218232663,526,413,113
356,1693218232663,1692245968383,1692245968760,1693218233144,481,377,104
357,1693218233144,1692245968855,1692245969350,1693218233802,658,495,163
358,1693218233802,1692245969506,1692245969722,1693218234113,311,216,95
359,1693218234113,1692245969815,1692245970207,1693218234578,465,392,73
360,1693218234578,1692245970280,1692245970658,1693218235094,516,378,138
361,1693218235094,1692245970811,1692245971159,1693218235550,456,348,108
362,1693218235550,1692245971263,1692245971867,1693218236256,706,604,102
363,1693218236256,1692245971972,1692245972343,1693218236725,469,371,98
364,1693218236725,1692245972443,1692245972697,1693218237187,462,254,208
365,1693218237187,1692245972884,1692245973260,1693218237629,442,376,66
366,1693218237629,1692245973381,1692245973729,1693218238115,486,348,138
367,1693218238115,1692245973850,1692245974243,1693218238653,538,393,145
368,1693218238653,1692245974357,1692245974748,1693218239115,462,391,71
369,1693218239115,1692245974818,1692245975188,1693218239565,450,370,80
370,1693218239565,1692245975300,1692245975645,1693218240047,482,345,137
371,1693218240047,1692245975778,1692245976014,1693218240413,366,236,130
372,1693218240413,1692245976123,1692245976447,1693218240855,442,324,118
373,1693218240855,1692245976607,1692245976824,1693218241295,440,217,223
374,1693218241295,1692245976997,1692245977289,1693218241651,356,292,64
375,1693218241651,1692245977383,1692245977690,1693218242082,431,307,124
376,1693218242082,1692245977797,1692245978215,1693218242619,537,418,119
377,1693218242619,1692245978357,1692245978689,1693218243088,469,332,137
378,1693218243088,1692245978806,1692245979131,1693218243520,432,325,107
379,1693218243520,1692245979240,1692245979612,1693218244006,486,372,114
380,1693218244006,1692245979728,1692245980080,1693218244472,466,352,114
381,1693218244472,1692245980179,1692245980548,1693218244928,456,369,87
382,1693218244928,1692245980622,1692245981023,1693218245390,462,401,61
383,1693218245390,1692245981117,1692245981389,1693218245790,400,272,128
384,1693218245790,1692245981492,1692245981905,1693218246277,487,413,74
385,1693218246277,1692245981997,1692245982286,1693218246677,400,289,111
386,1693218246677,1692245982376,1692245982808,1693218247187,510,432,78
387,1693218247187,1692245982926,1692245983151,1693218247572,385,225,160
388,1693218247572,1692245983313,1692245983555,1693218247955,383,242,141
389,1693218247955,1692245983665,1692245983973,1693218248360,405,308,97
390,1693218248360,1692245984086,1692245984419,1693218248828,468,333,135
391,1693218248828,1692245984535,1692245984840,1693218249226,398,305,93
392,1693218249226,1692245984954,1692245985191,1693218249598,372,237,135
393,1693218249598,1692245985320,1692245985633,1693218250066,468,313,155
394,1693218250066,1692245985768,1692245986151,1693218250544,478,383,95
395,1693218250544,1692245986246,1692245986600,1693218250993,449,354,95
396,1693218250993,1692245986696,1692245987032,1693218251419,426,336,90
397,1693218251419,1692245987123,1692245987600,1693218251976,557,477,80
398,1693218255177,1692245990890,1692245991267,1693218255681,504,377,127
399,1693218255681,1692245991381,1692245991746,1693218256131,450,365,85
400,1693218256131,1692245991831,1692245992266,1693218256744,613,435,178
401,1693218256744,1692245992487,1692245992748,1693218257163,419,261,158
402,1693218257163,1692245992877,1692245993206,1693218257595,432,329,103
403,1693218257595,1692245993305,1692245993747,1693218258135,540,442,98
404,1693218258135,1692245993843,1692245994216,1693218258693,558,373,185
405,1693218258693,1692245994390,1692245994800,1693218259185,492,410,82
406,1693218259185,1692245994936,1692245995186,1693218259615,430,250,180
407,1693218259615,1692245995337,1692245995612,1693218260009,394,275,119
408,1693218260009,1692245995706,1692245996042,1693218260417,408,336,72
409,1693218260417,1692245996126,1692245996377,1693218260780,363,251,112
410,1693218260780,1692245996503,1692245996881,1693218261264,484,378,106
411,1693218261264,1692245996996,1692245997249,1693218261659,395,253,142
412,1693218261659,1692245997367,1692245997678,1693218262065,406,311,95
413,1693218262065,1692245997792,1692245998107,1693218262502,437,315,122
414,1693218262502,1692245998220,1692245998532,1693218262979,477,312,165
415,1693218262979,1692245998713,1692245998940,1693218263407,428,227,201
416,1693218263407,1692245999117,1692245999477,1693218263860,453,360,93
417,1693218263860,1692245999566,1692245999923,1693218264307,447,357,90
418,1693218264307,1692246000009,1692246000416,1693218264787,480,407,73
419,1693218264787,1692246000479,1692246000843,1693218265249,462,364,98
420,1693218265249,1692246000980,1692246001232,1693218265650,401,252,149
421,1693218265650,1692246001362,1692246001728,1693218266121,471,366,105
422,1693218266121,1692246001857,1692246002166,1693218266562,441,309,132
423,1693218266562,1692246002292,1692246002557,1693218266964,402,265,137
424,1693218266964,1692246002686,1692246003014,1693218267403,439,328,111
425,1693218267403,1692246003121,1692246003479,1693218267875,472,358,114
426,1693218267875,1692246003618,1692246003927,1693218268302,427,309,118
427,1693218268302,1692246004033,1692246004251,1693218268660,358,218,140
428,1693218268660,1692246004359,1692246004703,1693218269079,419,344,75
429,1693218269080,1692246004790,1692246005145,1693218269530,450,355,95
430,1693218269530,1692246005239,1692246005603,1693218270043,513,364,149
431,1693218270043,1692246005759,1692246006095,1693218270474,431,336,95
432,1693218270474,1692246006192,1692246006506,1693218270975,501,314,187
433,1693218270975,1692246006698,1692246006920,1693218271368,393,222,171
434,1693218271368,1692246007084,1692246007372,1693218271784,416,288,128
435,1693218271784,1692246007533,1692246007724,1693218272139,355,191,164
436,1693218272139,1692246007848,1692246008178,1693218272575,436,330,106
437,1693218272575,1692246008283,1692246008622,1693218273010,435,339,96
438,1693218273010,1692246008744,1692246009065,1693218273442,432,321,111
439,1693218273442,1692246009159,1692246009516,1693218273937,495,357,138
440,1693218273937,1692246009635,1692246009921,1693218274284,347,286,61
441,1693218274284,1692246009992,1692246010367,1693218274747,463,375,88
442,1693218274747,1692246010468,1692246010762,1693218275141,394,294,100
443,1693218275141,1692246010852,1692246011115,1693218275513,372,263,109
444,1693218275513,1692246011230,1692246011575,1693218275962,449,345,104
445,1693218275962,1692246011677,1692246011998,1693218276392,430,321,109
446,1693218276392,1692246012099,1692246012394,1693218276808,416,295,121
447,1693218276808,1692246012517,1692246012864,1693218277259,451,347,104
448,1693218277259,1692246012972,1692246013290,1693218277725,466,318,148
449,1693218277725,1692246013444,1692246013749,1693218278143,418,305,113
450,1693218278143,1692246013871,1692246014177,1693218278575,432,306,126
451,1693218278575,1692246014279,1692246014630,1693218279020,445,351,94
452,1693218279020,1692246014736,1692246015002,1693218279402,382,266,116
453,1693218279402,1692246015108,1692246015426,1693218279815,413,318,95
454,1693218279815,1692246015524,1692246015807,1693218280189,374,283,91
455,1693218280189,1692246015905,1692246016218,1693218280605,416,313,103
456,1693218280605,1692246016299,1692246016592,1693218280998,393,293,100
457,1693218280998,1692246016690,1692246016835,1693218281180,182,145,37
458,1693218281180,1692246016888,1692246017303,1693218281721,541,415,126
459,1693218281721,1692246017436,1692246017751,1693218282156,435,315,120
460,1693218282156,1692246017866,1692246018262,1693218282746,590,396,194
461,1693218282746,1692246018470,1692246018764,1693218283152,406,294,112
462,1693218283152,1692246018857,1692246019249,1693218283623,471,392,79
463,1693218283623,1692246019357,1692246019581,1693218283984,361,224,137
464,1693218283984,1692246019702,1692246020016,1693218284406,422,314,108
465,1693218284406,1692246020137,1692246020349,1693218284811,405,212,193
466,1693218284811,1692246020530,1692246020953,1693218285340,529,423,106
467,1693218285515,1692246021225,1692246021922,1693218286341,826,697,129
468,1693218286342,1692246022061,1692246022762,1693218287165,823,701,122
469,1693218287165,1692246022880,1692246023227,1693218287624,459,347,112
470,1693218287624,1692246023326,1692246023761,1693218288159,535,435,100
471,1693218288159,1692246023846,1692246024034,1693218288381,222,188,34
472,1693218288381,1692246024115,1692246024399,1693218288801,420,284,136
473,1693218288801,1692246024507,1692246025148,1693218289549,748,641,107
474,1693218289549,1692246025265,1692246025639,1693218290042,493,374,119
475,1693218290042,1692246025747,1692246026085,1693218290461,419,338,81
476,1693218290461,1692246026187,1692246026551,1693218290937,476,364,112
477,1693218290937,1692246026668,1692246027089,1693218291492,555,421,134
478,1693218291492,1692246027208,1692246027912,1693218292309,817,704,113
479,1693218292309,1692246028032,1692246028356,1693218292747,438,324,114
480,1693218292747,1692246028476,1692246028743,1693218293158,411,267,144
481,1693218293158,1692246028862,1692246029170,1693218293561,403,308,95
482,1693218293561,1692246029284,1692246029811,1693218294207,646,527,119
483,1693218294207,1692246029906,1692246030351,1693218294737,530,445,85
484,1693218294737,1692246030458,1692246030844,1693218295264,527,386,141
485,1693218295264,1692246030988,1692246031324,1693218295744,480,336,144
486,1693218295744,1692246031460,1692246031789,1693218296183,439,329,110
487,1693218296183,1692246031897,1692246032267,1693218296647,464,370,94
488,1693218296647,1692246032378,1692246032743,1693218297150,503,365,138
489,1693218297150,1692246032848,1692246033193,1693218297563,413,345,68
490,1693218297563,1692246033276,1692246033647,1693218298098,535,371,164
491,1693218298098,1692246033803,1692246034222,1693218298593,495,419,76
492,1693218298593,1692246034310,1692246034667,1693218299057,464,357,107
493,1693218299057,1692246034767,1692246035173,1693218299559,502,406,96
494,1693218299559,1692246035281,1692246035665,1693218300071,512,384,128
495,1693218300071,1692246035794,1692246036129,1693218300519,448,335,113
496,1693218300519,1692246036235,1692246036539,1693218300975,456,304,152
497,1693218300975,1692246036691,1692246037076,1693218301465,490,385,105
498,1693218301465,1692246037187,1692246037541,1693218301988,523,354,169
499,1693218301988,1692246037709,1692246037960,1693218302354,366,251,115
500,1693218302354,1692246038070,1692246038450,1693218302825,471,380,91
501,1693218302825,1692246038533,1692246038832,1693218303210,385,299,86
502,1693218303210,1692246038926,1692246039235,1693218303643,433,309,124
503,1693218303643,1692246039358,1692246039595,1693218304030,387,237,150
504,1693218304030,1692246039746,1692246040225,1693218304662,632,479,153
505,1693218304662,1692246040374,1692246040767,1693218305156,494,393,101
506,1693218305156,1692246040879,1692246041119,1693218305522,366,240,126
507,1693218305522,1692246041232,1692246041593,1693218305973,451,361,90
508,1693218305973,1692246041702,1692246041956,1693218306364,391,254,137
509,1693218306364,1692246042056,1692246042500,1693218306886,522,444,78
510,1693218306886,1692246042595,1692246042976,1693218307364,478,381,97
511,1693218307364,1692246043083,1692246043406,1693218307798,434,323,111
512,1693218307798,1692246043509,1692246043853,1693218308245,447,344,103
513,1693218308245,1692246043950,1692246044301,1693218308675,430,351,79
514,1693218308675,1692246044401,1692246044643,1693218309046,371,242,129
515,1693218309046,1692246044753,1692246045191,1693218309572,526,438,88
516,1693218309572,1692246045296,1692246045564,1693218309967,395,268,127
517,1693218309967,1692246045686,1692246046090,1693218310469,502,404,98
518,1693218310469,1692246046194,1692246046490,1693218310888,419,296,123
519,1693218310888,1692246046590,1692246046980,1693218311395,507,390,117
520,1693218311395,1692246047115,1692246047432,1693218311832,437,317,120
521,1693218311832,1692246047535,1692246047901,1693218312335,503,366,137
522,1693218312335,1692246048041,1692246048423,1693218312798,463,382,81
523,1693218312798,1692246048515,1692246048915,1693218313297,499,400,99
524,1693218313298,1692246049012,1692246049461,1693218313846,548,449,99
525,1693218313846,1692246049579,1692246049829,1693218314235,389,250,139
526,1693218314235,1692246049956,1692246050236,1693218314667,432,280,152
527,1693218314667,1692246050377,1692246050746,1693218315228,561,369,192
528,1693218315228,1692246050927,1692246051306,1693218315708,480,379,101
529,1693218318728,1692246054428,1692246054697,1693218319076,348,269,79
530,1693218319076,1692246054798,1692246055093,1693218319500,424,295,129
531,1693218319500,1692246055229,1692246055584,1693218319981,481,355,126
532,1693218319981,1692246055681,1692246056027,1693218320413,432,346,86
533,1693218320413,1692246056125,1692246056514,1693218320899,486,389,97
534,1693218320899,1692246056602,1692246056936,1693218321321,422,334,88
535,1693218321321,1692246057015,1692246057286,1693218321636,315,271,44
536,1693218321636,1692246057355,1692246057671,1693218322067,431,316,115
537,1693218322067,1692246057773,1692246058149,1693218322552,485,376,109
538,1693218322552,1692246058253,1692246058591,1693218322982,430,338,92
539,1693218322982,1692246058694,1692246059058,1693218323446,464,364,100
540,1693218323446,1692246059178,1692246059423,1693218323833,387,245,142
541,1693218323833,1692246059536,1692246059982,1693218324379,546,446,100
542,1693218324380,1692246060112,1692246060310,1693218324729,349,198,151
543,1693218324729,1692246060449,1692246060768,1693218325168,439,319,120
544,1693218325168,1692246060898,1692246061234,1693218325625,457,336,121
545,1693218325625,1692246061350,1692246061622,1693218326080,455,272,183
546,1693218326080,1692246061793,1692246062173,1693218326559,479,380,99
547,1693218326559,1692246062305,1692246062537,1693218326940,381,232,149
548,1693218326940,1692246062677,1692246062943,1693218327407,467,266,201
549,1693218327407,1692246063113,1692246063478,1693218327875,468,365,103
550,1693218327875,1692246063607,1692246063823,1693218328234,359,216,143
551,1693218328234,1692246063962,1692246064260,1693218328649,415,298,117
552,1693218328649,1692246064356,1692246064721,1693218329089,440,365,75
553,1693218329089,1692246064800,1692246065098,1693218329499,410,298,112
554,1693218329499,1692246065225,1692246065494,1693218329891,392,269,123
555,1693218329891,1692246065620,1692246065933,1693218330348,457,313,144
556,1693218330348,1692246066056,1692246066406,1693218330785,437,350,87
557,1693218330785,1692246066492,1692246066808,1693218331200,415,316,99
558,1693218331200,1692246066914,1692246067215,1693218331610,410,301,109
559,1693218331610,1692246067328,1692246067674,1693218332090,480,346,134
560,1693218332090,1692246067805,1692246068056,1693218332447,357,251,106
561,1693218332447,1692246068185,1692246068413,1693218332823,376,228,148
562,1693218332823,1692246068531,1692246068908,1693218333293,470,377,93
563,1693218333293,1692246069008,1692246069345,1693218333733,440,337,103
564,1693218333733,1692246069439,1692246069752,1693218334128,395,313,82
565,1693218334128,1692246069853,1692246070110,1693218334511,383,257,126
566,1693218334511,1692246070216,1692246070617,1693218335061,550,401,149
567,1693218335061,1692246070776,1692246071069,1693218335468,407,293,114
568,1693218335468,1692246071206,1692246071405,1693218335814,346,199,147
569,1693218335814,1692246071512,1692246071878,1693218336255,441,366,75
570,1693218336255,1692246071980,1692246072289,1693218336688,433,309,124
571,1693218336689,1692246072403,1692246072690,1693218337108,419,287,132
572,1693218337108,1692246072817,1692246073138,1693218337526,418,321,97
573,1693218337526,1692246073270,1692246073547,1693218337956,430,277,153
574,1693218337956,1692246073664,1692246073964,1693218338359,403,300,103
575,1693218338359,1692246074082,1692246074343,1693218338747,388,261,127
576,1693218338747,1692246074464,1692246074807,1693218339193,446,343,103
577,1693218339193,1692246074906,1692246075192,1693218339603,410,286,124
578,1693218339603,1692246075309,1692246075548,1693218339967,364,239,125
579,1693218339967,1692246075722,1692246076075,1693218340472,505,353,152
580,1693218340472,1692246076213,1692246076506,1693218340899,427,293,134
581,1693218340899,1692246076613,1692246076995,1693218341404,505,382,123
582,1693218341404,1692246077135,1692246077491,1693218341861,457,356,101
583,1693218341861,1692246077600,1692246077899,1693218342296,435,299,136
584,1693218342296,1692246078012,1692246078467,1693218342895,599,455,144
585,1693218342895,1692246078636,1692246078970,1693218343364,469,334,135
586,1693218343364,1692246079063,1692246079456,1693218343814,450,393,57
587,1693218343814,1692246079532,1692246079913,1693218344285,471,381,90
588,1693218344285,1692246080018,1692246080273,1693218344707,422,255,167
589,1693218344707,1692246080418,1692246080620,1693218345213,506,202,304
590,1693218345213,1692246080928,1692246081268,1693218345699,486,340,146
591,1693218345699,1692246081424,1692246081723,1693218346121,422,299,123
592,1693218346121,1692246081839,1692246082140,1693218346540,419,301,118
593,1693218346540,1692246082265,1692246082561,1693218346943,403,296,107
594,1693218346943,1692246082660,1692246082954,1693218347343,400,294,106
595,1693218347343,1692246083059,1692246083425,1693218347874,531,366,165
596,1693218347874,1692246083581,1692246083936,1693218348319,445,355,90
597,1693218348319,1692246084029,1692246084367,1693218348784,465,338,127
598,1693218348957,1692246084670,1692246085231,1693218349611,654,561,93
599,1693218349611,1692246085323,1692246085948,1693218350344,733,625,108
600,1693218350344,1692246086069,1692246086375,1693218350788,444,306,138
601,1693218350789,1692246086512,1692246086792,1693218351161,372,280,92
602,1693218351161,1692246086863,1692246087195,1693218351569,408,332,76
603,1693218351569,1692246087281,1692246087547,1693218351938,369,266,103
604,1693218351938,1692246087665,1692246087990,1693218352383,445,325,120
605,1693218352383,1692246088099,1692246088503,1693218352899,516,404,112
606,1693218352899,1692246088624,1692246089151,1693218353552,653,527,126
607,1693218353552,1692246089277,1692246089592,1693218353982,430,315,115
608,1693218353982,1692246089694,1692246090039,1693218354428,446,345,101
609,1693218354428,1692246090119,1692246090339,1693218354702,274,220,54
610,1693218354702,1692246090477,1692246091023,1693218355405,703,546,157
611,1693218355405,1692246091139,1692246091610,1693218356065,660,471,189
612,1693218356065,1692246091770,1692246092081,1693218356471,406,311,95
613,1693218356471,1692246092199,1692246092417,1693218356819,348,218,130
614,1693218356819,1692246092534,1692246092843,1693218357226,407,309,98
615,1693218357226,1692246092953,1692246093266,1693218357710,484,313,171
616,1693218357711,1692246093450,1692246093821,1693218358222,511,371,140
617,1693218358222,1692246093922,1692246094304,1693218358673,451,382,69
618,1693218358674,1692246094393,1692246094680,1693218359105,431,287,144
619,1693218359105,1692246094831,1692246095080,1693218359479,374,249,125
620,1693218359479,1692246095200,1692246095477,1693218359873,394,277,117
621,1693218359873,1692246095569,1692246096010,1693218360382,509,441,68
622,1693218360382,1692246096109,1692246096427,1693218360828,446,318,128
623,1693218360828,1692246096527,1692246096987,1693218361366,538,460,78
624,1693218361366,1692246097072,1692246097448,1693218361814,448,376,72
625,1693218361814,1692246097547,1692246097831,1693218362229,415,284,131
626,1693218362229,1692246097938,1692246098230,1693218362595,366,292,74
627,1693218362595,1692246098292,1692246098641,1693218363017,422,349,73
628,1693218363017,1692246098749,1692246098976,1693218363382,365,227,138
629,1693218363382,1692246099086,1692246099514,1693218363931,549,428,121
630,1693218363931,1692246099645,1692246100048,1693218364423,492,403,89
631,1693218364423,1692246100129,1692246100450,1693218364840,417,321,96
632,1693218364840,1692246100566,1692246100914,1693218365300,460,348,112
633,1693218365300,1692246101032,1692246101267,1693218365698,398,235,163
634,1693218365698,1692246101410,1692246101729,1693218366104,406,319,87
635,1693218366104,1692246101814,1692246102215,1693218366598,494,401,93
636,1693218366598,1692246102315,1692246102576,1693218367022,424,261,163
637,1693218367023,1692246102725,1692246103048,1693218367424,401,323,78
638,1693218367424,1692246103139,1692246103515,1693218367903,479,376,103
639,1693218367903,1692246103606,1692246104060,1693218368443,540,454,86
640,1693218368443,1692246104165,1692246104462,1693218368882,439,297,142
641,1693218368882,1692246104602,1692246104940,1693218369362,480,338,142
642,1693218369362,1692246105074,1692246105357,1693218369741,379,283,96
643,1693218369741,1692246105469,1692246105787,1693218370197,456,318,138
644,1693218370197,1692246105943,1692246106199,1693218370609,412,256,156
645,1693218370609,1692246106330,1692246106574,1693218370986,377,244,133
646,1693218370986,1692246106691,1692246107119,1693218371517,531,428,103
647,1693218371517,1692246107220,1692246107525,1693218371930,413,305,108
648,1693218371930,1692246107633,1692246108013,1693218372385,455,380,75
649,1693218372385,1692246108098,1692246108473,1693218372860,475,375,100
650,1693218372860,1692246108583,1692246108889,1693218373283,423,306,117
651,1693218373283,1692246109005,1692246109334,1693218373739,456,329,127
652,1693218373739,1692246109454,1692246109797,1693218374189,450,343,107
653,1693218374189,1692246109912,1692246110172,1693218374599,410,260,150
654,1693218374599,1692246110308,1692246110609,1693218375023,424,301,123
655,1693218375023,1692246110890,1692246111198,1693218375602,579,308,271
656,1693218375602,1692246111334,1692246111562,1693218375976,374,228,146
657,1693218375976,1692246111693,1692246112030,1693218376413,437,337,100
658,1693218376413,1692246112128,1692246112474,1693218376855,442,346,96
659,1693218376855,1692246112589,1692246112830,1693218377235,380,241,139
660,1693218377235,1692246112936,1692246113390,1693218377784,549,454,95
661,1693218377784,1692246113509,1692246113825,1693218378222,438,316,122
662,1693218378222,1692246113937,1692246114322,1693218378701,479,385,94
663,1693218378701,1692246114407,1692246114845,1693218379218,517,438,79
664,1693218382243,1692246117959,1692246118360,1693218382758,515,401,114
665,1693218382758,1692246118476,1692246118730,1693218383141,383,254,129
666,1693218383141,1692246118861,1692246119162,1693218383564,423,301,122
667,1693218383564,1692246119275,1692246119645,1693218384092,528,370,158
668,1693218384092,1692246119821,1692246120119,1693218384524,432,298,134
669,1693218384524,1692246120237,1692246120507,1693218384906,382,270,112
670,1693218384906,1692246120659,1692246120916,1693218385332,426,257,169
671,1693218385332,1692246121055,1692246121466,1693218385852,520,411,109
672,1693218385852,1692246121578,1692246121863,1693218386261,409,285,124
673,1693218386261,1692246122008,1692246122300,1693218386700,439,292,147
674,1693218386701,1692246122417,1692246122731,1693218387125,424,314,110
675,1693218387126,1692246122827,1692246123094,1693218387469,343,267,76
676,1693218387469,1692246123202,1692246123437,1693218387868,399,235,164
677,1693218387868,1692246123580,1692246123876,1693218388249,381,296,85
678,1693218388249,1692246123968,1692246124270,1693218388728,479,302,177
679,1693218388728,1692246124438,1692246124786,1693218389176,448,348,100
680,1693218389176,1692246124884,1692246125253,1693218389629,453,369,84
681,1693218389629,1692246125368,1692246125587,1693218389996,367,219,148
682,1693218389996,1692246125709,1692246126123,1693218390512,516,414,102
683,1693218390512,1692246126256,1692246126445,1693218390868,356,189,167
684,1693218390868,1692246126585,1692246126965,1693218391363,495,380,115
685,1693218391363,1692246127085,1692246127399,1693218391793,430,314,116
686,1693218391793,1692246127500,1692246127786,1693218392157,364,286,78
687,1693218392157,1692246127865,1692246128129,1693218392495,338,264,74
688,1693218392495,1692246128209,1692246128544,1693218392935,440,335,105
689,1693218392935,1692246128651,1692246128987,1693218393382,447,336,111
690,1693218393382,1692246129100,1692246129409,1693218393812,430,309,121
691,1693218393812,1692246129535,1692246129739,1693218394134,322,204,118
692,1693218394134,1692246129833,1692246130142,1693218394533,399,309,90
693,1693218394533,1692246130232,1692246130590,1693218394972,439,358,81
694,1693218394972,1692246130710,1692246130927,1693218395321,349,217,132
695,1693218395321,1692246131038,1692246131355,1693218395751,430,317,113
696,1693218395751,1692246131480,1692246131784,1693218396180,429,304,125
697,1693218396180,1692246131884,1692246132253,1693218396632,452,369,83
698,1693218396632,1692246132368,1692246132584,1693218397003,371,216,155
699,1693218397003,1692246132718,1692246133062,1693218397449,446,344,102
700,1693218397449,1692246133168,1692246133454,1693218397828,379,286,93
701,1693218397828,1692246133529,1692246133704,1693218398051,223,175,48
702,1693218398051,1692246133759,1692246134254,1693218398635,584,495,89
703,1693218398635,1692246134338,1692246134565,1693218398929,294,227,67
704,1693218398929,1692246134634,1692246134943,1693218399335,406,309,97
705,1693218399335,1692246135044,1692246135375,1693218399756,421,331,90
706,1693218399756,1692246135466,1692246135856,1693218400244,488,390,98
707,1693218400244,1692246135979,1692246136194,1693218400609,365,215,150
708,1693218400609,1692246136346,1692246136595,1693218401028,419,249,170
709,1693218401028,1692246136737,1692246137114,1693218401499,471,377,94
710,1693218401499,1692246137187,1692246137537,1693218401909,410,350,60
711,1693218401909,1692246137618,1692246137953,1693218402333,424,335,89
712,1693218402333,1692246138052,1692246138375,1693218402797,464,323,141
713,1693218402797,1692246138526,1692246138930,1693218403317,520,404,116
714,1693218403317,1692246139030,1692246139331,1693218403713,396,301,95
715,1693218403713,1692246139439,1692246139730,1693218404093,380,291,89
716,1693218404093,1692246139805,1692246140170,1693218404560,467,365,102
717,1693218404560,1692246140265,1692246140621,1693218405007,447,356,91
718,1693218405007,1692246140737,1692246140991,1693218405457,450,254,196
719,1693218405457,1692246141183,1692246141405,1693218405806,349,222,127
720,1693218405806,1692246141513,1692246141805,1693218406196,390,292,98
721,1693218406196,1692246141899,1692246142238,1693218406612,416,339,77
722,1693218406612,1692246142333,1692246142684,1693218407090,478,351,127
723,1693218407090,1692246142804,1692246143128,1693218407550,460,324,136
724,1693218407550,1692246143253,1692246143646,1693218408066,516,393,123
725,1693218408066,1692246143789,1692246144073,1693218408473,407,284,123
726,1693218408473,1692246144192,1692246144385,1693218408761,288,193,95
727,1693218408761,1692246144470,1692246144906,1693218409286,525,436,89
728,1693218409286,1692246144997,1692246145388,1693218409771,485,391,94
729,1693218409771,1692246145490,1692246145790,1693218410177,406,300,106
730,1693218410177,1692246145884,1692246146195,1693218410573,396,311,85
731,1693218410573,1692246146284,1692246146688,1693218411078,505,404,101
732,1693218411078,1692246146851,1692246147112,1693218411527,449,261,188
733,1693218411527,1692246147234,1692246147559,1693218411955,428,325,103
734,1693218411955,1692246147684,1692246148016,1693218412401,446,332,114
735,1693218412575,1692246148306,1692246148723,1693218413136,561,417,144
736,1693218413136,1692246148852,1692246149363,1693218413762,626,511,115
737,1693218413762,1692246149476,1692246149999,1693218414381,619,523,96
738,1693218414381,1692246150087,1692246150457,1693218414935,554,370,184
739,1693218414935,1692246150646,1692246150879,1693218415252,317,233,84
740,1693218415252,1692246150969,1692246151347,1693218415750,498,378,120
741,1693218415750,1692246151464,1692246152119,1693218416508,758,655,103
742,1693218416508,1692246152220,1692246152628,1693218417004,496,408,88
743,1693218417004,1692246152710,1692246153065,1693218417459,455,355,100
744,1693218417459,1692246153162,1692246153459,1693218417844,385,297,88
745,1693218417844,1692246153549,1692246153968,1693218418344,500,419,81
746,1693218418344,1692246154081,1692246154316,1693218418712,368,235,133
747,1693218418712,1692246154416,1692246154985,1693218419347,635,569,66
748,1693218419347,1692246155064,1692246155422,1693218419855,508,358,150
749,1693218419855,1692246155569,1692246155835,1693218420221,366,266,100
750,1693218420221,1692246155946,1692246156215,1693218420608,387,269,118
751,1693218420608,1692246156323,1692246156599,1693218420957,349,276,73
752,1693218420957,1692246156653,1692246157291,1693218421681,724,638,86
753,1693218421681,1692246157380,1692246157614,1693218421993,312,234,78
754,1693218421993,1692246157704,1692246157992,1693218422367,374,288,86
755,1693218422367,1692246158088,1692246158449,1693218422833,466,361,105
756,1693218422833,1692246158539,1692246158947,1693218423350,517,408,109
757,1693218423350,1692246159069,1692246159475,1693218423858,508,406,102
758,1693218423858,1692246159578,1692246159803,1693218424190,332,225,107
759,1693218424190,1692246159918,1692246160210,1693218424603,413,292,121
760,1693218424603,1692246160339,1692246160555,1693218424963,360,216,144
761,1693218424963,1692246160691,1692246160997,1693218425390,427,306,121
762,1693218425390,1692246161121,1692246161358,1693218425768,378,237,141
763,1693218425768,1692246161472,1692246161895,1693218426289,521,423,98
764,1693218426289,1692246162001,1692246162359,1693218426740,451,358,93
765,1693218426740,1692246162451,1692246162828,1693218427217,477,377,100
766,1693218427217,1692246162939,1692246163303,1693218427680,463,364,99
767,1693218427680,1692246163394,1692246163830,1693218428223,543,436,107
768,1693218428223,1692246163919,1692246164288,1693218428660,437,369,68
769,1693218428660,1692246164400,1692246164644,1693218429050,390,244,146
770,1693218429050,1692246164777,1692246165054,1693218429432,382,277,105
771,1693218429433,1692246165162,1692246165527,1693218429921,488,365,123
772,1693218429921,1692246165647,1692246165885,1693218430305,384,238,146
773,1693218430305,1692246166025,1692246166425,1693218430805,500,400,100
774,1693218430805,1692246166520,1692246166931,1693218431315,510,411,99
775,1693218431315,1692246167023,1692246167404,1693218431774,459,381,78
776,1693218431774,1692246167482,1692246167888,1693218432263,489,406,83
777,1693218432263,1692246167987,1692246168290,1693218432735,472,303,169
778,1693218432735,1692246168458,1692246168733,1693218433136,401,275,126
779,1693218433136,1692246168841,1692246169225,1693218433598,462,384,78
780,1693218433598,1692246169327,1692246169591,1693218433986,388,264,124
781,1693218433986,1692246169694,1692246169933,1693218434392,406,239,167
782,1693218434393,1692246170103,1692246170445,1693218434835,442,342,100
783,1693218434835,1692246170549,1692246170973,1693218435365,530,424,106
784,1693218435365,1692246171108,1692246171373,1693218435761,396,265,131
785,1693218435761,1692246171466,1692246171834,1693218436223,462,368,94
786,1693218436224,1692246171938,1692246172319,1693218436709,485,381,104
787,1693218436709,1692246172432,1692246172815,1693218437190,481,383,98
788,1693218437190,1692246172912,1692246173281,1693218437691,501,369,132
789,1693218437691,1692246173428,1692246173645,1693218438050,359,217,142
790,1693218438050,1692246173768,1692246174056,1693218438489,439,288,151
791,1693218438489,1692246174209,1692246174552,1693218439000,511,343,168
792,1693218439000,1692246174718,1692246175140,1693218439621,621,422,199
793,1693218439621,1692246175328,1692246175590,1693218440005,384,262,122
794,1693218440005,1692246175751,1692246176134,1693218440510,505,383,122
795,1693218440510,1692246176260,1692246176559,1693218441170,660,299,361
796,1693218441170,1692246177054,1692246177333,1693218441725,555,279,276
797,1693218441725,1692246177445,1692246177776,1693218442166,441,331,110
798,1693218442166,1692246177870,1692246178305,1693218442678,512,435,77
799,1693218445694,1692246181442,1692246181664,1693218446086,392,222,170
800,1693218446086,1692246181827,1692246182057,1693218446469,383,230,153
801,1693218446469,1692246182198,1692246182441,1693218446843,374,243,131
802,1693218446843,1692246182639,1692246182847,1693218447322,479,208,271
803,1693218447322,1692246183012,1692246183348,1693218447730,408,336,72
804,1693218447730,1692246183470,1692246183695,1693218448090,360,225,135
805,1693218448090,1692246183802,1692246184220,1693218448607,517,418,99
806,1693218448607,1692246184313,1692246184628,1693218449013,406,315,91
807,1693218449013,1692246184755,1692246184973,1693218449405,392,218,174
808,1693218449405,1692246185132,1692246185379,1693218449783,378,247,131
809,1693218449783,1692246185499,1692246185822,1693218450210,427,323,104
810,1693218450210,1692246185937,1692246186242,1693218450682,472,305,167
811,1693218450682,1692246186399,1692246186751,1693218451186,504,352,152
812,1693218451186,1692246186906,1692246187179,1693218451605,419,273,146
813,1693218451605,1692246187317,1692246187691,1693218452077,472,374,98
814,1693218452077,1692246187807,1692246188048,1693218452451,374,241,133
815,1693218452451,1692246188162,1692246188562,1693218452931,480,400,80
816,1693218452931,1692246188651,1692246188895,1693218453285,354,244,110
817,1693218453285,1692246188989,1692246189316,1693218453743,458,327,131
818,1693218453743,1692246189460,1692246189763,1693218454150,407,303,104
819,1693218454150,1692246189871,1692246190173,1693218454548,398,302,96
820,1693218454548,1692246190267,1692246190585,1693218454972,424,318,106
821,1693218454972,1692246190688,1692246190956,1693218455379,407,268,139
822,1693218455379,1692246191095,1692246191492,1693218455885,506,397,109
823,1693218455885,1692246191599,1692246191951,1693218456328,443,352,91
824,1693218456328,1692246192045,1692246192268,1693218456650,322,223,99
825,1693218456651,1692246192361,1692246192771,1693218457147,496,410,86
826,1693218457147,1692246192861,1692246193114,1693218457536,389,253,136
827,1693218457536,1692246193256,1692246193559,1693218457967,431,303,128
828,1693218457967,1692246193672,1692246194013,1693218458393,426,341,85
829,1693218458393,1692246194099,1692246194447,1693218458858,465,348,117
830,1693218458858,1692246194595,1692246194818,1693218459227,369,223,146
831,1693218459227,1692246194970,1692246195283,1693218459704,477,313,164
832,1693218459704,1692246195426,1692246195722,1693218460105,401,296,105
833,1693218460105,1692246195813,1692246196282,1693218460654,549,469,80
834,1693218460654,1692246196363,1692246196654,1693218461029,375,291,84
835,1693218461029,1692246196742,1692246197062,1693218461446,417,320,97
836,1693218461446,1692246197170,1692246197452,1693218461843,397,282,115
837,1693218461843,1692246197567,1692246197893,1693218462285,442,326,116
838,1693218462285,1692246198016,1692246198346,1693218462757,472,330,142
839,1693218462757,1692246198478,1692246198778,1693218463172,415,300,115
840,1693218463172,1692246198884,1692246199292,1693218463668,496,408,88
841,1693218463668,1692246199365,1692246199832,1693218464197,529,467,62
842,1693218464197,1692246199929,1692246200145,1693218464549,352,216,136
843,1693218464549,1692246200252,1692246200601,1693218464981,432,349,83
844,1693218464981,1692246200698,1692246201011,1693218465450,469,313,156
845,1693218465450,1692246201178,1692246201527,1693218465922,472,349,123
846,1693218465922,1692246201632,1692246202065,1693218466442,520,433,87
847,1693218466442,1692246202164,1692246202489,1693218466891,449,325,124
848,1693218466891,1692246202598,1692246202969,1693218467343,452,371,81
849,1693218467343,1692246203070,1692246203312,1693218467708,365,242,123
850,1693218467708,1692246203416,1692246203836,1693218468214,506,420,86
851,1693218468214,1692246203940,1692246204210,1693218468616,402,270,132
852,1693218468616,1692246204336,1692246204713,1693218469102,486,377,109
853,1693218469102,1692246204821,1692246205048,1693218469455,353,227,126
854,1693218469455,1692246205159,1692246205493,1693218469893,438,334,104
855,1693218469893,1692246205602,1692246205985,1693218470360,467,383,84
856,1693218470360,1692246206094,1692246206348,1693218470752,392,254,138
857,1693218470752,1692246206469,1692246206789,1693218471172,420,320,100
858,1693218471172,1692246206896,1692246207207,1693218471585,413,311,102
859,1693218471585,1692246207316,1692246207673,1693218472053,468,357,111
860,1693218472053,1692246207757,1692246208126,1693218472490,437,369,68
861,1693218472490,1692246208200,1692246208525,1693218472909,419,325,94
862,1693218472909,1692246208619,1692246208920,1693218473306,397,301,96
863,1693218473306,1692246209025,1692246209395,1693218473774,468,370,98
864,1693218473774,1692246209486,1692246209771,1693218474170,396,285,111
865,1693218474170,1692246209910,1692246210247,1693218474642,472,337,135
866,1693218474642,1692246210357,1692246210723,1693218475151,509,366,143
867,1693218475151,1692246210886,1692246211163,1693218475572,421,277,144
868,1693218475572,1692246211296,1692246211584,1693218475988,416,288,128
869,1693218476164,1692246211887,1692246212292,1693218476692,528,405,123
870,1693218476692,1692246212403,1692246212836,1693218477211,519,433,86
871,1693218477211,1692246212938,1692246213435,1693218477833,622,497,125
872,1693218477833,1692246213557,1692246213908,1693218478322,489,351,138
873,1693218478322,1692246214030,1692246214477,1693218478930,608,447,161
874,1693218478930,1692246214619,1692246214729,1693218479063,133,110,23
875,1693218479064,1692246214790,1692246215129,1693218479524,460,339,121
876,1693218479524,1692246215239,1692246215620,1693218480010,486,381,105
877,1693218480010,1692246215711,1692246216252,1693218480676,666,541,125
878,1693218480676,1692246216396,1692246216699,1693218481098,422,303,119
879,1693218481098,1692246216810,1692246217175,1693218481571,473,365,108
880,1693218481571,1692246217306,1692246217748,1693218482213,642,442,200
881,1693218482213,1692246217924,1692246218468,1693218482927,714,544,170
882,1693218482927,1692246218641,1692246218962,1693218483353,426,321,105
883,1693218483353,1692246219054,1692246219425,1693218483818,465,371,94
884,1693218483818,1692246219521,1692246219928,1693218484359,541,407,134
885,1693218484359,1692246220096,1692246220300,1693218484757,398,204,194
886,1693218484758,1692246220476,1692246220943,1693218485315,557,467,90
887,1693218485315,1692246221049,1692246221332,1693218485728,413,283,130
888,1693218485728,1692246221445,1692246221868,1693218486244,516,423,93
889,1693218486244,1692246221947,1692246222378,1693218486745,501,431,70
890,1693218486745,1692246222464,1692246222803,1693218487201,456,339,117
891,1693218487201,1692246222931,1692246223206,1693218487616,415,275,140
892,1693218487616,1692246223343,1692246223621,1693218488020,404,278,126
893,1693218488020,1692246223746,1692246224043,1693218488420,400,297,103
894,1693218488420,1692246224138,1692246224537,1693218488922,502,399,103
895,1693218488922,1692246224653,1692246224903,1693218489308,386,250,136
896,1693218489308,1692246225027,1692246225526,1693218489898,590,499,91
897,1693218489898,1692246225624,1692246225875,1693218490290,392,251,141
898,1693218490290,1692246225995,1692246226341,1693218490808,518,346,172
899,1693218490808,1692246226547,1692246226753,1693218491183,375,206,169
900,1693218491183,1692246226900,1692246227160,1693218491560,377,260,117
901,1693218491560,1692246227276,1692246227583,1693218491964,404,307,97
902,1693218491964,1692246227684,1692246228017,1693218492405,441,333,108
903,1693218492405,1692246228135,1692246228423,1693218492867,462,288,174
904,1693218492867,1692246228582,1692246228933,1693218493364,497,351,146
905,1693218493364,1692246229084,1692246229393,1693218493792,428,309,119
906,1693218493792,1692246229508,1692246229816,1693218494297,505,308,197
907,1693218494297,1692246230011,1692246230367,1693218494809,512,356,156
908,1693218494809,1692246230527,1692246230864,1693218495535,726,337,389
909,1693218495535,1692246231290,1692246231597,1693218495992,457,307,150
910,1693218495992,1692246231723,1692246232105,1693218496484,492,382,110
911,1693218496484,1692246232229,1692246232545,1693218496945,461,316,145
912,1693218496946,1692246232650,1692246233056,1693218497430,484,406,78
913,1693218497430,1692246233136,1692246233480,1693218497878,448,344,104
914,1693218497878,1692246233595,1692246233857,1693218498295,417,262,155
915,1693218498295,1692246234030,1692246234351,1693218498736,441,321,120
916,1693218498736,1692246234452,1692246234832,1693218499305,569,380,189
917,1693218499305,1692246235037,1692246235386,1693218499772,467,349,118
918,1693218499772,1692246235534,1692246235806,1693218500207,435,272,163
919,1693218500207,1692246235926,1692246236333,1693218500721,514,407,107
920,1693218500721,1692246236441,1692246236766,1693218501157,436,325,111
921,1693218501157,1692246236887,1692246237201,1693218501601,444,314,130
922,1693218501601,1692246237337,1692246237589,1693218502002,401,252,149
923,1693218502002,1692246237706,1692246237941,1693218502311,309,235,74
924,1693218502311,1692246238014,1692246238419,1693218502801,490,405,85
925,1693218502801,1692246238601,1692246238827,1693218503233,432,226,206
926,1693218503233,1692246238951,1692246239278,1693218503674,441,327,114
927,1693218503674,1692246239381,1692246239805,1693218504190,516,424,92
928,1693218504190,1692246239895,1692246240325,1693218504736,546,430,116
929,1693218504736,1692246240447,1692246240818,1693218505197,461,371,90
930,1693218505197,1692246240936,1692246241322,1693218505778,581,386,195
931,1693218505778,1692246241508,1692246241766,1693218506168,390,258,132
932,1693218509190,1692246244912,1692246245243,1693218509640,450,331,119
933,1693218509640,1692246245371,1692246245679,1693218510067,427,308,119
934,1693218510067,1692246245763,1692246246001,1693218510365,298,238,60
935,1693218510365,1692246246084,1692246246384,1693218510783,418,300,118
936,1693218510784,1692246246493,1692246246806,1693218511193,409,313,96
937,1693218511193,1692246246918,1692246247196,1693218511595,402,278,124
938,1693218511595,1692246247297,1692246247581,1693218511988,393,284,109
939,1693218511988,1692246247697,1692246247968,1693218512359,371,271,100
940,1693218512359,1692246248095,1692246248333,1693218512756,397,238,159
941,1693218512756,1692246248471,1692246248857,1693218513228,472,386,86
942,1693218513228,1692246248954,1692246249241,1693218513646,418,287,131
943,1693218513646,1692246249367,1692246249666,1693218514072,426,299,127
944,1693218514073,1692246249789,1692246250113,1693218514511,438,324,114
945,1693218514511,1692246250231,1692246250465,1693218514905,394,234,160
946,1693218514905,1692246250623,1692246250986,1693218515374,469,363,106
947,1693218515374,1692246251095,1692246251385,1693218515813,439,290,149
948,1693218515813,1692246251538,1692246251944,1693218516419,606,406,200
949,1693218516419,1692246252144,1692246252422,1693218516814,395,278,117
950,1693218516814,1692246252541,1692246252841,1693218517224,410,300,110
951,1693218517224,1692246252928,1692246253281,1693218517723,499,353,146
952,1693218517723,1692246253439,1692246253791,1693218518168,445,352,93
953,1693218518168,1692246253885,1692246254237,1693218518668,500,352,148
954,1693218518668,1692246254390,1692246254705,1693218519099,431,315,116
955,1693218519099,1692246254814,1692246255088,1693218519460,361,274,87
956,1693218519460,1692246255182,1692246255499,1693218519889,429,317,112
957,1693218519889,1692246255636,1692246255917,1693218520319,430,281,149
958,1693218520319,1692246256020,1692246256346,1693218520733,414,326,88
959,1693218520733,1692246256440,1692246256706,1693218521087,354,266,88
960,1693218521087,1692246256813,1692246257029,1693218521422,335,216,119
961,1693218521422,1692246257135,1692246257459,1693218521860,438,324,114
962,1693218521860,1692246257584,1692246257910,1693218522289,429,326,103
963,1693218522289,1692246258009,1692246258355,1693218522767,478,346,132
964,1693218522767,1692246258478,1692246258802,1693218523192,425,324,101
965,1693218523192,1692246258896,1692246259217,1693218523586,394,321,73
966,1693218523586,1692246259297,1692246259648,1693218524024,438,351,87
967,1693218524024,1692246259724,1692246260132,1693218524504,480,408,72
968,1693218524504,1692246260211,1692246260468,1693218524899,395,257,138
969,1693218524899,1692246260626,1692246260897,1693218525466,567,271,296
970,1693218525466,1692246261214,1692246261623,1693218526014,548,409,139
971,1693218526014,1692246261729,1692246261987,1693218526422,408,258,150
972,1693218526422,1692246262138,1692246262554,1693218526940,518,416,102
973,1693218526940,1692246262641,1692246263020,1693218527402,462,379,83
974,1693218527402,1692246263141,1692246263378,1693218527775,373,237,136
975,1693218527775,1692246263502,1692246263744,1693218528135,360,242,118
976,1693218528135,1692246263863,1692246264175,1693218528566,431,312,119
977,1693218528566,1692246264307,1692246264509,1693218528924,358,202,156
978,1693218528924,1692246264628,1692246264918,1693218529286,362,290,72
979,1693218529286,1692246265019,1692246265278,1693218529750,464,259,205
980,1693218529750,1692246265471,1692246265775,1693218530156,406,304,102
981,1693218530156,1692246265864,1692246266174,1693218530556,400,310,90
982,1693218530556,1692246266299,1692246266586,1693218530965,409,287,122
983,1693218530965,1692246266688,1692246266983,1693218531374,409,295,114
984,1693218531374,1692246267088,1692246267389,1693218531771,397,301,96
985,1693218531771,1692246267488,1692246267864,1693218532249,478,376,102
986,1693218532249,1692246267968,1692246268304,1693218532700,451,336,115
987,1693218532700,1692246268410,1692246268690,1693218533091,391,280,111
988,1693218533091,1692246268810,1692246269173,1693218533558,467,363,104
989,1693218533558,1692246269267,1692246269581,1693218533971,413,314,99
990,1693218533971,1692246269701,1692246270001,1693218534378,407,300,107
991,1693218534378,1692246270106,1692246270467,1693218534839,461,361,100
992,1693218534839,1692246270570,1692246270786,1693218535202,363,216,147
993,1693218535202,1692246270929,1692246271172,1693218535579,377,243,134
994,1693218535579,1692246271287,1692246271586,1693218535972,393,299,94
995,1693218535972,1692246271677,1692246272029,1693218536407,435,352,83
996,1693218536407,1692246272138,1692246272420,1693218536813,406,282,124
997,1693218536813,1692246272529,1692246272838,1693218537220,407,309,98
998,1693218537220,1692246272930,1692246273223,1693218537603,383,293,90
999,1693218537603,1692246273314,1692246273540,1693218537994,391,226,165
1000,1693218537994,1692246273716,1692246273961,1693218538356,362,245,117
1001,1693218538356,1692246274078,1692246274342,1693218538734,378,264,114
1002,1693218538734,1692246274439,1692246274792,1693218539248,514,353,161
1003,1693218539512,1692246275221,1692246275911,1693218540299,787,690,97
1004,1693218540299,1692246276005,1692246276487,1693218540902,603,482,121
1005,1693218540902,1692246276611,1692246277177,1693218541566,664,566,98
1006,1693218541566,1692246277303,1692246277622,1693218542001,435,319,116
1007,1693218542001,1692246277731,1692246278006,1693218542407,406,275,131
1008,1693218542407,1692246278121,1692246278550,1693218542930,523,429,94
1009,1693218542930,1692246278658,1692246279027,1693218543438,508,369,139
1010,1693218543438,1692246279164,1692246279711,1693218544181,743,547,196
1011,1693218544181,1692246279885,1692246280244,1693218544612,431,359,72
1012,1693218544612,1692246280314,1692246280618,1693218544991,379,304,75
1013,1693218544991,1692246280722,1692246280922,1693218545337,346,200,146
1014,1693218545337,1692246281046,1692246281436,1693218545815,478,390,88
1015,1693218545815,1692246281522,1692246282095,1693218546496,681,573,108
1016,1693218546496,1692246282218,1692246282556,1693218546958,462,338,124
1017,1693218546958,1692246282681,1692246283019,1693218547446,488,338,150
1018,1693218547446,1692246283167,1692246283452,1693218547855,409,285,124
1019,1693218547855,1692246283584,1692246283830,1693218548231,376,246,130
1020,1693218548231,1692246283936,1692246284506,1693218548887,656,570,86
1021,1693218548887,1692246284605,1692246284929,1693218549390,503,324,179
1022,1693218549390,1692246285106,1692246285511,1693218549881,491,405,86
1023,1693218549882,1692246285600,1692246285888,1693218550290,408,288,120
1024,1693218550291,1692246286043,1692246286309,1693218550706,415,266,149
1025,1693218550706,1692246286460,1692246286701,1693218551133,427,241,186
1026,1693218551133,1692246286855,1692246287229,1693218551619,486,374,112
1027,1693218551619,1692246287326,1692246287659,1693218552052,433,333,100
1028,1693218552052,1692246287752,1692246288105,1693218552482,430,353,77
1029,1693218552482,1692246288229,1692246288436,1693218552979,497,207,290
1030,1693218552979,1692246288703,1692246288964,1693218553391,412,261,151
1031,1693218553391,1692246289131,1692246289433,1693218553912,521,302,219
1032,1693218553912,1692246289612,1692246289963,1693218554400,488,351,137
1033,1693218554400,1692246290105,1692246290549,1693218555006,606,444,162
1034,1693218555006,1692246290713,1692246290988,1693218555478,472,275,197
1035,1693218555478,1692246291204,1692246291453,1693218555865,387,249,138
1036,1693218555865,1692246291590,1692246291865,1693218556266,401,275,126
1037,1693218556266,1692246291991,1692246292273,1693218556668,402,282,120
1038,1693218556668,1692246292376,1692246292691,1693218557071,403,315,88
1039,1693218557071,1692246292796,1692246293065,1693218557462,391,269,122
1040,1693218557462,1692246293200,1692246293419,1693218557921,459,219,240
1041,1693218557921,1692246293643,1692246293980,1693218558386,465,337,128
1042,1693218558386,1692246294084,1692246294437,1693218558795,409,353,56
1043,1693218558795,1692246294514,1692246294815,1693218559211,416,301,115
1044,1693218559211,1692246294941,1692246295162,1693218559567,356,221,135
1045,1693218559567,1692246295286,1692246295627,1693218560033,466,341,125
1046,1693218560033,1692246295750,1692246296157,1693218560538,505,407,98
1047,1693218560538,1692246296257,1692246296553,1693218560972,434,296,138
1048,1693218560972,1692246296680,1692246297121,1693218561490,518,441,77
1049,1693218561490,1692246297200,1692246297591,1693218561970,480,391,89
1050,1693218561970,1692246297696,1692246297947,1693218562341,371,251,120
1051,1693218562341,1692246298049,1692246298385,1693218562779,438,336,102
1052,1693218562779,1692246298505,1692246298757,1693218563161,382,252,130
1053,1693218563161,1692246298874,1692246299262,1693218563637,476,388,88
1054,1693218563637,1692246299369,1692246299607,1693218564013,376,238,138
1055,1693218564013,1692246299720,1692246300137,1693218564517,504,417,87
1056,1693218564517,1692246300252,1692246300567,1693218564962,445,315,130
1057,1693218564962,1692246300665,1692246301058,1693218565458,496,393,103
1058,1693218565458,1692246301176,1692246301524,1693218565971,513,348,165
1059,1693218565971,1692246301699,1692246301971,1693218566370,399,272,127
1060,1693218566370,1692246302097,1692246302353,1693218566754,384,256,128
1061,1693218566754,1692246302465,1692246302893,1693218567280,526,428,98
1062,1693218567280,1692246303006,1692246303355,1693218567796,516,349,167
1063,1693218567796,1692246303536,1692246303862,1693218568241,445,326,119
1064,1693218568241,1692246303952,1692246304272,1693218568730,489,320,169
1065,1693218568730,1692246304452,1692246304674,1693218569074,344,222,122
1066,1693218569074,1692246304803,1692246305196,1693218569584,510,393,117
1067,1693218572604,1692246308303,1692246308645,1693218573055,451,342,109
1068,1693218573055,1692246308804,1692246309035,1693218573453,398,231,167
1069,1693218573453,1692246309210,1692246309465,1693218573870,417,255,162
1070,1693218573870,1692246309601,1692246309918,1693218574321,451,317,134
1071,1693218574321,1692246310022,1692246310450,1693218574844,523,428,95
1072,1693218574844,1692246310558,1692246310906,1693218575284,440,348,92
1073,1693218575284,1692246310988,1692246311308,1693218575698,414,320,94
1074,1693218575698,1692246311411,1692246311783,1693218576163,465,372,93
1075,1693218576163,1692246311869,1692246312165,1693218576538,375,296,79
1076,1693218576538,1692246312271,1692246312562,1693218576953,415,291,124
1077,1693218576953,1692246312667,1692246312942,1693218577323,370,275,95
1078,1693218577323,1692246313037,1692246313422,1693218577848,525,385,140
1079,1693218577848,1692246313567,1692246313869,1693218578269,421,302,119
1080,1693218578269,1692246313983,1692246314250,1693218578670,401,267,134
1081,1693218578670,1692246314401,1692246314695,1693218579084,414,294,120
1082,1693218579084,1692246314801,1692246315152,1693218579599,515,351,164
1083,1693218579599,1692246315322,1692246315628,1693218580030,431,306,125
1084,1693218580030,1692246315748,1692246316035,1693218580501,471,287,184
1085,1693218580501,1692246316212,1692246316551,1693218581141,640,339,301
1086,1693218581142,1692246316877,1692246317175,1693218581573,431,298,133
1087,1693218581573,1692246317287,1692246317621,1693218582006,433,334,99
1088,1693218582006,1692246317714,1692246317981,1693218582341,335,267,68
1089,1693218582341,1692246318087,1692246318292,1693218582712,371,205,166
1090,1693218582712,1692246318432,1692246318691,1693218583097,385,259,126
1091,1693218583097,1692246318815,1692246319149,1693218583532,435,334,101
1092,1693218583532,1692246319286,1692246319519,1693218583930,398,233,165
1093,1693218583930,1692246319650,1692246320061,1693218584447,517,411,106
1094,1693218584448,1692246320195,1692246320410,1693218584839,391,215,176
1095,1693218584839,1692246320575,1692246320836,1693218585231,392,261,131
1096,1693218585232,1692246321090,1692246321443,1693218585846,614,353,261
1097,1693218585846,1692246321569,1692246321969,1693218586349,503,400,103
1098,1693218586349,1692246322057,1692246322432,1693218586860,511,375,136
1099,1693218586861,1692246322593,1692246322944,1693218587378,517,351,166
1100,1693218587378,1692246323093,1692246323400,1693218587789,411,307,104
1101,1693218587789,1692246323504,1692246323756,1693218588187,398,252,146
1102,1693218588187,1692246323897,1692246324204,1693218588576,389,307,82
1103,1693218588576,1692246324285,1692246324712,1693218589086,510,427,83
1104,1693218589086,1692246324805,1692246325047,1693218589438,352,242,110
1105,1693218589438,1692246325167,1692246325420,1693218589822,384,253,131
1106,1693218589822,1692246325534,1692246325916,1693218590288,466,382,84
1107,1693218590288,1692246326002,1692246326408,1693218590795,507,406,101
1108,1693218590795,1692246326505,1692246326908,1693218591276,481,403,78
1109,1693218591276,1692246326995,1692246327183,1693218591600,324,188,136
1110,1693218591600,1692246327304,1692246327682,1693218592038,438,378,60
1111,1693218592038,1692246327761,1692246328017,1693218592430,392,256,136
1112,1693218592430,1692246328166,1692246328464,1693218592860,430,298,132
1113,1693218592860,1692246328581,1692246328944,1693218593334,474,363,111
1114,1693218593334,1692246329064,1692246329377,1693218593783,449,313,136
1115,1693218593783,1692246329506,1692246329784,1693218594188,405,278,127
1116,1693218594188,1692246329906,1692246330170,1693218594569,381,264,117
1117,1693218594569,1692246330278,1692246330555,1693218594951,382,277,105
1118,1693218594951,1692246330745,1692246330990,1693218595391,440,245,195
1119,1693218595391,1692246331113,1692246331456,1693218595867,476,343,133
1120,1693218595867,1692246331587,1692246331938,1693218596321,454,351,103
1121,1693218596321,1692246332042,1692246332432,1693218596812,491,390,101
1122,1693218596812,1692246332550,1692246332824,1693218597222,410,274,136
1123,1693218597222,1692246332945,1692246333234,1693218597619,397,289,108
1124,1693218597619,1692246333333,1692246333673,1693218598056,437,340,97
1125,1693218598056,1692246333759,1692246334133,1693218598502,446,374,72
1126,1693218598502,1692246334220,1692246334448,1693218598852,350,228,122
1127,1693218598852,1692246334573,1692246334875,1693218599261,409,302,107
1128,1693218599261,1692246334965,1692246335358,1693218599734,473,393,80
1129,1693218599734,1692246335444,1692246335781,1693218600162,428,337,91
1130,1693218600162,1692246335882,1692246336116,1693218600501,339,234,105
1131,1693218600501,1692246336226,1692246336488,1693218600852,351,262,89
1132,1693218600852,1692246336573,1692246336852,1693218601243,391,279,112
1133,1693218601243,1692246336950,1692246337322,1693218601699,456,372,84
1134,1693218601699,1692246337407,1692246337763,1693218602133,434,356,78
1135,1693218602133,1692246337858,1692246338156,1693218602558,425,298,127
1136,1693218602558,1692246338272,1692246338596,1693218602981,423,324,99
1137,1693218603159,1692246338878,1692246339460,1693218603873,714,582,132
1138,1693218603873,1692246339594,1692246340283,1693218604680,807,689,118
1139,1693218604680,1692246340386,1692246340818,1693218605197,517,432,85
1140,1693218605197,1692246340920,1692246341171,1693218605576,379,251,128
1141,1693218605576,1692246341302,1692246341663,1693218606045,469,361,108
1142,1693218606045,1692246341759,1692246342083,1693218606453,408,324,84
1143,1693218606453,1692246342171,1692246342694,1693218607082,629,523,106
1144,1693218607082,1692246342804,1692246343202,1693218607589,507,398,109
1145,1693218607589,1692246343307,1692246343731,1693218608108,519,424,95
1146,1693218608108,1692246343827,1692246344114,1693218608500,392,287,105
1147,1693218608500,1692246344215,1692246344577,1693218608952,452,362,90
1148,1693218608952,1692246344659,1692246345017,1693218609406,454,358,96
1149,1693218609406,1692246345109,1692246345559,1693218609941,535,450,85
1150,1693218609941,1692246345651,1692246345999,1693218610390,449,348,101
1151,1693218610390,1692246346092,1692246346438,1693218610817,427,346,81
1152,1693218610817,1692246346508,1692246346790,1693218611142,325,282,43
1153,1693218611142,1692246346861,1692246347189,1693218611647,505,328,177
1154,1693218611647,1692246347362,1692246347846,1693218612238,591,484,107
1155,1693218612238,1692246347957,1692246348368,1693218612765,527,411,116
1156,1693218612765,1692246348483,1692246348689,1693218613109,344,206,138
1157,1693218613109,1692246348835,1692246349079,1693218613479,370,244,126
1158,1693218613479,1692246349194,1692246349605,1693218613987,508,411,97
1159,1693218613987,1692246349673,1692246350027,1693218614386,399,354,45
1160,1693218614386,1692246350114,1692246350589,1693218615050,664,475,189
1161,1693218615050,1692246350782,1692246351063,1693218615566,516,281,235
1162,1693218615566,1692246351304,1692246351723,1693218616099,533,419,114
1163,1693218616099,1692246351833,1692246352062,1693218616463,364,229,135
1164,1693218616463,1692246352181,1692246352612,1693218617000,537,431,106
1165,1693218617000,1692246352736,1692246353135,1693218617521,521,399,122
1166,1693218617521,1692246353231,1692246353680,1693218618087,566,449,117
1167,1693218618087,1692246353806,1692246354223,1693218618602,515,417,98
1168,1693218618603,1692246354316,1692246354720,1693218619109,506,404,102
1169,1693218619109,1692246354827,1692246355240,1693218619631,522,413,109
1170,1693218619632,1692246355338,1692246355701,1693218620082,450,363,87
1171,1693218620082,1692246355794,1692246356143,1693218620520,438,349,89
1172,1693218620520,1692246356226,1692246356611,1693218620971,451,385,66
1173,1693218620971,1692246356682,1692246356999,1693218621380,409,317,92
1174,1693218621380,1692246357115,1692246357381,1693218621782,402,266,136
1175,1693218621782,1692246357498,1692246357953,1693218622336,554,455,99
1176,1693218622336,1692246358056,1692246358349,1693218622798,462,293,169
1177,1693218622798,1692246358510,1692246358786,1693218623192,394,276,118
1178,1693218623192,1692246358895,1692246359304,1693218623673,481,409,72
1179,1693218623673,1692246359402,1692246359640,1693218624057,384,238,146
1180,1693218624057,1692246359756,1692246360027,1693218624386,329,271,58
1181,1693218624386,1692246360126,1692246360391,1693218624787,401,265,136
1182,1693218624787,1692246360515,1692246360896,1693218625281,494,381,113
1183,1693218625281,1692246360992,1692246361274,1693218625662,381,282,99
1184,1693218625662,1692246361379,1692246361727,1693218626131,469,348,121
1185,1693218626131,1692246361868,1692246362096,1693218626503,372,228,144
1186,1693218626503,1692246362211,1692246362557,1693218626934,431,346,85
1187,1693218626934,1692246362671,1692246362998,1693218627428,494,327,167
1188,1693218627428,1692246363140,1692246363496,1693218627875,447,356,91
1189,1693218627875,1692246363612,1692246363842,1693218628241,366,230,136
1190,1693218628241,1692246363966,1692246364320,1693218628745,504,354,150
1191,1693218628745,1692246364466,1692246364796,1693218629193,448,330,118
1192,1693218629193,1692246364898,1692246365272,1693218629650,457,374,83
1193,1693218629650,1692246365378,1692246365651,1693218630051,401,273,128
1194,1693218630051,1692246365754,1692246366140,1693218630568,517,386,131
1195,1693218630568,1692246366288,1692246366588,1693218630974,406,300,106
1196,1693218630974,1692246366706,1692246366945,1693218631401,427,239,188
1197,1693218631401,1692246367116,1692246367468,1693218631904,503,352,151
1198,1693218631904,1692246367629,1692246368001,1693218632416,512,372,140
1199,1693218632416,1692246368130,1692246368513,1693218632933,517,383,134
1200,1693218632933,1692246368665,1692246369018,1693218633449,516,353,163
1201,1693218636470,1692246372188,1692246372421,1693218636877,407,233,174
1202,1693218636878,1692246372606,1692246372952,1693218637345,467,346,121
1203,1693218637345,1692246373068,1692246373420,1693218637859,514,352,162
1204,1693218637859,1692246373588,1692246373925,1693218638310,451,337,114
1205,1693218638310,1692246374032,1692246374340,1693218638791,481,308,173
1206,1693218638791,1692246374511,1692246374877,1693218639261,470,366,104
1207,1693218639261,1692246374962,1692246375196,1693218639562,301,234,67
1208,1693218639562,1692246375263,1692246375663,1693218640056,494,400,94
1209,1693218640056,1692246375775,1692246376182,1693218640568,512,407,105
1210,1693218640569,1692246376289,1692246376682,1693218641113,544,393,151
1211,1693218641113,1692246376826,1692246377235,1693218641616,503,409,94
1212,1693218641616,1692246377334,1692246377729,1693218642121,505,395,110
1213,1693218642121,1692246377850,1692246378156,1693218642580,459,306,153
1214,1693218642580,1692246378336,1692246378545,1693218642959,379,209,170
1215,1693218642959,1692246378675,1692246378914,1693218643321,362,239,123
1216,1693218643321,1692246379037,1692246379441,1693218643891,570,404,166
1217,1693218643891,1692246379611,1692246380008,1693218644405,514,397,117
1218,1693218644405,1692246380124,1692246380464,1693218644850,445,340,105
1219,1693218644850,1692246380554,1692246380872,1693218645254,404,318,86
1220,1693218645254,1692246380983,1692246381280,1693218645748,494,297,197
1221,1693218645748,1692246381461,1692246381738,1693218646130,382,277,105
1222,1693218646130,1692246381843,1692246382204,1693218646656,526,361,165
1223,1693218646656,1692246382370,1692246382743,1693218647120,464,373,91
1224,1693218647120,1692246382845,1692246383123,1693218647516,396,278,118
1225,1693218647516,1692246383229,1692246383522,1693218648002,486,293,193
1226,1693218648002,1692246383714,1692246384086,1693218648468,466,372,94
1227,1693218648468,1692246384189,1692246384484,1693218648880,412,295,117
1228,1693218648880,1692246384575,1692246385039,1693218649408,528,464,64
1229,1693218649408,1692246385131,1692246385452,1693218649846,438,321,117
1230,1693218649846,1692246385552,1692246385952,1693218650325,479,400,79
1231,1693218650325,1692246386045,1692246386380,1693218650768,443,335,108
1232,1693218650768,1692246386455,1692246386792,1693218651147,379,337,42
1233,1693218651147,1692246386860,1692246387159,1693218651539,392,299,93
1234,1693218651539,1692246387257,1692246387586,1693218651969,430,329,101
1235,1693218651969,1692246387672,1692246388002,1693218652389,420,330,90
1236,1693218652389,1692246388111,1692246388322,1693218652739,350,211,139
1237,1693218652739,1692246388448,1692246388788,1693218653174,435,340,95
1238,1693218653174,1692246388901,1692246389128,1693218653532,358,227,131
1239,1693218653532,1692246389262,1692246389536,1693218653929,397,274,123
1240,1693218653929,1692246389654,1692246389970,1693218654362,433,316,117
1241,1693218654362,1692246390070,1692246390403,1693218654798,436,333,103
1242,1693218654798,1692246390526,1692246390781,1693218655188,390,255,135
1243,1693218655188,1692246390914,1692246391199,1693218655570,382,285,97
1244,1693218655570,1692246391298,1692246391577,1693218655964,394,279,115
1245,1693218655964,1692246391690,1692246391962,1693218656364,400,272,128
1246,1693218656364,1692246392098,1692246392395,1693218656788,424,297,127
1247,1693218656788,1692246392521,1692246392768,1693218657159,371,247,124
1248,1693218657159,1692246392866,1692246393143,1693218657525,366,277,89
1249,1693218657525,1692246393269,1692246393485,1693218657900,375,216,159
1250,1693218657900,1692246393657,1692246393943,1693218658340,440,286,154
1251,1693218658340,1692246394060,1692246394405,1693218658788,448,345,103
1252,1693218658788,1692246394504,1692246394793,1693218659262,474,289,185
1253,1693218659262,1692246394972,1692246395283,1693218659654,392,311,81
1254,1693218659654,1692246395380,1692246395686,1693218660057,403,306,97
1255,1693218660057,1692246395789,1692246396028,1693218660431,374,239,135
1256,1693218660431,1692246396162,1692246396380,1693218660779,348,218,130
1257,1693218660779,1692246396494,1692246396818,1693218661201,422,324,98
1258,1693218661201,1692246396910,1692246397301,1693218661673,472,391,81
1259,1693218661673,1692246397383,1692246397761,1693218662142,469,378,91
1260,1693218662142,1692246397851,1692246398267,1693218662640,498,416,82
1261,1693218662640,1692246398349,1692246398583,1693218663070,430,234,196
1262,1693218663070,1692246398784,1692246399150,1693218663555,485,366,119
1263,1693218663555,1692246399271,1692246399672,1693218664066,511,401,110
1264,1693218664066,1692246399800,1692246400044,1693218664440,374,244,130
1265,1693218664440,1692246400174,1692246400407,1693218664814,374,233,141
1266,1693218664814,1692246400542,1692246400796,1693218665189,375,254,121
1267,1693218665189,1692246400909,1692246401334,1693218665718,529,425,104
1268,1693218665718,1692246401435,1692246401727,1693218666130,412,292,120
1269,1693218666130,1692246401864,1692246402158,1693218666556,426,294,132
1270,1693218666731,1692246402457,1692246403064,1693218667444,713,607,106
1271,1693218667444,1692246403152,1692246403763,1693218668136,692,611,81
1272,1693218668136,1692246403846,1692246404173,1693218668525,389,327,62
1273,1693218668525,1692246404234,1692246404511,1693218668909,384,277,107
1274,1693218668909,1692246404639,1692246404885,1693218669400,491,246,245
1275,1693218669400,1692246405110,1692246405521,1693218669903,503,411,92
1276,1693218669903,1692246405656,1692246405885,1693218670308,405,229,176
1277,1693218670308,1692246406028,1692246406443,1693218670800,492,415,77
1278,1693218670800,1692246406522,1692246406792,1693218671185,385,270,115
1279,1693218671185,1692246406922,1692246407207,1693218671659,474,285,189
1280,1693218671659,1692246407364,1692246407640,1693218672009,350,276,74
1281,1693218672009,1692246407716,1692246407996,1693218672353,344,280,64
1282,1693218672353,1692246408086,1692246408324,1693218672817,464,238,226
1283,1693218672817,1692246408574,1692246409130,1693218673501,684,556,128
1284,1693218673501,1692246409206,1692246409625,1693218674000,499,419,80
1285,1693218674000,1692246409717,1692246409999,1693218674379,379,282,97
1286,1693218674379,1692246410111,1692246410408,1693218674825,446,297,149
1287,1693218674825,1692246410532,1692246411265,1693218675751,926,733,193
1288,1693218675751,1692246411471,1692246411761,1693218676158,407,290,117
1289,1693218676158,1692246411882,1692246412174,1693218676566,408,292,116
1290,1693218676566,1692246412297,1692246412585,1693218676975,409,288,121
1291,1693218676975,1692246412694,1692246413032,1693218677403,428,338,90
1292,1693218677403,1692246413106,1692246413680,1693218678062,659,574,85
1293,1693218678062,1692246413771,1692246414175,1693218678543,481,404,77
1294,1693218678543,1692246414263,1692246414541,1693218678903,360,278,82
1295,1693218678903,1692246414623,1692246414990,1693218679375,472,367,105
1296,1693218679375,1692246415087,1692246415428,1693218679807,432,341,91
1297,1693218679807,1692246415519,1692246415895,1693218680271,464,376,88
1298,1693218680271,1692246415992,1692246416357,1693218680744,473,365,108
1299,1693218680744,1692246416443,1692246416842,1693218681197,453,399,54
1300,1693218681197,1692246416927,1692246417240,1693218681634,437,313,124
1301,1693218681634,1692246417329,1692246417569,1693218681920,286,240,46
1302,1693218681920,1692246417636,1692246418037,1693218682418,498,401,97
1303,1693218682418,1692246418162,1692246418379,1693218682786,368,217,151
1304,1693218682786,1692246418495,1692246418923,1693218683294,508,428,80
1305,1693218683294,1692246419014,1692246419324,1693218683717,423,310,113
1306,1693218683717,1692246419448,1692246419768,1693218684170,453,320,133
1307,1693218684170,1692246419879,1692246420284,1693218684654,484,405,79
1308,1693218684654,1692246420360,1692246420710,1693218685100,446,350,96
1309,1693218685100,1692246420825,1692246421086,1693218685483,383,261,122
1310,1693218685483,1692246421193,1692246421608,1693218686017,534,415,119
1311,1693218686017,1692246421716,1692246421873,1693218686211,194,157,37
1312,1693218686212,1692246421948,1692246422309,1693218686697,485,361,124
1313,1693218686697,1692246422410,1692246422806,1693218687179,482,396,86
1314,1693218687179,1692246422890,1692246423239,1693218687613,434,349,85
1315,1693218687613,1692246423333,1692246423676,1693218688068,455,343,112
1316,1693218688068,1692246423793,1692246424035,1693218688431,363,242,121
1317,1693218688431,1692246424156,1692246424519,1693218688947,516,363,153
1318,1693218688947,1692246424664,1692246424946,1693218689312,365,282,83
1319,1693218689312,1692246425040,1692246425326,1693218689786,474,286,188
1320,1693218689786,1692246425503,1692246425877,1693218690262,476,374,102
1321,1693218690262,1692246425972,1692246426417,1693218690787,525,445,80
1322,1693218690787,1692246426512,1692246426851,1693218691246,459,339,120
1323,1693218691246,1692246426956,1692246427367,1693218691828,582,411,171
1324,1693218691828,1692246427555,1692246427798,1693218692205,377,243,134
1325,1693218692205,1692246427930,1692246428223,1693218692615,410,293,117
1326,1693218692615,1692246428316,1692246428715,1693218693084,469,399,70
1327,1693218693084,1692246428808,1692246429223,1693218693606,522,415,107
1328,1693218693606,1692246429352,1692246429606,1693218693996,390,254,136
1329,1693218693996,1692246429736,1692246429979,1693218694380,384,243,141
1330,1693218694380,1692246430106,1692246430426,1693218694837,457,320,137
1331,1693218694837,1692246430574,1692246430824,1693218695312,475,250,225
1332,1693218695312,1692246431032,1692246431385,1693218695767,455,353,102
1333,1693218695767,1692246431467,1692246431777,1693218696137,370,310,60
1334,1693218696137,1692246431877,1692246432064,1693218696475,338,187,151
1335,1693218696475,1692246432201,1692246432566,1693218696950,475,365,110
1336,1693218700011,1692246435737,1692246436091,1693218700486,475,354,121
1337,1693218700487,1692246436213,1692246436510,1693218700952,465,297,168
1338,1693218700952,1692246436679,1692246436966,1693218701371,419,287,132
1339,1693218701371,1692246437095,1692246437412,1693218701834,463,317,146
1340,1693218701834,1692246437557,1692246437881,1693218702272,438,324,114
1341,1693218702272,1692246437977,1692246438311,1693218702726,454,334,120
1342,1693218702726,1692246438454,1692246438702,1693218703091,365,248,117
1343,1693218703091,1692246438814,1692246439193,1693218703576,485,379,106
1344,1693218703576,1692246439298,1692246439645,1693218704004,428,347,81
1345,1693218704004,1692246439722,1692246440087,1693218704468,464,365,99
1346,1693218704468,1692246440207,1692246440431,1693218704844,376,224,152
1347,1693218704844,1692246440566,1692246440827,1693218705213,369,261,108
1348,1693218705213,1692246440932,1692246441173,1693218705679,466,241,225
1349,1693218705679,1692246441425,1692246441759,1693218706149,470,334,136
1350,1693218706149,1692246441881,1692246442195,1693218706581,432,314,118
1351,1693218706582,1692246442298,1692246442608,1693218707074,492,310,182
1352,1693218707074,1692246442784,1692246443055,1693218707419,345,271,74
1353,1693218707419,1692246443148,1692246443418,1693218707816,397,270,127
1354,1693218707816,1692246443541,1692246443863,1693218708256,440,322,118
1355,1693218708256,1692246443981,1692246444286,1693218708718,462,305,157
1356,1693218708718,1692246444441,1692246444749,1693218709140,422,308,114
1357,1693218709140,1692246444851,1692246445312,1693218709744,604,461,143
1358,1693218709744,1692246445463,1692246445852,1693218710238,494,389,105
1359,1693218710238,1692246445942,1692246446269,1693218710656,418,327,91
1360,1693218710656,1692246446395,1692246446698,1693218711091,435,303,132
1361,1693218711091,1692246446792,1692246447194,1693218711563,472,402,70
1362,1693218711563,1692246447285,1692246447618,1693218712013,450,333,117
1363,1693218712013,1692246447727,1692246448016,1693218712397,384,289,95
1364,1693218712397,1692246448105,1692246448455,1693218712835,438,350,88
1365,1693218712835,1692246448575,1692246448791,1693218713200,365,216,149
1366,1693218713201,1692246448932,1692246449303,1693218713697,496,371,125
1367,1693218713697,1692246449396,1692246449642,1693218713992,295,246,49
1368,1693218713992,1692246449719,1692246449966,1693218714381,389,247,142
1369,1693218714381,1692246450101,1692246450442,1693218714829,448,341,107
1370,1693218714829,1692246450543,1692246450880,1693218715255,426,337,89
1371,1693218715255,1692246450977,1692246451263,1693218715658,403,286,117
1372,1693218715658,1692246451381,1692246451717,1693218716104,446,336,110
1373,1693218716104,1692246451811,1692246452084,1693218716471,367,273,94
1374,1693218716471,1692246452191,1692246452388,1693218716793,322,197,125
1375,1693218716793,1692246452504,1692246452898,1693218717274,481,394,87
1376,1693218717274,1692246453000,1692246453310,1693218717729,455,310,145
1377,1693218717729,1692246453487,1692246453723,1693218718132,403,236,167
1378,1693218718132,1692246453855,1692246454305,1693218718681,549,450,99
1379,1693218718681,1692246454409,1692246454773,1693218719171,490,364,126
1380,1693218719172,1692246454885,1692246455161,1693218719583,411,276,135
1381,1693218719583,1692246455290,1692246455591,1693218719959,376,301,75
1382,1693218719959,1692246455681,1692246456001,1693218720388,429,320,109
1383,1693218720388,1692246456085,1692246456437,1693218720797,409,352,57
1384,1693218720797,1692246456539,1692246456825,1693218721231,434,286,148
1385,1693218721231,1692246456946,1692246457320,1693218721696,465,374,91
1386,1693218721696,1692246457432,1692246457718,1693218722108,412,286,126
1387,1693218722108,1692246457804,1692246458165,1693218722545,437,361,76
1388,1693218722545,1692246458265,1692246458620,1693218723053,508,355,153
1389,1693218723053,1692246458766,1692246459154,1693218723553,500,388,112
1390,1693218723553,1692246459284,1692246459659,1693218724057,504,375,129
1391,1693218724057,1692246459771,1692246460125,1693218724500,443,354,89
1392,1693218724500,1692246460232,1692246460498,1693218724879,379,266,113
1393,1693218724879,1692246460587,1692246460934,1693218725388,509,347,162
1394,1693218725389,1692246461126,1692246461419,1693218725784,395,293,102
1395,1693218725784,1692246461497,1692246461868,1693218726243,459,371,88
1396,1693218726243,1692246461948,1692246462328,1693218726701,458,380,78
1397,1693218726701,1692246462425,1692246462754,1693218727136,435,329,106
1398,1693218727136,1692246462861,1692246463200,1693218727587,451,339,112
1399,1693218727587,1692246463301,1692246463701,1693218728097,510,400,110
1400,1693218728097,1692246463838,1692246464065,1693218728462,365,227,138
1401,1693218728462,1692246464177,1692246464518,1693218728899,437,341,96
1402,1693218728899,1692246464614,1692246464975,1693218729395,496,361,135
1403,1693218729395,1692246465116,1692246465432,1693218729811,416,316,100
1404,1693218729811,1692246465521,1692246465912,1693218730288,477,391,86
