request_number,request_time_ms,request_received_time_ms,response_time_ms,response_received_time_ms,end_to_end_latency,compute_time,transmission_time
1,1693222008427,1692249744172,1692249744688,1693222009044,617,516,101
2,1693222009044,1692249744853,1692249745399,1693222009763,719,546,173
3,1693222009763,1692249745499,1692249745759,1693222010097,334,260,74
4,1693222010097,1692249745836,1692249746244,1693222010589,492,408,84
5,1693222010589,1692249746331,1692249746709,1693222011049,460,378,82
6,1693222011049,1692249746787,1692249747163,1693222011517,468,376,92
7,1693222011517,1692249747258,1692249747584,1693222011950,433,326,107
8,1693222011950,1692249747693,1692249748117,1693222012472,522,424,98
9,1693222012472,1692249748234,1692249748480,1693222012849,377,246,131
10,1693222012849,1692249748589,1692249748877,1693222013221,372,288,84
11,1693222013221,1692249748971,1692249749353,1693222013709,488,382,106
12,1693222013709,1692249749464,1692249749745,1693222014107,398,281,117
13,1693222014107,1692249749864,1692249750123,1693222014489,382,259,123
14,1693222014489,1692249750233,1692249750538,1693222014929,440,305,135
15,1693222014929,1692249750670,1692249750947,1693222015274,345,277,68
16,1693222015274,1692249751038,1692249751272,1693222015645,371,234,137
17,1693222015646,1692249751401,1692249751593,1693222015988,342,192,150
18,1693222015988,1692249751732,1692249752137,1693222016476,488,405,83
19,1693222016476,1692249752221,1692249752617,1693222016963,487,396,91
20,1693222016963,1692249752727,1692249752962,1693222017333,370,235,135
21,1693222017334,1692249753082,1692249753385,1693222017777,443,303,140
22,1693222017777,1692249753545,1692249753865,1693222018243,466,320,146
23,1693222018243,1692249753974,1692249754334,1693222018676,433,360,73
24,1693222018676,1692249754426,1692249754776,1693222019135,459,350,109
25,1693222019135,1692249754897,1692249755210,1693222019681,546,313,233
26,1693222019681,1692249755434,1692249755809,1693222020163,482,375,107
27,1693222020163,1692249755898,1692249756173,1693222020506,343,275,68
28,1693222020506,1692249756270,1692249756607,1693222020999,493,337,156
29,1693222020999,1692249756724,1692249757046,1693222021497,498,322,176
30,1693222021497,1692249757242,1692249757633,1693222022015,518,391,127
31,1693222022015,1692249757772,1692249758108,1693222022464,449,336,113
32,1693222022464,1692249758208,1692249758574,1693222022947,483,366,117
33,1693222022947,1692249758688,1692249759080,1693222023439,492,392,100
34,1693222023439,1692249759190,1692249759479,1693222023864,425,289,136
35,1693222023864,1692249759608,1692249759951,1693222024336,472,343,129
36,1693222024336,1692249760076,1692249760399,1693222024763,427,323,104
37,1693222024763,1692249760502,1692249760859,1693222025219,456,357,99
38,1693222025219,1692249760970,1692249761342,1693222025689,470,372,98
39,1693222025690,1692249761437,1692249761749,1693222026102,412,312,100
40,1693222026102,1692249761867,1692249762151,1693222026518,416,284,132
41,1693222026518,1692249762289,1692249762553,1693222026918,400,264,136
42,1693222026918,1692249762678,1692249762947,1693222027325,407,269,138
43,1693222027325,1692249763086,1692249763303,1693222027675,350,217,133
44,1693222027675,1692249763430,1692249763737,1693222028111,436,307,129
45,1693222028111,1692249763851,1692249764171,1693222028532,421,320,101
46,1693222028532,1692249764297,1692249764613,1693222028976,444,316,128
47,1693222028976,1692249764721,1692249764936,1693222029305,329,215,114
48,1693222029305,1692249765060,1692249765336,1693222029706,401,276,125
49,1693222029706,1692249765493,1692249765687,1693222030118,412,194,218
50,1693222030118,1692249765865,1692249766239,1693222030586,468,374,94
51,1693222030586,1692249766347,1692249766626,1693222030996,410,279,131
52,1693222030996,1692249766775,1692249767028,1693222031406,410,253,157
53,1693222031407,1692249767182,1692249767405,1693222031792,385,223,162
54,1693222031792,1692249767559,1692249767781,1693222032160,368,222,146
55,1693222032160,1692249767902,1692249768265,1693222032611,451,363,88
56,1693222032611,1692249768357,1692249768646,1693222033009,398,289,109
57,1693222033009,1692249768760,1692249769084,1693222033429,420,324,96
58,1693222033429,1692249769165,1692249769516,1693222033856,427,351,76
59,1693222033856,1692249769618,1692249769891,1693222034305,449,273,176
60,1693222034305,1692249770040,1692249770440,1693222034783,478,400,78
61,1693222034784,1692249770524,1692249770770,1693222035153,369,246,123
62,1693222035153,1692249770891,1692249771260,1693222035597,444,369,75
63,1693222035598,1692249771362,1692249771578,1693222035942,344,216,128
64,1693222035942,1692249771693,1692249771974,1693222036342,400,281,119
65,1693222036342,1692249772099,1692249772403,1693222036787,445,304,141
66,1693222036787,1692249772561,1692249772774,1693222037149,362,213,149
67,1693222037149,1692249773170,1692249773482,1693222037889,740,312,428
68,1693222037889,1692249773623,1692249773933,1693222038281,392,310,82
69,1693222038281,1692249774031,1692249774405,1693222038799,518,374,144
70,1693222038974,1692249774758,1692249775124,1693222039501,527,366,161
71,1693222039501,1692249775254,1692249775868,1693222040219,718,614,104
72,1693222040219,1692249775963,1692249776569,1693222040923,704,606,98
73,1693222040923,1692249776686,1692249777114,1693222041478,555,428,127
74,1693222041478,1692249777252,1692249777707,1693222042073,595,455,140
75,1693222042073,1692249777796,1692249778273,1693222042660,587,477,110
76,1693222042660,1692249778422,1692249778891,1693222043317,657,469,188
77,1693222043317,1692249779057,1692249779569,1693222043910,593,512,81
78,1693222043910,1692249779666,1692249780146,1693222044509,599,480,119
79,1693222044509,1692249780265,1692249780646,1693222045015,506,381,125
80,1693222045015,1692249780779,1692249781172,1693222045561,546,393,153
81,1693222045561,1692249781317,1692249781816,1693222046191,630,499,131
82,1693222046191,1692249781938,1692249782500,1693222046855,664,562,102
83,1693222046855,1692249782609,1692249783060,1693222047426,571,451,120
84,1693222047426,1692249783183,1692249783641,1693222048003,577,458,119
85,1693222048003,1692249783742,1692249784324,1693222048673,670,582,88
86,1693222048673,1692249784424,1692249784877,1693222049238,565,453,112
87,1693222049238,1692249784991,1692249785369,1693222049773,535,378,157
88,1693222049773,1692249785523,1692249786054,1693222050408,635,531,104
89,1693222050408,1692249786160,1692249786572,1693222051006,598,412,186
90,1693222051006,1692249786755,1692249787249,1693222051606,600,494,106
91,1693222051606,1692249787358,1692249787650,1693222052011,405,292,113
92,1693222052011,1692249787754,1692249788253,1693222052602,591,499,92
93,1693222052602,1692249788353,1692249788785,1693222053153,551,432,119
94,1693222053153,1692249788896,1692249789256,1693222053615,462,360,102
95,1693222053615,1692249789364,1692249789834,1693222054267,652,470,182
96,1693222054268,1692249790011,1692249790431,1693222054873,605,420,185
97,1693222054873,1692249790633,1692249790929,1693222055308,435,296,139
98,1693222055308,1692249791075,1692249791672,1693222056027,719,597,122
99,1693222056027,1692249791791,1692249792185,1693222056535,508,394,114
100,1693222056535,1692249792294,1692249792761,1693222057123,588,467,121
101,1693222057123,1692249792886,1692249793462,1693222057858,735,576,159
102,1693222057858,1692249793618,1692249794192,1693222058550,692,574,118
103,1693222058550,1692249794318,1692249794847,1693222059227,677,529,148
104,1693222059227,1692249794998,1692249795473,1693222059836,609,475,134
105,1693222059836,1692249795651,1692249796134,1693222060500,664,483,181
106,1693222060500,1692249796257,1692249796833,1693222061191,691,576,115
107,1693222061191,1692249796982,1692249797275,1693222061669,478,293,185
108,1693222061669,1692249797427,1692249797896,1693222062264,595,469,126
109,1693222062264,1692249798002,1692249798486,1693222062834,570,484,86
110,1693222062834,1692249798557,1692249798933,1693222063272,438,376,62
111,1693222063272,1692249799019,1692249799592,1693222063943,671,573,98
112,1693222063943,1692249799694,1692249800207,1693222064571,628,513,115
113,1693222064571,1692249800325,1692249800898,1693222065254,683,573,110
114,1693222065254,1692249801024,1692249801563,1693222065920,666,539,127
115,1693222065920,1692249801668,1692249802238,1693222066583,663,570,93
116,1693222066583,1692249802342,1692249802731,1693222067088,505,389,116
117,1693222067088,1692249802838,1692249803378,1693222067743,655,540,115
118,1693222067743,1692249803480,1692249803945,1693222068402,659,465,194
119,1693222068402,1692249804135,1692249804664,1693222069014,612,529,83
120,1693222069021,1692249804751,1692249805162,1693222069573,552,411,141
121,1693222069573,1692249805440,1692249805753,1693222070132,559,313,246
122,1693222070132,1692249805911,1692249806353,1693222070749,617,442,175
123,1693222070749,1692249806516,1692249806892,1693222071246,497,376,121
124,1693222071246,1692249807073,1692249807375,1693222071735,489,302,187
125,1693222071735,1692249807510,1692249807849,1693222072202,467,339,128
126,1693222072202,1692249807965,1692249808232,1693222072598,396,267,129
127,1693222072598,1692249808360,1692249808635,1693222072997,399,275,124
128,1693222072997,1692249808771,1692249809082,1693222073452,455,311,144
129,1693222073452,1692249809197,1692249809539,1693222073884,432,342,90
130,1693222073884,1692249809648,1692249809948,1693222074313,429,300,129
131,1693222074313,1692249810051,1692249810373,1693222074735,422,322,100
132,1693222074735,1692249810487,1692249810807,1693222075154,419,320,99
133,1693222075154,1692249810890,1692249811340,1693222075674,520,450,70
134,1693222075674,1692249811422,1692249811913,1693222076257,583,491,92
135,1693222076257,1692249812007,1692249812271,1693222076623,366,264,102
136,1693222076623,1692249812369,1692249812756,1693222077095,472,387,85
137,1693222077095,1692249812866,1692249813201,1693222077601,506,335,171
138,1693222077601,1692249813330,1692249813620,1693222077959,358,290,68
139,1693222077959,1692249813719,1692249814051,1693222078414,455,332,123
140,1693222078414,1692249814158,1692249814482,1693222078839,425,324,101
141,1693222078839,1692249814582,1692249814964,1693222079314,475,382,93
142,1693222079314,1692249815077,1692249815367,1693222079727,413,290,123
143,1693222079727,1692249815483,1692249815790,1693222080151,424,307,117
144,1693222080151,1692249815882,1692249816148,1693222080464,313,266,47
145,1693222080464,1692249816212,1692249816470,1693222080833,369,258,111
146,1693222080833,1692249816575,1692249816861,1693222081204,371,286,85
147,1693222081204,1692249816963,1692249817264,1693222081618,414,301,113
148,1693222081618,1692249817378,1692249817692,1693222082056,438,314,124
149,1693222082056,1692249817790,1692249818117,1693222082457,401,327,74
150,1693222082457,1692249818212,1692249818614,1693222083027,570,402,168
151,1693222083028,1692249818767,1692249819028,1693222083449,421,261,160
152,1693222083449,1692249819208,1692249819515,1693222083876,427,307,120
153,1693222083876,1692249819616,1692249819998,1693222084366,490,382,108
154,1693222084366,1692249820124,1692249820413,1693222084777,411,289,122
155,1693222084777,1692249820528,1692249820843,1693222085206,429,315,114
156,1693222085206,1692249820969,1692249821196,1693222085551,345,227,118
157,1693222085551,1692249821299,1692249821629,1693222085984,433,330,103
158,1693222085984,1692249821732,1692249822101,1693222086459,475,369,106
159,1693222086459,1692249822221,1692249822508,1693222086922,463,287,176
160,1693222086922,1692249822668,1692249823011,1693222087359,437,343,94
161,1693222087359,1692249823116,1692249823448,1693222087814,455,332,123
162,1693222087814,1692249823574,1692249823826,1693222088187,373,252,121
163,1693222088187,1692249823933,1692249824305,1693222088646,459,372,87
164,1693222088646,1692249824397,1692249824709,1693222089059,413,312,101
165,1693222089059,1692249824810,1692249825175,1693222089523,464,365,99
166,1693222089524,1692249825286,1692249825506,1693222089900,376,220,156
167,1693222089900,1692249825652,1692249826024,1693222090371,471,372,99
168,1693222090371,1692249826142,1692249826367,1693222090739,368,225,143
169,1693222090739,1692249826499,1692249826763,1693222091134,395,264,131
170,1693222091134,1692249826874,1692249827155,1693222091522,388,281,107
171,1693222091522,1692249827269,1692249827476,1693222091814,292,207,85
172,1693222091814,1692249827563,1692249827941,1693222092321,507,378,129
173,1693222092321,1692249828067,1692249828396,1693222092763,442,329,113
174,1693222092763,1692249828517,1692249828834,1693222093204,441,317,124
175,1693222093204,1692249828944,1692249829207,1693222093553,349,263,86
176,1693222093553,1692249829291,1692249829688,1693222094035,482,397,85
177,1693222094035,1692249829788,1692249830130,1693222094476,441,342,99
178,1693222094476,1692249830228,1692249830515,1693222094870,394,287,107
179,1693222094870,1692249830617,1692249830830,1693222095179,309,213,96
180,1693222095179,1692249830938,1692249831255,1693222095615,436,317,119
181,1693222095615,1692249831369,1692249831727,1693222096069,454,358,96
182,1693222096069,1692249831828,1692249832130,1693222096557,488,302,186
183,1693222096557,1692249832313,1692249832615,1693222096960,403,302,101
184,1693222096960,1692249832707,1692249833090,1693222097489,529,383,146
185,1693222097489,1692249833288,1692249833515,1693222097897,408,227,181
186,1693222097897,1692249833675,1692249833977,1693222098399,502,302,200
187,1693222098399,1692249834183,1692249834485,1693222098846,447,302,145
188,1693222098846,1692249834598,1692249834919,1693222099281,435,321,114
189,1693222099454,1692249835253,1692249835600,1693222099981,527,347,180
190,1693222099981,1692249835770,1692249836275,1693222100642,661,505,156
191,1693222100642,1692249836392,1692249836750,1693222101075,433,358,75
192,1693222101075,1692249836828,1692249837156,1693222101506,431,328,103
193,1693222101506,1692249837281,1692249837614,1693222101989,483,333,150
194,1693222101989,1692249837713,1692249838088,1693222102412,423,375,48
195,1693222102412,1692249838167,1692249838580,1693222102936,524,413,111
196,1693222102936,1692249838718,1692249839005,1693222103390,454,287,167
197,1693222103390,1692249839162,1692249839484,1693222103861,471,322,149
198,1693222103861,1692249839624,1692249840030,1693222104406,545,406,139
199,1693222104406,1692249840167,1692249840560,1693222104925,519,393,126
200,1693222104925,1692249840673,1692249841113,1693222105480,555,440,115
201,1693222105480,1692249841229,1692249841727,1693222106078,598,498,100
202,1693222106078,1692249841826,1692249842320,1693222106671,593,494,99
203,1693222106671,1692249842428,1692249842921,1693222107294,623,493,130
204,1693222107294,1692249843051,1692249843592,1693222108036,742,541,201
205,1693222108036,1692249843796,1692249844258,1693222108648,612,462,150
206,1693222108648,1692249844418,1692249844723,1693222109088,440,305,135
207,1693222109088,1692249844824,1692249845575,1693222109957,869,751,118
208,1693222109957,1692249845742,1692249846199,1693222110602,645,457,188
209,1693222110602,1692249846355,1692249846935,1693222111300,698,580,118
210,1693222111300,1692249847046,1692249847472,1693222111905,605,426,179
211,1693222111906,1692249847692,1692249848051,1693222112421,515,359,156
212,1693222112421,1692249848192,1692249848631,1693222112989,568,439,129
213,1693222112989,1692249848747,1692249849245,1693222113666,677,498,179
214,1693222113666,1692249849411,1692249849782,1693222114138,472,371,101
215,1693222114138,1692249849910,1692249850300,1693222114684,546,390,156
216,1693222114684,1692249850458,1692249850918,1693222115295,611,460,151
217,1693222115295,1692249851072,1692249851576,1693222115952,657,504,153
218,1693222115952,1692249851697,1692249852231,1693222116599,647,534,113
219,1693222116599,1692249852342,1692249852713,1693222117061,462,371,91
220,1693222117061,1692249852842,1692249853180,1693222117559,498,338,160
221,1693222117559,1692249853311,1692249853721,1693222118072,513,410,103
222,1693222118072,1692249853826,1692249854276,1693222118654,582,450,132
223,1693222118654,1692249854413,1692249855013,1693222119363,709,600,109
224,1693222119363,1692249855094,1692249855469,1693222119784,421,375,46
225,1693222119784,1692249855540,1692249856046,1693222120414,630,506,124
226,1693222120414,1692249856157,1692249856744,1693222121095,681,587,94
227,1693222121095,1692249856864,1692249857317,1693222121679,584,453,131
228,1693222121679,1692249857430,1692249857838,1693222122186,507,408,99
229,1693222122186,1692249857942,1692249858377,1693222122815,629,435,194
230,1693222122815,1692249858572,1692249859146,1693222123590,775,574,201
231,1693222123590,1692249859330,1692249860032,1693222124403,813,702,111
232,1693222124403,1692249860178,1692249860488,1693222124859,456,310,146
233,1693222124859,1692249860599,1692249861282,1693222125635,776,683,93
234,1693222125635,1692249861384,1692249861927,1693222126283,648,543,105
235,1693222126283,1692249862026,1692249862469,1693222126803,520,443,77
236,1693222126803,1692249862542,1692249863045,1693222127410,607,503,104
237,1693222127410,1692249863151,1692249863713,1693222128066,656,562,94
238,1693222128066,1692249863797,1692249864136,1693222128458,392,339,53
239,1693222128458,1692249864217,1692249864707,1693222129080,622,490,132
240,1693222129080,1692249864857,1692249865281,1693222129644,564,424,140
241,1693222129653,1692249865409,1692249865675,1693222130017,364,266,98
242,1693222130017,1692249865776,1692249866120,1693222130471,454,344,110
243,1693222130471,1692249866213,1692249866570,1693222130905,434,357,77
244,1693222130905,1692249866698,1692249866966,1693222131325,420,268,152
245,1693222131325,1692249867063,1692249867311,1693222131664,339,248,91
246,1693222131664,1692249867443,1692249867664,1693222132034,370,221,149
247,1693222132034,1692249867803,1692249868235,1693222132584,550,432,118
248,1693222132584,1692249868334,1692249868722,1693222133069,485,388,97
249,1693222133070,1692249868811,1692249869186,1693222133533,463,375,88
250,1693222133534,1692249869284,1692249869694,1693222134044,510,410,100
251,1693222134044,1692249869815,1692249870146,1693222134544,500,331,169
252,1693222134544,1692249870332,1692249870563,1693222134935,391,231,160
253,1693222134935,1692249870691,1692249871021,1693222135378,443,330,113
254,1693222135378,1692249871121,1692249871430,1693222135771,393,309,84
255,1693222135771,1692249871525,1692249871811,1693222136173,402,286,116
256,1693222136173,1692249871942,1692249872231,1693222136589,416,289,127
257,1693222136589,1692249872312,1692249872696,1693222137035,446,384,62
258,1693222137035,1692249872791,1692249873067,1693222137425,390,276,114
259,1693222137425,1692249873180,1692249873550,1693222137914,489,370,119
260,1693222137914,1692249873672,1692249873936,1693222138337,423,264,159
261,1693222138337,1692249874097,1692249874364,1693222138732,395,267,128
262,1693222138732,1692249874487,1692249874786,1693222139148,416,299,117
263,1693222139148,1692249874936,1692249875177,1693222139545,397,241,156
264,1693222139545,1692249875296,1692249875518,1693222139987,442,222,220
265,1693222139987,1692249875760,1692249876036,1693222140404,417,276,141
266,1693222140404,1692249876166,1692249876471,1693222140889,485,305,180
267,1693222140889,1692249876670,1692249876941,1693222141312,423,271,152
268,1693222141312,1692249877078,1692249877373,1693222141813,501,295,206
269,1693222141813,1692249877568,1692249877933,1693222142298,485,365,120
270,1693222142298,1692249878047,1692249878400,1693222142759,461,353,108
271,1693222142759,1692249878503,1692249878910,1693222143251,492,407,85
272,1693222143251,1692249879016,1692249879252,1693222143619,368,236,132
273,1693222143619,1692249879384,1692249879606,1693222143977,358,222,136
274,1693222143977,1692249879722,1692249880109,1693222144452,475,387,88
275,1693222144452,1692249880193,1692249880526,1693222144869,417,333,84
276,1693222144869,1692249880628,1692249880932,1693222145291,422,304,118
277,1693222145292,1692249881048,1692249881375,1693222145730,438,327,111
278,1693222145730,1692249881483,1692249881683,1693222146047,317,200,117
279,1693222146047,1692249881800,1692249882132,1693222146492,445,332,113
280,1693222146492,1692249882246,1692249882547,1693222146913,421,301,120
281,1693222146913,1692249882677,1692249882906,1693222147275,362,229,133
282,1693222147275,1692249883033,1692249883334,1693222147692,417,301,116
283,1693222147692,1692249883478,1692249883752,1693222148120,428,274,154
284,1693222148120,1692249883913,1692249884112,1693222148500,380,199,181
285,1693222148500,1692249884242,1692249884647,1693222148983,483,405,78
286,1693222148983,1692249884747,1692249885008,1693222149373,390,261,129
287,1693222149373,1692249885144,1692249885437,1693222149809,436,293,143
288,1693222149809,1692249885581,1692249885862,1693222150237,428,281,147
289,1693222150237,1692249886003,1692249886336,1693222150699,462,333,129
290,1693222150699,1692249886440,1692249886832,1693222151225,526,392,134
291,1693222151225,1692249886997,1692249887307,1693222151707,482,310,172
292,1693222151707,1692249887466,1692249887812,1693222152161,454,346,108
293,1693222152161,1692249887920,1692249888230,1693222152588,427,310,117
294,1693222152588,1692249888338,1692249888613,1693222152980,392,275,117
295,1693222152980,1692249888756,1692249889006,1693222153365,385,250,135
296,1693222153365,1692249889144,1692249889370,1693222153739,374,226,148
297,1693222153739,1692249889491,1692249889823,1693222154175,436,332,104
298,1693222154175,1692249889945,1692249890198,1693222154624,449,253,196
299,1693222154624,1692249890370,1692249890782,1693222155128,504,412,92
300,1693222155128,1692249890879,1692249891258,1693222155628,500,379,121
301,1693222155628,1692249891379,1692249891682,1693222156042,414,303,111
302,1693222156042,1692249891777,1692249892117,1693222156455,413,340,73
303,1693222156455,1692249892203,1692249892582,1693222156945,490,379,111
304,1693222156945,1692249892700,1692249892984,1693222157484,539,284,255
305,1693222157484,1692249893225,1692249893560,1693222157919,435,335,100
306,1693222157919,1692249893660,1692249893997,1693222158332,413,337,76
307,1693222158332,1692249894077,1692249894418,1693222158761,429,341,88
308,1693222158761,1692249894527,1692249894789,1693222159148,387,262,125
309,1693222159148,1692249894889,1692249895201,1693222159610,462,312,150
310,1693222159610,1692249895372,1692249895703,1693222160054,444,331,113
311,1693222160231,1692249895997,1692249896542,1693222160894,663,545,118
312,1693222160894,1692249896670,1692249897005,1693222161374,480,335,145
313,1693222161374,1692249897126,1692249897575,1693222161917,543,449,94
314,1693222161917,1692249897706,1692249898000,1693222162390,473,294,179
315,1693222162390,1692249898141,1692249898406,1693222162782,392,265,127
316,1693222162782,1692249898523,1692249898932,1693222163295,513,409,104
317,1693222163295,1692249899051,1692249899628,1693222163978,683,577,106
318,1693222163978,1692249899751,1692249900217,1693222164582,604,466,138
319,1693222164582,1692249900359,1692249900780,1693222165150,568,421,147
320,1693222165150,1692249900913,1692249901376,1693222165780,630,463,167
321,1693222165780,1692249901520,1692249902014,1693222166365,585,494,91
322,1693222166365,1692249902137,1692249902506,1693222166877,512,369,143
323,1693222166877,1692249902621,1692249903316,1693222167726,849,695,154
324,1693222167726,1692249903511,1692249903905,1693222168289,563,394,169
325,1693222168289,1692249904041,1692249904476,1693222168830,541,435,106
326,1693222168831,1692249904600,1692249905007,1693222169368,537,407,130
327,1693222169368,1692249905156,1692249905495,1693222169880,512,339,173
328,1693222169880,1692249905627,1692249906164,1693222170582,702,537,165
329,1693222170582,1692249906324,1692249906675,1693222171039,457,351,106
330,1693222171039,1692249906782,1692249907170,1693222171518,479,388,91
331,1693222171518,1692249907290,1692249907782,1693222172193,675,492,183
332,1693222172193,1692249907950,1692249908455,1693222172813,620,505,115
333,1693222172813,1692249908604,1692249908985,1693222173356,543,381,162
334,1693222173356,1692249909092,1692249909612,1693222173950,594,520,74
335,1693222173950,1692249909694,1692249910099,1693222174451,501,405,96
336,1693222174451,1692249910206,1692249910743,1693222175103,652,537,115
337,1693222175103,1692249910847,1692249911320,1693222175673,570,473,97
338,1693222175673,1692249911419,1692249911735,1693222176060,387,316,71
339,1693222176060,1692249911829,1692249912192,1693222176555,495,363,132
340,1693222176555,1692249912317,1692249912846,1693222177204,649,529,120
341,1693222177204,1692249912966,1692249913451,1693222177815,611,485,126
342,1693222177815,1692249913565,1692249913929,1693222178308,493,364,129
343,1693222178308,1692249914060,1692249914571,1693222178994,686,511,175
344,1693222178994,1692249914730,1692249915147,1693222179501,507,417,90
345,1693222179501,1692249915259,1692249915723,1693222180089,588,464,124
346,1693222180089,1692249915831,1692249916281,1693222180730,641,450,191
347,1693222180730,1692249916475,1692249916950,1693222181319,589,475,114
348,1693222181319,1692249917070,1692249917380,1693222181737,418,310,108
349,1693222181737,1692249917479,1692249917922,1693222182264,527,443,84
350,1693222182264,1692249918041,1692249918490,1693222182871,607,449,158
351,1693222182871,1692249918607,1692249918770,1693222183079,208,163,45
352,1693222183079,1692249918838,1692249919394,1693222183748,669,556,113
353,1693222183748,1692249919542,1692249919837,1693222184209,461,295,166
354,1693222184209,1692249919951,1692249920542,1693222184913,704,591,113
355,1693222184913,1692249920655,1692249921035,1693222185376,463,380,83
356,1693222185376,1692249921159,1692249921549,1693222185911,535,390,145
357,1693222185911,1692249921675,1692249922130,1693222186499,588,455,133
358,1693222186499,1692249922239,1692249922807,1693222187140,641,568,73
359,1693222187140,1692249923092,1692249923433,1693222187818,678,341,337
360,1693222187818,1692249923592,1692249923992,1693222188374,556,400,156
361,1693222188374,1692249924129,1692249924630,1693222189009,635,501,134
362,1693222189009,1692249924755,1692249925400,1693222189755,746,645,101
363,1693222189755,1692249925514,1692249925956,1693222190316,561,442,119
364,1693222190323,1692249926072,1692249926276,1693222190650,327,204,123
365,1693222190650,1692249926404,1692249926606,1693222190992,342,202,140
366,1693222190992,1692249926749,1692249927119,1693222191479,487,370,117
367,1693222191479,1692249927242,1692249927550,1693222191912,433,308,125
368,1693222191912,1692249927667,1692249927964,1693222192325,413,297,116
369,1693222192326,1692249928072,1692249928336,1693222192715,389,264,125
370,1693222192715,1692249928482,1692249928862,1693222193213,498,380,118
371,1693222193213,1692249928986,1692249929307,1693222193691,478,321,157
372,1693222193691,1692249929448,1692249929726,1693222194056,365,278,87
373,1693222194056,1692249929824,1692249930121,1693222194472,416,297,119
374,1693222194473,1692249930220,1692249930678,1693222195030,557,458,99
375,1693222195030,1692249930775,1692249931130,1693222195464,434,355,79
376,1693222195464,1692249931213,1692249931559,1693222195983,519,346,173
377,1693222195983,1692249931748,1692249932120,1693222196469,486,372,114
378,1693222196469,1692249932197,1692249932513,1693222196875,406,316,90
379,1693222196875,1692249932645,1692249932964,1693222197335,460,319,141
380,1693222197335,1692249933097,1692249933418,1693222197785,450,321,129
381,1693222197785,1692249933536,1692249933966,1693222198317,532,430,102
382,1693222198317,1692249934060,1692249934439,1693222198839,522,379,143
383,1693222198839,1692249934614,1692249934859,1693222199270,431,245,186
384,1693222199270,1692249935029,1692249935330,1693222199772,502,301,201
385,1693222199772,1692249935536,1692249935839,1693222200201,429,303,126
386,1693222200201,1692249935964,1692249936346,1693222200702,501,382,119
387,1693222200702,1692249936453,1692249936800,1693222201139,437,347,90
388,1693222201139,1692249936885,1692249937243,1693222201586,447,358,89
389,1693222201586,1692249937367,1692249937681,1693222202043,457,314,143
390,1693222202043,1692249937804,1692249938106,1693222202440,397,302,95
391,1693222202440,1692249938204,1692249938407,1693222202784,344,203,141
392,1693222202784,1692249938545,1692249938796,1693222203160,376,251,125
393,1693222203160,1692249938921,1692249939270,1693222203662,502,349,153
394,1693222203662,1692249939393,1692249939742,1693222204072,410,349,61
395,1693222204072,1692249939826,1692249940113,1693222204457,385,287,98
396,1693222204457,1692249940209,1692249940523,1693222204890,433,314,119
397,1693222204891,1692249940670,1692249940909,1693222205287,396,239,157
398,1693222205287,1692249941045,1692249941375,1693222205727,440,330,110
399,1693222205727,1692249941493,1692249941864,1693222206218,491,371,120
400,1693222206219,1692249941966,1692249942265,1693222206628,409,299,110
401,1693222206628,1692249942375,1692249942647,1693222207007,379,272,107
402,1693222207007,1692249942759,1692249943144,1693222207486,479,385,94
403,1693222207486,1692249943232,1692249943652,1693222208010,524,420,104
404,1693222208010,1692249943741,1692249944226,1693222208563,553,485,68
405,1693222208563,1692249944312,1692249944690,1693222209043,480,378,102
406,1693222209043,1692249944786,1692249945163,1693222209502,459,377,82
407,1693222209502,1692249945252,1692249945602,1693222209989,487,350,137
408,1693222209989,1692249945720,1692249946113,1693222210443,454,393,61
409,1693222210443,1692249946203,1692249946457,1693222210836,393,254,139
410,1693222210836,1692249946580,1692249946942,1693222211293,457,362,95
411,1693222211293,1692249947045,1692249947392,1693222211744,451,347,104
412,1693222211744,1692249947481,1692249947811,1693222212149,405,330,75
413,1693222212149,1692249947894,1692249948177,1693222212511,362,283,79
414,1693222212512,1692249948260,1692249948569,1693222212938,426,309,117
415,1693222212938,1692249948684,1692249949071,1693222213424,486,387,99
416,1693222213424,1692249949187,1692249949507,1693222213864,440,320,120
417,1693222213864,1692249949603,1692249950000,1693222214337,473,397,76
418,1693222214337,1692249950116,1692249950347,1693222214723,386,231,155
419,1693222214723,1692249950493,1692249950792,1693222215144,421,299,122
420,1693222215144,1692249950922,1692249951170,1693222215548,404,248,156
421,1693222215548,1692249951287,1692249951627,1693222215971,423,340,83
422,1693222215971,1692249951728,1692249952093,1693222216438,467,365,102
423,1693222216438,1692249952191,1692249952560,1693222216918,480,369,111
424,1693222216918,1692249952683,1692249953001,1693222217405,487,318,169
425,1693222217405,1692249953195,1692249953542,1693222217895,490,347,143
426,1693222217895,1692249953643,1692249953962,1693222218406,511,319,192
427,1693222218406,1692249954162,1692249954526,1693222218876,470,364,106
428,1693222218876,1692249954625,1692249954994,1693222219338,462,369,93
429,1693222219338,1692249955076,1692249955542,1693222219906,568,466,102
430,1693222219906,1692249955661,1692249956034,1693222220383,477,373,104
431,1693222220558,1692249956306,1692249956845,1693222221193,635,539,96
432,1693222221193,1692249956951,1692249957420,1693222221758,565,469,96
433,1693222221758,1692249957538,1692249957818,1693222222202,444,280,164
434,1693222222202,1692249957971,1692249958414,1693222222765,563,443,120
435,1693222222765,1692249958579,1692249958897,1693222223271,506,318,188
436,1693222223271,1692249959039,1692249959563,1693222223955,684,524,160
437,1693222223955,1692249959720,1692249960240,1693222224592,637,520,117
438,1693222224592,1692249960338,1692249960758,1693222225133,541,420,121
439,1693222225133,1692249960882,1692249961558,1693222225902,769,676,93
440,1693222225902,1692249961659,1692249962229,1693222226677,775,570,205
441,1693222226677,1692249962429,1692249962955,1693222227303,626,526,100
442,1693222227303,1692249963083,1692249963371,1693222227758,455,288,167
443,1693222227758,1692249963531,1692249963836,1693222228208,450,305,145
444,1693222228208,1692249963972,1692249964334,1693222228695,487,362,125
445,1693222228695,1692249964445,1692249964964,1693222229318,623,519,104
446,1693222229318,1692249965070,1692249965629,1693222229986,668,559,109
447,1693222229986,1692249965758,1692249966094,1693222230453,467,336,131
448,1693222230453,1692249966198,1692249966593,1693222230952,499,395,104
449,1693222230952,1692249966700,1692249967164,1693222231533,581,464,117
450,1693222231533,1692249967288,1692249967728,1693222232083,550,440,110
451,1693222232083,1692249967817,1692249968176,1693222232505,422,359,63
452,1693222232505,1692249968242,1692249968705,1693222233150,645,463,182
453,1693222233150,1692249968901,1692249969330,1693222233692,542,429,113
454,1693222233692,1692249969454,1692249969805,1693222234167,475,351,124
455,1693222234167,1692249969934,1692249970258,1693222234627,460,324,136
456,1693222234627,1692249970387,1692249970725,1693222235093,466,338,128
457,1693222235093,1692249970869,1692249971272,1693222235629,536,403,133
458,1693222235629,1692249971409,1692249971815,1693222236183,554,406,148
459,1693222236183,1692249971939,1692249972386,1693222236736,553,447,106
460,1693222236736,1692249972489,1692249972836,1693222237187,451,347,104
461,1693222237187,1692249972945,1692249973468,1693222237827,640,523,117
462,1693222237827,1692249973611,1692249973876,1693222238247,420,265,155
463,1693222238247,1692249974010,1692249974326,1693222238682,435,316,119
464,1693222238682,1692249974430,1692249974965,1693222239302,620,535,85
465,1693222239302,1692249975069,1692249975584,1693222240032,730,515,215
466,1693222240032,1692249975821,1692249976151,1693222240524,492,330,162
467,1693222240524,1692249976281,1692249976824,1693222241185,661,543,118
468,1693222241185,1692249976932,1692249977594,1693222241965,780,662,118
469,1693222241965,1692249977745,1692249978327,1693222242695,730,582,148
470,1693222242695,1692249978480,1692249979039,1693222243392,697,559,138
471,1693222243392,1692249979168,1692249979546,1693222243914,522,378,144
472,1693222243914,1692249979688,1692249980161,1693222244528,614,473,141
473,1693222244528,1692249980309,1692249980677,1693222245052,524,368,156
474,1693222245052,1692249980825,1692249981320,1693222245677,625,495,130
475,1693222245678,1692249981425,1692249981790,1693222246141,463,365,98
476,1693222246142,1692249981910,1692249982327,1693222246693,551,417,134
477,1693222246693,1692249982459,1692249982982,1693222247525,832,523,309
478,1693222247525,1692249983313,1692249983696,1693222248108,583,383,200
479,1693222248108,1692249983851,1692249984482,1693222248913,805,631,174
480,1693222248914,1692249984670,1692249985113,1693222249501,587,443,144
481,1693222249503,1692249985281,1692249985691,1693222250065,562,410,152
482,1693222250065,1692249985857,1692249986367,1693222250713,648,510,138
483,1693222250720,1692249986524,1692249986829,1693222251200,480,305,175
484,1693222251201,1692249987027,1692249987296,1693222251697,496,269,227
485,1693222251697,1692249987473,1692249987777,1693222252137,440,304,136
486,1693222252137,1692249987924,1692249988209,1693222252566,429,285,144
487,1693222252566,1692249988447,1692249988763,1693222253170,604,316,288
488,1693222253170,1692249989026,1692249989283,1693222253614,444,257,187
489,1693222253614,1692249989359,1692249989663,1693222254015,401,304,97
490,1693222254015,1692249989759,1692249990052,1693222254415,400,293,107
491,1693222254415,1692249990164,1692249990486,1693222254851,436,322,114
492,1693222254851,1692249990687,1692249991065,1693222255422,571,378,193
493,1693222255422,1692249991185,1692249991620,1693222255991,569,435,134
494,1693222255991,1692249991773,1692249992037,1693222256409,418,264,154
495,1693222256409,1692249992191,1692249992464,1693222256827,418,273,145
496,1693222256827,1692249992620,1692249992872,1693222257249,422,252,170
497,1693222257250,1692249993061,1692249993371,1693222257787,537,310,227
498,1693222257788,1692249993586,1692249993901,1693222258260,472,315,157
499,1693222258260,1692249994032,1692249994242,1693222258620,360,210,150
500,1693222258620,1692249994389,1692249994749,1693222259136,516,360,156
501,1693222259136,1692249994917,1692249995297,1693222259651,515,380,135
502,1693222259652,1692249995409,1692249995752,1693222260105,453,343,110
503,1693222260105,1692249995882,1692249996131,1693222260505,400,249,151
504,1693222260505,1692249996284,1692249996561,1693222260918,413,277,136
505,1693222260918,1692249996690,1692249996917,1693222261283,365,227,138
506,1693222261283,1692249997054,1692249997396,1693222261746,463,342,121
507,1693222261746,1692249997506,1692249997751,1693222262134,388,245,143
508,1693222262134,1692249997865,1692249998257,1693222262590,456,392,64
509,1693222262590,1692249998342,1692249998697,1693222263055,465,355,110
510,1693222263055,1692249998797,1692249999225,1693222263660,605,428,177
511,1693222263660,1692249999451,1692249999643,1693222264025,365,192,173
512,1693222264025,1692249999765,1692250000145,1693222264486,461,380,81
513,1693222264486,1692250000227,1692250000636,1693222264985,499,409,90
514,1693222264985,1692250000752,1692250000972,1693222265343,358,220,138
515,1693222265343,1692250001103,1692250001357,1693222265721,378,254,124
516,1693222265721,1692250001486,1692250001711,1693222266093,372,225,147
517,1693222266093,1692250001836,1692250002172,1693222266527,434,336,98
518,1693222266527,1692250002287,1692250002540,1693222266956,429,253,176
519,1693222266956,1692250002703,1692250002995,1693222267351,395,292,103
520,1693222267351,1692250003086,1692250003462,1693222267838,487,376,111
521,1693222267838,1692250003644,1692250003924,1693222268300,462,280,182
522,1693222268300,1692250004064,1692250004343,1693222268684,384,279,105
523,1693222268684,1692250004485,1692250004702,1693222269074,390,217,173
524,1693222269074,1692250004816,1692250005155,1693222269504,430,339,91
525,1693222269504,1692250005250,1692250005571,1693222270011,507,321,186
526,1693222270011,1692250005788,1692250006147,1693222270492,481,359,122
527,1693222270492,1692250006260,1692250006520,1693222270892,400,260,140
528,1693222270892,1692250006650,1692250006963,1693222271325,433,313,120
529,1693222271326,1692250007098,1692250007345,1693222271717,391,247,144
530,1693222271717,1692250007492,1692250007710,1693222272107,390,218,172
531,1693222272107,1692250007903,1692250008120,1693222272615,508,217,291
532,1693222272615,1692250008512,1692250008781,1693222273146,531,269,262
533,1693222273146,1692250008929,1692250009187,1693222273544,398,258,140
534,1693222273544,1692250009314,1692250009516,1693222273885,341,202,139
535,1693222273885,1692250009630,1692250009894,1693222274226,341,264,77
536,1693222274226,1692250009972,1692250010346,1693222274718,492,374,118
537,1693222274718,1692250010487,1692250010813,1693222275167,449,326,123
538,1693222275167,1692250010929,1692250011293,1693222275634,467,364,103
539,1693222275634,1692250011409,1692250011670,1693222276034,400,261,139
540,1693222276034,1692250011777,1692250012109,1693222276453,419,332,87
541,1693222276453,1692250012192,1692250012695,1693222277033,580,503,77
542,1693222277033,1692250012804,1692250013138,1693222277537,504,334,170
543,1693222277537,1692250013332,1692250013553,1693222277938,401,221,180
544,1693222277939,1692250013690,1692250013991,1693222278344,405,301,104
545,1693222278344,1692250014111,1692250014444,1693222278821,477,333,144
546,1693222278821,1692250014564,1692250014929,1693222279264,443,365,78
547,1693222279264,1692250015018,1692250015323,1693222279756,492,305,187
548,1693222279756,1692250015532,1692250015855,1693222280251,495,323,172
549,1693222280251,1692250015999,1692250016326,1693222280755,504,327,177
550,1693222280931,1692250016692,1692250017126,1693222281493,562,434,128
551,1693222281493,1692250017239,1692250017816,1693222282191,698,577,121
552,1693222282191,1692250017947,1692250018348,1693222282740,549,401,148
553,1693222282740,1692250018494,1692250018936,1693222283301,561,442,119
554,1693222283301,1692250019066,1692250019421,1693222283777,476,355,121
555,1693222283777,1692250019531,1692250019828,1693222284188,411,297,114
556,1693222284188,1692250019922,1692250020424,1693222284771,583,502,81
557,1693222284771,1692250020538,1692250020876,1693222285249,478,338,140
558,1693222285249,1692250020987,1692250021570,1693222285904,655,583,72
559,1693222285904,1692250021667,1692250022061,1693222286422,518,394,124
560,1693222286422,1692250022166,1692250022724,1693222287067,645,558,87
561,1693222287067,1692250022818,1692250023280,1693222287635,568,462,106
562,1693222287635,1692250023416,1692250023787,1693222288161,526,371,155
563,1693222288161,1692250023916,1692250024567,1693222288962,801,651,150
564,1693222288962,1692250024711,1692250025105,1693222289463,501,394,107
565,1693222289463,1692250025203,1692250025645,1693222289996,533,442,91
566,1693222289996,1692250025730,1692250026204,1693222290537,541,474,67
567,1693222290537,1692250026288,1692250026798,1693222291153,616,510,106
568,1693222291153,1692250026908,1692250027458,1693222291812,659,550,109
569,1693222291812,1692250027553,1692250028061,1693222292404,592,508,84
570,1693222292404,1692250028167,1692250028618,1693222292968,564,451,113
571,1693222292968,1692250028705,1692250029119,1693222293456,488,414,74
572,1693222293456,1692250029215,1692250029554,1693222293918,462,339,123
573,1693222293918,1692250029669,1692250030059,1693222294406,488,390,98
574,1693222294406,1692250030160,1692250030679,1693222295035,629,519,110
575,1693222295035,1692250030789,1692250031163,1693222295531,496,374,122
576,1693222295531,1692250031270,1692250031657,1693222296013,482,387,95
577,1693222296013,1692250031781,1692250032323,1693222296665,652,542,110
578,1693222296665,1692250032429,1692250032757,1693222297127,462,328,134
579,1693222297127,1692250032870,1692250033379,1693222297719,592,509,83
580,1693222297719,1692250033459,1692250033791,1693222298132,413,332,81
581,1693222298132,1692250033894,1692250034274,1693222298630,498,380,118
582,1693222298630,1692250034406,1692250034702,1693222299075,445,296,149
583,1693222299075,1692250034842,1692250035149,1693222299525,450,307,143
584,1693222299525,1692250035270,1692250035912,1693222300260,735,642,93
585,1693222300260,1692250036026,1692250036229,1693222300581,321,203,118
586,1693222300581,1692250036354,1692250036628,1693222300995,414,274,140
587,1693222300995,1692250036744,1692250037287,1693222301646,651,543,108
588,1693222301646,1692250037410,1692250037808,1693222302179,533,398,135
589,1693222302179,1692250037935,1692250038356,1693222302715,536,421,115
590,1693222302715,1692250038476,1692250038962,1693222303330,615,486,129
591,1693222303330,1692250039110,1692250039390,1693222303772,442,280,162
592,1693222303772,1692250039516,1692250039943,1693222304308,536,427,109
593,1693222304308,1692250040078,1692250040441,1693222304819,511,363,148
594,1693222304819,1692250040575,1692250040990,1693222305359,540,415,125
595,1693222305359,1692250041114,1692250041597,1693222305963,604,483,121
596,1693222305963,1692250041730,1692250042086,1693222306456,493,356,137
597,1693222306456,1692250042210,1692250042704,1693222307081,625,494,131
598,1693222307081,1692250042843,1692250043382,1693222307738,657,539,118
599,1693222307738,1692250043485,1692250043926,1693222308305,567,441,126
600,1693222308305,1692250044095,1692250044540,1693222308893,588,445,143
601,1693222308893,1692250044648,1692250045239,1693222309584,691,591,100
602,1693222309584,1692250045311,1692250045727,1693222310057,473,416,57
603,1693222310057,1692250045795,1692250046133,1693222310478,421,338,83
604,1693222310478,1692250046253,1692250046706,1693222311067,589,453,136
605,1693222311074,1692250046845,1692250047041,1693222311413,339,196,143
606,1693222311413,1692250047185,1692250047514,1693222311894,481,329,152
607,1693222311894,1692250047648,1692250048056,1693222312410,516,408,108
608,1693222312410,1692250048163,1692250048526,1693222312911,501,363,138
609,1693222312911,1692250048659,1692250049080,1693222313421,510,421,89
610,1693222313421,1692250049161,1692250049499,1693222313882,461,338,123
611,1693222313882,1692250049655,1692250049970,1693222314327,445,315,130
612,1693222314327,1692250050071,1692250050473,1693222314821,494,402,92
613,1693222314821,1692250050599,1692250050919,1693222315272,451,320,131
614,1693222315272,1692250051056,1692250051281,1693222315645,373,225,148
615,1693222315645,1692250051398,1692250051771,1693222316107,462,373,89
616,1693222316107,1692250051871,1692250052202,1693222316553,446,331,115
617,1693222316553,1692250052350,1692250052652,1693222317013,460,302,158
618,1693222317013,1692250052771,1692250053020,1693222317355,342,249,93
619,1693222317356,1692250053140,1692250053350,1693222317733,377,210,167
620,1693222317733,1692250053505,1692250053744,1693222318103,370,239,131
621,1693222318103,1692250053858,1692250054224,1693222318565,462,366,96
622,1693222318565,1692250054322,1692250054615,1693222318950,385,293,92
623,1693222318950,1692250054729,1692250055032,1693222319387,437,303,134
624,1693222319387,1692250055144,1692250055511,1693222319873,486,367,119
625,1693222319873,1692250055623,1692250055864,1693222320221,348,241,107
626,1693222320221,1692250055991,1692250056345,1693222320713,492,354,138
627,1693222320713,1692250056490,1692250056778,1693222321109,396,288,108
628,1693222321109,1692250056854,1692250057218,1693222321549,440,364,76
629,1693222321549,1692250057326,1692250057707,1693222322061,512,381,131
630,1693222322061,1692250057823,1692250058159,1693222322511,450,336,114
631,1693222322511,1692250058275,1692250058580,1693222322940,429,305,124
632,1693222322940,1692250058716,1692250058996,1693222323367,427,280,147
633,1693222323368,1692250059119,1692250059474,1693222323811,443,355,88
634,1693222323811,1692250059560,1692250059929,1693222324267,456,369,87
635,1693222324267,1692250060015,1692250060460,1693222324806,539,445,94
636,1693222324806,1692250060554,1692250060929,1693222325277,471,375,96
637,1693222325277,1692250061033,1692250061259,1693222325739,462,226,236
638,1693222325740,1692250061515,1692250061824,1693222326179,439,309,130
639,1693222326179,1692250061955,1692250062255,1693222326645,466,300,166
640,1693222326645,1692250062386,1692250062762,1693222327095,450,376,74
641,1693222327096,1692250062883,1692250063117,1693222327491,395,234,161
642,1693222327491,1692250063238,1692250063578,1693222327914,423,340,83
643,1693222327914,1692250063670,1692250064040,1693222328392,478,370,108
644,1693222328392,1692250064152,1692250064501,1693222328858,466,349,117
645,1693222328858,1692250064602,1692250064991,1693222329318,460,389,71
646,1693222329318,1692250065073,1692250065431,1693222329784,466,358,108
647,1693222329784,1692250065549,1692250065870,1693222330227,443,321,122
648,1693222330227,1692250065987,1692250066264,1693222330633,406,277,129
649,1693222330633,1692250066393,1692250066749,1693222331102,469,356,113
650,1693222331102,1692250066860,1692250067150,1693222331514,412,290,122
651,1693222331514,1692250067275,1692250067610,1693222331963,449,335,114
652,1693222331963,1692250067704,1692250068035,1693222332370,407,331,76
653,1693222332370,1692250068124,1692250068421,1693222332799,429,297,132
654,1693222332799,1692250068574,1692250068869,1693222333193,394,295,99
655,1693222333193,1692250068974,1692250069208,1693222333611,418,234,184
656,1693222333611,1692250069376,1692250069664,1693222334091,480,288,192
657,1693222334091,1692250069857,1692250070174,1693222334528,437,317,120
658,1693222334528,1692250070269,1692250070707,1693222335046,518,438,80
659,1693222335046,1692250070808,1692250071136,1693222335491,445,328,117
660,1693222335491,1692250071254,1692250071611,1693222335962,471,357,114
661,1693222335962,1692250071723,1692250071996,1693222336351,389,273,116
662,1693222336351,1692250072111,1692250072458,1693222336806,455,347,108
663,1693222336806,1692250072568,1692250072910,1693222337394,588,342,246
664,1693222337394,1692250073204,1692250073412,1693222337795,401,208,193
665,1693222337795,1692250073536,1692250073793,1693222338194,399,257,142
666,1693222338194,1692250073955,1692250074275,1693222338716,522,320,202
667,1693222338716,1692250074476,1692250074888,1693222339230,514,412,102
668,1693222339230,1692250074973,1692250075278,1693222339639,409,305,104
669,1693222339639,1692250075384,1692250075795,1693222340139,500,411,89
670,1693222340139,1692250075901,1692250076187,1693222340583,444,286,158
671,1693222340583,1692250076331,1692250076752,1693222341087,504,421,83
672,1693222341264,1692250077016,1692250077522,1693222341884,620,506,114
673,1693222341884,1692250077641,1692250078208,1693222342562,678,567,111
674,1693222342562,1692250078305,1692250078730,1693222343129,567,425,142
675,1693222343129,1692250078897,1692250079227,1693222343618,489,330,159
676,1693222343618,1692250079366,1692250079841,1693222344197,579,475,104
677,1693222344197,1692250079962,1692250080326,1693222344687,490,364,126
678,1693222344687,1692250080430,1692250080810,1693222345168,481,380,101
679,1693222345168,1692250080948,1692250081267,1693222345702,534,319,215
680,1693222345702,1692250081444,1692250081846,1693222346200,498,402,96
681,1693222346200,1692250081945,1692250082378,1693222346712,512,433,79
682,1693222346712,1692250082464,1692250082924,1693222347264,552,460,92
683,1693222347264,1692250083016,1692250083574,1693222347925,661,558,103
684,1693222347925,1692250083681,1692250084083,1693222348455,530,402,128
685,1693222348455,1692250084189,1692250084602,1693222348938,483,413,70
686,1693222348938,1692250084692,1692250085119,1693222349474,536,427,109
687,1693222349474,1692250085231,1692250085769,1693222350116,642,538,104
688,1693222350116,1692250085859,1692250086064,1693222350372,256,205,51
689,1693222350372,1692250086112,1692250086604,1693222351019,647,492,155
690,1693222351019,1692250086764,1692250087205,1693222351566,547,441,106
691,1693222351566,1692250087317,1692250087621,1693222351987,421,304,117
692,1693222351987,1692250087750,1692250088156,1693222352511,524,406,118
693,1693222352511,1692250088254,1692250088615,1693222353041,530,361,169
694,1693222353041,1692250088801,1692250089159,1693222353485,444,358,86
695,1693222353485,1692250089245,1692250089661,1693222354034,549,416,133
696,1693222354034,1692250089799,1692250090243,1693222354603,569,444,125
697,1693222354603,1692250090376,1692250090805,1693222355170,567,429,138
698,1693222355170,1692250090923,1692250091392,1693222355736,566,469,97
699,1693222355736,1692250091504,1692250091966,1693222356331,595,462,133
700,1693222356331,1692250092076,1692250092548,1693222356948,617,472,145
701,1693222356948,1692250092702,1692250093228,1693222357579,631,526,105
702,1693222357579,1692250093302,1692250093773,1693222358102,523,471,52
703,1693222358102,1692250093854,1692250094316,1693222358666,564,462,102
704,1693222358666,1692250094412,1692250094796,1693222359164,498,384,114
705,1693222359164,1692250094913,1692250095338,1693222359720,556,425,131
706,1693222359720,1692250095477,1692250095918,1693222360286,566,441,125
707,1693222360286,1692250096026,1692250096286,1693222360624,338,260,78
708,1693222360624,1692250096363,1692250096863,1693222361212,588,500,88
709,1693222361212,1692250096953,1692250097404,1693222361752,540,451,89
710,1693222361752,1692250097496,1692250098028,1693222362361,609,532,77
711,1693222362361,1692250098123,1692250098559,1693222362924,563,436,127
712,1693222362924,1692250098691,1692250099083,1693222363438,514,392,122
713,1693222363438,1692250099200,1692250099562,1693222363922,484,362,122
714,1693222363922,1692250099704,1692250100016,1693222364383,461,312,149
715,1693222364383,1692250100139,1692250100547,1693222364948,565,408,157
716,1693222364948,1692250100697,1692250101157,1693222365503,555,460,95
717,1693222365503,1692250101262,1692250101687,1693222366087,584,425,159
718,1693222366087,1692250101830,1692250102320,1693222366677,590,490,100
719,1693222366677,1692250102422,1692250102938,1693222367491,814,516,298
720,1693222367491,1692250103241,1692250103593,1693222367954,463,352,111
721,1693222367954,1692250103709,1692250104204,1693222368629,675,495,180
722,1693222368629,1692250104375,1692250104771,1693222369300,671,396,275
723,1693222369300,1692250105051,1692250105470,1693222369853,553,419,134
724,1693222369853,1692250105615,1692250106046,1693222370404,551,431,120
725,1693222370404,1692250106148,1692250106665,1693222371005,601,517,84
726,1693222371005,1692250106768,1692250107120,1693222371486,481,352,129
727,1693222371496,1692250107270,1692250107517,1693222371880,384,247,137
728,1693222371880,1692250107640,1692250107910,1693222372271,391,270,121
729,1693222372271,1692250108029,1692250108284,1693222372639,368,255,113
730,1693222372639,1692250108380,1692250108691,1693222373034,395,311,84
731,1693222373034,1692250108775,1692250109098,1693222373426,392,323,69
732,1693222373426,1692250109191,1692250109513,1693222373863,437,322,115
733,1693222373863,1692250109617,1692250109884,1693222374230,367,267,100
734,1693222374230,1692250109976,1692250110326,1693222374667,437,350,87
735,1693222374667,1692250110434,1692250110676,1693222375054,387,242,145
736,1693222375054,1692250110798,1692250111254,1693222375594,540,456,84
737,1693222375594,1692250111351,1692250111700,1693222376055,461,349,112
738,1693222376055,1692250111802,1692250112127,1693222376470,415,325,90
739,1693222376470,1692250112245,1692250112623,1693222376980,510,378,132
740,1693222376980,1692250112766,1692250113071,1693222377428,448,305,143
741,1693222377428,1692250113245,1692250113444,1693222377866,438,199,239
742,1693222377866,1692250113647,1692250113843,1693222378218,352,196,156
743,1693222378218,1692250113998,1692250114270,1693222378627,409,272,137
744,1693222378628,1692250114395,1692250114705,1693222379059,431,310,121
745,1693222379059,1692250114822,1692250115156,1693222379503,444,334,110
746,1693222379503,1692250115269,1692250115538,1693222379897,394,269,125
747,1693222379897,1692250115657,1692250116011,1693222380363,466,354,112
748,1693222380363,1692250116120,1692250116430,1693222380807,444,310,134
749,1693222380807,1692250116581,1692250116853,1693222381221,414,272,142
750,1693222381221,1692250116972,1692250117371,1693222381715,494,399,95
751,1693222381715,1692250117470,1692250117799,1693222382143,428,329,99
752,1693222382143,1692250117883,1692250118328,1693222382664,521,445,76
753,1693222382664,1692250118428,1692250118793,1693222383142,478,365,113
754,1693222383142,1692250118909,1692250119116,1693222383474,332,207,125
755,1693222383474,1692250119246,1692250119545,1693222383987,513,299,214
756,1693222383988,1692250119739,1692250120010,1693222384361,373,271,102
757,1693222384361,1692250120118,1692250120470,1693222384814,453,352,101
758,1693222384814,1692250120562,1692250120795,1693222385154,340,233,107
759,1693222385154,1692250120897,1692250121225,1693222385561,407,328,79
760,1693222385561,1692250121316,1692250121656,1693222386011,450,340,110
761,1693222386011,1692250121779,1692250122061,1693222386422,411,282,129
762,1693222386422,1692250122178,1692250122481,1693222386849,427,303,124
763,1693222386849,1692250122599,1692250122868,1693222387219,370,269,101
764,1693222387219,1692250122986,1692250123206,1693222387584,365,220,145
765,1693222387584,1692250123343,1692250123624,1693222387982,398,281,117
766,1693222387982,1692250123748,1692250124012,1693222388375,393,264,129
767,1693222388375,1692250124130,1692250124452,1693222388815,440,322,118
768,1693222388815,1692250124578,1692250124878,1693222389305,490,300,190
769,1693222389305,1692250125051,1692250125402,1693222389739,434,351,83
770,1693222389739,1692250125529,1692250125766,1693222390148,409,237,172
771,1693222390148,1692250125901,1692250126254,1693222390592,444,353,91
772,1693222390592,1692250126361,1692250126587,1693222390948,356,226,130
773,1693222390948,1692250126700,1692250127064,1693222391406,458,364,94
774,1693222391406,1692250127150,1692250127481,1693222391832,426,331,95
775,1693222391832,1692250127586,1692250127812,1693222392149,317,226,91
776,1693222392149,1692250127929,1692250128207,1693222392611,462,278,184
777,1693222392611,1692250128371,1692250128695,1693222393108,497,324,173
778,1693222393108,1692250128857,1692250129216,1693222393576,468,359,109
779,1693222393576,1692250129371,1692250129621,1693222393994,418,250,168
780,1693222393994,1692250129756,1692250130058,1693222394423,429,302,127
781,1693222394423,1692250130197,1692250130475,1693222394854,431,278,153
782,1693222394854,1692250130616,1692250130844,1693222395258,404,228,176
783,1693222395258,1692250131042,1692250131328,1693222395688,430,286,144
784,1693222395688,1692250131446,1692250131797,1693222396153,465,351,114
785,1693222396153,1692250131907,1692250132273,1693222396663,510,366,144
786,1693222396663,1692250132411,1692250132762,1693222397093,430,351,79
787,1693222397093,1692250132863,1692250133127,1693222397527,434,264,170
788,1693222397527,1692250133304,1692250133655,1693222398001,474,351,123
789,1693222398001,1692250133758,1692250134148,1693222398497,496,390,106
790,1693222398497,1692250134237,1692250134664,1693222399001,504,427,77
791,1693222399001,1692250134743,1692250135102,1693222399447,446,359,87
792,1693222399447,1692250135199,1692250135542,1693222399905,458,343,115
793,1693222399905,1692250135667,1692250136043,1693222400391,486,376,110
794,1693222400391,1692250136165,1692250136419,1693222400778,387,254,133
795,1693222400778,1692250136562,1692250136795,1693222401163,385,233,152
796,1693222401163,1692250136918,1692250137312,1693222401658,495,394,101
797,1693222401836,1692250137598,1692250138128,1693222402501,665,530,135
798,1693222402501,1692250138255,1692250138831,1693222403170,669,576,93
799,1693222403170,1692250138948,1692250139229,1693222403611,441,281,160
800,1693222403611,1692250139374,1692250139894,1693222404248,637,520,117
801,1693222404248,1692250139985,1692250140380,1693222404703,455,395,60
802,1693222404703,1692250140463,1692250140806,1693222405154,451,343,108
803,1693222405154,1692250140908,1692250141278,1693222405634,480,370,110
804,1693222405634,1692250141383,1692250141832,1693222406208,574,449,125
805,1693222406208,1692250141961,1692250142335,1693222406708,500,374,126
806,1693222406708,1692250142450,1692250142942,1693222407303,595,492,103
807,1693222407303,1692250143054,1692250143474,1693222407828,525,420,105
808,1693222407828,1692250143585,1692250144046,1693222408399,571,461,110
809,1693222408399,1692250144142,1692250144450,1693222408804,405,308,97
810,1693222408804,1692250144564,1692250144946,1693222409302,498,382,116
811,1693222409302,1692250145075,1692250145371,1693222409746,444,296,148
812,1693222409746,1692250145516,1692250145870,1693222410228,482,354,128
813,1693222410228,1692250145987,1692250146383,1693222410738,510,396,114
814,1693222410738,1692250146486,1692250146844,1693222411205,467,358,109
815,1693222411205,1692250146956,1692250147292,1693222411614,409,336,73
816,1693222411615,1692250147353,1692250147773,1693222412109,494,420,74
817,1693222412109,1692250147860,1692250148292,1693222412638,529,432,97
818,1693222412638,1692250148417,1692250148689,1693222413064,426,272,154
819,1693222413064,1692250148832,1692250149125,1693222413498,434,293,141
820,1693222413498,1692250149251,1692250149812,1693222414154,656,561,95
821,1693222414154,1692250149918,1692250150403,1693222414910,756,485,271
822,1693222414910,1692250150664,1692250151002,1693222415355,445,338,107
823,1693222415355,1692250151127,1692250151447,1693222415851,496,320,176
824,1693222415851,1692250151628,1692250151919,1693222416313,462,291,171
825,1693222416313,1692250152051,1692250152413,1693222416811,498,362,136
826,1693222416811,1692250152615,1692250152989,1693222417340,529,374,155
827,1693222417340,1692250153113,1692250153539,1693222417888,548,426,122
828,1693222417888,1692250153654,1692250154065,1693222418423,535,411,124
829,1693222418423,1692250154172,1692250154659,1693222419008,585,487,98
830,1693222419008,1692250154762,1692250155174,1693222419509,501,412,89
831,1693222419509,1692250155270,1692250155707,1693222420159,650,437,213
832,1693222420159,1692250155936,1692250156292,1693222420657,498,356,142
833,1693222420657,1692250156430,1692250156969,1693222421358,701,539,162
834,1693222421358,1692250157117,1692250157712,1693222422056,698,595,103
835,1693222422056,1692250157786,1692250158126,1693222422444,388,340,48
836,1693222422444,1692250158210,1692250158641,1693222423004,560,431,129
837,1693222423004,1692250158762,1692250159322,1693222423674,670,560,110
838,1693222423674,1692250159426,1692250159953,1693222424310,636,527,109
839,1693222424310,1692250160059,1692250160548,1693222424928,618,489,129
840,1693222424928,1692250160671,1692250161083,1693222425427,499,412,87
841,1693222425427,1692250161186,1692250161705,1693222426062,635,519,116
842,1693222426063,1692250161853,1692250162141,1693222426514,451,288,163
843,1693222426515,1692250162273,1692250162752,1693222427106,591,479,112
844,1693222427106,1692250162859,1692250163382,1693222427803,697,523,174
845,1693222427803,1692250163549,1692250163945,1693222428310,507,396,111
846,1693222428310,1692250164068,1692250164502,1693222428944,634,434,200
847,1693222428944,1692250164724,1692250165042,1693222429417,473,318,155
848,1693222429417,1692250165173,1692250165589,1693222429947,530,416,114
849,1693222429947,1692250165708,1692250166187,1693222430529,582,479,103
850,1693222430529,1692250166282,1692250166688,1693222431044,515,406,109
851,1693222431044,1692250166784,1692250167307,1693222431665,621,523,98
852,1693222431665,1692250167407,1692250167689,1693222432007,342,282,60
853,1693222432014,1692250167765,1692250167977,1693222432324,310,212,98
854,1693222432324,1692250168079,1692250168434,1693222432783,459,355,104
855,1693222432783,1692250168553,1692250168831,1693222433196,413,278,135
856,1693222433196,1692250168942,1692250169206,1693222433529,333,264,69
857,1693222433529,1692250169313,1692250169527,1693222433897,368,214,154
858,1693222433897,1692250169659,1692250169979,1693222434323,426,320,106
859,1693222434323,1692250170063,1692250170348,1693222434693,370,285,85
860,1693222434693,1692250170434,1692250170714,1693222435081,388,280,108
861,1693222435081,1692250170824,1692250171064,1693222435412,331,240,91
862,1693222435412,1692250171162,1692250171571,1693222436005,593,409,184
863,1693222436005,1692250171760,1692250172104,1693222436458,453,344,109
864,1693222436458,1692250172202,1692250172591,1693222436941,483,389,94
865,1693222436941,1692250172685,1692250173085,1693222437436,495,400,95
866,1693222437436,1692250173189,1692250173535,1693222437941,505,346,159
867,1693222437941,1692250173687,1692250174041,1693222438384,443,354,89
868,1693222438384,1692250174139,1692250174529,1693222438879,495,390,105
869,1693222438879,1692250174629,1692250175008,1693222439353,474,379,95
870,1693222439353,1692250175108,1692250175440,1693222439770,417,332,85
871,1693222439770,1692250175513,1692250175937,1693222440286,516,424,92
872,1693222440286,1692250176049,1692250176354,1693222440710,424,305,119
873,1693222440710,1692250176469,1692250176778,1693222441140,430,309,121
874,1693222441141,1692250176898,1692250177289,1693222441634,493,391,102
875,1693222441634,1692250177399,1692250177755,1693222442105,471,356,115
876,1693222442105,1692250177858,1692250178200,1693222442554,449,342,107
877,1693222442554,1692250178310,1692250178651,1693222442999,445,341,104
878,1693222442999,1692250178770,1692250178989,1693222443359,360,219,141
879,1693222443359,1692250179107,1692250179397,1693222443768,409,290,119
880,1693222443768,1692250179553,1692250179794,1693222444153,385,241,144
881,1693222444153,1692250179920,1692250180170,1693222444528,375,250,125
882,1693222444528,1692250180287,1692250180625,1693222444974,446,338,108
883,1693222444974,1692250180747,1692250180978,1693222445348,374,231,143
884,1693222445348,1692250181121,1692250181361,1693222445725,377,240,137
885,1693222445725,1692250181467,1692250181722,1693222446079,354,255,99
886,1693222446079,1692250181849,1692250182085,1693222446450,371,236,135
887,1693222446450,1692250182186,1692250182591,1693222446930,480,405,75
888,1693222446930,1692250182681,1692250183050,1693222447402,472,369,103
889,1693222447402,1692250183149,1692250183464,1693222447809,407,315,92
890,1693222447809,1692250183574,1692250183872,1693222448226,417,298,119
891,1693222448226,1692250184002,1692250184233,1693222448600,374,231,143
892,1693222448600,1692250184374,1692250184601,1693222448968,368,227,141
893,1693222448968,1692250184718,1692250184993,1693222449350,382,275,107
894,1693222449350,1692250185089,1692250185460,1693222449787,437,371,66
895,1693222449788,1692250185516,1692250185722,1693222450035,247,206,41
896,1693222450035,1692250185809,1692250186008,1693222450385,350,199,151
897,1693222450385,1692250186146,1692250186495,1693222450896,511,349,162
898,1693222450896,1692250186682,1692250186921,1693222451284,388,239,149
899,1693222451284,1692250187049,1692250187337,1693222451690,406,288,118
900,1693222451690,1692250187442,1692250187814,1693222452153,463,372,91
901,1693222452153,1692250187924,1692250188128,1693222452503,350,204,146
902,1693222452503,1692250188307,1692250188516,1693222452887,384,209,175
903,1693222452887,1692250188642,1692250188987,1693222453325,438,345,93
904,1693222453325,1692250189093,1692250189357,1693222453728,403,264,139
905,1693222453728,1692250189497,1692250189767,1693222454129,401,270,131
906,1693222454129,1692250189891,1692250190171,1693222454547,418,280,138
907,1693222454547,1692250190325,1692250190588,1693222454959,412,263,149
908,1693222454959,1692250190717,1692250191055,1693222455402,443,338,105
909,1693222455402,1692250191138,1692250191350,1693222455657,255,212,43
910,1693222455657,1692250191414,1692250191724,1693222456068,411,310,101
911,1693222456068,1692250191835,1692250192103,1693222456480,412,268,144
912,1693222456480,1692250192233,1692250192628,1693222456967,487,395,92
913,1693222456967,1692250192726,1692250193105,1693222457449,482,379,103
914,1693222457449,1692250193204,1692250193563,1693222457909,460,359,101
915,1693222457909,1692250193646,1692250193865,1693222458190,281,219,62
916,1693222458190,1692250193942,1692250194323,1693222458731,541,381,160
917,1693222458731,1692250194496,1692250194888,1693222459250,519,392,127
918,1693222459250,1692250194999,1692250195320,1693222459670,420,321,99
919,1693222459670,1692250195433,1692250195744,1693222460141,471,311,160
920,1693222460141,1692250195886,1692250196310,1693222460676,535,424,111
921,1693222460677,1692250196424,1692250196774,1693222461121,444,350,94
922,1693222461121,1692250196890,1692250197200,1693222461556,435,310,125
923,1693222461556,1692250197306,1692250197728,1693222462077,521,422,99
924,1693222462252,1692250198002,1692250198639,1693222463041,789,637,152
925,1693222463041,1692250198786,1692250199509,1693222463964,923,723,200
926,1693222463964,1692250199709,1692250200242,1693222464587,623,533,90
927,1693222464587,1692250200349,1692250200837,1693222465207,620,488,132
928,1693222465207,1692250200966,1692250201429,1693222465782,575,463,112
929,1693222465782,1692250201526,1692250201971,1693222466308,526,445,81
930,1693222466308,1692250202107,1692250202420,1693222466791,483,313,170
931,1693222466791,1692250202544,1692250203031,1693222467583,792,487,305
932,1693222467583,1692250203326,1692250203746,1693222468109,526,420,106
933,1693222468109,1692250203857,1692250204346,1693222468685,576,489,87
934,1693222468685,1692250204437,1692250204928,1693222469282,597,491,106
935,1693222469282,1692250205031,1692250205348,1693222469710,428,317,111
936,1693222469710,1692250205449,1692250205905,1693222470251,541,456,85
937,1693222470251,1692250206014,1692250206479,1693222470930,679,465,214
938,1693222470930,1692250206701,1692250206968,1693222471346,416,267,149
939,1693222471346,1692250207081,1692250207548,1693222471928,582,467,115
940,1693222471929,1692250207671,1692250208099,1693222472437,508,428,80
941,1693222472437,1692250208193,1692250208480,1693222472865,428,287,141
942,1693222472865,1692250208627,1692250209050,1693222473491,626,423,203
943,1693222473491,1692250209247,1692250209669,1693222474084,593,422,171
944,1693222474084,1692250209835,1692250210330,1693222474681,597,495,102
945,1693222474681,1692250210429,1692250211033,1693222475432,751,604,147
946,1693222475432,1692250211173,1692250211649,1693222476034,602,476,126
947,1693222476034,1692250211793,1692250212237,1693222476586,552,444,108
948,1693222476586,1692250212357,1692250212661,1693222477022,436,304,132
949,1693222477022,1692250212803,1692250213154,1693222477582,560,351,209
950,1693222477582,1692250213351,1692250213704,1693222478094,512,353,159
951,1693222478094,1692250213871,1692250214168,1693222478529,435,297,138
952,1693222478529,1692250214281,1692250214550,1693222478902,373,269,104
953,1693222478902,1692250214671,1692250215068,1693222479424,522,397,125
954,1693222479424,1692250215191,1692250215536,1693222479943,519,345,174
955,1693222479943,1692250215713,1692250216063,1693222480427,484,350,134
956,1693222480427,1692250216214,1692250216463,1693222480850,423,249,174
957,1693222480850,1692250216605,1692250217106,1693222481464,614,501,113
958,1693222481464,1692250217208,1692250217647,1693222481998,534,439,95
959,1693222481998,1692250217752,1692250218171,1693222482510,512,419,93
960,1693222482510,1692250218264,1692250218737,1693222483078,568,473,95
961,1693222483078,1692250218831,1692250219249,1693222483625,547,418,129
962,1693222483625,1692250219380,1692250219712,1693222484074,449,332,117
963,1693222484074,1692250219826,1692250220247,1693222484601,527,421,106
964,1693222484601,1692250220343,1692250220653,1693222484975,374,310,64
965,1693222484975,1692250220744,1692250221192,1693222485544,569,448,121
966,1693222485544,1692250221297,1692250221783,1693222486138,594,486,108
967,1693222486138,1692250221898,1692250222222,1693222486592,454,324,130
968,1693222486592,1692250222341,1692250222830,1693222487183,591,489,102
969,1693222487183,1692250222947,1692250223262,1693222487645,462,315,147
970,1693222487645,1692250223415,1692250223756,1693222488115,470,341,129
971,1693222488115,1692250223861,1692250224412,1693222488752,637,551,86
972,1693222488752,1692250224509,1692250224883,1693222489245,493,374,119
973,1693222489245,1692250225013,1692250225339,1693222489705,460,326,134
974,1693222489705,1692250225475,1692250225786,1693222490154,449,311,138
975,1693222490154,1692250225906,1692250226372,1693222490719,565,466,99
976,1693222490719,1692250226474,1692250226811,1693222491187,468,337,131
977,1693222491187,1692250226943,1692250227460,1693222491910,723,517,206
978,1693222491910,1692250227654,1692250228119,1693222492461,551,465,86
979,1693222492468,1692250228215,1692250228627,1693222492977,509,412,97
980,1693222492977,1692250228740,1692250229016,1693222493379,402,276,126
981,1693222493379,1692250229132,1692250229485,1693222493845,466,353,113
982,1693222493845,1692250229591,1692250229955,1693222494301,456,364,92
983,1693222494301,1692250230080,1692250230342,1693222494782,481,262,219
984,1693222494782,1692250230532,1692250230859,1693222495215,433,327,106
985,1693222495215,1692250230962,1692250231215,1693222495596,381,253,128
986,1693222495596,1692250231358,1692250231623,1693222496017,421,265,156
987,1693222496017,1692250231790,1692250232004,1693222496374,357,214,143
988,1693222496374,1692250232142,1692250232360,1693222496737,363,218,145
989,1693222496737,1692250232489,1692250232814,1693222497171,434,325,109
990,1693222497171,1692250232954,1692250233272,1693222497624,453,318,135
991,1693222497624,1692250233386,1692250233647,1693222498007,383,261,122
992,1693222498007,1692250233760,1692250234161,1693222498521,514,401,113
993,1693222498521,1692250234279,1692250234565,1693222498923,402,286,116
994,1693222498923,1692250234683,1692250234960,1693222499318,395,277,118
995,1693222499318,1692250235078,1692250235389,1693222499785,467,311,156
996,1693222499785,1692250235544,1692250235880,1693222500231,446,336,110
997,1693222500231,1692250235975,1692250236352,1693222500696,465,377,88
998,1693222500696,1692250236444,1692250236706,1693222501034,338,262,76
999,1693222501035,1692250236789,1692250237136,1693222501498,463,347,116
1000,1693222501498,1692250237255,1692250237652,1693222501999,501,397,104
1001,1693222501999,1692250237752,1692250238067,1693222502450,451,315,136
1002,1693222502450,1692250238206,1692250238540,1693222502970,520,334,186
1003,1693222502970,1692250238727,1692250238928,1693222503315,345,201,144
1004,1693222503315,1692250239077,1692250239459,1693222503883,568,382,186
1005,1693222503883,1692250239630,1692250239977,1693222504324,441,347,94
1006,1693222504324,1692250240084,1692250240381,1693222504735,411,297,114
1007,1693222504735,1692250240484,1692250240860,1693222505205,470,376,94
1008,1693222505205,1692250240957,1692250241362,1693222505718,513,405,108
1009,1693222505718,1692250241472,1692250241798,1693222506141,423,326,97
1010,1693222506141,1692250241897,1692250242133,1693222506493,352,236,116
1011,1693222506493,1692250242236,1692250242678,1693222507064,571,442,129
1012,1693222507064,1692250242828,1692250243148,1693222507494,430,320,110
1013,1693222507494,1692250243245,1692250243521,1693222507873,379,276,103
1014,1693222507873,1692250243626,1692250243987,1693222508336,463,361,102
1015,1693222508336,1692250244098,1692250244392,1693222508749,413,294,119
1016,1693222508749,1692250244502,1692250244823,1693222509176,427,321,106
1017,1693222509176,1692250244921,1692250245247,1693222509596,420,326,94
1018,1693222509596,1692250245349,1692250245704,1693222510110,514,355,159
1019,1693222510110,1692250245849,1692250246242,1693222510577,467,393,74
1020,1693222510577,1692250246330,1692250246715,1693222511072,495,385,110
1021,1693222511072,1692250246822,1692250247097,1693222511441,369,275,94
1022,1693222511441,1692250247237,1692250247573,1693222511911,470,336,134
1023,1693222511911,1692250247734,1692250247982,1693222512351,440,248,192
1024,1693222512351,1692250248116,1692250248501,1693222512877,526,385,141
1025,1693222512877,1692250248618,1692250249026,1693222513351,474,408,66
1026,1693222513351,1692250249114,1692250249366,1693222513720,369,252,117
1027,1693222513720,1692250249475,1692250249717,1693222514069,349,242,107
1028,1693222514069,1692250249828,1692250250229,1693222514569,500,401,99
1029,1693222514569,1692250250324,1692250250667,1693222515017,448,343,105
1030,1693222515017,1692250250787,1692250251030,1693222515387,370,243,127
1031,1693222515387,1692250251147,1692250251508,1693222515842,455,361,94
1032,1693222515842,1692250251598,1692250252021,1693222516364,522,423,99
1033,1693222516364,1692250252121,1692250252555,1693222516978,614,434,180
1034,1693222516978,1692250252784,1692250253013,1693222517380,402,229,173
1035,1693222517380,1692250253161,1692250253362,1693222517735,355,201,154
1036,1693222517735,1692250253492,1692250253902,1693222518255,520,410,110
1037,1693222518255,1692250254019,1692250254384,1693222518732,477,365,112
1038,1693222518732,1692250254477,1692250254767,1693222519094,362,290,72
1039,1693222519094,1692250254861,1692250255168,1693222519522,428,307,121
1040,1693222519522,1692250255302,1692250255550,1693222519911,389,248,141
1041,1693222519911,1692250255655,1692250255980,1693222520349,438,325,113
1042,1693222520349,1692250256112,1692250256390,1693222520748,399,278,121
1043,1693222520748,1692250256508,1692250256799,1693222521159,411,291,120
1044,1693222521159,1692250256951,1692250257255,1693222521620,461,304,157
1045,1693222521620,1692250257389,1692250257712,1693222522080,460,323,137
1046,1693222522080,1692250257819,1692250258216,1693222522538,458,397,61
1047,1693222522714,1692250258471,1692250258924,1693222523267,553,453,100
1048,1693222523267,1692250259018,1692250259478,1693222523816,549,460,89
1049,1693222523816,1692250259572,1692250260025,1693222524394,578,453,125
1050,1693222524394,1692250260159,1692250260555,1693222524927,533,396,137
1051,1693222524927,1692250260704,1692250261122,1693222525488,561,418,143
1052,1693222525488,1692250261230,1692250261682,1693222526012,524,452,72
1053,1693222526012,1692250261771,1692250262207,1693222526575,563,436,127
1054,1693222526575,1692250262353,1692250262734,1693222527094,519,381,138
1055,1693222527094,1692250262850,1692250263257,1693222527611,517,407,110
1056,1693222527611,1692250263368,1692250263865,1693222528210,599,497,102
1057,1693222528210,1692250263970,1692250264420,1693222528770,560,450,110
1058,1693222528770,1692250264514,1692250265003,1693222529353,583,489,94
1059,1693222529353,1692250265098,1692250265566,1693222529919,566,468,98
1060,1693222529919,1692250265671,1692250266062,1693222530430,511,391,120
1061,1693222530431,1692250266191,1692250266621,1693222530970,539,430,109
1062,1693222530970,1692250266722,1692250267122,1693222531475,505,400,105
1063,1693222531475,1692250267223,1692250267771,1693222532113,638,548,90
1064,1693222532113,1692250267879,1692250268225,1693222532680,567,346,221
1065,1693222532681,1692250268413,1692250268821,1693222533157,476,408,68
1066,1693222533157,1692250268909,1692250269237,1693222533591,434,328,106
1067,1693222533591,1692250269337,1692250269662,1693222534020,429,325,104
1068,1693222534020,1692250269776,1692250270106,1693222534515,495,330,165
1069,1693222534515,1692250270262,1692250270639,1693222535126,611,377,234
1070,1693222535126,1692250270876,1692250271288,1693222535631,505,412,93
1071,1693222535631,1692250271383,1692250271714,1693222536053,422,331,91
1072,1693222536053,1692250271828,1692250272096,1693222536471,418,268,150
1073,1693222536471,1692250272252,1692250272522,1693222536991,520,270,250
1074,1693222536991,1692250272746,1692250273170,1693222537514,523,424,99
1075,1693222537514,1692250273272,1692250273705,1693222538052,538,433,105
1076,1693222538052,1692250273836,1692250274186,1693222538548,496,350,146
1077,1693222538548,1692250274310,1692250274883,1693222539219,671,573,98
1078,1693222539219,1692250274966,1692250275449,1693222539791,572,483,89
1079,1693222539791,1692250275544,1692250275995,1693222540345,554,451,103
1080,1693222540345,1692250276127,1692250276485,1693222540873,528,358,170
1081,1693222540873,1692250276662,1692250276922,1693222541290,417,260,157
1082,1693222541290,1692250277052,1692250277513,1693222541859,569,461,108
1083,1693222541859,1692250277632,1692250278020,1693222542380,521,388,133
1084,1693222542380,1692250278132,1692250278512,1693222542892,512,380,132
1085,1693222542892,1692250278625,1692250278956,1693222543277,385,331,54
1086,1693222543277,1692250279042,1692250279510,1693222543859,582,468,114
1087,1693222543859,1692250279610,1692250279996,1693222544337,478,386,92
1088,1693222544337,1692250280080,1692250280738,1693222545073,736,658,78
1089,1693222545073,1692250280814,1692250281311,1693222545671,598,497,101
1090,1693222545671,1692250281413,1692250282116,1693222546462,791,703,88
1091,1693222546463,1692250282223,1692250282648,1693222547033,570,425,145
1092,1693222547033,1692250282809,1692250283262,1693222547620,587,453,134
1093,1693222547620,1692250283390,1692250283691,1693222548070,450,301,149
1094,1693222548070,1692250283838,1692250284284,1693222548753,683,446,237
1095,1693222548753,1692250284497,1692250284912,1693222549267,514,415,99
1096,1693222549267,1692250285037,1692250285359,1693222549729,462,322,140
1097,1693222549729,1692250285494,1692250285851,1693222550197,468,357,111
1098,1693222550197,1692250285950,1692250286411,1693222550762,565,461,104
1099,1693222550762,1692250286502,1692250286935,1693222551329,567,433,134
1100,1693222551329,1692250287080,1692250287583,1693222552026,697,503,194
1101,1693222552027,1692250287801,1692250288221,1693222552565,538,420,118
1102,1693222552565,1692250288385,1692250288653,1693222553025,460,268,192
1103,1693222553037,1692250288808,1692250289033,1693222553404,367,225,142
1104,1693222553404,1692250289171,1692250289483,1693222553834,430,312,118
1105,1693222553834,1692250289634,1692250289854,1693222554258,424,220,204
1106,1693222554258,1692250290017,1692250290326,1693222554692,434,309,125
1107,1693222554692,1692250290485,1692250290758,1693222555152,460,273,187
1108,1693222555152,1692250290930,1692250291222,1693222555579,427,292,135
1109,1693222555579,1692250291333,1692250291705,1693222556046,467,372,95
1110,1693222556046,1692250291803,1692250292181,1693222556522,476,378,98
1111,1693222556522,1692250292280,1692250292613,1693222556958,436,333,103
1112,1693222556958,1692250292745,1692250293048,1693222557411,453,303,150
1113,1693222557411,1692250293171,1692250293546,1693222557893,482,375,107
1114,1693222557893,1692250293658,1692250293949,1693222558304,411,291,120
1115,1693222558304,1692250294046,1692250294270,1693222558620,316,224,92
1116,1693222558620,1692250294374,1692250294701,1693222559049,429,327,102
1117,1693222559049,1692250294799,1692250295146,1693222559497,448,347,101
1118,1693222559497,1692250295242,1692250295584,1693222559937,440,342,98
1119,1693222559937,1692250295691,1692250295986,1693222560329,392,295,97
1120,1693222560329,1692250296084,1692250296354,1693222560714,385,270,115
1121,1693222560714,1692250296487,1692250296817,1693222561169,455,330,125
1122,1693222561169,1692250296910,1692250297291,1693222561624,455,381,74
1123,1693222561624,1692250297403,1692250297617,1693222561981,357,214,143
1124,1693222561981,1692250297730,1692250298060,1693222562394,413,330,83
1125,1693222562394,1692250298175,1692250298407,1693222562770,376,232,144
1126,1693222562770,1692250298548,1692250298816,1693222563174,404,268,136
1127,1693222563174,1692250298921,1692250299287,1693222563670,496,366,130
1128,1693222563670,1692250299455,1692250299773,1693222564130,460,318,142
1129,1693222564130,1692250299885,1692250300253,1693222564604,474,368,106
1130,1693222564604,1692250300362,1692250300776,1693222565120,516,414,102
1131,1693222565120,1692250300883,1692250301221,1693222565640,520,338,182
1132,1693222565640,1692250301399,1692250301751,1693222566147,507,352,155
1133,1693222566147,1692250301904,1692250302254,1693222566600,453,350,103
1134,1693222566600,1692250302364,1692250302675,1693222567035,435,311,124
1135,1693222567035,1692250302786,1692250303186,1693222567524,489,400,89
1136,1693222567524,1692250303289,1692250303644,1693222567995,471,355,116
1137,1693222567995,1692250303744,1692250304029,1693222568391,396,285,111
1138,1693222568391,1692250304155,1692250304386,1693222568751,360,231,129
1139,1693222568751,1692250304528,1692250304838,1693222569185,434,310,124
1140,1693222569185,1692250304929,1692250305296,1693222569627,442,367,75
1141,1693222569627,1692250305350,1692250305527,1693222569837,210,177,33
1142,1693222569837,1692250305613,1692250305829,1693222570197,360,216,144
1143,1693222570197,1692250305961,1692250306209,1693222570570,373,248,125
1144,1693222570570,1692250306318,1692250306622,1693222570987,417,304,113
1145,1693222570987,1692250306737,1692250307156,1693222571488,501,419,82
1146,1693222571488,1692250307242,1692250307591,1693222571941,453,349,104
1147,1693222571941,1692250307675,1692250307998,1693222572343,402,323,79
1148,1693222572343,1692250308106,1692250308446,1693222572800,457,340,117
1149,1693222572801,1692250308553,1692250308914,1693222573308,507,361,146
1150,1693222573308,1692250309066,1692250309481,1693222573822,514,415,99
1151,1693222573822,1692250309591,1692250309872,1693222574230,408,281,127
1152,1693222574230,1692250309992,1692250310286,1693222574644,414,294,120
1153,1693222574644,1692250310406,1692250310707,1693222575070,426,301,125
1154,1693222575070,1692250310837,1692250311177,1693222575535,465,340,125
1155,1693222575535,1692250311286,1692250311662,1693222576040,505,376,129
1156,1693222576041,1692250311806,1692250312174,1693222576587,546,368,178
1157,1693222576587,1692250312340,1692250312587,1693222577005,418,247,171
1158,1693222577005,1692250312767,1692250313151,1693222577526,521,384,137
1159,1693222577526,1692250313306,1692250313552,1693222577938,412,246,166
1160,1693222577938,1692250313696,1692250314014,1693222578437,499,318,181
1161,1693222578437,1692250314184,1692250314451,1693222578818,381,267,114
1162,1693222578818,1692250314596,1692250314845,1693222579231,413,249,164
1163,1693222579231,1692250314970,1692250315436,1693222579770,539,466,73
1164,1693222579770,1692250315516,1692250315789,1693222580146,376,273,103
1165,1693222580146,1692250315939,1692250316220,1693222580568,422,281,141
1166,1693222580568,1692250316341,1692250316569,1693222581021,453,228,225
1167,1693222581021,1692250316779,1692250317108,1693222581461,440,329,111
1168,1693222581461,1692250317254,1692250317488,1693222581857,396,234,162
1169,1693222581858,1692250317591,1692250317941,1693222582267,409,350,59
1170,1693222582267,1692250318028,1692250318361,1693222582714,447,333,114
1171,1693222582714,1692250318463,1692250318777,1693222583122,408,314,94
1172,1693222583298,1692250319061,1692250319502,1693222583869,571,441,130
1173,1693222583869,1692250319637,1692250320046,1693222584407,538,409,129
1174,1693222584407,1692250320167,1692250320610,1693222584960,553,443,110
1175,1693222584960,1692250320740,1692250320981,1693222585339,379,241,138
1176,1693222585339,1692250321093,1692250321448,1693222585781,442,355,87
1177,1693222585781,1692250321514,1692250321832,1693222586147,366,318,48
1178,1693222586147,1692250321904,1692250322436,1693222586795,648,532,116
1179,1693222586795,1692250322586,1692250322857,1693222587229,434,271,163
1180,1693222587229,1692250322976,1692250323423,1693222587758,529,447,82
1181,1693222587758,1692250323526,1692250323828,1693222588195,437,302,135
1182,1693222588195,1692250323928,1692250324191,1693222588502,307,263,44
1183,1693222588502,1692250324269,1692250324886,1693222589228,726,617,109
1184,1693222589228,1692250325003,1692250325342,1693222589700,472,339,133
1185,1693222589700,1692250325491,1692250325740,1693222590115,415,249,166
1186,1693222590115,1692250325863,1692250326339,1693222590682,567,476,91
1187,1693222590683,1692250326440,1692250326945,1693222591313,630,505,125
1188,1693222591313,1692250327069,1692250327703,1693222592052,739,634,105
1189,1693222592052,1692250327799,1692250328158,1693222592510,458,359,99
1190,1693222592510,1692250328281,1692250328679,1693222593026,516,398,118
1191,1693222593026,1692250328790,1692250329224,1693222593590,564,434,130
1192,1693222593590,1692250329364,1692250329814,1693222594170,580,450,130
1193,1693222594171,1692250329921,1692250330367,1693222594747,576,446,130
1194,1693222594747,1692250330516,1692250330949,1693222595329,582,433,149
1195,1693222595329,1692250331115,1692250331443,1693222595848,519,328,191
1196,1693222595848,1692250331609,1692250332037,1693222596396,548,428,120
1197,1693222596396,1692250332148,1692250332609,1693222596970,574,461,113
1198,1693222596970,1692250332735,1692250333195,1693222597594,624,460,164
1199,1693222597594,1692250333348,1692250333841,1693222598195,601,493,108
1200,1693222598195,1692250333934,1692250334489,1693222598812,617,555,62
1201,1693222598812,1692250334587,1692250334895,1693222599261,449,308,141
1202,1693222599261,1692250335045,1692250335313,1693222599677,416,268,148
1203,1693222599677,1692250335415,1692250335687,1693222600009,332,272,60
1204,1693222600009,1692250335774,1692250336134,1693222600487,478,360,118
1205,1693222600487,1692250336273,1692250336710,1693222601064,577,437,140
1206,1693222601064,1692250336802,1692250337319,1693222601661,597,517,80
1207,1693222601661,1692250337417,1692250337864,1693222602215,554,447,107
1208,1693222602215,1692250338003,1692250338379,1693222602778,563,376,187
1209,1693222602778,1692250338529,1692250339078,1693222603517,739,549,190
1210,1693222603517,1692250339275,1692250339637,1693222603982,465,362,103
1211,1693222603983,1692250339769,1692250340171,1693222604537,554,402,152
1212,1693222604537,1692250340278,1692250340751,1693222605088,551,473,78
1213,1693222605088,1692250340860,1692250341242,1693222605684,596,382,214
1214,1693222605684,1692250341441,1692250341916,1693222606262,578,475,103
1215,1693222606262,1692250342040,1692250342302,1693222606669,407,262,145
1216,1693222606669,1692250342428,1692250342709,1693222607090,421,281,140
1217,1693222607090,1692250342855,1692250343210,1693222607645,555,355,200
1218,1693222607645,1692250343401,1692250343840,1693222608190,545,439,106
1219,1693222608190,1692250343970,1692250344283,1693222608648,458,313,145
1220,1693222608648,1692250344404,1692250344812,1693222609159,511,408,103
1221,1693222609159,1692250344900,1692250345359,1693222609778,619,459,160
1222,1693222609779,1692250345536,1692250345974,1693222610302,523,438,85
1223,1693222610302,1692250346070,1692250346516,1693222610874,572,446,126
1224,1693222610874,1692250346633,1692250347201,1693222611543,669,568,101
1225,1693222611543,1692250347306,1692250347772,1693222612120,577,466,111
1226,1693222612120,1692250347905,1692250348233,1693222612598,478,328,150
1227,1693222612598,1692250348380,1692250348650,1693222613025,427,270,157
1228,1693222613025,1692250348783,1692250349105,1693222613474,449,322,127
1229,1693222613481,1692250349232,1692250349522,1693222613852,371,290,81
1230,1693222613852,1692250349615,1692250349961,1693222614306,454,346,108
1231,1693222614306,1692250350058,1692250350398,1693222614769,463,340,123
1232,1693222614769,1692250350534,1692250350850,1693222615209,440,316,124
1233,1693222615210,1692250350951,1692250351326,1693222615671,461,375,86
1234,1693222615671,1692250351434,1692250351723,1693222616079,408,289,119
1235,1693222616079,1692250351836,1692250352162,1693222616519,440,326,114
1236,1693222616519,1692250352282,1692250352569,1693222616903,384,287,97
1237,1693222616903,1692250352649,1692250352952,1693222617312,409,303,106
1238,1693222617312,1692250353075,1692250353338,1693222617703,391,263,128
1239,1693222617703,1692250353448,1692250353785,1693222618134,431,337,94
1240,1693222618134,1692250353887,1692250354223,1693222618576,442,336,106
1241,1693222618576,1692250354332,1692250354596,1693222618957,381,264,117
1242,1693222618957,1692250354703,1692250355056,1693222619403,446,353,93
1243,1693222619403,1692250355153,1692250355549,1693222619889,486,396,90
1244,1693222619889,1692250355630,1692250355982,1693222620320,431,352,79
1245,1693222620320,1692250356090,1692250356306,1693222620662,342,216,126
1246,1693222620662,1692250356426,1692250356724,1693222621144,482,298,184
1247,1693222621144,1692250356903,1692250357268,1693222621660,516,365,151
1248,1693222621660,1692250357434,1692250357662,1693222622036,376,228,148
1249,1693222622036,1692250357795,1692250358104,1693222622463,427,309,118
1250,1693222622463,1692250358220,1692250358461,1693222622811,348,241,107
1251,1693222622811,1692250358568,1692250358884,1693222623283,472,316,156
1252,1693222623283,1692250359027,1692250359368,1693222623777,494,341,153
1253,1693222623777,1692250359524,1692250359908,1693222624255,478,384,94
1254,1693222624255,1692250359996,1692250360362,1693222624701,446,366,80
1255,1693222624701,1692250360457,1692250360802,1693222625152,451,345,106
1256,1693222625152,1692250360914,1692250361268,1693222625618,466,354,112
1257,1693222625618,1692250361369,1692250361670,1693222626020,402,301,101
1258,1693222626020,1692250361778,1692250362078,1693222626430,410,300,110
1259,1693222626430,1692250362188,1692250362499,1693222626859,429,311,118
1260,1693222626859,1692250362628,1692250362929,1693222627286,427,301,126
1261,1693222627286,1692250363032,1692250363314,1693222627679,393,282,111
1262,1693222627679,1692250363414,1692250363781,1693222628101,422,367,55
1263,1693222628101,1692250363842,1692250364134,1693222628476,375,292,83
1264,1693222628476,1692250364221,1692250364584,1693222628925,449,363,86
1265,1693222628925,1692250364675,1692250365045,1693222629371,446,370,76
1266,1693222629371,1692250365129,1692250365492,1693222629845,474,363,111
1267,1693222629845,1692250365642,1692250365873,1693222630231,386,231,155
1268,1693222630231,1692250366030,1692250366308,1693222630665,434,278,156
1269,1693222630665,1692250366431,1692250366774,1693222631121,456,343,113
1270,1693222631121,1692250366891,1692250367198,1693222631562,441,307,134
1271,1693222631562,1692250367313,1692250367660,1693222632006,444,347,97
1272,1693222632006,1692250367773,1692250368093,1693222632449,443,320,123
1273,1693222632449,1692250368204,1692250368422,1693222632794,345,218,127
1274,1693222632794,1692250368588,1692250369052,1693222633393,599,464,135
1275,1693222633393,1692250369140,1692250369394,1693222633742,349,254,95
1276,1693222633742,1692250369516,1692250369806,1693222634255,513,290,223
1277,1693222634255,1692250369997,1692250370388,1693222634714,459,391,68
1278,1693222634714,1692250370460,1692250370809,1693222635153,439,349,90
1279,1693222635153,1692250370909,1692250371294,1693222635674,521,385,136
1280,1693222635674,1692250371453,1692250371702,1693222636057,383,249,134
1281,1693222636057,1692250371859,1692250372079,1693222636456,399,220,179
1282,1693222636456,1692250372230,1692250372529,1693222636886,430,299,131
1283,1693222636886,1692250372649,1692250372940,1693222637547,661,291,370
1284,1693222637547,1692250373334,1692250373578,1693222637943,396,244,152
1285,1693222637943,1692250373734,1692250374053,1693222638401,458,319,139
1286,1693222638401,1692250374166,1692250374507,1693222638859,458,341,117
1287,1693222638859,1692250374610,1692250374871,1693222639239,380,261,119
1288,1693222639239,1692250374985,1692250375294,1693222639631,392,309,83
1289,1693222639631,1692250375372,1692250375729,1693222640067,436,357,79
1290,1693222640067,1692250375849,1692250376073,1693222640444,377,224,153
1291,1693222640444,1692250376218,1692250376545,1693222640909,465,327,138
1292,1693222640909,1692250376685,1692250376977,1693222641330,421,292,129
1293,1693222641331,1692250377096,1692250377448,1693222641818,487,352,135
1294,1693222641818,1692250377577,1692250377932,1693222642287,469,355,114
1295,1693222642287,1692250378067,1692250378284,1693222642655,368,217,151
1296,1693222642655,1692250378420,1692250378773,1693222643141,486,353,133
1297,1693222643141,1692250378907,1692250379195,1693222643554,413,288,125
