request_number,request_time_ms,request_received_time_ms,response_time_ms,response_received_time_ms,end_to_end_latency,compute_time,transmission_time
1,1693219408445,1692247144230,1692247144644,1693219409022,577,414,163
2,1693219409022,1692247144775,1692247145143,1693219409537,515,368,147
3,1693219409537,1692247145301,1692247145668,1693219410050,513,367,146
4,1693219410050,1692247145776,1692247146030,1693219410431,381,254,127
5,1693219410432,1692247146162,1692247146530,1693219410909,477,368,109
6,1693219410909,1692247146647,1692247146974,1693219411347,438,327,111
7,1693219411347,1692247147084,1692247147397,1693219411785,438,313,125
8,1693219411785,1692247147517,1692247147734,1693219412119,334,217,117
9,1693219412119,1692247147850,1692247148221,1693219412608,489,371,118
10,1693219412608,1692247148346,1692247148710,1693219413088,480,364,116
11,1693219413088,1692247148805,1692247149034,1693219413433,345,229,116
12,1693219413433,1692247149169,1692247149524,1693219413898,465,355,110
13,1693219413898,1692247149620,1692247149974,1693219414426,528,354,174
14,1693219414426,1692247150157,1692247150527,1693219414941,515,370,145
15,1693219414941,1692247150655,1692247151051,1693219415408,467,396,71
16,1693219415408,1692247151128,1692247151461,1693219415837,429,333,96
17,1693219415837,1692247151561,1692247151923,1693219416392,555,362,193
18,1693219416392,1692247152136,1692247152504,1693219416904,512,368,144
19,1693219416904,1692247152632,1692247152982,1693219417406,502,350,152
20,1693219417406,1692247153134,1692247153433,1693219417825,419,299,120
21,1693219417825,1692247153560,1692247153798,1693219418192,367,238,129
22,1693219418192,1692247153934,1692247154149,1693219418550,358,215,143
23,1693219418550,1692247154275,1692247154531,1693219418924,374,256,118
24,1693219418924,1692247154648,1692247154962,1693219419351,427,314,113
25,1693219419351,1692247155074,1692247155421,1693219419802,451,347,104
26,1693219419802,1692247155526,1692247155758,1693219420232,430,232,198
27,1693219420232,1692247155968,1692247156258,1693219420652,420,290,130
28,1693219420652,1692247156377,1692247156787,1693219421164,512,410,102
29,1693219421164,1692247156897,1692247157164,1693219421546,382,267,115
30,1693219421546,1692247157277,1692247157622,1693219422012,466,345,121
31,1693219422012,1692247157746,1692247158030,1693219422390,378,284,94
32,1693219422390,1692247158116,1692247158426,1693219422847,457,310,147
33,1693219422847,1692247158563,1692247158888,1693219423244,397,325,72
34,1693219423244,1692247158973,1692247159324,1693219423703,459,351,108
35,1693219423703,1692247159437,1692247159700,1693219424092,389,263,126
36,1693219424092,1692247159824,1692247160176,1693219424559,467,352,115
37,1693219424559,1692247160290,1692247160528,1693219424987,428,238,190
38,1693219424987,1692247160713,1692247160975,1693219425327,340,262,78
39,1693219425327,1692247161049,1692247161383,1693219425804,477,334,143
40,1693219425804,1692247161531,1692247161842,1693219426336,532,311,221
41,1693219426336,1692247162111,1692247162346,1693219426739,403,235,168
42,1693219426739,1692247162468,1692247162747,1693219427111,372,279,93
43,1693219427111,1692247162821,1692247163112,1693219427562,451,291,160
44,1693219427562,1692247163310,1692247163616,1693219428062,500,306,194
45,1693219428062,1692247163787,1692247164097,1693219428471,409,310,99
46,1693219428472,1692247164182,1692247164522,1693219428883,411,340,71
47,1693219428883,1692247164655,1692247164881,1693219429284,401,226,175
48,1693219429284,1692247164997,1692247165358,1693219429793,509,361,148
49,1693219429793,1692247165529,1692247165772,1693219430159,366,243,123
50,1693219430159,1692247165891,1692247166206,1693219430594,435,315,120
51,1693219430594,1692247166315,1692247166701,1693219431063,469,386,83
52,1693219431063,1692247166771,1692247167235,1693219431606,543,464,79
53,1693219431606,1692247167328,1692247167747,1693219432128,522,419,103
54,1693219432128,1692247167866,1692247168123,1693219432511,383,257,126
55,1693219432511,1692247168228,1692247168620,1693219433070,559,392,167
56,1693219433070,1692247168816,1692247169071,1693219433471,401,255,146
57,1693219433472,1692247169203,1692247169554,1693219433930,458,351,107
58,1693219433930,1692247169672,1692247170039,1693219434417,487,367,120
59,1693219434417,1692247170152,1692247170465,1693219434848,431,313,118
60,1693219434848,1692247170602,1692247170951,1693219435342,494,349,145
61,1693219435342,1692247171078,1692247171359,1693219435747,405,281,124
62,1693219435748,1692247171484,1692247171781,1693219436176,428,297,131
63,1693219436176,1692247171933,1692247172128,1693219436532,356,195,161
64,1693219436532,1692247172249,1692247172671,1693219437091,559,422,137
65,1693219437091,1692247172799,1692247173026,1693219437393,302,227,75
66,1693219437393,1692247173107,1692247173418,1693219437804,411,311,100
67,1693219437804,1692247173514,1692247173841,1693219438214,410,327,83
68,1693219438214,1692247173954,1692247174264,1693219438662,448,310,138
69,1693219438837,1692247174551,1692247175041,1693219439425,588,490,98
70,1693219439425,1692247175135,1692247175666,1693219440051,626,531,95
71,1693219440051,1692247175764,1692247176534,1693219440927,876,770,106
72,1693219440927,1692247176651,1692247177219,1693219441603,676,568,108
73,1693219441603,1692247177342,1692247178512,1693219442930,1327,1170,157
74,1693219442930,1692247178662,1692247179468,1693219443960,1030,806,224
75,1693219443960,1692247179684,1692247180616,1693219445004,1044,932,112
76,1693219445004,1692247180746,1692247181549,1693219445951,947,803,144
77,1693219445951,1692247181692,1692247182128,1693219446527,576,436,140
78,1693219446527,1692247182281,1692247183043,1693219447453,926,762,164
79,1693219447453,1692247183157,1692247184266,1693219448644,1191,1109,82
80,1693219448644,1692247184372,1692247185072,1693219449467,823,700,123
81,1693219449467,1692247185195,1692247185807,1693219450211,744,612,132
82,1693219450211,1692247185941,1692247186670,1693219451060,849,729,120
83,1693219451060,1692247186789,1692247187537,1693219451933,873,748,125
84,1693219451933,1692247187661,1692247188466,1693219452871,938,805,133
85,1693219452871,1692247188608,1692247189197,1693219453692,821,589,232
86,1693219453692,1692247189420,1692247190309,1693219454704,1012,889,123
87,1693219454704,1692247190425,1692247191402,1693219455829,1125,977,148
88,1693219455829,1692247191544,1692247192423,1693219456812,983,879,104
89,1693219456812,1692247192550,1692247193560,1693219457993,1181,1010,171
90,1693219457993,1692247193714,1692247194690,1693219459118,1125,976,149
91,1693219459119,1692247194836,1692247195692,1693219460116,997,856,141
92,1693219460116,1692247195828,1692247196489,1693219460860,744,661,83
93,1693219460860,1692247196594,1692247197269,1693219461680,820,675,145
94,1693219461680,1692247197405,1692247198088,1693219462470,790,683,107
95,1693219462470,1692247198198,1692247198937,1693219463331,861,739,122
96,1693219463331,1692247199069,1692247199579,1693219463975,644,510,134
97,1693219463975,1692247199725,1692247200360,1693219464770,795,635,160
98,1693219464770,1692247200491,1692247201405,1693219465881,1111,914,197
99,1693219465881,1692247201624,1692247202350,1693219466753,872,726,146
100,1693219466753,1692247202475,1692247203172,1693219467601,848,697,151
101,1693219467601,1692247203326,1692247203981,1693219468364,763,655,108
102,1693219468364,1692247204095,1692247204639,1693219469044,680,544,136
103,1693219469051,1692247204779,1692247205147,1693219469536,485,368,117
104,1693219469536,1692247205250,1692247205617,1693219470050,514,367,147
105,1693219470050,1692247205767,1692247206147,1693219470522,472,380,92
106,1693219470522,1692247206248,1692247206586,1693219470968,446,338,108
107,1693219470968,1692247206694,1692247207059,1693219471436,468,365,103
108,1693219471436,1692247207164,1692247207499,1693219471898,462,335,127
109,1693219471898,1692247207639,1692247207911,1693219472311,413,272,141
110,1693219472311,1692247208055,1692247208252,1693219472648,337,197,140
111,1693219472648,1692247208379,1692247208715,1693219473090,442,336,106
112,1693219473090,1692247208814,1692247209115,1693219473501,411,301,110
113,1693219473501,1692247209228,1692247209513,1693219473967,466,285,181
114,1693219473967,1692247209687,1692247210098,1693219474472,505,411,94
115,1693219474472,1692247210189,1692247210407,1693219474787,315,218,97
116,1693219474787,1692247210514,1692247210879,1693219475268,481,365,116
117,1693219475268,1692247210988,1692247211442,1693219475883,615,454,161
118,1693219475883,1692247211600,1692247211940,1693219476371,488,340,148
119,1693219476371,1692247212084,1692247212449,1693219476824,453,365,88
120,1693219476824,1692247212560,1692247212921,1693219477325,501,361,140
121,1693219477325,1692247213044,1692247213433,1693219477836,511,389,122
122,1693219477836,1692247213553,1692247213882,1693219478304,468,329,139
123,1693219478304,1692247214035,1692247214442,1693219478827,523,407,116
124,1693219478827,1692247214542,1692247214788,1693219479137,310,246,64
125,1693219479137,1692247214864,1692247215194,1693219479571,434,330,104
126,1693219479571,1692247215306,1692247215708,1693219480094,523,402,121
127,1693219480094,1692247215807,1692247216144,1693219480520,426,337,89
128,1693219480520,1692247216250,1692247216601,1693219481013,493,351,142
129,1693219481013,1692247216754,1692247217074,1693219481460,447,320,127
130,1693219481460,1692247217175,1692247217553,1693219481923,463,378,85
131,1693219481923,1692247217648,1692247217970,1693219482354,431,322,109
132,1693219482354,1692247218069,1692247218458,1693219482855,501,389,112
133,1693219482855,1692247218581,1692247218852,1693219483247,392,271,121
134,1693219483247,1692247218973,1692247219354,1693219483777,530,381,149
135,1693219483777,1692247219507,1692247219845,1693219484225,448,338,110
136,1693219484225,1692247219974,1692247220203,1693219484607,382,229,153
137,1693219484607,1692247220347,1692247220579,1693219485015,408,232,176
138,1693219485015,1692247220766,1692247221003,1693219485405,390,237,153
139,1693219485405,1692247221127,1692247221440,1693219485812,407,313,94
140,1693219485812,1692247221540,1692247221815,1693219486168,356,275,81
141,1693219486168,1692247221882,1692247222107,1693219486526,358,225,133
142,1693219486527,1692247222251,1692247222542,1693219486911,384,291,93
143,1693219486911,1692247222630,1692247223090,1693219487457,546,460,86
144,1693219487457,1692247223173,1692247223548,1693219487967,510,375,135
145,1693219487967,1692247223703,1692247223935,1693219488317,350,232,118
146,1693219488317,1692247224043,1692247224307,1693219488667,350,264,86
147,1693219488667,1692247224388,1692247224810,1693219489202,535,422,113
148,1693219489202,1692247224916,1692247225225,1693219489614,412,309,103
149,1693219489614,1692247225339,1692247225646,1693219490067,453,307,146
150,1693219490067,1692247225794,1692247226179,1693219490552,485,385,100
151,1693219490552,1692247226312,1692247226529,1693219490953,401,217,184
152,1693219490953,1692247226718,1692247227053,1693219491438,485,335,150
153,1693219491438,1692247227168,1692247227527,1693219491901,463,359,104
154,1693219491901,1692247227626,1692247228010,1693219492375,474,384,90
155,1693219492375,1692247228129,1692247228399,1693219492800,425,270,155
156,1693219492800,1692247228516,1692247228855,1693219493216,416,339,77
157,1693219493216,1692247228972,1692247229193,1693219493605,389,221,168
158,1693219493605,1692247229317,1692247229679,1693219494045,440,362,78
159,1693219494045,1692247229758,1692247230128,1693219494498,453,370,83
160,1693219494498,1692247230228,1692247230584,1693219494958,460,356,104
161,1693219494958,1692247230693,1692247230947,1693219495347,389,254,135
162,1693219495347,1692247231089,1692247231388,1693219495868,521,299,222
163,1693219495868,1692247231580,1692247231923,1693219496299,431,343,88
164,1693219496299,1692247232045,1692247232317,1693219496789,490,272,218
165,1693219496789,1692247232546,1692247232801,1693219497194,405,255,150
166,1693219497194,1692247232914,1692247233284,1693219497711,517,370,147
167,1693219497711,1692247233437,1692247233750,1693219498131,420,313,107
168,1693219498132,1692247233859,1692247234256,1693219498717,585,397,188
169,1693219498717,1692247234432,1692247234812,1693219499182,465,380,85
170,1693219499356,1692247235104,1692247235679,1693219500065,709,575,134
171,1693219500066,1692247235795,1692247236503,1693219500992,926,708,218
172,1693219500992,1692247236720,1692247237195,1693219501573,581,475,106
173,1693219501573,1692247237304,1692247237817,1693219502222,649,513,136
174,1693219502222,1692247237961,1692247238581,1693219503057,835,620,215
175,1693219503057,1692247238804,1692247239418,1693219503822,765,614,151
176,1693219503822,1692247239549,1692247240414,1693219504785,963,865,98
177,1693219504785,1692247240505,1692247241401,1693219505780,995,896,99
178,1693219505780,1692247241511,1692247242324,1693219506716,936,813,123
179,1693219506716,1692247242452,1692247243137,1693219507528,812,685,127
180,1693219507529,1692247243261,1692247243948,1693219508328,799,687,112
181,1693219508328,1692247244061,1692247244969,1693219509397,1069,908,161
182,1693219509397,1692247245118,1692247245943,1693219510329,932,825,107
183,1693219510329,1692247246083,1692247246734,1693219511152,823,651,172
184,1693219511152,1692247246883,1692247247832,1693219512226,1074,949,125
185,1693219512226,1692247247935,1692247248643,1693219513037,811,708,103
186,1693219513037,1692247248759,1692247249423,1693219513887,850,664,186
187,1693219513887,1692247249624,1692247250180,1693219514581,694,556,138
188,1693219514581,1692247250304,1692247251252,1693219515724,1143,948,195
189,1693219515724,1692247251442,1692247251889,1693219516426,702,447,255
190,1693219516426,1692247252147,1692247252896,1693219517270,844,749,95
191,1693219517270,1692247253009,1692247253644,1693219518043,773,635,138
192,1693219518043,1692247253759,1692247254487,1693219518870,827,728,99
193,1693219518870,1692247254596,1692247255094,1693219519500,630,498,132
194,1693219519500,1692247255240,1692247256176,1693219520565,1065,936,129
195,1693219520565,1692247256299,1692247256998,1693219521383,818,699,119
196,1693219521383,1692247257117,1692247257735,1693219522126,743,618,125
197,1693219522126,1692247257847,1692247258520,1693219522901,775,673,102
198,1693219522901,1692247258615,1692247259269,1693219523648,747,654,93
199,1693219523648,1692247259366,1692247260175,1693219524557,909,809,100
200,1693219524557,1692247260286,1692247261224,1693219525606,1049,938,111
201,1693219525606,1692247261327,1692247262226,1693219526615,1009,899,110
202,1693219526615,1692247262335,1692247262968,1693219527362,747,633,114
203,1693219527362,1692247263074,1692247264167,1693219528531,1169,1093,76
204,1693219528531,1692247264265,1692247264958,1693219529368,837,693,144
205,1693219532393,1692247268114,1692247268405,1693219532833,440,291,149
206,1693219532833,1692247268547,1692247268888,1693219533325,492,341,151
207,1693219533325,1692247269072,1692247269288,1693219533687,362,216,146
208,1693219533687,1692247269447,1692247269731,1693219534107,420,284,136
209,1693219534107,1692247269819,1692247270257,1693219534618,511,438,73
210,1693219534618,1692247270340,1692247270734,1693219535164,546,394,152
211,1693219535164,1692247270887,1692247271186,1693219535568,404,299,105
212,1693219535568,1692247271307,1692247271665,1693219536034,466,358,108
213,1693219536034,1692247271757,1692247272136,1693219536587,553,379,174
214,1693219536587,1692247272350,1692247272649,1693219537075,488,299,189
215,1693219537075,1692247272815,1692247273129,1693219537514,439,314,125
216,1693219537514,1692247273248,1692247273480,1693219537925,411,232,179
217,1693219537925,1692247273633,1692247273924,1693219538291,366,291,75
218,1693219538291,1692247274005,1692247274263,1693219538610,319,258,61
219,1693219538610,1692247274343,1692247274682,1693219539075,465,339,126
220,1693219539075,1692247274809,1692247275085,1693219539465,390,276,114
221,1693219539465,1692247275218,1692247275495,1693219539890,425,277,148
222,1693219539890,1692247275628,1692247275998,1693219540391,501,370,131
223,1693219540391,1692247276129,1692247276572,1693219541009,618,443,175
224,1693219541009,1692247276740,1692247277060,1693219541444,435,320,115
225,1693219541444,1692247277183,1692247277588,1693219541956,512,405,107
226,1693219541956,1692247277685,1692247278013,1693219542388,432,328,104
227,1693219542388,1692247278116,1692247278391,1693219542757,369,275,94
228,1693219542757,1692247278478,1692247278771,1693219543153,396,293,103
229,1693219543153,1692247278893,1692247279236,1693219543618,465,343,122
230,1693219543618,1692247279345,1692247279622,1693219544074,456,277,179
231,1693219544075,1692247279808,1692247280086,1693219544474,399,278,121
232,1693219544474,1692247280208,1692247280534,1693219544915,441,326,115
233,1693219544915,1692247280656,1692247280959,1693219545312,397,303,94
234,1693219545312,1692247281035,1692247281416,1693219545814,502,381,121
235,1693219545814,1692247281523,1692247281953,1693219546530,716,430,286
236,1693219546530,1692247282314,1692247282621,1693219547153,623,307,316
237,1693219547153,1692247282912,1692247283180,1693219547555,402,268,134
238,1693219547555,1692247283328,1692247283536,1693219548080,525,208,317
239,1693219548080,1692247283847,1692247284181,1693219548561,481,334,147
240,1693219548561,1692247284298,1692247284610,1693219548971,410,312,98
241,1693219548971,1692247284702,1692247285039,1693219549449,478,337,141
242,1693219549449,1692247285189,1692247285561,1693219549929,480,372,108
243,1693219549929,1692247285645,1692247286007,1693219550371,442,362,80
244,1693219550371,1692247286129,1692247286347,1693219550755,384,218,166
245,1693219550755,1692247286493,1692247286804,1693219551181,426,311,115
246,1693219551181,1692247286937,1692247287175,1693219551568,387,238,149
247,1693219551568,1692247287301,1692247287608,1693219551982,414,307,107
248,1693219551982,1692247287718,1692247288063,1693219552436,454,345,109
249,1693219552436,1692247288186,1692247288433,1693219552831,395,247,148
250,1693219552831,1692247288563,1692247288947,1693219553326,495,384,111
251,1693219553326,1692247289067,1692247289330,1693219553714,388,263,125
252,1693219553714,1692247289435,1692247289707,1693219554094,380,272,108
253,1693219554094,1692247289813,1692247290224,1693219554592,498,411,87
254,1693219554592,1692247290326,1692247290707,1693219555090,498,381,117
255,1693219555090,1692247290827,1692247291089,1693219555469,379,262,117
256,1693219555469,1692247291173,1692247291461,1693219555851,382,288,94
257,1693219555851,1692247291569,1692247291888,1693219556266,415,319,96
258,1693219556266,1692247292004,1692247292214,1693219556711,445,210,235
259,1693219556711,1692247292470,1692247292879,1693219557252,541,409,132
260,1693219557252,1692247292963,1692247293376,1693219557748,496,413,83
261,1693219557748,1692247293517,1692247293726,1693219558121,373,209,164
262,1693219558121,1692247293857,1692247294214,1693219558581,460,357,103
263,1693219558581,1692247294318,1692247294638,1693219559036,455,320,135
264,1693219559036,1692247294787,1692247295029,1693219559421,385,242,143
265,1693219559421,1692247295144,1692247295413,1693219559823,402,269,133
266,1693219559823,1692247295548,1692247295794,1693219560181,358,246,112
267,1693219560181,1692247295907,1692247296305,1693219560669,488,398,90
268,1693219560669,1692247296407,1692247296826,1693219561200,531,419,112
269,1693219561200,1692247296932,1692247297263,1693219561698,498,331,167
270,1693219561698,1692247297425,1692247297802,1693219562172,474,377,97
271,1693219562173,1692247297893,1692247298200,1693219562563,390,307,83
272,1693219562740,1692247298442,1692247299060,1693219563425,685,618,67
273,1693219563425,1692247299168,1692247299872,1693219564279,854,704,150
274,1693219564279,1692247300001,1692247300851,1693219565217,938,850,88
275,1693219565217,1692247300952,1692247301644,1693219566028,811,692,119
276,1693219566028,1692247301786,1692247302497,1693219566902,874,711,163
277,1693219566902,1692247302641,1692247303263,1693219567652,750,622,128
278,1693219567652,1692247303391,1692247303991,1693219568377,725,600,125
279,1693219568377,1692247304114,1692247304766,1693219569152,775,652,123
280,1693219569152,1692247304870,1692247305858,1693219570260,1108,988,120
281,1693219570260,1692247306003,1692247306478,1693219570866,606,475,131
282,1693219570866,1692247306596,1692247307489,1693219571880,1014,893,121
283,1693219571880,1692247307594,1692247308083,1693219572456,576,489,87
284,1693219572456,1692247308177,1692247309060,1693219573444,988,883,105
285,1693219573444,1692247309185,1692247309817,1693219574213,769,632,137
286,1693219574213,1692247309952,1692247310451,1693219574830,617,499,118
287,1693219574830,1692247310544,1692247311399,1693219575817,987,855,132
288,1693219575817,1692247311552,1692247312077,1693219576574,757,525,232
289,1693219576574,1692247312328,1692247312967,1693219577382,808,639,169
290,1693219577382,1692247313096,1692247314013,1693219578502,1120,917,203
291,1693219578502,1692247314230,1692247314735,1693219579219,717,505,212
292,1693219579219,1692247314933,1692247315549,1693219579919,700,616,84
293,1693219579919,1692247315632,1692247316108,1693219580457,538,476,62
294,1693219580457,1692247316192,1692247316933,1693219581319,862,741,121
295,1693219581319,1692247317057,1692247317513,1693219581914,595,456,139
296,1693219581914,1692247317644,1692247318217,1693219582597,683,573,110
297,1693219582597,1692247318320,1692247319000,1693219583451,854,680,174
298,1693219583451,1692247319165,1692247319727,1693219584080,629,562,67
299,1693219584080,1692247319858,1692247320364,1693219584765,685,506,179
300,1693219584765,1692247320532,1692247321243,1693219585648,883,711,172
301,1693219585648,1692247321382,1692247322052,1693219586435,787,670,117
302,1693219586435,1692247322167,1692247322842,1693219587230,795,675,120
303,1693219587230,1692247322955,1692247323582,1693219588005,775,627,148
304,1693219588005,1692247323738,1692247324426,1693219588811,806,688,118
305,1693219588811,1692247324560,1692247325262,1693219589668,857,702,155
306,1693219589668,1692247325399,1692247325960,1693219590390,722,561,161
307,1693219590390,1692247326123,1692247326777,1693219591194,804,654,150
308,1693219591195,1692247326921,1692247327732,1693219592135,940,811,129
309,1693219592135,1692247327856,1692247328469,1693219592845,710,613,97
310,1693219592852,1692247328577,1692247328958,1693219593333,481,381,100
311,1693219593333,1692247329076,1692247329324,1693219593724,391,248,143
312,1693219593724,1692247329457,1692247329721,1693219594113,389,264,125
313,1693219594113,1692247329836,1692247330216,1693219594587,474,380,94
314,1693219594588,1692247330327,1692247330605,1693219595014,426,278,148
315,1693219595014,1692247330734,1692247331057,1693219595463,449,323,126
316,1693219595463,1692247331234,1692247331427,1693219595835,372,193,179
317,1693219595835,1692247331562,1692247331935,1693219596315,480,373,107
318,1693219596315,1692247332048,1692247332343,1693219596699,384,295,89
319,1693219596699,1692247332433,1692247332739,1693219597133,434,306,128
320,1693219597133,1692247332871,1692247333210,1693219597592,459,339,120
321,1693219597592,1692247333317,1692247333707,1693219598092,500,390,110
322,1693219598092,1692247333812,1692247334231,1693219598599,507,419,88
323,1693219598599,1692247334337,1692247334633,1693219599017,418,296,122
324,1693219599017,1692247334745,1692247335040,1693219599421,404,295,109
325,1693219599421,1692247335146,1692247335491,1693219599868,447,345,102
326,1693219599868,1692247335585,1692247335900,1693219600274,406,315,91
327,1693219600274,1692247336041,1692247336314,1693219600701,427,273,154
328,1693219600701,1692247336461,1692247336773,1693219601157,456,312,144
329,1693219601157,1692247336900,1692247337201,1693219601584,427,301,126
330,1693219601584,1692247337324,1692247337656,1693219602030,446,332,114
331,1693219602030,1692247337758,1692247338068,1693219602466,436,310,126
332,1693219602466,1692247338217,1692247338444,1693219602840,374,227,147
333,1693219602840,1692247338593,1692247338844,1693219603238,398,251,147
334,1693219603238,1692247338955,1692247339417,1693219603783,545,462,83
335,1693219603783,1692247339516,1692247339820,1693219604201,418,304,114
336,1693219604201,1692247339923,1692247340209,1693219604581,380,286,94
337,1693219604581,1692247340304,1692247340705,1693219605084,503,401,102
338,1693219605084,1692247340812,1692247341157,1693219605623,539,345,194
339,1693219605623,1692247341347,1692247341700,1693219606123,500,353,147
340,1693219606123,1692247341844,1692247342224,1693219606663,540,380,160
341,1693219606663,1692247342408,1692247342658,1693219607064,401,250,151
342,1693219607064,1692247342809,1692247343068,1693219607469,405,259,146
343,1693219607469,1692247343207,1692247343600,1693219607967,498,393,105
344,1693219607967,1692247343736,1692247344057,1693219608445,478,321,157
345,1693219608445,1692247344181,1692247344552,1693219609014,569,371,198
346,1693219609014,1692247344756,1692247345080,1693219609452,438,324,114
347,1693219609452,1692247345184,1692247345496,1693219609888,436,312,124
348,1693219609888,1692247345649,1692247345923,1693219610321,433,274,159
349,1693219610321,1692247346065,1692247346380,1693219610755,434,315,119
350,1693219610755,1692247346496,1692247346781,1693219611168,413,285,128
351,1693219611168,1692247346910,1692247347159,1693219611551,383,249,134
352,1693219611551,1692247347277,1692247347669,1693219612038,487,392,95
353,1693219612038,1692247347780,1692247348085,1693219612459,421,305,116
354,1693219612459,1692247348196,1692247348486,1693219612895,436,290,146
355,1693219612895,1692247348629,1692247348972,1693219613351,456,343,113
356,1693219613351,1692247349118,1692247349346,1693219613829,478,228,250
357,1693219613829,1692247349537,1692247349930,1693219614293,464,393,71
358,1693219614293,1692247350008,1692247350463,1693219614827,534,455,79
359,1693219614827,1692247350533,1692247350800,1693219615137,310,267,43
360,1693219615137,1692247350862,1692247351203,1693219615574,437,341,96
361,1693219615574,1692247351289,1692247351598,1693219615963,389,309,80
362,1693219615963,1692247351677,1692247351998,1693219616365,402,321,81
363,1693219616365,1692247352062,1692247352349,1693219616690,325,287,38
364,1693219616690,1692247352404,1692247352744,1693219617106,416,340,76
365,1693219617106,1692247352817,1692247353175,1693219617546,440,358,82
366,1693219617546,1692247353271,1692247353616,1693219617990,444,345,99
367,1693219617990,1692247353717,1692247354110,1693219618502,512,393,119
368,1693219618502,1692247354237,1692247354517,1693219618911,409,280,129
369,1693219618911,1692247354635,1692247354970,1693219619346,435,335,100
370,1693219619346,1692247355102,1692247355437,1693219619816,470,335,135
371,1693219619816,1692247355571,1692247355940,1693219620317,501,369,132
372,1693219620317,1692247356057,1692247356316,1693219620783,466,259,207
373,1693219620783,1692247356525,1692247356831,1693219621297,514,306,208
374,1693219621297,1692247357021,1692247357413,1693219621792,495,392,103
375,1693219621793,1692247357545,1692247357751,1693219622141,348,206,142
376,1693219622141,1692247357875,1692247358173,1693219622543,402,298,104
377,1693219622543,1692247358284,1692247358560,1693219623029,486,276,210
378,1693219623204,1692247358923,1692247359547,1693219623911,707,624,83
379,1693219623911,1692247359637,1692247360211,1693219624590,679,574,105
380,1693219624590,1692247360296,1692247361296,1693219625654,1064,1000,64
381,1693219625654,1692247361407,1692247361978,1693219626383,729,571,158
382,1693219626383,1692247362112,1692247362820,1693219627200,817,708,109
383,1693219627200,1692247362925,1692247363396,1693219627787,587,471,116
384,1693219627787,1692247363518,1692247364150,1693219628550,763,632,131
385,1693219628550,1692247364288,1692247364993,1693219629387,837,705,132
386,1693219629387,1692247365130,1692247365856,1693219630275,888,726,162
387,1693219630275,1692247366018,1692247366671,1693219631093,818,653,165
388,1693219631093,1692247366828,1692247367634,1693219632032,939,806,133
389,1693219632032,1692247367748,1692247368687,1693219633077,1045,939,106
390,1693219633077,1692247368795,1692247369346,1693219633726,649,551,98
391,1693219633726,1692247369462,1692247370195,1693219634582,856,733,123
392,1693219634582,1692247370318,1692247371114,1693219635546,964,796,168
393,1693219635546,1692247371278,1692247371845,1693219636231,685,567,118
394,1693219636231,1692247371973,1692247372613,1693219637016,785,640,145
395,1693219637016,1692247372734,1692247373606,1693219637983,967,872,95
396,1693219637983,1692247373708,1692247374633,1693219639101,1118,925,193
397,1693219639101,1692247374834,1692247375540,1693219639925,824,706,118
398,1693219639925,1692247375653,1692247376379,1693219640775,850,726,124
399,1693219640775,1692247376491,1692247377479,1693219641858,1083,988,95
400,1693219641858,1692247377582,1692247378368,1693219642756,898,786,112
401,1693219642756,1692247378487,1692247379065,1693219643463,707,578,129
402,1693219643463,1692247379186,1692247379635,1693219644182,719,449,270
403,1693219644182,1692247379905,1692247380753,1693219645149,967,848,119
404,1693219645149,1692247381016,1692247381411,1693219645818,669,395,274
405,1693219645818,1692247381590,1692247382215,1693219646739,921,625,296
406,1693219646739,1692247382603,1692247383414,1693219647800,1061,811,250
407,1693219647800,1692247383523,1692247384186,1693219648560,760,663,97
408,1693219648560,1692247384288,1692247385058,1693219649444,884,770,114
409,1693219649444,1692247385287,1692247386046,1693219650426,982,759,223
410,1693219650426,1692247386165,1692247387022,1693219651417,991,857,134
411,1693219651417,1692247387139,1692247387579,1693219651996,579,440,139
412,1693219651996,1692247387739,1692247388423,1693219652858,862,684,178
413,1693219652858,1692247388592,1692247389162,1693219653556,698,570,128
414,1693219653563,1692247389293,1692247389691,1693219654072,509,398,111
415,1693219654072,1692247389833,1692247390059,1693219654501,429,226,203
416,1693219654501,1692247390224,1692247390640,1693219655022,521,416,105
417,1693219655022,1692247390746,1692247391066,1693219655463,441,320,121
418,1693219655463,1692247391196,1692247391484,1693219655880,417,288,129
419,1693219655880,1692247391620,1692247391913,1693219656312,432,293,139
420,1693219656312,1692247392031,1692247392289,1693219656669,357,258,99
421,1693219656669,1692247392400,1692247392679,1693219657051,382,279,103
422,1693219657051,1692247392763,1692247393001,1693219657352,301,238,63
423,1693219657352,1692247393072,1692247393470,1693219657841,489,398,91
424,1693219657841,1692247393584,1692247393834,1693219658239,398,250,148
425,1693219658239,1692247393957,1692247394357,1693219658732,493,400,93
426,1693219658732,1692247394457,1692247394834,1693219659217,485,377,108
427,1693219659217,1692247394959,1692247395277,1693219659652,435,318,117
428,1693219659652,1692247395370,1692247395767,1693219660138,486,397,89
429,1693219660138,1692247395858,1692247396261,1693219660634,496,403,93
430,1693219660634,1692247396355,1692247396697,1693219661076,442,342,100
431,1693219661076,1692247396813,1692247397084,1693219661476,400,271,129
432,1693219661476,1692247397202,1692247397549,1693219661930,454,347,107
433,1693219661930,1692247397643,1692247398039,1693219662424,494,396,98
434,1693219662424,1692247398157,1692247398404,1693219662895,471,247,224
435,1693219662895,1692247398633,1692247398952,1693219663347,452,319,133
436,1693219663347,1692247399070,1692247399413,1693219663874,527,343,184
437,1693219663874,1692247399592,1692247399928,1693219664382,508,336,172
438,1693219664382,1692247400097,1692247400451,1693219664851,469,354,115
439,1693219664851,1692247400585,1692247400910,1693219665305,454,325,129
440,1693219665305,1692247401021,1692247401383,1693219665841,536,362,174
441,1693219665841,1692247401556,1692247401853,1693219666263,422,297,125
442,1693219666263,1692247401999,1692247402312,1693219666697,434,313,121
443,1693219666697,1692247402434,1692247402698,1693219667085,388,264,124
444,1693219667085,1692247402822,1692247403147,1693219667535,450,325,125
445,1693219667535,1692247403266,1692247403645,1693219668079,544,379,165
446,1693219668079,1692247403810,1692247404158,1693219668608,529,348,181
447,1693219668608,1692247404351,1692247404564,1693219669111,503,213,290
448,1693219669111,1692247404858,1692247405122,1693219669529,418,264,154
449,1693219669529,1692247405271,1692247405530,1693219669925,396,259,137
450,1693219669926,1692247405633,1692247405964,1693219670340,414,331,83
451,1693219670340,1692247406095,1692247406317,1693219670728,388,222,166
452,1693219670728,1692247406465,1692247406731,1693219671092,364,266,98
453,1693219671092,1692247406816,1692247407183,1693219671561,469,367,102
454,1693219671561,1692247407319,1692247407566,1693219671967,406,247,159
455,1693219671967,1692247407700,1692247408091,1693219672471,504,391,113
456,1693219672471,1692247408192,1692247408428,1693219672834,363,236,127
457,1693219672834,1692247408566,1692247408958,1693219673329,495,392,103
458,1693219673329,1692247409073,1692247409382,1693219673760,431,309,122
459,1693219673760,1692247409496,1692247409889,1693219674269,509,393,116
460,1693219674269,1692247410016,1692247410406,1693219674852,583,390,193
461,1693219674852,1692247410574,1692247410926,1693219675297,445,352,93
462,1693219675297,1692247411028,1692247411374,1693219675755,458,346,112
463,1693219675755,1692247411492,1692247411739,1693219676156,401,247,154
464,1693219676156,1692247411881,1692247412232,1693219676612,456,351,105
465,1693219676612,1692247412352,1692247412711,1693219677090,478,359,119
466,1693219677090,1692247412843,1692247413059,1693219677461,371,216,155
467,1693219677461,1692247413196,1692247413396,1693219677815,354,200,154
468,1693219677815,1692247413533,1692247413836,1693219678224,409,303,106
469,1693219678224,1692247413933,1692247414193,1693219678563,339,260,79
470,1693219678563,1692247414293,1692247414558,1693219678950,387,265,122
471,1693219678950,1692247414674,1692247414950,1693219679333,383,276,107
472,1693219679333,1692247415072,1692247415358,1693219679772,439,286,153
473,1693219679772,1692247415505,1692247415783,1693219680171,399,278,121
474,1693219680171,1692247415895,1692247416133,1693219680524,353,238,115
475,1693219680524,1692247416257,1692247416450,1693219680865,341,193,148
476,1693219680865,1692247416581,1692247417044,1693219681414,549,463,86
477,1693219681414,1692247417147,1692247417508,1693219681884,470,361,109
478,1693219681884,1692247417601,1692247417886,1693219682240,356,285,71
479,1693219682240,1692247417960,1692247418264,1693219682644,404,304,100
480,1693219682644,1692247418359,1692247418664,1693219683041,397,305,92
481,1693219683041,1692247418768,1692247419073,1693219683462,421,305,116
482,1693219683462,1692247419193,1692247419538,1693219683923,461,345,116
483,1693219684099,1692247419822,1692247420575,1693219684954,855,753,102
484,1693219684954,1692247420678,1692247421451,1693219685927,973,773,200
485,1693219685927,1692247421666,1692247422818,1693219687205,1278,1152,126
486,1693219687205,1692247422926,1692247423916,1693219688298,1093,990,103
487,1693219688298,1692247424034,1692247425080,1693219689464,1166,1046,120
488,1693219689464,1692247425205,1692247425739,1693219690140,676,534,142
489,1693219690140,1692247425868,1692247427143,1693219691524,1384,1275,109
490,1693219691524,1692247427254,1692247428372,1693219692767,1243,1118,125
491,1693219692767,1692247428501,1692247429695,1693219694132,1365,1194,171
492,1693219694132,1692247429875,1692247430642,1693219695028,896,767,129
493,1693219695028,1692247430754,1692247431641,1693219696065,1037,887,150
494,1693219696065,1692247431822,1692247432472,1693219696896,831,650,181
495,1693219696896,1692247432617,1692247433233,1693219697602,706,616,90
496,1693219697602,1692247433353,1692247434206,1693219698603,1001,853,148
497,1693219698603,1692247434352,1692247435071,1693219699523,920,719,201
498,1693219699523,1692247435274,1692247435918,1693219700371,848,644,204
499,1693219700371,1692247436115,1692247437350,1693219701740,1369,1235,134
500,1693219701740,1692247437499,1692247438218,1693219702628,888,719,169
501,1693219702628,1692247438368,1692247438926,1693219703342,714,558,156
502,1693219703342,1692247439102,1692247439600,1693219704004,662,498,164
503,1693219704004,1692247439748,1692247440432,1693219704824,820,684,136
504,1693219704824,1692247440552,1692247441308,1693219705684,860,756,104
505,1693219705685,1692247441396,1692247442077,1693219706443,758,681,77
506,1693219706443,1692247442177,1692247443049,1693219707461,1018,872,146
507,1693219707461,1692247443189,1692247443752,1693219708141,680,563,117
508,1693219708141,1692247443875,1692247444591,1693219708974,833,716,117
509,1693219708974,1692247444698,1692247445568,1693219709949,975,870,105
510,1693219709949,1692247445686,1692247446291,1693219710671,722,605,117
511,1693219710671,1692247446403,1692247447085,1693219711482,811,682,129
512,1693219711482,1692247447212,1692247448582,1693219712967,1485,1370,115
513,1693219712967,1692247448698,1692247449371,1693219713767,800,673,127
514,1693219713767,1692247449493,1692247450083,1693219714462,695,590,105
515,1693219714470,1692247450191,1692247450476,1693219714854,384,285,99
516,1693219714854,1692247450589,1692247450893,1693219715310,456,304,152
517,1693219715310,1692247451030,1692247451433,1693219715797,487,403,84
518,1693219715797,1692247451519,1692247451900,1693219716283,486,381,105
519,1693219716283,1692247452004,1692247452369,1693219716740,457,365,92
520,1693219716740,1692247452468,1692247452703,1693219717082,342,235,107
521,1693219717082,1692247452814,1692247453212,1693219717589,507,398,109
522,1693219717589,1692247453326,1692247453555,1693219717981,392,229,163
523,1693219717981,1692247453711,1692247454169,1693219718546,565,458,107
524,1693219718546,1692247454261,1692247454608,1693219718988,442,347,95
525,1693219718988,1692247454698,1692247454981,1693219719328,340,283,57
526,1693219719329,1692247455058,1692247455260,1693219719681,352,202,150
527,1693219719681,1692247455398,1692247455779,1693219720134,453,381,72
528,1693219720134,1692247455885,1692247456307,1693219720685,551,422,129
529,1693219720685,1692247456418,1692247456804,1693219721164,479,386,93
530,1693219721164,1692247456908,1692247457220,1693219721587,423,312,111
531,1693219721587,1692247457314,1692247457704,1693219722073,486,390,96
532,1693219722073,1692247457823,1692247458115,1693219722501,428,292,136
533,1693219722501,1692247458244,1692247458549,1693219722919,418,305,113
534,1693219722919,1692247458690,1692247458926,1693219723326,407,236,171
535,1693219723326,1692247459060,1692247459347,1693219723733,407,287,120
536,1693219723733,1692247459455,1692247459791,1693219724157,424,336,88
537,1693219724157,1692247459904,1692247460199,1693219724588,431,295,136
538,1693219724588,1692247460357,1692247460679,1693219725063,475,322,153
539,1693219725063,1692247460789,1692247461169,1693219725536,473,380,93
540,1693219725536,1692247461268,1692247461591,1693219725971,435,323,112
541,1693219725971,1692247461694,1692247462126,1693219726660,689,432,257
542,1693219726660,1692247462359,1692247462711,1693219727073,413,352,61
543,1693219727073,1692247462782,1692247463180,1693219727539,466,398,68
544,1693219727539,1692247463281,1692247463615,1693219728001,462,334,128
545,1693219728001,1692247463738,1692247464076,1693219728459,458,338,120
546,1693219728459,1692247464187,1692247464497,1693219728872,413,310,103
547,1693219728872,1692247464605,1692247464927,1693219729323,451,322,129
548,1693219729323,1692247465041,1692247465388,1693219729762,439,347,92
549,1693219729762,1692247465499,1692247465862,1693219730246,484,363,121
550,1693219730246,1692247465967,1692247466351,1693219730734,488,384,104
551,1693219730734,1692247466446,1692247466868,1693219731240,506,422,84
552,1693219731240,1692247466969,1692247467383,1693219731755,515,414,101
553,1693219731755,1692247467485,1692247467838,1693219732211,456,353,103
554,1693219732211,1692247467951,1692247468289,1693219732664,453,338,115
555,1693219732664,1692247468405,1692247468660,1693219733048,384,255,129
556,1693219733048,1692247468771,1692247469110,1693219733492,444,339,105
557,1693219733492,1692247469217,1692247469527,1693219733905,413,310,103
558,1693219733905,1692247469639,1692247469931,1693219734322,417,292,125
559,1693219734322,1692247470067,1692247470301,1693219734711,389,234,155
560,1693219734711,1692247470435,1692247470699,1693219735094,383,264,119
561,1693219735094,1692247470812,1692247471136,1693219735505,411,324,87
562,1693219735505,1692247471234,1692247471603,1693219735975,470,369,101
563,1693219735975,1692247471702,1692247472149,1693219736521,546,447,99
564,1693219736521,1692247472266,1692247472582,1693219736972,451,316,135
565,1693219736972,1692247472715,1692247472921,1693219737325,353,206,147
566,1693219737325,1692247473073,1692247473368,1693219737759,434,295,139
567,1693219737759,1692247473529,1692247473925,1693219738298,539,396,143
568,1693219738298,1692247474038,1692247474366,1693219738743,445,328,117
569,1693219738743,1692247474485,1692247474840,1693219739252,509,355,154
570,1693219739252,1692247474953,1692247475310,1693219739677,425,357,68
571,1693219739677,1692247475426,1692247475683,1693219740089,412,257,155
572,1693219740089,1692247475838,1692247476208,1693219740580,491,370,121
573,1693219740580,1692247476332,1692247476622,1693219741071,491,290,201
574,1693219741071,1692247476792,1692247477140,1693219741515,444,348,96
575,1693219741515,1692247477252,1692247477524,1693219741899,384,272,112
576,1693219741899,1692247477642,1692247477936,1693219742318,419,294,125
577,1693219742318,1692247478042,1692247478424,1693219742783,465,382,83
578,1693219742783,1692247478517,1692247478859,1693219743242,459,342,117
579,1693219743242,1692247478973,1692247479330,1693219743715,473,357,116
580,1693219743715,1692247479443,1692247479859,1693219744241,526,416,110
581,1693219744241,1692247479978,1692247480231,1693219744613,372,253,119
582,1693219744787,1692247480545,1692247481010,1693219745411,624,465,159
583,1693219745411,1692247481135,1692247481554,1693219745929,518,419,99
584,1693219745929,1692247481647,1692247482426,1693219746791,862,779,83
585,1693219746791,1692247482519,1692247483506,1693219747887,1096,987,109
586,1693219747887,1692247483626,1692247484402,1693219748801,914,776,138
587,1693219748801,1692247484539,1692247485258,1693219749651,850,719,131
588,1693219749651,1692247485376,1692247486707,1693219751085,1434,1331,103
589,1693219751085,1692247486822,1692247487760,1693219752185,1100,938,162
590,1693219752185,1692247487925,1692247488599,1693219752981,796,674,122
591,1693219752981,1692247488769,1692247489507,1693219753935,954,738,216
592,1693219753935,1692247489655,1692247490329,1693219754704,769,674,95
593,1693219754704,1692247490440,1692247491061,1693219755546,842,621,221
594,1693219755546,1692247491286,1692247492186,1693219756792,1246,900,346
595,1693219756792,1692247492565,1692247493087,1693219757490,698,522,176
596,1693219757490,1692247493207,1692247494228,1693219758598,1108,1021,87
597,1693219758598,1692247494328,1692247495062,1693219759436,838,734,104
598,1693219759436,1692247495162,1692247496128,1693219760510,1074,966,108
599,1693219760510,1692247496255,1692247496805,1693219761300,790,550,240
600,1693219761300,1692247497057,1692247497508,1693219761912,612,451,161
601,1693219761912,1692247497674,1692247498446,1693219762925,1013,772,241
602,1693219762926,1692247498665,1692247499440,1693219763835,909,775,134
603,1693219763835,1692247499555,1692247500416,1693219764776,941,861,80
604,1693219764776,1692247500530,1692247501163,1693219765556,780,633,147
605,1693219765556,1692247501278,1692247501713,1693219766068,512,435,77
606,1693219766069,1692247501801,1692247502479,1693219766857,788,678,110
607,1693219766857,1692247502585,1692247503068,1693219767443,586,483,103
608,1693219767443,1692247503166,1692247503879,1693219768344,901,713,188
609,1693219768344,1692247504087,1692247504654,1693219769077,733,567,166
610,1693219769077,1692247504830,1692247505342,1693219769737,660,512,148
611,1693219769737,1692247505452,1692247506155,1693219770537,800,703,97
612,1693219770537,1692247506274,1692247507516,1693219771940,1403,1242,161
613,1693219771940,1692247507677,1692247508490,1693219772883,943,813,130
614,1693219772883,1692247508615,1692247509417,1693219773797,914,802,112
615,1693219773797,1692247509537,1692247510054,1693219774504,707,517,190
616,1693219774504,1692247510238,1692247510718,1693219775105,601,480,121
617,1693219775112,1692247510852,1692247511169,1693219775605,493,317,176
618,1693219775605,1692247511323,1692247511637,1693219776018,413,314,99
619,1693219776018,1692247511761,1692247512032,1693219776416,398,271,127
620,1693219776416,1692247512133,1692247512413,1693219776781,365,280,85
621,1693219776781,1692247512521,1692247512777,1693219777172,391,256,135
622,1693219777172,1692247512907,1692247513207,1693219777585,413,300,113
623,1693219777585,1692247513307,1692247513714,1693219778064,479,407,72
624,1693219778064,1692247513789,1692247514169,1693219778582,518,380,138
625,1693219778582,1692247514295,1692247514657,1693219779025,443,362,81
626,1693219779025,1692247514764,1692247515077,1693219779489,464,313,151
627,1693219779489,1692247515222,1692247515577,1693219779962,473,355,118
628,1693219779962,1692247515692,1692247515980,1693219780363,401,288,113
629,1693219780363,1692247516101,1692247516400,1693219780838,475,299,176
630,1693219780838,1692247516589,1692247516814,1693219781200,362,225,137
631,1693219781200,1692247516929,1692247517340,1693219781726,526,411,115
632,1693219781726,1692247517461,1692247517811,1693219782194,468,350,118
633,1693219782194,1692247517899,1692247518173,1693219782535,341,274,67
634,1693219782535,1692247518262,1692247518573,1693219782974,439,311,128
635,1693219782974,1692247518697,1692247519100,1693219783475,501,403,98
636,1693219783476,1692247519185,1692247519484,1693219783832,356,299,57
637,1693219783832,1692247519563,1692247519850,1693219784301,469,287,182
638,1693219784301,1692247520019,1692247520382,1693219784800,499,363,136
639,1693219784800,1692247520526,1692247520879,1693219785258,458,353,105
640,1693219785258,1692247520994,1692247521353,1693219785720,462,359,103
641,1693219785720,1692247521437,1692247521747,1693219786125,405,310,95
642,1693219786125,1692247521861,1692247522093,1693219786763,638,232,406
643,1693219786763,1692247522484,1692247522778,1693219787139,376,294,82
644,1693219787139,1692247522853,1692247523180,1693219787553,414,327,87
645,1693219787553,1692247523274,1692247523727,1693219788092,539,453,86
646,1693219788092,1692247523827,1692247524101,1693219788519,427,274,153
647,1693219788519,1692247524241,1692247524629,1693219789006,487,388,99
648,1693219789006,1692247524749,1692247524978,1693219789362,356,229,127
649,1693219789362,1692247525090,1692247525456,1693219789837,475,366,109
650,1693219789837,1692247525566,1692247525868,1693219790252,415,302,113
651,1693219790252,1692247525979,1692247526331,1693219790707,455,352,103
652,1693219790707,1692247526434,1692247526670,1693219791059,352,236,116
653,1693219791059,1692247526779,1692247527121,1693219791486,427,342,85
654,1693219791486,1692247527226,1692247527533,1693219791968,482,307,175
655,1693219791968,1692247527692,1692247528067,1693219792441,473,375,98
656,1693219792441,1692247528170,1692247528519,1693219792895,454,349,105
657,1693219792895,1692247528619,1692247528961,1693219793342,447,342,105
658,1693219793342,1692247529061,1692247529475,1693219793849,507,414,93
659,1693219793849,1692247529582,1692247529909,1693219794287,438,327,111
660,1693219794287,1692247530010,1692247530267,1693219794627,340,257,83
661,1693219794627,1692247530354,1692247530584,1693219794991,364,230,134
662,1693219794991,1692247530722,1692247531068,1693219795449,458,346,112
663,1693219795449,1692247531184,1692247531519,1693219795987,538,335,203
664,1693219795987,1692247531711,1692247532006,1693219796384,397,295,102
665,1693219796384,1692247532116,1692247532491,1693219796868,484,375,109
666,1693219796868,1692247532602,1692247532925,1693219797312,444,323,121
667,1693219797312,1692247533045,1692247533365,1693219797755,443,320,123
668,1693219797755,1692247533493,1692247533906,1693219798271,516,413,103
669,1693219798271,1692247533990,1692247534385,1693219798748,477,395,82
670,1693219798748,1692247534464,1692247534785,1693219799255,507,321,186
671,1693219799255,1692247534982,1692247535316,1693219799760,505,334,171
672,1693219799760,1692247535481,1692247535795,1693219800160,400,314,86
673,1693219800160,1692247535877,1692247536212,1693219800592,432,335,97
674,1693219800592,1692247536320,1692247536683,1693219801050,458,363,95
675,1693219801050,1692247536783,1692247536990,1693219801391,341,207,134
676,1693219801391,1692247537121,1692247537482,1693219801857,466,361,105
677,1693219801857,1692247537600,1692247537826,1693219802243,386,226,160
678,1693219802243,1692247537965,1692247538335,1693219802721,478,370,108
679,1693219802721,1692247538441,1692247538799,1693219803245,524,358,166
680,1693219803245,1692247538986,1692247539236,1693219803670,425,250,175
681,1693219803670,1692247539418,1692247539794,1693219804183,513,376,137
682,1693219804183,1692247539922,1692247540214,1693219804622,439,292,147
683,1693219804622,1692247540344,1692247540712,1693219805084,462,368,94
684,1693219805084,1692247540807,1692247541168,1693219805528,444,361,83
685,1693219805704,1692247541428,1692247542031,1693219806401,697,603,94
686,1693219806401,1692247542116,1692247542839,1693219807205,804,723,81
687,1693219807205,1692247542946,1692247543401,1693219807904,699,455,244
688,1693219807904,1692247543627,1692247544631,1693219809000,1096,1004,92
689,1693219809000,1692247544734,1692247545597,1693219810060,1060,863,197
690,1693219810060,1692247545799,1692247546735,1693219811131,1071,936,135
691,1693219811131,1692247546871,1692247547810,1693219812171,1040,939,101
692,1693219812171,1692247547912,1692247548635,1693219813084,913,723,190
693,1693219813084,1692247548809,1692247549629,1693219814095,1011,820,191
694,1693219814095,1692247549814,1692247550471,1693219814909,814,657,157
695,1693219814909,1692247550646,1692247551285,1693219815776,867,639,228
696,1693219815776,1692247551528,1692247552424,1693219816958,1182,896,286
697,1693219816958,1692247552661,1692247553220,1693219817569,611,559,52
698,1693219817569,1692247553289,1692247554125,1693219818521,952,836,116
699,1693219818521,1692247554272,1692247554934,1693219819324,803,662,141
700,1693219819324,1692247555093,1692247556122,1693219820518,1194,1029,165
701,1693219820518,1692247556251,1692247557168,1693219821595,1077,917,160
702,1693219821595,1692247557349,1692247557943,1693219822332,737,594,143
703,1693219822332,1692247558079,1692247558766,1693219823142,810,687,123
704,1693219823142,1692247558898,1692247559393,1693219823781,639,495,144
705,1693219823781,1692247559508,1692247560581,1693219824964,1183,1073,110
706,1693219824964,1692247560712,1692247561634,1693219826023,1059,922,137
707,1693219826023,1692247561744,1692247562406,1693219826806,783,662,121
708,1693219826806,1692247562531,1692247563460,1693219827971,1165,929,236
709,1693219827971,1692247563719,1692247564235,1693219828671,700,516,184
710,1693219828671,1692247564408,1692247564885,1693219829243,572,477,95
711,1693219829243,1692247564991,1692247565442,1693219829915,672,451,221
712,1693219829915,1692247565643,1692247566982,1693219831374,1459,1339,120
713,1693219831374,1692247567097,1692247567644,1693219832057,683,547,136
714,1693219832057,1692247567798,1692247568612,1693219833040,983,814,169
715,1693219833040,1692247568773,1692247569528,1693219833927,887,755,132
716,1693219833927,1692247569662,1692247570481,1693219834867,940,819,121
717,1693219834867,1692247570596,1692247571461,1693219835840,973,865,108
718,1693219835846,1692247571577,1692247571910,1693219836283,437,333,104
719,1693219836283,1692247571994,1692247572260,1693219836623,340,266,74
720,1693219836623,1692247572359,1692247572626,1693219837050,427,267,160
721,1693219837050,1692247572805,1692247573033,1693219837435,385,228,157
722,1693219837435,1692247573158,1692247573464,1693219837841,406,306,100
723,1693219837841,1692247573565,1692247573975,1693219838375,534,410,124
724,1693219838375,1692247574103,1692247574460,1693219838832,457,357,100
725,1693219838832,1692247574569,1692247574966,1693219839402,570,397,173
726,1693219839402,1692247575134,1692247575420,1693219839824,422,286,136
727,1693219839824,1692247575587,1692247575898,1693219840275,451,311,140
728,1693219840275,1692247575982,1692247576338,1693219840709,434,356,78
729,1693219840709,1692247576450,1692247576845,1693219841227,518,395,123
730,1693219841227,1692247576974,1692247577279,1693219841654,427,305,122
731,1693219841654,1692247577379,1692247577720,1693219842081,427,341,86
732,1693219842081,1692247577859,1692247578051,1693219842480,399,192,207
733,1693219842480,1692247578269,1692247578483,1693219842887,407,214,193
734,1693219842887,1692247578618,1692247579039,1693219843488,601,421,180
735,1693219843488,1692247579233,1692247579548,1693219843933,445,315,130
736,1693219843933,1692247579664,1692247579966,1693219844373,440,302,138
737,1693219844373,1692247580120,1692247580412,1693219844836,463,292,171
738,1693219844836,1692247580558,1692247580921,1693219845314,478,363,115
739,1693219845314,1692247581060,1692247581298,1693219845760,446,238,208
740,1693219845760,1692247581522,1692247581794,1693219846192,432,272,160
741,1693219846192,1692247581942,1692247582147,1693219846540,348,205,143
742,1693219846540,1692247582269,1692247582611,1693219847002,462,342,120
743,1693219847002,1692247582731,1692247583038,1693219847389,387,307,80
744,1693219847389,1692247583128,1692247583517,1693219847880,491,389,102
745,1693219847880,1692247583654,1692247583867,1693219848254,374,213,161
746,1693219848254,1692247584021,1692247584330,1693219848724,470,309,161
747,1693219848724,1692247584451,1692247584834,1693219849208,484,383,101
748,1693219849208,1692247584965,1692247585231,1693219849652,444,266,178
749,1693219849652,1692247585385,1692247585708,1693219850095,443,323,120
750,1693219850095,1692247585878,1692247586156,1693219850550,455,278,177
751,1693219850550,1692247586334,1692247586652,1693219851044,494,318,176
752,1693219851047,1692247586833,1692247587178,1693219851555,508,345,163
753,1693219851557,1692247587310,1692247587647,1693219852021,464,337,127
754,1693219852021,1692247587747,1692247588156,1693219852525,504,409,95
755,1693219852525,1692247588266,1692247588642,1693219853010,485,376,109
756,1693219853010,1692247588732,1692247589008,1693219853405,395,276,119
757,1693219853405,1692247589119,1692247589488,1693219853847,442,369,73
758,1693219853847,1692247589578,1692247589899,1693219854265,418,321,97
759,1693219854265,1692247589992,1692247590328,1693219854695,430,336,94
760,1693219854695,1692247590451,1692247590760,1693219855140,445,309,136
761,1693219855140,1692247590893,1692247591289,1693219855659,519,396,123
762,1693219855659,1692247591396,1692247591676,1693219856057,398,280,118
763,1693219856057,1692247591816,1692247592029,1693219856429,372,213,159
764,1693219856429,1692247592168,1692247592438,1693219856826,397,270,127
765,1693219856826,1692247592565,1692247592874,1693219857262,436,309,127
766,1693219857262,1692247592995,1692247593337,1693219857720,458,342,116
767,1693219857720,1692247593443,1692247593819,1693219858180,460,376,84
768,1693219858180,1692247593882,1692247594205,1693219858547,367,323,44
769,1693219858547,1692247594277,1692247594654,1693219859064,517,377,140
770,1693219859064,1692247594787,1692247595128,1693219859536,472,341,131
771,1693219859536,1692247595259,1692247595626,1693219860062,526,367,159
772,1693219860062,1692247595788,1692247596136,1693219860506,444,348,96
773,1693219860506,1692247596242,1692247596630,1693219861002,496,388,108
774,1693219861002,1692247596727,1692247597049,1693219861425,423,322,101
775,1693219861425,1692247597162,1692247597485,1693219861862,437,323,114
776,1693219861862,1692247597595,1692247597943,1693219862318,456,348,108
777,1693219862318,1692247598034,1692247598373,1693219862752,434,339,95
778,1693219862752,1692247598489,1692247598879,1693219863238,486,390,96
779,1693219863238,1692247598989,1692247599283,1693219863662,424,294,130
780,1693219863662,1692247599388,1692247599721,1693219864078,416,333,83
781,1693219864078,1692247599834,1692247600111,1693219864497,419,277,142
782,1693219864498,1692247600264,1692247600575,1693219864937,439,311,128
783,1693219864937,1692247600683,1692247600946,1693219865351,414,263,151
784,1693219865351,1692247601089,1692247601357,1693219865734,383,268,115
785,1693219865734,1692247601460,1692247601905,1693219866274,540,445,95
786,1693219866453,1692247602179,1692247602769,1693219867161,708,590,118
787,1693219867161,1692247602898,1692247603843,1693219868235,1074,945,129
788,1693219868235,1692247603984,1692247604681,1693219869071,836,697,139
789,1693219869071,1692247604784,1692247605657,1693219870141,1070,873,197
790,1693219870141,1692247605880,1692247606311,1693219870659,518,431,87
791,1693219870659,1692247606431,1692247607108,1693219871509,850,677,173
792,1693219871509,1692247607249,1692247607906,1693219872284,775,657,118
793,1693219872284,1692247608026,1692247608662,1693219873053,769,636,133
794,1693219873053,1692247608782,1692247609475,1693219873921,868,693,175
795,1693219873921,1692247609659,1692247610584,1693219875046,1125,925,200
796,1693219875046,1692247610780,1692247611474,1693219875862,816,694,122
797,1693219875862,1692247611585,1692247612467,1693219876908,1046,882,164
798,1693219876908,1692247612663,1692247613452,1693219877901,993,789,204
799,1693219877901,1692247613663,1692247614159,1693219878562,661,496,165
800,1693219878562,1692247614310,1692247614956,1693219879340,778,646,132
801,1693219879340,1692247615074,1692247615773,1693219880171,831,699,132
802,1693219880171,1692247615934,1692247616364,1693219880799,628,430,198
803,1693219880799,1692247616546,1692247617381,1693219881811,1012,835,177
804,1693219881811,1692247617537,1692247618591,1693219882966,1155,1054,101
805,1693219882966,1692247618695,1692247619644,1693219884063,1097,949,148
806,1693219884063,1692247619797,1692247620512,1693219884892,829,715,114
807,1693219884892,1692247620641,1692247621467,1693219885920,1028,826,202
808,1693219885920,1692247621653,1692247622460,1693219886843,923,807,116
809,1693219886843,1692247622608,1692247623577,1693219887991,1148,969,179
810,1693219887991,1692247623765,1692247624557,1693219888998,1007,792,215
811,1693219888998,1692247624734,1692247625402,1693219889779,781,668,113
812,1693219889779,1692247625502,1692247625965,1693219890305,526,463,63
813,1693219890305,1692247626025,1692247626910,1693219891315,1010,885,125
814,1693219891315,1692247627051,1692247627878,1693219892255,940,827,113
815,1693219892255,1692247628015,1692247628665,1693219893068,813,650,163
816,1693219893068,1692247628804,1692247629273,1693219893671,603,469,134
817,1693219893671,1692247629429,1692247630128,1693219894539,868,699,169
818,1693219894539,1692247630287,1692247630884,1693219895283,744,597,147
819,1693219895283,1692247631019,1692247631858,1693219896357,1074,839,235
820,1693219896357,1692247632080,1692247632441,1693219896817,460,361,99
821,1693219896824,1692247632563,1692247632916,1693219897307,483,353,130
822,1693219897307,1692247633024,1692247633367,1693219897752,445,343,102
823,1693219897752,1692247633480,1692247633824,1693219898170,418,344,74
824,1693219898170,1692247633928,1692247634303,1693219898677,507,375,132
825,1693219898677,1692247634432,1692247634724,1693219899105,428,292,136
826,1693219899105,1692247634834,1692247635279,1693219899654,549,445,104
827,1693219899654,1692247635403,1692247635726,1693219900222,568,323,245
828,1693219900222,1692247635962,1692247636358,1693219900731,509,396,113
829,1693219900731,1692247636467,1692247636833,1693219901241,510,366,144
830,1693219901241,1692247636953,1692247637370,1693219901743,502,417,85
831,1693219901743,1692247637474,1692247637783,1693219902142,399,309,90
832,1693219902142,1692247637890,1692247638191,1693219902583,441,301,140
833,1693219902583,1692247638389,1692247638669,1693219903048,465,280,185
834,1693219903048,1692247638791,1692247639113,1693219903482,434,322,112
835,1693219903482,1692247639210,1692247639556,1693219903932,450,346,104
836,1693219903932,1692247639663,1692247639951,1693219904321,389,288,101
837,1693219904321,1692247640050,1692247640495,1693219904867,546,445,101
838,1693219904867,1692247640590,1692247640870,1693219905226,359,280,79
839,1693219905226,1692247640948,1692247641264,1693219905643,417,316,101
840,1693219905643,1692247641364,1692247641675,1693219906035,392,311,81
841,1693219906035,1692247641767,1692247642151,1693219906531,496,384,112
842,1693219906531,1692247642249,1692247642656,1693219907021,490,407,83
843,1693219907021,1692247642741,1692247643039,1693219907429,408,298,110
844,1693219907429,1692247643151,1692247643535,1693219907890,461,384,77
845,1693219907890,1692247643621,1692247643990,1693219908361,471,369,102
846,1693219908361,1692247644071,1692247644557,1693219909044,683,486,197
847,1693219909044,1692247644762,1692247645156,1693219909524,480,394,86
848,1693219909524,1692247645253,1692247645529,1693219909915,391,276,115
849,1693219909915,1692247645654,1692247645981,1693219910352,437,327,110
850,1693219910352,1692247646091,1692247646413,1693219910787,435,322,113
851,1693219910787,1692247646516,1692247646754,1693219911148,361,238,123
852,1693219911148,1692247646878,1692247647188,1693219911575,427,310,117
853,1693219911575,1692247647307,1692247647669,1693219912037,462,362,100
854,1693219912037,1692247647765,1692247648148,1693219912519,482,383,99
855,1693219912519,1692247648230,1692247648469,1693219912835,316,239,77
856,1693219912835,1692247648575,1692247648871,1693219913247,412,296,116
857,1693219913247,1692247649011,1692247649213,1693219913609,362,202,160
858,1693219913609,1692247649324,1692247649519,1693219913883,274,195,79
859,1693219913883,1692247649621,1692247649874,1693219914270,387,253,134
860,1693219914270,1692247649986,1692247650280,1693219914629,359,294,65
861,1693219914629,1692247650365,1692247650593,1693219914987,358,228,130
862,1693219914987,1692247650713,1692247651062,1693219915434,447,349,98
863,1693219915434,1692247651157,1692247651458,1693219915816,382,301,81
864,1693219915816,1692247651554,1692247651748,1693219916155,339,194,145
865,1693219916155,1692247651880,1692247652244,1693219916616,461,364,97
866,1693219916616,1692247652338,1692247652634,1693219916983,367,296,71
867,1693219916983,1692247652728,1692247652958,1693219917328,345,230,115
868,1693219917328,1692247653053,1692247653450,1693219917840,512,397,115
869,1693219917840,1692247653584,1692247653976,1693219918350,510,392,118
870,1693219918350,1692247654092,1692247654516,1693219918884,534,424,110
871,1693219918884,1692247654629,1692247655002,1693219919371,487,373,114
872,1693219919372,1692247655147,1692247655342,1693219919746,374,195,179
873,1693219919746,1692247655478,1692247655837,1693219920217,471,359,112
874,1693219920217,1692247655965,1692247656198,1693219920611,394,233,161
875,1693219920611,1692247656363,1692247656662,1693219921125,514,299,215
876,1693219921125,1692247656852,1692247657187,1693219921614,489,335,154
877,1693219921614,1692247657349,1692247657655,1693219922035,421,306,115
878,1693219922035,1692247657767,1692247658016,1693219922452,417,249,168
879,1693219922452,1692247658211,1692247658425,1693219922810,358,214,144
880,1693219922810,1692247658549,1692247658870,1693219923243,433,321,112
881,1693219923243,1692247658966,1692247659446,1693219923843,600,480,120
882,1693219923843,1692247659604,1692247659846,1693219924310,467,242,225
883,1693219924311,1692247660054,1692247660348,1693219924692,381,294,87
884,1693219924692,1692247660412,1692247660805,1693219925172,480,393,87
885,1693219925172,1692247660915,1692247661167,1693219925539,367,252,115
886,1693219925539,1692247661284,1692247661583,1693219925966,427,299,128
887,1693219925966,1692247661709,1692247661975,1693219926371,405,266,139
888,1693219926371,1692247662101,1692247662309,1693219926699,328,208,120
889,1693219926699,1692247662427,1692247662745,1693219927118,419,318,101
890,1693219927294,1692247663015,1692247663536,1693219927902,608,521,87
891,1693219927902,1692247663628,1692247664605,1693219928991,1089,977,112
892,1693219928991,1692247664708,1692247665355,1693219929746,755,647,108
893,1693219929746,1692247665521,1692247666143,1693219930548,802,622,180
894,1693219930548,1692247666267,1692247667008,1693219931382,834,741,93
895,1693219931382,1692247667115,1692247668061,1693219932497,1115,946,169
896,1693219932497,1692247668220,1692247669055,1693219933426,929,835,94
897,1693219933426,1692247669168,1692247669786,1693219934173,747,618,129
898,1693219934173,1692247669898,1692247670940,1693219935320,1147,1042,105
899,1693219935320,1692247671063,1692247671604,1693219936002,682,541,141
900,1693219936002,1692247671732,1692247672319,1693219936670,668,587,81
901,1693219936670,1692247672554,1692247673198,1693219937598,928,644,284
902,1693219937598,1692247673330,1692247673969,1693219938324,726,639,87
903,1693219938324,1692247674079,1692247674896,1693219939297,973,817,156
904,1693219939297,1692247675107,1692247675699,1693219940103,806,592,214
905,1693219940103,1692247675838,1692247676557,1693219940955,852,719,133
906,1693219940955,1692247676683,1692247677616,1693219941999,1044,933,111
907,1693219941999,1692247677728,1692247678553,1693219942936,937,825,112
908,1693219942936,1692247678678,1692247679330,1693219943721,785,652,133
909,1693219943721,1692247679458,1692247679824,1693219944211,490,366,124
910,1693219944211,1692247679940,1692247681285,1693219945670,1459,1345,114
911,1693219945670,1692247681388,1692247682316,1693219946711,1041,928,113
912,1693219946711,1692247682429,1692247683138,1693219947537,826,709,117
913,1693219947537,1692247683279,1692247684003,1693219948470,933,724,209
914,1693219948470,1692247684208,1692247684770,1693219949136,666,562,104
915,1693219949136,1692247684875,1692247685384,1693219949769,633,509,124
916,1693219949769,1692247685512,1692247686184,1693219950765,996,672,324
917,1693219950765,1692247686500,1692247686954,1693219951351,586,454,132
918,1693219951351,1692247687094,1692247687658,1693219952041,690,564,126
919,1693219952041,1692247687760,1692247688431,1693219952971,930,671,259
920,1693219952972,1692247689030,1692247689566,1693219953967,995,536,459
921,1693219953967,1692247689740,1692247690445,1693219954926,959,705,254
922,1693219954926,1692247690656,1692247691360,1693219955728,802,704,98
923,1693219955728,1692247691502,1692247692070,1693219956592,864,568,296
924,1693219956592,1692247692312,1692247693160,1693219957524,932,848,84
925,1693219957531,1692247693282,1692247693575,1693219957961,430,293,137
926,1693219957961,1692247693720,1692247693949,1693219958344,383,229,154
927,1693219958344,1692247694071,1692247694426,1693219958799,455,355,100
928,1693219958799,1692247694527,1692247694874,1693219959237,438,347,91
929,1693219959237,1692247694994,1692247695307,1693219959691,454,313,141
930,1693219959691,1692247695444,1692247695680,1693219960098,407,236,171
931,1693219960098,1692247695837,1692247696166,1693219960552,454,329,125
932,1693219960552,1692247696326,1692247696694,1693219961069,517,368,149
933,1693219961069,1692247696808,1692247697158,1693219961518,449,350,99
934,1693219961518,1692247697247,1692247697606,1693219961982,464,359,105
935,1693219961982,1692247697747,1692247698027,1693219962424,442,280,162
936,1693219962424,1692247698174,1692247698500,1693219962893,469,326,143
937,1693219962893,1692247698609,1692247699014,1693219963365,472,405,67
938,1693219963365,1692247699095,1692247699459,1693219963826,461,364,97
939,1693219963826,1692247699551,1692247699997,1693219964369,543,446,97
940,1693219964369,1692247700122,1692247700421,1693219964816,447,299,148
941,1693219964816,1692247700558,1692247700917,1693219965301,485,359,126
942,1693219965301,1692247701038,1692247701348,1693219965727,426,310,116
943,1693219965727,1692247701453,1692247701841,1693219966210,483,388,95
944,1693219966210,1692247701937,1692247702176,1693219966559,349,239,110
945,1693219966559,1692247702270,1692247702601,1693219966993,434,331,103
946,1693219966993,1692247702718,1692247702997,1693219967387,394,279,115
947,1693219967387,1692247703116,1692247703515,1693219967879,492,399,93
948,1693219967879,1692247703610,1692247703910,1693219968315,436,300,136
949,1693219968315,1692247704048,1692247704335,1693219968710,395,287,108
950,1693219968710,1692247704432,1692247704835,1693219969198,488,403,85
951,1693219969198,1692247704933,1692247705231,1693219969608,410,298,112
952,1693219969608,1692247705335,1692247705714,1693219970090,482,379,103
953,1693219970090,1692247705826,1692247706146,1693219970517,427,320,107
954,1693219970517,1692247706252,1692247706591,1693219970967,450,339,111
955,1693219970967,1692247706688,1692247707024,1693219971389,422,336,86
956,1693219971389,1692247707114,1692247707424,1693219971786,397,310,87
957,1693219971786,1692247707535,1692247707821,1693219972204,418,286,132
958,1693219972204,1692247707922,1692247708279,1693219972642,438,357,81
959,1693219972642,1692247708378,1692247708752,1693219973126,484,374,110
960,1693219973126,1692247708829,1692247709137,1693219973476,350,308,42
961,1693219973476,1692247709208,1692247709568,1693219973938,462,360,102
962,1693219973938,1692247709656,1692247710028,1693219974385,447,372,75
963,1693219974386,1692247710124,1692247710459,1693219974840,454,335,119
964,1693219974840,1692247710566,1692247710837,1693219975202,362,271,91
965,1693219975202,1692247711002,1692247711289,1693219975691,489,287,202
966,1693219975691,1692247711467,1692247711666,1693219976064,373,199,174
967,1693219976064,1692247711787,1692247712124,1693219976489,425,337,88
968,1693219976489,1692247712198,1692247712502,1693219976843,354,304,50
969,1693219976843,1692247712594,1692247712851,1693219977228,385,257,128
970,1693219977228,1692247712958,1692247713368,1693219977741,513,410,103
971,1693219977741,1692247713465,1692247713798,1693219978165,424,333,91
972,1693219978165,1692247713918,1692247714173,1693219978568,403,255,148
973,1693219978568,1692247714309,1692247714612,1693219978993,425,303,122
974,1693219978993,1692247714718,1692247715168,1693219979537,544,450,94
975,1693219979537,1692247715279,1692247715645,1693219980068,531,366,165
976,1693219980068,1692247715782,1692247716134,1693219980480,412,352,60
977,1693219980480,1692247716203,1692247716631,1693219980995,515,428,87
978,1693219980995,1692247716733,1692247717037,1693219981418,423,304,119
979,1693219981418,1692247717145,1692247717548,1693219981913,495,403,92
980,1693219981913,1692247717629,1692247717966,1693219982330,417,337,80
981,1693219982330,1692247718041,1692247718411,1693219982844,514,370,144
982,1693219982844,1692247718591,1692247718845,1693219983280,436,254,182
983,1693219983280,1692247719039,1692247719242,1693219983646,366,203,163
984,1693219983646,1692247719362,1692247719797,1693219984166,520,435,85
985,1693219984166,1692247719901,1692247720218,1693219984596,430,317,113
986,1693219984596,1692247720322,1692247720708,1693219985107,511,386,125
987,1693219985107,1692247720831,1692247721234,1693219985616,509,403,106
988,1693219985616,1692247721337,1692247721664,1693219986028,412,327,85
989,1693219986028,1692247721766,1692247722062,1693219986440,412,296,116
990,1693219986440,1692247722149,1692247722415,1693219986822,382,266,116
991,1693219986822,1692247722609,1692247722921,1693219987294,472,312,160
992,1693219987294,1692247723037,1692247723393,1693219987764,470,356,114
993,1693219987938,1692247723662,1692247724413,1693219988783,845,751,94
994,1693219988783,1692247724526,1692247725530,1693219989912,1129,1004,125
995,1693219989912,1692247725702,1692247726790,1693219991242,1330,1088,242
996,1693219991242,1692247726988,1692247727585,1693219991987,745,597,148
997,1693219991987,1692247727745,1692247728257,1693219992671,684,512,172
998,1693219992671,1692247728409,1692247729123,1693219993500,829,714,115
999,1693219993500,1692247729235,1692247729910,1693219994289,789,675,114
1000,1693219994289,1692247730026,1692247730827,1693219995215,926,801,125
1001,1693219995215,1692247730958,1692247731477,1693219995878,663,519,144
1002,1693219995878,1692247731605,1692247732216,1693219996688,810,611,199
1003,1693219996688,1692247732421,1692247733258,1693219997654,966,837,129
1004,1693219997654,1692247733431,1692247734018,1693219998453,799,587,212
1005,1693219998453,1692247734191,1692247734776,1693219999171,718,585,133
1006,1693219999171,1692247734926,1692247735482,1693219999865,694,556,138
1007,1693219999865,1692247735594,1692247736323,1693220000709,844,729,115
1008,1693220000709,1692247736451,1692247737398,1693220001785,1076,947,129
1009,1693220001785,1692247737508,1692247738011,1693220002378,593,503,90
1010,1693220002378,1692247738095,1692247738982,1693220003364,986,887,99
1011,1693220003364,1692247739122,1692247739678,1693220004082,718,556,162
1012,1693220004082,1692247739808,1692247740652,1693220005048,966,844,122
1013,1693220005048,1692247740801,1692247741308,1693220005705,657,507,150
1014,1693220005705,1692247741447,1692247742008,1693220006391,686,561,125
1015,1693220006391,1692247742116,1692247742679,1693220007037,646,563,83
1016,1693220007037,1692247742755,1692247743397,1693220007781,744,642,102
1017,1693220007781,1692247743558,1692247744257,1693220008677,896,699,197
1018,1693220008677,1692247744427,1692247745246,1693220009631,954,819,135
1019,1693220009631,1692247745350,1692247745957,1693220010365,734,607,127
1020,1693220010365,1692247746120,1692247746731,1693220011128,763,611,152
1021,1693220011128,1692247746901,1692247747590,1693220012002,874,689,185
1022,1693220012002,1692247747754,1692247748434,1693220012794,792,680,112
1023,1693220012794,1692247748509,1692247749239,1693220013680,886,730,156
1024,1693220013680,1692247749414,1692247750314,1693220014827,1147,900,247
1025,1693220014827,1692247750572,1692247751110,1693220015498,671,538,133
1026,1693220015498,1692247751241,1692247752145,1693220016528,1030,904,126
1027,1693220016528,1692247752251,1692247752879,1693220017255,727,628,99
1028,1693220017255,1692247753012,1692247753480,1693220017874,619,468,151
1029,1693220017874,1692247753613,1692247753911,1693220018297,423,298,125
1030,1693220018304,1692247754033,1692247754409,1693220018776,472,376,96
1031,1693220018776,1692247754502,1692247754778,1693220019148,372,276,96
1032,1693220019148,1692247754915,1692247755108,1693220019502,354,193,161
1033,1693220019502,1692247755244,1692247755528,1693220019937,435,284,151
1034,1693220019937,1692247755673,1692247756130,1693220020510,573,457,116
1035,1693220020510,1692247756230,1692247756583,1693220020948,438,353,85
1036,1693220020948,1692247756676,1692247757034,1693220021459,511,358,153
1037,1693220021459,1692247757224,1692247757584,1693220021973,514,360,154
1038,1693220021973,1692247757761,1692247757967,1693220022373,400,206,194
1039,1693220022373,1692247758126,1692247758422,1693220022808,435,296,139
1040,1693220022808,1692247758531,1692247758870,1693220023249,441,339,102
1041,1693220023249,1692247758991,1692247759289,1693220023659,410,298,112
1042,1693220023659,1692247759413,1692247759676,1693220024061,402,263,139
1043,1693220024061,1692247759786,1692247760139,1693220024514,453,353,100
1044,1693220024515,1692247760259,1692247760599,1693220024973,458,340,118
1045,1693220024973,1692247760706,1692247760924,1693220025311,338,218,120
1046,1693220025311,1692247761036,1692247761368,1693220025761,450,332,118
1047,1693220025761,1692247761493,1692247761770,1693220026158,397,277,120
1048,1693220026158,1692247761884,1692247762246,1693220026620,462,362,100
1049,1693220026620,1692247762377,1692247762615,1693220027040,420,238,182
1050,1693220027040,1692247762782,1692247763151,1693220027516,476,369,107
1051,1693220027516,1692247763248,1692247763469,1693220027923,407,221,186
1052,1693220027923,1692247763652,1692247764044,1693220028403,480,392,88
1053,1693220028403,1692247764115,1692247764529,1693220028889,486,414,72
1054,1693220028889,1692247764614,1692247764843,1693220029186,297,229,68
1055,1693220029186,1692247764923,1692247765285,1693220029656,470,362,108
1056,1693220029656,1692247765387,1692247765695,1693220030079,423,308,115
1057,1693220030079,1692247765807,1692247766202,1693220030581,502,395,107
1058,1693220030581,1692247766289,1692247766572,1693220030910,329,283,46
1059,1693220030910,1692247766666,1692247766872,1693220031270,360,206,154
1060,1693220031270,1692247767005,1692247767336,1693220031712,442,331,111
1061,1693220031712,1692247767436,1692247767809,1693220032178,466,373,93
1062,1693220032178,1692247767898,1692247768208,1693220032578,400,310,90
1063,1693220032578,1692247768307,1692247768651,1693220033024,446,344,102
1064,1693220033024,1692247768794,1692247769099,1693220033463,439,305,134
1065,1693220033463,1692247769190,1692247769483,1693220033899,436,293,143
1066,1693220033899,1692247769626,1692247769907,1693220034294,395,281,114
1067,1693220034294,1692247770044,1692247770335,1693220034712,418,291,127
1068,1693220034712,1692247770435,1692247770775,1693220035154,442,340,102
1069,1693220035154,1692247770886,1692247771170,1693220035553,399,284,115
1070,1693220035553,1692247771282,1692247771635,1693220036039,486,353,133
1071,1693220036039,1692247771775,1692247772068,1693220036437,398,293,105
1072,1693220036437,1692247772183,1692247772486,1693220036868,431,303,128
1073,1693220036868,1692247772589,1692247772969,1693220037332,464,380,84
1074,1693220037332,1692247773053,1692247773450,1693220037877,545,397,148
1075,1693220037877,1692247773602,1692247773852,1693220038213,336,250,86
1076,1693220038213,1692247773953,1692247774230,1693220038606,393,277,116
1077,1693220038606,1692247774344,1692247774662,1693220039041,435,318,117
1078,1693220039041,1692247774764,1692247775117,1693220039493,452,353,99
1079,1693220039493,1692247775226,1692247775569,1693220039936,443,343,100
1080,1693220039936,1692247775674,1692247776001,1693220040383,447,327,120
1081,1693220040383,1692247776098,1692247776437,1693220040811,428,339,89
1082,1693220040811,1692247776546,1692247776841,1693220041217,406,295,111
1083,1693220041217,1692247776951,1692247777235,1693220041611,394,284,110
1084,1693220041611,1692247777342,1692247777673,1693220042042,431,331,100
1085,1693220042042,1692247777768,1692247778154,1693220042522,480,386,94
1086,1693220042522,1692247778246,1692247778607,1693220043045,523,361,162
1087,1693220043045,1692247778782,1692247779100,1693220043469,424,318,106
1088,1693220043469,1692247779208,1692247779589,1693220043963,494,381,113
1089,1693220043963,1692247779675,1692247780091,1693220044446,483,416,67
1090,1693220044446,1692247780179,1692247780586,1693220044947,501,407,94
1091,1693220044947,1692247780673,1692247780937,1693220045319,372,264,108
1092,1693220045319,1692247781038,1692247781407,1693220045757,438,369,69
1093,1693220045757,1692247781483,1692247781862,1693220046230,473,379,94
1094,1693220046230,1692247781978,1692247782183,1693220046586,356,205,151
1095,1693220046586,1692247782313,1692247782630,1693220046999,413,317,96
1096,1693220046999,1692247782744,1692247783025,1693220047408,409,281,128
1097,1693220047408,1692247783130,1692247783548,1693220047913,505,418,87
1098,1693220047913,1692247783655,1692247783975,1693220048330,417,320,97
