request_number,request_time_ms,request_received_time_ms,response_time_ms,response_received_time_ms,end_to_end_latency,compute_time,transmission_time
1,1693220058739,1692247794516,1692247795060,1693220059492,753,544,209
2,1693220059492,1692247795215,1692247795801,1693220060169,677,586,91
3,1693220060169,1692247795906,1692247796205,1693220060584,415,299,116
4,1693220060584,1692247796308,1692247796604,1693220060983,399,296,103
5,1693220060983,1692247796721,1692247797080,1693220061445,462,359,103
6,1693220061445,1692247797164,1692247797540,1693220061908,463,376,87
7,1693220061908,1692247797626,1692247798011,1693220062367,459,385,74
8,1693220062367,1692247798102,1692247798453,1693220062831,464,351,113
9,1693220062831,1692247798568,1692247798857,1693220063238,407,289,118
10,1693220063238,1692247798955,1692247799260,1693220063630,392,305,87
11,1693220063630,1692247799380,1692247799599,1693220063998,368,219,149
12,1693220063998,1692247799718,1692247800031,1693220064399,401,313,88
13,1693220064399,1692247800142,1692247800464,1693220064853,454,322,132
14,1693220064853,1692247800582,1692247800918,1693220065296,443,336,107
15,1693220065296,1692247801040,1692247801360,1693220065734,438,320,118
16,1693220065734,1692247801476,1692247801782,1693220066210,476,306,170
17,1693220066210,1692247801932,1692247802228,1693220066590,380,296,84
18,1693220066590,1692247802328,1692247802586,1693220066973,383,258,125
19,1693220066973,1692247802711,1692247803055,1693220067434,461,344,117
20,1693220067434,1692247803155,1692247803603,1693220067974,540,448,92
21,1693220067974,1692247803717,1692247803986,1693220068374,400,269,131
22,1693220068374,1692247804116,1692247804461,1693220068835,461,345,116
23,1693220068835,1692247804561,1692247804885,1693220069258,423,324,99
24,1693220069258,1692247804973,1692247805328,1693220069768,510,355,155
25,1693220069768,1692247805496,1692247805786,1693220070160,392,290,102
26,1693220070160,1692247805886,1692247806256,1693220070618,458,370,88
27,1693220070618,1692247806354,1692247806660,1693220071131,513,306,207
28,1693220071131,1692247806852,1692247807230,1693220071611,480,378,102
29,1693220071611,1692247807365,1692247807744,1693220072132,521,379,142
30,1693220072132,1692247807906,1692247808203,1693220072577,445,297,148
31,1693220072577,1692247808315,1692247808673,1693220073064,487,358,129
32,1693220073064,1692247808811,1692247809139,1693220073576,512,328,184
33,1693220073576,1692247809318,1692247809609,1693220073979,403,291,112
34,1693220073979,1692247809720,1692247810152,1693220074517,538,432,106
35,1693220074517,1692247810260,1692247810597,1693220074972,455,337,118
36,1693220074972,1692247810693,1692247810972,1693220075324,352,279,73
37,1693220075324,1692247811057,1692247811470,1693220075842,518,413,105
38,1693220075842,1692247811575,1692247811900,1693220076274,432,325,107
39,1693220076274,1692247812014,1692247812385,1693220076757,483,371,112
40,1693220076757,1692247812502,1692247812835,1693220077207,450,333,117
41,1693220077207,1692247812937,1692247813293,1693220077664,457,356,101
42,1693220077664,1692247813394,1692247813705,1693220078083,419,311,108
43,1693220078083,1692247813807,1692247814113,1693220078493,410,306,104
44,1693220078493,1692247814228,1692247814559,1693220079004,511,331,180
45,1693220079004,1692247814746,1692247815047,1693220079429,425,301,124
46,1693220079429,1692247815170,1692247815553,1693220079923,494,383,111
47,1693220079923,1692247815667,1692247815967,1693220080362,439,300,139
48,1693220080362,1692247816111,1692247816387,1693220080856,494,276,218
49,1693220080856,1692247816586,1692247816955,1693220081347,491,369,122
50,1693220081347,1692247817065,1692247817432,1693220081858,511,367,144
51,1693220081858,1692247817668,1692247817882,1693220082272,414,214,200
52,1693220082272,1692247817999,1692247818421,1693220082777,505,422,83
53,1693220082777,1692247818571,1692247818862,1693220083247,470,291,179
54,1693220083247,1692247818989,1692247819216,1693220083595,348,227,121
55,1693220083595,1692247819341,1692247819683,1693220084057,462,342,120
56,1693220084057,1692247819815,1692247820115,1693220084501,444,300,144
57,1693220084501,1692247820236,1692247820604,1693220084963,462,368,94
58,1693220084963,1692247820705,1692247820986,1693220085363,400,281,119
59,1693220085363,1692247821096,1692247821513,1693220085893,530,417,113
60,1693220085893,1692247821618,1692247821895,1693220086268,375,277,98
61,1693220086268,1692247821993,1692247822404,1693220086771,503,411,92
62,1693220086771,1692247822497,1692247822874,1693220087245,474,377,97
63,1693220087246,1692247822987,1692247823350,1693220087736,490,363,127
64,1693220087736,1692247823454,1692247823814,1693220088185,449,360,89
65,1693220088185,1692247823911,1692247824213,1693220088576,391,302,89
66,1693220088576,1692247824319,1692247824603,1693220088995,419,284,135
67,1693220089171,1692247824923,1692247825523,1693220089974,803,600,203
68,1693220089974,1692247825704,1692247826300,1693220090682,708,596,112
69,1693220090682,1692247826424,1692247826906,1693220091292,610,482,128
70,1693220091292,1692247827018,1692247827766,1693220092133,841,748,93
71,1693220092133,1692247827885,1692247828439,1693220092817,684,554,130
72,1693220092817,1692247828559,1692247829162,1693220093542,725,603,122
73,1693220093542,1692247829283,1692247830076,1693220094462,920,793,127
74,1693220094462,1692247830185,1692247830924,1693220095283,821,739,82
75,1693220095283,1692247831032,1692247831864,1693220096258,975,832,143
76,1693220096258,1692247832006,1692247832874,1693220097304,1046,868,178
77,1693220097305,1692247833045,1692247833788,1693220098281,976,743,233
78,1693220098281,1692247834017,1692247834870,1693220099253,972,853,119
79,1693220099253,1692247834977,1692247835675,1693220100063,810,698,112
80,1693220100063,1692247835789,1692247836448,1693220100823,760,659,101
81,1693220100823,1692247836561,1692247837515,1693220101904,1081,954,127
82,1693220101904,1692247837640,1692247838472,1693220102855,951,832,119
83,1693220102855,1692247838591,1692247839191,1693220103599,744,600,144
84,1693220103599,1692247839318,1692247840195,1693220104555,956,877,79
85,1693220104555,1692247840312,1692247841052,1693220105426,871,740,131
86,1693220105426,1692247841138,1692247841785,1693220106229,803,647,156
87,1693220106229,1692247841980,1692247842905,1693220107295,1066,925,141
88,1693220107295,1692247843080,1692247843602,1693220108013,718,522,196
89,1693220108013,1692247843746,1692247844463,1693220108823,810,717,93
90,1693220108823,1692247844560,1692247845387,1693220109844,1021,827,194
91,1693220109845,1692247845623,1692247846151,1693220110539,694,528,166
92,1693220110539,1692247846275,1692247847189,1693220111568,1029,914,115
93,1693220111568,1692247847319,1692247847953,1693220112355,787,634,153
94,1693220112355,1692247848103,1692247848891,1693220113297,942,788,154
95,1693220113297,1692247849036,1692247849710,1693220114154,857,674,183
96,1693220114154,1692247849921,1692247850336,1693220114790,636,415,221
97,1693220114790,1692247850548,1692247851121,1693220115511,721,573,148
98,1693220115512,1692247851268,1692247851765,1693220116171,659,497,162
99,1693220116171,1692247851899,1692247852552,1693220117189,1018,653,365
100,1693220117189,1692247852942,1692247853715,1693220118143,954,773,181
101,1693220118143,1692247853916,1692247854669,1693220119041,898,753,145
102,1693220119041,1692247854772,1692247855181,1693220119538,497,409,88
103,1693220119545,1692247855298,1692247855497,1693220119896,351,199,152
104,1693220119896,1692247855646,1692247855922,1693220120305,409,276,133
105,1693220120305,1692247856069,1692247856371,1693220120755,450,302,148
106,1693220120755,1692247856486,1692247856863,1693220121229,474,377,97
107,1693220121229,1692247856973,1692247857248,1693220121670,441,275,166
108,1693220121670,1692247857413,1692247857722,1693220122097,427,309,118
109,1693220122097,1692247857832,1692247858126,1693220122518,421,294,127
110,1693220122518,1692247858265,1692247858573,1693220122959,441,308,133
111,1693220122959,1692247858685,1692247859028,1693220123403,444,343,101
112,1693220123403,1692247859148,1692247859462,1693220123842,439,314,125
113,1693220123842,1692247859576,1692247859905,1693220124316,474,329,145
114,1693220124316,1692247860051,1692247860331,1693220124769,453,280,173
115,1693220124769,1692247860503,1692247860903,1693220125288,519,400,119
116,1693220125288,1692247861059,1692247861266,1693220125662,374,207,167
117,1693220125662,1692247861427,1692247861686,1693220126073,411,259,152
118,1693220126073,1692247861817,1692247862214,1693220126580,507,397,110
119,1693220126581,1692247862334,1692247862560,1693220126954,373,226,147
120,1693220126954,1692247862708,1692247862962,1693220127353,399,254,145
121,1693220127353,1692247863093,1692247863400,1693220127787,434,307,127
122,1693220127787,1692247863544,1692247863850,1693220128340,553,306,247
123,1693220128340,1692247864074,1692247864405,1693220128783,443,331,112
124,1693220128783,1692247864553,1692247864792,1693220129184,401,239,162
125,1693220129184,1692247864970,1692247865268,1693220129710,526,298,228
126,1693220129710,1692247865415,1692247865695,1693220130029,319,280,39
127,1693220130029,1692247865767,1692247866160,1693220130530,501,393,108
128,1693220130530,1692247866277,1692247866620,1693220130990,460,343,117
129,1693220130990,1692247866733,1692247867029,1693220131401,411,296,115
130,1693220131401,1692247867127,1692247867518,1693220131875,474,391,83
131,1693220131875,1692247867636,1692247867859,1693220132254,379,223,156
132,1693220132254,1692247867967,1692247868363,1693220132704,450,396,54
133,1693220132704,1692247868442,1692247868792,1693220133162,458,350,108
134,1693220133162,1692247868936,1692247869166,1693220133553,391,230,161
135,1693220133553,1692247869282,1692247869658,1693220134037,484,376,108
136,1693220134037,1692247869777,1692247870098,1693220134478,441,321,120
137,1693220134478,1692247870219,1692247870505,1693220134881,403,286,117
138,1693220134881,1692247870606,1692247870901,1693220135280,399,295,104
139,1693220135280,1692247871015,1692247871326,1693220135697,417,311,106
140,1693220135697,1692247871435,1692247871765,1693220136138,441,330,111
141,1693220136138,1692247871897,1692247872118,1693220136504,366,221,145
142,1693220136504,1692247872228,1692247872574,1693220136931,427,346,81
143,1693220136931,1692247872648,1692247872978,1693220137331,400,330,70
144,1693220137331,1692247873069,1692247873352,1693220137792,461,283,178
145,1693220137792,1692247873543,1692247873856,1693220138234,442,313,129
146,1693220138234,1692247873981,1692247874210,1693220138597,363,229,134
147,1693220138597,1692247874318,1692247874792,1693220139151,554,474,80
148,1693220139151,1692247874894,1692247875225,1693220139601,450,331,119
149,1693220139601,1692247875333,1692247875570,1693220139991,390,237,153
150,1693220139991,1692247875760,1692247876053,1693220140437,446,293,153
151,1693220140437,1692247876173,1692247876444,1693220140810,373,271,102
152,1693220140810,1692247876547,1692247876887,1693220141236,426,340,86
153,1693220141236,1692247876972,1692247877346,1693220141759,523,374,149
154,1693220141759,1692247877477,1692247877787,1693220142144,385,310,75
155,1693220142144,1692247877879,1692247878206,1693220142581,437,327,110
156,1693220142581,1692247878337,1692247878676,1693220143090,509,339,170
157,1693220143090,1692247878825,1692247879198,1693220143566,476,373,103
158,1693220143566,1692247879296,1692247879575,1693220144037,471,279,192
159,1693220144037,1692247879767,1692247880064,1693220144428,391,297,94
160,1693220144428,1692247880184,1692247880504,1693220144953,525,320,205
161,1693220144953,1692247880701,1692247881001,1693220145464,511,300,211
162,1693220145464,1692247881217,1692247881559,1693220145981,517,342,175
163,1693220145981,1692247881736,1692247882006,1693220146390,409,270,139
164,1693220146390,1692247882109,1692247882429,1693220146787,397,320,77
165,1693220146787,1692247882554,1692247882782,1693220147206,419,228,191
166,1693220147206,1692247882962,1692247883196,1693220147583,377,234,143
167,1693220147583,1692247883307,1692247883771,1693220148219,636,464,172
168,1693220148219,1692247883942,1692247884206,1693220148553,334,264,70
169,1693220148553,1692247884291,1692247884575,1693220148965,412,284,128
170,1693220148965,1692247884719,1692247885085,1693220149490,525,366,159
171,1693220149490,1692247885233,1692247885495,1693220149883,393,262,131
172,1693220150056,1692247885787,1692247886735,1693220151116,1060,948,112
173,1693220151116,1692247886870,1692247887462,1693220151853,737,592,145
174,1693220151853,1692247887580,1692247888590,1693220152962,1109,1010,99
175,1693220152962,1692247888675,1692247889041,1693220153375,413,366,47
176,1693220153375,1692247889146,1692247890165,1693220154562,1187,1019,168
177,1693220154562,1692247890349,1692247890898,1693220155295,733,549,184
178,1693220155295,1692247891042,1692247891988,1693220156368,1073,946,127
179,1693220156368,1692247892098,1692247893078,1693220157457,1089,980,109
180,1693220157457,1692247893211,1692247894172,1693220158553,1096,961,135
181,1693220158553,1692247894288,1692247894770,1693220159124,571,482,89
182,1693220159124,1692247894854,1692247895877,1693220160245,1121,1023,98
183,1693220160245,1692247895993,1692247896726,1693220161112,867,733,134
184,1693220161112,1692247896842,1692247897698,1693220162079,967,856,111
185,1693220162079,1692247897825,1692247898368,1693220162758,679,543,136
186,1693220162758,1692247898492,1692247899059,1693220163455,697,567,130
187,1693220163455,1692247899180,1692247900191,1693220164576,1121,1011,110
188,1693220164576,1692247900300,1692247900792,1693220165168,592,492,100
189,1693220165168,1692247900915,1692247901593,1693220165982,814,678,136
190,1693220165982,1692247901741,1692247902649,1693220167044,1062,908,154
191,1693220167044,1692247902791,1692247903735,1693220168120,1076,944,132
192,1693220168120,1692247903861,1692247904508,1693220168883,763,647,116
193,1693220168883,1692247904620,1692247905455,1693220169849,966,835,131
194,1693220169849,1692247905588,1692247906391,1693220170768,919,803,116
195,1693220170768,1692247906502,1692247907209,1693220171586,818,707,111
196,1693220171586,1692247907321,1692247908678,1693220173061,1475,1357,118
197,1693220173061,1692247908816,1692247909399,1693220173803,742,583,159
198,1693220173803,1692247909537,1692247910031,1693220174385,582,494,88
199,1693220174385,1692247910127,1692247910752,1693220175133,748,625,123
200,1693220175133,1692247910871,1692247911429,1693220175818,685,558,127
201,1693220175818,1692247911535,1692247912228,1693220176709,891,693,198
202,1693220176709,1692247912434,1692247913343,1693220177725,1016,909,107
203,1693220177725,1692247913475,1692247913989,1693220178384,659,514,145
204,1693220178384,1692247914111,1692247915080,1693220179500,1116,969,147
205,1693220179500,1692247915236,1692247915970,1693220180355,855,734,121
206,1693220180362,1692247916090,1692247916426,1693220180795,433,336,97
207,1693220180795,1692247916525,1692247916782,1693220181165,370,257,113
208,1693220181165,1692247916903,1692247917207,1693220181584,419,304,115
209,1693220181584,1692247917316,1692247917649,1693220182017,433,333,100
210,1693220182017,1692247917748,1692247918036,1693220182437,420,288,132
211,1693220182437,1692247918166,1692247918508,1693220182875,438,342,96
212,1693220182875,1692247918603,1692247919032,1693220183421,546,429,117
213,1693220183421,1692247919170,1692247919417,1693220183804,383,247,136
214,1693220183804,1692247919544,1692247919803,1693220184186,382,259,123
215,1693220184186,1692247919914,1692247920286,1693220184647,461,372,89
216,1693220184647,1692247920396,1692247920610,1693220185032,385,214,171
217,1693220185032,1692247920768,1692247921136,1693220185505,473,368,105
218,1693220185505,1692247921261,1692247921509,1693220185900,395,248,147
219,1693220185900,1692247921626,1692247922044,1693220186413,513,418,95
220,1693220186413,1692247922131,1692247922450,1693220186828,415,319,96
221,1693220186828,1692247922590,1692247922804,1693220187203,375,214,161
222,1693220187203,1692247922963,1692247923271,1693220187653,450,308,142
223,1693220187653,1692247923408,1692247923766,1693220188149,496,358,138
224,1693220188150,1692247923896,1692247924344,1693220188704,554,448,106
225,1693220188704,1692247924469,1692247924751,1693220189136,432,282,150
226,1693220189136,1692247924870,1692247925174,1693220189562,426,304,122
227,1693220189562,1692247925305,1692247925541,1693220189932,370,236,134
228,1693220189932,1692247925663,1692247925977,1693220190355,423,314,109
229,1693220190355,1692247926100,1692247926388,1693220190766,411,288,123
230,1693220190766,1692247926508,1692247926794,1693220191241,475,286,189
231,1693220191241,1692247926972,1692247927314,1693220191679,438,342,96
232,1693220191679,1692247927404,1692247927673,1693220192038,359,269,90
233,1693220192038,1692247927769,1692247928172,1693220192535,497,403,94
234,1693220192535,1692247928258,1692247928622,1693220193062,527,364,163
235,1693220193062,1692247928814,1692247929210,1693220193582,520,396,124
236,1693220193582,1692247929353,1692247929552,1693220193948,366,199,167
237,1693220193948,1692247929699,1692247929976,1693220194366,418,277,141
238,1693220194366,1692247930114,1692247930370,1693220194753,387,256,131
239,1693220194753,1692247930485,1692247930801,1693220195164,411,316,95
240,1693220195164,1692247930902,1692247931196,1693220195628,464,294,170
241,1693220195628,1692247931359,1692247931765,1693220196131,503,406,97
242,1693220196131,1692247931887,1692247932100,1693220196465,334,213,121
243,1693220196465,1692247932191,1692247932595,1693220196966,501,404,97
244,1693220196966,1692247932700,1692247932982,1693220197354,388,282,106
245,1693220197354,1692247933102,1692247933363,1693220197802,448,261,187
246,1693220197802,1692247933529,1692247933946,1693220198368,566,417,149
247,1693220198368,1692247934093,1692247934401,1693220198756,388,308,80
248,1693220198756,1692247934512,1692247934810,1693220199168,412,298,114
249,1693220199168,1692247934905,1692247935212,1693220199572,404,307,97
250,1693220199572,1692247935290,1692247935700,1693220200053,481,410,71
251,1693220200054,1692247935787,1692247936088,1693220200484,430,301,129
252,1693220200484,1692247936217,1692247936659,1693220201029,545,442,103
253,1693220201029,1692247936746,1692247937022,1693220201372,343,276,67
254,1693220201372,1692247937104,1692247937385,1693220201770,398,281,117
255,1693220201770,1692247937509,1692247937765,1693220202155,385,256,129
256,1693220202155,1692247937899,1692247938129,1693220202510,355,230,125
257,1693220202510,1692247938221,1692247938524,1693220202872,362,303,59
258,1693220202872,1692247938600,1692247938961,1693220203332,460,361,99
259,1693220203332,1692247939064,1692247939470,1693220203928,596,406,190
260,1693220203928,1692247939674,1692247939927,1693220204363,435,253,182
261,1693220204363,1692247940096,1692247940515,1693220204953,590,419,171
262,1693220204953,1692247940679,1692247941119,1693220205485,532,440,92
263,1693220205485,1692247941247,1692247941479,1693220205870,385,232,153
264,1693220205870,1692247941608,1692247941832,1693220206303,433,224,209
265,1693220206303,1692247942037,1692247942450,1693220206902,599,413,186
266,1693220206902,1692247942635,1692247942836,1693220207296,394,201,193
267,1693220207296,1692247943032,1692247943368,1693220207816,520,336,184
268,1693220207816,1692247943550,1692247943844,1693220208242,426,294,132
269,1693220208242,1692247943964,1692247944302,1693220208841,599,338,261
270,1693220208841,1692247944572,1692247944879,1693220209252,411,307,104
271,1693220209252,1692247944988,1692247945276,1693220209641,389,288,101
272,1693220209641,1692247945373,1692247945759,1693220210108,467,386,81
273,1693220210108,1692247945835,1692247946176,1693220210551,443,341,102
274,1693220210725,1692247946471,1692247946998,1693220211373,648,527,121
275,1693220211373,1692247947110,1692247947886,1693220212261,888,776,112
276,1693220212261,1692247948014,1692247948460,1693220212854,593,446,147
277,1693220212854,1692247948598,1692247949229,1693220213615,761,631,130
278,1693220213615,1692247949349,1692247949911,1693220214322,707,562,145
279,1693220214322,1692247950071,1692247950586,1693220214995,673,515,158
280,1693220214995,1692247950724,1692247951581,1693220215952,957,857,100
281,1693220215952,1692247951691,1692247952517,1693220216894,942,826,116
282,1693220216894,1692247952628,1692247953278,1693220217677,783,650,133
283,1693220217677,1692247953419,1692247954528,1693220218906,1229,1109,120
284,1693220218906,1692247954656,1692247955214,1693220219624,718,558,160
285,1693220219624,1692247955378,1692247956651,1693220221035,1411,1273,138
286,1693220221035,1692247956756,1692247957552,1693220221899,864,796,68
287,1693220221900,1692247957630,1692247958264,1693220222631,731,634,97
288,1693220222631,1692247958381,1692247959257,1693220223655,1024,876,148
289,1693220223655,1692247959393,1692247960127,1693220224509,854,734,120
290,1693220224509,1692247960230,1692247961239,1693220225620,1111,1009,102
291,1693220225620,1692247961340,1692247962339,1693220226702,1082,999,83
292,1693220226702,1692247962460,1692247963086,1693220227485,783,626,157
293,1693220227485,1692247963216,1692247963846,1693220228227,742,630,112
294,1693220228227,1692247963959,1692247964694,1693220229067,840,735,105
295,1693220229067,1692247964796,1692247965507,1693220229897,830,711,119
296,1693220229897,1692247965638,1692247966555,1693220230939,1042,917,125
297,1693220230939,1692247966663,1692247967207,1693220231552,613,544,69
298,1693220231552,1692247967288,1692247968128,1693220232510,958,840,118
299,1693220232510,1692247968253,1692247968927,1693220233302,792,674,118
300,1693220233302,1692247969031,1692247969863,1693220234246,944,832,112
301,1693220234246,1692247969976,1692247970645,1693220235077,831,669,162
302,1693220235077,1692247970822,1692247971549,1693220235945,868,727,141
303,1693220235945,1692247971688,1692247972484,1693220236876,931,796,135
304,1693220236876,1692247972611,1692247973375,1693220237842,966,764,202
305,1693220237842,1692247973567,1692247974608,1693220239067,1225,1041,184
306,1693220239067,1692247974792,1692247975551,1693220239988,921,759,162
307,1693220239988,1692247975709,1692247976477,1693220240840,852,768,84
308,1693220240849,1692247976587,1692247976900,1693220241285,436,313,123
309,1693220241285,1692247977022,1692247977430,1693220241791,506,408,98
310,1693220241791,1692247977542,1692247977846,1693220242226,435,304,131
311,1693220242226,1692247977957,1692247978360,1693220242724,498,403,95
312,1693220242724,1692247978443,1692247978808,1693220243151,427,365,62
313,1693220243151,1692247978878,1692247979214,1693220243643,492,336,156
314,1693220243643,1692247979401,1692247979746,1693220244117,474,345,129
315,1693220244117,1692247979856,1692247980081,1693220244469,352,225,127
316,1693220244469,1692247980202,1692247980575,1693220244974,505,373,132
317,1693220244974,1692247980712,1692247981080,1693220245447,473,368,105
318,1693220245447,1692247981184,1692247981551,1693220245915,468,367,101
319,1693220245915,1692247981661,1692247982000,1693220246368,453,339,114
320,1693220246368,1692247982111,1692247982374,1693220246756,388,263,125
321,1693220246756,1692247982479,1692247982802,1693220247178,422,323,99
322,1693220247178,1692247982925,1692247983191,1693220247566,388,266,122
323,1693220247566,1692247983328,1692247983575,1693220247970,404,247,157
324,1693220247970,1692247983703,1692247983981,1693220248361,391,278,113
325,1693220248361,1692247984108,1692247984415,1693220248773,412,307,105
326,1693220248773,1692247984497,1692247984788,1693220249155,382,291,91
327,1693220249155,1692247984897,1692247985228,1693220249619,464,331,133
328,1693220249619,1692247985382,1692247985597,1693220250003,384,215,169
329,1693220250003,1692247985729,1692247986123,1693220250512,509,394,115
330,1693220250512,1692247986243,1692247986539,1693220250927,415,296,119
331,1693220250927,1692247986640,1692247987102,1693220251539,612,462,150
332,1693220251539,1692247987269,1692247987675,1693220252038,499,406,93
333,1693220252038,1692247987779,1692247988086,1693220252463,425,307,118
334,1693220252463,1692247988183,1692247988538,1693220252902,439,355,84
335,1693220252902,1692247988633,1692247988925,1693220253308,406,292,114
336,1693220253308,1692247989042,1692247989398,1693220253781,473,356,117
337,1693220253781,1692247989505,1692247989763,1693220254128,347,258,89
338,1693220254128,1692247989858,1692247990280,1693220254720,592,422,170
339,1693220254720,1692247990453,1692247990820,1693220255235,515,367,148
340,1693220255235,1692247990983,1692247991235,1693220255623,388,252,136
341,1693220255623,1692247991366,1692247991625,1693220256014,391,259,132
342,1693220256014,1692247991746,1692247992047,1693220256413,399,301,98
343,1693220256413,1692247992151,1692247992544,1693220256951,538,393,145
344,1693220256951,1692247992805,1692247993173,1693220257545,594,368,226
345,1693220257545,1692247993267,1692247993568,1693220257996,451,301,150
346,1693220257996,1692247993738,1692247994083,1693220258448,452,345,107
347,1693220258448,1692247994185,1692247994487,1693220258864,416,302,114
348,1693220258864,1692247994600,1692247994901,1693220259286,422,301,121
349,1693220259286,1692247995023,1692247995350,1693220259735,449,327,122
350,1693220259735,1692247995765,1692247995955,1693220260480,745,190,555
351,1693220260480,1692247996229,1692247996519,1693220260902,422,290,132
352,1693220260902,1692247996639,1692247996924,1693220261302,400,285,115
353,1693220261302,1692247997044,1692247997399,1693220261759,457,355,102
354,1693220261759,1692247997506,1692247997764,1693220262138,379,258,121
355,1693220262138,1692247997876,1692247998110,1693220262771,633,234,399
356,1693220262771,1692247998651,1692247999019,1693220263383,612,368,244
357,1693220263383,1692247999117,1692247999482,1693220263859,476,365,111
358,1693220263859,1692247999594,1692247999984,1693220264349,490,390,100
359,1693220264349,1692248000097,1692248000403,1693220264791,442,306,136
360,1693220264791,1692248000522,1692248000779,1693220265169,378,257,121
361,1693220265169,1692248000897,1692248001186,1693220265561,392,289,103
362,1693220265561,1692248001288,1692248001595,1693220265971,410,307,103
363,1693220265971,1692248001704,1692248002018,1693220266390,419,314,105
364,1693220266390,1692248002145,1692248002476,1693220266849,459,331,128
365,1693220266849,1692248002583,1692248002912,1693220267330,481,329,152
366,1693220267330,1692248003053,1692248003291,1693220267639,309,238,71
367,1693220267639,1692248003365,1692248003636,1693220267975,336,271,65
368,1693220267975,1692248003694,1692248003920,1693220268257,282,226,56
369,1693220268257,1692248003985,1692248004333,1693220268694,437,348,89
370,1693220268694,1692248004418,1692248004686,1693220269034,340,268,72
371,1693220269034,1692248004759,1692248005164,1693220269520,486,405,81
372,1693220269520,1692248005254,1692248005616,1693220269991,471,362,109
373,1693220269991,1692248005712,1692248006113,1693220270472,481,401,80
374,1693220270472,1692248006210,1692248006606,1693220270977,505,396,109
375,1693220271152,1692248006887,1692248007450,1693220271824,672,563,109
376,1693220271824,1692248007568,1692248008105,1693220272470,646,537,109
377,1693220272470,1692248008194,1692248008800,1693220273186,716,606,110
378,1693220273186,1692248008938,1692248009503,1693220273870,684,565,119
379,1693220273870,1692248009602,1692248010239,1693220274624,754,637,117
380,1693220274625,1692248010351,1692248011195,1693220275552,927,844,83
381,1693220275552,1692248011282,1692248011951,1693220276324,772,669,103
382,1693220276324,1692248012062,1692248012686,1693220277068,744,624,120
383,1693220277068,1692248012804,1692248013846,1693220278222,1154,1042,112
384,1693220278222,1692248013957,1692248014653,1693220279107,885,696,189
385,1693220279107,1692248014832,1692248015619,1693220280019,912,787,125
386,1693220280019,1692248015755,1692248016454,1693220280834,815,699,116
387,1693220280834,1692248016574,1692248017191,1693220281574,740,617,123
388,1693220281574,1692248017319,1692248017883,1693220282274,700,564,136
389,1693220282274,1692248018010,1692248018700,1693220283107,833,690,143
390,1693220283107,1692248018838,1692248019729,1693220284109,1002,891,111
391,1693220284109,1692248019843,1692248020650,1693220285028,919,807,112
392,1693220285028,1692248020757,1692248021331,1693220285706,678,574,104
393,1693220285706,1692248021430,1692248022156,1693220286531,825,726,99
394,1693220286531,1692248022262,1692248023083,1693220287439,908,821,87
395,1693220287439,1692248023199,1692248023824,1693220288226,787,625,162
396,1693220288226,1692248023945,1692248024739,1693220289109,883,794,89
397,1693220289109,1692248024843,1692248025645,1693220290048,939,802,137
398,1693220290048,1692248025772,1692248026449,1693220290860,812,677,135
399,1693220290860,1692248026617,1692248027151,1693220291688,828,534,294
400,1693220291688,1692248027411,1692248028231,1693220292638,950,820,130
401,1693220292638,1692248028379,1692248029126,1693220293504,866,747,119
402,1693220293504,1692248029225,1692248029813,1693220294169,665,588,77
403,1693220294169,1692248029913,1692248030715,1693220295104,935,802,133
404,1693220295104,1692248030835,1692248031438,1693220295798,694,603,91
405,1693220295798,1692248031517,1692248032270,1693220296726,928,753,175
406,1693220296726,1692248032461,1692248033250,1693220297647,921,789,132
407,1693220297647,1692248033374,1692248034215,1693220298585,938,841,97
408,1693220298585,1692248034322,1692248035150,1693220299526,941,828,113
409,1693220299527,1692248035297,1692248035898,1693220300308,781,601,180
410,1693220300308,1692248036065,1692248036671,1693220301054,746,606,140
411,1693220301054,1692248036783,1692248037203,1693220301578,524,420,104
412,1693220301585,1692248037305,1692248037640,1693220301982,397,335,62
413,1693220301982,1692248037730,1692248038021,1693220302400,418,291,127
414,1693220302401,1692248038134,1692248038499,1693220302862,461,365,96
415,1693220302862,1692248038590,1692248039004,1693220303365,503,414,89
416,1693220303365,1692248039099,1692248039479,1693220303842,477,380,97
417,1693220303842,1692248039565,1692248039847,1693220304210,368,282,86
418,1693220304210,1692248039955,1692248040201,1693220304588,378,246,132
419,1693220304588,1692248040335,1692248040585,1693220305013,425,250,175
420,1693220305013,1692248040755,1692248041066,1693220305438,425,311,114
421,1693220305438,1692248041185,1692248041538,1693220305901,463,353,110
422,1693220305901,1692248041645,1692248041930,1693220306309,408,285,123
423,1693220306309,1692248042059,1692248042306,1693220306694,385,247,138
424,1693220306694,1692248042437,1692248042729,1693220307113,419,292,127
425,1693220307113,1692248042841,1692248043153,1693220307525,412,312,100
426,1693220307525,1692248043267,1692248043600,1693220307978,453,333,120
427,1693220307978,1692248043733,1692248044002,1693220308389,411,269,142
428,1693220308389,1692248044128,1692248044445,1693220308890,501,317,184
429,1693220308890,1692248044621,1692248044990,1693220309366,476,369,107
430,1693220309366,1692248045110,1692248045472,1693220309842,476,362,114
431,1693220309842,1692248045579,1692248045918,1693220310308,466,339,127
432,1693220310308,1692248046030,1692248046254,1693220310619,311,224,87
433,1693220310619,1692248046354,1692248046701,1693220311071,452,347,105
434,1693220311071,1692248046794,1692248047232,1693220311583,512,438,74
435,1693220311583,1692248047322,1692248047621,1693220311990,407,299,108
436,1693220311990,1692248047726,1692248048052,1693220312431,441,326,115
437,1693220312431,1692248048158,1692248048518,1693220312869,438,360,78
438,1693220312869,1692248048607,1692248048902,1693220313280,411,295,116
439,1693220313280,1692248049022,1692248049275,1693220313653,373,253,120
440,1693220313654,1692248049381,1692248049745,1693220314113,459,364,95
441,1693220314113,1692248049843,1692248050177,1693220314548,435,334,101
442,1693220314548,1692248050277,1692248050531,1693220314919,371,254,117
443,1693220314919,1692248050669,1692248050882,1693220315260,341,213,128
444,1693220315260,1692248051008,1692248051249,1693220315661,401,241,160
445,1693220315661,1692248051408,1692248051666,1693220316051,390,258,132
446,1693220316052,1692248051780,1692248052080,1693220316439,387,300,87
447,1693220316439,1692248052160,1692248052563,1693220316912,473,403,70
448,1693220316912,1692248052634,1692248053039,1693220317396,484,405,79
449,1693220317396,1692248053140,1692248053379,1693220317813,417,239,178
450,1693220317813,1692248053572,1692248053830,1693220318213,400,258,142
451,1693220318213,1692248053940,1692248054160,1693220318596,383,220,163
452,1693220318596,1692248054323,1692248054597,1693220318943,347,274,73
453,1693220318943,1692248054693,1692248054918,1693220319308,365,225,140
454,1693220319308,1692248055050,1692248055380,1693220319758,450,330,120
455,1693220319758,1692248055478,1692248055830,1693220320211,453,352,101
456,1693220320211,1692248055964,1692248056177,1693220320559,348,213,135
457,1693220320559,1692248056297,1692248056541,1693220320971,412,244,168
458,1693220320971,1692248056704,1692248057061,1693220321431,460,357,103
459,1693220321431,1692248057159,1692248057524,1693220321889,458,365,93
460,1693220321889,1692248057646,1692248057835,1693220322197,308,189,119
461,1693220322197,1692248057939,1692248058200,1693220322608,411,261,150
462,1693220322608,1692248058335,1692248058633,1693220323007,399,298,101
463,1693220323007,1692248058725,1692248059071,1693220323430,423,346,77
464,1693220323430,1692248059155,1692248059512,1693220323927,497,357,140
465,1693220323927,1692248059649,1692248059993,1693220324355,428,344,84
466,1693220324355,1692248060096,1692248060398,1693220324844,489,302,187
467,1693220324844,1692248060601,1692248060892,1693220325272,428,291,137
468,1693220325272,1692248061018,1692248061296,1693220325687,415,278,137
469,1693220325687,1692248061447,1692248061708,1693220326093,406,261,145
470,1693220326093,1692248061851,1692248062163,1693220326531,438,312,126
471,1693220326531,1692248062265,1692248062570,1693220326926,395,305,90
472,1693220326926,1692248062681,1692248062982,1693220327365,439,301,138
473,1693220327365,1692248063135,1692248063394,1693220327766,401,259,142
474,1693220327766,1692248063486,1692248063839,1693220328189,423,353,70
475,1693220328189,1692248063921,1692248064284,1693220328634,445,363,82
476,1693220328634,1692248064355,1692248064693,1693220329057,423,338,85
477,1693220329057,1692248064800,1692248065096,1693220329484,427,296,131
478,1693220329484,1692248065233,1692248065527,1693220329968,484,294,190
479,1693220329968,1692248065744,1692248065941,1693220330328,360,197,163
480,1693220330328,1692248066060,1692248066327,1693220330700,372,267,105
481,1693220330700,1692248066438,1692248066727,1693220331093,393,289,104
482,1693220331093,1692248066836,1692248067096,1693220331492,399,260,139
483,1693220331492,1692248067232,1692248067592,1693220332023,531,360,171
484,1693220332197,1692248067932,1692248068645,1693220333002,805,713,92
485,1693220333002,1692248068734,1692248069397,1693220333781,779,663,116
486,1693220333781,1692248069518,1692248069887,1693220334272,491,369,122
487,1693220334272,1692248070000,1692248070796,1693220335167,895,796,99
488,1693220335167,1692248070914,1692248071610,1693220336023,856,696,160
489,1693220336023,1692248071791,1692248072343,1693220336751,728,552,176
490,1693220336751,1692248072476,1692248073007,1693220337376,625,531,94
491,1693220337376,1692248073114,1692248074020,1693220338405,1029,906,123
492,1693220338405,1692248074148,1692248074615,1693220339007,602,467,135
493,1693220339007,1692248074747,1692248075586,1693220340021,1014,839,175
494,1693220340021,1692248075740,1692248076643,1693220341013,992,903,89
495,1693220341013,1692248076758,1692248077379,1693220341769,756,621,135
496,1693220341769,1692248077528,1692248077980,1693220342396,627,452,175
497,1693220342396,1692248078146,1692248079204,1693220343605,1209,1058,151
498,1693220343605,1692248079330,1692248080669,1693220345044,1439,1339,100
499,1693220345044,1692248080772,1692248081377,1693220345765,721,605,116
500,1693220345765,1692248081486,1692248082262,1693220346619,854,776,78
501,1693220346619,1692248082353,1692248083109,1693220347520,901,756,145
502,1693220347520,1692248083281,1692248083857,1693220348257,737,576,161
503,1693220348257,1692248084016,1692248084650,1693220349065,808,634,174
504,1693220349065,1692248084808,1692248085588,1693220349981,916,780,136
505,1693220349981,1692248085705,1692248086649,1693220351015,1034,944,90
506,1693220351015,1692248086738,1692248087531,1693220351897,882,793,89
507,1693220351897,1692248087627,1692248088744,1693220353122,1225,1117,108
508,1693220353122,1692248088857,1692248089592,1693220354040,918,735,183
509,1693220354040,1692248089771,1692248090947,1693220355316,1276,1176,100
510,1693220355316,1692248091040,1692248091746,1693220356127,811,706,105
511,1693220356127,1692248091854,1692248092591,1693220356984,857,737,120
512,1693220356984,1692248092708,1692248093649,1693220358060,1076,941,135
513,1693220358060,1692248093797,1692248094361,1693220358751,691,564,127
514,1693220358751,1692248094481,1692248095227,1693220359613,862,746,116
515,1693220359613,1692248095378,1692248096030,1693220360427,814,652,162
516,1693220360427,1692248096175,1692248096922,1693220361323,896,747,149
517,1693220361323,1692248097077,1692248097698,1693220362095,772,621,151
518,1693220362095,1692248097840,1692248098183,1693220362561,466,343,123
519,1693220362568,1692248098318,1692248098545,1693220362920,352,227,125
520,1693220362920,1692248098675,1692248098908,1693220363287,367,233,134
521,1693220363287,1692248099029,1692248099311,1693220363696,409,282,127
522,1693220363696,1692248099437,1692248099764,1693220364135,439,327,112
523,1693220364135,1692248099886,1692248100139,1693220364525,390,253,137
524,1693220364525,1692248100252,1692248100572,1693220365122,597,320,277
525,1693220365122,1692248100836,1692248101128,1693220365466,344,292,52
526,1693220365466,1692248101213,1692248101460,1693220365841,375,247,128
527,1693220365841,1692248101581,1692248101962,1693220366334,493,381,112
528,1693220366334,1692248102060,1692248102284,1693220366625,291,224,67
529,1693220366625,1692248102378,1692248102687,1693220367042,417,309,108
530,1693220367042,1692248102795,1692248103011,1693220367452,410,216,194
531,1693220367452,1692248103177,1692248103450,1693220367838,386,273,113
532,1693220367838,1692248103581,1692248103876,1693220368258,420,295,125
533,1693220368258,1692248104018,1692248104250,1693220368641,383,232,151
534,1693220368641,1692248104347,1692248104657,1693220369002,361,310,51
535,1693220369002,1692248104749,1692248105046,1693220369431,429,297,132
536,1693220369431,1692248105163,1692248105454,1693220369800,369,291,78
537,1693220369800,1692248105531,1692248105791,1693220370163,363,260,103
538,1693220370163,1692248105905,1692248106236,1693220370613,450,331,119
539,1693220370613,1692248106353,1692248106646,1693220371043,430,293,137
540,1693220371043,1692248106772,1692248107024,1693220371400,357,252,105
541,1693220371400,1692248107146,1692248107466,1693220371858,458,320,138
542,1693220371858,1692248107595,1692248107936,1693220372297,439,341,98
543,1693220372297,1692248108035,1692248108341,1693220372720,423,306,117
544,1693220372720,1692248108471,1692248108716,1693220373096,376,245,131
545,1693220373097,1692248108811,1692248109117,1693220373469,372,306,66
546,1693220373469,1692248109195,1692248109595,1693220373963,494,400,94
547,1693220373963,1692248109688,1692248109981,1693220374331,368,293,75
548,1693220374331,1692248110056,1692248110502,1693220374858,527,446,81
549,1693220374858,1692248110593,1692248110948,1693220375322,464,355,109
550,1693220375322,1692248111046,1692248111337,1693220375699,377,291,86
551,1693220375699,1692248111415,1692248111591,1693220375924,225,176,49
552,1693220375924,1692248111644,1692248111997,1693220376358,434,353,81
553,1693220376358,1692248112101,1692248112495,1693220376850,492,394,98
554,1693220376850,1692248112583,1692248112913,1693220377276,426,330,96
555,1693220377276,1692248113004,1692248113355,1693220377721,445,351,94
556,1693220377721,1692248113458,1692248113819,1693220378192,471,361,110
557,1693220378192,1692248113911,1692248114288,1693220378638,446,377,69
558,1693220378638,1692248114392,1692248114665,1693220379054,416,273,143
559,1693220379054,1692248114786,1692248115087,1693220379450,396,301,95
560,1693220379450,1692248115172,1692248115559,1693220379956,506,387,119
561,1693220379956,1692248115688,1692248116064,1693220380429,473,376,97
562,1693220380429,1692248116151,1692248116431,1693220380786,357,280,77
563,1693220380786,1692248116516,1692248116833,1693220381208,422,317,105
564,1693220381208,1692248116953,1692248117208,1693220381600,392,255,137
565,1693220381600,1692248117330,1692248117676,1693220382061,461,346,115
566,1693220382061,1692248117790,1692248118136,1693220382633,572,346,226
567,1693220382633,1692248118398,1692248118750,1693220383128,495,352,143
568,1693220383128,1692248118858,1692248119235,1693220383597,469,377,92
569,1693220383597,1692248119343,1692248119742,1693220384106,509,399,110
570,1693220384106,1692248119853,1692248120186,1693220384564,458,333,125
571,1693220384564,1692248120304,1692248120638,1693220385019,455,334,121
572,1693220385019,1692248120753,1692248121056,1693220385432,413,303,110
573,1693220385432,1692248121167,1692248121559,1693220385971,539,392,147
574,1693220385971,1692248121726,1692248121931,1693220386323,352,205,147
575,1693220386323,1692248122045,1692248122396,1693220386807,484,351,133
576,1693220386808,1692248122540,1692248122894,1693220387338,530,354,176
577,1693220387338,1692248123072,1692248123414,1693220387828,490,342,148
578,1693220387828,1692248123581,1692248123864,1693220388251,423,283,140
579,1693220388251,1692248124002,1692248124254,1693220388642,391,252,139
580,1693220388642,1692248124382,1692248124668,1693220389037,395,286,109
581,1693220389037,1692248124767,1692248125015,1693220389386,349,248,101
582,1693220389386,1692248125153,1692248125392,1693220389798,412,239,173
583,1693220389798,1692248125537,1692248125961,1693220390325,527,424,103
584,1693220390325,1692248126056,1692248126399,1693220390776,451,343,108
585,1693220390776,1692248126496,1692248126992,1693220391340,564,496,68
586,1693220391340,1692248127077,1692248127446,1693220391833,493,369,124
587,1693220391833,1692248127565,1692248127890,1693220392252,419,325,94
588,1693220392252,1692248127985,1692248128393,1693220392856,604,408,196
589,1693220393031,1692248128747,1692248129363,1693220393711,680,616,64
590,1693220393711,1692248129444,1692248129809,1693220394191,480,365,115
591,1693220394191,1692248129916,1692248130522,1693220394873,682,606,76
592,1693220394874,1692248130617,1692248131199,1693220395641,767,582,185
593,1693220395641,1692248131369,1692248131974,1693220396341,700,605,95
594,1693220396341,1692248132057,1692248132905,1693220397363,1022,848,174
595,1693220397363,1692248133119,1692248133617,1693220398014,651,498,153
596,1693220398014,1692248133767,1692248134592,1693220399025,1011,825,186
597,1693220399025,1692248134771,1692248135563,1693220399947,922,792,130
598,1693220399947,1692248135687,1692248136575,1693220400947,1000,888,112
599,1693220400947,1692248136691,1692248137203,1693220401687,740,512,228
600,1693220401687,1692248137419,1692248138496,1693220402913,1226,1077,149
601,1693220402913,1692248138646,1692248139447,1693220403809,896,801,95
602,1693220403809,1692248139549,1692248140369,1693220404752,943,820,123
603,1693220404752,1692248140474,1692248141080,1693220405428,676,606,70
604,1693220405428,1692248141161,1692248142065,1693220406463,1035,904,131
605,1693220406463,1692248142192,1692248143122,1693220407503,1040,930,110
606,1693220407503,1692248143228,1692248144032,1693220408409,906,804,102
607,1693220408409,1692248144158,1692248144767,1693220409151,742,609,133
608,1693220409152,1692248144904,1692248145683,1693220410070,918,779,139
609,1693220410070,1692248145805,1692248146539,1693220410990,920,734,186
610,1693220410990,1692248146700,1692248147454,1693220411807,817,754,63
611,1693220411807,1692248147557,1692248148226,1693220412614,807,669,138
612,1693220412614,1692248148350,1692248149154,1693220413530,916,804,112
613,1693220413530,1692248149241,1692248149972,1693220414333,803,731,72
614,1693220414333,1692248150067,1692248151054,1693220415421,1088,987,101
615,1693220415421,1692248151150,1692248152393,1693220416756,1335,1243,92
616,1693220416756,1692248152487,1692248153289,1693220417662,906,802,104
617,1693220417662,1692248153399,1692248154211,1693220418684,1022,812,210
618,1693220418684,1692248154419,1692248155088,1693220419464,780,669,111
619,1693220419465,1692248155211,1692248155967,1693220420365,900,756,144
620,1693220420365,1692248156094,1692248156909,1693220421282,917,815,102
621,1693220421282,1692248157011,1692248157569,1693220421926,644,558,86
622,1693220421926,1692248157653,1692248158491,1693220422866,940,838,102
623,1693220422866,1692248158625,1692248158913,1693220423306,440,288,152
624,1693220423312,1692248159049,1692248159290,1693220423668,356,241,115
625,1693220423668,1692248159404,1692248159767,1693220424137,469,363,106
626,1693220424138,1692248159888,1692248160214,1693220424589,451,326,125
627,1693220424589,1692248160326,1692248160624,1693220425047,458,298,160
628,1693220425047,1692248160790,1692248161141,1693220425511,464,351,113
629,1693220425511,1692248161248,1692248161609,1693220426024,513,361,152
630,1693220426024,1692248161789,1692248161992,1693220426466,442,203,239
631,1693220426466,1692248162234,1692248162443,1693220426847,381,209,172
632,1693220426847,1692248162582,1692248162825,1693220427212,365,243,122
633,1693220427213,1692248162934,1692248163347,1693220427704,491,413,78
634,1693220427704,1692248163435,1692248163895,1693220428275,571,460,111
635,1693220428275,1692248164022,1692248164289,1693220428704,429,267,162
636,1693220428704,1692248164442,1692248164747,1693220429201,497,305,192
637,1693220429201,1692248164929,1692248165189,1693220429525,324,260,64
638,1693220429526,1692248165280,1692248165489,1693220429877,351,209,142
639,1693220429877,1692248165613,1692248165946,1693220430317,440,333,107
640,1693220430317,1692248166050,1692248166417,1693220430780,463,367,96
641,1693220430780,1692248166540,1692248166756,1693220431170,390,216,174
642,1693220431170,1692248166928,1692248167210,1693220431583,413,282,131
643,1693220431583,1692248167320,1692248167579,1693220431952,369,259,110
644,1693220431952,1692248167679,1692248167960,1693220432337,385,281,104
645,1693220432337,1692248168102,1692248168343,1693220432797,460,241,219
646,1693220432797,1692248168523,1692248168897,1693220433296,499,374,125
647,1693220433296,1692248169015,1692248169368,1693220433719,423,353,70
648,1693220433719,1692248169478,1692248169742,1693220434125,406,264,142
649,1693220434125,1692248169846,1692248170237,1693220434597,472,391,81
650,1693220434597,1692248170345,1692248170682,1693220435153,556,337,219
651,1693220435154,1692248170874,1692248171266,1693220435629,475,392,83
652,1693220435629,1692248171353,1692248171659,1693220436068,439,306,133
653,1693220436068,1692248171788,1692248172142,1693220436496,428,354,74
654,1693220436496,1692248172244,1692248172581,1693220436952,456,337,119
655,1693220436952,1692248172678,1692248173011,1693220437387,435,333,102
656,1693220437387,1692248173096,1692248173449,1693220437805,418,353,65
657,1693220437805,1692248173530,1692248173908,1693220438260,455,378,77
658,1693220438260,1692248173997,1692248174396,1693220438822,562,399,163
659,1693220438822,1692248174553,1692248174873,1693220439250,428,320,108
660,1693220439250,1692248174959,1692248175295,1693220439736,486,336,150
661,1693220439736,1692248175458,1692248175797,1693220440163,427,339,88
662,1693220440163,1692248175884,1692248176272,1693220440643,480,388,92
663,1693220440643,1692248176371,1692248176695,1693220441076,433,324,109
664,1693220441076,1692248176805,1692248177150,1693220441589,513,345,168
665,1693220441589,1692248177326,1692248177612,1693220442007,418,286,132
666,1693220442007,1692248177735,1692248178135,1693220442498,491,400,91
667,1693220442498,1692248178240,1692248178584,1693220443030,532,344,188
668,1693220443031,1692248178775,1692248179089,1693220443464,433,314,119
669,1693220443464,1692248179204,1692248179542,1693220443916,452,338,114
670,1693220443916,1692248179650,1692248179942,1693220444292,376,292,84
671,1693220444292,1692248180055,1692248180286,1693220444682,390,231,159
672,1693220444682,1692248180416,1692248180759,1693220445120,438,343,95
673,1693220445120,1692248180856,1692248181177,1693220445550,430,321,109
674,1693220445550,1692248181279,1692248181622,1693220445988,438,343,95
675,1693220445988,1692248181731,1692248181963,1693220446337,349,232,117
676,1693220446337,1692248182085,1692248182391,1693220446748,411,306,105
677,1693220446748,1692248182477,1692248182865,1693220447349,601,388,213
678,1693220447349,1692248183077,1692248183485,1693220447930,581,408,173
679,1693220447930,1692248183656,1692248184005,1693220448378,448,349,99
680,1693220448378,1692248184099,1692248184401,1693220448774,396,302,94
681,1693220448774,1692248184496,1692248184715,1693220449057,283,219,64
682,1693220449057,1692248184801,1692248185089,1693220449459,402,288,114
683,1693220449459,1692248185197,1692248185538,1693220449896,437,341,96
684,1693220449896,1692248185629,1692248185858,1693220450235,339,229,110
685,1693220450235,1692248185966,1692248186333,1693220450710,475,367,108
686,1693220450710,1692248186433,1692248186756,1693220451130,420,323,97
687,1693220451130,1692248186866,1692248187129,1693220451512,382,263,119
688,1693220451512,1692248187241,1692248187545,1693220451908,396,304,92
689,1693220451908,1692248187637,1692248187945,1693220452326,418,308,110
690,1693220452326,1692248188056,1692248188435,1693220452796,470,379,91
691,1693220452796,1692248188526,1692248188779,1693220453153,357,253,104
692,1693220453153,1692248188880,1692248189213,1693220453574,421,333,88
693,1693220453749,1692248189489,1692248189956,1693220454337,588,467,121
694,1693220454337,1692248190082,1692248190750,1693220455136,799,668,131
695,1693220455136,1692248190895,1692248191376,1693220455762,626,481,145
696,1693220455762,1692248191483,1692248192338,1693220456701,939,855,84
697,1693220456701,1692248192457,1692248192919,1693220457347,646,462,184
698,1693220457347,1692248193064,1692248193594,1693220457955,608,530,78
699,1693220457955,1692248193687,1692248194471,1693220458846,891,784,107
700,1693220458846,1692248194582,1692248195307,1693220459689,843,725,118
701,1693220459689,1692248195438,1692248196123,1693220460498,809,685,124
702,1693220460498,1692248196227,1692248196865,1693220461254,756,638,118
703,1693220461254,1692248196981,1692248197795,1693220462163,909,814,95
704,1693220462163,1692248197912,1692248198739,1693220463119,956,827,129
705,1693220463120,1692248198846,1692248199677,1693220464035,915,831,84
706,1693220464035,1692248199765,1692248200697,1693220465069,1034,932,102
707,1693220465069,1692248200813,1692248201732,1693220466116,1047,919,128
708,1693220466116,1692248201848,1692248202757,1693220467137,1021,909,112
709,1693220467137,1692248202893,1692248203463,1693220467851,714,570,144
710,1693220467851,1692248203585,1692248204502,1693220468874,1023,917,106
711,1693220468874,1692248204638,1692248205250,1693220469643,769,612,157
712,1693220469643,1692248205387,1692248206032,1693220470416,773,645,128
713,1693220470416,1692248206175,1692248206922,1693220471326,910,747,163
714,1693220471326,1692248207064,1692248207546,1693220471950,624,482,142
715,1693220471950,1692248207682,1692248208522,1693220472984,1034,840,194
716,1693220472984,1692248208722,1692248209465,1693220473830,846,743,103
717,1693220473830,1692248209553,1692248210890,1693220475302,1472,1337,135
718,1693220475302,1692248211019,1692248211910,1693220476390,1088,891,197
719,1693220476390,1692248212122,1692248213214,1693220477585,1195,1092,103
720,1693220477585,1692248213320,1692248213971,1693220478337,752,651,101
721,1693220478337,1692248214071,1692248214987,1693220479370,1033,916,117
722,1693220479370,1692248215103,1692248216110,1693220480494,1124,1007,117
723,1693220480494,1692248216240,1692248217216,1693220481613,1119,976,143
724,1693220481613,1692248217366,1692248217965,1693220482370,757,599,158
725,1693220482370,1692248218094,1692248218722,1693220483178,808,628,180
726,1693220483178,1692248218901,1692248219577,1693220483994,816,676,140
727,1693220484002,1692248219746,1692248220056,1693220484436,434,310,124
728,1693220484436,1692248220183,1692248220459,1693220484804,368,276,92
729,1693220484804,1692248220584,1692248220810,1693220485203,399,226,173
730,1693220485203,1692248220974,1692248221184,1693220485582,379,210,169
731,1693220485582,1692248221326,1692248221641,1693220486034,452,315,137
732,1693220486034,1692248221800,1692248222053,1693220486457,423,253,170
733,1693220486457,1692248222164,1692248222499,1693220486870,413,335,78
734,1693220486870,1692248222600,1692248222996,1693220487358,488,396,92
735,1693220487358,1692248223095,1692248223497,1693220487869,511,402,109
736,1693220487869,1692248223639,1692248223991,1693220488357,488,352,136
737,1693220488357,1692248224140,1692248224429,1693220488834,477,289,188
738,1693220488834,1692248224584,1692248224895,1693220489303,469,311,158
739,1693220489303,1692248225053,1692248225275,1693220489658,355,222,133
740,1693220489658,1692248225393,1692248225659,1693220490029,371,266,105
741,1693220490029,1692248225761,1692248226069,1693220490439,410,308,102
742,1693220490439,1692248226176,1692248226503,1693220490875,436,327,109
743,1693220490875,1692248226598,1692248226938,1693220491317,442,340,102
744,1693220491317,1692248227051,1692248227341,1693220491699,382,290,92
745,1693220491699,1692248227430,1692248227765,1693220492132,433,335,98
746,1693220492132,1692248227872,1692248228206,1693220492578,446,334,112
747,1693220492578,1692248228319,1692248228626,1693220493015,437,307,130
748,1693220493015,1692248228742,1692248229035,1693220493394,379,293,86
749,1693220493394,1692248229125,1692248229507,1693220493871,477,382,95
750,1693220493871,1692248229599,1692248229868,1693220494224,353,269,84
751,1693220494224,1692248229968,1692248230267,1693220494648,424,299,125
752,1693220494648,1692248230410,1692248230660,1693220495048,400,250,150
753,1693220495048,1692248230786,1692248231153,1693220495555,507,367,140
754,1693220495555,1692248231277,1692248231646,1693220496007,452,369,83
755,1693220496007,1692248231760,1692248231994,1693220496371,364,234,130
756,1693220496371,1692248232115,1692248232393,1693220496771,400,278,122
757,1693220496772,1692248232499,1692248232775,1693220497152,380,276,104
758,1693220497152,1692248232902,1692248233144,1693220497527,375,242,133
759,1693220497527,1692248233269,1692248233615,1693220497982,455,346,109
760,1693220497982,1692248233708,1692248234072,1693220498430,448,364,84
761,1693220498430,1692248234151,1692248234527,1693220498888,458,376,82
762,1693220498889,1692248234630,1692248234946,1693220499343,454,316,138
763,1693220499343,1692248235080,1692248235384,1693220499755,412,304,108
764,1693220499755,1692248235488,1692248235830,1693220500209,454,342,112
765,1693220500209,1692248235958,1692248236241,1693220500621,412,283,129
766,1693220500621,1692248236356,1692248236556,1693220500944,323,200,123
767,1693220500944,1692248236686,1692248236999,1693220501367,423,313,110
768,1693220501367,1692248237088,1692248237427,1693220501786,419,339,80
769,1693220501786,1692248237525,1692248237846,1693220502217,431,321,110
770,1693220502217,1692248237942,1692248238285,1693220502677,460,343,117
771,1693220502677,1692248238425,1692248238805,1693220503177,500,380,120
772,1693220503177,1692248238939,1692248239152,1693220503514,337,213,124
773,1693220503514,1692248239255,1692248239610,1693220503982,468,355,113
774,1693220503983,1692248239717,1692248240137,1693220504498,515,420,95
775,1693220504498,1692248240231,1692248240634,1693220504997,499,403,96
776,1693220504997,1692248240728,1692248241015,1693220505375,378,287,91
777,1693220505375,1692248241098,1692248241431,1693220505795,420,333,87
778,1693220505795,1692248241521,1692248241970,1693220506323,528,449,79
779,1693220506323,1692248242066,1692248242481,1693220506938,615,415,200
780,1693220506938,1692248242681,1692248243027,1693220507465,527,346,181
781,1693220507465,1692248243192,1692248243513,1693220507859,394,321,73
782,1693220507859,1692248243592,1692248244018,1693220508379,520,426,94
783,1693220508379,1692248244107,1692248244392,1693220508781,402,285,117
784,1693220508781,1692248244543,1692248244787,1693220509178,397,244,153
785,1693220509178,1692248244897,1692248245310,1693220509662,484,413,71
786,1693220509662,1692248245412,1692248245746,1693220510115,453,334,119
787,1693220510115,1692248245848,1692248246201,1693220510576,461,353,108
788,1693220510576,1692248246338,1692248246561,1693220511038,462,223,239
789,1693220511038,1692248246790,1692248247115,1693220511486,448,325,123
790,1693220511486,1692248247231,1692248247504,1693220511884,398,273,125
791,1693220511884,1692248247623,1692248248001,1693220512363,479,378,101
792,1693220512363,1692248248115,1692248248392,1693220512772,409,277,132
793,1693220512772,1692248248530,1692248248785,1693220513158,386,255,131
794,1693220513158,1692248248897,1692248249168,1693220513546,388,271,117
795,1693220513546,1692248249283,1692248249695,1693220514058,512,412,100
796,1693220514232,1692248249973,1692248250632,1693220515019,787,659,128
797,1693220515019,1692248250764,1692248251255,1693220515633,614,491,123
798,1693220515633,1692248251351,1692248252000,1693220516358,725,649,76
799,1693220516358,1692248252104,1692248252733,1693220517136,778,629,149
800,1693220517136,1692248252854,1692248253356,1693220517847,711,502,209
801,1693220517847,1692248253597,1692248254020,1693220518406,559,423,136
802,1693220518406,1692248254157,1692248254518,1693220518924,518,361,157
803,1693220518924,1692248254702,1692248255298,1693220519695,771,596,175
804,1693220519695,1692248255424,1692248256322,1693220520690,995,898,97
805,1693220520690,1692248256423,1692248257037,1693220521400,710,614,96
806,1693220521400,1692248257132,1692248257831,1693220522204,804,699,105
807,1693220522204,1692248257944,1692248258399,1693220522817,613,455,158
808,1693220522817,1692248258555,1692248259294,1693220523649,832,739,93
809,1693220523649,1692248259403,1692248259853,1693220524243,594,450,144
810,1693220524243,1692248259970,1692248260669,1693220525039,796,699,97
811,1693220525039,1692248260780,1692248261487,1693220525882,843,707,136
812,1693220525882,1692248261617,1692248262398,1693220526762,880,781,99
813,1693220526762,1692248262498,1692248263178,1693220527558,796,680,116
814,1693220527558,1692248263289,1692248264281,1693220528653,1095,992,103
815,1693220528653,1692248264386,1692248264919,1693220529322,669,533,136
816,1693220529322,1692248265052,1692248265858,1693220530228,906,806,100
817,1693220530228,1692248265965,1692248266812,1693220531188,960,847,113
818,1693220531188,1692248266930,1692248267506,1693220531885,697,576,121
819,1693220531885,1692248267611,1692248268205,1693220532563,678,594,84
820,1693220532563,1692248268301,1692248269021,1693220533467,904,720,184
821,1693220533467,1692248269193,1692248269906,1693220534373,906,713,193
822,1693220534373,1692248270097,1692248271266,1693220535633,1260,1169,91
823,1693220535633,1692248271371,1692248272104,1693220536482,849,733,116
824,1693220536482,1692248272208,1692248273061,1693220537415,933,853,80
825,1693220537415,1692248273158,1692248274099,1693220538485,1070,941,129
826,1693220538485,1692248274224,1692248274781,1693220539157,672,557,115
827,1693220539157,1692248274887,1692248275809,1693220540181,1024,922,102
828,1693220540181,1692248275939,1692248276572,1693220540968,787,633,154
829,1693220540968,1692248276701,1692248277407,1693220541771,803,706,97
830,1693220541771,1692248277504,1692248278197,1693220542551,780,693,87
831,1693220542551,1692248278285,1692248279305,1693220543706,1155,1020,135
832,1693220543706,1692248279452,1692248280028,1693220544451,745,576,169
833,1693220544459,1692248280210,1692248280431,1693220544872,413,221,192
834,1693220544872,1692248280615,1692248280924,1693220545329,457,309,148
835,1693220545329,1692248281090,1692248281300,1693220545718,389,210,179
836,1693220545718,1692248281456,1692248281908,1693220546279,561,452,109
837,1693220546279,1692248282042,1692248282292,1693220546719,440,250,190
838,1693220546719,1692248282470,1692248282778,1693220547184,465,308,157
839,1693220547184,1692248282944,1692248283301,1693220547711,527,357,170
840,1693220547711,1692248283478,1692248283731,1693220548135,424,253,171
841,1693220548135,1692248283882,1692248284182,1693220548579,444,300,144
842,1693220548579,1692248284321,1692248284587,1693220548991,412,266,146
843,1693220548991,1692248284719,1692248285057,1693220549437,446,338,108
844,1693220549437,1692248285213,1692248285405,1693220549824,387,192,195
845,1693220549824,1692248285557,1692248285932,1693220550308,484,375,109
846,1693220550308,1692248286055,1692248286385,1693220550781,473,330,143
847,1693220550781,1692248286547,1692248286764,1693220551166,385,217,168
848,1693220551166,1692248286906,1692248287202,1693220551559,393,296,97
849,1693220551559,1692248287283,1692248287538,1693220551906,347,255,92
850,1693220551906,1692248287652,1692248287894,1693220552334,428,242,186
851,1693220552334,1692248288087,1692248288370,1693220552828,494,283,211
852,1693220552828,1692248288578,1692248288880,1693220553272,444,302,142
853,1693220553272,1692248289016,1692248289347,1693220553743,471,331,140
854,1693220553743,1692248289477,1692248289828,1693220554207,464,351,113
855,1693220554207,1692248289948,1692248290242,1693220554671,464,294,170
856,1693220554671,1692248290419,1692248290706,1693220555098,427,287,140
857,1693220555098,1692248290849,1692248291226,1693220555594,496,377,119
858,1693220555594,1692248291348,1692248291641,1693220556032,438,293,145
859,1693220556033,1692248291792,1692248292046,1693220556448,415,254,161
860,1693220556448,1692248292205,1692248292484,1693220556914,466,279,187
861,1693220556914,1692248292656,1692248292938,1693220557336,422,282,140
862,1693220557336,1692248293079,1692248293429,1693220557833,497,350,147
863,1693220557833,1692248293580,1692248293873,1693220558332,499,293,206
864,1693220558332,1692248294074,1692248294492,1693220558867,535,418,117
865,1693220558867,1692248294611,1692248294897,1693220559277,410,286,124
866,1693220559277,1692248295036,1692248295369,1693220559746,469,333,136
867,1693220559746,1692248295494,1692248295770,1693220560164,418,276,142
868,1693220560165,1692248295908,1692248296216,1693220560606,441,308,133
869,1693220560606,1692248296366,1692248296609,1693220561010,404,243,161
870,1693220561010,1692248296751,1692248297087,1693220561455,445,336,109
871,1693220561455,1692248297180,1692248297448,1693220561789,334,268,66
872,1693220561789,1692248297514,1692248297929,1693220562298,509,415,94
873,1693220562298,1692248298040,1692248298328,1693220562714,416,288,128
874,1693220562714,1692248298460,1692248298767,1693220563152,438,307,131
875,1693220563152,1692248298902,1692248299123,1693220563768,616,221,395
876,1693220563769,1692248299521,1692248299708,1693220564066,297,187,110
877,1693220564066,1692248299806,1692248300043,1693220564422,356,237,119
878,1693220564422,1692248300175,1692248300420,1693220564814,392,245,147
879,1693220564814,1692248300550,1692248300936,1693220565307,493,386,107
880,1693220565307,1692248301051,1692248301280,1693220565671,364,229,135
881,1693220565671,1692248301406,1692248301741,1693220566118,447,335,112
882,1693220566118,1692248301859,1692248302192,1693220566562,444,333,111
883,1693220566562,1692248302303,1692248302604,1693220566984,422,301,121
884,1693220566984,1692248302752,1692248303139,1693220567509,525,387,138
885,1693220567509,1692248303268,1692248303489,1693220567885,376,221,155
886,1693220567885,1692248303636,1692248303934,1693220568291,406,298,108
887,1693220568291,1692248304043,1692248304295,1693220568688,397,252,145
888,1693220568688,1692248304405,1692248304668,1693220569007,319,263,56
889,1693220569007,1692248304748,1692248305008,1693220569391,384,260,124
890,1693220569391,1692248305128,1692248305460,1693220569840,449,332,117
891,1693220569840,1692248305576,1692248305958,1693220570320,480,382,98
892,1693220570320,1692248306033,1692248306368,1693220570713,393,335,58
893,1693220570713,1692248306450,1692248306819,1693220571193,480,369,111
894,1693220571193,1692248306924,1692248307283,1693220571646,453,359,94
895,1693220571646,1692248307398,1692248307647,1693220572035,389,249,140
896,1693220572035,1692248307782,1692248308076,1693220572472,437,294,143
897,1693220572472,1692248308224,1692248308497,1693220572881,409,273,136
898,1693220572881,1692248308608,1692248308739,1693220573074,193,131,62
899,1693220573074,1692248308824,1692248309108,1693220573504,430,284,146
900,1693220573504,1692248309248,1692248309595,1693220573991,487,347,140
901,1693220573992,1692248309746,1692248309984,1693220574380,388,238,150
902,1693220574381,1692248310113,1692248310413,1693220574775,394,300,94
903,1693220574951,1692248310698,1692248311450,1693220575826,875,752,123
904,1693220575826,1692248311574,1692248312097,1693220576481,655,523,132
905,1693220576481,1692248312232,1692248312822,1693220577212,731,590,141
906,1693220577212,1692248312966,1692248313533,1693220577928,716,567,149
907,1693220577928,1692248313661,1692248314520,1693220578900,972,859,113
908,1693220578900,1692248314647,1692248315380,1693220579753,853,733,120
909,1693220579753,1692248315489,1692248316199,1693220580577,824,710,114
910,1693220580577,1692248316318,1692248316959,1693220581355,778,641,137
911,1693220581355,1692248317108,1692248317548,1693220581942,587,440,147
912,1693220581942,1692248317680,1692248318362,1693220582736,794,682,112
913,1693220582736,1692248318470,1692248319281,1693220583688,952,811,141
914,1693220583688,1692248319414,1692248320052,1693220584426,738,638,100
915,1693220584427,1692248320156,1692248320874,1693220585243,816,718,98
916,1693220585243,1692248320976,1692248321832,1693220586209,966,856,110
917,1693220586209,1692248321946,1692248322638,1693220587012,803,692,111
918,1693220587013,1692248322734,1692248323358,1693220587724,711,624,87
919,1693220587724,1692248323465,1692248324301,1693220588669,945,836,109
920,1693220588669,1692248324395,1692248325029,1693220589393,724,634,90
921,1693220589393,1692248325145,1692248325882,1693220590270,877,737,140
922,1693220590270,1692248326031,1692248326614,1693220591029,759,583,176
923,1693220591029,1692248326795,1692248327542,1693220591916,887,747,140
924,1693220591916,1692248327671,1692248328201,1693220592590,674,530,144
925,1693220592590,1692248328352,1692248328897,1693220593377,787,545,242
926,1693220593377,1692248329094,1692248329814,1693220594166,789,720,69
927,1693220594166,1692248329892,1692248330823,1693220595205,1039,931,108
928,1693220595205,1692248330935,1692248331708,1693220596080,875,773,102
929,1693220596080,1692248331818,1692248332424,1693220596854,774,606,168
930,1693220596854,1692248332578,1692248333193,1693220597565,711,615,96
931,1693220597565,1692248333291,1692248334022,1693220598378,813,731,82
932,1693220598378,1692248334132,1692248334735,1693220599195,817,603,214
933,1693220599195,1692248334952,1692248335659,1693220600073,878,707,171
934,1693220600073,1692248335820,1692248336686,1693220601078,1005,866,139
935,1693220601078,1692248336836,1692248337439,1693220601862,784,603,181
936,1693220601862,1692248337599,1692248338294,1693220602691,829,695,134
937,1693220602691,1692248338439,1692248339583,1693220603963,1272,1144,128
938,1693220603963,1692248339712,1692248340227,1693220604652,689,515,174
939,1693220604652,1692248340396,1692248341033,1693220605398,746,637,109
940,1693220605408,1692248341139,1692248341508,1693220605877,469,369,100
941,1693220605877,1692248341617,1692248342016,1693220606392,515,399,116
942,1693220606392,1692248342110,1692248342423,1693220606777,385,313,72
943,1693220606777,1692248342515,1692248342821,1693220607192,415,306,109
944,1693220607192,1692248342927,1692248343276,1693220607665,473,349,124
945,1693220607665,1692248343411,1692248343639,1693220608010,345,228,117
946,1693220608010,1692248343737,1692248344035,1693220608408,398,298,100
947,1693220608408,1692248344150,1692248344471,1693220608927,519,321,198
948,1693220608927,1692248344679,1692248344892,1693220609282,355,213,142
949,1693220609282,1692248345027,1692248345314,1693220609691,409,287,122
950,1693220609691,1692248345443,1692248345698,1693220610091,400,255,145
951,1693220610091,1692248345850,1692248346174,1693220610553,462,324,138
952,1693220610553,1692248346287,1692248346594,1693220610962,409,307,102
953,1693220610962,1692248346681,1692248347016,1693220611362,400,335,65
954,1693220611362,1692248347096,1692248347487,1693220611847,485,391,94
955,1693220611847,1692248347617,1692248347854,1693220612235,388,237,151
956,1693220612235,1692248347971,1692248348271,1693220612726,491,300,191
957,1693220612726,1692248348471,1692248348831,1693220613229,503,360,143
958,1693220613229,1692248348978,1692248349254,1693220613640,411,276,135
959,1693220613640,1692248349389,1692248349715,1693220614094,454,326,128
960,1693220614094,1692248349822,1692248350190,1693220614645,551,368,183
961,1693220614645,1692248350377,1692248350770,1693220615139,494,393,101
962,1693220615139,1692248350875,1692248351134,1693220615502,363,259,104
963,1693220615502,1692248351234,1692248351565,1693220615931,429,331,98
964,1693220615931,1692248351665,1692248351959,1693220616321,390,294,96
965,1693220616321,1692248352045,1692248352424,1693220616807,486,379,107
966,1693220616807,1692248352532,1692248352856,1693220617226,419,324,95
967,1693220617226,1692248352973,1692248353274,1693220617647,421,301,120
968,1693220617647,1692248353398,1692248353628,1693220618002,355,230,125
969,1693220618002,1692248353754,1692248353998,1693220618376,374,244,130
970,1693220618376,1692248354122,1692248354424,1693220618791,415,302,113
971,1693220618791,1692248354527,1692248354783,1693220619170,379,256,123
972,1693220619170,1692248354917,1692248355184,1693220619589,419,267,152
973,1693220619590,1692248355344,1692248355642,1693220620016,426,298,128
974,1693220620016,1692248355741,1692248356154,1693220620503,487,413,74
975,1693220620503,1692248356232,1692248356578,1693220620959,456,346,110
976,1693220620959,1692248356677,1692248357059,1693220621417,458,382,76
977,1693220621418,1692248357175,1692248357421,1693220621841,423,246,177
978,1693220621841,1692248357578,1692248357941,1693220622310,469,363,106
979,1693220622310,1692248358053,1692248358317,1693220622704,394,264,130
980,1693220622704,1692248358444,1692248358777,1693220623153,449,333,116
981,1693220623153,1692248358894,1692248359205,1693220623578,425,311,114
982,1693220623578,1692248359299,1692248359717,1693220624066,488,418,70
983,1693220624066,1692248359785,1692248360169,1693220624525,459,384,75
984,1693220624525,1692248360247,1692248360604,1693220624989,464,357,107
985,1693220624989,1692248360738,1692248361052,1693220625429,440,314,126
986,1693220625429,1692248361161,1692248361523,1693220625891,462,362,100
987,1693220625891,1692248361617,1692248361992,1693220626355,464,375,89
988,1693220626355,1692248362105,1692248362317,1693220626709,354,212,142
989,1693220626709,1692248362445,1692248362800,1693220627371,662,355,307
990,1693220627371,1692248363130,1692248363569,1693220627926,555,439,116
991,1693220627926,1692248363655,1692248364040,1693220628389,463,385,78
992,1693220628390,1692248364130,1692248364490,1693220628891,501,360,141
993,1693220628891,1692248364617,1692248364969,1693220629320,429,352,77
994,1693220629320,1692248365051,1692248365338,1693220629716,396,287,109
995,1693220629716,1692248365444,1692248365868,1693220630226,510,424,86
996,1693220630226,1692248365971,1692248366267,1693220630646,420,296,124
997,1693220630646,1692248366400,1692248366692,1693220631043,397,292,105
998,1693220631043,1692248366768,1692248367085,1693220631435,392,317,75
999,1693220631435,1692248367164,1692248367555,1693220631948,513,391,122
1000,1693220631948,1692248367679,1692248368046,1693220632402,454,367,87
1001,1693220632402,1692248368147,1692248368467,1693220632877,475,320,155
1002,1693220632877,1692248368599,1692248368790,1693220633141,264,191,73
1003,1693220633141,1692248368901,1692248369128,1693220633510,369,227,142
1004,1693220633510,1692248369250,1692248369603,1693220633982,472,353,119
1005,1693220633982,1692248369703,1692248370082,1693220634443,461,379,82
1006,1693220634443,1692248370185,1692248370496,1693220634879,436,311,125
1007,1693220634879,1692248370639,1692248370989,1693220635359,480,350,130
1008,1693220635359,1692248371102,1692248371471,1693220635843,484,369,115
1009,1693220636018,1692248371771,1692248372227,1693220636681,663,456,207
1010,1693220636681,1692248372423,1692248373066,1693220637444,763,643,120
1011,1693220637444,1692248373200,1692248373590,1693220637990,546,390,156
1012,1693220637990,1692248373729,1692248374256,1693220638726,736,527,209
1013,1693220638726,1692248374476,1692248375043,1693220639419,693,567,126
1014,1693220639419,1692248375153,1692248375709,1693220640069,650,556,94
1015,1693220640069,1692248375812,1692248376417,1693220640808,739,605,134
1016,1693220640808,1692248376564,1692248377085,1693220641462,654,521,133
1017,1693220641462,1692248377215,1692248377696,1693220642082,620,481,139
1018,1693220642082,1692248377807,1692248378877,1693220643323,1241,1070,171
1019,1693220643323,1692248379064,1692248380024,1693220644422,1099,960,139
1020,1693220644422,1692248380156,1692248380620,1693220644981,559,464,95
1021,1693220644981,1692248380720,1692248381574,1693220645958,977,854,123
1022,1693220645959,1692248381680,1692248382584,1693220646938,979,904,75
1023,1693220646938,1692248382703,1692248383182,1693220647579,641,479,162
1024,1693220647579,1692248383327,1692248384078,1693220648453,874,751,123
1025,1693220648453,1692248384183,1692248385018,1693220649393,940,835,105
1026,1693220649393,1692248385127,1692248385777,1693220650160,767,650,117
1027,1693220650160,1692248385898,1692248386380,1693220650779,619,482,137
1028,1693220650779,1692248386511,1692248387522,1693220651896,1117,1011,106
1029,1693220651896,1692248387661,1692248388248,1693220652677,781,587,194
1030,1693220652677,1692248388436,1692248389135,1693220653535,858,699,159
1031,1693220653535,1692248389265,1692248390130,1693220654498,963,865,98
1032,1693220654498,1692248390243,1692248390981,1693220655369,871,738,133
1033,1693220655369,1692248391096,1692248392038,1693220656398,1029,942,87
1034,1693220656398,1692248392153,1692248392835,1693220657432,1034,682,352
1035,1693220657432,1692248393167,1692248394071,1693220658440,1008,904,104
1036,1693220658440,1692248394171,1692248394910,1693220659302,862,739,123
1037,1693220659302,1692248395054,1692248395746,1693220660132,830,692,138
1038,1693220660132,1692248395869,1692248396724,1693220661119,987,855,132
1039,1693220661119,1692248396865,1692248398050,1693220662440,1321,1185,136
1040,1693220662440,1692248398163,1692248398879,1693220663240,800,716,84
1041,1693220663240,1692248398969,1692248399632,1693220663994,754,663,91
1042,1693220663994,1692248399739,1692248400496,1693220664871,877,757,120
1043,1693220664871,1692248400638,1692248401347,1693220665739,868,709,159
1044,1693220665739,1692248401487,1692248402005,1693220666382,643,518,125
1045,1693220666389,1692248402119,1692248402499,1693220666866,477,380,97
1046,1693220666866,1692248402631,1692248402881,1693220667270,404,250,154
1047,1693220667270,1692248403005,1692248403276,1693220667671,401,271,130
1048,1693220667672,1692248403452,1692248403663,1693220668058,386,211,175
1049,1693220668058,1692248403806,1692248404139,1693220668508,450,333,117
1050,1693220668508,1692248404249,1692248404598,1693220668964,456,349,107
1051,1693220668964,1692248404696,1692248405017,1693220669393,429,321,108
1052,1693220669393,1692248405131,1692248405515,1693220669878,485,384,101
1053,1693220669878,1692248405617,1692248405991,1693220670353,475,374,101
1054,1693220670353,1692248406109,1692248406373,1693220670757,404,264,140
1055,1693220670757,1692248406494,1692248406802,1693220671174,417,308,109
1056,1693220671174,1692248406907,1692248407150,1693220671525,351,243,108
1057,1693220671525,1692248407256,1692248407655,1693220672008,483,399,84
1058,1693220672008,1692248407740,1692248408094,1693220672463,455,354,101
1059,1693220672463,1692248408213,1692248408517,1693220672893,430,304,126
1060,1693220672893,1692248408616,1692248408933,1693220673303,410,317,93
1061,1693220673303,1692248409075,1692248409306,1693220673709,406,231,175
1062,1693220673709,1692248409455,1692248409779,1693220674252,543,324,219
1063,1693220674252,1692248409989,1692248410361,1693220674842,590,372,218
1064,1693220674842,1692248410582,1692248410892,1693220675258,416,310,106
1065,1693220675258,1692248411009,1692248411310,1693220675688,430,301,129
1066,1693220675688,1692248411411,1692248411805,1693220676168,480,394,86
1067,1693220676168,1692248411910,1692248412263,1693220676624,456,353,103
1068,1693220676624,1692248412358,1692248412665,1693220677025,401,307,94
1069,1693220677025,1692248412776,1692248413068,1693220677522,497,292,205
1070,1693220677522,1692248413248,1692248413618,1693220678041,519,370,149
1071,1693220678041,1692248413783,1692248414051,1693220678435,394,268,126
1072,1693220678435,1692248414170,1692248414503,1693220678865,430,333,97
1073,1693220678865,1692248414620,1692248414877,1693220679260,395,257,138
1074,1693220679260,1692248414992,1692248415361,1693220679767,507,369,138
1075,1693220679767,1692248415505,1692248415854,1693220680223,456,349,107
1076,1693220680223,1692248415962,1692248416352,1693220680714,491,390,101
1077,1693220680714,1692248416443,1692248416829,1693220681186,472,386,86
1078,1693220681186,1692248416935,1692248417241,1693220681591,405,306,99
1079,1693220681591,1692248417336,1692248417655,1693220682043,452,319,133
1080,1693220682043,1692248417762,1692248418091,1693220682449,406,329,77
1081,1693220682449,1692248418192,1692248418486,1693220682861,412,294,118
1082,1693220682861,1692248418588,1692248418981,1693220683337,476,393,83
1083,1693220683337,1692248419074,1692248419398,1693220683775,438,324,114
1084,1693220683775,1692248419515,1692248419886,1693220684251,476,371,105
1085,1693220684251,1692248419980,1692248420328,1693220684700,449,348,101
1086,1693220684700,1692248420426,1692248420864,1693220685216,516,438,78
1087,1693220685216,1692248420942,1692248421371,1693220685728,512,429,83
1088,1693220685728,1692248421460,1692248421772,1693220686142,414,312,102
1089,1693220686142,1692248421886,1692248422170,1693220686545,403,284,119
1090,1693220686545,1692248422281,1692248422625,1693220686999,454,344,110
1091,1693220686999,1692248422743,1692248423083,1693220687451,452,340,112
1092,1693220687451,1692248423203,1692248423506,1693220687878,427,303,124
1093,1693220687878,1692248423621,1692248423910,1693220688282,404,289,115
1094,1693220688282,1692248424017,1692248424353,1693220688719,437,336,101
1095,1693220688719,1692248424450,1692248424867,1693220689228,509,417,92
1096,1693220689228,1692248424990,1692248425249,1693220689658,430,259,171
1097,1693220689658,1692248425392,1692248425695,1693220690079,421,303,118
1098,1693220690079,1692248425820,1692248426114,1693220690490,411,294,117
1099,1693220690490,1692248426199,1692248426564,1693220690910,420,365,55
1100,1693220690910,1692248426642,1692248427014,1693220691375,465,372,93
1101,1693220691375,1692248427127,1692248427381,1693220691759,384,254,130
1102,1693220691759,1692248427487,1692248427923,1693220692302,543,436,107
1103,1693220692302,1692248428056,1692248428292,1693220692672,370,236,134
1104,1693220692672,1692248428417,1692248428720,1693220693106,434,303,131
1105,1693220693106,1692248428835,1692248429361,1693220693801,695,526,169
1106,1693220693801,1692248429547,1692248429891,1693220694258,457,344,113
1107,1693220694258,1692248430000,1692248430342,1693220694727,469,342,127
1108,1693220694727,1692248430456,1692248430880,1693220695243,516,424,92
1109,1693220695243,1692248430997,1692248431262,1693220695658,415,265,150
1110,1693220695658,1692248431397,1692248431721,1693220696097,439,324,115
1111,1693220696097,1692248431847,1692248432125,1693220696506,409,278,131
