request_number,request_time_ms,request_received_time_ms,response_time_ms,response_received_time_ms,end_to_end_latency,compute_time,transmission_time
1,1693221361439,1692249097227,1692249097731,1693221362197,758,504,254
2,1693221362197,1692249097957,1692249098477,1693221362844,647,520,127
3,1693221362844,1692249098601,1692249098919,1693221363277,433,318,115
4,1693221363277,1692249099037,1692249099347,1693221363777,500,310,190
5,1693221363777,1692249099514,1692249099944,1693221364297,520,430,90
6,1693221364297,1692249100090,1692249100295,1693221364689,392,205,187
7,1693221364689,1692249100435,1692249100760,1693221365122,433,325,108
8,1693221365122,1692249100833,1692249101121,1693221365452,330,288,42
9,1693221365452,1692249101178,1692249101453,1693221365779,327,275,52
10,1693221365779,1692249101535,1692249101876,1693221366242,463,341,122
11,1693221366242,1692249101988,1692249102386,1693221366745,503,398,105
12,1693221366745,1692249102476,1692249102814,1693221367156,411,338,73
13,1693221367156,1692249102916,1692249103200,1693221367571,415,284,131
14,1693221367571,1692249103329,1692249103698,1693221368067,496,369,127
15,1693221368067,1692249103810,1692249104167,1693221368524,457,357,100
16,1693221368524,1692249104296,1692249104527,1693221368906,382,231,151
17,1693221368906,1692249104652,1692249105012,1693221369373,467,360,107
18,1693221369373,1692249105119,1692249105508,1693221369937,564,389,175
19,1693221369937,1692249105690,1692249105971,1693221370343,406,281,125
20,1693221370343,1692249106072,1692249106442,1693221370789,446,370,76
21,1693221370789,1692249106552,1692249106902,1693221371275,486,350,136
22,1693221371276,1692249107011,1692249107401,1693221371760,484,390,94
23,1693221371760,1692249107495,1692249107850,1693221372211,451,355,96
24,1693221372211,1692249107962,1692249108279,1693221372651,440,317,123
25,1693221372651,1692249108395,1692249108738,1693221373094,443,343,100
26,1693221373094,1692249108854,1692249109066,1693221373454,360,212,148
27,1693221373455,1692249109207,1692249109507,1693221373876,421,300,121
28,1693221373876,1692249109623,1692249109898,1693221374269,393,275,118
29,1693221374269,1692249110029,1692249110291,1693221374667,398,262,136
30,1693221374667,1692249110445,1692249110730,1693221375095,428,285,143
31,1693221375095,1692249110849,1692249111117,1693221375482,387,268,119
32,1693221375482,1692249111244,1692249111505,1693221375890,408,261,147
33,1693221375890,1692249111649,1692249111922,1693221376294,404,273,131
34,1693221376294,1692249112026,1692249112397,1693221376746,452,371,81
35,1693221376746,1692249112489,1692249112834,1693221377493,747,345,402
36,1693221377493,1692249113245,1692249113609,1693221377974,481,364,117
37,1693221377974,1692249113717,1692249114078,1693221378433,459,361,98
38,1693221378433,1692249114163,1692249114559,1693221378911,478,396,82
39,1693221378911,1692249114652,1692249114985,1693221379344,433,333,100
40,1693221379344,1692249115098,1692249115354,1693221379758,414,256,158
41,1693221379758,1692249115497,1692249115857,1693221380204,446,360,86
42,1693221380204,1692249115968,1692249116249,1693221380620,416,281,135
43,1693221380620,1692249116369,1692249116700,1693221381064,444,331,113
44,1693221381064,1692249116803,1692249117080,1693221381445,381,277,104
45,1693221381445,1692249117199,1692249117587,1693221381941,496,388,108
46,1693221381941,1692249117680,1692249117983,1693221382421,480,303,177
47,1693221382421,1692249118175,1692249118465,1693221382846,425,290,135
48,1693221382846,1692249118586,1692249118807,1693221383185,339,221,118
49,1693221383185,1692249118917,1692249119209,1693221383550,365,292,73
50,1693221383550,1692249119289,1692249119566,1693221383921,371,277,94
51,1693221383921,1692249119664,1692249120083,1693221384439,518,419,99
52,1693221384439,1692249120174,1692249120568,1693221384923,484,394,90
53,1693221384923,1692249120660,1692249121023,1693221385373,450,363,87
54,1693221385373,1692249121128,1692249121559,1693221385959,586,431,155
55,1693221385959,1692249121697,1692249122036,1693221386396,437,339,98
56,1693221386396,1692249122159,1692249122410,1693221386793,397,251,146
57,1693221386793,1692249122526,1692249122902,1693221387247,454,376,78
58,1693221387247,1692249122982,1692249123357,1693221387760,513,375,138
59,1693221387760,1692249123527,1692249123903,1693221388262,502,376,126
60,1693221388262,1692249124050,1692249124284,1693221388668,406,234,172
61,1693221388668,1692249124392,1692249124613,1693221388944,276,221,55
62,1693221388945,1692249124709,1692249125006,1693221389381,436,297,139
63,1693221389381,1692249125140,1692249125399,1693221389763,382,259,123
64,1693221389763,1692249125507,1692249125923,1693221390280,517,416,101
65,1693221390280,1692249126034,1692249126335,1693221390702,422,301,121
66,1693221390702,1692249126441,1692249126831,1693221391182,480,390,90
67,1693221391182,1692249126937,1692249127239,1693221391606,424,302,122
68,1693221391783,1692249127547,1692249128168,1693221392540,757,621,136
69,1693221392540,1692249128291,1692249128758,1693221393121,581,467,114
70,1693221393121,1692249128902,1692249129305,1693221393698,577,403,174
71,1693221393698,1692249129445,1692249129868,1693221394227,529,423,106
72,1693221394227,1692249129983,1692249130351,1693221394731,504,368,136
73,1693221394731,1692249130496,1692249130848,1693221395255,524,352,172
74,1693221395255,1692249131001,1692249131333,1693221395693,438,332,106
75,1693221395693,1692249131435,1692249131800,1693221396154,461,365,96
76,1693221396154,1692249131897,1692249132439,1693221396801,647,542,105
77,1693221396801,1692249132542,1692249132976,1693221397392,591,434,157
78,1693221397392,1692249133143,1692249133435,1693221397909,517,292,225
79,1693221397909,1692249133655,1692249134145,1693221398617,708,490,218
80,1693221398617,1692249134364,1692249134916,1693221399319,702,552,150
81,1693221399319,1692249135070,1692249135413,1693221399832,513,343,170
82,1693221399832,1692249135577,1692249136040,1693221400406,574,463,111
83,1693221400406,1692249136146,1692249136611,1693221401061,655,465,190
84,1693221401061,1692249136799,1692249137324,1693221401688,627,525,102
85,1693221401688,1692249137443,1692249137883,1693221402244,556,440,116
86,1693221402244,1692249137990,1692249138514,1693221402903,659,524,135
87,1693221402903,1692249138673,1692249139043,1693221403409,506,370,136
88,1693221403409,1692249139150,1692249139667,1693221404026,617,517,100
89,1693221404026,1692249139788,1692249140138,1693221404503,477,350,127
90,1693221404503,1692249140244,1692249140809,1693221405169,666,565,101
91,1693221405169,1692249140913,1692249141477,1693221405842,673,564,109
92,1693221405842,1692249141583,1692249142064,1693221406414,572,481,91
93,1693221406414,1692249142180,1692249142562,1693221406960,546,382,164
94,1693221406960,1692249142709,1692249143109,1693221407465,505,400,105
95,1693221407465,1692249143249,1692249143648,1693221408034,569,399,170
96,1693221408034,1692249143761,1692249144036,1693221408422,388,275,113
97,1693221408422,1692249144200,1692249144537,1693221408965,543,337,206
98,1693221408965,1692249144712,1692249145225,1693221409667,702,513,189
99,1693221409667,1692249145423,1692249145995,1693221410364,697,572,125
100,1693221410364,1692249146108,1692249146688,1693221411038,674,580,94
101,1693221411038,1692249146779,1692249147279,1693221411728,690,500,190
102,1693221411728,1692249147461,1692249147893,1693221412255,527,432,95
103,1693221412255,1692249148014,1692249148472,1693221412848,593,458,135
104,1693221412848,1692249148609,1692249149003,1693221413390,542,394,148
105,1693221413390,1692249149150,1692249149388,1693221413770,380,238,142
106,1693221413770,1692249149509,1692249150030,1693221414408,638,521,117
107,1693221414408,1692249150164,1692249150501,1693221414871,463,337,126
108,1693221414871,1692249150631,1692249151021,1693221415390,519,390,129
109,1693221415390,1692249151134,1692249151462,1693221415853,463,328,135
110,1693221415853,1692249151614,1692249152233,1693221416620,767,619,148
111,1693221416620,1692249152364,1692249152807,1693221417167,547,443,104
112,1693221417167,1692249152916,1692249153498,1693221417857,690,582,108
113,1693221417857,1692249153594,1692249154183,1693221418530,673,589,84
114,1693221418530,1692249154285,1692249154631,1693221419002,472,346,126
115,1693221419002,1692249154770,1692249155186,1693221419565,563,416,147
116,1693221419565,1692249155297,1692249155930,1693221420295,730,633,97
117,1693221420295,1692249156032,1692249156471,1693221420844,549,439,110
118,1693221420844,1692249156594,1692249157017,1693221421389,545,423,122
119,1693221421389,1692249157142,1692249157628,1693221422003,614,486,128
120,1693221422010,1692249157762,1692249158081,1693221422444,434,319,115
121,1693221422444,1692249158175,1692249158567,1693221422920,476,392,84
122,1693221422920,1692249158647,1692249158924,1693221423269,349,277,72
123,1693221423269,1692249159001,1692249159395,1693221423735,466,394,72
124,1693221423735,1692249159498,1692249159746,1693221424131,396,248,148
125,1693221424131,1692249159884,1692249160124,1693221424540,409,240,169
126,1693221424540,1692249160323,1692249160562,1693221424934,394,239,155
127,1693221424934,1692249160700,1692249160978,1693221425355,421,278,143
128,1693221425355,1692249161107,1692249161461,1693221425827,472,354,118
129,1693221425827,1692249161574,1692249161930,1693221426281,454,356,98
130,1693221426281,1692249162032,1692249162347,1693221426702,421,315,106
131,1693221426702,1692249162436,1692249162837,1693221427192,490,401,89
132,1693221427192,1692249162959,1692249163178,1693221427559,367,219,148
133,1693221427559,1692249163290,1692249163743,1693221428087,528,453,75
134,1693221428087,1692249163831,1692249164110,1693221428456,369,279,90
135,1693221428456,1692249164192,1692249164546,1693221428900,444,354,90
136,1693221428900,1692249164692,1692249164914,1693221429293,393,222,171
137,1693221429293,1692249165022,1692249165401,1693221429745,452,379,73
138,1693221429745,1692249165486,1692249165932,1693221430277,532,446,86
139,1693221430277,1692249166006,1692249166341,1693221430702,425,335,90
140,1693221430702,1692249166460,1692249166711,1693221431088,386,251,135
141,1693221431088,1692249166836,1692249167158,1693221431507,419,322,97
142,1693221431507,1692249167274,1692249167556,1693221431924,417,282,135
143,1693221431924,1692249167677,1692249167943,1693221432314,390,266,124
144,1693221432314,1692249168080,1692249168332,1693221432721,407,252,155
145,1693221432721,1692249168502,1692249168837,1693221433193,472,335,137
146,1693221433193,1692249168988,1692249169191,1693221433582,389,203,186
147,1693221433582,1692249169328,1692249169793,1693221434173,591,465,126
148,1693221434173,1692249169910,1692249170304,1693221434655,482,394,88
149,1693221434655,1692249170432,1692249170665,1693221435086,431,233,198
150,1693221435086,1692249170842,1692249171156,1693221435521,435,314,121
151,1693221435521,1692249171284,1692249171542,1693221435922,401,258,143
152,1693221435922,1692249171648,1692249171912,1693221436245,323,264,59
153,1693221436245,1692249172007,1692249172314,1693221436678,433,307,126
154,1693221436678,1692249172424,1692249172772,1693221437126,448,348,100
155,1693221437126,1692249173154,1692249173394,1693221437785,659,240,419
156,1693221437785,1692249173500,1692249173832,1693221438204,419,332,87
157,1693221438204,1692249173947,1692249174354,1693221438757,553,407,146
158,1693221438757,1692249174500,1692249174820,1693221439190,433,320,113
159,1693221439190,1692249174923,1692249175329,1693221439692,502,406,96
160,1693221439692,1692249175443,1692249175802,1693221440197,505,359,146
161,1693221440197,1692249175974,1692249176170,1693221440567,370,196,174
162,1693221440567,1692249176311,1692249176598,1693221440995,428,287,141
163,1693221440995,1692249176747,1692249177008,1693221441384,389,261,128
164,1693221441384,1692249177130,1692249177422,1693221441831,447,292,155
165,1693221441832,1692249177567,1692249177891,1693221442330,498,324,174
166,1693221442330,1692249178077,1692249178347,1693221442750,420,270,150
167,1693221442750,1692249178482,1692249178695,1693221443120,370,213,157
168,1693221443120,1692249178902,1692249179285,1693221443653,533,383,150
169,1693221443653,1692249179434,1692249179744,1693221444104,451,310,141
170,1693221444104,1692249179880,1692249180092,1693221444462,358,212,146
171,1693221444462,1692249180239,1692249180460,1693221444843,381,221,160
172,1693221444843,1692249180640,1692249180968,1693221445313,470,328,142
173,1693221445313,1692249181065,1692249181358,1693221445696,383,293,90
174,1693221445696,1692249181433,1692249181649,1693221446010,314,216,98
175,1693221446010,1692249181744,1692249182118,1693221446495,485,374,111
176,1693221446495,1692249182245,1692249182556,1693221446925,430,311,119
177,1693221446925,1692249182684,1692249183000,1693221447370,445,316,129
178,1693221447370,1692249183155,1692249183361,1693221447753,383,206,177
179,1693221447753,1692249183514,1692249183824,1693221448191,438,310,128
180,1693221448191,1692249183935,1692249184285,1693221448662,471,350,121
181,1693221448662,1692249184435,1692249184791,1693221449155,493,356,137
182,1693221449155,1692249184897,1692249185303,1693221449698,543,406,137
183,1693221449698,1692249185462,1692249185675,1693221450052,354,213,141
184,1693221450052,1692249185799,1692249186150,1693221450507,455,351,104
185,1693221450507,1692249186245,1692249186640,1693221451010,503,395,108
186,1693221451010,1692249186764,1692249187008,1693221451375,365,244,121
187,1693221451375,1692249187143,1692249187502,1693221451861,486,359,127
188,1693221451861,1692249187594,1692249187858,1693221452224,363,264,99
189,1693221452399,1692249188147,1692249188461,1693221452815,416,314,102
190,1693221452815,1692249188566,1692249188947,1693221453305,490,381,109
191,1693221453305,1692249189060,1692249189656,1693221454013,708,596,112
192,1693221454013,1692249189772,1692249190211,1693221454580,567,439,128
193,1693221454580,1692249190356,1692249190660,1693221455051,471,304,167
194,1693221455051,1692249190786,1692249191247,1693221455599,548,461,87
195,1693221455599,1692249191339,1692249191732,1693221456088,489,393,96
196,1693221456088,1692249191841,1692249192278,1693221456646,558,437,121
197,1693221456646,1692249192413,1692249192964,1693221457397,751,551,200
198,1693221457397,1692249193167,1692249193511,1693221457888,491,344,147
199,1693221457888,1692249193633,1692249194091,1693221458452,564,458,106
200,1693221458452,1692249194200,1692249194791,1693221459155,703,591,112
201,1693221459155,1692249194895,1692249195619,1693221459988,833,724,109
202,1693221459988,1692249195760,1692249196304,1693221460670,682,544,138
203,1693221460670,1692249196405,1692249196967,1693221461323,653,562,91
204,1693221461323,1692249197064,1692249197448,1693221461885,562,384,178
205,1693221461885,1692249197635,1692249198142,1693221462498,613,507,106
206,1693221462498,1692249198279,1692249198813,1693221463180,682,534,148
207,1693221463180,1692249198926,1692249199393,1693221463753,573,467,106
208,1693221463753,1692249199512,1692249199915,1693221464295,542,403,139
209,1693221464295,1692249200047,1692249200426,1693221464801,506,379,127
210,1693221464801,1692249200548,1692249200947,1693221465304,503,399,104
211,1693221465304,1692249201052,1692249201472,1693221465895,591,420,171
212,1693221465895,1692249201633,1692249202064,1693221466621,726,431,295
213,1693221466621,1692249202354,1692249202709,1693221467041,420,355,65
214,1693221467042,1692249202823,1692249203207,1693221467590,548,384,164
215,1693221467590,1692249203350,1692249203898,1693221468268,678,548,130
216,1693221468268,1692249204004,1692249204362,1693221468745,477,358,119
217,1693221468745,1692249204462,1692249204852,1693221469191,446,390,56
218,1693221469191,1692249204953,1692249205454,1693221469889,698,501,197
219,1693221469889,1692249205653,1692249206153,1693221470520,631,500,131
220,1693221470520,1692249206272,1692249206649,1693221471010,490,377,113
221,1693221471010,1692249206769,1692249207109,1693221471474,464,340,124
222,1693221471474,1692249207225,1692249207736,1693221472100,626,511,115
223,1693221472100,1692249207863,1692249208250,1693221472628,528,387,141
224,1693221472628,1692249208394,1692249208765,1693221473147,519,371,148
225,1693221473147,1692249208906,1692249209393,1693221473783,636,487,149
226,1693221473783,1692249209522,1692249210044,1693221474411,628,522,106
227,1693221474411,1692249210165,1692249210683,1693221475071,660,518,142
228,1693221475071,1692249210808,1692249211150,1693221475518,447,342,105
229,1693221475518,1692249211262,1692249211672,1693221476052,534,410,124
230,1693221476053,1692249211800,1692249212294,1693221476679,626,494,132
231,1693221476679,1692249212427,1692249212795,1693221477166,487,368,119
232,1693221477166,1692249212900,1692249213441,1693221477811,645,541,104
233,1693221477811,1692249213552,1692249214014,1693221478386,575,462,113
234,1693221478387,1692249214122,1692249214686,1693221479034,647,564,83
235,1693221479035,1692249214773,1692249215184,1693221479530,495,411,84
236,1693221479530,1692249215283,1692249215899,1693221480290,760,616,144
237,1693221480290,1692249216051,1692249216394,1693221480772,482,343,139
238,1693221480772,1692249216524,1692249217076,1693221481437,665,552,113
239,1693221481437,1692249217203,1692249217618,1693221482050,613,415,198
240,1693221482050,1692249217807,1692249218236,1693221482609,559,429,130
241,1693221482616,1692249218374,1692249218751,1693221483105,489,377,112
242,1693221483105,1692249218866,1692249219207,1693221483572,467,341,126
243,1693221483572,1692249219320,1692249219578,1693221483992,420,258,162
244,1693221483992,1692249219762,1692249220061,1693221484445,453,299,154
245,1693221484445,1692249220213,1692249220459,1693221484839,394,246,148
246,1693221484839,1692249220600,1692249220919,1693221485285,446,319,127
247,1693221485285,1692249221030,1692249221341,1693221485696,411,311,100
248,1693221485696,1692249221456,1692249221764,1693221486174,478,308,170
249,1693221486174,1692249221949,1692249222184,1693221486575,401,235,166
250,1693221486575,1692249222333,1692249222582,1693221486959,384,249,135
251,1693221486959,1692249222698,1692249223043,1693221487484,525,345,180
252,1693221487484,1692249223218,1692249223615,1693221487964,480,397,83
253,1693221487964,1692249223691,1692249223974,1693221488332,368,283,85
254,1693221488332,1692249224070,1692249224501,1693221488856,524,431,93
255,1693221488856,1692249224587,1692249224883,1693221489340,484,296,188
256,1693221489340,1692249225086,1692249225359,1693221489749,409,273,136
257,1693221489749,1692249225532,1692249225820,1693221490196,447,288,159
258,1693221490196,1692249225954,1692249226206,1693221490575,379,252,127
259,1693221490575,1692249226311,1692249226662,1693221491016,441,351,90
260,1693221491016,1692249226774,1692249227096,1693221491461,445,322,123
261,1693221491461,1692249227218,1692249227504,1693221491883,422,286,136
262,1693221491883,1692249227624,1692249227928,1693221492282,399,304,95
263,1693221492282,1692249228043,1692249228347,1693221492726,444,304,140
264,1693221492726,1692249228458,1692249228861,1693221493215,489,403,86
265,1693221493215,1692249228942,1692249229298,1693221493640,425,356,69
266,1693221493640,1692249229410,1692249229655,1693221494043,403,245,158
267,1693221494043,1692249229793,1692249230167,1693221494533,490,374,116
268,1693221494533,1692249230273,1692249230674,1693221495027,494,401,93
269,1693221495027,1692249230764,1692249231070,1693221495439,412,306,106
270,1693221495439,1692249231185,1692249231509,1693221495867,428,324,104
271,1693221495867,1692249231609,1692249232001,1693221496354,487,392,95
272,1693221496354,1692249232102,1692249232376,1693221496759,405,274,131
273,1693221496759,1692249232520,1692249232719,1693221497106,347,199,148
274,1693221497106,1692249232862,1692249233138,1693221497542,436,276,160
275,1693221497542,1692249233303,1692249233612,1693221498027,485,309,176
276,1693221498027,1692249233767,1692249234131,1693221498492,465,364,101
277,1693221498492,1692249234232,1692249234497,1693221498855,363,265,98
278,1693221498855,1692249234604,1692249234901,1693221499242,387,297,90
279,1693221499242,1692249234988,1692249235325,1693221499686,444,337,107
280,1693221499686,1692249235428,1692249235741,1693221500109,423,313,110
281,1693221500109,1692249235855,1692249236202,1693221500604,495,347,148
282,1693221500604,1692249236336,1692249236732,1693221501091,487,396,91
283,1693221501091,1692249236857,1692249237142,1693221501522,431,285,146
284,1693221501522,1692249237254,1692249237596,1693221501935,413,342,71
285,1693221501935,1692249237666,1692249238073,1693221502423,488,407,81
286,1693221502423,1692249238158,1692249238411,1693221502789,366,253,113
287,1693221502789,1692249238539,1692249238914,1693221503273,484,375,109
288,1693221503273,1692249239012,1692249239296,1693221503666,393,284,109
289,1693221503666,1692249239413,1692249239735,1693221504099,433,322,111
290,1693221504099,1692249239844,1692249240224,1693221504577,478,380,98
291,1693221504577,1692249240323,1692249240567,1693221504988,411,244,167
292,1693221504988,1692249240748,1692249240996,1693221505382,394,248,146
293,1693221505382,1692249241149,1692249241449,1693221505844,462,300,162
294,1693221505844,1692249241570,1692249241801,1693221506143,299,231,68
295,1693221506143,1692249241882,1692249242298,1693221506650,507,416,91
296,1693221506650,1692249242389,1692249242712,1693221507070,420,323,97
297,1693221507070,1692249242803,1692249243133,1693221507501,431,330,101
298,1693221507501,1692249243242,1692249243615,1693221507974,473,373,100
299,1693221507974,1692249243724,1692249244021,1693221508395,421,297,124
300,1693221508395,1692249244130,1692249244573,1693221508927,532,443,89
301,1693221508927,1692249244678,1692249244972,1693221509344,417,294,123
302,1693221509344,1692249245099,1692249245359,1693221509735,391,260,131
303,1693221509736,1692249245502,1692249245748,1693221510125,389,246,143
304,1693221510125,1692249245882,1692249246172,1693221510605,480,290,190
305,1693221510605,1692249246350,1692249246643,1693221511013,408,293,115
306,1693221511013,1692249246758,1692249247099,1693221511465,452,341,111
307,1693221511465,1692249247211,1692249247509,1693221511950,485,298,187
308,1693221511950,1692249247717,1692249248114,1693221512476,526,397,129
309,1693221512476,1692249248209,1692249248518,1693221512884,408,309,99
310,1693221513059,1692249248794,1692249249246,1693221513598,539,452,87
311,1693221513598,1692249249337,1692249249809,1693221514159,561,472,89
312,1693221514159,1692249249911,1692249250223,1693221514591,432,312,120
313,1693221514591,1692249250339,1692249250627,1693221515010,419,288,131
314,1693221515010,1692249250736,1692249251110,1693221515512,502,374,128
315,1693221515512,1692249251257,1692249251678,1693221516056,544,421,123
316,1693221516056,1692249251796,1692249252115,1693221516593,537,319,218
317,1693221516593,1692249252355,1692249252615,1693221516992,399,260,139
318,1693221516992,1692249252728,1692249253120,1693221517487,495,392,103
319,1693221517487,1692249253255,1692249253669,1693221518055,568,414,154
320,1693221518055,1692249253789,1692249254181,1693221518511,456,392,64
321,1693221518511,1692249254261,1692249254792,1693221519158,647,531,116
322,1693221519158,1692249254896,1692249255300,1693221519738,580,404,176
323,1693221519738,1692249255489,1692249255852,1693221520211,473,363,110
324,1693221520211,1692249255954,1692249256404,1693221520846,635,450,185
325,1693221520846,1692249256593,1692249257280,1693221521716,870,687,183
326,1693221521716,1692249257475,1692249257799,1693221522142,426,324,102
327,1693221522142,1692249257879,1692249258238,1693221522598,456,359,97
328,1693221522599,1692249258331,1692249259199,1693221523549,950,868,82
329,1693221523549,1692249259284,1692249259687,1693221524055,506,403,103
330,1693221524055,1692249259817,1692249260185,1693221524562,507,368,139
331,1693221524562,1692249260355,1692249260652,1693221525030,468,297,171
332,1693221525030,1692249260804,1692249261120,1693221525490,460,316,144
333,1693221525490,1692249261242,1692249261702,1693221526066,576,460,116
334,1693221526066,1692249261801,1692249262232,1693221526613,547,431,116
335,1693221526613,1692249262350,1692249262803,1693221527160,547,453,94
336,1693221527160,1692249262920,1692249263220,1693221527646,486,300,186
337,1693221527646,1692249263396,1692249264150,1693221528510,864,754,110
338,1693221528510,1692249264254,1692249264595,1693221528976,466,341,125
339,1693221528976,1692249264720,1692249265047,1693221529418,442,327,115
340,1693221529418,1692249265174,1692249265496,1693221529886,468,322,146
341,1693221529886,1692249265650,1692249266132,1693221530502,616,482,134
342,1693221530502,1692249266236,1692249266642,1693221530992,490,406,84
343,1693221530992,1692249266753,1692249267090,1693221531476,484,337,147
344,1693221531477,1692249267227,1692249267706,1693221532062,585,479,106
345,1693221532062,1692249267811,1692249268258,1693221532620,558,447,111
346,1693221532620,1692249268352,1692249268751,1693221533110,490,399,91
347,1693221533110,1692249268844,1692249269313,1693221533666,556,469,87
348,1693221533666,1692249269407,1692249269958,1693221534309,643,551,92
349,1693221534309,1692249270053,1692249270566,1693221534935,626,513,113
350,1693221534935,1692249270687,1692249271120,1693221535478,543,433,110
351,1693221535478,1692249271214,1692249271646,1693221535999,521,432,89
352,1693221535999,1692249271741,1692249272174,1693221536541,542,433,109
353,1693221536541,1692249272283,1692249272704,1693221537080,539,421,118
354,1693221537080,1692249272832,1692249273260,1693221537635,555,428,127
355,1693221537635,1692249273407,1692249273823,1693221538203,568,416,152
356,1693221538203,1692249273957,1692249274401,1693221538775,572,444,128
357,1693221538775,1692249274527,1692249274988,1693221539374,599,461,138
358,1693221539374,1692249275111,1692249275585,1693221540023,649,474,175
359,1693221540023,1692249275783,1692249276148,1693221540519,496,365,131
360,1693221540519,1692249276266,1692249276705,1693221541060,541,439,102
361,1693221541060,1692249276848,1692249277186,1693221541566,506,338,168
362,1693221541566,1692249277292,1692249277702,1693221542032,466,410,56
363,1693221542032,1692249277780,1692249278181,1693221542561,529,401,128
364,1693221542561,1692249278282,1692249278548,1693221542877,316,266,50
365,1693221542877,1692249278629,1692249279025,1693221543408,531,396,135
366,1693221543416,1692249279152,1692249279459,1693221543898,482,307,175
367,1693221543898,1692249279669,1692249279904,1693221544278,380,235,145
368,1693221544278,1692249280021,1692249280369,1693221544721,443,348,95
369,1693221544721,1692249280459,1692249280759,1693221545099,378,300,78
370,1693221545100,1692249280841,1692249281167,1693221545536,436,326,110
371,1693221545536,1692249281273,1692249281660,1693221546014,478,387,91
372,1693221546014,1692249281768,1692249282074,1693221546505,491,306,185
373,1693221546505,1692249282263,1692249282591,1693221546956,451,328,123
374,1693221546956,1692249282728,1692249282979,1693221547414,458,251,207
375,1693221547414,1692249283155,1692249283508,1693221547901,487,353,134
376,1693221547901,1692249283624,1692249283964,1693221548311,410,340,70
377,1693221548311,1692249284040,1692249284381,1693221548734,423,341,82
378,1693221548734,1692249284507,1692249284720,1693221549103,369,213,156
379,1693221549103,1692249284831,1692249285126,1693221549470,367,295,72
380,1693221549470,1692249285219,1692249285454,1693221549863,393,235,158
381,1693221549863,1692249285646,1692249286015,1693221550464,601,369,232
382,1693221550465,1692249286224,1692249286486,1693221550893,428,262,166
383,1693221550893,1692249286664,1692249286935,1693221551345,452,271,181
384,1693221551345,1692249287098,1692249287476,1693221551827,482,378,104
385,1693221551827,1692249287562,1692249287933,1693221552279,452,371,81
386,1693221552279,1692249288001,1692249288265,1693221552609,330,264,66
387,1693221552609,1692249288342,1692249288693,1693221553044,435,351,84
388,1693221553044,1692249288801,1692249289105,1693221553469,425,304,121
389,1693221553469,1692249289208,1692249289597,1693221553952,483,389,94
390,1693221553952,1692249289692,1692249290083,1693221554433,481,391,90
391,1693221554433,1692249290184,1692249290563,1693221554945,512,379,133
392,1693221554945,1692249290705,1692249291027,1693221555399,454,322,132
393,1693221555399,1692249291156,1692249291448,1693221555903,504,292,212
394,1693221555903,1692249291645,1692249291942,1693221556315,412,297,115
395,1693221556315,1692249292058,1692249292288,1693221556699,384,230,154
396,1693221556699,1692249292467,1692249292727,1693221557111,412,260,152
397,1693221557111,1692249293127,1692249293410,1693221557773,662,283,379
398,1693221557773,1692249293562,1692249293808,1693221558188,415,246,169
399,1693221558188,1692249293971,1692249294221,1693221558596,408,250,158
400,1693221558596,1692249294363,1692249294631,1693221559033,437,268,169
401,1693221559033,1692249294834,1692249295035,1693221559432,399,201,198
402,1693221559432,1692249295200,1692249295425,1693221559800,368,225,143
403,1693221559800,1692249295527,1692249295955,1693221560300,500,428,72
404,1693221560300,1692249296048,1692249296438,1693221560809,509,390,119
405,1693221560809,1692249296548,1692249296915,1693221561277,468,367,101
406,1693221561277,1692249297014,1692249297311,1693221561657,380,297,83
407,1693221561657,1692249297415,1692249297664,1693221562032,375,249,126
408,1693221562032,1692249297784,1692249298146,1693221562519,487,362,125
409,1693221562519,1692249298264,1692249298607,1693221563065,546,343,203
410,1693221563065,1692249298841,1692249299065,1693221563451,386,224,162
411,1693221563451,1692249299171,1692249299504,1693221563860,409,333,76
412,1693221563860,1692249299611,1692249299960,1693221564306,446,349,97
413,1693221564306,1692249300038,1692249300330,1693221564705,399,292,107
414,1693221564705,1692249300457,1692249300760,1693221565135,430,303,127
415,1693221565135,1692249300849,1692249301178,1693221565513,378,329,49
416,1693221565513,1692249301260,1692249301579,1693221565954,441,319,122
417,1693221565954,1692249301726,1692249302025,1693221566417,463,299,164
418,1693221566417,1692249302169,1692249302506,1693221566869,452,337,115
419,1693221566869,1692249302605,1692249302827,1693221567195,326,222,104
420,1693221567195,1692249302931,1692249303282,1693221567656,461,351,110
421,1693221567656,1692249303392,1692249303754,1693221568097,441,362,79
422,1693221568097,1692249303843,1692249304138,1693221568512,415,295,120
423,1693221568512,1692249304258,1692249304598,1693221568944,432,340,92
424,1693221568944,1692249304685,1692249304909,1693221569292,348,224,124
425,1693221569292,1692249305036,1692249305427,1693221569780,488,391,97
426,1693221569780,1692249305529,1692249305833,1693221570197,417,304,113
427,1693221570197,1692249305943,1692249306225,1693221570595,398,282,116
428,1693221570595,1692249306338,1692249306616,1693221571021,426,278,148
429,1693221571021,1692249306752,1692249307003,1693221571357,336,251,85
430,1693221571357,1692249307101,1692249307493,1693221571860,503,392,111
431,1693221571860,1692249307592,1692249308038,1693221572378,518,446,72
432,1693221572378,1692249308144,1692249308453,1693221572818,440,309,131
433,1693221572818,1692249308563,1692249308948,1693221573315,497,385,112
434,1693221573315,1692249309050,1692249309360,1693221573823,508,310,198
435,1693221574000,1692249309732,1692249310351,1693221574707,707,619,88
436,1693221574707,1692249310460,1692249310931,1693221575295,588,471,117
437,1693221575295,1692249311060,1692249311795,1693221576164,869,735,134
438,1693221576164,1692249311893,1692249312638,1693221576980,816,745,71
439,1693221576980,1692249312726,1692249313218,1693221577588,608,492,116
440,1693221577588,1692249313331,1692249313899,1693221578255,667,568,99
441,1693221578255,1692249314003,1692249314359,1693221578737,482,356,126
442,1693221578737,1692249314483,1692249315010,1693221579377,640,527,113
443,1693221579377,1692249315127,1692249315591,1693221579965,588,464,124
444,1693221579965,1692249315696,1692249316292,1693221580628,663,596,67
445,1693221580628,1692249316369,1692249316787,1693221581151,523,418,105
446,1693221581151,1692249316889,1692249317389,1693221581750,599,500,99
447,1693221581750,1692249317502,1692249317882,1693221582241,491,380,111
448,1693221582241,1692249317976,1692249318448,1693221582812,571,472,99
449,1693221582812,1692249318579,1692249319065,1693221583433,621,486,135
450,1693221583434,1692249319223,1692249319543,1693221583928,494,320,174
451,1693221583928,1692249319671,1692249320064,1693221584444,516,393,123
452,1693221584444,1692249320195,1692249320691,1693221585049,605,496,109
453,1693221585049,1692249320793,1692249321367,1693221585748,699,574,125
454,1693221585748,1692249321503,1692249321979,1693221586426,678,476,202
455,1693221586426,1692249322173,1692249322597,1693221586958,532,424,108
456,1693221586958,1692249322724,1692249323127,1693221587509,551,403,148
457,1693221587509,1692249323252,1692249323823,1693221588175,666,571,95
458,1693221588175,1692249323917,1692249324399,1693221588750,575,482,93
459,1693221588750,1692249324498,1692249324887,1693221589253,503,389,114
460,1693221589253,1692249325002,1692249325514,1693221589951,698,512,186
461,1693221589951,1692249325753,1692249326219,1693221590570,619,466,153
462,1693221590570,1692249326315,1692249326713,1693221591061,491,398,93
463,1693221591061,1692249326790,1692249327231,1693221591636,575,441,134
464,1693221591636,1692249327376,1692249327811,1693221592178,542,435,107
465,1693221592178,1692249327927,1692249328470,1693221592838,660,543,117
466,1693221592838,1692249328574,1692249329140,1693221593485,647,566,81
467,1693221593486,1692249329230,1692249329629,1693221593996,510,399,111
468,1693221593996,1692249329737,1692249330232,1693221594602,606,495,111
469,1693221594602,1692249330345,1692249330870,1693221595228,626,525,101
470,1693221595228,1692249330963,1692249331379,1693221595744,516,416,100
471,1693221595744,1692249331489,1692249332034,1693221596385,641,545,96
472,1693221596385,1692249332135,1692249332540,1693221596910,525,405,120
473,1693221596910,1692249332639,1692249333122,1693221597472,562,483,79
474,1693221597472,1692249333229,1692249333624,1693221598087,615,395,220
475,1693221598087,1692249333833,1692249334309,1693221598694,607,476,131
476,1693221598694,1692249334431,1692249334952,1693221599304,610,521,89
477,1693221599304,1692249335046,1692249335561,1693221599944,640,515,125
478,1693221599944,1692249335697,1692249336157,1693221600517,573,460,113
479,1693221600517,1692249336250,1692249336585,1693221600914,397,335,62
480,1693221600914,1692249336665,1692249337069,1693221601443,529,404,125
481,1693221601443,1692249337184,1692249337731,1693221602080,637,547,90
482,1693221602080,1692249337821,1692249338170,1693221602523,443,349,94
483,1693221602523,1692249338274,1692249338705,1693221603102,579,431,148
484,1693221603102,1692249338851,1692249339177,1693221603540,438,326,112
485,1693221603540,1692249339292,1692249339698,1693221604144,604,406,198
486,1693221604151,1692249339885,1692249340235,1693221604590,439,350,89
487,1693221604590,1692249340346,1692249340642,1693221605012,422,296,126
488,1693221605012,1692249340762,1692249341052,1693221605412,400,290,110
489,1693221605412,1692249341159,1692249341459,1693221605858,446,300,146
490,1693221605858,1692249341599,1692249341892,1693221606271,413,293,120
491,1693221606271,1692249342027,1692249342350,1693221606790,519,323,196
492,1693221606790,1692249342547,1692249342829,1693221607207,417,282,135
493,1693221607207,1692249343004,1692249343224,1693221607612,405,220,185
494,1693221607612,1692249343356,1692249343598,1693221608036,424,242,182
495,1693221608036,1692249343791,1692249344118,1693221608479,443,327,116
496,1693221608479,1692249344221,1692249344634,1693221608988,509,413,96
497,1693221608988,1692249344774,1692249345004,1693221609374,386,230,156
498,1693221609374,1692249345118,1692249345475,1693221609830,456,357,99
499,1693221609830,1692249345587,1692249345826,1693221610206,376,239,137
500,1693221610206,1692249345944,1692249346227,1693221610564,358,283,75
501,1693221610564,1692249346306,1692249346635,1693221610998,434,329,105
502,1693221610998,1692249346722,1692249347038,1693221611365,367,316,51
503,1693221611365,1692249347121,1692249347391,1693221611810,445,270,175
504,1693221611810,1692249347547,1692249347946,1693221612301,491,399,92
505,1693221612301,1692249348038,1692249348404,1693221612810,509,366,143
506,1693221612810,1692249348537,1692249348769,1693221613112,302,232,70
507,1693221613112,1692249348857,1692249349235,1693221613638,526,378,148
508,1693221613638,1692249349386,1692249349693,1693221614064,426,307,119
509,1693221614064,1692249349812,1692249350085,1693221614455,391,273,118
510,1693221614455,1692249350205,1692249350573,1693221614961,506,368,138
511,1693221614961,1692249350710,1692249350989,1693221615329,368,279,89
512,1693221615329,1692249351063,1692249351447,1693221615791,462,384,78
513,1693221615791,1692249351541,1692249351789,1693221616166,375,248,127
514,1693221616166,1692249351927,1692249352298,1693221616664,498,371,127
515,1693221616664,1692249352447,1692249352686,1693221617067,403,239,164
516,1693221617067,1692249352801,1692249353243,1693221617642,575,442,133
517,1693221617642,1692249353374,1692249353786,1693221618128,486,412,74
518,1693221618128,1692249353889,1692249354173,1693221618567,439,284,155
519,1693221618567,1692249354303,1692249354677,1693221619027,460,374,86
520,1693221619027,1692249354749,1692249355067,1693221619411,384,318,66
521,1693221619411,1692249355152,1692249355523,1693221619871,460,371,89
522,1693221619871,1692249355643,1692249355891,1693221620314,443,248,195
523,1693221620314,1692249356061,1692249356313,1693221620718,404,252,152
524,1693221620718,1692249356473,1692249356889,1693221621248,530,416,114
525,1693221621248,1692249356999,1692249357326,1693221621727,479,327,152
526,1693221621727,1692249357462,1692249357833,1693221622239,512,371,141
527,1693221622239,1692249358003,1692249358270,1693221622663,424,267,157
528,1693221622663,1692249358417,1692249358798,1693221623163,500,381,119
529,1693221623163,1692249358914,1692249359220,1693221623565,402,306,96
530,1693221623565,1692249359293,1692249359748,1693221624091,526,455,71
531,1693221624091,1692249359842,1692249360156,1693221624521,430,314,116
532,1693221624521,1692249360279,1692249360549,1693221624939,418,270,148
533,1693221624939,1692249360687,1692249361028,1693221625401,462,341,121
534,1693221625401,1692249361166,1692249361427,1693221625796,395,261,134
535,1693221625796,1692249361545,1692249361852,1693221626212,416,307,109
536,1693221626212,1692249361968,1692249362220,1693221626577,365,252,113
537,1693221626577,1692249362321,1692249362607,1693221626978,401,286,115
538,1693221626978,1692249362724,1692249363059,1693221627417,439,335,104
539,1693221627417,1692249363151,1692249363609,1693221627944,527,458,69
540,1693221627944,1692249363705,1692249364055,1693221628423,479,350,129
541,1693221628423,1692249364193,1692249364478,1693221628901,478,285,193
542,1693221628901,1692249364634,1692249364983,1693221629396,495,349,146
543,1693221629396,1692249365160,1692249365437,1693221629811,415,277,138
544,1693221629811,1692249365527,1692249365811,1693221630133,322,284,38
545,1693221630133,1692249365881,1692249366218,1693221630649,516,337,179
546,1693221630649,1692249366379,1692249366766,1693221631105,456,387,69
547,1693221631105,1692249366853,1692249367217,1693221631647,542,364,178
548,1693221631648,1692249367382,1692249367851,1693221632199,551,469,82
549,1693221632199,1692249367970,1692249368195,1693221632578,379,225,154
550,1693221632579,1692249368335,1692249368622,1693221632989,410,287,123
551,1693221632989,1692249368725,1692249369049,1693221633388,399,324,75
552,1693221633388,1692249369139,1692249369469,1693221633826,438,330,108
553,1693221633826,1692249369591,1692249369813,1693221634194,368,222,146
554,1693221634371,1692249370140,1692249370530,1693221634874,503,390,113
555,1693221634874,1692249370636,1692249371154,1693221635516,642,518,124
556,1693221635516,1692249371262,1692249371759,1693221636127,611,497,114
557,1693221636127,1692249371872,1692249372400,1693221636756,629,528,101
558,1693221636756,1692249372502,1692249372865,1693221637210,454,363,91
559,1693221637210,1692249372971,1692249373393,1693221637770,560,422,138
560,1693221637770,1692249373526,1692249374041,1693221638410,640,515,125
561,1693221638410,1692249374179,1692249374417,1693221638810,400,238,162
562,1693221638810,1692249374559,1692249375129,1693221639510,700,570,130
563,1693221639510,1692249375242,1692249375871,1693221640234,724,629,95
564,1693221640235,1692249375975,1692249376341,1693221640688,453,366,87
565,1693221640688,1692249376428,1692249377252,1693221641683,995,824,171
566,1693221641683,1692249377453,1692249377720,1693221642106,423,267,156
567,1693221642106,1692249377851,1692249378305,1693221642691,585,454,131
568,1693221642691,1692249378461,1692249378860,1693221643212,521,399,122
569,1693221643212,1692249378953,1692249379471,1693221643826,614,518,96
570,1693221643826,1692249379562,1692249380004,1693221644386,560,442,118
571,1693221644386,1692249380122,1692249380570,1693221644994,608,448,160
572,1693221644994,1692249380720,1692249381123,1693221645470,476,403,73
573,1693221645470,1692249381208,1692249381727,1693221646065,595,519,76
574,1693221646065,1692249381803,1692249382264,1693221646723,658,461,197
575,1693221646723,1692249382499,1692249382858,1693221647425,702,359,343
576,1693221647425,1692249383174,1692249383579,1693221647930,505,405,100
577,1693221647930,1692249383671,1692249384234,1693221648600,670,563,107
578,1693221648600,1692249384335,1692249384793,1693221649141,541,458,83
579,1693221649142,1692249384895,1692249385265,1693221649633,491,370,121
580,1693221649633,1692249385385,1692249385906,1693221650277,644,521,123
581,1693221650277,1692249386015,1692249386544,1693221650906,629,529,100
582,1693221650906,1692249386657,1692249387282,1693221651652,746,625,121
583,1693221651652,1692249387397,1692249387833,1693221652185,533,436,97
584,1693221652185,1692249387922,1692249388173,1693221652517,332,251,81
585,1693221652517,1692249388256,1692249388744,1693221653088,571,488,83
586,1693221653088,1692249388845,1692249389110,1693221653488,400,265,135
587,1693221653488,1692249389236,1692249389514,1693221653900,412,278,134
588,1693221653901,1692249389635,1692249390283,1693221654636,735,648,87
589,1693221654636,1692249390375,1692249390922,1693221655318,682,547,135
590,1693221655318,1692249391063,1692249391540,1693221655940,622,477,145
591,1693221655940,1692249391678,1692249392224,1693221656579,639,546,93
592,1693221656579,1692249392327,1692249392809,1693221657174,595,482,113
593,1693221657174,1692249392913,1692249393398,1693221657784,610,485,125
594,1693221657784,1692249393516,1692249394244,1693221658594,810,728,82
595,1693221658594,1692249394338,1692249394809,1693221659169,575,471,104
596,1693221659169,1692249394931,1692249395272,1693221659745,576,341,235
597,1693221659745,1692249395492,1692249395883,1693221660240,495,391,104
598,1693221660240,1692249395981,1692249396480,1693221660841,601,499,102
599,1693221660841,1692249396572,1692249397107,1693221661457,616,535,81
600,1693221661457,1692249397189,1692249397606,1693221661976,519,417,102
601,1693221661976,1692249397748,1692249398155,1693221662535,559,407,152
602,1693221662535,1692249398282,1692249398870,1693221663212,677,588,89
603,1693221663212,1692249398971,1692249399480,1693221663847,635,509,126
604,1693221663847,1692249399600,1692249400081,1693221664443,596,481,115
605,1693221664451,1692249400228,1692249400477,1693221664866,415,249,166
606,1693221664866,1692249400629,1692249401005,1693221665348,482,376,106
607,1693221665348,1692249401107,1692249401441,1693221665867,519,334,185
608,1693221665867,1692249401621,1692249401961,1693221666313,446,340,106
609,1693221666313,1692249402060,1692249402387,1693221666734,421,327,94
610,1693221666734,1692249402500,1692249402850,1693221667209,475,350,125
611,1693221667209,1692249402976,1692249403189,1693221667620,411,213,198
612,1693221667620,1692249403355,1692249403593,1693221667989,369,238,131
613,1693221667989,1692249403764,1692249403973,1693221668359,370,209,161
614,1693221668359,1692249404110,1692249404390,1693221668742,383,280,103
615,1693221668742,1692249404491,1692249404840,1693221669203,461,349,112
616,1693221669203,1692249404948,1692249405256,1693221669623,420,308,112
617,1693221669623,1692249405373,1692249405734,1693221670085,462,361,101
618,1693221670086,1692249405864,1692249406073,1693221670448,362,209,153
619,1693221670449,1692249406198,1692249406593,1693221670948,499,395,104
620,1693221670948,1692249406702,1692249407118,1693221671475,527,416,111
621,1693221671475,1692249407214,1692249407506,1693221671872,397,292,105
622,1693221671872,1692249407642,1692249407906,1693221672281,409,264,145
623,1693221672281,1692249408064,1692249408348,1693221672727,446,284,162
624,1693221672727,1692249408542,1692249408856,1693221673206,479,314,165
625,1693221673206,1692249408955,1692249409322,1693221673845,639,367,272
626,1693221673845,1692249409611,1692249409923,1693221674285,440,312,128
627,1693221674285,1692249410017,1692249410383,1693221674732,447,366,81
628,1693221674732,1692249410490,1692249410779,1693221675151,419,289,130
629,1693221675151,1692249410901,1692249411215,1693221675584,433,314,119
630,1693221675584,1692249411325,1692249411603,1693221676006,422,278,144
631,1693221676006,1692249411771,1692249412067,1693221676437,431,296,135
632,1693221676437,1692249412201,1692249412513,1693221676932,495,312,183
633,1693221676932,1692249412684,1692249413040,1693221677456,524,356,168
634,1693221677456,1692249413195,1692249413502,1693221677934,478,307,171
635,1693221677934,1692249413688,1692249414043,1693221678456,522,355,167
636,1693221678456,1692249414214,1692249414460,1693221678882,426,246,180
637,1693221678883,1692249414639,1692249414908,1693221679299,416,269,147
638,1693221679299,1692249415037,1692249415409,1693221679788,489,372,117
639,1693221679788,1692249415534,1692249415953,1693221680308,520,419,101
640,1693221680308,1692249416056,1692249416348,1693221680684,376,292,84
641,1693221680684,1692249416420,1692249416685,1693221681045,361,265,96
642,1693221681045,1692249416788,1692249417134,1693221681477,432,346,86
643,1693221681477,1692249417216,1692249417576,1693221681914,437,360,77
644,1693221681914,1692249417660,1692249417985,1693221682349,435,325,110
645,1693221682349,1692249418118,1692249418326,1693221682767,418,208,210
646,1693221682767,1692249418501,1692249418847,1693221683204,437,346,91
647,1693221683204,1692249418947,1692249419330,1693221683689,485,383,102
648,1693221683689,1692249419411,1692249419750,1693221684085,396,339,57
649,1693221684085,1692249419825,1692249420204,1693221684557,472,379,93
650,1693221684557,1692249420304,1692249420572,1693221684955,398,268,130
651,1693221684955,1692249420690,1692249421038,1693221685370,415,348,67
652,1693221685370,1692249421126,1692249421444,1693221685813,443,318,125
653,1693221685813,1692249421542,1692249421923,1693221686288,475,381,94
654,1693221686288,1692249422024,1692249422308,1693221686666,378,284,94
655,1693221686666,1692249422406,1692249422745,1693221687096,430,339,91
656,1693221687096,1692249422845,1692249423134,1693221687492,396,289,107
657,1693221687492,1692249423255,1692249423468,1693221687847,355,213,142
658,1693221687847,1692249423593,1692249423936,1693221688306,459,343,116
659,1693221688306,1692249424051,1692249424395,1693221688798,492,344,148
660,1693221688799,1692249424603,1692249424819,1693221689197,398,216,182
661,1693221689197,1692249424945,1692249425251,1693221689654,457,306,151
662,1693221689654,1692249425422,1692249425682,1693221690052,398,260,138
663,1693221690052,1692249425797,1692249426222,1693221690642,590,425,165
664,1693221690642,1692249426382,1692249426667,1693221691024,382,285,97
665,1693221691024,1692249426767,1692249427128,1693221691485,461,361,100
666,1693221691485,1692249427232,1692249427564,1693221691933,448,332,116
667,1693221691933,1692249427680,1692249427940,1693221692282,349,260,89
668,1693221692282,1692249428025,1692249428392,1693221692741,459,367,92
669,1693221692741,1692249428480,1692249428814,1693221693200,459,334,125
670,1693221693200,1692249428959,1692249429228,1693221693622,422,269,153
671,1693221693622,1692249429366,1692249429768,1693221694126,504,402,102
672,1693221694126,1692249429884,1692249430187,1693221694556,430,303,127
673,1693221694731,1692249430478,1692249430919,1693221695282,551,441,110
674,1693221695282,1692249431034,1692249431400,1693221695765,483,366,117
675,1693221695765,1692249431508,1692249432159,1693221696515,750,651,99
676,1693221696515,1692249432263,1692249432733,1693221697099,584,470,114
677,1693221697099,1692249432842,1692249433295,1693221697656,557,453,104
678,1693221697656,1692249433387,1692249433851,1693221698211,555,464,91
679,1693221698211,1692249433967,1692249434311,1693221698677,466,344,122
680,1693221698677,1692249434410,1692249434908,1693221699267,590,498,92
681,1693221699267,1692249435022,1692249435479,1693221699922,655,457,198
682,1693221699922,1692249435669,1692249436069,1693221700422,500,400,100
683,1693221700423,1692249436164,1692249436654,1693221701012,589,490,99
684,1693221701012,1692249436786,1692249437101,1693221701477,465,315,150
685,1693221701477,1692249437228,1692249437555,1693221701931,454,327,127
686,1693221701932,1692249437691,1692249438302,1693221702675,743,611,132
687,1693221702675,1692249438486,1692249438966,1693221703328,653,480,173
688,1693221703328,1692249439076,1692249439552,1693221703958,630,476,154
689,1693221703958,1692249439731,1692249440076,1693221704454,496,345,151
690,1693221704454,1692249440209,1692249440677,1693221705047,593,468,125
691,1693221705047,1692249440818,1692249441229,1693221705628,581,411,170
692,1693221705628,1692249441366,1692249441816,1693221706179,551,450,101
693,1693221706179,1692249441946,1692249442221,1693221706599,420,275,145
694,1693221706599,1692249442368,1692249442664,1693221707056,457,296,161
695,1693221707056,1692249442801,1692249443220,1693221707661,605,419,186
696,1693221707661,1692249443415,1692249444080,1693221708442,781,665,116
697,1693221708442,1692249444190,1692249444614,1693221708983,541,424,117
698,1693221708983,1692249444720,1692249445192,1693221709536,553,472,81
699,1693221709536,1692249445287,1692249445746,1693221710113,577,459,118
700,1693221710113,1692249445847,1692249446367,1693221710734,621,520,101
701,1693221710734,1692249446482,1692249446852,1693221711204,470,370,100
702,1693221711204,1692249446936,1692249447387,1693221711752,548,451,97
703,1693221711752,1692249447492,1692249448045,1693221712386,634,553,81
704,1693221712386,1692249448149,1692249448500,1693221712881,495,351,144
705,1693221712881,1692249448658,1692249448997,1693221713378,497,339,158
706,1693221713378,1692249449118,1692249449512,1693221713872,494,394,100
707,1693221713872,1692249449641,1692249450215,1693221714612,740,574,166
708,1693221714612,1692249450370,1692249450846,1693221715210,598,476,122
709,1693221715210,1692249450959,1692249451389,1693221715758,548,430,118
710,1693221715758,1692249451526,1692249451995,1693221716360,602,469,133
711,1693221716360,1692249452124,1692249452484,1693221716851,491,360,131
712,1693221716851,1692249452583,1692249452908,1693221717232,381,325,56
713,1693221717232,1692249452990,1692249453538,1693221718111,879,548,331
714,1693221718111,1692249453871,1692249454405,1693221718774,663,534,129
715,1693221718774,1692249454520,1692249454989,1693221719358,584,469,115
716,1693221719358,1692249455094,1692249455525,1693221719947,589,431,158
717,1693221719947,1692249455688,1692249456105,1693221720453,506,417,89
718,1693221720453,1692249456178,1692249456606,1693221720959,506,428,78
719,1693221720959,1692249456697,1692249457177,1693221721534,575,480,95
720,1693221721534,1692249457273,1692249457798,1693221722151,617,525,92
721,1693221722151,1692249457892,1692249458534,1693221722915,764,642,122
722,1693221722915,1692249458659,1692249459140,1693221723494,579,481,98
723,1693221723494,1692249459239,1692249459681,1693221724103,609,442,167
724,1693221724103,1692249459852,1692249460349,1693221724705,602,497,105
725,1693221724706,1692249460477,1692249460751,1693221725132,426,274,152
726,1693221725139,1692249460919,1692249461180,1693221725547,408,261,147
727,1693221725548,1692249461346,1692249461564,1693221725948,400,218,182
728,1693221725948,1692249461716,1692249461942,1693221726314,366,226,140
729,1693221726314,1692249462080,1692249462407,1693221726761,447,327,120
730,1693221726761,1692249462527,1692249462781,1693221727150,389,254,135
731,1693221727151,1692249462895,1692249463249,1693221727605,454,354,100
732,1693221727605,1692249463367,1692249463699,1693221728059,454,332,122
733,1693221728059,1692249463831,1692249464123,1693221728498,439,292,147
734,1693221728498,1692249464272,1692249464500,1693221728870,372,228,144
735,1693221728870,1692249464624,1692249465000,1693221729353,483,376,107
736,1693221729353,1692249465093,1692249465463,1693221729810,457,370,87
737,1693221729810,1692249465551,1692249465922,1693221730378,568,371,197
738,1693221730378,1692249466129,1692249466509,1693221730868,490,380,110
739,1693221730868,1692249466632,1692249466942,1693221731309,441,310,131
740,1693221731309,1692249467041,1692249467427,1693221731790,481,386,95
741,1693221731790,1692249467540,1692249467839,1693221732198,408,299,109
742,1693221732198,1692249467955,1692249468225,1693221732623,425,270,155
743,1693221732623,1692249468384,1692249468694,1693221733058,435,310,125
744,1693221733058,1692249468785,1692249469160,1693221733491,433,375,58
745,1693221733491,1692249469230,1692249469556,1693221733903,412,326,86
746,1693221733903,1692249469642,1692249470049,1693221734400,497,407,90
747,1693221734400,1692249470151,1692249470465,1693221734818,418,314,104
748,1693221734818,1692249470567,1692249470842,1693221735206,388,275,113
749,1693221735206,1692249470959,1692249471372,1693221735728,522,413,109
750,1693221735728,1692249471463,1692249471937,1693221736285,557,474,83
751,1693221736285,1692249472019,1692249472388,1693221736746,461,369,92
752,1693221736746,1692249472484,1692249472778,1693221737136,390,294,96
753,1693221737136,1692249472881,1692249473248,1693221737601,465,367,98
754,1693221737602,1692249473347,1692249473685,1693221738038,436,338,98
755,1693221738038,1692249473808,1692249474124,1693221738566,528,316,212
756,1693221738566,1692249474338,1692249474644,1693221739081,515,306,209
757,1693221739081,1692249474819,1692249475181,1693221739585,504,362,142
758,1693221739585,1692249475345,1692249475673,1693221740047,462,328,134
759,1693221740047,1692249475811,1692249476149,1693221740499,452,338,114
760,1693221740499,1692249476245,1692249476579,1693221740940,441,334,107
761,1693221740940,1692249476675,1692249476993,1693221741323,383,318,65
762,1693221741323,1692249477071,1692249477457,1693221741807,484,386,98
763,1693221741807,1692249477577,1692249477845,1693221742214,407,268,139
764,1693221742214,1692249477948,1692249478276,1693221742614,400,328,72
765,1693221742614,1692249478383,1692249478675,1693221743062,448,292,156
766,1693221743062,1692249478807,1692249479158,1693221743514,452,351,101
767,1693221743514,1692249479259,1692249479494,1693221743850,336,235,101
768,1693221743850,1692249479613,1692249479894,1693221744266,416,281,135
769,1693221744266,1692249479998,1692249480409,1693221744757,491,411,80
770,1693221744757,1692249480495,1692249480968,1693221745314,557,473,84
771,1693221745314,1692249481048,1692249481441,1693221745792,478,393,85
772,1693221745792,1692249481520,1692249481864,1693221746236,444,344,100
773,1693221746236,1692249481995,1692249482251,1693221746634,398,256,142
774,1693221746634,1692249482374,1692249482708,1693221747065,431,334,97
775,1693221747065,1692249482816,1692249483128,1693221747488,423,312,111
776,1693221747488,1692249483248,1692249483540,1693221747911,423,292,131
777,1693221747911,1692249483669,1692249483943,1693221748310,399,274,125
778,1693221748310,1692249484035,1692249484444,1693221748776,466,409,57
779,1693221748776,1692249484519,1692249484821,1693221749180,404,302,102
780,1693221749181,1692249484927,1692249485248,1693221749635,454,321,133
781,1693221749635,1692249485377,1692249485770,1693221750126,491,393,98
782,1693221750126,1692249485871,1692249486226,1693221750647,521,355,166
783,1693221750647,1692249486399,1692249486637,1693221751005,358,238,120
784,1693221751005,1692249486762,1692249487022,1693221751388,383,260,123
785,1693221751389,1692249487142,1692249487477,1693221751838,449,335,114
786,1693221751838,1692249487555,1692249487868,1693221752206,368,313,55
787,1693221752206,1692249487964,1692249488241,1693221752598,392,277,115
788,1693221752598,1692249488339,1692249488712,1693221753076,478,373,105
789,1693221753076,1692249488822,1692249489147,1693221753503,427,325,102
790,1693221753503,1692249489248,1692249489621,1693221753970,467,373,94
791,1693221753970,1692249489709,1692249490010,1693221754357,387,301,86
792,1693221754357,1692249490103,1692249490438,1693221754793,436,335,101
793,1693221754793,1692249490546,1692249490758,1693221755117,324,212,112
794,1693221755117,1692249490871,1692249491160,1693221755527,410,289,121
795,1693221755704,1692249491457,1692249491772,1693221756138,434,315,119
796,1693221756138,1692249491890,1692249492281,1693221756648,510,391,119
797,1693221756648,1692249492387,1692249492687,1693221757030,382,300,82
798,1693221757030,1692249492776,1692249493316,1693221757683,653,540,113
799,1693221757683,1692249493424,1692249494080,1693221758446,763,656,107
800,1693221758446,1692249494192,1692249494611,1693221758969,523,419,104
801,1693221758969,1692249494729,1692249495154,1693221759523,554,425,129
802,1693221759523,1692249495292,1692249495608,1693221760012,489,316,173
803,1693221760012,1692249495758,1692249496305,1693221760661,649,547,102
804,1693221760661,1692249496403,1692249496847,1693221761224,563,444,119
805,1693221761224,1692249496977,1692249497427,1693221761825,601,450,151
806,1693221761825,1692249497558,1692249497979,1693221762322,497,421,76
807,1693221762322,1692249498063,1692249498494,1693221762943,621,431,190
808,1693221762943,1692249498691,1692249499134,1693221763513,570,443,127
809,1693221763513,1692249499244,1692249499646,1693221763976,463,402,61
810,1693221763976,1692249499723,1692249500162,1693221764525,549,439,110
811,1693221764525,1692249500283,1692249500632,1693221765006,481,349,132
812,1693221765006,1692249500879,1692249501271,1693221765626,620,392,228
813,1693221765626,1692249501506,1692249501873,1693221766259,633,367,266
814,1693221766259,1692249502025,1692249502402,1693221766830,571,377,194
815,1693221766830,1692249502563,1692249503019,1693221767631,801,456,345
816,1693221767631,1692249503385,1692249503819,1693221768179,548,434,114
817,1693221768179,1692249503946,1692249504390,1693221768770,591,444,147
818,1693221768770,1692249504513,1692249505157,1693221769501,731,644,87
819,1693221769501,1692249505265,1692249505852,1693221770216,715,587,128
820,1693221770216,1692249505959,1692249506519,1693221770893,677,560,117
821,1693221770893,1692249506639,1692249507002,1693221771366,473,363,110
822,1693221771366,1692249507104,1692249507335,1693221771666,300,231,69
823,1693221771666,1692249507430,1692249507708,1693221772076,410,278,132
824,1693221772077,1692249507829,1692249508322,1693221772676,599,493,106
825,1693221772676,1692249508413,1692249508833,1693221773182,506,420,86
826,1693221773182,1692249508938,1692249509400,1693221773770,588,462,126
827,1693221773770,1692249509512,1692249509873,1693221774239,469,361,108
828,1693221774239,1692249509970,1692249510495,1693221774841,602,525,77
829,1693221774841,1692249510577,1692249511005,1693221775331,490,428,62
830,1693221775332,1692249511095,1692249511571,1693221775945,613,476,137
831,1693221775945,1692249511716,1692249511963,1693221776348,403,247,156
832,1693221776348,1692249512092,1692249512542,1693221776904,556,450,106
833,1693221776904,1692249512663,1692249512995,1693221777360,456,332,124
834,1693221777360,1692249513114,1692249513543,1693221777907,547,429,118
835,1693221777907,1692249513655,1692249514059,1693221778421,514,404,110
836,1693221778421,1692249514179,1692249514502,1693221778930,509,323,186
837,1693221778930,1692249514690,1692249515084,1693221779455,525,394,131
838,1693221779455,1692249515178,1692249515487,1693221779803,348,309,39
839,1693221779803,1692249515542,1692249515986,1693221780331,528,444,84
840,1693221780331,1692249516069,1692249516897,1693221781257,926,828,98
841,1693221781257,1692249517018,1692249517428,1693221781802,545,410,135
842,1693221781802,1692249517561,1692249518071,1693221782481,679,510,169
843,1693221782481,1692249518250,1692249518517,1693221782934,453,267,186
844,1693221782934,1692249518692,1692249519187,1693221783548,614,495,119
845,1693221783548,1692249519302,1692249519639,1693221783989,441,337,104
846,1693221783990,1692249519745,1692249520378,1693221784744,754,633,121
847,1693221784744,1692249520495,1692249520820,1693221785181,437,325,112
848,1693221785181,1692249520923,1692249521394,1693221785744,563,471,92
849,1693221785751,1692249521521,1692249521755,1693221786122,371,234,137
850,1693221786122,1692249521858,1692249522152,1693221786501,379,294,85
851,1693221786501,1692249522305,1692249522564,1693221786943,442,259,183
852,1693221786943,1692249522690,1692249523022,1693221787380,437,332,105
853,1693221787380,1692249523130,1692249523360,1693221787734,354,230,124
854,1693221787734,1692249523490,1692249523800,1693221788158,424,310,114
855,1693221788158,1692249523914,1692249524191,1693221788558,400,277,123
856,1693221788558,1692249524299,1692249524695,1693221789048,490,396,94
857,1693221789048,1692249524798,1692249525158,1693221789501,453,360,93
858,1693221789501,1692249525252,1692249525599,1693221789958,457,347,110
859,1693221789958,1692249525697,1692249525999,1693221790327,369,302,67
860,1693221790327,1692249526059,1692249526406,1693221790753,426,347,79
861,1693221790753,1692249526491,1692249526871,1693221791215,462,380,82
862,1693221791215,1692249526984,1692249527211,1693221791632,417,227,190
863,1693221791632,1692249527372,1692249527821,1693221792162,530,449,81
864,1693221792162,1692249527928,1692249528214,1693221792658,496,286,210
865,1693221792658,1692249528396,1692249528738,1693221793241,583,342,241
866,1693221793241,1692249529017,1692249529248,1693221793674,433,231,202
867,1693221793674,1692249529442,1692249529649,1693221794069,395,207,188
868,1693221794069,1692249529813,1692249530177,1693221794576,507,364,143
869,1693221794576,1692249530329,1692249530630,1693221794984,408,301,107
870,1693221794984,1692249530712,1692249530932,1693221795284,300,220,80
871,1693221795284,1692249531038,1692249531351,1693221795715,431,313,118
872,1693221795715,1692249531466,1692249531815,1693221796162,447,349,98
873,1693221796162,1692249531892,1692249532257,1693221796603,441,365,76
874,1693221796603,1692249532357,1692249532604,1693221796965,362,247,115
875,1693221796965,1692249532721,1692249533049,1693221797470,505,328,177
876,1693221797470,1692249533233,1692249533518,1693221797878,408,285,123
877,1693221797878,1692249533666,1692249533893,1693221798267,389,227,162
878,1693221798267,1692249534005,1692249534316,1693221798654,387,311,76
879,1693221798654,1692249534398,1692249534769,1693221799124,470,371,99
880,1693221799124,1692249534870,1692249535098,1693221799480,356,228,128
881,1693221799480,1692249535221,1692249535529,1693221799891,411,308,103
882,1693221799891,1692249535680,1692249535882,1693221800289,398,202,196
883,1693221800289,1692249536053,1692249536382,1693221800738,449,329,120
884,1693221800738,1692249536493,1692249536824,1693221801171,433,331,102
885,1693221801171,1692249536911,1692249537251,1693221801594,423,340,83
886,1693221801594,1692249537331,1692249537705,1693221802048,454,374,80
887,1693221802048,1692249537811,1692249538087,1693221802455,407,276,131
888,1693221802455,1692249538205,1692249538581,1693221802942,487,376,111
889,1693221802942,1692249538690,1692249539034,1693221803383,441,344,97
890,1693221803383,1692249539127,1692249539433,1693221803793,410,306,104
891,1693221803793,1692249539534,1692249539848,1693221804203,410,314,96
892,1693221804203,1692249539926,1692249540313,1693221804651,448,387,61
893,1693221804651,1692249540400,1692249540716,1693221805089,438,316,122
894,1693221805089,1692249540840,1692249541194,1693221805556,467,354,113
895,1693221805556,1692249541308,1692249541627,1693221805985,429,319,110
896,1693221805986,1692249541731,1692249542080,1693221806454,468,349,119
897,1693221806454,1692249542196,1692249542526,1693221806857,403,330,73
898,1693221806857,1692249542592,1692249542967,1693221807319,462,375,87
899,1693221807319,1692249543080,1692249543379,1693221807757,438,299,139
900,1693221807757,1692249543533,1692249543740,1693221808126,369,207,162
901,1693221808126,1692249543869,1692249544230,1693221808584,458,361,97
902,1693221808584,1692249544322,1692249544789,1693221809221,637,467,170
903,1693221809221,1692249544977,1692249545322,1693221809736,515,345,170
904,1693221809736,1692249545515,1692249545734,1693221810114,378,219,159
905,1693221810114,1692249545860,1692249546128,1693221810471,357,268,89
906,1693221810471,1692249546215,1692249546438,1693221810776,305,223,82
907,1693221810776,1692249546506,1692249546752,1693221811079,303,246,57
908,1693221811079,1692249546832,1692249547199,1693221811548,469,367,102
909,1693221811548,1692249547308,1692249547552,1693221811918,370,244,126
910,1693221811918,1692249547678,1692249547954,1693221812365,447,276,171
911,1693221812365,1692249548121,1692249548527,1693221812881,516,406,110
912,1693221812881,1692249548631,1692249548939,1693221813295,414,308,106
913,1693221813295,1692249549030,1692249549468,1693221813831,536,438,98
914,1693221813831,1692249549571,1692249549947,1693221814343,512,376,136
915,1693221814343,1692249550114,1692249550408,1693221814764,421,294,127
916,1693221814764,1692249550499,1692249550768,1693221815149,385,269,116
917,1693221815150,1692249550912,1692249551197,1693221815582,432,285,147
918,1693221815582,1692249551326,1692249551750,1693221816181,599,424,175
919,1693221816357,1692249552138,1692249552519,1693221816921,564,381,183
920,1693221816921,1692249552664,1692249553069,1693221817427,506,405,101
921,1693221817427,1692249553197,1692249553707,1693221818150,723,510,213
922,1693221818150,1692249553929,1692249554384,1693221818764,614,455,159
923,1693221818764,1692249554496,1692249555081,1693221819414,650,585,65
924,1693221819414,1692249555182,1692249555608,1693221819994,580,426,154
925,1693221819994,1692249555788,1692249556200,1693221820548,554,412,142
926,1693221820548,1692249556291,1692249556882,1693221821233,685,591,94
927,1693221821233,1692249557018,1692249557531,1693221821949,716,513,203
928,1693221821949,1692249557722,1692249558151,1693221822517,568,429,139
929,1693221822517,1692249558295,1692249558800,1693221823168,651,505,146
930,1693221823168,1692249558932,1692249559488,1693221823849,681,556,125
931,1693221823849,1692249559615,1692249560139,1693221824502,653,524,129
932,1693221824502,1692249560259,1692249560720,1693221825085,583,461,122
933,1693221825085,1692249560806,1692249560938,1693221825239,154,132,22
934,1693221825239,1692249561002,1692249561559,1693221825922,683,557,126
935,1693221825922,1692249561670,1692249562125,1693221826535,613,455,158
936,1693221826535,1692249562288,1692249562962,1693221827384,849,674,175
937,1693221827384,1692249563174,1692249563449,1693221827826,442,275,167
938,1693221827826,1692249563588,1692249563909,1693221828289,463,321,142
939,1693221828289,1692249564036,1692249564563,1693221828920,631,527,104
940,1693221828920,1692249564676,1692249565113,1693221829476,556,437,119
941,1693221829476,1692249565227,1692249565665,1693221830039,563,438,125
942,1693221830039,1692249565786,1692249566214,1693221830580,541,428,113
943,1693221830580,1692249566326,1692249566878,1693221831226,646,552,94
944,1693221831226,1692249566993,1692249567560,1693221831945,719,567,152
945,1693221831945,1692249567686,1692249568374,1693221832785,840,688,152
946,1693221832785,1692249568521,1692249568913,1693221833271,486,392,94
947,1693221833271,1692249569012,1692249569422,1693221833773,502,410,92
948,1693221833773,1692249569508,1692249570105,1693221834449,676,597,79
949,1693221834449,1692249570191,1692249570840,1693221835196,747,649,98
950,1693221835196,1692249570953,1692249571286,1693221835657,461,333,128
951,1693221835657,1692249571415,1692249571710,1693221836090,433,295,138
952,1693221836090,1692249571833,1692249572337,1693221836676,586,504,82
953,1693221836677,1692249572442,1692249572897,1693221837295,618,455,163
954,1693221837295,1692249573036,1692249573614,1693221837954,659,578,81
955,1693221837954,1692249573718,1692249574213,1693221838587,633,495,138
956,1693221838587,1692249574347,1692249574796,1693221839154,567,449,118
957,1693221839154,1692249574910,1692249575557,1693221839913,759,647,112
958,1693221839913,1692249575666,1692249576157,1693221840521,608,491,117
959,1693221840521,1692249576271,1692249576670,1693221841025,504,399,105
960,1693221841025,1692249576779,1692249577316,1693221841677,652,537,115
961,1693221841677,1692249577432,1692249577847,1693221842216,539,415,124
962,1693221842216,1692249577981,1692249578312,1693221842692,476,331,145
963,1693221842692,1692249578432,1692249578913,1693221843260,568,481,87
964,1693221843260,1692249579008,1692249579500,1693221843843,583,492,91
965,1693221843843,1692249579576,1692249580066,1693221844425,582,490,92
966,1693221844425,1692249580166,1692249580498,1693221844860,435,332,103
967,1693221844860,1692249580594,1692249581042,1693221845377,517,448,69
968,1693221845377,1692249581139,1692249581538,1693221845896,519,399,120
969,1693221845896,1692249581654,1692249582048,1693221846408,512,394,118
970,1693221846414,1692249582167,1692249582508,1693221846853,439,341,98
971,1693221846853,1692249582593,1692249582988,1693221847329,476,395,81
972,1693221847329,1692249583081,1692249583370,1693221847729,400,289,111
973,1693221847729,1692249583481,1692249583730,1693221848099,370,249,121
974,1693221848099,1692249583866,1692249584103,1693221848474,375,237,138
975,1693221848474,1692249584213,1692249584587,1693221848935,461,374,87
976,1693221848935,1692249584681,1692249585023,1693221849377,442,342,100
977,1693221849377,1692249585126,1692249585498,1693221849861,484,372,112
978,1693221849861,1692249585613,1692249585884,1693221850255,394,271,123
979,1693221850255,1692249586012,1692249586269,1693221850629,374,257,117
980,1693221850629,1692249586381,1692249586668,1693221851035,406,287,119
981,1693221851035,1692249586784,1692249587117,1693221851475,440,333,107
982,1693221851475,1692249587216,1692249587583,1693221851944,469,367,102
983,1693221851944,1692249587694,1692249587962,1693221852323,379,268,111
984,1693221852323,1692249588073,1692249588366,1693221852738,415,293,122
985,1693221852738,1692249588503,1692249588782,1693221853148,410,279,131
986,1693221853148,1692249588904,1692249589175,1693221853560,412,271,141
987,1693221853560,1692249589298,1692249589618,1693221853957,397,320,77
988,1693221853957,1692249589696,1692249590116,1693221854463,506,420,86
989,1693221854463,1692249590214,1692249590495,1693221854857,394,281,113
990,1693221854857,1692249590620,1692249590882,1693221855245,388,262,126
991,1693221855245,1692249590973,1692249591355,1693221855697,452,382,70
992,1693221855697,1692249591440,1692249591832,1693221856180,483,392,91
993,1693221856180,1692249591913,1692249592277,1693221856627,447,364,83
994,1693221856627,1692249592363,1692249592708,1693221857056,429,345,84
995,1693221857056,1692249592802,1692249593133,1693221857492,436,331,105
996,1693221857492,1692249593288,1692249593503,1693221857963,471,215,256
997,1693221857963,1692249593708,1692249594074,1693221858421,458,366,92
998,1693221858421,1692249594191,1692249594452,1693221858821,400,261,139
999,1693221858821,1692249594563,1692249594899,1693221859278,457,336,121
1000,1693221859279,1692249595034,1692249595350,1693221859701,422,316,106
1001,1693221859701,1692249595488,1692249595695,1693221860086,385,207,178
1002,1693221860087,1692249595886,1692249596107,1693221860481,394,221,173
1003,1693221860481,1692249596254,1692249596458,1693221860841,360,204,156
1004,1693221860841,1692249596603,1692249596956,1693221861317,476,353,123
1005,1693221861317,1692249597065,1692249597428,1693221861773,456,363,93
1006,1693221861773,1692249597530,1692249597811,1693221862171,398,281,117
1007,1693221862171,1692249597912,1692249598305,1693221862648,477,393,84
1008,1693221862648,1692249598402,1692249598754,1693221863105,457,352,105
1009,1693221863105,1692249598858,1692249599281,1693221863634,529,423,106
1010,1693221863634,1692249599389,1692249599731,1693221864092,458,342,116
1011,1693221864092,1692249599852,1692249600153,1693221864523,431,301,130
1012,1693221864523,1692249600264,1692249600594,1693221864941,418,330,88
1013,1693221864941,1692249600677,1692249601095,1693221865442,501,418,83
1014,1693221865442,1692249601202,1692249601439,1693221865862,420,237,183
1015,1693221865862,1692249601596,1692249601880,1693221866225,363,284,79
1016,1693221866226,1692249601981,1692249602356,1693221866705,479,375,104
1017,1693221866705,1692249602457,1692249602825,1693221867180,475,368,107
1018,1693221867180,1692249602963,1692249603229,1693221867624,444,266,178
1019,1693221867624,1692249603383,1692249603777,1693221868133,509,394,115
1020,1693221868133,1692249603888,1692249604219,1693221868575,442,331,111
1021,1693221868575,1692249604319,1692249604673,1693221869027,452,354,98
1022,1693221869028,1692249604776,1692249605077,1693221869435,407,301,106
1023,1693221869435,1692249605175,1692249605478,1693221869845,410,303,107
1024,1693221869845,1692249605582,1692249606007,1693221870359,514,425,89
1025,1693221870359,1692249606100,1692249606329,1693221870772,413,229,184
1026,1693221870772,1692249606496,1692249606796,1693221871126,354,300,54
1027,1693221871126,1692249606886,1692249607187,1693221871556,430,301,129
1028,1693221871556,1692249607320,1692249607599,1693221871965,409,279,130
1029,1693221871966,1692249607731,1692249607987,1693221872360,394,256,138
1030,1693221872360,1692249608117,1692249608469,1693221872824,464,352,112
1031,1693221872825,1692249608592,1692249608895,1693221873260,435,303,132
1032,1693221873260,1692249608998,1692249609411,1693221873835,575,413,162
1033,1693221873835,1692249609601,1692249609958,1693221874313,478,357,121
1034,1693221874313,1692249610071,1692249610438,1693221874786,473,367,106
1035,1693221874786,1692249610532,1692249610940,1693221875295,509,408,101
1036,1693221875295,1692249611021,1692249611350,1693221875684,389,329,60
1037,1693221875684,1692249611438,1692249611811,1693221876157,473,373,100
1038,1693221876157,1692249611917,1692249612187,1693221876612,455,270,185
1039,1693221876788,1692249612552,1692249613098,1693221877463,675,546,129
1040,1693221877463,1692249613227,1692249613603,1693221877975,512,376,136
1041,1693221877975,1692249613720,1692249614069,1693221878403,428,349,79
1042,1693221878403,1692249614168,1692249614472,1693221878880,477,304,173
1043,1693221878881,1692249614631,1692249615043,1693221879396,515,412,103
1044,1693221879396,1692249615159,1692249615411,1693221879781,385,252,133
1045,1693221879782,1692249615533,1692249616024,1693221880388,606,491,115
1046,1693221880388,1692249616129,1692249616504,1693221880914,526,375,151
1047,1693221880914,1692249616648,1692249616991,1693221881330,416,343,73
1048,1693221881330,1692249617116,1692249617457,1693221881838,508,341,167
1049,1693221881839,1692249617579,1692249618184,1693221882544,705,605,100
1050,1693221882544,1692249618290,1692249618796,1693221883147,603,506,97
1051,1693221883147,1692249618900,1692249619229,1693221883584,437,329,108
1052,1693221883584,1692249619324,1692249619659,1693221884003,419,335,84
1053,1693221884003,1692249619764,1692249620279,1693221884631,628,515,113
1054,1693221884631,1692249620371,1692249620883,1693221885227,596,512,84
1055,1693221885227,1692249620971,1692249621298,1693221885660,433,327,106
1056,1693221885660,1692249621402,1692249621866,1693221886224,564,464,100
1057,1693221886224,1692249621987,1692249622438,1693221886854,630,451,179
1058,1693221886854,1692249622590,1692249622939,1693221887586,732,349,383
1059,1693221887586,1692249623366,1692249623839,1693221888260,674,473,201
1060,1693221888260,1692249624013,1692249624418,1693221888785,525,405,120
1061,1693221888785,1692249624545,1692249625115,1693221889477,692,570,122
1062,1693221889477,1692249625231,1692249625799,1693221890146,669,568,101
1063,1693221890146,1692249625912,1692249626465,1693221890801,655,553,102
1064,1693221890801,1692249626554,1692249627054,1693221891408,607,500,107
1065,1693221891408,1692249627161,1692249627572,1693221891936,528,411,117
1066,1693221891936,1692249627691,1692249628072,1693221892431,495,381,114
1067,1693221892431,1692249628196,1692249628559,1693221892918,487,363,124
1068,1693221892918,1692249628665,1692249629026,1693221893391,473,361,112
1069,1693221893391,1692249629167,1692249629569,1693221893934,543,402,141
1070,1693221893934,1692249629670,1692249630040,1693221894358,424,370,54
1071,1693221894358,1692249630103,1692249630521,1693221894876,518,418,100
1072,1693221894876,1692249630638,1692249631006,1693221895463,587,368,219
1073,1693221895463,1692249631195,1692249631588,1693221895923,460,393,67
1074,1693221895923,1692249631662,1692249632030,1693221896370,447,368,79
1075,1693221896370,1692249632117,1692249632627,1693221896985,615,510,105
1076,1693221896985,1692249632750,1692249633104,1693221897475,490,354,136
1077,1693221897475,1692249633211,1692249633706,1693221898048,573,495,78
1078,1693221898048,1692249633782,1692249634344,1693221898697,649,562,87
1079,1693221898697,1692249634435,1692249635004,1693221899353,656,569,87
1080,1693221899353,1692249635115,1692249635477,1693221899837,484,362,122
1081,1693221899837,1692249635568,1692249636087,1693221900432,595,519,76
1082,1693221900432,1692249636175,1692249636831,1693221901192,760,656,104
1083,1693221901192,1692249636945,1692249637402,1693221901804,612,457,155
1084,1693221901804,1692249637571,1692249637923,1693221902298,494,352,142
1085,1693221902298,1692249638034,1692249638463,1693221902830,532,429,103
1086,1693221902830,1692249638570,1692249638964,1693221903306,476,394,82
1087,1693221903306,1692249639074,1692249639497,1693221903880,574,423,151
1088,1693221903880,1692249639613,1692249639972,1693221904314,434,359,75
1089,1693221904314,1692249640073,1692249640462,1693221904823,509,389,120
1090,1693221904823,1692249640558,1692249640958,1693221905317,494,400,94
1091,1693221905317,1692249641055,1692249641639,1693221905982,665,584,81
1092,1693221905982,1692249641723,1692249642156,1693221906519,537,433,104
1093,1693221906519,1692249642270,1692249642767,1693221907130,611,497,114
1094,1693221907136,1692249642874,1692249643135,1693221907501,365,261,104
1095,1693221907501,1692249643245,1692249643619,1693221908002,501,374,127
1096,1693221908003,1692249643747,1692249644068,1693221908429,426,321,105
1097,1693221908429,1692249644180,1692249644425,1693221908786,357,245,112
1098,1693221908786,1692249644536,1692249644817,1693221909183,397,281,116
1099,1693221909183,1692249644938,1692249645260,1693221909614,431,322,109
1100,1693221909614,1692249645357,1692249645655,1693221909999,385,298,87
1101,1693221909999,1692249645743,1692249646121,1693221910464,465,378,87
1102,1693221910464,1692249646197,1692249646330,1693221910646,182,133,49
1103,1693221910646,1692249646384,1692249646736,1693221911084,438,352,86
1104,1693221911084,1692249646819,1692249647192,1693221911527,443,373,70
1105,1693221911527,1692249647272,1692249647646,1693221912001,474,374,100
1106,1693221912001,1692249647748,1692249648024,1693221912387,386,276,110
1107,1693221912387,1692249648158,1692249648441,1693221912806,419,283,136
1108,1693221912806,1692249648535,1692249648834,1693221913179,373,299,74
1109,1693221913179,1692249648923,1692249649314,1693221913667,488,391,97
1110,1693221913667,1692249649435,1692249649660,1693221914042,375,225,150
1111,1693221914042,1692249649792,1692249650095,1693221914455,413,303,110
1112,1693221914455,1692249650225,1692249650505,1693221914869,414,280,134
1113,1693221914869,1692249650625,1692249650992,1693221915341,472,367,105
1114,1693221915341,1692249651095,1692249651383,1693221915832,491,288,203
1115,1693221915832,1692249651593,1692249651829,1693221916199,367,236,131
1116,1693221916199,1692249651953,1692249652317,1693221916757,558,364,194
1117,1693221916757,1692249652500,1692249652896,1693221917409,652,396,256
1118,1693221917409,1692249653165,1692249653472,1693221917847,438,307,131
1119,1693221917847,1692249653583,1692249653969,1693221918312,465,386,79
1120,1693221918312,1692249654052,1692249654460,1693221918885,573,408,165
1121,1693221918885,1692249654627,1692249655038,1693221919399,514,411,103
1122,1693221919399,1692249655176,1692249655579,1693221919939,540,403,137
1123,1693221919939,1692249655684,1692249655930,1693221920300,361,246,115
1124,1693221920301,1692249656061,1692249656335,1693221920735,434,274,160
1125,1693221920735,1692249656480,1692249656880,1693221921232,497,400,97
1126,1693221921232,1692249656981,1692249657288,1693221921671,439,307,132
1127,1693221921671,1692249657421,1692249657714,1693221922060,389,293,96
1128,1693221922060,1692249657815,1692249658161,1693221922523,463,346,117
1129,1693221922523,1692249658267,1692249658654,1693221923001,478,387,91
1130,1693221923001,1692249658763,1692249659051,1693221923391,390,288,102
1131,1693221923391,1692249659146,1692249659419,1693221923772,381,273,108
1132,1693221923772,1692249659502,1692249659904,1693221924246,474,402,72
1133,1693221924246,1692249659993,1692249660380,1693221924717,471,387,84
1134,1693221924718,1692249660458,1692249660872,1693221925242,524,414,110
1135,1693221925242,1692249660990,1692249661278,1693221925645,403,288,115
1136,1693221925645,1692249661387,1692249661773,1693221926142,497,386,111
1137,1693221926142,1692249661878,1692249662239,1693221926595,453,361,92
1138,1693221926595,1692249662330,1692249662579,1693221926900,305,249,56
1139,1693221926900,1692249662649,1692249662959,1693221927315,415,310,105
1140,1693221927315,1692249663065,1692249663400,1693221927764,449,335,114
1141,1693221927764,1692249663516,1692249663820,1693221928181,417,304,113
1142,1693221928181,1692249663930,1692249664253,1693221928613,432,323,109
1143,1693221928613,1692249664370,1692249664594,1693221929048,435,224,211
1144,1693221929048,1692249664803,1692249665105,1693221929464,416,302,114
1145,1693221929464,1692249665207,1692249665484,1693221929866,402,277,125
1146,1693221929866,1692249665601,1692249666073,1693221930421,555,472,83
1147,1693221930422,1692249666175,1692249666534,1693221930878,456,359,97
1148,1693221930878,1692249666642,1692249666881,1693221931261,383,239,144
1149,1693221931261,1692249667001,1692249667354,1693221931789,528,353,175
1150,1693221931789,1692249667562,1692249667880,1693221932240,451,318,133
1151,1693221932240,1692249667985,1692249668283,1693221932623,383,298,85
1152,1693221932623,1692249668390,1692249668700,1693221933061,438,310,128
1153,1693221933061,1692249668826,1692249669140,1693221933543,482,314,168
1154,1693221933543,1692249669291,1692249669628,1693221933985,442,337,105
1155,1693221933985,1692249669770,1692249669981,1693221934363,378,211,167
1156,1693221934363,1692249670123,1692249670396,1693221934764,401,273,128
1157,1693221934764,1692249670494,1692249670755,1693221935074,310,261,49
1158,1693221935075,1692249670836,1692249671079,1693221935441,366,243,123
1159,1693221935441,1692249671228,1692249671489,1693221935916,475,261,214
1160,1693221935916,1692249671661,1692249671966,1693221936323,407,305,102
1161,1693221936323,1692249672079,1692249672427,1693221936817,494,348,146
1162,1693221936817,1692249672572,1692249672871,1693221937335,518,299,219
1163,1693221937512,1692249673256,1692249673757,1693221938111,599,501,98
1164,1693221938111,1692249673854,1692249674363,1693221938704,593,509,84
1165,1693221938704,1692249674438,1692249674863,1693221939223,519,425,94
1166,1693221939223,1692249674977,1692249675430,1693221939796,573,453,120
1167,1693221939796,1692249675541,1692249675977,1693221940328,532,436,96
1168,1693221940328,1692249676093,1692249676491,1693221940887,559,398,161
1169,1693221940887,1692249676639,1692249677080,1693221941437,550,441,109
1170,1693221941437,1692249677189,1692249677664,1693221942026,589,475,114
1171,1693221942026,1692249677784,1692249678272,1693221942653,627,488,139
1172,1693221942653,1692249678387,1692249678766,1693221943119,466,379,87
1173,1693221943119,1692249678866,1692249679449,1693221943820,701,583,118
1174,1693221943820,1692249679580,1692249680046,1693221944413,593,466,127
1175,1693221944413,1692249680172,1692249680483,1693221944908,495,311,184
1176,1693221944908,1692249680639,1692249681310,1693221945663,755,671,84
1177,1693221945663,1692249681403,1692249681787,1693221946143,480,384,96
1178,1693221946143,1692249681896,1692249682368,1693221946729,586,472,114
1179,1693221946729,1692249682484,1692249682944,1693221947402,673,460,213
1180,1693221947402,1692249683172,1692249683731,1693221948183,781,559,222
1181,1693221948183,1692249683928,1692249684383,1693221948802,619,455,164
1182,1693221948802,1692249684538,1692249684900,1693221949231,429,362,67
1183,1693221949231,1692249684979,1692249685654,1693221950098,867,675,192
1184,1693221950098,1692249685833,1692249686559,1693221950923,825,726,99
1185,1693221950923,1692249686675,1692249687051,1693221951422,499,376,123
1186,1693221951432,1692249687187,1692249687757,1693221952087,655,570,85
1187,1693221952087,1692249687836,1692249688246,1693221952600,513,410,103
1188,1693221952600,1692249688347,1692249688690,1693221953068,468,343,125
1189,1693221953068,1692249688818,1692249689261,1693221953623,555,443,112
1190,1693221953623,1692249689385,1692249689788,1693221954157,534,403,131
1191,1693221954157,1692249689906,1692249690326,1693221954704,547,420,127
1192,1693221954704,1692249690447,1692249690830,1693221955198,494,383,111
1193,1693221955199,1692249690950,1692249691479,1693221955831,632,529,103
1194,1693221955831,1692249691587,1692249692057,1693221956426,595,470,125
1195,1693221956426,1692249692160,1692249692559,1693221956890,464,399,65
1196,1693221956890,1692249692648,1692249693134,1693221957504,614,486,128
1197,1693221957504,1692249693252,1692249693678,1693221958022,518,426,92
1198,1693221958022,1692249693762,1692249694065,1693221958434,412,303,109
1199,1693221958434,1692249694184,1692249694655,1693221959054,620,471,149
1200,1693221959054,1692249694801,1692249695422,1693221959867,813,621,192
1201,1693221959867,1692249695639,1692249695974,1693221960345,478,335,143
1202,1693221960345,1692249696125,1692249696415,1693221960791,446,290,156
1203,1693221960791,1692249696550,1692249697027,1693221961393,602,477,125
1204,1693221961393,1692249697131,1692249697635,1693221961974,581,504,77
1205,1693221961974,1692249697719,1692249698192,1693221962556,582,473,109
1206,1693221962556,1692249698304,1692249698639,1693221962988,432,335,97
1207,1693221962988,1692249698759,1692249699164,1693221963532,544,405,139
1208,1693221963532,1692249699274,1692249699640,1693221963993,461,366,95
1209,1693221963993,1692249699745,1692249700219,1693221964640,647,474,173
1210,1693221964640,1692249700420,1692249700810,1693221965184,544,390,154
1211,1693221965184,1692249700933,1692249701470,1693221965909,725,537,188
1212,1693221965909,1692249701659,1692249702428,1693221966798,889,769,120
1213,1693221966798,1692249702542,1692249703062,1693221967423,625,520,105
1214,1693221967423,1692249703154,1692249703405,1693221967763,340,251,89
1215,1693221967770,1692249703533,1692249703768,1693221968145,375,235,140
1216,1693221968145,1692249703887,1692249704178,1693221968522,377,291,86
1217,1693221968522,1692249704298,1692249704607,1693221968976,454,309,145
1218,1693221968976,1692249704739,1692249704962,1693221969351,375,223,152
1219,1693221969351,1692249705101,1692249705367,1693221969733,382,266,116
1220,1693221969733,1692249705483,1692249705860,1693221970205,472,377,95
1221,1693221970205,1692249705972,1692249706206,1693221970580,375,234,141
1222,1693221970580,1692249706335,1692249706645,1693221971018,438,310,128
1223,1693221971018,1692249706784,1692249707011,1693221971388,370,227,143
1224,1693221971388,1692249707132,1692249707546,1693221971894,506,414,92
1225,1693221971894,1692249707633,1692249708013,1693221972451,557,380,177
1226,1693221972451,1692249708195,1692249708535,1693221972887,436,340,96
1227,1693221972887,1692249708653,1692249708903,1693221973288,401,250,151
1228,1693221973288,1692249709051,1692249709313,1693221973689,401,262,139
1229,1693221973689,1692249709431,1692249709828,1693221974190,501,397,104
1230,1693221974190,1692249709931,1692249710335,1693221974706,516,404,112
1231,1693221974707,1692249710475,1692249710698,1693221975080,373,223,150
1232,1693221975080,1692249710821,1692249711163,1693221975524,444,342,102
1233,1693221975524,1692249711274,1692249711641,1693221976018,494,367,127
1234,1693221976018,1692249711749,1692249712087,1693221976430,412,338,74
1235,1693221976430,1692249712190,1692249712440,1693221976875,445,250,195
1236,1693221976875,1692249712621,1692249712986,1693221977345,470,365,105
1237,1693221977345,1692249713105,1692249713334,1693221977710,365,229,136
1238,1693221977710,1692249713465,1692249713853,1693221978282,572,388,184
1239,1693221978282,1692249714033,1692249714381,1693221978824,542,348,194
1240,1693221978824,1692249714584,1692249714913,1693221979262,438,329,109
1241,1693221979262,1692249715037,1692249715298,1693221979734,472,261,211
1242,1693221979734,1692249715475,1692249715900,1693221980265,531,425,106
1243,1693221980266,1692249716024,1692249716305,1693221980766,500,281,219
1244,1693221980766,1692249716497,1692249716883,1693221981236,470,386,84
1245,1693221981236,1692249716993,1692249717318,1693221981786,550,325,225
1246,1693221981786,1692249717534,1692249717947,1693221982297,511,413,98
1247,1693221982297,1692249718043,1692249718404,1693221982788,491,361,130
1248,1693221982788,1692249718538,1692249718899,1693221983255,467,361,106
1249,1693221983255,1692249718998,1692249719185,1693221983498,243,187,56
1250,1693221983498,1692249719257,1692249719590,1693221983956,458,333,125
1251,1693221983956,1692249719708,1692249719984,1693221984318,362,276,86
1252,1693221984318,1692249720065,1692249720454,1693221984810,492,389,103
1253,1693221984810,1692249720574,1692249720814,1693221985186,376,240,136
1254,1693221985186,1692249720932,1692249721287,1693221985643,457,355,102
1255,1693221985643,1692249721381,1692249721646,1693221986013,370,265,105
1256,1693221986013,1692249721789,1692249721985,1693221986383,370,196,174
1257,1693221986383,1692249722133,1692249722503,1693221986852,469,370,99
1258,1693221986852,1692249722617,1692249722901,1693221987266,414,284,130
1259,1693221987266,1692249723034,1692249723370,1693221987755,489,336,153
1260,1693221987755,1692249723549,1692249723862,1693221988236,481,313,168
1261,1693221988236,1692249723998,1692249724301,1693221988743,507,303,204
1262,1693221988743,1692249724495,1692249724853,1693221989203,460,358,102
1263,1693221989203,1692249724946,1692249725321,1693221989758,555,375,180
1264,1693221989758,1692249725519,1692249725853,1693221990256,498,334,164
1265,1693221990256,1692249726020,1692249726354,1693221990785,529,334,195
1266,1693221990785,1692249726551,1692249726917,1693221991276,491,366,125
1267,1693221991276,1692249727026,1692249727373,1693221991738,462,347,115
1268,1693221991738,1692249727505,1692249727726,1693221992109,371,221,150
1269,1693221992109,1692249727874,1692249728091,1693221992463,354,217,137
1270,1693221992463,1692249728210,1692249728529,1693221992869,406,319,87
1271,1693221992869,1692249728624,1692249728923,1693221993265,396,299,97
1272,1693221993265,1692249729036,1692249729276,1693221993656,391,240,151
1273,1693221993656,1692249729408,1692249729706,1693221994050,394,298,96
1274,1693221994050,1692249729798,1692249730050,1693221994425,375,252,123
1275,1693221994425,1692249730179,1692249730467,1693221994859,434,288,146
1276,1693221994860,1692249730628,1692249730910,1693221995291,431,282,149
1277,1693221995291,1692249731038,1692249731378,1693221995795,504,340,164
1278,1693221995795,1692249731543,1692249731878,1693221996263,468,335,133
1279,1693221996263,1692249732002,1692249732399,1693221996752,489,397,92
1280,1693221996752,1692249732503,1692249732816,1693221997182,430,313,117
1281,1693221997182,1692249732937,1692249733245,1693221997605,423,308,115
1282,1693221997605,1692249733355,1692249733649,1693221998012,407,294,113
