request_number,request_time_ms,request_received_time_ms,response_time_ms,response_received_time_ms,end_to_end_latency,compute_time,transmission_time
1,1693237636474,1692265372416,1692265372591,1693237636724,250,175,75
2,1693237636724,1692265372734,1692265372904,1693237637037,313,170,143
3,1693237637037,1692265372946,1692265373116,1693237637345,308,170,138
4,1693237637345,1692265373249,1692265373419,1693237637552,207,170,37
5,1693237637552,1692265373497,1692265373666,1693237637798,246,169,77
6,1693237637798,1692265373703,1692265373868,1693237638000,202,165,37
7,1693237638000,1692265373920,1692265374083,1693237638390,390,163,227
8,1693237638390,1692265374276,1692265374437,1693237638569,179,161,18
9,1693237638569,1692265374472,1692265374633,1693237638784,215,161,54
10,1693237638784,1692265374694,1692265374858,1693237638999,215,164,51
11,1693237638999,1692265374905,1692265375068,1693237639199,200,163,37
12,1693237639199,1692265375359,1692265375521,1693237639671,472,162,310
13,1693237639671,1692265375578,1692265375740,1693237639871,200,162,38
14,1693237639871,1692265375783,1692265375948,1693237640125,254,165,89
15,1693237640125,1692265376376,1692265376540,1693237640672,547,164,383
16,1693237640672,1692265376581,1692265376744,1693237640882,210,163,47
17,1693237640882,1692265376808,1692265376970,1693237641101,219,162,57
18,1693237641101,1692265377000,1692265377163,1693237641301,200,163,37
19,1693237641301,1692265377416,1692265377580,1693237641711,410,164,246
20,1693237641711,1692265377619,1692265377782,1693237641929,218,163,55
21,1693237641930,1692265377840,1692265378003,1693237642144,214,163,51
22,1693237642144,1692265378067,1692265378231,1693237642362,218,164,54
23,1693237642362,1692265378506,1692265378671,1693237642820,458,165,293
24,1693237642820,1692265378729,1692265378891,1693237643022,202,162,40
25,1693237643022,1692265378918,1692265379080,1693237643211,189,162,27
26,1693237643211,1692265379145,1692265379309,1693237643633,422,164,258
27,1693237643633,1692265379534,1692265379697,1693237643828,195,163,32
28,1693237643828,1692265379760,1692265379923,1693237644055,227,163,64
29,1693237644055,1692265379975,1692265380140,1693237644272,217,165,52
30,1693237644272,1692265380233,1692265380397,1693237644682,410,164,246
31,1693237644682,1692265380583,1692265380745,1693237644876,194,162,32
32,1693237644876,1692265380825,1692265380988,1693237645119,243,163,80
33,1693237645119,1692265381014,1692265381177,1693237645308,189,163,26
34,1693237645308,1692265381217,1692265381379,1693237645510,202,162,40
35,1693237645510,1692265381620,1692265381781,1693237645912,402,161,241
36,1693237645912,1692265381887,1692265382050,1693237646182,270,163,107
37,1693237646182,1692265382109,1692265382272,1693237646411,229,163,66
38,1693237646411,1692265382328,1692265382490,1693237646780,369,162,207
39,1693237646780,1692265382694,1692265382857,1693237646988,208,163,45
40,1693237646988,1692265382917,1692265383080,1693237647226,238,163,75
41,1693237647226,1692265383136,1692265383301,1693237647432,206,165,41
42,1693237647432,1692265383333,1692265383494,1693237647828,396,161,235
43,1693237647828,1692265383769,1692265383935,1693237648068,240,166,74
44,1693237648068,1692265383970,1692265384132,1693237648264,196,162,34
45,1693237648264,1692265384198,1692265384362,1693237648493,229,164,65
46,1693237648493,1692265384421,1692265384586,1693237648878,385,165,220
47,1693237648878,1692265384783,1692265384947,1693237649081,203,164,39
48,1693237649081,1692265385021,1692265385184,1693237649316,235,163,72
49,1693237649316,1692265385274,1692265385438,1693237649569,253,164,89
50,1693237649569,1692265385497,1692265385659,1693237649924,355,162,193
51,1693237649925,1692265385820,1692265385983,1693237650115,190,163,27
52,1693237650116,1692265386035,1692265386200,1693237650344,228,165,63
53,1693237650345,1692265386235,1692265386398,1693237650529,184,163,21
54,1693237650529,1692265386434,1692265386597,1693237650730,201,163,38
55,1693237650730,1692265386637,1692265386800,1693237650974,244,163,81
56,1693237650974,1692265386903,1692265387067,1693237651198,224,164,60
57,1693237651198,1692265387092,1692265387259,1693237651390,192,167,25
58,1693237651390,1692265387297,1692265387460,1693237651591,201,163,38
59,1693237651591,1692265387493,1692265387655,1693237651786,195,162,33
60,1693237651786,1692265387959,1692265388124,1693237652256,470,165,305
61,1693237652256,1692265388291,1692265388454,1693237652585,329,163,166
62,1693237652585,1692265388486,1692265388649,1693237652780,195,163,32
63,1693237652780,1692265388687,1692265388848,1693237653072,292,161,131
64,1693237653072,1692265388973,1692265389135,1693237653266,194,162,32
65,1693237653266,1692265389171,1692265389334,1693237653465,199,163,36
66,1693237653465,1692265389413,1692265389578,1693237653709,244,165,79
67,1693237653709,1692265389609,1692265389770,1693237654120,411,161,250
68,1693237654120,1692265390043,1692265390206,1693237654337,217,163,54
69,1693237654337,1692265390225,1692265390386,1693237654518,181,161,20
70,1693237654519,1692265390419,1692265390580,1693237654723,204,161,43
71,1693237654723,1692265390629,1692265390792,1693237654924,201,163,38
72,1693237654924,1692265391070,1692265391233,1693237655365,441,163,278
73,1693237655365,1692265391289,1692265391453,1693237655584,219,164,55
74,1693237655584,1692265391553,1692265391718,1693237655856,272,165,107
75,1693237655856,1692265391755,1692265391916,1693237656216,360,161,199
76,1693237656216,1692265392138,1692265392300,1693237656431,215,162,53
77,1693237656431,1692265392352,1692265392517,1693237656649,218,165,53
78,1693237656649,1692265392577,1692265392742,1693237656874,225,165,60
79,1693237656874,1692265392812,1692265392976,1693237657265,391,164,227
80,1693237657265,1692265393184,1692265393346,1693237657477,212,162,50
81,1693237657477,1692265393394,1692265393557,1693237657688,211,163,48
82,1693237657688,1692265393640,1692265393803,1693237657934,246,163,83
83,1693237657934,1692265393870,1692265394033,1693237658316,382,163,219
84,1693237658316,1692265394301,1692265394466,1693237658597,281,165,116
85,1693237658597,1692265394606,1692265394769,1693237658900,303,163,140
86,1693237658900,1692265394829,1692265394991,1693237659122,222,162,60
87,1693237659122,1692265395269,1692265395435,1693237659566,444,166,278
88,1693237659566,1692265395501,1692265395665,1693237659796,230,164,66
89,1693237659796,1692265395711,1692265395873,1693237660004,208,162,46
90,1693237660004,1692265395928,1692265396092,1693237660411,407,164,243
91,1693237660411,1692265396348,1692265396510,1693237660641,230,162,68
92,1693237660641,1692265396561,1692265396723,1693237660854,213,162,51
93,1693237660854,1692265396815,1692265396978,1693237661109,255,163,92
94,1693237661109,1692265397042,1692265397204,1693237661462,353,162,191
95,1693237661462,1692265397389,1692265397551,1693237661689,227,162,65
96,1693237661689,1692265397605,1692265397768,1693237661899,210,163,47
97,1693237661900,1692265397841,1692265398005,1693237662143,243,164,79
98,1693237662143,1692265398099,1692265398264,1693237662508,365,165,200
99,1693237662508,1692265398475,1692265398639,1693237662770,262,164,98
100,1693237662770,1692265398829,1692265398992,1693237663123,353,163,190
101,1693237663124,1692265399038,1692265399200,1693237663331,207,162,45
102,1693237663331,1692265399458,1692265399621,1693237663752,421,163,258
103,1693237663752,1692265399655,1692265399816,1693237663950,198,161,37
104,1693237663950,1692265399863,1692265400026,1693237664160,210,163,47
105,1693237664160,1692265400073,1692265400235,1693237664366,206,162,44
106,1693237664366,1692265400554,1692265400717,1693237664848,482,163,319
107,1693237664848,1692265400768,1692265400931,1693237665062,214,163,51
108,1693237665062,1692265400985,1692265401150,1693237665284,222,165,57
109,1693237665284,1692265401227,1692265401392,1693237665654,370,165,205
110,1693237665654,1692265401572,1692265401735,1693237665865,211,163,48
111,1693237665866,1692265401806,1692265401968,1693237666099,233,162,71
112,1693237666099,1692265402014,1692265402176,1693237666307,208,162,46
113,1693237666308,1692265402238,1692265402401,1693237666704,396,163,233
114,1693237666867,1692265402798,1692265403004,1693237667135,268,206,62
115,1693237667135,1692265403045,1692265403317,1693237667448,313,272,41
116,1693237667448,1692265403631,1692265403857,1693237667988,540,226,314
117,1693237667988,1692265403920,1692265404228,1693237668360,372,308,64
118,1693237668360,1692265404285,1692265404616,1693237668798,438,331,107
119,1693237668798,1692265404805,1692265405015,1693237669193,395,210,185
120,1693237669193,1692265405121,1692265405414,1693237669553,360,293,67
121,1693237669553,1692265405487,1692265405810,1693237669941,388,323,65
122,1693237669941,1692265405898,1692265406134,1693237670265,324,236,88
123,1693237670266,1692265406249,1692265406467,1693237670597,331,218,113
124,1693237670598,1692265406525,1692265406723,1693237670898,300,198,102
125,1693237670899,1692265406808,1692265407090,1693237671414,515,282,233
126,1693237671414,1692265407326,1692265407569,1693237671722,308,243,65
127,1693237671722,1692265407913,1692265408243,1693237672404,682,330,352
128,1693237672404,1692265408318,1692265408539,1693237672670,266,221,45
129,1693237672670,1692265408589,1692265408853,1693237672995,325,264,61
130,1693237672995,1692265409009,1692265409340,1693237673487,492,331,161
131,1693237673487,1692265409397,1692265409686,1693237673817,330,289,41
132,1693237673817,1692265409945,1692265410217,1693237674437,620,272,348
133,1693237674437,1692265410362,1692265410565,1693237674697,260,203,57
134,1693237674697,1692265410636,1692265410869,1693237675090,393,233,160
135,1693237675090,1692265411006,1692265411304,1693237675483,393,298,95
136,1693237675483,1692265411440,1692265411730,1693237675861,378,290,88
137,1693237675861,1692265411802,1692265412136,1693237676267,406,334,72
138,1693237676267,1692265412198,1692265412456,1693237676589,322,258,64
139,1693237676589,1692265412527,1692265412707,1693237676838,249,180,69
140,1693237676838,1692265412740,1692265412957,1693237677198,360,217,143
141,1693237677198,1692265413106,1692265413452,1693237677583,385,346,39
142,1693237677583,1692265413591,1692265413889,1693237678236,653,298,355
143,1693237678236,1692265414199,1692265414532,1693237678663,427,333,94
144,1693237678663,1692265414597,1692265414930,1693237679061,398,333,65
145,1693237679061,1692265415199,1692265415412,1693237679543,482,213,269
146,1693237679543,1692265415576,1692265415840,1693237679970,427,264,163
147,1693237679970,1692265415916,1692265416193,1693237680335,365,277,88
148,1693237680335,1692265416276,1692265416513,1693237680726,391,237,154
149,1693237680726,1692265416637,1692265416853,1693237680992,266,216,50
150,1693237680992,1692265416924,1692265417208,1693237681382,390,284,106
151,1693237681382,1692265417306,1692265417511,1693237681642,260,205,55
152,1693237681642,1692265417774,1692265418053,1693237682184,542,279,263
153,1693237682185,1692265418328,1692265418578,1693237682708,523,250,273
154,1693237682709,1692265418718,1692265418905,1693237683036,327,187,140
155,1693237683036,1692265418938,1692265419147,1693237683506,470,209,261
156,1693237683506,1692265419406,1692265419627,1693237683758,252,221,31
157,1693237683758,1692265419781,1692265420127,1693237684257,499,346,153
158,1693237684257,1692265420421,1692265420725,1693237684919,662,304,358
159,1693237684919,1692265420875,1692265421224,1693237685576,657,349,308
160,1693237685576,1692265421511,1692265421736,1693237685867,291,225,66
161,1693237685867,1692265421847,1692265422109,1693237686240,373,262,111
162,1693237686240,1692265422150,1692265422419,1693237686630,390,269,121
163,1693237686630,1692265422550,1692265422802,1693237687017,387,252,135
164,1693237687017,1692265422944,1692265423284,1693237687673,656,340,316
165,1693237687673,1692265423597,1692265423885,1693237688064,391,288,103
166,1693237688064,1692265424010,1692265424181,1693237688312,248,171,77
167,1693237688312,1692265424223,1692265424412,1693237688721,409,189,220
168,1693237688721,1692265424632,1692265424857,1693237688988,267,225,42
169,1693237688988,1692265425007,1692265425297,1693237689427,439,290,149
170,1693237689427,1692265425335,1692265425570,1693237689770,343,235,108
171,1693237689770,1692265425691,1692265425960,1693237690164,394,269,125
172,1693237690164,1692265426103,1692265426452,1693237690583,419,349,70
173,1693237690583,1692265426717,1692265427045,1693237691209,626,328,298
174,1693237691209,1692265427178,1692265427415,1693237691545,336,237,99
175,1693237691545,1692265427484,1692265427665,1693237691867,322,181,141
176,1693237691867,1692265427787,1692265427958,1693237692088,221,171,50
177,1693237692088,1692265428027,1692265428329,1693237692472,384,302,82
178,1693237692472,1692265428398,1692265428654,1693237692920,448,256,192
179,1693237692920,1692265428852,1692265429082,1693237693213,293,230,63
180,1693237693213,1692265429212,1692265429401,1693237693533,320,189,131
181,1693237693533,1692265429449,1692265429717,1693237693965,432,268,164
182,1693237693965,1692265429942,1692265430290,1693237694421,456,348,108
183,1693237694421,1692265430353,1692265430664,1693237695013,592,311,281
184,1693237695013,1692265430917,1692265431153,1693237695284,271,236,35
185,1693237695284,1692265431192,1692265431364,1693237695504,220,172,48
186,1693237695505,1692265431494,1692265431699,1693237695844,339,205,134
187,1693237695844,1692265431966,1692265432177,1693237696308,464,211,253
188,1693237696308,1692265432219,1692265432414,1693237696544,236,195,41
189,1693237696545,1692265432426,1692265432689,1693237696820,275,263,12
190,1693237696820,1692265432757,1692265432920,1693237697109,289,163,126
191,1693237697118,1692265433025,1692265433188,1693237697321,203,163,40
192,1693237697321,1692265433239,1692265433402,1693237697532,211,163,48
193,1693237697532,1692265433478,1692265433641,1693237697772,240,163,77
194,1693237697772,1692265433700,1692265433863,1693237698158,386,163,223
195,1693237698158,1692265434074,1692265434236,1693237698367,209,162,47
196,1693237698367,1692265434290,1692265434452,1693237698583,216,162,54
197,1693237698583,1692265434564,1692265434728,1693237698858,275,164,111
198,1693237698858,1692265434807,1692265434971,1693237699210,352,164,188
199,1693237699210,1692265435103,1692265435264,1693237699396,186,161,25
200,1693237699396,1692265435351,1692265435514,1693237699645,249,163,86
201,1693237699645,1692265435537,1692265435698,1693237699829,184,161,23
202,1693237699829,1692265435737,1692265435900,1693237700031,202,163,39
203,1693237700031,1692265436194,1692265436357,1693237700488,457,163,294
204,1693237700488,1692265436554,1692265436717,1693237700848,360,163,197
205,1693237700848,1692265436775,1692265436938,1693237701068,220,163,57
206,1693237701069,1692265437234,1692265437397,1693237701528,459,163,296
207,1693237701528,1692265437468,1692265437632,1693237701762,234,164,70
208,1693237701762,1692265437726,1692265437890,1693237702020,258,164,94
209,1693237702020,1692265437919,1692265438082,1693237702353,333,163,170
210,1693237702353,1692265438282,1692265438444,1693237702581,228,162,66
211,1693237702581,1692265438536,1692265438700,1693237702831,250,164,86
212,1693237702831,1692265438769,1692265438931,1693237703061,230,162,68
213,1693237703061,1692265439010,1692265439173,1693237703400,339,163,176
214,1693237703400,1692265439360,1692265439523,1693237703653,253,163,90
215,1693237703653,1692265439750,1692265439914,1693237704044,391,164,227
216,1693237704044,1692265439957,1692265440120,1693237704449,405,163,242
217,1693237704449,1692265440406,1692265440568,1693237704699,250,162,88
218,1693237704699,1692265440600,1692265440764,1693237704894,195,164,31
219,1693237704894,1692265440842,1692265441005,1693237705135,241,163,78
220,1693237705135,1692265441057,1692265441219,1693237705500,365,162,203
221,1693237705500,1692265441427,1692265441590,1693237705728,228,163,65
222,1693237705728,1692265441639,1692265441802,1693237705932,204,163,41
223,1693237705932,1692265441873,1692265442037,1693237706180,248,164,84
224,1693237706180,1692265442111,1692265442277,1693237706546,366,166,200
225,1693237706546,1692265442447,1692265442608,1693237706741,195,161,34
226,1693237706741,1692265442641,1692265442803,1693237706938,197,162,35
227,1693237706938,1692265442881,1692265443044,1693237707174,236,163,73
228,1693237707174,1692265443130,1692265443293,1693237707600,426,163,263
229,1693237707600,1692265443520,1692265443683,1693237707813,213,163,50
230,1693237707813,1692265443726,1692265443889,1693237708019,206,163,43
231,1693237708019,1692265443940,1692265444104,1693237708234,215,164,51
232,1693237708234,1692265444174,1692265444338,1693237708644,410,164,246
233,1693237708644,1692265444613,1692265444778,1693237708908,264,165,99
234,1693237708908,1692265444949,1692265445111,1693237709241,333,162,171
235,1693237709241,1692265445228,1692265445391,1693237709697,456,163,293
236,1693237709698,1692265445654,1692265445818,1693237709948,250,164,86
237,1693237709948,1692265445967,1692265446131,1693237710261,313,164,149
238,1693237710261,1692265446222,1692265446385,1693237710517,256,163,93
239,1693237710517,1692265446678,1692265446841,1693237710971,454,163,291
240,1693237710971,1692265446900,1692265447064,1693237711195,224,164,60
241,1693237711195,1692265447110,1692265447273,1693237711404,209,163,46
242,1693237711404,1692265447330,1692265447493,1693237711790,386,163,223
243,1693237711791,1692265447708,1692265447870,1693237712019,228,162,66
244,1693237712019,1692265448080,1692265448244,1693237712374,355,164,191
245,1693237712375,1692265448280,1692265448443,1693237712575,200,163,37
246,1693237712575,1692265448491,1692265448654,1693237712839,264,163,101
247,1693237712839,1692265448769,1692265448933,1693237713063,224,164,60
248,1693237713063,1692265448999,1692265449162,1693237713295,232,163,69
249,1693237713295,1692265449217,1692265449379,1693237713509,214,162,52
250,1693237713509,1692265449440,1692265449603,1693237713887,378,163,215
251,1693237713887,1692265449826,1692265449989,1693237714119,232,163,69
252,1693237714119,1692265450052,1692265450215,1693237714345,226,163,63
253,1693237714345,1692265450320,1692265450482,1693237714613,268,162,106
254,1693237714614,1692265450524,1692265450687,1693237714939,325,163,162
255,1693237714939,1692265450857,1692265451020,1693237715166,227,163,64
256,1693237715166,1692265451052,1692265451212,1693237715343,177,160,17
257,1693237715343,1692265451287,1692265451450,1693237715580,237,163,74
258,1693237715581,1692265451518,1692265451681,1693237715983,402,163,239
259,1693237715983,1692265451914,1692265452076,1693237716207,224,162,62
260,1693237716207,1692265452141,1692265452304,1693237716438,231,163,68
261,1693237716438,1692265452379,1692265452541,1693237716675,237,162,75
262,1693237716675,1692265452612,1692265452774,1693237717032,357,162,195
263,1693237717032,1692265452985,1692265453148,1693237717279,247,163,84
264,1693237717279,1692265453218,1692265453382,1693237717524,245,164,81
265,1693237717524,1692265453448,1692265453612,1693237717743,219,164,55
266,1693237717743,1692265453662,1692265453826,1693237718081,338,164,174
267,1693237718081,1692265453997,1692265454160,1693237718312,231,163,68
268,1693237718312,1692265454230,1692265454394,1693237718524,212,164,48
269,1693237718524,1692265454439,1692265454602,1693237718733,209,163,46
270,1693237718733,1692265454668,1692265454832,1693237719141,408,164,244
271,1693237719141,1692265455096,1692265455260,1693237719391,250,164,86
272,1693237719391,1692265455470,1692265455633,1693237719764,373,163,210
273,1693237719764,1692265455739,1692265455902,1693237720179,415,163,252
274,1693237720179,1692265456107,1692265456269,1693237720400,221,162,59
275,1693237720400,1692265456299,1692265456462,1693237720593,193,163,30
276,1693237720593,1692265456538,1692265456701,1693237720835,242,163,79
277,1693237720835,1692265456748,1692265456910,1693237721226,391,162,229
278,1693237721226,1692265457172,1692265457336,1693237721466,240,164,76
279,1693237721466,1692265457387,1692265457550,1693237721680,214,163,51
280,1693237721680,1692265457643,1692265457806,1693237721936,256,163,93
281,1693237721937,1692265457840,1692265458002,1693237722276,339,162,177
282,1693237722276,1692265458218,1692265458380,1693237722511,235,162,73
283,1693237722511,1692265458406,1692265458567,1693237722697,186,161,25
284,1693237722697,1692265458623,1692265458786,1693237722916,219,163,56
285,1693237722916,1692265458862,1692265459025,1693237723323,407,163,244
286,1693237723323,1692265459250,1692265459413,1693237723543,220,163,57
287,1693237723543,1692265459459,1692265459622,1693237723752,209,163,46
288,1693237723752,1692265459703,1692265459866,1693237723998,246,163,83
289,1693237723999,1692265459894,1692265460055,1693237724373,374,161,213
290,1693237724373,1692265460283,1692265460445,1693237724575,202,162,40
291,1693237724575,1692265460466,1692265460629,1693237724765,190,163,27
292,1693237724765,1692265460681,1692265460845,1693237724984,219,164,55
293,1693237724984,1692265460883,1692265461045,1693237725176,192,162,30
294,1693237725176,1692265461318,1692265461481,1693237725611,435,163,272
295,1693237725611,1692265461552,1692265461716,1693237725846,235,164,71
296,1693237725846,1692265461767,1692265461930,1693237726060,214,163,51
297,1693237726060,1692265461994,1692265462157,1693237726469,409,163,246
298,1693237726469,1692265462389,1692265462551,1693237726682,213,162,51
299,1693237726682,1692265462605,1692265462767,1693237726900,218,162,56
300,1693237726900,1692265462816,1692265462978,1693237727108,208,162,46
301,1693237727108,1692265463020,1692265463182,1693237727518,410,162,248
302,1693237727680,1692265463587,1692265463877,1693237728015,335,290,45
303,1693237728015,1692265463921,1692265464256,1693237728568,553,335,218
304,1693237728568,1692265464503,1692265464816,1693237728962,394,313,81
305,1693237728962,1692265464897,1692265465197,1693237729328,366,300,66
306,1693237729328,1692265465236,1692265465444,1693237729615,287,208,79
307,1693237729615,1692265465550,1692265465807,1693237730006,391,257,134
308,1693237730006,1692265465933,1692265466167,1693237730318,312,234,78
309,1693237730319,1692265466206,1692265466524,1693237730664,345,318,27
310,1693237730664,1692265466588,1692265466834,1693237730965,301,246,55
311,1693237730965,1692265466975,1692265467217,1693237731348,383,242,141
312,1693237731348,1692265467285,1692265467471,1693237731715,367,186,181
313,1693237731715,1692265467624,1692265467839,1693237731970,255,215,40
314,1693237731970,1692265467987,1692265468221,1693237732369,399,234,165
315,1693237732370,1692265468328,1692265468549,1693237732760,390,221,169
316,1693237732760,1692265468658,1692265468909,1693237733040,280,251,29
317,1693237733040,1692265469082,1692265469314,1693237733444,404,232,172
318,1693237733444,1692265469415,1692265469750,1693237733880,436,335,101
319,1693237733880,1692265469806,1692265469995,1693237734203,323,189,134
320,1693237734203,1692265470126,1692265470461,1693237734597,394,335,59
321,1693237734597,1692265470775,1692265471116,1693237735251,654,341,313
322,1693237735252,1692265471202,1692265471535,1693237735666,414,333,81
323,1693237735666,1692265471818,1692265472125,1693237736299,633,307,326
324,1693237736299,1692265472257,1692265472517,1693237736664,365,260,105
325,1693237736664,1692265472593,1692265472778,1693237736955,291,185,106
326,1693237736955,1692265472867,1692265473080,1693237737211,256,213,43
327,1693237737211,1692265473248,1692265473585,1693237737715,504,337,167
328,1693237737715,1692265473621,1692265473907,1693237738037,322,286,36
329,1693237738037,1692265473971,1692265474233,1693237738397,360,262,98
330,1693237738397,1692265474299,1692265474511,1693237738642,245,212,33
331,1693237738642,1692265474593,1692265474932,1693237739063,421,339,82
332,1693237739063,1692265475013,1692265475348,1693237739477,414,335,79
333,1693237739477,1692265475418,1692265475683,1693237739816,339,265,74
334,1693237739816,1692265475747,1692265476001,1693237740131,315,254,61
335,1693237740131,1692265476057,1692265476348,1693237740494,363,291,72
336,1693237740494,1692265476435,1692265476656,1693237740786,292,221,71
337,1693237740786,1692265476697,1692265476865,1693237741152,366,168,198
338,1693237741153,1692265477074,1692265477361,1693237741543,390,287,103
339,1693237741543,1692265477471,1692265477696,1693237741830,287,225,62
340,1693237741830,1692265477760,1692265478029,1693237742198,368,269,99
341,1693237742198,1692265478108,1692265478317,1693237742447,249,209,40
342,1693237742448,1692265478362,1692265478545,1693237742676,228,183,45
343,1693237742676,1692265478604,1692265478933,1693237743250,574,329,245
344,1693237743250,1692265479187,1692265479380,1693237743510,260,193,67
345,1693237743510,1692265479545,1692265479854,1693237743984,474,309,165
346,1693237743984,1692265479895,1692265480072,1693237744297,313,177,136
347,1693237744297,1692265480232,1692265480451,1693237744581,284,219,65
348,1693237744581,1692265480572,1692265480762,1693237744893,312,190,122
349,1693237744893,1692265480816,1692265481025,1693237745345,452,209,243
350,1693237745345,1692265481263,1692265481521,1693237745733,388,258,130
351,1693237745733,1692265481672,1692265481874,1693237746004,271,202,69
352,1693237746004,1692265481918,1692265482267,1693237746398,394,349,45
353,1693237746398,1692265482317,1692265482656,1693237746786,388,339,49
354,1693237746786,1692265482698,1692265482967,1693237747097,311,269,42
355,1693237747097,1692265483009,1692265483226,1693237747440,343,217,126
356,1693237747440,1692265483365,1692265483704,1693237747834,394,339,55
357,1693237747834,1692265483763,1692265483934,1693237748064,230,171,59
358,1693237748064,1692265484030,1692265484364,1693237748494,430,334,96
359,1693237748494,1692265484424,1692265484695,1693237748879,385,271,114
360,1693237748879,1692265484822,1692265485051,1693237749181,302,229,73
361,1693237749181,1692265485085,1692265485381,1693237749540,359,296,63
362,1693237749540,1692265485439,1692265485618,1693237749748,208,179,29
363,1693237749748,1692265485659,1692265485936,1693237750066,318,277,41
364,1693237750066,1692265485971,1692265486270,1693237750586,520,299,221
365,1693237750587,1692265486556,1692265486813,1693237750979,392,257,135
366,1693237750979,1692265486912,1692265487101,1693237751231,252,189,63
367,1693237751231,1692265487166,1692265487471,1693237751637,406,305,101
368,1693237751637,1692265487638,1692265487852,1693237752025,388,214,174
369,1693237752025,1692265487985,1692265488160,1693237752290,265,175,90
370,1693237752291,1692265488200,1692265488457,1693237752683,392,257,135
371,1693237752683,1692265488595,1692265488841,1693237752972,289,246,43
372,1693237752972,1692265489002,1692265489222,1693237753352,380,220,160
373,1693237753352,1692265489280,1692265489598,1693237753735,383,318,65
374,1693237753735,1692265489648,1692265489841,1693237753971,236,193,43
375,1693237753972,1692265489901,1692265490126,1693237754256,284,225,59
376,1693237754256,1692265490175,1692265490445,1693237754780,524,270,254
377,1693237754780,1692265490748,1692265491081,1693237755211,431,333,98
378,1693237755211,1692265491119,1692265491458,1693237755588,377,339,38
379,1693237755588,1692265491741,1692265492031,1693237756221,633,290,343
380,1693237756221,1692265492173,1692265492372,1693237756502,281,199,82
381,1693237756502,1692265492446,1692265492694,1693237756879,377,248,129
382,1693237756879,1692265492813,1692265493034,1693237757164,285,221,64
383,1693237757164,1692265493166,1692265493449,1693237757579,415,283,132
384,1693237757579,1692265493514,1692265493697,1693237757927,348,183,165
385,1693237757934,1692265493839,1692265494001,1693237758132,198,162,36
386,1693237758132,1692265494043,1692265494207,1693237758343,211,164,47
387,1693237758343,1692265494281,1692265494445,1693237758575,232,164,68
388,1693237758575,1692265494515,1692265494679,1693237758975,400,164,236
389,1693237758975,1692265494886,1692265495049,1693237759179,204,163,41
390,1693237759179,1692265495269,1692265495433,1693237759579,400,164,236
391,1693237759579,1692265495482,1692265495645,1693237759774,195,163,32
392,1693237759775,1692265496201,1692265496364,1693237760494,719,163,556
393,1693237760494,1692265496424,1692265496588,1693237760718,224,164,60
394,1693237760719,1692265496607,1692265496769,1693237761072,353,162,191
395,1693237761072,1692265496997,1692265497160,1693237761290,218,163,55
396,1693237761290,1692265497223,1692265497386,1693237761516,226,163,63
397,1693237761516,1692265497416,1692265497578,1693237761708,192,162,30
398,1693237761708,1692265497636,1692265497800,1693237762121,413,164,249
399,1693237762121,1692265498052,1692265498217,1693237762347,226,165,61
400,1693237762347,1692265498255,1692265498418,1693237762548,201,163,38
401,1693237762548,1692265498456,1692265498617,1693237762747,199,161,38
402,1693237762747,1692265498677,1692265498840,1693237763169,422,163,259
403,1693237763170,1692265499074,1692265499235,1693237763367,197,161,36
404,1693237763367,1692265499290,1692265499453,1693237763583,216,163,53
405,1693237763583,1692265499486,1692265499648,1693237763778,195,162,33
406,1693237763778,1692265499687,1692265499849,1693237763979,201,162,39
407,1693237763979,1692265500096,1692265500260,1693237764391,412,164,248
408,1693237764391,1692265500311,1692265500472,1693237764608,217,161,56
409,1693237764608,1692265500536,1692265500698,1693237764828,220,162,58
410,1693237764828,1692265500746,1692265500908,1693237765037,209,162,47
411,1693237765038,1692265501184,1692265501348,1693237765477,439,164,275
412,1693237765477,1692265501383,1692265501546,1693237765676,199,163,36
413,1693237765676,1692265501579,1692265501740,1693237765874,198,161,37
414,1693237765874,1692265501792,1692265501955,1693237766085,211,163,48
415,1693237766085,1692265502228,1692265502391,1693237766520,435,163,272
416,1693237766520,1692265502439,1692265502603,1693237766739,219,164,55
417,1693237766739,1692265502667,1692265502830,1693237766960,221,163,58
418,1693237766960,1692265502980,1692265503144,1693237767363,403,164,239
419,1693237767363,1692265503269,1692265503431,1693237767562,199,162,37
420,1693237767562,1692265503463,1692265503625,1693237767755,193,162,31
421,1693237767755,1692265503715,1692265503879,1693237768008,253,164,89
422,1693237768009,1692265503949,1692265504111,1693237768412,403,162,241
423,1693237768412,1692265504384,1692265504547,1693237768679,267,163,104
424,1693237768679,1692265504592,1692265504757,1693237768907,228,165,63
425,1693237768907,1692265504852,1692265505015,1693237769144,237,163,74
426,1693237769144,1692265505092,1692265505255,1693237769464,320,163,157
427,1693237769464,1692265505382,1692265505544,1693237769692,228,162,66
428,1693237769692,1692265505605,1692265505767,1693237769897,205,162,43
429,1693237769897,1692265505811,1692265505973,1693237770103,206,162,44
430,1693237770103,1692265506056,1692265506218,1693237770508,405,162,243
431,1693237770508,1692265506484,1692265506647,1693237770777,269,163,106
432,1693237770777,1692265506863,1692265507026,1693237771156,379,163,216
433,1693237771157,1692265507094,1692265507257,1693237771558,401,163,238
434,1693237771558,1692265507503,1692265507666,1693237771796,238,163,75
435,1693237771796,1692265507738,1692265507902,1693237772050,254,164,90
436,1693237772050,1692265507968,1692265508130,1693237772266,216,162,54
437,1693237772267,1692265508165,1692265508329,1693237772610,343,164,179
438,1693237772610,1692265508526,1692265508688,1693237772836,226,162,64
439,1693237772836,1692265508753,1692265508916,1693237773047,211,163,48
440,1693237773047,1692265508988,1692265509151,1693237773287,240,163,77
441,1693237773287,1692265509192,1692265509353,1693237773655,368,161,207
442,1693237773655,1692265509582,1692265509744,1693237773874,219,162,57
443,1693237773874,1692265509808,1692265509973,1693237774103,229,165,64
444,1693237774103,1692265510013,1692265510173,1693237774303,200,160,40
445,1693237774303,1692265510218,1692265510379,1693237774703,400,161,239
446,1693237774703,1692265510652,1692265510816,1693237774946,243,164,79
447,1693237774946,1692265510871,1692265511033,1693237775168,222,162,60
448,1693237775168,1692265511160,1692265511322,1693237775452,284,162,122
449,1693237775452,1692265511366,1692265511528,1693237775754,302,162,140
450,1693237775754,1692265511650,1692265511812,1693237775942,188,162,26
451,1693237775942,1692265511905,1692265512067,1693237776197,255,162,93
452,1693237776197,1692265512093,1692265512254,1693237776384,187,161,26
453,1693237776384,1692265512316,1692265512478,1693237776800,416,162,254
454,1693237776800,1692265512709,1692265512870,1693237777000,200,161,39
455,1693237777000,1692265512916,1692265513078,1693237777219,219,162,57
456,1693237777219,1692265513138,1692265513301,1693237777431,212,163,49
457,1693237777431,1692265513352,1692265513514,1693237777848,417,162,255
458,1693237777848,1692265513789,1692265513952,1693237778082,234,163,71
459,1693237778082,1692265513999,1692265514161,1693237778290,208,162,46
460,1693237778291,1692265514242,1692265514406,1693237778535,244,164,80
461,1693237778535,1692265514448,1692265514610,1693237778900,365,162,203
462,1693237778900,1692265514813,1692265514975,1693237779127,227,162,65
463,1693237779127,1692265515050,1692265515213,1693237779343,216,163,53
464,1693237779343,1692265515267,1692265515429,1693237779580,237,162,75
465,1693237779580,1692265515541,1692265515703,1693237779945,365,162,203
466,1693237779945,1692265515856,1692265516018,1693237780147,202,162,40
467,1693237780147,1692265516083,1692265516246,1693237780385,238,163,75
468,1693237780385,1692265516308,1692265516471,1693237780601,216,163,53
469,1693237780601,1692265516536,1692265516701,1693237780993,392,165,227
470,1693237780993,1692265516893,1692265517054,1693237781185,192,161,31
471,1693237781185,1692265517096,1692265517258,1693237781389,204,162,42
472,1693237781389,1692265517300,1692265517462,1693237781599,210,162,48
473,1693237781599,1692265517494,1692265517655,1693237781786,187,161,26
474,1693237781786,1692265517969,1692265518132,1693237782272,486,163,323
475,1693237782272,1692265518187,1692265518349,1693237782479,207,162,45
476,1693237782479,1692265518364,1692265518525,1693237782654,175,161,14
477,1693237782654,1692265518572,1692265518734,1693237782864,210,162,48
478,1693237782864,1692265519002,1692265519165,1693237783294,430,163,267
479,1693237783294,1692265519199,1692265519360,1693237783489,195,161,34
480,1693237783489,1692265519419,1692265519581,1693237783711,222,162,60
481,1693237783711,1692265519631,1692265519794,1693237784141,430,163,267
482,1693237784141,1692265520058,1692265520221,1693237784350,209,163,46
483,1693237784351,1692265520260,1692265520424,1693237784554,203,164,39
484,1693237784554,1692265520449,1692265520611,1693237784746,192,162,30
485,1693237784746,1692265520702,1692265520867,1693237785192,446,165,281
486,1693237785192,1692265521085,1692265521247,1693237785377,185,162,23
487,1693237785377,1692265521305,1692265521466,1693237785596,219,161,58
488,1693237785596,1692265521537,1692265521702,1693237785832,236,165,71
489,1693237785832,1692265521768,1692265521929,1693237786238,406,161,245
490,1693237786238,1692265522212,1692265522374,1693237786503,265,162,103
491,1693237786503,1692265522538,1692265522700,1693237786830,327,162,165
492,1693237786830,1692265522815,1692265522979,1693237787285,455,164,291
493,1693237787285,1692265523223,1692265523386,1693237787515,230,163,67
494,1693237787515,1692265523562,1692265523725,1693237787855,340,163,177
495,1693237787855,1692265523824,1692265523986,1693237788335,480,162,318
496,1693237788502,1692265524468,1692265524638,1693237788768,266,170,96
497,1693237788768,1692265524698,1692265524923,1693237789053,285,225,60
498,1693237789053,1692265524980,1692265525250,1693237789382,329,270,59
499,1693237789382,1692265525291,1692265525606,1693237789774,392,315,77
500,1693237789774,1692265525720,1692265525989,1693237790140,366,269,97
501,1693237790140,1692265526336,1692265526679,1693237790825,685,343,342
502,1693237790826,1692265526750,1692265526997,1693237791127,301,247,54
503,1693237791127,1692265527040,1692265527332,1693237791482,355,292,63
504,1693237791482,1692265527397,1692265527685,1693237791872,390,288,102
505,1693237791873,1692265527805,1692265528075,1693237792204,331,270,61
506,1693237792204,1692265528139,1692265528496,1693237792625,421,357,64
507,1693237792625,1692265528563,1692265528885,1693237793015,390,322,68
508,1693237793015,1692265528926,1692265529178,1693237793308,293,252,41
509,1693237793308,1692265529221,1692265529481,1693237793611,303,260,43
510,1693237793611,1692265529542,1692265529774,1693237793970,359,232,127
511,1693237793970,1692265529889,1692265530197,1693237794329,359,308,51
512,1693237794329,1692265530253,1692265530433,1693237794625,296,180,116
513,1693237794625,1692265530523,1692265530853,1693237795019,394,330,64
514,1693237795019,1692265530962,1692265531281,1693237795411,392,319,73
515,1693237795411,1692265531331,1692265531680,1693237795810,399,349,50
516,1693237795810,1692265531738,1692265531949,1693237796091,281,211,70
517,1693237796091,1692265531999,1692265532216,1693237796346,255,217,38
518,1693237796346,1692265532283,1692265532487,1693237796724,378,204,174
519,1693237796724,1692265532671,1692265532955,1693237797115,391,284,107
520,1693237797115,1692265533062,1692265533384,1693237797514,399,322,77
521,1693237797514,1692265533690,1692265533907,1693237798037,523,217,306
522,1693237798037,1692265534062,1692265534404,1693237798533,496,342,154
523,1693237798533,1692265534459,1692265534641,1693237798819,286,182,104
524,1693237798819,1692265534715,1692265534910,1693237799040,221,195,26
525,1693237799040,1692265534972,1692265535309,1693237799438,398,337,61
526,1693237799438,1692265535360,1692265535622,1693237799868,430,262,168
527,1693237799868,1692265535779,1692265536066,1693237800265,397,287,110
528,1693237800265,1692265536200,1692265536462,1693237800593,328,262,66
529,1693237800593,1692265536519,1692265536811,1693237800941,348,292,56
530,1693237800941,1692265536865,1692265537118,1693237801309,368,253,115
531,1693237801310,1692265537209,1692265537477,1693237801606,296,268,28
532,1693237801606,1692265537542,1692265537744,1693237801965,359,202,157
533,1693237801965,1692265537879,1692265538047,1693237802177,212,168,44
534,1693237802177,1692265538108,1692265538404,1693237802534,357,296,61
535,1693237802534,1692265538480,1692265538649,1693237802779,245,169,76
536,1693237802779,1692265538934,1692265539217,1693237803408,629,283,346
537,1693237803408,1692265539322,1692265539656,1693237803786,378,334,44
538,1693237803786,1692265539939,1692265540158,1693237804289,503,219,284
539,1693237804289,1692265540225,1692265540482,1693237804611,322,257,65
540,1693237804611,1692265540530,1692265540717,1693237804847,236,187,49
541,1693237804847,1692265540775,1692265541107,1693237805236,389,332,57
542,1693237805237,1692265541174,1692265541455,1693237805585,348,281,67
543,1693237805585,1692265541503,1692265541785,1693237805915,330,282,48
544,1693237805915,1692265542059,1692265542401,1693237806553,638,342,296
545,1693237806553,1692265542447,1692265542745,1693237806874,321,298,23
546,1693237806874,1692265542807,1692265543079,1693237807210,336,272,64
547,1693237807210,1692265543129,1692265543473,1693237807604,394,344,50
548,1693237807604,1692265543506,1692265543845,1693237807975,371,339,32
549,1693237807975,1692265543917,1692265544113,1693237808257,282,196,86
550,1693237808257,1692265544180,1692265544474,1693237808647,390,294,96
551,1693237808647,1692265544593,1692265544842,1693237808971,324,249,75
552,1693237808971,1692265544933,1692265545269,1693237809398,427,336,91
553,1693237809398,1692265545354,1692265545693,1693237809823,425,339,86
554,1693237809823,1692265545758,1692265546077,1693237810354,531,319,212
555,1693237810354,1692265546271,1692265546529,1693237810753,399,258,141
556,1693237810753,1692265546689,1692265546907,1693237811038,285,218,67
557,1693237811038,1692265546956,1692265547253,1693237811402,364,297,67
558,1693237811402,1692265547325,1692265547541,1693237811670,268,216,52
559,1693237811670,1692265547726,1692265547985,1693237812118,448,259,189
560,1693237812118,1692265548083,1692265548376,1693237812506,388,293,95
561,1693237812506,1692265548412,1692265548608,1693237812737,231,196,35
562,1693237812737,1692265548742,1692265549068,1693237813199,462,326,136
563,1693237813199,1692265549386,1692265549571,1693237813701,502,185,317
564,1693237813701,1692265549653,1692265549865,1693237814059,358,212,146
565,1693237814059,1692265549970,1692265550210,1693237814692,633,240,393
566,1693237814693,1692265550608,1692265550947,1693237815089,396,339,57
567,1693237815089,1692265551047,1692265551374,1693237815598,509,327,182
568,1693237815598,1692265551533,1692265551877,1693237816007,409,344,65
569,1693237816007,1692265551933,1692265552276,1693237816406,399,343,56
570,1693237816406,1692265552308,1692265552478,1693237816646,240,170,70
571,1693237816646,1692265552581,1692265552928,1693237817057,411,347,64
572,1693237817057,1692265553016,1692265553184,1693237817314,257,168,89
573,1693237817314,1692265553269,1692265553462,1693237817693,379,193,186
574,1693237817693,1692265553618,1692265553893,1693237818084,391,275,116
575,1693237818084,1692265554090,1692265554409,1693237818742,658,319,339
576,1693237818751,1692265554690,1692265554853,1693237818983,232,163,69
577,1693237818983,1692265555066,1692265555230,1693237819365,382,164,218
578,1693237819365,1692265555284,1692265555449,1693237819790,425,165,260
579,1693237819790,1692265555715,1692265555877,1693237820007,217,162,55
580,1693237820007,1692265555925,1692265556088,1693237820326,319,163,156
581,1693237820326,1692265556249,1692265556411,1693237820541,215,162,53
582,1693237820541,1692265556477,1692265556640,1693237820839,298,163,135
583,1693237820839,1692265556747,1692265556914,1693237821044,205,167,38
584,1693237821044,1692265556960,1692265557122,1693237821275,231,162,69
585,1693237821275,1692265557239,1692265557402,1693237821531,256,163,93
586,1693237821531,1692265557455,1692265557617,1693237821888,357,162,195
587,1693237821888,1692265557819,1692265557982,1693237822111,223,163,60
588,1693237822111,1692265558055,1692265558218,1693237822348,237,163,74
589,1693237822348,1692265558267,1692265558430,1693237822559,211,163,48
590,1693237822559,1692265558477,1692265558639,1693237822935,376,162,214
591,1693237822936,1692265558868,1692265559030,1693237823159,223,162,61
592,1693237823159,1692265559083,1692265559245,1693237823374,215,162,53
593,1693237823375,1692265559327,1692265559490,1693237823634,259,163,96
594,1693237823634,1692265559550,1692265559712,1693237823987,353,162,191
595,1693237823987,1692265559889,1692265560050,1693237824179,192,161,31
596,1693237824179,1692265560081,1692265560244,1693237824376,197,163,34
597,1693237824376,1692265560368,1692265560532,1693237824661,285,164,121
598,1693237824661,1692265560574,1692265560736,1693237825033,372,162,210
599,1693237825033,1692265560948,1692265561111,1693237825240,207,163,44
600,1693237825240,1692265561155,1692265561317,1693237825447,207,162,45
601,1693237825447,1692265561382,1692265561545,1693237825674,227,163,64
602,1693237825674,1692265561618,1692265561782,1693237826082,408,164,244
603,1693237826082,1692265562006,1692265562168,1693237826297,215,162,53
604,1693237826297,1692265562215,1692265562379,1693237826508,211,164,47
605,1693237826508,1692265562432,1692265562594,1693237826723,215,162,53
606,1693237826723,1692265562623,1692265562784,1693237827134,411,161,250
607,1693237827134,1692265563064,1692265563226,1693237827355,221,162,59
608,1693237827355,1692265563284,1692265563446,1693237827575,220,162,58
609,1693237827575,1692265563496,1692265563661,1693237827790,215,165,50
610,1693237827790,1692265563696,1692265563858,1693237828179,389,162,227
611,1693237828179,1692265564117,1692265564280,1693237828409,230,163,67
612,1693237828409,1692265564473,1692265564637,1693237828766,357,164,193
613,1693237828766,1692265564724,1692265564887,1693237829227,461,163,298
614,1693237829227,1692265565143,1692265565304,1693237829433,206,161,45
615,1693237829433,1692265565357,1692265565519,1693237829648,215,162,53
616,1693237829648,1692265565563,1692265565726,1693237829855,207,163,44
617,1693237829855,1692265565828,1692265565992,1693237830276,421,164,257
618,1693237830276,1692265566224,1692265566387,1693237830516,240,163,77
619,1693237830516,1692265566446,1692265566609,1693237830738,222,163,59
620,1693237830738,1692265566659,1692265566822,1693237830951,213,163,50
621,1693237830951,1692265566887,1692265567050,1693237831324,373,163,210
622,1693237831324,1692265567290,1692265567454,1693237831583,259,164,95
623,1693237831583,1692265567606,1692265567769,1693237831898,315,163,152
624,1693237831898,1692265567822,1692265567985,1693237832373,475,163,312
625,1693237832373,1692265568320,1692265568484,1693237832625,252,164,88
626,1693237832625,1692265568548,1692265568709,1693237832838,213,161,52
627,1693237832839,1692265568756,1692265568918,1693237833047,208,162,46
628,1693237833047,1692265568988,1692265569150,1693237833422,375,162,213
629,1693237833422,1692265569345,1692265569508,1693237833637,215,163,52
630,1693237833637,1692265569559,1692265569724,1693237833860,223,165,58
631,1693237833860,1692265569756,1692265569918,1693237834047,187,162,25
632,1693237834047,1692265569975,1692265570138,1693237834470,423,163,260
633,1693237834471,1692265570385,1692265570547,1693237834676,205,162,43
634,1693237834676,1692265570747,1692265570911,1693237835040,364,164,200
635,1693237835040,1692265570990,1692265571152,1693237835281,241,162,79
636,1693237835281,1692265571447,1692265571609,1693237835738,457,162,295
637,1693237835738,1692265571666,1692265571829,1693237835958,220,163,57
638,1693237835958,1692265571891,1692265572053,1693237836182,224,162,62
639,1693237836183,1692265572160,1692265572323,1693237836568,385,163,222
640,1693237836568,1692265572478,1692265572640,1693237836769,201,162,39
641,1693237836769,1692265572691,1692265572853,1693237836999,230,162,68
642,1693237836999,1692265572909,1692265573071,1693237837200,201,162,39
643,1693237837200,1692265573138,1692265573301,1693237837616,416,163,253
644,1693237837616,1692265573534,1692265573696,1693237837825,209,162,47
645,1693237837825,1692265573891,1692265574053,1693237838182,357,162,195
646,1693237838182,1692265574128,1692265574290,1693237838419,237,162,75
647,1693237838419,1692265574627,1692265574790,1693237838919,500,163,337
648,1693237838919,1692265574936,1692265575099,1693237839230,311,163,148
649,1693237839230,1692265575163,1692265575325,1693237839471,241,162,79
650,1693237839471,1692265575657,1692265575821,1693237839950,479,164,315
651,1693237839950,1692265575857,1692265576017,1693237840146,196,160,36
652,1693237840146,1692265576084,1692265576247,1693237840376,230,163,67
653,1693237840376,1692265576318,1692265576483,1693237840768,392,165,227
654,1693237840768,1692265576688,1692265576850,1693237841016,248,162,86
655,1693237841016,1692265576941,1692265577103,1693237841232,216,162,54
656,1693237841232,1692265577179,1692265577344,1693237841474,242,165,77
657,1693237841474,1692265577394,1692265577556,1693237841810,336,162,174
658,1693237841810,1692265577724,1692265577885,1693237842014,204,161,43
659,1693237842014,1692265577977,1692265578141,1693237842299,285,164,121
660,1693237842299,1692265578247,1692265578410,1693237842539,240,163,77
661,1693237842539,1692265578461,1692265578625,1693237842861,322,164,158
662,1693237842861,1692265578840,1692265579003,1693237843132,271,163,108
663,1693237843132,1692265579036,1692265579197,1693237843326,194,161,33
664,1693237843326,1692265579260,1692265579423,1693237843552,226,163,63
665,1693237843552,1692265579464,1692265579629,1693237843908,356,165,191
666,1693237843908,1692265579823,1692265579985,1693237844114,206,162,44
667,1693237844114,1692265580041,1692265580204,1693237844333,219,163,56
668,1693237844333,1692265580280,1692265580443,1693237844582,249,163,86
669,1693237844582,1692265580529,1692265580692,1693237844979,397,163,234
670,1693237844979,1692265580900,1692265581062,1693237845191,212,162,50
671,1693237845191,1692265581130,1692265581293,1693237845422,231,163,68
672,1693237845422,1692265581375,1692265581538,1693237845668,246,163,83
673,1693237845668,1692265581576,1692265581738,1693237846004,336,162,174
674,1693237846004,1692265581904,1692265582065,1693237846194,190,161,29
675,1693237846194,1692265582127,1692265582290,1693237846441,247,163,84
676,1693237846441,1692265582369,1692265582533,1693237846662,221,164,57
677,1693237846662,1692265582558,1692265582719,1693237847053,391,161,230
678,1693237847053,1692265582960,1692265583122,1693237847251,198,162,36
679,1693237847251,1692265583169,1692265583332,1693237847461,210,163,47
680,1693237847461,1692265583400,1692265583563,1693237847692,231,163,68
681,1693237847692,1692265583598,1692265583760,1693237848100,408,162,246
682,1693237848100,1692265584024,1692265584186,1693237848315,215,162,53
683,1693237848315,1692265584264,1692265584428,1693237848573,258,164,94
684,1693237848573,1692265584498,1692265584661,1693237848797,224,163,61
685,1693237849194,1692265585129,1692265585313,1693237849441,247,184,63
686,1693237849442,1692265585467,1692265585808,1693237849937,495,341,154
687,1693237849937,1692265585845,1692265586100,1693237850328,391,255,136
688,1693237850328,1692265586262,1692265586547,1693237850676,348,285,63
689,1693237850676,1692265586583,1692265586762,1693237850891,215,179,36
690,1693237850891,1692265586822,1692265587028,1693237851274,383,206,177
691,1693237851274,1692265587224,1692265587481,1693237851641,367,257,110
692,1693237851641,1692265587557,1692265587771,1693237851900,259,214,45
693,1693237851900,1692265587849,1692265588118,1693237852295,395,269,126
694,1693237852295,1692265588242,1692265588546,1693237852687,392,304,88
695,1693237852687,1692265588638,1692265588914,1693237853042,355,276,79
696,1693237853042,1692265588979,1692265589336,1693237853468,426,357,69
697,1693237853468,1692265589404,1692265589662,1693237853790,322,258,64
698,1693237853790,1692265589710,1692265589900,1693237854030,240,190,50
699,1693237854030,1692265589915,1692265590111,1693237854393,363,196,167
700,1693237854393,1692265590334,1692265590629,1693237854786,393,295,98
701,1693237854786,1692265590699,1692265591034,1693237855163,377,335,42
702,1693237855163,1692265591325,1692265591540,1693237855731,568,215,353
703,1693237855731,1692265591817,1692265592065,1693237856195,464,248,216
704,1693237856195,1692265592140,1692265592421,1693237856550,355,281,74
705,1693237856550,1692265592472,1692265592693,1693237856885,335,221,114
706,1693237856886,1692265592815,1692265593126,1693237857255,369,311,58
707,1693237857255,1692265593176,1692265593450,1693237857578,323,274,49
708,1693237857578,1692265593475,1692265593706,1693237857933,355,231,124
709,1693237857933,1692265593859,1692265594200,1693237858348,415,341,74
710,1693237858348,1692265594486,1692265594796,1693237858977,629,310,319
711,1693237858977,1692265594926,1692265595272,1693237859403,426,346,80
712,1693237859403,1692265595532,1692265595798,1693237859929,526,266,260
713,1693237859929,1692265596004,1692265596352,1693237860684,755,348,407
714,1693237860684,1692265596642,1692265596862,1693237861077,393,220,173
715,1693237861077,1692265596990,1692265597166,1693237861295,218,176,42
716,1693237861295,1692265597222,1692265597567,1693237861733,438,345,93
717,1693237861733,1692265597710,1692265598005,1693237862134,401,295,106
718,1693237862134,1692265598069,1692265598256,1693237862386,252,187,65
719,1693237862386,1692265598318,1692265598590,1693237862782,396,272,124
720,1693237862782,1692265598706,1692265599038,1693237863174,392,332,60
721,1693237863174,1692265599100,1692265599354,1693237863483,309,254,55
722,1693237863483,1692265599429,1692265599772,1693237863901,418,343,75
723,1693237863901,1692265599815,1692265599998,1693237864127,226,183,43
724,1693237864127,1692265600145,1692265600440,1693237864569,442,295,147
725,1693237864569,1692265600495,1692265600804,1693237864933,364,309,55
726,1693237864933,1692265600905,1692265601260,1693237865389,456,355,101
727,1693237865389,1692265601368,1692265601677,1693237865931,542,309,233
728,1693237865931,1692265601873,1692265602082,1693237866211,280,209,71
729,1693237866211,1692265602204,1692265602554,1693237866684,473,350,123
730,1693237866684,1692265602891,1692265603169,1693237867368,684,278,406
731,1693237867368,1692265603297,1692265603626,1693237867755,387,329,58
732,1693237867755,1692265603926,1692265604095,1693237868224,469,169,300
733,1693237868224,1692265604168,1692265604429,1693237868568,344,261,83
734,1693237868568,1692265604478,1692265604798,1693237869072,504,320,184
735,1693237869072,1692265604981,1692265605316,1693237869465,393,335,58
736,1693237869466,1692265605393,1692265605628,1693237869759,293,235,58
737,1693237869759,1692265605682,1692265605900,1693237870154,395,218,177
738,1693237870154,1692265606104,1692265606308,1693237870515,361,204,157
739,1693237870515,1692265606449,1692265606736,1693237870866,351,287,64
740,1693237870866,1692265606788,1692265607125,1693237871266,400,337,63
741,1693237871266,1692265607184,1692265607525,1693237871654,388,341,47
742,1693237871654,1692265607596,1692265607926,1693237872228,574,330,244
743,1693237872228,1692265608133,1692265608468,1693237872613,385,335,50
744,1693237872613,1692265608520,1692265608781,1693237872910,297,261,36
745,1693237872910,1692265608840,1692265609113,1693237873266,356,273,83
746,1693237873266,1692265609211,1692265609429,1693237873558,292,218,74
747,1693237873558,1692265609461,1692265609678,1693237873807,249,217,32
748,1693237873808,1692265609738,1692265609911,1693237874040,232,173,59
749,1693237874040,1692265610211,1692265610494,1693237874706,666,283,383
750,1693237874706,1692265610674,1692265610950,1693237875079,373,276,97
751,1693237875079,1692265610996,1692265611276,1693237875404,325,280,45
752,1693237875405,1692265611363,1692265611595,1693237875758,353,232,121
753,1693237875758,1692265611691,1692265611882,1693237876011,253,191,62
754,1693237876012,1692265611935,1692265612137,1693237876436,424,202,222
755,1693237876436,1692265612375,1692265612678,1693237876807,371,303,68
756,1693237876807,1692265612723,1692265612997,1693237877126,319,274,45
757,1693237877126,1692265613057,1692265613300,1693237877461,335,243,92
758,1693237877461,1692265613375,1692265613605,1693237877734,273,230,43
759,1693237877734,1692265613732,1692265613901,1693237878030,296,169,127
760,1693237878030,1692265613958,1692265614292,1693237878510,480,334,146
761,1693237878510,1692265614450,1692265614789,1693237878918,408,339,69
762,1693237878918,1692265614831,1692265614998,1693237879127,209,167,42
763,1693237879127,1692265615044,1692265615206,1693237879339,212,162,50
764,1693237879345,1692265615286,1692265615448,1693237879577,232,162,70
765,1693237879577,1692265615512,1692265615674,1693237879809,232,162,70
766,1693237879809,1692265615716,1692265615878,1693237880197,388,162,226
767,1693237880197,1692265616340,1692265616504,1693237880632,435,164,271
768,1693237880632,1692265616584,1692265616746,1693237880875,243,162,81
769,1693237880875,1692265616817,1692265616979,1693237881245,370,162,208
770,1693237881245,1692265617155,1692265617317,1693237881446,201,162,39
771,1693237881446,1692265617381,1692265617543,1693237881672,226,162,64
772,1693237881672,1692265617593,1692265617755,1693237881884,212,162,50
773,1693237881884,1692265617810,1692265617973,1693237882294,410,163,247
774,1693237882294,1692265618201,1692265618362,1693237882490,196,161,35
775,1693237882490,1692265618403,1692265618565,1693237882713,223,162,61
776,1693237882714,1692265618910,1692265619072,1693237883537,823,162,661
777,1693237883537,1692265619471,1692265619635,1693237883928,391,164,227
778,1693237883928,1692265619872,1692265620035,1693237884163,235,163,72
779,1693237884163,1692265620365,1692265620528,1693237884656,493,163,330
780,1693237884656,1692265620586,1692265620749,1693237885110,454,163,291
781,1693237885110,1692265621063,1692265621228,1693237885633,523,165,358
782,1693237885633,1692265621559,1692265621721,1693237886024,391,162,229
783,1693237886024,1692265621953,1692265622115,1693237886244,220,162,58
784,1693237886245,1692265622446,1692265622608,1693237886737,492,162,330
785,1693237886737,1692265622895,1692265623058,1693237887187,450,163,287
786,1693237887187,1692265623156,1692265623319,1693237887538,351,163,188
787,1693237887538,1692265623484,1692265623648,1693237887776,238,164,74
788,1693237887776,1692265623690,1692265623853,1693237888063,287,163,124
789,1693237888063,1692265623985,1692265624147,1693237888275,212,162,50
790,1693237888276,1692265624197,1692265624361,1693237888587,311,164,147
791,1693237888587,1692265624574,1692265624736,1693237888865,278,162,116
792,1693237888865,1692265625026,1692265625189,1693237889317,452,163,289
793,1693237889317,1692265625264,1692265625427,1693237889637,320,163,157
794,1693237889637,1692265625574,1692265625737,1693237889866,229,163,66
795,1693237889866,1692265625780,1692265625944,1693237890158,292,164,128
796,1693237890158,1692265626078,1692265626240,1693237890368,210,162,48
797,1693237890368,1692265626283,1692265626447,1693237890684,316,164,152
798,1693237890685,1692265626618,1692265626781,1693237890913,228,163,65
799,1693237890913,1692265626823,1692265626985,1693237891227,314,162,152
800,1693237891227,1692265627175,1692265627337,1693237891467,240,162,78
801,1693237891467,1692265627614,1692265627777,1693237891905,438,163,275
802,1693237891905,1692265627811,1692265627972,1693237892257,352,161,191
803,1693237892257,1692265628185,1692265628348,1693237892489,232,163,69
804,1693237892489,1692265628429,1692265628592,1693237892780,291,163,128
805,1693237892781,1692265628698,1692265628860,1693237892989,208,162,46
806,1693237892989,1692265628907,1692265629070,1693237893198,209,163,46
807,1693237893198,1692265629120,1692265629282,1693237893412,214,162,52
808,1693237893412,1692265629359,1692265629522,1693237893840,428,163,265
809,1693237893840,1692265629775,1692265629938,1693237894067,227,163,64
810,1693237894067,1692265630015,1692265630178,1693237894307,240,163,77
811,1693237894307,1692265630239,1692265630402,1693237894530,223,163,60
812,1693237894531,1692265630452,1692265630615,1693237894879,348,163,185
813,1693237894879,1692265630788,1692265630950,1693237895078,199,162,37
814,1693237895078,1692265631015,1692265631179,1693237895307,229,164,65
815,1693237895307,1692265631227,1692265631389,1693237895517,210,162,48
816,1693237895517,1692265631436,1692265631601,1693237895927,410,165,245
817,1693237895927,1692265631867,1692265632029,1693237896158,231,162,69
818,1693237896158,1692265632061,1692265632224,1693237896353,195,163,32
819,1693237896353,1692265632296,1692265632458,1693237896587,234,162,72
820,1693237896587,1692265632519,1692265632682,1693237896975,388,163,225
821,1693237896975,1692265632896,1692265633058,1693237897202,227,162,65
822,1693237897202,1692265633118,1692265633280,1693237897408,206,162,44
823,1693237897408,1692265633346,1692265633508,1693237897656,248,162,86
824,1693237897656,1692265633583,1692265633745,1693237898025,369,162,207
825,1693237898025,1692265633925,1692265634087,1693237898215,190,162,28
826,1693237898215,1692265634138,1692265634302,1693237898443,228,164,64
827,1693237898444,1692265634371,1692265634534,1693237898663,219,163,56
828,1693237898663,1692265634571,1692265634732,1693237899071,408,161,247
829,1693237899071,1692265634992,1692265635154,1693237899301,230,162,68
830,1693237899301,1692265635356,1692265635520,1693237899651,350,164,186
831,1693237899651,1692265635604,1692265635769,1693237899897,246,165,81
832,1693237899897,1692265636058,1692265636221,1693237900350,453,163,290
833,1693237900350,1692265636280,1692265636442,1693237900571,221,162,59
834,1693237900571,1692265636507,1692265636669,1693237900798,227,162,65
835,1693237900798,1692265636697,1692265636858,1693237901169,371,161,210
836,1693237901169,1692265637074,1692265637236,1693237901364,195,162,33
837,1693237901364,1692265637301,1692265637464,1693237901593,229,163,66
838,1693237901593,1692265637539,1692265637701,1693237901849,256,162,94
839,1693237901849,1692265637768,1692265637931,1693237902336,487,163,324
840,1693237902336,1692265638288,1692265638454,1693237902607,271,166,105
841,1693237902607,1692265638537,1692265638699,1693237902827,220,162,58
842,1693237902827,1692265638733,1692265638894,1693237903025,198,161,37
843,1693237903025,1692265639143,1692265639306,1693237903434,409,163,246
844,1693237903434,1692265639344,1692265639506,1693237903659,225,162,63
845,1693237903659,1692265639591,1692265639753,1693237903882,223,162,61
846,1693237903882,1692265639793,1692265639955,1693237904083,201,162,39
847,1693237904083,1692265640255,1692265640420,1693237904548,465,165,300
848,1693237904548,1692265640456,1692265640618,1693237904746,198,162,36
849,1693237904746,1692265640686,1692265640849,1693237904998,252,163,89
850,1693237904998,1692265640929,1692265641093,1693237905363,365,164,201
851,1693237905363,1692265641362,1692265641529,1693237905657,294,167,127
852,1693237905657,1692265641701,1692265641864,1693237905994,337,163,174
853,1693237905994,1692265641890,1692265642053,1693237906181,187,163,24
854,1693237906181,1692265642322,1692265642485,1693237906614,433,163,270
855,1693237906614,1692265642516,1692265642678,1693237906808,194,162,32
856,1693237906808,1692265642730,1692265642893,1693237907022,214,163,51
857,1693237907022,1692265642940,1692265643102,1693237907230,208,162,46
858,1693237907230,1692265643363,1692265643525,1693237907654,424,162,262
859,1693237907654,1692265643606,1692265643770,1693237907898,244,164,80
860,1693237907898,1692265643816,1692265643978,1693237908107,209,162,47
861,1693237908107,1692265644049,1692265644213,1693237908516,409,164,245
862,1693237908517,1692265644483,1692265644648,1693237908775,258,165,93
863,1693237908775,1692265644781,1692265644944,1693237909072,297,163,134
864,1693237909072,1692265644992,1692265645155,1693237909284,212,163,49
865,1693237909284,1692265645208,1692265645371,1693237909557,273,163,110
866,1693237909728,1692265645662,1692265645905,1693237910062,334,243,91
867,1693237910062,1692265645972,1692265646305,1693237910607,545,333,212
868,1693237910607,1692265646549,1692265646821,1693237910998,391,272,119
869,1693237910999,1692265646921,1692265647105,1693237911233,234,184,50
870,1693237911233,1692265647177,1692265647402,1693237911655,422,225,197
871,1693237911655,1692265647628,1692265647963,1693237912091,436,335,101
872,1693237912091,1692265648025,1692265648233,1693237912367,276,208,68
873,1693237912367,1692265648295,1692265648586,1693237912714,347,291,56
874,1693237912714,1692265648650,1692265648832,1693237912960,246,182,64
875,1693237912960,1692265648872,1692265649130,1693237913258,298,258,40
876,1693237913259,1692265649198,1692265649400,1693237913532,273,202,71
877,1693237913532,1692265649662,1692265650008,1693237914144,612,346,266
878,1693237914144,1692265650063,1692265650293,1693237914431,287,230,57
879,1693237914431,1692265650368,1692265650638,1693237914799,368,270,98
880,1693237914799,1692265650761,1692265651048,1693237915190,391,287,104
881,1693237915190,1692265651126,1692265651414,1693237915557,367,288,79
882,1693237915557,1692265651479,1692265651651,1693237915849,292,172,120
883,1693237915849,1692265651763,1692265652101,1693237916241,392,338,54
884,1693237916241,1692265652184,1692265652524,1693237916900,659,340,319
885,1693237916901,1692265652835,1692265653067,1693237917196,295,232,63
886,1693237917196,1692265653242,1692265653454,1693237917582,386,212,174
887,1693237917582,1692265653512,1692265653733,1693237917945,363,221,142
888,1693237917946,1692265653909,1692265654231,1693237918363,417,322,95
889,1693237918363,1692265654275,1692265654569,1693237918700,337,294,43
890,1693237918700,1692265654630,1692265654940,1693237919069,369,310,59
891,1693237919069,1692265654970,1692265655173,1693237919302,233,203,30
892,1693237919302,1692265655310,1692265655604,1693237919732,430,294,136
893,1693237919732,1692265655641,1692265655970,1693237920098,366,329,37
894,1693237920098,1692265656012,1692265656355,1693237920483,385,343,42
895,1693237920483,1692265656413,1692265656753,1693237921091,608,340,268
896,1693237921091,1692265657016,1692265657205,1693237921333,242,189,53
897,1693237921333,1692265657394,1692265657684,1693237921812,479,290,189
898,1693237921812,1692265657778,1692265658114,1693237922242,430,336,94
899,1693237922242,1692265658182,1692265658403,1693237922533,291,221,70
900,1693237922533,1692265658454,1692265658786,1693237922915,382,332,50
901,1693237922915,1692265658819,1692265659151,1693237923279,364,332,32
902,1693237923279,1692265659182,1692265659364,1693237923581,302,182,120
903,1693237923581,1692265659479,1692265659743,1693237923877,296,264,32
904,1693237923877,1692265659798,1692265659977,1693237924237,360,179,181
905,1693237924237,1692265660171,1692265660404,1693237924542,305,233,72
906,1693237924542,1692265660565,1692265660794,1693237924922,380,229,151
907,1693237924922,1692265660847,1692265661089,1693237925285,363,242,121
908,1693237925285,1692265661189,1692265661480,1693237925683,398,291,107
909,1693237925683,1692265661591,1692265661763,1693237925893,210,172,38
910,1693237925893,1692265661797,1692265662009,1693237926335,442,212,230
911,1693237926335,1692265662259,1692265662594,1693237926727,392,335,57
912,1693237926727,1692265662647,1692265662941,1693237927070,343,294,49
913,1693237927070,1692265662998,1692265663283,1693237927411,341,285,56
914,1693237927411,1692265663371,1692265663565,1693237927774,363,194,169
915,1693237927774,1692265663734,1692265664008,1693237928138,364,274,90
916,1693237928138,1692265664064,1692265664408,1693237928536,398,344,54
917,1693237928536,1692265664447,1692265664673,1693237928842,306,226,80
918,1693237928842,1692265664783,1692265665090,1693237929218,376,307,69
919,1693237929218,1692265665134,1692265665405,1693237929533,315,271,44
920,1693237929533,1692265665428,1692265665740,1693237929869,336,312,24
921,1693237929869,1692265665769,1692265666042,1693237930170,301,273,28
922,1693237930170,1692265666072,1692265666407,1693237930537,367,335,32
923,1693237930537,1692265666454,1692265666651,1693237930780,243,197,46
924,1693237930780,1692265666710,1692265666898,1693237931026,246,188,58
925,1693237931026,1692265666923,1692265667202,1693237931330,304,279,25
926,1693237931330,1692265667246,1692265667519,1693237931646,316,273,43
927,1693237931646,1692265667546,1692265667888,1693237932122,476,342,134
928,1693237932122,1692265668052,1692265668274,1693237932430,308,222,86
929,1693237932430,1692265668349,1692265668677,1693237932832,402,328,74
930,1693237932832,1692265668737,1692265669013,1693237933143,311,276,35
931,1693237933143,1692265669055,1692265669353,1693237933481,338,298,40
932,1693237933481,1692265669399,1692265669587,1693237933715,234,188,46
933,1693237933715,1692265669612,1692265669889,1693237934071,356,277,79
934,1693237934071,1692265670009,1692265670195,1693237934323,252,186,66
935,1693237934323,1692265670242,1692265670514,1693237934642,319,272,47
936,1693237934642,1692265670567,1692265670865,1693237934993,351,298,53
937,1693237934993,1692265670903,1692265671177,1693237935305,312,274,38
938,1693237935306,1692265671206,1692265671479,1693237935607,301,273,28
939,1693237935607,1692265671517,1692265671762,1693237935889,282,245,37
940,1693237935890,1692265671823,1692265672021,1693237936149,259,198,61
941,1693237936149,1692265672054,1692265672227,1693237936355,206,173,33
942,1693237936355,1692265672298,1692265672634,1693237936763,408,336,72
943,1693237936763,1692265672693,1692265672937,1693237937066,303,244,59
944,1693237937066,1692265672972,1692265673238,1693237937366,300,266,34
945,1693237937366,1692265673291,1692265673593,1693237937721,355,302,53
946,1693237937721,1692265673630,1692265673914,1693237938042,321,284,37
947,1693237938042,1692265673953,1692265674233,1693237938365,323,280,43
948,1693237938365,1692265674272,1692265674470,1693237938598,233,198,35
949,1693237938598,1692265674501,1692265674791,1693237938921,323,290,33
950,1693237938921,1692265674847,1692265675145,1693237939273,352,298,54
951,1693237939273,1692265675192,1692265675453,1693237939581,308,261,47
952,1693237939581,1692265675484,1692265675708,1693237939836,255,224,31
953,1693237939843,1692265675772,1692265675937,1693237940065,222,165,57
954,1693237940065,1692265676000,1692265676163,1693237940337,272,163,109
955,1693237940337,1692265676279,1692265676443,1693237940571,234,164,70
956,1693237940571,1692265676481,1692265676642,1693237940770,199,161,38
957,1693237940770,1692265676690,1692265676854,1693237940982,212,164,48
958,1693237940982,1692265676903,1692265677066,1693237941194,212,163,49
959,1693237941194,1692265677140,1692265677304,1693237941432,238,164,74
960,1693237941432,1692265677332,1692265677493,1693237941621,189,161,28
961,1693237941621,1692265677539,1692265677701,1693237941829,208,162,46
962,1693237941829,1692265677749,1692265677911,1693237942039,210,162,48
963,1693237942039,1692265677962,1692265678125,1693237942256,217,163,54
964,1693237942256,1692265678174,1692265678337,1693237942465,209,163,46
965,1693237942465,1692265678376,1692265678537,1693237942666,201,161,40
966,1693237942666,1692265678571,1692265678733,1693237942861,195,162,33
967,1693237942861,1692265678774,1692265678937,1693237943065,204,163,41
968,1693237943065,1692265678973,1692265679135,1693237943263,198,162,36
969,1693237943263,1692265679177,1692265679338,1693237943466,203,161,42
970,1693237943466,1692265679376,1692265679538,1693237943666,200,162,38
971,1693237943666,1692265679579,1692265679742,1693237943870,204,163,41
972,1693237943870,1692265679790,1692265679954,1693237944083,213,164,49
973,1693237944083,1692265680006,1692265680171,1693237944298,215,165,50
974,1693237944298,1692265680213,1692265680375,1693237944535,237,162,75
975,1693237944535,1692265680470,1692265680634,1693237944762,227,164,63
976,1693237944762,1692265680663,1692265680824,1693237944952,190,161,29
977,1693237944952,1692265680877,1692265681040,1693237945167,215,163,52
978,1693237945167,1692265681059,1692265681221,1693237945349,182,162,20
979,1693237945349,1692265681265,1692265681428,1693237945555,206,163,43
980,1693237945555,1692265681480,1692265681643,1693237945771,216,163,53
981,1693237945771,1692265681681,1692265681843,1693237945970,199,162,37
982,1693237945970,1692265681876,1692265682038,1693237946166,196,162,34
983,1693237946166,1692265682083,1692265682247,1693237946375,209,164,45
984,1693237946375,1692265682285,1692265682447,1693237946575,200,162,38
985,1693237946575,1692265682490,1692265682653,1693237946780,205,163,42
986,1693237946780,1692265682692,1692265682855,1693237947003,223,163,60
987,1693237947003,1692265682926,1692265683089,1693237947224,221,163,58
988,1693237947224,1692265683148,1692265683311,1693237947438,214,163,51
989,1693237947438,1692265683379,1692265683545,1693237947673,235,166,69
990,1693237947673,1692265683585,1692265683747,1693237947888,215,162,53
991,1693237947888,1692265683802,1692265683964,1693237948173,285,162,123
992,1693237948173,1692265684108,1692265684271,1693237948506,333,163,170
993,1693237948506,1692265684419,1692265684582,1693237948738,232,163,69
994,1693237948739,1692265684644,1692265684807,1693237948935,196,163,33
995,1693237948935,1692265684830,1692265684992,1693237949120,185,162,23
996,1693237949120,1692265685049,1692265685212,1693237949340,220,163,57
997,1693237949340,1692265685283,1692265685446,1693237949574,234,163,71
998,1693237949574,1692265685509,1692265685673,1693237949801,227,164,63
999,1693237949801,1692265685723,1692265685886,1693237950014,213,163,50
1000,1693237950014,1692265685921,1692265686084,1693237950212,198,163,35
1001,1693237950212,1692265686129,1692265686292,1693237950420,208,163,45
1002,1693237950420,1692265686358,1692265686524,1693237950653,233,166,67
1003,1693237950653,1692265686557,1692265686718,1693237950846,193,161,32
1004,1693237950846,1692265686777,1692265686940,1693237951068,222,163,59
1005,1693237951068,1692265686973,1692265687136,1693237951264,196,163,33
1006,1693237951264,1692265687168,1692265687330,1693237951458,194,162,32
1007,1693237951458,1692265687383,1692265687547,1693237951677,219,164,55
1008,1693237951677,1692265687583,1692265687748,1693237951877,200,165,35
1009,1693237951877,1692265687788,1692265687950,1693237952078,201,162,39
1010,1693237952078,1692265687994,1692265688156,1693237952283,205,162,43
1011,1693237952284,1692265688186,1692265688348,1693237952476,192,162,30
1012,1693237952476,1692265688393,1692265688557,1693237952685,209,164,45
1013,1693237952685,1692265688614,1692265688778,1693237952906,221,164,57
1014,1693237952906,1692265688819,1692265688981,1693237953110,204,162,42
1015,1693237953110,1692265689030,1692265689193,1693237953321,211,163,48
1016,1693237953321,1692265689222,1692265689384,1693237953512,191,162,29
1017,1693237953512,1692265689428,1692265689591,1693237953718,206,163,43
1018,1693237953718,1692265689630,1692265689793,1693237953920,202,163,39
1019,1693237953921,1692265689838,1692265690003,1693237954134,213,165,48
1020,1693237954134,1692265690037,1692265690200,1693237954328,194,163,31
1021,1693237954328,1692265690248,1692265690411,1693237954539,211,163,48
1022,1693237954539,1692265690467,1692265690632,1693237954760,221,165,56
1023,1693237954760,1692265690660,1692265690822,1693237954950,190,162,28
1024,1693237954950,1692265690883,1692265691046,1693237955174,224,163,61
1025,1693237955174,1692265691078,1692265691240,1693237955368,194,162,32
1026,1693237955368,1692265691280,1692265691443,1693237955571,203,163,40
1027,1693237955571,1692265691489,1692265691653,1693237955781,210,164,46
1028,1693237955781,1692265691692,1692265691854,1693237955982,201,162,39
1029,1693237955982,1692265691882,1692265692044,1693237956172,190,162,28
1030,1693237956172,1692265692068,1692265692230,1693237956357,185,162,23
1031,1693237956357,1692265692287,1692265692452,1693237956580,223,165,58
1032,1693237956580,1692265692504,1692265692666,1693237956797,217,162,55
1033,1693237956797,1692265692698,1692265692859,1693237956988,191,161,30
1034,1693237956988,1692265692919,1692265693082,1693237957209,221,163,58
1035,1693237957209,1692265693120,1692265693282,1693237957411,202,162,40
1036,1693237957411,1692265693330,1692265693493,1693237957621,210,163,47
1037,1693237957621,1692265693527,1692265693692,1693237957821,200,165,35
1038,1693237957821,1692265693715,1692265693877,1693237958004,183,162,21
1039,1693237958004,1692265693915,1692265694077,1693237958204,200,162,38
1040,1693237958204,1692265694112,1692265694273,1693237958401,197,161,36
1041,1693237958401,1692265694311,1692265694474,1693237958602,201,163,38
1042,1693237958602,1692265694511,1692265694673,1693237958801,199,162,37
1043,1693237958801,1692265694728,1692265694891,1693237959019,218,163,55
1044,1693237959019,1692265694940,1692265695102,1693237959230,211,162,49
1045,1693237959230,1692265695135,1692265695297,1693237959427,197,162,35
1046,1693237959427,1692265695361,1692265695524,1693237959652,225,163,62
1047,1693237959652,1692265695588,1692265695752,1693237959880,228,164,64
1048,1693237959880,1692265695794,1692265695957,1693237960085,205,163,42
1049,1693237960085,1692265696002,1692265696165,1693237960293,208,163,45
1050,1693237960293,1692265696224,1692265696386,1693237960514,221,162,59
1051,1693237960514,1692265696447,1692265696611,1693237960739,225,164,61
1052,1693237960739,1692265696664,1692265696828,1693237960956,217,164,53
1053,1693237960956,1692265696863,1692265697024,1693237961152,196,161,35
1054,1693237961152,1692265697070,1692265697232,1693237961360,208,162,46
1055,1693237961360,1692265697270,1692265697431,1693237961559,199,161,38
1056,1693237961559,1692265697469,1692265697631,1693237961759,200,162,38
1057,1693237961759,1692265697680,1692265697843,1693237961970,211,163,48
1058,1693237961970,1692265697890,1692265698053,1693237962180,210,163,47
1059,1693237962180,1692265698114,1692265698277,1693237962411,231,163,68
1060,1693237962411,1692265698344,1692265698507,1693237962637,226,163,63
1061,1693237962638,1692265698560,1692265698725,1693237962857,219,165,54
1062,1693237962857,1692265698771,1692265698933,1693237963061,204,162,42
1063,1693237963061,1692265698988,1692265699150,1693237963278,217,162,55
1064,1693237963278,1692265699204,1692265699368,1693237963495,217,164,53
1065,1693237963495,1692265699421,1692265699586,1693237963713,218,165,53
1066,1693237963713,1692265699645,1692265699808,1693237963936,223,163,60
1067,1693237963936,1692265699861,1692265700024,1693237964151,215,163,52
1068,1693237964151,1692265700078,1692265700241,1693237964369,218,163,55
1069,1693237964369,1692265700283,1692265700446,1693237964573,204,163,41
1070,1693237964573,1692265700488,1692265700650,1693237964777,204,162,42
1071,1693237964778,1692265700675,1692265700837,1693237964965,187,162,25
1072,1693237964965,1692265700877,1692265701039,1693237965167,202,162,40
1073,1693237965167,1692265701084,1692265701247,1693237965374,207,163,44
1074,1693237965374,1692265701289,1692265701452,1693237965580,206,163,43
1075,1693237965580,1692265701492,1692265701655,1693237965783,203,163,40
1076,1693237965783,1692265701704,1692265701868,1693237965995,212,164,48
1077,1693237965995,1692265701908,1692265702069,1693237966197,202,161,41
1078,1693237966197,1692265702115,1692265702277,1693237966405,208,162,46
1079,1693237966405,1692265702324,1692265702487,1693237966614,209,163,46
1080,1693237966614,1692265702538,1692265702701,1693237966831,217,163,54
1081,1693237966831,1692265702739,1692265702901,1693237967029,198,162,36
1082,1693237967029,1692265702947,1692265703110,1693237967238,209,163,46
1083,1693237967238,1692265703172,1692265703336,1693237967464,226,164,62
1084,1693237967464,1692265703390,1692265703554,1693237967681,217,164,53
1085,1693237967681,1692265703593,1692265703756,1693237967884,203,163,40
1086,1693237967884,1692265703815,1692265703978,1693237968106,222,163,59
1087,1693237968106,1692265704028,1692265704191,1693237968318,212,163,49
1088,1693237968318,1692265704231,1692265704394,1693237968521,203,163,40
1089,1693237968521,1692265704443,1692265704606,1693237968733,212,163,49
1090,1693237968733,1692265704663,1692265704826,1693237968954,221,163,58
1091,1693237968954,1692265704848,1692265705010,1693237969138,184,162,22
1092,1693237969138,1692265705077,1692265705240,1693237969376,238,163,75
1093,1693237969376,1692265705298,1692265705461,1693237969588,212,163,49
1094,1693237969589,1692265705489,1692265705651,1693237969779,190,162,28
1095,1693237969779,1692265705699,1692265705862,1693237969989,210,163,47
1096,1693237970151,1692265706052,1692265706297,1693237970545,394,245,149
1097,1693237970545,1692265706452,1692265706713,1693237970841,296,261,35
1098,1693237970841,1692265706781,1692265706991,1693237971119,278,210,68
1099,1693237971119,1692265707030,1692265707281,1693237971408,289,251,38
1100,1693237971409,1692265707328,1692265707589,1693237971717,308,261,47
1101,1693237971717,1692265707638,1692265707807,1693237971935,218,169,49
1102,1693237971935,1692265707877,1692265708060,1693237972187,252,183,69
1103,1693237972188,1692265708107,1692265708296,1693237972424,236,189,47
1104,1693237972424,1692265708315,1692265708538,1693237972669,245,223,22
1105,1693237972669,1692265708582,1692265708858,1693237972985,316,276,40
1106,1693237972985,1692265708901,1692265709101,1693237973228,243,200,43
1107,1693237973229,1692265709159,1692265709417,1693237973545,316,258,58
1108,1693237973545,1692265709448,1692265709788,1693237973915,370,340,30
1109,1693237973915,1692265709833,1692265710077,1693237974312,397,244,153
1110,1693237974312,1692265710217,1692265710423,1693237974550,238,206,32
1111,1693237974550,1692265710458,1692265710783,1693237974911,361,325,36
1112,1693237974911,1692265710846,1692265711105,1693237975325,414,259,155
1113,1693237975325,1692265711239,1692265711576,1693237975704,379,337,42
1114,1693237975704,1692265711630,1692265711964,1693237976092,388,334,54
1115,1693237976092,1692265712000,1692265712285,1693237976460,368,285,83
1116,1693237976460,1692265712387,1692265712644,1693237976772,312,257,55
1117,1693237976772,1692265712691,1692265713047,1693237977176,404,356,48
1118,1693237977176,1692265713102,1692265713410,1693237977587,411,308,103
1119,1693237977587,1692265713500,1692265713822,1693237977949,362,322,40
1120,1693237977949,1692265713856,1692265714173,1693237978407,458,317,141
1121,1693237978407,1692265714331,1692265714622,1693237978749,342,291,51
1122,1693237978750,1692265714655,1692265714875,1693237979003,253,220,33
1123,1693237979003,1692265714928,1692265715138,1693237979326,323,210,113
1124,1693237979326,1692265715251,1692265715594,1693237979735,409,343,66
1125,1693237979735,1692265715658,1692265715836,1693237979964,229,178,51
1126,1693237979964,1692265715873,1692265716173,1693237980352,388,300,88
1127,1693237980352,1692265716265,1692265716593,1693237980761,409,328,81
1128,1693237980761,1692265716665,1692265716886,1693237981014,253,221,32
1129,1693237981014,1692265716948,1692265717150,1693237981278,264,202,62
1130,1693237981278,1692265717186,1692265717499,1693237981629,351,313,38
1131,1693237981629,1692265717536,1692265717704,1693237981833,204,168,36
1132,1693237981833,1692265717735,1692265717936,1693237982063,230,201,29
1133,1693237982063,1692265717974,1692265718294,1693237982421,358,320,38
1134,1693237982421,1692265718343,1692265718564,1693237982704,283,221,62
1135,1693237982704,1692265718625,1692265718897,1693237983025,321,272,49
1136,1693237983025,1692265718927,1692265719202,1693237983424,399,275,124
1137,1693237983424,1692265719340,1692265719607,1693237983785,361,267,94
1138,1693237983785,1692265719694,1692265719969,1693237984109,324,275,49
1139,1693237984109,1692265720020,1692265720229,1693237984357,248,209,39
1140,1693237984357,1692265720275,1692265720556,1693237984684,327,281,46
1141,1693237984684,1692265720593,1692265720873,1693237985001,317,280,37
1142,1693237985001,1692265720909,1692265721225,1693237985369,368,316,52
1143,1693237985369,1692265721272,1692265721534,1693237985676,307,262,45
1144,1693237985676,1692265721599,1692265721912,1693237986040,364,313,51
1145,1693237986040,1692265721954,1692265722213,1693237986393,353,259,94
1146,1693237986393,1692265722310,1692265722526,1693237986698,305,216,89
1147,1693237986698,1692265722610,1692265722960,1693237987087,389,350,39
1148,1693237987087,1692265723008,1692265723178,1693237987305,218,170,48
1149,1693237987306,1692265723240,1692265723563,1693237987690,384,323,61
1150,1693237987690,1692265723629,1692265723840,1693237987968,278,211,67
1151,1693237987968,1692265723899,1692265724181,1693237988336,368,282,86
1152,1693237988336,1692265724242,1692265724484,1693237988612,276,242,34
1153,1693237988612,1692265724527,1692265724751,1693237988879,267,224,43
1154,1693237988879,1692265724796,1692265725077,1693237989258,379,281,98
1155,1693237989258,1692265725174,1692265725502,1693237989630,372,328,44
1156,1693237989630,1692265725533,1692265725751,1693237989879,249,218,31
1157,1693237989879,1692265725811,1692265726024,1693237990179,300,213,87
1158,1693237990179,1692265726086,1692265726254,1693237990453,274,168,106
1159,1693237990453,1692265726355,1692265726654,1693237990796,343,299,44
1160,1693237990796,1692265726706,1692265726900,1693237991027,231,194,37
1161,1693237991028,1692265726938,1692265727201,1693237991329,301,263,38
1162,1693237991329,1692265727234,1692265727429,1693237991557,228,195,33
1163,1693237991557,1692265727465,1692265727745,1693237991872,315,280,35
1164,1693237991872,1692265727797,1692265727977,1693237992106,234,180,54
1165,1693237992106,1692265728013,1692265728278,1693237992405,299,265,34
1166,1693237992405,1692265728343,1692265728708,1693237992835,430,365,65
1167,1693237992835,1692265728762,1692265728951,1693237993079,244,189,55
1168,1693237993079,1692265728990,1692265729331,1693237993458,379,341,38
1169,1693237993458,1692265729379,1692265729651,1693237993802,344,272,72
1170,1693237993802,1692265729705,1692265729983,1693237994172,370,278,92
1171,1693237994173,1692265730111,1692265730418,1693237994545,372,307,65
1172,1693237994545,1692265730474,1692265730812,1693237994940,395,338,57
1173,1693237994940,1692265730864,1692265731048,1693237995176,236,184,52
1174,1693237995176,1692265731095,1692265731373,1693237995545,369,278,91
1175,1693237995545,1692265731458,1692265731746,1693237995873,328,288,40
1176,1693237995873,1692265731782,1692265732026,1693237996186,313,244,69
1177,1693237996186,1692265732093,1692265732280,1693237996407,221,187,34
1178,1693237996407,1692265732343,1692265732672,1693237996811,404,329,75
1179,1693237996811,1692265732718,1692265732986,1693237997113,302,268,34
1180,1693237997113,1692265733030,1692265733237,1693237997365,252,207,45
1181,1693237997365,1692265733277,1692265733614,1693237997741,376,337,39
1182,1693237997741,1692265733660,1692265733853,1693237997981,240,193,47
1183,1693237997981,1692265733890,1692265734232,1693237998476,495,342,153
1184,1693237998476,1692265734397,1692265734623,1693237998827,351,226,125
1185,1693237998827,1692265734749,1692265735062,1693237999189,362,313,49
1186,1693237999190,1692265735118,1692265735346,1693237999474,284,228,56
1187,1693237999474,1692265735368,1692265735661,1693237999807,333,293,40
1188,1693237999807,1692265735714,1692265735894,1693238000035,228,180,48
1189,1693238000035,1692265736229,1692265736391,1693238000520,485,162,323
1190,1693238000528,1692265736445,1692265736608,1693238000736,208,163,45
1191,1693238000736,1692265736658,1692265736821,1693238000949,213,163,50
1192,1693238000949,1692265736876,1692265737040,1693238001167,218,164,54
1193,1693238001167,1692265737078,1692265737241,1693238001368,201,163,38
1194,1693238001368,1692265737278,1692265737441,1693238001568,200,163,37
1195,1693238001568,1692265737481,1692265737642,1693238001770,202,161,41
1196,1693238001770,1692265737708,1692265737873,1693238002000,230,165,65
1197,1693238002000,1692265737910,1692265738075,1693238002202,202,165,37
1198,1693238002202,1692265738160,1692265738323,1693238002450,248,163,85
1199,1693238002450,1692265738363,1692265738524,1693238002651,201,161,40
1200,1693238002652,1692265738565,1692265738727,1693238002854,202,162,40
1201,1693238002854,1692265738777,1692265738941,1693238003069,215,164,51
1202,1693238003069,1692265738969,1692265739132,1693238003259,190,163,27
1203,1693238003259,1692265739188,1692265739351,1693238003479,220,163,57
1204,1693238003479,1692265739394,1692265739556,1693238003683,204,162,42
1205,1693238003684,1692265739588,1692265739751,1693238003878,194,163,31
1206,1693238003878,1692265739808,1692265739971,1693238004098,220,163,57
1207,1693238004098,1692265739999,1692265740163,1693238004314,216,164,52
1208,1693238004314,1692265740253,1692265740417,1693238004549,235,164,71
1209,1693238004549,1692265740461,1692265740624,1693238004751,202,163,39
1210,1693238004751,1692265740661,1692265740823,1693238004950,199,162,37
1211,1693238004950,1692265740880,1692265741043,1693238005171,221,163,58
1212,1693238005171,1692265741079,1692265741241,1693238005369,198,162,36
1213,1693238005369,1692265741269,1692265741431,1693238005558,189,162,27
1214,1693238005558,1692265741474,1692265741637,1693238005764,206,163,43
1215,1693238005764,1692265741698,1692265741861,1693238005988,224,163,61
1216,1693238005989,1692265741924,1692265742088,1693238006215,226,164,62
1217,1693238006215,1692265742120,1692265742282,1693238006409,194,162,32
1218,1693238006409,1692265742326,1692265742488,1693238006616,207,162,45
1219,1693238006616,1692265742536,1692265742699,1693238006829,213,163,50
1220,1693238006829,1692265742763,1692265742926,1693238007053,224,163,61
1221,1693238007054,1692265742971,1692265743134,1693238007261,207,163,44
1222,1693238007261,1692265743192,1692265743357,1693238007484,223,165,58
1223,1693238007484,1692265743395,1692265743558,1693238007685,201,163,38
1224,1693238007685,1692265743592,1692265743754,1693238007881,196,162,34
1225,1693238007881,1692265743791,1692265743952,1693238008079,198,161,37
1226,1693238008080,1692265743983,1692265744147,1693238008274,194,164,30
1227,1693238008274,1692265744197,1692265744359,1693238008487,213,162,51
1228,1693238008487,1692265744405,1692265744569,1693238008698,211,164,47
1229,1693238008698,1692265744621,1692265744784,1693238008911,213,163,50
1230,1693238008911,1692265744822,1692265744985,1693238009112,201,163,38
1231,1693238009112,1692265745024,1692265745187,1693238009314,202,163,39
1232,1693238009314,1692265745219,1692265745382,1693238009510,196,163,33
1233,1693238009510,1692265745434,1692265745598,1693238009725,215,164,51
1234,1693238009725,1692265745639,1692265745802,1693238009929,204,163,41
1235,1693238009929,1692265745841,1692265746004,1693238010132,203,163,40
1236,1693238010132,1692265746043,1692265746205,1693238010341,209,162,47
1237,1693238010342,1692265746262,1692265746427,1693238010555,213,165,48
1238,1693238010556,1692265746481,1692265746645,1693238010772,216,164,52
1239,1693238010772,1692265746687,1692265746850,1693238010977,205,163,42
1240,1693238010977,1692265746899,1692265747063,1693238011190,213,164,49
1241,1693238011190,1692265747111,1692265747274,1693238011401,211,163,48
1242,1693238011401,1692265747331,1692265747495,1693238011622,221,164,57
1243,1693238011622,1692265747533,1692265747696,1693238011823,201,163,38
1244,1693238011823,1692265747728,1692265747890,1693238012018,195,162,33
1245,1693238012019,1692265747939,1692265748101,1693238012228,209,162,47
1246,1693238012228,1692265748140,1692265748303,1693238012430,202,163,39
1247,1693238012430,1692265748329,1692265748492,1693238012619,189,163,26
1248,1693238012619,1692265748547,1692265748711,1693238012838,219,164,55
1249,1693238012839,1692265748761,1692265748924,1693238013051,212,163,49
1250,1693238013051,1692265749000,1692265749164,1693238013291,240,164,76
1251,1693238013291,1692265749219,1692265749382,1693238013510,219,163,56
1252,1693238013510,1692265749441,1692265749605,1693238013733,223,164,59
1253,1693238013733,1692265749668,1692265749830,1693238013957,224,162,62
1254,1693238013957,1692265749900,1692265750062,1693238014189,232,162,70
1255,1693238014189,1692265750131,1692265750294,1693238014421,232,163,69
1256,1693238014421,1692265750354,1692265750517,1693238014644,223,163,60
1257,1693238014644,1692265750549,1692265750711,1693238014838,194,162,32
1258,1693238014838,1692265750752,1692265750916,1693238015043,205,164,41
1259,1693238015044,1692265750968,1692265751133,1693238015260,216,165,51
1260,1693238015260,1692265751182,1692265751346,1693238015473,213,164,49
1261,1693238015473,1692265751389,1692265751551,1693238015678,205,162,43
1262,1693238015678,1692265751583,1692265751748,1693238015875,197,165,32
1263,1693238015875,1692265751807,1692265751970,1693238016098,223,163,60
1264,1693238016098,1692265752005,1692265752166,1693238016293,195,161,34
1265,1693238016293,1692265752204,1692265752366,1693238016495,202,162,40
1266,1693238016495,1692265752403,1692265752564,1693238016691,196,161,35
1267,1693238016691,1692265752618,1692265752783,1693238016910,219,165,54
1268,1693238016910,1692265752828,1692265752992,1693238017120,210,164,46
1269,1693238017120,1692265753031,1692265753193,1693238017320,200,162,38
1270,1693238017320,1692265753232,1692265753394,1693238017521,201,162,39
1271,1693238017522,1692265753425,1692265753586,1693238017713,191,161,30
1272,1693238017713,1692265753624,1692265753786,1693238017914,201,162,39
1273,1693238017914,1692265753832,1692265753994,1693238018121,207,162,45
1274,1693238018121,1692265754033,1692265754194,1693238018322,201,161,40
1275,1693238018322,1692265754250,1692265754413,1693238018545,223,163,60
1276,1693238018545,1692265754458,1692265754621,1693238018750,205,163,42
1277,1693238018750,1692265754654,1692265754817,1693238018944,194,163,31
1278,1693238018944,1692265754852,1692265755014,1693238019144,200,162,38
1279,1693238019144,1692265755069,1692265755232,1693238019363,219,163,56
1280,1693238019363,1692265755311,1692265755476,1693238019603,240,165,75
1281,1693238019603,1692265755563,1692265755729,1693238019856,253,166,87
1282,1693238019856,1692265755765,1692265755926,1693238020054,198,161,37
1283,1693238020054,1692265755970,1692265756134,1693238020262,208,164,44
1284,1693238020262,1692265756187,1692265756353,1693238020480,218,166,52
1285,1693238020480,1692265756398,1692265756560,1693238020687,207,162,45
1286,1693238020687,1692265756599,1692265756761,1693238020888,201,162,39
1287,1693238020888,1692265756804,1692265756966,1693238021093,205,162,43
1288,1693238021093,1692265757006,1692265757168,1693238021295,202,162,40
1289,1693238021295,1692265757202,1692265757364,1693238021491,196,162,34
1290,1693238021491,1692265757405,1692265757567,1693238021694,203,162,41
1291,1693238021694,1692265757619,1692265757782,1693238021911,217,163,54
1292,1693238021912,1692265757833,1692265757996,1693238022123,211,163,48
1293,1693238022123,1692265758070,1692265758235,1693238022362,239,165,74
1294,1693238022362,1692265758276,1692265758440,1693238022567,205,164,41
1295,1693238022567,1692265758475,1692265758636,1693238022763,196,161,35
1296,1693238022763,1692265758686,1692265758849,1693238022976,213,163,50
1297,1693238022976,1692265758900,1692265759062,1693238023188,212,162,50
1298,1693238023189,1692265759124,1692265759287,1693238023414,225,163,62
1299,1693238023414,1692265759340,1692265759503,1693238023630,216,163,53
1300,1693238023630,1692265759547,1692265759709,1693238023836,206,162,44
1301,1693238023836,1692265759756,1692265759918,1693238024045,209,162,47
1302,1693238024045,1692265759973,1692265760136,1693238024271,226,163,63
1303,1693238024271,1692265760175,1692265760337,1693238024464,193,162,31
1304,1693238024464,1692265760371,1692265760532,1693238024659,195,161,34
1305,1693238024659,1692265760573,1692265760736,1693238024863,204,163,41
1306,1693238024863,1692265760769,1692265760931,1693238025058,195,162,33
1307,1693238025058,1692265760980,1692265761143,1693238025270,212,163,49
1308,1693238025270,1692265761175,1692265761337,1693238025464,194,162,32
1309,1693238025464,1692265761361,1692265761525,1693238025652,188,164,24
1310,1693238025652,1692265761564,1692265761728,1693238025855,203,164,39
1311,1693238025855,1692265761758,1692265761921,1693238026048,193,163,30
1312,1693238026048,1692265761975,1692265762140,1693238026267,219,165,54
1313,1693238026267,1692265762185,1692265762346,1693238026473,206,161,45
1314,1693238026473,1692265762365,1692265762528,1693238026655,182,163,19
1315,1693238026655,1692265762555,1692265762718,1693238026845,190,163,27
1316,1693238026845,1692265762775,1692265762939,1693238027066,221,164,57
1317,1693238027066,1692265762988,1692265763153,1693238027280,214,165,49
1318,1693238027280,1692265763190,1692265763354,1693238027481,201,164,37
1319,1693238027481,1692265763403,1692265763568,1693238027695,214,165,49
1320,1693238027696,1692265763628,1692265763793,1693238027920,224,165,59
1321,1693238027920,1692265763830,1692265763993,1693238028120,200,163,37
1322,1693238028120,1692265764047,1692265764211,1693238028338,218,164,54
1323,1693238028338,1692265764288,1692265764452,1693238028579,241,164,77
1324,1693238028579,1692265764501,1692265764665,1693238028792,213,164,49
1325,1693238028792,1692265764695,1692265764857,1693238028984,192,162,30
1326,1693238028984,1692265764905,1692265765069,1693238029196,212,164,48
1327,1693238029196,1692265765126,1692265765289,1693238029416,220,163,57
1328,1693238029416,1692265765330,1692265765493,1693238029620,204,163,41
1329,1693238029621,1692265765543,1692265765708,1693238029834,213,165,48
1330,1693238029834,1692265765769,1692265765934,1693238030061,227,165,62
1331,1693238030062,1692265766133,1692265766295,1693238030422,360,162,198
1332,1693238030422,1692265766335,1692265766496,1693238030625,203,161,42
1333,1693238030787,1692265766712,1692265766882,1693238031009,222,170,52
1334,1693238031009,1692265766936,1692265767258,1693238031385,376,322,54
1335,1693238031386,1692265767291,1692265767476,1693238031603,217,185,32
1336,1693238031603,1692265767524,1692265767728,1693238031855,252,204,48
1337,1693238031855,1692265767760,1692265768029,1693238032156,301,269,32
1338,1693238032156,1692265768065,1692265768366,1693238032493,337,301,36
1339,1693238032493,1692265768402,1692265768720,1693238032847,354,318,36
1340,1693238032847,1692265768746,1692265769092,1693238033220,373,346,27
1341,1693238033220,1692265769113,1692265769409,1693238033536,316,296,20
1342,1693238033536,1692265769464,1692265769789,1693238033916,380,325,55
1343,1693238033916,1692265769815,1692265770148,1693238034275,359,333,26
1344,1693238034275,1692265770187,1692265770538,1693238034665,390,351,39
1345,1693238034665,1692265770581,1692265770814,1693238034941,276,233,43
1346,1693238034941,1692265770849,1692265771038,1693238035165,224,189,35
1347,1693238035165,1692265771089,1692265771429,1693238035556,391,340,51
1348,1693238035557,1692265771463,1692265771784,1693238035912,355,321,34
1349,1693238035912,1692265771830,1692265772006,1693238036133,221,176,45
1350,1693238036133,1692265772044,1692265772211,1693238036339,206,167,39
1351,1693238036339,1692265772246,1692265772446,1693238036573,234,200,34
1352,1693238036573,1692265772478,1692265772770,1693238036918,345,292,53
1353,1693238036918,1692265772825,1692265773011,1693238037138,220,186,34
1354,1693238037138,1692265773050,1692265773248,1693238037375,237,198,39
1355,1693238037375,1692265773286,1692265773558,1693238037798,423,272,151
1356,1693238037798,1692265773707,1692265773961,1693238038180,382,254,128
1357,1693238038180,1692265774101,1692265774325,1693238038452,272,224,48
1358,1693238038452,1692265774363,1692265774633,1693238038783,331,270,61
1359,1693238038784,1692265774701,1692265774977,1693238039128,344,276,68
1360,1693238039128,1692265775049,1692265775353,1693238039480,352,304,48
1361,1693238039480,1692265775395,1692265775596,1693238039725,245,201,44
1362,1693238039725,1692265775646,1692265775815,1693238039945,220,169,51
1363,1693238039945,1692265775941,1692265776284,1693238040435,490,343,147
1364,1693238040435,1692265776365,1692265776537,1693238040664,229,172,57
1365,1693238040664,1692265776576,1692265776796,1693238040923,259,220,39
1366,1693238040923,1692265776839,1692265777039,1693238041166,243,200,43
1367,1693238041166,1692265777087,1692265777292,1693238041419,253,205,48
1368,1693238041419,1692265777344,1692265777606,1693238041790,371,262,109
1369,1693238041790,1692265777693,1692265777982,1693238042186,396,289,107
1370,1693238042186,1692265778102,1692265778376,1693238042504,318,274,44
1371,1693238042504,1692265778422,1692265778647,1693238042814,310,225,85
1372,1693238042814,1692265778724,1692265778926,1693238043311,497,202,295
1373,1693238043311,1692265779227,1692265779578,1693238043705,394,351,43
1374,1693238043706,1692265779642,1692265779942,1693238044069,363,300,63
1375,1693238044069,1692265779976,1692265780183,1693238044310,241,207,34
1376,1693238044310,1692265780234,1692265780496,1693238044622,312,262,50
1377,1693238044623,1692265780526,1692265780712,1693238044840,217,186,31
1378,1693238044840,1692265780763,1692265781090,1693238045238,398,327,71
1379,1693238045238,1692265781160,1692265781445,1693238045573,335,285,50
1380,1693238045573,1692265781496,1692265781782,1693238045909,336,286,50
1381,1693238045909,1692265781844,1692265782064,1693238046284,375,220,155
1382,1693238046284,1692265782204,1692265782372,1693238046499,215,168,47
1383,1693238046499,1692265782408,1692265782703,1693238046838,339,295,44
1384,1693238046838,1692265782735,1692265782953,1693238047080,242,218,24
1385,1693238047080,1692265783006,1692265783289,1693238047418,338,283,55
1386,1693238047418,1692265783350,1692265783686,1693238047814,396,336,60
1387,1693238047814,1692265783740,1692265784090,1693238048217,403,350,53
1388,1693238048217,1692265784147,1692265784352,1693238048513,296,205,91
1389,1693238048513,1692265784436,1692265784611,1693238048738,225,175,50
1390,1693238048738,1692265784669,1692265784867,1693238048994,256,198,58
1391,1693238048994,1692265784909,1692265785137,1693238049264,270,228,42
1392,1693238049264,1692265785196,1692265785386,1693238049529,265,190,75
1393,1693238049529,1692265785449,1692265785782,1693238049909,380,333,47
1394,1693238049909,1692265785821,1692265786159,1693238050316,407,338,69
1395,1693238050316,1692265786212,1692265786500,1693238050643,327,288,39
1396,1693238050643,1692265786570,1692265786781,1693238050908,265,211,54
1397,1693238050908,1692265786817,1692265787087,1693238051214,306,270,36
1398,1693238051214,1692265787126,1692265787464,1693238051591,377,338,39
1399,1693238051591,1692265787506,1692265787690,1693238051817,226,184,42
1400,1693238051817,1692265787744,1692265788027,1693238052164,347,283,64
1401,1693238052164,1692265788075,1692265788360,1693238052505,341,285,56
1402,1693238052506,1692265788425,1692265788780,1693238052907,401,355,46
1403,1693238052907,1692265788820,1692265789161,1693238053288,381,341,40
1404,1693238053288,1692265789213,1692265789562,1693238053690,402,349,53
1405,1693238053690,1692265789619,1692265789969,1693238054096,406,350,56
1406,1693238054096,1692265790009,1692265790215,1693238054345,249,206,43
1407,1693238054345,1692265790250,1692265790418,1693238054545,200,168,32
1408,1693238054546,1692265790486,1692265790703,1693238054831,285,217,68
1409,1693238054831,1692265790765,1692265790947,1693238055079,248,182,66
1410,1693238055079,1692265790988,1692265791309,1693238055436,357,321,36
1411,1693238055436,1692265791365,1692265791703,1693238055830,394,338,56
1412,1693238055830,1692265791740,1692265791920,1693238056047,217,180,37
1413,1693238056047,1692265791963,1692265792140,1693238056267,220,177,43
1414,1693238056267,1692265792180,1692265792450,1693238056579,312,270,42
1415,1693238056579,1692265792503,1692265792788,1693238056914,335,285,50
1416,1693238056914,1692265792851,1692265793109,1693238057236,322,258,64
1417,1693238057236,1692265793146,1692265793378,1693238057512,276,232,44
1418,1693238057512,1692265793479,1692265793790,1693238057917,405,311,94
1419,1693238057917,1692265793835,1692265794074,1693238058277,360,239,121
1420,1693238058277,1692265794199,1692265794380,1693238058507,230,181,49
1421,1693238058507,1692265794414,1692265794691,1693238058887,380,277,103
1422,1693238058888,1692265794806,1692265795085,1693238059403,515,279,236
1423,1693238059403,1692265795328,1692265795598,1693238059725,322,270,52
1424,1693238059725,1692265795659,1692265795943,1693238060070,345,284,61
1425,1693238060070,1692265795966,1692265796273,1693238060451,381,307,74
1426,1693238060451,1692265796379,1692265796551,1693238060677,226,172,54
1427,1693238060678,1692265796610,1692265796804,1693238060930,252,194,58
1428,1693238060940,1692265796842,1692265797003,1693238061130,190,161,29
1429,1693238061130,1692265797050,1692265797214,1693238061340,210,164,46
1430,1693238061340,1692265797242,1692265797404,1693238061531,191,162,29
1431,1693238061531,1692265797436,1692265797596,1693238061724,193,160,33
1432,1693238061724,1692265797637,1692265797799,1693238061926,202,162,40
1433,1693238061926,1692265797828,1692265797990,1693238062117,191,162,29
1434,1693238062117,1692265798023,1692265798185,1693238062312,195,162,33
1435,1693238062312,1692265798219,1692265798381,1693238062507,195,162,33
1436,1693238062507,1692265798434,1692265798598,1693238062724,217,164,53
1437,1693238062724,1692265798647,1692265798811,1693238062937,213,164,49
1438,1693238062937,1692265798851,1692265799013,1693238063139,202,162,40
1439,1693238063139,1692265799086,1692265799250,1693238063378,239,164,75
1440,1693238063378,1692265799286,1692265799447,1693238063574,196,161,35
1441,1693238063574,1692265799501,1692265799664,1693238063791,217,163,54
1442,1693238063791,1692265799691,1692265799853,1693238063980,189,162,27
1443,1693238063980,1692265799890,1692265800051,1693238064178,198,161,37
1444,1693238064178,1692265800077,1692265800242,1693238064368,190,165,25
1445,1693238064369,1692265800303,1692265800465,1693238064592,223,162,61
1446,1693238064592,1692265800527,1692265800690,1693238064817,225,163,62
1447,1693238064817,1692265800739,1692265800902,1693238065035,218,163,55
1448,1693238065035,1692265800967,1692265801132,1693238065259,224,165,59
1449,1693238065259,1692265801190,1692265801354,1693238065480,221,164,57
1450,1693238065481,1692265801409,1692265801572,1693238065699,218,163,55
1451,1693238065699,1692265801631,1692265801795,1693238065922,223,164,59
1452,1693238065922,1692265801834,1692265801995,1693238066122,200,161,39
1453,1693238066122,1692265802049,1692265802212,1693238066338,216,163,53
1454,1693238066338,1692265802257,1692265802419,1693238066546,208,162,46
1455,1693238066546,1692265802470,1692265802634,1693238066761,215,164,51
1456,1693238066761,1692265802677,1692265802840,1693238066967,206,163,43
1457,1693238066967,1692265802866,1692265803028,1693238067155,188,162,26
1458,1693238067155,1692265803078,1692265803241,1693238067368,213,163,50
1459,1693238067368,1692265803315,1692265803479,1693238067605,237,164,73
1460,1693238067606,1692265803513,1692265803675,1693238067801,195,162,33
1461,1693238067801,1692265803708,1692265803871,1693238067997,196,163,33
1462,1693238067997,1692265803909,1692265804072,1693238068198,201,163,38
1463,1693238068198,1692265804113,1692265804276,1693238068402,204,163,41
1464,1693238068402,1692265804306,1692265804468,1693238068594,192,162,30
1465,1693238068594,1692265804510,1692265804672,1693238068799,205,162,43
1466,1693238068799,1692265804703,1692265804865,1693238068992,193,162,31
1467,1693238068992,1692265804898,1692265805059,1693238069186,194,161,33
1468,1693238069186,1692265805090,1692265805252,1693238069378,192,162,30
1469,1693238069379,1692265805287,1692265805449,1693238069575,196,162,34
1470,1693238069575,1692265805497,1692265805661,1693238069787,212,164,48
1471,1693238069787,1692265805716,1692265805879,1693238070005,218,163,55
1472,1693238070006,1692265805909,1692265806071,1693238070197,191,162,29
1473,1693238070197,1692265806134,1692265806297,1693238070423,226,163,63
1474,1693238070423,1692265806332,1692265806493,1693238070619,196,161,35
1475,1693238070619,1692265806566,1692265806729,1693238070857,238,163,75
1476,1693238070857,1692265806767,1692265806930,1693238071058,201,163,38
1477,1693238071058,1692265806964,1692265807125,1693238071251,193,161,32
1478,1693238071251,1692265807176,1692265807338,1693238071465,214,162,52
1479,1693238071465,1692265807399,1692265807562,1693238071689,224,163,61
1480,1693238071689,1692265807625,1692265807789,1693238071915,226,164,62
1481,1693238071916,1692265807849,1692265808014,1693238072140,224,165,59
1482,1693238072140,1692265808051,1692265808215,1693238072341,201,164,37
1483,1693238072341,1692265808251,1692265808413,1693238072539,198,162,36
1484,1693238072539,1692265808454,1692265808618,1693238072744,205,164,41
1485,1693238072744,1692265808666,1692265808830,1693238072956,212,164,48
1486,1693238072956,1692265808866,1692265809027,1693238073154,198,161,37
1487,1693238073154,1692265809080,1692265809242,1693238073369,215,162,53
1488,1693238073369,1692265809282,1692265809445,1693238073571,202,163,39
1489,1693238073571,1692265809480,1692265809641,1693238073768,197,161,36
1490,1693238073768,1692265809711,1692265809877,1693238074003,235,166,69
1491,1693238074003,1692265809930,1692265810093,1693238074219,216,163,53
1492,1693238074220,1692265810134,1692265810296,1693238074423,203,162,41
1493,1693238074423,1692265810346,1692265810509,1693238074636,213,163,50
1494,1693238074636,1692265810563,1692265810728,1693238074854,218,165,53
1495,1693238074854,1692265810768,1692265810930,1693238075057,203,162,41
1496,1693238075057,1692265810958,1692265811121,1693238075247,190,163,27
1497,1693238075247,1692265811174,1692265811338,1693238075464,217,164,53
1498,1693238075464,1692265811391,1692265811554,1693238075680,216,163,53
1499,1693238075681,1692265811587,1692265811748,1693238075875,194,161,33
1500,1693238075875,1692265811798,1692265811960,1693238076087,212,162,50
1501,1693238076087,1692265811993,1692265812154,1693238076281,194,161,33
1502,1693238076281,1692265812192,1692265812355,1693238076482,201,163,38
1503,1693238076482,1692265812421,1692265812585,1693238076712,230,164,66
1504,1693238076712,1692265812642,1692265812805,1693238076932,220,163,57
1505,1693238076932,1692265812840,1692265813002,1693238077128,196,162,34
1506,1693238077128,1692265813055,1692265813218,1693238077344,216,163,53
1507,1693238077344,1692265813266,1692265813431,1693238077558,214,165,49
1508,1693238077558,1692265813477,1692265813640,1693238077767,209,163,46
1509,1693238077767,1692265813688,1692265813850,1693238077977,210,162,48
1510,1693238077977,1692265813903,1692265814067,1693238078194,217,164,53
1511,1693238078194,1692265814132,1692265814297,1693238078424,230,165,65
1512,1693238078424,1692265814333,1692265814496,1693238078622,198,163,35
1513,1693238078623,1692265814532,1692265814695,1693238078821,198,163,35
1514,1693238078821,1692265814728,1692265814889,1693238079015,194,161,33
1515,1693238079015,1692265814924,1692265815085,1693238079211,196,161,35
1516,1693238079211,1692265815117,1692265815279,1693238079405,194,162,32
1517,1693238079405,1692265815318,1692265815479,1693238079607,202,161,41
1518,1693238079607,1692265815518,1692265815681,1693238079807,200,163,37
1519,1693238079807,1692265815713,1692265815874,1693238080001,194,161,33
1520,1693238080001,1692265815923,1692265816086,1693238080212,211,163,48
1521,1693238080213,1692265816108,1692265816269,1693238080396,183,161,22
1522,1693238080396,1692265816309,1692265816472,1693238080599,203,163,40
1523,1693238080599,1692265816508,1692265816674,1693238080800,201,166,35
1524,1693238080800,1692265816710,1692265816873,1693238081000,200,163,37
1525,1693238081000,1692265816903,1692265817064,1693238081191,191,161,30
1526,1693238081191,1692265817113,1692265817275,1693238081402,211,162,49
1527,1693238081402,1692265817308,1692265817469,1693238081595,193,161,32
1528,1693238081595,1692265817509,1692265817670,1693238081796,201,161,40
1529,1693238081796,1692265817710,1692265817873,1693238081999,203,163,40
1530,1693238082000,1692265817938,1692265818102,1693238082228,228,164,64
1531,1693238082228,1692265818152,1692265818314,1693238082441,213,162,51
1532,1693238082441,1692265818341,1692265818503,1693238082629,188,162,26
1533,1693238082629,1692265818544,1692265818707,1693238082834,205,163,42
1534,1693238082834,1692265818746,1692265818908,1693238083035,201,162,39
1535,1693238083035,1692265818948,1692265819112,1693238083238,203,164,39
1536,1693238083238,1692265819174,1692265819338,1693238083464,226,164,62
1537,1693238083464,1692265819378,1692265819540,1693238083668,204,162,42
1538,1693238083668,1692265819570,1692265819732,1693238083858,190,162,28
1539,1693238083858,1692265819780,1692265819942,1693238084068,210,162,48
1540,1693238084069,1692265819968,1692265820129,1693238084256,187,161,26
1541,1693238084256,1692265820181,1692265820345,1693238084472,216,164,52
1542,1693238084472,1692265820396,1692265820559,1693238084685,213,163,50
1543,1693238084685,1692265820590,1692265820751,1693238084877,192,161,31
1544,1693238084877,1692265820805,1692265820967,1693238085094,217,162,55
1545,1693238085094,1692265820986,1692265821147,1693238085274,180,161,19
1546,1693238085274,1692265821191,1692265821353,1693238085480,206,162,44
1547,1693238085480,1692265821381,1692265821543,1693238085669,189,162,27
1548,1693238085669,1692265821590,1692265821753,1693238085879,210,163,47
1549,1693238085879,1692265821790,1692265821952,1693238086078,199,162,37
1550,1693238086078,1692265821996,1692265822158,1693238086285,207,162,45
1551,1693238086285,1692265822192,1692265822355,1693238086481,196,163,33
1552,1693238086481,1692265822418,1692265822582,1693238086709,228,164,64
1553,1693238086709,1692265822645,1692265822809,1693238086935,226,164,62
1554,1693238086935,1692265822855,1692265823018,1693238087145,210,163,47
1555,1693238087145,1692265823060,1692265823222,1693238087348,203,162,41
1556,1693238087348,1692265823255,1692265823416,1693238087543,195,161,34
1557,1693238087543,1692265823462,1692265823625,1693238087751,208,163,45
1558,1693238087751,1692265823662,1692265823824,1693238087950,199,162,37
1559,1693238087950,1692265823887,1692265824050,1693238088176,226,163,63
1560,1693238088176,1692265824086,1692265824248,1693238088374,198,162,36
1561,1693238088374,1692265824283,1692265824444,1693238088570,196,161,35
1562,1693238088570,1692265824494,1692265824659,1693238088787,217,165,52
1563,1693238088787,1692265824678,1692265824839,1693238088965,178,161,17
1564,1693238088965,1692265824875,1692265825037,1693238089163,198,162,36
1565,1693238089163,1692265825083,1692265825245,1693238089371,208,162,46
1566,1693238089371,1692265825292,1692265825455,1693238089581,210,163,47
1567,1693238089581,1692265825492,1692265825654,1693238089780,199,162,37
1568,1693238089780,1692265825717,1692265825881,1693238090007,227,164,63
1569,1693238090007,1692265825915,1692265826076,1693238090453,446,161,285
1570,1693238090453,1692265826361,1692265826523,1693238090649,196,162,34
1571,1693238090650,1692265826561,1692265826722,1693238090848,198,161,37
1572,1693238090848,1692265826759,1692265826921,1693238091047,199,162,37
1573,1693238091207,1692265827146,1692265827348,1693238091474,267,202,65
1574,1693238091474,1692265827397,1692265827588,1693238091714,240,191,49
1575,1693238091715,1692265827642,1692265827910,1693238092037,322,268,54
1576,1693238092037,1692265827933,1692265828192,1693238092375,338,259,79
1577,1693238092375,1692265828278,1692265828477,1693238092604,229,199,30
1578,1693238092604,1692265828514,1692265828798,1693238092924,320,284,36
1579,1693238092924,1692265828851,1692265829021,1693238093148,224,170,54
1580,1693238093148,1692265829072,1692265829413,1693238093539,391,341,50
1581,1693238093539,1692265829450,1692265829622,1693238093749,210,172,38
1582,1693238093749,1692265829661,1692265829888,1693238094014,265,227,38
1583,1693238094015,1692265829916,1692265830180,1693238094307,292,264,28
1584,1693238094307,1692265830214,1692265830429,1693238094556,249,215,34
1585,1693238094556,1692265830462,1692265830636,1693238094763,207,174,33
1586,1693238094763,1692265830691,1692265830876,1693238095003,240,185,55
1587,1693238095003,1692265830917,1692265831201,1693238095447,444,284,160
1588,1693238095447,1692265831366,1692265831665,1693238095792,345,299,46
1589,1693238095792,1692265831706,1692265832043,1693238096170,378,337,41
1590,1693238096170,1692265832083,1692265832272,1693238096398,228,189,39
1591,1693238096398,1692265832309,1692265832593,1693238096719,321,284,37
1592,1693238096719,1692265832620,1692265832831,1693238096957,238,211,27
1593,1693238096957,1692265832868,1692265833121,1693238097248,291,253,38
1594,1693238097248,1692265833160,1692265833510,1693238097636,388,350,38
1595,1693238097636,1692265833596,1692265833930,1693238098107,471,334,137
1596,1693238098107,1692265834016,1692265834347,1693238098474,367,331,36
1597,1693238098474,1692265834365,1692265834588,1693238098928,454,223,231
1598,1693238098928,1692265834835,1692265835107,1693238099438,510,272,238
1599,1693238099438,1692265835345,1692265835531,1693238099657,219,186,33
1600,1693238099657,1692265835575,1692265835915,1693238100055,398,340,58
1601,1693238100055,1692265835981,1692265836329,1693238100567,512,348,164
1602,1693238100568,1692265836494,1692265836833,1693238100976,408,339,69
1603,1693238100976,1692265836880,1692265837121,1693238101281,305,241,64
1604,1693238101281,1692265837188,1692265837369,1693238101495,214,181,33
1605,1693238101495,1692265837429,1692265837688,1693238101815,320,259,61
1606,1693238101815,1692265837730,1692265837935,1693238102103,288,205,83
1607,1693238102103,1692265838017,1692265838309,1693238102436,333,292,41
1608,1693238102436,1692265838377,1692265838686,1693238102812,376,309,67
1609,1693238102812,1692265838735,1692265839009,1693238103230,418,274,144
1610,1693238103230,1692265839132,1692265839377,1693238103537,307,245,62
1611,1693238103537,1692265839444,1692265839747,1693238103946,409,303,106
1612,1693238103946,1692265839855,1692265840195,1693238104321,375,340,35
1613,1693238104321,1692265840225,1692265840498,1693238104766,445,273,172
1614,1693238104766,1692265840682,1692265840953,1693238105175,409,271,138
1615,1693238105175,1692265841091,1692265841374,1693238105500,325,283,42
1616,1693238105500,1692265841409,1692265841680,1693238105891,391,271,120
1617,1693238105891,1692265841790,1692265841988,1693238106115,224,198,26
1618,1693238106115,1692265842060,1692265842293,1693238106420,305,233,72
1619,1693238106420,1692265842334,1692265842674,1693238106809,389,340,49
1620,1693238106809,1692265842727,1692265842938,1693238107067,258,211,47
1621,1693238107067,1692265842993,1692265843197,1693238107323,256,204,52
1622,1693238107323,1692265843235,1692265843415,1693238107541,218,180,38
1623,1693238107541,1692265843453,1692265843622,1693238107748,207,169,38
1624,1693238107748,1692265843675,1692265843878,1693238108004,256,203,53
1625,1693238108004,1692265843929,1692265844122,1693238108249,245,193,52
1626,1693238108249,1692265844180,1692265844502,1693238108627,378,322,56
1627,1693238108627,1692265844546,1692265844739,1693238108865,238,193,45
1628,1693238108865,1692265844770,1692265844966,1693238109092,227,196,31
1629,1693238109092,1692265845016,1692265845351,1693238109478,386,335,51
1630,1693238109478,1692265845399,1692265845702,1693238109828,350,303,47
1631,1693238109828,1692265845756,1692265845997,1693238110123,295,241,54
1632,1693238110123,1692265846038,1692265846250,1693238110376,253,212,41
1633,1693238110376,1692265846300,1692265846596,1693238110722,346,296,50
1634,1693238110723,1692265846634,1692265846844,1693238111008,285,210,75
1635,1693238111008,1692265846926,1692265847173,1693238111299,291,247,44
1636,1693238111300,1692265847207,1692265847449,1693238111576,276,242,34
1637,1693238111576,1692265847492,1692265847778,1693238111940,364,286,78
1638,1693238111940,1692265847844,1692265848114,1693238112240,300,270,30
1639,1693238112240,1692265848160,1692265848486,1693238112612,372,326,46
1640,1693238112612,1692265848544,1692265848813,1693238112957,345,269,76
1641,1693238112957,1692265848886,1692265849100,1693238113226,269,214,55
1642,1693238113226,1692265849156,1692265849340,1693238113466,240,184,56
1643,1693238113466,1692265849362,1692265849579,1693238113705,239,217,22
1644,1693238113705,1692265849619,1692265849837,1693238113963,258,218,40
1645,1693238113963,1692265849875,1692265850051,1693238114177,214,176,38
1646,1693238114177,1692265850103,1692265850449,1693238114578,401,346,55
1647,1693238114578,1692265850498,1692265850830,1693238115131,553,332,221
1648,1693238115131,1692265851048,1692265851388,1693238115514,383,340,43
1649,1693238115514,1692265851436,1692265851704,1693238115983,469,268,201
1650,1693238115983,1692265851885,1692265852110,1693238116236,253,225,28
1651,1693238116237,1692265852167,1692265852353,1693238116479,242,186,56
1652,1693238116479,1692265852387,1692265852703,1693238116829,350,316,34
1653,1693238116830,1692265852736,1692265853069,1693238117196,366,333,33
1654,1693238117196,1692265853110,1692265853369,1693238117496,300,259,41
1655,1693238117497,1692265853419,1692265853644,1693238117793,296,225,71
1656,1693238117793,1692265853708,1692265853888,1693238118014,221,180,41
1657,1693238118014,1692265853918,1692265854130,1693238118256,242,212,30
1658,1693238118256,1692265854162,1692265854508,1693238118634,378,346,32
1659,1693238118634,1692265854570,1692265854843,1693238118969,335,273,62
1660,1693238118969,1692265854900,1692265855180,1693238119307,338,280,58
1661,1693238119307,1692265855227,1692265855498,1693238119624,317,271,46
1662,1693238119624,1692265855536,1692265855838,1693238119964,340,302,38
1663,1693238119964,1692265855888,1692265856229,1693238120535,571,341,230
1664,1693238120535,1692265856435,1692265856669,1693238120796,261,234,27
1665,1693238120796,1692265856714,1692265856942,1693238121068,272,228,44
1666,1693238121068,1692265856984,1692265857200,1693238121506,438,216,222
1667,1693238121513,1692265857423,1692265857585,1693238121711,198,162,36
1668,1693238121711,1692265857618,1692265857780,1693238121906,195,162,33
1669,1693238121906,1692265857832,1692265857995,1693238122121,215,163,52
1670,1693238122121,1692265858034,1692265858196,1693238122322,201,162,39
1671,1693238122322,1692265858224,1692265858387,1693238122513,191,163,28
1672,1693238122513,1692265858427,1692265858590,1693238122718,205,163,42
1673,1693238122718,1692265858636,1692265858800,1693238122927,209,164,45
1674,1693238122927,1692265858878,1692265859042,1693238123168,241,164,77
1675,1693238123168,1692265859080,1692265859241,1693238123367,199,161,38
1676,1693238123368,1692265859301,1692265859465,1693238123595,227,164,63
1677,1693238123595,1692265859515,1692265859677,1693238123807,212,162,50
1678,1693238123807,1692265859727,1692265859889,1693238124015,208,162,46
1679,1693238124015,1692265859948,1692265860114,1693238124240,225,166,59
1680,1693238124240,1692265860179,1692265860344,1693238124492,252,165,87
1681,1693238124493,1692265860424,1692265860587,1693238124713,220,163,57
1682,1693238124714,1692265860630,1692265860793,1693238124919,205,163,42
1683,1693238124919,1692265860852,1692265861016,1693238125142,223,164,59
1684,1693238125142,1692265861054,1692265861216,1693238125343,201,162,39
1685,1693238125344,1692265861256,1692265861417,1693238125543,199,161,38
1686,1693238125543,1692265861459,1692265861624,1693238125752,209,165,44
1687,1693238125753,1692265861683,1692265861848,1693238125974,221,165,56
1688,1693238125974,1692265861900,1692265862063,1693238126189,215,163,52
1689,1693238126189,1692265862106,1692265862270,1693238126396,207,164,43
1690,1693238126396,1692265862328,1692265862492,1693238126618,222,164,58
1691,1693238126618,1692265862538,1692265862702,1693238126828,210,164,46
1692,1693238126828,1692265862728,1692265862891,1693238127017,189,163,26
1693,1693238127017,1692265862918,1692265863079,1693238127207,190,161,29
1694,1693238127207,1692265863133,1692265863297,1693238127423,216,164,52
1695,1693238127423,1692265863323,1692265863485,1693238127611,188,162,26
1696,1693238127611,1692265863508,1692265863669,1693238127795,184,161,23
1697,1693238127795,1692265863700,1692265863862,1693238127988,193,162,31
1698,1693238127988,1692265863907,1692265864069,1693238128195,207,162,45
1699,1693238128195,1692265864106,1692265864270,1693238128395,200,164,36
1700,1693238128395,1692265864320,1692265864482,1693238128608,213,162,51
1701,1693238128608,1692265864520,1692265864682,1693238128809,201,162,39
1702,1693238128809,1692265864719,1692265864881,1693238129007,198,162,36
1703,1693238129007,1692265864945,1692265865109,1693238129235,228,164,64
1704,1693238129235,1692265865150,1692265865312,1693238129439,204,162,42
1705,1693238129439,1692265865351,1692265865515,1693238129641,202,164,38
1706,1693238129641,1692265865550,1692265865711,1693238129837,196,161,35
1707,1693238129837,1692265865755,1692265865919,1693238130045,208,164,44
1708,1693238130045,1692265865948,1692265866110,1693238130235,190,162,28
1709,1693238130236,1692265866167,1692265866330,1693238130456,220,163,57
1710,1693238130456,1692265866378,1692265866541,1693238130668,212,163,49
1711,1693238130668,1692265866598,1692265866762,1693238130887,219,164,55
1712,1693238130888,1692265866820,1692265866984,1693238131110,222,164,58
1713,1693238131110,1692265867032,1692265867196,1693238131322,212,164,48
1714,1693238131322,1692265867232,1692265867394,1693238131520,198,162,36
1715,1693238131520,1692265867444,1692265867608,1693238131734,214,164,50
1716,1693238131734,1692265867646,1692265867808,1693238131934,200,162,38
1717,1693238131934,1692265867845,1692265868009,1693238132135,201,164,37
1718,1693238132135,1692265868045,1692265868207,1693238132409,274,162,112
1719,1693238132409,1692265868354,1692265868518,1693238132922,513,164,349
1720,1693238132922,1692265868819,1692265868980,1693238133106,184,161,23
1721,1693238133106,1692265869032,1692265869196,1693238133322,216,164,52
1722,1693238133322,1692265869274,1692265869439,1693238133565,243,165,78
1723,1693238133565,1692265869490,1692265869653,1693238133779,214,163,51
1724,1693238133779,1692265869696,1692265869859,1693238133985,206,163,43
1725,1693238133985,1692265869917,1692265870080,1693238134207,222,163,59
1726,1693238134207,1692265870127,1692265870292,1693238134418,211,165,46
1727,1693238134418,1692265870342,1692265870506,1693238134632,214,164,50
1728,1693238134632,1692265870533,1692265870695,1693238134821,189,162,27
1729,1693238134821,1692265870716,1692265870877,1693238135003,182,161,21
1730,1693238135003,1692265870912,1692265871074,1693238135200,197,162,35
1731,1693238135200,1692265871117,1692265871280,1693238135406,206,163,43
1732,1693238135406,1692265871323,1692265871485,1693238135611,205,162,43
1733,1693238135611,1692265871541,1692265871704,1693238135830,219,163,56
1734,1693238135830,1692265871741,1692265871902,1693238136028,198,161,37
1735,1693238136028,1692265871944,1692265872108,1693238136234,206,164,42
1736,1693238136234,1692265872148,1692265872311,1693238136437,203,163,40
1737,1693238136437,1692265872352,1692265872514,1693238136640,203,162,41
1738,1693238136640,1692265872554,1692265872716,1693238136842,202,162,40
1739,1693238136842,1692265872747,1692265872909,1693238137034,192,162,30
1740,1693238137034,1692265872959,1692265873122,1693238137248,214,163,51
1741,1693238137248,1692265873162,1692265873324,1693238137450,202,162,40
1742,1693238137450,1692265873348,1692265873510,1693238137636,186,162,24
1743,1693238137636,1692265873541,1692265873704,1693238137830,194,163,31
1744,1693238137830,1692265873770,1692265873934,1693238138060,230,164,66
1745,1693238138060,1692265873968,1692265874129,1693238138255,195,161,34
1746,1693238138255,1692265874168,1692265874330,1693238138455,200,162,38
1747,1693238138455,1692265874381,1692265874544,1693238138670,215,163,52
1748,1693238138670,1692265874580,1692265874742,1693238138868,198,162,36
1749,1693238138868,1692265874779,1692265874943,1693238139068,200,164,36
1750,1693238139068,1692265875003,1692265875166,1693238139292,224,163,61
1751,1693238139292,1692265875229,1692265875392,1693238139518,226,163,63
1752,1693238139518,1692265875444,1692265875608,1693238139734,216,164,52
1753,1693238139734,1692265875639,1692265875800,1693238139926,192,161,31
1754,1693238139926,1692265875839,1692265876001,1693238140127,201,162,39
1755,1693238140127,1692265876042,1692265876205,1693238140331,204,163,41
1756,1693238140331,1692265876237,1692265876398,1693238140524,193,161,32
1757,1693238140524,1692265876432,1692265876595,1693238140721,197,163,34
1758,1693238140721,1692265876641,1692265876802,1693238140928,207,161,46
1759,1693238140928,1692265876872,1692265877036,1693238141162,234,164,70
1760,1693238141162,1692265877106,1692265877270,1693238141395,233,164,69
1761,1693238141395,1692265877327,1692265877491,1693238141616,221,164,57
1762,1693238141616,1692265877551,1692265877715,1693238141840,224,164,60
1763,1693238141840,1692265877766,1692265877929,1693238142055,215,163,52
1764,1693238142055,1692265877975,1692265878139,1693238142265,210,164,46
1765,1693238142265,1692265878192,1692265878356,1693238142482,217,164,53
1766,1693238142482,1692265878419,1692265878582,1693238142708,226,163,63
1767,1693238142708,1692265878636,1692265878799,1693238142925,217,163,54
1768,1693238142925,1692265878848,1692265879011,1693238143137,212,163,49
1769,1693238143137,1692265879042,1692265879205,1693238143331,194,163,31
1770,1693238143331,1692265879258,1692265879421,1693238143546,215,163,52
1771,1693238143546,1692265879467,1692265879630,1693238143755,209,163,46
1772,1693238143755,1692265879659,1692265879822,1693238143952,197,163,34
1773,1693238143952,1692265879878,1692265880041,1693238144167,215,163,52
1774,1693238144167,1692265880102,1692265880266,1693238144392,225,164,61
1775,1693238144392,1692265880330,1692265880495,1693238144621,229,165,64
1776,1693238144621,1692265880536,1692265880699,1693238144824,203,163,40
1777,1693238144824,1692265880735,1692265880899,1693238145024,200,164,36
1778,1693238145024,1692265880945,1692265881109,1693238145235,211,164,47
1779,1693238145235,1692265881145,1692265881309,1693238145434,199,164,35
1780,1693238145435,1692265881360,1692265881526,1693238145651,216,166,50
1781,1693238145651,1692265881569,1692265881731,1693238145857,206,162,44
1782,1693238145857,1692265881774,1692265881938,1693238146063,206,164,42
1783,1693238146063,1692265881977,1692265882138,1693238146264,201,161,40
1784,1693238146264,1692265882191,1692265882355,1693238146480,216,164,52
1785,1693238146480,1692265882400,1692265882563,1693238146688,208,163,45
1786,1693238146689,1692265882592,1692265882754,1693238146879,190,162,28
1787,1693238146879,1692265882795,1692265882959,1693238147085,206,164,42
1788,1693238147085,1692265883017,1692265883180,1693238147306,221,163,58
1789,1693238147306,1692265883247,1692265883412,1693238147537,231,165,66
1790,1693238147537,1692265883459,1692265883623,1693238147749,212,164,48
1791,1693238147749,1692265883665,1692265883827,1693238147953,204,162,42
1792,1693238147953,1692265883873,1692265884035,1693238148161,208,162,46
1793,1693238148162,1692265884093,1692265884256,1693238148383,221,163,58
1794,1693238148383,1692265884316,1692265884481,1693238148607,224,165,59
1795,1693238148607,1692265884508,1692265884671,1693238148796,189,163,26
1796,1693238148796,1692265884710,1692265884873,1693238149000,204,163,41
1797,1693238149000,1692265884930,1692265885094,1693238149220,220,164,56
1798,1693238149220,1692265885158,1692265885322,1693238149448,228,164,64
1799,1693238149448,1692265885361,1692265885524,1693238149650,202,163,39
1800,1693238149650,1692265885574,1692265885737,1693238149862,212,163,49
1801,1693238149862,1692265885791,1692265885954,1693238150252,390,163,227
1802,1693238150252,1692265886176,1692265886342,1693238150467,215,166,49
1803,1693238150467,1692265886373,1692265886536,1693238150661,194,163,31
1804,1693238150661,1692265886564,1692265886725,1693238150851,190,161,29
1805,1693238150851,1692265886786,1692265886950,1693238151076,225,164,61
1806,1693238151076,1692265887002,1692265887164,1693238151290,214,162,52
1807,1693238151290,1692265887196,1692265887357,1693238151483,193,161,32
1808,1693238151483,1692265887396,1692265887557,1693238151683,200,161,39
1809,1693238151846,1692265887772,1692265888119,1693238152245,399,347,52
1810,1693238152245,1692265888170,1692265888460,1693238152586,341,290,51
1811,1693238152586,1692265888507,1692265888713,1693238152838,252,206,46
1812,1693238152838,1692265888755,1692265888940,1693238153066,228,185,43
1813,1693238153066,1692265888974,1692265889243,1693238153369,303,269,34
1814,1693238153369,1692265889292,1692265889477,1693238153606,237,185,52
1815,1693238153606,1692265889525,1692265889723,1693238153849,243,198,45
1816,1693238153849,1692265889759,1692265889961,1693238154087,238,202,36
1817,1693238154087,1692265889990,1692265890277,1693238154403,316,287,29
1818,1693238154403,1692265890327,1692265890511,1693238154637,234,184,50
1819,1693238154637,1692265890565,1692265890905,1693238155031,394,340,54
1820,1693238155031,1692265890978,1692265891175,1693238155301,270,197,73
1821,1693238155301,1692265891212,1692265891450,1693238155576,275,238,37
1822,1693238155576,1692265891505,1692265891730,1693238155858,282,225,57
1823,1693238155858,1692265891765,1692265891981,1693238156107,249,216,33
1824,1693238156107,1692265892035,1692265892313,1693238156439,332,278,54
1825,1693238156439,1692265892368,1692265892541,1693238156667,228,173,55
1826,1693238156667,1692265892592,1692265892910,1693238157054,387,318,69
1827,1693238157054,1692265892963,1692265893300,1693238157426,372,337,35
1828,1693238157426,1692265893337,1692265893551,1693238157677,251,214,37
1829,1693238157677,1692265893587,1692265893772,1693238157898,221,185,36
1830,1693238157898,1692265893819,1692265894061,1693238158187,289,242,47
1831,1693238158187,1692265894120,1692265894409,1693238158535,348,289,59
1832,1693238158535,1692265894460,1692265894729,1693238158855,320,269,51
1833,1693238158855,1692265894782,1692265894958,1693238159084,229,176,53
1834,1693238159084,1692265894989,1692265895175,1693238159301,217,186,31
1835,1693238159301,1692265895218,1692265895469,1693238159594,293,251,42
1836,1693238159594,1692265895535,1692265895843,1693238159969,375,308,67
1837,1693238159969,1692265895895,1692265896223,1693238160349,380,328,52
1838,1693238160349,1692265896266,1692265896478,1693238160603,254,212,42
1839,1693238160603,1692265896523,1692265896818,1693238160943,340,295,45
1840,1693238160944,1692265896854,1692265897192,1693238161317,373,338,35
1841,1693238161317,1692265897243,1692265897493,1693238161619,302,250,52
1842,1693238161619,1692265897539,1692265897773,1693238161899,280,234,46
1843,1693238161899,1692265897811,1692265898101,1693238162227,328,290,38
1844,1693238162227,1692265898131,1692265898301,1693238162427,200,170,30
1845,1693238162427,1692265898336,1692265898680,1693238162846,419,344,75
1846,1693238162846,1692265898762,1692265899034,1693238163160,314,272,42
1847,1693238163160,1692265899082,1692265899250,1693238163376,216,168,48
1848,1693238163376,1692265899305,1692265899545,1693238163671,295,240,55
1849,1693238163671,1692265899585,1692265899823,1693238163950,279,238,41
1850,1693238163950,1692265899863,1692265900204,1693238164329,379,341,38
1851,1693238164329,1692265900248,1692265900465,1693238164591,262,217,45
1852,1693238164591,1692265900533,1692265900806,1693238164932,341,273,68
1853,1693238164932,1692265900845,1692265901149,1693238165275,343,304,39
1854,1693238165275,1692265901185,1692265901510,1693238165636,361,325,36
1855,1693238165636,1692265901545,1692265901845,1693238165999,363,300,63
1856,1693238165999,1692265901905,1692265902222,1693238166348,349,317,32
1857,1693238166348,1692265902271,1692265902619,1693238166745,397,348,49
1858,1693238166745,1692265902662,1692265902867,1693238167023,278,205,73
1859,1693238167023,1692265902947,1692265903229,1693238167397,374,282,92
1860,1693238167397,1692265903330,1692265903620,1693238167746,349,290,59
1861,1693238167746,1692265903658,1692265903922,1693238168057,311,264,47
1862,1693238168057,1692265903971,1692265904307,1693238168432,375,336,39
1863,1693238168432,1692265904365,1692265904538,1693238168664,232,173,59
1864,1693238168664,1692265904574,1692265904826,1693238168952,288,252,36
1865,1693238168952,1692265904888,1692265905206,1693238169378,426,318,108
1866,1693238169378,1692265905336,1692265905682,1693238169890,512,346,166
1867,1693238169890,1692265905801,1692265906109,1693238170235,345,308,37
1868,1693238170235,1692265906163,1692265906359,1693238170485,250,196,54
1869,1693238170485,1692265906416,1692265906648,1693238170773,288,232,56
1870,1693238170773,1692265906698,1692265906987,1693238171115,342,289,53
1871,1693238171115,1692265907019,1692265907236,1693238171385,270,217,53
1872,1693238171385,1692265907312,1692265907485,1693238171613,228,173,55
1873,1693238171613,1692265907534,1692265907899,1693238172025,412,365,47
1874,1693238172025,1692265907963,1692265908266,1693238172392,367,303,64
1875,1693238172392,1692265908294,1692265908504,1693238172630,238,210,28
1876,1693238172630,1692265908542,1692265908823,1693238172948,318,281,37
1877,1693238172948,1692265908874,1692265909047,1693238173173,225,173,52
1878,1693238173173,1692265909087,1692265909422,1693238173547,374,335,39
1879,1693238173548,1692265909482,1692265909781,1693238173986,438,299,139
1880,1693238173986,1692265909895,1692265910119,1693238174282,296,224,72
1881,1693238174282,1692265910235,1692265910513,1693238174638,356,278,78
1882,1693238174638,1692265910569,1692265910829,1693238174968,330,260,70
1883,1693238174968,1692265910897,1692265911240,1693238175419,451,343,108
1884,1693238175419,1692265911337,1692265911560,1693238175686,267,223,44
1885,1693238175686,1692265911613,1692265911892,1693238176034,348,279,69
1886,1693238176034,1692265911956,1692265912229,1693238176354,320,273,47
1887,1693238176354,1692265912287,1692265912589,1693238176715,361,302,59
1888,1693238176715,1692265912650,1692265912996,1693238177158,443,346,97
1889,1693238177158,1692265913062,1692265913398,1693238177523,365,336,29
1890,1693238177523,1692265913445,1692265913734,1693238177860,337,289,48
1891,1693238177860,1692265913773,1692265914029,1693238178185,325,256,69
1892,1693238178185,1692265914098,1692265914384,1693238178509,324,286,38
1893,1693238178509,1692265914419,1692265914636,1693238178764,255,217,38
1894,1693238178764,1692265914687,1692265914971,1693238179097,333,284,49
1895,1693238179097,1692265915006,1692265915234,1693238179360,263,228,35
1896,1693238179360,1692265915312,1692265915594,1693238179719,359,282,77
1897,1693238179719,1692265915657,1692265915997,1693238180256,537,340,197
1898,1693238180256,1692265916172,1692265916377,1693238180503,247,205,42
1899,1693238180503,1692265916418,1692265916697,1693238180824,321,279,42
1900,1693238180824,1692265916722,1692265916945,1693238181071,247,223,24
1901,1693238181071,1692265916978,1692265917190,1693238181315,244,212,32
1902,1693238181315,1692265917245,1692265917518,1693238181643,328,273,55
1903,1693238181643,1692265917559,1692265917806,1693238181931,288,247,41
1904,1693238181938,1692265917846,1692265918008,1693238182133,195,162,33
1905,1693238182133,1692265918064,1692265918228,1693238182354,221,164,57
1906,1693238182354,1692265918257,1692265918420,1693238182546,192,163,29
1907,1693238182546,1692265918452,1692265918614,1693238182739,193,162,31
1908,1693238182739,1692265918687,1692265918852,1693238182978,239,165,74
1909,1693238182978,1692265918905,1692265919068,1693238183194,216,163,53
1910,1693238183194,1692265919132,1692265919296,1693238183422,228,164,64
1911,1693238183422,1692265919335,1692265919500,1693238183626,204,165,39
1912,1693238183626,1692265919544,1692265919706,1693238183831,205,162,43
1913,1693238183832,1692265919734,1692265919896,1693238184022,190,162,28
1914,1693238184022,1692265919946,1692265920111,1693238184236,214,165,49
1915,1693238184236,1692265920158,1692265920320,1693238184446,210,162,48
1916,1693238184446,1692265920359,1692265920523,1693238184648,202,164,38
1917,1693238184648,1692265920563,1692265920725,1693238184850,202,162,40
1918,1693238184850,1692265920766,1692265920930,1693238185055,205,164,41
1919,1693238185055,1692265920973,1692265921136,1693238185261,206,163,43
1920,1693238185262,1692265921168,1692265921331,1693238185456,194,163,31
1921,1693238185456,1692265921388,1692265921552,1693238185678,222,164,58
1922,1693238185678,1692265921598,1692265921760,1693238185885,207,162,45
1923,1693238185886,1692265921807,1692265921970,1693238186095,209,163,46
1924,1693238186095,1692265922027,1692265922190,1693238186316,221,163,58
1925,1693238186316,1692265922239,1692265922401,1693238186526,210,162,48
1926,1693238186527,1692265922454,1692265922619,1693238186744,217,165,52
1927,1693238186744,1692265922651,1692265922812,1693238186937,193,161,32
1928,1693238186937,1692265922847,1692265923009,1693238187134,197,162,35
1929,1693238187134,1692265923048,1692265923210,1693238187335,201,162,39
1930,1693238187335,1692265923249,1692265923411,1693238187536,201,162,39
1931,1693238187536,1692265923455,1692265923622,1693238187747,211,167,44
1932,1693238187747,1692265923667,1692265923830,1693238187955,208,163,45
1933,1693238187955,1692265923867,1692265924028,1693238188154,199,161,38
1934,1693238188154,1692265924072,1692265924235,1693238188360,206,163,43
1935,1693238188360,1692265924256,1692265924417,1693238188543,183,161,22
1936,1693238188543,1692265924454,1692265924616,1693238188742,199,162,37
1937,1693238188742,1692265924661,1692265924824,1693238188949,207,163,44
1938,1693238188949,1692265924887,1692265925051,1693238189177,228,164,64
1939,1693238189177,1692265925084,1692265925245,1693238189370,193,161,32
1940,1693238189370,1692265925284,1692265925445,1693238189571,201,161,40
1941,1693238189571,1692265925459,1692265925621,1693238189746,175,162,13
1942,1693238189746,1692265925656,1692265925817,1693238189943,197,161,36
1943,1693238189943,1692265925848,1692265926009,1693238190134,191,161,30
1944,1693238190134,1692265926056,1692265926218,1693238190343,209,162,47
1945,1693238190343,1692265926268,1692265926432,1693238190557,214,164,50
1946,1693238190557,1692265926486,1692265926650,1693238190776,219,164,55
1947,1693238190776,1692265926690,1692265926853,1693238190980,204,163,41
1948,1693238190980,1692265926896,1692265927058,1693238191185,205,162,43
1949,1693238191185,1692265927115,1692265927278,1693238191403,218,163,55
1950,1693238191403,1692265927319,1692265927482,1693238191607,204,163,41
1951,1693238191607,1692265927551,1692265927715,1693238191840,233,164,69
1952,1693238191840,1692265927747,1692265927909,1693238192035,195,162,33
1953,1693238192035,1692265927950,1692265928113,1693238192238,203,163,40
1954,1693238192238,1692265928149,1692265928310,1693238192436,198,161,37
1955,1693238192436,1692265928361,1692265928524,1693238192649,213,163,50
1956,1693238192649,1692265928579,1692265928742,1693238192867,218,163,55
1957,1693238192867,1692265928772,1692265928934,1693238193059,192,162,30
1958,1693238193059,1692265928975,1692265929137,1693238193262,203,162,41
1959,1693238193263,1692265929174,1692265929336,1693238193461,198,162,36
1960,1693238193461,1692265929383,1692265929549,1693238193674,213,166,47
1961,1693238193674,1692265929600,1692265929765,1693238193891,217,165,52
1962,1693238193891,1692265929793,1692265929955,1693238194080,189,162,27
1963,1693238194080,1692265930010,1692265930175,1693238194300,220,165,55
1964,1693238194300,1692265930221,1692265930385,1693238194510,210,164,46
1965,1693238194510,1692265930440,1692265930604,1693238194729,219,164,55
1966,1693238194729,1692265930650,1692265930814,1693238194939,210,164,46
1967,1693238194939,1692265930849,1692265931012,1693238195137,198,163,35
1968,1693238195138,1692265931044,1692265931207,1693238195332,194,163,31
1969,1693238195332,1692265931250,1692265931413,1693238195539,207,163,44
1970,1693238195539,1692265931450,1692265931615,1693238195740,201,165,36
1971,1693238195740,1692265931665,1692265931829,1693238195954,214,164,50
1972,1693238195954,1692265931874,1692265932037,1693238196165,211,163,48
1973,1693238196165,1692265932090,1692265932253,1693238196378,213,163,50
1974,1693238196378,1692265932314,1692265932479,1693238196605,227,165,62
1975,1693238196605,1692265932510,1692265932672,1693238196797,192,162,30
1976,1693238196797,1692265932726,1692265932889,1693238197015,218,163,55
1977,1693238197015,1692265932929,1692265933091,1693238197216,201,162,39
1978,1693238197216,1692265933135,1692265933299,1693238197424,208,164,44
1979,1693238197424,1692265933340,1692265933502,1693238197628,204,162,42
1980,1693238197628,1692265933535,1692265933697,1693238197822,194,162,32
1981,1693238197822,1692265933731,1692265933893,1693238198018,196,162,34
1982,1693238198018,1692265933933,1692265934095,1693238198220,202,162,40
1983,1693238198220,1692265934139,1692265934302,1693238198428,208,163,45
1984,1693238198428,1692265934338,1692265934499,1693238198625,197,161,36
1985,1693238198625,1692265934563,1692265934726,1693238198851,226,163,63
1986,1693238198851,1692265934756,1692265934917,1693238199042,191,161,30
1987,1693238199042,1692265934965,1692265935127,1693238199255,213,162,51
1988,1693238199255,1692265935184,1692265935346,1693238199471,216,162,54
1989,1693238199471,1692265935399,1692265935563,1693238199689,218,164,54
1990,1693238199689,1692265935604,1692265935767,1693238199892,203,163,40
1991,1693238199892,1692265935820,1692265935984,1693238200109,217,164,53
1992,1693238200109,1692265936025,1692265936187,1693238200312,203,162,41
1993,1693238200312,1692265936221,1692265936382,1693238200507,195,161,34
1994,1693238200507,1692265936425,1692265936588,1693238200714,207,163,44
1995,1693238200714,1692265936629,1692265936791,1693238200917,203,162,41
1996,1693238200917,1692265936829,1692265936990,1693238201118,201,161,40
1997,1693238201118,1692265937042,1692265937205,1693238201330,212,163,49
1998,1693238201330,1692265937255,1692265937418,1693238201544,214,163,51
1999,1693238201544,1692265937468,1692265937631,1693238201756,212,163,49
2000,1693238201756,1692265937683,1692265937846,1693238201974,218,163,55
2001,1693238201974,1692265937912,1692265938076,1693238202213,239,164,75
2002,1693238202213,1692265938130,1692265938293,1693238202418,205,163,42
2003,1693238202418,1692265938339,1692265938502,1693238202627,209,163,46
2004,1693238202627,1692265938542,1692265938704,1693238202830,203,162,41
2005,1693238202830,1692265938772,1692265938936,1693238203063,233,164,69
2006,1693238203064,1692265938975,1692265939138,1693238203262,198,163,35
2007,1693238203263,1692265939153,1692265939315,1693238203440,177,162,15
2008,1693238203440,1692265939344,1692265939506,1693238203632,192,162,30
2009,1693238203632,1692265939545,1692265939709,1693238203834,202,164,38
2010,1693238203834,1692265939744,1692265939905,1693238204030,196,161,35
2011,1693238204031,1692265939945,1692265940109,1693238204234,203,164,39
2012,1693238204234,1692265940136,1692265940299,1693238204424,190,163,27
2013,1693238204424,1692265940326,1692265940488,1693238204614,190,162,28
2014,1693238204614,1692265940523,1692265940684,1693238204809,195,161,34
2015,1693238204809,1692265940714,1692265940877,1693238205002,193,163,30
2016,1693238205002,1692265940932,1692265941097,1693238205222,220,165,55
2017,1693238205222,1692265941152,1692265941315,1693238205440,218,163,55
2018,1693238205440,1692265941365,1692265941528,1693238205653,213,163,50
2019,1693238205653,1692265941574,1692265941739,1693238205865,212,165,47
2020,1693238205865,1692265941796,1692265941960,1693238206085,220,164,56
2021,1693238206085,1692265942008,1692265942171,1693238206297,212,163,49
2022,1693238206297,1692265942215,1692265942378,1693238206503,206,163,43
2023,1693238206503,1692265942417,1692265942579,1693238206704,201,162,39
2024,1693238206704,1692265942624,1692265942787,1693238206912,208,163,45
2025,1693238206912,1692265942822,1692265942984,1693238207109,197,162,35
2026,1693238207109,1692265943013,1692265943174,1693238207303,194,161,33
2027,1693238207303,1692265943209,1692265943372,1693238207497,194,163,31
2028,1693238207497,1692265943412,1692265943574,1693238207699,202,162,40
2029,1693238207699,1692265943610,1692265943775,1693238207900,201,165,36
2030,1693238207900,1692265943822,1692265943986,1693238208111,211,164,47
2031,1693238208111,1692265944033,1692265944196,1693238208321,210,163,47
2032,1693238208321,1692265944247,1692265944410,1693238208535,214,163,51
2033,1693238208535,1692265944444,1692265944604,1693238208729,194,160,34
2034,1693238208729,1692265944663,1692265944825,1693238208950,221,162,59
2035,1693238208950,1692265944860,1692265945021,1693238209146,196,161,35
2036,1693238209146,1692265945055,1692265945216,1693238209341,195,161,34
2037,1693238209341,1692265945253,1692265945414,1693238209539,198,161,37
2038,1693238209539,1692265945442,1692265945604,1693238209729,190,162,28
2039,1693238209729,1692265945647,1692265945809,1693238209934,205,162,43
2040,1693238209934,1692265945837,1692265945999,1693238210124,190,162,28
2041,1693238210125,1692265946272,1692265946437,1693238210563,438,165,273
2042,1693238210563,1692265946473,1692265946636,1693238210761,198,163,35
2043,1693238210761,1692265946738,1692265946902,1693238211027,266,164,102
2044,1693238211027,1692265946940,1692265947104,1693238211229,202,164,38
2045,1693238211229,1692265947140,1692265947302,1693238211427,198,162,36
2046,1693238211427,1692265947330,1692265947493,1693238211619,192,163,29
2047,1693238211619,1692265947547,1692265947710,1693238211835,216,163,53
2048,1693238211835,1692265947766,1692265947929,1693238212054,219,163,56
2049,1693238212217,1692265948137,1692265948481,1693238212606,389,344,45
2050,1693238212606,1692265948523,1692265948728,1693238212853,247,205,42
2051,1693238212853,1692265948764,1692265948977,1693238213204,351,213,138
2052,1693238213204,1692265949145,1692265949488,1693238213613,409,343,66
2053,1693238213613,1692265949554,1692265949892,1693238214017,404,338,66
2054,1693238214017,1692265949954,1692265950164,1693238214318,301,210,91
2055,1693238214318,1692265950238,1692265950415,1693238214540,222,177,45
2056,1693238214540,1692265950461,1692265950665,1693238214790,250,204,46
2057,1693238214791,1692265950712,1692265950992,1693238215147,356,280,76
2058,1693238215147,1692265951076,1692265951294,1693238215459,312,218,94
2059,1693238215459,1692265951380,1692265951550,1693238215765,306,170,136
2060,1693238215765,1692265951687,1692265951868,1693238216061,296,181,115
2061,1693238216061,1692265951965,1692265952268,1693238216409,348,303,45
2062,1693238216409,1692265952336,1692265952542,1693238216667,258,206,52
2063,1693238216667,1692265952583,1692265952858,1693238217095,428,275,153
2064,1693238217096,1692265953018,1692265953211,1693238217403,307,193,114
2065,1693238217403,1692265953306,1692265953624,1693238217749,346,318,28
2066,1693238217750,1692265953667,1692265953972,1693238218097,347,305,42
2067,1693238218097,1692265954003,1692265954217,1693238218342,245,214,31
2068,1693238218342,1692265954275,1692265954461,1693238218586,244,186,58
2069,1693238218586,1692265954515,1692265954853,1693238219045,459,338,121
2070,1693238219045,1692265954973,1692265955205,1693238219347,302,232,70
2071,1693238219347,1692265955267,1692265955568,1693238219693,346,301,45
2072,1693238219693,1692265955611,1692265955831,1693238219956,263,220,43
2073,1693238219956,1692265955863,1692265956087,1693238220212,256,224,32
2074,1693238220212,1692265956127,1692265956452,1693238220578,366,325,41
2075,1693238220578,1692265956495,1692265956769,1693238220894,316,274,42
2076,1693238220894,1692265956823,1692265957165,1693238221291,397,342,55
2077,1693238221291,1692265957208,1692265957556,1693238221700,409,348,61
2078,1693238221700,1692265957603,1692265957811,1693238222011,311,208,103
2079,1693238222011,1692265957914,1692265958094,1693238222219,208,180,28
2080,1693238222219,1692265958130,1692265958449,1693238222574,355,319,36
2081,1693238222574,1692265958495,1692265958693,1693238222818,244,198,46
2082,1693238222818,1692265958727,1692265958965,1693238223090,272,238,34
2083,1693238223090,1692265959025,1692265959367,1693238223543,453,342,111
2084,1693238223543,1692265959454,1692265959713,1693238223854,311,259,52
2085,1693238223854,1692265959770,1692265960039,1693238224164,310,269,41
2086,1693238224164,1692265960071,1692265960291,1693238224416,252,220,32
2087,1693238224416,1692265960326,1692265960506,1693238224631,215,180,35
2088,1693238224632,1692265960533,1692265960873,1693238225080,448,340,108
2089,1693238225080,1692265960980,1692265961233,1693238225387,307,253,54
2090,1693238225387,1692265961295,1692265961503,1693238225697,310,208,102
2091,1693238225697,1692265961599,1692265961811,1693238225936,239,212,27
2092,1693238225936,1692265961843,1692265962013,1693238226138,202,170,32
2093,1693238226138,1692265962050,1692265962393,1693238226517,379,343,36
2094,1693238226517,1692265962427,1692265962620,1693238226746,229,193,36
2095,1693238226746,1692265962689,1692265962961,1693238227086,340,272,68
2096,1693238227086,1692265963028,1692265963270,1693238227400,314,242,72
2097,1693238227400,1692265963329,1692265963582,1693238227708,308,253,55
2098,1693238227708,1692265963634,1692265963874,1693238227999,291,240,51
2099,1693238227999,1692265963908,1692265964238,1693238228362,363,330,33
2100,1693238228362,1692265964289,1692265964574,1693238228699,337,285,52
2101,1693238228699,1692265964609,1692265964829,1693238228970,271,220,51
2102,1693238228970,1692265964890,1692265965060,1693238229185,215,170,45
2103,1693238229185,1692265965121,1692265965305,1693238229430,245,184,61
2104,1693238229430,1692265965366,1692265965573,1693238229698,268,207,61
2105,1693238229698,1692265965604,1692265965937,1693238230062,364,333,31
2106,1693238230062,1692265965979,1692265966250,1693238230403,341,271,70
2107,1693238230403,1692265966326,1692265966617,1693238230742,339,291,48
2108,1693238230742,1692265966661,1692265966886,1693238231018,276,225,51
2109,1693238231018,1692265966930,1692265967173,1693238231298,280,243,37
2110,1693238231298,1692265967229,1692265967443,1693238231568,270,214,56
2111,1693238231568,1692265967491,1692265967757,1693238231882,314,266,48
2112,1693238231882,1692265967792,1692265968125,1693238232252,370,333,37
2113,1693238232252,1692265968165,1692265968348,1693238232473,221,183,38
2114,1693238232473,1692265968419,1692265968600,1693238232726,253,181,72
2115,1693238232726,1692265968655,1692265968844,1693238232969,243,189,54
2116,1693238232969,1692265968913,1692265969134,1693238233259,290,221,69
2117,1693238233259,1692265969172,1692265969387,1693238233514,255,215,40
2118,1693238233514,1692265969439,1692265969661,1693238233786,272,222,50
2119,1693238233786,1692265969706,1692265969962,1693238234087,301,256,45
2120,1693238234087,1692265970004,1692265970276,1693238234503,416,272,144
2121,1693238234503,1692265970433,1692265970673,1693238234798,295,240,55
2122,1693238234798,1692265970725,1692265970973,1693238235099,301,248,53
2123,1693238235099,1692265971015,1692265971309,1693238235434,335,294,41
2124,1693238235434,1692265971344,1692265971586,1693238235711,277,242,35
2125,1693238235711,1692265971637,1692265971883,1693238236008,297,246,51
2126,1693238236008,1692265971921,1692265972177,1693238236302,294,256,38
2127,1693238236302,1692265972217,1692265972572,1693238236697,395,355,40
2128,1693238236697,1692265972620,1692265972822,1693238236947,250,202,48
2129,1693238236947,1692265972861,1692265973030,1693238237155,208,169,39
2130,1693238237155,1692265973066,1692265973256,1693238237380,225,190,35
2131,1693238237380,1692265973309,1692265973521,1693238237675,295,212,83
2132,1693238237675,1692265973596,1692265973774,1693238237899,224,178,46
2133,1693238237899,1692265973807,1692265974032,1693238238157,258,225,33
2134,1693238238157,1692265974083,1692265974384,1693238238509,352,301,51
2135,1693238238509,1692265974434,1692265974685,1693238238810,301,251,50
2136,1693238238810,1692265974708,1692265975040,1693238239165,355,332,23
2137,1693238239165,1692265975080,1692265975367,1693238239495,330,287,43
2138,1693238239495,1692265975403,1692265975732,1693238239857,362,329,33
2139,1693238239857,1692265975777,1692265975960,1693238240363,506,183,323
2140,1693238240363,1692265976290,1692265976625,1693238240750,387,335,52
2141,1693238240750,1692265976679,1692265976895,1693238241021,271,216,55
2142,1693238241021,1692265976936,1692265977220,1693238241345,324,284,40
2143,1693238241345,1692265977260,1692265977586,1693238241711,366,326,40
2144,1693238241711,1692265977652,1692265977867,1693238242081,370,215,155
2145,1693238242081,1692265977981,1692265978204,1693238242388,307,223,84
2146,1693238242395,1692265978316,1692265978479,1693238242603,208,163,45
2147,1693238242603,1692265978538,1692265978702,1693238242826,223,164,59
2148,1693238242826,1692265978761,1692265978924,1693238243049,223,163,60
2149,1693238243049,1692265978969,1692265979131,1693238243256,207,162,45
2150,1693238243256,1692265979177,1692265979338,1693238243463,207,161,46
2151,1693238243463,1692265979381,1692265979543,1693238243668,205,162,43
2152,1693238243668,1692265979584,1692265979745,1693238243870,202,161,41
2153,1693238243870,1692265979786,1692265979947,1693238244072,202,161,41
2154,1693238244072,1692265979996,1692265980163,1693238244287,215,167,48
2155,1693238244287,1692265980201,1692265980364,1693238244518,231,163,68
2156,1693238244518,1692265980428,1692265980592,1693238244716,198,164,34
2157,1693238244716,1692265980633,1692265980796,1693238244921,205,163,42
2158,1693238244921,1692265980855,1692265981018,1693238245143,222,163,59
2159,1693238245143,1692265981072,1692265981235,1693238245360,217,163,54
2160,1693238245360,1692265981289,1692265981452,1693238245576,216,163,53
2161,1693238245576,1692265981495,1692265981658,1693238245782,206,163,43
2162,1693238245783,1692265981695,1692265981859,1693238245983,200,164,36
2163,1693238245983,1692265981919,1692265982083,1693238246207,224,164,60
2164,1693238246207,1692265982116,1692265982279,1693238246404,197,163,34
2165,1693238246404,1692265982312,1692265982475,1693238246600,196,163,33
2166,1693238246600,1692265982511,1692265982673,1693238246798,198,162,36
2167,1693238246798,1692265982709,1692265982871,1693238247024,226,162,64
2168,1693238247024,1692265982952,1692265983115,1693238247240,216,163,53
2169,1693238247240,1692265983161,1692265983323,1693238247448,208,162,46
2170,1693238247448,1692265983389,1692265983553,1693238247678,230,164,66
2171,1693238247678,1692265983618,1692265983781,1693238247905,227,163,64
2172,1693238247905,1692265983824,1692265983989,1693238248113,208,165,43
2173,1693238248113,1692265984035,1692265984198,1693238248323,210,163,47
2174,1693238248323,1692265984241,1692265984404,1693238248529,206,163,43
2175,1693238248529,1692265984449,1692265984613,1693238248738,209,164,45
2176,1693238248738,1692265984670,1692265984834,1693238248959,221,164,57
2177,1693238248959,1692265984873,1692265985035,1693238249160,201,162,39
2178,1693238249160,1692265985083,1692265985247,1693238249372,212,164,48
2179,1693238249372,1692265985298,1692265985463,1693238249587,215,165,50
2180,1693238249587,1692265985501,1692265985663,1693238249788,201,162,39
2181,1693238249788,1692265985708,1692265985871,1693238249996,208,163,45
2182,1693238249996,1692265985917,1692265986079,1693238250204,208,162,46
2183,1693238250204,1692265986114,1692265986277,1693238250401,197,163,34
2184,1693238250401,1692265986329,1692265986493,1693238250617,216,164,52
2185,1693238250618,1692265986545,1692265986708,1693238250832,214,163,51
2186,1693238250832,1692265986742,1692265986903,1693238251028,196,161,35
2187,1693238251028,1692265986935,1692265987097,1693238251221,193,162,31
2188,1693238251221,1692265987153,1692265987316,1693238251440,219,163,56
2189,1693238251441,1692265987354,1692265987515,1693238251640,199,161,38
2190,1693238251640,1692265987549,1692265987712,1693238251837,197,163,34
2191,1693238251837,1692265987740,1692265987901,1693238252026,189,161,28
2192,1693238252026,1692265987939,1692265988100,1693238252225,199,161,38
2193,1693238252225,1692265988131,1692265988293,1693238252419,194,162,32
2194,1693238252419,1692265988358,1692265988522,1693238252646,227,164,63
2195,1693238252646,1692265988585,1692265988747,1693238252872,226,162,64
2196,1693238252872,1692265988788,1692265988950,1693238253075,203,162,41
2197,1693238253075,1692265989005,1692265989169,1693238253293,218,164,54
2198,1693238253293,1692265989214,1692265989376,1693238253501,208,162,46
2199,1693238253501,1692265989432,1692265989596,1693238253721,220,164,56
2200,1693238253721,1692265989635,1692265989798,1693238253922,201,163,38
2201,1693238253922,1692265989853,1692265990016,1693238254140,218,163,55
2202,1693238254140,1692265990071,1692265990234,1693238254359,219,163,56
2203,1693238254359,1692265990286,1692265990449,1693238254574,215,163,52
2204,1693238254574,1692265990492,1692265990654,1693238254779,205,162,43
2205,1693238254779,1692265990704,1692265990868,1693238254993,214,164,50
2206,1693238254993,1692265990917,1692265991081,1693238255206,213,164,49
2207,1693238255206,1692265991116,1692265991279,1693238255403,197,163,34
2208,1693238255403,1692265991311,1692265991474,1693238255598,195,163,32
2209,1693238255598,1692265991507,1692265991670,1693238255795,197,163,34
2210,1693238255795,1692265991717,1692265991879,1693238256004,209,162,47
2211,1693238256004,1692265991935,1692265992100,1693238256224,220,165,55
2212,1693238256225,1692265992135,1692265992297,1693238256421,196,162,34
2213,1693238256421,1692265992344,1692265992506,1693238256630,209,162,47
2214,1693238256630,1692265992540,1692265992703,1693238256827,197,163,34
2215,1693238256827,1692265992766,1692265992929,1693238257054,227,163,64
2216,1693238257054,1692265992963,1692265993124,1693238257249,195,161,34
2217,1693238257249,1692265993164,1692265993326,1693238257451,202,162,40
2218,1693238257451,1692265993371,1692265993535,1693238257659,208,164,44
2219,1693238257659,1692265993550,1692265993711,1693238257836,177,161,16
2220,1693238257836,1692265993745,1692265993907,1693238258031,195,162,33
2221,1693238258031,1692265993934,1692265994096,1693238258221,190,162,28
2222,1693238258221,1692265994149,1692265994311,1693238258436,215,162,53
2223,1693238258436,1692265994376,1692265994541,1693238258668,232,165,67
2224,1693238258668,1692265994599,1692265994762,1693238258887,219,163,56
2225,1693238258887,1692265994802,1692265994965,1693238259090,203,163,40
2226,1693238259090,1692265995026,1692265995190,1693238259314,224,164,60
2227,1693238259314,1692265995238,1692265995401,1693238259525,211,163,48
2228,1693238259525,1692265995441,1692265995603,1693238259728,203,162,41
2229,1693238259728,1692265995648,1692265995812,1693238259936,208,164,44
2230,1693238259936,1692265995866,1692265996030,1693238260155,219,164,55
2231,1693238260155,1692265996073,1692265996236,1693238260361,206,163,43
2232,1693238260361,1692265996297,1692265996462,1693238260587,226,165,61
2233,1693238260587,1692265996506,1692265996669,1693238260793,206,163,43
2234,1693238260793,1692265996741,1692265996905,1693238261030,237,164,73
2235,1693238261030,1692265996951,1692265997113,1693238261238,208,162,46
2236,1693238261238,1692265997144,1692265997306,1693238261431,193,162,31
2237,1693238261431,1692265997341,1692265997504,1693238261631,200,163,37
2238,1693238261631,1692265997586,1692265997749,1693238261876,245,163,82
2239,1693238261876,1692265997831,1692265997995,1693238262125,249,164,85
2240,1693238262125,1692265998056,1692265998219,1693238262344,219,163,56
2241,1693238262344,1692265998274,1692265998437,1693238262561,217,163,54
2242,1693238262561,1692265998495,1692265998657,1693238262782,221,162,59
2243,1693238262782,1692265998748,1692265998912,1693238263037,255,164,91
2244,1693238263037,1692265998994,1692265999159,1693238263283,246,165,81
2245,1693238263283,1692265999228,1692265999391,1693238263515,232,163,69
2246,1693238263515,1692265999432,1692265999594,1693238263719,204,162,42
2247,1693238263719,1692265999622,1692265999784,1693238263909,190,162,28
2248,1693238263909,1692265999834,1692265999998,1693238264124,215,164,51
2249,1693238264124,1692266000043,1692266000205,1693238264329,205,162,43
2250,1693238264330,1692266000256,1692266000420,1693238264545,215,164,51
2251,1693238264545,1692266000471,1692266000634,1693238264758,213,163,50
2252,1693238264758,1692266000689,1692266000854,1693238264978,220,165,55
2253,1693238264978,1692266000925,1692266001088,1693238265213,235,163,72
2254,1693238265213,1692266001138,1692266001301,1693238265427,214,163,51
2255,1693238265427,1692266001340,1692266001502,1693238265628,201,162,39
2256,1693238265629,1692266001545,1692266001708,1693238265833,204,163,41
2257,1693238265834,1692266001743,1692266001905,1693238266029,195,162,33
2258,1693238266029,1692266001979,1692266002142,1693238266266,237,163,74
2259,1693238266266,1692266002198,1692266002362,1693238266486,220,164,56
2260,1693238266486,1692266002395,1692266002556,1693238266681,195,161,34
2261,1693238266681,1692266002600,1692266002762,1693238266886,205,162,43
2262,1693238266887,1692266002815,1692266002979,1693238267103,216,164,52
2263,1693238267103,1692266003006,1692266003167,1693238267291,188,161,27
2264,1693238267291,1692266003240,1692266003404,1693238267529,238,164,74
2265,1693238267529,1692266003440,1692266003602,1693238267727,198,162,36
2266,1693238267727,1692266003633,1692266003795,1693238267919,192,162,30
2267,1693238267920,1692266003833,1692266003995,1693238268119,199,162,37
2268,1693238268119,1692266004058,1692266004224,1693238268348,229,166,63
2269,1693238268348,1692266004300,1692266004463,1693238268587,239,163,76
2270,1693238268587,1692266004517,1692266004679,1693238268804,217,162,55
2271,1693238268804,1692266004710,1692266004872,1693238268996,192,162,30
2272,1693238268996,1692266004926,1692266005089,1693238269213,217,163,54
2273,1693238269213,1692266005132,1692266005293,1693238269418,205,161,44
2274,1693238269418,1692266005340,1692266005502,1693238269627,209,162,47
2275,1693238269627,1692266005542,1692266005704,1693238269829,202,162,40
2276,1693238269830,1692266005743,1692266005906,1693238270032,202,163,39
2277,1693238270032,1692266006150,1692266006313,1693238270437,405,163,242
2278,1693238270437,1692266006401,1692266006565,1693238270689,252,164,88
2279,1693238270689,1692266006623,1692266006787,1693238270913,224,164,60
2280,1693238270913,1692266006834,1692266006995,1693238271120,207,161,46
2281,1693238271120,1692266007039,1692266007201,1693238271326,206,162,44
2282,1693238271326,1692266007230,1692266007392,1693238271516,190,162,28
2283,1693238271516,1692266007450,1692266007613,1693238271737,221,163,58
2284,1693238271737,1692266007677,1692266007841,1693238271965,228,164,64
2285,1693238271965,1692266007916,1692266008079,1693238272203,238,163,75
2286,1693238272203,1692266008106,1692266008268,1693238272393,190,162,28
2287,1693238272393,1692266008314,1692266008476,1693238272601,208,162,46
