request_number,request_time_ms,request_received_time_ms,response_time_ms,response_received_time_ms,end_to_end_latency,compute_time,transmission_time
1,1693235011405,1692262747433,1692262747617,1693235011776,371,184,187
2,1693235011776,1692262747658,1692262747845,1693235012006,230,187,43
3,1693235012006,1692262747874,1692262748060,1693235012220,214,186,28
4,1693235012220,1692262748110,1692262748295,1693235012456,236,185,51
5,1693235012456,1692262748343,1692262748527,1693235012687,231,184,47
6,1693235012687,1692262748568,1692262748749,1693235012910,223,181,42
7,1693235012910,1692262748811,1692262748984,1693235013143,233,173,60
8,1693235013143,1692262749007,1692262749176,1693235013334,191,169,22
9,1693235013334,1692262749204,1692262749375,1693235013533,199,171,28
10,1693235013533,1692262749417,1692262749588,1693235013746,213,171,42
11,1693235013746,1692262749634,1692262749805,1693235013963,217,171,46
12,1693235013963,1692262749853,1692262750025,1693235014183,220,172,48
13,1693235014183,1692262750075,1692262750246,1693235014404,221,171,50
14,1693235014404,1692262750287,1692262750457,1693235014615,211,170,41
15,1693235014615,1692262750486,1692262750656,1693235014814,199,170,29
16,1693235014814,1692262750688,1692262750857,1693235015015,201,169,32
17,1693235015016,1692262750896,1692262751068,1693235015226,210,172,38
18,1693235015226,1692262751116,1692262751288,1693235015446,220,172,48
19,1693235015446,1692262751336,1692262751508,1693235015666,220,172,48
20,1693235015666,1692262751559,1692262751731,1693235015888,222,172,50
21,1693235015888,1692262751768,1692262751939,1693235016097,209,171,38
22,1693235016097,1692262751970,1692262752140,1693235016298,201,170,31
23,1693235016298,1692262752192,1692262752363,1693235016522,224,171,53
24,1693235016522,1692262752406,1692262752576,1693235016734,212,170,42
25,1693235016734,1692262752622,1692262752792,1693235016950,216,170,46
26,1693235016950,1692262752858,1692262753030,1693235017188,238,172,66
27,1693235017188,1692262753070,1692262753241,1693235017399,211,171,40
28,1693235017399,1692262753294,1692262753467,1693235017636,237,173,64
29,1693235017636,1692262753539,1692262753714,1693235017872,236,175,61
30,1693235017872,1692262753742,1692262753912,1693235018069,197,170,27
31,1693235018069,1692262753951,1692262754121,1693235018278,209,170,39
32,1693235018278,1692262754157,1692262754328,1693235018485,207,171,36
33,1693235018485,1692262754386,1692262754559,1693235018717,232,173,59
34,1693235018717,1692262754609,1692262754780,1693235018938,221,171,50
35,1693235018938,1692262754842,1692262755016,1693235019174,236,174,62
36,1693235019174,1692262755075,1692262755247,1693235019430,256,172,84
37,1693235019430,1692262755315,1692262755489,1693235019646,216,174,42
38,1693235019646,1692262755517,1692262755688,1693235019846,200,171,29
39,1693235019846,1692262755722,1692262755893,1693235020051,205,171,34
40,1693235020051,1692262755928,1692262756097,1693235020255,204,169,35
41,1693235020255,1692262756148,1692262756320,1693235020478,223,172,51
42,1693235020478,1692262756367,1692262756539,1693235020697,219,172,47
43,1693235020697,1692262756574,1692262756746,1693235020904,207,172,35
44,1693235020904,1692262756773,1692262756941,1693235021099,195,168,27
45,1693235021099,1692262756970,1692262757140,1693235021298,199,170,29
46,1693235021298,1692262757190,1692262757360,1693235021518,220,170,50
47,1693235021518,1692262757409,1692262757582,1693235021740,222,173,49
48,1693235021740,1692262757644,1692262757817,1693235021975,235,173,62
49,1693235021975,1692262757869,1692262758041,1693235022199,224,172,52
50,1693235022199,1692262758092,1692262758264,1693235022422,223,172,51
51,1693235022422,1692262758296,1692262758465,1693235022623,201,169,32
52,1693235022623,1692262758509,1692262758680,1693235022838,215,171,44
53,1693235022838,1692262758710,1692262758880,1693235023038,200,170,30
54,1693235023038,1692262758936,1692262759106,1693235023264,226,170,56
55,1693235023264,1692262759169,1692262759340,1693235023498,234,171,63
56,1693235023498,1692262759376,1692262759548,1693235023706,208,172,36
57,1693235023706,1692262759578,1692262759748,1693235023906,200,170,30
58,1693235023906,1692262759787,1692262759957,1693235024115,209,170,39
59,1693235024115,1692262759995,1692262760167,1693235024325,210,172,38
60,1693235024325,1692262760209,1692262760382,1693235024539,214,173,41
61,1693235024539,1692262760437,1692262760610,1693235024768,229,173,56
62,1693235024768,1692262760652,1692262760822,1693235024980,212,170,42
63,1693235024980,1692262760856,1692262761028,1693235025187,207,172,35
64,1693235025187,1692262761092,1692262761263,1693235025421,234,171,63
65,1693235025421,1692262761300,1692262761472,1693235025630,209,172,37
66,1693235025630,1692262761518,1692262761688,1693235025846,216,170,46
67,1693235025846,1692262761739,1692262761911,1693235026071,225,172,53
68,1693235026071,1692262761953,1692262762125,1693235026283,212,172,40
69,1693235026283,1692262762174,1692262762346,1693235026503,220,172,48
70,1693235026503,1692262762403,1692262762574,1693235026732,229,171,58
71,1693235026732,1692262762617,1692262762788,1693235026946,214,171,43
72,1693235026946,1692262762871,1692262763045,1693235027203,257,174,83
73,1693235027203,1692262763082,1692262763254,1693235027412,209,172,37
74,1693235027412,1692262763312,1692262763483,1693235027641,229,171,58
75,1693235027641,1692262763519,1692262763691,1693235027849,208,172,36
76,1693235027849,1692262763737,1692262763907,1693235028065,216,170,46
77,1693235028065,1692262763952,1692262764124,1693235028282,217,172,45
78,1693235028282,1692262764141,1692262764312,1693235028470,188,171,17
79,1693235028470,1692262764353,1692262764524,1693235028682,212,171,41
80,1693235028682,1692262764584,1692262764757,1693235028915,233,173,60
81,1693235028915,1692262764797,1692262764968,1693235029126,211,171,40
82,1693235029126,1692262764996,1692262765166,1693235029324,198,170,28
83,1693235029324,1692262765220,1692262765391,1693235029551,227,171,56
84,1693235029551,1692262765423,1692262765593,1693235029752,201,170,31
85,1693235029752,1692262765623,1692262765793,1693235030088,336,170,166
86,1693235030088,1692262765988,1692262766158,1693235030316,228,170,58
87,1693235030316,1692262766188,1692262766358,1693235030516,200,170,30
88,1693235030516,1692262766428,1692262766600,1693235030758,242,172,70
89,1693235030758,1692262766650,1692262766822,1693235030981,223,172,51
90,1693235030981,1692262766867,1692262767039,1693235031197,216,172,44
91,1693235031197,1692262767106,1692262767279,1693235031436,239,173,66
92,1693235031436,1692262767333,1692262767506,1693235031664,228,173,55
93,1693235031664,1692262767533,1692262767704,1693235031862,198,171,27
94,1693235031862,1692262767742,1692262767914,1693235032071,209,172,37
95,1693235032071,1692262767933,1692262768104,1693235032262,191,171,20
96,1693235032262,1692262768131,1692262768300,1693235032457,195,169,26
97,1693235032457,1692262768364,1692262768537,1693235032695,238,173,65
98,1693235032695,1692262768600,1692262768772,1693235032930,235,172,63
99,1693235032930,1692262768808,1692262768979,1693235033137,207,171,36
100,1693235033137,1692262769019,1692262769190,1693235033348,211,171,40
101,1693235033348,1692262769233,1692262769404,1693235033562,214,171,43
102,1693235033562,1692262769449,1692262769621,1693235033779,217,172,45
103,1693235033779,1692262769661,1692262769832,1693235033990,211,171,40
104,1693235033990,1692262769873,1692262770044,1693235034202,212,171,41
105,1693235034202,1692262770087,1692262770259,1693235034423,221,172,49
106,1693235034423,1692262770300,1692262770470,1693235034628,205,170,35
107,1693235034628,1692262770516,1692262770688,1693235034845,217,172,45
108,1693235034845,1692262770730,1692262770902,1693235035060,215,172,43
109,1693235035060,1692262770955,1692262771127,1693235035285,225,172,53
110,1693235035285,1692262771154,1692262771324,1693235035482,197,170,27
111,1693235035482,1692262771386,1692262771560,1693235035718,236,174,62
112,1693235035718,1692262771593,1692262771764,1693235035922,204,171,33
113,1693235035922,1692262771799,1692262771970,1693235036128,206,171,35
114,1693235036128,1692262772013,1692262772183,1693235036340,212,170,42
115,1693235036340,1692262772218,1692262772389,1693235036547,207,171,36
116,1693235036547,1692262772427,1692262772598,1693235036755,208,171,37
117,1693235036756,1692262772625,1692262772796,1693235036954,198,171,27
118,1693235036954,1692262772848,1692262773021,1693235037178,224,173,51
119,1693235037178,1692262773068,1692262773242,1693235037401,223,174,49
120,1693235037401,1692262773317,1692262773490,1693235037648,247,173,74
121,1693235037648,1692262773538,1692262773711,1693235037869,221,173,48
122,1693235037869,1692262773743,1692262773916,1693235038073,204,173,31
123,1693235038073,1692262773966,1692262774137,1693235038295,222,171,51
124,1693235038295,1692262774180,1692262774352,1693235038510,215,172,43
125,1693235038510,1692262774389,1692262774563,1693235038721,211,174,37
126,1693235038721,1692262774600,1692262774770,1693235038928,207,170,37
127,1693235038928,1692262774823,1692262774995,1693235039153,225,172,53
128,1693235039153,1692262775043,1692262775216,1693235039374,221,173,48
129,1693235039374,1692262775257,1692262775429,1693235039590,216,172,44
130,1693235039590,1692262775474,1692262775645,1693235039803,213,171,42
131,1693235039803,1692262775692,1692262775864,1693235040021,218,172,46
132,1693235040022,1692262775906,1692262776079,1693235040237,215,173,42
133,1693235040237,1692262776125,1692262776297,1693235040454,217,172,45
134,1693235040454,1692262776336,1692262776506,1693235040664,210,170,40
135,1693235040664,1692262776592,1692262776765,1693235040922,258,173,85
136,1693235040923,1692262776809,1692262776981,1693235041139,216,172,44
137,1693235041139,1692262777033,1692262777206,1693235041363,224,173,51
138,1693235041363,1692262777252,1692262777426,1693235041584,221,174,47
139,1693235041754,1692262777632,1692262777934,1693235042092,338,302,36
140,1693235042092,1692262777968,1692262778275,1693235042457,365,307,58
141,1693235042457,1692262778348,1692262778685,1693235042842,385,337,48
142,1693235042843,1692262778723,1692262778914,1693235043072,229,191,38
143,1693235043072,1692262778970,1692262779300,1693235043482,410,330,80
144,1693235043482,1692262779356,1692262779565,1693235043761,279,209,70
145,1693235043761,1692262779654,1692262779845,1693235044003,242,191,51
146,1693235044003,1692262779908,1692262780176,1693235044334,331,268,63
147,1693235044334,1692262780229,1692262780572,1693235044730,396,343,53
148,1693235044730,1692262780610,1692262780890,1693235045048,318,280,38
149,1693235045048,1692262780917,1692262781138,1693235045296,248,221,27
150,1693235045296,1692262781177,1692262781433,1693235045590,294,256,38
151,1693235045591,1692262781466,1692262781648,1693235045805,214,182,32
152,1693235045805,1692262781717,1692262781906,1693235046064,259,189,70
153,1693235046064,1692262781958,1692262782230,1693235046388,324,272,52
154,1693235046388,1692262782289,1692262782624,1693235046782,394,335,59
155,1693235046782,1692262782666,1692262783000,1693235047157,375,334,41
156,1693235047157,1692262783049,1692262783244,1693235047401,244,195,49
157,1693235047402,1692262783286,1692262783494,1693235047652,250,208,42
158,1693235047652,1692262783542,1692262783738,1693235047896,244,196,48
159,1693235047896,1692262783822,1692262784108,1693235048266,370,286,84
160,1693235048266,1692262784160,1692262784495,1693235048653,387,335,52
161,1693235048653,1692262784535,1692262784742,1693235048905,252,207,45
162,1693235048905,1692262784791,1692262785058,1693235049244,339,267,72
163,1693235049244,1692262785119,1692262785295,1693235049453,209,176,33
164,1693235049453,1692262785335,1692262785524,1693235049681,228,189,39
165,1693235049681,1692262785551,1692262785835,1693235049993,312,284,28
166,1693235049993,1692262785869,1692262786200,1693235050443,450,331,119
167,1693235050443,1692262786327,1692262786660,1693235050817,374,333,41
168,1693235050817,1692262786707,1692262786976,1693235051134,317,269,48
169,1693235051134,1692262787023,1692262787290,1693235051466,332,267,65
170,1693235051466,1692262787350,1692262787536,1693235051694,228,186,42
171,1693235051694,1692262787573,1692262787911,1693235052069,375,338,37
172,1693235052069,1692262787958,1692262788283,1693235052489,420,325,95
173,1693235052490,1692262788369,1692262788696,1693235052854,364,327,37
174,1693235052854,1692262788741,1692262788911,1693235053069,215,170,45
175,1693235053069,1692262788953,1692262789133,1693235053292,223,180,43
176,1693235053292,1692262789181,1692262789376,1693235053534,242,195,47
177,1693235053534,1692262789429,1692262789764,1693235053923,389,335,54
178,1693235053923,1692262789796,1692262790126,1693235054336,413,330,83
179,1693235054336,1692262790207,1692262790482,1693235054639,303,275,28
180,1693235054640,1692262790552,1692262790722,1693235054880,240,170,70
181,1693235054880,1692262790764,1692262790936,1693235055094,214,172,42
182,1693235055094,1692262791000,1692262791190,1693235055348,254,190,64
183,1693235055348,1692262791222,1692262791512,1693235055669,321,290,31
184,1693235055670,1692262791549,1692262791755,1693235055912,242,206,36
185,1693235055912,1692262791799,1692262792128,1693235056286,374,329,45
186,1693235056286,1692262792172,1692262792450,1693235056608,322,278,44
187,1693235056608,1692262792508,1692262792702,1693235056859,251,194,57
188,1693235056859,1692262792757,1692262793008,1693235057165,306,251,55
189,1693235057165,1692262793047,1692262793422,1693235057596,431,375,56
190,1693235057596,1692262793471,1692262793787,1693235057945,349,316,33
191,1693235057945,1692262793842,1692262794044,1693235058201,256,202,54
192,1693235058201,1692262794097,1692262794437,1693235058595,394,340,54
193,1693235058595,1692262794472,1692262794647,1693235058804,209,175,34
194,1693235058804,1692262794686,1692262794859,1693235059016,212,173,39
195,1693235059016,1692262794914,1692262795100,1693235059258,242,186,56
196,1693235059258,1692262795151,1692262795419,1693235059601,343,268,75
197,1693235059601,1692262795493,1692262795794,1693235059952,351,301,50
198,1693235059952,1692262796053,1692262796230,1693235060387,435,177,258
199,1693235060387,1692262796291,1692262796575,1693235060732,345,284,61
200,1693235060732,1692262796604,1692262796929,1693235061192,460,325,135
201,1693235061193,1692262797086,1692262797411,1693235061568,375,325,50
202,1693235061569,1692262797477,1692262797667,1693235061833,264,190,74
203,1693235061834,1692262797716,1692262797886,1693235062044,210,170,40
204,1693235062044,1692262797928,1692262798125,1693235062283,239,197,42
205,1693235062283,1692262798153,1692262798332,1693235062489,206,179,27
206,1693235062489,1692262798373,1692262798716,1693235062874,385,343,42
207,1693235062874,1692262798753,1692262799099,1693235063256,382,346,36
208,1693235063256,1692262799157,1692262799446,1693235063604,348,289,59
209,1693235063604,1692262799484,1692262799663,1693235063821,217,179,38
210,1693235063821,1692262799713,1692262799886,1693235064043,222,173,49
211,1693235064044,1692262799946,1692262800143,1693235064302,258,197,61
212,1693235064302,1692262800186,1692262800510,1693235064670,368,324,44
213,1693235064670,1692262800561,1692262800912,1693235065070,400,351,49
214,1693235065070,1692262800939,1692262801224,1693235065394,324,285,39
215,1693235065394,1692262801273,1692262801447,1693235065604,210,174,36
216,1693235065604,1692262801480,1692262801668,1693235065825,221,188,33
217,1693235065825,1692262801700,1692262801875,1693235066033,208,175,33
218,1693235066033,1692262801913,1692262802086,1693235066244,211,173,38
219,1693235066244,1692262802115,1692262802450,1693235066607,363,335,28
220,1693235066607,1692262802483,1692262802818,1693235066975,368,335,33
221,1693235066975,1692262802872,1692262803221,1693235067443,468,349,119
222,1693235067443,1692262803347,1692262803517,1693235067675,232,170,62
223,1693235067675,1692262803575,1692262803766,1693235067923,248,191,57
224,1693235067923,1692262803819,1692262803993,1693235068154,231,174,57
225,1693235068154,1692262804034,1692262804346,1693235068504,350,312,38
226,1693235068504,1692262804377,1692262804731,1693235068889,385,354,31
227,1693235068889,1692262804791,1692262805012,1693235069170,281,221,60
228,1693235069170,1692262805044,1692262805226,1693235069384,214,182,32
229,1693235069384,1692262805276,1692262805450,1693235069607,223,174,49
230,1693235069607,1692262805476,1692262805665,1693235069823,216,189,27
231,1693235069823,1692262805708,1692262806047,1693235070204,381,339,42
232,1693235070204,1692262806110,1692262806392,1693235070570,366,282,84
233,1693235070570,1692262806484,1692262806774,1693235070933,363,290,73
234,1693235070933,1692262806830,1692262807020,1693235071177,244,190,54
235,1693235071177,1692262807065,1692262807346,1693235071503,326,281,45
236,1693235071503,1692262807413,1692262807586,1693235071743,240,173,67
237,1693235071743,1692262807623,1692262807795,1693235071992,249,172,77
238,1693235075016,1692262810888,1692262811059,1693235075217,201,171,30
239,1693235075217,1692262811093,1692262811264,1693235075422,205,171,34
240,1693235075422,1692262811314,1692262811486,1693235075651,229,172,57
241,1693235075651,1692262811545,1692262811716,1693235075873,222,171,51
242,1693235075873,1692262811758,1692262811928,1693235076097,224,170,54
243,1693235076097,1692262811987,1692262812158,1693235076316,219,171,48
244,1693235076316,1692262812199,1692262812371,1693235076529,213,172,41
245,1693235076529,1692262812429,1692262812602,1693235076759,230,173,57
246,1693235076759,1692262812642,1692262812815,1693235076972,213,173,40
247,1693235076973,1692262812858,1692262813030,1693235077187,214,172,42
248,1693235077187,1692262813076,1692262813247,1693235077404,217,171,46
249,1693235077404,1692262813290,1692262813463,1693235077620,216,173,43
250,1693235077620,1692262813496,1692262813665,1693235077823,203,169,34
251,1693235077823,1692262813712,1692262813882,1693235078039,216,170,46
252,1693235078039,1692262813928,1692262814101,1693235078258,219,173,46
253,1693235078258,1692262814130,1692262814300,1693235078457,199,170,29
254,1693235078457,1692262814330,1692262814500,1693235078658,201,170,31
255,1693235078658,1692262814539,1692262814709,1693235078867,209,170,39
256,1693235078867,1692262814756,1692262814928,1693235079085,218,172,46
257,1693235079085,1692262814997,1692262815169,1693235079326,241,172,69
258,1693235079326,1692262815228,1692262815400,1693235079571,245,172,73
259,1693235079571,1692262815530,1692262815703,1693235079861,290,173,117
260,1693235079861,1692262815761,1692262815932,1693235080090,229,171,58
261,1693235080090,1692262815976,1692262816145,1693235080302,212,169,43
262,1693235080302,1692262816177,1692262816346,1693235080504,202,169,33
263,1693235080504,1692262816407,1692262816578,1693235080736,232,171,61
264,1693235080736,1692262816618,1692262816791,1693235080948,212,173,39
265,1693235080948,1692262816858,1692262817031,1693235081189,241,173,68
266,1693235081189,1692262817083,1692262817258,1693235081415,226,175,51
267,1693235081415,1692262817303,1692262817476,1693235081634,219,173,46
268,1693235081634,1692262817526,1692262817697,1693235081854,220,171,49
269,1693235081854,1692262817734,1692262817905,1693235082062,208,171,37
270,1693235082062,1692262817962,1692262818134,1693235082391,329,172,157
271,1693235082391,1692262818306,1692262818476,1693235082634,243,170,73
272,1693235082634,1692262818507,1692262818677,1693235082834,200,170,30
273,1693235082834,1692262818712,1692262818881,1693235083038,204,169,35
274,1693235083038,1692262818917,1692262819089,1693235083246,208,172,36
275,1693235083246,1692262819132,1692262819305,1693235083462,216,173,43
276,1693235083462,1692262819354,1692262819528,1693235083685,223,174,49
277,1693235083685,1692262819562,1692262819732,1693235083890,205,170,35
278,1693235083890,1692262819776,1692262819948,1693235084106,216,172,44
279,1693235084106,1692262819995,1692262820166,1693235084323,217,171,46
280,1693235084323,1692262820201,1692262820371,1693235084532,209,170,39
281,1693235084532,1692262820424,1692262820594,1693235084751,219,170,49
282,1693235084752,1692262820627,1692262820798,1693235084955,203,171,32
283,1693235084956,1692262820834,1692262821004,1693235085162,206,170,36
284,1693235085162,1692262821058,1692262821232,1693235085389,227,174,53
285,1693235085389,1692262821274,1692262821445,1693235085603,214,171,43
286,1693235085603,1692262821537,1692262821711,1693235085869,266,174,92
287,1693235085870,1692262821741,1692262821912,1693235086071,201,171,30
288,1693235086071,1692262821979,1692262822152,1693235086309,238,173,65
289,1693235086309,1692262822187,1692262822357,1693235086514,205,170,35
290,1693235086514,1692262822399,1692262822569,1693235086729,215,170,45
291,1693235086729,1692262822639,1692262822811,1693235086968,239,172,67
292,1693235086968,1692262822835,1692262823005,1693235087163,195,170,25
293,1693235087163,1692262823046,1692262823214,1693235087372,209,168,41
294,1693235087372,1692262823281,1692262823453,1693235087611,239,172,67
295,1693235087611,1692262823495,1692262823668,1693235087826,215,173,42
296,1693235087826,1692262823702,1692262823873,1693235088030,204,171,33
297,1693235088030,1692262823924,1692262824095,1693235088252,222,171,51
298,1693235088252,1692262824136,1692262824306,1693235088464,212,170,42
299,1693235088464,1692262824379,1692262824552,1693235088709,245,173,72
300,1693235088709,1692262824589,1692262824761,1693235088919,210,172,38
301,1693235088919,1692262824814,1692262824986,1693235089147,228,172,56
302,1693235089147,1692262825020,1692262825191,1693235089351,204,171,33
303,1693235089351,1692262825233,1692262825403,1693235089560,209,170,39
304,1693235089560,1692262825443,1692262825615,1693235089772,212,172,40
305,1693235089772,1692262825682,1692262825857,1693235090197,425,175,250
306,1693235090197,1692262826078,1692262826248,1693235090406,209,170,39
307,1693235090406,1692262826297,1692262826470,1693235090627,221,173,48
308,1693235090627,1692262826507,1692262826679,1693235090836,209,172,37
309,1693235090836,1692262826714,1692262826885,1693235091042,206,171,35
310,1693235091042,1692262826914,1692262827084,1693235091241,199,170,29
311,1693235091241,1692262827127,1692262827296,1693235091453,212,169,43
312,1693235091454,1692262827325,1692262827496,1693235091653,199,171,28
313,1693235091653,1692262827536,1692262827706,1693235091863,210,170,40
314,1693235091863,1692262827763,1692262827937,1693235092094,231,174,57
315,1693235092094,1692262827983,1692262828154,1693235092311,217,171,46
316,1693235092311,1692262828198,1692262828371,1693235092528,217,173,44
317,1693235092528,1692262828403,1692262828574,1693235092731,203,171,32
318,1693235092731,1692262828611,1692262828781,1693235092938,207,170,37
319,1693235092938,1692262828813,1692262828986,1693235093143,205,173,32
320,1693235093144,1692262829031,1692262829202,1693235093359,215,171,44
321,1693235093359,1692262829237,1692262829406,1693235093563,204,169,35
322,1693235093563,1692262829437,1692262829606,1693235093764,201,169,32
323,1693235093764,1692262829645,1692262829815,1693235093972,208,170,38
324,1693235093972,1692262829849,1692262830021,1693235094179,207,172,35
325,1693235094179,1692262830061,1692262830232,1693235094400,221,171,50
326,1693235094400,1692262830299,1692262830474,1693235094631,231,175,56
327,1693235094631,1692262830546,1692262830719,1693235094880,249,173,76
328,1693235094881,1692262830770,1692262830940,1693235095097,216,170,46
329,1693235095097,1692262830992,1692262831164,1693235095321,224,172,52
330,1693235095321,1692262831213,1692262831384,1693235095541,220,171,49
331,1693235095541,1692262831432,1692262831602,1693235095759,218,170,48
332,1693235095759,1692262831663,1692262831836,1693235095993,234,173,61
333,1693235095993,1692262831889,1692262832060,1693235096217,224,171,53
334,1693235096217,1692262832106,1692262832277,1693235096434,217,171,46
335,1693235096435,1692262832328,1692262832502,1693235096659,224,174,50
336,1693235096659,1692262832541,1692262832714,1693235096877,218,173,45
337,1693235096877,1692262832761,1692262832934,1693235097092,215,173,42
338,1693235097092,1692262832972,1692262833141,1693235097304,212,169,43
339,1693235097304,1692262833208,1692262833380,1693235097540,236,172,64
340,1693235097540,1692262833445,1692262833618,1693235097775,235,173,62
341,1693235097775,1692262833668,1692262833840,1693235097997,222,172,50
342,1693235097998,1692262833880,1692262834050,1693235098207,209,170,39
343,1693235098208,1692262834087,1692262834259,1693235098416,208,172,36
344,1693235098416,1692262834300,1692262834473,1693235098629,213,173,40
345,1693235098630,1692262834526,1692262834699,1693235098856,226,173,53
346,1693235098856,1692262834765,1692262834938,1693235099095,239,173,66
347,1693235099095,1692262834972,1692262835144,1693235099301,206,172,34
348,1693235099301,1692262835204,1692262835377,1693235099534,233,173,60
349,1693235099534,1692262835420,1692262835591,1693235099748,214,171,43
350,1693235099748,1692262835649,1692262835821,1693235099978,230,172,58
351,1693235099978,1692262835857,1692262836026,1693235100183,205,169,36
352,1693235100183,1692262836060,1692262836232,1693235100389,206,172,34
353,1693235100389,1692262836259,1692262836430,1693235100587,198,171,27
354,1693235100587,1692262836464,1692262836634,1693235100791,204,170,34
355,1693235100792,1692262836678,1692262836850,1693235101007,215,172,43
356,1693235101007,1692262836895,1692262837066,1693235101229,222,171,51
357,1693235101229,1692262837123,1692262837297,1693235101454,225,174,51
358,1693235101454,1692262837370,1692262837543,1693235101700,246,173,73
359,1693235101701,1692262837582,1692262837754,1693235101911,210,172,38
360,1693235101911,1692262837784,1692262837954,1693235102110,199,170,29
361,1693235102111,1692262837972,1692262838140,1693235102297,186,168,18
362,1693235102297,1692262838180,1692262838349,1693235102506,209,169,40
363,1693235102506,1692262838386,1692262838556,1693235102713,207,170,37
364,1693235102713,1692262838622,1692262838794,1693235102951,238,172,66
365,1693235102951,1692262838853,1692262839025,1693235103182,231,172,59
366,1693235103182,1692262839067,1692262839238,1693235103395,213,171,42
367,1693235103395,1692262839277,1692262839448,1693235103605,210,171,39
368,1693235103605,1692262839505,1692262839678,1693235103835,230,173,57
369,1693235103835,1692262839731,1692262839903,1693235104060,225,172,53
370,1693235104060,1692262839953,1692262840126,1693235104283,223,173,50
371,1693235104283,1692262840173,1692262840343,1693235104500,217,170,47
372,1693235104500,1692262840382,1692262840553,1693235104711,211,171,40
373,1693235104711,1692262840584,1692262840754,1693235104911,200,170,30
374,1693235104911,1692262840793,1692262840965,1693235105122,211,172,39
375,1693235105292,1692262841183,1692262841563,1693235105720,428,380,48
376,1693235105720,1692262841601,1692262841928,1693235106085,365,327,38
377,1693235106085,1692262841985,1692262842317,1693235106474,389,332,57
378,1693235106474,1692262842357,1692262842684,1693235106841,367,327,40
379,1693235106841,1692262842745,1692262842975,1693235107272,431,230,201
380,1693235107272,1692262843139,1692262843324,1693235107482,210,185,25
381,1693235107482,1692262843363,1692262843570,1693235107727,245,207,38
382,1693235107727,1692262843619,1692262843933,1693235108091,364,314,50
383,1693235108091,1692262843966,1692262844299,1693235108456,365,333,32
384,1693235108456,1692262844355,1692262844547,1693235108705,249,192,57
385,1693235108705,1692262844591,1692262844802,1693235108959,254,211,43
386,1693235108959,1692262844829,1692262845033,1693235109191,232,204,28
387,1693235109191,1692262845097,1692262845317,1693235109475,284,220,64
388,1693235109475,1692262845341,1692262845578,1693235109735,260,237,23
389,1693235109735,1692262845619,1692262845889,1693235110046,311,270,41
390,1693235110046,1692262845929,1692262846245,1693235110433,387,316,71
391,1693235110433,1692262846314,1692262846567,1693235110724,291,253,38
392,1693235110724,1692262846590,1692262846769,1693235110926,202,179,23
393,1693235110926,1692262846826,1692262847035,1693235111192,266,209,57
394,1693235111192,1692262847079,1692262847378,1693235111596,404,299,105
395,1693235111596,1692262847479,1692262847815,1693235111972,376,336,40
396,1693235111972,1692262847859,1692262848181,1693235112338,366,322,44
397,1693235112338,1692262848232,1692262848566,1693235112723,385,334,51
398,1693235112723,1692262848600,1692262848771,1693235112928,205,171,34
399,1693235112928,1692262848811,1692262849071,1693235113228,300,260,40
400,1693235113228,1692262849151,1692262849483,1693235113640,412,332,80
401,1693235113640,1692262849556,1692262849892,1693235114049,409,336,73
402,1693235114049,1692262849941,1692262850279,1693235114544,495,338,157
403,1693235114544,1692262850418,1692262850686,1693235114913,369,268,101
404,1693235114913,1692262850806,1692262850997,1693235115155,242,191,51
405,1693235115155,1692262851065,1692262851431,1693235115588,433,366,67
406,1693235115588,1692262851478,1692262851810,1693235116053,465,332,133
407,1693235116053,1692262851941,1692262852231,1693235116388,335,290,45
408,1693235116389,1692262852290,1692262852623,1693235116797,408,333,75
409,1693235116797,1692262852686,1692262852857,1693235117014,217,171,46
410,1693235117014,1692262852905,1692262853219,1693235117376,362,314,48
411,1693235117376,1692262853253,1692262853518,1693235117719,343,265,78
412,1693235117719,1692262853601,1692262853884,1693235118048,329,283,46
413,1693235118048,1692262853948,1692262854250,1693235118407,359,302,57
414,1693235118407,1692262854297,1692262854479,1693235118637,230,182,48
415,1693235118637,1692262854534,1692262854736,1693235118893,256,202,54
416,1693235118893,1692262854781,1692262854993,1693235119150,257,212,45
417,1693235119150,1692262855038,1692262855378,1693235119535,385,340,45
418,1693235119535,1692262855419,1692262855692,1693235119849,314,273,41
419,1693235119849,1692262855746,1692262856019,1693235120176,327,273,54
420,1693235120176,1692262856062,1692262856238,1693235120395,219,176,43
421,1693235120395,1692262856286,1692262856461,1693235120618,223,175,48
422,1693235120618,1692262856511,1692262856686,1693235120842,224,175,49
423,1693235120842,1692262856727,1692262856910,1693235121067,225,183,42
424,1693235121067,1692262856942,1692262857288,1693235121444,377,346,31
425,1693235121445,1692262857340,1692262857639,1693235121796,351,299,52
426,1693235121796,1692262857672,1692262857946,1693235122103,307,274,33
427,1693235122103,1692262858003,1692262858178,1693235122335,232,175,57
428,1693235122335,1692262858229,1692262858500,1693235122657,322,271,51
429,1693235122658,1692262858538,1692262858753,1693235122910,252,215,37
430,1693235122910,1692262858809,1692262858986,1693235123143,233,177,56
431,1693235123143,1692262859020,1692262859259,1693235123416,273,239,34
432,1693235123416,1692262859309,1692262859575,1693235123732,316,266,50
433,1693235123732,1692262859625,1692262859865,1693235124021,289,240,49
434,1693235124021,1692262859883,1692262860058,1693235124215,194,175,19
435,1693235124215,1692262860130,1692262860471,1693235124628,413,341,72
436,1693235124629,1692262860531,1692262860776,1693235124933,304,245,59
437,1693235124933,1692262860815,1692262861060,1693235125217,284,245,39
438,1693235125217,1692262861097,1692262861301,1693235125458,241,204,37
439,1693235125458,1692262861332,1692262861637,1693235125794,336,305,31
440,1693235125794,1692262861683,1692262861858,1693235126015,221,175,46
441,1693235126016,1692262861900,1692262862224,1693235126381,365,324,41
442,1693235126381,1692262862286,1692262862578,1693235126735,354,292,62
443,1693235126735,1692262862621,1692262862879,1693235127036,301,258,43
444,1693235127036,1692262862903,1692262863116,1693235127274,238,213,25
445,1693235127274,1692262863151,1692262863453,1693235127610,336,302,34
446,1693235127610,1692262863518,1692262863691,1693235127853,243,173,70
447,1693235127853,1692262863765,1692262864107,1693235128368,515,342,173
448,1693235128368,1692262864246,1692262864484,1693235128641,273,238,35
449,1693235128641,1692262864510,1692262864696,1693235128855,214,186,28
450,1693235128856,1692262864741,1692262865008,1693235129165,309,267,42
451,1693235129165,1692262865068,1692262865242,1693235129399,234,174,60
452,1693235129399,1692262865285,1692262865461,1693235129618,219,176,43
453,1693235129618,1692262865519,1692262865706,1693235129863,245,187,58
454,1693235129863,1692262865755,1692262866096,1693235130311,448,341,107
455,1693235130311,1692262866198,1692262866396,1693235130556,245,198,47
456,1693235130556,1692262866477,1692262866795,1693235130952,396,318,78
457,1693235130952,1692262866842,1692262867018,1693235131175,223,176,47
458,1693235131175,1692262867051,1692262867276,1693235131436,261,225,36
459,1693235131436,1692262867326,1692262867548,1693235131705,269,222,47
460,1693235131705,1692262867597,1692262867820,1693235132050,345,223,122
461,1693235132050,1692262867940,1692262868218,1693235132376,326,278,48
462,1693235132376,1692262868261,1692262868547,1693235132706,330,286,44
463,1693235132706,1692262868598,1692262868787,1693235132944,238,189,49
464,1693235132944,1692262868805,1692262869031,1693235133189,245,226,19
465,1693235133189,1692262869067,1692262869244,1693235133402,213,177,36
466,1693235133402,1692262869279,1692262869465,1693235133622,220,186,34
467,1693235133622,1692262869510,1692262869834,1693235134099,477,324,153
468,1693235134099,1692262869974,1692262870264,1693235134426,327,290,37
469,1693235134426,1692262870332,1692262870560,1693235134717,291,228,63
470,1693235134717,1692262870593,1692262870776,1693235134933,216,183,33
471,1693235134933,1692262870817,1692262870992,1693235135150,217,175,42
472,1693235135150,1692262871022,1692262871251,1693235135408,258,229,29
473,1693235138428,1692262874302,1692262874473,1693235138630,202,171,31
474,1693235138630,1692262874518,1692262874691,1693235138848,218,173,45
475,1693235138848,1692262874729,1692262874901,1693235139057,209,172,37
476,1693235139057,1692262874934,1692262875106,1693235139263,206,172,34
477,1693235139263,1692262875160,1692262875331,1693235139488,225,171,54
478,1693235139488,1692262875378,1692262875549,1693235139705,217,171,46
479,1693235139706,1692262875597,1692262875769,1693235139926,220,172,48
480,1693235139926,1692262875790,1692262875959,1693235140116,190,169,21
481,1693235140116,1692262876004,1692262876176,1693235140332,216,172,44
482,1693235140332,1692262876226,1692262876398,1693235140554,222,172,50
483,1693235140555,1692262876446,1692262876617,1693235140774,219,171,48
484,1693235140774,1692262876643,1692262876814,1693235140971,197,171,26
485,1693235140971,1692262876859,1692262877030,1693235141186,215,171,44
486,1693235141186,1692262877071,1692262877242,1693235141398,212,171,41
487,1693235141399,1692262877284,1692262877455,1693235141612,213,171,42
488,1693235141612,1692262877497,1692262877667,1693235141824,212,170,42
489,1693235141824,1692262877701,1692262877872,1693235142028,204,171,33
490,1693235142028,1692262877907,1692262878077,1693235142233,205,170,35
491,1693235142233,1692262878123,1692262878294,1693235142451,218,171,47
492,1693235142451,1692262878321,1692262878492,1693235142649,198,171,27
493,1693235142649,1692262878540,1692262878712,1693235142869,220,172,48
494,1693235142869,1692262878773,1692262878944,1693235143101,232,171,61
495,1693235143101,1692262878987,1692262879159,1693235143316,215,172,43
496,1693235143316,1692262879200,1692262879374,1693235143531,215,174,41
497,1693235143531,1692262879429,1692262879600,1693235143757,226,171,55
498,1693235143757,1692262879626,1692262879794,1693235143951,194,168,26
499,1693235143951,1692262879835,1692262880007,1693235144163,212,172,40
500,1693235144163,1692262880058,1692262880230,1693235144387,224,172,52
501,1693235144387,1692262880298,1692262880473,1693235144629,242,175,67
502,1693235144629,1692262880532,1692262880705,1693235144862,233,173,60
503,1693235144862,1692262880741,1692262880913,1693235145069,207,172,35
504,1693235145070,1692262880944,1692262881115,1693235145272,202,171,31
505,1693235145272,1692262881149,1692262881318,1693235145475,203,169,34
506,1693235145475,1692262881356,1692262881527,1693235145683,208,171,37
507,1693235145683,1692262881580,1692262881753,1693235145909,226,173,53
508,1693235145909,1692262881783,1692262881952,1693235146109,200,169,31
509,1693235146109,1692262881989,1692262882160,1693235146317,208,171,37
510,1693235146317,1692262882198,1692262882367,1693235146523,206,169,37
511,1693235146523,1692262882401,1692262882574,1693235146731,208,173,35
512,1693235146731,1692262882608,1692262882779,1693235146936,205,171,34
513,1693235146936,1692262882813,1692262882986,1693235147143,207,173,34
514,1693235147143,1692262883025,1692262883196,1693235147352,209,171,38
515,1693235147352,1692262883250,1692262883421,1693235147577,225,171,54
516,1693235147578,1692262883467,1692262883637,1693235147794,216,170,46
517,1693235147794,1692262883681,1692262883852,1693235148008,214,171,43
518,1693235148008,1692262883900,1692262884070,1693235148229,221,170,51
519,1693235148229,1692262884113,1692262884285,1693235148441,212,172,40
520,1693235148441,1692262884306,1692262884475,1693235148632,191,169,22
521,1693235148632,1692262884543,1692262884715,1693235148872,240,172,68
522,1693235148872,1692262884803,1692262884979,1693235149136,264,176,88
523,1693235149136,1692262885019,1692262885191,1693235149348,212,172,40
524,1693235149348,1692262885223,1692262885396,1693235149552,204,173,31
525,1693235149553,1692262885444,1692262885615,1693235149772,219,171,48
526,1693235149772,1692262885663,1692262885836,1693235150099,327,173,154
527,1693235150099,1692262885967,1692262886137,1693235150293,194,170,24
528,1693235150293,1692262886177,1692262886346,1693235150502,209,169,40
529,1693235150502,1692262886387,1692262886559,1693235150716,214,172,42
530,1693235150716,1692262886601,1692262886771,1693235150927,211,170,41
531,1693235150927,1692262886823,1692262886996,1693235151153,226,173,53
532,1693235151153,1692262887040,1692262887212,1693235151368,215,172,43
533,1693235151368,1692262887254,1692262887426,1693235151582,214,172,42
534,1693235151582,1692262887476,1692262887649,1693235151806,224,173,51
535,1693235151806,1692262887679,1692262887849,1693235152006,200,170,30
536,1693235152006,1692262887887,1692262888060,1693235152216,210,173,37
537,1693235152216,1692262888090,1692262888260,1693235152417,201,170,31
538,1693235152417,1692262888303,1692262888473,1693235152632,215,170,45
539,1693235152632,1692262888521,1692262888694,1693235152851,219,173,46
540,1693235152851,1692262888729,1692262888900,1693235153057,206,171,35
541,1693235153057,1692262888935,1692262889107,1693235153263,206,172,34
542,1693235153263,1692262889149,1692262889322,1693235153478,215,173,42
543,1693235153478,1692262889369,1692262889545,1693235153701,223,176,47
544,1693235153701,1692262889588,1692262889759,1693235153916,215,171,44
545,1693235153916,1692262889799,1692262889969,1693235154126,210,170,40
546,1693235154126,1692262890002,1692262890174,1693235154330,204,172,32
547,1693235154331,1692262890225,1692262890397,1693235154553,222,172,50
548,1693235154553,1692262890443,1692262890614,1693235154770,217,171,46
549,1693235154770,1692262890650,1692262890819,1693235154975,205,169,36
550,1693235154975,1692262890857,1692262891026,1693235155182,207,169,38
551,1693235155183,1692262891082,1692262891256,1693235155413,230,174,56
552,1693235155413,1692262891293,1692262891467,1693235155623,210,174,36
553,1693235155623,1692262891500,1692262891673,1693235155829,206,173,33
554,1693235155829,1692262891722,1692262891895,1693235156052,223,173,50
555,1693235156052,1692262891921,1692262892092,1693235156249,197,171,26
556,1693235156249,1692262892126,1692262892297,1693235156454,205,171,34
557,1693235156454,1692262892333,1692262892502,1693235156659,205,169,36
558,1693235156659,1692262892549,1692262892720,1693235156876,217,171,46
559,1693235156876,1692262892760,1692262892930,1693235157086,210,170,40
560,1693235157086,1692262892974,1692262893143,1693235157307,221,169,52
561,1693235157307,1692262893224,1692262893396,1693235157553,246,172,74
562,1693235157553,1692262893438,1692262893609,1693235157765,212,171,41
563,1693235157765,1692262893644,1692262893814,1693235157970,205,170,35
564,1693235157970,1692262893862,1692262894034,1693235158190,220,172,48
565,1693235158190,1692262894081,1692262894253,1693235158409,219,172,47
566,1693235158409,1692262894312,1692262894486,1693235158642,233,174,59
567,1693235158642,1692262894527,1692262894699,1693235158855,213,172,41
568,1693235158855,1692262894749,1692262894919,1693235159075,220,170,50
569,1693235159075,1692262894979,1692262895151,1693235159308,233,172,61
570,1693235159308,1692262895191,1692262895362,1693235159518,210,171,39
571,1693235159519,1692262895385,1692262895559,1693235159716,197,174,23
572,1693235159716,1692262895606,1692262895779,1693235159935,219,173,46
573,1693235159935,1692262895818,1692262895989,1693235160146,211,171,40
574,1693235160146,1692262896028,1692262896200,1693235160357,211,172,39
575,1693235160357,1692262896216,1692262896385,1693235160542,185,169,16
576,1693235160542,1692262896442,1692262896615,1693235160771,229,173,56
577,1693235160771,1692262896675,1692262896846,1693235161003,232,171,61
578,1693235161003,1692262896888,1692262897060,1693235161216,213,172,41
579,1693235161216,1692262897102,1692262897273,1693235161429,213,171,42
580,1693235161429,1692262897334,1692262897509,1693235161665,236,175,61
581,1693235161666,1692262897544,1692262897717,1693235161873,207,173,34
582,1693235161873,1692262897751,1692262897921,1693235162077,204,170,34
583,1693235162078,1692262897969,1692262898141,1693235162298,220,172,48
584,1693235162298,1692262898189,1692262898363,1693235162520,222,174,48
585,1693235162520,1692262898403,1692262898574,1693235162730,210,171,39
586,1693235162730,1692262898631,1692262898803,1693235162959,229,172,57
587,1693235162959,1692262898847,1692262899018,1693235163177,218,171,47
588,1693235163177,1692262899050,1692262899218,1693235163375,198,168,30
589,1693235163375,1692262899270,1692262899441,1693235163599,224,171,53
590,1693235163599,1692262899477,1692262899648,1693235163804,205,171,34
591,1693235163804,1692262899690,1692262899862,1693235164018,214,172,42
592,1693235164018,1692262899911,1692262900084,1693235164240,222,173,49
593,1693235164240,1692262900123,1692262900294,1693235164451,211,171,40
594,1693235164451,1692262900365,1692262900538,1693235164695,244,173,71
595,1693235164695,1692262900608,1692262900780,1693235164936,241,172,69
596,1693235164937,1692262900826,1692262900997,1693235165153,216,171,45
597,1693235165153,1692262901057,1692262901229,1693235165385,232,172,60
598,1693235165385,1692262901277,1692262901449,1693235165605,220,172,48
599,1693235165605,1692262901497,1692262901671,1693235165827,222,174,48
600,1693235165827,1692262901712,1692262901884,1693235166040,213,172,41
601,1693235166040,1692262901937,1692262902111,1693235166267,227,174,53
602,1693235166267,1692262902160,1692262902333,1693235166490,223,173,50
603,1693235166490,1692262902379,1692262902552,1693235166708,218,173,45
604,1693235166708,1692262902600,1692262902773,1693235166929,221,173,48
605,1693235166929,1692262902841,1692262903013,1693235167170,241,172,69
606,1693235167170,1692262903067,1692262903240,1693235167396,226,173,53
607,1693235167396,1692262903288,1692262903460,1693235167616,220,172,48
608,1693235167616,1692262903500,1692262903672,1693235167829,213,172,41
609,1693235167829,1692262903699,1692262903868,1693235168025,196,169,27
610,1693235168025,1692262903899,1692262904069,1693235168225,200,170,30
611,1693235168225,1692262904119,1692262904292,1693235168448,223,173,50
612,1693235168620,1692262904498,1692262904862,1693235169019,399,364,35
613,1693235169019,1692262904925,1692262905259,1693235169532,513,334,179
614,1693235169533,1692262905410,1692262905675,1693235169832,299,265,34
615,1693235169832,1692262905725,1692262906051,1693235170242,410,326,84
616,1693235170242,1692262906123,1692262906320,1693235170476,234,197,37
617,1693235170476,1692262906369,1692262906552,1693235170709,233,183,50
618,1693235170709,1692262906637,1692262906972,1693235171128,419,335,84
619,1693235171128,1692262907036,1692262907367,1693235171540,412,331,81
620,1693235171540,1692262907428,1692262907691,1693235171847,307,263,44
621,1693235171847,1692262907715,1692262908048,1693235172307,460,333,127
622,1693235172307,1692262908199,1692262908378,1693235172534,227,179,48
623,1693235172534,1692262908429,1692262908621,1693235172778,244,192,52
624,1693235172778,1692262908660,1692262908902,1693235173059,281,242,39
625,1693235173059,1692262908975,1692262909316,1693235173526,467,341,126
626,1693235173526,1692262909403,1692262909726,1693235173883,357,323,34
627,1693235173883,1692262909762,1692262909955,1693235174111,228,193,35
628,1693235174111,1692262909998,1692262910179,1693235174335,224,181,43
629,1693235174335,1692262910219,1692262910402,1693235174559,224,183,41
630,1693235174559,1692262910445,1692262910790,1693235174946,387,345,42
631,1693235174946,1692262910866,1692262911205,1693235175362,416,339,77
632,1693235175363,1692262911237,1692262911571,1693235175728,365,334,31
633,1693235175728,1692262911609,1692262911826,1693235175983,255,217,38
634,1693235175983,1692262911867,1692262912055,1693235176211,228,188,40
635,1693235176211,1692262912083,1692262912326,1693235176492,281,243,38
636,1693235176492,1692262912385,1692262912567,1693235176723,231,182,49
637,1693235176723,1692262912607,1692262912934,1693235177091,368,327,41
638,1693235177091,1692262912968,1692262913297,1693235177519,428,329,99
639,1693235177519,1692262913410,1692262913640,1693235177826,307,230,77
640,1693235177826,1692262913714,1692262913893,1693235178049,223,179,44
641,1693235178050,1692262913943,1692262914195,1693235178352,302,252,50
642,1693235178352,1692262914239,1692262914413,1693235178570,218,174,44
643,1693235178570,1692262914463,1692262914803,1693235179157,587,340,247
644,1693235179157,1692262915049,1692262915311,1693235179488,331,262,69
645,1693235179488,1692262915399,1692262915578,1693235179734,246,179,67
646,1693235179734,1692262915630,1692262915815,1693235180102,368,185,183
647,1693235180102,1692262915985,1692262916181,1693235180387,285,196,89
648,1693235180387,1692262916269,1692262916541,1693235180698,311,272,39
649,1693235180698,1692262916579,1692262916859,1693235181015,317,280,37
650,1693235181015,1692262916895,1692262917066,1693235181223,208,171,37
651,1693235181223,1692262917114,1692262917349,1693235181505,282,235,47
652,1693235181506,1692262917472,1692262917681,1693235181837,331,209,122
653,1693235181837,1692262917758,1692262918094,1693235182332,495,336,159
654,1693235182332,1692262918225,1692262918563,1693235182720,388,338,50
655,1693235182720,1692262918596,1692262918772,1693235182929,209,176,33
656,1693235182929,1692262918830,1692262919100,1693235183256,327,270,57
657,1693235183256,1692262919164,1692262919364,1693235183520,264,200,64
658,1693235183520,1692262919407,1692262919584,1693235183740,220,177,43
659,1693235183741,1692262919623,1692262919922,1693235184078,337,299,38
660,1693235184078,1692262919966,1692262920328,1693235184486,408,362,46
661,1693235184486,1692262920367,1692262920577,1693235184733,247,210,37
662,1693235184733,1692262920624,1692262920800,1693235184957,224,176,48
663,1693235184957,1692262920859,1692262921080,1693235185237,280,221,59
664,1693235185237,1692262921118,1692262921300,1693235185456,219,182,37
665,1693235185456,1692262921336,1692262921516,1693235185672,216,180,36
666,1693235185672,1692262921544,1692262921827,1693235185983,311,283,28
667,1693235185983,1692262921871,1692262922055,1693235186211,228,184,44
668,1693235186211,1692262922100,1692262922362,1693235186531,320,262,58
669,1693235186531,1692262922421,1692262922611,1693235186768,237,190,47
670,1693235186768,1692262922642,1692262922892,1693235187048,280,250,30
671,1693235187048,1692262922935,1692262923279,1693235187436,388,344,44
672,1693235187436,1692262923324,1692262923605,1693235187762,326,281,45
673,1693235187762,1692262923639,1692262923907,1693235188064,302,268,34
674,1693235188064,1692262923967,1692262924179,1693235188336,272,212,60
675,1693235188336,1692262924240,1692262924447,1693235188603,267,207,60
676,1693235188603,1692262924487,1692262924660,1693235188815,212,173,39
677,1693235188815,1692262924703,1692262925028,1693235189202,387,325,62
678,1693235189202,1692262925084,1692262925403,1693235189560,358,319,39
679,1693235189560,1692262925449,1692262925708,1693235189864,304,259,45
680,1693235189864,1692262925754,1692262925932,1693235190089,225,178,47
681,1693235190089,1692262925967,1692262926140,1693235190296,207,173,34
682,1693235190296,1692262926181,1692262926359,1693235190520,224,178,46
683,1693235190520,1692262926404,1692262926578,1693235190734,214,174,40
684,1693235190734,1692262926617,1692262926977,1693235191206,472,360,112
685,1693235191206,1692262927073,1692262927382,1693235191538,332,309,23
686,1693235191538,1692262927430,1692262927674,1693235191855,317,244,73
687,1693235191855,1692262927750,1692262928003,1693235192206,351,253,98
688,1693235192206,1692262928095,1692262928269,1693235192425,219,174,45
689,1693235192425,1692262928323,1692262928495,1693235192652,227,172,55
690,1693235192652,1692262928560,1692262928899,1693235193081,429,339,90
691,1693235193081,1692262928968,1692262929251,1693235193407,326,283,43
692,1693235193407,1692262929279,1692262929488,1693235193644,237,209,28
693,1693235193644,1692262929534,1692262929879,1693235194036,392,345,47
694,1693235194036,1692262929914,1692262930169,1693235194325,289,255,34
695,1693235194325,1692262930210,1692262930384,1693235194540,215,174,41
696,1693235194540,1692262930415,1692262930756,1693235194912,372,341,31
697,1693235194912,1692262930815,1692262931140,1693235195296,384,325,59
698,1693235195296,1692262931181,1692262931362,1693235195519,223,181,42
699,1693235195519,1692262931414,1692262931772,1693235195928,409,358,51
700,1693235195928,1692262931800,1692262932050,1693235196206,278,250,28
701,1693235196206,1692262932096,1692262932268,1693235196424,218,172,46
702,1693235196424,1692262932331,1692262932665,1693235196821,397,334,63
703,1693235196821,1692262932707,1692262933030,1693235197186,365,323,42
704,1693235197186,1692262933071,1692262933321,1693235197480,294,250,44
705,1693235197480,1692262933354,1692262933543,1693235197700,220,189,31
706,1693235197700,1692262933595,1692262933839,1693235197996,296,244,52
707,1693235197996,1692262933886,1692262934058,1693235198214,218,172,46
708,1693235198215,1692262934099,1692262934318,1693235198474,259,219,40
709,1693235198474,1692262934380,1692262934604,1693235198760,286,224,62
710,1693235201784,1692262937658,1692262937829,1693235201985,201,171,30
711,1693235201985,1692262937898,1692262938071,1693235202228,243,173,70
712,1693235202228,1692262938118,1692262938289,1693235202445,217,171,46
713,1693235202445,1692262938342,1692262938513,1693235202669,224,171,53
714,1693235202669,1692262938565,1692262938736,1693235202892,223,171,52
715,1693235202892,1692262938798,1692262938970,1693235203126,234,172,62
716,1693235203126,1692262938999,1692262939169,1693235203325,199,170,29
717,1693235203325,1692262939203,1692262939372,1693235203528,203,169,34
718,1693235203528,1692262939411,1692262939582,1693235203738,210,171,39
719,1693235203738,1692262939613,1692262939784,1693235203940,202,171,31
720,1693235203940,1692262939817,1692262939986,1693235204142,202,169,33
721,1693235204142,1692262940019,1692262940188,1693235204344,202,169,33
722,1693235204345,1692262940214,1692262940384,1693235204540,195,170,25
723,1693235204540,1692262940416,1692262940586,1693235204742,202,170,32
724,1693235204742,1692262940622,1692262940793,1693235204949,207,171,36
725,1693235204949,1692262940820,1692262940988,1693235205144,195,168,27
726,1693235205144,1692262941044,1692262941216,1693235205372,228,172,56
727,1693235205372,1692262941275,1692262941447,1693235205603,231,172,59
728,1693235205603,1692262941492,1692262941665,1693235205832,229,173,56
729,1693235205832,1692262941725,1692262941896,1693235206052,220,171,49
730,1693235206052,1692262941942,1692262942114,1693235206270,218,172,46
731,1693235206270,1692262942178,1692262942350,1693235206506,236,172,64
732,1693235206506,1692262942375,1692262942544,1693235206700,194,169,25
733,1693235206700,1692262942570,1692262942740,1693235206896,196,170,26
734,1693235206896,1692262942794,1692262942965,1693235207121,225,171,54
735,1693235207121,1692262943026,1692262943197,1693235207353,232,171,61
736,1693235207354,1692262943233,1692262943404,1693235207561,207,171,36
737,1693235207561,1692262943451,1692262943622,1693235207778,217,171,46
738,1693235207778,1692262943666,1692262943838,1693235207994,216,172,44
739,1693235207994,1692262943887,1692262944060,1693235208216,222,173,49
740,1693235208216,1692262944095,1692262944267,1693235208423,207,172,35
741,1693235208423,1692262944316,1692262944487,1693235208644,221,171,50
742,1693235208644,1692262944515,1692262944684,1693235208840,196,169,27
743,1693235208840,1692262944742,1692262944914,1693235209069,229,172,57
744,1693235209070,1692262944950,1692262945123,1693235209279,209,173,36
745,1693235209279,1692262945164,1692262945335,1693235209492,213,171,42
746,1693235209492,1692262945367,1692262945536,1693235209693,201,169,32
747,1693235209693,1692262945575,1692262945745,1693235209901,208,170,38
748,1693235209901,1692262945782,1692262945955,1693235210216,315,173,142
749,1693235210216,1692262946100,1692262946271,1693235210427,211,171,40
750,1693235210427,1692262946305,1692262946477,1693235210633,206,172,34
751,1693235210633,1692262946514,1692262946686,1693235210842,209,172,37
752,1693235210842,1692262946751,1692262946925,1693235211081,239,174,65
753,1693235211081,1692262946981,1692262947151,1693235211308,227,170,57
754,1693235211308,1692262947220,1692262947392,1693235211548,240,172,68
755,1693235211548,1692262947433,1692262947604,1693235211760,212,171,41
756,1693235211760,1692262947654,1692262947825,1693235211981,221,171,50
757,1693235211981,1692262947872,1692262948042,1693235212198,217,170,47
758,1693235212198,1692262948089,1692262948261,1693235212417,219,172,47
759,1693235212417,1692262948307,1692262948479,1693235212635,218,172,46
760,1693235212635,1692262948521,1692262948692,1693235212848,213,171,42
761,1693235212848,1692262948733,1692262948904,1693235213060,212,171,41
762,1693235213060,1692262948936,1692262949105,1693235213261,201,169,32
763,1693235213262,1692262949146,1692262949317,1693235213473,211,171,40
764,1693235213473,1692262949360,1692262949533,1693235213689,216,173,43
765,1693235213689,1692262949573,1692262949744,1693235213900,211,171,40
766,1693235213900,1692262949784,1692262949954,1693235214110,210,170,40
767,1693235214110,1692262949987,1692262950157,1693235214313,203,170,33
768,1693235214313,1692262950182,1692262950353,1693235214510,197,171,26
769,1693235214510,1692262950388,1692262950557,1693235214714,204,169,35
770,1693235214714,1692262950654,1692262950826,1693235214982,268,172,96
771,1693235214982,1692262950874,1692262951046,1693235215202,220,172,48
772,1693235215202,1692262951092,1692262951264,1693235215420,218,172,46
773,1693235215420,1692262951310,1692262951482,1693235215638,218,172,46
774,1693235215638,1692262951519,1692262951691,1693235215847,209,172,37
775,1693235215847,1692262951724,1692262951894,1693235216050,203,170,33
776,1693235216050,1692262951952,1692262952125,1693235216281,231,173,58
777,1693235216281,1692262952165,1692262952336,1693235216492,211,171,40
778,1693235216492,1692262952375,1692262952546,1693235216702,210,171,39
779,1693235216702,1692262952577,1692262952747,1693235216903,201,170,31
780,1693235216903,1692262952778,1692262952949,1693235217104,201,171,30
781,1693235217104,1692262952993,1692262953164,1693235217328,224,171,53
782,1693235217328,1692262953224,1692262953395,1693235217553,225,171,54
783,1693235217553,1692262953438,1692262953611,1693235217766,213,173,40
784,1693235217766,1692262953657,1692262953828,1693235217984,218,171,47
785,1693235217984,1692262953868,1692262954038,1693235218194,210,170,40
786,1693235218194,1692262954062,1692262954232,1693235218388,194,170,24
787,1693235218388,1692262954335,1692262954511,1693235218667,279,176,103
788,1693235218667,1692262954563,1692262954736,1693235218891,224,173,51
789,1693235218892,1692262954764,1692262954935,1693235219091,199,171,28
790,1693235219091,1692262954963,1692262955134,1693235219294,203,171,32
791,1693235219294,1692262955194,1692262955367,1693235219522,228,173,55
792,1693235219522,1692262955400,1692262955569,1693235219725,203,169,34
793,1693235219725,1692262955625,1692262955798,1693235219954,229,173,56
794,1693235219954,1692262955829,1692262956004,1693235220159,205,175,30
795,1693235220160,1692262956061,1692262956233,1693235220389,229,172,57
796,1693235220389,1692262956272,1692262956443,1693235220600,211,171,40
797,1693235220600,1692262956480,1692262956651,1693235220807,207,171,36
798,1693235220807,1692262956700,1692262956873,1693235221034,227,173,54
799,1693235221034,1692262956936,1692262957108,1693235221264,230,172,58
800,1693235221264,1692262957143,1692262957314,1693235221470,206,171,35
801,1693235221470,1692262957372,1692262957544,1693235221700,230,172,58
802,1693235221700,1692262957572,1692262957743,1693235221899,199,171,28
803,1693235221899,1692262957786,1692262957957,1693235222113,214,171,43
804,1693235222113,1692262957998,1692262958169,1693235222325,212,171,41
805,1693235222325,1692262958217,1692262958390,1693235222548,223,173,50
806,1693235222548,1692262958421,1692262958591,1693235222747,199,170,29
807,1693235222747,1692262958643,1692262958814,1693235222969,222,171,51
808,1693235222969,1692262958854,1692262959026,1693235223181,212,172,40
809,1693235223182,1692262959048,1692262959219,1693235223375,193,171,22
810,1693235223375,1692262959265,1692262959437,1693235223595,220,172,48
811,1693235223595,1692262959485,1692262959658,1693235223813,218,173,45
812,1693235223813,1692262959684,1692262959853,1693235224009,196,169,27
813,1693235224009,1692262959894,1692262960069,1693235224226,217,175,42
814,1693235224226,1692262960108,1692262960282,1693235224437,211,174,37
815,1693235224437,1692262960314,1692262960482,1693235224638,201,168,33
816,1693235224638,1692262960507,1692262960677,1693235224833,195,170,25
817,1693235224833,1692262960722,1692262960893,1693235225048,215,171,44
818,1693235225048,1692262960919,1692262961090,1693235225245,197,171,26
819,1693235225245,1692262961161,1692262961335,1693235225490,245,174,71
820,1693235225490,1692262961396,1692262961568,1693235225724,234,172,62
821,1693235225724,1692262961603,1692262961776,1693235225931,207,173,34
822,1693235225931,1692262961809,1692262961978,1693235226133,202,169,33
823,1693235226133,1692262962032,1692262962204,1693235226359,226,172,54
824,1693235226359,1692262962248,1692262962421,1693235226576,217,173,44
825,1693235226576,1692262962473,1692262962644,1693235226799,223,171,52
826,1693235226800,1692262962678,1692262962848,1693235227003,203,170,33
827,1693235227003,1692262962879,1692262963049,1693235227204,201,170,31
828,1693235227204,1692262963078,1692262963250,1693235227405,201,172,29
829,1693235227405,1692262963294,1692262963466,1693235227622,217,172,45
830,1693235227622,1692262963521,1692262963694,1693235227850,228,173,55
831,1693235227850,1692262963728,1692262963898,1693235228053,203,170,33
832,1693235228053,1692262963951,1692262964125,1693235228283,230,174,56
833,1693235228283,1692262964157,1692262964327,1693235228483,200,170,30
834,1693235228483,1692262964363,1692262964536,1693235228691,208,173,35
835,1693235228691,1692262964600,1692262964773,1693235228929,238,173,65
836,1693235228929,1692262964832,1692262965003,1693235229159,230,171,59
837,1693235229159,1692262965055,1692262965226,1693235229382,223,171,52
838,1693235229382,1692262965286,1692262965459,1693235229618,236,173,63
839,1693235229618,1692262965506,1692262965678,1693235229834,216,172,44
840,1693235229834,1692262965709,1692262965881,1693235230036,202,172,30
841,1693235230036,1692262965941,1692262966115,1693235230271,235,174,61
842,1693235230271,1692262966160,1692262966331,1693235230487,216,171,45
843,1693235230487,1692262966379,1692262966552,1693235230708,221,173,48
844,1693235230708,1692262966582,1692262966752,1693235230908,200,170,30
845,1693235230908,1692262966788,1692262966957,1693235231112,204,169,35
846,1693235231113,1692262967012,1692262967186,1693235231342,229,174,55
847,1693235231342,1692262967253,1692262967425,1693235231582,240,172,68
848,1693235231582,1692262967485,1692262967660,1693235231816,234,175,59
849,1693235231985,1692262967873,1692262968235,1693235232391,406,362,44
850,1693235232391,1692262968288,1692262968611,1693235232807,416,323,93
851,1693235232808,1692262968732,1692262969064,1693235233323,515,332,183
852,1693235233323,1692262969222,1692262969497,1693235233817,494,275,219
853,1693235233817,1692262969689,1692262969868,1693235234024,207,179,28
854,1693235234024,1692262969918,1692262970250,1693235234406,382,332,50
855,1693235234406,1692262970318,1692262970648,1693235234863,457,330,127
856,1693235234863,1692262970750,1692262971058,1693235235214,351,308,43
857,1693235235214,1692262971105,1692262971294,1693235235450,236,189,47
858,1693235235450,1692262971331,1692262971594,1693235235750,300,263,37
859,1693235235750,1692262971642,1692262971821,1693235235977,227,179,48
860,1693235235977,1692262971857,1692262972194,1693235236391,414,337,77
861,1693235236391,1692262972280,1692262972605,1693235236761,370,325,45
862,1693235236761,1692262972643,1692262972940,1693235237095,334,297,37
863,1693235237095,1692262972994,1692262973243,1693235237398,303,249,54
864,1693235237398,1692262973297,1692262973476,1693235237637,239,179,60
865,1693235237637,1692262973525,1692262973887,1693235238043,406,362,44
866,1693235238043,1692262973940,1692262974283,1693235238479,436,343,93
867,1693235238479,1692262974370,1692262974702,1693235238858,379,332,47
868,1693235238858,1692262974759,1692262974984,1693235239139,281,225,56
869,1693235239139,1692262975029,1692262975259,1693235239415,276,230,46
870,1693235239415,1692262975313,1692262975561,1693235239717,302,248,54
871,1693235239717,1692262975624,1692262975966,1693235240210,493,342,151
872,1693235240210,1692262976087,1692262976431,1693235240589,379,344,35
873,1693235240589,1692262976482,1692262976737,1693235240892,303,255,48
874,1693235240893,1692262976768,1692262976943,1693235241101,208,175,33
875,1693235241101,1692262976976,1692262977152,1693235241309,208,176,32
876,1693235241309,1692262977209,1692262977390,1693235241546,237,181,56
877,1693235241546,1692262977449,1692262977672,1693235241829,283,223,60
878,1693235241829,1692262977717,1692262978001,1693235242234,405,284,121
879,1693235242234,1692262978123,1692262978445,1693235242601,367,322,45
880,1693235242601,1692262978475,1692262978723,1693235242930,329,248,81
881,1693235242930,1692262978829,1692262979060,1693235243216,286,231,55
882,1693235243216,1692262979108,1692262979286,1693235243442,226,178,48
883,1693235243442,1692262979341,1692262979687,1693235243869,427,346,81
884,1693235243869,1692262979769,1692262980115,1693235244271,402,346,56
885,1693235244271,1692262980148,1692262980355,1693235244511,240,207,33
886,1693235244511,1692262980442,1692262980613,1693235244769,258,171,87
887,1693235244769,1692262980659,1692262980868,1693235245024,255,209,46
888,1693235245024,1692262980911,1692262981156,1693235245311,287,245,42
889,1693235245311,1692262981196,1692262981476,1693235245632,321,280,41
890,1693235245632,1692262981527,1692262981797,1693235246023,391,270,121
891,1693235246023,1692262981898,1692262982147,1693235246330,307,249,58
892,1693235246330,1692262982197,1692262982371,1693235246533,203,174,29
893,1693235246533,1692262982418,1692262982595,1693235246750,217,177,40
894,1693235246750,1692262982636,1692262982872,1693235247027,277,236,41
895,1693235247027,1692262982975,1692262983344,1693235247500,473,369,104
896,1693235247500,1692262983416,1692262983686,1693235247866,366,270,96
897,1693235247866,1692262983758,1692262984007,1693235248274,408,249,159
898,1693235248274,1692262984149,1692262984322,1693235248478,204,173,31
899,1693235248478,1692262984367,1692262984545,1693235248703,225,178,47
900,1693235248703,1692262984587,1692262984771,1693235248927,224,184,40
901,1693235248927,1692262984808,1692262985112,1693235249300,373,304,69
902,1693235249300,1692262985182,1692262985442,1693235249600,300,260,40
903,1693235249600,1692262985485,1692262985680,1693235249836,236,195,41
904,1693235249836,1692262985747,1692262985987,1693235250143,307,240,67
905,1693235250143,1692262986038,1692262986380,1693235250586,443,342,101
906,1693235250586,1692262986456,1692262986804,1693235250959,373,348,25
907,1693235250960,1692262986839,1692262987108,1693235251348,388,269,119
908,1693235251348,1692262987233,1692262987449,1693235251605,257,216,41
909,1693235251605,1692262987482,1692262987727,1693235251903,298,245,53
910,1693235251903,1692262987793,1692262987964,1693235252120,217,171,46
911,1693235252120,1692262988004,1692262988339,1693235252494,374,335,39
912,1693235252494,1692262988385,1692262988679,1693235252835,341,294,47
913,1693235252835,1692262988727,1692262988928,1693235253085,250,201,49
914,1693235253085,1692262988978,1692262989161,1693235253317,232,183,49
915,1693235253317,1692262989206,1692262989381,1693235253537,220,175,45
916,1693235253537,1692262989416,1692262989613,1693235253769,232,197,35
917,1693235253769,1692262989673,1692262989846,1693235254003,234,173,61
918,1693235254003,1692262989883,1692262990223,1693235254379,376,340,36
919,1693235254379,1692262990252,1692262990447,1693235254602,223,195,28
920,1693235254602,1692262990497,1692262990727,1693235254904,302,230,72
921,1693235254904,1692262990787,1692262991028,1693235255342,438,241,197
922,1693235255342,1692262991241,1692262991414,1693235255569,227,173,54
923,1693235255569,1692262991457,1692262991629,1693235255785,216,172,44
924,1693235255785,1692262991665,1692262991965,1693235256135,350,300,50
925,1693235256135,1692262992028,1692262992358,1693235256514,379,330,49
926,1693235256514,1692262992421,1692262992684,1693235256840,326,263,63
927,1693235256840,1692262992713,1692262992901,1693235257057,217,188,29
928,1693235257057,1692262992943,1692262993125,1693235257280,223,182,41
929,1693235257280,1692262993166,1692262993398,1693235257553,273,232,41
930,1693235257553,1692262993443,1692262993616,1693235257772,219,173,46
931,1693235257773,1692262993678,1692262994008,1693235258163,390,330,60
932,1693235258163,1692262994065,1692262994409,1693235258564,401,344,57
933,1693235258564,1692262994451,1692262994764,1693235258930,366,313,53
934,1693235258930,1692262994806,1692262994976,1693235259131,201,170,31
935,1693235259131,1692262995018,1692262995198,1693235259353,222,180,42
936,1693235259353,1692262995253,1692262995491,1693235259647,294,238,56
937,1693235259647,1692262995516,1692262995723,1693235259878,231,207,24
938,1693235259878,1692262995756,1692262996092,1693235260249,371,336,35
939,1693235260249,1692262996126,1692262996423,1693235260578,329,297,32
940,1693235260578,1692262996473,1692262996714,1693235260870,292,241,51
941,1693235260870,1692262996757,1692262997008,1693235261164,294,251,43
942,1693235261164,1692262997045,1692262997217,1693235261373,209,172,37
943,1693235261373,1692262997254,1692262997587,1693235261742,369,333,36
944,1693235261742,1692262997632,1692262997907,1693235262062,320,275,45
945,1693235265093,1692263000965,1692263001136,1693235265291,198,171,27
946,1693235265291,1692263001169,1692263001339,1693235265502,211,170,41
947,1693235265502,1692263001382,1692263001553,1693235265709,207,171,36
948,1693235265709,1692263001604,1692263001777,1693235265932,223,173,50
949,1693235265933,1692263001824,1692263001995,1693235266150,217,171,46
950,1693235266150,1692263002036,1692263002209,1693235266364,214,173,41
951,1693235266364,1692263002258,1692263002429,1693235266584,220,171,49
952,1693235266584,1692263002474,1692263002645,1693235266800,216,171,45
953,1693235266800,1692263002681,1692263002851,1693235267008,208,170,38
954,1693235267008,1692263002885,1692263003054,1693235267209,201,169,32
955,1693235267209,1692263003099,1692263003272,1693235267428,219,173,46
956,1693235267428,1692263003316,1692263003488,1693235267644,216,172,44
957,1693235267644,1692263003514,1692263003686,1693235267842,198,172,26
958,1693235267842,1692263003720,1692263003891,1693235268046,204,171,33
959,1693235268046,1692263003937,1692263004109,1693235268264,218,172,46
960,1693235268264,1692263004162,1692263004338,1693235268493,229,176,53
961,1693235268493,1692263004386,1692263004557,1693235268712,219,171,48
962,1693235268712,1692263004593,1692263004763,1693235268919,207,170,37
963,1693235268919,1692263004817,1692263004991,1693235269146,227,174,53
964,1693235269146,1692263005043,1692263005215,1693235269370,224,172,52
965,1693235269370,1692263005241,1692263005413,1693235269571,201,172,29
966,1693235269571,1692263005472,1692263005645,1693235269801,230,173,57
967,1693235269801,1692263005691,1692263005863,1693235270109,308,172,136
968,1693235270109,1692263005998,1692263006170,1693235270325,216,172,44
969,1693235270325,1692263006213,1692263006388,1693235270543,218,175,43
970,1693235270543,1692263006432,1692263006604,1693235270760,217,172,45
971,1693235270760,1692263006654,1692263006826,1693235270981,221,172,49
972,1693235270982,1692263006863,1692263007034,1693235271189,207,171,36
973,1693235271189,1692263007089,1692263007260,1693235271416,227,171,56
974,1693235271416,1692263007302,1692263007473,1693235271628,212,171,41
975,1693235271628,1692263007483,1692263007654,1693235271809,181,171,10
976,1693235271809,1692263007696,1692263007868,1693235272025,216,172,44
977,1693235272025,1692263007906,1692263008077,1693235272233,208,171,37
978,1693235272234,1692263008101,1692263008270,1693235272426,192,169,23
979,1693235272426,1692263008300,1692263008469,1693235272624,198,169,29
980,1693235272624,1692263008506,1692263008676,1693235272831,207,170,37
981,1693235272831,1692263008727,1692263008898,1693235273053,222,171,51
982,1693235273054,1692263008937,1692263009107,1693235273263,209,170,39
983,1693235273263,1692263009148,1692263009319,1693235273474,211,171,40
984,1693235273474,1692263009377,1692263009549,1693235273704,230,172,58
985,1693235273704,1692263009591,1692263009764,1693235273936,232,173,59
986,1693235273936,1692263009836,1692263010009,1693235274164,228,173,55
987,1693235274164,1692263010061,1692263010235,1693235274390,226,174,52
988,1693235274390,1692263010282,1692263010455,1693235274611,221,173,48
989,1693235274611,1692263010495,1692263010669,1693235274824,213,174,39
990,1693235274824,1692263010707,1692263010880,1693235275035,211,173,38
991,1693235275035,1692263010934,1692263011106,1693235275261,226,172,54
992,1693235275261,1692263011127,1692263011297,1693235275452,191,170,21
993,1693235275452,1692263011327,1692263011498,1693235275653,201,171,30
994,1693235275653,1692263011539,1692263011708,1693235275864,211,169,42
995,1693235275865,1692263011760,1692263011933,1693235276088,223,173,50
996,1693235276088,1692263011992,1692263012165,1693235276321,233,173,60
997,1693235276321,1692263012208,1692263012380,1693235276536,215,172,43
998,1693235276536,1692263012431,1692263012604,1693235276760,224,173,51
999,1693235276760,1692263012644,1692263012817,1693235276973,213,173,40
1000,1693235276973,1692263012885,1692263013057,1693235277213,240,172,68
1001,1693235277213,1692263013097,1692263013269,1693235277424,211,172,39
1002,1693235277424,1692263013333,1692263013505,1693235277661,237,172,65
1003,1693235277661,1692263013547,1692263013718,1693235277876,215,171,44
1004,1693235277876,1692263013772,1692263013944,1693235278099,223,172,51
1005,1693235278099,1692263013985,1692263014156,1693235278311,212,171,41
1006,1693235278312,1692263014194,1692263014366,1693235278521,209,172,37
1007,1693235278521,1692263014418,1692263014591,1693235278746,225,173,52
1008,1693235278746,1692263014629,1692263014800,1693235278955,209,171,38
1009,1693235278955,1692263014845,1692263015017,1693235279172,217,172,45
1010,1693235279172,1692263015065,1692263015236,1693235279391,219,171,48
1011,1693235279391,1692263015269,1692263015438,1693235279594,203,169,34
1012,1693235279594,1692263015530,1692263015701,1693235279856,262,171,91
1013,1693235279856,1692263015745,1692263015917,1693235280072,216,172,44
1014,1693235280072,1692263015962,1692263016133,1693235280288,216,171,45
1015,1693235280288,1692263016187,1692263016359,1693235280514,226,172,54
1016,1693235280514,1692263016423,1692263016597,1693235280752,238,174,64
1017,1693235280752,1692263016638,1692263016811,1693235280966,214,173,41
1018,1693235280966,1692263016846,1692263017017,1693235281173,207,171,36
1019,1693235281173,1692263017074,1692263017248,1693235281404,231,174,57
1020,1693235281404,1692263017316,1692263017490,1693235281645,241,174,67
1021,1693235281645,1692263017562,1692263017733,1693235281889,244,171,73
1022,1693235281889,1692263017763,1692263017932,1693235282087,198,169,29
1023,1693235282087,1692263017974,1692263018145,1693235282300,213,171,42
1024,1693235282300,1692263018179,1692263018348,1693235282504,204,169,35
1025,1693235282504,1692263018395,1692263018567,1693235282722,218,172,46
1026,1693235282722,1692263018597,1692263018767,1693235282922,200,170,30
1027,1693235282922,1692263018806,1692263018977,1693235283132,210,171,39
1028,1693235283133,1692263019015,1692263019185,1693235283340,207,170,37
1029,1693235283340,1692263019253,1692263019424,1693235283579,239,171,68
1030,1693235283579,1692263019483,1692263019660,1693235283815,236,177,59
1031,1693235283815,1692263019713,1692263019885,1693235284040,225,172,53
1032,1693235284040,1692263019938,1692263020109,1693235284264,224,171,53
1033,1693235284265,1692263020143,1692263020313,1693235284485,220,170,50
1034,1693235284485,1692263020370,1692263020543,1693235284698,213,173,40
1035,1693235284698,1692263020590,1692263020762,1693235284919,221,172,49
1036,1693235284919,1692263020835,1692263021008,1693235285164,245,173,72
1037,1693235285164,1692263021041,1692263021212,1693235285367,203,171,32
1038,1693235285367,1692263021254,1692263021426,1693235285581,214,172,42
1039,1693235285581,1692263021461,1692263021632,1693235285787,206,171,35
1040,1693235285787,1692263021662,1692263021832,1693235285988,201,170,31
1041,1693235285988,1692263021863,1692263022034,1693235286189,201,171,30
1042,1693235286189,1692263022063,1692263022233,1693235286388,199,170,29
1043,1693235286388,1692263022261,1692263022433,1693235286589,201,172,29
1044,1693235286589,1692263022464,1692263022634,1693235286789,200,170,30
1045,1693235286789,1692263022706,1692263022879,1693235287034,245,173,72
1046,1693235287034,1692263022920,1692263023093,1693235287248,214,173,41
1047,1693235287248,1692263023119,1692263023291,1693235287446,198,172,26
1048,1693235287446,1692263023332,1692263023504,1693235287659,213,172,41
1049,1693235287659,1692263023569,1692263023741,1693235287897,238,172,66
1050,1693235287897,1692263023795,1692263023969,1693235288124,227,174,53
1051,1693235288124,1692263023994,1692263024164,1693235288319,195,170,25
1052,1693235288319,1692263024221,1692263024392,1693235288548,229,171,58
1053,1693235288548,1692263024450,1692263024622,1693235288777,229,172,57
1054,1693235288777,1692263024677,1692263024848,1693235289003,226,171,55
1055,1693235289003,1692263024879,1692263025050,1693235289205,202,171,31
1056,1693235289205,1692263025096,1692263025269,1693235289425,220,173,47
1057,1693235289425,1692263025314,1692263025484,1693235289644,219,170,49
1058,1693235289644,1692263025535,1692263025707,1693235289862,218,172,46
1059,1693235289862,1692263025780,1692263025951,1693235290106,244,171,73
1060,1693235290106,1692263025991,1692263026162,1693235290317,211,171,40
1061,1693235290317,1692263026215,1692263026386,1693235290542,225,171,54
1062,1693235290542,1692263026442,1692263026612,1693235290767,225,170,55
1063,1693235290768,1692263026647,1692263026817,1693235290972,204,170,34
1064,1693235290972,1692263026870,1692263027041,1693235291196,224,171,53
1065,1693235291196,1692263027097,1692263027270,1693235291425,229,173,56
1066,1693235291425,1692263027319,1692263027492,1693235291647,222,173,49
1067,1693235291647,1692263027523,1692263027694,1693235291849,202,171,31
1068,1693235291849,1692263027739,1692263027910,1693235292066,217,171,46
1069,1693235292066,1692263027980,1692263028150,1693235292321,255,170,85
1070,1693235292321,1692263028216,1692263028387,1693235292542,221,171,50
1071,1693235292542,1692263028416,1692263028585,1693235292740,198,169,29
1072,1693235292740,1692263028627,1692263028798,1693235292953,213,171,42
1073,1693235292953,1692263028852,1692263029024,1693235293179,226,172,54
1074,1693235293179,1692263029061,1692263029231,1693235293386,207,170,37
1075,1693235293386,1692263029280,1692263029452,1693235293608,222,172,50
1076,1693235293608,1692263029489,1692263029660,1693235293816,208,171,37
1077,1693235293816,1692263029756,1692263029929,1693235294084,268,173,95
1078,1693235294084,1692263029967,1692263030137,1693235294292,208,170,38
1079,1693235294292,1692263030185,1692263030357,1693235294512,220,172,48
1080,1693235294512,1692263030399,1692263030571,1693235294726,214,172,42
1081,1693235294726,1692263030602,1692263030771,1693235294926,200,169,31
1082,1693235294926,1692263030829,1692263030999,1693235295155,229,170,59
1083,1693235295325,1692263031198,1692263031564,1693235295719,394,366,28
1084,1693235295719,1692263031609,1692263031944,1693235296099,380,335,45
1085,1693235296099,1692263031985,1692263032327,1693235296505,406,342,64
1086,1693235296505,1692263032384,1692263032712,1693235296866,361,328,33
1087,1693235296866,1692263032748,1692263032959,1693235297116,250,211,39
1088,1693235297116,1692263032987,1692263033197,1693235297352,236,210,26
1089,1693235297352,1692263033241,1692263033427,1693235297582,230,186,44
1090,1693235297582,1692263033480,1692263033809,1693235297964,382,329,53
1091,1693235297965,1692263033860,1692263034157,1693235298312,347,297,50
1092,1693235298312,1692263034222,1692263034486,1693235298642,330,264,66
1093,1693235298642,1692263034525,1692263034698,1693235298853,211,173,38
1094,1693235298853,1692263034738,1692263035017,1693235299207,354,279,75
1095,1693235299208,1692263035097,1692263035292,1693235299447,239,195,44
1096,1693235299447,1692263035331,1692263035640,1693235299795,348,309,39
1097,1693235299795,1692263035677,1692263035933,1693235300112,317,256,61
1098,1693235300112,1692263035999,1692263036275,1693235300430,318,276,42
1099,1693235300430,1692263036328,1692263036509,1693235300665,235,181,54
1100,1693235300665,1692263036560,1692263036773,1693235300928,263,213,50
1101,1693235300928,1692263036815,1692263036992,1693235301147,219,177,42
1102,1693235301147,1692263037017,1692263037196,1693235301352,205,179,26
1103,1693235301352,1692263037259,1692263037529,1693235301684,332,270,62
1104,1693235301684,1692263037590,1692263037918,1693235302073,389,328,61
1105,1693235302073,1692263037972,1692263038252,1693235302407,334,280,54
1106,1693235302407,1692263038289,1692263038546,1693235302751,344,257,87
1107,1693235302752,1692263038654,1692263038832,1693235302987,235,178,57
1108,1693235302987,1692263038880,1692263039096,1693235303251,264,216,48
1109,1693235303251,1692263039145,1692263039491,1693235303647,396,346,50
1110,1693235303647,1692263039532,1692263039868,1693235304022,375,336,39
1111,1693235304022,1692263039904,1692263040191,1693235304347,325,287,38
1112,1693235304347,1692263040262,1692263040437,1693235304594,247,175,72
1113,1693235304594,1692263040494,1692263040671,1693235304827,233,177,56
1114,1693235304827,1692263040720,1692263040902,1693235305057,230,182,48
1115,1693235305057,1692263040949,1692263041303,1693235305590,533,354,179
1116,1693235305590,1692263041480,1692263041811,1693235305967,377,331,46
1117,1693235305967,1692263041860,1692263042085,1693235306240,273,225,48
1118,1693235306240,1692263042129,1692263042351,1693235306506,266,222,44
1119,1693235306506,1692263042397,1692263042583,1693235306739,233,186,47
1120,1693235306739,1692263042643,1692263042872,1693235307027,288,229,59
1121,1693235307027,1692263042918,1692263043259,1693235307420,393,341,52
1122,1693235307420,1692263043318,1692263043504,1693235307660,240,186,54
1123,1693235307660,1692263043542,1692263043716,1693235307871,211,174,37
1124,1693235307871,1692263043766,1692263043999,1693235308179,308,233,75
1125,1693235308179,1692263044054,1692263044227,1693235308486,307,173,134
1126,1693235308486,1692263044374,1692263044552,1693235308793,307,178,129
1127,1693235308793,1692263044665,1692263045004,1693235309202,409,339,70
1128,1693235309202,1692263045088,1692263045416,1693235309586,384,328,56
1129,1693235309587,1692263045495,1692263045736,1693235309891,304,241,63
1130,1693235309891,1692263045769,1692263045950,1693235310105,214,181,33
1131,1693235310105,1692263046001,1692263046195,1693235310350,245,194,51
1132,1693235310350,1692263046219,1692263046405,1693235310561,211,186,25
1133,1693235310561,1692263046460,1692263046818,1693235310980,419,358,61
1134,1693235310980,1692263046965,1692263047296,1693235311452,472,331,141
1135,1693235311452,1692263047339,1692263047574,1693235311729,277,235,42
1136,1693235311729,1692263047620,1692263047805,1693235311960,231,185,46
1137,1693235311960,1692263047853,1692263048032,1693235312188,228,179,49
1138,1693235312188,1692263048079,1692263048267,1693235312423,235,188,47
1139,1693235312423,1692263048303,1692263048643,1693235312889,466,340,126
1140,1693235312889,1692263048776,1692263048987,1693235313141,252,211,41
1141,1693235313142,1692263049018,1692263049237,1693235313503,361,219,142
1142,1693235313503,1692263049390,1692263049658,1693235313909,406,268,138
1143,1693235313909,1692263049800,1692263050152,1693235314307,398,352,46
1144,1693235314308,1692263050220,1692263050579,1693235314734,426,359,67
1145,1693235314734,1692263050642,1692263050823,1693235314978,244,181,63
1146,1693235314978,1692263050876,1692263051087,1693235315242,264,211,53
1147,1693235315242,1692263051127,1692263051383,1693235315538,296,256,40
1148,1693235315538,1692263051414,1692263051734,1693235315908,370,320,50
1149,1693235315908,1692263051784,1692263052140,1693235316295,387,356,31
1150,1693235316295,1692263052179,1692263052467,1693235316623,328,288,40
1151,1693235316623,1692263052514,1692263052687,1693235316842,219,173,46
1152,1693235316842,1692263052721,1692263052899,1693235317054,212,178,34
1153,1693235317054,1692263052941,1692263053202,1693235317394,340,261,79
1154,1693235317394,1692263053306,1692263053648,1693235317803,409,342,67
1155,1693235317803,1692263053676,1692263053914,1693235318069,266,238,28
1156,1693235318069,1692263053955,1692263054304,1693235318462,393,349,44
1157,1693235318462,1692263054368,1692263054577,1693235318732,270,209,61
1158,1693235318732,1692263054638,1692263054816,1693235318972,240,178,62
1159,1693235318972,1692263054849,1692263055071,1693235319227,255,222,33
1160,1693235319227,1692263055112,1692263055290,1693235319460,233,178,55
1161,1693235319460,1692263055337,1692263055655,1693235319811,351,318,33
1162,1693235319811,1692263055704,1692263056072,1693235320262,451,368,83
1163,1693235320262,1692263056169,1692263056429,1693235320584,322,260,62
1164,1693235320584,1692263056456,1692263056634,1693235320789,205,178,27
1165,1693235320789,1692263056680,1692263056893,1693235321048,259,213,46
1166,1693235321048,1692263056962,1692263057136,1693235321291,243,174,69
1167,1693235321292,1692263057191,1692263057527,1693235321682,390,336,54
1168,1693235321682,1692263057570,1692263057918,1693235322073,391,348,43
1169,1693235322073,1692263057979,1692263058208,1693235322365,292,229,63
1170,1693235322365,1692263058246,1692263058498,1693235322653,288,252,36
1171,1693235322653,1692263058530,1692263058702,1693235322857,204,172,32
1172,1693235322857,1692263058741,1692263058939,1693235323093,236,198,38
1173,1693235323093,1692263058990,1692263059317,1693235323472,379,327,52
1174,1693235323472,1692263059349,1692263059712,1693235323867,395,363,32
1175,1693235323867,1692263059767,1692263060062,1693235324217,350,295,55
1176,1693235324217,1692263060079,1692263060260,1693235324415,198,181,17
1177,1693235324415,1692263060312,1692263060486,1693235324641,226,174,52
1178,1693235324641,1692263060519,1692263060767,1693235324922,281,248,33
1179,1693235324922,1692263060794,1692263061045,1693235325200,278,251,27
1180,1693235325200,1692263061083,1692263061308,1693235325484,284,225,59
1181,1693235328507,1692263064410,1692263064582,1693235328736,229,172,57
1182,1693235328736,1692263064630,1692263064802,1693235328958,222,172,50
1183,1693235328958,1692263064877,1692263065051,1693235329206,248,174,74
1184,1693235329206,1692263065090,1692263065263,1693235329418,212,173,39
1185,1693235329418,1692263065290,1692263065460,1693235329615,197,170,27
1186,1693235329615,1692263065505,1692263065676,1693235329831,216,171,45
1187,1693235329831,1692263065736,1692263065910,1693235330217,386,174,212
1188,1693235330217,1692263066090,1692263066262,1693235330416,199,172,27
1189,1693235330416,1692263066285,1692263066453,1693235330608,192,168,24
1190,1693235330608,1692263066485,1692263066656,1693235330811,203,171,32
1191,1693235330811,1692263066703,1692263066875,1693235331030,219,172,47
1192,1693235331030,1692263066932,1692263067105,1693235331260,230,173,57
1193,1693235331260,1692263067178,1692263067354,1693235331509,249,176,73
1194,1693235331509,1692263067402,1692263067574,1693235331728,219,172,47
1195,1693235331728,1692263067630,1692263067803,1693235331957,229,173,56
1196,1693235331958,1692263067842,1692263068014,1693235332168,210,172,38
1197,1693235332169,1692263068055,1692263068227,1693235332381,212,172,40
1198,1693235332381,1692263068270,1692263068442,1693235332597,216,172,44
1199,1693235332597,1692263068478,1692263068647,1693235332802,205,169,36
1200,1693235332802,1692263068679,1692263068849,1693235333008,206,170,36
1201,1693235333008,1692263068881,1692263069050,1693235333205,197,169,28
1202,1693235333205,1692263069070,1692263069241,1693235333396,191,171,20
1203,1693235333396,1692263069287,1692263069460,1693235333614,218,173,45
1204,1693235333614,1692263069484,1692263069656,1693235333811,197,172,25
1205,1693235333812,1692263069706,1692263069877,1693235334032,220,171,49
1206,1693235334032,1692263069916,1692263070087,1693235334241,209,171,38
1207,1693235334241,1692263070139,1692263070311,1693235334466,225,172,53
1208,1693235334466,1692263070352,1692263070522,1693235334677,211,170,41
1209,1693235334677,1692263070580,1692263070750,1693235334905,228,170,58
1210,1693235334905,1692263070792,1692263070963,1693235335118,213,171,42
1211,1693235335118,1692263071001,1692263071172,1693235335327,209,171,38
1212,1693235335327,1692263071249,1692263071423,1693235335578,251,174,77
1213,1693235335578,1692263071477,1692263071649,1693235335803,225,172,53
1214,1693235335803,1692263071688,1692263071858,1693235336013,210,170,40
1215,1693235336013,1692263071898,1692263072069,1693235336224,211,171,40
1216,1693235336224,1692263072134,1692263072307,1693235336461,237,173,64
1217,1693235336462,1692263072350,1692263072521,1693235336676,214,171,43
1218,1693235336676,1692263072567,1692263072739,1693235336893,217,172,45
1219,1693235336893,1692263072770,1692263072939,1693235337093,200,169,31
1220,1693235337093,1692263072981,1692263073152,1693235337306,213,171,42
1221,1693235337306,1692263073195,1692263073367,1693235337522,216,172,44
1222,1693235337522,1692263073417,1692263073590,1693235337744,222,173,49
1223,1693235337744,1692263073624,1692263073797,1693235337952,208,173,35
1224,1693235337952,1692263073839,1692263074010,1693235338165,213,171,42
1225,1693235338165,1692263074076,1692263074249,1693235338404,239,173,66
1226,1693235338404,1692263074292,1692263074464,1693235338619,215,172,43
1227,1693235338619,1692263074515,1692263074687,1693235338842,223,172,51
1228,1693235338842,1692263074711,1692263074881,1693235339036,194,170,24
1229,1693235339036,1692263074900,1692263075069,1693235339224,188,169,19
1230,1693235339224,1692263075117,1692263075287,1693235339442,218,170,48
1231,1693235339442,1692263075338,1692263075510,1693235339664,222,172,50
1232,1693235339664,1692263075551,1692263075724,1693235339879,215,173,42
1233,1693235339879,1692263075774,1692263075948,1693235340103,224,174,50
1234,1693235340103,1692263076003,1692263076178,1693235340332,229,175,54
1235,1693235340332,1692263076222,1692263076394,1693235340549,217,172,45
1236,1693235340549,1692263076429,1692263076600,1693235340755,206,171,35
1237,1693235340755,1692263076641,1692263076811,1693235340966,211,170,41
1238,1693235340966,1692263076855,1692263077027,1693235341182,216,172,44
1239,1693235341182,1692263077069,1692263077241,1693235341395,213,172,41
1240,1693235341396,1692263077297,1692263077468,1693235341622,226,171,55
1241,1693235341622,1692263077518,1692263077689,1693235341844,222,171,51
1242,1693235341844,1692263077732,1692263077904,1693235342059,215,172,43
1243,1693235342059,1692263077950,1692263078123,1693235342277,218,173,45
1244,1693235342277,1692263078170,1692263078342,1693235342497,220,172,48
1245,1693235342497,1692263078372,1692263078543,1693235342697,200,171,29
1246,1693235342697,1692263078582,1692263078753,1693235342907,210,171,39
1247,1693235342907,1692263078786,1692263078957,1693235343112,205,171,34
1248,1693235343112,1692263078985,1692263079155,1693235343310,198,170,28
1249,1693235343310,1692263079206,1692263079377,1693235343531,221,171,50
1250,1693235343531,1692263079413,1692263079584,1693235343738,207,171,36
1251,1693235343738,1692263079619,1692263079789,1693235343943,205,170,35
1252,1693235343943,1692263079824,1692263079996,1693235344151,208,172,36
1253,1693235344151,1692263080031,1692263080202,1693235344356,205,171,34
1254,1693235344356,1692263080253,1692263080428,1693235344582,226,175,51
1255,1693235344582,1692263080488,1692263080660,1693235344815,233,172,61
1256,1693235344815,1692263080701,1692263080870,1693235345025,210,169,41
1257,1693235345025,1692263080909,1692263081079,1693235345234,209,170,39
1258,1693235345234,1692263081118,1692263081289,1693235345444,210,171,39
1259,1693235345444,1692263081349,1692263081520,1693235345675,231,171,60
1260,1693235345675,1692263081578,1692263081751,1693235345905,230,173,57
1261,1693235345905,1692263081798,1692263081968,1693235346123,218,170,48
1262,1693235346123,1692263082016,1692263082190,1693235346344,221,174,47
1263,1693235346345,1692263082209,1692263082379,1693235346534,189,170,19
1264,1693235346534,1692263082415,1692263082587,1693235346742,208,172,36
1265,1693235346742,1692263082639,1692263082810,1693235346965,223,171,52
1266,1693235346965,1692263082851,1692263083022,1693235347177,212,171,41
1267,1693235347177,1692263083079,1692263083251,1693235347405,228,172,56
1268,1693235347405,1692263083285,1692263083455,1693235347610,205,170,35
1269,1693235347610,1692263083515,1692263083686,1693235347841,231,171,60
1270,1693235347841,1692263083732,1692263083903,1693235348057,216,171,45
1271,1693235348057,1692263083938,1692263084107,1693235348262,205,169,36
1272,1693235348262,1692263084148,1692263084321,1693235348475,213,173,40
1273,1693235348475,1692263084355,1692263084528,1693235348682,207,173,34
1274,1693235348682,1692263084585,1692263084758,1693235348912,230,173,57
1275,1693235348912,1692263084800,1692263084971,1693235349126,214,171,43
1276,1693235349126,1692263085011,1692263085183,1693235349339,213,172,41
1277,1693235349339,1692263085216,1692263085388,1693235349545,206,172,34
1278,1693235349545,1692263085435,1692263085609,1693235349764,219,174,45
1279,1693235349764,1692263085672,1692263085842,1693235349997,233,170,63
1280,1693235349997,1692263085885,1692263086057,1693235350212,215,172,43
1281,1693235350212,1692263086097,1692263086268,1693235350423,211,171,40
1282,1693235350423,1692263086320,1692263086493,1693235350648,225,173,52
1283,1693235350648,1692263086553,1692263086725,1693235350880,232,172,60
1284,1693235350880,1692263086748,1692263086919,1693235351074,194,171,23
1285,1693235351074,1692263086967,1692263087137,1693235351292,218,170,48
1286,1693235351292,1692263087193,1692263087367,1693235351522,230,174,56
1287,1693235351522,1692263087430,1692263087603,1693235351757,235,173,62
1288,1693235351757,1692263087634,1692263087804,1693235351958,201,170,31
1289,1693235351958,1692263087851,1692263088021,1693235352176,218,170,48
1290,1693235352176,1692263088075,1692263088246,1693235352401,225,171,54
1291,1693235352401,1692263088287,1692263088457,1693235352612,211,170,41
1292,1693235352612,1692263088498,1692263088670,1693235352825,213,172,41
1293,1693235352825,1692263088721,1692263088895,1693235353050,225,174,51
1294,1693235353050,1692263088920,1692263089094,1693235353249,199,174,25
1295,1693235353249,1692263089138,1692263089310,1693235353464,215,172,43
1296,1693235353464,1692263089351,1692263089522,1693235353676,212,171,41
1297,1693235353676,1692263089565,1692263089738,1693235353892,216,173,43
1298,1693235353892,1692263089786,1692263089958,1693235354113,221,172,49
1299,1693235354113,1692263089999,1692263090168,1693235354323,210,169,41
1300,1693235354323,1692263090213,1692263090384,1693235354539,216,171,45
1301,1693235354539,1692263090436,1692263090607,1693235354762,223,171,52
1302,1693235354762,1692263090643,1692263090815,1693235354971,209,172,37
1303,1693235354971,1692263090863,1692263091036,1693235355201,230,173,57
1304,1693235355201,1692263091092,1692263091264,1693235355419,218,172,46
1305,1693235355419,1692263091312,1692263091485,1693235355640,221,173,48
1306,1693235355640,1692263091529,1692263091700,1693235355856,216,171,45
1307,1693235355856,1692263091745,1692263091917,1693235356072,216,172,44
1308,1693235356072,1692263091956,1692263092127,1693235356282,210,171,39
1309,1693235356282,1692263092180,1692263092351,1693235356507,225,171,54
1310,1693235356507,1692263092392,1692263092565,1693235356720,213,173,40
1311,1693235356720,1692263092589,1692263092758,1693235356936,216,169,47
1312,1693235356936,1692263092830,1692263093003,1693235357158,222,173,49
1313,1693235357158,1692263093022,1692263093193,1693235357349,191,171,20
1314,1693235357349,1692263093247,1692263093419,1693235357573,224,172,52
1315,1693235357573,1692263093460,1692263093631,1693235357785,212,171,41
1316,1693235357785,1692263093661,1692263093831,1693235357985,200,170,30
1317,1693235357985,1692263093883,1692263094056,1693235358211,226,173,53
1318,1693235358211,1692263094102,1692263094273,1693235358427,216,171,45
1319,1693235358427,1692263094310,1692263094480,1693235358634,207,170,37
1320,1693235358805,1692263094714,1692263095080,1693235359275,470,366,104
1321,1693235359275,1692263095246,1692263095562,1693235359717,442,316,126
1322,1693235359717,1692263095604,1692263095815,1693235360117,400,211,189
1323,1693235360117,1692263096081,1692263096395,1693235360550,433,314,119
1324,1693235360550,1692263096435,1692263096616,1693235360771,221,181,40
1325,1693235360771,1692263096685,1692263096878,1693235361033,262,193,69
1326,1693235361033,1692263096935,1692263097263,1693235361529,496,328,168
1327,1693235361529,1692263097399,1692263097717,1693235361872,343,318,25
1328,1693235361872,1692263097758,1692263098083,1693235362237,365,325,40
1329,1693235362238,1692263098118,1692263098296,1693235362451,213,178,35
1330,1693235362451,1692263098339,1692263098527,1693235362681,230,188,42
1331,1693235362681,1692263098565,1692263098745,1693235362919,238,180,58
1332,1693235362919,1692263098802,1692263099089,1693235363243,324,287,37
1333,1693235363243,1692263099130,1692263099463,1693235363618,375,333,42
1334,1693235363618,1692263099491,1692263099780,1693235363934,316,289,27
1335,1693235363934,1692263099827,1692263100107,1693235364261,327,280,47
1336,1693235364262,1692263100165,1692263100345,1693235364499,237,180,57
1337,1693235364499,1692263100395,1692263100642,1693235364797,298,247,51
1338,1693235364797,1692263100676,1692263101009,1693235365214,417,333,84
1339,1693235365214,1692263101090,1692263101429,1693235365584,370,339,31
1340,1693235365584,1692263101478,1692263101704,1693235365934,350,226,124
1341,1693235365934,1692263101887,1692263102106,1693235366337,403,219,184
1342,1693235366338,1692263102244,1692263102442,1693235366596,258,198,60
1343,1693235366596,1692263102483,1692263102801,1693235367056,460,318,142
1344,1693235367056,1692263102948,1692263103225,1693235367467,411,277,134
1345,1693235367468,1692263103351,1692263103584,1693235367774,306,233,73
1346,1693235367774,1692263103657,1692263103920,1693235368142,368,263,105
1347,1693235368142,1692263104017,1692263104209,1693235368365,223,192,31
1348,1693235368365,1692263104245,1692263104595,1693235368750,385,350,35
1349,1693235368750,1692263104633,1692263104969,1693235369208,458,336,122
1350,1693235369208,1692263105098,1692263105428,1693235369617,409,330,79
1351,1693235369617,1692263105504,1692263105704,1693235369858,241,200,41
1352,1693235369859,1692263105742,1692263105920,1693235370074,215,178,37
1353,1693235370074,1692263105961,1692263106147,1693235370302,228,186,42
1354,1693235370303,1692263106201,1692263106504,1693235370658,355,303,52
1355,1693235370658,1692263106540,1692263106877,1693235371052,394,337,57
1356,1693235371052,1692263106957,1692263107200,1693235371355,303,243,60
1357,1693235371355,1692263107227,1692263107406,1693235371561,206,179,27
1358,1693235371561,1692263107475,1692263107651,1693235371806,245,176,69
1359,1693235371806,1692263107713,1692263107933,1693235372166,360,220,140
1360,1693235372167,1692263108036,1692263108350,1693235372587,420,314,106
1361,1693235372587,1692263108464,1692263108746,1693235372901,314,282,32
1362,1693235372901,1692263108932,1692263109165,1693235373319,418,233,185
1363,1693235373319,1692263109206,1692263109409,1693235373564,245,203,42
1364,1693235373564,1692263109458,1692263109645,1693235373800,236,187,49
1365,1693235373800,1692263109684,1692263109875,1693235374029,229,191,38
1366,1693235374029,1692263109912,1692263110106,1693235374261,232,194,38
1367,1693235374261,1692263110153,1692263110484,1693235374734,473,331,142
1368,1693235374734,1692263110619,1692263110913,1693235375151,417,294,123
1369,1693235375151,1692263111044,1692263111216,1693235375371,220,172,48
1370,1693235375371,1692263111260,1692263111486,1693235375640,269,226,43
1371,1693235375641,1692263111530,1692263111770,1693235375924,283,240,43
1372,1693235375924,1692263111811,1692263112154,1693235376376,452,343,109
1373,1693235376376,1692263112277,1692263112516,1693235376670,294,239,55
1374,1693235376670,1692263112557,1692263112731,1693235376885,215,174,41
1375,1693235376885,1692263112766,1692263113027,1693235377193,308,261,47
1376,1693235377193,1692263113077,1692263113392,1693235377605,412,315,97
1377,1693235377605,1692263113506,1692263113753,1693235377912,307,247,60
1378,1693235377912,1692263113779,1692263114028,1693235378182,270,249,21
1379,1693235378182,1692263114064,1692263114268,1693235378422,240,204,36
1380,1693235378422,1692263114306,1692263114478,1693235378633,211,172,39
1381,1693235378633,1692263114510,1692263114756,1693235378911,278,246,32
1382,1693235378911,1692263114810,1692263114984,1693235379139,228,174,54
1383,1693235379139,1692263115020,1692263115352,1693235379506,367,332,35
1384,1693235379507,1692263115394,1692263115721,1693235379876,369,327,42
1385,1693235379876,1692263115759,1692263116017,1693235380171,295,258,37
1386,1693235380171,1692263116062,1692263116245,1693235380399,228,183,45
1387,1693235380399,1692263116289,1692263116466,1693235380620,221,177,44
1388,1693235380620,1692263116524,1692263116697,1693235380851,231,173,58
1389,1693235380851,1692263116718,1692263117045,1693235381201,350,327,23
1390,1693235381201,1692263117085,1692263117444,1693235381598,397,359,38
1391,1693235381599,1692263117491,1692263117806,1693235381960,361,315,46
1392,1693235381960,1692263117839,1692263118014,1693235382168,208,175,33
1393,1693235382168,1692263118072,1692263118276,1693235382430,262,204,58
1394,1693235382430,1692263118358,1692263118583,1693235382738,308,225,83
1395,1693235382738,1692263118620,1692263118796,1693235382951,213,176,37
1396,1693235382951,1692263118837,1692263119191,1693235383441,490,354,136
1397,1693235383441,1692263119337,1692263119648,1693235383856,415,311,104
1398,1693235383856,1692263119743,1692263119922,1693235384077,221,179,42
1399,1693235384077,1692263119953,1692263120218,1693235384373,296,265,31
1400,1693235384373,1692263120259,1692263120430,1693235384585,212,171,41
1401,1693235384585,1692263120474,1692263120703,1693235384858,273,229,44
1402,1693235384858,1692263120737,1692263121092,1693235385246,388,355,33
1403,1693235385246,1692263121124,1692263121433,1693235385601,355,309,46
1404,1693235385601,1692263121511,1692263121710,1693235385864,263,199,64
1405,1693235385864,1692263121746,1692263122091,1693235386245,381,345,36
1406,1693235386245,1692263122137,1692263122376,1693235386531,286,239,47
1407,1693235386531,1692263122422,1692263122609,1693235386763,232,187,45
1408,1693235386763,1692263122662,1692263123006,1693235387161,398,344,54
1409,1693235387161,1692263123042,1692263123260,1693235387415,254,218,36
1410,1693235387415,1692263123304,1692263123479,1693235387636,221,175,46
1411,1693235387636,1692263123517,1692263123866,1693235388023,387,349,38
1412,1693235388024,1692263123932,1692263124245,1693235388400,376,313,63
1413,1693235388400,1692263124284,1692263124467,1693235388621,221,183,38
1414,1693235388621,1692263124498,1692263124756,1693235388911,290,258,32
1415,1693235391933,1692263127827,1692263127999,1693235392153,220,172,48
1416,1693235392153,1692263128044,1692263128213,1693235392367,214,169,45
1417,1693235392367,1692263128259,1692263128430,1693235392584,217,171,46
1418,1693235392584,1692263128457,1692263128626,1693235392780,196,169,27
1419,1693235392780,1692263128671,1692263128842,1693235392996,216,171,45
1420,1693235392996,1692263128873,1692263129043,1693235393197,201,170,31
1421,1693235393197,1692263129086,1692263129259,1693235393413,216,173,43
1422,1693235393413,1692263129296,1692263129467,1693235393621,208,171,37
1423,1693235393621,1692263129529,1692263129701,1693235393855,234,172,62
1424,1693235393855,1692263129746,1692263129917,1693235394072,217,171,46
1425,1693235394072,1692263129962,1692263130133,1693235394288,216,171,45
1426,1693235394288,1692263130172,1692263130341,1693235394496,208,169,39
1427,1693235394497,1692263130388,1692263130558,1693235394712,215,170,45
1428,1693235394713,1692263130608,1692263130779,1693235394933,220,171,49
1429,1693235394933,1692263130819,1692263130991,1693235395145,212,172,40
1430,1693235395145,1692263131020,1692263131191,1693235395345,200,171,29
1431,1693235395345,1692263131235,1692263131409,1693235395563,218,174,44
1432,1693235395563,1692263131444,1692263131613,1693235395767,204,169,35
1433,1693235395767,1692263131638,1692263131807,1693235395961,194,169,25
1434,1693235395961,1692263131831,1692263132001,1693235396156,195,170,25
1435,1693235396156,1692263132036,1692263132206,1693235396360,204,170,34
1436,1693235396360,1692263132256,1692263132428,1693235396584,224,172,52
1437,1693235396585,1692263132459,1692263132628,1693235396782,197,169,28
1438,1693235396782,1692263132705,1692263132875,1693235397030,248,170,78
1439,1693235397030,1692263132937,1692263133109,1693235397263,233,172,61
1440,1693235397263,1692263133176,1692263133350,1693235397504,241,174,67
1441,1693235397504,1692263133393,1692263133565,1693235397719,215,172,43
1442,1693235397719,1692263133588,1692263133758,1693235397912,193,170,23
1443,1693235397912,1692263133792,1692263133961,1693235398115,203,169,34
1444,1693235398115,1692263134006,1692263134178,1693235398332,217,172,45
1445,1693235398332,1692263134225,1692263134397,1693235398551,219,172,47
1446,1693235398551,1692263134454,1692263134624,1693235398778,227,170,57
1447,1693235398778,1692263134671,1692263134842,1693235398998,220,171,49
1448,1693235398998,1692263134907,1692263135077,1693235399231,233,170,63
1449,1693235399231,1692263135110,1692263135283,1693235399437,206,173,33
1450,1693235399437,1692263135327,1692263135499,1693235399653,216,172,44
1451,1693235399653,1692263135541,1692263135714,1693235399868,215,173,42
1452,1693235399868,1692263135746,1692263135916,1693235400070,202,170,32
1453,1693235400070,1692263135962,1692263136132,1693235400286,216,170,46
1454,1693235400286,1692263136172,1692263136343,1693235400497,211,171,40
1455,1693235400497,1692263136391,1692263136564,1693235400718,221,173,48
1456,1693235400718,1692263136620,1692263136790,1693235400945,227,170,57
1457,1693235400945,1692263136827,1692263136998,1693235401152,207,171,36
1458,1693235401152,1692263137049,1692263137219,1693235401373,221,170,51
1459,1693235401373,1692263137258,1692263137430,1693235401584,211,172,39
1460,1693235401584,1692263137467,1692263137639,1693235401793,209,172,37
1461,1693235401793,1692263137676,1692263137848,1693235402002,209,172,37
1462,1693235402002,1692263137891,1692263138066,1693235402220,218,175,43
1463,1693235402220,1692263138094,1692263138264,1693235402418,198,170,28
1464,1693235402418,1692263138307,1692263138479,1693235402633,215,172,43
1465,1693235402633,1692263138512,1692263138682,1693235402836,203,170,33
1466,1693235402836,1692263138729,1692263138900,1693235403054,218,171,47
1467,1693235403054,1692263138927,1692263139097,1693235403251,197,170,27
1468,1693235403251,1692263139164,1692263139335,1693235403489,238,171,67
1469,1693235403489,1692263139378,1692263139549,1693235403703,214,171,43
1470,1693235403704,1692263139586,1692263139758,1693235403913,209,172,37
1471,1693235403913,1692263139815,1692263139988,1693235404142,229,173,56
1472,1693235404142,1692263140029,1692263140200,1693235404354,212,171,41
1473,1693235404354,1692263140241,1692263140412,1693235404566,212,171,41
1474,1693235404566,1692263140464,1692263140638,1693235404792,226,174,52
1475,1693235404792,1692263140670,1692263140840,1693235404994,202,170,32
1476,1693235404994,1692263140882,1692263141052,1693235405206,212,170,42
1477,1693235405206,1692263141090,1692263141260,1693235405415,209,170,39
1478,1693235405415,1692263141306,1692263141477,1693235405631,216,171,45
1479,1693235405631,1692263141517,1692263141688,1693235405842,211,171,40
1480,1693235405842,1692263141754,1692263141927,1693235406081,239,173,66
1481,1693235406081,1692263141960,1692263142130,1693235406284,203,170,33
1482,1693235406284,1692263142191,1692263142364,1693235406518,234,173,61
1483,1693235406518,1692263142397,1692263142567,1693235406721,203,170,33
1484,1693235406721,1692263142603,1692263142774,1693235406928,207,171,36
1485,1693235406928,1692263142840,1692263143013,1693235407167,239,173,66
1486,1693235407167,1692263143046,1692263143214,1693235407368,201,168,33
1487,1693235407368,1692263143260,1692263143432,1693235407586,218,172,46
1488,1693235407586,1692263143481,1692263143652,1693235407808,222,171,51
1489,1693235407808,1692263143692,1692263143864,1693235408018,210,172,38
1490,1693235408018,1692263143889,1692263144060,1693235408214,196,171,25
1491,1693235408214,1692263144118,1692263144292,1693235408446,232,174,58
1492,1693235408446,1692263144358,1692263144530,1693235408684,238,172,66
1493,1693235408684,1692263144582,1692263144753,1693235408907,223,171,52
1494,1693235408907,1692263144808,1692263144981,1693235409136,229,173,56
1495,1693235409136,1692263145040,1692263145212,1693235409409,273,172,101
1496,1693235409409,1692263145308,1692263145477,1693235409631,222,169,53
1497,1693235409631,1692263145512,1692263145681,1693235409835,204,169,35
1498,1693235409835,1692263145741,1692263145914,1693235410068,233,173,60
1499,1693235410068,1692263145940,1692263146112,1693235410266,198,172,26
1500,1693235410266,1692263146146,1692263146316,1693235410470,204,170,34
1501,1693235410470,1692263146348,1692263146519,1693235410675,205,171,34
1502,1693235410675,1692263146584,1692263146756,1693235410919,244,172,72
1503,1693235410919,1692263146836,1692263147007,1693235411161,242,171,71
1504,1693235411161,1692263147040,1692263147209,1693235411367,206,169,37
1505,1693235411367,1692263147257,1692263147430,1693235411601,234,173,61
1506,1693235411601,1692263147479,1692263147650,1693235411804,203,171,32
1507,1693235411804,1692263147684,1692263147853,1693235412007,203,169,34
1508,1693235412007,1692263147884,1692263148053,1693235412207,200,169,31
1509,1693235412207,1692263148088,1692263148258,1693235412421,214,170,44
1510,1693235412421,1692263148320,1692263148492,1693235412646,225,172,53
1511,1693235412646,1692263148545,1692263148718,1693235412872,226,173,53
1512,1693235412872,1692263148769,1692263148942,1693235413096,224,173,51
1513,1693235413096,1692263149014,1692263149185,1693235413339,243,171,72
1514,1693235413339,1692263149223,1692263149392,1693235413546,207,169,38
1515,1693235413546,1692263149462,1692263149634,1693235413788,242,172,70
1516,1693235413788,1692263149708,1692263149881,1693235414035,247,173,74
1517,1693235414035,1692263149917,1692263150088,1693235414241,206,171,35
1518,1693235414242,1692263150132,1692263150302,1693235414456,214,170,44
1519,1693235414456,1692263150351,1692263150524,1693235414678,222,173,49
1520,1693235414678,1692263150566,1692263150739,1693235414893,215,173,42
1521,1693235414893,1692263150776,1692263150948,1693235415102,209,172,37
1522,1693235415102,1692263150990,1692263151161,1693235415315,213,171,42
1523,1693235415315,1692263151202,1692263151373,1693235415527,212,171,41
1524,1693235415527,1692263151442,1692263151617,1693235415771,244,175,69
1525,1693235415771,1692263151677,1692263151850,1693235416004,233,173,60
1526,1693235416004,1692263151892,1692263152062,1693235416216,212,170,42
1527,1693235416216,1692263152107,1692263152279,1693235416433,217,172,45
1528,1693235416433,1692263152317,1692263152487,1693235416641,208,170,38
1529,1693235416641,1692263152538,1692263152712,1693235416865,224,174,50
1530,1693235416866,1692263152751,1692263152924,1693235417079,213,173,40
1531,1693235417079,1692263152989,1692263153162,1693235417316,237,173,64
1532,1693235417316,1692263153203,1692263153373,1693235417527,211,170,41
1533,1693235417527,1692263153396,1692263153568,1693235417722,195,172,23
1534,1693235417722,1692263153639,1692263153813,1693235417968,246,174,72
1535,1693235417968,1692263153848,1692263154018,1693235418172,204,170,34
1536,1693235418172,1692263154063,1692263154236,1693235418389,217,173,44
1537,1693235418389,1692263154301,1692263154473,1693235418627,238,172,66
1538,1693235418627,1692263154516,1692263154688,1693235418842,215,172,43
1539,1693235418842,1692263154733,1692263154906,1693235419059,217,173,44
1540,1693235419059,1692263154944,1692263155116,1693235419272,213,172,41
1541,1693235419272,1692263155172,1692263155346,1693235419499,227,174,53
1542,1693235419499,1692263155370,1692263155542,1693235419697,198,172,26
1543,1693235419697,1692263155574,1692263155744,1693235419898,201,170,31
1544,1693235419898,1692263155783,1692263155952,1693235420122,224,169,55
1545,1693235420122,1692263156010,1692263156180,1693235420334,212,170,42
1546,1693235420334,1692263156227,1692263156399,1693235420553,219,172,47
1547,1693235420553,1692263156440,1692263156610,1693235420764,211,170,41
1548,1693235420764,1692263156636,1692263156806,1693235420960,196,170,26
1549,1693235420960,1692263156863,1692263157037,1693235421191,231,174,57
1550,1693235421191,1692263157094,1692263157265,1693235421419,228,171,57
1551,1693235421419,1692263157302,1692263157472,1693235421628,209,170,39
1552,1693235421628,1692263157504,1692263157676,1693235421837,209,172,37
1553,1693235421837,1692263157741,1692263157912,1693235422066,229,171,58
1554,1693235422236,1692263158138,1692263158498,1693235422651,415,360,55
1555,1693235422652,1692263158543,1692263158868,1693235423022,370,325,45
1556,1693235423022,1692263158904,1692263159231,1693235423385,363,327,36
1557,1693235423385,1692263159278,1692263159615,1693235423769,384,337,47
1558,1693235423769,1692263159690,1692263159904,1693235424058,289,214,75
1559,1693235424058,1692263159956,1692263160135,1693235424290,232,179,53
1560,1693235424290,1692263160177,1692263160540,1693235424694,404,363,41
1561,1693235424694,1692263160602,1692263160781,1693235424935,241,179,62
1562,1693235424935,1692263160827,1692263161157,1693235425311,376,330,46
1563,1693235425311,1692263161214,1692263161547,1693235425701,390,333,57
1564,1693235425701,1692263161607,1692263161804,1693235425958,257,197,60
1565,1693235425958,1692263161839,1692263162031,1693235426185,227,192,35
1566,1693235426185,1692263162071,1692263162359,1693235426513,328,288,40
1567,1693235426513,1692263162399,1692263162703,1693235426857,344,304,40
1568,1693235426857,1692263162732,1692263163028,1693235427211,354,296,58
1569,1693235427211,1692263163112,1692263163348,1693235427572,361,236,125
1570,1693235427572,1692263163457,1692263163685,1693235427839,267,228,39
1571,1693235427839,1692263163734,1692263163921,1693235428075,236,187,49
1572,1693235428075,1692263163956,1692263164331,1693235428485,410,375,35
1573,1693235428485,1692263164399,1692263164726,1693235428880,395,327,68
1574,1693235428880,1692263164768,1692263164989,1693235429143,263,221,42
1575,1693235429143,1692263165013,1692263165195,1693235429349,206,182,24
1576,1693235429349,1692263165246,1692263165490,1693235429644,295,244,51
1577,1693235429644,1692263165528,1692263165721,1693235429875,231,193,38
1578,1693235429875,1692263165765,1692263166047,1693235430237,362,282,80
1579,1693235430237,1692263166125,1692263166449,1693235430603,366,324,42
1580,1693235430603,1692263166482,1692263166805,1693235430959,356,323,33
1581,1693235430959,1692263166850,1692263167085,1693235431238,279,235,44
1582,1693235431239,1692263167154,1692263167352,1693235431506,267,198,69
1583,1693235431506,1692263167417,1692263167631,1693235431873,367,214,153
1584,1693235431873,1692263167779,1692263167961,1693235432115,242,182,60
1585,1693235432115,1692263168018,1692263168345,1693235432498,383,327,56
1586,1693235432499,1692263168374,1692263168685,1693235432839,340,311,29
1587,1693235432839,1692263168725,1692263168925,1693235433078,239,200,39
1588,1693235433078,1692263168977,1692263169164,1693235433319,241,187,54
1589,1693235433319,1692263169203,1692263169389,1693235433543,224,186,38
1590,1693235433543,1692263169423,1692263169612,1693235433767,224,189,35
1591,1693235433767,1692263169659,1692263169835,1693235433989,222,176,46
1592,1693235433989,1692263169888,1692263170193,1693235434347,358,305,53
1593,1693235434347,1692263170222,1692263170547,1693235434700,353,325,28
1594,1693235434700,1692263170578,1692263170758,1693235434912,212,180,32
1595,1693235434912,1692263170825,1692263171000,1693235435154,242,175,67
1596,1693235435154,1692263171068,1692263171252,1693235435410,256,184,72
1597,1693235435410,1692263171323,1692263171505,1693235435661,251,182,69
1598,1693235435661,1692263171557,1692263171905,1693235436059,398,348,50
1599,1693235436059,1692263171937,1692263172146,1693235436380,321,209,112
1600,1693235436380,1692263172256,1692263172472,1693235436626,246,216,30
1601,1693235436626,1692263172520,1692263172695,1693235436849,223,175,48
1602,1693235436849,1692263172759,1692263172965,1693235437119,270,206,64
1603,1693235437119,1692263173021,1692263173213,1693235437367,248,192,56
1604,1693235437367,1692263173264,1692263173444,1693235437598,231,180,51
1605,1693235437598,1692263173497,1692263173836,1693235437990,392,339,53
1606,1693235437990,1692263173880,1692263174187,1693235438429,439,307,132
1607,1693235438429,1692263174309,1692263174632,1693235438786,357,323,34
1608,1693235438786,1692263174661,1692263174871,1693235439025,239,210,29
1609,1693235439025,1692263174910,1692263175082,1693235439236,211,172,39
1610,1693235439236,1692263175128,1692263175418,1693235439571,335,290,45
1611,1693235439571,1692263175533,1692263175758,1693235439911,340,225,115
1612,1693235439912,1692263175816,1692263176050,1693235440272,360,234,126
1613,1693235440272,1692263176162,1692263176365,1693235440518,246,203,43
1614,1693235440519,1692263176402,1692263176726,1693235440882,363,324,39
1615,1693235440882,1692263176765,1692263177096,1693235441250,368,331,37
1616,1693235441250,1692263177133,1692263177362,1693235441516,266,229,37
1617,1693235441516,1692263177404,1692263177584,1693235441738,222,180,42
1618,1693235441739,1692263177619,1692263177863,1693235442016,277,244,33
1619,1693235442017,1692263177914,1692263178087,1693235442241,224,173,51
1620,1693235442241,1692263178160,1692263178341,1693235442495,254,181,73
1621,1693235442495,1692263178389,1692263178707,1693235442861,366,318,48
1622,1693235442861,1692263178744,1692263179092,1693235443289,428,348,80
1623,1693235443289,1692263179181,1692263179366,1693235443520,231,185,46
1624,1693235443520,1692263179399,1692263179678,1693235443864,344,279,65
1625,1693235443864,1692263179758,1692263179930,1693235444084,220,172,48
1626,1693235444084,1692263179966,1692263180148,1693235444302,218,182,36
1627,1693235444302,1692263180204,1692263180536,1693235444689,387,332,55
1628,1693235444689,1692263180559,1692263180900,1693235445053,364,341,23
1629,1693235445053,1692263180945,1692263181235,1693235445388,335,290,45
1630,1693235445388,1692263181294,1692263181495,1693235445649,261,201,60
1631,1693235445649,1692263181555,1692263181827,1693235446006,357,272,85
1632,1693235446006,1692263181884,1692263182053,1693235446207,201,169,32
1633,1693235446208,1692263182098,1692263182432,1693235446591,383,334,49
1634,1693235446591,1692263182493,1692263182855,1693235447009,418,362,56
1635,1693235447009,1692263182902,1692263183084,1693235447238,229,182,47
1636,1693235447238,1692263183126,1692263183369,1693235447542,304,243,61
1637,1693235447542,1692263183432,1692263183627,1693235447849,307,195,112
1638,1693235447849,1692263183743,1692263183919,1693235448156,307,176,131
1639,1693235448157,1692263184043,1692263184313,1693235448566,409,270,139
1640,1693235448566,1692263184453,1692263184776,1693235448930,364,323,41
1641,1693235448930,1692263184798,1692263185031,1693235449211,281,233,48
1642,1693235449211,1692263185139,1692263185312,1693235449466,255,173,82
1643,1693235449467,1692263185366,1692263185617,1693235449770,303,251,52
1644,1693235449770,1692263185664,1692263185935,1693235450227,457,271,186
1645,1693235450227,1692263186125,1692263186419,1693235450572,345,294,51
1646,1693235450572,1692263186451,1692263186721,1693235450875,303,270,33
1647,1693235450875,1692263186750,1692263186935,1693235451088,213,185,28
1648,1693235451089,1692263187003,1692263187235,1693235451388,299,232,67
1649,1693235451388,1692263187282,1692263187495,1693235451649,261,213,48
1650,1693235451649,1692263187541,1692263187882,1693235452036,387,341,46
1651,1693235452036,1692263187925,1692263188180,1693235452334,298,255,43
1652,1693235455357,1692263191238,1692263191409,1693235455562,205,171,34
1653,1693235455562,1692263191454,1692263191625,1693235455778,216,171,45
1654,1693235455779,1692263191668,1692263191838,1693235455991,212,170,42
1655,1693235455992,1692263191871,1692263192040,1693235456193,201,169,32
1656,1693235456194,1692263192089,1692263192263,1693235456417,223,174,49
1657,1693235456417,1692263192304,1692263192477,1693235456631,214,173,41
1658,1693235456631,1692263192533,1692263192706,1693235456860,229,173,56
1659,1693235456860,1692263192758,1692263192931,1693235457084,224,173,51
1660,1693235457084,1692263192980,1692263193150,1693235457326,242,170,72
1661,1693235457326,1692263193198,1692263193369,1693235457522,196,171,25
1662,1693235457522,1692263193408,1692263193579,1693235457732,210,171,39
1663,1693235457732,1692263193641,1692263193811,1693235457965,233,170,63
1664,1693235457965,1692263193860,1692263194032,1693235458189,224,172,52
1665,1693235458189,1692263194087,1692263194258,1693235458496,307,171,136
1666,1693235458496,1692263194378,1692263194551,1693235458704,208,173,35
1667,1693235458704,1692263194595,1692263194768,1693235458921,217,173,44
1668,1693235458921,1692263194804,1692263194975,1693235459129,208,171,37
1669,1693235459129,1692263195028,1692263195201,1693235459354,225,173,52
1670,1693235459355,1692263195274,1692263195448,1693235459601,246,174,72
1671,1693235459602,1692263195488,1692263195659,1693235459812,210,171,39
1672,1693235459812,1692263195700,1692263195870,1693235460024,212,170,42
1673,1693235460024,1692263195915,1692263196087,1693235460240,216,172,44
1674,1693235460241,1692263196155,1692263196330,1693235460484,243,175,68
1675,1693235460484,1692263196367,1692263196538,1693235460692,208,171,37
1676,1693235460692,1692263196595,1692263196770,1693235460923,231,175,56
1677,1693235460924,1692263196819,1692263196991,1693235461145,221,172,49
1678,1693235461145,1692263197030,1692263197202,1693235461359,214,172,42
1679,1693235461359,1692263197257,1692263197430,1693235461584,225,173,52
1680,1693235461584,1692263197490,1692263197663,1693235461817,233,173,60
1681,1693235461817,1692263197704,1692263197876,1693235462029,212,172,40
1682,1693235462029,1692263197922,1692263198094,1693235462248,219,172,47
1683,1693235462248,1692263198156,1692263198329,1693235462485,237,173,64
1684,1693235462485,1692263198373,1692263198543,1693235462696,211,170,41
1685,1693235462696,1692263198577,1692263198746,1693235462899,203,169,34
1686,1693235462899,1692263198773,1692263198946,1693235463100,201,173,28
1687,1693235463100,1692263198973,1692263199143,1693235463297,197,170,27
1688,1693235463297,1692263199181,1692263199352,1693235463506,209,171,38
1689,1693235463506,1692263199398,1692263199569,1693235463723,217,171,46
1690,1693235463723,1692263199609,1692263199781,1693235463934,211,172,39
1691,1693235463934,1692263199814,1692263199985,1693235464138,204,171,33
1692,1693235464138,1692263200030,1692263200201,1693235464354,216,171,45
1693,1693235464354,1692263200255,1692263200426,1693235464580,226,171,55
1694,1693235464580,1692263200508,1692263200681,1693235464834,254,173,81
1695,1693235464834,1692263200712,1692263200881,1693235465035,201,169,32
1696,1693235465035,1692263200942,1692263201115,1693235465268,233,173,60
1697,1693235465268,1692263201172,1692263201347,1693235465501,233,175,58
1698,1693235465501,1692263201383,1692263201554,1693235465707,206,171,35
1699,1693235465707,1692263201583,1692263201754,1693235465908,201,171,30
1700,1693235465908,1692263201793,1692263201964,1693235466117,209,171,38
1701,1693235466117,1692263202006,1692263202178,1693235466331,214,172,42
1702,1693235466331,1692263202221,1692263202393,1693235466546,215,172,43
1703,1693235466546,1692263202433,1692263202604,1693235466757,211,171,40
1704,1693235466757,1692263202641,1692263202812,1693235466965,208,171,37
1705,1693235466966,1692263202866,1692263203036,1693235467189,223,170,53
1706,1693235467189,1692263203072,1692263203243,1693235467399,210,171,39
1707,1693235467399,1692263203292,1692263203464,1693235467617,218,172,46
1708,1693235467617,1692263203505,1692263203676,1693235467830,213,171,42
1709,1693235467830,1692263203725,1692263203897,1693235468051,221,172,49
1710,1693235468051,1692263203949,1692263204121,1693235468274,223,172,51
1711,1693235468274,1692263204153,1692263204325,1693235468478,204,172,32
1712,1693235468478,1692263204382,1692263204554,1693235468708,230,172,58
1713,1693235468708,1692263204597,1692263204769,1693235468922,214,172,42
1714,1693235468922,1692263204823,1692263204997,1693235469151,229,174,55
1715,1693235469151,1692263205026,1692263205196,1693235469350,199,170,29
1716,1693235469350,1692263205244,1692263205417,1693235469570,220,173,47
1717,1693235469571,1692263205461,1692263205635,1693235469788,217,174,43
1718,1693235469789,1692263205672,1692263205844,1693235469997,208,172,36
1719,1693235469997,1692263205895,1692263206069,1693235470222,225,174,51
1720,1693235470222,1692263206115,1692263206286,1693235470440,218,171,47
1721,1693235470440,1692263206336,1692263206508,1693235470661,221,172,49
1722,1693235470661,1692263206556,1692263206727,1693235470881,220,171,49
1723,1693235470881,1692263206777,1692263206948,1693235471101,220,171,49
1724,1693235471101,1692263207012,1692263207184,1693235471337,236,172,64
1725,1693235471337,1692263207220,1692263207391,1693235471545,208,171,37
1726,1693235471545,1692263207429,1692263207601,1693235471755,210,172,38
1727,1693235471755,1692263207648,1692263207822,1693235471975,220,174,46
1728,1693235471975,1692263207856,1692263208031,1693235472184,209,175,34
1729,1693235472184,1692263208096,1692263208271,1693235472424,240,175,65
1730,1693235472424,1692263208313,1692263208484,1693235472638,214,171,43
1731,1693235472638,1692263208541,1692263208713,1693235472866,228,172,56
1732,1693235472866,1692263208776,1692263208949,1693235473103,237,173,64
1733,1693235473103,1692263208986,1692263209154,1693235473307,204,168,36
1734,1693235473307,1692263209181,1692263209351,1693235473504,197,170,27
1735,1693235473505,1692263209399,1692263209572,1693235473725,220,173,47
1736,1693235473725,1692263209618,1692263209792,1693235473946,221,174,47
1737,1693235473946,1692263209833,1692263210005,1693235474158,212,172,40
1738,1693235474158,1692263210046,1692263210220,1693235474374,216,174,42
1739,1693235474374,1692263210244,1692263210413,1693235474568,194,169,25
1740,1693235474568,1692263210445,1692263210614,1693235474768,200,169,31
1741,1693235474768,1692263210657,1692263210829,1693235474982,214,172,42
1742,1693235474982,1692263210904,1692263211079,1693235475233,251,175,76
1743,1693235475233,1692263211103,1692263211272,1693235475426,193,169,24
1744,1693235475426,1692263211311,1692263211481,1693235475635,209,170,39
1745,1693235475635,1692263211508,1692263211678,1693235475832,197,170,27
1746,1693235475832,1692263211733,1692263211905,1693235476058,226,172,54
1747,1693235476058,1692263211946,1692263212117,1693235476271,213,171,42
1748,1693235476271,1692263212156,1692263212328,1693235476482,211,172,39
1749,1693235476482,1692263212381,1692263212555,1693235476708,226,174,52
1750,1693235476708,1692263212601,1692263212772,1693235476927,219,171,48
1751,1693235476927,1692263212811,1692263212982,1693235477135,208,171,37
1752,1693235477135,1692263213024,1692263213194,1693235477348,213,170,43
1753,1693235477348,1692263213218,1692263213387,1693235477541,193,169,24
1754,1693235477541,1692263213429,1692263213598,1693235477751,210,169,41
1755,1693235477751,1692263213659,1692263213831,1693235477985,234,172,62
1756,1693235477985,1692263213893,1692263214066,1693235478219,234,173,61
1757,1693235478220,1692263214102,1692263214273,1693235478426,206,171,35
1758,1693235478427,1692263214321,1692263214494,1693235478647,220,173,47
1759,1693235478647,1692263214552,1692263214724,1693235478877,230,172,58
1760,1693235478877,1692263214779,1692263214952,1693235479105,228,173,55
1761,1693235479105,1692263214990,1692263215160,1693235479313,208,170,38
1762,1693235479313,1692263215220,1692263215392,1693235479545,232,172,60
1763,1693235479545,1692263215437,1692263215608,1693235479761,216,171,45
1764,1693235479761,1692263215656,1692263215828,1693235480184,423,172,251
1765,1693235480184,1692263216085,1692263216255,1693235480408,224,170,54
1766,1693235480408,1692263216302,1692263216476,1693235480629,221,174,47
1767,1693235480629,1692263216532,1692263216705,1693235480859,230,173,57
1768,1693235480859,1692263216785,1692263216957,1693235481110,251,172,79
1769,1693235481111,1692263216998,1692263217169,1693235481322,211,171,40
1770,1693235481322,1692263217201,1692263217370,1693235481523,201,169,32
1771,1693235481523,1692263217404,1692263217573,1693235481727,204,169,35
1772,1693235481727,1692263217618,1692263217790,1693235481944,217,172,45
1773,1693235481944,1692263217847,1692263218018,1693235482172,228,171,57
1774,1693235482172,1692263218082,1692263218255,1693235482409,237,173,64
1775,1693235482409,1692263218312,1692263218482,1693235482635,226,170,56
1776,1693235482635,1692263218528,1692263218700,1693235482853,218,172,46
1777,1693235482853,1692263218730,1692263218900,1693235483056,203,170,33
1778,1693235483056,1692263218983,1692263219157,1693235483311,255,174,81
1779,1693235483311,1692263219212,1692263219385,1693235483538,227,173,54
1780,1693235483538,1692263219446,1692263219617,1693235483770,232,171,61
1781,1693235483770,1692263219671,1692263219843,1693235483996,226,172,54
1782,1693235483996,1692263219882,1692263220054,1693235484207,211,172,39
1783,1693235484207,1692263220087,1692263220259,1693235484412,205,172,33
1784,1693235484413,1692263220303,1692263220475,1693235484628,215,172,43
1785,1693235484628,1692263220512,1692263220682,1693235484835,207,170,37
1786,1693235484835,1692263220735,1692263220908,1693235485061,226,173,53
1787,1693235485061,1692263220948,1692263221121,1693235485274,213,173,40
1788,1693235485274,1692263221201,1692263221373,1693235485530,256,172,84
1789,1693235485702,1692263221599,1692263221961,1693235486115,413,362,51
1790,1693235486115,1692263222048,1692263222384,1693235486771,656,336,320
1791,1693235486772,1692263222653,1692263222971,1693235487125,353,318,35
1792,1693235487125,1692263223018,1692263223260,1693235487430,305,242,63
1793,1693235487430,1692263223300,1692263223495,1693235487648,218,195,23
1794,1693235487648,1692263223542,1692263223743,1693235487896,248,201,47
1795,1693235487896,1692263223780,1692263223955,1693235488108,212,175,37
1796,1693235488108,1692263223998,1692263224336,1693235488489,381,338,43
1797,1693235488489,1692263224362,1692263224562,1693235488716,227,200,27
1798,1693235488716,1692263224574,1692263224900,1693235489053,337,326,11
1799,1693235489054,1692263224934,1692263225112,1693235489266,212,178,34
1800,1693235489266,1692263225153,1692263225329,1693235489482,216,176,40
1801,1693235489482,1692263225382,1692263225703,1693235489856,374,321,53
1802,1693235489856,1692263225741,1692263225912,1693235490065,209,171,38
1803,1693235490065,1692263225958,1692263226233,1693235490386,321,275,46
1804,1693235490386,1692263226273,1692263226591,1693235490857,471,318,153
1805,1693235490857,1692263226737,1692263226911,1693235491164,307,174,133
1806,1693235491164,1692263227047,1692263227342,1693235491495,331,295,36
1807,1693235491495,1692263227384,1692263227641,1693235491923,428,257,171
1808,1693235491923,1692263227803,1692263228147,1693235492301,378,344,34
1809,1693235492301,1692263228198,1692263228501,1693235492655,354,303,51
1810,1693235492655,1692263228547,1692263228720,1693235492874,219,173,46
1811,1693235492874,1692263228782,1692263229011,1693235493205,331,229,102
1812,1693235493205,1692263229095,1692263229329,1693235493482,277,234,43
1813,1693235493482,1692263229374,1692263229566,1693235493720,238,192,46
1814,1693235493720,1692263229592,1692263229776,1693235493930,210,184,26
1815,1693235493930,1692263229807,1692263230134,1693235494287,357,327,30
1816,1693235494287,1692263230205,1692263230402,1693235494555,268,197,71
1817,1693235494555,1692263230484,1692263230693,1693235494846,291,209,82
1818,1693235494846,1692263230731,1692263230914,1693235495067,221,183,38
1819,1693235495068,1692263230950,1692263231127,1693235495280,212,177,35
1820,1693235495280,1692263231155,1692263231358,1693235495512,232,203,29
1821,1693235495512,1692263231431,1692263231767,1693235495920,408,336,72
1822,1693235495920,1692263231804,1692263232131,1693235496284,364,327,37
1823,1693235496285,1692263232193,1692263232371,1693235496527,242,178,64
1824,1693235496527,1692263232408,1692263232590,1693235496744,217,182,35
1825,1693235496744,1692263232628,1692263232815,1693235496968,224,187,37
1826,1693235496969,1692263232857,1692263233178,1693235497410,441,321,120
1827,1693235497410,1692263233294,1692263233468,1693235497630,220,174,46
1828,1693235497630,1692263233543,1692263233794,1693235497947,317,251,66
1829,1693235497947,1692263233836,1692263234010,1693235498163,216,174,42
1830,1693235498164,1692263234053,1692263234238,1693235498391,227,185,42
1831,1693235498392,1692263234306,1692263234489,1693235498642,250,183,67
1832,1693235498642,1692263234534,1692263234865,1693235499018,376,331,45
1833,1693235499018,1692263234899,1692263235101,1693235499254,236,202,34
1834,1693235499254,1692263235135,1692263235480,1693235499633,379,345,34
1835,1693235499633,1692263235548,1692263235779,1693235499934,301,231,70
1836,1693235499934,1692263235828,1692263236017,1693235500178,244,189,55
1837,1693235500178,1692263236073,1692263236264,1693235500418,240,191,49
1838,1693235500418,1692263236299,1692263236640,1693235500794,376,341,35
1839,1693235500794,1692263236694,1692263236982,1693235501198,404,288,116
1840,1693235501198,1692263237084,1692263237375,1693235501580,382,291,91
1841,1693235501580,1692263237460,1692263237693,1693235501856,276,233,43
1842,1693235501856,1692263237755,1692263237928,1693235502081,225,173,52
1843,1693235502081,1692263237998,1692263238182,1693235502336,255,184,71
1844,1693235502336,1692263238225,1692263238568,1693235502721,385,343,42
1845,1693235502722,1692263238620,1692263238861,1693235503014,292,241,51
1846,1693235503014,1692263238901,1692263239079,1693235503232,218,178,40
1847,1693235503232,1692263239117,1692263239298,1693235503451,219,181,38
1848,1693235503451,1692263239332,1692263239664,1693235503817,366,332,34
1849,1693235503817,1692263239724,1692263239971,1693235504125,308,247,61
1850,1693235504125,1692263240058,1692263240325,1693235504478,353,267,86
1851,1693235504478,1692263240385,1692263240568,1693235504721,243,183,60
1852,1693235504722,1692263240638,1692263240870,1693235505023,301,232,69
1853,1693235505023,1692263240952,1692263241127,1693235505281,258,175,83
1854,1693235505281,1692263241180,1692263241523,1693235505704,423,343,80
1855,1693235505704,1692263241599,1692263241859,1693235506013,309,260,49
1856,1693235506013,1692263241896,1692263242147,1693235506301,288,251,37
1857,1693235506301,1692263242194,1692263242379,1693235506532,231,185,46
1858,1693235506532,1692263242415,1692263242604,1693235506757,225,189,36
1859,1693235506758,1692263242650,1692263242893,1693235507046,288,243,45
1860,1693235507046,1692263242939,1692263243208,1693235507446,400,269,131
1861,1693235507446,1692263243351,1692263243699,1693235507852,406,348,58
1862,1693235507852,1692263243734,1692263244021,1693235508174,322,287,35
1863,1693235508174,1692263244065,1692263244315,1693235508468,294,250,44
1864,1693235508468,1692263244360,1692263244572,1693235508725,257,212,45
1865,1693235508725,1692263244598,1692263244789,1693235508943,218,191,27
1866,1693235508943,1692263244849,1692263245023,1693235509178,235,174,61
1867,1693235509178,1692263245078,1692263245424,1693235509577,399,346,53
1868,1693235509577,1692263245472,1692263245745,1693235509899,322,273,49
1869,1693235509899,1692263245985,1692263246180,1693235510333,434,195,239
1870,1693235510333,1692263246241,1692263246419,1693235510572,239,178,61
1871,1693235510573,1692263246460,1692263246635,1693235510789,216,175,41
1872,1693235510789,1692263246717,1692263246895,1693235511051,262,178,84
1873,1693235511051,1692263246961,1692263247264,1693235511417,366,303,63
1874,1693235511418,1692263247310,1692263247648,1693235511800,382,338,44
1875,1693235511801,1692263247682,1692263247877,1693235512030,229,195,34
1876,1693235512030,1692263247942,1692263248180,1693235512333,303,238,65
1877,1693235512333,1692263248217,1692263248483,1693235512636,303,266,37
1878,1693235512637,1692263248548,1692263248780,1693235512933,296,232,64
1879,1693235512933,1692263248839,1692263249179,1693235513332,399,340,59
1880,1693235513332,1692263249234,1692263249504,1693235513657,325,270,55
1881,1693235513657,1692263249545,1692263249740,1693235513893,236,195,41
1882,1693235513893,1692263249792,1692263250026,1693235514179,286,234,52
1883,1693235514179,1692263250082,1692263250255,1693235514410,231,173,58
1884,1693235514410,1692263250301,1692263250494,1693235514647,237,193,44
1885,1693235514647,1692263250539,1692263250861,1693235515170,523,322,201
1886,1693235515170,1692263251049,1692263251383,1693235515538,368,334,34
1887,1693235515538,1692263251440,1692263251623,1693235515777,239,183,56
1888,1693235518795,1692263254683,1692263254854,1693235519008,213,171,42
1889,1693235519008,1692263254894,1692263255066,1693235519219,211,172,39
1890,1693235519219,1692263255105,1692263255275,1693235519428,209,170,39
1891,1693235519428,1692263255322,1692263255494,1693235519646,218,172,46
1892,1693235519646,1692263255527,1692263255699,1693235519851,205,172,33
1893,1693235519851,1692263255730,1692263255901,1693235520054,203,171,32
1894,1693235520054,1692263255935,1692263256104,1693235520257,203,169,34
1895,1693235520257,1692263256156,1692263256328,1693235520481,224,172,52
1896,1693235520481,1692263256354,1692263256524,1693235520677,196,170,26
1897,1693235520677,1692263256570,1692263256741,1693235520894,217,171,46
1898,1693235520894,1692263256784,1692263256956,1693235521108,214,172,42
1899,1693235521109,1692263257005,1692263257176,1693235521329,220,171,49
1900,1693235521329,1692263257283,1692263257455,1693235521608,279,172,107
1901,1693235521608,1692263257510,1692263257680,1693235521833,225,170,55
1902,1693235521833,1692263257751,1692263257924,1693235522080,247,173,74
1903,1693235522081,1692263257954,1692263258125,1693235522278,197,171,26
1904,1693235522278,1692263258159,1692263258329,1693235522482,204,170,34
1905,1693235522482,1692263258380,1692263258553,1693235522706,224,173,51
1906,1693235522706,1692263258594,1692263258766,1693235522919,213,172,41
1907,1693235522919,1692263258814,1692263258986,1693235523138,219,172,47
1908,1693235523138,1692263259011,1692263259182,1693235523337,199,171,28
1909,1693235523337,1692263259219,1692263259389,1693235523542,205,170,35
1910,1693235523542,1692263259420,1692263259590,1693235523743,201,170,31
1911,1693235523743,1692263259630,1692263259800,1693235523952,209,170,39
1912,1693235523953,1692263259844,1692263260015,1693235524167,214,171,43
1913,1693235524167,1692263260065,1692263260239,1693235524392,225,174,51
1914,1693235524392,1692263260278,1692263260454,1693235524607,215,176,39
1915,1693235524607,1692263260501,1692263260674,1693235524827,220,173,47
1916,1693235524827,1692263260741,1692263260914,1693235525066,239,173,66
1917,1693235525066,1692263260949,1692263261117,1693235525270,204,168,36
1918,1693235525270,1692263261160,1692263261333,1693235525488,218,173,45
1919,1693235525488,1692263261382,1692263261554,1693235525707,219,172,47
1920,1693235525707,1692263261615,1692263261787,1693235525939,232,172,60
1921,1693235525939,1692263261828,1692263262001,1693235526154,215,173,42
1922,1693235526154,1692263262062,1692263262233,1693235526386,232,171,61
1923,1693235526386,1692263262291,1692263262467,1693235526619,233,176,57
1924,1693235526619,1692263262496,1692263262667,1693235526820,201,171,30
1925,1693235526820,1692263262702,1692263262875,1693235527028,208,173,35
1926,1693235527028,1692263262932,1692263263105,1693235527257,229,173,56
1927,1693235527258,1692263263140,1692263263311,1693235527464,206,171,35
1928,1693235527464,1692263263360,1692263263532,1693235527685,221,172,49
1929,1693235527685,1692263263578,1692263263751,1693235527904,219,173,46
1930,1693235527904,1692263263787,1692263263957,1693235528110,206,170,36
1931,1693235528110,1692263263997,1692263264167,1693235528320,210,170,40
1932,1693235528320,1692263264220,1692263264390,1693235528542,222,170,52
1933,1693235528542,1692263264429,1692263264603,1693235528756,214,174,40
1934,1693235528756,1692263264648,1692263264824,1693235528977,221,176,45
1935,1693235528977,1692263264879,1692263265052,1693235529205,228,173,55
1936,1693235529205,1692263265096,1692263265268,1693235529423,218,172,46
1937,1693235529423,1692263265342,1692263265515,1693235529668,245,173,72
1938,1693235529668,1692263265589,1692263265761,1693235529914,246,172,74
1939,1693235529914,1692263265798,1692263265969,1693235530122,208,171,37
1940,1693235530122,1692263266002,1692263266170,1693235530323,201,168,33
1941,1693235530323,1692263266206,1692263266378,1693235530530,207,172,35
1942,1693235530531,1692263266424,1692263266593,1693235530746,215,169,46
1943,1693235530746,1692263266649,1692263266822,1693235530974,228,173,55
1944,1693235530974,1692263266858,1692263267030,1693235531183,209,172,37
1945,1693235531183,1692263267069,1692263267241,1693235531393,210,172,38
1946,1693235531393,1692263267307,1692263267481,1693235531634,241,174,67
1947,1693235531634,1692263267536,1692263267708,1693235531860,226,172,54
1948,1693235531860,1692263267742,1692263267914,1693235532067,207,172,35
1949,1693235532067,1692263267983,1692263268155,1693235532320,253,172,81
1950,1693235532321,1692263268205,1692263268375,1693235532529,208,170,38
1951,1693235532529,1692263268428,1692263268600,1693235532753,224,172,52
1952,1693235532753,1692263268642,1692263268814,1693235532966,213,172,41
1953,1693235532967,1692263268849,1692263269020,1693235533173,206,171,35
1954,1693235533173,1692263269075,1692263269247,1693235533400,227,172,55
1955,1693235533400,1692263269306,1692263269479,1693235533631,231,173,58
1956,1693235533631,1692263269541,1692263269715,1693235533868,237,174,63
1957,1693235533868,1692263269761,1692263269933,1693235534086,218,172,46
1958,1693235534086,1692263269972,1692263270145,1693235534297,211,173,38
1959,1693235534297,1692263270199,1692263270370,1693235534523,226,171,55
1960,1693235534523,1692263270409,1692263270579,1693235534731,208,170,38
1961,1693235534732,1692263270605,1692263270775,1693235534928,196,170,26
1962,1693235534928,1692263270813,1692263270983,1693235535136,208,170,38
1963,1693235535136,1692263271036,1692263271209,1693235535361,225,173,52
1964,1693235535361,1692263271262,1692263271435,1693235535588,227,173,54
1965,1693235535588,1692263271477,1692263271649,1693235535802,214,172,42
1966,1693235535802,1692263271736,1692263271910,1693235536062,260,174,86
1967,1693235536063,1692263271971,1692263272142,1693235536294,231,171,60
1968,1693235536295,1692263272186,1692263272359,1693235536511,216,173,43
1969,1693235536511,1692263272392,1692263272565,1693235536718,207,173,34
1970,1693235536718,1692263272600,1692263272770,1693235536922,204,170,34
1971,1693235536922,1692263272825,1692263272997,1693235537149,227,172,55
1972,1693235537150,1692263273055,1692263273226,1693235537379,229,171,58
1973,1693235537379,1692263273272,1692263273443,1693235537596,217,171,46
1974,1693235537596,1692263273488,1692263273660,1693235537813,217,172,45
1975,1693235537813,1692263273705,1692263273877,1693235538030,217,172,45
1976,1693235538030,1692263273927,1692263274100,1693235538252,222,173,49
1977,1693235538252,1692263274146,1692263274317,1693235538470,218,171,47
1978,1693235538470,1692263274346,1692263274517,1693235538670,200,171,29
1979,1693235538670,1692263274579,1692263274753,1693235538905,235,174,61
1980,1693235538906,1692263274799,1692263274970,1693235539123,217,171,46
1981,1693235539123,1692263275012,1692263275183,1693235539336,213,171,42
1982,1693235539336,1692263275220,1692263275390,1693235539543,207,170,37
1983,1693235539543,1692263275466,1692263275640,1693235539795,252,174,78
1984,1693235539795,1692263275709,1692263275882,1693235540235,440,173,267
1985,1693235540235,1692263276123,1692263276295,1693235540447,212,172,40
1986,1693235540447,1692263276321,1692263276493,1693235540646,199,172,27
1987,1693235540646,1692263276523,1692263276692,1693235540845,199,169,30
1988,1693235540845,1692263276741,1692263276913,1693235541066,221,172,49
1989,1693235541066,1692263276971,1692263277143,1693235541296,230,172,58
1990,1693235541296,1692263277176,1692263277347,1693235541500,204,171,33
1991,1693235541500,1692263277389,1692263277560,1693235541713,213,171,42
1992,1693235541713,1692263277616,1692263277788,1693235541941,228,172,56
1993,1693235541941,1692263277813,1692263277984,1693235542136,195,171,24
1994,1693235542136,1692263278017,1692263278189,1693235542342,206,172,34
1995,1693235542342,1692263278218,1692263278389,1693235542542,200,171,29
1996,1693235542542,1692263278439,1692263278611,1693235542764,222,172,50
1997,1693235542764,1692263278651,1692263278824,1693235542976,212,173,39
1998,1693235542976,1692263278865,1692263279036,1693235543189,213,171,42
1999,1693235543189,1692263279054,1692263279225,1693235543378,189,171,18
2000,1693235543378,1692263279264,1692263279433,1693235543588,210,169,41
2001,1693235543588,1692263279493,1692263279667,1693235543819,231,174,57
2002,1693235543819,1692263279728,1692263279900,1693235544053,234,172,62
2003,1693235544053,1692263279936,1692263280109,1693235544261,208,173,35
2004,1693235544262,1692263280139,1692263280312,1693235544465,203,173,30
2005,1693235544465,1692263280370,1692263280544,1693235544700,235,174,61
2006,1693235544700,1692263280600,1692263280772,1693235544928,228,172,56
2007,1693235544928,1692263280807,1692263280974,1693235545127,199,167,32
2008,1693235545127,1692263281042,1692263281215,1693235545367,240,173,67
2009,1693235545367,1692263281245,1692263281415,1693235545567,200,170,30
2010,1693235545567,1692263281453,1692263281625,1693235545777,210,172,38
2011,1693235545777,1692263281661,1692263281833,1693235545986,209,172,37
2012,1693235545986,1692263281871,1692263282040,1693235546193,207,169,38
2013,1693235546193,1692263282074,1692263282244,1693235546397,204,170,34
2014,1693235546397,1692263282280,1692263282452,1693235546604,207,172,35
2015,1693235546604,1692263282492,1692263282665,1693235546817,213,173,40
2016,1693235546817,1692263282699,1692263282869,1693235547022,205,170,35
2017,1693235547022,1692263282899,1692263283068,1693235547221,199,169,30
2018,1693235547221,1692263283114,1692263283288,1693235547440,219,174,45
2019,1693235547440,1692263283334,1692263283506,1693235547659,219,172,47
2020,1693235547659,1692263283567,1692263283740,1693235547893,234,173,61
2021,1693235547893,1692263283772,1692263283941,1693235548094,201,169,32
2022,1693235548094,1692263283978,1692263284148,1693235548312,218,170,48
2023,1693235548312,1692263284209,1692263284382,1693235548535,223,173,50
2024,1693235548535,1692263284418,1692263284590,1693235548743,208,172,36
2025,1693235548743,1692263284630,1692263284801,1693235548954,211,171,40
2026,1693235549125,1692263284998,1692263285294,1693235549517,392,296,96
2027,1693235549517,1692263285404,1692263285731,1693235549940,423,327,96
2028,1693235549940,1692263285833,1692263286162,1693235550354,414,329,85
2029,1693235550354,1692263286240,1692263286565,1693235550756,402,325,77
2030,1693235550756,1692263286637,1692263286817,1693235550970,214,180,34
2031,1693235550970,1692263286865,1692263287063,1693235551216,246,198,48
2032,1693235551216,1692263287096,1692263287298,1693235551452,236,202,34
2033,1693235551452,1692263287339,1692263287672,1693235551886,434,333,101
2034,1693235551886,1692263287771,1692263288107,1693235552260,374,336,38
2035,1693235552260,1692263288154,1692263288428,1693235552602,342,274,68
2036,1693235552602,1692263288471,1692263288685,1693235552909,307,214,93
2037,1693235552910,1692263288807,1692263289027,1693235553179,269,220,49
2038,1693235553179,1692263289075,1692263289412,1693235553626,447,337,110
2039,1693235553626,1692263289523,1692263289782,1693235554213,587,259,328
2040,1693235554213,1692263290094,1692263290285,1693235554438,225,191,34
2041,1693235554438,1692263290329,1692263290514,1693235554667,229,185,44
2042,1693235554667,1692263290546,1692263290763,1693235554957,290,217,73
2043,1693235554958,1692263290837,1692263291176,1693235555367,409,339,70
2044,1693235555367,1692263291286,1692263291620,1693235555779,412,334,78
2045,1693235555779,1692263291658,1692263291878,1693235556031,252,220,32
2046,1693235556031,1692263291920,1692263292093,1693235556246,215,173,42
2047,1693235556246,1692263292129,1692263292309,1693235556461,215,180,35
2048,1693235556461,1692263292362,1692263292542,1693235556695,234,180,54
2049,1693235556695,1692263292579,1692263292857,1693235557010,315,278,37
2050,1693235557010,1692263292907,1692263293252,1693235557425,415,345,70
2051,1693235557425,1692263293300,1692263293603,1693235557756,331,303,28
2052,1693235557756,1692263293640,1692263293889,1693235558042,286,249,37
2053,1693235558042,1692263293932,1692263294144,1693235558337,295,212,83
2054,1693235558337,1692263294227,1692263294402,1693235558644,307,175,132
2055,1693235558644,1692263294538,1692263294880,1693235559033,389,342,47
2056,1693235559033,1692263294933,1692263295262,1693235559415,382,329,53
2057,1693235559415,1692263295296,1692263295487,1693235559639,224,191,33
2058,1693235559640,1692263295507,1692263295836,1693235559988,348,329,19
2059,1693235559988,1692263295882,1692263296056,1693235560209,221,174,47
2060,1693235560209,1692263296113,1692263296297,1693235560450,241,184,57
2061,1693235560450,1692263296341,1692263296525,1693235560677,227,184,43
2062,1693235560677,1692263296565,1692263296901,1693235561053,376,336,40
2063,1693235561053,1692263296944,1692263297194,1693235561346,293,250,43
2064,1693235561347,1692263297228,1692263297489,1693235561642,295,261,34
2065,1693235561642,1692263297535,1692263297753,1693235561906,264,218,46
2066,1693235561906,1692263297804,1692263297984,1693235562136,230,180,50
2067,1693235562137,1692263298017,1692263298204,1693235562357,220,187,33
2068,1693235562357,1692263298251,1692263298584,1693235562737,380,333,47
2069,1693235562737,1692263298632,1692263298825,1693235562978,241,193,48
2070,1693235562978,1692263298869,1692263299174,1693235563327,349,305,44
2071,1693235563327,1692263299220,1692263299390,1693235563542,215,170,45
2072,1693235563542,1692263299486,1692263299737,1693235563891,349,251,98
2073,1693235563891,1692263299802,1692263300021,1693235564199,308,219,89
2074,1693235564199,1692263300083,1692263300428,1693235564582,383,345,38
2075,1693235564582,1692263300475,1692263300820,1693235564972,390,345,45
2076,1693235564972,1692263300869,1692263301099,1693235565251,279,230,49
2077,1693235565251,1692263301167,1692263301487,1693235565640,389,320,69
2078,1693235565640,1692263301529,1692263301708,1693235565861,221,179,42
2079,1693235565861,1692263301752,1692263302035,1693235566203,342,283,59
2080,1693235566203,1692263302091,1692263302347,1693235566499,296,256,40
2081,1693235566499,1692263302386,1692263302610,1693235566763,264,224,40
2082,1693235566763,1692263302640,1692263302838,1693235566990,227,198,29
2083,1693235566990,1692263302875,1692263303055,1693235567208,218,180,38
2084,1693235567208,1692263303102,1692263303439,1693235567592,384,337,47
2085,1693235567592,1692263303461,1692263303808,1693235567960,368,347,21
2086,1693235567960,1692263303838,1692263304110,1693235568263,303,272,31
2087,1693235568263,1692263304145,1692263304345,1693235568498,235,200,35
2088,1693235568499,1692263304381,1692263304554,1693235568706,207,173,34
2089,1693235568707,1692263304587,1692263304760,1693235568912,205,173,32
2090,1693235568912,1692263304775,1692263304981,1693235569133,221,206,15
2091,1693235569133,1692263305028,1692263305384,1693235569537,404,356,48
2092,1693235569537,1692263305423,1692263305764,1693235569916,379,341,38
2093,1693235569916,1692263305833,1692263306017,1693235570237,321,184,137
2094,1693235570237,1692263306123,1692263306319,1693235570472,235,196,39
2095,1693235570472,1692263306346,1692263306524,1693235570677,205,178,27
2096,1693235570677,1692263306552,1692263306756,1693235570908,231,204,27
2097,1693235570909,1692263306819,1692263307049,1693235571202,293,230,63
2098,1693235571202,1692263307104,1692263307427,1693235571589,387,323,64
2099,1693235571589,1692263307478,1692263307713,1693235571866,277,235,42
2100,1693235571866,1692263307781,1692263308131,1693235572284,418,350,68
2101,1693235572284,1692263308185,1692263308362,1693235572514,230,177,53
2102,1693235572514,1692263308401,1692263308578,1693235572730,216,177,39
2103,1693235572730,1692263308610,1692263308961,1693235573113,383,351,32
2104,1693235573114,1692263308998,1692263309253,1693235573406,292,255,37
2105,1693235573406,1692263309316,1692263309577,1693235573730,324,261,63
2106,1693235573730,1692263309602,1692263309796,1693235573949,219,194,25
2107,1693235573949,1692263309826,1692263310085,1693235574238,289,259,30
2108,1693235574238,1692263310148,1692263310323,1693235574475,237,175,62
2109,1693235574475,1692263310369,1692263310546,1693235574698,223,177,46
2110,1693235574698,1692263310602,1692263310933,1693235575085,387,331,56
2111,1693235575085,1692263310964,1692263311247,1693235575437,352,283,69
2112,1693235575437,1692263311331,1692263311559,1693235575712,275,228,47
2113,1693235575712,1692263311607,1692263311789,1693235575942,230,182,48
2114,1693235575942,1692263311879,1692263312053,1693235576206,264,174,90
2115,1693235576206,1692263312085,1692263312261,1693235576413,207,176,31
2116,1693235576413,1692263312295,1692263312468,1693235576620,207,173,34
2117,1693235576620,1692263312518,1692263312867,1693235577019,399,349,50
2118,1693235577019,1692263312922,1692263313231,1693235577384,365,309,56
2119,1693235577385,1692263313307,1692263313540,1693235577693,308,233,75
2120,1693235577693,1692263313562,1692263313762,1693235577914,221,200,21
2121,1693235577914,1692263313800,1692263314067,1693235578302,388,267,121
2122,1693235578302,1692263314192,1692263314526,1693235578679,377,334,43
2123,1693235578679,1692263314571,1692263314898,1693235579050,371,327,44
2124,1693235579050,1692263314943,1692263315151,1693235579328,278,208,70
2125,1693235582354,1692263318250,1692263318421,1693235582573,219,171,48
2126,1693235582573,1692263318441,1692263318611,1693235582763,190,170,20
2127,1693235582763,1692263318637,1692263318806,1693235582959,196,169,27
2128,1693235582959,1692263318850,1692263319022,1693235583175,216,172,44
2129,1693235583175,1692263319069,1692263319240,1693235583392,217,171,46
2130,1693235583392,1692263319305,1692263319478,1693235583631,239,173,66
2131,1693235583631,1692263319503,1692263319675,1693235583827,196,172,24
2132,1693235583827,1692263319712,1692263319883,1693235584035,208,171,37
2133,1693235584035,1692263319916,1692263320086,1693235584239,204,170,34
2134,1693235584239,1692263320111,1692263320282,1693235584434,195,171,24
2135,1693235584434,1692263320332,1692263320502,1693235584655,221,170,51
2136,1693235584655,1692263320542,1692263320713,1693235584865,210,171,39
2137,1693235584865,1692263320782,1692263320954,1693235585106,241,172,69
2138,1693235585106,1692263320986,1692263321156,1693235585308,202,170,32
2139,1693235585308,1692263321209,1692263321381,1693235585533,225,172,53
2140,1693235585533,1692263321428,1692263321600,1693235585752,219,172,47
2141,1693235585752,1692263321644,1692263321816,1693235585969,217,172,45
2142,1693235585969,1692263321868,1692263322043,1693235586195,226,175,51
2143,1693235586195,1692263322108,1692263322280,1693235586433,238,172,66
2144,1693235586433,1692263322328,1692263322499,1693235586651,218,171,47
2145,1693235586651,1692263322530,1692263322699,1693235586851,200,169,31
2146,1693235586851,1692263322760,1692263322935,1693235587087,236,175,61
2147,1693235587087,1692263322984,1692263323154,1693235587307,220,170,50
2148,1693235587307,1692263323209,1692263323381,1693235587533,226,172,54
2149,1693235587533,1692263323427,1692263323597,1693235587750,217,170,47
2150,1693235587750,1692263323663,1692263323837,1693235587989,239,174,65
2151,1693235587990,1692263323868,1692263324038,1693235588191,201,170,31
2152,1693235588191,1692263324077,1692263324249,1693235588402,211,172,39
2153,1693235588402,1692263324288,1692263324459,1693235588611,209,171,38
2154,1693235588611,1692263324505,1692263324677,1693235588829,218,172,46
2155,1693235588829,1692263324721,1692263324892,1693235589045,216,171,45
2156,1693235589045,1692263324951,1692263325122,1693235589274,229,171,58
2157,1693235589275,1692263325162,1692263325334,1693235589486,211,172,39
2158,1693235589486,1692263325368,1692263325538,1693235589691,205,170,35
2159,1693235589691,1692263325588,1692263325758,1693235589911,220,170,50
2160,1693235589911,1692263325788,1692263325960,1693235590112,201,172,29
2161,1693235590112,1692263326020,1692263326193,1693235590346,234,173,61
2162,1693235590346,1692263326255,1692263326428,1693235590580,234,173,61
2163,1693235590580,1692263326459,1692263326628,1693235590780,200,169,31
2164,1693235590780,1692263326694,1692263326866,1693235591018,238,172,66
2165,1693235591018,1692263326919,1692263327091,1693235591243,225,172,53
2166,1693235591243,1692263327133,1692263327304,1693235591457,214,171,43
2167,1693235591457,1692263327380,1692263327550,1693235591703,246,170,76
2168,1693235591703,1692263327595,1692263327766,1693235591920,217,171,46
2169,1693235591920,1692263327792,1692263327961,1693235592113,193,169,24
2170,1693235592113,1692263327986,1692263328157,1693235592310,197,171,26
2171,1693235592310,1692263328215,1692263328388,1693235592540,230,173,57
2172,1693235592540,1692263328436,1692263328609,1693235592761,221,173,48
2173,1693235592761,1692263328654,1692263328825,1693235592978,217,171,46
2174,1693235592978,1692263328855,1692263329024,1693235593176,198,169,29
2175,1693235593176,1692263329073,1692263329246,1693235593398,222,173,49
2176,1693235593398,1692263329276,1692263329446,1693235593598,200,170,30
2177,1693235593598,1692263329497,1692263329667,1693235593819,221,170,51
2178,1693235593819,1692263329701,1692263329872,1693235594024,205,171,34
2179,1693235594024,1692263329901,1692263330071,1693235594223,199,170,29
2180,1693235594223,1692263330105,1692263330276,1693235594428,205,171,34
2181,1693235594428,1692263330315,1692263330487,1693235594639,211,172,39
2182,1693235594639,1692263330526,1692263330698,1693235594850,211,172,39
2183,1693235594850,1692263330763,1692263330939,1693235595094,244,176,68
2184,1693235595094,1692263330976,1692263331144,1693235595298,204,168,36
2185,1693235595299,1692263331195,1692263331369,1693235595521,222,174,48
2186,1693235595521,1692263331424,1692263331597,1693235595749,228,173,55
2187,1693235595749,1692263331631,1692263331800,1693235595952,203,169,34
2188,1693235595952,1692263331847,1692263332019,1693235596171,219,172,47
2189,1693235596172,1692263332081,1692263332252,1693235596405,233,171,62
2190,1693235596405,1692263332299,1692263332473,1693235596625,220,174,46
2191,1693235596626,1692263332492,1692263332664,1693235596816,190,172,18
2192,1693235596816,1692263332730,1692263332906,1693235597058,242,176,66
2193,1693235597058,1692263332945,1692263333115,1693235597267,209,170,39
2194,1693235597268,1692263333160,1692263333331,1693235597487,219,171,48
2195,1693235597487,1692263333374,1692263333546,1693235597698,211,172,39
2196,1693235597698,1692263333577,1692263333747,1693235597899,201,170,31
2197,1693235597899,1692263333820,1692263333991,1693235598142,243,171,72
2198,1693235598143,1692263334029,1692263334199,1693235598352,209,170,39
2199,1693235598352,1692263334263,1692263334435,1693235598587,235,172,63
2200,1693235598587,1692263334455,1692263334627,1693235598780,193,172,21
2201,1693235598780,1692263334678,1692263334851,1693235599004,224,173,51
2202,1693235599004,1692263334885,1692263335057,1693235599209,205,172,33
2203,1693235599209,1692263335108,1692263335280,1693235599432,223,172,51
2204,1693235599432,1692263335313,1692263335483,1693235599635,203,170,33
2205,1693235599635,1692263335520,1692263335691,1693235599843,208,171,37
2206,1693235599843,1692263335729,1692263335900,1693235600241,398,171,227
2207,1693235600241,1692263336128,1692263336298,1693235600450,209,170,39
2208,1693235600450,1692263336325,1692263336494,1693235600647,197,169,28
2209,1693235600647,1692263336560,1692263336732,1693235600884,237,172,65
2210,1693235600884,1692263336765,1692263336937,1693235601089,205,172,33
2211,1693235601089,1692263337010,1692263337184,1693235601336,247,174,73
2212,1693235601336,1692263337235,1692263337408,1693235601560,224,173,51
2213,1693235601560,1692263337459,1692263337633,1693235601785,225,174,51
2214,1693235601785,1692263337666,1692263337839,1693235601991,206,173,33
2215,1693235601991,1692263337893,1692263338065,1693235602227,236,172,64
2216,1693235602227,1692263338128,1692263338301,1693235602453,226,173,53
2217,1693235602453,1692263338361,1692263338532,1693235602684,231,171,60
2218,1693235602684,1692263338559,1692263338728,1693235602880,196,169,27
2219,1693235602880,1692263338783,1692263338956,1693235603108,228,173,55
2220,1693235603108,1692263339005,1692263339177,1693235603329,221,172,49
2221,1693235603329,1692263339239,1692263339413,1693235603564,235,174,61
2222,1693235603565,1692263339442,1692263339613,1693235603765,200,171,29
2223,1693235603765,1692263339669,1692263339842,1693235603994,229,173,56
2224,1693235603994,1692263339895,1692263340066,1693235604218,224,171,53
2225,1693235604218,1692263340142,1692263340314,1693235604466,248,172,76
2226,1693235604466,1692263340354,1692263340526,1693235604679,213,172,41
2227,1693235604679,1692263340561,1692263340730,1693235604882,203,169,34
2228,1693235604882,1692263340763,1692263340933,1693235605085,203,170,33
2229,1693235605085,1692263340984,1692263341155,1693235605307,222,171,51
2230,1693235605307,1692263341204,1692263341376,1693235605528,221,172,49
2231,1693235605528,1692263341413,1692263341586,1693235605738,210,173,37
2232,1693235605738,1692263341644,1692263341816,1693235605968,230,172,58
2233,1693235605968,1692263341844,1692263342014,1693235606166,198,170,28
2234,1693235606167,1692263342054,1692263342227,1693235606379,212,173,39
2235,1693235606379,1692263342284,1692263342458,1693235606610,231,174,57
2236,1693235606610,1692263342486,1692263342657,1693235606809,199,171,28
2237,1693235606809,1692263342693,1692263342862,1693235607014,205,169,36
2238,1693235607014,1692263342896,1692263343069,1693235607221,207,173,34
2239,1693235607221,1692263343119,1692263343289,1693235607441,220,170,50
2240,1693235607441,1692263343333,1692263343505,1693235607657,216,172,44
2241,1693235607657,1692263343557,1692263343728,1693235607881,224,171,53
2242,1693235607881,1692263343773,1692263343947,1693235608099,218,174,44
2243,1693235608100,1692263343979,1692263344149,1693235608303,203,170,33
2244,1693235608303,1692263344187,1692263344355,1693235608508,205,168,37
2245,1693235608508,1692263344404,1692263344576,1693235608729,221,172,49
2246,1693235608729,1692263344642,1692263344815,1693235608967,238,173,65
2247,1693235608967,1692263344868,1692263345039,1693235609191,224,171,53
2248,1693235609191,1692263345099,1692263345272,1693235609425,234,173,61
2249,1693235609425,1692263345321,1692263345490,1693235609648,223,169,54
2250,1693235609648,1692263345529,1692263345703,1693235609855,207,174,33
2251,1693235609855,1692263345742,1692263345914,1693235610066,211,172,39
2252,1693235610066,1692263345984,1692263346157,1693235610309,243,173,70
2253,1693235610309,1692263346188,1692263346358,1693235610510,201,170,31
2254,1693235610510,1692263346397,1692263346568,1693235610720,210,171,39
2255,1693235610720,1692263346605,1692263346777,1693235610929,209,172,37
2256,1693235610929,1692263346829,1692263347001,1693235611153,224,172,52
2257,1693235611153,1692263347043,1692263347213,1693235611365,212,170,42
2258,1693235611365,1692263347240,1692263347411,1693235611562,197,171,26
2259,1693235611562,1692263347457,1692263347627,1693235611781,219,170,49
2260,1693235611781,1692263347671,1692263347844,1693235611996,215,173,42
2261,1693235611996,1692263347880,1692263348051,1693235612203,207,171,36
2262,1693235612203,1692263348081,1692263348252,1693235612404,201,171,30
2263,1693235612573,1692263348454,1692263348754,1693235612907,334,300,34
2264,1693235612907,1692263348803,1692263349037,1693235613222,315,234,81
2265,1693235613222,1692263349120,1692263349448,1693235613600,378,328,50
2266,1693235613600,1692263349492,1692263349765,1693235613917,317,273,44
2267,1693235613917,1692263349819,1692263350097,1693235614249,332,278,54
2268,1693235614249,1692263350144,1692263350335,1693235614487,238,191,47
2269,1693235614487,1692263350398,1692263350595,1693235614749,262,197,65
2270,1693235614749,1692263350643,1692263350819,1693235614972,223,176,47
2271,1693235614972,1692263350851,1692263351180,1693235615332,360,329,31
2272,1693235615332,1692263351221,1692263351552,1693235615704,372,331,41
2273,1693235615704,1692263351610,1692263351911,1693235616064,360,301,59
2274,1693235616064,1692263351955,1692263352126,1693235616278,214,171,43
2275,1693235616278,1692263352192,1692263352489,1693235616641,363,297,66
2276,1693235616641,1692263352539,1692263352715,1693235616867,226,176,50
2277,1693235616867,1692263352805,1692263353140,1693235617318,451,335,116
2278,1693235617318,1692263353233,1692263353558,1693235617711,393,325,68
2279,1693235617711,1692263353597,1692263353782,1693235617934,223,185,38
2280,1693235617935,1692263353851,1692263354191,1693235618343,408,340,68
2281,1693235618343,1692263354229,1692263354402,1693235618554,211,173,38
2282,1693235618554,1692263354446,1692263354623,1693235618776,222,177,45
2283,1693235618776,1692263354645,1692263354933,1693235619085,309,288,21
2284,1693235619085,1692263354988,1692263355318,1693235619510,425,330,95
2285,1693235619510,1692263355402,1692263355601,1693235619753,243,199,44
2286,1693235619753,1692263355644,1692263355821,1693235619973,220,177,43
2287,1693235619973,1692263355870,1692263356089,1693235620284,311,219,92
2288,1693235620284,1692263356172,1692263356351,1693235620503,219,179,40
2289,1693235620503,1692263356380,1692263356739,1693235620898,395,359,36
2290,1693235620898,1692263356804,1692263357132,1693235621283,385,328,57
2291,1693235621284,1692263357194,1692263357487,1693235621639,355,293,62
2292,1693235621639,1692263357522,1692263357752,1693235621904,265,230,35
2293,1693235621904,1692263357783,1692263358055,1693235622209,305,272,33
2294,1693235622209,1692263358115,1692263358298,1693235622450,241,183,58
2295,1693235622450,1692263358323,1692263358605,1693235622757,307,282,25
2296,1693235622757,1692263358639,1692263358963,1693235623115,358,324,34
2297,1693235623116,1692263359003,1692263359290,1693235623462,346,287,59
2298,1693235623462,1692263359342,1692263359545,1693235623697,235,203,32
2299,1693235623697,1692263359606,1692263359783,1693235623935,238,177,61
2300,1693235623935,1692263359856,1692263360044,1693235624197,262,188,74
2301,1693235624197,1692263360085,1692263360438,1693235624590,393,353,40
2302,1693235624590,1692263360481,1692263360812,1693235624964,374,331,43
2303,1693235624964,1692263360851,1692263361036,1693235625188,224,185,39
2304,1693235625188,1692263361070,1692263361265,1693235625416,228,195,33
2305,1693235625417,1692263361294,1692263361480,1693235625637,220,186,34
2306,1693235625637,1692263361525,1692263361736,1693235625887,250,211,39
2307,1693235625887,1692263361790,1692263362115,1693235626329,442,325,117
2308,1693235626329,1692263362217,1692263362563,1693235626714,385,346,39
2309,1693235626715,1692263362608,1692263362911,1693235627149,434,303,131
2310,1693235627149,1692263363028,1692263363202,1693235627354,205,174,31
2311,1693235627354,1692263363233,1692263363407,1693235627559,205,174,31
2312,1693235627559,1692263363464,1692263363760,1693235627912,353,296,57
2313,1693235627912,1692263363789,1692263364136,1693235628377,465,347,118
2314,1693235628377,1692263364272,1692263364600,1693235628752,375,328,47
2315,1693235628752,1692263364644,1692263364872,1693235629024,272,228,44
2316,1693235629024,1692263364915,1692263365087,1693235629239,215,172,43
2317,1693235629239,1692263365144,1692263365331,1693235629483,244,187,57
2318,1693235629483,1692263365372,1692263365623,1693235629775,292,251,41
2319,1693235629775,1692263365663,1692263366024,1693235630244,469,361,108
2320,1693235630244,1692263366125,1692263366364,1693235630518,274,239,35
2321,1693235630519,1692263366413,1692263366641,1693235630793,274,228,46
2322,1693235630793,1692263366686,1692263366946,1693235631098,305,260,45
2323,1693235631098,1692263367008,1692263367331,1693235631484,386,323,63
2324,1693235631484,1692263367387,1692263367743,1693235631895,411,356,55
2325,1693235631895,1692263367792,1692263368044,1693235632196,301,252,49
2326,1693235632196,1692263368076,1692263368250,1693235632403,207,174,33
2327,1693235632403,1692263368322,1692263368497,1693235632649,246,175,71
2328,1693235632649,1692263368543,1692263368857,1693235633009,360,314,46
2329,1693235633009,1692263368892,1692263369235,1693235633425,416,343,73
2330,1693235633426,1692263369321,1692263369680,1693235633894,468,359,109
2331,1693235633894,1692263369790,1692263370067,1693235634236,342,277,65
2332,1693235634236,1692263370128,1692263370320,1693235634471,235,192,43
2333,1693235634472,1692263370381,1692263370554,1693235634706,234,173,61
2334,1693235634706,1692263370598,1692263370932,1693235635084,378,334,44
2335,1693235635084,1692263370987,1692263371313,1693235635464,380,326,54
2336,1693235635465,1692263371364,1692263371588,1693235635740,275,224,51
2337,1693235635740,1692263371651,1692263371939,1693235636091,351,288,63
2338,1693235636092,1692263371979,1692263372212,1693235636376,284,233,51
2339,1693235636376,1692263372261,1692263372433,1693235636585,209,172,37
2340,1693235636585,1692263372462,1692263372686,1693235636894,309,224,85
2341,1693235636894,1692263372799,1692263373129,1693235637282,388,330,58
2342,1693235637282,1692263373170,1692263373469,1693235637621,339,299,40
2343,1693235637621,1692263373505,1692263373689,1693235637841,220,184,36
2344,1693235637841,1692263373753,1692263373982,1693235638134,293,229,64
2345,1693235638134,1692263374026,1692263374200,1693235638352,218,174,44
2346,1693235638352,1692263374244,1692263374413,1693235638565,213,169,44
2347,1693235638565,1692263374474,1692263374740,1693235638906,341,266,75
2348,1693235638906,1692263374801,1692263375129,1693235639281,375,328,47
2349,1693235639281,1692263375168,1692263375512,1693235639664,383,344,39
2350,1693235639664,1692263375550,1692263375727,1693235639878,214,177,37
2351,1693235639879,1692263375765,1692263375995,1693235640194,315,230,85
2352,1693235640194,1692263376076,1692263376303,1693235640563,369,227,142
2353,1693235640563,1692263376449,1692263376658,1693235640869,306,209,97
2354,1693235640869,1692263376761,1692263377100,1693235641251,382,339,43
2355,1693235641251,1692263377158,1692263377406,1693235641558,307,248,59
2356,1693235641558,1692263377461,1692263377674,1693235641826,268,213,55
2357,1693235641826,1692263377708,1692263377942,1693235642095,269,234,35
2358,1693235642095,1692263377979,1692263378150,1693235642302,207,171,36
2359,1693235642302,1692263378185,1692263378361,1693235642512,210,176,34
2360,1693235642512,1692263378405,1692263378616,1693235642774,262,211,51
2361,1693235645791,1692263381688,1692263381858,1693235646010,219,170,49
2362,1693235646010,1692263381898,1692263382069,1693235646221,211,171,40
2363,1693235646221,1692263382104,1692263382275,1693235646427,206,171,35
2364,1693235646427,1692263382307,1692263382476,1693235646628,201,169,32
2365,1693235646628,1692263382511,1692263382680,1693235646832,204,169,35
2366,1693235646832,1692263382725,1692263382896,1693235647047,215,171,44
2367,1693235647047,1692263382938,1692263383109,1693235647261,214,171,43
2368,1693235647261,1692263383152,1692263383326,1693235647478,217,174,43
2369,1693235647478,1692263383364,1692263383534,1693235647686,208,170,38
2370,1693235647686,1692263383582,1692263383754,1693235647906,220,172,48
2371,1693235647906,1692263383803,1692263383974,1693235648126,220,171,49
2372,1693235648126,1692263384012,1692263384184,1693235648336,210,172,38
2373,1693235648336,1692263384241,1692263384415,1693235648566,230,174,56
2374,1693235648567,1692263384442,1692263384612,1693235648763,196,170,26
2375,1693235648763,1692263384663,1692263384835,1693235648986,223,172,51
2376,1693235648986,1692263384881,1692263385052,1693235649203,217,171,46
2377,1693235649203,1692263385095,1692263385268,1693235649419,216,173,43
2378,1693235649419,1692263385310,1692263385482,1693235649633,214,172,42
2379,1693235649633,1692263385574,1692263385749,1693235649900,267,175,92
2380,1693235649900,1692263385792,1692263385965,1693235650117,217,173,44
2381,1693235650117,1692263386042,1692263386214,1693235650365,248,172,76
2382,1693235650365,1692263386257,1692263386429,1693235650581,216,172,44
2383,1693235650581,1692263386484,1692263386655,1693235650806,225,171,54
2384,1693235650806,1692263386680,1692263386850,1693235651003,197,170,27
2385,1693235651003,1692263386905,1692263387077,1693235651229,226,172,54
2386,1693235651229,1692263387126,1692263387298,1693235651450,221,172,49
2387,1693235651450,1692263387337,1692263387511,1693235651662,212,174,38
2388,1693235651662,1692263387563,1692263387736,1693235651887,225,173,52
2389,1693235651887,1692263387796,1692263387968,1693235652119,232,172,60
2390,1693235652119,1692263388004,1692263388176,1693235652328,209,172,37
2391,1693235652328,1692263388215,1692263388386,1693235652539,211,171,40
2392,1693235652539,1692263388426,1692263388597,1693235652748,209,171,38
2393,1693235652749,1692263388627,1692263388796,1693235652949,200,169,31
2394,1693235652949,1692263388827,1692263388996,1693235653149,200,169,31
2395,1693235653149,1692263389045,1692263389217,1693235653368,219,172,47
2396,1693235653368,1692263389268,1692263389443,1693235653595,227,175,52
2397,1693235653596,1692263389489,1692263389661,1693235653813,217,172,45
2398,1693235653813,1692263389697,1692263389871,1693235654022,209,174,35
2399,1693235654022,1692263389898,1692263390069,1693235654221,199,171,28
2400,1693235654221,1692263390106,1692263390275,1693235654427,206,169,37
2401,1693235654427,1692263390323,1692263390493,1693235654645,218,170,48
2402,1693235654645,1692263390547,1692263390720,1693235654871,226,173,53
2403,1693235654871,1692263390760,1692263390932,1693235655084,213,172,41
2404,1693235655084,1692263390976,1692263391146,1693235655300,216,170,46
2405,1693235655300,1692263391183,1692263391354,1693235655505,205,171,34
2406,1693235655505,1692263391392,1692263391562,1693235655713,208,170,38
2407,1693235655713,1692263391611,1692263391784,1693235655935,222,173,49
2408,1693235655935,1692263391817,1692263391987,1693235656139,204,170,34
2409,1693235656139,1692263392020,1692263392190,1693235656341,202,170,32
2410,1693235656341,1692263392251,1692263392424,1693235656576,235,173,62
2411,1693235656576,1692263392469,1692263392641,1693235656792,216,172,44
2412,1693235656792,1692263392701,1692263392875,1693235657027,235,174,61
2413,1693235657027,1692263392924,1692263393096,1693235657250,223,172,51
2414,1693235657250,1692263393138,1692263393310,1693235657461,211,172,39
2415,1693235657461,1692263393374,1692263393548,1693235657699,238,174,64
2416,1693235657699,1692263393582,1692263393753,1693235657904,205,171,34
2417,1693235657905,1692263393801,1692263393973,1693235658124,219,172,47
2418,1693235658125,1692263393998,1692263394168,1693235658320,195,170,25
2419,1693235658320,1692263394202,1692263394373,1693235658525,205,171,34
2420,1693235658525,1692263394420,1692263394594,1693235658746,221,174,47
2421,1693235658746,1692263394645,1692263394816,1693235658967,221,171,50
2422,1693235658967,1692263394861,1692263395038,1693235659190,223,177,46
2423,1693235659190,1692263395075,1692263395246,1693235659399,209,171,38
2424,1693235659400,1692263395276,1692263395448,1693235659599,199,172,27
2425,1693235659599,1692263395496,1692263395668,1693235659819,220,172,48
2426,1693235659819,1692263395695,1692263395864,1693235660142,323,169,154
2427,1693235660143,1692263396056,1692263396229,1693235660380,237,173,64
2428,1693235660380,1692263396250,1692263396420,1693235660571,191,170,21
2429,1693235660571,1692263396463,1692263396634,1693235660786,215,171,44
2430,1693235660786,1692263396688,1692263396860,1693235661011,225,172,53
2431,1693235661011,1692263396904,1692263397075,1693235661227,216,171,45
2432,1693235661227,1692263397112,1692263397282,1693235661433,206,170,36
2433,1693235661433,1692263397323,1692263397494,1693235661648,215,171,44
2434,1693235661648,1692263397556,1692263397727,1693235661878,230,171,59
2435,1693235661878,1692263397787,1692263397961,1693235662112,234,174,60
2436,1693235662112,1692263397990,1692263398159,1693235662311,199,169,30
2437,1693235662311,1692263398198,1692263398369,1693235662521,210,171,39
2438,1693235662521,1692263398413,1692263398584,1693235662736,215,171,44
2439,1693235662736,1692263398618,1692263398792,1693235662943,207,174,33
2440,1693235662943,1692263398821,1692263398992,1693235663143,200,171,29
2441,1693235663143,1692263399023,1692263399193,1693235663344,201,170,31
2442,1693235663344,1692263399232,1692263399402,1693235663554,210,170,40
2443,1693235663554,1692263399468,1692263399640,1693235663793,239,172,67
2444,1693235663793,1692263399676,1692263399847,1693235663999,206,171,35
2445,1693235663999,1692263399877,1692263400048,1693235664200,201,171,30
2446,1693235664200,1692263400109,1692263400279,1693235664431,231,170,61
2447,1693235664431,1692263400307,1692263400477,1693235664629,198,170,28
2448,1693235664629,1692263400494,1692263400664,1693235664816,187,170,17
2449,1693235664816,1692263400726,1692263400899,1693235665051,235,173,62
2450,1693235665051,1692263400940,1692263401114,1693235665265,214,174,40
2451,1693235665265,1692263401165,1692263401336,1693235665487,222,171,51
2452,1693235665487,1692263401380,1692263401552,1693235665703,216,172,44
2453,1693235665703,1692263401592,1692263401763,1693235665914,211,171,40
2454,1693235665914,1692263401810,1692263401980,1693235666131,217,170,47
2455,1693235666131,1692263402025,1692263402197,1693235666349,218,172,46
2456,1693235666349,1692263402234,1692263402404,1693235666556,207,170,37
2457,1693235666556,1692263402437,1692263402607,1693235666758,202,170,32
2458,1693235666758,1692263402648,1692263402820,1693235666973,215,172,43
2459,1693235666973,1692263402860,1692263403033,1693235667189,216,173,43
2460,1693235667189,1692263403083,1692263403257,1693235667409,220,174,46
2461,1693235667409,1692263403304,1692263403474,1693235667625,216,170,46
2462,1693235667625,1692263403502,1692263403672,1693235667823,198,170,28
2463,1693235667823,1692263403725,1692263403897,1693235668049,226,172,54
2464,1693235668049,1692263403934,1692263404102,1693235668254,205,168,37
2465,1693235668254,1692263404160,1692263404331,1693235668482,228,171,57
2466,1693235668482,1692263404377,1692263404545,1693235668697,215,168,47
2467,1693235668697,1692263404588,1692263404761,1693235668912,215,173,42
2468,1693235668912,1692263404795,1692263404964,1693235669115,203,169,34
2469,1693235669115,1692263404999,1692263405173,1693235669324,209,174,35
2470,1693235669324,1692263405216,1692263405387,1693235669538,214,171,43
2471,1693235669538,1692263405413,1692263405582,1693235669733,195,169,26
2472,1693235669734,1692263405628,1692263405800,1693235669951,217,172,45
2473,1693235669951,1692263405832,1692263406003,1693235670155,204,171,33
2474,1693235670155,1692263406042,1692263406211,1693235670362,207,169,38
2475,1693235670362,1692263406254,1692263406426,1693235670577,215,172,43
2476,1693235670577,1692263406464,1692263406634,1693235670785,208,170,38
2477,1693235670785,1692263406681,1692263406853,1693235671005,220,172,48
2478,1693235671005,1692263406903,1692263407075,1693235671227,222,172,50
2479,1693235671227,1692263407117,1692263407288,1693235671440,213,171,42
2480,1693235671440,1692263407336,1692263407508,1693235671659,219,172,47
2481,1693235671659,1692263407551,1692263407722,1693235671873,214,171,43
2482,1693235671873,1692263407768,1692263407941,1693235672093,220,173,47
2483,1693235672093,1692263408090,1692263408262,1693235672413,320,172,148
2484,1693235672413,1692263408307,1692263408479,1693235672630,217,172,45
2485,1693235672630,1692263408703,1692263408874,1693235673025,395,171,224
2486,1693235673025,1692263408941,1692263409111,1693235673262,237,170,67
2487,1693235673262,1692263409139,1692263409311,1693235673462,200,172,28
2488,1693235673462,1692263409340,1692263409511,1693235673662,200,171,29
2489,1693235673662,1692263409542,1692263409713,1693235673865,203,171,32
2490,1693235673865,1692263409747,1692263409916,1693235674068,203,169,34
2491,1693235674068,1692263409951,1692263410121,1693235674272,204,170,34
2492,1693235674272,1692263410177,1692263410352,1693235674503,231,175,56
2493,1693235674503,1692263410392,1692263410563,1693235674715,212,171,41
2494,1693235674715,1692263410588,1692263410758,1693235674909,194,170,24
2495,1693235674909,1692263410789,1692263410958,1693235675110,201,169,32
2496,1693235675111,1692263411002,1692263411174,1693235675325,214,172,42
2497,1693235675326,1692263411209,1692263411381,1693235675533,207,172,35
2498,1693235675533,1692263411412,1692263411582,1693235675733,200,170,30
2499,1693235675733,1692263411642,1692263411814,1693235675966,233,172,61
