request_number,request_time_ms,request_received_time_ms,response_time_ms,response_received_time_ms,end_to_end_latency,compute_time,transmission_time
1,1693234336860,1692262072798,1692262072985,1693234337244,384,187,197
2,1693234337244,1692262073148,1692262073334,1693234337548,304,186,118
3,1693234337548,1692262073494,1692262073676,1693234337843,295,182,113
4,1693234337843,1692262073708,1692262073892,1693234338061,218,184,34
5,1693234338061,1692262073933,1692262074104,1693234338271,210,171,39
6,1693234338271,1692262074151,1692262074323,1693234338488,217,172,45
7,1693234338488,1692262074361,1692262074531,1693234338695,207,170,37
8,1693234338696,1692262074571,1692262074742,1693234338907,211,171,40
9,1693234338907,1692262074810,1692262074984,1693234339149,242,174,68
10,1693234339149,1692262075043,1692262075213,1693234339378,229,170,59
11,1693234339378,1692262075266,1692262075438,1693234339603,225,172,53
12,1693234339603,1692262075477,1692262075650,1693234339815,212,173,39
13,1693234339815,1692262075685,1692262075855,1693234340123,308,170,138
14,1693234340123,1692262076085,1692262076257,1693234340421,298,172,126
15,1693234340422,1692262076380,1692262076552,1693234340717,295,172,123
16,1693234340717,1692262076592,1692262076763,1693234340928,211,171,40
17,1693234340929,1692262076791,1692262076961,1693234341125,196,170,26
18,1693234341126,1692262076991,1692262077163,1693234341328,202,172,30
19,1693234341328,1692262077214,1692262077388,1693234341553,225,174,51
20,1693234341553,1692262077433,1692262077603,1693234341768,215,170,45
21,1693234341768,1692262077646,1692262077819,1693234341985,217,173,44
22,1693234341985,1692262077865,1692262078037,1693234342202,217,172,45
23,1693234342202,1692262078103,1692262078274,1693234342439,237,171,66
24,1693234342439,1692262078319,1692262078490,1693234342656,217,171,46
25,1693234342656,1692262078546,1692262078717,1693234342881,225,171,54
26,1693234342882,1692262078764,1692262078937,1693234343102,220,173,47
27,1693234343102,1692262078988,1692262079160,1693234343325,223,172,51
28,1693234343325,1692262079204,1692262079377,1693234343542,217,173,44
29,1693234343542,1692262079414,1692262079587,1693234343752,210,173,37
30,1693234343752,1692262079616,1692262079787,1693234343951,199,171,28
31,1693234343951,1692262079815,1692262079986,1693234344150,199,171,28
32,1693234344150,1692262080026,1692262080199,1693234344364,214,173,41
33,1693234344364,1692262080243,1692262080414,1693234344579,215,171,44
34,1693234344579,1692262080502,1692262080676,1693234344841,262,174,88
35,1693234344841,1692262080738,1692262080910,1693234345075,234,172,62
36,1693234345075,1692262080955,1692262081130,1693234345295,220,175,45
37,1693234345295,1692262081193,1692262081366,1693234345534,239,173,66
38,1693234345534,1692262081408,1692262081581,1693234345746,212,173,39
39,1693234345746,1692262081619,1692262081791,1693234345956,210,172,38
40,1693234345956,1692262081847,1692262082021,1693234346186,230,174,56
41,1693234346186,1692262082047,1692262082217,1693234346382,196,170,26
42,1693234346382,1692262082245,1692262082416,1693234346581,199,171,28
43,1693234346581,1692262082466,1692262082638,1693234346803,222,172,50
44,1693234346803,1692262082671,1692262082840,1693234347005,202,169,33
45,1693234347005,1692262082871,1692262083042,1693234347207,202,171,31
46,1693234347207,1692262083097,1692262083270,1693234347435,228,173,55
47,1693234347435,1692262083347,1692262083519,1693234347685,250,172,78
48,1693234347685,1692262083569,1692262083741,1693234347906,221,172,49
49,1693234347906,1692262083773,1692262083944,1693234348109,203,171,32
50,1693234348109,1692262083976,1692262084146,1693234348311,202,170,32
51,1693234348311,1692262084168,1692262084338,1693234348503,192,170,22
52,1693234348503,1692262084369,1692262084538,1693234348703,200,169,31
53,1693234348703,1692262084594,1692262084765,1693234348930,227,171,56
54,1693234348930,1692262084806,1692262084977,1693234349144,214,171,43
55,1693234349144,1692262085019,1692262085191,1693234349356,212,172,40
56,1693234349356,1692262085216,1692262085386,1693234349551,195,170,25
57,1693234349551,1692262085429,1692262085602,1693234349767,216,173,43
58,1693234349767,1692262085634,1692262085804,1693234349969,202,170,32
59,1693234349969,1692262085847,1692262086020,1693234350185,216,173,43
60,1693234350185,1692262086068,1692262086240,1693234350405,220,172,48
61,1693234350405,1692262086263,1692262086433,1693234350597,192,170,22
62,1693234350597,1692262086496,1692262086668,1693234350833,236,172,64
63,1693234350833,1692262086700,1692262086869,1693234351035,202,169,33
64,1693234351035,1692262086929,1692262087103,1693234351269,234,174,60
65,1693234351269,1692262087143,1692262087314,1693234351479,210,171,39
66,1693234351479,1692262087355,1692262087527,1693234351692,213,172,41
67,1693234351692,1692262087557,1692262087728,1693234351922,230,171,59
68,1693234351922,1692262087806,1692262087978,1693234352168,246,172,74
69,1693234352168,1692262088043,1692262088216,1693234352381,213,173,40
70,1693234352381,1692262088256,1692262088426,1693234352591,210,170,40
71,1693234352591,1692262088468,1692262088640,1693234352805,214,172,42
72,1693234352805,1692262088684,1692262088855,1693234353022,217,171,46
73,1693234353022,1692262088886,1692262089055,1693234353220,198,169,29
74,1693234353220,1692262089104,1692262089276,1693234353441,221,172,49
75,1693234353441,1692262089312,1692262089481,1693234353646,205,169,36
76,1693234353646,1692262089516,1692262089686,1693234353851,205,170,35
77,1693234353851,1692262089755,1692262089929,1693234354095,244,174,70
78,1693234354095,1692262089962,1692262090132,1693234354296,201,170,31
79,1693234354296,1692262090175,1692262090349,1693234354514,218,174,44
80,1693234354514,1692262090391,1692262090562,1693234354727,213,171,42
81,1693234354727,1692262090613,1692262090785,1693234354950,223,172,51
82,1693234354950,1692262090833,1692262091003,1693234355168,218,170,48
83,1693234355168,1692262091028,1692262091197,1693234355363,195,169,26
84,1693234355364,1692262091242,1692262091414,1693234355579,215,172,43
85,1693234355579,1692262091452,1692262091622,1693234355787,208,170,38
86,1693234355787,1692262091663,1692262091838,1693234356002,215,175,40
87,1693234356002,1692262091891,1692262092062,1693234356227,225,171,54
88,1693234356227,1692262092108,1692262092280,1693234356445,218,172,46
89,1693234356445,1692262092323,1692262092496,1693234356661,216,173,43
90,1693234356661,1692262092543,1692262092714,1693234356879,218,171,47
91,1693234356879,1692262092754,1692262092926,1693234357091,212,172,40
92,1693234357091,1692262092955,1692262093125,1693234357289,198,170,28
93,1693234357289,1692262093169,1692262093339,1693234357504,215,170,45
94,1693234357504,1692262093366,1692262093537,1693234357702,198,171,27
95,1693234357702,1692262093578,1692262093749,1693234357915,213,171,42
96,1693234357915,1692262093800,1692262093972,1693234358137,222,172,50
97,1693234358137,1692262094006,1692262094177,1693234358342,205,171,34
98,1693234358342,1692262094211,1692262094384,1693234358549,207,173,34
99,1693234358549,1692262094417,1692262094590,1693234358755,206,173,33
100,1693234358755,1692262094620,1692262094790,1693234358955,200,170,30
101,1693234358955,1692262094841,1692262095013,1693234359178,223,172,51
102,1693234359178,1692262095059,1692262095230,1693234359395,217,171,46
103,1693234359395,1692262095280,1692262095451,1693234359617,222,171,51
104,1693234359617,1692262095510,1692262095682,1693234359847,230,172,58
105,1693234359847,1692262095746,1692262095918,1693234360083,236,172,64
106,1693234360083,1692262095967,1692262096140,1693234360304,221,173,48
107,1693234360305,1692262096177,1692262096348,1693234360513,208,171,37
108,1693234360513,1692262096412,1692262096584,1693234360749,236,172,64
109,1693234360749,1692262096622,1692262096793,1693234360958,209,171,38
110,1693234360958,1692262096848,1692262097019,1693234361184,226,171,55
111,1693234361184,1692262097071,1692262097243,1693234361408,224,172,52
112,1693234361409,1692262097282,1692262097455,1693234361619,210,173,37
113,1693234361619,1692262097504,1692262097677,1693234361841,222,173,49
114,1693234361842,1692262097732,1692262097904,1693234362069,227,172,55
115,1693234362069,1692262097937,1692262098106,1693234362274,205,169,36
116,1693234362274,1692262098161,1692262098334,1693234362499,225,173,52
117,1693234362499,1692262098403,1692262098575,1693234362740,241,172,69
118,1693234362740,1692262098629,1692262098803,1693234362968,228,174,54
119,1693234362968,1692262098856,1692262099030,1693234363195,227,174,53
120,1693234363195,1692262099084,1692262099258,1693234363425,230,174,56
121,1693234363425,1692262099287,1692262099458,1693234363622,197,171,26
122,1693234363622,1692262099510,1692262099683,1693234363847,225,173,52
123,1693234363847,1692262099719,1692262099889,1693234364053,206,170,36
124,1693234364053,1692262099963,1692262100137,1693234364302,249,174,75
125,1693234364302,1692262100179,1692262100351,1693234364515,213,172,41
126,1693234364515,1692262100394,1692262100566,1693234364731,216,172,44
127,1693234364731,1692262100612,1692262100785,1693234364950,219,173,46
128,1693234364950,1692262100840,1692262101013,1693234365178,228,173,55
129,1693234365178,1692262101048,1692262101219,1693234365383,205,171,34
130,1693234365383,1692262101271,1692262101444,1693234365609,226,173,53
131,1693234365609,1692262101489,1692262101661,1693234365826,217,172,45
132,1693234365826,1692262101697,1692262101871,1693234366035,209,174,35
133,1693234366035,1692262101936,1692262102108,1693234366273,238,172,66
134,1693234366273,1692262102160,1692262102332,1693234366497,224,172,52
135,1693234366497,1692262102383,1692262102553,1693234366718,221,170,51
136,1693234366718,1692262102600,1692262102773,1693234366938,220,173,47
137,1693234367109,1692262103000,1692262103276,1693234367552,443,276,167
138,1693234367552,1692262103429,1692262103748,1693234367912,360,319,41
139,1693234367912,1692262103779,1692262104108,1693234368273,361,329,32
140,1693234368273,1692262104149,1692262104475,1693234368640,367,326,41
141,1693234368640,1692262104535,1692262104841,1693234369006,366,306,60
142,1693234369006,1692262104891,1692262105061,1693234369226,220,170,50
143,1693234369226,1692262105104,1692262105277,1693234369442,216,173,43
144,1693234369442,1692262105299,1692262105468,1693234369633,191,169,22
145,1693234369633,1692262105502,1692262105674,1693234369839,206,172,34
146,1693234369839,1692262105714,1692262105885,1693234370050,211,171,40
147,1693234370050,1692262105913,1692262106086,1693234370255,205,173,32
148,1693234370255,1692262106132,1692262106454,1693234370620,365,322,43
149,1693234370620,1692262106508,1692262106791,1693234370956,336,283,53
150,1693234370957,1692262106828,1692262107164,1693234371329,372,336,36
151,1693234371329,1692262107205,1692262107489,1693234371654,325,284,41
152,1693234371654,1692262107549,1692262107762,1693234371927,273,213,60
153,1693234371927,1692262107813,1692262107997,1693234372162,235,184,51
154,1693234372162,1692262108056,1692262108228,1693234372393,231,172,59
155,1693234372393,1692262108268,1692262108440,1693234372605,212,172,40
156,1693234372605,1692262108469,1692262108640,1693234372805,200,171,29
157,1693234372805,1692262108683,1692262108859,1693234373023,218,176,42
158,1693234373023,1692262108889,1692262109065,1693234373230,207,176,31
159,1693234373230,1692262109096,1692262109277,1693234373442,212,181,31
160,1693234373442,1692262109309,1692262109643,1693234373807,365,334,31
161,1693234373808,1692262109691,1692262109968,1693234374132,324,277,47
162,1693234374132,1692262110002,1692262110221,1693234374386,254,219,35
163,1693234374386,1692262110315,1692262110493,1693234374660,274,178,96
164,1693234374660,1692262110549,1692262110718,1693234374883,223,169,54
165,1693234374883,1692262110753,1692262110926,1693234375091,208,173,35
166,1693234375091,1692262110985,1692262111161,1693234375326,235,176,59
167,1693234375326,1692262111214,1692262111390,1693234375555,229,176,53
168,1693234375555,1692262111424,1692262111597,1693234375762,207,173,34
169,1693234375762,1692262111642,1692262111827,1693234375992,230,185,45
170,1693234375992,1692262111859,1692262112163,1693234376358,366,304,62
171,1693234376358,1692262112235,1692262112416,1693234376581,223,181,42
172,1693234376581,1692262112464,1692262112677,1693234376870,289,213,76
173,1693234376870,1692262112756,1692262112931,1693234377101,231,175,56
174,1693234377102,1692262113028,1692262113199,1693234377364,262,171,91
175,1693234377364,1692262113261,1692262113432,1693234377597,233,171,62
176,1693234377597,1692262113481,1692262113657,1693234377822,225,176,49
177,1693234377822,1692262113700,1692262113879,1693234378043,221,179,42
178,1693234378043,1692262113910,1692262114083,1693234378248,205,173,32
179,1693234378248,1692262114128,1692262114301,1693234378465,217,173,44
180,1693234378466,1692262114337,1692262114513,1693234378678,212,176,36
181,1693234378678,1692262114565,1692262114871,1693234379036,358,306,52
182,1693234379036,1692262114915,1692262115114,1693234379279,243,199,44
183,1693234379279,1692262115169,1692262115348,1693234379513,234,179,55
184,1693234379513,1692262115398,1692262115574,1693234379738,225,176,49
185,1693234379738,1692262115630,1692262115809,1693234379974,236,179,57
186,1693234379974,1692262115842,1692262116013,1693234380177,203,171,32
187,1693234380177,1692262116077,1692262116254,1693234380418,241,177,64
188,1693234380418,1692262116301,1692262116477,1693234380642,224,176,48
189,1693234380642,1692262116544,1692262116714,1693234380879,237,170,67
190,1693234380879,1692262116777,1692262116948,1693234381113,234,171,63
191,1693234381113,1692262116989,1692262117168,1693234381333,220,179,41
192,1693234381333,1692262117207,1692262117507,1693234381672,339,300,39
193,1693234381672,1692262117540,1692262117783,1693234381947,275,243,32
194,1693234381947,1692262117826,1692262118002,1693234382166,219,176,43
195,1693234382166,1692262118053,1692262118228,1693234382393,227,175,52
196,1693234382393,1692262118273,1692262118450,1693234382615,222,177,45
197,1693234382615,1692262118486,1692262118659,1693234382824,209,173,36
198,1693234382824,1692262118689,1692262118868,1693234383033,209,179,30
199,1693234383033,1692262118898,1692262119074,1693234383238,205,176,29
200,1693234383238,1692262119102,1692262119272,1693234383436,198,170,28
201,1693234383436,1692262119317,1692262119487,1693234383652,216,170,46
202,1693234383652,1692262119550,1692262119732,1693234383897,245,182,63
203,1693234383897,1692262119787,1692262119981,1693234384146,249,194,55
204,1693234384146,1692262120048,1692262120231,1693234384395,249,183,66
205,1693234384395,1692262120274,1692262120453,1693234384618,223,179,44
206,1693234384618,1692262120479,1692262120662,1693234384827,209,183,26
207,1693234384827,1692262120705,1692262120883,1693234385048,221,178,43
208,1693234385048,1692262120923,1692262121095,1693234385263,215,172,43
209,1693234385264,1692262121130,1692262121304,1693234385471,207,174,33
210,1693234385472,1692262121346,1692262121525,1693234385690,218,179,39
211,1693234385690,1692262121569,1692262121741,1693234385906,216,172,44
212,1693234385906,1692262121787,1692262121957,1693234386121,215,170,45
213,1693234386122,1692262121995,1692262122176,1693234386342,220,181,39
214,1693234386342,1692262122210,1692262122395,1693234386560,218,185,33
215,1693234386560,1692262122442,1692262122649,1693234386814,254,207,47
216,1693234386814,1692262122708,1692262122892,1693234387057,243,184,59
217,1693234387057,1692262122930,1692262123107,1693234387272,215,177,38
218,1693234387272,1692262123157,1692262123334,1693234387499,227,177,50
219,1693234387499,1692262123389,1692262123559,1693234387724,225,170,55
220,1693234387724,1692262123601,1692262123772,1693234387937,213,171,42
221,1693234387937,1692262123827,1692262124001,1693234388166,229,174,55
222,1693234388166,1692262124043,1692262124215,1693234388380,214,172,42
223,1693234388380,1692262124252,1692262124424,1693234388588,208,172,36
224,1693234388588,1692262124481,1692262124652,1693234388816,228,171,57
225,1693234388816,1692262124711,1692262124894,1693234389059,243,183,60
226,1693234389059,1692262124935,1692262125113,1693234389277,218,178,40
227,1693234389278,1692262125147,1692262125332,1693234389497,219,185,34
228,1693234389497,1692262125365,1692262125551,1693234389717,220,186,34
229,1693234389717,1692262125592,1692262125770,1693234389935,218,178,40
230,1693234389935,1692262125815,1692262125989,1693234390154,219,174,45
231,1693234390154,1692262126044,1692262126218,1693234390383,229,174,55
232,1693234390383,1692262126268,1692262126446,1693234390611,228,178,50
233,1693234390611,1692262126484,1692262126660,1693234390824,213,176,37
234,1693234390824,1692262126688,1692262126858,1693234391022,198,170,28
235,1693234391022,1692262126910,1692262127082,1693234391246,224,172,52
236,1693234391246,1692262127136,1692262127313,1693234391478,232,177,55
237,1693234391478,1692262127374,1692262127557,1693234391722,244,183,61
238,1693234391722,1692262127599,1692262127784,1693234391949,227,185,42
239,1693234391949,1692262127811,1692262128062,1693234392333,384,251,133
240,1693234392333,1692262128212,1692262128383,1693234392547,214,171,43
241,1693234392547,1692262128402,1692262128574,1693234392739,192,172,20
242,1693234392739,1692262128618,1692262128790,1693234392955,216,172,44
243,1693234392955,1692262128834,1692262129009,1693234393173,218,175,43
244,1693234393173,1692262129052,1692262129227,1693234393391,218,175,43
245,1693234393391,1692262129266,1692262129441,1693234393605,214,175,39
246,1693234393605,1692262129518,1692262129704,1693234393870,265,186,79
247,1693234393870,1692262129754,1692262129941,1693234394106,236,187,49
248,1693234394106,1692262129995,1692262130172,1693234394337,231,177,54
249,1693234394337,1692262130235,1692262130413,1693234394577,240,178,62
250,1693234394578,1692262130443,1692262130616,1693234394780,202,173,29
251,1693234394780,1692262130677,1692262130850,1693234395015,235,173,62
252,1693234395015,1692262130894,1692262131063,1693234395228,213,169,44
253,1693234395228,1692262131087,1692262131266,1693234395432,204,179,25
254,1693234395432,1692262131329,1692262131506,1693234395670,238,177,61
255,1693234395670,1692262131552,1692262131728,1693234395893,223,176,47
256,1693234395893,1692262131791,1692262131967,1693234396131,238,176,62
257,1693234396131,1692262132003,1692262132184,1693234396348,217,181,36
258,1693234396348,1692262132213,1692262132404,1693234396569,221,191,30
259,1693234396569,1692262132436,1692262132614,1693234396778,209,178,31
260,1693234396778,1692262132679,1692262132855,1693234397019,241,176,65
261,1693234397019,1692262132899,1692262133076,1693234397240,221,177,44
262,1693234400264,1692262136113,1692262136283,1693234400447,183,170,13
263,1693234400447,1692262136315,1692262136485,1693234400650,203,170,33
264,1693234400650,1692262136514,1692262136684,1693234400848,198,170,28
265,1693234400848,1692262136739,1692262136912,1693234401077,229,173,56
266,1693234401077,1692262136966,1692262137139,1693234401303,226,173,53
267,1693234401304,1692262137180,1692262137351,1693234401517,213,171,42
268,1693234401517,1692262137395,1692262137569,1693234401733,216,174,42
269,1693234401733,1692262137623,1692262137795,1693234401959,226,172,54
270,1693234401959,1692262137841,1692262138012,1693234402176,217,171,46
271,1693234402176,1692262138076,1692262138248,1693234402412,236,172,64
272,1693234402412,1692262138274,1692262138444,1693234402608,196,170,26
273,1693234402608,1692262138478,1692262138648,1693234402812,204,170,34
274,1693234402813,1692262138685,1692262138855,1693234403019,206,170,36
275,1693234403019,1692262138906,1692262139078,1693234403243,224,172,52
276,1693234403243,1692262139123,1692262139296,1693234403461,218,173,45
277,1693234403461,1692262139324,1692262139493,1693234403658,197,169,28
278,1693234403658,1692262139528,1692262139698,1693234403862,204,170,34
279,1693234403862,1692262139713,1692262139883,1693234404047,185,170,15
280,1693234404047,1692262139933,1692262140106,1693234404271,224,173,51
281,1693234404271,1692262140165,1692262140337,1693234404501,230,172,58
282,1693234404501,1692262140400,1692262140572,1693234404747,246,172,74
283,1693234404747,1692262140671,1692262140846,1693234405010,263,175,88
284,1693234405010,1692262140906,1692262141079,1693234405243,233,173,60
285,1693234405243,1692262141118,1692262141291,1693234405456,213,173,40
286,1693234405456,1692262141334,1692262141507,1693234405672,216,173,43
287,1693234405672,1692262141548,1692262141719,1693234405884,212,171,41
288,1693234405884,1692262141773,1692262141944,1693234406109,225,171,54
289,1693234406109,1692262141994,1692262142166,1693234406330,221,172,49
290,1693234406330,1692262142201,1692262142371,1693234406536,206,170,36
291,1693234406536,1692262142411,1692262142584,1693234406748,212,173,39
292,1693234406748,1692262142621,1692262142792,1693234406956,208,171,37
293,1693234406956,1692262142835,1692262143008,1693234407172,216,173,43
294,1693234407172,1692262143046,1692262143216,1693234407382,210,170,40
295,1693234407382,1692262143256,1692262143427,1693234407591,209,171,38
296,1693234407591,1692262143484,1692262143660,1693234407824,233,176,57
297,1693234407824,1692262143698,1692262143869,1693234408033,209,171,38
298,1693234408033,1692262143896,1692262144067,1693234408231,198,171,27
299,1693234408231,1692262144109,1692262144280,1693234408444,213,171,42
300,1693234408444,1692262144311,1692262144481,1693234408645,201,170,31
301,1693234408645,1692262144525,1692262144697,1693234408861,216,172,44
302,1693234408861,1692262144731,1692262144901,1693234409065,204,170,34
303,1693234409065,1692262144936,1692262145107,1693234409271,206,171,35
304,1693234409271,1692262145138,1692262145307,1693234409472,201,169,32
305,1693234409472,1692262145358,1692262145531,1693234409695,223,173,50
306,1693234409695,1692262145582,1692262145756,1693234409920,225,174,51
307,1693234409920,1692262145831,1692262146004,1693234410168,248,173,75
308,1693234410168,1692262146041,1692262146211,1693234410375,207,170,37
309,1693234410375,1692262146274,1692262146446,1693234410610,235,172,63
310,1693234410610,1692262146486,1692262146656,1693234410820,210,170,40
311,1693234410820,1692262146713,1692262146886,1693234411051,231,173,58
312,1693234411051,1692262146921,1692262147090,1693234411254,203,169,34
313,1693234411254,1692262147125,1692262147296,1693234411460,206,171,35
314,1693234411460,1692262147326,1692262147497,1693234411661,201,171,30
315,1693234411661,1692262147547,1692262147720,1693234411887,226,173,53
316,1693234411887,1692262147766,1692262147939,1693234412103,216,173,43
317,1693234412103,1692262147995,1692262148165,1693234412329,226,170,56
318,1693234412329,1692262148196,1692262148365,1693234412529,200,169,31
319,1693234412529,1692262148418,1692262148589,1693234412755,226,171,55
320,1693234412755,1692262148631,1692262148801,1693234412965,210,170,40
321,1693234412965,1692262148864,1692262149036,1693234413200,235,172,63
322,1693234413200,1692262149064,1692262149235,1693234413399,199,171,28
323,1693234413399,1692262149266,1692262149435,1693234413600,201,169,32
324,1693234413601,1692262149491,1692262149663,1693234413827,226,172,54
325,1693234413827,1692262149706,1692262149878,1693234414042,215,172,43
326,1693234414042,1692262149926,1692262150099,1693234414263,221,173,48
327,1693234414263,1692262150135,1692262150305,1693234414470,207,170,37
328,1693234414470,1692262150359,1692262150532,1693234414696,226,173,53
329,1693234414696,1692262150589,1692262150761,1693234414925,229,172,57
330,1693234414925,1692262150788,1692262150958,1693234415122,197,170,27
331,1693234415122,1692262150995,1692262151166,1693234415330,208,171,37
332,1693234415330,1692262151190,1692262151361,1693234415525,195,171,24
333,1693234415525,1692262151396,1692262151566,1693234415730,205,170,35
334,1693234415730,1692262151598,1692262151769,1693234415933,203,171,32
335,1693234415934,1692262151846,1692262152018,1693234416182,248,172,76
336,1693234416182,1692262152071,1692262152244,1693234416408,226,173,53
337,1693234416408,1692262152276,1692262152446,1693234416610,202,170,32
338,1693234416610,1692262152497,1692262152668,1693234416832,222,171,51
339,1693234416832,1692262152719,1692262152893,1693234417057,225,174,51
340,1693234417057,1692262152946,1692262153117,1693234417281,224,171,53
341,1693234417281,1692262153184,1692262153356,1693234417520,239,172,67
342,1693234417520,1692262153399,1692262153572,1693234417736,216,173,43
343,1693234417736,1692262153624,1692262153798,1693234417962,226,174,52
344,1693234417962,1692262153829,1692262153998,1693234418162,200,169,31
345,1693234418162,1692262154044,1692262154217,1693234418381,219,173,46
346,1693234418381,1692262154266,1692262154442,1693234418606,225,176,49
347,1693234418606,1692262154512,1692262154683,1693234418847,241,171,70
348,1693234418847,1692262154739,1692262154911,1693234419076,229,172,57
349,1693234419076,1692262154959,1692262155131,1693234419296,220,172,48
350,1693234419296,1692262155209,1692262155381,1693234419545,249,172,77
351,1693234419545,1692262155430,1692262155601,1693234419765,220,171,49
352,1693234419765,1692262155635,1692262155803,1693234419968,203,168,35
353,1693234419968,1692262155845,1692262156018,1693234420182,214,173,41
354,1693234420182,1692262156032,1692262156201,1693234420365,183,169,14
355,1693234420365,1692262156238,1692262156409,1693234420574,209,171,38
356,1693234420574,1692262156454,1692262156626,1693234420790,216,172,44
357,1693234420790,1692262156660,1692262156832,1693234420996,206,172,34
358,1693234420996,1692262156857,1692262157027,1693234421191,195,170,25
359,1693234421191,1692262157063,1692262157233,1693234421397,206,170,36
360,1693234421397,1692262157272,1692262157440,1693234421605,208,168,40
361,1693234421605,1692262157483,1692262157654,1693234421819,214,171,43
362,1693234421819,1692262157699,1692262157870,1693234422034,215,171,44
363,1693234422034,1692262157902,1692262158072,1693234422236,202,170,32
364,1693234422236,1692262158128,1692262158300,1693234422464,228,172,56
365,1693234422464,1692262158354,1692262158526,1693234422690,226,172,54
366,1693234422690,1692262158550,1692262158720,1693234422884,194,170,24
367,1693234422884,1692262158775,1692262158945,1693234423110,226,170,56
368,1693234423110,1692262158975,1692262159145,1693234423309,199,170,29
369,1693234423309,1692262159178,1692262159348,1693234423512,203,170,33
370,1693234423512,1692262159387,1692262159556,1693234423720,208,169,39
371,1693234423720,1692262159586,1692262159757,1693234423921,201,171,30
372,1693234423921,1692262159790,1692262159958,1693234424122,201,168,33
373,1693234424122,1692262159997,1692262160172,1693234424335,213,175,38
374,1693234424335,1692262160250,1692262160422,1693234424586,251,172,79
375,1693234424586,1692262160463,1692262160634,1693234424800,214,171,43
376,1693234424800,1692262160683,1692262160855,1693234425019,219,172,47
377,1693234425019,1692262160912,1692262161084,1693234425248,229,172,57
378,1693234425248,1692262161114,1692262161284,1693234425448,200,170,30
379,1693234425448,1692262161326,1692262161497,1693234425661,213,171,42
380,1693234425661,1692262161548,1692262161718,1693234425882,221,170,51
381,1693234425882,1692262161767,1692262161939,1693234426103,221,172,49
382,1693234426103,1692262162007,1692262162177,1693234426341,238,170,68
383,1693234426341,1692262162216,1692262162388,1693234426552,211,172,39
384,1693234426552,1692262162425,1692262162596,1693234426759,207,171,36
385,1693234426759,1692262162628,1692262162799,1693234426963,204,171,33
386,1693234426963,1692262162832,1692262163003,1693234427167,204,171,33
387,1693234427167,1692262163033,1692262163202,1693234427366,199,169,30
388,1693234427366,1692262163230,1692262163400,1693234427564,198,170,28
389,1693234427564,1692262163463,1692262163634,1693234427800,236,171,65
390,1693234427800,1692262163646,1692262163814,1693234427985,185,168,17
391,1693234427986,1692262163870,1692262164042,1693234428206,220,172,48
392,1693234428206,1692262164085,1692262164258,1693234428421,215,173,42
393,1693234428422,1692262164326,1692262164499,1693234428663,241,173,68
394,1693234428663,1692262164534,1692262164704,1693234428868,205,170,35
395,1693234428868,1692262164760,1692262164933,1693234429097,229,173,56
396,1693234429097,1692262164972,1692262165144,1693234429307,210,172,38
397,1693234429307,1692262165174,1692262165344,1693234429508,201,170,31
398,1693234429508,1692262165392,1692262165563,1693234429727,219,171,48
399,1693234429727,1692262165591,1692262165761,1693234430037,310,170,140
400,1693234430037,1692262165898,1692262166067,1693234430231,194,169,25
401,1693234430231,1692262166104,1692262166274,1693234430438,207,170,37
402,1693234430607,1692262166501,1692262166854,1693234431018,411,353,58
403,1693234431018,1692262166902,1692262167230,1693234431396,378,328,50
404,1693234431397,1692262167271,1692262167604,1693234431768,371,333,38
405,1693234431768,1692262167643,1692262167971,1693234432135,367,328,39
406,1693234432135,1692262168022,1692262168276,1693234432441,306,254,52
407,1693234432442,1692262168316,1692262168487,1693234432651,209,171,38
408,1693234432651,1692262168537,1692262168708,1693234432872,221,171,50
409,1693234432872,1692262168730,1692262168899,1693234433063,191,169,22
410,1693234433063,1692262168930,1692262169099,1693234433263,200,169,31
411,1693234433263,1692262169141,1692262169310,1693234433475,212,169,43
412,1693234433475,1692262169362,1692262169541,1693234433705,230,179,51
413,1693234433705,1692262169575,1692262169863,1693234434027,322,288,34
414,1693234434027,1692262169889,1692262170086,1693234434250,223,197,26
415,1693234434250,1692262170123,1692262170447,1693234434611,361,324,37
416,1693234434611,1692262170477,1692262170752,1693234434916,305,275,30
417,1693234434916,1692262170814,1692262170987,1693234435151,235,173,62
418,1693234435151,1692262171055,1692262171228,1693234435392,241,173,68
419,1693234435392,1692262171325,1692262171506,1693234435670,278,181,97
420,1693234435670,1692262171543,1692262171713,1693234435878,208,170,38
421,1693234435878,1692262171748,1692262171918,1693234436082,204,170,34
422,1693234436082,1692262171955,1692262172131,1693234436295,213,176,37
423,1693234436295,1692262172174,1692262172351,1693234436515,220,177,43
424,1693234436515,1692262172388,1692262172562,1693234436726,211,174,37
425,1693234436726,1692262172600,1692262172783,1693234436949,223,183,40
426,1693234436949,1692262172833,1692262173015,1693234437182,233,182,51
427,1693234437182,1692262173058,1692262173378,1693234437541,359,320,39
428,1693234437542,1692262173416,1692262173594,1693234437758,216,178,38
429,1693234437758,1692262173626,1692262173800,1693234437964,206,174,32
430,1693234437964,1692262173858,1692262174030,1693234438193,229,172,57
431,1693234438193,1692262174084,1692262174254,1693234438418,225,170,55
432,1693234438418,1692262174287,1692262174458,1693234438621,203,171,32
433,1693234438622,1692262174494,1692262174673,1693234438837,215,179,36
434,1693234438838,1692262174718,1692262174901,1693234439065,227,183,44
435,1693234439065,1692262174937,1692262175110,1693234439274,209,173,36
436,1693234439274,1692262175171,1692262175384,1693234439549,275,213,62
437,1693234439549,1692262175434,1692262175780,1693234439947,398,346,52
438,1693234439947,1692262175828,1692262176019,1693234440183,236,191,45
439,1693234440183,1692262176070,1692262176317,1693234440560,377,247,130
440,1693234440560,1692262176437,1692262176608,1693234440793,233,171,62
441,1693234440793,1692262176658,1692262176827,1693234440990,197,169,28
442,1693234440991,1692262176872,1692262177043,1693234441207,216,171,45
443,1693234441207,1692262177119,1692262177292,1693234441456,249,173,76
444,1693234441456,1692262177338,1692262177525,1693234441689,233,187,46
445,1693234441690,1692262177588,1692262177775,1693234441939,249,187,62
446,1693234441939,1692262177818,1692262178064,1693234442228,289,246,43
447,1693234442228,1692262178104,1692262178327,1693234442491,263,223,40
448,1693234442491,1692262178371,1692262178715,1693234442879,388,344,44
449,1693234442879,1692262178741,1692262179068,1693234443232,353,327,26
450,1693234443232,1692262179111,1692262179285,1693234443448,216,174,42
451,1693234443448,1692262179333,1692262179502,1693234443666,218,169,49
452,1693234443666,1692262179527,1692262179697,1693234443861,195,170,25
453,1693234443862,1692262179735,1692262179906,1693234444071,209,171,38
454,1693234444071,1692262179950,1692262180123,1693234444337,266,173,93
455,1693234444337,1692262180231,1692262180410,1693234444645,308,179,129
456,1693234444645,1692262180523,1692262180716,1693234444880,235,193,42
457,1693234444880,1692262180762,1692262180943,1693234445107,227,181,46
458,1693234445107,1692262180996,1692262181333,1693234445496,389,337,52
459,1693234445497,1692262181371,1692262181695,1693234445859,362,324,38
460,1693234445859,1692262181745,1692262181992,1693234446156,297,247,50
461,1693234446156,1692262182034,1692262182206,1693234446369,213,172,41
462,1693234446370,1692262182237,1692262182407,1693234446571,201,170,31
463,1693234446572,1692262182449,1692262182620,1693234446784,212,171,41
464,1693234446784,1692262182662,1692262182835,1693234446999,215,173,42
465,1693234446999,1692262182869,1692262183041,1693234447205,206,172,34
466,1693234447205,1692262183079,1692262183261,1693234447425,220,182,38
467,1693234447425,1692262183294,1692262183488,1693234447652,227,194,33
468,1693234447652,1692262183544,1692262183782,1693234447947,295,238,57
469,1693234447947,1692262183825,1692262184156,1693234448320,373,331,42
470,1693234448320,1692262184206,1692262184532,1693234448696,376,326,50
471,1693234448696,1692262184568,1692262184756,1693234448920,224,188,36
472,1693234448920,1692262184804,1692262184975,1693234449139,219,171,48
473,1693234449139,1692262185024,1692262185196,1693234449360,221,172,49
474,1693234449360,1692262185238,1692262185409,1693234449573,213,171,42
475,1693234449573,1692262185465,1692262185640,1693234449804,231,175,56
476,1693234449804,1692262185691,1692262185908,1693234450073,269,217,52
477,1693234450073,1692262185941,1692262186276,1693234450440,367,335,32
478,1693234450440,1692262186320,1692262186618,1693234450782,342,298,44
479,1693234450782,1692262186664,1692262186909,1693234451073,291,245,46
480,1693234451073,1692262186962,1692262187254,1693234451445,372,292,80
481,1693234451445,1692262187317,1692262187487,1693234451650,205,170,35
482,1693234451650,1692262187512,1692262187683,1693234451846,196,171,25
483,1693234451846,1692262187729,1692262187900,1693234452064,218,171,47
484,1693234452064,1692262187949,1692262188121,1693234452285,221,172,49
485,1693234452285,1692262188181,1692262188354,1693234452517,232,173,59
486,1693234452517,1692262188410,1692262188581,1693234452746,229,171,58
487,1693234452746,1692262188616,1692262188788,1693234452952,206,172,34
488,1693234452952,1692262188820,1692262189032,1693234453197,245,212,33
489,1693234453197,1692262189062,1692262189400,1693234453604,407,338,69
490,1693234453604,1692262189484,1692262189816,1693234453980,376,332,44
491,1693234453980,1692262189859,1692262190151,1693234454333,353,292,61
492,1693234454333,1692262190206,1692262190373,1693234454537,204,167,37
493,1693234454537,1692262190424,1692262190596,1693234454760,223,172,51
494,1693234454760,1692262190628,1692262190799,1693234454963,203,171,32
495,1693234454963,1692262190850,1692262191023,1693234455186,223,173,50
496,1693234455187,1692262191052,1692262191223,1693234455387,200,171,29
497,1693234455387,1692262191255,1692262191426,1693234455590,203,171,32
498,1693234455590,1692262191470,1692262191751,1693234455914,324,281,43
499,1693234455914,1692262191791,1692262192152,1693234456315,401,361,40
500,1693234456315,1692262192201,1692262192451,1693234456618,303,250,53
501,1693234456618,1692262192498,1692262192668,1693234456831,213,170,43
502,1693234456831,1692262192714,1692262192886,1693234457050,219,172,47
503,1693234457050,1692262192924,1692262193094,1693234457257,207,170,37
504,1693234457258,1692262193128,1692262193303,1693234457467,209,175,34
505,1693234457467,1692262193340,1692262193517,1693234457681,214,177,37
506,1693234457681,1692262193564,1692262193887,1693234458051,370,323,47
507,1693234458051,1692262193942,1692262194291,1693234458455,404,349,55
508,1693234458455,1692262194363,1692262194667,1693234458831,376,304,72
509,1693234458831,1692262194695,1692262194876,1693234459040,209,181,28
510,1693234459040,1692262194931,1692262195104,1693234459269,229,173,56
511,1693234459269,1692262195130,1692262195301,1693234459466,197,171,26
512,1693234459466,1692262195335,1692262195507,1693234459676,210,172,38
513,1693234459676,1692262195556,1692262195728,1693234459891,215,172,43
514,1693234459892,1692262195987,1692262196160,1693234460324,432,173,259
515,1693234460324,1692262196220,1692262196465,1693234460629,305,245,60
516,1693234463648,1692262199535,1692262199705,1693234463869,221,170,51
517,1693234463869,1692262199739,1692262199909,1693234464074,205,170,35
518,1693234464074,1692262199949,1692262200120,1693234464284,210,171,39
519,1693234464284,1692262200204,1692262200375,1693234464539,255,171,84
520,1693234464539,1692262200424,1692262200596,1693234464760,221,172,49
521,1693234464760,1692262200640,1692262200812,1693234464975,215,172,43
522,1693234464975,1692262200866,1692262201040,1693234465203,228,174,54
523,1693234465203,1692262201072,1692262201243,1693234465406,203,171,32
524,1693234465406,1692262201300,1692262201472,1693234465635,229,172,57
525,1693234465635,1692262201522,1692262201693,1693234465857,222,171,51
526,1693234465857,1692262201743,1692262201914,1693234466078,221,171,50
527,1693234466078,1692262201963,1692262202134,1693234466297,219,171,48
528,1693234466297,1692262202165,1692262202336,1693234466500,203,171,32
529,1693234466500,1692262202373,1692262202543,1693234466708,208,170,38
530,1693234466708,1692262202601,1692262202775,1693234466939,231,174,57
531,1693234466939,1692262202840,1692262203013,1693234467176,237,173,64
532,1693234467177,1692262203060,1692262203232,1693234467396,219,172,47
533,1693234467396,1692262203269,1692262203440,1693234467604,208,171,37
534,1693234467604,1692262203474,1692262203644,1693234467807,203,170,33
535,1693234467807,1692262203679,1692262203848,1693234468012,205,169,36
536,1693234468012,1692262203891,1692262204062,1693234468226,214,171,43
537,1693234468226,1692262204094,1692262204263,1693234468427,201,169,32
538,1693234468427,1692262204303,1692262204474,1693234468637,210,171,39
539,1693234468637,1692262204527,1692262204698,1693234468861,224,171,53
540,1693234468862,1692262204744,1692262204916,1693234469080,218,172,46
541,1693234469080,1692262204963,1692262205134,1693234469298,218,171,47
542,1693234469298,1692262205178,1692262205350,1693234469514,216,172,44
543,1693234469514,1692262205420,1692262205593,1693234469757,243,173,70
544,1693234469757,1692262205634,1692262205805,1693234469969,212,171,41
545,1693234469969,1692262205854,1692262206025,1693234470189,220,171,49
546,1693234470189,1692262206077,1692262206249,1693234470413,224,172,52
547,1693234470413,1692262206305,1692262206476,1693234470639,226,171,55
548,1693234470639,1692262206552,1692262206724,1693234471000,361,172,189
549,1693234471000,1692262206865,1692262207035,1693234471198,198,170,28
550,1693234471198,1692262207204,1692262207376,1693234471539,341,172,169
551,1693234471539,1692262207432,1692262207603,1693234471767,228,171,57
552,1693234471767,1692262207663,1692262207836,1693234472000,233,173,60
553,1693234472000,1692262207886,1692262208059,1693234472223,223,173,50
554,1693234472223,1692262208100,1692262208270,1693234472433,210,170,40
555,1693234472433,1692262208318,1692262208490,1693234472654,221,172,49
556,1693234472654,1692262208539,1692262208711,1693234472875,221,172,49
557,1693234472875,1692262208760,1692262208930,1693234473094,219,170,49
558,1693234473094,1692262208993,1692262209165,1693234473328,234,172,62
559,1693234473328,1692262209214,1692262209385,1693234473549,221,171,50
560,1693234473549,1692262209431,1692262209603,1693234473767,218,172,46
561,1693234473767,1692262209662,1692262209834,1693234473998,231,172,59
562,1693234473998,1692262209887,1692262210060,1693234474223,225,173,52
563,1693234474223,1692262210124,1692262210297,1693234474461,238,173,65
564,1693234474461,1692262210342,1692262210513,1693234474678,217,171,46
565,1693234474678,1692262210544,1692262210714,1693234474877,199,170,29
566,1693234474878,1692262210756,1692262210927,1693234475091,213,171,42
567,1693234475091,1692262210960,1692262211129,1693234475292,201,169,32
568,1693234475292,1692262211178,1692262211350,1693234475513,221,172,49
569,1693234475513,1692262211388,1692262211558,1693234475721,208,170,38
570,1693234475721,1692262211617,1692262211791,1693234475955,234,174,60
571,1693234475955,1692262211835,1692262212007,1693234476170,215,172,43
572,1693234476171,1692262212056,1692262212228,1693234476392,221,172,49
573,1693234476392,1692262212275,1692262212450,1693234476613,221,175,46
574,1693234476613,1692262212488,1692262212660,1693234476824,211,172,39
575,1693234476824,1692262212696,1692262212867,1693234477030,206,171,35
576,1693234477030,1692262212903,1692262213075,1693234477239,209,172,37
577,1693234477239,1692262213120,1692262213293,1693234477456,217,173,44
578,1693234477456,1692262213339,1692262213511,1693234477674,218,172,46
579,1693234477674,1692262213557,1692262213727,1693234477891,217,170,47
580,1693234477892,1692262213751,1692262213922,1693234478085,193,171,22
581,1693234478085,1692262213963,1692262214139,1693234478303,218,176,42
582,1693234478303,1692262214170,1692262214340,1693234478505,202,170,32
583,1693234478505,1692262214379,1692262214552,1693234478715,210,173,37
584,1693234478716,1692262214610,1692262214782,1693234478945,229,172,57
585,1693234478946,1692262214831,1692262215003,1693234479167,221,172,49
586,1693234479167,1692262215047,1692262215218,1693234479381,214,171,43
587,1693234479381,1692262215264,1692262215436,1693234479611,230,172,58
588,1693234479611,1692262215475,1692262215645,1693234479809,198,170,28
589,1693234479809,1692262215680,1692262215849,1693234480012,203,169,34
590,1693234480012,1692262215893,1692262216065,1693234480229,217,172,45
591,1693234480229,1692262216137,1692262216311,1693234480474,245,174,71
592,1693234480474,1692262216348,1692262216520,1693234480683,209,172,37
593,1693234480684,1692262216562,1692262216734,1693234480897,213,172,41
594,1693234480897,1692262216779,1692262216951,1693234481114,217,172,45
595,1693234481115,1692262216995,1692262217166,1693234481329,214,171,43
596,1693234481329,1692262217212,1692262217383,1693234481547,218,171,47
597,1693234481547,1692262217422,1692262217591,1693234481755,208,169,39
598,1693234481755,1692262217629,1692262217801,1693234481964,209,172,37
599,1693234481964,1692262217852,1692262218023,1693234482186,222,171,51
600,1693234482186,1692262218094,1692262218267,1693234482430,244,173,71
601,1693234482430,1692262218335,1692262218508,1693234482671,241,173,68
602,1693234482671,1692262218536,1692262218708,1693234482872,201,172,29
603,1693234482872,1692262218744,1692262218915,1693234483078,206,171,35
604,1693234483078,1692262218968,1692262219139,1693234483303,225,171,54
605,1693234483303,1692262219179,1692262219351,1693234483514,211,172,39
606,1693234483514,1692262219389,1692262219562,1693234483725,211,173,38
607,1693234483725,1692262219624,1692262219795,1693234483959,234,171,63
608,1693234483959,1692262219837,1692262220008,1693234484171,212,171,41
609,1693234484171,1692262220048,1692262220219,1693234484385,214,171,43
610,1693234484385,1692262220265,1692262220437,1693234484600,215,172,43
611,1693234484600,1692262220481,1692262220652,1693234484815,215,171,44
612,1693234484815,1692262220699,1692262220872,1693234485036,221,173,48
613,1693234485036,1692262220900,1692262221072,1693234485236,200,172,28
614,1693234485236,1692262221109,1692262221281,1693234485445,209,172,37
615,1693234485445,1692262221321,1692262221492,1693234485656,211,171,40
616,1693234485656,1692262221533,1692262221704,1693234485868,212,171,41
617,1693234485868,1692262221752,1692262221923,1693234486087,219,171,48
618,1693234486087,1692262221967,1692262222140,1693234486303,216,173,43
619,1693234486303,1692262222207,1692262222379,1693234486542,239,172,67
620,1693234486542,1692262222430,1692262222605,1693234486769,227,175,52
621,1693234486769,1692262222635,1692262222805,1693234486969,200,170,30
622,1693234486969,1692262222839,1692262223010,1693234487174,205,171,34
623,1693234487174,1692262223064,1692262223239,1693234487402,228,175,53
624,1693234487402,1692262223288,1692262223461,1693234487624,222,173,49
625,1693234487624,1692262223512,1692262223684,1693234487848,224,172,52
626,1693234487848,1692262223740,1692262223912,1693234488075,227,172,55
627,1693234488075,1692262223956,1692262224127,1693234488290,215,171,44
628,1693234488291,1692262224162,1692262224333,1693234488496,205,171,34
629,1693234488496,1692262224361,1692262224530,1693234488693,197,169,28
630,1693234488693,1692262224556,1692262224727,1693234488893,200,171,29
631,1693234488893,1692262224767,1692262224938,1693234489102,209,171,38
632,1693234489102,1692262224982,1692262225154,1693234489318,216,172,44
633,1693234489318,1692262225183,1692262225354,1693234489518,200,171,29
634,1693234489518,1692262225389,1692262225558,1693234489721,203,169,34
635,1693234489721,1692262225587,1692262225757,1693234489920,199,170,29
636,1693234489920,1692262226090,1692262226263,1693234490427,507,173,334
637,1693234490427,1692262226321,1692262226492,1693234490655,228,171,57
638,1693234490655,1692262226517,1692262226688,1693234490852,197,171,26
639,1693234490852,1692262226738,1692262226909,1693234491072,220,171,49
640,1693234491072,1692262226975,1692262227148,1693234491311,239,173,66
641,1693234491311,1692262227180,1692262227350,1693234491513,202,170,32
642,1693234491513,1692262227418,1692262227591,1693234491754,241,173,68
643,1693234491754,1692262227644,1692262227819,1693234491983,229,175,54
644,1693234491983,1692262227848,1692262228018,1693234492182,199,170,29
645,1693234492182,1692262228065,1692262228236,1693234492399,217,171,46
646,1693234492399,1692262228276,1692262228447,1693234492611,212,171,41
647,1693234492611,1692262228495,1692262228665,1693234492828,217,170,47
648,1693234492828,1692262228702,1692262228872,1693234493036,208,170,38
649,1693234493036,1692262228942,1692262229115,1693234493278,242,173,69
650,1693234493278,1692262229167,1692262229340,1693234493503,225,173,52
651,1693234493503,1692262229367,1692262229537,1693234493703,200,170,30
652,1693234493876,1692262229741,1692262230107,1693234494320,444,366,78
653,1693234494321,1692262230181,1692262230495,1693234494659,338,314,24
654,1693234494659,1692262230531,1692262230873,1693234495036,377,342,35
655,1693234495037,1692262230913,1692262231244,1693234495448,411,331,80
656,1693234495448,1692262231317,1692262231526,1693234495691,243,209,34
657,1693234495691,1692262231574,1692262231746,1693234495909,218,172,46
658,1693234495910,1692262231784,1692262231953,1693234496117,207,169,38
659,1693234496117,1692262231990,1692262232162,1693234496325,208,172,36
660,1693234496325,1692262232218,1692262232392,1693234496555,230,174,56
661,1693234496555,1692262232430,1692262232607,1693234496770,215,177,38
662,1693234496770,1692262232643,1692262232815,1693234496979,209,172,37
663,1693234496979,1692262232861,1692262233211,1693234497393,414,350,64
664,1693234497393,1692262233266,1692262233592,1693234497755,362,326,36
665,1693234497755,1692262233649,1692262233983,1693234498147,392,334,58
666,1693234498147,1692262234027,1692262234289,1693234498452,305,262,43
667,1693234498452,1692262234336,1692262234548,1693234498713,261,212,49
668,1693234498713,1692262234635,1692262234806,1693234498969,256,171,85
669,1693234498969,1692262234847,1692262235020,1693234499184,215,173,42
670,1693234499184,1692262235068,1692262235241,1693234499404,220,173,47
671,1693234499404,1692262235310,1692262235485,1693234499648,244,175,69
672,1693234499649,1692262235527,1692262235764,1693234499927,278,237,41
673,1693234499927,1692262235809,1692262236076,1693234500260,333,267,66
674,1693234500260,1692262236136,1692262236427,1693234500669,409,291,118
675,1693234500669,1692262236548,1692262236867,1693234501080,411,319,92
676,1693234501080,1692262236975,1692262237153,1693234501387,307,178,129
677,1693234501387,1692262237266,1692262237436,1693234501599,212,170,42
678,1693234501599,1692262237476,1692262237646,1693234501809,210,170,40
679,1693234501809,1692262237689,1692262237862,1693234502025,216,173,43
680,1693234502025,1692262237915,1692262238092,1693234502255,230,177,53
681,1693234502255,1692262238146,1692262238350,1693234502615,360,204,156
682,1693234502615,1692262238504,1692262238689,1693234502852,237,185,52
683,1693234502852,1692262238737,1692262239019,1693234503182,330,282,48
684,1693234503182,1692262239074,1692262239338,1693234503501,319,264,55
685,1693234503501,1692262239392,1692262239651,1693234503815,314,259,55
686,1693234503815,1692262239728,1692262239900,1693234504063,248,172,76
687,1693234504063,1692262239929,1692262240097,1693234504260,197,168,29
688,1693234504260,1692262240174,1692262240344,1693234504508,248,170,78
689,1693234504508,1692262240400,1692262240572,1693234504735,227,172,55
690,1693234504735,1692262240617,1692262240793,1693234504957,222,176,46
691,1693234504957,1692262240845,1692262241029,1693234505193,236,184,52
692,1693234505193,1692262241063,1692262241241,1693234505405,212,178,34
693,1693234505405,1692262241264,1692262241447,1693234505611,206,183,23
694,1693234505611,1692262241506,1692262241838,1693234506001,390,332,58
695,1693234506001,1692262241906,1692262242239,1693234506428,427,333,94
696,1693234506428,1692262242385,1692262242559,1693234506722,294,174,120
697,1693234506722,1692262242617,1692262242788,1693234506952,230,171,59
698,1693234506952,1692262242827,1692262242997,1693234507160,208,170,38
699,1693234507160,1692262243038,1692262243210,1693234507373,213,172,41
700,1693234507373,1692262243256,1692262243428,1693234507592,219,172,47
701,1693234507592,1692262243488,1692262243666,1693234507828,236,178,58
702,1693234507829,1692262243710,1692262243910,1693234508073,244,200,44
703,1693234508073,1692262243955,1692262244187,1693234508351,278,232,46
704,1693234508351,1692262244223,1692262244492,1693234508656,305,269,36
705,1693234508656,1692262244541,1692262244882,1693234509066,410,341,69
706,1693234509066,1692262244948,1692262245269,1693234509437,371,321,50
707,1693234509437,1692262245320,1692262245492,1693234509655,218,172,46
708,1693234509655,1692262245560,1692262245732,1693234509896,241,172,69
709,1693234509896,1692262245787,1692262245960,1693234510123,227,173,54
710,1693234510124,1692262245987,1692262246158,1693234510321,197,171,26
711,1693234510321,1692262246195,1692262246366,1693234510529,208,171,37
712,1693234510529,1692262246416,1692262246596,1693234510759,230,180,50
713,1693234510759,1692262246666,1692262246960,1693234511221,462,294,168
714,1693234511222,1692262247115,1692262247454,1693234511618,396,339,57
715,1693234511618,1692262247488,1692262247738,1693234511930,312,250,62
716,1693234511930,1692262247804,1692262247977,1693234512140,210,173,37
717,1693234512140,1692262248021,1692262248192,1693234512355,215,171,44
718,1693234512355,1692262248229,1692262248399,1693234512562,207,170,37
719,1693234512562,1692262248426,1692262248598,1693234512761,199,172,27
720,1693234512761,1692262248637,1692262248807,1693234512971,210,170,40
721,1693234512971,1692262248859,1692262249033,1693234513196,225,174,51
722,1693234513196,1692262249107,1692262249295,1693234513458,262,188,74
723,1693234513458,1692262249333,1692262249527,1693234513690,232,194,38
724,1693234513690,1692262249576,1692262249868,1693234514031,341,292,49
725,1693234514031,1692262249912,1692262250222,1693234514388,357,310,47
726,1693234514388,1692262250274,1692262250518,1693234514681,293,244,49
727,1693234514681,1692262250574,1692262250749,1693234514912,231,175,56
728,1693234514912,1692262250777,1692262250947,1693234515110,198,170,28
729,1693234515110,1692262250981,1692262251151,1693234515314,204,170,34
730,1693234515314,1692262251212,1692262251386,1693234515549,235,174,61
731,1693234515549,1692262251422,1692262251594,1693234515757,208,172,36
732,1693234515757,1692262251641,1692262251818,1693234515981,224,177,47
733,1693234515982,1692262251889,1692262252139,1693234516302,320,250,70
734,1693234516302,1692262252190,1692262252486,1693234516649,347,296,51
735,1693234516649,1692262252542,1692262252818,1693234516981,332,276,56
736,1693234516981,1692262252860,1692262253187,1693234517350,369,327,42
737,1693234517351,1692262253230,1692262253456,1693234517619,268,226,42
738,1693234517619,1692262253501,1692262253672,1693234517835,216,171,45
739,1693234517836,1692262253725,1692262253897,1693234518061,225,172,53
740,1693234518061,1692262253938,1692262254108,1693234518272,211,170,41
741,1693234518272,1692262254137,1692262254308,1693234518471,199,171,28
742,1693234518471,1692262254354,1692262254526,1693234518690,219,172,47
743,1693234518690,1692262254563,1692262254738,1693234518901,211,175,36
744,1693234518901,1692262254786,1692262254977,1693234519141,240,191,49
745,1693234519141,1692262255030,1692262255213,1693234519377,236,183,53
746,1693234519377,1692262255260,1692262255516,1693234519681,304,256,48
747,1693234519681,1692262255565,1692262255740,1693234520148,467,175,292
748,1693234520148,1692262256027,1692262256197,1693234520360,212,170,42
749,1693234520360,1692262256253,1692262256429,1693234520592,232,176,56
750,1693234520592,1692262256490,1692262256665,1693234520828,236,175,61
751,1693234520829,1692262256730,1692262256920,1693234521084,255,190,65
752,1693234521084,1692262256957,1692262257294,1693234521457,373,337,36
753,1693234521457,1692262257335,1692262257680,1693234521843,386,345,41
754,1693234521843,1692262257717,1692262257912,1693234522075,232,195,37
755,1693234522075,1692262257968,1692262258145,1693234522308,233,177,56
756,1693234522308,1692262258198,1692262258368,1693234522531,223,170,53
757,1693234522531,1692262258426,1692262258597,1693234522760,229,171,58
758,1693234522760,1692262258640,1692262258810,1693234522973,213,170,43
759,1693234522973,1692262258851,1692262259024,1693234523188,215,173,42
760,1693234523188,1692262259071,1692262259251,1693234523414,226,180,46
761,1693234523414,1692262259306,1692262259481,1693234523644,230,175,55
762,1693234523644,1692262259521,1692262259695,1693234523859,215,174,41
763,1693234523859,1692262259728,1692262259956,1693234524119,260,228,32
764,1693234527141,1692262263030,1692262263201,1693234527365,224,171,53
765,1693234527365,1692262263238,1692262263410,1693234527573,208,172,36
766,1693234527573,1692262263458,1692262263629,1693234527792,219,171,48
767,1693234527792,1692262263697,1692262263870,1693234528033,241,173,68
768,1693234528034,1692262263912,1692262264084,1693234528247,213,172,41
769,1693234528247,1692262264143,1692262264315,1693234528478,231,172,59
770,1693234528478,1692262264357,1692262264529,1693234528692,214,172,42
771,1693234528692,1692262264578,1692262264750,1693234528913,221,172,49
772,1693234528913,1692262264782,1692262264952,1693234529115,202,170,32
773,1693234529115,1692262264981,1692262265150,1693234529314,199,169,30
774,1693234529314,1692262265190,1692262265359,1693234529522,208,169,39
775,1693234529522,1692262265389,1692262265559,1693234529722,200,170,30
776,1693234529723,1692262265614,1692262265784,1693234529947,224,170,54
777,1693234529947,1692262265840,1692262266013,1693234530176,229,173,56
778,1693234530176,1692262266065,1692262266236,1693234530399,223,171,52
779,1693234530399,1692262266287,1692262266460,1693234530623,224,173,51
780,1693234530623,1692262266491,1692262266662,1693234530825,202,171,31
781,1693234530825,1692262266702,1692262266873,1693234531036,211,171,40
782,1693234531036,1692262266906,1692262267075,1693234531238,202,169,33
783,1693234531238,1692262267102,1692262267273,1693234531436,198,171,27
784,1693234531436,1692262267321,1692262267490,1693234531653,217,169,48
785,1693234531653,1692262267546,1692262267719,1693234531883,230,173,57
786,1693234531883,1692262267766,1692262267936,1693234532099,216,170,46
787,1693234532099,1692262267973,1692262268145,1693234532308,209,172,37
788,1693234532308,1692262268189,1692262268360,1693234532523,215,171,44
789,1693234532523,1692262268402,1692262268579,1693234532743,220,177,43
790,1693234532743,1692262268638,1692262268814,1693234532977,234,176,58
791,1693234532977,1692262268873,1692262269045,1693234533208,231,172,59
792,1693234533208,1692262269102,1692262269275,1693234533437,229,173,56
793,1693234533438,1692262269331,1692262269503,1693234533666,228,172,56
794,1693234533666,1692262269556,1692262269727,1693234533890,224,171,53
795,1693234533890,1692262269774,1692262269946,1693234534109,219,172,47
796,1693234534109,1692262269997,1692262270167,1693234534330,221,170,51
797,1693234534330,1692262270218,1692262270390,1693234534553,223,172,51
798,1693234534553,1692262270426,1692262270595,1693234534758,205,169,36
799,1693234534758,1692262270646,1692262270820,1693234534983,225,174,51
800,1693234534983,1692262270851,1692262271022,1693234535186,203,171,32
801,1693234535186,1692262271067,1692262271238,1693234535401,215,171,44
802,1693234535401,1692262271278,1692262271449,1693234535612,211,171,40
803,1693234535612,1692262271493,1692262271666,1693234535829,217,173,44
804,1693234535829,1692262271691,1692262271860,1693234536023,194,169,25
805,1693234536023,1692262271909,1692262272080,1693234536301,278,171,107
806,1693234536301,1692262272169,1692262272339,1693234536524,223,170,53
807,1693234536524,1692262272398,1692262272569,1693234536732,208,171,37
808,1693234536732,1692262272617,1692262272789,1693234536952,220,172,48
809,1693234536952,1692262272846,1692262273017,1693234537182,230,171,59
810,1693234537182,1692262273134,1692262273307,1693234537471,289,173,116
811,1693234537471,1692262273364,1692262273536,1693234537699,228,172,56
812,1693234537699,1692262273580,1692262273751,1693234537914,215,171,44
813,1693234537914,1692262273790,1692262273961,1693234538124,210,171,39
814,1693234538124,1692262274002,1692262274173,1693234538336,212,171,41
815,1693234538336,1692262274235,1692262274408,1693234538570,234,173,61
816,1693234538571,1692262274440,1692262274609,1693234538772,201,169,32
817,1693234538772,1692262274647,1692262274819,1693234538982,210,172,38
818,1693234538982,1692262274884,1692262275058,1693234539222,240,174,66
819,1693234539222,1692262275100,1692262275273,1693234539448,226,173,53
820,1693234539448,1692262275328,1692262275503,1693234539666,218,175,43
821,1693234539666,1692262275556,1692262275727,1693234539894,228,171,57
822,1693234539894,1692262275802,1692262275975,1693234540138,244,173,71
823,1693234540138,1692262276016,1692262276186,1693234540348,210,170,40
824,1693234540349,1692262276232,1692262276404,1693234540566,217,172,45
825,1693234540566,1692262276449,1692262276619,1693234540782,216,170,46
826,1693234540782,1692262276667,1692262276838,1693234541001,219,171,48
827,1693234541001,1692262276883,1692262277055,1693234541218,217,172,45
828,1693234541218,1692262277102,1692262277273,1693234541436,218,171,47
829,1693234541436,1692262277317,1692262277490,1693234541653,217,173,44
830,1693234541653,1692262277519,1692262277691,1693234541854,201,172,29
831,1693234541854,1692262277711,1692262277881,1693234542044,190,170,20
832,1693234542044,1692262277911,1692262278080,1693234542245,201,169,32
833,1693234542245,1692262278131,1692262278302,1693234542465,220,171,49
834,1693234542465,1692262278359,1692262278531,1693234542694,229,172,57
835,1693234542694,1692262278587,1692262278759,1693234542922,228,172,56
836,1693234542922,1692262278790,1692262278960,1693234543122,200,170,30
837,1693234543122,1692262278997,1692262279168,1693234543330,208,171,37
838,1693234543330,1692262279240,1692262279412,1693234543575,245,172,73
839,1693234543575,1692262279469,1692262279641,1693234543804,229,172,57
840,1693234543804,1692262279681,1692262279852,1693234544015,211,171,40
841,1693234544015,1692262279888,1692262280059,1693234544222,207,171,36
842,1693234544222,1692262280095,1692262280267,1693234544430,208,172,36
843,1693234544430,1692262280282,1692262280453,1693234544616,186,171,15
844,1693234544616,1692262280513,1692262280684,1693234544848,232,171,61
845,1693234544848,1692262280710,1692262280880,1693234545043,195,170,25
846,1693234545043,1692262280916,1692262281086,1693234545248,205,170,35
847,1693234545248,1692262281167,1692262281342,1693234545504,256,175,81
848,1693234545504,1692262281387,1692262281561,1693234545724,220,174,46
849,1693234545724,1692262281595,1692262281767,1693234545930,206,172,34
850,1693234545930,1692262281809,1692262281981,1693234546144,214,172,42
851,1693234546144,1692262282019,1692262282191,1693234546353,209,172,37
852,1693234546354,1692262282229,1692262282400,1693234546562,208,171,37
853,1693234546562,1692262282432,1692262282602,1693234546765,203,170,33
854,1693234546765,1692262282634,1692262282804,1693234546967,202,170,32
855,1693234546967,1692262282843,1692262283015,1693234547177,210,172,38
856,1693234547178,1692262283069,1692262283241,1693234547404,226,172,54
857,1693234547404,1692262283298,1692262283470,1693234547633,229,172,57
858,1693234547633,1692262283516,1692262283687,1693234547850,217,171,46
859,1693234547850,1692262283720,1692262283890,1693234548052,202,170,32
860,1693234548052,1692262283985,1692262284158,1693234548321,269,173,96
861,1693234548321,1692262284211,1692262284382,1693234548544,223,171,52
862,1693234548544,1692262284430,1692262284604,1693234548767,223,174,49
863,1693234548767,1692262284643,1692262284815,1693234548977,210,172,38
864,1693234548977,1692262284842,1692262285012,1693234549175,198,170,28
865,1693234549175,1692262285056,1692262285228,1693234549394,219,172,47
866,1693234549394,1692262285263,1692262285432,1693234549595,201,169,32
867,1693234549595,1692262285505,1692262285680,1693234549842,247,175,72
868,1693234549842,1692262285711,1692262285881,1693234550048,206,170,36
869,1693234550048,1692262285921,1692262286093,1693234550256,208,172,36
870,1693234550256,1692262286136,1692262286308,1693234550471,215,172,43
871,1693234550471,1692262286338,1692262286507,1693234550670,199,169,30
872,1693234550670,1692262286582,1692262286754,1693234550917,247,172,75
873,1693234550917,1692262286792,1692262286963,1693234551125,208,171,37
874,1693234551126,1692262287003,1692262287174,1693234551337,211,171,40
875,1693234551337,1692262287224,1692262287395,1693234551558,221,171,50
876,1693234551558,1692262287429,1692262287598,1693234551762,204,169,35
877,1693234551762,1692262287632,1692262287801,1693234551969,207,169,38
878,1693234551969,1692262287844,1692262288015,1693234552178,209,171,38
879,1693234552178,1692262288061,1692262288232,1693234552398,220,171,49
880,1693234552398,1692262288320,1692262288494,1693234552658,260,174,86
881,1693234552658,1692262288533,1692262288702,1693234552866,208,169,39
882,1693234552866,1692262288758,1692262288930,1693234553093,227,172,55
883,1693234553093,1692262288965,1692262289135,1693234553300,207,170,37
884,1693234553300,1692262289211,1692262289382,1693234553545,245,171,74
885,1693234553545,1692262289432,1692262289604,1693234553766,221,172,49
886,1693234553766,1692262289648,1692262289818,1693234553981,215,170,45
887,1693234553981,1692262289884,1692262290057,1693234554221,240,173,67
888,1693234554221,1692262290093,1692262290263,1693234554426,205,170,35
889,1693234554426,1692262290305,1692262290478,1693234554646,220,173,47
890,1693234554646,1692262290520,1692262290693,1693234554856,210,173,37
891,1693234554856,1692262290750,1692262290920,1693234555083,227,170,57
892,1693234555083,1692262290965,1692262291137,1693234555299,216,172,44
893,1693234555300,1692262291176,1692262291347,1693234555510,210,171,39
894,1693234555510,1692262291385,1692262291555,1693234555717,207,170,37
895,1693234555718,1692262291588,1692262291759,1693234555922,204,171,33
896,1693234555922,1692262291833,1692262292005,1693234556168,246,172,74
897,1693234556168,1692262292039,1692262292211,1693234556374,206,172,34
898,1693234556374,1692262292255,1692262292428,1693234556591,217,173,44
899,1693234556591,1692262292490,1692262292665,1693234556827,236,175,61
900,1693234556828,1692262292706,1692262292878,1693234557041,213,172,41
901,1693234557041,1692262292906,1692262293075,1693234557238,197,169,28
902,1693234557414,1692262293298,1692262293658,1693234557821,407,360,47
903,1693234557821,1692262293709,1692262294029,1693234558217,396,320,76
904,1693234558218,1692262294096,1692262294427,1693234558590,372,331,41
905,1693234558590,1692262294470,1692262294811,1693234558974,384,341,43
906,1693234558974,1692262294848,1692262295030,1693234559193,219,182,37
907,1693234559193,1692262295093,1692262295265,1693234559427,234,172,62
908,1693234559427,1692262295307,1692262295479,1693234559642,215,172,43
909,1693234559642,1692262295519,1692262295691,1693234559854,212,172,40
910,1693234559854,1692262295743,1692262295914,1693234560077,223,171,52
911,1693234560077,1692262295954,1692262296130,1693234560293,216,176,40
912,1693234560293,1692262296178,1692262296355,1693234560518,225,177,48
913,1693234560518,1692262296387,1692262296675,1693234560839,321,288,33
914,1693234560839,1692262296713,1692262297047,1693234561289,450,334,116
915,1693234561289,1692262297165,1692262297500,1693234561663,374,335,39
916,1693234561663,1692262297539,1692262297784,1693234561947,284,245,39
917,1693234561947,1692262297852,1692262298040,1693234562203,256,188,68
918,1693234562203,1692262298086,1692262298258,1693234562421,218,172,46
919,1693234562421,1692262298284,1692262298455,1693234562620,199,171,28
920,1693234562620,1692262298518,1692262298692,1693234562854,234,174,60
921,1693234562854,1692262298729,1692262298901,1693234563064,210,172,38
922,1693234563064,1692262298927,1692262299116,1693234563279,215,189,26
923,1693234563279,1692262299148,1692262299329,1693234563492,213,181,32
924,1693234563492,1692262299353,1692262299576,1693234563739,247,223,24
925,1693234563739,1692262299611,1692262299948,1693234564258,519,337,182
926,1693234564258,1692262300158,1692262300409,1693234564572,314,251,63
927,1693234564572,1692262300450,1692262300622,1693234564785,213,172,41
928,1693234564785,1692262300659,1692262300831,1693234564993,208,172,36
929,1693234564993,1692262300873,1692262301046,1693234565209,216,173,43
930,1693234565209,1692262301093,1692262301263,1693234565425,216,170,46
931,1693234565425,1692262301318,1692262301501,1693234565664,239,183,56
932,1693234565664,1692262301538,1692262301720,1693234565883,219,182,37
933,1693234565883,1692262301754,1692262302108,1693234566302,419,354,65
934,1693234566303,1692262302173,1692262302495,1693234566658,355,322,33
935,1693234566658,1692262302528,1692262302847,1693234567123,465,319,146
936,1693234567123,1692262303012,1692262303185,1693234567347,224,173,51
937,1693234567348,1692262303218,1692262303388,1693234567551,203,170,33
938,1693234567551,1692262303423,1692262303594,1693234567757,206,171,35
939,1693234567757,1692262303628,1692262303801,1693234567964,207,173,34
940,1693234567964,1692262303843,1692262304015,1693234568177,213,172,41
941,1693234568177,1692262304053,1692262304234,1693234568397,220,181,39
942,1693234568397,1692262304279,1692262304460,1693234568623,226,181,45
943,1693234568623,1692262304488,1692262304716,1693234568879,256,228,28
944,1693234568879,1692262304754,1692262304978,1693234569140,261,224,37
945,1693234569140,1692262305043,1692262305367,1693234569530,390,324,66
946,1693234569530,1692262305423,1692262305729,1693234569892,362,306,56
947,1693234569892,1692262305779,1692262305954,1693234570117,225,175,50
948,1693234570117,1692262306012,1692262306184,1693234570347,230,172,58
949,1693234570347,1692262306243,1692262306417,1693234570580,233,174,59
950,1693234570580,1692262306464,1692262306636,1693234570799,219,172,47
951,1693234570799,1692262306668,1692262306840,1693234571003,204,172,32
952,1693234571003,1692262306863,1692262307036,1693234571199,196,173,23
953,1693234571199,1692262307091,1692262307269,1693234571432,233,178,55
954,1693234571432,1692262307320,1692262307508,1693234571673,241,188,53
955,1693234571674,1692262307566,1692262307816,1693234572151,477,250,227
956,1693234572151,1692262308031,1692262308351,1693234572514,363,320,43
957,1693234572514,1692262308402,1692262308599,1693234572762,248,197,51
958,1693234572762,1692262308645,1692262308818,1693234572980,218,173,45
959,1693234572980,1692262308850,1692262309022,1693234573184,204,172,32
960,1693234573184,1692262309051,1692262309221,1693234573384,200,170,30
961,1693234573384,1692262309266,1692262309440,1693234573614,230,174,56
962,1693234573614,1692262309511,1692262309698,1693234573860,246,187,59
963,1693234573860,1692262309741,1692262309924,1693234574092,232,183,49
964,1693234574092,1692262309964,1692262310145,1693234574308,216,181,35
965,1693234574308,1692262310188,1692262310365,1693234574528,220,177,43
966,1693234574528,1692262310393,1692262310720,1693234574883,355,327,28
967,1693234574883,1692262310775,1692262311067,1693234575321,438,292,146
968,1693234575321,1692262311199,1692262311373,1693234575627,306,174,132
969,1693234575627,1692262311506,1692262311679,1693234575929,302,173,129
970,1693234575929,1692262311824,1692262311996,1693234576159,230,172,58
971,1693234576159,1692262312040,1692262312210,1693234576372,213,170,43
972,1693234576372,1692262312243,1692262312437,1693234576600,228,194,34
973,1693234576600,1692262312492,1692262312682,1693234576845,245,190,55
974,1693234576845,1692262312716,1692262313059,1693234577222,377,343,34
975,1693234577222,1692262313097,1692262313419,1693234577582,360,322,38
976,1693234577582,1692262313454,1692262313712,1693234577981,399,258,141
977,1693234577981,1692262313862,1692262314033,1693234578196,215,171,44
978,1693234578196,1692262314087,1692262314258,1693234578421,225,171,54
979,1693234578421,1692262314299,1692262314472,1693234578634,213,173,40
980,1693234578634,1692262314528,1692262314700,1693234578863,229,172,57
981,1693234578863,1692262314762,1692262314935,1693234579097,234,173,61
982,1693234579097,1692262314988,1692262315163,1693234579326,229,175,54
983,1693234579326,1692262315214,1692262315400,1693234579562,236,186,50
984,1693234579562,1692262315477,1692262315797,1693234580107,545,320,225
985,1693234580107,1692262315998,1692262316327,1693234580490,383,329,54
986,1693234580490,1692262316368,1692262316545,1693234580708,218,177,41
987,1693234580708,1692262316614,1692262316787,1693234580949,241,173,68
988,1693234580949,1692262316843,1692262317014,1693234581178,229,171,58
989,1693234581178,1692262317068,1692262317241,1693234581404,226,173,53
990,1693234581404,1692262317278,1692262317448,1693234581611,207,170,37
991,1693234581611,1692262317492,1692262317664,1693234581827,216,172,44
992,1693234581827,1692262317712,1692262317886,1693234582048,221,174,47
993,1693234582049,1692262317924,1692262318099,1693234582261,212,175,37
994,1693234582261,1692262318143,1692262318435,1693234582598,337,292,45
995,1693234582598,1692262318476,1692262318657,1693234582820,222,181,41
996,1693234582820,1692262318692,1692262318866,1693234583028,208,174,34
997,1693234583028,1692262318898,1692262319070,1693234583232,204,172,32
998,1693234583232,1692262319116,1692262319289,1693234583451,219,173,46
999,1693234583451,1692262319352,1692262319525,1693234583687,236,173,63
1000,1693234583687,1692262319574,1692262319746,1693234583909,222,172,50
1001,1693234583909,1692262319762,1692262319953,1693234584116,207,191,16
1002,1693234584116,1692262319996,1692262320267,1693234584430,314,271,43
1003,1693234584430,1692262320344,1692262320641,1693234584803,373,297,76
1004,1693234584803,1692262320706,1692262320885,1693234585048,245,179,66
1005,1693234585048,1692262320922,1692262321097,1693234585260,212,175,37
1006,1693234585260,1692262321135,1692262321310,1693234585473,213,175,38
1007,1693234585473,1692262321356,1692262321526,1693234585689,216,170,46
1008,1693234585689,1692262321565,1692262321737,1693234585899,210,172,38
1009,1693234585900,1692262321784,1692262321958,1693234586120,220,174,46
1010,1693234586120,1692262321993,1692262322164,1693234586326,206,171,35
1011,1693234586326,1692262322198,1692262322370,1693234586533,207,172,35
1012,1693234586533,1692262322401,1692262322587,1693234586750,217,186,31
1013,1693234586750,1692262322619,1692262322801,1693234586964,214,182,32
1014,1693234586964,1692262322846,1692262323026,1693234587193,229,180,49
1015,1693234587193,1692262323086,1692262323364,1693234587526,333,278,55
1016,1693234590538,1692262326431,1692262326604,1693234590767,229,173,56
1017,1693234590767,1692262326646,1692262326819,1693234590981,214,173,41
1018,1693234590981,1692262326867,1692262327037,1693234591199,218,170,48
1019,1693234591199,1692262327085,1692262327257,1693234591419,220,172,48
1020,1693234591419,1692262327304,1692262327477,1693234591640,221,173,48
1021,1693234591640,1692262327516,1692262327687,1693234591849,209,171,38
1022,1693234591849,1692262327719,1692262327890,1693234592052,203,171,32
1023,1693234592052,1692262327941,1692262328112,1693234592275,223,171,52
1024,1693234592275,1692262328164,1692262328336,1693234592498,223,172,51
1025,1693234592498,1692262328397,1692262328569,1693234592731,233,172,61
1026,1693234592731,1692262328615,1692262328787,1693234592949,218,172,46
1027,1693234592949,1692262328844,1692262329019,1693234593181,232,175,57
1028,1693234593181,1692262329055,1692262329225,1693234593387,206,170,36
1029,1693234593388,1692262329272,1692262329444,1693234593606,218,172,46
1030,1693234593606,1692262329478,1692262329648,1693234593810,204,170,34
1031,1693234593810,1692262329685,1692262329854,1693234594016,206,169,37
1032,1693234594017,1692262329912,1692262330084,1693234594247,230,172,58
1033,1693234594247,1692262330133,1692262330305,1693234594467,220,172,48
1034,1693234594467,1692262330338,1692262330509,1693234594671,204,171,33
1035,1693234594671,1692262330540,1692262330711,1693234594874,203,171,32
1036,1693234594874,1692262330756,1692262330929,1693234595091,217,173,44
1037,1693234595092,1692262330956,1692262331127,1693234595289,197,171,26
1038,1693234595289,1692262331168,1692262331338,1693234595501,212,170,42
1039,1693234595501,1692262331382,1692262331554,1693234595716,215,172,43
1040,1693234595716,1692262331594,1692262331766,1693234595929,213,172,41
1041,1693234595929,1692262331789,1692262331959,1693234596126,197,170,27
1042,1693234596126,1692262332004,1692262332177,1693234596340,214,173,41
1043,1693234596340,1692262332223,1692262332394,1693234596557,217,171,46
1044,1693234596557,1692262332429,1692262332602,1693234596764,207,173,34
1045,1693234596764,1692262332634,1692262332803,1693234596966,202,169,33
1046,1693234596966,1692262332885,1692262333060,1693234597223,257,175,82
1047,1693234597223,1692262333105,1692262333280,1693234597442,219,175,44
1048,1693234597442,1692262333337,1692262333509,1693234597673,231,172,59
1049,1693234597673,1692262333542,1692262333713,1693234597875,202,171,31
1050,1693234597875,1692262333765,1692262333937,1693234598099,224,172,52
1051,1693234598099,1692262333978,1692262334149,1693234598312,213,171,42
1052,1693234598312,1692262334189,1692262334360,1693234598523,211,171,40
1053,1693234598523,1692262334395,1692262334564,1693234598726,203,169,34
1054,1693234598726,1692262334599,1692262334770,1693234598932,206,171,35
1055,1693234598932,1692262334819,1692262334992,1693234599155,223,173,50
1056,1693234599155,1692262335029,1692262335200,1693234599362,207,171,36
1057,1693234599362,1692262335241,1692262335413,1693234599575,213,172,41
1058,1693234599575,1692262335440,1692262335609,1693234599771,196,169,27
1059,1693234599771,1692262335687,1692262335858,1693234600020,249,171,78
1060,1693234600020,1692262335896,1692262336068,1693234600230,210,172,38
1061,1693234600230,1692262336126,1692262336298,1693234600460,230,172,58
1062,1693234600460,1692262336321,1692262336491,1693234600654,194,170,24
1063,1693234600654,1692262336523,1692262336694,1693234600856,202,171,31
1064,1693234600856,1692262336731,1692262336904,1693234601066,210,173,37
1065,1693234601066,1692262336943,1692262337113,1693234601275,209,170,39
1066,1693234601275,1692262337187,1692262337361,1693234601523,248,174,74
1067,1693234601523,1692262337401,1692262337574,1693234601737,214,173,41
1068,1693234601737,1692262337603,1692262337772,1693234601937,200,169,31
1069,1693234601937,1692262337817,1692262337988,1693234602158,221,171,50
1070,1693234602158,1692262338043,1692262338214,1693234602376,218,171,47
1071,1693234602376,1692262338285,1692262338456,1693234602619,243,171,72
1072,1693234602619,1692262338497,1692262338668,1693234602830,211,171,40
1073,1693234602830,1692262338717,1692262338888,1693234603051,221,171,50
1074,1693234603051,1692262338940,1692262339111,1693234603273,222,171,51
1075,1693234603273,1692262339147,1692262339317,1693234603608,335,170,165
1076,1693234603608,1692262339467,1692262339640,1693234603803,195,173,22
1077,1693234603803,1692262339685,1692262339859,1693234604021,218,174,44
1078,1693234604021,1692262339935,1692262340109,1693234604272,251,174,77
1079,1693234604272,1692262340156,1692262340327,1693234604490,218,171,47
1080,1693234604490,1692262340360,1692262340530,1693234604692,202,170,32
1081,1693234604692,1692262340577,1692262340748,1693234604910,218,171,47
1082,1693234604911,1692262340775,1692262340945,1693234605108,197,170,27
1083,1693234605108,1692262340984,1692262341153,1693234605316,208,169,39
1084,1693234605316,1692262341214,1692262341389,1693234605552,236,175,61
1085,1693234605552,1692262341435,1692262341606,1693234605768,216,171,45
1086,1693234605769,1692262341655,1692262341828,1693234605990,221,173,48
1087,1693234605990,1692262341870,1692262342042,1693234606204,214,172,42
1088,1693234606204,1692262342088,1692262342261,1693234606423,219,173,46
1089,1693234606423,1692262342317,1692262342492,1693234606654,231,175,56
1090,1693234606654,1692262342530,1692262342701,1693234606863,209,171,38
1091,1693234606864,1692262342743,1692262342913,1693234607075,211,170,41
1092,1693234607075,1692262342962,1692262343134,1693234607296,221,172,49
1093,1693234607297,1692262343165,1692262343335,1693234607497,200,170,30
1094,1693234607497,1692262343370,1692262343542,1693234607704,207,172,35
1095,1693234607704,1692262343573,1692262343743,1693234607905,201,170,31
1096,1693234607905,1692262343798,1692262343970,1693234608132,227,172,55
1097,1693234608132,1692262344019,1692262344194,1693234608356,224,175,49
1098,1693234608356,1692262344228,1692262344400,1693234608562,206,172,34
1099,1693234608562,1692262344443,1692262344614,1693234608776,214,171,43
1100,1693234608776,1692262344660,1692262344831,1693234608993,217,171,46
1101,1693234608993,1692262344870,1692262345040,1693234609209,216,170,46
1102,1693234609209,1692262345101,1692262345272,1693234609434,225,171,54
1103,1693234609434,1692262345314,1692262345485,1693234609647,213,171,42
1104,1693234609647,1692262345502,1692262345674,1693234609836,189,172,17
1105,1693234609836,1692262345723,1692262345895,1693234610155,319,172,147
1106,1693234610155,1692262346029,1692262346204,1693234610366,211,175,36
1107,1693234610366,1692262346252,1692262346426,1693234610588,222,174,48
1108,1693234610588,1692262346466,1692262346637,1693234610799,211,171,40
1109,1693234610799,1692262346675,1692262346847,1693234611009,210,172,38
1110,1693234611009,1692262346882,1692262347055,1693234611217,208,173,35
1111,1693234611217,1692262347092,1692262347264,1693234611426,209,172,37
1112,1693234611426,1692262347318,1692262347490,1693234611652,226,172,54
1113,1693234611652,1692262347525,1692262347697,1693234611859,207,172,35
1114,1693234611859,1692262347730,1692262347902,1693234612065,206,172,34
1115,1693234612065,1692262347938,1692262348110,1693234612272,207,172,35
1116,1693234612272,1692262348142,1692262348313,1693234612475,203,171,32
1117,1693234612475,1692262348361,1692262348536,1693234612699,224,175,49
1118,1693234612699,1692262348582,1692262348755,1693234612921,222,173,49
1119,1693234612921,1692262348798,1692262348970,1693234613132,211,172,39
1120,1693234613132,1692262349008,1692262349181,1693234613343,211,173,38
1121,1693234613343,1692262349221,1692262349390,1693234613552,209,169,40
1122,1693234613553,1692262349427,1692262349598,1693234613760,207,171,36
1123,1693234613760,1692262349629,1692262349799,1693234613961,201,170,31
1124,1693234613961,1692262349827,1692262349998,1693234614160,199,171,28
1125,1693234614160,1692262350042,1692262350213,1693234614375,215,171,44
1126,1693234614375,1692262350308,1692262350481,1693234614653,278,173,105
1127,1693234614653,1692262350550,1692262350723,1693234614885,232,173,59
1128,1693234614885,1692262350779,1692262350950,1693234615112,227,171,56
1129,1693234615112,1692262350998,1692262351170,1693234615333,221,172,49
1130,1693234615333,1692262351211,1692262351382,1693234615544,211,171,40
1131,1693234615545,1692262351444,1692262351616,1693234615778,233,172,61
1132,1693234615778,1692262351666,1692262351839,1693234616001,223,173,50
1133,1693234616001,1692262351891,1692262352064,1693234616226,225,173,52
1134,1693234616226,1692262352095,1692262352265,1693234616428,202,170,32
1135,1693234616428,1692262352330,1692262352504,1693234616666,238,174,64
1136,1693234616666,1692262352541,1692262352713,1693234616875,209,172,37
1137,1693234616875,1692262352762,1692262352935,1693234617097,222,173,49
1138,1693234617097,1692262352979,1692262353150,1693234617318,221,171,50
1139,1693234617318,1692262353190,1692262353360,1693234617523,205,170,35
1140,1693234617523,1692262353390,1692262353560,1693234617726,203,170,33
1141,1693234617726,1692262353597,1692262353766,1693234617928,202,169,33
1142,1693234617928,1692262353805,1692262353976,1693234618138,210,171,39
1143,1693234618138,1692262354009,1692262354178,1693234618340,202,169,33
1144,1693234618340,1692262354247,1692262354420,1693234618582,242,173,69
1145,1693234618582,1692262354463,1692262354636,1693234618798,216,173,43
1146,1693234618798,1692262354680,1692262354854,1693234619016,218,174,44
1147,1693234619016,1692262354896,1692262355067,1693234619229,213,171,42
1148,1693234619229,1692262355095,1692262355268,1693234619430,201,173,28
1149,1693234619430,1692262355307,1692262355478,1693234619640,210,171,39
1150,1693234619640,1692262355516,1692262355687,1693234619849,209,171,38
1151,1693234619849,1692262355725,1692262355897,1693234620062,213,172,41
1152,1693234620062,1692262355943,1692262356115,1693234620277,215,172,43
1153,1693234620277,1692262356168,1692262356340,1693234620502,225,172,53
1154,1693234620502,1692262356371,1692262356544,1693234620706,204,173,31
1155,1693234620881,1692262356768,1692262357003,1693234621166,285,235,50
1156,1693234621166,1692262357035,1692262357367,1693234621530,364,332,32
1157,1693234621530,1692262357406,1692262357744,1693234621931,401,338,63
1158,1693234621931,1692262357820,1692262358021,1693234622186,255,201,54
1159,1693234622186,1692262358059,1692262358408,1693234622622,436,349,87
1160,1693234622622,1692262358497,1692262358667,1693234622829,207,170,37
1161,1693234622829,1692262358706,1692262358878,1693234623040,211,172,39
1162,1693234623040,1692262358926,1692262359097,1693234623258,218,171,47
1163,1693234623258,1692262359136,1692262359308,1693234623470,212,172,40
1164,1693234623470,1692262359337,1692262359507,1693234623669,199,170,29
1165,1693234623670,1692262359537,1692262359721,1693234623883,213,184,29
1166,1693234623883,1692262359762,1692262359946,1693234624108,225,184,41
1167,1693234624108,1692262359992,1692262360165,1693234624327,219,173,46
1168,1693234624327,1692262360213,1692262360506,1693234624669,342,293,49
1169,1693234624669,1692262360556,1692262360878,1693234625040,371,322,49
1170,1693234625040,1692262360914,1692262361286,1693234625449,409,372,37
1171,1693234625449,1692262361323,1692262361494,1693234625656,207,171,36
1172,1693234625656,1692262361519,1692262361689,1693234625851,195,170,25
1173,1693234625851,1692262361718,1692262361893,1693234626075,224,175,49
1174,1693234626075,1692262361955,1692262362127,1693234626289,214,172,42
1175,1693234626289,1692262362190,1692262362365,1693234626527,238,175,63
1176,1693234626527,1692262362397,1692262362585,1693234626747,220,188,32
1177,1693234626747,1692262362641,1692262362822,1693234626984,237,181,56
1178,1693234626984,1692262362881,1692262363056,1693234627218,234,175,59
1179,1693234627218,1692262363094,1692262363311,1693234627476,258,217,41
1180,1693234627476,1692262363354,1692262363691,1693234627853,377,337,40
1181,1693234627853,1692262363770,1692262364004,1693234628242,389,234,155
1182,1693234628242,1692262364230,1692262364399,1693234628642,400,169,231
1183,1693234628642,1692262364516,1692262364688,1693234628849,207,172,35
1184,1693234628850,1692262364753,1692262364926,1693234629088,238,173,65
1185,1693234629088,1692262364984,1692262365184,1693234629348,260,200,60
1186,1693234629348,1692262365234,1692262365424,1693234629587,239,190,49
1187,1693234629587,1692262365473,1692262365652,1693234629814,227,179,48
1188,1693234629814,1692262365684,1692262366027,1693234630305,491,343,148
1189,1693234630305,1692262366176,1692262366480,1693234630641,336,304,32
1190,1693234630642,1692262366522,1692262366694,1693234630856,214,172,42
1191,1693234630856,1692262366721,1692262366892,1693234631054,198,171,27
1192,1693234631054,1692262366939,1692262367109,1693234631271,217,170,47
1193,1693234631271,1692262367146,1692262367321,1693234631483,212,175,37
1194,1693234631483,1692262367338,1692262367507,1693234631669,186,169,17
1195,1693234631669,1692262367568,1692262367743,1693234631905,236,175,61
1196,1693234631905,1692262367813,1692262367991,1693234632161,256,178,78
1197,1693234632161,1692262368080,1692262368297,1693234632461,300,217,83
1198,1693234632461,1692262368332,1692262368654,1693234632816,355,322,33
1199,1693234632816,1692262368693,1692262369037,1693234633199,383,344,39
1200,1693234633199,1692262369095,1692262369268,1693234633431,232,173,59
1201,1693234633431,1692262369325,1692262369497,1693234633659,228,172,56
1202,1693234633659,1692262369563,1692262369734,1693234633896,237,171,66
1203,1693234633896,1692262369764,1692262369938,1693234634100,204,174,30
1204,1693234634100,1692262369990,1692262370165,1693234634328,228,175,53
1205,1693234634328,1692262370224,1692262370404,1693234634566,238,180,58
1206,1693234634566,1692262370439,1692262370616,1693234634778,212,177,35
1207,1693234634778,1692262370659,1692262370830,1693234634992,214,171,43
1208,1693234634992,1692262370864,1692262371038,1693234635200,208,174,34
1209,1693234635200,1692262371102,1692262371456,1693234635617,417,354,63
1210,1693234635617,1692262371509,1692262371743,1693234635916,299,234,65
1211,1693234635916,1692262371817,1692262371991,1693234636152,236,174,62
1212,1693234636153,1692262372020,1692262372191,1693234636353,200,171,29
1213,1693234636353,1692262372237,1692262372408,1693234636571,218,171,47
1214,1693234636571,1692262372462,1692262372634,1693234636796,225,172,53
1215,1693234636796,1692262372677,1692262372854,1693234637015,219,177,42
1216,1693234637015,1692262372888,1692262373074,1693234637235,220,186,34
1217,1693234637235,1692262373121,1692262373296,1693234637458,223,175,48
1218,1693234637458,1692262373332,1692262373502,1693234637664,206,170,36
1219,1693234637664,1692262373542,1692262373720,1693234637882,218,178,40
1220,1693234637882,1692262373775,1692262374132,1693234638395,513,357,156
1221,1693234638395,1692262374283,1692262374454,1693234638615,220,171,49
1222,1693234638615,1692262374493,1692262374665,1693234638827,212,172,40
1223,1693234638827,1692262374712,1692262374890,1693234639052,225,178,47
1224,1693234639052,1692262374941,1692262375113,1693234639275,223,172,51
1225,1693234639275,1692262375171,1692262375346,1693234639508,233,175,58
1226,1693234639508,1692262375392,1692262375580,1693234639742,234,188,46
1227,1693234639742,1692262375626,1692262375801,1693234640158,416,175,241
1228,1693234640158,1692262376038,1692262376215,1693234640378,220,177,43
1229,1693234640378,1692262376256,1692262376586,1693234640852,474,330,144
1230,1693234640853,1692262376727,1692262376902,1693234641064,211,175,36
1231,1693234641064,1692262376945,1692262377117,1693234641279,215,172,43
1232,1693234641279,1692262377156,1692262377326,1693234641488,209,170,39
1233,1693234641488,1692262377353,1692262377526,1693234641688,200,173,27
1234,1693234641688,1692262377579,1692262377753,1693234641915,227,174,53
1235,1693234641915,1692262377794,1692262377970,1693234642131,216,176,40
1236,1693234642131,1692262377993,1692262378170,1693234642332,201,177,24
1237,1693234642332,1692262378201,1692262378376,1693234642538,206,175,31
1238,1693234642538,1692262378420,1692262378597,1693234642759,221,177,44
1239,1693234642760,1692262378630,1692262378903,1693234643065,305,273,32
1240,1693234643065,1692262378924,1692262379204,1693234643366,301,280,21
1241,1693234643366,1692262379244,1692262379423,1693234643587,221,179,42
1242,1693234643587,1692262379460,1692262379632,1693234643797,210,172,38
1243,1693234643797,1692262379674,1692262379847,1693234644009,212,173,39
1244,1693234644009,1692262379871,1692262380042,1693234644204,195,171,24
1245,1693234644204,1692262380084,1692262380261,1693234644423,219,177,42
1246,1693234644423,1692262380304,1692262380483,1693234644644,221,179,42
1247,1693234644644,1692262380517,1692262380693,1693234644855,211,176,35
1248,1693234644855,1692262380721,1692262380894,1693234645056,201,173,28
1249,1693234645056,1692262380933,1692262381112,1693234645273,217,179,38
1250,1693234645273,1692262381160,1692262381334,1693234645496,223,174,49
1251,1693234645496,1692262381377,1692262381553,1693234645715,219,176,43
1252,1693234645715,1692262381617,1692262381799,1693234645961,246,182,64
1253,1693234645961,1692262381846,1692262382024,1693234646187,226,178,48
1254,1693234646187,1692262382062,1692262382233,1693234646395,208,171,37
1255,1693234646395,1692262382262,1692262382433,1693234646602,207,171,36
1256,1693234646602,1692262382484,1692262382662,1693234646824,222,178,44
1257,1693234646824,1692262382698,1692262382876,1693234647038,214,178,36
1258,1693234647038,1692262382924,1692262383132,1693234647294,256,208,48
1259,1693234647294,1692262383168,1692262383412,1693234647573,279,244,35
1260,1693234647573,1692262383431,1692262383619,1693234647781,208,188,20
1261,1693234647781,1692262383689,1692262383874,1693234648036,255,185,70
1262,1693234648036,1692262383920,1692262384095,1693234648257,221,175,46
1263,1693234648257,1692262384127,1692262384305,1693234648467,210,178,32
1264,1693234648467,1692262384352,1692262384524,1693234648685,218,172,46
1265,1693234648686,1692262384558,1692262384729,1693234648891,205,171,34
1266,1693234648891,1692262384797,1692262384970,1693234649136,245,173,72
1267,1693234649136,1692262385005,1692262385174,1693234649336,200,169,31
1268,1693234649336,1692262385216,1692262385392,1693234649555,219,176,43
1269,1693234649555,1692262385430,1692262385608,1693234649770,215,178,37
1270,1693234649770,1692262385678,1692262385868,1693234650030,260,190,70
1271,1693234650030,1692262385909,1692262386089,1693234650251,221,180,41
1272,1693234650251,1692262386128,1692262386305,1693234650467,216,177,39
1273,1693234650467,1692262386341,1692262386518,1693234650680,213,177,36
1274,1693234650680,1692262386556,1692262386732,1693234650894,214,176,38
1275,1693234653918,1692262389817,1692262389989,1693234654150,232,172,60
1276,1693234654150,1692262390036,1692262390210,1693234654391,241,174,67
1277,1693234654392,1692262390262,1692262390434,1693234654596,204,172,32
1278,1693234654596,1692262390471,1692262390642,1693234654804,208,171,37
1279,1693234654804,1692262390679,1692262390852,1693234655013,209,173,36
1280,1693234655013,1692262390883,1692262391053,1693234655214,201,170,31
1281,1693234655214,1692262391089,1692262391261,1693234655422,208,172,36
1282,1693234655422,1692262391325,1692262391500,1693234655661,239,175,64
1283,1693234655661,1692262391547,1692262391721,1693234655882,221,174,47
1284,1693234655882,1692262391766,1692262391938,1693234656100,218,172,46
1285,1693234656100,1692262391989,1692262392161,1693234656323,223,172,51
1286,1693234656323,1692262392199,1692262392371,1693234656533,210,172,38
1287,1693234656533,1692262392395,1692262392566,1693234656727,194,171,23
1288,1693234656727,1692262392603,1692262392774,1693234656936,209,171,38
1289,1693234656936,1692262392816,1692262392987,1693234657148,212,171,41
1290,1693234657149,1692262393027,1692262393198,1693234657360,211,171,40
1291,1693234657360,1692262393239,1692262393412,1693234657573,213,173,40
1292,1693234657574,1692262393456,1692262393628,1693234657790,216,172,44
1293,1693234657790,1692262393665,1692262393838,1693234658000,210,173,37
1294,1693234658000,1692262393882,1692262394054,1693234658216,216,172,44
1295,1693234658216,1692262394114,1692262394286,1693234658447,231,172,59
1296,1693234658447,1692262394333,1692262394507,1693234658669,222,174,48
1297,1693234658669,1692262394557,1692262394731,1693234658893,224,174,50
1298,1693234658893,1692262394792,1692262394964,1693234659126,233,172,61
1299,1693234659126,1692262394999,1692262395172,1693234659333,207,173,34
1300,1693234659333,1692262395216,1692262395388,1693234659550,217,172,45
1301,1693234659550,1692262395465,1692262395638,1693234659800,250,173,77
1302,1693234659800,1692262395701,1692262395874,1693234660035,235,173,62
1303,1693234660036,1692262395947,1692262396119,1693234660281,245,172,73
1304,1693234660281,1692262396172,1692262396346,1693234660509,228,174,54
1305,1693234660509,1692262396391,1692262396561,1693234660723,214,170,44
1306,1693234660723,1692262396589,1692262396761,1693234660923,200,172,28
1307,1693234660923,1692262396806,1692262396978,1693234661140,217,172,45
1308,1693234661140,1692262397017,1692262397188,1693234661350,210,171,39
1309,1693234661350,1692262397232,1692262397404,1693234661566,216,172,44
1310,1693234661566,1692262397439,1692262397612,1693234661774,208,173,35
1311,1693234661774,1692262397660,1692262397833,1693234661995,221,173,48
1312,1693234661995,1692262397880,1692262398052,1693234662214,219,172,47
1313,1693234662214,1692262398101,1692262398273,1693234662435,221,172,49
1314,1693234662435,1692262398337,1692262398510,1693234662672,237,173,64
1315,1693234662672,1692262398551,1692262398722,1693234662883,211,171,40
1316,1693234662884,1692262398788,1692262398960,1693234663122,238,172,66
1317,1693234663122,1692262399006,1692262399178,1693234663339,217,172,45
1318,1693234663339,1692262399232,1692262399402,1693234663564,225,170,55
1319,1693234663564,1692262399431,1692262399602,1693234663764,200,171,29
1320,1693234663764,1692262399653,1692262399825,1693234663990,226,172,54
1321,1693234663990,1692262399878,1692262400051,1693234664212,222,173,49
1322,1693234664212,1692262400090,1692262400260,1693234664422,210,170,40
1323,1693234664422,1692262400301,1692262400472,1693234664633,211,171,40
1324,1693234664633,1692262400495,1692262400666,1693234664828,195,171,24
1325,1693234664828,1692262400706,1692262400875,1693234665037,209,169,40
1326,1693234665037,1692262400927,1692262401099,1693234665260,223,172,51
1327,1693234665260,1692262401144,1692262401317,1693234665478,218,173,45
1328,1693234665478,1692262401349,1692262401518,1693234665679,201,169,32
1329,1693234665679,1692262401583,1692262401755,1693234665917,238,172,66
1330,1693234665917,1692262401821,1692262401991,1693234666153,236,170,66
1331,1693234666153,1692262402041,1692262402213,1693234666375,222,172,50
1332,1693234666375,1692262402253,1692262402422,1693234666584,209,169,40
1333,1693234666584,1692262402460,1692262402632,1693234666793,209,172,37
1334,1693234666793,1692262402721,1692262402896,1693234667058,265,175,90
1335,1693234667058,1692262402938,1692262403109,1693234667271,213,171,42
1336,1693234667271,1692262403143,1692262403312,1693234667474,203,169,34
1337,1693234667474,1692262403353,1692262403527,1693234667689,215,174,41
1338,1693234667689,1692262403571,1692262403741,1693234667903,214,170,44
1339,1693234667903,1692262403791,1692262403964,1693234668126,223,173,50
1340,1693234668126,1692262404008,1692262404178,1693234668340,214,170,44
1341,1693234668340,1692262404227,1692262404400,1693234668562,222,173,49
1342,1693234668562,1692262404471,1692262404645,1693234668807,245,174,71
1343,1693234668807,1692262404668,1692262404839,1693234669000,193,171,22
1344,1693234669001,1692262404880,1692262405051,1693234669213,212,171,41
1345,1693234669213,1692262405110,1692262405280,1693234669442,229,170,59
1346,1693234669442,1692262405293,1692262405463,1693234669633,191,170,21
1347,1693234669633,1692262405509,1692262405678,1693234669840,207,169,38
1348,1693234669840,1692262405725,1692262405896,1693234670058,218,171,47
1349,1693234670058,1692262405928,1692262406098,1693234670264,206,170,36
1350,1693234670264,1692262406141,1692262406313,1693234670478,214,172,42
1351,1693234670478,1692262406371,1692262406546,1693234670707,229,175,54
1352,1693234670707,1692262406585,1692262406755,1693234670917,210,170,40
1353,1693234670917,1692262406832,1692262407008,1693234671169,252,176,76
1354,1693234671169,1692262407058,1692262407233,1693234671395,226,175,51
1355,1693234671395,1692262407260,1692262407429,1693234671591,196,169,27
1356,1693234671591,1692262407470,1692262407641,1693234671803,212,171,41
1357,1693234671803,1692262407686,1692262407859,1693234672020,217,173,44
1358,1693234672020,1692262407902,1692262408073,1693234672234,214,171,43
1359,1693234672234,1692262408119,1692262408291,1693234672452,218,172,46
1360,1693234672452,1692262408318,1692262408488,1693234672649,197,170,27
1361,1693234672649,1692262408531,1692262408704,1693234672866,217,173,44
1362,1693234672866,1692262408753,1692262408924,1693234673086,220,171,49
1363,1693234673086,1692262408970,1692262409142,1693234673304,218,172,46
1364,1693234673304,1692262409192,1692262409365,1693234673527,223,173,50
1365,1693234673527,1692262409405,1692262409577,1693234673739,212,172,40
1366,1693234673739,1692262409615,1692262409787,1693234673948,209,172,37
1367,1693234673948,1692262409828,1692262410001,1693234674163,215,173,42
1368,1693234674163,1692262410056,1692262410226,1693234674388,225,170,55
1369,1693234674388,1692262410270,1692262410442,1693234674604,216,172,44
1370,1693234674604,1692262410505,1692262410676,1693234674838,234,171,63
1371,1693234674838,1692262410712,1692262410885,1693234675057,219,173,46
1372,1693234675057,1692262410922,1692262411091,1693234675259,202,169,33
1373,1693234675259,1692262411135,1692262411309,1693234675470,211,174,37
1374,1693234675470,1692262411346,1692262411518,1693234675679,209,172,37
1375,1693234675679,1692262411572,1692262411744,1693234675905,226,172,54
1376,1693234675905,1692262411793,1692262411966,1693234676127,222,173,49
1377,1693234676127,1692262412042,1692262412215,1693234676376,249,173,76
1378,1693234676376,1692262412291,1692262412463,1693234676624,248,172,76
1379,1693234676624,1692262412519,1692262412691,1693234676852,228,172,56
1380,1693234676852,1692262412731,1692262412901,1693234677063,211,170,41
1381,1693234677063,1692262412960,1692262413134,1693234677408,345,174,171
1382,1693234677408,1692262413284,1692262413457,1693234677618,210,173,37
1383,1693234677618,1692262413500,1692262413673,1693234677834,216,173,43
1384,1693234677834,1692262413722,1692262413895,1693234678056,222,173,49
1385,1693234678056,1692262413939,1692262414111,1693234678272,216,172,44
1386,1693234678272,1692262414145,1692262414317,1693234678478,206,172,34
1387,1693234678478,1692262414358,1692262414529,1693234678691,213,171,42
1388,1693234678691,1692262414586,1692262414757,1693234678919,228,171,57
1389,1693234678919,1692262414809,1692262414980,1693234679146,227,171,56
1390,1693234679146,1692262415046,1692262415218,1693234679379,233,172,61
1391,1693234679379,1692262415259,1692262415431,1693234679593,214,172,42
1392,1693234679593,1692262415467,1692262415640,1693234679802,209,173,36
1393,1693234679802,1692262415709,1692262415883,1693234680045,243,174,69
1394,1693234680045,1692262415931,1692262416106,1693234680267,222,175,47
1395,1693234680267,1692262416156,1692262416328,1693234680490,223,172,51
1396,1693234680490,1692262416372,1692262416545,1693234680706,216,173,43
1397,1693234680706,1692262416578,1692262416749,1693234680910,204,171,33
1398,1693234680910,1692262416790,1692262416961,1693234681123,213,171,42
1399,1693234681123,1692262417013,1692262417187,1693234681348,225,174,51
1400,1693234681348,1692262417258,1692262417430,1693234681591,243,172,71
1401,1693234681591,1692262417460,1692262417632,1693234681793,202,172,30
1402,1693234681793,1692262417688,1692262417860,1693234682021,228,172,56
1403,1693234682021,1692262417894,1692262418065,1693234682226,205,171,34
1404,1693234682226,1692262418109,1692262418283,1693234682444,218,174,44
1405,1693234682444,1692262418315,1692262418486,1693234682647,203,171,32
1406,1693234682647,1692262418540,1692262418713,1693234682874,227,173,54
1407,1693234682874,1692262418748,1692262418919,1693234683080,206,171,35
1408,1693234683080,1692262418979,1692262419153,1693234683314,234,174,60
1409,1693234683314,1692262419195,1692262419367,1693234683529,215,172,43
1410,1693234683529,1692262419401,1692262419571,1693234683732,203,170,33
1411,1693234683732,1692262419616,1692262419791,1693234683952,220,175,45
1412,1693234684126,1692262420041,1692262420373,1693234684535,409,332,77
1413,1693234684535,1692262420438,1692262420770,1693234684932,397,332,65
1414,1693234684932,1692262420806,1692262421113,1693234685293,361,307,54
1415,1693234685293,1692262421184,1692262421517,1693234685679,386,333,53
1416,1693234685679,1692262421550,1692262421778,1693234685940,261,228,33
1417,1693234685940,1692262421812,1692262421980,1693234686144,204,168,36
1418,1693234686145,1692262422035,1692262422207,1693234686368,223,172,51
1419,1693234686368,1692262422262,1692262422432,1693234686593,225,170,55
1420,1693234686593,1692262422468,1692262422640,1693234686802,209,172,37
1421,1693234686802,1692262422682,1692262422857,1693234687018,216,175,41
1422,1693234687019,1692262422911,1692262423092,1693234687254,235,181,54
1423,1693234687254,1692262423125,1692262423307,1693234687469,215,182,33
1424,1693234687469,1692262423351,1692262423696,1693234687857,388,345,43
1425,1693234687857,1692262423751,1692262424080,1693234688241,384,329,55
1426,1693234688241,1692262424119,1692262424405,1693234688603,362,286,76
1427,1693234688603,1692262424509,1692262424686,1693234688847,244,177,67
1428,1693234688848,1692262424722,1692262424902,1693234689063,215,180,35
1429,1693234689063,1692262424946,1692262425117,1693234689278,215,171,44
1430,1693234689278,1692262425160,1692262425334,1693234689495,217,174,43
1431,1693234689495,1692262425369,1692262425543,1693234689705,210,174,36
1432,1693234689705,1692262425608,1692262425785,1693234689946,241,177,64
1433,1693234689947,1692262425823,1692262426005,1693234690167,220,182,38
1434,1693234690167,1692262426068,1692262426412,1693234690573,406,344,62
1435,1693234690573,1692262426444,1692262426776,1693234690938,365,332,33
1436,1693234690938,1692262426802,1692262426981,1693234691142,204,179,25
1437,1693234691142,1692262427019,1692262427190,1693234691351,209,171,38
1438,1693234691351,1692262427231,1692262427401,1693234691563,212,170,42
1439,1693234691563,1692262427430,1692262427599,1693234691760,197,169,28
1440,1693234691760,1692262427636,1692262427811,1693234691972,212,175,37
1441,1693234691972,1692262427847,1692262428021,1693234692182,210,174,36
1442,1693234692182,1692262428058,1692262428235,1693234692396,214,177,37
1443,1693234692396,1692262428270,1692262428450,1693234692611,215,180,35
1444,1693234692611,1692262428490,1692262428674,1693234692835,224,184,40
1445,1693234692835,1692262428707,1692262429035,1693234693484,649,328,321
1446,1693234693485,1692262429374,1692262429550,1693234693711,226,176,50
1447,1693234693712,1692262429585,1692262429756,1693234693917,205,171,34
1448,1693234693917,1692262429796,1692262429967,1693234694129,212,171,41
1449,1693234694129,1692262430002,1692262430171,1693234694333,204,169,35
1450,1693234694333,1692262430227,1692262430400,1693234694562,229,173,56
1451,1693234694562,1692262430440,1692262430615,1693234694776,214,175,39
1452,1693234694777,1692262430644,1692262430828,1693234694990,213,184,29
1453,1693234694990,1692262430855,1692262431037,1693234695198,208,182,26
1454,1693234695198,1692262431112,1692262431292,1693234695453,255,180,75
1455,1693234695453,1692262431351,1692262431530,1693234695691,238,179,59
1456,1693234695691,1692262431557,1692262431873,1693234696077,386,316,70
1457,1693234696077,1692262431953,1692262432127,1693234696288,211,174,37
1458,1693234696289,1692262432170,1692262432341,1693234696502,213,171,42
1459,1693234696502,1692262432390,1692262432561,1693234696722,220,171,49
1460,1693234696722,1692262432609,1692262432783,1693234696944,222,174,48
1461,1693234696944,1692262432827,1692262433005,1693234697167,223,178,45
1462,1693234697167,1692262433042,1692262433219,1693234697380,213,177,36
1463,1693234697380,1692262433255,1692262433438,1693234697599,219,183,36
1464,1693234697599,1692262433464,1692262433653,1693234697817,218,189,29
1465,1693234697817,1692262433685,1692262433870,1693234698032,215,185,30
1466,1693234698032,1692262433905,1692262434079,1693234698241,209,174,35
1467,1693234698241,1692262434107,1692262434286,1693234698448,207,179,28
1468,1693234698448,1692262434327,1692262434538,1693234698703,255,211,44
1469,1693234698703,1692262434571,1692262434753,1693234698915,212,182,30
1470,1693234698915,1692262434787,1692262434958,1693234699119,204,171,33
1471,1693234699119,1692262434994,1692262435164,1693234699326,207,170,37
1472,1693234699326,1692262435249,1692262435422,1693234699584,258,173,85
1473,1693234699584,1692262435457,1692262435638,1693234699799,215,181,34
1474,1693234699799,1692262435675,1692262435855,1693234700060,261,180,81
1475,1693234700060,1692262435991,1692262436176,1693234700337,277,185,92
1476,1693234700337,1692262436221,1692262436398,1693234700559,222,177,45
1477,1693234700559,1692262436461,1692262436638,1693234700799,240,177,63
1478,1693234700799,1692262436683,1692262436855,1693234701016,217,172,45
1479,1693234701016,1692262436888,1692262437072,1693234701234,218,184,34
1480,1693234701234,1692262437112,1692262437289,1693234701450,216,177,39
1481,1693234701450,1692262437361,1692262437532,1693234701693,243,171,72
1482,1693234701693,1692262437564,1692262437737,1693234701898,205,173,32
1483,1693234701898,1692262437780,1692262437964,1693234702125,227,184,43
1484,1693234702125,1692262438016,1692262438200,1693234702362,237,184,53
1485,1693234702362,1692262438226,1692262438403,1693234702564,202,177,25
1486,1693234702564,1692262438461,1692262438644,1693234702806,242,183,59
1487,1693234702806,1692262438700,1692262438880,1693234703042,236,180,56
1488,1693234703042,1692262438919,1692262439095,1693234703256,214,176,38
1489,1693234703256,1692262439133,1692262439312,1693234703473,217,179,38
1490,1693234703474,1692262439356,1692262439540,1693234703701,227,184,43
1491,1693234703701,1692262439589,1692262439765,1693234703926,225,176,49
1492,1693234703926,1692262439813,1692262439985,1693234704146,220,172,48
1493,1693234704146,1692262440040,1692262440215,1693234704376,230,175,55
1494,1693234704376,1692262440311,1692262440485,1693234704646,270,174,96
1495,1693234704646,1692262440534,1692262440710,1693234704871,225,176,49
1496,1693234704871,1692262440744,1692262440922,1693234705083,212,178,34
1497,1693234705083,1692262440963,1692262441140,1693234705301,218,177,41
1498,1693234705301,1692262441174,1692262441353,1693234705514,213,179,34
1499,1693234705514,1692262441418,1692262441596,1693234705758,244,178,66
1500,1693234705758,1692262441634,1692262441808,1693234705975,217,174,43
1501,1693234705975,1692262441852,1692262442030,1693234706192,217,178,39
1502,1693234706192,1692262442084,1692262442264,1693234706425,233,180,53
1503,1693234706425,1692262442323,1692262442497,1693234706658,233,174,59
1504,1693234706658,1692262442531,1692262442704,1693234706865,207,173,34
1505,1693234706865,1692262442741,1692262442913,1693234707075,210,172,38
1506,1693234707075,1692262442952,1692262443135,1693234707296,221,183,38
1507,1693234707296,1692262443214,1692262443389,1693234707550,254,175,79
1508,1693234707550,1692262443452,1692262443632,1693234707793,243,180,63
1509,1693234707793,1692262443674,1692262443856,1693234708017,224,182,42
1510,1693234708017,1692262443896,1692262444072,1693234708233,216,176,40
1511,1693234708233,1692262444105,1692262444274,1693234708435,202,169,33
1512,1693234708435,1692262444326,1692262444499,1693234708660,225,173,52
1513,1693234708660,1692262444565,1692262444742,1693234708903,243,177,66
1514,1693234708903,1692262444797,1692262444971,1693234709132,229,174,55
1515,1693234709132,1692262445009,1692262445190,1693234709353,221,181,40
1516,1693234709353,1692262445227,1692262445403,1693234709565,212,176,36
1517,1693234709565,1692262445437,1692262445614,1693234709776,211,177,34
1518,1693234709776,1692262445676,1692262445868,1693234710035,259,192,67
1519,1693234710035,1692262445940,1692262446131,1693234710292,257,191,66
1520,1693234710292,1692262446188,1692262446366,1693234710528,236,178,58
1521,1693234710528,1692262446392,1692262446568,1693234710729,201,176,25
1522,1693234710729,1692262446630,1692262446811,1693234710972,243,181,62
1523,1693234710972,1692262446866,1692262447046,1693234711207,235,180,55
1524,1693234711207,1692262447084,1692262447254,1693234711415,208,170,38
1525,1693234711415,1692262447289,1692262447460,1693234711621,206,171,35
1526,1693234711621,1692262447490,1692262447660,1693234711821,200,170,30
1527,1693234711821,1692262447697,1692262447884,1693234712046,225,187,38
1528,1693234712046,1692262447919,1692262448095,1693234712256,210,176,34
1529,1693234712257,1692262448139,1692262448314,1693234712475,218,175,43
1530,1693234712475,1692262448346,1692262448539,1693234712700,225,193,32
1531,1693234712700,1692262448578,1692262448763,1693234712925,225,185,40
1532,1693234712925,1692262448821,1692262448999,1693234713160,235,178,57
1533,1693234713160,1692262449042,1692262449214,1693234713375,215,172,43
1534,1693234713375,1692262449302,1692262449478,1693234713639,264,176,88
1535,1693234713639,1692262449523,1692262449696,1693234713858,219,173,46
1536,1693234713858,1692262449740,1692262449916,1693234714077,219,176,43
1537,1693234714077,1692262449976,1692262450147,1693234714308,231,171,60
1538,1693234717332,1692262453218,1692262453391,1693234717552,220,173,47
1539,1693234717552,1692262453431,1692262453601,1693234717762,210,170,40
1540,1693234717762,1692262453644,1692262453816,1693234717977,215,172,43
1541,1693234717977,1692262453865,1692262454039,1693234718200,223,174,49
1542,1693234718200,1692262454076,1692262454248,1693234718409,209,172,37
1543,1693234718409,1692262454286,1692262454458,1693234718619,210,172,38
1544,1693234718619,1692262454498,1692262454670,1693234718831,212,172,40
1545,1693234718831,1692262454728,1692262454898,1693234719060,229,170,59
1546,1693234719060,1692262454936,1692262455108,1693234719269,209,172,37
1547,1693234719269,1692262455148,1692262455318,1693234719479,210,170,40
1548,1693234719479,1692262455384,1692262455559,1693234719720,241,175,66
1549,1693234719720,1692262455616,1692262455789,1693234719950,230,173,57
1550,1693234719950,1692262455826,1692262455997,1693234720158,208,171,37
1551,1693234720158,1692262456029,1692262456201,1693234720362,204,172,32
1552,1693234720362,1692262456275,1692262456448,1693234720609,247,173,74
1553,1693234720609,1692262456482,1692262456652,1693234720813,204,170,34
1554,1693234720813,1692262456668,1692262456839,1693234721000,187,171,16
1555,1693234721000,1692262456908,1692262457080,1693234721241,241,172,69
1556,1693234721241,1692262457122,1692262457295,1693234721456,215,173,42
1557,1693234721456,1692262457326,1692262457497,1693234721658,202,171,31
1558,1693234721658,1692262457556,1692262457729,1693234721890,232,173,59
1559,1693234721890,1692262457775,1692262457947,1693234722108,218,172,46
1560,1693234722108,1692262458005,1692262458177,1693234722342,234,172,62
1561,1693234722342,1692262458226,1692262458399,1693234722562,220,173,47
1562,1693234722562,1692262458442,1692262458616,1693234722777,215,174,41
1563,1693234722777,1692262458656,1692262458827,1693234722989,212,171,41
1564,1693234722989,1692262458883,1692262459055,1693234723216,227,172,55
1565,1693234723216,1692262459094,1692262459263,1693234723424,208,169,39
1566,1693234723424,1692262459294,1692262459464,1693234723625,201,170,31
1567,1693234723625,1692262459491,1692262459661,1693234723822,197,170,27
1568,1693234723822,1692262459692,1692262459862,1693234724023,201,170,31
1569,1693234724023,1692262459893,1692262460064,1693234724226,203,171,32
1570,1693234724226,1692262460099,1692262460269,1693234724431,205,170,35
1571,1693234724431,1692262460308,1692262460481,1693234724642,211,173,38
1572,1693234724642,1692262460513,1692262460684,1693234724845,203,171,32
1573,1693234724845,1692262460724,1692262460895,1693234725056,211,171,40
1574,1693234725056,1692262460920,1692262461092,1693234725253,197,172,25
1575,1693234725253,1692262461132,1692262461304,1693234725465,212,172,40
1576,1693234725465,1692262461343,1692262461514,1693234725675,210,171,39
1577,1693234725675,1692262461554,1692262461725,1693234725886,211,171,40
1578,1693234725886,1692262461758,1692262461930,1693234726090,204,172,32
1579,1693234726090,1692262461984,1692262462157,1693234726318,228,173,55
1580,1693234726318,1692262462204,1692262462376,1693234726537,219,172,47
1581,1693234726537,1692262462413,1692262462585,1693234726746,209,172,37
1582,1693234726746,1692262462627,1692262462800,1693234726965,219,173,46
1583,1693234726965,1692262462865,1692262463036,1693234727197,232,171,61
1584,1693234727197,1692262463076,1692262463248,1693234727409,212,172,40
1585,1693234727409,1692262463295,1692262463464,1693234727625,216,169,47
1586,1693234727625,1692262463496,1692262463666,1693234727827,202,170,32
1587,1693234727827,1692262463690,1692262463861,1693234728022,195,171,24
1588,1693234728022,1692262463919,1692262464094,1693234728255,233,175,58
1589,1693234728255,1692262464132,1692262464304,1693234728465,210,172,38
1590,1693234728465,1692262464329,1692262464500,1693234728661,196,171,25
1591,1693234728661,1692262464530,1692262464701,1693234728861,200,171,29
1592,1693234728861,1692262464771,1692262464943,1693234729104,243,172,71
1593,1693234729104,1692262465017,1692262465189,1693234729353,249,172,77
1594,1693234729353,1692262465228,1692262465398,1693234729559,206,170,36
1595,1693234729559,1692262465436,1692262465607,1693234729768,209,171,38
1596,1693234729768,1692262465647,1692262465820,1693234730423,655,173,482
1597,1693234730423,1692262466326,1692262466499,1693234730660,237,173,64
1598,1693234730660,1692262466553,1692262466726,1693234730887,227,173,54
1599,1693234730887,1692262466768,1692262466941,1693234731102,215,173,42
1600,1693234731102,1692262467004,1692262467179,1693234731339,237,175,62
1601,1693234731339,1692262467216,1692262467387,1693234731548,209,171,38
1602,1693234731548,1692262467422,1692262467591,1693234731752,204,169,35
1603,1693234731752,1692262467644,1692262467815,1693234731976,224,171,53
1604,1693234731977,1692262467862,1692262468035,1693234732196,219,173,46
1605,1693234732196,1692262468068,1692262468239,1693234732400,204,171,33
1606,1693234732400,1692262468299,1692262468471,1693234732633,233,172,61
1607,1693234732633,1692262468516,1692262468689,1693234732849,216,173,43
1608,1693234732850,1692262468722,1692262468893,1693234733054,204,171,33
1609,1693234733054,1692262468937,1692262469110,1693234733271,217,173,44
1610,1693234733271,1692262469163,1692262469338,1693234733499,228,175,53
1611,1693234733499,1692262469402,1692262469576,1693234733739,240,174,66
1612,1693234733739,1692262469617,1692262469787,1693234733948,209,170,39
1613,1693234733948,1692262469845,1692262470019,1693234734180,232,174,58
1614,1693234734180,1692262470121,1692262470293,1693234734457,277,172,105
1615,1693234734457,1692262470328,1692262470497,1693234734658,201,169,32
1616,1693234734658,1692262470547,1692262470718,1693234734879,221,171,50
1617,1693234734879,1692262470742,1692262470913,1693234735074,195,171,24
1618,1693234735074,1692262470967,1692262471140,1693234735300,226,173,53
1619,1693234735300,1692262471182,1692262471355,1693234735516,216,173,43
1620,1693234735516,1692262471390,1692262471562,1693234735723,207,172,35
1621,1693234735723,1692262471602,1692262471773,1693234735934,211,171,40
1622,1693234735934,1692262471816,1692262471987,1693234736148,214,171,43
1623,1693234736148,1692262472041,1692262472213,1693234736374,226,172,54
1624,1693234736374,1692262472248,1692262472418,1693234736579,205,170,35
1625,1693234736579,1692262472474,1692262472646,1693234736807,228,172,56
1626,1693234736807,1692262472684,1692262472855,1693234737016,209,171,38
1627,1693234737016,1692262472916,1692262473089,1693234737250,234,173,61
1628,1693234737250,1692262473136,1692262473309,1693234737469,219,173,46
1629,1693234737469,1692262473358,1692262473530,1693234737691,222,172,50
1630,1693234737691,1692262473595,1692262473768,1693234737935,244,173,71
1631,1693234737935,1692262473810,1692262473983,1693234738143,208,173,35
1632,1693234738143,1692262474025,1692262474196,1693234738356,213,171,42
1633,1693234738357,1692262474227,1692262474397,1693234738557,200,170,30
1634,1693234738558,1692262474451,1692262474623,1693234738783,225,172,53
1635,1693234738783,1692262474678,1692262474850,1693234739010,227,172,55
1636,1693234739010,1692262474907,1692262475079,1693234739240,230,172,58
1637,1693234739240,1692262475110,1692262475279,1693234739440,200,169,31
1638,1693234739440,1692262475327,1692262475500,1693234739662,222,173,49
1639,1693234739662,1692262475556,1692262475730,1693234739890,228,174,54
1640,1693234739891,1692262475762,1692262475933,1693234740094,203,171,32
1641,1693234740094,1692262475974,1692262476148,1693234740309,215,174,41
1642,1693234740309,1692262476199,1692262476371,1693234740532,223,172,51
1643,1693234740532,1692262476438,1692262476611,1693234740771,239,173,66
1644,1693234740772,1692262476669,1692262476842,1693234741003,231,173,58
1645,1693234741003,1692262476897,1692262477070,1693234741231,228,173,55
1646,1693234741231,1692262477111,1692262477283,1693234741443,212,172,40
1647,1693234741443,1692262477318,1692262477488,1693234741648,205,170,35
1648,1693234741648,1692262477520,1692262477691,1693234741852,204,171,33
1649,1693234741852,1692262477720,1692262477890,1693234742051,199,170,29
1650,1693234742051,1692262477947,1692262478120,1693234742281,230,173,57
1651,1693234742281,1692262478154,1692262478326,1693234742486,205,172,33
1652,1693234742486,1692262478366,1692262478539,1693234742699,213,173,40
1653,1693234742699,1692262478572,1692262478744,1693234742905,206,172,34
1654,1693234742905,1692262478793,1692262478965,1693234743125,220,172,48
1655,1693234743125,1692262479024,1692262479196,1693234743356,231,172,59
1656,1693234743357,1692262479248,1692262479420,1693234743580,223,172,51
1657,1693234743580,1692262479468,1692262479638,1693234743799,219,170,49
1658,1693234743799,1692262479671,1692262479841,1693234744002,203,170,33
1659,1693234744002,1692262479900,1692262480072,1693234744233,231,172,59
1660,1693234744233,1692262480128,1692262480302,1693234744463,230,174,56
1661,1693234744463,1692262480344,1692262480517,1693234744680,217,173,44
1662,1693234744680,1692262480557,1692262480728,1693234744889,209,171,38
1663,1693234744889,1692262480765,1692262480938,1693234745099,210,173,37
1664,1693234745099,1692262480972,1692262481141,1693234745302,203,169,34
1665,1693234745302,1692262481183,1692262481354,1693234745516,214,171,43
1666,1693234745516,1692262481397,1692262481568,1693234745729,213,171,42
1667,1693234745729,1692262481606,1692262481776,1693234745937,208,170,38
1668,1693234745937,1692262481812,1692262481982,1693234746143,206,170,36
1669,1693234746143,1692262482026,1692262482197,1693234746358,215,171,44
1670,1693234746358,1692262482258,1692262482429,1693234746590,232,171,61
1671,1693234746590,1692262482483,1692262482656,1693234746817,227,173,54
1672,1693234746817,1692262482704,1692262482878,1693234747038,221,174,47
1673,1693234747039,1692262482936,1692262483110,1693234747271,232,174,58
1674,1693234747271,1692262483154,1692262483327,1693234747487,216,173,43
1675,1693234747657,1692262483529,1692262483907,1693234748068,411,378,33
1676,1693234748068,1692262483954,1692262484287,1693234748574,506,333,173
1677,1693234748575,1692262484471,1692262484732,1693234748926,351,261,90
1678,1693234748926,1692262484799,1692262485137,1693234749297,371,338,33
1679,1693234749297,1692262485187,1692262485372,1693234749532,235,185,50
1680,1693234749532,1692262485426,1692262485598,1693234749760,228,172,56
1681,1693234749760,1692262485651,1692262485822,1693234749982,222,171,51
1682,1693234749982,1692262485865,1692262486036,1693234750197,215,171,44
1683,1693234750197,1692262486068,1692262486238,1693234750399,202,170,32
1684,1693234750399,1692262486277,1692262486450,1693234750611,212,173,39
1685,1693234750611,1692262486487,1692262486679,1693234750840,229,192,37
1686,1693234750840,1692262486710,1692262487055,1693234751216,376,345,31
1687,1693234751216,1692262487102,1692262487443,1693234751605,389,341,48
1688,1693234751605,1692262487492,1692262487803,1693234751964,359,311,48
1689,1693234751964,1692262487858,1692262488074,1693234752261,297,216,81
1690,1693234752261,1692262488150,1692262488342,1693234752503,242,192,50
1691,1693234752503,1692262488385,1692262488556,1693234752717,214,171,43
1692,1693234752717,1692262488623,1692262488795,1693234752956,239,172,67
1693,1693234752956,1692262488844,1692262489017,1693234753179,223,173,50
1694,1693234753179,1692262489066,1692262489239,1693234753400,221,173,48
1695,1693234753400,1692262489267,1692262489442,1693234753603,203,175,28
1696,1693234753603,1692262489483,1692262489668,1693234753829,226,185,41
1697,1693234753829,1692262489710,1692262490045,1693234754206,377,335,42
1698,1693234754206,1692262490101,1692262490393,1693234754575,369,292,77
1699,1693234754576,1692262490449,1692262490627,1693234754788,212,178,34
1700,1693234754788,1692262490672,1692262490845,1693234755006,218,173,45
1701,1693234755006,1692262490888,1692262491058,1693234755218,212,170,42
1702,1693234755218,1692262491092,1692262491263,1693234755423,205,171,34
1703,1693234755423,1692262491319,1692262491494,1693234755655,232,175,57
1704,1693234755655,1692262491535,1692262491715,1693234755876,221,180,41
1705,1693234755876,1692262491776,1692262491953,1693234756114,238,177,61
1706,1693234756114,1692262491991,1692262492175,1693234756336,222,184,38
1707,1693234756336,1692262492231,1692262492421,1693234756582,246,190,56
1708,1693234756582,1692262492466,1692262492771,1693234756932,350,305,45
1709,1693234756932,1692262492813,1692262492988,1693234757148,216,175,41
1710,1693234757148,1692262493035,1692262493208,1693234757369,221,173,48
1711,1693234757369,1692262493265,1692262493436,1693234757596,227,171,56
1712,1693234757596,1692262493480,1692262493650,1693234757811,215,170,45
1713,1693234757811,1692262493697,1692262493868,1693234758029,218,171,47
1714,1693234758029,1692262493910,1692262494083,1693234758243,214,173,41
1715,1693234758243,1692262494114,1692262494293,1693234758453,210,179,31
1716,1693234758453,1692262494321,1692262494495,1693234758655,202,174,28
1717,1693234758655,1692262494530,1692262494705,1693234758866,211,175,36
1718,1693234758866,1692262494745,1692262494928,1693234759089,223,183,40
1719,1693234759089,1692262495004,1692262495181,1693234759342,253,177,76
1720,1693234759342,1692262495239,1692262495501,1693234759662,320,262,58
1721,1693234759662,1692262495536,1692262495712,1693234760169,507,176,331
1722,1693234760169,1692262496043,1692262496217,1693234760378,209,174,35
1723,1693234760378,1692262496261,1692262496433,1693234760593,215,172,43
1724,1693234760593,1692262496488,1692262496667,1693234760828,235,179,56
1725,1693234760828,1692262496730,1692262496917,1693234761077,249,187,62
1726,1693234761078,1692262496959,1692262497133,1693234761294,216,174,42
1727,1693234761294,1692262497161,1692262497338,1693234761498,204,177,27
1728,1693234761498,1692262497367,1692262497551,1693234761711,213,184,29
1729,1693234761711,1692262497584,1692262497762,1693234761923,212,178,34
1730,1693234761923,1692262497819,1692262497999,1693234762159,236,180,56
1731,1693234762160,1692262498043,1692262498221,1693234762382,222,178,44
1732,1693234762382,1692262498255,1692262498428,1693234762588,206,173,33
1733,1693234762588,1692262498474,1692262498646,1693234762806,218,172,46
1734,1693234762807,1692262498680,1692262498852,1693234763012,205,172,33
1735,1693234763012,1692262498895,1692262499066,1693234763227,215,171,44
1736,1693234763227,1692262499116,1692262499293,1693234763454,227,177,50
1737,1693234763454,1692262499323,1692262499502,1693234763662,208,179,29
1738,1693234763662,1692262499537,1692262499712,1693234763873,211,175,36
1739,1693234763873,1692262499773,1692262499953,1693234764113,240,180,60
1740,1693234764113,1692262499996,1692262500180,1693234764341,228,184,44
1741,1693234764341,1692262500211,1692262500385,1693234764546,205,174,31
1742,1693234764546,1692262500453,1692262500632,1693234764793,247,179,68
1743,1693234764793,1692262500679,1692262500858,1693234765018,225,179,46
1744,1693234765019,1692262500921,1692262501093,1693234765253,234,172,62
1745,1693234765253,1692262501124,1692262501296,1693234765456,203,172,31
1746,1693234765456,1692262501335,1692262501506,1693234765666,210,171,39
1747,1693234765666,1692262501564,1692262501750,1693234765911,245,186,59
1748,1693234765911,1692262501782,1692262501962,1693234766122,211,180,31
1749,1693234766123,1692262501999,1692262502191,1693234766352,229,192,37
1750,1693234766352,1692262502256,1692262502434,1693234766595,243,178,65
1751,1693234766595,1692262502474,1692262502659,1693234766820,225,185,40
1752,1693234766820,1692262502698,1692262502879,1693234767040,220,181,39
1753,1693234767040,1692262502934,1692262503111,1693234767272,232,177,55
1754,1693234767272,1692262503149,1692262503325,1693234767485,213,176,37
1755,1693234767486,1692262503353,1692262503524,1693234767685,199,171,28
1756,1693234767685,1692262503571,1692262503743,1693234767904,219,172,47
1757,1693234767904,1692262503787,1692262503959,1693234768120,216,172,44
1758,1693234768120,1692262504002,1692262504174,1693234768335,215,172,43
1759,1693234768335,1692262504212,1692262504399,1693234768560,225,187,38
1760,1693234768560,1692262504433,1692262504620,1693234768781,221,187,34
1761,1693234768781,1692262504670,1692262504848,1693234769009,228,178,50
1762,1693234769009,1692262504902,1692262505083,1693234769244,235,181,54
1763,1693234769244,1692262505115,1692262505301,1693234769462,218,186,32
1764,1693234769462,1692262505342,1692262505517,1693234769678,216,175,41
1765,1693234769678,1692262505551,1692262505768,1693234769976,298,217,81
1766,1693234769976,1692262505860,1692262506036,1693234770283,307,176,131
1767,1693234770283,1692262506174,1692262506346,1693234770590,307,172,135
1768,1693234770590,1692262506477,1692262506648,1693234770808,218,171,47
1769,1693234770808,1692262506705,1692262506878,1693234771039,231,173,58
1770,1693234771039,1692262506923,1692262507113,1693234771274,235,190,45
1771,1693234771274,1692262507179,1692262507362,1693234771522,248,183,65
1772,1693234771522,1692262507389,1692262507566,1693234771815,293,177,116
1773,1693234771815,1692262507695,1692262507872,1693234772032,217,177,40
1774,1693234772032,1692262507904,1692262508075,1693234772235,203,171,32
1775,1693234772235,1692262508130,1692262508301,1693234772462,227,171,56
1776,1693234772462,1692262508327,1692262508506,1693234772667,205,179,26
1777,1693234772667,1692262508542,1692262508721,1693234772882,215,179,36
1778,1693234772882,1692262508731,1692262508909,1693234773069,187,178,9
1779,1693234773070,1692262508952,1692262509192,1693234773354,284,240,44
1780,1693234773354,1692262509227,1692262509411,1693234773572,218,184,34
1781,1693234773572,1692262509453,1692262509634,1693234773794,222,181,41
1782,1693234773794,1692262509671,1692262509845,1693234774005,211,174,37
1783,1693234774005,1692262509899,1692262510086,1693234774248,243,187,56
1784,1693234774248,1692262510122,1692262510293,1693234774453,205,171,34
1785,1693234774453,1692262510321,1692262510492,1693234774652,199,171,28
1786,1693234774652,1692262510528,1692262510702,1693234774863,211,174,37
1787,1693234774863,1692262510744,1692262510923,1693234775083,220,179,41
1788,1693234775083,1692262510952,1692262511127,1693234775288,205,175,30
1789,1693234775288,1692262511154,1692262511329,1693234775489,201,175,26
1790,1693234775489,1692262511372,1692262511546,1693234775707,218,174,44
1791,1693234775707,1692262511581,1692262511754,1693234775914,207,173,34
1792,1693234775914,1692262511796,1692262511983,1693234776143,229,187,42
1793,1693234776144,1692262512013,1692262512205,1693234776366,222,192,30
1794,1693234776366,1692262512249,1692262512428,1693234776589,223,179,44
1795,1693234776589,1692262512490,1692262512694,1693234776855,266,204,62
1796,1693234776855,1692262512728,1692262512900,1693234777061,206,172,34
1797,1693234777061,1692262512939,1692262513110,1693234777270,209,171,38
1798,1693234777270,1692262513162,1692262513338,1693234777498,228,176,52
1799,1693234777498,1692262513378,1692262513553,1693234777713,215,175,40
1800,1693234780731,1692262516606,1692262516778,1693234780938,207,172,35
1801,1693234780938,1692262516813,1692262516984,1693234781144,206,171,35
1802,1693234781144,1692262517036,1692262517207,1693234781367,223,171,52
1803,1693234781367,1692262517238,1692262517408,1693234781568,201,170,31
1804,1693234781568,1692262517449,1692262517621,1693234781781,213,172,41
1805,1693234781781,1692262517675,1692262517850,1693234782010,229,175,54
1806,1693234782010,1692262517877,1692262518048,1693234782209,199,171,28
1807,1693234782209,1692262518090,1692262518262,1693234782422,213,172,41
1808,1693234782422,1692262518299,1692262518472,1693234782632,210,173,37
1809,1693234782632,1692262518552,1692262518726,1693234782886,254,174,80
1810,1693234782886,1692262518776,1692262518947,1693234783107,221,171,50
1811,1693234783107,1692262518985,1692262519156,1693234783317,210,171,39
1812,1693234783317,1692262519209,1692262519380,1693234783540,223,171,52
1813,1693234783540,1692262519415,1692262519584,1693234783745,205,169,36
1814,1693234783745,1692262519621,1692262519791,1693234783952,207,170,37
1815,1693234783952,1692262519831,1692262520004,1693234784164,212,173,39
1816,1693234784164,1692262520049,1692262520221,1693234784382,218,172,46
1817,1693234784382,1692262520287,1692262520461,1693234784621,239,174,65
1818,1693234784621,1692262520509,1692262520682,1693234784842,221,173,48
1819,1693234784842,1692262520747,1692262520921,1693234785081,239,174,65
1820,1693234785081,1692262520979,1692262521153,1693234785313,232,174,58
1821,1693234785313,1692262521193,1692262521366,1693234785526,213,173,40
1822,1693234785526,1692262521390,1692262521559,1693234785720,194,169,25
1823,1693234785720,1692262521618,1692262521790,1693234785950,230,172,58
1824,1693234785950,1692262521824,1692262521994,1693234786154,204,170,34
1825,1693234786155,1692262522032,1692262522202,1693234786362,207,170,37
1826,1693234786363,1692262522264,1692262522436,1693234786597,234,172,62
1827,1693234786597,1692262522496,1692262522671,1693234786831,234,175,59
1828,1693234786831,1692262522720,1692262522893,1693234787054,223,173,50
1829,1693234787054,1692262522942,1692262523113,1693234787279,225,171,54
1830,1693234787279,1692262523170,1692262523342,1693234787502,223,172,51
1831,1693234787502,1692262523400,1692262523572,1693234787733,231,172,59
1832,1693234787733,1692262523619,1692262523792,1693234787952,219,173,46
1833,1693234787952,1692262523846,1692262524019,1693234788179,227,173,54
1834,1693234788179,1692262524060,1692262524231,1693234788391,212,171,41
1835,1693234788391,1692262524264,1692262524436,1693234788601,210,172,38
1836,1693234788601,1692262524467,1692262524636,1693234788797,196,169,27
1837,1693234788797,1692262524700,1692262524873,1693234789034,237,173,64
1838,1693234789034,1692262524924,1692262525097,1693234789257,223,173,50
1839,1693234789257,1692262525139,1692262525311,1693234789471,214,172,42
1840,1693234789471,1692262525351,1692262525525,1693234789685,214,174,40
1841,1693234789685,1692262525560,1692262525730,1693234789891,206,170,36
1842,1693234789891,1692262525922,1692262526093,1693234790253,362,171,191
1843,1693234790253,1692262526151,1692262526323,1693234790483,230,172,58
1844,1693234790483,1692262526350,1692262526519,1693234790680,197,169,28
1845,1693234790680,1692262526554,1692262526725,1693234790886,206,171,35
1846,1693234790886,1692262526775,1692262526947,1693234791107,221,172,49
1847,1693234791107,1692262526997,1692262527168,1693234791328,221,171,50
1848,1693234791328,1692262527221,1692262527395,1693234791556,228,174,54
1849,1693234791556,1692262527443,1692262527614,1693234791775,219,171,48
1850,1693234791775,1692262527672,1692262527844,1693234792005,230,172,58
1851,1693234792005,1692262527890,1692262528063,1693234792224,219,173,46
1852,1693234792224,1692262528125,1692262528297,1693234792457,233,172,61
1853,1693234792457,1692262528394,1692262528567,1693234792727,270,173,97
1854,1693234792727,1692262528625,1692262528796,1693234792956,229,171,58
1855,1693234792956,1692262528833,1692262529005,1693234793165,209,172,37
1856,1693234793165,1692262529039,1692262529210,1693234793370,205,171,34
1857,1693234793370,1692262529245,1692262529418,1693234793578,208,173,35
1858,1693234793578,1692262529456,1692262529628,1693234793788,210,172,38
1859,1693234793788,1692262529667,1692262529839,1693234793999,211,172,39
1860,1693234794000,1692262529886,1692262530058,1693234794218,218,172,46
1861,1693234794218,1692262530108,1692262530280,1693234794443,225,172,53
1862,1693234794443,1692262530318,1692262530489,1693234794650,207,171,36
1863,1693234794650,1692262530530,1692262530700,1693234794861,211,170,41
1864,1693234794861,1692262530732,1692262530903,1693234795063,202,171,31
1865,1693234795063,1692262530947,1692262531121,1693234795281,218,174,44
1866,1693234795282,1692262531170,1692262531342,1693234795504,222,172,50
1867,1693234795505,1692262531395,1692262531568,1693234795728,223,173,50
1868,1693234795728,1692262531609,1692262531782,1693234795942,214,173,41
1869,1693234795942,1692262531849,1692262532021,1693234796181,239,172,67
1870,1693234796181,1692262532060,1692262532230,1693234796391,210,170,40
1871,1693234796391,1692262532279,1692262532451,1693234796611,220,172,48
1872,1693234796611,1692262532487,1692262532656,1693234796816,205,169,36
1873,1693234796816,1692262532692,1692262532863,1693234797024,208,171,37
1874,1693234797024,1692262532905,1692262533075,1693234797235,211,170,41
1875,1693234797235,1692262533111,1692262533283,1693234797443,208,172,36
1876,1693234797443,1692262533327,1692262533498,1693234797658,215,171,44
1877,1693234797658,1692262533525,1692262533697,1693234797857,199,172,27
1878,1693234797857,1692262533740,1692262533912,1693234798072,215,172,43
1879,1693234798072,1692262533951,1692262534122,1693234798282,210,171,39
1880,1693234798282,1692262534186,1692262534358,1693234798518,236,172,64
1881,1693234798518,1692262534410,1692262534581,1693234798741,223,171,52
1882,1693234798741,1692262534642,1692262534814,1693234798974,233,172,61
1883,1693234798974,1692262534835,1692262535006,1693234799166,192,171,21
1884,1693234799166,1692262535040,1692262535209,1693234799369,203,169,34
1885,1693234799369,1692262535263,1692262535436,1693234799596,227,173,54
1886,1693234799596,1692262535477,1692262535648,1693234799808,212,171,41
1887,1693234799808,1692262535684,1692262535856,1693234800016,208,172,36
1888,1693234800016,1692262535898,1692262536070,1693234800230,214,172,42
1889,1693234800230,1692262536108,1692262536279,1693234800439,209,171,38
1890,1693234800439,1692262536311,1692262536480,1693234800640,201,169,32
1891,1693234800641,1692262536510,1692262536681,1693234800841,200,171,29
1892,1693234800841,1692262536724,1692262536894,1693234801055,214,170,44
1893,1693234801055,1692262536954,1692262537126,1693234801286,231,172,59
1894,1693234801286,1692262537166,1692262537336,1693234801496,210,170,40
1895,1693234801496,1692262537387,1692262537559,1693234801719,223,172,51
1896,1693234801719,1692262537601,1692262537774,1693234801934,215,173,42
1897,1693234801934,1692262537825,1692262537998,1693234802158,224,173,51
1898,1693234802158,1692262538034,1692262538207,1693234802367,209,173,36
1899,1693234802367,1692262538229,1692262538399,1693234802560,193,170,23
1900,1693234802560,1692262538412,1692262538581,1693234802751,191,169,22
1901,1693234802751,1692262538633,1692262538805,1693234802965,214,172,42
1902,1693234802965,1692262538844,1692262539013,1693234803173,208,169,39
1903,1693234803173,1692262539039,1692262539209,1693234803371,198,170,28
1904,1693234803371,1692262539248,1692262539418,1693234803578,207,170,37
1905,1693234803578,1692262539458,1692262539629,1693234803790,212,171,41
1906,1693234803790,1692262539662,1692262539831,1693234803991,201,169,32
1907,1693234803991,1692262539867,1692262540039,1693234804199,208,172,36
1908,1693234804199,1692262540081,1692262540253,1693234804413,214,172,42
1909,1693234804413,1692262540294,1692262540466,1693234804627,214,172,42
1910,1693234804627,1692262540515,1692262540691,1693234804851,224,176,48
1911,1693234804851,1692262540737,1692262540909,1693234805069,218,172,46
1912,1693234805070,1692262540946,1692262541118,1693234805278,208,172,36
1913,1693234805278,1692262541164,1692262541337,1693234805497,219,173,46
1914,1693234805497,1692262541400,1692262541572,1693234805732,235,172,63
1915,1693234805732,1692262541610,1692262541782,1693234805942,210,172,38
1916,1693234805942,1692262541812,1692262541982,1693234806142,200,170,30
1917,1693234806142,1692262542014,1692262542184,1693234806345,203,170,33
1918,1693234806345,1692262542255,1692262542427,1693234806587,242,172,70
1919,1693234806587,1692262542464,1692262542635,1693234806795,208,171,37
1920,1693234806795,1692262542675,1692262542846,1693234807006,211,171,40
1921,1693234807006,1692262542891,1692262543062,1693234807222,216,171,45
1922,1693234807223,1692262543127,1692262543297,1693234807457,234,170,64
1923,1693234807457,1692262543330,1692262543501,1693234807661,204,171,33
1924,1693234807662,1692262543549,1692262543720,1693234807881,219,171,48
1925,1693234807881,1692262543757,1692262543929,1693234808089,208,172,36
1926,1693234808089,1692262543964,1692262544135,1693234808295,206,171,35
1927,1693234808296,1692262544173,1692262544344,1693234808504,208,171,37
1928,1693234808504,1692262544397,1692262544572,1693234808732,228,175,53
1929,1693234808732,1692262544629,1692262544803,1693234808963,231,174,57
1930,1693234808963,1692262544839,1692262545011,1693234809171,208,172,36
1931,1693234809171,1692262545055,1692262545228,1693234809388,217,173,44
1932,1693234809388,1692262545275,1692262545445,1693234809605,217,170,47
1933,1693234809605,1692262545500,1692262545670,1693234809830,225,170,55
1934,1693234809830,1692262545708,1692262545880,1693234810040,210,172,38
1935,1693234810040,1692262545919,1692262546093,1693234810253,213,174,39
1936,1693234810253,1692262546126,1692262546297,1693234810457,204,171,33
1937,1693234810457,1692262546341,1692262546513,1693234810673,216,172,44
1938,1693234810673,1692262546558,1692262546732,1693234810892,219,174,45
1939,1693234811061,1692262546967,1692262547201,1693234811444,383,234,149
1940,1693234811444,1692262547331,1692262547660,1693234811820,376,329,47
1941,1693234811820,1692262547718,1692262548055,1693234812215,395,337,58
1942,1693234812215,1692262548089,1692262548412,1693234812577,362,323,39
1943,1693234812577,1692262548489,1692262548684,1693234812844,267,195,72
1944,1693234812844,1692262548742,1692262548914,1693234813074,230,172,58
1945,1693234813074,1692262548960,1692262549132,1693234813292,218,172,46
1946,1693234813292,1692262549163,1692262549333,1693234813493,201,170,31
1947,1693234813493,1692262549391,1692262549565,1693234813725,232,174,58
1948,1693234813725,1692262549607,1692262549787,1693234813947,222,180,42
1949,1693234813947,1692262549834,1692262550014,1693234814174,227,180,47
1950,1693234814174,1692262550060,1692262550234,1693234814394,220,174,46
1951,1693234814394,1692262550276,1692262550450,1693234814610,216,174,42
1952,1693234814610,1692262550533,1692262550792,1693234814952,342,259,83
1953,1693234814952,1692262550857,1692262551187,1693234815347,395,330,65
1954,1693234815347,1692262551229,1692262551407,1693234815567,220,178,42
1955,1693234815567,1692262551475,1692262551649,1693234815809,242,174,68
1956,1693234815809,1692262551693,1692262551866,1693234816027,218,173,45
1957,1693234816027,1692262551919,1692262552091,1693234816251,224,172,52
1958,1693234816251,1692262552142,1692262552319,1693234816479,228,177,51
1959,1693234816479,1692262552366,1692262552558,1693234816718,239,192,47
1960,1693234816718,1692262552607,1692262552788,1693234816948,230,181,49
1961,1693234816948,1692262552834,1692262553009,1693234817169,221,175,46
1962,1693234817169,1692262553041,1692262553218,1693234817384,215,177,38
1963,1693234817384,1692262553263,1692262553459,1693234817619,235,196,39
1964,1693234817619,1692262553499,1692262553742,1693234817901,282,243,39
1965,1693234817902,1692262553780,1692262553951,1693234818111,209,171,38
1966,1693234818111,1692262554003,1692262554174,1693234818334,223,171,52
1967,1693234818334,1692262554214,1692262554387,1693234818547,213,173,40
1968,1693234818547,1692262554423,1692262554594,1693234818754,207,171,36
1969,1693234818754,1692262554628,1692262554827,1693234818987,233,199,34
1970,1693234818987,1692262554861,1692262555087,1693234819247,260,226,34
1971,1693234819247,1692262555187,1692262555362,1693234819522,275,175,100
1972,1693234819522,1692262555398,1692262555571,1693234819731,209,173,36
1973,1693234819731,1692262555629,1692262555809,1693234820071,340,180,160
1974,1693234820071,1692262555948,1692262556251,1693234820445,374,303,71
1975,1693234820445,1692262556341,1692262556513,1693234820673,228,172,56
1976,1693234820673,1692262556581,1692262556754,1693234820914,241,173,68
1977,1693234820914,1692262556787,1692262556960,1693234821120,206,173,33
1978,1693234821120,1692262557004,1692262557175,1693234821335,215,171,44
1979,1693234821335,1692262557224,1692262557400,1693234821560,225,176,49
1980,1693234821560,1692262557447,1692262557642,1693234821802,242,195,47
1981,1693234821802,1692262557689,1692262557876,1693234822037,235,187,48
1982,1693234822037,1692262557911,1692262558086,1693234822246,209,175,34
1983,1693234822246,1692262558130,1692262558305,1693234822465,219,175,44
1984,1693234822465,1692262558354,1692262558531,1693234822691,226,177,49
1985,1693234822691,1692262558568,1692262558749,1693234822912,221,181,40
1986,1693234822912,1692262558798,1692262559036,1693234823219,307,238,69
1987,1693234823219,1692262559103,1692262559276,1693234823530,311,173,138
1988,1693234823530,1692262559414,1692262559586,1693234823816,286,172,114
1989,1693234823816,1692262559690,1692262559861,1693234824022,206,171,35
1990,1693234824022,1692262559898,1692262560074,1693234824234,212,176,36
1991,1693234824234,1692262560113,1692262560306,1693234824466,232,193,39
1992,1693234824466,1692262560352,1692262560542,1693234824703,237,190,47
1993,1693234824703,1692262560568,1692262560749,1693234824909,206,181,25
1994,1693234824909,1692262560800,1692262560979,1693234825139,230,179,51
1995,1693234825139,1692262561031,1692262561205,1693234825370,231,174,57
1996,1693234825370,1692262561272,1692262561449,1693234825610,240,177,63
1997,1693234825610,1692262561499,1692262561719,1693234825881,271,220,51
1998,1693234825881,1692262561766,1692262561939,1693234826099,218,173,45
1999,1693234826099,1692262561995,1692262562167,1693234826327,228,172,56
2000,1693234826327,1692262562182,1692262562352,1693234826512,185,170,15
2001,1693234826512,1692262562385,1692262562555,1693234826715,203,170,33
2002,1693234826715,1692262562584,1692262562755,1693234826915,200,171,29
2003,1693234826915,1692262562807,1692262563042,1693234827203,288,235,53
2004,1693234827203,1692262563116,1692262563301,1693234827461,258,185,73
2005,1693234827461,1692262563347,1692262563527,1693234827688,227,180,47
2006,1693234827688,1692262563562,1692262563738,1693234827897,209,176,33
2007,1693234827897,1692262563786,1692262563962,1693234828122,225,176,49
2008,1693234828122,1692262564010,1692262564189,1693234828349,227,179,48
2009,1693234828349,1692262564240,1692262564415,1693234828575,226,175,51
2010,1693234828575,1692262564461,1692262564633,1693234828793,218,172,46
2011,1693234828793,1692262564658,1692262564829,1693234828989,196,171,25
2012,1693234828989,1692262564866,1692262565038,1693234829198,209,172,37
2013,1693234829198,1692262565066,1692262565248,1693234829408,210,182,28
2014,1693234829409,1692262565299,1692262565543,1693234829757,348,244,104
2015,1693234829757,1692262565635,1692262565831,1693234829991,234,196,38
2016,1693234829991,1692262565868,1692262566042,1693234830202,211,174,37
2017,1693234830202,1692262566075,1692262566251,1693234830412,210,176,34
2018,1693234830412,1692262566266,1692262566464,1693234830625,213,198,15
2019,1693234830625,1692262566505,1692262566742,1693234830933,308,237,71
2020,1693234830933,1692262566810,1692262566984,1693234831143,210,174,36
2021,1693234831143,1692262567018,1692262567188,1693234831347,204,170,34
2022,1693234831348,1692262567238,1692262567409,1693234831569,221,171,50
2023,1693234831569,1692262567450,1692262567622,1693234831782,213,172,41
2024,1693234831782,1692262567673,1692262567844,1693234832004,222,171,51
2025,1693234832004,1692262567922,1692262568103,1693234832263,259,181,78
2026,1693234832263,1692262568135,1692262568324,1693234832484,221,189,32
2027,1693234832484,1692262568370,1692262568562,1693234832722,238,192,46
2028,1693234832722,1692262568647,1692262568832,1693234832993,271,185,86
2029,1693234832993,1692262568882,1692262569057,1693234833217,224,175,49
2030,1693234833217,1692262569108,1692262569397,1693234833610,393,289,104
2031,1693234833610,1692262569504,1692262569681,1693234833841,231,177,54
2032,1693234833841,1692262569723,1692262569892,1693234834052,211,169,42
2033,1693234834052,1692262569920,1692262570088,1693234834248,196,168,28
2034,1693234834248,1692262570136,1692262570309,1693234834468,220,173,47
2035,1693234834468,1692262570358,1692262570528,1693234834688,220,170,50
2036,1693234834688,1692262570571,1692262570748,1693234834908,220,177,43
2037,1693234834908,1692262570794,1692262570996,1693234835156,248,202,46
2038,1693234835156,1692262571049,1692262571236,1693234835397,241,187,54
2039,1693234835398,1692262571297,1692262571469,1693234835628,230,172,58
2040,1693234835628,1692262571496,1692262571670,1693234835829,201,174,27
2041,1693234835829,1692262571705,1692262571874,1693234836034,205,169,36
2042,1693234836034,1692262571925,1692262572106,1693234836266,232,181,51
2043,1693234836266,1692262572146,1692262572323,1693234836483,217,177,40
2044,1693234836483,1692262572365,1692262572691,1693234836851,368,326,42
2045,1693234836851,1692262572727,1692262572902,1693234837062,211,175,36
2046,1693234837062,1692262572920,1692262573102,1693234837262,200,182,18
2047,1693234837262,1692262573134,1692262573327,1693234837487,225,193,32
2048,1693234837487,1692262573370,1692262573667,1693234837865,378,297,81
2049,1693234837866,1692262573736,1692262573910,1693234838070,204,174,30
2050,1693234838070,1692262573945,1692262574115,1693234838274,204,170,34
2051,1693234838274,1692262574150,1692262574328,1693234838488,214,178,36
2052,1693234838488,1692262574374,1692262574548,1693234838707,219,174,45
2053,1693234838707,1692262574599,1692262574769,1693234838929,222,170,52
2054,1693234838929,1692262574804,1692262574976,1693234839136,207,172,35
2055,1693234839136,1692262575052,1692262575226,1693234839391,255,174,81
2056,1693234839391,1692262575315,1692262575490,1693234839650,259,175,84
2057,1693234839650,1692262575526,1692262575714,1693234839874,224,188,36
2058,1693234839874,1692262575740,1692262575929,1693234840090,216,189,27
2059,1693234840090,1692262575979,1692262576305,1693234840465,375,326,49
2060,1693234840465,1692262576340,1692262576511,1693234840671,206,171,35
2061,1693234840671,1692262576566,1692262576743,1693234840903,232,177,55
2062,1693234840903,1692262576772,1692262576949,1693234841108,205,177,28
2063,1693234844122,1692262580006,1692262580178,1693234844337,215,172,43
2064,1693234844337,1692262580209,1692262580379,1693234844539,202,170,32
2065,1693234844539,1692262580432,1692262580605,1693234844765,226,173,53
2066,1693234844765,1692262580645,1692262580815,1693234844975,210,170,40
2067,1693234844975,1692262580859,1692262581031,1693234845190,215,172,43
2068,1693234845190,1692262581067,1692262581239,1693234845400,210,172,38
2069,1693234845400,1692262581280,1692262581451,1693234845611,211,171,40
2070,1693234845611,1692262581470,1692262581640,1693234845799,188,170,18
2071,1693234845799,1692262581688,1692262581860,1693234846020,221,172,49
2072,1693234846020,1692262581922,1692262582094,1693234846253,233,172,61
2073,1693234846254,1692262582140,1692262582312,1693234846472,218,172,46
2074,1693234846472,1692262582354,1692262582527,1693234846686,214,173,41
2075,1693234846686,1692262582577,1692262582751,1693234846911,225,174,51
2076,1693234846911,1692262582780,1692262582952,1693234847112,201,172,29
2077,1693234847112,1692262582985,1692262583156,1693234847315,203,171,32
2078,1693234847315,1692262583197,1692262583370,1693234847529,214,173,41
2079,1693234847529,1692262583429,1692262583599,1693234847759,230,170,60
2080,1693234847759,1692262583648,1692262583820,1693234847980,221,172,49
2081,1693234847980,1692262583857,1692262584027,1693234848187,207,170,37
2082,1693234848187,1692262584085,1692262584259,1693234848419,232,174,58
2083,1693234848419,1692262584295,1692262584466,1693234848625,206,171,35
2084,1693234848626,1692262584503,1692262584675,1693234848834,208,172,36
2085,1693234848834,1692262584707,1692262584880,1693234849046,212,173,39
2086,1693234849046,1692262584953,1692262585124,1693234849283,237,171,66
2087,1693234849283,1692262585163,1692262585334,1693234849493,210,171,39
2088,1693234849494,1692262585359,1692262585529,1693234849688,194,170,24
2089,1693234849688,1692262585570,1692262585741,1693234849900,212,171,41
2090,1693234849900,1692262585760,1692262585930,1693234850176,276,170,106
2091,1693234850176,1692262586057,1692262586227,1693234850447,271,170,101
2092,1693234850447,1692262586334,1692262586508,1693234850678,231,174,57
2093,1693234850678,1692262586562,1692262586735,1693234850895,217,173,44
2094,1693234850895,1692262586782,1692262586956,1693234851115,220,174,46
2095,1693234851115,1692262587006,1692262587181,1693234851341,226,175,51
2096,1693234851341,1692262587233,1692262587405,1693234851565,224,172,52
2097,1693234851565,1692262587451,1692262587622,1693234851782,217,171,46
2098,1693234851782,1692262587661,1692262587832,1693234851993,211,171,40
2099,1693234851993,1692262587864,1692262588032,1693234852192,199,168,31
2100,1693234852192,1692262588075,1692262588247,1693234852406,214,172,42
2101,1693234852406,1692262588281,1692262588451,1693234852610,204,170,34
2102,1693234852610,1692262588477,1692262588648,1693234852807,197,171,26
2103,1693234852807,1692262588710,1692262588882,1693234853042,235,172,63
2104,1693234853042,1692262588916,1692262589087,1693234853246,204,171,33
2105,1693234853246,1692262589124,1692262589296,1693234853456,210,172,38
2106,1693234853456,1692262589329,1692262589500,1693234853660,204,171,33
2107,1693234853660,1692262589541,1692262589713,1693234853873,213,172,41
2108,1693234853873,1692262589762,1692262589934,1693234854093,220,172,48
2109,1693234854093,1692262589994,1692262590165,1693234854325,232,171,61
2110,1693234854325,1692262590202,1692262590372,1693234854532,207,170,37
2111,1693234854532,1692262590425,1692262590597,1693234854757,225,172,53
2112,1693234854757,1692262590646,1692262590819,1693234854979,222,173,49
2113,1693234854979,1692262590878,1692262591052,1693234855211,232,174,58
2114,1693234855211,1692262591087,1692262591259,1693234855419,208,172,36
2115,1693234855419,1692262591300,1692262591473,1693234855632,213,173,40
2116,1693234855632,1692262591550,1692262591723,1693234855884,252,173,79
2117,1693234855884,1692262591758,1692262591928,1693234856089,205,170,35
2118,1693234856089,1692262591975,1692262592148,1693234856307,218,173,45
2119,1693234856307,1692262592183,1692262592353,1693234856513,206,170,36
2120,1693234856513,1692262592411,1692262592583,1693234856743,230,172,58
2121,1693234856743,1692262592657,1692262592828,1693234856988,245,171,74
2122,1693234856988,1692262592883,1692262593059,1693234857219,231,176,55
2123,1693234857219,1692262593098,1692262593269,1693234857428,209,171,38
2124,1693234857428,1692262593329,1692262593502,1693234857661,233,173,60
2125,1693234857661,1692262593537,1692262593710,1693234857869,208,173,35
2126,1693234857869,1692262593758,1692262593931,1693234858091,222,173,49
2127,1693234858091,1692262593968,1692262594142,1693234858301,210,174,36
2128,1693234858302,1692262594174,1692262594343,1693234858502,200,169,31
2129,1693234858502,1692262594401,1692262594573,1693234858733,231,172,59
2130,1693234858733,1692262594633,1692262594806,1693234858966,233,173,60
2131,1693234858966,1692262594848,1692262595019,1693234859178,212,171,41
2132,1693234859178,1692262595057,1692262595228,1693234859388,210,171,39
2133,1693234859388,1692262595286,1692262595459,1693234859618,230,173,57
2134,1693234859619,1692262595512,1692262595685,1693234859844,225,173,52
2135,1693234859844,1692262595733,1692262595905,1693234860065,221,172,49
2136,1693234860065,1692262595958,1692262596128,1693234860288,223,170,53
2137,1693234860288,1692262596170,1692262596344,1693234860503,215,174,41
2138,1693234860503,1692262596365,1692262596536,1693234860697,194,171,23
2139,1693234860697,1692262596596,1692262596767,1693234860927,230,171,59
2140,1693234860927,1692262596801,1692262596971,1693234861130,203,170,33
2141,1693234861130,1692262597007,1692262597175,1693234861335,205,168,37
2142,1693234861335,1692262597218,1692262597389,1693234861553,218,171,47
2143,1693234861553,1692262597434,1692262597605,1693234861765,212,171,41
2144,1693234861765,1692262597662,1692262597836,1693234861996,231,174,57
2145,1693234861996,1692262597891,1692262598067,1693234862226,230,176,54
2146,1693234862226,1692262598101,1692262598271,1693234862431,205,170,35
2147,1693234862431,1692262598329,1692262598501,1693234862661,230,172,58
2148,1693234862661,1692262598557,1692262598728,1693234862888,227,171,56
2149,1693234862888,1692262598770,1692262598941,1693234863101,213,171,42
2150,1693234863101,1692262599005,1692262599177,1693234863337,236,172,64
2151,1693234863337,1692262599218,1692262599389,1693234863548,211,171,40
2152,1693234863548,1692262599440,1692262599612,1693234863771,223,172,51
2153,1693234863771,1692262599640,1692262599810,1693234863974,203,170,33
2154,1693234863974,1692262599878,1692262600050,1693234864210,236,172,64
2155,1693234864210,1692262600102,1692262600277,1693234864437,227,175,52
2156,1693234864437,1692262600323,1692262600494,1693234864654,217,171,46
2157,1693234864654,1692262600571,1692262600744,1693234864904,250,173,77
2158,1693234864904,1692262600801,1692262600972,1693234865133,229,171,58
2159,1693234865133,1692262601011,1692262601181,1693234865341,208,170,38
2160,1693234865341,1692262601226,1692262601398,1693234865557,216,172,44
2161,1693234865557,1692262601467,1692262601641,1693234865800,243,174,69
2162,1693234865800,1692262601683,1692262601855,1693234866014,214,172,42
2163,1693234866014,1692262601890,1692262602061,1693234866220,206,171,35
2164,1693234866220,1692262602094,1692262602266,1693234866430,210,172,38
2165,1693234866430,1692262602296,1692262602468,1693234866628,198,172,26
2166,1693234866628,1692262602496,1692262602666,1693234866825,197,170,27
2167,1693234866825,1692262602699,1692262602870,1693234867029,204,171,33
2168,1693234867030,1692262602913,1692262603085,1693234867244,214,172,42
2169,1693234867244,1692262603142,1692262603314,1693234867473,229,172,57
2170,1693234867473,1692262603354,1692262603526,1693234867685,212,172,40
2171,1693234867685,1692262603555,1692262603724,1693234867884,199,169,30
2172,1693234867884,1692262603753,1692262603925,1693234868085,201,172,29
2173,1693234868085,1692262603962,1692262604133,1693234868293,208,171,37
2174,1693234868293,1692262604176,1692262604349,1693234868509,216,173,43
2175,1693234868509,1692262604409,1692262604584,1693234868743,234,175,59
2176,1693234868743,1692262604627,1692262604798,1693234868958,215,171,44
2177,1693234868958,1692262604862,1692262605034,1693234869222,264,172,92
2178,1693234869223,1692262605118,1692262605292,1693234869468,245,174,71
2179,1693234869468,1692262605333,1692262605504,1693234869664,196,171,25
2180,1693234869664,1692262605554,1692262605726,1693234869885,221,172,49
2181,1693234869885,1692262605786,1692262605956,1693234870117,232,170,62
2182,1693234870117,1692262606002,1692262606175,1693234870335,218,173,45
2183,1693234870335,1692262606215,1692262606386,1693234870545,210,171,39
2184,1693234870546,1692262606440,1692262606614,1693234870773,227,174,53
2185,1693234870774,1692262606661,1692262606835,1693234870994,220,174,46
2186,1693234870994,1692262606879,1692262607050,1693234871209,215,171,44
2187,1693234871209,1692262607105,1692262607277,1693234871437,228,172,56
2188,1693234871437,1692262607315,1692262607485,1693234871644,207,170,37
2189,1693234871645,1692262607517,1692262607688,1693234871847,202,171,31
2190,1693234871847,1692262607722,1692262607895,1693234872054,207,173,34
2191,1693234872054,1692262607946,1692262608116,1693234872276,222,170,52
2192,1693234872276,1692262608193,1692262608366,1693234872526,250,173,77
2193,1693234872526,1692262608420,1692262608593,1693234872768,242,173,69
2194,1693234872768,1692262608655,1692262608827,1693234872987,219,172,47
2195,1693234872987,1692262608877,1692262609052,1693234873211,224,175,49
2196,1693234873212,1692262609098,1692262609269,1693234873428,216,171,45
2197,1693234873428,1692262609303,1692262609474,1693234873634,206,171,35
2198,1693234873634,1692262609498,1692262609669,1693234873829,195,171,24
2199,1693234873829,1692262609709,1692262609879,1693234874038,209,170,39
2200,1693234874038,1692262609927,1692262610099,1693234874258,220,172,48
2201,1693234874428,1692262610305,1692262610550,1693234874710,282,245,37
2202,1693234874710,1692262610586,1692262610855,1693234875014,304,269,35
2203,1693234875014,1692262610910,1692262611249,1693234875409,395,339,56
2204,1693234875409,1692262611294,1692262611588,1693234875855,446,294,152
2205,1693234875855,1692262611728,1692262612011,1693234876469,614,283,331
2206,1693234876469,1692262612347,1692262612519,1693234876678,209,172,37
2207,1693234876678,1692262612552,1692262612723,1693234876882,204,171,33
2208,1693234876882,1692262612767,1692262612938,1693234877098,216,171,45
2209,1693234877098,1692262612983,1692262613158,1693234877317,219,175,44
2210,1693234877317,1692262613199,1692262613378,1693234877537,220,179,41
2211,1693234877537,1692262613422,1692262613686,1693234877859,322,264,58
2212,1693234877859,1692262613760,1692262614015,1693234878199,340,255,85
2213,1693234878199,1692262614082,1692262614392,1693234878552,353,310,43
2214,1693234878552,1692262614427,1692262614730,1693234878889,337,303,34
2215,1693234878889,1692262614763,1692262614940,1693234879100,211,177,34
2216,1693234879100,1692262614986,1692262615162,1693234879321,221,176,45
2217,1693234879321,1692262615206,1692262615379,1693234879538,217,173,44
2218,1693234879538,1692262615417,1692262615586,1693234879745,207,169,38
2219,1693234879745,1692262615620,1692262615790,1693234880179,434,170,264
2220,1693234880179,1692262616071,1692262616256,1693234880415,236,185,51
2221,1693234880415,1692262616314,1692262616647,1693234880807,392,333,59
2222,1693234880807,1692262616700,1692262616970,1693234881180,373,270,103
2223,1693234881180,1692262617060,1692262617355,1693234881519,339,295,44
2224,1693234881519,1692262617399,1692262617573,1693234881733,214,174,40
2225,1693234881733,1692262617629,1692262617801,1693234881960,227,172,55
2226,1693234881960,1692262617847,1692262618018,1693234882177,217,171,46
2227,1693234882177,1692262618063,1692262618235,1693234882394,217,172,45
2228,1693234882394,1692262618271,1692262618447,1693234882611,217,176,41
2229,1693234882611,1692262618477,1692262618653,1693234882820,209,176,33
2230,1693234882820,1692262618715,1692262618897,1693234883056,236,182,54
2231,1693234883056,1692262618940,1692262619172,1693234883332,276,232,44
2232,1693234883332,1692262619221,1692262619564,1693234883723,391,343,48
2233,1693234883723,1692262619617,1692262619918,1693234884077,354,301,53
2234,1693234884078,1692262619950,1692262620126,1693234884286,208,176,32
2235,1693234884286,1692262620175,1692262620347,1693234884506,220,172,48
2236,1693234884506,1692262620395,1692262620568,1693234884727,221,173,48
2237,1693234884727,1692262620609,1692262620782,1693234884941,214,173,41
2238,1693234884941,1692262620842,1692262621013,1693234885173,232,171,61
2239,1693234885173,1692262621060,1692262621241,1693234885401,228,181,47
2240,1693234885401,1692262621271,1692262621444,1693234885603,202,173,29
2241,1693234885603,1692262621473,1692262621649,1693234885809,206,176,30
2242,1693234885809,1692262621676,1692262621858,1693234886018,209,182,27
2243,1693234886018,1692262621894,1692262622212,1693234886502,484,318,166
2244,1693234886502,1692262622374,1692262622707,1693234886866,364,333,31
2245,1693234886866,1692262622749,1692262622958,1693234887123,257,209,48
2246,1693234887123,1692262623000,1692262623172,1693234887335,212,172,40
2247,1693234887335,1692262623218,1692262623390,1693234887549,214,172,42
2248,1693234887549,1692262623440,1692262623612,1693234887771,222,172,50
2249,1693234887771,1692262623649,1692262623820,1693234887979,208,171,37
2250,1693234887979,1692262623851,1692262624021,1693234888180,201,170,31
2251,1693234888180,1692262624060,1692262624236,1693234888395,215,176,39
2252,1693234888395,1692262624271,1692262624455,1693234888614,219,184,35
2253,1693234888614,1692262624490,1692262624684,1693234888843,229,194,35
2254,1693234888843,1692262624725,1692262625068,1693234889227,384,343,41
2255,1693234889227,1692262625103,1692262625427,1693234889614,387,324,63
2256,1693234889614,1692262625507,1692262625701,1693234889861,247,194,53
2257,1693234889861,1692262625783,1692262625959,1693234890118,257,176,81
2258,1693234890118,1692262625996,1692262626165,1693234890324,206,169,37
2259,1693234890324,1692262626215,1692262626387,1693234890546,222,172,50
2260,1693234890547,1692262626421,1692262626590,1693234890750,203,169,34
2261,1693234890750,1692262626649,1692262626832,1693234890991,241,183,58
2262,1693234890991,1692262626871,1692262627055,1693234891215,224,184,40
2263,1693234891215,1692262627091,1692262627293,1693234891453,238,202,36
2264,1693234891453,1692262627323,1692262627518,1693234891678,225,195,30
2265,1693234891678,1692262627557,1692262627735,1693234891895,217,178,39
2266,1693234891895,1692262627782,1692262628068,1693234892228,333,286,47
2267,1693234892228,1692262628097,1692262628273,1693234892433,205,176,29
2268,1693234892433,1692262628318,1692262628489,1693234892648,215,171,44
2269,1693234892648,1692262628537,1692262628710,1693234892870,222,173,49
2270,1693234892870,1692262628740,1692262628910,1693234893069,199,170,29
2271,1693234893069,1692262628948,1692262629120,1693234893279,210,172,38
2272,1693234893279,1692262629164,1692262629341,1693234893500,221,177,44
2273,1693234893501,1692262629378,1692262629555,1693234893714,213,177,36
2274,1693234893714,1692262629591,1692262629776,1693234893936,222,185,37
2275,1693234893936,1692262629824,1692262630013,1693234894173,237,189,48
2276,1693234894173,1692262630071,1692262630366,1693234894573,400,295,105
2277,1693234894573,1692262630459,1692262630747,1693234894906,333,288,45
2278,1693234894906,1692262630787,1692262630959,1693234895120,214,172,42
2279,1693234895120,1692262630992,1692262631164,1693234895323,203,172,31
2280,1693234895323,1692262631195,1692262631365,1693234895524,201,170,31
2281,1693234895524,1692262631394,1692262631566,1693234895725,201,172,29
2282,1693234895725,1692262631602,1692262631774,1693234895933,208,172,36
2283,1693234895933,1692262631803,1692262631974,1693234896133,200,171,29
2284,1693234896133,1692262631996,1692262632175,1693234896335,202,179,23
2285,1693234896335,1692262632242,1692262632436,1693234896595,260,194,66
2286,1693234896595,1692262632477,1692262632661,1693234896821,226,184,42
2287,1693234896821,1692262632714,1692262632888,1693234897048,227,174,53
2288,1693234897048,1692262632910,1692262633243,1693234897567,519,333,186
2289,1693234897567,1692262633447,1692262633623,1693234897782,215,176,39
2290,1693234897782,1692262633655,1692262633828,1693234897987,205,173,32
2291,1693234897987,1692262633863,1692262634036,1693234898195,208,173,35
2292,1693234898195,1692262634090,1692262634261,1693234898420,225,171,54
2293,1693234898421,1692262634312,1692262634484,1693234898643,222,172,50
2294,1693234898643,1692262634546,1692262634723,1693234898882,239,177,62
2295,1693234898882,1692262634749,1692262634947,1693234899106,224,198,26
2296,1693234899106,1692262634992,1692262635177,1693234899336,230,185,45
2297,1693234899337,1692262635224,1692262635402,1693234899561,224,178,46
2298,1693234899561,1692262635476,1692262635647,1693234899806,245,171,74
2299,1693234899806,1692262635680,1692262635854,1693234900019,213,174,39
2300,1693234900019,1692262635901,1692262636076,1693234900235,216,175,41
2301,1693234900236,1692262636122,1692262636296,1693234900456,220,174,46
2302,1693234900456,1692262636355,1692262636534,1693234900693,237,179,58
2303,1693234900693,1692262636590,1692262636768,1693234900928,235,178,57
2304,1693234900928,1692262636815,1692262636997,1693234901156,228,182,46
2305,1693234901156,1692262637024,1692262637272,1693234901432,276,248,28
2306,1693234901432,1692262637341,1692262637630,1693234901790,358,289,69
2307,1693234901790,1692262637711,1692262637882,1693234902041,251,171,80
2308,1693234902042,1692262637931,1692262638101,1693234902260,218,170,48
2309,1693234902260,1692262638237,1692262638412,1693234902571,311,175,136
2310,1693234902571,1692262638455,1692262638625,1693234902784,213,170,43
2311,1693234902784,1692262638671,1692262638843,1693234903002,218,172,46
2312,1693234903002,1692262638903,1692262639077,1693234903236,234,174,60
2313,1693234903236,1692262639123,1692262639298,1693234903457,221,175,46
2314,1693234903457,1692262639370,1692262639558,1693234903718,261,188,73
2315,1693234903718,1692262639578,1692262639772,1693234903931,213,194,19
2316,1693234903931,1692262639805,1692262639996,1693234904155,224,191,33
2317,1693234904155,1692262640035,1692262640244,1693234904403,248,209,39
2318,1693234904403,1692262640295,1692262640465,1693234904626,223,170,53
2319,1693234907652,1692262643534,1692262643706,1693234907864,212,172,40
2320,1693234907865,1692262643765,1692262643938,1693234908097,232,173,59
2321,1693234908097,1692262643997,1692262644171,1693234908330,233,174,59
2322,1693234908330,1692262644210,1692262644382,1693234908541,211,172,39
2323,1693234908541,1692262644419,1692262644588,1693234908747,206,169,37
2324,1693234908747,1692262644630,1692262644803,1693234908964,217,173,44
2325,1693234908964,1692262644857,1692262645028,1693234909187,223,171,52
2326,1693234909187,1692262645055,1692262645223,1693234909382,195,168,27
2327,1693234909382,1692262645271,1692262645444,1693234909604,222,173,49
2328,1693234909604,1692262645480,1692262645650,1693234909809,205,170,35
2329,1693234909809,1692262645681,1692262645852,1693234910078,269,171,98
2330,1693234910078,1692262645968,1692262646139,1693234910298,220,171,49
2331,1693234910298,1692262646186,1692262646358,1693234910517,219,172,47
2332,1693234910517,1692262646388,1692262646559,1693234910720,203,171,32
2333,1693234910721,1692262646608,1692262646782,1693234910943,222,174,48
2334,1693234910943,1692262646821,1692262646993,1693234911152,209,172,37
2335,1693234911152,1692262647081,1692262647254,1693234911414,262,173,89
2336,1693234911414,1692262647299,1692262647468,1693234911627,213,169,44
2337,1693234911628,1692262647521,1692262647693,1693234911852,224,172,52
2338,1693234911852,1692262647725,1692262647894,1693234912053,201,169,32
2339,1693234912053,1692262647927,1692262648097,1693234912256,203,170,33
2340,1693234912256,1692262648161,1692262648334,1693234912493,237,173,64
2341,1693234912493,1692262648388,1692262648561,1693234912720,227,173,54
2342,1693234912720,1692262648596,1692262648768,1693234912927,207,172,35
2343,1693234912927,1692262648797,1692262648966,1693234913125,198,169,29
2344,1693234913125,1692262648993,1692262649162,1693234913321,196,169,27
2345,1693234913321,1692262649226,1692262649397,1693234913556,235,171,64
2346,1693234913556,1692262649448,1692262649618,1693234913777,221,170,51
2347,1693234913777,1692262649654,1692262649825,1693234913984,207,171,36
2348,1693234913984,1692262649883,1692262650055,1693234914213,229,172,57
2349,1693234914213,1692262650097,1692262650269,1693234914432,219,172,47
2350,1693234914432,1692262650319,1692262650490,1693234914649,217,171,46
2351,1693234914649,1692262650531,1692262650704,1693234914866,217,173,44
2352,1693234914866,1692262650739,1692262650910,1693234915070,204,171,33
2353,1693234915070,1692262650960,1692262651132,1693234915291,221,172,49
2354,1693234915291,1692262651185,1692262651356,1693234915515,224,171,53
2355,1693234915515,1692262651413,1692262651585,1693234915744,229,172,57
2356,1693234915744,1692262651657,1692262651828,1693234915987,243,171,72
2357,1693234915987,1692262651895,1692262652067,1693234916237,250,172,78
2358,1693234916237,1692262652186,1692262652357,1693234916516,279,171,108
2359,1693234916516,1692262652412,1692262652587,1693234916746,230,175,55
2360,1693234916746,1692262652626,1692262652799,1693234916958,212,173,39
2361,1693234916958,1692262652856,1692262653028,1693234917187,229,172,57
2362,1693234917187,1692262653113,1692262653286,1693234917445,258,173,85
2363,1693234917445,1692262653326,1692262653495,1693234917654,209,169,40
2364,1693234917654,1692262653546,1692262653717,1693234917876,222,171,51
2365,1693234917876,1692262653751,1692262653922,1693234918081,205,171,34
2366,1693234918081,1692262653979,1692262654150,1693234918309,228,171,57
2367,1693234918309,1692262654196,1692262654366,1693234918525,216,170,46
2368,1693234918525,1692262654405,1692262654575,1693234918734,209,170,39
2369,1693234918734,1692262654604,1692262654775,1693234918934,200,171,29
2370,1693234918934,1692262654806,1692262654976,1693234919135,201,170,31
2371,1693234919135,1692262655022,1692262655195,1693234919354,219,173,46
2372,1693234919354,1692262655241,1692262655413,1693234919575,221,172,49
2373,1693234919575,1692262655453,1692262655624,1693234919783,208,171,37
2374,1693234919783,1692262655682,1692262655855,1693234920014,231,173,58
2375,1693234920014,1692262655888,1692262656059,1693234920218,204,171,33
2376,1693234920218,1692262656100,1692262656270,1693234920429,211,170,41
2377,1693234920429,1692262656302,1692262656471,1693234920630,201,169,32
2378,1693234920630,1692262656529,1692262656703,1693234920862,232,174,58
2379,1693234920862,1692262656746,1692262656917,1693234921076,214,171,43
2380,1693234921076,1692262656958,1692262657130,1693234921289,213,172,41
2381,1693234921289,1692262657196,1692262657369,1693234921528,239,173,66
2382,1693234921528,1692262657392,1692262657563,1693234921727,199,171,28
2383,1693234921727,1692262657615,1692262657787,1693234921946,219,172,47
2384,1693234921946,1692262657819,1692262657991,1693234922150,204,172,32
2385,1693234922150,1692262658028,1692262658199,1693234922358,208,171,37
2386,1693234922358,1692262658246,1692262658417,1693234922576,218,171,47
2387,1693234922576,1692262658446,1692262658616,1693234922775,199,170,29
2388,1693234922775,1692262658651,1692262658820,1693234922979,204,169,35
2389,1693234922979,1692262658863,1692262659037,1693234923196,217,174,43
2390,1693234923196,1692262659074,1692262659245,1693234923411,215,171,44
2391,1693234923411,1692262659304,1692262659477,1693234923636,225,173,52
2392,1693234923636,1692262659495,1692262659666,1693234923825,189,171,18
2393,1693234923825,1692262659704,1692262659874,1693234924033,208,170,38
2394,1693234924033,1692262659935,1692262660108,1693234924267,234,173,61
2395,1693234924267,1692262660148,1692262660319,1693234924477,210,171,39
2396,1693234924477,1692262660361,1692262660531,1693234924693,216,170,46
2397,1693234924693,1692262660588,1692262660760,1693234924919,226,172,54
2398,1693234924919,1692262660807,1692262660977,1693234925136,217,170,47
2399,1693234925136,1692262661042,1692262661214,1693234925373,237,172,65
2400,1693234925373,1692262661248,1692262661419,1693234925578,205,171,34
2401,1693234925578,1692262661499,1692262661673,1693234925832,254,174,80
2402,1693234925832,1692262661711,1692262661885,1693234926043,211,174,37
2403,1693234926044,1692262661924,1692262662095,1693234926255,211,171,40
2404,1693234926255,1692262662170,1692262662344,1693234926503,248,174,74
2405,1693234926503,1692262662400,1692262662572,1693234926730,227,172,55
2406,1693234926730,1692262662612,1692262662783,1693234926942,212,171,41
2407,1693234926942,1692262662824,1692262662998,1693234927156,214,174,40
2408,1693234927157,1692262663037,1692262663206,1693234927365,208,169,39
2409,1693234927365,1692262663241,1692262663413,1693234927571,206,172,34
2410,1693234927571,1692262663470,1692262663642,1693234927801,230,172,58
2411,1693234927801,1692262663708,1692262663881,1693234928040,239,173,66
2412,1693234928040,1692262663915,1692262664085,1693234928244,204,170,34
2413,1693234928244,1692262664142,1692262664314,1693234928473,229,172,57
2414,1693234928473,1692262664353,1692262664525,1693234928683,210,172,38
2415,1693234928684,1692262664580,1692262664750,1693234928909,225,170,55
2416,1693234928909,1692262664807,1692262664984,1693234929142,233,177,56
2417,1693234929143,1692262665028,1692262665200,1693234929359,216,172,44
2418,1693234929359,1692262665290,1692262665461,1693234929629,270,171,99
2419,1693234929630,1692262665512,1692262665685,1693234929844,214,173,41
2420,1693234929844,1692262665744,1692262665917,1693234930076,232,173,59
2421,1693234930076,1692262665950,1692262666121,1693234930280,204,171,33
2422,1693234930280,1692262666163,1692262666335,1693234930494,214,172,42
2423,1693234930494,1692262666392,1692262666563,1693234930722,228,171,57
2424,1693234930722,1692262666621,1692262666793,1693234930953,231,172,59
2425,1693234930953,1692262666842,1692262667014,1693234931173,220,172,48
2426,1693234931173,1692262667068,1692262667239,1693234931398,225,171,54
2427,1693234931398,1692262667273,1692262667445,1693234931604,206,172,34
2428,1693234931604,1692262667501,1692262667672,1693234931831,227,171,56
2429,1693234931831,1692262667714,1692262667886,1693234932045,214,172,42
2430,1693234932045,1692262667944,1692262668117,1693234932277,232,173,59
2431,1693234932277,1692262668168,1692262668341,1693234932499,222,173,49
2432,1693234932500,1692262668384,1692262668557,1693234932715,215,173,42
2433,1693234932716,1692262668621,1692262668794,1693234932953,237,173,64
2434,1693234932953,1692262668835,1692262669008,1693234933167,214,173,41
2435,1693234933167,1692262669062,1692262669234,1693234933393,226,172,54
2436,1693234933393,1692262669263,1692262669432,1693234933591,198,169,29
2437,1693234933591,1692262669489,1692262669662,1693234933821,230,173,57
2438,1693234933821,1692262669695,1692262669865,1693234934024,203,170,33
2439,1693234934024,1692262669893,1692262670066,1693234934224,200,173,27
2440,1693234934224,1692262670113,1692262670287,1693234934446,222,174,48
2441,1693234934446,1692262670321,1692262670492,1693234934650,204,171,33
2442,1693234934651,1692262670536,1692262670709,1693234934868,217,173,44
2443,1693234934868,1692262670745,1692262670916,1693234935075,207,171,36
2444,1693234935075,1692262670971,1692262671145,1693234935304,229,174,55
2445,1693234935304,1692262671187,1692262671357,1693234935516,212,170,42
2446,1693234935516,1692262671405,1692262671575,1693234935734,218,170,48
2447,1693234935734,1692262671640,1692262671817,1693234935976,242,177,65
2448,1693234935976,1692262671844,1692262672014,1693234936173,197,170,27
2449,1693234936173,1692262672065,1692262672236,1693234936419,246,171,75
2450,1693234936420,1692262672286,1692262672459,1693234936617,197,173,24
2451,1693234936618,1692262672486,1692262672658,1693234936817,199,172,27
2452,1693234936817,1692262672688,1692262672858,1693234937017,200,170,30
2453,1693234937017,1692262672904,1692262673076,1693234937235,218,172,46
2454,1693234937235,1692262673118,1692262673290,1693234937449,214,172,42
2455,1693234937449,1692262673353,1692262673528,1693234937686,237,175,62
2456,1693234937860,1692262673751,1692262674109,1693234938268,408,358,50
2457,1693234938269,1692262674161,1692262674421,1693234938625,356,260,96
2458,1693234938625,1692262674526,1692262674849,1693234939008,383,323,60
2459,1693234939008,1692262674886,1692262675216,1693234939444,436,330,106
2460,1693234939444,1692262675323,1692262675559,1693234939718,274,236,38
2461,1693234939718,1692262675613,1692262675791,1693234940083,365,178,187
2462,1693234940083,1692262675960,1692262676133,1693234940292,209,173,36
2463,1693234940292,1692262676173,1692262676344,1693234940502,210,171,39
2464,1693234940503,1692262676370,1692262676540,1693234940699,196,170,26
2465,1693234940699,1692262676589,1692262676774,1693234940933,234,185,49
2466,1693234940933,1692262676811,1692262676987,1693234941146,213,176,37
2467,1693234941146,1692262677026,1692262677201,1693234941360,214,175,39
2468,1693234941360,1692262677245,1692262677584,1693234941743,383,339,44
2469,1693234941743,1692262677644,1692262677987,1693234942145,402,343,59
2470,1693234942145,1692262678057,1692262678306,1693234942465,320,249,71
2471,1693234942465,1692262678342,1692262678519,1693234942677,212,177,35
2472,1693234942677,1692262678578,1692262678760,1693234942922,245,182,63
2473,1693234942922,1692262678810,1692262678981,1693234943140,218,171,47
2474,1693234943140,1692262679020,1692262679193,1693234943352,212,173,39
2475,1693234943352,1692262679252,1692262679425,1693234943584,232,173,59
2476,1693234943584,1692262679472,1692262679652,1693234943811,227,180,47
2477,1693234943811,1692262679701,1692262679895,1693234944054,243,194,49
2478,1693234944054,1692262679932,1692262680291,1693234944462,408,359,49
2479,1693234944462,1692262680341,1692262680667,1693234944826,364,326,38
2480,1693234944826,1692262680716,1692262680902,1693234945061,235,186,49
2481,1693234945061,1692262680965,1692262681152,1693234945311,250,187,63
2482,1693234945311,1692262681184,1692262681353,1693234945512,201,169,32
2483,1693234945512,1692262681382,1692262681552,1693234945711,199,170,29
2484,1693234945711,1692262681583,1692262681752,1693234945911,200,169,31
2485,1693234945911,1692262681810,1692262681981,1693234946139,228,171,57
2486,1693234946139,1692262682011,1692262682190,1693234946348,209,179,30
2487,1693234946349,1692262682246,1692262682516,1693234946674,325,270,55
2488,1693234946674,1692262682582,1692262682867,1693234947026,352,285,67
2489,1693234947026,1692262682903,1692262683228,1693234947434,408,325,83
2490,1693234947434,1692262683324,1692262683582,1693234947741,307,258,49
2491,1693234947741,1692262683629,1692262683864,1693234948023,282,235,47
2492,1693234948023,1692262683938,1692262684111,1693234948270,247,173,74
2493,1693234948270,1692262684161,1692262684331,1693234948490,220,170,50
2494,1693234948490,1692262684377,1692262684549,1693234948708,218,172,46
2495,1693234948708,1692262684599,1692262684770,1693234948929,221,171,50
2496,1693234948929,1692262684824,1692262684996,1693234949155,226,172,54
2497,1693234949155,1692262685053,1692262685333,1693234949528,373,280,93
2498,1693234949528,1692262685403,1692262685751,1693234949910,382,348,34
2499,1693234949910,1692262685800,1692262686140,1693234950298,388,340,48
2500,1693234950298,1692262686160,1692262686453,1693234950612,314,293,21
2501,1693234950612,1692262686472,1692262686706,1693234950875,263,234,29
2502,1693234950875,1692262686762,1692262686932,1693234951091,216,170,46
2503,1693234951091,1692262686966,1692262687136,1693234951295,204,170,34
2504,1693234951295,1692262687202,1692262687374,1693234951532,237,172,65
2505,1693234951532,1692262687420,1692262687590,1693234951748,216,170,46
2506,1693234951748,1692262687631,1692262687807,1693234951966,218,176,42
2507,1693234951966,1692262687862,1692262688047,1693234952205,239,185,54
2508,1693234952205,1692262688100,1692262688331,1693234952490,285,231,54
2509,1693234952490,1692262688380,1692262688731,1693234952961,471,351,120
2510,1693234952961,1692262688852,1692262689184,1693234953343,382,332,50
2511,1693234953343,1692262689230,1692262689425,1693234953583,240,195,45
2512,1693234953584,1692262689457,1692262689629,1693234953787,203,172,31
2513,1693234953787,1692262689673,1692262689843,1693234954002,215,170,45
2514,1693234954002,1692262689865,1692262690034,1693234954193,191,169,22
2515,1693234954193,1692262690099,1692262690269,1693234954427,234,170,64
2516,1693234954427,1692262690319,1692262690497,1693234954656,229,178,51
2517,1693234954656,1692262690531,1692262690712,1693234954870,214,181,33
2518,1693234954871,1692262690742,1692262690923,1693234955084,213,181,32
2519,1693234955084,1692262690968,1692262691327,1693234955486,402,359,43
2520,1693234955486,1692262691381,1692262691644,1693234955828,342,263,79
2521,1693234955828,1692262691716,1692262691894,1693234956052,224,178,46
2522,1693234956052,1692262691930,1692262692102,1693234956260,208,172,36
2523,1693234956261,1692262692151,1692262692322,1693234956481,220,171,49
2524,1693234956481,1692262692373,1692262692544,1693234956702,221,171,50
2525,1693234956702,1692262692581,1692262692751,1693234956910,208,170,38
2526,1693234956910,1692262692784,1692262692961,1693234957120,210,177,33
2527,1693234957120,1692262693017,1692262693200,1693234957360,240,183,57
2528,1693234957360,1692262693261,1692262693447,1693234957606,246,186,60
2529,1693234957606,1692262693491,1692262693743,1693234957902,296,252,44
2530,1693234957902,1692262693806,1692262694122,1693234958427,525,316,209
2531,1693234958427,1692262694305,1692262694479,1693234958638,211,174,37
2532,1693234958638,1692262694505,1692262694675,1693234958834,196,170,26
2533,1693234958834,1692262694711,1692262694885,1693234959043,209,174,35
2534,1693234959043,1692262694941,1692262695113,1693234959271,228,172,56
2535,1693234959271,1692262695159,1692262695328,1693234959486,215,169,46
2536,1693234959486,1692262695358,1692262695528,1693234959686,200,170,30
2537,1693234959687,1692262695551,1692262695727,1693234959886,199,176,23
2538,1693234959886,1692262695790,1692262695975,1693234960143,257,185,72
2539,1693234960143,1692262696044,1692262696222,1693234960381,238,178,60
2540,1693234960381,1692262696267,1692262696449,1693234960608,227,182,45
2541,1693234960608,1692262696507,1692262696851,1693234961010,402,344,58
2542,1693234961010,1692262696886,1692262697111,1693234961325,315,225,90
2543,1693234961325,1692262697234,1692262697405,1693234961563,238,171,67
2544,1693234961563,1692262697458,1692262697632,1693234961790,227,174,53
2545,1693234961790,1692262697681,1692262697854,1693234962012,222,173,49
2546,1693234962012,1692262697902,1692262698072,1693234962234,222,170,52
2547,1693234962235,1692262698107,1692262698276,1693234962434,199,169,30
2548,1693234962435,1692262698351,1692262698534,1693234962693,258,183,75
2549,1693234962693,1692262698586,1692262698767,1693234962926,233,181,52
2550,1693234962926,1692262698824,1692262699010,1693234963169,243,186,57
2551,1693234963169,1692262699046,1692262699217,1693234963376,207,171,36
2552,1693234963376,1692262699270,1692262699440,1693234963598,222,170,52
2553,1693234963598,1692262699477,1692262699652,1693234963811,213,175,38
2554,1693234963811,1692262699689,1692262699867,1693234964025,214,178,36
2555,1693234964025,1692262699888,1692262700066,1693234964225,200,178,22
2556,1693234964225,1692262700104,1692262700318,1693234964476,251,214,37
2557,1693234964476,1692262700338,1692262700516,1693234964674,198,178,20
2558,1693234964674,1692262700550,1692262700738,1693234964897,223,188,35
2559,1693234964897,1692262700797,1692262701087,1693234965246,349,290,59
2560,1693234965246,1692262701161,1692262701397,1693234965658,412,236,176
2561,1693234965658,1692262701549,1692262701724,1693234966068,410,175,235
2562,1693234966068,1692262701941,1692262702112,1693234966270,202,171,31
2563,1693234966270,1692262702128,1692262702298,1693234966456,186,170,16
2564,1693234966456,1692262702332,1692262702503,1693234966661,205,171,34
2565,1693234966661,1692262702542,1692262702713,1693234966872,211,171,40
2566,1693234966872,1692262702760,1692262702948,1693234967106,234,188,46
2567,1693234967106,1692262703000,1692262703175,1693234967334,228,175,53
2568,1693234967334,1692262703211,1692262703403,1693234967562,228,192,36
2569,1693234967562,1692262703439,1692262703750,1693234967908,346,311,35
2570,1693234970930,1692262706812,1692262706982,1693234971140,210,170,40
2571,1693234971140,1692262707026,1692262707196,1693234971354,214,170,44
2572,1693234971354,1692262707261,1692262707432,1693234971593,239,171,68
2573,1693234971593,1692262707471,1692262707641,1693234971800,207,170,37
2574,1693234971800,1692262707698,1692262707872,1693234972030,230,174,56
2575,1693234972030,1692262707916,1692262708086,1693234972244,214,170,44
2576,1693234972244,1692262708119,1692262708292,1693234972450,206,173,33
2577,1693234972450,1692262708340,1692262708512,1693234972672,222,172,50
2578,1693234972672,1692262708553,1692262708725,1693234972884,212,172,40
2579,1693234972884,1692262708793,1692262708966,1693234973125,241,173,68
2580,1693234973125,1692262709024,1692262709196,1693234973354,229,172,57
2581,1693234973354,1692262709246,1692262709418,1693234973576,222,172,50
2582,1693234973576,1692262709474,1692262709647,1693234973805,229,173,56
2583,1693234973805,1692262709704,1692262709876,1693234974035,230,172,58
2584,1693234974035,1692262709918,1692262710090,1693234974248,213,172,41
2585,1693234974248,1692262710147,1692262710318,1693234974476,228,171,57
2586,1693234974476,1692262710362,1692262710535,1693234974697,221,173,48
2587,1693234974697,1692262710599,1692262710771,1693234974929,232,172,60
2588,1693234974929,1692262710803,1692262710975,1693234975133,204,172,32
2589,1693234975133,1692262711017,1692262711190,1693234975348,215,173,42
2590,1693234975348,1692262711238,1692262711410,1693234975568,220,172,48
2591,1693234975568,1692262711444,1692262711614,1693234975772,204,170,34
2592,1693234975772,1692262711668,1692262711842,1693234976000,228,174,54
2593,1693234976000,1692262711869,1692262712038,1693234976196,196,169,27
2594,1693234976196,1692262712070,1692262712240,1693234976398,202,170,32
2595,1693234976398,1692262712289,1692262712460,1693234976618,220,171,49
2596,1693234976618,1692262712492,1692262712665,1693234976823,205,173,32
2597,1693234976823,1692262712713,1692262712887,1693234977045,222,174,48
2598,1693234977045,1692262712933,1692262713104,1693234977262,217,171,46
2599,1693234977262,1692262713153,1692262713327,1693234977486,224,174,50
2600,1693234977486,1692262713348,1692262713517,1693234977676,190,169,21
2601,1693234977677,1692262713584,1692262713756,1693234977915,238,172,66
2602,1693234977915,1692262713797,1692262713968,1693234978126,211,171,40
2603,1693234978126,1692262714023,1692262714193,1693234978352,226,170,56
2604,1693234978352,1692262714228,1692262714397,1693234978557,205,169,36
2605,1693234978557,1692262714450,1692262714621,1693234978779,222,171,51
2606,1693234978779,1692262714645,1692262714816,1693234978974,195,171,24
2607,1693234978974,1692262714883,1692262715056,1693234979215,241,173,68
2608,1693234979215,1692262715090,1692262715259,1693234979417,202,169,33
2609,1693234979417,1692262715300,1692262715473,1693234979631,214,173,41
2610,1693234979631,1692262715521,1692262715693,1693234979851,220,172,48
2611,1693234979851,1692262715726,1692262715895,1693234980054,203,169,34
2612,1693234980054,1692262715962,1692262716134,1693234980294,240,172,68
2613,1693234980294,1692262716183,1692262716354,1693234980512,218,171,47
2614,1693234980512,1692262716398,1692262716571,1693234980729,217,173,44
2615,1693234980729,1692262716622,1692262716793,1693234980951,222,171,51
2616,1693234980951,1692262716850,1692262717022,1693234981180,229,172,57
2617,1693234981180,1692262717067,1692262717238,1693234981396,216,171,45
2618,1693234981396,1692262717291,1692262717462,1693234981621,225,171,54
2619,1693234981621,1692262717512,1692262717685,1693234981843,222,173,49
2620,1693234981843,1692262717718,1692262717888,1693234982046,203,170,33
2621,1693234982046,1692262717928,1692262718098,1693234982258,212,170,42
2622,1693234982258,1692262718160,1692262718333,1693234982491,233,173,60
2623,1693234982491,1692262718365,1692262718534,1693234982692,201,169,32
2624,1693234982692,1692262718562,1692262718732,1693234982890,198,170,28
2625,1693234982890,1692262718771,1692262718941,1693234983100,210,170,40
2626,1693234983100,1692262718980,1692262719157,1693234983315,215,177,38
2627,1693234983315,1692262719190,1692262719362,1693234983521,206,172,34
2628,1693234983521,1692262719430,1692262719604,1693234983762,241,174,67
2629,1693234983762,1692262719663,1692262719836,1693234983994,232,173,59
2630,1693234983994,1692262719882,1692262720053,1693234984212,218,171,47
2631,1693234984212,1692262720092,1692262720265,1693234984424,212,173,39
2632,1693234984424,1692262720316,1692262720489,1693234984647,223,173,50
2633,1693234984647,1692262720529,1692262720700,1693234984858,211,171,40
2634,1693234984858,1692262720742,1692262720914,1693234985072,214,172,42
2635,1693234985072,1692262720941,1692262721111,1693234985269,197,170,27
2636,1693234985269,1692262721153,1692262721324,1693234985482,213,171,42
2637,1693234985482,1692262721367,1692262721540,1693234985698,216,173,43
2638,1693234985698,1692262721581,1692262721754,1693234985913,215,173,42
2639,1693234985913,1692262721800,1692262721972,1693234986134,221,172,49
2640,1693234986134,1692262722035,1692262722207,1693234986365,231,172,59
2641,1693234986365,1692262722234,1692262722404,1693234986562,197,170,27
2642,1693234986563,1692262722438,1692262722608,1693234986767,204,170,34
2643,1693234986767,1692262722646,1692262722816,1693234986974,207,170,37
2644,1693234986974,1692262722842,1692262723013,1693234987171,197,171,26
2645,1693234987171,1692262723059,1692262723231,1693234987389,218,172,46
2646,1693234987389,1692262723267,1692262723438,1693234987597,208,171,37
2647,1693234987597,1692262723450,1692262723620,1693234987778,181,170,11
2648,1693234987778,1692262723676,1692262723851,1693234988009,231,175,56
2649,1693234988009,1692262723896,1692262724069,1693234988227,218,173,45
2650,1693234988227,1692262724136,1692262724311,1693234988469,242,175,67
2651,1693234988469,1692262724343,1692262724515,1693234988674,205,172,33
2652,1693234988674,1692262724567,1692262724738,1693234988899,225,171,54
2653,1693234988899,1692262724772,1692262724942,1693234989104,205,170,35
2654,1693234989104,1692262724996,1692262725168,1693234989336,232,172,60
2655,1693234989336,1692262725202,1692262725371,1693234989530,194,169,25
2656,1693234989530,1692262725427,1692262725600,1693234989758,228,173,55
2657,1693234989758,1692262725653,1692262725826,1693234989984,226,173,53
2658,1693234989984,1692262725875,1692262726046,1693234990204,220,171,49
2659,1693234990204,1692262726101,1692262726273,1693234990435,231,172,59
2660,1693234990435,1692262726328,1692262726499,1693234990658,223,171,52
2661,1693234990658,1692262726548,1692262726719,1693234990877,219,171,48
2662,1693234990877,1692262726760,1692262726931,1693234991090,213,171,42
2663,1693234991090,1692262726982,1692262727151,1693234991310,220,169,51
2664,1693234991310,1692262727185,1692262727355,1693234991513,203,170,33
2665,1693234991513,1692262727389,1692262727558,1693234991716,203,169,34
2666,1693234991716,1692262727588,1692262727759,1693234991917,201,171,30
2667,1693234991918,1692262727803,1692262727975,1693234992133,215,172,43
2668,1693234992133,1692262728039,1692262728212,1693234992371,238,173,65
2669,1693234992371,1692262728243,1692262728414,1693234992572,201,171,30
2670,1693234992572,1692262728450,1692262728622,1693234992780,208,172,36
2671,1693234992780,1692262728688,1692262728860,1693234993018,238,172,66
2672,1693234993018,1692262728895,1692262729066,1693234993224,206,171,35
2673,1693234993224,1692262729126,1692262729297,1693234993455,231,171,60
2674,1693234993455,1692262729357,1692262729531,1693234993690,235,174,61
2675,1693234993690,1692262729560,1692262729730,1693234993888,198,170,28
2676,1693234993888,1692262729770,1692262729942,1693234994100,212,172,40
2677,1693234994100,1692262730001,1692262730174,1693234994332,232,173,59
2678,1693234994332,1692262730222,1692262730397,1693234994556,224,175,49
2679,1693234994556,1692262730435,1692262730608,1693234994766,210,173,37
2680,1693234994766,1692262730662,1692262730833,1693234994991,225,171,54
2681,1693234994991,1692262730900,1692262731072,1693234995231,240,172,68
2682,1693234995231,1692262731129,1692262731301,1693234995459,228,172,56
2683,1693234995459,1692262731322,1692262731490,1693234995649,190,168,22
2684,1693234995649,1692262731518,1692262731687,1693234995846,197,169,28
2685,1693234995846,1692262731730,1692262731899,1693234996058,212,169,43
2686,1693234996058,1692262731933,1692262732103,1693234996262,204,170,34
2687,1693234996262,1692262732140,1692262732310,1693234996468,206,170,36
2688,1693234996468,1692262732355,1692262732528,1693234996686,218,173,45
2689,1693234996686,1692262732555,1692262732727,1693234996886,200,172,28
2690,1693234996886,1692262732770,1692262732940,1693234997101,215,170,45
2691,1693234997102,1692262732989,1692262733162,1693234997320,218,173,45
2692,1693234997320,1692262733193,1692262733362,1693234997520,200,169,31
2693,1693234997520,1692262733406,1692262733576,1693234997734,214,170,44
2694,1693234997734,1692262733616,1692262733790,1693234997948,214,174,40
2695,1693234997948,1692262733829,1692262734000,1693234998158,210,171,39
2696,1693234998158,1692262734043,1692262734215,1693234998373,215,172,43
2697,1693234998373,1692262734261,1692262734435,1693234998593,220,174,46
2698,1693234998593,1692262734484,1692262734661,1693234998819,226,177,49
2699,1693234998820,1692262734702,1692262734875,1693234999037,217,173,44
2700,1693234999037,1692262734944,1692262735118,1693234999277,240,174,66
2701,1693234999277,1692262735179,1692262735351,1693234999510,233,172,61
2702,1693234999510,1692262735387,1692262735557,1693234999715,205,170,35
2703,1693234999715,1692262735603,1692262735772,1693235000198,483,169,314
2704,1693235000198,1692262736075,1692262736245,1693235000403,205,170,35
2705,1693235000403,1692262736283,1692262736452,1693235000609,206,169,37
2706,1693235000609,1692262736496,1692262736669,1693235000827,218,173,45
2707,1693235000827,1692262736722,1692262736895,1693235001053,226,173,53
