request_number,request_time_ms,request_received_time_ms,response_time_ms,response_received_time_ms,end_to_end_latency,compute_time,transmission_time
1,1693236987121,1692264723020,1692264723191,1693236987331,210,171,39
2,1693236987331,1692264723257,1692264723426,1693236987565,234,169,65
3,1693236987565,1692264723488,1692264723656,1693236987796,231,168,63
4,1693236987796,1692264723694,1692264723864,1693236988170,374,170,204
5,1693236988170,1692264724052,1692264724222,1693236988362,192,170,22
6,1693236988362,1692264724263,1692264724426,1693236988564,202,163,39
7,1693236988564,1692264724480,1692264724643,1693236988789,225,163,62
8,1693236988789,1692264724688,1692264724851,1693236988989,200,163,37
9,1693236988989,1692264725140,1692264725304,1693236989444,455,164,291
10,1693236989444,1692264725356,1692264725519,1693236989657,213,163,50
11,1693236989657,1692264725582,1692264725747,1693236989885,228,165,63
12,1693236989885,1692264725799,1692264725963,1693236990267,382,164,218
13,1693236990267,1692264726167,1692264726331,1693236990469,202,164,38
14,1693236990469,1692264726362,1692264726524,1693236990665,196,162,34
15,1693236990665,1692264726592,1692264726757,1693236990895,230,165,65
16,1693236990895,1692264726811,1692264726974,1693236991317,422,163,259
17,1693236991317,1692264727227,1692264727390,1693236991528,211,163,48
18,1693236991528,1692264727419,1692264727581,1693236991720,192,162,30
19,1693236991720,1692264727615,1692264727777,1693236991932,212,162,50
20,1693236991932,1692264727844,1692264728007,1693236992365,433,163,270
21,1693236992365,1692264728271,1692264728433,1693236992571,206,162,44
22,1693236992571,1692264728476,1692264728641,1693236992779,208,165,43
23,1693236992779,1692264728676,1692264728837,1693236992975,196,161,35
24,1693236992975,1692264728868,1692264729031,1693236993174,199,163,36
25,1693236993174,1692264729298,1692264729462,1693236993599,425,164,261
26,1693236993600,1692264729502,1692264729663,1693236993803,203,161,42
27,1693236993804,1692264729685,1692264729846,1693236993984,180,161,19
28,1693236993984,1692264729899,1692264730061,1693236994199,215,162,53
29,1693236994199,1692264730097,1692264730259,1693236994463,264,162,102
30,1693236994463,1692264730395,1692264730558,1693236994696,233,163,70
31,1693236994697,1692264730583,1692264730745,1693236994883,186,162,24
32,1693236994884,1692264730810,1692264730974,1693236995112,228,164,64
33,1693236995112,1692264731017,1692264731179,1693236995511,399,162,237
34,1693236995511,1692264731422,1692264731585,1693236995723,212,163,49
35,1693236995723,1692264731622,1692264731784,1693236995922,199,162,37
36,1693236995922,1692264731816,1692264731977,1693236996115,193,161,32
37,1693236996115,1692264732022,1692264732187,1693236996325,210,165,45
38,1693236996325,1692264732451,1692264732620,1693236996758,433,169,264
39,1693236996758,1692264732663,1692264732826,1693236996964,206,163,43
40,1693236996964,1692264732889,1692264733051,1693236997189,225,162,63
41,1693236997189,1692264733086,1692264733248,1693236997386,197,162,35
42,1693236997386,1692264733504,1692264733667,1693236997804,418,163,255
43,1693236997805,1692264733719,1692264733881,1693236998019,214,162,52
44,1693236998019,1692264733941,1692264734104,1693236998242,223,163,60
45,1693236998242,1692264734159,1692264734322,1693236998657,415,163,252
46,1693236998657,1692264734569,1692264734731,1693236998869,212,162,50
47,1693236998869,1692264734777,1692264734939,1693236999077,208,162,46
48,1693236999077,1692264734984,1692264735146,1693236999284,207,162,45
49,1693236999284,1692264735179,1692264735342,1693236999482,198,163,35
50,1693236999482,1692264735599,1692264735762,1693236999900,418,163,255
51,1693236999900,1692264735818,1692264735981,1693237000138,238,163,75
52,1693237000138,1692264736028,1692264736189,1693237000327,189,161,28
53,1693237000327,1692264736255,1692264736418,1693237000753,426,163,263
54,1693237000753,1692264736662,1692264736826,1693237000964,211,164,47
55,1693237000964,1692264736846,1692264737007,1693237001150,186,161,25
56,1693237001150,1692264737042,1692264737203,1693237001341,191,161,30
57,1693237001341,1692264737285,1692264737449,1693237001825,484,164,320
58,1693237001825,1692264737733,1692264737899,1693237002037,212,166,46
59,1693237002037,1692264737968,1692264738133,1693237002277,240,165,75
60,1693237002277,1692264738187,1692264738350,1693237002498,221,163,58
61,1693237002498,1692264738410,1692264738574,1693237002852,354,164,190
62,1693237002852,1692264738782,1692264738946,1693237003243,391,164,227
63,1693237003243,1692264739170,1692264739332,1693237003470,227,162,65
64,1693237003470,1692264739372,1692264739534,1693237003672,202,162,40
65,1693237003672,1692264739793,1692264739956,1693237004094,422,163,259
66,1693237004094,1692264740030,1692264740193,1693237004331,237,163,74
67,1693237004331,1692264740260,1692264740424,1693237004561,230,164,66
68,1693237004562,1692264740488,1692264740652,1693237004948,386,164,222
69,1693237004948,1692264740854,1692264741016,1693237005154,206,162,44
70,1693237005154,1692264741095,1692264741258,1693237005396,242,163,79
71,1693237005396,1692264741296,1692264741456,1693237005595,199,160,39
72,1693237005595,1692264741486,1692264741648,1693237005996,401,162,239
73,1693237005996,1692264741932,1692264742096,1693237006234,238,164,74
74,1693237006234,1692264742141,1692264742302,1693237006443,209,161,48
75,1693237006443,1692264742353,1692264742516,1693237006654,211,163,48
76,1693237006654,1692264742547,1692264742708,1693237007044,390,161,229
77,1693237007044,1692264742958,1692264743121,1693237007262,218,163,55
78,1693237007262,1692264743206,1692264743371,1693237007509,247,165,82
79,1693237007509,1692264743436,1692264743599,1693237007737,228,163,65
80,1693237007737,1692264743656,1692264743819,1693237008093,356,163,193
81,1693237008093,1692264743995,1692264744157,1693237008295,202,162,40
82,1693237008295,1692264744192,1692264744355,1693237008493,198,163,35
83,1693237008493,1692264744391,1692264744552,1693237008690,197,161,36
84,1693237008690,1692264744592,1692264744754,1693237008909,219,162,57
85,1693237008909,1692264744798,1692264744959,1693237009142,233,161,72
86,1693237009143,1692264745084,1692264745246,1693237009384,241,162,79
87,1693237009384,1692264745293,1692264745455,1693237009593,209,162,47
88,1693237009593,1692264745498,1692264745660,1693237009798,205,162,43
89,1693237009798,1692264745731,1692264745895,1693237010191,393,164,229
90,1693237010191,1692264746132,1692264746294,1693237010432,241,162,79
91,1693237010432,1692264746346,1692264746507,1693237010645,213,161,52
92,1693237010645,1692264746561,1692264746724,1693237010861,216,163,53
93,1693237010861,1692264746766,1692264746928,1693237011239,378,162,216
94,1693237011239,1692264747165,1692264747328,1693237011465,226,163,63
95,1693237011465,1692264747365,1692264747528,1693237011666,201,163,38
96,1693237011666,1692264747566,1692264747729,1693237011867,201,163,38
97,1693237011867,1692264747778,1692264747941,1693237012288,421,163,258
98,1693237012288,1692264748196,1692264748359,1693237012497,209,163,46
99,1693237012497,1692264748379,1692264748541,1693237012679,182,162,20
100,1693237012679,1692264748567,1692264748729,1693237012867,188,162,26
101,1693237012867,1692264748777,1692264748940,1693237013078,211,163,48
102,1693237013078,1692264748979,1692264749141,1693237013336,258,162,96
103,1693237013336,1692264749239,1692264749403,1693237013540,204,164,40
104,1693237013540,1692264749433,1692264749595,1693237013733,193,162,31
105,1693237013733,1692264749647,1692264749810,1693237013951,218,163,55
106,1693237013951,1692264749862,1692264750027,1693237014384,433,165,268
107,1693237014385,1692264750310,1692264750472,1693237014610,225,162,63
108,1693237014610,1692264750514,1692264750676,1693237014814,204,162,42
109,1693237014814,1692264750735,1692264750897,1693237015035,221,162,59
110,1693237015036,1692264750917,1692264751079,1693237015433,397,162,235
111,1693237015433,1692264751341,1692264751504,1693237015642,209,163,46
112,1693237015642,1692264751557,1692264751721,1693237015866,224,164,60
113,1693237015866,1692264751782,1692264751946,1693237016083,217,164,53
114,1693237016084,1692264751982,1692264752144,1693237016482,398,162,236
115,1693237016482,1692264752393,1692264752556,1693237016694,212,163,49
116,1693237016694,1692264752600,1692264752762,1693237016900,206,162,44
117,1693237016900,1692264752814,1692264752976,1693237017114,214,162,52
118,1693237017114,1692264753019,1692264753182,1693237017530,416,163,253
119,1693237017713,1692264753624,1692264754751,1693237018969,1256,1127,129
120,1693237018969,1692264754903,1692264755363,1693237019627,658,460,198
121,1693237019627,1692264755560,1692264756628,1693237020767,1140,1068,72
122,1693237020767,1692264756671,1692264757857,1693237021998,1231,1186,45
123,1693237021999,1692264757892,1692264758136,1693237022275,276,244,32
124,1693237022275,1692264758199,1692264758716,1693237022854,579,517,62
125,1693237022854,1692264758762,1692264759753,1693237023956,1102,991,111
126,1693237023956,1692264759874,1692264760477,1693237024637,681,603,78
127,1693237024637,1692264760760,1692264761827,1693237025965,1328,1067,261
128,1693237025965,1692264761996,1692264762811,1693237026967,1002,815,187
129,1693237026967,1692264762915,1692264764203,1693237028406,1439,1288,151
130,1693237028406,1692264764341,1692264765358,1693237029496,1090,1017,73
131,1693237029496,1692264765411,1692264766366,1693237030508,1012,955,57
132,1693237030508,1692264766424,1692264767127,1693237031265,757,703,54
133,1693237031265,1692264767175,1692264768019,1693237032209,944,844,100
134,1693237032209,1692264768110,1692264768794,1693237032977,768,684,84
135,1693237032977,1692264768902,1692264770201,1693237034405,1428,1299,129
136,1693237034405,1692264770302,1692264771529,1693237035667,1262,1227,35
137,1693237035667,1692264771670,1692264772959,1693237037097,1430,1289,141
138,1693237037097,1692264773050,1692264773934,1693237038075,978,884,94
139,1693237038075,1692264774017,1692264774566,1693237038705,630,549,81
140,1693237038705,1692264774655,1692264775123,1693237039265,560,468,92
141,1693237039265,1692264775205,1692264776133,1693237040271,1006,928,78
142,1693237040271,1692264776177,1692264777036,1693237041174,903,859,44
143,1693237041174,1692264777091,1692264777692,1693237041830,656,601,55
144,1693237041830,1692264777758,1692264778799,1693237042936,1106,1041,65
145,1693237042936,1692264778855,1692264779651,1693237043789,853,796,57
146,1693237043789,1692264779696,1692264779938,1693237044137,348,242,106
147,1693237044137,1692264780038,1692264780683,1693237044821,684,645,39
148,1693237044821,1692264780725,1692264781551,1693237045841,1020,826,194
149,1693237045841,1692264781762,1692264782825,1693237046963,1122,1063,59
150,1693237046963,1692264782866,1692264783712,1693237047938,975,846,129
151,1693237047946,1692264783856,1692264784019,1693237048156,210,163,47
152,1693237048156,1692264784063,1692264784225,1693237048363,207,162,45
153,1693237048363,1692264784269,1692264784434,1693237048571,208,165,43
154,1693237048571,1692264784482,1692264784644,1693237048986,415,162,253
155,1693237048986,1692264784929,1692264785093,1693237049230,244,164,80
156,1693237049230,1692264785131,1692264785294,1693237049432,202,163,39
157,1693237049432,1692264785329,1692264785490,1693237049627,195,161,34
158,1693237049627,1692264785532,1692264785694,1693237050036,409,162,247
159,1693237050036,1692264785965,1692264786129,1693237050270,234,164,70
160,1693237050270,1692264786306,1692264786470,1693237050608,338,164,174
161,1693237050608,1692264786519,1692264786681,1693237050819,211,162,49
162,1693237050819,1692264786712,1692264786874,1693237051083,264,162,102
163,1693237051083,1692264786998,1692264787160,1693237051298,215,162,53
164,1693237051298,1692264787189,1692264787350,1693237051503,205,161,44
165,1693237051503,1692264787403,1692264787565,1693237051703,200,162,38
166,1693237051703,1692264787607,1692264787770,1693237051908,205,163,42
167,1693237051908,1692264788021,1692264788182,1693237052321,413,161,252
168,1693237052321,1692264788234,1692264788396,1693237052534,213,162,51
169,1693237052534,1692264788441,1692264788603,1693237052741,207,162,45
170,1693237052741,1692264788655,1692264788818,1693237052961,220,163,57
171,1693237052961,1692264789093,1692264789257,1693237053410,449,164,285
172,1693237053410,1692264789326,1692264789489,1693237053626,216,163,53
173,1693237053626,1692264789537,1692264789699,1693237053836,210,162,48
174,1693237053836,1692264789754,1692264789918,1693237054230,394,164,230
175,1693237054230,1692264790128,1692264790290,1693237054427,197,162,35
176,1693237054427,1692264790330,1692264790493,1693237054647,220,163,57
177,1693237054647,1692264790562,1692264790726,1693237054866,219,164,55
178,1693237054866,1692264790791,1692264790955,1693237055278,412,164,248
179,1693237055278,1692264791187,1692264791350,1693237055488,210,163,47
180,1693237055488,1692264791398,1692264791561,1693237055698,210,163,47
181,1693237055698,1692264791614,1692264791777,1693237055917,219,163,56
182,1693237055917,1692264791810,1692264791973,1693237056111,194,163,31
183,1693237056111,1692264792219,1692264792382,1693237056519,408,163,245
184,1693237056519,1692264792455,1692264792621,1693237056758,239,166,73
185,1693237056758,1692264792666,1692264792828,1693237056966,208,162,46
186,1693237056966,1692264792850,1692264793012,1693237057150,184,162,22
187,1693237057150,1692264793280,1692264793443,1693237057581,431,163,268
188,1693237057581,1692264793478,1692264793640,1693237057794,213,162,51
189,1693237057794,1692264793696,1692264793858,1693237057996,202,162,40
190,1693237057996,1692264793909,1692264794073,1693237058424,428,164,264
191,1693237058424,1692264794327,1692264794489,1693237058627,203,162,41
192,1693237058627,1692264794518,1692264794680,1693237058817,190,162,28
193,1693237058818,1692264794741,1692264794905,1693237059042,224,164,60
194,1693237059042,1692264794958,1692264795121,1693237059477,435,163,272
195,1693237059477,1692264795391,1692264795553,1693237059703,226,162,64
196,1693237059703,1692264795632,1692264795796,1693237059933,230,164,66
197,1693237059933,1692264795831,1692264795993,1693237060130,197,162,35
198,1693237060130,1692264796049,1692264796211,1693237060521,391,162,229
199,1693237060521,1692264796420,1692264796583,1693237060720,199,163,36
200,1693237060720,1692264796603,1692264796764,1693237060911,191,161,30
201,1693237060911,1692264796835,1692264796999,1693237061137,226,164,62
202,1693237061137,1692264797050,1692264797215,1693237061569,432,165,267
203,1693237061569,1692264797453,1692264797616,1693237061753,184,163,21
204,1693237061753,1692264797683,1692264797846,1693237061983,230,163,67
205,1693237061983,1692264797950,1692264798114,1693237062264,281,164,117
206,1693237062264,1692264798171,1692264798334,1693237062621,357,163,194
207,1693237062621,1692264798548,1692264798711,1693237062854,233,163,70
208,1693237062854,1692264798763,1692264798928,1693237063065,211,165,46
209,1693237063065,1692264798978,1692264799141,1693237063300,235,163,72
210,1693237063300,1692264799217,1692264799381,1693237063666,366,164,202
211,1693237063666,1692264799560,1692264799722,1693237063860,194,162,32
212,1693237063860,1692264799777,1692264799940,1693237064085,225,163,62
213,1693237064085,1692264800005,1692264800168,1693237064305,220,163,57
214,1693237064305,1692264800204,1692264800365,1693237064715,410,161,249
215,1693237064715,1692264800624,1692264800786,1693237064923,208,162,46
216,1693237064923,1692264800814,1692264800976,1693237065114,191,162,29
217,1693237065114,1692264801026,1692264801192,1693237065329,215,166,49
218,1693237065329,1692264801250,1692264801414,1693237065763,434,164,270
219,1693237065763,1692264801681,1692264801845,1693237065992,229,164,65
220,1693237065992,1692264801877,1692264802039,1693237066177,185,162,23
221,1693237066177,1692264802065,1692264802227,1693237066364,187,162,25
222,1693237066364,1692264802278,1692264802440,1693237066578,214,162,52
223,1693237066578,1692264802735,1692264802898,1693237067036,458,163,295
224,1693237067036,1692264802941,1692264803105,1693237067242,206,164,42
225,1693237067242,1692264803164,1692264803327,1693237067465,223,163,60
226,1693237067465,1692264803364,1692264803527,1693237067860,395,163,232
227,1693237067860,1692264803780,1692264803943,1693237068080,220,163,57
228,1693237068080,1692264804001,1692264804163,1693237068301,221,162,59
229,1693237068301,1692264804225,1692264804389,1693237068533,232,164,68
230,1693237068533,1692264804428,1692264804590,1693237068911,378,162,216
231,1693237068911,1692264804810,1692264804972,1693237069110,199,162,37
232,1693237069110,1692264805036,1692264805199,1693237069336,226,163,63
233,1693237069336,1692264805236,1692264805398,1693237069535,199,162,37
234,1693237069535,1692264805429,1692264805590,1693237069727,192,161,31
235,1693237069727,1692264805862,1692264806025,1693237070162,435,163,272
236,1693237070162,1692264806066,1692264806229,1693237070379,217,163,54
237,1693237070379,1692264806305,1692264806468,1693237070606,227,163,64
238,1693237070606,1692264806517,1692264806680,1693237071011,405,163,242
239,1693237071011,1692264806903,1692264807065,1693237071203,192,162,30
240,1693237071203,1692264807116,1692264807279,1693237071416,213,163,50
241,1693237071416,1692264807308,1692264807470,1693237071619,203,162,41
242,1693237071619,1692264807532,1692264807695,1693237071833,214,163,51
243,1693237071833,1692264807954,1692264808117,1693237072254,421,163,258
244,1693237072254,1692264808180,1692264808342,1693237072479,225,162,63
245,1693237072479,1692264808390,1692264808554,1693237072694,215,164,51
246,1693237072694,1692264808623,1692264808786,1693237073104,410,163,247
247,1693237073104,1692264809000,1692264809161,1693237073300,196,161,35
248,1693237073300,1692264809203,1692264809366,1693237073520,220,163,57
249,1693237073520,1692264809407,1692264809569,1693237073710,190,162,28
250,1693237073710,1692264809647,1692264809810,1693237074157,447,163,284
251,1693237074157,1692264810067,1692264810232,1693237074371,214,165,49
252,1693237074371,1692264810289,1692264810452,1693237074589,218,163,55
253,1693237074590,1692264810484,1692264810646,1693237074783,193,162,31
254,1693237074783,1692264810686,1692264810848,1693237075204,421,162,259
255,1693237075204,1692264811117,1692264811280,1693237075431,227,163,64
256,1693237075431,1692264811369,1692264811532,1693237075670,239,163,76
257,1693237075670,1692264811592,1692264811757,1693237075895,225,165,60
258,1693237075895,1692264811803,1692264811967,1693237076250,355,164,191
259,1693237076250,1692264812144,1692264812305,1693237076443,193,161,32
260,1693237076443,1692264812355,1692264812518,1693237076666,223,163,60
261,1693237076666,1692264812560,1692264812722,1693237076859,193,162,31
262,1693237076859,1692264812746,1692264812908,1693237077045,186,162,24
263,1693237077045,1692264812951,1692264813113,1693237077303,258,162,96
264,1693237077303,1692264813222,1692264813385,1693237077522,219,163,56
265,1693237077522,1692264813416,1692264813577,1693237077715,193,161,32
266,1693237077715,1692264813616,1692264813777,1693237077917,202,161,41
267,1693237077917,1692264813811,1692264813975,1693237078125,208,164,44
268,1693237078345,1692264814250,1692264814757,1693237078895,550,507,43
269,1693237078895,1692264814791,1692264815690,1693237079827,932,899,33
270,1693237079827,1692264815753,1692264816479,1693237080616,789,726,63
271,1693237080616,1692264816529,1692264816989,1693237081127,511,460,51
272,1693237081127,1692264817023,1692264817650,1693237081788,661,627,34
273,1693237081788,1692264817841,1692264818958,1693237083096,1308,1117,191
274,1693237083096,1692264819018,1692264820347,1693237084641,1545,1329,216
275,1693237084641,1692264820585,1692264821155,1693237085293,652,570,82
276,1693237085293,1692264821219,1692264822643,1693237086780,1487,1424,63
277,1693237086780,1692264822678,1692264823543,1693237087782,1002,865,137
278,1693237087783,1692264823711,1692264824511,1693237088832,1049,800,249
279,1693237088832,1692264824751,1692264824988,1693237089136,304,237,67
280,1693237089136,1692264825165,1692264825572,1693237089880,744,407,337
281,1693237089880,1692264825810,1692264826675,1693237090931,1051,865,186
282,1693237090931,1692264826849,1692264827672,1693237091978,1047,823,224
283,1693237091978,1692264827894,1692264828576,1693237093027,1049,682,367
284,1693237093027,1692264828934,1692264829277,1693237093419,392,343,49
285,1693237093419,1692264829319,1692264830398,1693237094535,1116,1079,37
286,1693237094535,1692264830442,1692264831371,1693237095545,1010,929,81
287,1693237095545,1692264831470,1692264832808,1693237096945,1400,1338,62
288,1693237096945,1692264832858,1692264833680,1693237097817,872,822,50
289,1693237097817,1692264833725,1692264834864,1693237099021,1204,1139,65
290,1693237099021,1692264834941,1692264835495,1693237099716,695,554,141
291,1693237099716,1692264835614,1692264836488,1693237100857,1141,874,267
292,1693237100857,1692264836803,1692264837835,1693237101972,1115,1032,83
293,1693237101972,1692264837882,1692264838258,1693237102464,492,376,116
294,1693237102464,1692264838377,1692264839635,1693237103772,1308,1258,50
295,1693237103772,1692264839682,1692264839978,1693237104115,343,296,47
296,1693237104115,1692264840031,1692264841097,1693237105283,1168,1066,102
297,1693237105283,1692264841211,1692264841700,1693237105837,554,489,65
298,1693237105837,1692264841759,1692264842451,1693237106659,822,692,130
299,1693237106659,1692264842606,1692264843412,1693237107707,1048,806,242
300,1693237107707,1692264843614,1692264844203,1693237108364,657,589,68
301,1693237111379,1692264847291,1692264847454,1693237111605,226,163,63
302,1693237111605,1692264847505,1692264847669,1693237111902,297,164,133
303,1693237111902,1692264847807,1692264847969,1693237112107,205,162,43
304,1693237112107,1692264848025,1692264848190,1693237112327,220,165,55
305,1693237112327,1692264848301,1692264848466,1693237112603,276,165,111
306,1693237112603,1692264848541,1692264848706,1693237112950,347,165,182
307,1693237112950,1692264848853,1692264849016,1693237113153,203,163,40
308,1693237113153,1692264849086,1692264849249,1693237113386,233,163,70
309,1693237113386,1692264849292,1692264849455,1693237113592,206,163,43
310,1693237113592,1692264849542,1692264849706,1693237113996,404,164,240
311,1693237113996,1692264849893,1692264850056,1693237114199,203,163,40
312,1693237114199,1692264850170,1692264850333,1693237114472,273,163,110
313,1693237114472,1692264850384,1692264850547,1693237114684,212,163,49
314,1693237114684,1692264850581,1692264850744,1693237115045,361,163,198
315,1693237115045,1692264850948,1692264851111,1693237115248,203,163,40
316,1693237115248,1692264851171,1692264851334,1693237115471,223,163,60
317,1693237115471,1692264851380,1692264851544,1693237115681,210,164,46
318,1693237115681,1692264851611,1692264851774,1693237116095,414,163,251
319,1693237116095,1692264851990,1692264852153,1693237116290,195,163,32
320,1693237116290,1692264852216,1692264852379,1693237116516,226,163,63
321,1693237116516,1692264852436,1692264852599,1693237116735,219,163,56
322,1693237116735,1692264852693,1692264852856,1693237117142,407,163,244
323,1693237117142,1692264853072,1692264853236,1693237117373,231,164,67
324,1693237117373,1692264853268,1692264853431,1693237117568,195,163,32
325,1693237117568,1692264853474,1692264853636,1693237117774,206,162,44
326,1693237117774,1692264853693,1692264853858,1693237118194,420,165,255
327,1693237118194,1692264854186,1692264854349,1693237118486,292,163,129
328,1693237118486,1692264854598,1692264854762,1693237118899,413,164,249
329,1693237118899,1692264854799,1692264854962,1693237119247,348,163,185
330,1693237119247,1692264855165,1692264855327,1693237119476,229,162,67
331,1693237119476,1692264855383,1692264855548,1693237119684,208,165,43
332,1693237119684,1692264855593,1692264855757,1693237119894,210,164,46
333,1693237119894,1692264855812,1692264855975,1693237120288,394,163,231
334,1693237120288,1692264856199,1692264856364,1693237120500,212,165,47
335,1693237120501,1692264856407,1692264856570,1693237120710,209,163,46
336,1693237120710,1692264856627,1692264856790,1693237120927,217,163,54
337,1693237120927,1692264856852,1692264857016,1693237121336,409,164,245
338,1693237121336,1692264857268,1692264857432,1693237121569,233,164,69
339,1693237121569,1692264857476,1692264857638,1693237121775,206,162,44
340,1693237121775,1692264857654,1692264857815,1693237121952,177,161,16
341,1693237121952,1692264857845,1692264858007,1693237122145,193,162,31
342,1693237122145,1692264858034,1692264858196,1693237122386,241,162,79
343,1693237122386,1692264858320,1692264858484,1693237122622,236,164,72
344,1693237122622,1692264858533,1692264858697,1693237122834,212,164,48
345,1693237122834,1692264858748,1692264858911,1693237123078,244,163,81
346,1693237123078,1692264858987,1692264859150,1693237123434,356,163,193
347,1693237123434,1692264859327,1692264859489,1693237123626,192,162,30
348,1693237123626,1692264859535,1692264859698,1693237123858,232,163,69
349,1693237123858,1692264859785,1692264859949,1693237124087,229,164,65
350,1693237124087,1692264859982,1692264860144,1693237124483,396,162,234
351,1693237124483,1692264860384,1692264860546,1693237124682,199,162,37
352,1693237124682,1692264860584,1692264860746,1693237124883,201,162,39
353,1693237124883,1692264860789,1692264860950,1693237125087,204,161,43
354,1693237125087,1692264860987,1692264861150,1693237125287,200,163,37
355,1693237125287,1692264861411,1692264861574,1693237125711,424,163,261
356,1693237125711,1692264861642,1692264861805,1693237125941,230,163,67
357,1693237125941,1692264861866,1692264862029,1693237126166,225,163,62
358,1693237126166,1692264862091,1692264862255,1693237126580,414,164,250
359,1693237126580,1692264862479,1692264862641,1693237126777,197,162,35
360,1693237126777,1692264862678,1692264862841,1693237126998,221,163,58
361,1693237126998,1692264862905,1692264863070,1693237127206,208,165,43
362,1693237127206,1692264863124,1692264863288,1693237127628,422,164,258
363,1693237127628,1692264863558,1692264863722,1693237127859,231,164,67
364,1693237127859,1692264863765,1692264863926,1693237128063,204,161,43
365,1693237128063,1692264863974,1692264864137,1693237128275,212,163,49
366,1693237128275,1692264864209,1692264864374,1693237128678,403,165,238
367,1693237128678,1692264864597,1692264864760,1693237128914,236,163,73
368,1693237128914,1692264864825,1692264864988,1693237129125,211,163,48
369,1693237129125,1692264865011,1692264865175,1693237129312,187,164,23
370,1693237129312,1692264865240,1692264865402,1693237129725,413,162,251
371,1693237129725,1692264865657,1692264865820,1693237129957,232,163,69
372,1693237129957,1692264865856,1692264866018,1693237130268,311,162,149
373,1693237130268,1692264866171,1692264866334,1693237130481,213,163,50
374,1693237130481,1692264866394,1692264866557,1693237130774,293,163,130
375,1693237130774,1692264866672,1692264866834,1693237130970,196,162,34
376,1693237130970,1692264866885,1692264867048,1693237131185,215,163,52
377,1693237131185,1692264867076,1692264867239,1693237131378,193,163,30
378,1693237131378,1692264867273,1692264867436,1693237131573,195,163,32
379,1693237131573,1692264867705,1692264867868,1693237132004,431,163,268
380,1693237132005,1692264867906,1692264868070,1693237132219,214,164,50
381,1693237132219,1692264868123,1692264868286,1693237132423,204,163,41
382,1693237132423,1692264868331,1692264868494,1693237132631,208,163,45
383,1693237132631,1692264868525,1692264868687,1693237132871,240,162,78
384,1693237132871,1692264868784,1692264868947,1693237133083,212,163,49
385,1693237133083,1692264869009,1692264869174,1693237133310,227,165,62
386,1693237133310,1692264869208,1692264869371,1693237133508,198,163,35
387,1693237133508,1692264869421,1692264869585,1693237133921,413,164,249
388,1693237133921,1692264869836,1692264869999,1693237134136,215,163,52
389,1693237134136,1692264870031,1692264870193,1693237134331,195,162,33
390,1693237134331,1692264870244,1692264870407,1693237134544,213,163,50
391,1693237134544,1692264870468,1692264870631,1693237134969,425,163,262
392,1693237134970,1692264870874,1692264871036,1693237135173,203,162,41
393,1693237135173,1692264871098,1692264871262,1693237135399,226,164,62
394,1693237135399,1692264871299,1692264871461,1693237135597,198,162,36
395,1693237135597,1692264871532,1692264871694,1693237136017,420,162,258
396,1693237136017,1692264871975,1692264872138,1693237136274,257,163,94
397,1693237136274,1692264872186,1692264872350,1693237136488,214,164,50
398,1693237136488,1692264872395,1692264872557,1693237136694,206,162,44
399,1693237136694,1692264872603,1692264872766,1693237137065,371,163,208
400,1693237137066,1692264872963,1692264873127,1693237137264,198,164,34
401,1693237137264,1692264873196,1692264873359,1693237137495,231,163,68
402,1693237137495,1692264873435,1692264873598,1693237137735,240,163,77
403,1693237137735,1692264873644,1692264873808,1693237138115,380,164,216
404,1693237138115,1692264874063,1692264874228,1693237138364,249,165,84
405,1693237138364,1692264874293,1692264874458,1693237138595,231,165,66
406,1693237138595,1692264874538,1692264874703,1693237138839,244,165,79
407,1693237138839,1692264874724,1692264874886,1693237139162,323,162,161
408,1693237139162,1692264875071,1692264875234,1693237139370,208,163,45
409,1693237139370,1692264875264,1692264875427,1693237139577,207,163,44
410,1693237139577,1692264875510,1692264875675,1693237139812,235,165,70
411,1693237139812,1692264875718,1692264875881,1693237140210,398,163,235
412,1693237140210,1692264876118,1692264876281,1693237140417,207,163,44
413,1693237140417,1692264876307,1692264876468,1693237140608,191,161,30
414,1693237140608,1692264876506,1692264876668,1693237140815,207,162,45
415,1693237140815,1692264876735,1692264876899,1693237141039,224,164,60
416,1693237141039,1692264877166,1692264877328,1693237141494,455,162,293
417,1693237141657,1692264877563,1692264878427,1693237142564,907,864,43
418,1693237142564,1692264878463,1692264879187,1693237143357,793,724,69
419,1693237143357,1692264879249,1692264880032,1693237144182,825,783,42
420,1693237144182,1692264880306,1692264881026,1693237145163,981,720,261
421,1693237145163,1692264881087,1692264882174,1693237146502,1339,1087,252
422,1693237146502,1692264882436,1692264883513,1693237147650,1148,1077,71
423,1693237147650,1692264883558,1692264884300,1693237148600,950,742,208
424,1693237148600,1692264884541,1692264885708,1693237149844,1244,1167,77
425,1693237149844,1692264885746,1692264887050,1693237151237,1393,1304,89
426,1693237151237,1692264887145,1692264888121,1693237152257,1020,976,44
427,1693237152257,1692264888150,1692264889083,1693237153219,962,933,29
428,1693237153219,1692264889165,1692264889917,1693237154074,855,752,103
429,1693237154074,1692264890108,1692264890335,1693237154472,398,227,171
430,1693237154472,1692264890434,1692264891631,1693237155939,1467,1197,270
431,1693237155939,1692264891852,1692264892665,1693237156995,1056,813,243
432,1693237156995,1692264892922,1692264893115,1693237157251,256,193,63
433,1693237157251,1692264893150,1692264893859,1693237158037,786,709,77
434,1693237158037,1692264893957,1692264895065,1693237159202,1165,1108,57
435,1693237159202,1692264895169,1692264895932,1693237160137,935,763,172
436,1693237160137,1692264896256,1692264897054,1693237161191,1054,798,256
437,1693237161191,1692264897157,1692264897924,1693237162230,1039,767,272
438,1693237162230,1692264898146,1692264898951,1693237163319,1089,805,284
439,1693237163319,1692264899238,1692264900187,1693237164347,1028,949,79
440,1693237164347,1692264900250,1692264901268,1693237165415,1068,1018,50
441,1693237165416,1692264901315,1692264901731,1693237165870,454,416,38
442,1693237165870,1692264901783,1692264902496,1693237166633,763,713,50
443,1693237166633,1692264902554,1692264903480,1693237167625,992,926,66
444,1693237167625,1692264903530,1692264904497,1693237168633,1008,967,41
445,1693237168633,1692264904619,1692264905515,1693237169655,1022,896,126
446,1693237169655,1692264905550,1692264905762,1693237169965,310,212,98
447,1693237169965,1692264905882,1692264906851,1693237171101,1136,969,167
448,1693237171101,1692264907017,1692264907717,1693237171853,752,700,52
449,1693237171861,1692264907759,1692264907920,1693237172061,200,161,39
450,1693237172061,1692264907982,1692264908146,1693237172283,222,164,58
451,1693237172283,1692264908177,1692264908339,1693237172499,216,162,54
452,1693237172500,1692264908621,1692264908783,1693237172919,419,162,257
453,1693237172920,1692264908843,1692264909006,1693237173142,222,163,59
454,1693237173142,1692264909039,1692264909200,1693237173336,194,161,33
455,1693237173336,1692264909272,1692264909435,1693237173764,428,163,265
456,1693237173764,1692264909666,1692264909828,1693237173966,202,162,40
457,1693237173966,1692264909841,1692264910002,1693237174159,193,161,32
458,1693237174159,1692264910077,1692264910239,1693237174375,216,162,54
459,1693237174375,1692264910272,1692264910433,1693237174569,194,161,33
460,1693237174569,1692264910691,1692264910854,1693237174990,421,163,258
461,1693237174990,1692264910900,1692264911063,1693237175206,216,163,53
462,1693237175206,1692264911095,1692264911256,1693237175393,187,161,26
463,1693237175393,1692264911308,1692264911472,1693237175608,215,164,51
464,1693237175608,1692264911509,1692264911671,1693237175866,258,162,96
465,1693237175866,1692264911778,1692264911940,1693237176093,227,162,65
466,1693237176093,1692264912014,1692264912179,1693237176315,222,165,57
467,1693237176315,1692264912226,1692264912388,1693237176543,228,162,66
468,1693237176543,1692264912424,1692264912585,1693237176912,369,161,208
469,1693237176912,1692264912821,1692264912988,1693237177124,212,167,45
470,1693237177124,1692264913020,1692264913182,1693237177328,204,162,42
471,1693237177328,1692264913258,1692264913421,1693237177558,230,163,67
472,1693237177558,1692264913467,1692264913630,1693237177960,402,163,239
473,1693237177960,1692264913872,1692264914034,1693237178171,211,162,49
474,1693237178171,1692264914061,1692264914223,1693237178359,188,162,26
475,1693237178359,1692264914277,1692264914440,1693237178576,217,163,54
476,1693237178576,1692264914484,1692264914647,1693237178783,207,163,44
477,1693237178783,1692264914896,1692264915057,1693237179194,411,161,250
478,1693237179194,1692264915135,1692264915299,1693237179435,241,164,77
479,1693237179436,1692264915336,1692264915498,1693237179639,203,162,41
480,1693237179639,1692264915563,1692264915726,1693237180056,417,163,254
481,1693237180056,1692264915970,1692264916133,1693237180269,213,163,50
482,1693237180269,1692264916167,1692264916328,1693237180472,203,161,42
483,1693237180472,1692264916369,1692264916532,1693237180668,196,163,33
484,1693237180668,1692264916578,1692264916742,1693237180880,212,164,48
485,1693237180880,1692264917009,1692264917171,1693237181307,427,162,265
486,1693237181307,1692264917243,1692264917406,1693237181543,236,163,73
487,1693237181543,1692264917472,1692264917635,1693237181771,228,163,65
488,1693237181771,1692264917683,1692264917846,1693237182154,383,163,220
489,1693237182154,1692264918079,1692264918242,1693237182388,234,163,71
490,1693237182388,1692264918270,1692264918432,1693237182569,181,162,19
491,1693237182569,1692264918465,1692264918627,1693237182763,194,162,32
492,1693237182763,1692264918659,1692264918820,1693237182957,194,161,33
493,1693237182957,1692264919105,1692264919269,1693237183405,448,164,284
494,1693237183405,1692264919317,1692264919480,1693237183619,214,163,51
495,1693237183619,1692264919520,1692264919683,1693237183819,200,163,37
496,1693237183819,1692264919720,1692264919882,1693237184018,199,162,37
497,1693237184018,1692264920170,1692264920333,1693237184469,451,163,288
498,1693237184470,1692264920367,1692264920529,1693237184665,195,162,33
499,1693237184665,1692264920552,1692264920714,1693237184855,190,162,28
500,1693237184855,1692264920764,1692264920928,1693237185064,209,164,45
501,1693237185064,1692264921171,1692264921334,1693237185470,406,163,243
502,1693237185470,1692264921371,1692264921533,1693237185692,222,162,60
503,1693237185692,1692264921581,1692264921744,1693237185881,189,163,26
504,1693237185881,1692264921802,1692264921965,1693237186104,223,163,60
505,1693237186104,1692264922235,1692264922400,1693237186537,433,165,268
506,1693237186537,1692264922443,1692264922607,1693237186765,228,164,64
507,1693237186765,1692264922659,1692264922821,1693237186959,194,162,32
508,1693237186959,1692264922869,1692264923033,1693237187169,210,164,46
509,1693237187169,1692264923281,1692264923443,1693237187579,410,162,248
510,1693237187579,1692264923473,1692264923635,1693237187789,210,162,48
511,1693237187790,1692264923696,1692264923860,1693237188007,217,164,53
512,1693237188007,1692264923921,1692264924084,1693237188220,213,163,50
513,1693237188220,1692264924336,1692264924500,1693237188636,416,164,252
514,1693237188636,1692264924563,1692264924724,1693237188861,225,161,64
515,1693237188861,1692264924761,1692264924924,1693237189060,199,163,36
516,1693237189060,1692264924959,1692264925122,1693237189258,198,163,35
517,1693237189258,1692264925366,1692264925528,1693237189664,406,162,244
518,1693237189664,1692264925578,1692264925742,1693237189883,219,164,55
519,1693237189883,1692264925814,1692264925977,1693237190113,230,163,67
520,1693237190113,1692264926149,1692264926310,1693237190543,430,161,269
521,1693237190543,1692264926442,1692264926605,1693237190741,198,163,35
522,1693237190741,1692264926651,1692264926815,1693237190953,212,164,48
523,1693237190953,1692264926851,1692264927013,1693237191149,196,162,34
524,1693237191149,1692264927056,1692264927218,1693237191354,205,162,43
525,1693237191354,1692264927473,1692264927637,1693237191773,419,164,255
526,1693237191773,1692264927706,1692264927867,1693237192003,230,161,69
527,1693237192004,1692264927915,1692264928078,1693237192214,210,163,47
528,1693237192214,1692264928160,1692264928323,1693237192638,424,163,261
529,1693237192638,1692264928539,1692264928701,1693237192837,199,162,37
530,1693237192837,1692264928728,1692264928890,1693237193030,193,162,31
531,1693237193030,1692264928949,1692264929112,1693237193248,218,163,55
532,1693237193248,1692264929143,1692264929305,1693237193441,193,162,31
533,1693237193441,1692264929559,1692264929721,1693237193857,416,162,254
534,1693237193857,1692264929758,1692264929920,1693237194079,222,162,60
535,1693237194079,1692264929982,1692264930144,1693237194300,221,162,59
536,1693237194300,1692264930225,1692264930389,1693237194739,439,164,275
537,1693237194739,1692264930660,1692264930823,1693237194965,226,163,63
538,1693237194966,1692264930860,1692264931022,1693237195158,192,162,30
539,1693237195158,1692264931087,1692264931250,1693237195386,228,163,65
540,1693237195386,1692264931305,1692264931467,1693237195784,398,162,236
541,1693237195784,1692264931686,1692264931849,1693237195985,201,163,38
542,1693237195985,1692264931896,1692264932059,1693237196203,218,163,55
543,1693237196203,1692264932114,1692264932277,1693237196413,210,163,47
544,1693237196413,1692264932319,1692264932482,1693237196832,419,163,256
545,1693237196832,1692264932735,1692264932898,1693237197033,201,163,38
546,1693237197034,1692264932943,1692264933106,1693237197262,228,163,65
547,1693237197262,1692264933172,1692264933334,1693237197470,208,162,46
548,1693237197470,1692264933383,1692264933546,1693237197885,415,163,252
549,1693237197885,1692264933779,1692264933941,1693237198077,192,162,30
550,1693237198077,1692264934004,1692264934166,1693237198302,225,162,63
551,1693237198302,1692264934246,1692264934410,1693237198562,260,164,96
552,1693237198562,1692264934458,1692264934621,1693237198929,367,163,204
553,1693237198929,1692264934825,1692264934986,1693237199122,193,161,32
554,1693237199122,1692264935043,1692264935208,1693237199349,227,165,62
555,1693237199349,1692264935287,1692264935451,1693237199587,238,164,74
556,1693237199587,1692264935497,1692264935660,1693237199981,394,163,231
557,1693237199981,1692264935905,1692264936068,1693237200204,223,163,60
558,1693237200204,1692264936096,1692264936258,1693237200395,191,162,29
559,1693237200395,1692264936292,1692264936453,1693237200594,199,161,38
560,1693237200594,1692264936503,1692264936666,1693237200802,208,163,45
561,1693237200802,1692264936926,1692264937089,1693237201225,423,163,260
562,1693237201225,1692264937190,1692264937353,1693237201489,264,163,101
563,1693237201489,1692264937389,1692264937550,1693237201707,218,161,57
564,1693237201707,1692264937629,1692264937792,1693237202075,368,163,205
565,1693237202238,1692264938144,1692264938793,1693237203123,885,649,236
566,1693237203123,1692264939039,1692264939529,1693237203665,542,490,52
567,1693237203665,1692264939617,1692264940419,1693237204566,901,802,99
568,1693237204566,1692264940474,1692264941403,1693237205612,1046,929,117
569,1693237205612,1692264941551,1692264942043,1693237206269,657,492,165
570,1693237206270,1692264942198,1692264943290,1693237207426,1156,1092,64
571,1693237207426,1692264943361,1692264944512,1693237208648,1222,1151,71
572,1693237208648,1692264944629,1692264945860,1693237210000,1352,1231,121
573,1693237210000,1692264945933,1692264946545,1693237210696,696,612,84
574,1693237210696,1692264946631,1692264947933,1693237212077,1381,1302,79
575,1693237212077,1692264947992,1692264948640,1693237212781,704,648,56
576,1693237212781,1692264948713,1692264949534,1693237213670,889,821,68
577,1693237213670,1692264949576,1692264950737,1693237214873,1203,1161,42
578,1693237214873,1692264950814,1692264951349,1693237215485,612,535,77
579,1693237215485,1692264951627,1692264952075,1693237216211,726,448,278
580,1693237216211,1692264952131,1692264953160,1693237217296,1085,1029,56
581,1693237217296,1692264953202,1692264953888,1693237218024,728,686,42
582,1693237218024,1692264953945,1692264954671,1693237218853,829,726,103
583,1693237218853,1692264954770,1692264955847,1693237219983,1130,1077,53
584,1693237219983,1692264955881,1692264956875,1693237221022,1039,994,45
585,1693237221022,1692264956953,1692264958187,1693237222391,1369,1234,135
586,1693237222391,1692264958331,1692264959323,1693237223458,1067,992,75
587,1693237223458,1692264959363,1692264960055,1693237224190,732,692,40
588,1693237224190,1692264960095,1692264960830,1693237225143,953,735,218
589,1693237225143,1692264961058,1692264961994,1693237226294,1151,936,215
590,1693237226294,1692264962215,1692264963296,1693237227433,1139,1081,58
591,1693237227433,1692264963347,1692264963973,1693237228290,857,626,231
592,1693237228290,1692264964204,1692264964986,1693237229338,1048,782,266
593,1693237229338,1692264965273,1692264965979,1693237230116,778,706,72
594,1693237230116,1692264966041,1692264967010,1693237231146,1030,969,61
595,1693237231146,1692264967058,1692264968010,1693237232172,1026,952,74
596,1693237232173,1692264968078,1692264968289,1693237232485,312,211,101
597,1693237232493,1692264968411,1692264968574,1693237232715,222,163,59
598,1693237232715,1692264968640,1692264968804,1693237232940,225,164,61
599,1693237232940,1692264968842,1692264969004,1693237233140,200,162,38
600,1693237233140,1692264969068,1692264969231,1693237233532,392,163,229
601,1693237233532,1692264969435,1692264969598,1693237233733,201,163,38
602,1693237233734,1692264969643,1692264969807,1693237233948,214,164,50
603,1693237233948,1692264969850,1692264970014,1693237234149,201,164,37
604,1693237234150,1692264970054,1692264970217,1693237234352,202,163,39
605,1693237234352,1692264970488,1692264970651,1693237234787,435,163,272
606,1693237234787,1692264970706,1692264970870,1693237235006,219,164,55
607,1693237235006,1692264970906,1692264971068,1693237235203,197,162,35
608,1693237235203,1692264971106,1692264971268,1693237235404,201,162,39
609,1693237235404,1692264971534,1692264971697,1693237235832,428,163,265
610,1693237235832,1692264971751,1692264971915,1693237236051,219,164,55
611,1693237236051,1692264971965,1692264972127,1693237236263,212,162,50
612,1693237236263,1692264972192,1692264972354,1693237236677,414,162,252
613,1693237236677,1692264972574,1692264972737,1693237236873,196,163,33
614,1693237236873,1692264972774,1692264972935,1693237237071,198,161,37
615,1693237237071,1692264972997,1692264973161,1693237237296,225,164,61
616,1693237237297,1692264973192,1692264973354,1693237237489,192,162,30
617,1693237237489,1692264973387,1692264973549,1693237237727,238,162,76
618,1693237237727,1692264973643,1692264973805,1693237237941,214,162,52
619,1693237237941,1692264973863,1692264974025,1693237238161,220,162,58
620,1693237238161,1692264974059,1692264974220,1693237238356,195,161,34
621,1693237238356,1692264974279,1692264974443,1693237238777,421,164,257
622,1693237238777,1692264974693,1692264974856,1693237239007,230,163,67
623,1693237239007,1692264974917,1692264975080,1693237239215,208,163,45
624,1693237239215,1692264975123,1692264975286,1693237239422,207,163,44
625,1693237239422,1692264975394,1692264975559,1693237239824,402,165,237
626,1693237239824,1692264975728,1692264975893,1693237240029,205,165,40
627,1693237240029,1692264975932,1692264976097,1693237240243,214,165,49
628,1693237240243,1692264976164,1692264976327,1693237240462,219,163,56
629,1693237240462,1692264976357,1692264976518,1693237240871,409,161,248
630,1693237240871,1692264976792,1692264976954,1693237241090,219,162,57
631,1693237241090,1692264976987,1692264977148,1693237241284,194,161,33
632,1693237241284,1692264977193,1692264977355,1693237241490,206,162,44
633,1693237241490,1692264977414,1692264977577,1693237241956,466,163,303
634,1693237241956,1692264977867,1692264978030,1693237242165,209,163,46
635,1693237242165,1692264978071,1692264978233,1693237242369,204,162,42
636,1693237242369,1692264978294,1692264978458,1693237242604,235,164,71
637,1693237242605,1692264978504,1692264978668,1693237242970,365,164,201
638,1693237242970,1692264978893,1692264979056,1693237243191,221,163,58
639,1693237243192,1692264979111,1692264979274,1693237243409,217,163,54
640,1693237243409,1692264979330,1692264979493,1693237243628,219,163,56
641,1693237243628,1692264979546,1692264979709,1693237244017,389,163,226
642,1693237244017,1692264979904,1692264980065,1693237244201,184,161,23
643,1693237244201,1692264980109,1692264980272,1693237244412,211,163,48
644,1693237244412,1692264980314,1692264980475,1693237244622,210,161,49
645,1693237244622,1692264980531,1692264980695,1693237244830,208,164,44
646,1693237244830,1692264980994,1692264981158,1693237245295,465,164,301
647,1693237245295,1692264981192,1692264981353,1693237245489,194,161,33
648,1693237245489,1692264981390,1692264981552,1693237245688,199,162,37
649,1693237245688,1692264981597,1692264981759,1693237246115,427,162,265
650,1693237246115,1692264982003,1692264982164,1693237246300,185,161,24
651,1693237246300,1692264982224,1692264982386,1693237246536,236,162,74
652,1693237246536,1692264982482,1692264982645,1693237246781,245,163,82
653,1693237246781,1692264982701,1692264982864,1693237247164,383,163,220
654,1693237247164,1692264983077,1692264983240,1693237247375,211,163,48
655,1693237247375,1692264983285,1692264983448,1693237247584,209,163,46
656,1693237247584,1692264983485,1692264983646,1693237247783,199,161,38
657,1693237247783,1692264983685,1692264983847,1693237247982,199,162,37
658,1693237247982,1692264984114,1692264984277,1693237248412,430,163,267
659,1693237248412,1692264984331,1692264984493,1693237248628,216,162,54
660,1693237248628,1692264984524,1692264984685,1693237248854,226,161,65
661,1693237248854,1692264984781,1692264984942,1693237249260,406,161,245
662,1693237249260,1692264985169,1692264985332,1693237249467,207,163,44
663,1693237249468,1692264985364,1692264985525,1693237249679,211,161,50
664,1693237249679,1692264985600,1692264985764,1693237249899,220,164,56
665,1693237249899,1692264985809,1692264985971,1693237250309,410,162,248
666,1693237250309,1692264986261,1692264986423,1693237250559,250,162,88
667,1693237250559,1692264986484,1692264986646,1693237250803,244,162,82
668,1693237250803,1692264986706,1692264986869,1693237251004,201,163,38
669,1693237251004,1692264986901,1692264987062,1693237251360,356,161,195
670,1693237251360,1692264987265,1692264987427,1693237251562,202,162,40
671,1693237251562,1692264987490,1692264987653,1693237251788,226,163,63
672,1693237251788,1692264987696,1692264987858,1693237251993,205,162,43
673,1693237251994,1692264987882,1692264988044,1693237252179,185,162,23
674,1693237252179,1692264988291,1692264988453,1693237252588,409,162,247
675,1693237252588,1692264988497,1692264988660,1693237252797,209,163,46
676,1693237252797,1692264988740,1692264988903,1693237253039,242,163,79
677,1693237253039,1692264988957,1692264989121,1693237253455,416,164,252
678,1693237253455,1692264989358,1692264989520,1693237253655,200,162,38
679,1693237253655,1692264989570,1692264989733,1693237253868,213,163,50
680,1693237253868,1692264989763,1692264989924,1693237254060,192,161,31
681,1693237254060,1692264989976,1692264990140,1693237254275,215,164,51
682,1693237254275,1692264990440,1692264990603,1693237254738,463,163,300
683,1693237254738,1692264990642,1692264990805,1693237254940,202,163,39
684,1693237254940,1692264990850,1692264991015,1693237255151,211,165,46
685,1693237255151,1692264991087,1692264991249,1693237255551,400,162,238
686,1693237255551,1692264991523,1692264991687,1693237255823,272,164,108
687,1693237255823,1692264991714,1692264991876,1693237256011,188,162,26
688,1693237256011,1692264991929,1692264992092,1693237256227,216,163,53
689,1693237256227,1692264992129,1692264992290,1693237256601,374,161,213
690,1693237256601,1692264992501,1692264992662,1693237256799,198,161,37
691,1693237256799,1692264992709,1692264992871,1693237257007,208,162,46
692,1693237257007,1692264992941,1692264993104,1693237257239,232,163,69
693,1693237257240,1692264993177,1692264993340,1693237257655,415,163,252
694,1693237257655,1692264993556,1692264993718,1693237257853,198,162,36
695,1693237257853,1692264993768,1692264993930,1693237258065,212,162,50
696,1693237258065,1692264993978,1692264994141,1693237258276,211,163,48
697,1693237258276,1692264994222,1692264994385,1693237258697,421,163,258
698,1693237258697,1692264994614,1692264994777,1693237258912,215,163,52
699,1693237258912,1692264994804,1692264994970,1693237259163,251,166,85
700,1693237259164,1692264995074,1692264995237,1693237259470,306,163,143
701,1693237259471,1692264995394,1692264995558,1693237259745,274,164,110
702,1693237259745,1692264995676,1692264995839,1693237259974,229,163,66
703,1693237259974,1692264995888,1692264996051,1693237260186,212,163,49
704,1693237260186,1692264996092,1692264996253,1693237260389,203,161,42
705,1693237260389,1692264996319,1692264996484,1693237260801,412,165,247
706,1693237260801,1692264996720,1692264996883,1693237261024,223,163,60
707,1693237261024,1692264996930,1692264997094,1693237261229,205,164,41
708,1693237261229,1692264997147,1692264997310,1693237261445,216,163,53
709,1693237261445,1692264997360,1692264997523,1693237261843,398,163,235
710,1693237261843,1692264997737,1692264997898,1693237262033,190,161,29
711,1693237262033,1692264997943,1692264998106,1693237262262,229,163,66
712,1693237262262,1692264998155,1692264998316,1693237262452,190,161,29
713,1693237262452,1692264998353,1692264998514,1693237262650,198,161,37
714,1693237262891,1692264998810,1692264999575,1693237263710,819,765,54
715,1693237263710,1692264999862,1692265000406,1693237264541,831,544,287
716,1693237264541,1692265000476,1692265001484,1693237265619,1078,1008,70
717,1693237265619,1692265001529,1692265001706,1693237266036,417,177,240
718,1693237266036,1692265001952,1692265002907,1693237267087,1051,955,96
719,1693237267087,1692265002990,1692265003525,1693237267660,573,535,38
720,1693237267660,1692265003578,1692265004740,1693237268888,1228,1162,66
721,1693237268888,1692265004801,1692265005310,1693237269445,557,509,48
722,1693237269445,1692265005358,1692265006190,1693237270325,880,832,48
723,1693237270325,1692265006237,1692265006931,1693237271280,955,694,261
724,1693237271280,1692265007166,1692265007767,1693237271902,622,601,21
725,1693237271902,1692265007838,1692265008227,1693237272363,461,389,72
726,1693237272363,1692265008244,1692265009148,1693237273378,1015,904,111
727,1693237273378,1692265009279,1692265009597,1693237273773,395,318,77
728,1693237273773,1692265009668,1692265010350,1693237274486,713,682,31
729,1693237274486,1692265010407,1692265011011,1693237275147,661,604,57
730,1693237275147,1692265011113,1692265011738,1693237275875,728,625,103
731,1693237275875,1692265011803,1692265012579,1693237276714,839,776,63
732,1693237276714,1692265012662,1692265013381,1693237277571,857,719,138
733,1693237277571,1692265013518,1692265013689,1693237277825,254,171,83
734,1693237277825,1692265013877,1692265014563,1693237278698,873,686,187
735,1693237278698,1692265014622,1692265015572,1693237279707,1009,950,59
736,1693237279707,1692265015618,1692265016121,1693237280335,628,503,125
737,1693237280335,1692265016294,1692265017671,1693237281806,1471,1377,94
738,1693237281806,1692265017706,1692265018325,1693237282460,654,619,35
739,1693237282460,1692265018358,1692265019033,1693237283207,747,675,72
740,1693237283207,1692265019102,1692265020354,1693237284504,1297,1252,45
741,1693237284504,1692265020430,1692265021025,1693237285161,657,595,62
742,1693237285161,1692265021057,1692265021770,1693237285960,799,713,86
743,1693237285960,1692265021873,1692265022735,1693237287010,1050,862,188
744,1693237287010,1692265022989,1692265024177,1693237288352,1342,1188,154
745,1693237288352,1692265024369,1692265025365,1693237289500,1148,996,152
746,1693237289500,1692265025414,1692265025890,1693237290154,654,476,178
747,1693237290154,1692265026082,1692265026648,1693237290784,630,566,64
748,1693237290784,1692265026698,1692265027600,1693237291735,951,902,49
749,1693237291735,1692265027654,1692265028391,1693237292526,791,737,54
750,1693237292526,1692265028518,1692265028816,1693237292952,426,298,128
751,1693237292958,1692265028871,1692265029034,1693237293304,346,163,183
752,1693237293304,1692265029217,1692265029380,1693237293515,211,163,48
753,1693237293515,1692265029411,1692265029573,1693237293716,201,162,39
754,1693237293716,1692265029632,1692265029796,1693237293931,215,164,51
755,1693237293931,1692265029830,1692265029993,1693237294349,418,163,255
756,1693237294349,1692265030275,1692265030437,1693237294572,223,162,61
757,1693237294572,1692265030487,1692265030649,1693237294784,212,162,50
758,1693237294784,1692265030687,1692265030850,1693237294986,202,163,39
759,1693237294986,1692265030894,1692265031058,1693237295397,411,164,247
760,1693237295398,1692265031330,1692265031494,1693237295629,231,164,67
761,1693237295629,1692265031536,1692265031699,1693237295833,204,163,41
762,1693237295833,1692265031755,1692265031919,1693237296054,221,164,57
763,1693237296054,1692265031952,1692265032113,1693237296446,392,161,231
764,1693237296446,1692265032364,1692265032526,1693237296661,215,162,53
765,1693237296661,1692265032552,1692265032713,1693237296862,201,161,40
766,1693237296863,1692265032787,1692265032951,1693237297086,223,164,59
767,1693237297086,1692265032984,1692265033145,1693237297494,408,161,247
768,1693237297494,1692265033404,1692265033567,1693237297702,208,163,45
769,1693237297702,1692265033602,1692265033765,1693237297900,198,163,35
770,1693237297900,1692265033797,1692265033958,1693237298101,201,161,40
771,1693237298101,1692265034002,1692265034169,1693237298322,221,167,54
772,1693237298322,1692265034435,1692265034597,1693237298732,410,162,248
773,1693237298732,1692265034681,1692265034843,1693237298978,246,162,84
774,1693237298978,1692265034899,1692265035062,1693237299199,221,163,58
775,1693237299199,1692265035115,1692265035277,1693237299593,394,162,232
776,1693237299593,1692265035517,1692265035679,1693237299814,221,162,59
777,1693237299814,1692265035737,1692265035901,1693237300036,222,164,58
778,1693237300036,1692265035930,1692265036092,1693237300227,191,162,29
779,1693237300227,1692265036134,1692265036296,1693237300640,413,162,251
780,1693237300640,1692265036542,1692265036704,1693237300839,199,162,37
781,1693237300839,1692265036752,1692265036914,1693237301049,210,162,48
782,1693237301049,1692265036987,1692265037151,1693237301286,237,164,73
783,1693237301286,1692265037187,1692265037350,1693237301690,404,163,241
784,1693237301690,1692265037597,1692265037759,1693237301894,204,162,42
785,1693237301894,1692265037829,1692265037992,1693237302129,235,163,72
786,1693237302129,1692265038053,1692265038217,1693237302375,246,164,82
787,1693237302375,1692265038350,1692265038513,1693237302737,362,163,199
788,1693237302737,1692265038669,1692265038832,1693237302967,230,163,67
789,1693237302967,1692265038875,1692265039037,1693237303172,205,162,43
790,1693237303172,1692265039092,1692265039255,1693237303390,218,163,55
791,1693237303390,1692265039320,1692265039483,1693237303789,399,163,236
792,1693237303789,1692265039692,1692265039854,1693237303989,200,162,38
793,1693237303989,1692265039898,1692265040060,1693237304195,206,162,44
794,1693237304195,1692265040127,1692265040290,1693237304425,230,163,67
795,1693237304425,1692265040339,1692265040501,1693237304837,412,162,250
796,1693237304837,1692265040741,1692265040906,1693237305049,212,165,47
797,1693237305049,1692265040954,1692265041116,1693237305251,202,162,40
798,1693237305251,1692265041183,1692265041346,1693237305482,231,163,68
799,1693237305482,1692265041413,1692265041576,1693237305881,399,163,236
800,1693237305881,1692265041779,1692265041941,1693237306076,195,162,33
801,1693237306076,1692265041999,1692265042162,1693237306302,226,163,63
802,1693237306302,1692265042202,1692265042364,1693237306500,198,162,36
803,1693237306501,1692265042394,1692265042559,1693237306694,193,165,28
804,1693237306694,1692265042594,1692265042757,1693237306932,238,163,75
805,1693237306932,1692265042858,1692265043021,1693237307156,224,163,61
806,1693237307156,1692265043063,1692265043224,1693237307359,203,161,42
807,1693237307359,1692265043259,1692265043422,1693237307557,198,163,35
808,1693237307557,1692265043471,1692265043633,1693237307979,422,162,260
809,1693237307979,1692265043905,1692265044067,1693237308213,234,162,72
810,1693237308213,1692265044117,1692265044279,1693237308415,202,162,40
811,1693237308415,1692265044313,1692265044474,1693237308609,194,161,33
812,1693237308609,1692265044502,1692265044663,1693237308798,189,161,28
813,1693237308798,1692265044696,1692265044859,1693237309033,235,163,72
814,1693237309033,1692265044954,1692265045116,1693237309251,218,162,56
815,1693237309251,1692265045181,1692265045345,1693237309479,228,164,64
816,1693237309479,1692265045395,1692265045558,1693237309694,215,163,52
817,1693237309694,1692265045619,1692265045782,1693237310076,382,163,219
818,1693237310076,1692265046164,1692265046326,1693237310470,394,162,232
819,1693237310470,1692265046398,1692265046565,1693237310700,230,167,63
820,1693237310700,1692265046596,1692265046759,1693237310894,194,163,31
821,1693237310894,1692265047022,1692265047186,1693237311321,427,164,263
822,1693237311321,1692265047273,1692265047436,1693237311571,250,163,87
823,1693237311571,1692265047476,1692265047640,1693237311774,203,164,39
824,1693237311774,1692265047703,1692265047867,1693237312177,403,164,239
825,1693237312177,1692265048083,1692265048247,1693237312381,204,164,40
826,1693237312381,1692265048297,1692265048459,1693237312594,213,162,51
827,1693237312594,1692265048526,1692265048689,1693237312824,230,163,67
828,1693237312824,1692265048740,1692265048904,1693237313222,398,164,234
829,1693237313222,1692265049110,1692265049272,1693237313435,213,162,51
830,1693237313435,1692265049334,1692265049496,1693237313630,195,162,33
831,1693237313631,1692265049529,1692265049692,1693237313831,200,163,37
832,1693237313831,1692265049744,1692265049907,1693237314043,212,163,49
833,1693237314043,1692265050178,1692265050340,1693237314475,432,162,270
834,1693237314475,1692265050412,1692265050575,1693237314710,235,163,72
835,1693237314710,1692265050629,1692265050792,1693237314926,216,163,53
836,1693237314926,1692265050849,1692265051011,1693237315318,392,162,230
837,1693237315319,1692265051216,1692265051378,1693237315512,193,162,31
838,1693237315512,1692265051409,1692265051569,1693237315709,197,160,37
839,1693237315710,1692265051620,1692265051781,1693237315916,206,161,45
840,1693237315916,1692265051826,1692265051990,1693237316124,208,164,44
841,1693237316124,1692265052016,1692265052177,1693237316368,244,161,83
842,1693237316368,1692265052294,1692265052457,1693237316592,224,163,61
843,1693237316592,1692265052495,1692265052658,1693237316792,200,163,37
844,1693237316792,1692265052698,1692265052860,1693237317019,227,162,65
845,1693237317019,1692265052935,1692265053097,1693237317417,398,162,236
846,1693237317417,1692265053310,1692265053473,1693237317608,191,163,28
847,1693237317608,1692265054733,1692265054896,1693237319030,1422,163,1259
848,1693237319030,1692265054958,1692265055122,1693237319256,226,164,62
849,1693237319256,1692265055170,1692265055333,1693237319514,258,163,95
850,1693237319514,1692265055419,1692265055580,1693237319715,201,161,40
851,1693237319715,1692265055616,1692265055780,1693237319914,199,164,35
852,1693237319914,1692265055833,1692265055995,1693237320130,216,162,54
853,1693237320130,1692265056025,1692265056187,1693237320321,191,162,29
854,1693237320322,1692265056215,1692265056376,1693237320574,252,161,91
855,1693237320574,1692265056508,1692265056671,1693237320806,232,163,69
856,1693237320806,1692265056717,1692265056879,1693237321013,207,162,45
857,1693237321014,1692265056915,1692265057079,1693237321213,199,164,35
858,1693237321214,1692265057157,1692265057320,1693237321611,397,163,234
859,1693237321612,1692265057506,1692265057669,1693237321804,192,163,29
860,1693237321804,1692265057730,1692265057893,1693237322028,224,163,61
861,1693237322028,1692265057923,1692265058085,1693237322220,192,162,30
862,1693237322220,1692265058123,1692265058285,1693237322419,199,162,37
863,1693237322419,1692265058556,1692265058720,1693237322854,435,164,271
864,1693237322854,1692265058772,1692265058936,1693237323071,217,164,53
865,1693237323231,1692265059148,1692265059604,1693237323865,634,456,178
866,1693237323865,1692265059817,1692265060570,1693237324757,892,753,139
867,1693237324757,1692265060741,1692265061530,1693237325804,1047,789,258
868,1693237325804,1692265061710,1692265062600,1693237326854,1050,890,160
869,1693237326854,1692265062769,1692265063606,1693237327902,1048,837,211
870,1693237327902,1692265063823,1692265064655,1693237328950,1048,832,216
871,1693237328950,1692265064870,1692265065320,1693237329455,505,450,55
872,1693237329455,1692265065378,1692265066597,1693237330732,1277,1219,58
873,1693237330732,1692265066635,1692265067384,1693237331519,787,749,38
874,1693237331519,1692265067454,1692265067759,1693237332097,578,305,273
875,1693237332097,1692265068010,1692265068618,1693237332753,656,608,48
876,1693237332753,1692265068665,1692265069780,1693237333914,1161,1115,46
877,1693237333915,1692265069856,1692265070599,1693237334734,819,743,76
878,1693237334734,1692265070657,1692265071616,1693237335751,1017,959,58
879,1693237335751,1692265071657,1692265072605,1693237336741,990,948,42
880,1693237336741,1692265072673,1692265073701,1693237337836,1095,1028,67
881,1693237337836,1692265073734,1692265074606,1693237338781,945,872,73
882,1693237338781,1692265074698,1692265076223,1693237340485,1704,1525,179
883,1693237340485,1692265076392,1692265077323,1693237341533,1048,931,117
884,1693237341533,1692265077475,1692265078291,1693237342586,1053,816,237
885,1693237342586,1692265078490,1692265079432,1693237343825,1239,942,297
886,1693237343825,1692265079753,1692265080582,1693237344874,1049,829,220
887,1693237344874,1692265080797,1692265081175,1693237345398,524,378,146
888,1693237345398,1692265081337,1692265081768,1693237345921,523,431,92
889,1693237345921,1692265081871,1692265083088,1693237347496,1575,1217,358
890,1693237347496,1692265083473,1692265084183,1693237348351,855,710,145
891,1693237348351,1692265084273,1692265084554,1693237348877,526,281,245
892,1693237348877,1692265084782,1692265085196,1693237349400,523,414,109
893,1693237349400,1692265085326,1692265086296,1693237350450,1050,970,80
894,1693237350450,1692265086369,1692265087126,1693237351260,810,757,53
895,1693237351260,1692265087401,1692265088258,1693237352414,1154,857,297
896,1693237352414,1692265088337,1692265089250,1693237353653,1239,913,326
897,1693237353663,1692265089568,1692265089730,1693237353871,208,162,46
898,1693237353871,1692265090051,1692265090214,1693237354391,520,163,357
899,1693237354391,1692265090285,1692265090447,1693237354699,308,162,146
900,1693237354699,1692265090625,1692265090788,1693237354923,224,163,61
901,1693237354923,1692265090809,1692265090974,1693237355169,246,165,81
902,1693237355169,1692265091094,1692265091257,1693237355405,236,163,73
903,1693237355405,1692265091305,1692265091468,1693237355691,286,163,123
904,1693237355691,1692265091628,1692265091791,1693237355926,235,163,72
905,1693237355926,1692265091821,1692265091984,1693237356215,289,163,126
906,1693237356215,1692265092127,1692265092289,1693237356424,209,162,47
907,1693237356424,1692265092332,1692265092496,1693237356740,316,164,152
908,1693237356740,1692265092664,1692265092827,1693237356972,232,163,69
909,1693237356972,1692265092862,1692265093026,1693237357263,291,164,127
910,1693237357263,1692265093193,1692265093356,1693237357491,228,163,65
911,1693237357491,1692265093400,1692265093563,1693237357789,298,163,135
912,1693237357789,1692265093697,1692265093861,1693237357995,206,164,42
913,1693237357995,1692265093910,1692265094074,1693237358312,317,164,153
914,1693237358312,1692265094231,1692265094395,1693237358543,231,164,67
915,1693237358543,1692265094441,1692265094604,1693237358837,294,163,131
916,1693237358837,1692265094751,1692265094917,1693237359051,214,166,48
917,1693237359051,1692265094961,1692265095123,1693237359361,310,162,148
918,1693237359361,1692265095263,1692265095425,1693237359559,198,162,36
919,1693237359559,1692265095449,1692265095610,1693237359892,333,161,172
920,1693237359892,1692265095797,1692265095959,1693237360093,201,162,39
921,1693237360093,1692265096006,1692265096168,1693237360408,315,162,153
922,1693237360408,1692265096322,1692265096485,1693237360619,211,163,48
923,1693237360619,1692265096534,1692265096697,1693237360831,212,163,49
924,1693237360831,1692265096741,1692265096904,1693237361038,207,163,44
925,1693237361038,1692265096984,1692265097148,1693237361458,420,164,256
926,1693237361458,1692265097352,1692265097515,1693237361649,191,163,28
927,1693237361649,1692265097587,1692265097749,1693237361883,234,162,72
928,1693237361883,1692265097793,1692265097955,1693237362089,206,162,44
929,1693237362089,1692265097992,1692265098154,1693237362505,416,162,254
930,1693237362505,1692265098424,1692265098587,1693237362721,216,163,53
931,1693237362722,1692265098624,1692265098786,1693237362923,201,162,39
932,1693237362923,1692265098828,1692265098991,1693237363124,201,163,38
933,1693237363124,1692265099038,1692265099201,1693237363337,213,163,50
934,1693237363337,1692265099441,1692265099603,1693237363737,400,162,238
935,1693237363737,1692265099691,1692265099854,1693237363988,251,163,88
936,1693237363988,1692265099907,1692265100069,1693237364203,215,162,53
937,1693237364203,1692265100143,1692265100307,1693237364602,399,164,235
938,1693237364602,1692265100517,1692265100679,1693237364813,211,162,49
939,1693237364814,1692265100741,1692265100903,1693237365040,226,162,64
940,1693237365040,1692265100938,1692265101102,1693237365236,196,164,32
941,1693237365236,1692265101123,1692265101284,1693237365419,183,161,22
942,1693237365419,1692265101314,1692265101476,1693237365651,232,162,70
943,1693237365651,1692265101572,1692265101735,1693237365869,218,163,55
944,1693237365869,1692265101788,1692265101950,1693237366085,216,162,54
945,1693237366085,1692265101965,1692265102126,1693237366261,176,161,15
946,1693237366261,1692265102173,1692265102335,1693237366481,220,162,58
947,1693237366481,1692265102601,1692265102764,1693237366899,418,163,255
948,1693237366899,1692265102822,1692265102985,1693237367120,221,163,58
949,1693237367120,1692265103032,1692265103195,1693237367329,209,163,46
950,1693237367329,1692265103281,1692265103444,1693237367749,420,163,257
951,1693237367749,1692265103679,1692265103842,1693237367976,227,163,64
952,1693237367976,1692265103875,1692265104036,1693237368170,194,161,33
953,1693237368170,1692265104095,1692265104260,1693237368394,224,165,59
954,1693237368394,1692265104303,1692265104466,1693237368797,403,163,240
955,1693237368797,1692265104709,1692265104872,1693237369007,210,163,47
956,1693237369007,1692265104913,1692265105074,1693237369208,201,161,40
957,1693237369209,1692265105129,1692265105291,1693237369425,216,162,54
958,1693237369425,1692265105334,1692265105497,1693237369848,423,163,260
959,1693237369848,1692265105744,1692265105906,1693237370040,192,162,30
960,1693237370040,1692265105971,1692265106134,1693237370391,351,163,188
961,1693237370391,1692265106297,1692265106460,1693237370594,203,163,40
962,1693237370594,1692265106493,1692265106657,1693237370894,300,164,136
963,1693237370894,1692265106819,1692265106984,1693237371118,224,165,59
964,1693237371118,1692265107038,1692265107201,1693237371335,217,163,54
965,1693237371335,1692265107231,1692265107393,1693237371527,192,162,30
966,1693237371527,1692265107438,1692265107600,1693237371943,416,162,254
967,1693237371943,1692265107876,1692265108040,1693237372173,230,164,66
968,1693237372174,1692265108102,1692265108266,1693237372401,227,164,63
969,1693237372401,1692265108338,1692265108501,1693237372635,234,163,71
970,1693237372635,1692265108534,1692265108695,1693237372994,359,161,198
971,1693237372994,1692265108899,1692265109060,1693237373194,200,161,39
972,1693237373194,1692265109107,1692265109270,1693237373404,210,163,47
973,1693237373404,1692265109295,1692265109456,1693237373590,186,161,25
974,1693237373590,1692265109484,1692265109646,1693237373780,190,162,28
975,1693237373780,1692265109706,1692265109869,1693237374043,263,163,100
976,1693237374043,1692265109968,1692265110131,1693237374265,222,163,59
977,1693237374265,1692265110175,1692265110336,1693237374471,206,161,45
978,1693237374471,1692265110372,1692265110535,1693237374670,199,163,36
979,1693237374670,1692265110569,1692265110730,1693237374864,194,161,33
980,1693237374864,1692265111005,1692265111169,1693237375303,439,164,275
981,1693237375303,1692265111216,1692265111378,1693237375512,209,162,47
982,1693237375512,1692265111459,1692265111622,1693237375755,243,163,80
983,1693237375756,1692265111642,1692265111803,1693237376138,382,161,221
984,1693237376138,1692265112054,1692265112217,1693237376366,228,163,65
985,1693237376366,1692265112269,1692265112431,1693237376565,199,162,37
986,1693237376565,1692265112479,1692265112642,1693237376776,211,163,48
987,1693237376776,1692265112697,1692265112861,1693237377185,409,164,245
988,1693237377185,1692265113164,1692265113327,1693237377461,276,163,113
989,1693237377462,1692265113514,1692265113676,1693237377810,348,162,186
990,1693237377810,1692265113752,1692265113915,1693237378233,423,163,260
991,1693237378233,1692265114157,1692265114319,1693237378454,221,162,59
992,1693237378454,1692265114365,1692265114527,1693237378661,207,162,45
993,1693237378661,1692265114601,1692265114764,1693237378898,237,163,74
994,1693237378898,1692265114828,1692265114991,1693237379282,384,163,221
995,1693237379282,1692265115200,1692265115363,1693237379509,227,163,64
996,1693237379509,1692265115405,1692265115566,1693237379700,191,161,30
997,1693237379700,1692265115618,1692265115780,1693237379914,214,162,52
998,1693237379915,1692265115870,1692265116033,1693237380330,415,163,252
999,1693237380330,1692265116249,1692265116412,1693237380546,216,163,53
1000,1693237380546,1692265116457,1692265116621,1693237380755,209,164,45
1001,1693237380755,1692265116665,1692265116828,1693237380963,208,163,45
1002,1693237380963,1692265116904,1692265117071,1693237381380,417,167,250
1003,1693237381380,1692265117313,1692265117476,1693237381610,230,163,67
1004,1693237381610,1692265117511,1692265117674,1693237381808,198,163,35
1005,1693237381809,1692265117759,1692265117922,1693237382055,246,163,83
1006,1693237382056,1692265117977,1692265118140,1693237382430,374,163,211
1007,1693237382430,1692265118344,1692265118506,1693237382660,230,162,68
1008,1693237382660,1692265118565,1692265118726,1693237382860,200,161,39
1009,1693237382860,1692265118761,1692265118922,1693237383056,196,161,35
1010,1693237383056,1692265118987,1692265119152,1693237383476,420,165,255
1011,1693237383476,1692265119382,1692265119544,1693237383678,202,162,40
1012,1693237383869,1692265119801,1692265120815,1693237384949,1080,1014,66
1013,1693237384949,1692265120850,1692265121421,1693237385577,628,571,57
1014,1693237385577,1692265121498,1692265122230,1693237386364,787,732,55
1015,1693237386364,1692265122318,1692265123421,1693237387670,1306,1103,203
1016,1693237387670,1692265123578,1692265124519,1693237388727,1057,941,116
1017,1693237388727,1692265124673,1692265124842,1693237388977,250,169,81
1018,1693237388977,1692265124933,1692265125363,1693237389498,521,430,91
1019,1693237389498,1692265125662,1692265126214,1693237390350,852,552,300
1020,1693237390350,1692265126265,1692265126786,1693237390920,570,521,49
1021,1693237390920,1692265126847,1692265127669,1693237391868,948,822,126
1022,1693237391868,1692265127798,1692265128903,1693237393037,1169,1105,64
1023,1693237393037,1692265128951,1692265130163,1693237394355,1318,1212,106
1024,1693237394355,1692265130281,1692265131196,1693237395474,1119,915,204
1025,1693237395474,1692265131386,1692265131944,1693237396098,624,558,66
1026,1693237396098,1692265132059,1692265133059,1693237397193,1095,1000,95
1027,1693237397193,1692265133118,1692265133299,1693237397516,323,181,142
1028,1693237397516,1692265133419,1692265134630,1693237398764,1248,1211,37
1029,1693237398764,1692265134670,1692265135665,1693237399799,1035,995,40
1030,1693237399799,1692265135705,1692265137119,1693237401308,1509,1414,95
1031,1693237401308,1692265137220,1692265137595,1693237401729,421,375,46
1032,1693237401729,1692265137655,1692265138691,1693237402825,1096,1036,60
1033,1693237402825,1692265138772,1692265140111,1693237404453,1628,1339,289
1034,1693237404453,1692265140349,1692265140819,1693237404954,501,470,31
1035,1693237404954,1692265140882,1692265141702,1693237405889,935,820,115
1036,1693237405889,1692265141853,1692265142023,1693237406157,268,170,98
1037,1693237406157,1692265142154,1692265143389,1693237407597,1440,1235,205
1038,1693237407597,1692265143531,1692265144498,1693237408641,1044,967,77
1039,1693237408642,1692265144558,1692265145597,1693237409731,1089,1039,50
1040,1693237409731,1692265145642,1692265146273,1693237410407,676,631,45
1041,1693237410407,1692265146342,1692265147134,1693237411268,861,792,69
1042,1693237411268,1692265147162,1692265148011,1693237412178,910,849,61
1043,1693237412178,1692265148102,1692265148553,1693237412836,658,451,207
1044,1693237412837,1692265148740,1692265149222,1693237413362,525,482,43
1045,1693237413362,1692265149278,1692265149846,1693237413980,618,568,50
1046,1693237413987,1692265149902,1692265150065,1693237414409,422,163,259
1047,1693237414409,1692265150352,1692265150518,1693237414652,243,166,77
1048,1693237414652,1692265150583,1692265150748,1693237414934,282,165,117
1049,1693237414934,1692265150855,1692265151018,1693237415152,218,163,55
1050,1693237415152,1692265151062,1692265151223,1693237415459,307,161,146
1051,1693237415459,1692265151360,1692265151521,1693237415655,196,161,35
1052,1693237415655,1692265151601,1692265151763,1693237415983,328,162,166
1053,1693237415983,1692265151910,1692265152073,1693237416207,224,163,61
1054,1693237416207,1692265152123,1692265152286,1693237416505,298,163,135
1055,1693237416506,1692265152479,1692265152642,1693237416776,270,163,107
1056,1693237416776,1692265152677,1692265152838,1693237417032,256,161,95
1057,1693237417032,1692265152955,1692265153117,1693237417263,231,162,69
1058,1693237417263,1692265153175,1692265153337,1693237417555,292,162,130
1059,1693237417555,1692265153487,1692265153650,1693237417784,229,163,66
1060,1693237417784,1692265153680,1692265153841,1693237418079,295,161,134
1061,1693237418079,1692265154031,1692265154194,1693237418328,249,163,86
1062,1693237418328,1692265154250,1692265154412,1693237418607,279,162,117
1063,1693237418607,1692265154512,1692265154676,1693237418831,224,164,60
1064,1693237418831,1692265154737,1692265154901,1693237419127,296,164,132
1065,1693237419128,1692265155072,1692265155237,1693237419370,242,165,77
1066,1693237419371,1692265155439,1692265155602,1693237419736,365,163,202
1067,1693237419736,1692265155639,1692265155801,1693237419942,206,162,44
1068,1693237419942,1692265156061,1692265156223,1693237420356,414,162,252
1069,1693237420357,1692265156250,1692265156412,1693237420568,211,162,49
1070,1693237420568,1692265156461,1692265156622,1693237420756,188,161,27
1071,1693237420756,1692265156663,1692265156825,1693237420959,203,162,41
1072,1693237420959,1692265156875,1692265157039,1693237421224,265,164,101
1073,1693237421224,1692265157133,1692265157295,1693237421429,205,162,43
1074,1693237421429,1692265157355,1692265157517,1693237421650,221,162,59
1075,1693237421651,1692265157545,1692265157708,1693237421841,190,163,27
1076,1693237421841,1692265157771,1692265157936,1693237422275,434,165,269
1077,1693237422275,1692265158181,1692265158344,1693237422477,202,163,39
1078,1693237422477,1692265158390,1692265158553,1693237422689,212,163,49
1079,1693237422689,1692265158611,1692265158773,1693237422907,218,162,56
1080,1693237422907,1692265158822,1692265158985,1693237423322,415,163,252
1081,1693237423322,1692265159256,1692265159419,1693237423552,230,163,67
1082,1693237423553,1692265159473,1692265159637,1693237423770,217,164,53
1083,1693237423770,1692265159677,1692265159839,1693237423973,203,162,41
1084,1693237423973,1692265159899,1692265160061,1693237424370,397,162,235
1085,1693237424370,1692265160296,1692265160458,1693237424591,221,162,59
1086,1693237424591,1692265160508,1692265160672,1693237424806,215,164,51
1087,1693237424806,1692265160727,1692265160890,1693237425023,217,163,54
1088,1693237425023,1692265160952,1692265161116,1693237425419,396,164,232
1089,1693237425420,1692265161322,1692265161485,1693237425618,198,163,35
1090,1693237425618,1692265161538,1692265161701,1693237425834,216,163,53
1091,1693237425834,1692265161748,1692265161910,1693237426044,210,162,48
1092,1693237426044,1692265161968,1692265162130,1693237426474,430,162,268
1093,1693237426474,1692265162384,1692265162546,1693237426697,223,162,61
1094,1693237426697,1692265162616,1692265162780,1693237426913,216,164,52
1095,1693237426913,1692265162827,1692265162989,1693237427123,210,162,48
1096,1693237427123,1692265163040,1692265163202,1693237427515,392,162,230
1097,1693237427515,1692265163406,1692265163567,1693237427702,187,161,26
1098,1693237427702,1692265163602,1692265163765,1693237427906,204,163,41
1099,1693237427906,1692265163830,1692265163992,1693237428126,220,162,58
1100,1693237428126,1692265164046,1692265164210,1693237428564,438,164,274
1101,1693237428564,1692265164469,1692265164633,1693237428767,203,164,39
1102,1693237428767,1692265164671,1692265164833,1693237428967,200,162,38
1103,1693237428967,1692265164865,1692265165025,1693237429171,204,160,44
1104,1693237429171,1692265165060,1692265165221,1693237429355,184,161,23
1105,1693237429355,1692265165485,1692265165646,1693237429780,425,161,264
1106,1693237429780,1692265165743,1692265165906,1693237430191,411,163,248
1107,1693237430191,1692265166107,1692265166270,1693237430404,213,163,50
1108,1693237430404,1692265166295,1692265166457,1693237430662,258,162,96
1109,1693237430663,1692265166568,1692265166730,1693237430863,200,162,38
1110,1693237430863,1692265166787,1692265166950,1693237431083,220,163,57
1111,1693237431083,1692265167009,1692265167173,1693237431306,223,164,59
1112,1693237431306,1692265167210,1692265167374,1693237431709,403,164,239
1113,1693237431709,1692265167606,1692265167768,1693237431901,192,162,30
1114,1693237431901,1692265167821,1692265167984,1693237432118,217,163,54
1115,1693237432118,1692265168018,1692265168179,1693237432315,197,161,36
1116,1693237432315,1692265168226,1692265168389,1693237432522,207,163,44
1117,1693237432522,1692265168644,1692265168808,1693237432942,420,164,256
1118,1693237432942,1692265168834,1692265168996,1693237433151,209,162,47
1119,1693237433151,1692265169064,1692265169227,1693237433366,215,163,52
1120,1693237433366,1692265169288,1692265169451,1693237433585,219,163,56
1121,1693237433585,1692265169690,1692265169852,1693237433986,401,162,239
1122,1693237433986,1692265169911,1692265170074,1693237434226,240,163,77
1123,1693237434226,1692265170128,1692265170291,1693237434425,199,163,36
1124,1693237434426,1692265170339,1692265170501,1693237434882,456,162,294
1125,1693237434882,1692265170809,1692265170972,1693237435105,223,163,60
1126,1693237435105,1692265171022,1692265171184,1693237435317,212,162,50
1127,1693237435317,1692265171247,1692265171411,1693237435544,227,164,63
1128,1693237435545,1692265171452,1692265171614,1693237435908,363,162,201
1129,1693237435908,1692265171850,1692265172016,1693237436149,241,166,75
1130,1693237436149,1692265172069,1692265172232,1693237436365,216,163,53
1131,1693237436365,1692265172264,1692265172427,1693237436560,195,163,32
1132,1693237436560,1692265172489,1692265172651,1693237436953,393,162,231
1133,1693237436953,1692265172852,1692265173014,1693237437147,194,162,32
1134,1693237437147,1692265173082,1692265173246,1693237437380,233,164,69
1135,1693237437380,1692265173274,1692265173436,1693237437570,190,162,28
1136,1693237437570,1692265173485,1692265173647,1693237438002,432,162,270
1137,1693237438002,1692265173927,1692265174089,1693237438223,221,162,59
1138,1693237438223,1692265174154,1692265174318,1693237438454,231,164,67
1139,1693237438454,1692265174401,1692265174566,1693237438699,245,165,80
1140,1693237438699,1692265174605,1692265174766,1693237439050,351,161,190
1141,1693237439050,1692265174956,1692265175121,1693237439254,204,165,39
1142,1693237439254,1692265175160,1692265175322,1693237439455,201,162,39
1143,1693237439455,1692265175345,1692265175508,1693237439641,186,163,23
1144,1693237439641,1692265175538,1692265175700,1693237439833,192,162,30
1145,1693237439833,1692265175739,1692265175901,1693237440098,265,162,103
1146,1693237440098,1692265176004,1692265176166,1693237440299,201,162,39
1147,1693237440299,1692265176191,1692265176354,1693237440488,189,163,26
1148,1693237440488,1692265176405,1692265176567,1693237440700,212,162,50
1149,1693237440700,1692265176606,1692265176769,1693237440904,204,163,41
1150,1693237440904,1692265177029,1692265177192,1693237441326,422,163,259
1151,1693237441326,1692265177230,1692265177392,1693237441541,215,162,53
1152,1693237441541,1692265177442,1692265177608,1693237441751,210,166,44
1153,1693237441751,1692265177675,1692265177838,1693237441972,221,163,58
1154,1693237441972,1692265178095,1692265178258,1693237442394,422,163,259
1155,1693237442394,1692265178337,1692265178500,1693237442633,239,163,76
1156,1693237442633,1692265178536,1692265178697,1693237442830,197,161,36
1157,1693237442830,1692265178757,1692265178920,1693237443244,414,163,251
1158,1693237443245,1692265179178,1692265179341,1693237443477,232,163,69
1159,1693237443477,1692265179380,1692265179542,1693237443676,199,162,37
1160,1693237443676,1692265179605,1692265179768,1693237443902,226,163,63
1161,1693237443902,1692265179795,1692265179956,1693237444292,390,161,229
1162,1693237444456,1692265180368,1692265181500,1693237445634,1178,1132,46
1163,1693237445634,1692265181632,1692265182414,1693237446548,914,782,132
1164,1693237446548,1692265182457,1692265183032,1693237447165,617,575,42
1165,1693237447165,1692265183083,1692265183880,1693237448013,848,797,51
1166,1693237448013,1692265183950,1692265185061,1693237449206,1193,1111,82
1167,1693237449206,1692265185139,1692265185727,1693237449928,722,588,134
1168,1693237449928,1692265185869,1692265187031,1693237451165,1237,1162,75
1169,1693237451166,1692265187082,1692265187807,1693237452041,875,725,150
1170,1693237452041,1692265187951,1692265188914,1693237453072,1031,963,68
1171,1693237453072,1692265188987,1692265190255,1693237454443,1371,1268,103
1172,1693237454443,1692265190350,1692265190724,1693237454972,529,374,155
1173,1693237454973,1692265190877,1692265191451,1693237455585,612,574,38
1174,1693237455585,1692265191494,1692265192103,1693237456237,652,609,43
1175,1693237456237,1692265192167,1692265192710,1693237456894,657,543,114
1176,1693237456894,1692265192800,1692265193862,1693237457996,1102,1062,40
1177,1693237457996,1692265193952,1692265194380,1693237458513,517,428,89
1178,1693237458513,1692265194448,1692265195422,1693237459555,1042,974,68
1179,1693237459555,1692265195474,1692265196159,1693237460296,741,685,56
1180,1693237460296,1692265196305,1692265197497,1693237461630,1334,1192,142
1181,1693237461630,1692265197573,1692265198102,1693237462235,605,529,76
1182,1693237462235,1692265198150,1692265198803,1693237462936,701,653,48
1183,1693237462936,1692265198859,1692265199744,1693237463881,945,885,60
1184,1693237463881,1692265199809,1692265200307,1693237464473,592,498,94
1185,1693237464473,1692265200421,1692265200971,1693237465138,665,550,115
1186,1693237465138,1692265201117,1692265202256,1693237466389,1251,1139,112
1187,1693237466390,1692265202385,1692265203516,1693237467661,1271,1131,140
1188,1693237467661,1692265203614,1692265204147,1693237468280,619,533,86
1189,1693237468280,1692265204225,1692265204945,1693237469078,798,720,78
1190,1693237469079,1692265204990,1692265205630,1693237469763,684,640,44
1191,1693237469763,1692265205682,1692265206612,1693237470766,1003,930,73
1192,1693237470766,1692265206714,1692265207526,1693237471660,894,812,82
1193,1693237471660,1692265207602,1692265208355,1693237472488,828,753,75
1194,1693237472488,1692265208388,1692265209935,1693237474068,1580,1547,33
1195,1693237474069,1692265210009,1692265210435,1693237474568,499,426,73
1196,1693237474574,1692265210471,1692265210632,1693237474765,191,161,30
1197,1693237474765,1692265210688,1692265210850,1693237474983,218,162,56
1198,1693237474983,1692265210899,1692265211061,1693237475194,211,162,49
1199,1693237475194,1692265211098,1692265211260,1693237475393,199,162,37
1200,1693237475393,1692265211273,1692265211434,1693237475567,174,161,13
1201,1693237475567,1692265211467,1692265211628,1693237475761,194,161,33
1202,1693237475762,1692265211682,1692265211846,1693237475979,217,164,53
1203,1693237475980,1692265211911,1692265212074,1693237476207,227,163,64
1204,1693237476207,1692265212135,1692265212299,1693237476432,225,164,61
1205,1693237476432,1692265212336,1692265212497,1693237476630,198,161,37
1206,1693237476630,1692265212540,1692265212702,1693237476835,205,162,43
1207,1693237476835,1692265212736,1692265212899,1693237477032,197,163,34
1208,1693237477032,1692265212945,1692265213108,1693237477241,209,163,46
1209,1693237477241,1692265213142,1692265213304,1693237477437,196,162,34
1210,1693237477437,1692265213349,1692265213511,1693237477644,207,162,45
1211,1693237477644,1692265213550,1692265213712,1693237477845,201,162,39
1212,1693237477845,1692265213760,1692265213923,1693237478056,211,163,48
1213,1693237478056,1692265213978,1692265214141,1693237478274,218,163,55
1214,1693237478274,1692265214207,1692265214371,1693237478504,230,164,66
1215,1693237478504,1692265214415,1692265214579,1693237478712,208,164,44
1216,1693237478712,1692265214624,1692265214788,1693237478921,209,164,45
1217,1693237478922,1692265214832,1692265214996,1693237479129,207,164,43
1218,1693237479129,1692265215042,1692265215205,1693237479340,211,163,48
1219,1693237479340,1692265215249,1692265215411,1693237479544,204,162,42
1220,1693237479544,1692265215451,1692265215613,1693237479746,202,162,40
1221,1693237479746,1692265215668,1692265215833,1693237479966,220,165,55
1222,1693237479966,1692265215891,1692265216054,1693237480187,221,163,58
1223,1693237480188,1692265216125,1692265216288,1693237480421,233,163,70
1224,1693237480421,1692265216344,1692265216506,1693237480639,218,162,56
1225,1693237480639,1692265216562,1692265216725,1693237480858,219,163,56
1226,1693237480858,1692265216770,1692265216932,1693237481065,207,162,45
1227,1693237481065,1692265216970,1692265217132,1693237481265,200,162,38
1228,1693237481265,1692265217154,1692265217314,1693237481448,183,160,23
1229,1693237481448,1692265217344,1692265217505,1693237481639,191,161,30
1230,1693237481639,1692265217540,1692265217703,1693237481836,197,163,34
1231,1693237481836,1692265217748,1692265217912,1693237482047,211,164,47
1232,1693237482047,1692265217959,1692265218121,1693237482254,207,162,45
1233,1693237482254,1692265218154,1692265218315,1693237482448,194,161,33
1234,1693237482448,1692265218353,1692265218515,1693237482648,200,162,38
1235,1693237482648,1692265218578,1692265218742,1693237482875,227,164,63
1236,1693237482875,1692265218778,1692265218940,1693237483073,198,162,36
1237,1693237483073,1692265218980,1692265219142,1693237483275,202,162,40
1238,1693237483275,1692265219188,1692265219351,1693237483483,208,163,45
1239,1693237483484,1692265219394,1692265219556,1693237483689,205,162,43
1240,1693237483689,1692265219597,1692265219759,1693237483892,203,162,41
1241,1693237483892,1692265219791,1692265219952,1693237484085,193,161,32
1242,1693237484085,1692265219995,1692265220157,1693237484290,205,162,43
1243,1693237484290,1692265220200,1692265220362,1693237484495,205,162,43
1244,1693237484495,1692265220405,1692265220567,1693237484701,206,162,44
1245,1693237484701,1692265220624,1692265220787,1693237484920,219,163,56
1246,1693237484920,1692265220837,1692265220999,1693237485132,212,162,50
1247,1693237485132,1692265221050,1692265221213,1693237485346,214,163,51
1248,1693237485346,1692265221254,1692265221416,1693237485550,204,162,42
1249,1693237485550,1692265221453,1692265221614,1693237485747,197,161,36
1250,1693237485747,1692265221667,1692265221830,1693237485963,216,163,53
1251,1693237485963,1692265221860,1692265222021,1693237486154,191,161,30
1252,1693237486154,1692265222068,1692265222233,1693237486368,214,165,49
1253,1693237486368,1692265222299,1692265222461,1693237486594,226,162,64
1254,1693237486594,1692265222518,1692265222681,1693237486814,220,163,57
1255,1693237486814,1692265222715,1692265222879,1693237487011,197,164,33
1256,1693237487012,1692265222903,1692265223065,1693237487198,186,162,24
1257,1693237487198,1692265223116,1692265223281,1693237487414,216,165,51
1258,1693237487414,1692265223330,1692265223493,1693237487626,212,163,49
1259,1693237487626,1692265223525,1692265223688,1693237487821,195,163,32
1260,1693237487821,1692265223733,1692265223897,1693237488030,209,164,45
1261,1693237488030,1692265223921,1692265224082,1693237488215,185,161,24
1262,1693237488215,1692265224120,1692265224282,1693237488417,202,162,40
1263,1693237488417,1692265224324,1692265224486,1693237488622,205,162,43
1264,1693237488622,1692265224531,1692265224693,1693237488828,206,162,44
1265,1693237488828,1692265224761,1692265224925,1693237489058,230,164,66
1266,1693237489058,1692265224953,1692265225115,1693237489248,190,162,28
1267,1693237489248,1692265225173,1692265225337,1693237489470,222,164,58
1268,1693237489470,1692265225384,1692265225548,1693237489680,210,164,46
1269,1693237489681,1692265225612,1692265225776,1693237489909,228,164,64
1270,1693237489909,1692265225816,1692265225981,1693237490402,493,165,328
1271,1693237490402,1692265226302,1692265226464,1693237490597,195,162,33
1272,1693237490597,1692265226513,1692265226676,1693237490809,212,163,49
1273,1693237490809,1692265226712,1692265226873,1693237491006,197,161,36
1274,1693237491006,1692265226887,1692265227048,1693237491182,176,161,15
1275,1693237491182,1692265227094,1692265227256,1693237491389,207,162,45
1276,1693237491389,1692265227306,1692265227468,1693237491603,214,162,52
1277,1693237491603,1692265227502,1692265227664,1693237491797,194,162,32
1278,1693237491797,1692265227708,1692265227871,1693237492004,207,163,44
1279,1693237492004,1692265227914,1692265228076,1693237492209,205,162,43
1280,1693237492209,1692265228122,1692265228285,1693237492418,209,163,46
1281,1693237492418,1692265228318,1692265228480,1693237492617,199,162,37
1282,1693237492617,1692265228519,1692265228682,1693237492815,198,163,35
1283,1693237492815,1692265228720,1692265228882,1693237493015,200,162,38
1284,1693237493015,1692265228962,1692265229126,1693237493259,244,164,80
1285,1693237493259,1692265229169,1692265229331,1693237493464,205,162,43
1286,1693237493464,1692265229387,1692265229549,1693237493683,219,162,57
1287,1693237493683,1692265229609,1692265229772,1693237493905,222,163,59
1288,1693237493905,1692265229823,1692265229989,1693237494121,216,166,50
1289,1693237494121,1692265230057,1692265230220,1693237494360,239,163,76
1290,1693237494360,1692265230285,1692265230448,1693237494581,221,163,58
1291,1693237494581,1692265230487,1692265230649,1693237494781,200,162,38
1292,1693237494781,1692265230699,1692265230861,1693237494994,213,162,51
1293,1693237494994,1692265230903,1692265231066,1693237495199,205,163,42
1294,1693237495199,1692265231126,1692265231289,1693237495421,222,163,59
1295,1693237495422,1692265231340,1692265231503,1693237495636,214,163,51
1296,1693237495636,1692265231541,1692265231703,1693237495836,200,162,38
1297,1693237495836,1692265231759,1692265231922,1693237496055,219,163,56
1298,1693237496055,1692265231955,1692265232119,1693237496252,197,164,33
1299,1693237496252,1692265232152,1692265232315,1693237496448,196,163,33
1300,1693237496448,1692265232356,1692265232520,1693237496653,205,164,41
1301,1693237496653,1692265232551,1692265232713,1693237496845,192,162,30
1302,1693237496845,1692265232786,1692265232949,1693237497082,237,163,74
1303,1693237497082,1692265233028,1692265233191,1693237497328,246,163,83
1304,1693237497328,1692265233228,1692265233389,1693237497522,194,161,33
1305,1693237497522,1692265233466,1692265233630,1693237497762,240,164,76
1306,1693237497762,1692265233672,1692265233834,1693237497967,205,162,43
1307,1693237497967,1692265233871,1692265234036,1693237498168,201,165,36
1308,1693237498168,1692265234099,1692265234263,1693237498396,228,164,64
1309,1693237498396,1692265234308,1692265234472,1693237498604,208,164,44
1310,1693237498604,1692265234510,1692265234672,1693237498805,201,162,39
1311,1693237498805,1692265234727,1692265234890,1693237499022,217,163,54
1312,1693237499023,1692265234923,1692265235086,1693237499218,195,163,32
1313,1693237499218,1692265235121,1692265235283,1693237499415,197,162,35
1314,1693237499415,1692265235308,1692265235470,1693237499603,188,162,26
1315,1693237499603,1692265235511,1692265235674,1693237499807,204,163,41
1316,1693237499807,1692265235703,1692265235865,1693237500001,194,162,32
1317,1693237500001,1692265235904,1692265236068,1693237500200,199,164,35
1318,1693237500200,1692265236104,1692265236266,1693237500399,199,162,37
1319,1693237500400,1692265236302,1692265236463,1693237500596,196,161,35
1320,1693237500596,1692265236504,1692265236668,1693237500801,205,164,41
1321,1693237500801,1692265236712,1692265236874,1693237501007,206,162,44
1322,1693237501007,1692265236917,1692265237078,1693237501211,204,161,43
1323,1693237501211,1692265237134,1692265237298,1693237501431,220,164,56
1324,1693237501431,1692265237349,1692265237512,1693237501645,214,163,51
1325,1693237501645,1692265237539,1692265237700,1693237501833,188,161,27
1326,1693237501833,1692265237735,1692265237896,1693237502028,195,161,34
1327,1693237502028,1692265237929,1692265238092,1693237502225,197,163,34
1328,1693237502225,1692265238136,1692265238298,1693237502431,206,162,44
1329,1693237502431,1692265238369,1692265238535,1693237502668,237,166,71
1330,1693237502668,1692265238572,1692265238734,1693237502867,199,162,37
1331,1693237502867,1692265238771,1692265238932,1693237503065,198,161,37
1332,1693237503065,1692265238970,1692265239132,1693237503265,200,162,38
1333,1693237503265,1692265239185,1692265239348,1693237503482,217,163,54
1334,1693237503482,1692265239386,1692265239548,1693237503680,198,162,36
1335,1693237503680,1692265239574,1692265239735,1693237503868,188,161,27
1336,1693237503868,1692265239801,1692265239964,1693237504096,228,163,65
1337,1693237504097,1692265240012,1692265240174,1693237504307,210,162,48
1338,1693237504307,1692265240236,1692265240399,1693237504532,225,163,62
1339,1693237504532,1692265240445,1692265240607,1693237504740,208,162,46
1340,1693237504903,1692265240816,1692265241302,1693237505435,532,486,46
1341,1693237505435,1692265241361,1692265241877,1693237506010,575,516,59
1342,1693237506010,1692265241919,1692265242594,1693237506727,717,675,42
1343,1693237506727,1692265242650,1692265243807,1693237507939,1212,1157,55
1344,1693237507939,1692265243840,1692265244194,1693237508401,462,354,108
1345,1693237508401,1692265244347,1692265245197,1693237509425,1024,850,174
1346,1693237509425,1692265245331,1692265246631,1693237510847,1422,1300,122
1347,1693237510848,1692265246750,1692265247551,1693237511684,836,801,35
1348,1693237511685,1692265247584,1692265248063,1693237512196,511,479,32
1349,1693237512196,1692265248130,1692265248991,1693237513124,928,861,67
1350,1693237513124,1692265249041,1692265250206,1693237514339,1215,1165,50
1351,1693237514339,1692265250245,1692265250800,1693237514932,593,555,38
1352,1693237514932,1692265250905,1692265251672,1693237515815,883,767,116
1353,1693237515815,1692265251760,1692265251936,1693237516068,253,176,77
1354,1693237516068,1692265251968,1692265252363,1693237516495,427,395,32
1355,1693237516495,1692265252418,1692265252923,1693237517056,561,505,56
1356,1693237517056,1692265252966,1692265254089,1693237518224,1168,1123,45
1357,1693237518224,1692265254161,1692265254992,1693237519125,901,831,70
1358,1693237519125,1692265255047,1692265255676,1693237519823,698,629,69
1359,1693237519823,1692265255781,1692265256955,1693237521088,1265,1174,91
1360,1693237521088,1692265256995,1692265257679,1693237521812,724,684,40
1361,1693237521812,1692265257734,1692265258751,1693237522884,1072,1017,55
1362,1693237522884,1692265258815,1692265259519,1693237523654,770,704,66
1363,1693237523654,1692265259552,1692265260469,1693237524601,947,917,30
1364,1693237524601,1692265260537,1692265261550,1693237525682,1081,1013,68
1365,1693237525682,1692265261619,1692265262165,1693237526320,638,546,92
1366,1693237526320,1692265262231,1692265263262,1693237527394,1074,1031,43
1367,1693237527394,1692265263307,1692265263864,1693237527997,603,557,46
1368,1693237527997,1692265263913,1692265265032,1693237529193,1196,1119,77
1369,1693237529193,1692265265139,1692265266063,1693237530211,1018,924,94
1370,1693237530211,1692265266128,1692265266912,1693237531045,834,784,50
1371,1693237531045,1692265266965,1692265268164,1693237532366,1321,1199,122
1372,1693237532366,1692265268285,1692265269338,1693237533793,1427,1053,374
1373,1693237533793,1692265269721,1692265270582,1693237534775,982,861,121
1374,1693237534775,1692265270700,1692265270952,1693237535300,525,252,273
1375,1693237535312,1692265271241,1692265271405,1693237535824,512,164,348
1376,1693237535824,1692265271776,1692265271941,1693237536349,525,165,360
1377,1693237536349,1692265272272,1692265272435,1693237536872,523,163,360
1378,1693237536873,1692265272800,1692265272963,1693237537397,524,163,361
1379,1693237537397,1692265273342,1692265273504,1693237537921,524,162,362
1380,1693237537921,1692265273833,1692265273997,1693237538445,524,164,360
1381,1693237538445,1692265274369,1692265274532,1693237538970,525,163,362
1382,1693237538970,1692265274914,1692265275076,1693237539501,531,162,369
1383,1693237539501,1692265275450,1692265275613,1693237540018,517,163,354
1384,1693237540018,1692265275970,1692265276133,1693237540543,525,163,362
1385,1693237540544,1692265276478,1692265276640,1693237541005,461,162,299
1386,1693237541005,1692265276923,1692265277085,1693237541267,262,162,100
1387,1693237541267,1692265277181,1692265277343,1693237541476,209,162,47
1388,1693237541476,1692265277375,1692265277537,1693237541692,216,162,54
1389,1693237541692,1692265278030,1692265278193,1693237542505,813,163,650
1390,1693237542505,1692265278428,1692265278591,1693237542724,219,163,56
1391,1693237542724,1692265278920,1692265279085,1693237543217,493,165,328
1392,1693237543217,1692265279109,1692265279271,1693237543555,338,162,176
1393,1693237543555,1692265279449,1692265279612,1693237543744,189,163,26
1394,1693237543744,1692265279673,1692265279838,1693237544021,277,165,112
1395,1693237544021,1692265279932,1692265280095,1693237544227,206,163,43
1396,1693237544227,1692265280139,1692265280303,1693237544544,317,164,153
1397,1693237544544,1692265280464,1692265280627,1693237544764,220,163,57
1398,1693237544764,1692265280689,1692265280853,1693237545068,304,164,140
1399,1693237545068,1692265280993,1692265281155,1693237545287,219,162,57
1400,1693237545288,1692265281192,1692265281354,1693237545592,304,162,142
1401,1693237545592,1692265281505,1692265281668,1693237545800,208,163,45
1402,1693237545800,1692265281709,1692265281871,1693237546118,318,162,156
1403,1693237546118,1692265282054,1692265282217,1693237546350,232,163,69
1404,1693237546350,1692265282271,1692265282436,1693237546642,292,165,127
1405,1693237546642,1692265282592,1692265282755,1693237546887,245,163,82
1406,1693237546888,1692265282804,1692265282967,1693237547166,278,163,115
1407,1693237547166,1692265283087,1692265283251,1693237547383,217,164,53
1408,1693237547383,1692265283306,1692265283469,1693237547690,307,163,144
1409,1693237547690,1692265283594,1692265283757,1693237548221,531,163,368
1410,1693237548221,1692265284177,1692265284342,1693237548474,253,165,88
1411,1693237548474,1692265284397,1692265284560,1693237548739,265,163,102
1412,1693237548739,1692265284636,1692265284798,1693237548930,191,162,29
1413,1693237548930,1692265285144,1692265285307,1693237549438,508,163,345
1414,1693237549438,1692265285363,1692265285524,1693237549656,218,161,57
1415,1693237549656,1692265285573,1692265285736,1693237549870,214,163,51
1416,1693237549870,1692265285816,1692265285981,1693237550310,440,165,275
1417,1693237550310,1692265286250,1692265286413,1693237550546,236,163,73
1418,1693237550546,1692265286431,1692265286593,1693237550728,182,162,20
1419,1693237550728,1692265286641,1692265286805,1693237550937,209,164,45
1420,1693237550937,1692265286867,1692265287030,1693237551359,422,163,259
1421,1693237551359,1692265287286,1692265287449,1693237551581,222,163,59
1422,1693237551581,1692265287500,1692265287663,1693237551795,214,163,51
1423,1693237551795,1692265287724,1692265287887,1693237552019,224,163,61
1424,1693237552019,1692265287950,1692265288113,1693237552430,411,163,248
1425,1693237552430,1692265288370,1692265288532,1693237552666,236,162,74
1426,1693237552666,1692265288563,1692265288724,1693237552856,190,161,29
1427,1693237552856,1692265288819,1692265288985,1693237553117,261,166,95
1428,1693237553117,1692265289035,1692265289198,1693237553456,339,163,176
1429,1693237553456,1692265289406,1692265289568,1693237553702,246,162,84
1430,1693237553702,1692265289612,1692265289774,1693237553907,205,162,43
1431,1693237553907,1692265289814,1692265289976,1693237554108,201,162,39
1432,1693237554108,1692265290001,1692265290162,1693237554506,398,161,237
1433,1693237554506,1692265290452,1692265290614,1693237554746,240,162,78
1434,1693237554746,1692265290686,1692265290849,1693237554982,236,163,73
1435,1693237554982,1692265290893,1692265291056,1693237555188,206,163,43
1436,1693237555188,1692265291120,1692265291282,1693237555619,431,162,269
1437,1693237555619,1692265291544,1692265291706,1693237555838,219,162,57
1438,1693237555838,1692265292152,1692265292314,1693237556794,956,162,794
1439,1693237556794,1692265292725,1692265292888,1693237557190,396,163,233
1440,1693237557190,1692265293108,1692265293272,1693237557404,214,164,50
1441,1693237557404,1692265293636,1692265293799,1693237557931,527,163,364
1442,1693237557931,1692265294066,1692265294229,1693237558361,430,163,267
1443,1693237558361,1692265294291,1692265294454,1693237558701,340,163,177
1444,1693237558701,1692265294626,1692265294789,1693237558935,234,163,71
1445,1693237558935,1692265294850,1692265295013,1693237559226,291,163,128
1446,1693237559226,1692265295142,1692265295305,1693237559437,211,163,48
1447,1693237559437,1692265295326,1692265295487,1693237559750,313,161,152
1448,1693237559750,1692265295680,1692265295844,1693237559976,226,164,62
1449,1693237559976,1692265295887,1692265296050,1693237560278,302,163,139
1450,1693237560278,1692265296194,1692265296357,1693237560507,229,163,66
1451,1693237560507,1692265296408,1692265296570,1693237560802,295,162,133
1452,1693237560802,1692265296710,1692265296873,1693237561005,203,163,40
1453,1693237561005,1692265296916,1692265297079,1693237561323,318,163,155
1454,1693237561324,1692265297235,1692265297399,1693237561531,207,164,43
1455,1693237561531,1692265297431,1692265297592,1693237561849,318,161,157
1456,1693237561849,1692265297771,1692265297933,1693237562065,216,162,54
1457,1693237562065,1692265297984,1692265298147,1693237562371,306,163,143
1458,1693237562372,1692265298266,1692265298428,1693237562561,189,162,27
1459,1693237562561,1692265298466,1692265298628,1693237562895,334,162,172
1460,1693237562895,1692265298799,1692265298963,1693237563106,211,164,47
1461,1693237563106,1692265299014,1692265299177,1693237563309,203,163,40
1462,1693237563309,1692265299233,1692265299395,1693237563527,218,162,56
1463,1693237563527,1692265299434,1692265299596,1693237563945,418,162,256
1464,1693237563945,1692265299867,1692265300030,1693237564163,218,163,55
1465,1693237564163,1692265300066,1692265300228,1693237564360,197,162,35
1466,1693237564361,1692265300270,1692265300433,1693237564565,204,163,41
1467,1693237564565,1692265300468,1692265300633,1693237564765,200,165,35
1468,1693237564765,1692265300923,1692265301086,1693237565222,457,163,294
1469,1693237565222,1692265301119,1692265301280,1693237565446,224,161,63
1470,1693237565612,1692265301567,1692265302320,1693237566756,1144,753,391
1471,1693237566756,1692265302673,1692265303472,1693237567675,919,799,120
1472,1693237567675,1692265303634,1692265304581,1693237568713,1038,947,91
1473,1693237568713,1692265304636,1692265304804,1693237568942,229,168,61
1474,1693237568942,1692265305097,1692265305614,1693237569747,805,517,288
1475,1693237569747,1692265305654,1692265306927,1693237571059,1312,1273,39
1476,1693237571059,1692265307222,1692265308499,1693237572632,1573,1277,296
1477,1693237572632,1692265308802,1692265309110,1693237573382,750,308,442
1478,1693237573382,1692265309313,1692265309975,1693237574108,726,662,64
1479,1693237574108,1692265310028,1692265310793,1693237574925,817,765,52
1480,1693237574926,1692265310829,1692265311491,1693237575636,710,662,48
1481,1693237575636,1692265311530,1692265312600,1693237576754,1118,1070,48
1482,1693237576754,1692265312672,1692265312994,1693237577126,372,322,50
1483,1693237577126,1692265313052,1692265313594,1693237577726,600,542,58
1484,1693237577726,1692265313635,1692265314858,1693237579016,1290,1223,67
1485,1693237579016,1692265314925,1692265315981,1693237580306,1290,1056,234
1486,1693237580306,1692265316250,1692265316891,1693237581023,717,641,76
1487,1693237581023,1692265317036,1692265317376,1693237581544,521,340,181
1488,1693237581544,1692265317668,1692265318955,1693237583211,1667,1287,380
1489,1693237583211,1692265319122,1692265320364,1693237584499,1288,1242,46
1490,1693237584499,1692265320441,1692265321353,1693237585485,986,912,74
1491,1693237585485,1692265321447,1692265322216,1693237586356,871,769,102
1492,1693237586356,1692265322273,1692265323268,1693237587402,1046,995,51
1493,1693237587402,1692265323330,1692265324206,1693237588338,936,876,60
1494,1693237588338,1692265324345,1692265325236,1693237589367,1029,891,138
1495,1693237589367,1692265325294,1692265325863,1693237590158,791,569,222
1496,1693237590159,1692265326074,1692265326414,1693237590576,417,340,77
1497,1693237590576,1692265326501,1692265327351,1693237591483,907,850,57
1498,1693237591483,1692265327495,1692265328404,1693237592553,1070,909,161
1499,1693237592553,1692265328573,1692265329223,1693237593356,803,650,153
1500,1693237593356,1692265329279,1692265329787,1693237593919,563,508,55
1501,1693237593919,1692265329848,1692265330539,1693237594745,826,691,135
1502,1693237594745,1692265330662,1692265331281,1693237595413,668,619,49
1503,1693237595413,1692265331354,1692265331653,1693237595794,381,299,82
1504,1693237595802,1692265331718,1692265331880,1693237596012,210,162,48
1505,1693237596012,1692265331967,1692265332130,1693237596448,436,163,273
1506,1693237596448,1692265332384,1692265332547,1693237596679,231,163,68
1507,1693237596679,1692265332591,1692265332753,1693237596885,206,162,44
1508,1693237596885,1692265332777,1692265332939,1693237597073,188,162,26
1509,1693237597073,1692265332979,1692265333140,1693237597272,199,161,38
1510,1693237597272,1692265333381,1692265333542,1693237597677,405,161,244
1511,1693237597677,1692265333603,1692265333766,1693237597897,220,163,57
1512,1693237597897,1692265333815,1692265333980,1693237598112,215,165,50
1513,1693237598112,1692265334044,1692265334207,1693237598548,436,163,273
1514,1693237598548,1692265334473,1692265334637,1693237598778,230,164,66
1515,1693237598778,1692265334683,1692265334845,1693237598977,199,162,37
1516,1693237598977,1692265334892,1692265335054,1693237599186,209,162,47
1517,1693237599186,1692265335124,1692265335287,1693237599594,408,163,245
1518,1693237599594,1692265335516,1692265335679,1693237599810,216,163,53
1519,1693237599810,1692265335744,1692265335907,1693237600038,228,163,65
1520,1693237600038,1692265335947,1692265336109,1693237600240,202,162,40
1521,1693237600240,1692265336159,1692265336322,1693237600644,404,163,241
1522,1693237600644,1692265336546,1692265336708,1693237600840,196,162,34
1523,1693237600840,1692265336756,1692265336918,1693237601050,210,162,48
1524,1693237601050,1692265336962,1692265337124,1693237601256,206,162,44
1525,1693237601256,1692265337161,1692265337323,1693237601454,198,162,36
1526,1693237601454,1692265337577,1692265337740,1693237601873,419,163,256
1527,1693237601873,1692265337808,1692265337970,1693237602102,229,162,67
1528,1693237602102,1692265338030,1692265338193,1693237602337,235,163,72
1529,1693237602337,1692265338266,1692265338428,1693237602739,402,162,240
1530,1693237602740,1692265338619,1692265338780,1693237602912,172,161,11
1531,1693237602913,1692265338838,1692265339002,1693237603133,220,164,56
1532,1693237603133,1692265339051,1692265339213,1693237603345,212,162,50
1533,1693237603345,1692265339252,1692265339413,1693237603545,200,161,39
1534,1693237603545,1692265339457,1692265339618,1693237603791,246,161,85
1535,1693237603791,1692265339713,1692265339875,1693237604007,216,162,54
1536,1693237604007,1692265339927,1692265340089,1693237604221,214,162,52
1537,1693237604221,1692265340131,1692265340293,1693237604425,204,162,42
1538,1693237604425,1692265340345,1692265340507,1693237604840,415,162,253
1539,1693237604840,1692265340752,1692265340914,1693237605070,230,162,68
1540,1693237605070,1692265340986,1692265341148,1693237605280,210,162,48
1541,1693237605280,1692265341214,1692265341377,1693237605517,237,163,74
1542,1693237605517,1692265341417,1692265341579,1693237605886,369,162,207
1543,1693237605886,1692265341803,1692265341965,1693237606097,211,162,49
1544,1693237606097,1692265342034,1692265342197,1693237606329,232,163,69
1545,1693237606329,1692265342252,1692265342416,1693237606548,219,164,55
1546,1693237606548,1692265342459,1692265342622,1693237606943,395,163,232
1547,1693237606943,1692265342883,1692265343046,1693237607177,234,163,71
1548,1693237607177,1692265343099,1692265343262,1693237607394,217,163,54
1549,1693237607394,1692265343363,1692265343530,1693237607662,268,167,101
1550,1693237607662,1692265343561,1692265343722,1693237607983,321,161,160
1551,1693237607983,1692265343877,1692265344039,1693237608172,189,162,27
1552,1693237608172,1692265344110,1692265344273,1693237608404,232,163,69
1553,1693237608404,1692265344309,1692265344469,1693237608601,197,160,37
1554,1693237608601,1692265344511,1692265344672,1693237608804,203,161,42
1555,1693237608804,1692265344944,1692265345106,1693237609238,434,162,272
1556,1693237609238,1692265345161,1692265345323,1693237609455,217,162,55
1557,1693237609455,1692265345351,1692265345513,1693237609645,190,162,28
1558,1693237609645,1692265345567,1692265345730,1693237610080,435,163,272
1559,1693237610080,1692265346186,1692265346348,1693237610480,400,162,238
1560,1693237610480,1692265346396,1692265346558,1693237610689,209,162,47
1561,1693237610689,1692265346595,1692265346757,1693237610888,199,162,37
1562,1693237610889,1692265347019,1692265347181,1693237611313,424,162,262
1563,1693237611313,1692265347255,1692265347418,1693237611549,236,163,73
1564,1693237611549,1692265347481,1692265347645,1693237611777,228,164,64
1565,1693237611777,1692265347708,1692265347870,1693237612176,399,162,237
1566,1693237612177,1692265348140,1692265348303,1693237612435,258,163,95
1567,1693237612435,1692265348477,1692265348640,1693237612772,337,163,174
1568,1693237612772,1692265348707,1692265348870,1693237613002,230,163,67
1569,1693237613002,1692265349131,1692265349293,1693237613424,422,162,260
1570,1693237613424,1692265349352,1692265349514,1693237613646,222,162,60
1571,1693237613646,1692265349564,1692265349727,1693237613858,212,163,49
1572,1693237613858,1692265349765,1692265349926,1693237614278,420,161,259
1573,1693237614278,1692265350190,1692265350352,1693237614503,225,162,63
1574,1693237614503,1692265350451,1692265350614,1693237614746,243,163,80
1575,1693237614746,1692265350675,1692265350838,1693237614970,224,163,61
1576,1693237614970,1692265350871,1692265351031,1693237615322,352,160,192
1577,1693237615322,1692265351247,1692265351410,1693237615541,219,163,56
1578,1693237615541,1692265351445,1692265351606,1693237615740,199,161,38
1579,1693237615740,1692265351661,1692265351823,1693237615955,215,162,53
1580,1693237615955,1692265351864,1692265352026,1693237616371,416,162,254
1581,1693237616371,1692265352294,1692265352456,1693237616588,217,162,55
1582,1693237616588,1692265352497,1692265352658,1693237616790,202,161,41
1583,1693237616790,1692265352747,1692265352910,1693237617041,251,163,88
1584,1693237617041,1692265352943,1692265353106,1693237617421,380,163,217
1585,1693237617421,1692265353331,1692265353493,1693237617624,203,162,41
1586,1693237617624,1692265353545,1692265353707,1693237617838,214,162,52
1587,1693237617839,1692265353749,1692265353913,1693237618045,206,164,42
1588,1693237618045,1692265353986,1692265354148,1693237618468,423,162,261
1589,1693237618468,1692265354431,1692265354594,1693237618927,459,163,296
1590,1693237618927,1692265354833,1692265354995,1693237619126,199,162,37
1591,1693237619126,1692265355069,1692265355232,1693237619517,391,163,228
1592,1693237619517,1692265355431,1692265355593,1693237619725,208,162,46
1593,1693237619725,1692265355648,1692265355810,1693237619941,216,162,54
1594,1693237619941,1692265355856,1692265356018,1693237620150,209,162,47
1595,1693237620150,1692265356060,1692265356224,1693237620575,425,164,261
1596,1693237620575,1692265356485,1692265356647,1693237620795,220,162,58
1597,1693237620795,1692265356707,1692265356870,1693237621001,206,163,43
1598,1693237621001,1692265356931,1692265357094,1693237621247,246,163,83
1599,1693237621247,1692265357144,1692265357306,1693237621614,367,162,205
1600,1693237621614,1692265357529,1692265357692,1693237621824,210,163,47
1601,1693237621824,1692265357739,1692265357901,1693237622032,208,162,46
1602,1693237622032,1692265357948,1692265358111,1693237622242,210,163,47
1603,1693237622242,1692265358149,1692265358313,1693237622663,421,164,257
1604,1693237622663,1692265358593,1692265358756,1693237622887,224,163,61
1605,1693237622887,1692265358796,1692265358960,1693237623091,204,164,40
1606,1693237623092,1692265359005,1692265359169,1693237623301,209,164,45
1607,1693237623301,1692265359223,1692265359386,1693237623711,410,163,247
1608,1693237623711,1692265359621,1692265359784,1693237623916,205,163,42
1609,1693237623916,1692265359843,1692265360008,1693237624139,223,165,58
1610,1693237624139,1692265360048,1692265360210,1693237624342,203,162,41
1611,1693237624342,1692265360223,1692265360386,1693237624517,175,163,12
1612,1693237624517,1692265360652,1692265360816,1693237624948,431,164,267
1613,1693237624948,1692265360881,1692265361045,1693237625176,228,164,64
1614,1693237625176,1692265361086,1692265361250,1693237625382,206,164,42
1615,1693237625382,1692265361305,1692265361468,1693237625809,427,163,264
