request_number,request_time_ms,request_received_time_ms,response_time_ms,response_received_time_ms,end_to_end_latency,compute_time,transmission_time
1,1693235686306,1692263422243,1692263422432,1693235686585,279,189,90
2,1693235686585,1692263422463,1692263422649,1693235686803,218,186,32
3,1693235686803,1692263422687,1692263422873,1693235687027,224,186,38
4,1693235687027,1692263422922,1692263423108,1693235687263,236,186,50
5,1693235687263,1692263423161,1692263423341,1693235687495,232,180,52
6,1693235687495,1692263423375,1692263423560,1693235687715,220,185,35
7,1693235687715,1692263423712,1692263423887,1693235688039,324,175,149
8,1693235688039,1692263423933,1692263424103,1693235688254,215,170,45
9,1693235688254,1692263424159,1692263424331,1693235688482,228,172,56
10,1693235688482,1692263424360,1692263424530,1693235688681,199,170,29
11,1693235688681,1692263424573,1692263424744,1693235688895,214,171,43
12,1693235688895,1692263424792,1692263424964,1693235689115,220,172,48
13,1693235689115,1692263424994,1692263425163,1693235689314,199,169,30
14,1693235689314,1692263425199,1692263425368,1693235689520,206,169,37
15,1693235689520,1692263425408,1692263425581,1693235689732,212,173,39
16,1693235689732,1692263425633,1692263425807,1693235689959,227,174,53
17,1693235689959,1692263425861,1692263426034,1693235690274,315,173,142
18,1693235690274,1692263426145,1692263426313,1693235690464,190,168,22
19,1693235690464,1692263426351,1692263426520,1693235690671,207,169,38
20,1693235690672,1692263426561,1692263426732,1693235690883,211,171,40
21,1693235690883,1692263426767,1692263426936,1693235691088,205,169,36
22,1693235691088,1692263427004,1692263427179,1693235691330,242,175,67
23,1693235691330,1692263427222,1692263427392,1693235691543,213,170,43
24,1693235691544,1692263427460,1692263427632,1693235691783,239,172,67
25,1693235691784,1692263427670,1692263427839,1693235691990,206,169,37
26,1693235691990,1692263427873,1692263428043,1693235692194,204,170,34
27,1693235692194,1692263428073,1692263428242,1693235692393,199,169,30
28,1693235692394,1692263428281,1692263428455,1693235692606,212,174,38
29,1693235692606,1692263428495,1692263428668,1693235692819,213,173,40
30,1693235692819,1692263428760,1692263428934,1693235693086,267,174,93
31,1693235693086,1692263428981,1692263429152,1693235693304,218,171,47
32,1693235693304,1692263429202,1692263429375,1693235693526,222,173,49
33,1693235693526,1692263429425,1692263429597,1693235693748,222,172,50
34,1693235693748,1692263429645,1692263429821,1693235693972,224,176,48
35,1693235693972,1692263429853,1692263430021,1693235694172,200,168,32
36,1693235694173,1692263430071,1692263430242,1693235694400,227,171,56
37,1693235694400,1692263430318,1692263430491,1693235694642,242,173,69
38,1693235694642,1692263430525,1692263430695,1693235694846,204,170,34
39,1693235694846,1692263430721,1692263430892,1693235695043,197,171,26
40,1693235695043,1692263430940,1692263431111,1693235695263,220,171,49
41,1693235695263,1692263431151,1692263431321,1693235695472,209,170,39
42,1693235695472,1692263431360,1692263431531,1693235695683,211,171,40
43,1693235695683,1692263431578,1692263431748,1693235695899,216,170,46
44,1693235695899,1692263431802,1692263431974,1693235696125,226,172,54
45,1693235696125,1692263432089,1692263432267,1693235696418,293,178,115
46,1693235696418,1692263432299,1692263432470,1693235696621,203,171,32
47,1693235696621,1692263432500,1692263432669,1693235696820,199,169,30
48,1693235696820,1692263432733,1692263432908,1693235697079,259,175,84
49,1693235697079,1692263432970,1692263433142,1693235697311,232,172,60
50,1693235697311,1692263433203,1692263433375,1693235697526,215,172,43
51,1693235697526,1692263433419,1692263433591,1693235697742,216,172,44
52,1693235697742,1692263433631,1692263433803,1693235697954,212,172,40
53,1693235697955,1692263433840,1692263434011,1693235698162,207,171,36
54,1693235698162,1692263434050,1692263434220,1693235698371,209,170,39
55,1693235698371,1692263434275,1692263434446,1693235698597,226,171,55
56,1693235698597,1692263434489,1692263434662,1693235698813,216,173,43
57,1693235698813,1692263434696,1692263434865,1693235699016,203,169,34
58,1693235699016,1692263434908,1692263435080,1693235699233,217,172,45
59,1693235699233,1692263435125,1692263435298,1693235699450,217,173,44
60,1693235699450,1692263435341,1692263435511,1693235699662,212,170,42
61,1693235699662,1692263435554,1692263435727,1693235699878,216,173,43
62,1693235699878,1692263435786,1692263435959,1693235700110,232,173,59
63,1693235700110,1692263435996,1692263436166,1693235700317,207,170,37
64,1693235700317,1692263436209,1692263436380,1693235700531,214,171,43
65,1693235700531,1692263436440,1692263436610,1693235700763,232,170,62
66,1693235700763,1692263436639,1692263436809,1693235700960,197,170,27
67,1693235700960,1692263436857,1692263437028,1693235701180,220,171,49
68,1693235701180,1692263437074,1692263437247,1693235701398,218,173,45
69,1693235701398,1692263437275,1692263437445,1693235701596,198,170,28
70,1693235701596,1692263437471,1692263437639,1693235701792,196,168,28
71,1693235701792,1692263437692,1692263437864,1693235702015,223,172,51
72,1693235702016,1692263437910,1692263438084,1693235702239,223,174,49
73,1693235702239,1692263438116,1692263438285,1693235702436,197,169,28
74,1693235702436,1692263438325,1692263438497,1693235702648,212,172,40
75,1693235702648,1692263438544,1692263438714,1693235702865,217,170,47
76,1693235702865,1692263438756,1692263438929,1693235703080,215,173,42
77,1693235703080,1692263438987,1692263439160,1693235703311,231,173,58
78,1693235703311,1692263439213,1692263439386,1693235703538,227,173,54
79,1693235703538,1692263439410,1692263439581,1693235703733,195,171,24
80,1693235703733,1692263439660,1692263439832,1693235703983,250,172,78
81,1693235703983,1692263439908,1692263440082,1693235704233,250,174,76
82,1693235704233,1692263440128,1692263440300,1693235704451,218,172,46
83,1693235704451,1692263440362,1692263440535,1693235704687,236,173,63
84,1693235704687,1692263440576,1692263440747,1693235704897,210,171,39
85,1693235704898,1692263440780,1692263440949,1693235705100,202,169,33
86,1693235705100,1692263440987,1692263441158,1693235705309,209,171,38
87,1693235705309,1692263441194,1692263441364,1693235705515,206,170,36
88,1693235705515,1692263441402,1692263441575,1693235705726,211,173,38
89,1693235705726,1692263441611,1692263441785,1693235705936,210,174,36
90,1693235705936,1692263441827,1692263441998,1693235706149,213,171,42
91,1693235706149,1692263442022,1692263442192,1693235706343,194,170,24
92,1693235706343,1692263442259,1692263442432,1693235706583,240,173,67
93,1693235706583,1692263442479,1692263442651,1693235706802,219,172,47
94,1693235706802,1692263442686,1692263442855,1693235707006,204,169,35
95,1693235707006,1692263442903,1692263443075,1693235707226,220,172,48
96,1693235707226,1692263443124,1692263443296,1693235707447,221,172,49
97,1693235707447,1692263443336,1692263443506,1693235707657,210,170,40
98,1693235707657,1692263443540,1692263443712,1693235707863,206,172,34
99,1693235707863,1692263443758,1692263443930,1693235708081,218,172,46
100,1693235708081,1692263443976,1692263444148,1693235708299,218,172,46
101,1693235708299,1692263444215,1692263444387,1693235708538,239,172,67
102,1693235708538,1692263444417,1692263444586,1693235708737,199,169,30
103,1693235708737,1692263444623,1692263444793,1693235708944,207,170,37
104,1693235708944,1692263444841,1692263445012,1693235709165,221,171,50
105,1693235709165,1692263445056,1692263445226,1693235709377,212,170,42
106,1693235709377,1692263445271,1692263445443,1693235709615,238,172,66
107,1693235709615,1692263445505,1692263445676,1693235709827,212,171,41
108,1693235709827,1692263445727,1692263445900,1693235710051,224,173,51
109,1693235710051,1692263445941,1692263446112,1693235710263,212,171,41
110,1693235710264,1692263446177,1692263446348,1693235710498,234,171,63
111,1693235710499,1692263446381,1692263446550,1693235710702,203,169,34
112,1693235710702,1692263446598,1692263446772,1693235710923,221,174,47
113,1693235710923,1692263446808,1692263446977,1693235711128,205,169,36
114,1693235711128,1692263447014,1692263447185,1693235711350,222,171,51
115,1693235711350,1692263447230,1692263447399,1693235711550,200,169,31
116,1693235711550,1692263447445,1692263447618,1693235711769,219,173,46
117,1693235711769,1692263447670,1692263447843,1693235711994,225,173,52
118,1693235711994,1692263447892,1692263448065,1693235712216,222,173,49
119,1693235712216,1692263448122,1692263448296,1693235712447,231,174,57
120,1693235712447,1692263448341,1692263448513,1693235712664,217,172,45
121,1693235712664,1692263448571,1692263448743,1693235712894,230,172,58
122,1693235712895,1692263448808,1692263448983,1693235713135,240,175,65
123,1693235713135,1692263449037,1692263449208,1693235713359,224,171,53
124,1693235713359,1692263449242,1692263449411,1693235713561,202,169,33
125,1693235713561,1692263449446,1692263449614,1693235713768,207,168,39
126,1693235713768,1692263449686,1692263449860,1693235714010,242,174,68
127,1693235714010,1692263449903,1692263450075,1693235714226,216,172,44
128,1693235714226,1692263450123,1692263450295,1693235714446,220,172,48
129,1693235714446,1692263450321,1692263450492,1693235714643,197,171,26
130,1693235714643,1692263450524,1692263450694,1693235714845,202,170,32
131,1693235714845,1692263450719,1692263450888,1693235715039,194,169,25
132,1693235715039,1692263450933,1692263451106,1693235715258,219,173,46
133,1693235715258,1692263451145,1692263451316,1693235715467,209,171,38
134,1693235715467,1692263451366,1692263451538,1693235715689,222,172,50
135,1693235715689,1692263451588,1692263451758,1693235715909,220,170,50
136,1693235715909,1692263451804,1692263451976,1693235716128,219,172,47
137,1693235716128,1692263452003,1692263452173,1693235716324,196,170,26
138,1693235716494,1692263452368,1692263452748,1693235716899,405,380,25
139,1693235716899,1692263452789,1692263453013,1693235717164,265,224,41
140,1693235717164,1692263453081,1692263453356,1693235717507,343,275,68
141,1693235717507,1692263453399,1692263453780,1693235717931,424,381,43
142,1693235717931,1692263453804,1692263454183,1693235718335,404,379,25
143,1693235718335,1692263454214,1692263454502,1693235718672,337,288,49
144,1693235718672,1692263454564,1692263455009,1693235719200,528,445,83
145,1693235719200,1692263455091,1692263455470,1693235719622,422,379,43
146,1693235719622,1692263455510,1692263456040,1693235720251,629,530,99
147,1693235720252,1692263456164,1692263456690,1693235720842,590,526,64
148,1693235720842,1692263456725,1692263457220,1693235721372,530,495,35
149,1693235721372,1692263457258,1692263457688,1693235721841,469,430,39
150,1693235721841,1692263457730,1692263458233,1693235722386,545,503,42
151,1693235722386,1692263458274,1692263458609,1693235722761,375,335,40
152,1693235722761,1692263458669,1692263459189,1693235723341,580,520,60
153,1693235723341,1692263459226,1692263459747,1693235723908,567,521,46
154,1693235723908,1692263459795,1692263460151,1693235724302,394,356,38
155,1693235724302,1692263460199,1692263460726,1693235724878,576,527,49
156,1693235724878,1692263460765,1692263461219,1693235725371,493,454,39
157,1693235725371,1692263461253,1692263461782,1693235725962,591,529,62
158,1693235725962,1692263461862,1692263462385,1693235726573,611,523,88
159,1693235726573,1692263462455,1692263462815,1693235726968,395,360,35
160,1693235726968,1692263462877,1692263463317,1693235727469,501,440,61
161,1693235727469,1692263463370,1692263463900,1693235728053,584,530,54
162,1693235728053,1692263463949,1692263464454,1693235728625,572,505,67
163,1693235728625,1692263464498,1692263465002,1693235729153,528,504,24
164,1693235729154,1692263465048,1692263465419,1693235729582,428,371,57
165,1693235729582,1692263465486,1692263465867,1693235730018,436,381,55
166,1693235730019,1692263465934,1692263466450,1693235730602,583,516,67
167,1693235730602,1692263466503,1692263466924,1693235731078,476,421,55
168,1693235731078,1692263466953,1692263467456,1693235731607,529,503,26
169,1693235731607,1692263467501,1692263467993,1693235732145,538,492,46
170,1693235732145,1692263468031,1692263468454,1693235732606,461,423,38
171,1693235732606,1692263468484,1692263469024,1693235733200,594,540,54
172,1693235733200,1692263469095,1692263469417,1693235733579,379,322,57
173,1693235733579,1692263469492,1692263469952,1693235734154,575,460,115
174,1693235734154,1692263470053,1692263470497,1693235734649,495,444,51
175,1693235734649,1692263470539,1692263471039,1693235735267,618,500,118
176,1693235735267,1692263471165,1692263471687,1693235735839,572,522,50
177,1693235735839,1692263471719,1692263472230,1693235736382,543,511,32
178,1693235736382,1692263472266,1692263472594,1693235736746,364,328,36
179,1693235736746,1692263472632,1692263473038,1693235737226,480,406,74
180,1693235737226,1692263473123,1692263473505,1693235737657,431,382,49
181,1693235737657,1692263473532,1692263473919,1693235738071,414,387,27
182,1693235738071,1692263473964,1692263474369,1693235738520,449,405,44
183,1693235738521,1692263474412,1692263474713,1693235738865,344,301,43
184,1693235738865,1692263474744,1692263475086,1693235739237,372,342,30
185,1693235739237,1692263475165,1692263475670,1693235739821,584,505,79
186,1693235739821,1692263475725,1692263476090,1693235740241,420,365,55
187,1693235740241,1692263476140,1692263476579,1693235740731,490,439,51
188,1693235740731,1692263476634,1692263477009,1693235741161,430,375,55
189,1693235741161,1692263477082,1692263477598,1693235741750,589,516,73
190,1693235741750,1692263477638,1692263478096,1693235742347,597,458,139
191,1693235742347,1692263478237,1692263478729,1693235742880,533,492,41
192,1693235742880,1692263478772,1692263479140,1693235743292,412,368,44
193,1693235743292,1692263479188,1692263479576,1693235743727,435,388,47
194,1693235743727,1692263479611,1692263480068,1693235744296,569,457,112
195,1693235744296,1692263480183,1692263480451,1693235744702,406,268,138
196,1693235744702,1692263480603,1692263480917,1693235745068,366,314,52
197,1693235745068,1692263480956,1692263481355,1693235745506,438,399,39
198,1693235745506,1692263481385,1692263481763,1693235745929,423,378,45
199,1693235745929,1692263481827,1692263482204,1693235746438,509,377,132
200,1693235746438,1692263482320,1692263482511,1693235746665,227,191,36
201,1693235746672,1692263482559,1692263482730,1693235746880,208,171,37
202,1693235746880,1692263482774,1692263482948,1693235747099,219,174,45
203,1693235747099,1692263483011,1692263483182,1693235747333,234,171,63
204,1693235747333,1692263483235,1692263483408,1693235747559,226,173,53
205,1693235747560,1692263483439,1692263483608,1693235747759,199,169,30
206,1693235747759,1692263483658,1692263483833,1693235747983,224,175,49
207,1693235747983,1692263483866,1692263484037,1693235748187,204,171,33
208,1693235748187,1692263484079,1692263484249,1693235748400,213,170,43
209,1693235748400,1692263484283,1692263484453,1693235748603,203,170,33
210,1693235748603,1692263484489,1692263484661,1693235748811,208,172,36
211,1693235748811,1692263484698,1692263484867,1693235749017,206,169,37
212,1693235749017,1692263484897,1692263485067,1693235749217,200,170,30
213,1693235749217,1692263485104,1692263485275,1693235749425,208,171,37
214,1693235749425,1692263485311,1692263485482,1693235749632,207,171,36
215,1693235749632,1692263485511,1692263485681,1693235749831,199,170,29
216,1693235749831,1692263485734,1692263485906,1693235750150,319,172,147
217,1693235750150,1692263486045,1692263486218,1693235750369,219,173,46
218,1693235750369,1692263486241,1692263486412,1693235750562,193,171,22
219,1693235750562,1692263486469,1692263486642,1693235750792,230,173,57
220,1693235750792,1692263486699,1692263486873,1693235751024,232,174,58
221,1693235751024,1692263486949,1692263487121,1693235751272,248,172,76
222,1693235751272,1692263487168,1692263487341,1693235751492,220,173,47
223,1693235751492,1692263487372,1692263487542,1693235751696,204,170,34
224,1693235751696,1692263487597,1692263487769,1693235751920,224,172,52
225,1693235751920,1692263487827,1692263488000,1693235752150,230,173,57
226,1693235752150,1692263488054,1692263488227,1693235752378,228,173,55
227,1693235752378,1692263488259,1692263488429,1693235752581,203,170,33
228,1693235752581,1692263488491,1692263488664,1693235752814,233,173,60
229,1693235752814,1692263488705,1692263488876,1693235753027,213,171,42
230,1693235753027,1692263488948,1692263489122,1693235753272,245,174,71
231,1693235753272,1692263489154,1692263489323,1693235753473,201,169,32
232,1693235753473,1692263489347,1692263489517,1693235753667,194,170,24
233,1693235753667,1692263489547,1692263489717,1693235753868,201,170,31
234,1693235753868,1692263489754,1692263489924,1693235754075,207,170,37
235,1693235754075,1692263490007,1692263490179,1693235754329,254,172,82
236,1693235754329,1692263490238,1692263490411,1693235754561,232,173,59
237,1693235754562,1692263490499,1692263490672,1693235754822,260,173,87
238,1693235754822,1692263490736,1692263490910,1693235755060,238,174,64
239,1693235755060,1692263490961,1692263491132,1693235755283,223,171,52
240,1693235755283,1692263491191,1692263491365,1693235755515,232,174,58
241,1693235755515,1692263491471,1692263491642,1693235755793,278,171,107
242,1693235755793,1692263491691,1692263491861,1693235756011,218,170,48
243,1693235756011,1692263491918,1692263492088,1693235756239,228,170,58
244,1693235756239,1692263492147,1692263492321,1693235756473,234,174,60
245,1693235756473,1692263492396,1692263492569,1693235756720,247,173,74
246,1693235756720,1692263492613,1692263492786,1693235756936,216,173,43
247,1693235756936,1692263492860,1692263493033,1693235757184,248,173,75
248,1693235757184,1692263493075,1692263493247,1693235757398,214,172,42
249,1693235757398,1692263493282,1692263493451,1693235757602,204,169,35
250,1693235757602,1692263493494,1692263493667,1693235757818,216,173,43
251,1693235757818,1692263493695,1692263493865,1693235758015,197,170,27
252,1693235758015,1692263493918,1692263494091,1693235758241,226,173,53
253,1693235758241,1692263494142,1692263494316,1693235758466,225,174,51
254,1693235758466,1692263494356,1692263494527,1693235758677,211,171,40
255,1693235758677,1692263494588,1692263494760,1693235758910,233,172,61
256,1693235758910,1692263494819,1692263494991,1693235759142,232,172,60
257,1693235759142,1692263495031,1692263495203,1693235759353,211,172,39
258,1693235759353,1692263495238,1692263495407,1693235759557,204,169,35
259,1693235759558,1692263495465,1692263495637,1693235759787,229,172,57
260,1693235759788,1692263495702,1692263495877,1693235760027,239,175,64
261,1693235760027,1692263495914,1692263496084,1693235760235,208,170,38
262,1693235760235,1692263496138,1692263496311,1693235760461,226,173,53
263,1693235760461,1692263496354,1692263496523,1693235760674,213,169,44
264,1693235760674,1692263496572,1692263496744,1693235760894,220,172,48
265,1693235760894,1692263496805,1692263496978,1693235761128,234,173,61
266,1693235761128,1692263497015,1692263497186,1693235761337,209,171,38
267,1693235761337,1692263497225,1692263497396,1693235761547,210,171,39
268,1693235761547,1692263497431,1692263497600,1693235763415,1868,169,1699
269,1693235763415,1692263499726,1692263499897,1693235764392,977,171,806
270,1693235764392,1692263500340,1692263500512,1693235764917,525,172,353
271,1693235764917,1692263500790,1692263500961,1693235765441,524,171,353
272,1693235765441,1692263501365,1692263501538,1693235765966,525,173,352
273,1693235765966,1692263501895,1692263502067,1693235766489,523,172,351
274,1693235766489,1692263502412,1692263502587,1693235767013,524,175,349
275,1693235767014,1692263502907,1692263503078,1693235767537,523,171,352
276,1693235767537,1692263503442,1692263503616,1693235768062,525,174,351
277,1693235768062,1692263503961,1692263504132,1693235768587,525,171,354
278,1693235768587,1692263504491,1692263504664,1693235769110,523,173,350
279,1693235769111,1692263505028,1692263505200,1693235769635,524,172,352
280,1693235769635,1692263505557,1692263505731,1693235770159,524,174,350
281,1693235770159,1692263506053,1692263506224,1693235770688,529,171,358
282,1693235770688,1692263506578,1692263506750,1693235771014,326,172,154
283,1693235771014,1692263506902,1692263507072,1693235771223,209,170,39
284,1693235771223,1692263507115,1692263507287,1693235771438,215,172,43
285,1693235771438,1692263507337,1692263507508,1693235771658,220,171,49
286,1693235771658,1692263507550,1692263507722,1693235772088,430,172,258
287,1693235772088,1692263507984,1692263508157,1693235772311,223,173,50
288,1693235772311,1692263508191,1692263508361,1693235772511,200,170,30
289,1693235772511,1692263508399,1692263508570,1693235772721,210,171,39
290,1693235772721,1692263508642,1692263508816,1693235773112,391,174,217
291,1693235773112,1692263509005,1692263509178,1693235773328,216,173,43
292,1693235773328,1692263509208,1692263509378,1693235773534,206,170,36
293,1693235773534,1692263509445,1692263509616,1693235773766,232,171,61
294,1693235773766,1692263509672,1692263509845,1693235774161,395,173,222
295,1693235774161,1692263510050,1692263510221,1693235774371,210,171,39
296,1693235774371,1692263510240,1692263510411,1693235774561,190,171,19
297,1693235774561,1692263510441,1692263510612,1693235774771,210,171,39
298,1693235774771,1692263510679,1692263510851,1693235775212,441,172,269
299,1693235775212,1692263511076,1692263511246,1693235775398,186,170,16
300,1693235775398,1692263511325,1692263511499,1693235775650,252,174,78
301,1693235775650,1692263511542,1692263511712,1693235775862,212,170,42
302,1693235775863,1692263511770,1692263511942,1693235776257,394,172,222
303,1693235776257,1692263512154,1692263512325,1693235776476,219,171,48
304,1693235776476,1692263512350,1692263512523,1693235776685,209,173,36
305,1693235776855,1692263512771,1692263513125,1693235777306,451,354,97
306,1693235777306,1692263513195,1692263513474,1693235777700,394,279,115
307,1693235777700,1692263513583,1692263513912,1693235778063,363,329,34
308,1693235778063,1692263513957,1692263514304,1693235778455,392,347,45
309,1693235778455,1692263514346,1692263514762,1693235778913,458,416,42
310,1693235778913,1692263514796,1692263515263,1693235779414,501,467,34
311,1693235779414,1692263515347,1692263515618,1693235779794,380,271,109
312,1693235779794,1692263515731,1692263516140,1693235780452,658,409,249
313,1693235780453,1692263516365,1692263516767,1693235780918,465,402,63
314,1693235780918,1692263516826,1692263517220,1693235781502,584,394,190
315,1693235781502,1692263517413,1692263517800,1693235781952,450,387,63
316,1693235781952,1692263517850,1692263518371,1693235782548,596,521,75
317,1693235782548,1692263518427,1692263518961,1693235783116,568,534,34
318,1693235783116,1692263519035,1692263519501,1693235783652,536,466,70
319,1693235783652,1692263519543,1692263520086,1693235784237,585,543,42
320,1693235784237,1692263520135,1692263520639,1693235784790,553,504,49
321,1693235784790,1692263520693,1692263521238,1693235785389,599,545,54
322,1693235785389,1692263521282,1692263521612,1693235785775,386,330,56
323,1693235785775,1692263521691,1692263522148,1693235786300,525,457,68
324,1693235786300,1692263522185,1692263522665,1693235786816,516,480,36
325,1693235786816,1692263522710,1692263523250,1693235787402,586,540,46
326,1693235787402,1692263523303,1692263523768,1693235787921,519,465,54
327,1693235787921,1692263523825,1692263524207,1693235788358,437,382,55
328,1693235788358,1692263524250,1692263524706,1693235788857,499,456,43
329,1693235788857,1692263524744,1692263525230,1693235789381,524,486,38
330,1693235789381,1692263525287,1692263525767,1693235789933,552,480,72
331,1693235789933,1692263525825,1692263526265,1693235790419,486,440,46
332,1693235790419,1692263526448,1692263526999,1693235791169,750,551,199
333,1693235791169,1692263527074,1692263527498,1693235791649,480,424,56
334,1693235791649,1692263527528,1692263527867,1693235792019,370,339,31
335,1693235792019,1692263527962,1692263528518,1693235792669,650,556,94
336,1693235792669,1692263528548,1692263529092,1693235793244,575,544,31
337,1693235793244,1692263529138,1692263529689,1693235793840,596,551,45
338,1693235793840,1692263529946,1692263530401,1693235794553,713,455,258
339,1693235794553,1692263530454,1692263531002,1693235795153,600,548,52
340,1693235795153,1692263531045,1692263531501,1693235795652,499,456,43
341,1693235795652,1692263531558,1692263531941,1693235796179,527,383,144
342,1693235796179,1692263532089,1692263532551,1693235796702,523,462,61
343,1693235796702,1692263532590,1692263532940,1693235797232,530,350,180
344,1693235797232,1692263533130,1692263533540,1693235797692,460,410,50
345,1693235797692,1692263533609,1692263534127,1693235798279,587,518,69
346,1693235798279,1692263534163,1692263534644,1693235798795,516,481,35
347,1693235798795,1692263534688,1692263535024,1693235799326,531,336,195
348,1693235799326,1692263535264,1692263535633,1693235799784,458,369,89
349,1693235799784,1692263535702,1692263536186,1693235800375,591,484,107
350,1693235800376,1692263536271,1692263536786,1693235800937,561,515,46
351,1693235800937,1692263536819,1692263537311,1693235801462,525,492,33
352,1693235801462,1692263537356,1692263537682,1693235801844,382,326,56
353,1693235801844,1692263537748,1692263538153,1693235802472,628,405,223
354,1693235802472,1692263538356,1692263538877,1693235803028,556,521,35
355,1693235803028,1692263538977,1692263539426,1693235803579,551,449,102
356,1693235803579,1692263539473,1692263539942,1693235804092,513,469,44
357,1693235804093,1692263540012,1692263540401,1693235804568,475,389,86
358,1693235804568,1692263540468,1692263540969,1693235805120,552,501,51
359,1693235805120,1692263541030,1692263541402,1693235805620,500,372,128
360,1693235805620,1692263541540,1692263541956,1693235806112,492,416,76
361,1693235806112,1692263542001,1692263542364,1693235806666,554,363,191
362,1693235806666,1692263542575,1692263542820,1693235807058,392,245,147
363,1693235807065,1692263542949,1692263543119,1693235807269,204,170,34
364,1693235807269,1692263543162,1692263543334,1693235807484,215,172,43
365,1693235807484,1692263543587,1692263543759,1693235807910,426,172,254
366,1693235807910,1692263543811,1692263543981,1693235808138,228,170,58
367,1693235808138,1692263544060,1692263544234,1693235808384,246,174,72
368,1693235808384,1692263544277,1692263544451,1693235808762,378,174,204
369,1693235808762,1692263544649,1692263544820,1693235808971,209,171,38
370,1693235808971,1692263544846,1692263545016,1693235809166,195,170,25
371,1693235809166,1692263545057,1692263545226,1693235809376,210,169,41
372,1693235809376,1692263545270,1692263545443,1693235809811,435,173,262
373,1693235809812,1692263545720,1692263545893,1693235810205,393,173,220
374,1693235810205,1692263546122,1692263546293,1693235810443,238,171,67
375,1693235810443,1692263546367,1692263546539,1693235810861,418,172,246
376,1693235810861,1692263546753,1692263546923,1693235811073,212,170,42
377,1693235811073,1692263546982,1692263547157,1693235811307,234,175,59
378,1693235811307,1692263547184,1692263547354,1693235811504,197,170,27
379,1693235811504,1692263547423,1692263547595,1693235811910,406,172,234
380,1693235811910,1692263547788,1692263547958,1693235812108,198,170,28
381,1693235812108,1692263548002,1692263548173,1693235812322,214,171,43
382,1693235812322,1692263548209,1692263548380,1693235812530,208,171,37
383,1693235812530,1692263548422,1692263548593,1693235812957,427,171,256
384,1693235812957,1692263548861,1692263549033,1693235813192,235,172,63
385,1693235813192,1692263549090,1692263549263,1693235813413,221,173,48
386,1693235813413,1692263549307,1692263549477,1693235813641,228,170,58
387,1693235813641,1692263549511,1692263549680,1693235814006,365,169,196
388,1693235814006,1692263549896,1692263550066,1693235814216,210,170,40
389,1693235814216,1692263550111,1692263550280,1693235814431,215,169,46
390,1693235814431,1692263550337,1692263550510,1693235814660,229,173,56
391,1693235814660,1692263550549,1692263550719,1693235815055,395,170,225
392,1693235815055,1692263550960,1692263551134,1693235815284,229,174,55
393,1693235815284,1692263551179,1692263551352,1693235815501,217,173,44
394,1693235815501,1692263551469,1692263551641,1693235815791,290,172,118
395,1693235815791,1692263551680,1692263551849,1693235816104,313,169,144
396,1693235816104,1692263552003,1692263552175,1693235816331,227,172,55
397,1693235816331,1692263552242,1692263552413,1693235816563,232,171,61
398,1693235816563,1692263552461,1692263552634,1693235816785,222,173,49
399,1693235816785,1692263552672,1692263552841,1693235817150,365,169,196
400,1693235817151,1692263553050,1692263553220,1693235817410,259,170,89
401,1693235817410,1692263553405,1692263553576,1693235817725,315,171,144
402,1693235817726,1692263553682,1692263553853,1693235818199,473,171,302
403,1693235818199,1692263554128,1692263554300,1693235818449,250,172,78
404,1693235818450,1692263554339,1692263554512,1693235818662,212,173,39
405,1693235818662,1692263554571,1692263554742,1693235818892,230,171,59
406,1693235818892,1692263554804,1692263554978,1693235819250,358,174,184
407,1693235819251,1692263555150,1692263555321,1693235819480,229,171,58
408,1693235819480,1692263555367,1692263555540,1693235819692,212,173,39
409,1693235819692,1692263555593,1692263555763,1693235819930,238,170,68
410,1693235819930,1692263555825,1692263555996,1693235820297,367,171,196
411,1693235820297,1692263556203,1692263556373,1693235820523,226,170,56
412,1693235820523,1692263556604,1692263556776,1693235820926,403,172,231
413,1693235820926,1692263556873,1692263557046,1693235821346,420,173,247
414,1693235821346,1692263557277,1692263557450,1693235821601,255,173,82
415,1693235821601,1692263557498,1692263557671,1693235821821,220,173,47
416,1693235821821,1692263557748,1692263557919,1693235822068,247,171,76
417,1693235822069,1692263557976,1692263558147,1693235822394,325,171,154
418,1693235822394,1692263558300,1692263558471,1693235822629,235,171,64
419,1693235822629,1692263558547,1692263558718,1693235822869,240,171,69
420,1693235822869,1692263558786,1692263558958,1693235823108,239,172,67
421,1693235823108,1692263559045,1692263559217,1693235823444,336,172,164
422,1693235823444,1692263559347,1692263559520,1693235823670,226,173,53
423,1693235823670,1692263559601,1692263559773,1693235824026,356,172,184
424,1693235824027,1692263559972,1692263560146,1693235824553,526,174,352
425,1693235824553,1692263560458,1692263560629,1693235824779,226,171,55
426,1693235824779,1692263560956,1692263561126,1693235825276,497,170,327
427,1693235825276,1692263561168,1692263561338,1693235825600,324,170,154
428,1693235825601,1692263561488,1692263561658,1693235825808,207,170,37
429,1693235825808,1692263561701,1692263561872,1693235826064,256,171,85
430,1693235826064,1692263561984,1692263562154,1693235826304,240,170,70
431,1693235826304,1692263562209,1692263562382,1693235826588,284,173,111
432,1693235826588,1692263562484,1692263562657,1693235826807,219,173,46
433,1693235826807,1692263562736,1692263562907,1693235827121,314,171,143
434,1693235827121,1692263563055,1692263563229,1693235827379,258,174,84
435,1693235827379,1692263563277,1692263563451,1693235827600,221,174,47
436,1693235827600,1692263563498,1692263563670,1693235827819,219,172,47
437,1693235827819,1692263563714,1692263563884,1693235828034,215,170,45
438,1693235828034,1692263563931,1692263564102,1693235828254,220,171,49
439,1693235828254,1692263564168,1692263564339,1693235828489,235,171,64
440,1693235828489,1692263564370,1692263564538,1693235828688,199,168,31
441,1693235828688,1692263564587,1692263564759,1693235828908,220,172,48
442,1693235828909,1692263564815,1692263564994,1693235829143,234,179,55
443,1693235829143,1692263565073,1692263565246,1693235829396,253,173,80
444,1693235829396,1692263565362,1692263565534,1693235829684,288,172,116
445,1693235829684,1692263565580,1692263565752,1693235829902,218,172,46
446,1693235829902,1692263565796,1692263565969,1693235830119,217,173,44
447,1693235830119,1692263566020,1692263566192,1693235830342,223,172,51
448,1693235830342,1692263566233,1692263566407,1693235830556,214,174,40
449,1693235830556,1692263566442,1692263566614,1693235830764,208,172,36
450,1693235830764,1692263566711,1692263566887,1693235831037,273,176,97
451,1693235831037,1692263566950,1692263567122,1693235831271,234,172,62
452,1693235831272,1692263567153,1692263567322,1693235831472,200,169,31
453,1693235831472,1692263567366,1692263567537,1693235831687,215,171,44
454,1693235831687,1692263567561,1692263567730,1693235831889,202,169,33
455,1693235831889,1692263567805,1692263567977,1693235832128,239,172,67
456,1693235832128,1692263568038,1692263568208,1693235832377,249,170,79
457,1693235832377,1692263568271,1692263568443,1693235832592,215,172,43
458,1693235832592,1692263568491,1692263568666,1693235832815,223,175,48
459,1693235832815,1692263568735,1692263568905,1693235833055,240,170,70
460,1693235833055,1692263568962,1692263569133,1693235833283,228,171,57
461,1693235833283,1692263569184,1692263569354,1693235833504,221,170,51
462,1693235833504,1692263569393,1692263569564,1693235833714,210,171,39
463,1693235833714,1692263569589,1692263569758,1693235833908,194,169,25
464,1693235833908,1692263569807,1692263569980,1693235834129,221,173,48
465,1693235834129,1692263570014,1692263570184,1693235834334,205,170,35
466,1693235834334,1692263570200,1692263570368,1693235834517,183,168,15
467,1693235834518,1692263570406,1692263570574,1693235834724,206,168,38
468,1693235834724,1692263570630,1692263570802,1693235834952,228,172,56
469,1693235834952,1692263570871,1692263571042,1693235835192,240,171,69
470,1693235835192,1692263571080,1692263571251,1693235835401,209,171,38
471,1693235835401,1692263571317,1692263571488,1693235835638,237,171,66
472,1693235835638,1692263571526,1692263571698,1693235835848,210,172,38
473,1693235835848,1692263571733,1692263571903,1693235836052,204,170,34
474,1693235836052,1692263571936,1692263572107,1693235836256,204,171,33
475,1693235836256,1692263572141,1692263572310,1693235836460,204,169,35
476,1693235836460,1692263572345,1692263572516,1693235836666,206,171,35
477,1693235836666,1692263572579,1692263572752,1693235836901,235,173,62
478,1693235836901,1692263572796,1692263572969,1693235837119,218,173,45
479,1693235837288,1692263573168,1692263573542,1693235837720,432,374,58
480,1693235837720,1692263573620,1692263573983,1693235838188,468,363,105
481,1693235838188,1692263574078,1692263574450,1693235838600,412,372,40
482,1693235838600,1692263574503,1692263574807,1693235838957,357,304,53
483,1693235838957,1692263574860,1692263575135,1693235839315,358,275,83
484,1693235839315,1692263575237,1692263575692,1693235839841,526,455,71
485,1693235839841,1692263575737,1692263576058,1693235840261,420,321,99
486,1693235840261,1692263576176,1692263576724,1693235840875,614,548,66
487,1693235840875,1692263576762,1692263577274,1693235841467,592,512,80
488,1693235841467,1692263577342,1692263577745,1693235841895,428,403,25
489,1693235841895,1692263577787,1692263578334,1693235842589,694,547,147
490,1693235842589,1692263578471,1692263579010,1693235843207,618,539,79
491,1693235843208,1692263579104,1692263579448,1693235843599,391,344,47
492,1693235843599,1692263579485,1692263579908,1693235844059,460,423,37
493,1693235844059,1692263579947,1692263580501,1693235844652,593,554,39
494,1693235844652,1692263580534,1692263581002,1693235845201,549,468,81
495,1693235845201,1692263581109,1692263581509,1693235845661,460,400,60
496,1693235845662,1692263581578,1692263582126,1693235846382,720,548,172
497,1693235846382,1692263582294,1692263582854,1693235847116,734,560,174
498,1693235847116,1692263583012,1692263583382,1693235847532,416,370,46
499,1693235847533,1692263583460,1692263583940,1693235848123,590,480,110
500,1693235848123,1692263584006,1692263584547,1693235848697,574,541,33
501,1693235848697,1692263584579,1692263585092,1693235849246,549,513,36
502,1693235849246,1692263585134,1692263585473,1693235849624,378,339,39
503,1693235849624,1692263585552,1692263585950,1693235850101,477,398,79
504,1693235850101,1692263585990,1692263586503,1693235850654,553,513,40
505,1693235850654,1692263586559,1692263587117,1693235851294,640,558,82
506,1693235851294,1692263587177,1692263587729,1693235851879,585,552,33
507,1693235851879,1692263587793,1692263588295,1693235852526,647,502,145
508,1693235852526,1692263588403,1692263588817,1693235852968,442,414,28
509,1693235852968,1692263588854,1692263589309,1693235853460,492,455,37
510,1693235853460,1692263589361,1692263589875,1693235854025,565,514,51
511,1693235854025,1692263589910,1692263590320,1693235854471,446,410,36
512,1693235854471,1692263590361,1692263590816,1693235854968,497,455,42
513,1693235854968,1692263590857,1692263591375,1693235855525,557,518,39
514,1693235855525,1692263591436,1692263591980,1693235856133,608,544,64
515,1693235856133,1692263592026,1692263592570,1693235856721,588,544,44
516,1693235856722,1692263592603,1692263592943,1693235857133,411,340,71
517,1693235857134,1692263593044,1692263593514,1693235857664,530,470,60
518,1693235857664,1692263593543,1692263594082,1693235858233,569,539,30
519,1693235858233,1692263594127,1692263594611,1693235858763,530,484,46
520,1693235858763,1692263594674,1692263595080,1693235859230,467,406,61
521,1693235859230,1692263595115,1692263595492,1693235859643,413,377,36
522,1693235859643,1692263595557,1692263595797,1693235859947,304,240,64
523,1693235859947,1692263595848,1692263596337,1693235860487,540,489,51
524,1693235860487,1692263596386,1692263596754,1693235860905,418,368,50
525,1693235860905,1692263596804,1692263597174,1693235861324,419,370,49
526,1693235861324,1692263597241,1692263597701,1693235861879,555,460,95
527,1693235861880,1692263597775,1692263598164,1693235862314,434,389,45
528,1693235862314,1692263598211,1692263598699,1693235862869,555,488,67
529,1693235862869,1692263598790,1692263599151,1693235863302,433,361,72
530,1693235863302,1692263599193,1692263599722,1693235863883,581,529,52
531,1693235863883,1692263599788,1692263600168,1693235864319,436,380,56
532,1693235864319,1692263600212,1692263600714,1693235864876,557,502,55
533,1693235864876,1692263600752,1692263601150,1693235865301,425,398,27
534,1693235865301,1692263601184,1692263601580,1693235865732,431,396,35
535,1693235865732,1692263601614,1692263602150,1693235866301,569,536,33
536,1693235866301,1692263602193,1692263602576,1693235866726,425,383,42
537,1693235866726,1692263602608,1692263602955,1693235867106,380,347,33
538,1693235867106,1692263603048,1692263603277,1693235867472,366,229,137
539,1693235867479,1692263603378,1692263603550,1693235867775,296,172,124
540,1693235867775,1692263603665,1692263603836,1693235867985,210,171,39
541,1693235867986,1692263603864,1692263604034,1693235868184,198,170,28
542,1693235868184,1692263604089,1692263604261,1693235868410,226,172,54
543,1693235868411,1692263604280,1692263604448,1693235868600,189,168,21
544,1693235868600,1692263604481,1692263604652,1693235868803,203,171,32
545,1693235868803,1692263604688,1692263604857,1693235869009,206,169,37
546,1693235869009,1692263604886,1692263605056,1693235869208,199,170,29
547,1693235869208,1692263605090,1692263605259,1693235869408,200,169,31
548,1693235869408,1692263605319,1692263605491,1693235869640,232,172,60
549,1693235869640,1692263605513,1692263605682,1693235869831,191,169,22
550,1693235869831,1692263605729,1692263605902,1693235870160,329,173,156
551,1693235870161,1692263606047,1692263606219,1693235870369,208,172,36
552,1693235870369,1692263606270,1692263606444,1693235870593,224,174,50
553,1693235870593,1692263606502,1692263606674,1693235870823,230,172,58
554,1693235870823,1692263606712,1692263606884,1693235871033,210,172,38
555,1693235871033,1692263606921,1692263607091,1693235871241,208,170,38
556,1693235871241,1692263607142,1692263607315,1693235871466,225,173,52
557,1693235871466,1692263607350,1692263607520,1693235871670,204,170,34
558,1693235871670,1692263607550,1692263607719,1693235871869,199,169,30
559,1693235871869,1692263607746,1692263607915,1693235872064,195,169,26
560,1693235872064,1692263607953,1692263608123,1693235872272,208,170,38
561,1693235872272,1692263608161,1692263608332,1693235872485,213,171,42
562,1693235872485,1692263608368,1692263608538,1693235872688,203,170,33
563,1693235872689,1692263608577,1692263608747,1693235872899,210,170,40
564,1693235872899,1692263608795,1692263608967,1693235873116,217,172,45
565,1693235873116,1692263609000,1692263609168,1693235873317,201,168,33
566,1693235873317,1692263609224,1692263609398,1693235873548,231,174,57
567,1693235873548,1692263609453,1692263609624,1693235873773,225,171,54
568,1693235873773,1692263609664,1692263609836,1693235873985,212,172,40
569,1693235873985,1692263609874,1692263610044,1693235874193,208,170,38
570,1693235874194,1692263610099,1692263610272,1693235874426,232,173,59
571,1693235874426,1692263610326,1692263610499,1693235874648,222,173,49
572,1693235874648,1692263610541,1692263610712,1693235874861,213,171,42
573,1693235874861,1692263610743,1692263610913,1693235875062,201,170,31
574,1693235875062,1692263610969,1692263611141,1693235875290,228,172,56
575,1693235875290,1692263611179,1692263611350,1693235875499,209,171,38
576,1693235875499,1692263611393,1692263611566,1693235875716,217,173,44
577,1693235875716,1692263611641,1692263611813,1693235875962,246,172,74
578,1693235875962,1692263611851,1692263612020,1693235876170,208,169,39
579,1693235876170,1692263612053,1692263612223,1693235876372,202,170,32
580,1693235876372,1692263612245,1692263612415,1693235876565,193,170,23
581,1693235876565,1692263612466,1692263612638,1693235876787,222,172,50
582,1693235876787,1692263612712,1692263612886,1693235877035,248,174,74
583,1693235877035,1692263612909,1692263613079,1693235877229,194,170,24
584,1693235877229,1692263613150,1692263613324,1693235877473,244,174,70
585,1693235877473,1692263613373,1692263613547,1693235877696,223,174,49
586,1693235877696,1692263613603,1692263613778,1693235877928,232,175,57
587,1693235877928,1692263613810,1692263613982,1693235878131,203,172,31
588,1693235878131,1692263614029,1692263614203,1693235878352,221,174,47
589,1693235878352,1692263614240,1692263614411,1693235878561,209,171,38
590,1693235878561,1692263614472,1692263614647,1693235878796,235,175,60
591,1693235878796,1692263614677,1692263614847,1693235878996,200,170,30
592,1693235878996,1692263614893,1692263615064,1693235879213,217,171,46
593,1693235879213,1692263615107,1692263615278,1693235879427,214,171,43
594,1693235879427,1692263615315,1692263615486,1693235879635,208,171,37
595,1693235879635,1692263615528,1692263615698,1693235879847,212,170,42
596,1693235879847,1692263615743,1692263615916,1693235880067,220,173,47
597,1693235880067,1692263615973,1692263616144,1693235880294,227,171,56
598,1693235880294,1692263616190,1692263616363,1693235880513,219,173,46
599,1693235880513,1692263616399,1692263616570,1693235880719,206,171,35
600,1693235880719,1692263616607,1692263616776,1693235880925,206,169,37
601,1693235880925,1692263616812,1692263616984,1693235881134,209,172,37
602,1693235881134,1692263617027,1692263617202,1693235881351,217,175,42
603,1693235881351,1692263617248,1692263617421,1693235881570,219,173,46
604,1693235881570,1692263617480,1692263617653,1693235881802,232,173,59
605,1693235881802,1692263617691,1692263617862,1693235882013,211,171,40
606,1693235882013,1692263617899,1692263618072,1693235882221,208,173,35
607,1693235882222,1692263618109,1692263618280,1693235882430,208,171,37
608,1693235882430,1692263618308,1692263618478,1693235882628,198,170,28
609,1693235882628,1692263618539,1692263618710,1693235882859,231,171,60
610,1693235882859,1692263618761,1692263618933,1693235883082,223,172,51
611,1693235883082,1692263618979,1692263619152,1693235883301,219,173,46
612,1693235883301,1692263619176,1692263619348,1693235883497,196,172,24
613,1693235883497,1692263619388,1692263619560,1693235883709,212,172,40
614,1693235883709,1692263619610,1692263619782,1693235883931,222,172,50
615,1693235883931,1692263619838,1692263620010,1693235884159,228,172,56
616,1693235884159,1692263620068,1692263620243,1693235884392,233,175,58
617,1693235884392,1692263620293,1692263620465,1693235884614,222,172,50
618,1693235884615,1692263620518,1692263620690,1693235884839,224,172,52
619,1693235884839,1692263620726,1692263620897,1693235885046,207,171,36
620,1693235885046,1692263620936,1692263621108,1693235885258,212,172,40
621,1693235885258,1692263621133,1692263621303,1693235885453,195,170,25
622,1693235885453,1692263621340,1692263621512,1693235885661,208,172,36
623,1693235885661,1692263621549,1692263621719,1693235885868,207,170,37
624,1693235885868,1692263621762,1692263621933,1693235886082,214,171,43
625,1693235886082,1692263621967,1692263622135,1693235886285,203,168,35
626,1693235886285,1692263622179,1692263622352,1693235886501,216,173,43
627,1693235886501,1692263622407,1692263622580,1693235886730,229,173,56
628,1693235886730,1692263622645,1692263622819,1693235886968,238,174,64
629,1693235886968,1692263622859,1692263623029,1693235887178,210,170,40
630,1693235887178,1692263623075,1692263623252,1693235887401,223,177,46
631,1693235887401,1692263623299,1692263623471,1693235887621,220,172,48
632,1693235887621,1692263623543,1692263623719,1693235887868,247,176,71
633,1693235887868,1692263623756,1692263623927,1693235888076,208,171,37
634,1693235888076,1692263623985,1692263624158,1693235888308,232,173,59
635,1693235888308,1692263624193,1692263624365,1693235888514,206,172,34
636,1693235888515,1692263624404,1692263624577,1693235888726,211,173,38
637,1693235888726,1692263624615,1692263624786,1693235888935,209,171,38
638,1693235888935,1692263624816,1692263624986,1693235889134,199,170,29
639,1693235889134,1692263625018,1692263625189,1693235889338,204,171,33
640,1693235889338,1692263625278,1692263625452,1693235889601,263,174,89
641,1693235889601,1692263625521,1692263625694,1693235889843,242,173,69
642,1693235889844,1692263625728,1692263625897,1693235890046,202,169,33
643,1693235890046,1692263625935,1692263626107,1693235890256,210,172,38
644,1693235890256,1692263626151,1692263626322,1693235890471,215,171,44
645,1693235890471,1692263626350,1692263626520,1693235890669,198,170,28
646,1693235890669,1692263626563,1692263626736,1693235890886,217,173,44
647,1693235890886,1692263626769,1692263626941,1693235891090,204,172,32
648,1693235891090,1692263626983,1692263627153,1693235891302,212,170,42
649,1693235891302,1692263627194,1692263627368,1693235891517,215,174,41
650,1693235891517,1692263627425,1692263627597,1693235891747,230,172,58
651,1693235891747,1692263627640,1692263627815,1693235891964,217,175,42
652,1693235891964,1692263627871,1692263628045,1693235892196,232,174,58
653,1693235892196,1692263628074,1692263628246,1693235892395,199,172,27
654,1693235892395,1692263628276,1692263628445,1693235892594,199,169,30
655,1693235892594,1692263628492,1692263628664,1693235892813,219,172,47
656,1693235892813,1692263628697,1692263628868,1693235893017,204,171,33
657,1693235893017,1692263628910,1692263629080,1693235893229,212,170,42
658,1693235893229,1692263629109,1692263629281,1693235893430,201,172,29
659,1693235893430,1692263629328,1692263629498,1693235893647,217,170,47
660,1693235893648,1692263629558,1692263629732,1693235893881,233,174,59
661,1693235893881,1692263629777,1692263629950,1693235894100,219,173,46
662,1693235894100,1692263629993,1692263630165,1693235894314,214,172,42
663,1693235894315,1692263630208,1692263630381,1693235894530,215,173,42
664,1693235894530,1692263630437,1692263630609,1693235894758,228,172,56
665,1693235894759,1692263630650,1692263630821,1693235894970,211,171,40
666,1693235894970,1692263630869,1692263631042,1693235895191,221,173,48
667,1693235895191,1692263631096,1692263631267,1693235895416,225,171,54
668,1693235895416,1692263631306,1692263631477,1693235895626,210,171,39
669,1693235895626,1692263631507,1692263631676,1693235895826,200,169,31
670,1693235895826,1692263631728,1692263631902,1693235896051,225,174,51
671,1693235896051,1692263631944,1692263632116,1693235896265,214,172,42
672,1693235896265,1692263632189,1692263632365,1693235896514,249,176,73
673,1693235896514,1692263632384,1692263632555,1693235896705,191,171,20
674,1693235896705,1692263632592,1692263632762,1693235896911,206,170,36
675,1693235896911,1692263632797,1692263632966,1693235897115,204,169,35
676,1693235897115,1692263633042,1692263633216,1693235897366,251,174,77
677,1693235897366,1692263633263,1692263633436,1693235897585,219,173,46
678,1693235897754,1692263633640,1692263634029,1693235898195,441,389,52
679,1693235898195,1692263634072,1692263634439,1693235898604,409,367,42
680,1693235898604,1692263634512,1692263634823,1693235898973,369,311,58
681,1693235898973,1692263634883,1692263635175,1693235899325,352,292,60
682,1693235899325,1692263635214,1692263635557,1693235899707,382,343,39
683,1693235899707,1692263635612,1692263636068,1693235900267,560,456,104
684,1693235900267,1692263636174,1692263636620,1693235900771,504,446,58
685,1693235900771,1692263636670,1692263637210,1693235901360,589,540,49
686,1693235901360,1692263637275,1692263637816,1693235901966,606,541,65
687,1693235901967,1692263637849,1692263638243,1693235902393,426,394,32
688,1693235902394,1692263638312,1692263638738,1693235902888,494,426,68
689,1693235902888,1692263638772,1692263639237,1693235903387,499,465,34
690,1693235903387,1692263639296,1692263639796,1693235903947,560,500,60
691,1693235903947,1692263639840,1692263640270,1693235904420,473,430,43
692,1693235904420,1692263640310,1692263640665,1693235904816,396,355,41
693,1693235904816,1692263640689,1692263641230,1693235905380,564,541,23
694,1693235905381,1692263641275,1692263641830,1693235905980,599,555,44
695,1693235905980,1692263641884,1692263642388,1693235906538,558,504,54
696,1693235906538,1692263642435,1692263642833,1693235906983,445,398,47
697,1693235906983,1692263642933,1692263643479,1693235907629,646,546,100
698,1693235907629,1692263643520,1692263643973,1693235908124,495,453,42
699,1693235908124,1692263644003,1692263644531,1693235908683,559,528,31
700,1693235908683,1692263644585,1692263645088,1693235909238,555,503,52
701,1693235909238,1692263645128,1692263645636,1693235909786,548,508,40
702,1693235909786,1692263645710,1692263646193,1693235910343,557,483,74
703,1693235910343,1692263646244,1692263646707,1693235910862,519,463,56
704,1693235910862,1692263646760,1692263647216,1693235911367,505,456,49
705,1693235911367,1692263647284,1692263647700,1693235911850,483,416,67
706,1693235911850,1692263647746,1692263648114,1693235912264,414,368,46
707,1693235912264,1692263648163,1692263648568,1693235912718,454,405,49
708,1693235912718,1692263648604,1692263649122,1693235913271,553,518,35
709,1693235913271,1692263649165,1692263649704,1693235913875,604,539,65
710,1693235913875,1692263649774,1692263650275,1693235914474,599,501,98
711,1693235914474,1692263650384,1692263650857,1693235915008,534,473,61
712,1693235915008,1692263650901,1692263651414,1693235915564,556,513,43
713,1693235915565,1692263651474,1692263651953,1693235916106,541,479,62
714,1693235916106,1692263652007,1692263652452,1693235916602,496,445,51
715,1693235916602,1692263652493,1692263652853,1693235917002,400,360,40
716,1693235917002,1692263652904,1692263653413,1693235917563,561,509,52
717,1693235917563,1692263653464,1692263653986,1693235918136,573,522,51
718,1693235918136,1692263654023,1692263654513,1693235918673,537,490,47
719,1693235918673,1692263654558,1692263655036,1693235919186,513,478,35
720,1693235919186,1692263655073,1692263655456,1693235919614,428,383,45
721,1693235919614,1692263655596,1692263656048,1693235920200,586,452,134
722,1693235920201,1692263656127,1692263656593,1693235920743,542,466,76
723,1693235920743,1692263656637,1692263657103,1693235921252,509,466,43
724,1693235921252,1692263657130,1692263657539,1693235921690,438,409,29
725,1693235921690,1692263657579,1692263658062,1693235922258,568,483,85
726,1693235922258,1692263658133,1692263658616,1693235922767,509,483,26
727,1693235922767,1692263658666,1692263659058,1693235923280,513,392,121
728,1693235923280,1692263659176,1692263659653,1693235923802,522,477,45
729,1693235923802,1692263659682,1692263660123,1693235924307,505,441,64
730,1693235924307,1692263660233,1692263660617,1693235924767,460,384,76
731,1693235924768,1692263660690,1692263661177,1693235925433,665,487,178
732,1693235925433,1692263661309,1692263661755,1693235925904,471,446,25
733,1693235925904,1692263661787,1692263662179,1693235926354,450,392,58
734,1693235926354,1692263662236,1692263662576,1693235926725,371,340,31
735,1693235926725,1692263662606,1692263663012,1693235927276,551,406,145
736,1693235927276,1692263663177,1692263663508,1693235927689,413,331,82
737,1693235927689,1692263663599,1692263663778,1693235927927,238,179,59
738,1693235927933,1692263663823,1692263663995,1693235928144,211,172,39
739,1693235928144,1692263664038,1692263664210,1693235928359,215,172,43
740,1693235928359,1692263664265,1692263664438,1693235928587,228,173,55
741,1693235928587,1692263664471,1692263664642,1693235928791,204,171,33
742,1693235928791,1692263664701,1692263664873,1693235929022,231,172,59
743,1693235929022,1692263664913,1692263665084,1693235929233,211,171,40
744,1693235929233,1692263665121,1692263665294,1693235929442,209,173,36
745,1693235929443,1692263665331,1692263665501,1693235929650,207,170,37
746,1693235929650,1692263665542,1692263665712,1693235929860,210,170,40
747,1693235929861,1692263665766,1692263665938,1693235930166,305,172,133
748,1693235930166,1692263666059,1692263666230,1693235930379,213,171,42
749,1693235930379,1692263666262,1692263666431,1693235930579,200,169,31
750,1693235930579,1692263666487,1692263666661,1693235930810,231,174,57
751,1693235930810,1692263666685,1692263666854,1693235931003,193,169,24
752,1693235931003,1692263666936,1692263667107,1693235931256,253,171,82
753,1693235931256,1692263667167,1692263667340,1693235931488,232,173,59
754,1693235931488,1692263667377,1692263667550,1693235931698,210,173,37
755,1693235931699,1692263667600,1692263667771,1693235931919,220,171,49
756,1693235931919,1692263667812,1692263667984,1693235932133,214,172,42
757,1693235932133,1692263668033,1692263668204,1693235932353,220,171,49
758,1693235932353,1692263668237,1692263668407,1693235932556,203,170,33
759,1693235932556,1692263668443,1692263668612,1693235932761,205,169,36
760,1693235932761,1692263668677,1692263668850,1693235933001,240,173,67
761,1693235933001,1692263668911,1692263669084,1693235933233,232,173,59
762,1693235933233,1692263669151,1692263669323,1693235933472,239,172,67
763,1693235933472,1692263669362,1692263669532,1693235933680,208,170,38
764,1693235933680,1692263669566,1692263669739,1693235933888,208,173,35
765,1693235933888,1692263669795,1692263669966,1693235934114,226,171,55
766,1693235934114,1692263670007,1692263670176,1693235934325,211,169,42
767,1693235934325,1692263670231,1692263670403,1693235934552,227,172,55
768,1693235934552,1692263670435,1692263670604,1693235934753,201,169,32
769,1693235934754,1692263670641,1692263670810,1693235934958,204,169,35
770,1693235934958,1692263670859,1692263671033,1693235935182,224,174,50
771,1693235935182,1692263671074,1692263671247,1693235935396,214,173,41
772,1693235935396,1692263671296,1692263671468,1693235935617,221,172,49
773,1693235935617,1692263671491,1692263671662,1693235935811,194,171,23
774,1693235935811,1692263671696,1692263671866,1693235936014,203,170,33
775,1693235936015,1692263671899,1692263672068,1693235936217,202,169,33
776,1693235936217,1692263672104,1692263672274,1693235936422,205,170,35
777,1693235936423,1692263672319,1692263672490,1693235936639,216,171,45
778,1693235936639,1692263672533,1692263672706,1693235936855,216,173,43
779,1693235936855,1692263672769,1692263672941,1693235937090,235,172,63
780,1693235937090,1692263673018,1692263673191,1693235937340,250,173,77
781,1693235937340,1692263673219,1692263673389,1693235937538,198,170,28
782,1693235937538,1692263673432,1692263673602,1693235937752,214,170,44
783,1693235937752,1692263673653,1692263673825,1693235937974,222,172,50
784,1693235937974,1692263673866,1692263674040,1693235938189,215,174,41
785,1693235938189,1692263674076,1692263674247,1693235938395,206,171,35
786,1693235938395,1692263674293,1692263674464,1693235938612,217,171,46
787,1693235938612,1692263674498,1692263674667,1693235938815,203,169,34
788,1693235938815,1692263674703,1692263674874,1693235939023,208,171,37
789,1693235939023,1692263674929,1692263675101,1693235939250,227,172,55
790,1693235939250,1692263675170,1692263675344,1693235939492,242,174,68
791,1693235939492,1692263675389,1692263675562,1693235939710,218,173,45
792,1693235939710,1692263675589,1692263675761,1693235939910,200,172,28
793,1693235939910,1692263675799,1692263675969,1693235940118,208,170,38
794,1693235940118,1692263676011,1692263676182,1693235940330,212,171,41
795,1693235940331,1692263676248,1692263676419,1693235940567,236,171,65
796,1693235940567,1692263676457,1692263676628,1693235940777,210,171,39
797,1693235940777,1692263676659,1692263676828,1693235940977,200,169,31
798,1693235940977,1692263676862,1692263677032,1693235941181,204,170,34
799,1693235941181,1692263677081,1692263677254,1693235941403,222,173,49
800,1693235941403,1692263677294,1692263677465,1693235941614,211,171,40
801,1693235941614,1692263677496,1692263677665,1693235941815,201,169,32
802,1693235941815,1692263677699,1692263677868,1693235942018,203,169,34
803,1693235942018,1692263677897,1692263678068,1693235942216,198,171,27
804,1693235942216,1692263678094,1692263678265,1693235942414,198,171,27
805,1693235942414,1692263678301,1692263678469,1693235942618,204,168,36
806,1693235942618,1692263678527,1692263678699,1693235942848,230,172,58
807,1693235942848,1692263678736,1692263678905,1693235943054,206,169,37
808,1693235943054,1692263678969,1692263679142,1693235943290,236,173,63
809,1693235943290,1692263679184,1692263679355,1693235943504,214,171,43
810,1693235943504,1692263679396,1692263679569,1693235943717,213,173,40
811,1693235943718,1692263679614,1692263679786,1693235943935,217,172,45
812,1693235943935,1692263679828,1692263679999,1693235944147,212,171,41
813,1693235944148,1692263680038,1692263680209,1693235944358,210,171,39
814,1693235944358,1692263680256,1692263680430,1693235944579,221,174,47
815,1693235944579,1692263680486,1692263680658,1693235944807,228,172,56
816,1693235944807,1692263680718,1692263680892,1693235945041,234,174,60
817,1693235945041,1692263680926,1692263681095,1693235945243,202,169,33
818,1693235945244,1692263681131,1692263681302,1693235945451,207,171,36
819,1693235945451,1692263681358,1692263681530,1693235945679,228,172,56
820,1693235945679,1692263681555,1692263681726,1693235945875,196,171,25
821,1693235945875,1692263681760,1692263681929,1693235946078,203,169,34
822,1693235946078,1692263681978,1692263682148,1693235946297,219,170,49
823,1693235946297,1692263682205,1692263682377,1693235946525,228,172,56
824,1693235946525,1692263682410,1692263682580,1693235946729,204,170,34
825,1693235946729,1692263682622,1692263682794,1693235946943,214,172,42
826,1693235946943,1692263682837,1692263683008,1693235947158,215,171,44
827,1693235947158,1692263683034,1692263683203,1693235947351,193,169,24
828,1693235947351,1692263683239,1692263683409,1693235947557,206,170,36
829,1693235947557,1692263683449,1692263683619,1693235947768,211,170,41
830,1693235947768,1692263683650,1692263683824,1693235947972,204,174,30
831,1693235947972,1692263683849,1692263684019,1693235948167,195,170,25
832,1693235948167,1692263684098,1692263684270,1693235948419,252,172,80
833,1693235948419,1692263684318,1692263684492,1693235948640,221,174,47
834,1693235948640,1692263684533,1692263684705,1693235948854,214,172,42
835,1693235948854,1692263684778,1692263684950,1693235949099,245,172,73
836,1693235949099,1692263684989,1692263685161,1693235949310,211,172,39
837,1693235949310,1692263685214,1692263685385,1693235949534,224,171,53
838,1693235949534,1692263685425,1692263685599,1693235949748,214,174,40
839,1693235949748,1692263685653,1692263685829,1693235949978,230,176,54
840,1693235949978,1692263685859,1692263686029,1693235950178,200,170,30
841,1693235950178,1692263686077,1692263686249,1693235950398,220,172,48
842,1693235950398,1692263686290,1692263686461,1693235950610,212,171,41
843,1693235950610,1692263686518,1692263686691,1693235950840,230,173,57
844,1693235950840,1692263686720,1692263686891,1693235951039,199,171,28
845,1693235951040,1692263686923,1692263687093,1693235951242,202,170,32
846,1693235951242,1692263687132,1692263687305,1693235951454,212,173,39
847,1693235951454,1692263687356,1692263687528,1693235951677,223,172,51
848,1693235951677,1692263687553,1692263687726,1693235951875,198,173,25
849,1693235951875,1692263687757,1692263687927,1693235952076,201,170,31
850,1693235952076,1692263687998,1692263688172,1693235952320,244,174,70
851,1693235952321,1692263688252,1692263688426,1693235952575,254,174,80
852,1693235952575,1692263688477,1692263688648,1693235952797,222,171,51
853,1693235952797,1692263688697,1692263688871,1693235953019,222,174,48
854,1693235953019,1692263688907,1692263689079,1693235953227,208,172,36
855,1693235953227,1692263689133,1692263689304,1693235953452,225,171,54
856,1693235953453,1692263689342,1692263689512,1693235953660,207,170,37
857,1693235953660,1692263689566,1692263689738,1693235953886,226,172,54
858,1693235953886,1692263689772,1692263689942,1693235954090,204,170,34
859,1693235954091,1692263689971,1692263690140,1693235954289,198,169,29
860,1693235954289,1692263690179,1692263690348,1693235954497,208,169,39
861,1693235954497,1692263690381,1692263690552,1693235954700,203,171,32
862,1693235954701,1692263690590,1692263690759,1693235954907,206,169,37
863,1693235954907,1692263690788,1692263690959,1693235955109,202,171,31
864,1693235955109,1692263690989,1692263691160,1693235955309,200,171,29
865,1693235955309,1692263691243,1692263691417,1693235955566,257,174,83
866,1693235955566,1692263691459,1692263691632,1693235955780,214,173,41
867,1693235955780,1692263691705,1692263691876,1693235956025,245,171,74
868,1693235956025,1692263691920,1692263692093,1693235956241,216,173,43
869,1693235956241,1692263692141,1692263692314,1693235956463,222,173,49
870,1693235956463,1692263692357,1692263692529,1693235956677,214,172,42
871,1693235956677,1692263692566,1692263692736,1693235956884,207,170,37
872,1693235956885,1692263692807,1692263692978,1693235957126,241,171,70
873,1693235957126,1692263693035,1692263693207,1693235957356,230,172,58
874,1693235957356,1692263693262,1692263693434,1693235957583,227,172,55
875,1693235957583,1692263693478,1692263693648,1693235957797,214,170,44
876,1693235957797,1692263693684,1692263693853,1693235958003,206,169,37
877,1693235958171,1692263694091,1692263694455,1693235958713,542,364,178
878,1693235958713,1692263694609,1692263694964,1693235959113,400,355,45
879,1693235959113,1692263695005,1692263695343,1693235959492,379,338,41
880,1693235959492,1692263695385,1692263695618,1693235959843,351,233,118
881,1693235959843,1692263695741,1692263696068,1693235960249,406,327,79
882,1693235960249,1692263696139,1692263696582,1693235960731,482,443,39
883,1693235960731,1692263696633,1692263697142,1693235961315,584,509,75
884,1693235961316,1692263697188,1692263697738,1693235961887,571,550,21
885,1693235961887,1692263697780,1692263698131,1693235962280,393,351,42
886,1693235962280,1692263698184,1692263698729,1693235962878,598,545,53
887,1693235962878,1692263698775,1692263699161,1693235963423,545,386,159
888,1693235963423,1692263699315,1692263699713,1693235963880,457,398,59
889,1693235963880,1692263699761,1692263700314,1693235964463,583,553,30
890,1693235964463,1692263700366,1692263700821,1693235964970,507,455,52
891,1693235964970,1692263700891,1692263701290,1693235965440,470,399,71
892,1693235965440,1692263701350,1692263701748,1693235965945,505,398,107
893,1693235965945,1692263701878,1692263702392,1693235966542,597,514,83
894,1693235966542,1692263702430,1692263702947,1693235967100,558,517,41
895,1693235967100,1692263702992,1692263703556,1693235967706,606,564,42
896,1693235967706,1692263703591,1692263704134,1693235968337,631,543,88
897,1693235968337,1692263704246,1692263704814,1693235968963,626,568,58
898,1693235968963,1692263704860,1692263705398,1693235969564,601,538,63
899,1693235969564,1692263705483,1692263705948,1693235970098,534,465,69
900,1693235970098,1692263706006,1692263706544,1693235970694,596,538,58
901,1693235970694,1692263706597,1692263707107,1693235971256,562,510,52
902,1693235971256,1692263707162,1692263707688,1693235971918,662,526,136
903,1693235971918,1692263707805,1692263708299,1693235972538,620,494,126
904,1693235972538,1692263708420,1692263708808,1693235972957,419,388,31
905,1693235972958,1692263708842,1692263709330,1693235973593,635,488,147
906,1693235973593,1692263709486,1692263709887,1693235974036,443,401,42
907,1693235974036,1692263709956,1692263710494,1693235974644,608,538,70
908,1693235974644,1692263710536,1692263710921,1693235975070,426,385,41
909,1693235975070,1692263710966,1692263711482,1693235975632,562,516,46
910,1693235975632,1692263711532,1692263712086,1693235976326,694,554,140
911,1693235976326,1692263712200,1692263712602,1693235976752,426,402,24
912,1693235976752,1692263712647,1692263713196,1693235977345,593,549,44
913,1693235977345,1692263713228,1692263713641,1693235977791,446,413,33
914,1693235977791,1692263713683,1692263714111,1693235978442,651,428,223
915,1693235978442,1692263714340,1692263714892,1693235979042,600,552,48
916,1693235979042,1692263714927,1692263715324,1693235979502,460,397,63
917,1693235979502,1692263715389,1692263715780,1693235979930,428,391,37
918,1693235979930,1692263715823,1692263716285,1693235980436,506,462,44
919,1693235980436,1692263716354,1692263716666,1693235980814,378,312,66
920,1693235980814,1692263716710,1692263717068,1693235981240,426,358,68
921,1693235981241,1692263717120,1692263717578,1693235981727,486,458,28
922,1693235981727,1692263717617,1692263718146,1693235982304,577,529,48
923,1693235982305,1692263718238,1692263718737,1693235982887,582,499,83
924,1693235982887,1692263718790,1692263719224,1693235983373,486,434,52
925,1693235983373,1692263719284,1692263719646,1693235983796,423,362,61
926,1693235983796,1692263719673,1692263720059,1693235984312,516,386,130
927,1693235984312,1692263720216,1692263720742,1693235984891,579,526,53
928,1693235984891,1692263720803,1692263721209,1693235985359,468,406,62
929,1693235985359,1692263721254,1692263721722,1693235986049,690,468,222
930,1693235986049,1692263721951,1692263722348,1693235986564,515,397,118
931,1693235986564,1692263722446,1692263722891,1693235987076,512,445,67
932,1693235987076,1692263722979,1692263723324,1693235987575,499,345,154
933,1693235987575,1692263723466,1692263723836,1693235987984,409,370,39
934,1693235987984,1692263723879,1692263724129,1693235988277,293,250,43
935,1693235988285,1692263724167,1692263724336,1693235988485,200,169,31
936,1693235988485,1692263724368,1692263724537,1693235988686,201,169,32
937,1693235988686,1692263724609,1692263724784,1693235988933,247,175,72
938,1693235988933,1692263724816,1692263724985,1693235989133,200,169,31
939,1693235989133,1692263725023,1692263725194,1693235989343,210,171,39
940,1693235989343,1692263725227,1692263725395,1693235989544,201,168,33
941,1693235989544,1692263725447,1692263725618,1693235989767,223,171,52
942,1693235989767,1692263725663,1692263725838,1693235990038,271,175,96
943,1693235990038,1692263725940,1692263726111,1693235990259,221,171,50
944,1693235990259,1692263726147,1692263726317,1693235990466,207,170,37
945,1693235990466,1692263726381,1692263726554,1693235990702,236,173,63
946,1693235990702,1692263726583,1692263726754,1693235990902,200,171,29
947,1693235990902,1692263726808,1692263726980,1693235991129,227,172,55
948,1693235991129,1692263727029,1692263727202,1693235991351,222,173,49
949,1693235991351,1692263727250,1692263727423,1693235991572,221,173,48
950,1693235991572,1692263727479,1692263727652,1693235991800,228,173,55
951,1693235991800,1692263727690,1692263727860,1693235992008,208,170,38
952,1693235992008,1692263727916,1692263728090,1693235992238,230,174,56
953,1693235992238,1692263728123,1692263728295,1693235992443,205,172,33
954,1693235992443,1692263728340,1692263728511,1693235992659,216,171,45
955,1693235992659,1692263728548,1692263728718,1693235992866,207,170,37
956,1693235992866,1692263728772,1692263728945,1693235993093,227,173,54
957,1693235993093,1692263728994,1692263729166,1693235993314,221,172,49
958,1693235993314,1692263729217,1692263729391,1693235993540,226,174,52
959,1693235993540,1692263729428,1692263729598,1693235993747,207,170,37
960,1693235993747,1692263729640,1692263729811,1693235993959,212,171,41
961,1693235993959,1692263729840,1692263730010,1693235994158,199,170,29
962,1693235994158,1692263730034,1692263730205,1693235994353,195,171,24
963,1693235994353,1692263730227,1692263730396,1693235994544,191,169,22
964,1693235994544,1692263730426,1692263730597,1693235994746,202,171,31
965,1693235994746,1692263730634,1692263730803,1693235994953,207,169,38
966,1693235994953,1692263730858,1692263731033,1693235995181,228,175,53
967,1693235995181,1692263731104,1692263731277,1693235995426,245,173,72
968,1693235995426,1692263731309,1692263731479,1693235995627,201,170,31
969,1693235995627,1692263731535,1692263731707,1693235995856,229,172,57
970,1693235995856,1692263731751,1692263731924,1693235996072,216,173,43
971,1693235996072,1692263731957,1692263732126,1693235996274,202,169,33
972,1693235996274,1692263732157,1692263732326,1693235996475,201,169,32
973,1693235996475,1692263732392,1692263732563,1693235996711,236,171,65
974,1693235996711,1692263732627,1692263732800,1693235996950,239,173,66
975,1693235996950,1692263732842,1692263733013,1693235997161,211,171,40
976,1693235997161,1692263733062,1692263733235,1693235997383,222,173,49
977,1693235997383,1692263733288,1692263733461,1693235997609,226,173,53
978,1693235997609,1692263733497,1692263733670,1693235997818,209,173,36
979,1693235997818,1692263733710,1692263733881,1693235998030,212,171,41
980,1693235998030,1692263733918,1692263734089,1693235998237,207,171,36
981,1693235998237,1692263734127,1692263734298,1693235998446,209,171,38
982,1693235998446,1692263734337,1692263734507,1693235998656,210,170,40
983,1693235998656,1692263734546,1692263734717,1693235998865,209,171,38
984,1693235998865,1692263734759,1692263734929,1693235999077,212,170,42
985,1693235999077,1692263734977,1692263735148,1693235999296,219,171,48
986,1693235999296,1692263735175,1692263735345,1693235999494,198,170,28
987,1693235999494,1692263735386,1692263735557,1693235999705,211,171,40
988,1693235999705,1692263735603,1692263735775,1693235999923,218,172,46
989,1693235999923,1692263735811,1692263735982,1693236000130,207,171,36
990,1693236000130,1692263736007,1692263736178,1693236000326,196,171,25
991,1693236000326,1692263736211,1692263736381,1693236000529,203,170,33
992,1693236000529,1692263736406,1692263736578,1693236000726,197,172,25
993,1693236000726,1692263736603,1692263736771,1693236000920,194,168,26
994,1693236000920,1692263736824,1692263736994,1693236001142,222,170,52
995,1693236001143,1692263737036,1692263737207,1693236001355,212,171,41
996,1693236001355,1692263737254,1692263737426,1693236001574,219,172,47
997,1693236001574,1692263737472,1692263737643,1693236001791,217,171,46
998,1693236001791,1692263737695,1692263737868,1693236002016,225,173,52
999,1693236002017,1692263737916,1692263738088,1693236002236,219,172,47
1000,1693236002236,1692263738129,1692263738300,1693236002449,213,171,42
1001,1693236002449,1692263738337,1692263738508,1693236002656,207,171,36
1002,1693236002656,1692263738528,1692263738699,1693236002847,191,171,20
1003,1693236002847,1692263738750,1692263738920,1693236003069,222,170,52
1004,1693236003069,1692263738974,1692263739147,1693236003296,227,173,54
1005,1693236003296,1692263739191,1692263739360,1693236003510,214,169,45
1006,1693236003510,1692263739404,1692263739574,1693236003722,212,170,42
1007,1693236003722,1692263739606,1692263739776,1693236003924,202,170,32
1008,1693236003924,1692263739824,1692263739995,1693236004143,219,171,48
1009,1693236004143,1692263740044,1692263740216,1693236004364,221,172,49
1010,1693236004364,1692263740254,1692263740425,1693236004573,209,171,38
1011,1693236004573,1692263740470,1692263740641,1693236004790,217,171,46
1012,1693236004790,1692263740708,1692263740880,1693236005029,239,172,67
1013,1693236005029,1692263740922,1692263741092,1693236005241,212,170,42
1014,1693236005241,1692263741141,1692263741313,1693236005461,220,172,48
1015,1693236005461,1692263741379,1692263741552,1693236005700,239,173,66
1016,1693236005700,1692263741622,1692263741798,1693236005946,246,176,70
1017,1693236005946,1692263741844,1692263742016,1693236006164,218,172,46
1018,1693236006164,1692263742047,1692263742216,1693236006365,201,169,32
1019,1693236006365,1692263742271,1692263742443,1693236006591,226,172,54
1020,1693236006591,1692263742510,1692263742683,1693236006831,240,173,67
1021,1693236006831,1692263742707,1692263742878,1693236007026,195,171,24
1022,1693236007026,1692263742925,1692263743098,1693236007246,220,173,47
1023,1693236007246,1692263743135,1692263743305,1693236007453,207,170,37
1024,1693236007453,1692263743333,1692263743502,1693236007650,197,169,28
1025,1693236007650,1692263743553,1692263743724,1693236007872,222,171,51
1026,1693236007872,1692263743758,1692263743929,1693236008077,205,171,34
1027,1693236008077,1692263743982,1692263744155,1693236008303,226,173,53
1028,1693236008303,1692263744192,1692263744364,1693236008512,209,172,37
1029,1693236008512,1692263744402,1692263744574,1693236008722,210,172,38
1030,1693236008722,1692263744639,1692263744812,1693236008960,238,173,65
1031,1693236008960,1692263744858,1692263745029,1693236009177,217,171,46
1032,1693236009177,1692263745068,1692263745240,1693236009394,217,172,45
1033,1693236009394,1692263745285,1692263745455,1693236009610,216,170,46
1034,1693236009610,1692263745518,1692263745690,1693236009847,237,172,65
1035,1693236009847,1692263745752,1692263745924,1693236010072,225,172,53
1036,1693236010072,1692263745958,1692263746131,1693236010279,207,173,34
1037,1693236010279,1692263746191,1692263746365,1693236010515,236,174,62
1038,1693236010515,1692263746407,1692263746579,1693236010727,212,172,40
1039,1693236010727,1692263746617,1692263746790,1693236010938,211,173,38
1040,1693236010938,1692263746817,1692263746985,1693236011133,195,168,27
1041,1693236011133,1692263747014,1692263747183,1693236011331,198,169,29
1042,1693236011331,1692263747219,1692263747390,1693236011539,208,171,37
1043,1693236011539,1692263747458,1692263747630,1693236011853,314,172,142
1044,1693236011853,1692263747741,1692263747911,1693236012161,308,170,138
1045,1693236012161,1692263748072,1692263748242,1693236012708,547,170,377
1046,1693236012708,1692263748585,1692263748758,1693236012980,272,173,99
1047,1693236012980,1692263748876,1692263749048,1693236013195,215,172,43
1048,1693236013196,1692263749077,1692263749247,1693236013484,288,170,118
1049,1693236013484,1692263749382,1692263749555,1693236013703,219,173,46
1050,1693236013703,1692263749624,1692263749798,1693236013946,243,174,69
1051,1693236013946,1692263749831,1692263750000,1693236014148,202,169,33
1052,1693236014148,1692263750042,1692263750216,1693236014363,215,174,41
1053,1693236014364,1692263750275,1692263750446,1693236014593,229,171,58
1054,1693236014594,1692263750506,1692263750678,1693236014826,232,172,60
1055,1693236014826,1692263750708,1692263750878,1693236015027,201,170,31
1056,1693236015028,1692263750912,1692263751082,1693236015232,204,170,34
1057,1693236015232,1692263751121,1692263751292,1693236015440,208,171,37
1058,1693236015440,1692263751329,1692263751502,1693236015650,210,173,37
1059,1693236015650,1692263751536,1692263751706,1693236015854,204,170,34
1060,1693236015854,1692263751755,1692263751928,1693236016076,222,173,49
1061,1693236016076,1692263751958,1692263752126,1693236016274,198,168,30
1062,1693236016275,1692263752185,1692263752357,1693236016505,230,172,58
1063,1693236016505,1692263752398,1692263752570,1693236016717,212,172,40
1064,1693236016717,1692263752600,1692263752770,1693236016918,201,170,31
1065,1693236016918,1692263752797,1692263752966,1693236017114,196,169,27
1066,1693236017114,1692263753000,1692263753170,1693236017318,204,170,34
1067,1693236017318,1692263753219,1692263753392,1693236017539,221,173,48
1068,1693236017540,1692263753451,1692263753624,1693236017772,232,173,59
1069,1693236017772,1692263753670,1692263753842,1693236017990,218,172,46
1070,1693236017990,1692263753871,1692263754040,1693236018188,198,169,29
1071,1693236018188,1692263754082,1692263754254,1693236018402,214,172,42
1072,1693236018575,1692263754464,1692263754838,1693236018986,411,374,37
1073,1693236018986,1692263754904,1692263755111,1693236019260,274,207,67
1074,1693236019260,1692263755161,1692263755526,1693236019674,414,365,49
1075,1693236019674,1692263755589,1692263755898,1693236020243,569,309,260
1076,1693236020243,1692263756161,1692263756622,1693236020770,527,461,66
1077,1693236020770,1692263756674,1692263757144,1693236021380,610,470,140
1078,1693236021380,1692263757277,1692263757784,1693236021933,553,507,46
1079,1693236021933,1692263757824,1692263758261,1693236022470,537,437,100
1080,1693236022470,1692263758360,1692263758755,1693236022906,436,395,41
1081,1693236022906,1692263758812,1692263759316,1693236023465,559,504,55
1082,1693236023465,1692263759366,1692263759737,1693236023887,422,371,51
1083,1693236023887,1692263759762,1692263760290,1693236024439,552,528,24
1084,1693236024439,1692263760332,1692263760799,1693236024948,509,467,42
1085,1693236024948,1692263760833,1692263761337,1693236025486,538,504,34
1086,1693236025486,1692263761382,1692263761785,1693236025934,448,403,45
1087,1693236025934,1692263761847,1692263762286,1693236026499,565,439,126
1088,1693236026499,1692263762406,1692263762934,1693236027088,589,528,61
1089,1693236027088,1692263762972,1692263763358,1693236027535,447,386,61
1090,1693236027535,1692263763462,1692263763846,1693236027995,460,384,76
1091,1693236027995,1692263763901,1692263764439,1693236028588,593,538,55
1092,1693236028588,1692263764475,1692263764871,1693236029059,471,396,75
1093,1693236029060,1692263764967,1692263765478,1693236029626,566,511,55
1094,1693236029626,1692263765509,1692263765854,1693236030003,377,345,32
1095,1693236030003,1692263765904,1692263766340,1693236030554,551,436,115
1096,1693236030554,1692263766457,1692263766943,1693236031093,539,486,53
1097,1693236031093,1692263766987,1692263767385,1693236031534,441,398,43
1098,1693236031535,1692263767448,1692263767958,1693236032107,572,510,62
1099,1693236032107,1692263768016,1692263768524,1693236032746,639,508,131
1100,1693236032746,1692263768631,1692263769143,1693236033508,762,512,250
1101,1693236033508,1692263769410,1692263769722,1693236034036,528,312,216
1102,1693236034036,1692263769946,1692263770467,1693236034616,580,521,59
1103,1693236034616,1692263770505,1692263771039,1693236035188,572,534,38
1104,1693236035189,1692263771078,1692263771467,1693236035615,426,389,37
1105,1693236035615,1692263771502,1692263772048,1693236036197,582,546,36
1106,1693236036197,1692263772099,1692263772586,1693236036736,539,487,52
1107,1693236036736,1692263772624,1692263773170,1693236037319,583,546,37
1108,1693236037319,1692263773226,1692263773781,1693236037930,611,555,56
1109,1693236037930,1692263773841,1692263774270,1693236038419,489,429,60
1110,1693236038419,1692263774313,1692263774787,1693236038937,518,474,44
1111,1693236038938,1692263774822,1692263775373,1693236039537,599,551,48
1112,1693236039537,1692263775417,1692263775854,1693236040003,466,437,29
1113,1693236040003,1692263775902,1692263776363,1693236040512,509,461,48
1114,1693236040512,1692263776408,1692263776923,1693236041072,560,515,45
1115,1693236041072,1692263776959,1692263777248,1693236041398,326,289,37
1116,1693236041398,1692263777338,1692263777816,1693236041966,568,478,90
1117,1693236041966,1692263777853,1692263778319,1693236042470,504,466,38
1118,1693236042470,1692263778382,1692263778699,1693236042847,377,317,60
1119,1693236042847,1692263778726,1692263779167,1693236043316,469,441,28
1120,1693236043316,1692263779212,1692263779603,1693236043752,436,391,45
1121,1693236043752,1692263779653,1692263780148,1693236044296,544,495,49
1122,1693236044297,1692263780189,1692263780684,1693236044832,535,495,40
1123,1693236044833,1692263780725,1692263781090,1693236045238,405,365,40
1124,1693236045239,1692263781128,1692263781490,1693236045638,399,362,37
1125,1693236045638,1692263781540,1692263781935,1693236046083,445,395,50
1126,1693236046083,1692263781987,1692263782380,1693236046529,446,393,53
1127,1693236046529,1692263782427,1692263782881,1693236047030,501,454,47
1128,1693236047030,1692263782916,1692263783272,1693236047421,391,356,35
1129,1693236047421,1692263783323,1692263783734,1693236047881,460,411,49
1130,1693236047882,1692263783780,1692263784095,1693236048243,361,315,46
1131,1693236048243,1692263784135,1692263784371,1693236048520,277,236,41
1132,1693236048520,1692263784435,1692263784608,1693236048758,238,173,65
1133,1693236048765,1692263784666,1692263784838,1693236048986,221,172,49
1134,1693236048986,1692263784883,1692263785056,1693236049211,225,173,52
1135,1693236049211,1692263785144,1692263785320,1693236049468,257,176,81
1136,1693236049468,1692263785358,1692263785531,1693236049678,210,173,37
1137,1693236049678,1692263785602,1692263785776,1693236049923,245,174,71
1138,1693236049923,1692263785825,1692263785996,1693236050175,252,171,81
1139,1693236050175,1692263786064,1692263786237,1693236050385,210,173,37
1140,1693236050385,1692263786278,1692263786450,1693236050597,212,172,40
1141,1693236050597,1692263786482,1692263786656,1693236050803,206,174,32
1142,1693236050803,1692263786696,1692263786867,1693236051014,211,171,40
1143,1693236051014,1692263786907,1692263787078,1693236051225,211,171,40
1144,1693236051225,1692263787122,1692263787295,1693236051443,218,173,45
1145,1693236051443,1692263787323,1692263787492,1693236051639,196,169,27
1146,1693236051640,1692263787526,1692263787696,1693236051843,203,170,33
1147,1693236051843,1692263787740,1692263787911,1693236052059,216,171,45
1148,1693236052059,1692263787965,1692263788137,1693236052285,226,172,54
1149,1693236052285,1692263788183,1692263788355,1693236052506,221,172,49
1150,1693236052506,1692263788421,1692263788597,1693236052744,238,176,62
1151,1693236052744,1692263788643,1692263788813,1693236052960,216,170,46
1152,1693236052960,1692263788852,1692263789022,1693236053169,209,170,39
1153,1693236053169,1692263789095,1692263789267,1693236053414,245,172,73
1154,1693236053414,1692263789322,1692263789496,1693236053643,229,174,55
1155,1693236053643,1692263789525,1692263789695,1693236053842,199,170,29
1156,1693236053842,1692263789732,1692263789903,1693236054050,208,171,37
1157,1693236054050,1692263789942,1692263790112,1693236054260,210,170,40
1158,1693236054260,1692263790155,1692263790325,1693236054472,212,170,42
1159,1693236054472,1692263790365,1692263790536,1693236054684,212,171,41
1160,1693236054684,1692263790589,1692263790762,1693236054909,225,173,52
1161,1693236054909,1692263790803,1692263790976,1693236055123,214,173,41
1162,1693236055123,1692263791018,1692263791190,1693236055337,214,172,42
1163,1693236055337,1692263791225,1692263791394,1693236055541,204,169,35
1164,1693236055541,1692263791425,1692263791595,1693236055743,202,170,32
1165,1693236055743,1692263791645,1692263791818,1693236055965,222,173,49
1166,1693236055965,1692263791874,1692263792047,1693236056195,230,173,57
1167,1693236056195,1692263792090,1692263792262,1693236056409,214,172,42
1168,1693236056409,1692263792302,1692263792473,1693236056620,211,171,40
1169,1693236056620,1692263792659,1692263792831,1693236056978,358,172,186
1170,1693236056978,1692263792870,1692263793039,1693236057186,208,169,39
1171,1693236057186,1692263793092,1692263793264,1693236057411,225,172,53
1172,1693236057411,1692263793294,1692263793462,1693236057609,198,168,30
1173,1693236057609,1692263793521,1692263793692,1693236057840,231,171,60
1174,1693236057840,1692263793732,1692263793906,1693236058053,213,174,39
1175,1693236058053,1692263793946,1692263794117,1693236058264,211,171,40
1176,1693236058264,1692263794147,1692263794318,1693236058465,201,171,30
1177,1693236058465,1692263794348,1692263794519,1693236058666,201,171,30
1178,1693236058666,1692263794549,1692263794721,1693236058869,203,172,31
1179,1693236058869,1692263794753,1692263794922,1693236059069,200,169,31
1180,1693236059069,1692263794952,1692263795122,1693236059269,200,170,30
1181,1693236059269,1692263795167,1692263795337,1693236059485,216,170,46
1182,1693236059485,1692263795411,1692263795584,1693236059731,246,173,73
1183,1693236059731,1692263795647,1692263795820,1693236059967,236,173,63
1184,1693236059968,1692263795844,1692263796015,1693236060162,194,171,23
1185,1693236060162,1692263796074,1692263796247,1693236060399,237,173,64
1186,1693236060399,1692263796296,1692263796469,1693236060617,218,173,45
1187,1693236060617,1692263796522,1692263796697,1693236060845,228,175,53
1188,1693236060845,1692263796735,1692263796906,1693236061054,209,171,38
1189,1693236061054,1692263796949,1692263797122,1693236061269,215,173,42
1190,1693236061269,1692263797171,1692263797344,1693236061491,222,173,49
1191,1693236061491,1692263797396,1692263797565,1693236061716,225,169,56
1192,1693236061716,1692263797604,1692263797775,1693236061922,206,171,35
1193,1693236061922,1692263797830,1692263798001,1693236062149,227,171,56
1194,1693236062149,1692263798058,1692263798231,1693236062379,230,173,57
1195,1693236062379,1692263798281,1692263798454,1693236062601,222,173,49
1196,1693236062602,1692263798506,1692263798679,1693236062826,224,173,51
1197,1693236062826,1692263798735,1692263798908,1693236063056,230,173,57
1198,1693236063056,1692263798938,1692263799107,1693236063256,200,169,31
1199,1693236063256,1692263799147,1692263799316,1693236063464,208,169,39
1200,1693236063464,1692263799375,1692263799550,1693236063698,234,175,59
1201,1693236063698,1692263799588,1692263799758,1693236063905,207,170,37
1202,1693236063905,1692263799800,1692263799971,1693236064118,213,171,42
1203,1693236064118,1692263800006,1692263800177,1693236064324,206,171,35
1204,1693236064324,1692263800211,1692263800381,1693236064529,205,170,35
1205,1693236064529,1692263800413,1692263800583,1693236064730,201,170,31
1206,1693236064730,1692263800625,1692263800797,1693236064944,214,172,42
1207,1693236064944,1692263800856,1692263801031,1693236065179,235,175,60
1208,1693236065179,1692263801072,1692263801245,1693236065392,213,173,40
1209,1693236065392,1692263801295,1692263801466,1693236065613,221,171,50
1210,1693236065614,1692263801500,1692263801669,1693236065819,205,169,36
1211,1693236065819,1692263801741,1692263801915,1693236066063,244,174,70
1212,1693236066063,1692263801962,1692263802134,1693236066281,218,172,46
1213,1693236066281,1692263802186,1692263802356,1693236066504,223,170,53
1214,1693236066504,1692263802406,1692263802578,1693236066726,222,172,50
1215,1693236066726,1692263802613,1692263802786,1693236066938,212,173,39
1216,1693236066938,1692263802826,1692263802998,1693236067145,207,172,35
1217,1693236067145,1692263803043,1692263803214,1693236067361,216,171,45
1218,1693236067362,1692263803272,1692263803446,1693236067595,233,174,59
1219,1693236067595,1692263803519,1692263803694,1693236067841,246,175,71
1220,1693236067841,1692263803726,1692263803895,1693236068042,201,169,32
1221,1693236068042,1692263803953,1692263804127,1693236068275,233,174,59
1222,1693236068275,1692263804158,1692263804329,1693236068476,201,171,30
1223,1693236068476,1692263804395,1692263804566,1693236068714,238,171,67
1224,1693236068714,1692263804595,1692263804766,1693236068913,199,171,28
1225,1693236068913,1692263804803,1692263804973,1693236069120,207,170,37
1226,1693236069120,1692263804998,1692263805169,1693236069316,196,171,25
1227,1693236069316,1692263805225,1692263805397,1693236069545,229,172,57
1228,1693236069545,1692263805448,1692263805620,1693236069767,222,172,50
1229,1693236069767,1692263805648,1692263805818,1693236069965,198,170,28
1230,1693236069965,1692263805860,1692263806032,1693236070179,214,172,42
1231,1693236070179,1692263806088,1692263806259,1693236070406,227,171,56
1232,1693236070406,1692263806313,1692263806486,1693236070633,227,173,54
1233,1693236070633,1692263806550,1692263806722,1693236070870,237,172,65
1234,1693236070870,1692263806771,1692263806945,1693236071093,223,174,49
1235,1693236071093,1692263807006,1692263807180,1693236071327,234,174,60
1236,1693236071327,1692263807209,1692263807379,1693236071526,199,170,29
1237,1693236071526,1692263807444,1692263807616,1693236071763,237,172,65
1238,1693236071763,1692263807658,1692263807827,1693236071975,212,169,43
1239,1693236071975,1692263807895,1692263808069,1693236072217,242,174,68
1240,1693236072217,1692263808114,1692263808284,1693236072432,215,170,45
1241,1693236072432,1692263808340,1692263808510,1693236072657,225,170,55
1242,1693236072657,1692263808541,1692263808712,1693236072860,203,171,32
1243,1693236072860,1692263808741,1692263808911,1693236073058,198,170,28
1244,1693236073058,1692263808978,1692263809152,1693236073300,242,174,68
1245,1693236073300,1692263809198,1692263809373,1693236073520,220,175,45
1246,1693236073520,1692263809420,1692263809591,1693236073738,218,171,47
1247,1693236073738,1692263809630,1692263809801,1693236073948,210,171,39
1248,1693236073948,1692263809838,1692263810009,1693236074157,209,171,38
1249,1693236074157,1692263810043,1692263810212,1693236074359,202,169,33
1250,1693236074359,1692263810248,1692263810418,1693236074565,206,170,36
1251,1693236074565,1692263810481,1692263810653,1693236074800,235,172,63
1252,1693236074800,1692263810688,1692263810861,1693236075009,209,173,36
1253,1693236075009,1692263810894,1692263811064,1693236075211,202,170,32
1254,1693236075211,1692263811112,1692263811286,1693236075436,225,174,51
1255,1693236075436,1692263811331,1692263811503,1693236075651,215,172,43
1256,1693236075651,1692263811545,1692263811718,1693236075865,214,173,41
1257,1693236075865,1692263811749,1692263811919,1693236076066,201,170,31
1258,1693236076066,1692263811972,1692263812144,1693236076291,225,172,53
1259,1693236076291,1692263812194,1692263812366,1693236076513,222,172,50
1260,1693236076513,1692263812397,1692263812567,1693236076714,201,170,31
1261,1693236076714,1692263812602,1692263812771,1693236076919,205,169,36
1262,1693236076919,1692263812808,1692263812978,1693236077126,207,170,37
1263,1693236077126,1692263813027,1692263813199,1693236077346,220,172,48
1264,1693236077346,1692263813238,1692263813410,1693236077557,211,172,39
1265,1693236077557,1692263813455,1692263813628,1693236077776,219,173,46
1266,1693236077776,1692263813673,1692263813845,1693236077995,219,172,47
1267,1693236077995,1692263813902,1692263814074,1693236078222,227,172,55
1268,1693236078222,1692263814096,1692263814264,1693236078412,190,168,22
1269,1693236078412,1692263814309,1692263814480,1693236078627,215,171,44
1270,1693236078627,1692263814516,1692263814687,1693236078834,207,171,36
1271,1693236079004,1692263814902,1692263815274,1693236079422,418,372,46
1272,1693236079422,1692263815310,1692263815528,1693236079676,254,218,36
1273,1693236079676,1692263815564,1692263815941,1693236080183,507,377,130
1274,1693236080183,1692263816071,1692263816425,1693236080573,390,354,36
1275,1693236080573,1692263816486,1692263816854,1693236081002,429,368,61
1276,1693236081002,1692263816898,1692263817283,1693236081432,430,385,45
1277,1693236081432,1692263817334,1692263817813,1693236081962,530,479,51
1278,1693236081962,1692263817862,1692263818368,1693236082516,554,506,48
1279,1693236082516,1692263818408,1692263818930,1693236083078,562,522,40
1280,1693236083078,1692263818990,1692263819491,1693236083639,561,501,60
1281,1693236083639,1692263819532,1692263819899,1693236084047,408,367,41
1282,1693236084047,1692263819927,1692263820406,1693236084555,508,479,29
1283,1693236084555,1692263820471,1692263820826,1693236084974,419,355,64
1284,1693236084974,1692263820874,1692263821253,1693236085406,432,379,53
1285,1693236085406,1692263821297,1692263821807,1693236085956,550,510,40
1286,1693236085956,1692263821843,1692263822333,1693236086505,549,490,59
1287,1693236086505,1692263822407,1692263822906,1693236087058,553,499,54
1288,1693236087058,1692263822974,1692263823500,1693236087648,590,526,64
1289,1693236087648,1692263823558,1692263823915,1693236088110,462,357,105
1290,1693236088110,1692263824009,1692263824423,1693236088571,461,414,47
1291,1693236088571,1692263824470,1692263824986,1693236089134,563,516,47
1292,1693236089134,1692263825060,1692263825537,1693236089685,551,477,74
1293,1693236089685,1692263825568,1692263825995,1693236090143,458,427,31
1294,1693236090143,1692263826041,1692263826421,1693236090569,426,380,46
1295,1693236090569,1692263826485,1692263826983,1693236091195,626,498,128
1296,1693236091195,1692263827094,1692263827566,1693236091718,523,472,51
1297,1693236091718,1692263827625,1692263828081,1693236092230,512,456,56
1298,1693236092230,1692263828109,1692263828600,1693236092749,519,491,28
1299,1693236092749,1692263828646,1692263828950,1693236093098,349,304,45
1300,1693236093098,1692263829013,1692263829369,1693236093567,469,356,113
1301,1693236093567,1692263829454,1692263829853,1693236094039,472,399,73
1302,1693236094039,1692263829939,1692263830239,1693236094387,348,300,48
1303,1693236094387,1692263830282,1692263830658,1693236094806,419,376,43
1304,1693236094806,1692263830702,1692263831090,1693236095238,432,388,44
1305,1693236095238,1692263831134,1692263831629,1693236095777,539,495,44
1306,1693236095777,1692263831674,1692263832186,1693236096333,556,512,44
1307,1693236096333,1692263832224,1692263832762,1693236096910,577,538,39
1308,1693236096910,1692263832827,1692263833329,1693236097564,654,502,152
1309,1693236097564,1692263833463,1692263833841,1693236097989,425,378,47
1310,1693236097989,1692263833899,1692263834368,1693236098517,528,469,59
1311,1693236098517,1692263834411,1692263834807,1693236098956,439,396,43
1312,1693236098956,1692263834882,1692263835396,1693236099544,588,514,74
1313,1693236099545,1692263835489,1692263835903,1693236100051,506,414,92
1314,1693236100051,1692263835967,1692263836413,1693236100561,510,446,64
1315,1693236100561,1692263836447,1692263836947,1693236101095,534,500,34
1316,1693236101095,1692263836990,1692263837383,1693236101558,463,393,70
1317,1693236101558,1692263837455,1692263837830,1693236101978,420,375,45
1318,1693236101978,1692263837861,1692263838340,1693236102489,511,479,32
1319,1693236102489,1692263838394,1692263838887,1693236103035,546,493,53
1320,1693236103035,1692263838943,1692263839461,1693236103609,574,518,56
1321,1693236103609,1692263839486,1692263839838,1693236104011,402,352,50
1322,1693236104011,1692263839942,1692263840454,1693236104602,591,512,79
1323,1693236104602,1692263840522,1692263840902,1693236105126,524,380,144
1324,1693236105126,1692263841016,1692263841510,1693236105756,630,494,136
1325,1693236105756,1692263841646,1692263842149,1693236106297,541,503,38
1326,1693236106297,1692263842196,1692263842542,1693236106690,393,346,47
1327,1693236106690,1692263842588,1692263843032,1693236107292,602,444,158
1328,1693236107292,1692263843181,1692263843638,1693236107786,494,457,37
1329,1693236107786,1692263843675,1692263844095,1693236108243,457,420,37
1330,1693236108243,1692263844139,1692263844530,1693236108677,434,391,43
1331,1693236108677,1692263844574,1692263844807,1693236108954,277,233,44
1332,1693236108954,1692263844851,1692263845030,1693236109177,223,179,44
1333,1693236109185,1692263845078,1692263845250,1693236109397,212,172,40
1334,1693236109397,1692263845292,1692263845464,1693236109610,213,172,41
1335,1693236109610,1692263845490,1692263845661,1693236109808,198,171,27
1336,1693236109808,1692263845701,1692263845871,1693236110181,373,170,203
1337,1693236110181,1692263846072,1692263846243,1693236110390,209,171,38
1338,1693236110390,1692263846280,1692263846450,1693236110597,207,170,37
1339,1693236110597,1692263846488,1692263846659,1693236110807,210,171,39
1340,1693236110807,1692263846707,1692263846877,1693236111024,217,170,47
1341,1693236111024,1692263846911,1692263847080,1693236111227,203,169,34
1342,1693236111227,1692263847111,1692263847281,1693236111428,201,170,31
1343,1693236111428,1692263847321,1692263847493,1693236111641,213,172,41
1344,1693236111641,1692263847528,1692263847698,1693236111846,205,170,35
1345,1693236111846,1692263847759,1692263847933,1693236112080,234,174,60
1346,1693236112080,1692263847964,1692263848132,1693236112280,200,168,32
1347,1693236112280,1692263848188,1692263848362,1693236112510,230,174,56
1348,1693236112510,1692263848422,1692263848594,1693236112741,231,172,59
1349,1693236112741,1692263848642,1692263848813,1693236112960,219,171,48
1350,1693236112960,1692263848868,1692263849043,1693236113190,230,175,55
1351,1693236113190,1692263849065,1692263849235,1693236113382,192,170,22
1352,1693236113382,1692263849268,1692263849438,1693236113584,202,170,32
1353,1693236113584,1692263849499,1692263849674,1693236113821,237,175,62
1354,1693236113821,1692263849722,1692263849894,1693236114041,220,172,48
1355,1693236114041,1692263849941,1692263850113,1693236114260,219,172,47
1356,1693236114260,1692263850160,1692263850332,1693236114479,219,172,47
1357,1693236114479,1692263850388,1692263850562,1693236114709,230,174,56
1358,1693236114709,1692263850608,1692263850780,1693236114927,218,172,46
1359,1693236114927,1692263850836,1692263851006,1693236115153,226,170,56
1360,1693236115154,1692263851047,1692263851217,1693236115364,210,170,40
1361,1693236115364,1692263851249,1692263851418,1693236115564,200,169,31
1362,1693236115564,1692263851479,1692263851652,1693236115799,235,173,62
1363,1693236115799,1692263851681,1692263851851,1693236115998,199,170,29
1364,1693236115998,1692263851889,1692263852059,1693236116206,208,170,38
1365,1693236116206,1692263852089,1692263852259,1693236116406,200,170,30
1366,1693236116406,1692263852298,1692263852467,1693236116614,208,169,39
1367,1693236116614,1692263852505,1692263852676,1693236116822,208,171,37
1368,1693236116822,1692263852715,1692263852887,1693236117034,212,172,40
1369,1693236117034,1692263852939,1692263853113,1693236117269,235,174,61
1370,1693236117269,1692263853201,1692263853375,1693236117522,253,174,79
1371,1693236117522,1692263853431,1692263853602,1693236117749,227,171,56
1372,1693236117749,1692263853629,1692263853799,1693236117946,197,170,27
1373,1693236117946,1692263853850,1692263854024,1693236118171,225,174,51
1374,1693236118171,1692263854056,1692263854224,1693236118371,200,168,32
1375,1693236118372,1692263854269,1692263854440,1693236118587,215,171,44
1376,1693236118587,1692263854493,1692263854664,1693236118811,224,171,53
1377,1693236118811,1692263854688,1692263854858,1693236119005,194,170,24
1378,1693236119005,1692263854897,1692263855071,1693236119217,212,174,38
1379,1693236119218,1692263855108,1692263855280,1693236119427,209,172,37
1380,1693236119427,1692263855311,1692263855480,1693236119626,199,169,30
1381,1693236119626,1692263855523,1692263855694,1693236119841,215,171,44
1382,1693236119841,1692263855742,1692263855915,1693236120062,221,173,48
1383,1693236120062,1692263855952,1692263856122,1693236120269,207,170,37
1384,1693236120269,1692263856190,1692263856363,1693236120510,241,173,68
1385,1693236120510,1692263856411,1692263856583,1693236120730,220,172,48
1386,1693236120730,1692263856625,1692263856796,1693236120943,213,171,42
1387,1693236120943,1692263856829,1692263856997,1693236121144,201,168,33
1388,1693236121144,1692263857052,1692263857225,1693236121372,228,173,55
1389,1693236121372,1692263857268,1692263857439,1693236121586,214,171,43
1390,1693236121586,1692263857482,1692263857654,1693236121801,215,172,43
1391,1693236121801,1692263857692,1692263857863,1693236122010,209,171,38
1392,1693236122010,1692263857909,1692263858081,1693236122228,218,172,46
1393,1693236122228,1692263858128,1692263858301,1693236122448,220,173,47
1394,1693236122448,1692263858341,1692263858513,1693236122660,212,172,40
1395,1693236122660,1692263858567,1692263858740,1693236122887,227,173,54
1396,1693236122887,1692263858778,1692263858947,1693236123094,207,169,38
1397,1693236123094,1692263858973,1692263859142,1693236123289,195,169,26
1398,1693236123289,1692263859183,1692263859354,1693236123501,212,171,41
1399,1693236123501,1692263859408,1692263859580,1693236123727,226,172,54
1400,1693236123727,1692263859614,1692263859784,1693236123931,204,170,34
1401,1693236123931,1692263859822,1692263859993,1693236124140,209,171,38
1402,1693236124140,1692263860054,1692263860226,1693236124373,233,172,61
1403,1693236124373,1692263860276,1692263860449,1693236124596,223,173,50
1404,1693236124596,1692263860482,1692263860651,1693236124798,202,169,33
1405,1693236124798,1692263860707,1692263860880,1693236125027,229,173,56
1406,1693236125027,1692263860932,1692263861102,1693236125249,222,170,52
1407,1693236125249,1692263861151,1692263861323,1693236125470,221,172,49
1408,1693236125470,1692263861381,1692263861554,1693236125701,231,173,58
1409,1693236125701,1692263861582,1692263861750,1693236125897,196,168,28
1410,1693236125897,1692263861783,1692263861951,1693236126098,201,168,33
1411,1693236126098,1692263862018,1692263862190,1693236126337,239,172,67
1412,1693236126337,1692263862227,1692263862397,1693236126544,207,170,37
1413,1693236126544,1692263862431,1692263862601,1693236126748,204,170,34
1414,1693236126748,1692263862637,1692263862807,1693236126954,206,170,36
1415,1693236126954,1692263862865,1692263863038,1693236127185,231,173,58
1416,1693236127185,1692263863082,1692263863252,1693236127399,214,170,44
1417,1693236127399,1692263863287,1692263863456,1693236127603,204,169,35
1418,1693236127603,1692263863506,1692263863679,1693236127826,223,173,50
1419,1693236127826,1692263863716,1692263863886,1693236128033,207,170,37
1420,1693236128033,1692263863955,1692263864128,1693236128275,242,173,69
1421,1693236128275,1692263864180,1692263864353,1693236128500,225,173,52
1422,1693236128500,1692263864391,1692263864563,1693236128710,210,172,38
1423,1693236128710,1692263864580,1692263864751,1693236128898,188,171,17
1424,1693236128898,1692263864799,1692263864971,1693236129118,220,172,48
1425,1693236129118,1692263865010,1692263865180,1693236129326,208,170,38
1426,1693236129326,1692263865287,1692263865459,1693236129605,279,172,107
1427,1693236129605,1692263865502,1692263865672,1693236129819,214,170,44
1428,1693236129820,1692263865726,1692263865896,1693236130043,223,170,53
1429,1693236130043,1692263865967,1692263866140,1693236130287,244,173,71
1430,1693236130287,1692263866184,1692263866358,1693236130505,218,174,44
1431,1693236130505,1692263866402,1692263866573,1693236130721,216,171,45
1432,1693236130721,1692263866634,1692263866809,1693236130956,235,175,60
1433,1693236130956,1692263866846,1692263867018,1693236131164,208,172,36
1434,1693236131164,1692263867048,1692263867221,1693236131368,204,173,31
1435,1693236131368,1692263867260,1692263867434,1693236131580,212,174,38
1436,1693236131581,1692263867486,1692263867658,1693236131806,225,172,53
1437,1693236131806,1692263867708,1692263867880,1693236132027,221,172,49
1438,1693236132027,1692263867969,1692263868141,1693236132292,265,172,93
1439,1693236132292,1692263868226,1692263868399,1693236132546,254,173,81
1440,1693236132546,1692263868444,1692263868616,1693236132763,217,172,45
1441,1693236132763,1692263868651,1692263868821,1693236132968,205,170,35
1442,1693236132968,1692263868875,1692263869047,1693236133194,226,172,54
1443,1693236133194,1692263869114,1692263869288,1693236133434,240,174,66
1444,1693236133434,1692263869330,1692263869502,1693236133649,215,172,43
1445,1693236133649,1692263869569,1692263869744,1693236133891,242,175,67
1446,1693236133891,1692263869786,1692263869958,1693236134104,213,172,41
1447,1693236134104,1692263869992,1692263870161,1693236134308,204,169,35
1448,1693236134308,1692263870188,1692263870358,1693236134505,197,170,27
1449,1693236134505,1692263870403,1692263870573,1693236134719,214,170,44
1450,1693236134719,1692263870618,1692263870789,1693236134936,217,171,46
1451,1693236134936,1692263870845,1692263871016,1693236135164,228,171,57
1452,1693236135164,1692263871060,1692263871232,1693236135379,215,172,43
1453,1693236135379,1692263871280,1692263871451,1693236135598,219,171,48
1454,1693236135598,1692263871496,1692263871668,1693236135815,217,172,45
1455,1693236135815,1692263871716,1692263871887,1693236136034,219,171,48
1456,1693236136034,1692263871947,1692263872119,1693236136266,232,172,60
1457,1693236136266,1692263872156,1692263872325,1693236136472,206,169,37
1458,1693236136473,1692263872363,1692263872535,1693236136682,209,172,37
1459,1693236136682,1692263872567,1692263872736,1693236136883,201,169,32
1460,1693236136883,1692263872805,1692263872978,1693236137125,242,173,69
1461,1693236137125,1692263873034,1692263873206,1693236137353,228,172,56
1462,1693236137353,1692263873265,1692263873437,1693236137584,231,172,59
1463,1693236137584,1692263873473,1692263873643,1693236137790,206,170,36
1464,1693236137790,1692263873692,1692263873865,1693236138012,222,173,49
1465,1693236138012,1692263873913,1692263874085,1693236138232,220,172,48
1466,1693236138232,1692263874137,1692263874308,1693236138455,223,171,52
1467,1693236138455,1692263874341,1692263874510,1693236138657,202,169,33
1468,1693236138657,1692263874547,1692263874717,1693236138864,207,170,37
1469,1693236138864,1692263874752,1692263874921,1693236139068,204,169,35
1470,1693236139068,1692263874958,1692263875128,1693236139275,207,170,37
1471,1693236139445,1692263875352,1692263875699,1693236139847,402,347,55
1472,1693236139847,1692263875757,1692263876117,1693236140288,441,360,81
1473,1693236140288,1692263876200,1692263876569,1693236140717,429,369,60
1474,1693236140717,1692263876599,1692263877029,1693236141176,459,430,29
1475,1693236141176,1692263877072,1692263877438,1693236141585,409,366,43
1476,1693236141585,1692263877498,1692263877976,1693236142145,560,478,82
1477,1693236142145,1692263878039,1692263878559,1693236142708,563,520,43
1478,1693236142708,1692263878607,1692263879140,1693236143288,580,533,47
1479,1693236143288,1692263879200,1692263879740,1693236143888,600,540,60
1480,1693236143888,1692263879791,1692263880317,1693236144465,577,526,51
1481,1693236144465,1692263880361,1692263880858,1693236145006,541,497,44
1482,1693236145006,1692263880900,1692263881320,1693236145486,480,420,60
1483,1693236145486,1692263881407,1692263881807,1693236145954,468,400,68
1484,1693236145954,1692263881844,1692263882307,1693236146510,556,463,93
1485,1693236146510,1692263882422,1692263882827,1693236146974,464,405,59
1486,1693236146975,1692263882864,1692263883382,1693236147530,555,518,37
1487,1693236147530,1692263883436,1692263883849,1693236147997,467,413,54
1488,1693236147997,1692263883905,1692263884343,1693236148558,561,438,123
1489,1693236148558,1692263884450,1692263884851,1693236148999,441,401,40
1490,1693236148999,1692263884911,1692263885290,1693236149479,480,379,101
1491,1693236149479,1692263885381,1692263885774,1693236149922,443,393,50
1492,1693236149922,1692263885826,1692263886313,1693236150460,538,487,51
1493,1693236150460,1692263886368,1692263886687,1693236150866,406,319,87
1494,1693236150866,1692263886800,1692263887325,1693236151472,606,525,81
1495,1693236151472,1692263887361,1692263887740,1693236151887,415,379,36
1496,1693236151887,1692263887786,1692263888156,1693236152305,418,370,48
1497,1693236152305,1692263888231,1692263888778,1693236152925,620,547,73
1498,1693236152925,1692263888846,1692263889371,1693236153518,593,525,68
1499,1693236153518,1692263889408,1692263889828,1693236153976,458,420,38
1500,1693236153976,1692263889868,1692263890320,1693236154468,492,452,40
1501,1693236154468,1692263890381,1692263890880,1693236155028,560,499,61
1502,1693236155028,1692263890911,1692263891310,1693236155458,430,399,31
1503,1693236155458,1692263891354,1692263891723,1693236155872,414,369,45
1504,1693236155872,1692263891782,1692263892322,1693236156469,597,540,57
1505,1693236156469,1692263892352,1692263892723,1693236156872,403,371,32
1506,1693236156872,1692263892765,1692263893152,1693236157300,428,387,41
1507,1693236157301,1692263893204,1692263893647,1693236157865,564,443,121
1508,1693236157865,1692263893758,1692263894126,1693236158389,524,368,156
1509,1693236158389,1692263894306,1692263894782,1693236158929,540,476,64
1510,1693236158929,1692263894823,1692263895200,1693236159348,419,377,42
1511,1693236159348,1692263895246,1692263895779,1693236159926,578,533,45
1512,1693236159926,1692263895815,1692263896354,1693236160501,575,539,36
1513,1693236160501,1692263896406,1692263896912,1693236161060,559,506,53
1514,1693236161060,1692263896949,1692263897380,1693236161527,467,431,36
1515,1693236161528,1692263897433,1692263897753,1693236161901,373,320,53
1516,1693236161901,1692263897783,1692263898295,1693236162443,542,512,30
1517,1693236162443,1692263898361,1692263898641,1693236162788,345,280,65
1518,1693236162789,1692263898710,1692263899218,1693236163366,577,508,69
1519,1693236163366,1692263899269,1692263899779,1693236163926,560,510,50
1520,1693236163926,1692263899816,1692263900323,1693236164533,607,507,100
1521,1693236164533,1692263900439,1692263900806,1693236164954,421,367,54
1522,1693236164954,1692263900848,1692263901213,1693236165360,406,365,41
1523,1693236165360,1692263901271,1692263901650,1693236165798,438,379,59
1524,1693236165798,1692263901686,1692263902053,1693236166201,403,367,36
1525,1693236166201,1692263902092,1692263902615,1693236166762,561,523,38
1526,1693236166762,1692263902651,1692263903052,1693236167200,438,401,37
1527,1693236167200,1692263903092,1692263903545,1693236167706,506,453,53
1528,1693236167706,1692263903601,1692263904068,1693236168319,613,467,146
1529,1693236168319,1692263904209,1692263904583,1693236168730,411,374,37
1530,1693236168730,1692263904616,1692263904914,1693236169060,330,298,32
1531,1693236169060,1692263904972,1692263905323,1693236169469,409,351,58
1532,1693236169477,1692263905387,1692263905560,1693236169707,230,173,57
1533,1693236169707,1692263905587,1692263905759,1693236169905,198,172,26
1534,1693236169905,1692263905796,1692263905967,1693236170186,281,171,110
1535,1693236170186,1692263906081,1692263906252,1693236170481,295,171,124
1536,1693236170481,1692263906370,1692263906541,1693236170688,207,171,36
1537,1693236170688,1692263906573,1692263906741,1693236170888,200,168,32
1538,1693236170888,1692263906794,1692263906966,1693236171112,224,172,52
1539,1693236171112,1692263907026,1692263907199,1693236171345,233,173,60
1540,1693236171345,1692263907248,1692263907420,1693236171566,221,172,49
1541,1693236171566,1692263907470,1692263907642,1693236171789,223,172,51
1542,1693236171789,1692263907685,1692263907857,1693236172003,214,172,42
1543,1693236172003,1692263907906,1692263908078,1693236172224,221,172,49
1544,1693236172224,1692263908137,1692263908308,1693236172455,231,171,60
1545,1693236172455,1692263908355,1692263908529,1693236172675,220,174,46
1546,1693236172675,1692263908559,1692263908730,1693236172876,201,171,30
1547,1693236172876,1692263908756,1692263908925,1693236173072,196,169,27
1548,1693236173072,1692263908955,1692263909124,1693236173271,199,169,30
1549,1693236173271,1692263909163,1692263909332,1693236173479,208,169,39
1550,1693236173479,1692263909366,1692263909540,1693236173687,208,174,34
1551,1693236173687,1692263909571,1692263909740,1693236173886,199,169,30
1552,1693236173886,1692263909779,1692263909949,1693236174096,210,170,40
1553,1693236174096,1692263910007,1692263910180,1693236174327,231,173,58
1554,1693236174327,1692263910222,1692263910393,1693236174544,217,171,46
1555,1693236174544,1692263910438,1692263910610,1693236174756,212,172,40
1556,1693236174756,1692263910658,1692263910830,1693236174977,221,172,49
1557,1693236174977,1692263910874,1692263911045,1693236175191,214,171,43
1558,1693236175191,1692263911076,1692263911245,1693236175391,200,169,31
1559,1693236175391,1692263911281,1692263911450,1693236175596,205,169,36
1560,1693236175596,1692263911503,1692263911677,1693236175824,228,174,54
1561,1693236175824,1692263911711,1692263911881,1693236176027,203,170,33
1562,1693236176027,1692263911932,1692263912104,1693236176251,224,172,52
1563,1693236176251,1692263912153,1692263912324,1693236176470,219,171,48
1564,1693236176470,1692263912371,1692263912542,1693236176689,219,171,48
1565,1693236176689,1692263912576,1692263912745,1693236176891,202,169,33
1566,1693236176891,1692263912812,1692263912985,1693236177131,240,173,67
1567,1693236177131,1692263913060,1692263913231,1693236177378,247,171,76
1568,1693236177378,1692263913275,1692263913446,1693236177593,215,171,44
1569,1693236177593,1692263913470,1692263913638,1693236177785,192,168,24
1570,1693236177785,1692263913679,1692263913849,1693236177996,211,170,41
1571,1693236177996,1692263913922,1692263914094,1693236178243,247,172,75
1572,1693236178243,1692263914149,1692263914321,1693236178468,225,172,53
1573,1693236178468,1692263914372,1692263914545,1693236178691,223,173,50
1574,1693236178691,1692263914585,1692263914756,1693236178902,211,171,40
1575,1693236178902,1692263914796,1692263914967,1693236179113,211,171,40
1576,1693236179113,1692263915007,1692263915178,1693236179325,212,171,41
1577,1693236179325,1692263915218,1692263915390,1693236179536,211,172,39
1578,1693236179536,1692263915424,1692263915595,1693236179741,205,171,34
1579,1693236179742,1692263915646,1692263915816,1693236180005,263,170,93
1580,1693236180005,1692263915925,1692263916098,1693236180245,240,173,67
1581,1693236180245,1692263916145,1692263916317,1693236180463,218,172,46
1582,1693236180463,1692263916346,1692263916516,1693236180662,199,170,29
1583,1693236180662,1692263916561,1692263916734,1693236180881,219,173,46
1584,1693236180881,1692263916795,1692263916966,1693236181113,232,171,61
1585,1693236181113,1692263916990,1692263917160,1693236181307,194,170,24
1586,1693236181307,1692263917186,1692263917355,1693236181502,195,169,26
1587,1693236181502,1692263917402,1692263917574,1693236181720,218,172,46
1588,1693236181720,1692263917613,1692263917783,1693236181929,209,170,39
1589,1693236181929,1692263917822,1692263917994,1693236182141,212,172,40
1590,1693236182141,1692263918035,1692263918207,1693236182353,212,172,40
1591,1693236182354,1692263918251,1692263918423,1693236182569,215,172,43
1592,1693236182569,1692263918447,1692263918618,1693236182765,196,171,25
1593,1693236182765,1692263918659,1692263918830,1693236182976,211,171,40
1594,1693236182977,1692263918858,1692263919026,1693236183173,196,168,28
1595,1693236183173,1692263919064,1692263919233,1693236183380,207,169,38
1596,1693236183380,1692263919261,1692263919430,1693236183576,196,169,27
1597,1693236183576,1692263919457,1692263919628,1693236183774,198,171,27
1598,1693236183774,1692263919663,1692263919832,1693236183978,204,169,35
1599,1693236183978,1692263919886,1692263920056,1693236184202,224,170,54
1600,1693236184202,1692263920105,1692263920277,1693236184423,221,172,49
1601,1693236184423,1692263920332,1692263920503,1693236184650,227,171,56
1602,1693236184650,1692263920572,1692263920744,1693236184891,241,172,69
1603,1693236184891,1692263920792,1692263920964,1693236185110,219,172,47
1604,1693236185110,1692263921014,1692263921186,1693236185333,223,172,51
1605,1693236185333,1692263921219,1692263921388,1693236185534,201,169,32
1606,1693236185534,1692263921450,1692263921623,1693236185769,235,173,62
1607,1693236185769,1692263921656,1692263921825,1693236185972,203,169,34
1608,1693236185972,1692263921879,1692263922051,1693236186197,225,172,53
1609,1693236186197,1692263922080,1692263922249,1693236186395,198,169,29
1610,1693236186395,1692263922296,1692263922468,1693236186614,219,172,47
1611,1693236186614,1692263922521,1692263922692,1693236186837,223,171,52
1612,1693236186837,1692263922720,1692263922890,1693236187036,199,170,29
1613,1693236187037,1692263922933,1692263923104,1693236187255,218,171,47
1614,1693236187255,1692263923162,1692263923334,1693236187480,225,172,53
1615,1693236187480,1692263923370,1692263923541,1693236187687,207,171,36
1616,1693236187688,1692263923586,1692263923760,1693236187906,218,174,44
1617,1693236187907,1692263923815,1692263923986,1693236188132,225,171,54
1618,1693236188132,1692263924052,1692263924224,1693236188370,238,172,66
1619,1693236188371,1692263924270,1692263924440,1693236188586,215,170,45
1620,1693236188586,1692263924482,1692263924654,1693236188800,214,172,42
1621,1693236188801,1692263924699,1692263924871,1693236189017,216,172,44
1622,1693236189017,1692263924912,1692263925084,1693236189230,213,172,41
1623,1693236189230,1692263925137,1692263925310,1693236189456,226,173,53
1624,1693236189456,1692263925360,1692263925531,1693236189692,236,171,65
1625,1693236189692,1692263925609,1692263925780,1693236189927,235,171,64
1626,1693236189927,1692263925828,1692263926001,1693236190148,221,173,48
1627,1693236190148,1692263926053,1692263926224,1693236190370,222,171,51
1628,1693236190370,1692263926254,1692263926423,1693236190569,199,169,30
1629,1693236190569,1692263926459,1692263926628,1693236190775,206,169,37
1630,1693236190775,1692263926710,1692263926883,1693236191029,254,173,81
1631,1693236191030,1692263926917,1692263927086,1693236191232,202,169,33
1632,1693236191232,1692263927137,1692263927310,1693236191458,226,173,53
1633,1693236191458,1692263927365,1692263927539,1693236191685,227,174,53
1634,1693236191685,1692263927571,1692263927740,1693236191886,201,169,32
1635,1693236191886,1692263927777,1692263927946,1693236192092,206,169,37
1636,1693236192092,1692263927994,1692263928166,1693236192316,224,172,52
1637,1693236192316,1692263928195,1692263928365,1693236192511,195,170,25
1638,1693236192511,1692263928415,1692263928586,1693236192732,221,171,50
1639,1693236192732,1692263928633,1692263928803,1693236192949,217,170,47
1640,1693236192949,1692263928861,1692263929034,1693236193182,233,173,60
1641,1693236193182,1692263929092,1692263929264,1693236193410,228,172,56
1642,1693236193411,1692263929298,1692263929470,1693236193616,205,172,33
1643,1693236193616,1692263929515,1692263929690,1693236193836,220,175,45
1644,1693236193836,1692263929730,1692263929901,1693236194047,211,171,40
1645,1693236194047,1692263929945,1692263930117,1693236194263,216,172,44
1646,1693236194263,1692263930171,1692263930343,1693236194489,226,172,54
1647,1693236194489,1692263930411,1692263930584,1693236194730,241,173,68
1648,1693236194730,1692263930610,1692263930779,1693236194925,195,169,26
1649,1693236194925,1692263930835,1692263931006,1693236195153,228,171,57
1650,1693236195153,1692263931049,1692263931220,1693236195366,213,171,42
1651,1693236195367,1692263931252,1692263931420,1693236195566,199,168,31
1652,1693236195566,1692263931464,1692263931634,1693236195781,215,170,45
1653,1693236195781,1692263931672,1692263931843,1693236195989,208,171,37
1654,1693236195989,1692263931876,1692263932044,1693236196190,201,168,33
1655,1693236196190,1692263932092,1692263932265,1693236196411,221,173,48
1656,1693236196411,1692263932304,1692263932475,1693236196622,211,171,40
1657,1693236196622,1692263932527,1692263932698,1693236196844,222,171,51
1658,1693236196844,1692263932751,1692263932924,1693236197070,226,173,53
1659,1693236197070,1692263932970,1692263933140,1693236197286,216,170,46
1660,1693236197286,1692263933176,1692263933350,1693236197496,210,174,36
1661,1693236197496,1692263933404,1692263933576,1693236197729,233,172,61
1662,1693236197729,1692263933614,1692263933785,1693236197931,202,171,31
1663,1693236197931,1692263933815,1692263933985,1693236198132,201,170,31
1664,1693236198132,1692263934039,1692263934212,1693236198358,226,173,53
1665,1693236198358,1692263934240,1692263934410,1693236198556,198,170,28
1666,1693236198556,1692263934448,1692263934617,1693236198763,207,169,38
1667,1693236198763,1692263934650,1692263934820,1693236198966,203,170,33
1668,1693236198966,1692263934863,1692263935033,1693236199180,214,170,44
1669,1693236199180,1692263935068,1692263935239,1693236199385,205,171,34
1670,1693236199385,1692263935290,1692263935461,1693236199607,222,171,51
1671,1693236199778,1692263935672,1692263936038,1693236200270,492,366,126
1672,1693236200270,1692263936162,1692263936533,1693236200680,410,371,39
1673,1693236200680,1692263936583,1692263936813,1693236200960,280,230,50
1674,1693236200960,1692263936857,1692263937204,1693236201350,390,347,43
1675,1693236201350,1692263937248,1692263937698,1693236201844,494,450,44
1676,1693236201844,1692263937733,1692263938177,1693236202323,479,444,35
1677,1693236202323,1692263938218,1692263938709,1693236202856,533,491,42
1678,1693236202856,1692263938740,1692263939233,1693236203383,527,493,34
1679,1693236203383,1692263939304,1692263939602,1693236203749,366,298,68
1680,1693236203749,1692263939662,1692263940099,1693236204262,513,437,76
1681,1693236204262,1692263940157,1692263940642,1693236204789,527,485,42
1682,1693236204789,1692263940702,1692263941040,1693236205187,398,338,60
1683,1693236205187,1692263941091,1692263941439,1693236205587,400,348,52
1684,1693236205587,1692263941496,1692263942001,1693236206209,622,505,117
1685,1693236206209,1692263942104,1692263942527,1693236206674,465,423,42
1686,1693236206674,1692263942563,1692263942933,1693236207080,406,370,36
1687,1693236207080,1692263942980,1692263943464,1693236207623,543,484,59
1688,1693236207623,1692263943520,1692263944018,1693236208254,631,498,133
1689,1693236208255,1692263944146,1692263944568,1693236208715,460,422,38
1690,1693236208715,1692263944596,1692263945098,1693236209245,530,502,28
1691,1693236209245,1692263945152,1692263945632,1693236209782,537,480,57
1692,1693236209782,1692263945676,1692263946161,1693236210308,526,485,41
1693,1693236210308,1692263946210,1692263946691,1693236210879,571,481,90
1694,1693236210879,1692263946803,1692263947269,1693236211416,537,466,71
1695,1693236211416,1692263947329,1692263947717,1693236211865,449,388,61
1696,1693236211865,1692263947767,1692263948221,1693236212368,503,454,49
1697,1693236212368,1692263948297,1692263948716,1693236212863,495,419,76
1698,1693236212863,1692263948775,1692263949232,1693236213478,615,457,158
1699,1693236213478,1692263949360,1692263949794,1693236213941,463,434,29
1700,1693236213941,1692263949850,1692263950316,1693236214463,522,466,56
1701,1693236214463,1692263950376,1692263950861,1693236215010,547,485,62
1702,1693236215010,1692263950936,1692263951404,1693236215628,618,468,150
1703,1693236215628,1692263951522,1692263951950,1693236216141,513,428,85
1704,1693236216141,1692263952023,1692263952480,1693236216650,509,457,52
1705,1693236216650,1692263952555,1692263952918,1693236217164,514,363,151
1706,1693236217164,1692263953049,1692263953476,1693236217624,460,427,33
1707,1693236217624,1692263953516,1692263953808,1693236217956,332,292,40
1708,1693236217956,1692263953858,1692263954198,1693236218345,389,340,49
1709,1693236218345,1692263954265,1692263954558,1693236218705,360,293,67
1710,1693236218705,1692263954594,1692263954927,1693236219074,369,333,36
1711,1693236219074,1692263954967,1692263955306,1693236219452,378,339,39
1712,1693236219452,1692263955358,1692263955775,1693236219922,470,417,53
1713,1693236219922,1692263955824,1692263956156,1693236220339,417,332,85
1714,1693236220339,1692263956234,1692263956638,1693236220785,446,404,42
1715,1693236220785,1692263956693,1692263957036,1693236221260,475,343,132
1716,1693236221260,1692263957156,1692263957567,1693236221714,454,411,43
1717,1693236221714,1692263957661,1692263957906,1693236222052,338,245,93
1718,1693236222053,1692263957952,1692263958356,1693236222503,450,404,46
1719,1693236222503,1692263958420,1692263958866,1693236223013,510,446,64
1720,1693236223013,1692263958934,1692263959377,1693236223556,543,443,100
1721,1693236223556,1692263959444,1692263959838,1693236224033,477,394,83
1722,1693236224033,1692263959925,1692263960317,1693236224464,431,392,39
1723,1693236224464,1692263960367,1692263960748,1693236224894,430,381,49
1724,1693236224895,1692263960798,1692263961185,1693236225353,458,387,71
1725,1693236225353,1692263961274,1692263961589,1693236225736,383,315,68
1726,1693236225736,1692263961653,1692263962025,1693236226172,436,372,64
1727,1693236226172,1692263962070,1692263962461,1693236226608,436,391,45
1728,1693236226608,1692263962515,1692263962808,1693236226955,347,293,54
1729,1693236226955,1692263962866,1692263963243,1693236227404,449,377,72
1730,1693236227404,1692263963291,1692263963611,1693236227758,354,320,34
1731,1693236227758,1692263963670,1692263964125,1693236228323,565,455,110
1732,1693236228323,1692263964213,1692263964702,1693236228849,526,489,37
1733,1693236228849,1692263964741,1692263965248,1693236229397,548,507,41
1734,1693236229397,1692263965301,1692263965638,1693236229785,388,337,51
1735,1693236232811,1692263968703,1692263968874,1693236233020,209,171,38
1736,1693236233020,1692263968915,1692263969085,1693236233231,211,170,41
1737,1693236233231,1692263969142,1692263969315,1693236233460,229,173,56
1738,1693236233460,1692263969355,1692263969526,1693236233672,212,171,41
1739,1693236233672,1692263969566,1692263969738,1693236233884,212,172,40
1740,1693236233884,1692263969780,1692263969958,1693236234105,221,178,43
1741,1693236234105,1692263969986,1692263970156,1693236234302,197,170,27
1742,1693236234302,1692263970229,1692263970402,1693236234549,247,173,74
1743,1693236234549,1692263970470,1692263970641,1693236234787,238,171,67
1744,1693236234787,1692263970671,1692263970841,1693236234987,200,170,30
1745,1693236234987,1692263970870,1692263971040,1693236235186,199,170,29
1746,1693236235186,1692263971074,1692263971243,1693236235388,202,169,33
1747,1693236235388,1692263971294,1692263971465,1693236235611,223,171,52
1748,1693236235611,1692263971496,1692263971666,1693236235811,200,170,30
1749,1693236235811,1692263971713,1692263971884,1693236236030,219,171,48
1750,1693236236030,1692263971933,1692263972104,1693236236249,219,171,48
1751,1693236236249,1692263972134,1692263972308,1693236236454,205,174,31
1752,1693236236454,1692263972365,1692263972537,1693236236683,229,172,57
1753,1693236236683,1692263972580,1692263972751,1693236236897,214,171,43
1754,1693236236897,1692263972792,1692263972962,1693236237108,211,170,41
1755,1693236237108,1692263972993,1692263973162,1693236237308,200,169,31
1756,1693236237308,1692263973213,1692263973384,1693236237530,222,171,51
1757,1693236237530,1692263973431,1692263973604,1693236237749,219,173,46
1758,1693236237749,1692263973635,1692263973807,1693236237953,204,172,32
1759,1693236237953,1692263973834,1692263974007,1693236238153,200,173,27
1760,1693236238153,1692263974065,1692263974237,1693236238383,230,172,58
1761,1693236238383,1692263974290,1692263974460,1693236238605,222,170,52
1762,1693236238605,1692263974508,1692263974680,1693236238826,221,172,49
1763,1693236238826,1692263974707,1692263974878,1693236239023,197,171,26
1764,1693236239024,1692263974919,1692263975088,1693236239234,210,169,41
1765,1693236239234,1692263975116,1692263975285,1693236239431,197,169,28
1766,1693236239431,1692263975318,1692263975486,1693236239632,201,168,33
1767,1693236239632,1692263975527,1692263975698,1693236239844,212,171,41
1768,1693236239844,1692263975750,1692263975924,1693236240070,226,174,52
1769,1693236240070,1692263975970,1692263976140,1693236240286,216,170,46
1770,1693236240286,1692263976205,1692263976378,1693236240524,238,173,65
1771,1693236240525,1692263976407,1692263976577,1693236240723,198,170,28
1772,1693236240723,1692263976624,1692263976796,1693236240941,218,172,46
1773,1693236240942,1692263976855,1692263977027,1693236241173,231,172,59
1774,1693236241173,1692263977054,1692263977225,1693236241370,197,171,26
1775,1693236241370,1692263977270,1692263977441,1693236241586,216,171,45
1776,1693236241586,1692263977483,1692263977652,1693236241798,212,169,43
1777,1693236241798,1692263977720,1692263977895,1693236242041,243,175,68
1778,1693236242041,1692263977928,1692263978097,1693236242243,202,169,33
1779,1693236242243,1692263978130,1692263978299,1693236242447,204,169,35
1780,1693236242447,1692263978332,1692263978502,1693236242648,201,170,31
1781,1693236242648,1692263978547,1692263978716,1693236242862,214,169,45
1782,1693236242862,1692263978757,1692263978929,1693236243075,213,172,41
1783,1693236243075,1692263978976,1692263979147,1693236243293,218,171,47
1784,1693236243293,1692263979201,1692263979372,1693236243518,225,171,54
1785,1693236243518,1692263979407,1692263979575,1693236243721,203,168,35
1786,1693236243721,1692263979612,1692263979782,1693236243928,207,170,37
1787,1693236243928,1692263979836,1692263980008,1693236244154,226,172,54
1788,1693236244154,1692263980047,1692263980220,1693236244365,211,173,38
1789,1693236244365,1692263980281,1692263980454,1693236244600,235,173,62
1790,1693236244600,1692263980516,1692263980688,1693236244834,234,172,62
1791,1693236244834,1692263980711,1692263980880,1693236245026,192,169,23
1792,1693236245026,1692263980920,1692263981088,1693236245240,214,168,46
1793,1693236245240,1692263981130,1692263981299,1693236245445,205,169,36
1794,1693236245445,1692263981336,1692263981506,1693236245652,207,170,37
1795,1693236245652,1692263981549,1692263981721,1693236245866,214,172,42
1796,1693236245866,1692263981756,1692263981926,1693236246071,205,170,35
1797,1693236246072,1692263981985,1692263982159,1693236246305,233,174,59
1798,1693236246305,1692263982180,1692263982351,1693236246497,192,171,21
1799,1693236246497,1692263982420,1692263982593,1693236246739,242,173,69
1800,1693236246739,1692263982651,1692263982824,1693236246969,230,173,57
1801,1693236246969,1692263982855,1692263983024,1693236247170,201,169,32
1802,1693236247170,1692263983062,1692263983231,1693236247377,207,169,38
1803,1693236247377,1692263983276,1692263983448,1693236247594,217,172,45
1804,1693236247594,1692263983490,1692263983661,1693236247806,212,171,41
1805,1693236247806,1692263983718,1692263983888,1693236248034,228,170,58
1806,1693236248034,1692263983921,1692263984093,1693236248239,205,172,33
1807,1693236248239,1692263984127,1692263984298,1693236248444,205,171,34
1808,1693236248444,1692263984348,1692263984520,1693236248666,222,172,50
1809,1693236248666,1692263984563,1692263984734,1693236248880,214,171,43
1810,1693236248880,1692263984770,1692263984941,1693236249086,206,171,35
1811,1693236249086,1692263984977,1692263985146,1693236249291,205,169,36
1812,1693236249291,1692263985185,1692263985355,1693236249500,209,170,39
1813,1693236249500,1692263985401,1692263985573,1693236249718,218,172,46
1814,1693236249718,1692263985615,1692263985785,1693236249930,212,170,42
1815,1693236249930,1692263985825,1692263985998,1693236250143,213,173,40
1816,1693236250144,1692263986041,1692263986211,1693236250357,213,170,43
1817,1693236250357,1692263986249,1692263986421,1693236250567,210,172,38
1818,1693236250567,1692263986472,1692263986644,1693236250790,223,172,51
1819,1693236250790,1692263986686,1692263986857,1693236251003,213,171,42
1820,1693236251003,1692263986938,1692263987111,1693236251256,253,173,80
1821,1693236251257,1692263987160,1692263987333,1693236251479,222,173,49
1822,1693236251479,1692263987376,1692263987548,1693236251693,214,172,42
1823,1693236251693,1692263987599,1692263987773,1693236251918,225,174,51
1824,1693236251918,1692263987810,1692263987980,1693236252126,208,170,38
1825,1693236252126,1692263988029,1692263988202,1693236252347,221,173,48
1826,1693236252347,1692263988263,1692263988433,1693236252579,232,170,62
1827,1693236252579,1692263988503,1692263988677,1693236252822,243,174,69
1828,1693236252822,1692263988725,1692263988896,1693236253042,220,171,49
1829,1693236253042,1692263988947,1692263989121,1693236253267,225,174,51
1830,1693236253267,1692263989173,1692263989347,1693236253492,225,174,51
1831,1693236253492,1692263989392,1692263989565,1693236253710,218,173,45
1832,1693236253710,1692263989621,1692263989793,1693236253939,229,172,57
1833,1693236253939,1692263989818,1692263989989,1693236254135,196,171,25
1834,1693236254135,1692263990057,1692263990228,1693236254373,238,171,67
1835,1693236254374,1692263990297,1692263990471,1693236254617,243,174,69
1836,1693236254617,1692263990538,1692263990710,1693236254855,238,172,66
1837,1693236254855,1692263990749,1692263990924,1693236255069,214,175,39
1838,1693236255069,1692263990959,1692263991130,1693236255275,206,171,35
1839,1693236255275,1692263991173,1692263991345,1693236255491,216,172,44
1840,1693236255491,1692263991410,1692263991584,1693236255730,239,174,65
1841,1693236255730,1692263991638,1692263991810,1693236255956,226,172,54
1842,1693236255956,1692263991857,1692263992031,1693236256176,220,174,46
1843,1693236256176,1692263992062,1692263992232,1693236256380,204,170,34
1844,1693236256380,1692263992284,1692263992454,1693236256599,219,170,49
1845,1693236256599,1692263992495,1692263992668,1693236256813,214,173,41
1846,1693236256813,1692263992722,1692263992894,1693236257039,226,172,54
1847,1693236257039,1692263992940,1692263993112,1693236257258,219,172,47
1848,1693236257258,1692263993160,1692263993331,1693236257477,219,171,48
1849,1693236257477,1692263993367,1692263993538,1693236257683,206,171,35
1850,1693236257683,1692263993588,1692263993759,1693236257905,222,171,51
1851,1693236257905,1692263993803,1692263993975,1693236258121,216,172,44
1852,1693236258121,1692263994024,1692263994195,1693236258340,219,171,48
1853,1693236258340,1692263994259,1692263994432,1693236258578,238,173,65
1854,1693236258578,1692263994467,1692263994637,1693236258782,204,170,34
1855,1693236258782,1692263994675,1692263994846,1693236258992,210,171,39
1856,1693236258992,1692263994916,1692263995087,1693236259233,241,171,70
1857,1693236259233,1692263995156,1692263995329,1693236259475,242,173,69
1858,1693236259475,1692263995369,1692263995540,1693236259685,210,171,39
1859,1693236259686,1692263995580,1692263995753,1693236259899,213,173,40
1860,1693236259899,1692263995790,1692263995960,1693236260194,295,170,125
1861,1693236260194,1692263996116,1692263996288,1693236260477,283,172,111
1862,1693236260477,1692263996385,1692263996556,1693236260701,224,171,53
1863,1693236260702,1692263996593,1692263996765,1693236260910,208,172,36
1864,1693236260910,1692263996814,1692263996985,1693236261131,221,171,50
1865,1693236261131,1692263997022,1692263997191,1693236261337,206,169,37
1866,1693236261337,1692263997219,1692263997388,1693236261534,197,169,28
1867,1693236261534,1692263997454,1692263997629,1693236261774,240,175,65
1868,1693236261774,1692263997671,1692263997843,1693236261988,214,172,42
1869,1693236261988,1692263997903,1692263998076,1693236262221,233,173,60
1870,1693236262222,1692263998112,1692263998283,1693236262428,206,171,35
1871,1693236262428,1692263998336,1692263998507,1693236262653,225,171,54
1872,1693236262653,1692263998555,1692263998726,1693236262871,218,171,47
1873,1693236263042,1692263998940,1692263999318,1693236263549,507,378,129
1874,1693236263549,1692263999441,1692263999808,1693236263956,407,367,40
1875,1693236263956,1692263999860,1692264000242,1693236264387,431,382,49
1876,1693236264388,1692264000291,1692264000706,1693236264852,464,415,49
1877,1693236264852,1692264000752,1692264001202,1693236265348,496,450,46
1878,1693236265348,1692264001255,1692264001594,1693236265740,392,339,53
1879,1693236265740,1692264001621,1692264002055,1693236266202,462,434,28
1880,1693236266202,1692264002094,1692264002490,1693236266637,435,396,39
1881,1693236266637,1692264002527,1692264002966,1693236267113,476,439,37
1882,1693236267113,1692264003004,1692264003525,1693236267671,558,521,37
1883,1693236267671,1692264003601,1692264004080,1693236268261,590,479,111
1884,1693236268261,1692264004153,1692264004626,1693236268772,511,473,38
1885,1693236268772,1692264004656,1692264005180,1693236269387,615,524,91
1886,1693236269387,1692264005270,1692264005810,1693236270001,614,540,74
1887,1693236270002,1692264005912,1692264006460,1693236270609,607,548,59
1888,1693236270609,1692264006507,1692264006884,1693236271031,422,377,45
1889,1693236271031,1692264006928,1692264007399,1693236271640,609,471,138
1890,1693236271640,1692264007545,1692264007938,1693236272155,515,393,122
1891,1693236272155,1692264008041,1692264008568,1693236272715,560,527,33
1892,1693236272715,1692264008604,1692264009152,1693236273298,583,548,35
1893,1693236273298,1692264009219,1692264009612,1693236273759,461,393,68
1894,1693236273759,1692264009673,1692264010102,1693236274338,579,429,150
1895,1693236274338,1692264010262,1692264010734,1693236274881,543,472,71
1896,1693236274881,1692264010819,1692264011314,1693236275473,592,495,97
1897,1693236275473,1692264011371,1692264011908,1693236276055,582,537,45
1898,1693236276055,1692264011964,1692264012329,1693236276555,500,365,135
1899,1693236276555,1692264012454,1692264012863,1693236277010,455,409,46
1900,1693236277010,1692264012899,1692264013426,1693236277572,562,527,35
1901,1693236277572,1692264013474,1692264014002,1693236278148,576,528,48
1902,1693236278148,1692264014071,1692264014495,1693236278643,495,424,71
1903,1693236278643,1692264014557,1692264014995,1693236279141,498,438,60
1904,1693236279141,1692264015055,1692264015438,1693236279595,454,383,71
1905,1693236279596,1692264015496,1692264016031,1693236280216,620,535,85
1906,1693236280216,1692264016105,1692264016626,1693236280773,557,521,36
1907,1693236280773,1692264016663,1692264017056,1693236281203,430,393,37
1908,1693236281203,1692264017097,1692264017538,1693236281684,481,441,40
1909,1693236281684,1692264017586,1692264017974,1693236282120,436,388,48
1910,1693236282120,1692264018054,1692264018600,1693236282747,627,546,81
1911,1693236282747,1692264018660,1692264019100,1693236283313,566,440,126
1912,1693236283313,1692264019210,1692264019683,1693236283830,517,473,44
1913,1693236283830,1692264019709,1692264019977,1693236284123,293,268,25
1914,1693236284124,1692264020006,1692264020525,1693236284672,548,519,29
1915,1693236284672,1692264020561,1692264020857,1693236285003,331,296,35
1916,1693236285003,1692264020893,1692264021394,1693236285563,560,501,59
1917,1693236285563,1692264021436,1692264021945,1693236286177,614,509,105
1918,1693236286177,1692264022098,1692264022566,1693236286713,536,468,68
1919,1693236286713,1692264022623,1692264023126,1693236287307,594,503,91
1920,1693236287307,1692264023214,1692264023596,1693236287742,435,382,53
1921,1693236287742,1692264023654,1692264023974,1693236288123,381,320,61
1922,1693236288123,1692264024028,1692264024554,1693236288700,577,526,51
1923,1693236288700,1692264024601,1692264025044,1693236289264,564,443,121
1924,1693236289264,1692264025195,1692264025697,1693236289843,579,502,77
1925,1693236289843,1692264025745,1692264026209,1693236290355,512,464,48
1926,1693236290355,1692264026255,1692264026690,1693236290836,481,435,46
1927,1693236290837,1692264026735,1692264027212,1693236291403,566,477,89
1928,1693236291403,1692264027317,1692264027721,1693236291880,477,404,73
1929,1693236291880,1692264027781,1692264028203,1693236292349,469,422,47
1930,1693236292349,1692264028239,1692264028659,1693236292837,488,420,68
1931,1693236292837,1692264028725,1692264029002,1693236293246,409,277,132
1932,1693236293253,1692264029149,1692264029320,1693236293553,300,171,129
1933,1693236293553,1692264029448,1692264029619,1693236293764,211,171,40
1934,1693236293764,1692264029658,1692264029828,1693236293974,210,170,40
1935,1693236293974,1692264029871,1692264030043,1693236294189,215,172,43
1936,1693236294189,1692264030081,1692264030252,1693236294405,216,171,45
1937,1693236294405,1692264030322,1692264030495,1693236294640,235,173,62
1938,1693236294640,1692264030529,1692264030699,1693236294844,204,170,34
1939,1693236294844,1692264030744,1692264030916,1693236295061,217,172,45
1940,1693236295061,1692264030981,1692264031154,1693236295299,238,173,65
1941,1693236295299,1692264031202,1692264031374,1693236295519,220,172,48
1942,1693236295519,1692264031440,1692264031611,1693236295756,237,171,66
1943,1693236295756,1692264031649,1692264031820,1693236295965,209,171,38
1944,1693236295965,1692264031872,1692264032042,1693236296187,222,170,52
1945,1693236296187,1692264032106,1692264032279,1693236296424,237,173,64
1946,1693236296424,1692264032321,1692264032492,1693236296638,214,171,43
1947,1693236296638,1692264032549,1692264032722,1693236296867,229,173,56
1948,1693236296867,1692264032772,1692264032944,1693236297089,222,172,50
1949,1693236297090,1692264032996,1692264033166,1693236297311,221,170,51
1950,1693236297311,1692264033199,1692264033369,1693236297514,203,170,33
1951,1693236297514,1692264033429,1692264033602,1693236297748,234,173,61
1952,1693236297748,1692264033649,1692264033820,1693236297966,218,171,47
1953,1693236297966,1692264033867,1692264034039,1693236298184,218,172,46
1954,1693236298184,1692264034085,1692264034255,1693236298400,216,170,46
1955,1693236298400,1692264034312,1692264034485,1693236298630,230,173,57
1956,1693236298630,1692264034530,1692264034702,1693236298847,217,172,45
1957,1693236298847,1692264034738,1692264034908,1693236299054,207,170,37
1958,1693236299054,1692264034940,1692264035110,1693236299255,201,170,31
1959,1693236299255,1692264035163,1692264035334,1693236299481,226,171,55
1960,1693236299481,1692264035359,1692264035529,1693236299675,194,170,24
1961,1693236299675,1692264035591,1692264035763,1693236299909,234,172,62
1962,1693236299909,1692264035801,1692264035970,1693236300115,206,169,37
1963,1693236300115,1692264036012,1692264036183,1693236300329,214,171,43
1964,1693236300329,1692264036209,1692264036378,1693236300523,194,169,25
1965,1693236300523,1692264036437,1692264036612,1693236300757,234,175,59
1966,1693236300757,1692264036658,1692264036830,1693236300976,219,172,47
1967,1693236300976,1692264036867,1692264037036,1693236301182,206,169,37
1968,1693236301182,1692264037071,1692264037241,1693236301386,204,170,34
1969,1693236301386,1692264037309,1692264037481,1693236301626,240,172,68
1970,1693236301626,1692264037533,1692264037704,1693236301849,223,171,52
1971,1693236301849,1692264037739,1692264037909,1693236302054,205,170,35
1972,1693236302054,1692264037957,1692264038127,1693236302272,218,170,48
1973,1693236302273,1692264038157,1692264038327,1693236302472,199,170,29
1974,1693236302473,1692264038377,1692264038548,1693236302693,220,171,49
1975,1693236302694,1692264038591,1692264038764,1693236302909,215,173,42
1976,1693236302909,1692264038803,1692264038972,1693236303117,208,169,39
1977,1693236303118,1692264039015,1692264039188,1693236303334,216,173,43
1978,1693236303334,1692264039218,1692264039388,1693236303533,199,170,29
1979,1693236303533,1692264039434,1692264039605,1693236303750,217,171,46
1980,1693236303750,1692264039643,1692264039813,1693236303958,208,170,38
1981,1693236303958,1692264039853,1692264040023,1693236304168,210,170,40
1982,1693236304168,1692264040060,1692264040231,1693236304376,208,171,37
1983,1693236304376,1692264040276,1692264040449,1693236304594,218,173,45
1984,1693236304594,1692264040490,1692264040661,1693236304806,212,171,41
1985,1693236304807,1692264040702,1692264040874,1693236305019,212,172,40
1986,1693236305019,1692264040903,1692264041072,1693236305218,199,169,30
1987,1693236305218,1692264041103,1692264041272,1693236305421,203,169,34
1988,1693236305421,1692264041312,1692264041482,1693236305627,206,170,36
1989,1693236305627,1692264041522,1692264041692,1693236305837,210,170,40
1990,1693236305837,1692264041733,1692264041903,1693236306048,211,170,41
1991,1693236306048,1692264041936,1692264042105,1693236306250,202,169,33
1992,1693236306250,1692264042157,1692264042329,1693236306474,224,172,52
1993,1693236306474,1692264042385,1692264042557,1693236306702,228,172,56
1994,1693236306702,1692264042591,1692264042761,1693236306906,204,170,34
1995,1693236306906,1692264042810,1692264042982,1693236307127,221,172,49
1996,1693236307127,1692264043030,1692264043202,1693236307347,220,172,48
1997,1693236307347,1692264043284,1692264043458,1693236307603,256,174,82
1998,1693236307603,1692264043498,1692264043669,1693236307814,211,171,40
1999,1693236307814,1692264043701,1692264043870,1693236308016,202,169,33
2000,1693236308016,1692264043910,1692264044081,1693236308226,210,171,39
2001,1693236308226,1692264044128,1692264044299,1693236308445,219,171,48
2002,1693236308445,1692264044343,1692264044514,1693236308659,214,171,43
2003,1693236308659,1692264044552,1692264044721,1693236308866,207,169,38
2004,1693236308866,1692264044761,1692264044931,1693236309076,210,170,40
2005,1693236309076,1692264044970,1692264045142,1693236309287,211,172,39
2006,1693236309287,1692264045185,1692264045357,1693236309502,215,172,43
2007,1693236309502,1692264045406,1692264045577,1693236309722,220,171,49
2008,1693236309722,1692264045621,1692264045793,1693236309938,216,172,44
2009,1693236309938,1692264045825,1692264045995,1693236310140,202,170,32
2010,1693236310140,1692264046061,1692264046235,1693236310380,240,174,66
2011,1693236310380,1692264046281,1692264046453,1693236310598,218,172,46
2012,1693236310599,1692264046491,1692264046661,1693236310807,208,170,38
2013,1693236310807,1692264046694,1692264046863,1693236311008,201,169,32
2014,1693236311008,1692264046904,1692264047072,1693236311217,209,168,41
2015,1693236311217,1692264047095,1692264047265,1693236311410,193,170,23
2016,1693236311410,1692264047296,1692264047467,1693236311612,202,171,31
2017,1693236311612,1692264047506,1692264047676,1693236311821,209,170,39
2018,1693236311821,1692264047750,1692264047924,1693236312069,248,174,74
2019,1693236312069,1692264047984,1692264048154,1693236312300,231,170,61
2020,1693236312300,1692264048201,1692264048372,1693236312519,219,171,48
2021,1693236312519,1692264048412,1692264048585,1693236312730,211,173,38
2022,1693236312730,1692264048618,1692264048788,1693236312933,203,170,33
2023,1693236312934,1692264048807,1692264048975,1693236313120,186,168,18
2024,1693236313120,1692264049010,1692264049178,1693236313324,204,168,36
2025,1693236313324,1692264049230,1692264049401,1693236313546,222,171,51
2026,1693236313546,1692264049446,1692264049618,1693236313763,217,172,45
2027,1693236313763,1692264049664,1692264049835,1693236313980,217,171,46
2028,1693236313981,1692264049872,1692264050043,1693236314188,207,171,36
2029,1693236314188,1692264050079,1692264050248,1693236314394,206,169,37
2030,1693236314394,1692264050309,1692264050481,1693236314626,232,172,60
2031,1693236314626,1692264050529,1692264050700,1693236314845,219,171,48
2032,1693236314845,1692264050728,1692264050898,1693236315046,201,170,31
2033,1693236315046,1692264050936,1692264051105,1693236315250,204,169,35
2034,1693236315250,1692264051153,1692264051324,1693236315469,219,171,48
2035,1693236315469,1692264051374,1692264051547,1693236315692,223,173,50
2036,1693236315692,1692264051615,1692264051789,1693236315934,242,174,68
2037,1693236315934,1692264051841,1692264052014,1693236316159,225,173,52
2038,1693236316159,1692264052045,1692264052214,1693236316359,200,169,31
2039,1693236316359,1692264052248,1692264052416,1693236316561,202,168,34
2040,1693236316561,1692264052430,1692264052599,1693236316744,183,169,14
2041,1693236316744,1692264052647,1692264052819,1693236316964,220,172,48
2042,1693236316964,1692264052872,1692264053042,1693236317187,223,170,53
2043,1693236317187,1692264053091,1692264053262,1693236317408,221,171,50
2044,1693236317408,1692264053298,1692264053468,1693236317613,205,170,35
2045,1693236317613,1692264053537,1692264053710,1693236317855,242,173,69
2046,1693236317855,1692264053753,1692264053925,1693236318070,215,172,43
2047,1693236318070,1692264053957,1692264054126,1693236318271,201,169,32
2048,1693236318272,1692264054185,1692264054358,1693236318503,231,173,58
2049,1693236318503,1692264054428,1692264054600,1693236318746,243,172,71
2050,1693236318746,1692264054638,1692264054809,1693236318954,208,171,37
2051,1693236318954,1692264054857,1692264055029,1693236319174,220,172,48
2052,1693236319174,1692264055063,1692264055232,1693236319377,203,169,34
2053,1693236319377,1692264055275,1692264055446,1693236319591,214,171,43
2054,1693236319591,1692264055506,1692264055678,1693236319823,232,172,60
2055,1693236319823,1692264055731,1692264055903,1693236320200,377,172,205
2056,1693236320200,1692264056096,1692264056268,1693236320413,213,172,41
2057,1693236320413,1692264056318,1692264056492,1693236320637,224,174,50
2058,1693236320637,1692264056555,1692264056727,1693236320871,234,172,62
2059,1693236320871,1692264056758,1692264056926,1693236321071,200,168,32
2060,1693236321071,1692264056966,1692264057136,1693236321280,209,170,39
2061,1693236321280,1692264057164,1692264057334,1693236321479,199,170,29
2062,1693236321479,1692264057382,1692264057553,1693236321701,222,171,51
2063,1693236321701,1692264057589,1692264057759,1693236321903,202,170,32
2064,1693236321904,1692264057801,1692264057973,1693236322118,214,172,42
2065,1693236322118,1692264058038,1692264058212,1693236322357,239,174,65
2066,1693236322357,1692264058256,1692264058429,1693236322574,217,173,44
2067,1693236322574,1692264058469,1692264058641,1693236322786,212,172,40
2068,1693236322786,1692264058690,1692264058863,1693236323008,222,173,49
2069,1693236323008,1692264058904,1692264059077,1693236323222,214,173,41
2070,1693236323222,1692264059127,1692264059299,1693236323444,222,172,50
