request_number,request_time_ms,request_received_time_ms,response_time_ms,response_received_time_ms,end_to_end_latency,compute_time,transmission_time
1,1693236333925,1692264069874,1692264070062,1693236334308,383,188,195
2,1693236334308,1692264070238,1692264070420,1693236334567,259,182,77
3,1693236334567,1692264070461,1692264070645,1693236334793,226,184,42
4,1693236334793,1692264070804,1692264070987,1693236335134,341,183,158
5,1693236335134,1692264071012,1692264071197,1693236335343,209,185,24
6,1693236335343,1692264071241,1692264071416,1693236335561,218,175,43
7,1693236335561,1692264071450,1692264071620,1693236335765,204,170,34
8,1693236335765,1692264071674,1692264071846,1693236335991,226,172,54
9,1693236335991,1692264071887,1692264072060,1693236336205,214,173,41
10,1693236336205,1692264072114,1692264072287,1693236336432,227,173,54
11,1693236336432,1692264072336,1692264072509,1693236336654,222,173,49
12,1693236336654,1692264072574,1692264072745,1693236336890,236,171,65
13,1693236336890,1692264072793,1692264072965,1693236337110,220,172,48
14,1693236337110,1692264073040,1692264073214,1693236337358,248,174,74
15,1693236337358,1692264073275,1692264073450,1693236337595,237,175,62
16,1693236337595,1692264073487,1692264073658,1693236337803,208,171,37
17,1693236337803,1692264073713,1692264073884,1693236338029,226,171,55
18,1693236338029,1692264073918,1692264074087,1693236338232,203,169,34
19,1693236338232,1692264074144,1692264074315,1693236338460,228,171,57
20,1693236338460,1692264074356,1692264074526,1693236338671,211,170,41
21,1693236338671,1692264074562,1692264074733,1693236338877,206,171,35
22,1693236338877,1692264074760,1692264074929,1693236339074,197,169,28
23,1693236339074,1692264074956,1692264075126,1693236339271,197,170,27
24,1693236339271,1692264075160,1692264075329,1693236339474,203,169,34
25,1693236339474,1692264075387,1692264075562,1693236339708,234,175,59
26,1693236339709,1692264075599,1692264075770,1693236339915,206,171,35
27,1693236339915,1692264075823,1692264075996,1693236340141,226,173,53
28,1693236340141,1692264076040,1692264076211,1693236340356,215,171,44
29,1693236340356,1692264076239,1692264076409,1693236340554,198,170,28
30,1693236340554,1692264076454,1692264076625,1693236340769,215,171,44
31,1693236340770,1692264076660,1692264076833,1693236340978,208,173,35
32,1693236340978,1692264076867,1692264077035,1693236341180,202,168,34
33,1693236341180,1692264077069,1692264077241,1693236341386,206,172,34
34,1693236341386,1692264077294,1692264077466,1693236341611,225,172,53
35,1693236341611,1692264077514,1692264077687,1693236341832,221,173,48
36,1693236341832,1692264077731,1692264077904,1693236342048,216,173,43
37,1693236342048,1692264077959,1692264078131,1693236342278,230,172,58
38,1693236342278,1692264078218,1692264078389,1693236342534,256,171,85
39,1693236342534,1692264078420,1692264078590,1693236342735,201,170,31
40,1693236342735,1692264078626,1692264078795,1693236342940,205,169,36
41,1693236342940,1692264078851,1692264079024,1693236343169,229,173,56
42,1693236343169,1692264079084,1692264079256,1693236343401,232,172,60
43,1693236343401,1692264079314,1692264079487,1693236343632,231,173,58
44,1693236343632,1692264079531,1692264079704,1693236343849,217,173,44
45,1693236343849,1692264079737,1692264079910,1693236344055,206,173,33
46,1693236344055,1692264079952,1692264080124,1693236344268,213,172,41
47,1693236344268,1692264080180,1692264080351,1693236344496,228,171,57
48,1693236344496,1692264080386,1692264080556,1693236344701,205,170,35
49,1693236344701,1692264080611,1692264080787,1693236344931,230,176,54
50,1693236344931,1692264080834,1692264081006,1693236345151,220,172,48
51,1693236345151,1692264081048,1692264081219,1693236345364,213,171,42
52,1693236345364,1692264081283,1692264081455,1693236345600,236,172,64
53,1693236345600,1692264081500,1692264081672,1693236345817,217,172,45
54,1693236345817,1692264081730,1692264081905,1693236346049,232,175,57
55,1693236346050,1692264081975,1692264082148,1693236346293,243,173,70
56,1693236346293,1692264082177,1692264082347,1693236346492,199,170,29
57,1693236346492,1692264082390,1692264082561,1693236346706,214,171,43
58,1693236346706,1692264082605,1692264082776,1693236346921,215,171,44
59,1693236346921,1692264082826,1692264082998,1693236347143,222,172,50
60,1693236347143,1692264083049,1692264083221,1693236347366,223,172,51
61,1693236347366,1692264083267,1692264083439,1693236347584,218,172,46
62,1693236347584,1692264083462,1692264083629,1693236347774,190,167,23
63,1693236347774,1692264083687,1692264083859,1693236348004,230,172,58
64,1693236348004,1692264083890,1692264084060,1693236348205,201,170,31
65,1693236348205,1692264084107,1692264084280,1693236348427,222,173,49
66,1693236348427,1692264084313,1692264084483,1693236348627,200,170,30
67,1693236348627,1692264084536,1692264084706,1693236348851,224,170,54
68,1693236348851,1692264084761,1692264084932,1693236349077,226,171,55
69,1693236349077,1692264084975,1692264085146,1693236349297,220,171,49
70,1693236349297,1692264085238,1692264085408,1693236349558,261,170,91
71,1693236349558,1692264085589,1692264085762,1693236349918,360,173,187
72,1693236349918,1692264086069,1692264086241,1693236350385,467,172,295
73,1693236350385,1692264086293,1692264086466,1693236350611,226,173,53
74,1693236350611,1692264086528,1692264086702,1693236350846,235,174,61
75,1693236350846,1692264086758,1692264086932,1693236351076,230,174,56
76,1693236351076,1692264086972,1692264087142,1693236351290,214,170,44
77,1693236351290,1692264087200,1692264087375,1693236351519,229,175,54
78,1693236351519,1692264087409,1692264087578,1693236351723,204,169,35
79,1693236351723,1692264087608,1692264087780,1693236351924,201,172,29
80,1693236351924,1692264087809,1692264087978,1693236352122,198,169,29
81,1693236352122,1692264088018,1692264088187,1693236352332,210,169,41
82,1693236352332,1692264088220,1692264088390,1693236352535,203,170,33
83,1693236352535,1692264088431,1692264088602,1693236352746,211,171,40
84,1693236352746,1692264088631,1692264088802,1693236352946,200,171,29
85,1693236352946,1692264088835,1692264089008,1693236353152,206,173,33
86,1693236353152,1692264089055,1692264089228,1693236353372,220,173,47
87,1693236353372,1692264089262,1692264089432,1693236353576,204,170,34
88,1693236353576,1692264089464,1692264089633,1693236353777,201,169,32
89,1693236353777,1692264089676,1692264089848,1693236353992,215,172,43
90,1693236353992,1692264089882,1692264090051,1693236354195,203,169,34
91,1693236354195,1692264090088,1692264090259,1693236354404,209,171,38
92,1693236354404,1692264090293,1692264090461,1693236354605,201,168,33
93,1693236354605,1692264090491,1692264090661,1693236354805,200,170,30
94,1693236354805,1692264090690,1692264090861,1693236355005,200,171,29
95,1693236355005,1692264090878,1692264091050,1693236355194,189,172,17
96,1693236355194,1692264091115,1692264091288,1693236355432,238,173,65
97,1693236355432,1692264091350,1692264091521,1693236355665,233,171,62
98,1693236355665,1692264091581,1692264091753,1693236355897,232,172,60
99,1693236355897,1692264091812,1692264091984,1693236356129,232,172,60
100,1693236356129,1692264092021,1692264092192,1693236356336,207,171,36
101,1693236356337,1692264092224,1692264092394,1693236356539,202,170,32
102,1693236356539,1692264092426,1692264092595,1693236356740,201,169,32
103,1693236356740,1692264092628,1692264092800,1693236356944,204,172,32
104,1693236356944,1692264092833,1692264093007,1693236357151,207,174,33
105,1693236357152,1692264093072,1692264093246,1693236357393,241,174,67
106,1693236357393,1692264093315,1692264093489,1693236357633,240,174,66
107,1693236357633,1692264093521,1692264093689,1693236357836,203,168,35
108,1693236357836,1692264093752,1692264093926,1693236358070,234,174,60
109,1693236358070,1692264094000,1692264094173,1693236358317,247,173,74
110,1693236358318,1692264094254,1692264094427,1693236358572,254,173,81
111,1693236358572,1692264094459,1692264094629,1693236358773,201,170,31
112,1693236358773,1692264094663,1692264094833,1693236358978,205,170,35
113,1693236358978,1692264094882,1692264095057,1693236359201,223,175,48
114,1693236359202,1692264095098,1692264095270,1693236359415,213,172,41
115,1693236359415,1692264095306,1692264095478,1693236359623,208,172,36
116,1693236359623,1692264095527,1692264095699,1693236359844,221,172,49
117,1693236359844,1692264095752,1692264095924,1693236360068,224,172,52
118,1693236360068,1692264095973,1692264096146,1693236360291,223,173,50
119,1693236360291,1692264096198,1692264096370,1693236360517,226,172,54
120,1693236360517,1692264096409,1692264096581,1693236360725,208,172,36
121,1693236360725,1692264096612,1692264096782,1693236360928,203,170,33
122,1693236360928,1692264096832,1692264097005,1693236361150,222,173,49
123,1693236361150,1692264097034,1692264097205,1693236361350,200,171,29
124,1693236361350,1692264097230,1692264097399,1693236361544,194,169,25
125,1693236361544,1692264097435,1692264097607,1693236361752,208,172,36
126,1693236361752,1692264097649,1692264097820,1693236361964,212,171,41
127,1693236361964,1692264097854,1692264098024,1693236362169,205,170,35
128,1693236362169,1692264098053,1692264098223,1693236362367,198,170,28
129,1693236362367,1692264098260,1692264098429,1693236362574,207,169,38
130,1693236362574,1692264098480,1692264098650,1693236362795,221,170,51
131,1693236362795,1692264098685,1692264098853,1693236362998,203,168,35
132,1693236362998,1692264098888,1692264099057,1693236363201,203,169,34
133,1693236363201,1692264099090,1692264099260,1693236363404,203,170,33
134,1693236363404,1692264099317,1692264099490,1693236363634,230,173,57
135,1693236363634,1692264099525,1692264099695,1693236363840,206,170,36
136,1693236363840,1692264099765,1692264099938,1693236364083,243,173,70
137,1693236364254,1692264100144,1692264100569,1693236364716,462,425,37
138,1693236364716,1692264100612,1692264101000,1693236365184,468,388,80
139,1693236365184,1692264101085,1692264101407,1693236365552,368,322,46
140,1693236365552,1692264101438,1692264101816,1693236365961,409,378,31
141,1693236365961,1692264101843,1692264102047,1693236366191,230,204,26
142,1693236366192,1692264102088,1692264102446,1693236366591,399,358,41
143,1693236366591,1692264102490,1692264102771,1693236366916,325,281,44
144,1693236366916,1692264102823,1692264103210,1693236367357,441,387,54
145,1693236367357,1692264103258,1692264103608,1693236367753,396,350,46
146,1693236367753,1692264103658,1692264104005,1693236368150,397,347,50
147,1693236368150,1692264104043,1692264104408,1693236368560,410,365,45
148,1693236368560,1692264104450,1692264104848,1693236368994,434,398,36
149,1693236368994,1692264104912,1692264105276,1693236369423,429,364,65
150,1693236369423,1692264105299,1692264105761,1693236369907,484,462,22
151,1693236369907,1692264105797,1692264106046,1693236370191,284,249,35
152,1693236370191,1692264106078,1692264106442,1693236370587,396,364,32
153,1693236370587,1692264106503,1692264106850,1693236370996,409,347,62
154,1693236370996,1692264106931,1692264107165,1693236371310,314,234,80
155,1693236371310,1692264107214,1692264107661,1693236371806,496,447,49
156,1693236371806,1692264107692,1692264108037,1693236372183,377,345,32
157,1693236372183,1692264108088,1692264108504,1693236372649,466,416,50
158,1693236372649,1692264108564,1692264109059,1693236373207,558,495,63
159,1693236373207,1692264109100,1692264109589,1693236373735,528,489,39
160,1693236373735,1692264109626,1692264110134,1693236374345,610,508,102
161,1693236374345,1692264110248,1692264110615,1693236374761,416,367,49
162,1693236374761,1692264110667,1692264111101,1693236375247,486,434,52
163,1693236375247,1692264111161,1692264111682,1693236375827,580,521,59
164,1693236375827,1692264111722,1692264112174,1693236376339,512,452,60
165,1693236376339,1692264112266,1692264112788,1693236376934,595,522,73
166,1693236376934,1692264112830,1692264113336,1693236377481,547,506,41
167,1693236377481,1692264113365,1692264113880,1693236378028,547,515,32
168,1693236378028,1692264113925,1692264114312,1693236378458,430,387,43
169,1693236378458,1692264114365,1692264114866,1693236379012,554,501,53
170,1693236379012,1692264114943,1692264115206,1693236379352,340,263,77
171,1693236379352,1692264115242,1692264115709,1693236379855,503,467,36
172,1693236379855,1692264115782,1692264116274,1693236380420,565,492,73
173,1693236380420,1692264116342,1692264116739,1693236381167,747,397,350
174,1693236381167,1692264117066,1692264117539,1693236381689,522,473,49
175,1693236381689,1692264117584,1692264118066,1693236382214,525,482,43
176,1693236382214,1692264118141,1692264118638,1693236382783,569,497,72
177,1693236382783,1692264118682,1692264119130,1693236383285,502,448,54
178,1693236383285,1692264119182,1692264119572,1693236383719,434,390,44
179,1693236383719,1692264119625,1692264120089,1693236384235,516,464,52
180,1693236384235,1692264120159,1692264120668,1693236384814,579,509,70
181,1693236384814,1692264120709,1692264121165,1693236385314,500,456,44
182,1693236385314,1692264121206,1692264121701,1693236385867,553,495,58
183,1693236385867,1692264121773,1692264122290,1693236386435,568,517,51
184,1693236386436,1692264122326,1692264122828,1693236386973,537,502,35
185,1693236386973,1692264122876,1692264123371,1693236387516,543,495,48
186,1693236387516,1692264123433,1692264123842,1693236387988,472,409,63
187,1693236387988,1692264123901,1692264124409,1693236388554,566,508,58
188,1693236388554,1692264124471,1692264124997,1693236389142,588,526,62
189,1693236389142,1692264125042,1692264125452,1693236389599,457,410,47
190,1693236389600,1692264125513,1692264125848,1693236389995,395,335,60
191,1693236389995,1692264125895,1692264126367,1693236390512,517,472,45
192,1693236390512,1692264126411,1692264126796,1693236390942,430,385,45
193,1693236390942,1692264126855,1692264127370,1693236391516,574,515,59
194,1693236391516,1692264127402,1692264127685,1693236391853,337,283,54
195,1693236391853,1692264127744,1692264128253,1693236392399,546,509,37
196,1693236392399,1692264128294,1692264128767,1693236392912,513,473,40
197,1693236392912,1692264128814,1692264129128,1693236393274,362,314,48
198,1693236393274,1692264129170,1692264129573,1693236393718,444,403,41
199,1693236393718,1692264129615,1692264130114,1693236394259,541,499,42
200,1693236397275,1692264133164,1692264133326,1693236397470,195,162,33
201,1693236397470,1692264133367,1692264133529,1693236397674,204,162,42
202,1693236397674,1692264133580,1692264133742,1693236397886,212,162,50
203,1693236397886,1692264133786,1692264133949,1693236398094,208,163,45
204,1693236398094,1692264133983,1692264134143,1693236398287,193,160,33
205,1693236398287,1692264134192,1692264134354,1693236398499,212,162,50
206,1693236398499,1692264134410,1692264134571,1693236398728,229,161,68
207,1693236398728,1692264134636,1692264134798,1693236398943,215,162,53
208,1693236398943,1692264134868,1692264135032,1693236399177,234,164,70
209,1693236399177,1692264135078,1692264135239,1693236399383,206,161,45
210,1693236399383,1692264135318,1692264135480,1693236399626,243,162,81
211,1693236399626,1692264135561,1692264135725,1693236399870,244,164,80
212,1693236399870,1692264135806,1692264135971,1693236400115,245,165,80
213,1693236400115,1692264136026,1692264136190,1693236400335,220,164,56
214,1693236400335,1692264136261,1692264136424,1693236400568,233,163,70
215,1693236400568,1692264136460,1692264136623,1693236400768,200,163,37
216,1693236400768,1692264136731,1692264136893,1693236401048,280,162,118
217,1693236401048,1692264137079,1692264137242,1693236401392,344,163,181
218,1693236401392,1692264137302,1692264137463,1693236401607,215,161,54
219,1693236401607,1692264137512,1692264137674,1693236401818,211,162,49
220,1693236401818,1692264137725,1692264137889,1693236402065,247,164,83
221,1693236402065,1692264137961,1692264138124,1693236402296,231,163,68
222,1693236402296,1692264138192,1692264138356,1693236402500,204,164,40
223,1693236402500,1692264138393,1692264138554,1693236402697,197,161,36
224,1693236402697,1692264138628,1692264138793,1693236402937,240,165,75
225,1693236402937,1692264138827,1692264138990,1693236403134,197,163,34
226,1693236403134,1692264139035,1692264139197,1693236403341,207,162,45
227,1693236403341,1692264139229,1692264139390,1693236403534,193,161,32
228,1693236403534,1692264139414,1692264139575,1693236403721,187,161,26
229,1693236403721,1692264139611,1692264139772,1693236403916,195,161,34
230,1693236403916,1692264139818,1692264139979,1693236404123,207,161,46
231,1693236404123,1692264140022,1692264140185,1693236404330,207,163,44
232,1693236404330,1692264140217,1692264140377,1693236404521,191,160,31
233,1693236404522,1692264140404,1692264140565,1693236404709,187,161,26
234,1693236404710,1692264140600,1692264140761,1693236404905,195,161,34
235,1693236404905,1692264140800,1692264140963,1693236405107,202,163,39
236,1693236405107,1692264141009,1692264141171,1693236405315,208,162,46
237,1693236405315,1692264141214,1692264141375,1693236405519,204,161,43
238,1693236405519,1692264141411,1692264141573,1693236405717,198,162,36
239,1693236405717,1692264141602,1692264141763,1693236405907,190,161,29
240,1693236405907,1692264141819,1692264141982,1693236406126,219,163,56
241,1693236406126,1692264142015,1692264142176,1693236406320,194,161,33
242,1693236406320,1692264142222,1692264142384,1693236406528,208,162,46
243,1693236406528,1692264142412,1692264142574,1693236406718,190,162,28
244,1693236406718,1692264142618,1692264142780,1693236406924,206,162,44
245,1693236406924,1692264142844,1692264143008,1693236407152,228,164,64
246,1693236407152,1692264143052,1692264143213,1693236407357,205,161,44
247,1693236407357,1692264143264,1692264143429,1693236407573,216,165,51
248,1693236407573,1692264143485,1692264143648,1693236407792,219,163,56
249,1693236407792,1692264143692,1692264143853,1693236407997,205,161,44
250,1693236407997,1692264143883,1692264144043,1693236408187,190,160,30
251,1693236408187,1692264144099,1692264144262,1693236408406,219,163,56
252,1693236408406,1692264144304,1692264144466,1693236408611,205,162,43
253,1693236408611,1692264144529,1692264144691,1693236408835,224,162,62
254,1693236408835,1692264144718,1692264144879,1693236409023,188,161,27
255,1693236409023,1692264144902,1692264145064,1693236409207,184,162,22
256,1693236409207,1692264145111,1692264145273,1693236409417,210,162,48
257,1693236409417,1692264145308,1692264145470,1693236409614,197,162,35
258,1693236409614,1692264145526,1692264145689,1693236409833,219,163,56
259,1693236409833,1692264145724,1692264145884,1693236410028,195,160,35
260,1693236410028,1692264146086,1692264146248,1693236410392,364,162,202
261,1693236410392,1692264146499,1692264146661,1693236410805,413,162,251
262,1693236410805,1692264146698,1692264146860,1693236411004,199,162,37
263,1693236411004,1692264146906,1692264147068,1693236411212,208,162,46
264,1693236411212,1692264147097,1692264147258,1693236411402,190,161,29
265,1693236411402,1692264147301,1692264147465,1693236411609,207,164,43
266,1693236411609,1692264147503,1692264147664,1693236411810,201,161,40
267,1693236411810,1692264147702,1692264147863,1693236412007,197,161,36
268,1693236412007,1692264147893,1692264148054,1693236412199,192,161,31
269,1693236412199,1692264148099,1692264148260,1693236412403,204,161,43
270,1693236412403,1692264148298,1692264148459,1693236412603,200,161,39
271,1693236412603,1692264148501,1692264148663,1693236412807,204,162,42
272,1693236412807,1692264148726,1692264148889,1693236413034,227,163,64
273,1693236413034,1692264148936,1692264149099,1693236413244,210,163,47
274,1693236413244,1692264149128,1692264149289,1693236413436,192,161,31
275,1693236413436,1692264149389,1692264149552,1693236413696,260,163,97
276,1693236413697,1692264149614,1692264149778,1693236413922,225,164,61
277,1693236413923,1692264149814,1692264149975,1693236414119,196,161,35
278,1693236414119,1692264150028,1692264150191,1693236414335,216,163,53
279,1693236414335,1692264150214,1692264150375,1693236414519,184,161,23
280,1693236414519,1692264150428,1692264150589,1693236414733,214,161,53
281,1693236414733,1692264150628,1692264150790,1693236414934,201,162,39
282,1693236414934,1692264150839,1692264151002,1693236415147,213,163,50
283,1693236415147,1692264151027,1692264151188,1693236415332,185,161,24
284,1693236415332,1692264151230,1692264151391,1693236415535,203,161,42
285,1693236415535,1692264151435,1692264151597,1693236415741,206,162,44
286,1693236415741,1692264151635,1692264151796,1693236415940,199,161,38
287,1693236415940,1692264151866,1692264152031,1693236416175,235,165,70
288,1693236416175,1692264152082,1692264152244,1693236416388,213,162,51
289,1693236416388,1692264152281,1692264152443,1693236416586,198,162,36
290,1693236416586,1692264152538,1692264152704,1693236416848,262,166,96
291,1693236416848,1692264152742,1692264152904,1693236417048,200,162,38
292,1693236417048,1692264152978,1692264153142,1693236417286,238,164,74
293,1693236417286,1692264153174,1692264153335,1693236417479,193,161,32
294,1693236417479,1692264153386,1692264153550,1693236417694,215,164,51
295,1693236417694,1692264153622,1692264153787,1693236417931,237,165,72
296,1693236417931,1692264153826,1692264153988,1693236418132,201,162,39
297,1693236418132,1692264154052,1692264154214,1693236418360,228,162,66
298,1693236418360,1692264154259,1692264154421,1693236418565,205,162,43
299,1693236418565,1692264154456,1692264154616,1693236418760,195,160,35
300,1693236418760,1692264154667,1692264154829,1693236418973,213,162,51
301,1693236418973,1692264154864,1692264155025,1693236419169,196,161,35
302,1693236419169,1692264155062,1692264155222,1693236419366,197,160,37
303,1693236419366,1692264155279,1692264155441,1693236419598,232,162,70
304,1693236419598,1692264155487,1692264155649,1693236419793,195,162,33
305,1693236419793,1692264155696,1692264155859,1693236420003,210,163,47
306,1693236420003,1692264155922,1692264156084,1693236420228,225,162,63
307,1693236420228,1692264156134,1692264156296,1693236420440,212,162,50
308,1693236420440,1692264156335,1692264156497,1693236420641,201,162,39
309,1693236420641,1692264156537,1692264156698,1693236420841,200,161,39
310,1693236420841,1692264156723,1692264156884,1693236421028,187,161,26
311,1693236421028,1692264156905,1692264157065,1693236421209,181,160,21
312,1693236421209,1692264157113,1692264157276,1693236421420,211,163,48
313,1693236421420,1692264157325,1692264157487,1693236421631,211,162,49
314,1693236421631,1692264157530,1692264157691,1693236421835,204,161,43
315,1693236421835,1692264157762,1692264157928,1693236422072,237,166,71
316,1693236422072,1692264157970,1692264158133,1693236422276,204,163,41
317,1693236422276,1692264158186,1692264158350,1693236422494,218,164,54
318,1693236422494,1692264158408,1692264158570,1693236422714,220,162,58
319,1693236422714,1692264158596,1692264158757,1693236422901,187,161,26
320,1693236422901,1692264158805,1692264158967,1693236423111,210,162,48
321,1693236423111,1692264159033,1692264159196,1693236423340,229,163,66
322,1693236423340,1692264159237,1692264159398,1693236423542,202,161,41
323,1693236423542,1692264159435,1692264159597,1693236423741,199,162,37
324,1693236423741,1692264159629,1692264159791,1693236423935,194,162,32
325,1693236423935,1692264159836,1692264160001,1693236424145,210,165,45
326,1693236424145,1692264160034,1692264160193,1693236424337,192,159,33
327,1693236424337,1692264160231,1692264160393,1693236424537,200,162,38
328,1693236424537,1692264160428,1692264160590,1693236424734,197,162,35
329,1693236424734,1692264160642,1692264160806,1693236424950,216,164,52
330,1693236424950,1692264160853,1692264161016,1693236425160,210,163,47
331,1693236425160,1692264161055,1692264161217,1693236425361,201,162,39
332,1693236425361,1692264161250,1692264161413,1693236425557,196,163,33
333,1693236425557,1692264161456,1692264161621,1693236425764,207,165,42
334,1693236425764,1692264161658,1692264161819,1693236425963,199,161,38
335,1693236425963,1692264161849,1692264162011,1693236426155,192,162,30
336,1693236426155,1692264162050,1692264162212,1693236426356,201,162,39
337,1693236426356,1692264162247,1692264162408,1693236426551,195,161,34
338,1693236426551,1692264162445,1692264162605,1693236426749,198,160,38
339,1693236426749,1692264162649,1692264162811,1693236426955,206,162,44
340,1693236426955,1692264162844,1692264163004,1693236427148,193,160,33
341,1693236427148,1692264163052,1692264163214,1693236427358,210,162,48
342,1693236427518,1692264163421,1692264163799,1693236428213,695,378,317
343,1693236428213,1692264164098,1692264164392,1693236428736,523,294,229
344,1693236428736,1692264164646,1692264165016,1693236429262,526,370,156
345,1693236429262,1692264165231,1692264165504,1693236429786,524,273,251
346,1693236429786,1692264165695,1692264166076,1693236430310,524,381,143
347,1693236430311,1692264166219,1692264166567,1693236430835,524,348,176
348,1693236430835,1692264166744,1692264167038,1693236431359,524,294,230
349,1693236431359,1692264167277,1692264167672,1693236431884,525,395,130
350,1693236431884,1692264167762,1692264168163,1693236432407,523,401,122
351,1693236432407,1692264168313,1692264168678,1693236432932,525,365,160
352,1693236432932,1692264168870,1692264169292,1693236433455,523,422,101
353,1693236433455,1692264169355,1692264169606,1693236433981,526,251,275
354,1693236433981,1692264169896,1692264170229,1693236434504,523,333,190
355,1693236434504,1692264170425,1692264170858,1693236435030,526,433,93
356,1693236435030,1692264170953,1692264171385,1693236435554,524,432,92
357,1693236435554,1692264171425,1692264171872,1693236436016,462,447,15
358,1693236436016,1692264171910,1692264172375,1693236436520,504,465,39
359,1693236436520,1692264172458,1692264172968,1693236437113,593,510,83
360,1693236437113,1692264173031,1692264173570,1693236437714,601,539,62
361,1693236437714,1692264173618,1692264174144,1693236438699,985,526,459
362,1693236438699,1692264174636,1692264175031,1693236439224,525,395,130
363,1693236439224,1692264175111,1692264175592,1693236439747,523,481,42
364,1693236439747,1692264175674,1692264176076,1693236440273,526,402,124
365,1693236440273,1692264176234,1692264176757,1693236440902,629,523,106
366,1693236440902,1692264177024,1692264177454,1693236441656,754,430,324
367,1693236441656,1692264177540,1692264178063,1693236442207,551,523,28
368,1693236442207,1692264178120,1692264178571,1693236442716,509,451,58
369,1693236442716,1692264178648,1692264178923,1693236443226,510,275,235
370,1693236443226,1692264179139,1692264179655,1693236443800,574,516,58
371,1693236443800,1692264179687,1692264180132,1693236444279,479,445,34
372,1693236444279,1692264180194,1692264180685,1693236444830,551,491,60
373,1693236444830,1692264180723,1692264181244,1693236445389,559,521,38
374,1693236445389,1692264181292,1692264181703,1693236445849,460,411,49
375,1693236445849,1692264181751,1692264182254,1693236446398,549,503,46
376,1693236446398,1692264182281,1692264182774,1693236446918,520,493,27
377,1693236446918,1692264182827,1692264183327,1693236447472,554,500,54
378,1693236447472,1692264183394,1692264183809,1693236447957,485,415,70
379,1693236447957,1692264183845,1692264184255,1693236448473,516,410,106
380,1693236448473,1692264184410,1692264184828,1693236448974,501,418,83
381,1693236448974,1692264184909,1692264185412,1693236449556,582,503,79
382,1693236449557,1692264185456,1692264185974,1693236450119,562,518,44
383,1693236450119,1692264186077,1692264186490,1693236450653,534,413,121
384,1693236450653,1692264186605,1692264187132,1693236451278,625,527,98
385,1693236451278,1692264187187,1692264187615,1693236451770,492,428,64
386,1693236451770,1692264187669,1692264188176,1693236452321,551,507,44
387,1693236452321,1692264188238,1692264188753,1693236452898,577,515,62
388,1693236452898,1692264188792,1692264189304,1693236453448,550,512,38
389,1693236453448,1692264189578,1692264190006,1693236454151,703,428,275
390,1693236454151,1692264190062,1692264190579,1693236454759,608,517,91
391,1693236454759,1692264190690,1692264191220,1693236455365,606,530,76
392,1693236455365,1692264191297,1692264191794,1693236455940,575,497,78
393,1693236455940,1692264191832,1692264192215,1693236456362,422,383,39
394,1693236456362,1692264192272,1692264192774,1693236456942,580,502,78
395,1693236456942,1692264192869,1692264193379,1693236457524,582,510,72
396,1693236460720,1692264196619,1692264196781,1693236461048,328,162,166
397,1693236461048,1692264196950,1692264197112,1693236461255,207,162,45
398,1693236461255,1692264197165,1692264197328,1693236461573,318,163,155
399,1693236461573,1692264197478,1692264197641,1693236461784,211,163,48
400,1693236461784,1692264197680,1692264197844,1693236462098,314,164,150
401,1693236462098,1692264197995,1692264198157,1693236462302,204,162,42
402,1693236462302,1692264198234,1692264198399,1693236462621,319,165,154
403,1693236462621,1692264198519,1692264198681,1693236462825,204,162,42
404,1693236462825,1692264198732,1692264198893,1693236463151,326,161,165
405,1693236463151,1692264199063,1692264199226,1693236463370,219,163,56
406,1693236463370,1692264199256,1692264199416,1693236463669,299,160,139
407,1693236463669,1692264199578,1692264199740,1693236463883,214,162,52
408,1693236463883,1692264199773,1692264199937,1693236464195,312,164,148
409,1693236464195,1692264200102,1692264200264,1693236464719,524,162,362
410,1693236464719,1692264200638,1692264200800,1693236464943,224,162,62
411,1693236464943,1692264200849,1692264201011,1693236465243,300,162,138
412,1693236465243,1692264201144,1692264201306,1693236465449,206,162,44
413,1693236465449,1692264201351,1692264201513,1693236465771,322,162,160
414,1693236465771,1692264201676,1692264201838,1693236466001,230,162,68
415,1693236466001,1692264201887,1692264202049,1693236466291,290,162,128
416,1693236466291,1692264202177,1692264202340,1693236466484,193,163,30
417,1693236466484,1692264202381,1692264202544,1693236466688,204,163,41
418,1693236466688,1692264202598,1692264202762,1693236466905,217,164,53
419,1693236466905,1692264202819,1692264202982,1693236467534,629,163,466
420,1693236467534,1692264203449,1692264203612,1693236467926,392,163,229
421,1693236467926,1692264203848,1692264204012,1693236468156,230,164,66
422,1693236468156,1692264204322,1692264204485,1693236468628,472,163,309
423,1693236468629,1692264204524,1692264204687,1693236468974,345,163,182
424,1693236468974,1692264204874,1692264205036,1693236469179,205,162,43
425,1693236469179,1692264205076,1692264205238,1693236469440,261,162,99
426,1693236469440,1692264205342,1692264205505,1693236469649,209,163,46
427,1693236469649,1692264205557,1692264205718,1693236469967,318,161,157
428,1693236469968,1692264205861,1692264206023,1693236470211,243,162,81
429,1693236470211,1692264206374,1692264206537,1693236470681,470,163,307
430,1693236470681,1692264206622,1692264206785,1693236471011,330,163,167
431,1693236471012,1692264206931,1692264207093,1693236471237,225,162,63
432,1693236471237,1692264207122,1692264207283,1693236471536,299,161,138
433,1693236471536,1692264207440,1692264207603,1693236471756,220,163,57
434,1693236471756,1692264207664,1692264207826,1693236472253,497,162,335
435,1693236472253,1692264208181,1692264208343,1693236472776,523,162,361
436,1693236472776,1692264208690,1692264208852,1693236473301,525,162,363
437,1693236473302,1692264209231,1692264209393,1693236473827,525,162,363
438,1693236473827,1692264209747,1692264209909,1693236474350,523,162,361
439,1693236474350,1692264210285,1692264210448,1693236474875,525,163,362
440,1693236474875,1692264210778,1692264210939,1693236475400,525,161,364
441,1693236475400,1692264211312,1692264211474,1693236475923,523,162,361
442,1693236475923,1692264211814,1692264211976,1693236476446,523,162,361
443,1693236476446,1692264212370,1692264212534,1693236476971,525,164,361
444,1693236476971,1692264212901,1692264213064,1693236477497,526,163,363
445,1693236477497,1692264213393,1692264213554,1693236478019,522,161,361
446,1693236478019,1692264213926,1692264214087,1693236478543,524,161,363
447,1693236478543,1692264214452,1692264214613,1693236478937,394,161,233
448,1693236478937,1692264214854,1692264215017,1693236479160,223,163,60
449,1693236479160,1692264215327,1692264215489,1693236479632,472,162,310
450,1693236479632,1692264215538,1692264215701,1693236479986,354,163,191
451,1693236479986,1692264215888,1692264216050,1693236480193,207,162,45
452,1693236480193,1692264216091,1692264216254,1693236480639,446,163,283
453,1693236480639,1692264216556,1692264216718,1693236480973,334,162,172
454,1693236480973,1692264216868,1692264217030,1693236481174,201,162,39
455,1693236481174,1692264217065,1692264217227,1693236481499,325,162,163
456,1693236481499,1692264217418,1692264217580,1693236481727,228,162,66
457,1693236481727,1692264217602,1692264217762,1693236482022,295,160,135
458,1693236482022,1692264217910,1692264218072,1693236482215,193,162,31
459,1693236482215,1692264218093,1692264218255,1693236482546,331,162,169
460,1693236482546,1692264218432,1692264218593,1693236482736,190,161,29
461,1693236482736,1692264218659,1692264218823,1693236483071,335,164,171
462,1693236483071,1692264218965,1692264219127,1693236483270,199,162,37
463,1693236483270,1692264219192,1692264219356,1693236483594,324,164,160
464,1693236483594,1692264219492,1692264219654,1693236483797,203,162,41
465,1693236483797,1692264219680,1692264219842,1693236484119,322,162,160
466,1693236484119,1692264220010,1692264220172,1693236484316,197,162,35
467,1693236484316,1692264220219,1692264220382,1693236484643,327,163,164
468,1693236484643,1692264220540,1692264220703,1693236484846,203,163,40
469,1693236484846,1692264220780,1692264220945,1693236485168,322,165,157
470,1693236485168,1692264221064,1692264221228,1693236485371,203,164,39
471,1693236485371,1692264221269,1692264221431,1693236485692,321,162,159
472,1693236485692,1692264221645,1692264221811,1693236485954,262,166,96
473,1693236485955,1692264221864,1692264222027,1693236486219,264,163,101
474,1693236486219,1692264222107,1692264222269,1693236486412,193,162,31
475,1693236486412,1692264222357,1692264222521,1693236486664,252,164,88
476,1693236486664,1692264222549,1692264222711,1693236486854,190,162,28
477,1693236486854,1692264222786,1692264222948,1693236487265,411,162,249
478,1693236487265,1692264223168,1692264223332,1693236487475,210,164,46
479,1693236487475,1692264223383,1692264223547,1693236487690,215,164,51
480,1693236487690,1692264223588,1692264223751,1693236487893,203,163,40
481,1693236487893,1692264223797,1692264223959,1693236488312,419,162,257
482,1693236488312,1692264224224,1692264224387,1693236488530,218,163,55
483,1693236488530,1692264224428,1692264224588,1693236488731,201,160,41
484,1693236488731,1692264224643,1692264224805,1693236488948,217,162,55
485,1693236488948,1692264224864,1692264225027,1693236489362,414,163,251
486,1693236489362,1692264225262,1692264225424,1693236489573,211,162,49
487,1693236489573,1692264225479,1692264225641,1693236489785,212,162,50
488,1693236489785,1692264225679,1692264225841,1693236489984,199,162,37
489,1693236489984,1692264225868,1692264226033,1693236490176,192,165,27
490,1693236490176,1692264226056,1692264226217,1693236490482,306,161,145
491,1693236490482,1692264226392,1692264226554,1693236490696,214,162,52
492,1693236490697,1692264226873,1692264227036,1693236491185,488,163,325
493,1693236491650,1692264227547,1692264227940,1693236492083,433,393,40
494,1693236492083,1692264227981,1692264228356,1693236492569,486,375,111
495,1693236492569,1692264228460,1692264228821,1693236493223,654,361,293
496,1693236493223,1692264229135,1692264229496,1693236493640,417,361,56
497,1693236493640,1692264229565,1692264229930,1693236494085,445,365,80
498,1693236494085,1692264229973,1692264230313,1693236494606,521,340,181
499,1693236494606,1692264230502,1692264230868,1693236495130,524,366,158
500,1693236495130,1692264231024,1692264231388,1693236495656,526,364,162
501,1693236495657,1692264231565,1692264231892,1693236496180,523,327,196
502,1693236496180,1692264232063,1692264232478,1693236496704,524,415,109
503,1693236496704,1692264232589,1692264233021,1693236497230,526,432,94
504,1693236497230,1692264233134,1692264233547,1693236497751,521,413,108
505,1693236497751,1692264233664,1692264234038,1693236498277,526,374,152
506,1693236498277,1692264234192,1692264234442,1693236498802,525,250,275
507,1693236498802,1692264234687,1692264234967,1693236499324,522,280,242
508,1693236499324,1692264235205,1692264235484,1693236499628,304,279,25
509,1693236499628,1692264235765,1692264236089,1693236500375,747,324,423
510,1693236500375,1692264236302,1692264236807,1693236500951,576,505,71
511,1693236500952,1692264236838,1692264237263,1693236501408,456,425,31
512,1693236501408,1692264237318,1692264237731,1693236502138,730,413,317
513,1693236502138,1692264238036,1692264238491,1693236502637,499,455,44
514,1693236502637,1692264238532,1692264239015,1693236503159,522,483,39
515,1693236503159,1692264239077,1692264239547,1693236503692,533,470,63
516,1693236503692,1692264239610,1692264240034,1693236504200,508,424,84
517,1693236504200,1692264240088,1692264240593,1693236504738,538,505,33
518,1693236504738,1692264240662,1692264241086,1693236505230,492,424,68
519,1693236505230,1692264241141,1692264241657,1693236505801,571,516,55
520,1693236505801,1692264241728,1692264242170,1693236506314,513,442,71
521,1693236506314,1692264242207,1692264242642,1693236506788,474,435,39
522,1693236506788,1692264242676,1692264243054,1693236507198,410,378,32
523,1693236507198,1692264243100,1692264243607,1693236507751,553,507,46
524,1693236507752,1692264243696,1692264244115,1693236508259,507,419,88
525,1693236508259,1692264244157,1692264244526,1693236508762,503,369,134
526,1693236508762,1692264244704,1692264245246,1693236509390,628,542,86
527,1693236509390,1692264245299,1692264245745,1693236510527,1137,446,691
528,1693236510527,1692264246427,1692264246797,1693236511047,520,370,150
529,1693236511047,1692264246966,1692264247502,1693236511652,605,536,69
530,1693236511652,1692264247551,1692264248077,1693236512435,783,526,257
531,1693236512435,1692264248367,1692264248804,1693236512956,521,437,84
532,1693236512956,1692264248837,1692264249288,1693236513481,525,451,74
533,1693236513481,1692264249427,1692264249834,1693236514005,524,407,117
534,1693236514005,1692264249904,1692264250403,1693236514547,542,499,43
535,1693236514547,1692264250446,1692264250795,1693236515054,507,349,158
536,1693236515055,1692264250980,1692264251408,1693236515577,522,428,94
537,1693236515577,1692264251523,1692264251936,1693236516102,525,413,112
538,1693236516102,1692264252027,1692264252427,1693236516625,523,400,123
539,1693236516625,1692264252522,1692264252867,1693236517026,401,345,56
540,1693236517027,1692264252916,1692264253427,1693236517675,648,511,137
541,1693236517675,1692264253593,1692264253990,1693236518134,459,397,62
542,1693236518134,1692264254023,1692264254448,1693236518722,588,425,163
543,1693236518722,1692264254622,1692264255055,1693236519199,477,433,44
544,1693236519199,1692264255114,1692264255539,1693236519965,766,425,341
545,1693236519965,1692264255893,1692264256408,1693236520552,587,515,72
546,1693236520552,1692264256446,1692264256943,1693236521087,535,497,38
547,1693236521087,1692264256975,1692264257300,1693236521442,355,325,30
548,1693236521442,1692264257352,1692264257513,1693236521868,426,161,265
549,1693236521876,1692264257769,1692264257931,1693236522090,214,162,52
550,1693236522090,1692264257987,1692264258149,1693236522397,307,162,145
551,1693236522397,1692264258287,1692264258449,1693236522592,195,162,33
552,1693236522592,1692264258471,1692264258632,1693236522922,330,161,169
553,1693236522922,1692264258816,1692264258978,1693236523121,199,162,37
554,1693236523121,1692264259018,1692264259180,1693236523441,320,162,158
555,1693236523441,1692264259336,1692264259498,1693236523641,200,162,38
556,1693236523641,1692264259560,1692264259724,1693236523968,327,164,163
557,1693236523968,1692264259868,1692264260030,1693236524173,205,162,43
558,1693236524173,1692264260089,1692264260251,1693236524682,509,162,347
559,1693236524682,1692264260600,1692264260763,1693236525206,524,163,361
560,1693236525206,1692264261112,1692264261277,1693236525597,391,165,226
561,1693236525597,1692264261520,1692264261683,1693236525826,229,163,66
562,1693236525826,1692264261712,1692264261874,1693236526124,298,162,136
563,1693236526124,1692264262025,1692264262189,1693236526331,207,164,43
564,1693236526331,1692264262217,1692264262382,1693236526588,257,165,92
565,1693236526588,1692264262492,1692264262656,1693236526799,211,164,47
566,1693236526799,1692264262715,1692264262878,1693236527112,313,163,150
567,1693236527112,1692264263043,1692264263207,1693236527350,238,164,74
568,1693236527350,1692264263249,1692264263413,1693236527636,286,164,122
569,1693236527636,1692264263532,1692264263693,1693236527836,200,161,39
570,1693236527836,1692264263744,1692264263907,1693236528160,324,163,161
571,1693236528160,1692264264068,1692264264230,1693236528373,213,162,51
572,1693236528373,1692264264294,1692264264458,1693236528684,311,164,147
573,1693236528684,1692264264585,1692264264747,1693236528890,206,162,44
574,1693236528890,1692264264813,1692264264976,1693236529208,318,163,155
575,1693236529208,1692264265107,1692264265269,1693236529412,204,162,42
576,1693236529412,1692264265312,1692264265474,1693236529733,321,162,159
577,1693236529733,1692264265650,1692264265812,1693236529955,222,162,60
578,1693236529955,1692264265872,1692264266036,1693236530260,305,164,141
579,1693236530260,1692264266198,1692264266361,1693236530503,243,163,80
580,1693236530503,1692264266405,1692264266568,1693236530781,278,163,115
581,1693236530781,1692264266686,1692264266848,1693236530991,210,162,48
582,1693236530991,1692264266894,1692264267058,1693236531305,314,164,150
583,1693236531305,1692264267206,1692264267367,1693236531510,205,161,44
584,1693236531510,1692264267451,1692264267613,1693236531833,323,162,161
585,1693236531833,1692264267749,1692264267913,1693236532063,230,164,66
586,1693236532063,1692264267955,1692264268118,1693236532354,291,163,128
587,1693236532354,1692264268240,1692264268401,1693236532546,192,161,31
588,1693236532546,1692264268452,1692264268615,1693236532758,212,163,49
589,1693236532758,1692264268652,1692264268814,1693236532961,203,162,41
590,1693236532961,1692264268852,1692264269013,1693236533156,195,161,34
591,1693236533156,1692264269276,1692264269437,1693236533580,424,161,263
592,1693236533580,1692264269507,1692264269669,1693236533812,232,162,70
593,1693236533812,1692264269710,1692264269872,1693236534015,203,162,41
594,1693236534015,1692264269911,1692264270073,1693236534216,201,162,39
595,1693236534216,1692264270520,1692264270684,1693236535034,818,164,654
596,1693236535035,1692264270944,1692264271106,1693236535249,214,162,52
597,1693236535249,1692264271449,1692264271613,1693236535756,507,164,343
598,1693236535756,1692264271639,1692264271800,1693236536082,326,161,165
599,1693236536083,1692264271965,1692264272126,1693236536269,186,161,25
600,1693236536269,1692264272180,1692264272343,1693236536548,279,163,116
601,1693236536548,1692264272463,1692264272627,1693236536779,231,164,67
602,1693236536780,1692264272698,1692264272861,1693236537072,292,163,129
603,1693236537073,1692264272974,1692264273138,1693236537288,215,164,51
604,1693236537289,1692264273198,1692264273360,1693236537596,307,162,145
605,1693236537596,1692264273497,1692264273661,1693236537804,208,164,44
606,1693236537804,1692264273692,1692264273853,1693236538124,320,161,159
607,1693236538124,1692264274044,1692264274208,1693236538352,228,164,64
608,1693236538352,1692264274254,1692264274417,1693236538644,292,163,129
609,1693236538645,1692264274534,1692264274697,1693236538839,194,163,31
610,1693236538840,1692264274744,1692264274907,1693236539170,330,163,167
611,1693236539170,1692264275079,1692264275242,1693236539385,215,163,52
612,1693236539385,1692264275300,1692264275462,1693236539695,310,162,148
613,1693236539695,1692264275583,1692264275744,1693236539887,192,161,31
614,1693236539887,1692264275798,1692264275962,1693236540219,332,164,168
615,1693236540219,1692264276123,1692264276286,1693236540430,211,163,48
616,1693236540430,1692264276327,1692264276493,1693236540742,312,166,146
617,1693236540742,1692264276643,1692264276805,1693236540962,220,162,58
618,1693236540962,1692264276875,1692264277038,1693236541339,377,163,214
619,1693236541339,1692264277250,1692264277413,1693236541557,218,163,55
620,1693236541557,1692264277452,1692264277613,1693236541926,369,161,208
621,1693236541926,1692264277846,1692264278009,1693236542152,226,163,63
622,1693236542152,1692264278069,1692264278231,1693236542377,225,162,63
623,1693236542377,1692264278269,1692264278430,1693236542573,196,161,35
624,1693236542574,1692264278476,1692264278638,1693236542975,401,162,239
625,1693236542975,1692264278891,1692264279054,1693236543197,222,163,59
626,1693236543197,1692264279090,1692264279252,1693236543394,197,162,35
627,1693236543394,1692264279280,1692264279441,1693236543584,190,161,29
628,1693236543584,1692264279486,1692264279649,1693236543791,207,163,44
629,1693236543791,1692264279909,1692264280073,1693236544216,425,164,261
630,1693236544216,1692264280155,1692264280318,1693236544460,244,163,81
631,1693236544460,1692264280374,1692264280537,1693236544680,220,163,57
632,1693236544680,1692264280594,1692264280756,1693236545076,396,162,234
633,1693236545076,1692264280973,1692264281134,1693236545297,221,161,60
634,1693236545297,1692264281196,1692264281358,1693236545501,204,162,42
635,1693236545501,1692264281395,1692264281556,1693236545699,198,161,37
636,1693236545699,1692264281580,1692264281741,1693236545884,185,161,24
637,1693236545884,1692264282086,1692264282250,1693236546392,508,164,344
638,1693236546392,1692264282590,1692264282752,1693236546895,503,162,341
639,1693236546895,1692264283105,1692264283269,1693236547412,517,164,353
640,1693236547412,1692264283344,1692264283507,1693236547761,349,163,186
641,1693236547761,1692264283715,1692264283878,1693236548284,523,163,360
642,1693236548284,1692264284184,1692264284345,1693236548488,204,161,43
643,1693236548488,1692264284685,1692264284847,1693236548990,502,162,340
644,1693236548990,1692264284909,1692264285072,1693236549268,278,163,115
645,1693236549268,1692264285180,1692264285342,1693236549484,216,162,54
646,1693236549484,1692264285408,1692264285571,1693236549795,311,163,148
647,1693236549795,1692264285689,1692264285851,1693236549993,198,162,36
648,1693236549993,1692264285912,1692264286075,1693236550317,324,163,161
649,1693236550317,1692264286233,1692264286396,1693236550538,221,163,58
650,1693236550538,1692264286452,1692264286614,1693236550840,302,162,140
651,1693236550841,1692264286751,1692264286913,1693236551055,214,162,52
652,1693236551056,1692264286944,1692264287106,1693236551365,309,162,147
653,1693236551365,1692264287267,1692264287428,1693236551572,207,161,46
654,1693236551572,1692264287484,1692264287647,1693236551889,317,163,154
655,1693236552052,1692264287962,1692264288326,1693236552469,417,364,53
656,1693236552469,1692264288382,1692264288646,1693236552941,472,264,208
657,1693236552941,1692264288827,1692264289192,1693236553466,525,365,160
658,1693236553466,1692264289380,1692264289587,1693236553730,264,207,57
659,1693236553730,1692264289623,1692264289976,1693236554119,389,353,36
660,1693236554120,1692264290035,1692264290309,1693236554514,394,274,120
661,1693236554514,1692264290427,1692264290783,1693236554925,411,356,55
662,1693236554926,1692264290839,1692264291218,1693236555559,633,379,254
663,1693236555559,1692264291468,1692264291820,1693236555977,418,352,66
664,1693236555977,1692264291882,1692264292162,1693236556318,341,280,61
665,1693236556318,1692264292217,1692264292529,1693236556672,354,312,42
666,1693236556672,1692264292570,1692264292824,1693236557000,328,254,74
667,1693236557000,1692264292902,1692264293290,1693236557442,442,388,54
668,1693236557442,1692264293544,1692264293973,1693236558116,674,429,245
669,1693236558116,1692264294026,1692264294451,1693236558705,589,425,164
670,1693236558705,1692264294613,1692264295059,1693236559202,497,446,51
671,1693236559202,1692264295170,1692264295606,1693236559753,551,436,115
672,1693236559753,1692264295681,1692264296073,1693236560220,467,392,75
673,1693236560220,1692264296140,1692264296612,1693236560810,590,472,118
674,1693236560810,1692264296695,1692264297217,1693236561361,551,522,29
675,1693236561361,1692264297260,1692264297736,1693236561880,519,476,43
676,1693236561880,1692264297830,1692264298352,1693236562507,627,522,105
677,1693236562507,1692264298415,1692264298863,1693236563006,499,448,51
678,1693236563006,1692264298901,1692264299287,1693236563431,425,386,39
679,1693236563432,1692264299331,1692264299829,1693236563973,541,498,43
680,1693236563973,1692264299877,1692264300404,1693236564553,580,527,53
681,1693236564553,1692264300473,1692264300928,1693236565078,525,455,70
682,1693236565078,1692264300976,1692264301430,1693236565574,496,454,42
683,1693236565574,1692264301476,1692264301940,1693236566083,509,464,45
684,1693236566083,1692264301983,1692264302506,1693236566649,566,523,43
685,1693236566649,1692264302545,1692264303064,1693236567207,558,519,39
686,1693236567207,1692264303103,1692264303603,1693236567750,543,500,43
687,1693236567750,1692264303661,1692264304195,1693236568338,588,534,54
688,1693236568338,1692264304237,1692264304761,1693236568904,566,524,42
689,1693236568904,1692264304833,1692264305350,1693236569583,679,517,162
690,1693236569583,1692264305482,1692264306008,1693236570243,660,526,134
691,1693236570243,1692264306144,1692264306646,1693236570790,547,502,45
692,1693236570790,1692264306715,1692264307241,1693236571384,594,526,68
693,1693236571385,1692264307305,1692264307703,1693236571847,462,398,64
694,1693236571847,1692264307763,1692264308223,1693236572379,532,460,72
695,1693236572379,1692264308313,1692264308794,1693236572942,563,481,82
696,1693236572942,1692264308840,1692264309367,1693236573510,568,527,41
697,1693236573510,1692264309409,1692264309939,1693236574082,572,530,42
698,1693236574082,1692264310004,1692264310471,1693236574615,533,467,66
699,1693236574615,1692264310530,1692264311054,1693236575197,582,524,58
700,1693236575197,1692264311358,1692264311751,1693236575895,698,393,305
701,1693236575895,1692264311807,1692264312099,1693236576242,347,292,55
702,1693236576242,1692264312141,1692264312667,1693236576810,568,526,42
703,1693236576810,1692264312709,1692264313007,1693236577151,341,298,43
704,1693236577151,1692264313059,1692264313591,1693236577734,583,532,51
705,1693236577734,1692264313646,1692264314175,1693236578320,586,529,57
706,1693236578320,1692264314224,1692264314533,1693236578678,358,309,49
707,1693236578678,1692264314586,1692264315039,1693236579183,505,453,52
708,1693236579183,1692264315066,1692264315455,1693236579676,493,389,104
709,1693236579676,1692264315603,1692264316111,1693236580254,578,508,70
710,1693236580254,1692264316171,1692264316693,1693236580836,582,522,60
711,1693236580837,1692264316736,1692264317187,1693236581331,494,451,43
712,1693236581331,1692264317269,1692264317788,1693236581943,612,519,93
713,1693236581944,1692264317943,1692264318107,1693236582268,324,164,160
714,1693236582286,1692264318221,1692264318385,1693236582527,241,164,77
715,1693236582527,1692264318416,1692264318576,1693236582846,319,160,159
716,1693236582846,1692264318754,1692264318916,1693236583058,212,162,50
717,1693236583058,1692264318960,1692264319122,1693236583264,206,162,44
718,1693236583264,1692264319169,1692264319332,1693236583474,210,163,47
719,1693236583474,1692264319390,1692264319553,1693236583870,396,163,233
720,1693236583870,1692264319766,1692264319928,1693236584081,211,162,49
721,1693236584081,1692264319983,1692264320145,1693236584305,224,162,62
722,1693236584305,1692264320217,1692264320380,1693236584522,217,163,54
723,1693236584522,1692264320446,1692264320609,1693236584918,396,163,233
724,1693236584918,1692264320813,1692264320975,1693236585117,199,162,37
725,1693236585117,1692264321011,1692264321173,1693236585315,198,162,36
726,1693236585316,1692264321244,1692264321408,1693236585551,235,164,71
727,1693236585551,1692264321463,1692264321625,1693236585967,416,162,254
728,1693236585967,1692264321864,1692264322025,1693236586167,200,161,39
729,1693236586167,1692264322084,1692264322246,1693236586389,222,162,60
730,1693236586389,1692264322298,1692264322461,1693236586603,214,163,51
731,1693236586603,1692264322487,1692264322648,1693236586790,187,161,26
732,1693236586790,1692264322909,1692264323070,1693236587213,423,161,262
733,1693236587213,1692264323115,1692264323280,1693236587422,209,165,44
734,1693236587422,1692264323333,1692264323495,1693236587637,215,162,53
735,1693236587637,1692264323566,1692264323730,1693236588064,427,164,263
736,1693236588064,1692264323959,1692264324121,1693236588263,199,162,37
737,1693236588263,1692264324181,1692264324344,1693236588487,224,163,61
738,1693236588487,1692264324387,1692264324549,1693236588691,204,162,42
739,1693236588691,1692264324598,1692264324761,1693236589112,421,163,258
740,1693236589112,1692264325018,1692264325181,1693236589323,211,163,48
741,1693236589323,1692264325212,1692264325372,1693236589515,192,160,32
742,1693236589515,1692264325426,1692264325590,1693236589732,217,164,53
743,1693236589732,1692264325648,1692264325811,1693236590161,429,163,266
744,1693236590161,1692264326112,1692264326273,1693236590416,255,161,94
745,1693236590416,1692264326329,1692264326492,1693236590635,219,163,56
746,1693236590635,1692264326578,1692264326743,1693236590885,250,165,85
747,1693236590885,1692264326807,1692264326971,1693236591211,326,164,162
748,1693236591211,1692264327166,1692264327329,1693236591479,268,163,105
749,1693236591479,1692264327531,1692264327695,1693236591837,358,164,194
750,1693236591837,1692264327719,1692264327880,1693236592022,185,161,24
751,1693236592023,1692264328164,1692264328326,1693236592468,445,162,283
752,1693236592468,1692264328368,1692264328530,1693236592672,204,162,42
753,1693236592672,1692264328591,1692264328754,1693236592896,224,163,61
754,1693236592896,1692264328819,1692264328981,1693236593307,411,162,249
755,1693236593307,1692264329204,1692264329366,1693236593508,201,162,39
756,1693236593508,1692264329418,1692264329582,1693236593738,230,164,66
757,1693236593738,1692264329623,1692264329785,1693236593927,189,162,27
758,1693236593927,1692264329824,1692264329987,1693236594129,202,163,39
759,1693236594129,1692264330274,1692264330437,1693236594881,752,163,589
760,1693236594881,1692264330776,1692264330940,1693236595082,201,164,37
761,1693236595082,1692264330989,1692264331151,1693236595404,322,162,160
762,1693236595404,1692264331326,1692264331489,1693236595631,227,163,64
763,1693236595631,1692264331535,1692264331700,1693236595930,299,165,134
764,1693236595931,1692264331828,1692264331990,1693236596135,204,162,42
765,1693236596135,1692264332024,1692264332187,1693236596453,318,163,155
766,1693236596453,1692264332375,1692264332538,1693236596680,227,163,64
767,1693236596681,1692264332593,1692264332757,1693236596977,296,164,132
768,1693236596977,1692264332892,1692264333055,1693236597197,220,163,57
769,1693236597197,1692264333091,1692264333254,1693236597501,304,163,141
770,1693236597501,1692264333416,1692264333579,1693236597721,220,163,57
771,1693236597721,1692264333613,1692264333774,1693236598025,304,161,143
772,1693236598025,1692264333921,1692264334082,1693236598224,199,161,38
773,1693236598225,1692264334140,1692264334303,1693236598551,326,163,163
774,1693236598551,1692264334462,1692264334624,1693236598766,215,162,53
775,1693236598766,1692264334716,1692264334881,1693236599074,308,165,143
776,1693236599074,1692264334979,1692264335142,1693236599284,210,163,47
777,1693236599284,1692264335195,1692264335357,1693236599598,314,162,152
778,1693236599598,1692264335505,1692264335667,1693236599809,211,162,49
779,1693236599809,1692264335702,1692264335864,1693236600122,313,162,151
780,1693236600122,1692264336040,1692264336202,1693236600344,222,162,60
781,1693236600344,1692264336216,1692264336378,1693236600648,304,162,142
782,1693236600648,1692264336531,1692264336692,1693236600837,189,161,28
783,1693236600837,1692264336735,1692264336897,1693236601040,203,162,41
784,1693236601040,1692264336944,1692264337106,1693236601275,235,162,73
785,1693236601275,1692264337189,1692264337354,1693236601695,420,165,255
786,1693236601695,1692264337606,1692264337768,1693236601911,216,162,54
787,1693236601911,1692264337840,1692264338005,1693236602147,236,165,71
788,1693236602147,1692264338040,1692264338203,1693236602344,197,163,34
789,1693236602345,1692264338280,1692264338442,1693236602745,400,162,238
790,1693236602745,1692264338634,1692264338796,1693236602938,193,162,31
791,1693236602938,1692264338851,1692264339014,1693236603176,238,163,75
792,1693236603176,1692264339064,1692264339226,1693236603368,192,162,30
793,1693236603368,1692264339283,1692264339445,1693236603793,425,162,263
794,1693236603793,1692264339715,1692264339878,1693236604020,227,163,64
795,1693236604020,1692264339941,1692264340104,1693236604246,226,163,63
796,1693236604246,1692264340129,1692264340290,1693236604432,186,161,25
797,1693236604432,1692264340352,1692264340514,1693236604842,410,162,248
798,1693236604842,1692264340757,1692264340920,1693236605061,219,163,56
799,1693236605061,1692264340951,1692264341114,1693236605256,195,163,32
800,1693236605256,1692264341150,1692264341312,1693236605454,198,162,36
801,1693236605454,1692264341364,1692264341526,1693236605890,436,162,274
802,1693236605890,1692264341798,1692264341961,1693236606103,213,163,50
803,1693236606103,1692264342014,1692264342178,1693236606325,222,164,58
804,1693236606325,1692264342242,1692264342405,1693236606547,222,163,59
805,1693236606547,1692264342459,1692264342621,1693236606939,392,162,230
806,1693236606939,1692264342834,1692264342998,1693236607140,201,164,37
807,1693236607140,1692264343053,1692264343216,1693236607358,218,163,55
808,1693236607358,1692264343250,1692264343413,1693236607560,202,163,39
809,1693236607560,1692264343468,1692264343630,1693236607987,427,162,265
810,1693236607987,1692264343902,1692264344065,1693236608208,221,163,58
811,1693236608208,1692264344102,1692264344264,1693236608406,198,162,36
812,1693236608406,1692264344302,1692264344462,1693236608604,198,160,38
813,1693236608604,1692264344474,1692264344634,1693236608796,192,160,32
814,1693236608796,1692264344677,1692264344838,1693236609038,242,161,81
815,1693236609038,1692264344950,1692264345114,1693236609256,218,164,54
816,1693236609256,1692264345142,1692264345304,1693236609469,213,162,51
817,1693236609469,1692264345357,1692264345519,1693236609660,191,162,29
818,1693236609661,1692264345569,1692264345733,1693236610086,425,164,261
819,1693236610086,1692264345971,1692264346132,1693236610274,188,161,27
820,1693236610274,1692264346166,1692264346328,1693236610478,204,162,42
821,1693236610478,1692264346367,1692264346529,1693236610671,193,162,31
822,1693236610671,1692264346587,1692264346751,1693236610893,222,164,58
823,1693236610893,1692264347043,1692264347206,1693236611347,454,163,291
824,1693236611347,1692264347246,1692264347408,1693236611550,203,162,41
825,1693236611550,1692264347457,1692264347621,1693236611763,213,164,49
826,1693236611763,1692264347679,1692264347842,1693236612181,418,163,255
827,1693236612181,1692264348067,1692264348230,1693236612395,214,163,51
828,1693236612571,1692264348499,1692264348889,1693236613229,658,390,268
829,1693236613229,1692264349134,1692264349475,1693236613623,394,341,53
830,1693236613623,1692264349514,1692264349867,1693236614009,386,353,33
831,1693236614009,1692264349896,1692264350160,1693236614302,293,264,29
832,1693236614302,1692264350198,1692264350556,1693236614699,397,358,39
833,1693236614699,1692264350599,1692264350904,1693236615047,348,305,43
834,1693236615047,1692264350967,1692264351259,1693236615409,362,292,70
835,1693236615409,1692264351318,1692264351697,1693236615839,430,379,51
836,1693236615839,1692264351766,1692264352136,1693236616377,538,370,168
837,1693236616377,1692264352317,1692264352645,1693236616788,411,328,83
838,1693236616788,1692264352708,1692264353093,1693236617447,659,385,274
839,1693236617447,1692264353376,1692264353755,1693236617898,451,379,72
840,1693236617898,1692264353825,1692264354125,1693236618472,574,300,274
841,1693236618472,1692264354371,1692264354812,1693236618955,483,441,42
842,1693236618955,1692264354861,1692264355243,1693236619521,566,382,184
843,1693236619521,1692264355412,1692264355867,1693236620010,489,455,34
844,1693236620010,1692264356211,1692264356614,1693236620758,748,403,345
845,1693236620758,1692264356680,1692264357096,1693236621239,481,416,65
846,1693236621239,1692264357150,1692264357589,1693236621738,499,439,60
847,1693236621739,1692264357634,1692264358170,1693236622313,574,536,38
848,1693236622313,1692264358235,1692264358773,1693236622916,603,538,65
849,1693236622916,1692264358850,1692264359383,1693236623742,826,533,293
850,1693236623742,1692264359652,1692264359987,1693236624130,388,335,53
851,1693236624130,1692264360031,1692264360311,1693236624455,325,280,45
852,1693236624455,1692264360364,1692264360792,1693236624936,481,428,53
853,1693236624936,1692264360840,1692264361362,1693236625505,569,522,47
854,1693236625505,1692264361401,1692264361914,1693236626056,551,513,38
855,1693236626056,1692264361977,1692264362257,1693236626400,344,280,64
856,1693236626400,1692264362344,1692264362870,1693236627013,613,526,87
857,1693236627013,1692264362916,1692264363368,1693236627511,498,452,46
858,1693236627512,1692264363454,1692264363991,1693236628133,621,537,84
859,1693236628133,1692264364044,1692264364558,1693236628701,568,514,54
860,1693236628702,1692264364830,1692264365203,1693236629352,650,373,277
861,1693236629352,1692264365281,1692264365807,1693236630007,655,526,129
862,1693236630007,1692264365930,1692264366392,1693236630551,544,462,82
863,1693236630551,1692264366444,1692264366864,1693236631055,504,420,84
864,1693236631055,1692264366963,1692264367478,1693236631621,566,515,51
865,1693236631621,1692264367516,1692264367902,1693236632104,483,386,97
866,1693236632104,1692264367998,1692264368275,1693236632499,395,277,118
867,1693236632499,1692264368395,1692264368907,1693236633152,653,512,141
868,1693236633152,1692264369068,1692264369575,1693236633718,566,507,59
869,1693236633718,1692264369627,1692264370049,1693236634200,482,422,60
870,1693236634200,1692264370171,1692264370508,1693236634653,453,337,116
871,1693236634653,1692264370563,1692264370972,1693236635251,598,409,189
872,1693236635251,1692264371148,1692264371571,1693236635715,464,423,41
873,1693236635715,1692264371609,1692264372047,1693236636323,608,438,170
874,1693236636323,1692264372214,1692264372554,1693236636779,456,340,116
875,1693236636779,1692264372687,1692264373206,1693236637349,570,519,51
876,1693236637349,1692264373289,1692264373814,1693236637957,608,525,83
877,1693236637957,1692264373845,1692264374372,1693236638518,561,527,34
878,1693236638518,1692264374441,1692264374961,1693236639104,586,520,66
879,1693236639104,1692264375001,1692264375490,1693236639633,529,489,40
880,1693236639633,1692264375562,1692264376079,1693236640222,589,517,72
881,1693236640222,1692264376134,1692264376444,1693236640587,365,310,55
882,1693236640587,1692264376494,1692264377014,1693236641157,570,520,50
883,1693236641157,1692264377050,1692264377347,1693236641540,383,297,86
884,1693236641540,1692264377431,1692264377726,1693236641934,394,295,99
885,1693236641935,1692264377851,1692264378202,1693236642349,414,351,63
886,1693236642349,1692264378513,1692264378676,1693236642819,470,163,307
887,1693236642828,1692264378762,1692264378926,1693236643068,240,164,76
888,1693236643068,1692264378990,1692264379153,1693236643295,227,163,64
889,1693236643295,1692264379213,1692264379376,1693236643638,343,163,180
890,1693236643638,1692264379545,1692264379709,1693236643852,214,164,50
891,1693236643852,1692264379743,1692264379906,1693236644047,195,163,32
892,1693236644047,1692264379965,1692264380127,1693236644268,221,162,59
893,1693236644268,1692264380176,1692264380340,1693236644686,418,164,254
894,1693236644686,1692264380556,1692264380718,1693236644860,174,162,12
895,1693236644860,1692264380763,1692264380924,1693236645081,221,161,60
896,1693236645081,1692264380985,1692264381147,1693236645308,227,162,65
897,1693236645308,1692264381201,1692264381364,1693236645506,198,163,35
898,1693236645506,1692264381641,1692264381802,1693236645944,438,161,277
899,1693236645944,1692264381863,1692264382025,1693236646167,223,162,61
900,1693236646167,1692264382099,1692264382262,1693236646403,236,163,73
901,1693236646404,1692264382321,1692264382484,1693236646784,380,163,217
902,1693236646784,1692264382689,1692264382851,1693236646994,210,162,48
903,1693236646994,1692264382892,1692264383054,1693236647203,209,162,47
904,1693236647203,1692264383130,1692264383294,1693236647436,233,164,69
905,1693236647436,1692264383351,1692264383514,1693236647831,395,163,232
906,1693236647831,1692264383724,1692264383887,1693236648029,198,163,35
907,1693236648029,1692264383936,1692264384098,1693236648240,211,162,49
908,1693236648240,1692264384179,1692264384343,1693236648485,245,164,81
909,1693236648485,1692264384376,1692264384537,1693236648880,395,161,234
910,1693236648880,1692264384809,1692264384972,1693236649113,233,163,70
911,1693236649113,1692264385034,1692264385197,1693236649366,253,163,90
912,1693236649366,1692264385265,1692264385427,1693236649578,212,162,50
913,1693236649578,1692264385476,1692264385638,1693236649929,351,162,189
914,1693236649929,1692264385837,1692264386001,1693236650321,392,164,228
915,1693236650321,1692264386252,1692264386415,1693236650557,236,163,73
916,1693236650557,1692264386450,1692264386612,1693236650753,196,162,34
917,1693236650753,1692264386871,1692264387035,1693236651177,424,164,260
918,1693236651177,1692264387071,1692264387232,1693236651374,197,161,36
919,1693236651374,1692264387280,1692264387443,1693236651597,223,163,60
920,1693236651597,1692264387497,1692264387659,1693236651801,204,162,42
921,1693236651801,1692264387936,1692264388098,1693236652240,439,162,277
922,1693236652240,1692264388137,1692264388300,1693236652445,205,163,42
923,1693236652445,1692264388331,1692264388492,1693236652634,189,161,28
924,1693236652634,1692264388539,1692264388702,1693236652843,209,163,46
925,1693236652843,1692264388735,1692264388896,1693236653082,239,161,78
926,1693236653082,1692264388988,1692264389151,1693236653293,211,163,48
927,1693236653293,1692264389203,1692264389365,1693236653508,215,162,53
928,1693236653508,1692264389420,1692264389584,1693236653730,222,164,58
929,1693236653730,1692264389654,1692264389816,1693236654123,393,162,231
930,1693236654123,1692264390042,1692264390205,1693236654346,223,163,60
931,1693236654346,1692264390385,1692264390547,1693236654690,344,162,182
932,1693236654690,1692264390628,1692264390790,1693236654932,242,162,80
933,1693236654932,1692264391077,1692264391240,1693236655381,449,163,286
934,1693236655382,1692264391279,1692264391444,1693236655585,203,165,38
935,1693236655585,1692264391515,1692264391678,1693236655819,234,163,71
936,1693236655820,1692264391742,1692264391905,1693236656220,400,163,237
937,1693236656220,1692264392112,1692264392274,1693236656416,196,162,34
938,1693236656416,1692264392324,1692264392488,1693236656629,213,164,49
939,1693236656629,1692264392550,1692264392715,1693236656857,228,165,63
940,1693236656858,1692264392779,1692264392942,1693236657269,411,163,248
941,1693236657269,1692264393163,1692264393324,1693236657466,197,161,36
942,1693236657466,1692264393371,1692264393534,1693236657676,210,163,47
943,1693236657676,1692264393580,1692264393743,1693236657887,211,163,48
944,1693236657887,1692264393800,1692264393963,1693236658318,431,163,268
945,1693236658318,1692264394224,1692264394386,1693236658527,209,162,47
946,1693236658527,1692264394441,1692264394604,1693236658746,219,163,56
947,1693236658746,1692264394647,1692264394808,1693236658950,204,161,43
948,1693236658950,1692264394849,1692264395012,1693236659365,415,163,252
949,1693236659366,1692264395299,1692264395464,1693236659605,239,165,74
950,1693236659605,1692264395519,1692264395682,1693236659823,218,163,55
951,1693236659823,1692264395756,1692264395920,1693236660062,239,164,75
952,1693236660062,1692264395964,1692264396126,1693236660415,353,162,191
953,1693236660415,1692264396327,1692264396490,1693236660631,216,163,53
954,1693236660631,1692264396555,1692264396720,1693236660861,230,165,65
955,1693236660861,1692264396768,1692264396931,1693236661072,211,163,48
956,1693236661072,1692264396956,1692264397118,1693236661465,393,162,231
957,1693236661465,1692264397380,1692264397542,1693236661684,219,162,57
958,1693236661684,1692264397577,1692264397739,1693236661881,197,162,35
959,1693236661881,1692264397786,1692264397949,1693236662091,210,163,47
960,1693236662091,1692264397992,1692264398156,1693236662512,421,164,257
961,1693236662512,1692264398412,1692264398576,1693236662717,205,164,41
962,1693236662717,1692264398610,1692264398773,1693236662914,197,163,34
963,1693236662914,1692264398829,1692264398991,1693236663132,218,162,56
964,1693236663133,1692264399060,1692264399222,1693236663559,426,162,264
965,1693236663559,1692264399463,1692264399625,1693236663767,208,162,46
966,1693236663767,1692264399667,1692264399830,1693236663971,204,163,41
967,1693236663971,1692264399884,1692264400046,1693236664188,217,162,55
968,1693236664188,1692264400086,1692264400248,1693236664390,202,162,40
969,1693236664390,1692264400518,1692264400680,1693236664822,432,162,270
970,1693236664822,1692264400748,1692264400912,1693236665053,231,164,67
971,1693236665053,1692264400952,1692264401114,1693236665256,203,162,41
972,1693236665256,1692264401178,1692264401340,1693236665657,401,162,239
973,1693236665657,1692264401558,1692264401721,1693236665863,206,163,43
974,1693236665864,1692264401799,1692264401963,1693236666104,240,164,76
975,1693236666104,1692264402002,1692264402163,1693236666305,201,161,40
976,1693236666305,1692264402180,1692264402342,1693236666485,180,162,18
977,1693236666485,1692264402583,1692264402744,1693236666885,400,161,239
978,1693236666885,1692264402787,1692264402948,1693236667099,214,161,53
979,1693236667099,1692264403013,1692264403177,1693236667325,226,164,62
980,1693236667325,1692264403240,1692264403403,1693236667754,429,163,266
981,1693236667754,1692264403651,1692264403812,1693236667953,199,161,38
982,1693236667954,1692264403842,1692264404004,1693236668151,197,162,35
983,1693236668151,1692264404060,1692264404222,1693236668363,212,162,50
984,1693236668363,1692264404273,1692264404437,1693236668578,215,164,51
985,1693236668578,1692264404692,1692264404854,1693236668995,417,162,255
986,1693236668995,1692264404907,1692264405070,1693236669211,216,163,53
987,1693236669211,1692264405144,1692264405307,1693236669455,244,163,81
988,1693236669455,1692264405378,1692264405540,1693236669937,482,162,320
989,1693236669937,1692264405857,1692264406020,1693236670244,307,163,144
990,1693236670244,1692264406166,1692264406328,1693236670470,226,162,64
991,1693236670470,1692264406371,1692264406534,1693236670675,205,163,42
992,1693236670675,1692264406802,1692264406964,1693236671106,431,162,269
993,1693236671106,1692264407008,1692264407170,1693236671311,205,162,43
994,1693236671311,1692264407214,1692264407376,1693236671518,207,162,45
995,1693236671518,1692264407433,1692264407596,1693236671949,431,163,268
996,1693236671949,1692264407858,1692264408020,1693236672162,213,162,51
997,1693236672162,1692264408058,1692264408221,1693236672381,219,163,56
998,1693236672381,1692264408306,1692264408467,1693236672609,228,161,67
999,1693236672609,1692264408503,1692264408665,1693236672997,388,162,226
1000,1693236673165,1692264409091,1692264409378,1693236673520,355,287,68
1001,1693236673520,1692264409431,1692264409739,1693236674045,525,308,217
1002,1693236674045,1692264409967,1692264410340,1693236674481,436,373,63
1003,1693236674482,1692264410388,1692264410743,1693236675095,613,355,258
1004,1693236675095,1692264410996,1692264411215,1693236675356,261,219,42
1005,1693236675356,1692264411374,1692264411679,1693236675820,464,305,159
1006,1693236675821,1692264411723,1692264412108,1693236676249,428,385,43
1007,1693236676249,1692264412132,1692264412424,1693236676566,317,292,25
1008,1693236676566,1692264412479,1692264412836,1693236677192,626,357,269
1009,1693236677192,1692264413121,1692264413499,1693236677641,449,378,71
1010,1693236677641,1692264413536,1692264413977,1693236678240,599,441,158
1011,1693236678240,1692264414150,1692264414595,1693236678737,497,445,52
1012,1693236678737,1692264414689,1692264415144,1693236679288,551,455,96
1013,1693236679289,1692264415224,1692264415553,1693236679694,405,329,76
1014,1693236679694,1692264415606,1692264415863,1693236680730,1036,257,779
1015,1693236680730,1692264416627,1692264417032,1693236681385,655,405,250
1016,1693236681385,1692264417277,1692264417570,1693236681776,391,293,98
1017,1693236681776,1692264417700,1692264418102,1693236682434,658,402,256
1018,1693236682434,1692264418340,1692264418841,1693236682983,549,501,48
1019,1693236682984,1692264418873,1692264419334,1693236683508,524,461,63
1020,1693236683508,1692264419422,1692264419763,1693236683905,397,341,56
1021,1693236683905,1692264419795,1692264420207,1693236684530,625,412,213
1022,1693236684530,1692264420438,1692264420961,1693236685103,573,523,50
1023,1693236685103,1692264421003,1692264421445,1693236685588,485,442,43
1024,1693236685588,1692264421503,1692264421976,1693236686118,530,473,57
1025,1693236686118,1692264422036,1692264422518,1693236686661,543,482,61
1026,1693236686661,1692264422534,1692264423054,1693236687197,536,520,16
1027,1693236687197,1692264423108,1692264423406,1693236687678,481,298,183
1028,1693236687678,1692264423577,1692264424084,1693236688226,548,507,41
1029,1693236688227,1692264424114,1692264424477,1693236688726,499,363,136
1030,1693236688726,1692264424648,1692264425086,1693236689228,502,438,64
1031,1693236689228,1692264425124,1692264425516,1693236689798,570,392,178
1032,1693236689798,1692264425714,1692264426091,1693236690234,436,377,59
1033,1693236690234,1692264426139,1692264426660,1693236690822,588,521,67
1034,1693236690822,1692264426733,1692264427163,1693236691306,484,430,54
1035,1693236691306,1692264427196,1692264427647,1693236691871,565,451,114
1036,1693236691871,1692264427767,1692264428284,1693236692426,555,517,38
1037,1693236692426,1692264428335,1692264428856,1693236692998,572,521,51
1038,1693236692998,1692264428927,1692264429386,1693236693577,579,459,120
1039,1693236693577,1692264429462,1692264429909,1693236694066,489,447,42
1040,1693236694066,1692264429982,1692264430500,1693236694642,576,518,58
1041,1693236694642,1692264430555,1692264431084,1693236695227,585,529,56
1042,1693236695227,1692264431170,1692264431590,1693236695732,505,420,85
1043,1693236695732,1692264431647,1692264432006,1693236696148,416,359,57
1044,1693236696148,1692264432062,1692264432527,1693236696670,522,465,57
1045,1693236696670,1692264432568,1692264433043,1693236697185,515,475,40
1046,1693236697185,1692264433121,1692264433646,1693236697788,603,525,78
1047,1693236697788,1692264433677,1692264434183,1693236698330,542,506,36
1048,1693236698330,1692264434231,1692264434752,1693236698894,564,521,43
1049,1693236698894,1692264434793,1692264435099,1693236699242,348,306,42
1050,1693236699242,1692264435155,1692264435646,1693236699788,546,491,55
1051,1693236699788,1692264435694,1692264436100,1693236700260,472,406,66
1052,1693236700260,1692264436163,1692264436533,1693236700692,432,370,62
1053,1693236700692,1692264436586,1692264437063,1693236701309,617,477,140
1054,1693236701309,1692264437205,1692264437690,1693236701832,523,485,38
1055,1693236701833,1692264437738,1692264438155,1693236702356,523,417,106
1056,1693236702356,1692264438259,1692264438696,1693236702838,482,437,45
1057,1693236702838,1692264438736,1692264439097,1693236703405,567,361,206
1058,1693236703413,1692264439319,1692264439482,1693236703623,210,163,47
1059,1693236703624,1692264439525,1692264439687,1693236703841,217,162,55
1060,1693236703841,1692264439728,1692264439891,1693236704032,191,163,28
1061,1693236704032,1692264439932,1692264440096,1693236704453,421,164,257
1062,1693236704453,1692264440368,1692264440530,1693236704671,218,162,56
1063,1693236704671,1692264440560,1692264440722,1693236704863,192,162,30
1064,1693236704863,1692264440771,1692264440935,1693236705077,214,164,50
1065,1693236705077,1692264440977,1692264441140,1693236705502,425,163,262
1066,1693236705502,1692264441406,1692264441568,1693236705709,207,162,45
1067,1693236705709,1692264441605,1692264441766,1693236705907,198,161,37
1068,1693236705907,1692264441804,1692264441967,1693236706110,203,163,40
1069,1693236706110,1692264442013,1692264442177,1693236706319,209,164,45
1070,1693236706319,1692264442450,1692264442613,1693236706755,436,163,273
1071,1693236706755,1692264442647,1692264442808,1693236706949,194,161,33
1072,1693236706949,1692264442890,1692264443053,1693236707194,245,163,82
1073,1693236707194,1692264443077,1692264443239,1693236707599,405,162,243
1074,1693236707599,1692264443497,1692264443659,1693236707800,201,162,39
1075,1693236707800,1692264443686,1692264443850,1693236707997,197,164,33
1076,1693236707997,1692264443894,1692264444056,1693236708197,200,162,38
1077,1693236708197,1692264444134,1692264444297,1693236708648,451,163,288
1078,1693236708648,1692264444587,1692264444751,1693236708892,244,164,80
1079,1693236708892,1692264444780,1692264444941,1693236709082,190,161,29
1080,1693236709082,1692264444997,1692264445159,1693236709300,218,162,56
1081,1693236709300,1692264445213,1692264445375,1693236709696,396,162,234
1082,1693236709697,1692264445604,1692264445766,1693236709912,215,162,53
1083,1693236709912,1692264445805,1692264445967,1693236710252,340,162,178
1084,1693236710253,1692264446137,1692264446298,1693236710439,186,161,25
1085,1693236710439,1692264446349,1692264446512,1693236710745,306,163,143
1086,1693236710745,1692264446640,1692264446802,1693236710943,198,162,36
1087,1693236710943,1692264446850,1692264447013,1693236711154,211,163,48
1088,1693236711154,1692264447052,1692264447214,1693236711366,212,162,50
1089,1693236711366,1692264447269,1692264447432,1693236711574,208,163,45
1090,1693236711574,1692264447710,1692264447873,1693236712014,440,163,277
1091,1693236712014,1692264447918,1692264448079,1693236712220,206,161,45
1092,1693236712220,1692264448132,1692264448297,1693236712437,217,165,52
1093,1693236712437,1692264448386,1692264448550,1693236712842,405,164,241
1094,1693236712842,1692264448754,1692264448916,1693236713057,215,162,53
1095,1693236713057,1692264448948,1692264449109,1693236713250,193,161,32
1096,1693236713250,1692264449175,1692264449338,1693236713479,229,163,66
1097,1693236713479,1692264449370,1692264449531,1693236713892,413,161,252
1098,1693236713892,1692264449792,1692264449954,1693236714097,205,162,43
1099,1693236714097,1692264449997,1692264450159,1693236714302,205,162,43
1100,1693236714302,1692264450241,1692264450405,1693236714548,246,164,82
1101,1693236714548,1692264450465,1692264450628,1693236714965,417,163,254
1102,1693236714965,1692264450902,1692264451066,1693236715207,242,164,78
1103,1693236715208,1692264451108,1692264451271,1693236715413,205,163,42
1104,1693236715413,1692264451301,1692264451463,1693236715604,191,162,29
1105,1693236715604,1692264451533,1692264451695,1693236715988,384,162,222
1106,1693236715988,1692264451900,1692264452062,1693236716203,215,162,53
1107,1693236716203,1692264452111,1692264452274,1693236716435,232,163,69
1108,1693236716435,1692264452361,1692264452524,1693236716665,230,163,67
1109,1693236716665,1692264452596,1692264452760,1693236717036,371,164,207
1110,1693236717036,1692264452941,1692264453103,1693236717256,220,162,58
1111,1693236717256,1692264453157,1692264453320,1693236717461,205,163,42
1112,1693236717461,1692264453368,1692264453534,1693236717675,214,166,48
1113,1693236717675,1692264453592,1692264453756,1693236718085,410,164,246
1114,1693236718085,1692264453989,1692264454150,1693236718291,206,161,45
1115,1693236718291,1692264454185,1692264454346,1693236718487,196,161,35
1116,1693236718488,1692264454409,1692264454571,1693236718714,226,162,64
1117,1693236718714,1692264454654,1692264454818,1693236719136,422,164,258
1118,1693236719136,1692264455031,1692264455193,1693236719334,198,162,36
1119,1693236719334,1692264455238,1692264455400,1693236719541,207,162,45
1120,1693236719541,1692264455450,1692264455612,1693236719753,212,162,50
1121,1693236719753,1692264455655,1692264455819,1693236719959,206,164,42
1122,1693236719960,1692264456067,1692264456228,1693236720378,418,161,257
1123,1693236720378,1692264456265,1692264456426,1693236720575,197,161,36
1124,1693236720575,1692264456496,1692264456661,1693236720801,226,165,61
1125,1693236720802,1692264456691,1692264456853,1693236720994,192,162,30
1126,1693236720994,1692264457161,1692264457325,1693236721466,472,164,308
1127,1693236721467,1692264457515,1692264457678,1693236721819,352,163,189
1128,1693236721819,1692264457711,1692264457873,1693236722013,194,162,32
1129,1693236722014,1692264457920,1692264458083,1693236722279,265,163,102
1130,1693236722279,1692264458257,1692264458421,1693236722561,282,164,118
1131,1693236722561,1692264458450,1692264458612,1693236722753,192,162,30
1132,1693236722753,1692264458662,1692264458826,1693236722967,214,164,50
1133,1693236722967,1692264458879,1692264459044,1693236723327,360,165,195
1134,1693236723327,1692264459226,1692264459390,1693236723531,204,164,40
1135,1693236723531,1692264459454,1692264459618,1693236723759,228,164,64
1136,1693236723759,1692264459664,1692264459826,1693236723967,208,162,46
1137,1693236723967,1692264459869,1692264460031,1693236724377,410,162,248
1138,1693236724377,1692264460280,1692264460442,1693236724582,205,162,43
1139,1693236724583,1692264460480,1692264460642,1693236724783,200,162,38
1140,1693236724783,1692264460721,1692264460884,1693236725025,242,163,79
1141,1693236725025,1692264460978,1692264461144,1693236725426,401,166,235
1142,1693236725426,1692264461337,1692264461500,1693236725641,215,163,52
1143,1693236725641,1692264461561,1692264461725,1693236725866,225,164,61
1144,1693236725866,1692264461770,1692264461934,1693236726075,209,164,45
1145,1693236726075,1692264461978,1692264462140,1693236726473,398,162,236
1146,1693236726473,1692264462371,1692264462535,1693236726675,202,164,38
1147,1693236726675,1692264462600,1692264462765,1693236726905,230,165,65
1148,1693236726905,1692264462792,1692264462953,1693236727094,189,161,28
1149,1693236727094,1692264463006,1692264463169,1693236727523,429,163,266
1150,1693236727523,1692264463460,1692264463624,1693236727765,242,164,78
1151,1693236727765,1692264463673,1692264463837,1693236727978,213,164,49
1152,1693236727978,1692264463903,1692264464066,1693236728217,239,163,76
1153,1693236728217,1692264464120,1692264464282,1693236728570,353,162,191
1154,1693236728571,1692264464484,1692264464647,1693236728788,217,163,54
1155,1693236728788,1692264464692,1692264464856,1693236729001,213,164,49
1156,1693236729001,1692264464924,1692264465087,1693236729228,227,163,64
1157,1693236729228,1692264465122,1692264465284,1693236729623,395,162,233
1158,1693236729623,1692264465540,1692264465703,1693236729844,221,163,58
1159,1693236729844,1692264465883,1692264466045,1693236730186,342,162,180
1160,1693236730186,1692264466167,1692264466330,1693236730668,482,163,319
1161,1693236730668,1692264466597,1692264466760,1693236730902,234,163,71
1162,1693236730902,1692264466929,1692264467094,1693236731235,333,165,168
1163,1693236731235,1692264467130,1692264467291,1693236731431,196,161,35
1164,1693236731431,1692264467592,1692264467755,1693236731896,465,163,302
1165,1693236731896,1692264467807,1692264467970,1693236732110,214,163,51
1166,1693236732110,1692264468043,1692264468205,1693236732346,236,162,74
1167,1693236732346,1692264468277,1692264468440,1693236732764,418,163,255
1168,1693236732764,1692264468676,1692264468840,1693236732981,217,164,53
1169,1693236732981,1692264468891,1692264469055,1693236733196,215,164,51
1170,1693236733196,1692264469126,1692264469291,1693236733431,235,165,70
1171,1693236733843,1692264469740,1692264470147,1693236734288,445,407,38
1172,1693236734288,1692264470175,1692264470453,1693236734594,306,278,28
1173,1693236734594,1692264470754,1692264471123,1693236735265,671,369,302
1174,1693236735265,1692264471190,1692264471530,1693236735671,406,340,66
1175,1693236735671,1692264471804,1692264472042,1693236736191,520,238,282
1176,1693236736191,1692264472083,1692264472439,1693236736580,389,356,33
1177,1693236736580,1692264472503,1692264472850,1693236736991,411,347,64
1178,1693236736991,1692264472888,1692264473211,1693236737353,362,323,39
1179,1693236737353,1692264473260,1692264473622,1693236737769,416,362,54
1180,1693236737769,1692264473875,1692264474183,1693236738398,629,308,321
1181,1693236738398,1692264474311,1692264474738,1693236739065,667,427,240
1182,1693236739065,1692264474969,1692264475234,1693236739452,387,265,122
1183,1693236739452,1692264475363,1692264475656,1693236739800,348,293,55
1184,1693236739800,1692264475699,1692264476127,1693236740268,468,428,40
1185,1693236740268,1692264476172,1692264476556,1693236740697,429,384,45
1186,1693236740697,1692264476622,1692264477034,1693236741175,478,412,66
1187,1693236741175,1692264477070,1692264477545,1693236741750,575,475,100
1188,1693236741750,1692264477644,1692264478158,1693236742300,550,514,36
1189,1693236742300,1692264478210,1692264478670,1693236742823,523,460,63
1190,1693236742823,1692264478747,1692264479231,1693236743374,551,484,67
1191,1693236743374,1692264479285,1692264479778,1693236743919,545,493,52
1192,1693236743919,1692264479845,1692264480245,1693236744400,481,400,81
1193,1693236744400,1692264480318,1692264480751,1693236744892,492,433,59
1194,1693236744892,1692264480808,1692264481311,1693236745453,561,503,58
1195,1693236745453,1692264481346,1692264481836,1693236745978,525,490,35
1196,1693236745978,1692264481884,1692264482375,1693236746520,542,491,51
1197,1693236746520,1692264482427,1692264482891,1693236747068,548,464,84
1198,1693236747068,1692264482969,1692264483378,1693236747539,471,409,62
1199,1693236747539,1692264483426,1692264483950,1693236748093,554,524,30
1200,1693236748093,1692264483987,1692264484394,1693236748536,443,407,36
1201,1693236748536,1692264484448,1692264484973,1693236749119,583,525,58
1202,1693236749119,1692264485015,1692264485443,1693236749624,505,428,77
1203,1693236749624,1692264485551,1692264485950,1693236750142,518,399,119
1204,1693236750142,1692264486042,1692264486455,1693236750665,523,413,110
1205,1693236750665,1692264486609,1692264487128,1693236751373,708,519,189
1206,1693236751373,1692264487516,1692264487971,1693236752113,740,455,285
1207,1693236752113,1692264488035,1692264488557,1693236752701,588,522,66
1208,1693236752701,1692264488610,1692264489121,1693236753263,562,511,51
1209,1693236753263,1692264489176,1692264489689,1693236753831,568,513,55
1210,1693236753831,1692264489739,1692264490276,1693236754419,588,537,51
1211,1693236754419,1692264490330,1692264490766,1693236754909,490,436,54
1212,1693236754909,1692264490832,1692264491353,1693236755495,586,521,65
1213,1693236755495,1692264491427,1692264491946,1693236756087,592,519,73
1214,1693236756087,1692264492099,1692264492629,1693236756884,797,530,267
1215,1693236756884,1692264492836,1692264493187,1693236757328,444,351,93
1216,1693236757329,1692264493228,1692264493602,1693236757940,611,374,237
1217,1693236757940,1692264493818,1692264494353,1693236758494,554,535,19
1218,1693236758494,1692264494399,1692264494745,1693236758978,484,346,138
1219,1693236758978,1692264494909,1692264495403,1693236759557,579,494,85
1220,1693236759557,1692264495487,1692264495889,1693236760030,473,402,71
1221,1693236760031,1692264495941,1692264496385,1693236760526,495,444,51
1222,1693236760527,1692264496449,1692264496888,1693236761076,549,439,110
1223,1693236761076,1692264496992,1692264497526,1693236761667,591,534,57
1224,1693236761667,1692264497571,1692264498113,1693236762255,588,542,46
1225,1693236762255,1692264498175,1692264498634,1693236762776,521,459,62
1226,1693236762776,1692264498702,1692264499043,1693236763184,408,341,67
1227,1693236763184,1692264499110,1692264499513,1693236763653,469,403,66
1228,1693236763653,1692264499550,1692264499713,1693236763853,200,163,37
1229,1693236763862,1692264499760,1692264499922,1693236764221,359,162,197
1230,1693236764221,1692264500129,1692264500292,1693236764432,211,163,48
1231,1693236764432,1692264500349,1692264500512,1693236764652,220,163,57
1232,1693236764652,1692264500558,1692264500720,1693236764860,208,162,46
1233,1693236764860,1692264500764,1692264500929,1693236765270,410,165,245
1234,1693236765270,1692264501191,1692264501354,1693236765494,224,163,61
1235,1693236765494,1692264501389,1692264501550,1693236765691,197,161,36
1236,1693236765691,1692264501602,1692264501766,1693236765907,216,164,52
1237,1693236765907,1692264501815,1692264501978,1693236766320,413,163,250
1238,1693236766320,1692264502194,1692264502355,1693236766495,175,161,14
1239,1693236766495,1692264502383,1692264502545,1693236766711,216,162,54
1240,1693236766711,1692264502630,1692264502793,1693236766934,223,163,60
1241,1693236766934,1692264502829,1692264502990,1693236767130,196,161,35
1242,1693236767131,1692264503031,1692264503194,1693236767368,237,163,74
1243,1693236767368,1692264503289,1692264503452,1693236767592,224,163,61
1244,1693236767592,1692264503520,1692264503683,1693236767824,232,163,69
1245,1693236767824,1692264503740,1692264503902,1693236768042,218,162,56
1246,1693236768042,1692264503931,1692264504093,1693236768415,373,162,211
1247,1693236768415,1692264504321,1692264504484,1693236768625,210,163,47
1248,1693236768625,1692264504532,1692264504694,1693236768834,209,162,47
1249,1693236768834,1692264504755,1692264504920,1693236769061,227,165,62
1250,1693236769061,1692264504978,1692264505142,1693236769466,405,164,241
1251,1693236769466,1692264505366,1692264505528,1693236769669,203,162,41
1252,1693236769669,1692264505584,1692264505746,1693236769887,218,162,56
1253,1693236769887,1692264505784,1692264505945,1693236770236,349,161,188
1254,1693236770236,1692264506151,1692264506314,1693236770512,276,163,113
1255,1693236770512,1692264506407,1692264506570,1693236770710,198,163,35
1256,1693236770710,1692264506636,1692264506799,1693236770940,230,163,67
1257,1693236770940,1692264506865,1692264507028,1693236771169,229,163,66
1258,1693236771169,1692264507085,1692264507248,1693236771561,392,163,229
1259,1693236771561,1692264507465,1692264507627,1693236771767,206,162,44
1260,1693236771767,1692264507667,1692264507830,1693236771970,203,163,40
1261,1693236771970,1692264507886,1692264508049,1693236772189,219,163,56
1262,1693236772189,1692264508096,1692264508260,1693236772612,423,164,259
1263,1693236772612,1692264508512,1692264508674,1693236772814,202,162,40
1264,1693236772814,1692264508725,1692264508887,1693236773028,214,162,52
1265,1693236773028,1692264508926,1692264509089,1693236773229,201,163,38
1266,1693236773229,1692264509129,1692264509291,1693236773431,202,162,40
1267,1693236773431,1692264509540,1692264509701,1693236773841,410,161,249
1268,1693236773841,1692264509743,1692264509905,1693236774049,208,162,46
1269,1693236774049,1692264509972,1692264510135,1693236774275,226,163,63
1270,1693236774275,1692264510213,1692264510376,1693236774707,432,163,269
1271,1693236774707,1692264510611,1692264510774,1693236774914,207,163,44
1272,1693236774914,1692264510824,1692264510986,1693236775126,212,162,50
1273,1693236775126,1692264511028,1692264511190,1693236775331,205,162,43
1274,1693236775331,1692264511229,1692264511392,1693236775532,201,163,38
1275,1693236775532,1692264511654,1692264511816,1693236775957,425,162,263
1276,1693236775957,1692264511899,1692264512064,1693236776206,249,165,84
1277,1693236776206,1692264512133,1692264512298,1693236776439,233,165,68
1278,1693236776439,1692264512329,1692264512491,1693236776804,365,162,203
1279,1693236776804,1692264512760,1692264512924,1693236777087,283,164,119
1280,1693236777087,1692264513108,1692264513270,1693236777410,323,162,161
1281,1693236777411,1692264513305,1692264513466,1693236777606,195,161,34
1282,1693236777606,1692264513503,1692264513664,1693236777853,247,161,86
1283,1693236777853,1692264513749,1692264513910,1693236778051,198,161,37
1284,1693236778051,1692264513970,1692264514132,1693236778272,221,162,59
1285,1693236778273,1692264514177,1692264514338,1693236778479,206,161,45
1286,1693236778479,1692264514380,1692264514543,1693236778901,422,163,259
1287,1693236778901,1692264514804,1692264514966,1693236779106,205,162,43
1288,1693236779107,1692264515018,1692264515180,1693236779321,214,162,52
1289,1693236779321,1692264515223,1692264515384,1693236779524,203,161,42
1290,1693236779525,1692264515477,1692264515642,1693236779950,425,165,260
1291,1693236779950,1692264515877,1692264516040,1693236780181,231,163,68
1292,1693236780181,1692264516095,1692264516258,1693236780399,218,163,55
1293,1693236780399,1692264516304,1692264516466,1693236780606,207,162,45
1294,1693236780606,1692264516511,1692264516674,1693236780998,392,163,229
1295,1693236780998,1692264516902,1692264517064,1693236781205,207,162,45
1296,1693236781205,1692264517107,1692264517270,1693236781410,205,163,42
1297,1693236781410,1692264517334,1692264517498,1693236781639,229,164,65
1298,1693236781639,1692264517572,1692264517737,1693236782048,409,165,244
1299,1693236782048,1692264517947,1692264518109,1693236782249,201,162,39
1300,1693236782249,1692264518187,1692264518352,1693236782493,244,165,79
1301,1693236782493,1692264518409,1692264518575,1693236782729,236,166,70
1302,1693236782729,1692264518646,1692264518811,1693236783095,366,165,201
1303,1693236783095,1692264519003,1692264519166,1693236783307,212,163,49
1304,1693236783307,1692264519208,1692264519370,1693236783513,206,162,44
1305,1693236783513,1692264519419,1692264519583,1693236783723,210,164,46
1306,1693236783723,1692264519615,1692264519777,1693236783917,194,162,32
1307,1693236783917,1692264520028,1692264520189,1693236784330,413,161,252
1308,1693236784330,1692264520233,1692264520394,1693236784537,207,161,46
1309,1693236784537,1692264520446,1692264520609,1693236784751,214,163,51
1310,1693236784751,1692264520660,1692264520823,1693236784972,221,163,58
1311,1693236784972,1692264521084,1692264521247,1693236785387,415,163,252
1312,1693236785387,1692264521327,1692264521492,1693236785632,245,165,80
1313,1693236785633,1692264521535,1692264521698,1693236785838,205,163,42
1314,1693236785839,1692264521776,1692264521940,1693236786241,402,164,238
1315,1693236786241,1692264522162,1692264522325,1693236786465,224,163,61
1316,1693236786465,1692264522386,1692264522549,1693236786689,224,163,61
1317,1693236786689,1692264522588,1692264522751,1693236786893,204,163,41
1318,1693236786893,1692264522796,1692264522960,1693236787289,396,164,232
1319,1693236787289,1692264523175,1692264523336,1693236787476,187,161,26
1320,1693236787476,1692264523375,1692264523537,1693236787682,206,162,44
1321,1693236787682,1692264523582,1692264523744,1693236787897,215,162,53
1322,1693236787897,1692264523794,1692264523956,1693236788096,199,162,37
1323,1693236788096,1692264524224,1692264524387,1693236788527,431,163,268
1324,1693236788527,1692264524454,1692264524618,1693236788758,231,164,67
1325,1693236788758,1692264524651,1692264524812,1693236788952,194,161,33
1326,1693236788952,1692264524852,1692264525015,1693236789157,205,163,42
1327,1693236789157,1692264525280,1692264525443,1693236789583,426,163,263
1328,1693236789583,1692264525476,1692264525637,1693236789777,194,161,33
1329,1693236789777,1692264525699,1692264525861,1693236790001,224,162,62
1330,1693236790002,1692264525897,1692264526058,1693236790198,196,161,35
1331,1693236790198,1692264526091,1692264526252,1693236790436,238,161,77
1332,1693236790436,1692264526360,1692264526523,1693236790663,227,163,64
1333,1693236790663,1692264526570,1692264526734,1693236790878,215,164,51
1334,1693236790878,1692264526771,1692264526934,1693236791074,196,163,33
1335,1693236791074,1692264526983,1692264527146,1693236791487,413,163,250
1336,1693236791487,1692264527388,1692264527550,1693236791690,203,162,41
1337,1693236791690,1692264527607,1692264527770,1693236791910,220,163,57
1338,1693236791911,1692264527822,1692264527985,1693236792125,214,163,51
1339,1693236792125,1692264528039,1692264528201,1693236792534,409,162,247
1340,1693236792534,1692264528440,1692264528602,1693236792742,208,162,46
1341,1693236792742,1692264528649,1692264528811,1693236792958,216,162,54
1342,1693236792959,1692264528846,1692264529007,1693236793148,189,161,28
1343,1693236793148,1692264529039,1692264529201,1693236793343,195,162,33
1344,1693236793343,1692264529455,1692264529618,1693236793758,415,163,252
1345,1693236793758,1692264529719,1692264529885,1693236794025,267,166,101
1346,1693236794187,1692264530090,1692264530451,1693236794629,442,361,81
1347,1693236794629,1692264530537,1692264530928,1693236795070,441,391,50
1348,1693236795070,1692264531002,1692264531376,1693236795678,608,374,234
1349,1693236795678,1692264531600,1692264531960,1693236796104,426,360,66
1350,1693236796104,1692264532003,1692264532292,1693236796439,335,289,46
1351,1693236796439,1692264532333,1692264532708,1693236796850,411,375,36
1352,1693236796850,1692264532758,1692264533139,1693236797280,430,381,49
1353,1693236797280,1692264533174,1692264533520,1693236797778,498,346,152
1354,1693236797778,1692264533684,1692264534052,1693236798193,415,368,47
1355,1693236798193,1692264534090,1692264534473,1693236798823,630,383,247
1356,1693236798823,1692264534737,1692264534982,1693236799123,300,245,55
1357,1693236799123,1692264535114,1692264535493,1693236799634,511,379,132
1358,1693236799634,1692264535768,1692264536205,1693236800365,731,437,294
1359,1693236800365,1692264536271,1692264536725,1693236800922,557,454,103
1360,1693236800922,1692264536818,1692264537267,1693236801408,486,449,37
1361,1693236801408,1692264537315,1692264537759,1693236801973,565,444,121
1362,1693236801973,1692264537884,1692264538387,1693236802528,555,503,52
1363,1693236802528,1692264538418,1692264538701,1693236803018,490,283,207
1364,1693236803018,1692264538914,1692264539234,1693236803414,396,320,76
1365,1693236803414,1692264539305,1692264539583,1693236803724,310,278,32
1366,1693236803724,1692264539623,1692264540065,1693236804207,483,442,41
1367,1693236804207,1692264540113,1692264540640,1693236804781,574,527,47
1368,1693236804781,1692264540684,1692264541088,1693236805231,450,404,46
1369,1693236805231,1692264541129,1692264541627,1693236805849,618,498,120
1370,1693236805849,1692264541763,1692264542275,1693236806415,566,512,54
1371,1693236806415,1692264542339,1692264542812,1693236806954,539,473,66
1372,1693236806954,1692264543082,1692264543614,1693236807755,801,532,269
1373,1693236807755,1692264543658,1692264544115,1693236808260,505,457,48
1374,1693236808260,1692264544168,1692264544650,1693236808791,531,482,49
1375,1693236808791,1692264544690,1692264545126,1693236809309,518,436,82
1376,1693236809309,1692264545205,1692264545738,1693236809879,570,533,37
1377,1693236809879,1692264545803,1692264546082,1693236810358,479,279,200
1378,1693236810358,1692264546282,1692264546737,1693236810882,524,455,69
1379,1693236810882,1692264546803,1692264547259,1693236811406,524,456,68
1380,1693236811406,1692264547316,1692264547773,1693236811915,509,457,52
1381,1693236811915,1692264547814,1692264548346,1693236812499,584,532,52
1382,1693236812499,1692264548403,1692264548861,1693236813004,505,458,47
1383,1693236813004,1692264548908,1692264549365,1693236813529,525,457,68
1384,1693236813529,1692264549439,1692264549862,1693236814003,474,423,51
1385,1693236814003,1692264549904,1692264550438,1693236814578,575,534,41
1386,1693236814578,1692264550513,1692264550917,1693236815058,480,404,76
1387,1693236815058,1692264550982,1692264551473,1693236815614,556,491,65
1388,1693236815614,1692264551538,1692264551911,1693236816052,438,373,65
1389,1693236816052,1692264551978,1692264552475,1693236816649,597,497,100
1390,1693236816649,1692264552547,1692264552949,1693236817091,442,402,40
1391,1693236817091,1692264552979,1692264553488,1693236817698,607,509,98
1392,1693236817698,1692264553616,1692264554009,1693236818150,452,393,59
1393,1693236818150,1692264554033,1692264554496,1693236818778,628,463,165
1394,1693236818778,1692264554661,1692264555040,1693236819182,404,379,25
1395,1693236819182,1692264555094,1692264555630,1693236819795,613,536,77
1396,1693236819795,1692264555704,1692264556144,1693236820290,495,440,55
1397,1693236820290,1692264556181,1692264556689,1693236820843,553,508,45
1398,1693236820843,1692264556758,1692264557113,1693236821253,410,355,55
1399,1693236821254,1692264557171,1692264557568,1693236821892,638,397,241
1400,1693236821892,1692264557801,1692264558241,1693236822382,490,440,50
1401,1693236822382,1692264558297,1692264558674,1693236822939,557,377,180
1402,1693236822939,1692264558869,1692264559399,1693236823541,602,530,72
1403,1693236823541,1692264559481,1692264560016,1693236824157,616,535,81
1404,1693236824157,1692264560072,1692264560236,1693236824379,222,164,58
1405,1693236824387,1692264560293,1692264560455,1693236824594,207,162,45
1406,1693236824595,1692264560504,1692264560667,1693236824807,212,163,49
1407,1693236824807,1692264560919,1692264561081,1693236825221,414,162,252
1408,1693236825221,1692264561106,1692264561268,1693236825430,209,162,47
1409,1693236825430,1692264561340,1692264561502,1693236825656,226,162,64
1410,1693236825656,1692264561549,1692264561710,1693236825850,194,161,33
1411,1693236825850,1692264561978,1692264562140,1693236826280,430,162,268
1412,1693236826280,1692264562202,1692264562365,1693236826505,225,163,62
1413,1693236826505,1692264562408,1692264562570,1693236826710,205,162,43
1414,1693236826710,1692264562611,1692264562776,1693236827134,424,165,259
1415,1693236827134,1692264563044,1692264563207,1693236827349,215,163,52
1416,1693236827349,1692264563252,1692264563417,1693236827568,219,165,54
1417,1693236827568,1692264563476,1692264563640,1693236827780,212,164,48
1418,1693236827780,1692264563694,1692264563858,1693236828184,404,164,240
1419,1693236828184,1692264564089,1692264564251,1693236828391,207,162,45
1420,1693236828391,1692264564307,1692264564470,1693236828610,219,163,56
1421,1693236828610,1692264564520,1692264564683,1693236828823,213,163,50
1422,1693236828823,1692264564732,1692264564894,1693236829232,409,162,247
1423,1693236829232,1692264565135,1692264565297,1693236829436,204,162,42
1424,1693236829436,1692264565357,1692264565522,1693236829661,225,165,60
1425,1693236829661,1692264565550,1692264565712,1693236829852,191,162,29
1426,1693236829852,1692264565784,1692264565949,1693236830280,428,165,263
1427,1693236830281,1692264566183,1692264566346,1693236830486,205,163,42
1428,1693236830486,1692264566393,1692264566555,1693236830722,236,162,74
1429,1693236830722,1692264566609,1692264566772,1693236830912,190,163,27
1430,1693236830912,1692264566807,1692264566968,1693236831329,417,161,256
1431,1693236831329,1692264567238,1692264567400,1693236831540,211,162,49
1432,1693236831540,1692264567488,1692264567652,1693236831792,252,164,88
1433,1693236831792,1692264567686,1692264567849,1693236831989,197,163,34
1434,1693236831989,1692264567885,1692264568047,1693236832377,388,162,226
1435,1693236832377,1692264568299,1692264568462,1693236832602,225,163,62
1436,1693236832602,1692264568498,1692264568659,1693236832798,196,161,35
1437,1693236832799,1692264568736,1692264568900,1693236833039,240,164,76
1438,1693236833039,1692264568979,1692264569141,1693236833425,386,162,224
1439,1693236833426,1692264569325,1692264569486,1693236833626,200,161,39
1440,1693236833626,1692264569527,1692264569689,1693236833828,202,162,40
1441,1693236833829,1692264569761,1692264569924,1693236834064,235,163,72
1442,1693236834064,1692264569962,1692264570124,1693236834474,410,162,248
1443,1693236834474,1692264570391,1692264570553,1693236834693,219,162,57
1444,1693236834693,1692264570643,1692264570806,1693236834946,253,163,90
1445,1693236834946,1692264570865,1692264571027,1693236835167,221,162,59
1446,1693236835167,1692264571064,1692264571226,1693236835523,356,162,194
1447,1693236835523,1692264571454,1692264571617,1693236835756,233,163,70
1448,1693236835756,1692264571662,1692264571827,1693236835966,210,165,45
1449,1693236835966,1692264571887,1692264572050,1693236836189,223,163,60
1450,1693236836189,1692264572103,1692264572265,1693236836571,382,162,220
1451,1693236836571,1692264572502,1692264572665,1693236836805,234,163,71
1452,1693236836805,1692264572700,1692264572861,1693236837007,202,161,41
1453,1693236837007,1692264572916,1692264573078,1693236837219,212,162,50
1454,1693236837219,1692264573117,1692264573280,1693236837622,403,163,240
1455,1693236837622,1692264573517,1692264573678,1693236837818,196,161,35
1456,1693236837818,1692264573708,1692264573870,1693236838013,195,162,33
1457,1693236838013,1692264573928,1692264574093,1693236838237,224,165,59
1458,1693236838237,1692264574132,1692264574294,1693236838434,197,162,35
1459,1693236838434,1692264574322,1692264574484,1693236838669,235,162,73
1460,1693236838669,1692264574590,1692264574754,1693236838894,225,164,61
1461,1693236838894,1692264574804,1692264574968,1693236839108,214,164,50
1462,1693236839108,1692264575039,1692264575203,1693236839361,253,164,89
1463,1693236839361,1692264575263,1692264575425,1693236839717,356,162,194
1464,1693236839717,1692264575653,1692264575819,1693236839958,241,166,75
1465,1693236839959,1692264575856,1692264576018,1693236840158,199,162,37
1466,1693236840158,1692264576070,1692264576234,1693236840373,215,164,51
1467,1693236840373,1692264576279,1692264576441,1693236840765,392,162,230
1468,1693236840765,1692264576656,1692264576818,1693236840958,193,162,31
1469,1693236840958,1692264576870,1692264577033,1693236841177,219,163,56
1470,1693236841177,1692264577079,1692264577241,1693236841425,248,162,86
1471,1693236841425,1692264577342,1692264577508,1693236841840,415,166,249
1472,1693236841840,1692264577743,1692264577905,1693236842045,205,162,43
1473,1693236842045,1692264577942,1692264578104,1693236842244,199,162,37
1474,1693236842244,1692264578175,1692264578340,1693236842480,236,165,71
1475,1693236842480,1692264578400,1692264578563,1693236842863,383,163,220
1476,1693236842863,1692264578758,1692264578921,1693236843060,197,163,34
1477,1693236843060,1692264578955,1692264579118,1693236843257,197,163,34
1478,1693236843258,1692264579193,1692264579357,1693236843497,239,164,75
1479,1693236843497,1692264579413,1692264579576,1693236843912,415,163,252
1480,1693236843912,1692264579847,1692264580010,1693236844150,238,163,75
1481,1693236844150,1692264580074,1692264580236,1693236844375,225,162,63
1482,1693236844375,1692264580297,1692264580460,1693236844599,224,163,61
1483,1693236844599,1692264580484,1692264580644,1693236844959,360,160,200
1484,1693236844959,1692264580874,1692264581037,1693236845176,217,163,54
1485,1693236845176,1692264581088,1692264581250,1693236845389,213,162,51
1486,1693236845389,1692264581304,1692264581466,1693236845607,218,162,56
1487,1693236845607,1692264581497,1692264581658,1693236846011,404,161,243
1488,1693236846011,1692264581920,1692264582084,1693236846223,212,164,48
1489,1693236846223,1692264582131,1692264582294,1693236846440,217,163,54
1490,1693236846440,1692264582334,1692264582496,1693236846635,195,162,33
1491,1693236846635,1692264582529,1692264582690,1693236846830,195,161,34
1492,1693236846830,1692264582948,1692264583110,1693236847261,431,162,269
1493,1693236847261,1692264583170,1692264583332,1693236847472,211,162,49
1494,1693236847472,1692264583388,1692264583551,1693236847691,219,163,56
1495,1693236847691,1692264583586,1692264583747,1693236848066,375,161,214
1496,1693236848066,1692264583953,1692264584114,1693236848253,187,161,26
1497,1693236848253,1692264584168,1692264584332,1693236848471,218,164,54
1498,1693236848471,1692264584519,1692264584682,1693236848821,350,163,187
1499,1693236848821,1692264584730,1692264584893,1693236849101,280,163,117
1500,1693236849101,1692264585021,1692264585184,1693236849337,236,163,73
1501,1693236849337,1692264585237,1692264585401,1693236849951,614,164,450
1502,1693236849951,1692264585841,1692264586003,1693236850475,524,162,362
1503,1693236850475,1692264586424,1692264586587,1693236850999,524,163,361
1504,1693236850999,1692264586929,1692264587091,1693236851528,529,162,367
1505,1693236851528,1692264587429,1692264587590,1693236852052,524,161,363
1506,1693236852052,1692264587981,1692264588143,1693236852576,524,162,362
1507,1693236852576,1692264588994,1692264589156,1693236853624,1048,162,886
1508,1693236853625,1692264589538,1692264589701,1693236854149,524,163,361
1509,1693236854149,1692264590068,1692264590229,1693236854673,524,161,363
1510,1693236855196,1692264591135,1692264591433,1693236855722,526,298,228
1511,1693236855722,1692264591666,1692264591935,1693236856245,523,269,254
1512,1693236856245,1692264592147,1692264592496,1693236856769,524,349,175
1513,1693236856769,1692264592696,1692264593066,1693236857294,525,370,155
1514,1693236857294,1692264593210,1692264593580,1693236857818,524,370,154
1515,1693236857818,1692264593761,1692264594126,1693236858343,525,365,160
1516,1693236858343,1692264594263,1692264594585,1693236858865,522,322,200
1517,1693236858865,1692264594802,1692264595206,1693236859391,526,404,122
1518,1693236859391,1692264595281,1692264595710,1693236859913,522,429,93
1519,1693236859913,1692264595825,1692264596194,1693236860439,526,369,157
1520,1693236860439,1692264596357,1692264596760,1693236860900,461,403,58
1521,1693236860900,1692264596841,1692264597249,1693236861389,489,408,81
1522,1693236861389,1692264597275,1692264597594,1693236861821,432,319,113
1523,1693236861821,1692264597728,1692264598023,1693236862345,524,295,229
1524,1693236862345,1692264598275,1692264598691,1693236862868,523,416,107
1525,1693236862869,1692264598771,1692264599250,1693236863394,525,479,46
1526,1693236863394,1692264599296,1692264599781,1693236863921,527,485,42
1527,1693236863922,1692264599796,1692264600285,1693236864442,520,489,31
1528,1693236864442,1692264600372,1692264600840,1693236864980,538,468,70
1529,1693236864980,1692264600874,1692264601296,1693236865495,515,422,93
1530,1693236865495,1692264601398,1692264601789,1693236866014,519,391,128
1531,1693236866014,1692264601939,1692264602298,1693236866538,524,359,165
1532,1693236866538,1692264602431,1692264602921,1693236867062,524,490,34
1533,1693236867062,1692264602985,1692264603456,1693236867596,534,471,63
1534,1693236867596,1692264603521,1692264603931,1693236868082,486,410,76
1535,1693236868082,1692264603977,1692264604456,1693236868699,617,479,138
1536,1693236868699,1692264604616,1692264604909,1693236869050,351,293,58
1537,1693236869050,1692264604959,1692264605391,1693236869685,635,432,203
1538,1693236869685,1692264605596,1692264606069,1693236870210,525,473,52
1539,1693236870210,1692264606143,1692264606650,1693236870790,580,507,73
1540,1693236870790,1692264606675,1692264607057,1693236871197,407,382,25
1541,1693236871197,1692264607116,1692264607524,1693236871781,584,408,176
1542,1693236871781,1692264607672,1692264607979,1693236872174,393,307,86
1543,1693236872174,1692264608071,1692264608481,1693236872830,656,410,246
1544,1693236872830,1692264608744,1692264609012,1693236873223,393,268,125
1545,1693236873223,1692264609126,1692264609642,1693236873878,655,516,139
1546,1693236873878,1692264609787,1692264610265,1693236874426,548,478,70
1547,1693236874426,1692264610342,1692264610795,1693236874935,509,453,56
1548,1693236874935,1692264610844,1692264611339,1693236875480,545,495,50
1549,1693236875480,1692264611377,1692264611854,1693236876002,522,477,45
1550,1693236876003,1692264611894,1692264612320,1693236876461,458,426,32
1551,1693236876461,1692264612376,1692264612861,1693236877024,563,485,78
1552,1693236877024,1692264612922,1692264613282,1693236877422,398,360,38
1553,1693236877422,1692264613342,1692264613829,1693236878073,651,487,164
1554,1693236878073,1692264613982,1692264614442,1693236878582,509,460,49
1555,1693236878582,1692264614483,1692264614976,1693236879121,539,493,46
1556,1693236879121,1692264615059,1692264615532,1693236879674,553,473,80
1557,1693236879674,1692264615598,1692264615959,1693236880169,495,361,134
1558,1693236880169,1692264616139,1692264616608,1693236880748,579,469,110
1559,1693236880748,1692264616645,1692264617065,1693236881219,471,420,51
1560,1693236881219,1692264617143,1692264617605,1693236881745,526,462,64
1561,1693236881745,1692264617645,1692264618115,1693236882267,522,470,52
1562,1693236882267,1692264618207,1692264618658,1693236882798,531,451,80
1563,1693236882798,1692264618708,1692264619199,1693236883339,541,491,50
1564,1693236883339,1692264619279,1692264619699,1693236883859,520,420,100
1565,1693236883860,1692264619747,1692264620133,1693236884364,504,386,118
1566,1693236884364,1692264620261,1692264620684,1693236884824,460,423,37
1567,1693236884824,1692264620738,1692264620901,1693236885040,216,163,53
1568,1693236885040,1692264620948,1692264621113,1693236885412,372,165,207
1569,1693236885446,1692264621344,1692264621506,1693236885645,199,162,37
1570,1693236885645,1692264621539,1692264621700,1693236885839,194,161,33
1571,1693236885840,1692264621736,1692264621900,1693236886040,200,164,36
1572,1693236886040,1692264621982,1692264622145,1693236886461,421,163,258
1573,1693236886461,1692264622365,1692264622526,1693236886665,204,161,43
1574,1693236886665,1692264622577,1692264622741,1693236886893,228,164,64
1575,1693236886893,1692264622814,1692264622977,1693236887116,223,163,60
1576,1693236887116,1692264623015,1692264623177,1693236887509,393,162,231
1577,1693236887509,1692264623408,1692264623570,1693236887709,200,162,38
1578,1693236887709,1692264623627,1692264623790,1693236887929,220,163,57
1579,1693236887929,1692264623845,1692264624007,1693236888154,225,162,63
1580,1693236888154,1692264624066,1692264624229,1693236888558,404,163,241
1581,1693236888558,1692264624484,1692264624647,1693236888788,230,163,67
1582,1693236888788,1692264624685,1692264624846,1693236888985,197,161,36
1583,1693236888985,1692264624926,1692264625089,1693236889228,243,163,80
1584,1693236889228,1692264625143,1692264625311,1693236889608,380,168,212
1585,1693236889608,1692264625579,1692264625742,1693236889881,273,163,110
1586,1693236889882,1692264625871,1692264626034,1693236890345,463,163,300
1587,1693236890345,1692264626229,1692264626390,1693236890655,310,161,149
1588,1693236890655,1692264626576,1692264626738,1693236890878,223,162,61
1589,1693236890878,1692264626771,1692264626935,1693236891074,196,164,32
1590,1693236891074,1692264626977,1692264627139,1693236891278,204,162,42
1591,1693236891278,1692264627155,1692264627316,1693236891455,177,161,16
1592,1693236891455,1692264627596,1692264627758,1693236891897,442,162,280
1593,1693236891897,1692264627811,1692264627973,1693236892112,215,162,53
1594,1693236892113,1692264628023,1692264628185,1693236892324,211,162,49
1595,1693236892324,1692264628279,1692264628442,1693236892752,428,163,265
1596,1693236892752,1692264628667,1692264628829,1693236892968,216,162,54
1597,1693236892968,1692264628868,1692264629029,1693236893185,217,161,56
1598,1693236893185,1692264629091,1692264629253,1693236893392,207,162,45
1599,1693236893392,1692264629330,1692264629492,1693236893801,409,162,247
1600,1693236893801,1692264629704,1692264629866,1693236894005,204,162,42
1601,1693236894005,1692264629921,1692264630084,1693236894223,218,163,55
1602,1693236894223,1692264630141,1692264630304,1693236894443,220,163,57
1603,1693236894443,1692264630344,1692264630505,1693236894849,406,161,245
1604,1693236894849,1692264630750,1692264630911,1693236895051,202,161,41
1605,1693236895051,1692264630970,1692264631133,1693236895273,222,163,59
1606,1693236895273,1692264631176,1692264631338,1693236895477,204,162,42
1607,1693236895477,1692264631377,1692264631539,1693236895898,421,162,259
1608,1693236895898,1692264631814,1692264631977,1693236896117,219,163,56
1609,1693236896117,1692264632025,1692264632188,1693236896330,213,163,50
1610,1693236896330,1692264632243,1692264632407,1693236896546,216,164,52
1611,1693236896546,1692264632448,1692264632609,1693236896947,401,161,240
1612,1693236896947,1692264632852,1692264633015,1693236897153,206,163,43
1613,1693236897153,1692264633057,1692264633221,1693236897362,209,164,45
1614,1693236897362,1692264633278,1692264633440,1693236897579,217,162,55
1615,1693236897579,1692264633492,1692264633654,1693236897995,416,162,254
1616,1693236897995,1692264633905,1692264634068,1693236898208,213,163,50
1617,1693236898208,1692264634112,1692264634276,1693236898415,207,164,43
1618,1693236898415,1692264634310,1692264634472,1693236898611,196,162,34
1619,1693236898611,1692264634509,1692264634670,1693236898809,198,161,37
1620,1693236898809,1692264634920,1692264635082,1693236899221,412,162,250
1621,1693236899221,1692264635135,1692264635299,1693236899438,217,164,53
1622,1693236899438,1692264635366,1692264635528,1693236899667,229,162,67
1623,1693236899667,1692264635597,1692264635760,1693236900092,425,163,262
1624,1693236900092,1692264636003,1692264636165,1693236900304,212,162,50
1625,1693236900304,1692264636244,1692264636407,1693236900546,242,163,79
1626,1693236900546,1692264636471,1692264636634,1693236900772,226,163,63
1627,1693236900772,1692264636682,1692264636846,1693236901141,369,164,205
1628,1693236901141,1692264637058,1692264637220,1693236901359,218,162,56
1629,1693236901359,1692264637273,1692264637436,1693236901578,219,163,56
1630,1693236901578,1692264637473,1692264637636,1693236901775,197,163,34
1631,1693236901775,1692264637680,1692264637841,1693236902188,413,161,252
1632,1693236902188,1692264638095,1692264638257,1693236902397,209,162,47
1633,1693236902397,1692264638284,1692264638446,1693236902585,188,162,26
1634,1693236902585,1692264638512,1692264638674,1693236902813,228,162,66
1635,1693236902813,1692264638702,1692264638864,1693236903003,190,162,28
1636,1693236903003,1692264639129,1692264639292,1693236903431,428,163,265
1637,1693236903431,1692264639335,1692264639499,1693236903638,207,164,43
1638,1693236903638,1692264639541,1692264639703,1693236903854,216,162,54
1639,1693236903854,1692264639755,1692264639920,1693236904287,433,165,268
1640,1693236904287,1692264640208,1692264640370,1693236904509,222,162,60
1641,1693236904509,1692264640393,1692264640554,1693236904693,184,161,23
1642,1693236904693,1692264640594,1692264640756,1693236904895,202,162,40
1643,1693236904895,1692264640802,1692264640965,1693236905104,209,163,46
1644,1693236905104,1692264641238,1692264641400,1693236905540,436,162,274
1645,1693236905540,1692264641444,1692264641606,1693236905770,230,162,68
1646,1693236905770,1692264641683,1692264641846,1693236905985,215,163,52
1647,1693236905985,1692264641900,1692264642063,1693236906384,399,163,236
1648,1693236906384,1692264642304,1692264642467,1693236906606,222,163,59
1649,1693236906606,1692264642502,1692264642664,1693236906803,197,162,35
1650,1693236906803,1692264642688,1692264642849,1693236907002,199,161,38
1651,1693236907002,1692264642910,1692264643073,1693236907432,430,163,267
1652,1693236907432,1692264643338,1692264643500,1693236907639,207,162,45
1653,1693236907639,1692264643545,1692264643709,1693236907848,209,164,45
1654,1693236907848,1692264643755,1692264643917,1693236908056,208,162,46
1655,1693236908056,1692264643951,1692264644112,1693236908251,195,161,34
1656,1693236908251,1692264644390,1692264644553,1693236908692,441,163,278
1657,1693236908692,1692264644598,1692264644761,1693236908912,220,163,57
1658,1693236908912,1692264644829,1692264644992,1693236909131,219,163,56
1659,1693236909131,1692264645034,1692264645197,1693236909528,397,163,234
1660,1693236909529,1692264645451,1692264645614,1693236909753,224,163,61
1661,1693236909753,1692264645649,1692264645811,1693236909950,197,162,35
1662,1693236909950,1692264645887,1692264646051,1693236910189,239,164,75
1663,1693236910190,1692264646084,1692264646245,1693236910577,387,161,226
1664,1693236910577,1692264646495,1692264646658,1693236910797,220,163,57
1665,1693236910797,1692264646703,1692264646866,1693236911005,208,163,45
1666,1693236911005,1692264646944,1692264647109,1693236911247,242,165,77
1667,1693236911247,1692264647190,1692264647355,1693236911626,379,165,214
1668,1693236911626,1692264647541,1692264647704,1693236911843,217,163,54
1669,1693236911843,1692264647736,1692264647897,1693236912157,314,161,153
1670,1693236912157,1692264648217,1692264648378,1693236912678,521,161,360
1671,1693236912678,1692264648729,1692264648891,1693236913065,387,162,225
1672,1693236913065,1692264648955,1692264649116,1693236913256,191,161,30
1673,1693236913256,1692264649180,1692264649342,1693236913481,225,162,63
1674,1693236913481,1692264649595,1692264649756,1693236913896,415,161,254
1675,1693236913896,1692264649798,1692264649959,1693236914118,222,161,61
1676,1693236914118,1692264650013,1692264650175,1693236914314,196,162,34
1677,1693236914314,1692264650208,1692264650369,1693236914508,194,161,33
1678,1693236914508,1692264650666,1692264650829,1693236914988,480,163,317
1679,1693236914988,1692264650893,1692264651054,1693236915193,205,161,44
1680,1693236915193,1692264651089,1692264651251,1693236915411,218,162,56
1681,1693236915411,1692264651337,1692264651500,1693236915849,438,163,275
1682,1693236916010,1692264651925,1692264652288,1693236916440,430,363,67
1683,1693236916441,1692264652358,1692264652732,1693236916892,451,374,77
1684,1693236916892,1692264652817,1692264653196,1693236917335,443,379,64
1685,1693236917335,1692264653234,1692264653592,1693236917917,582,358,224
1686,1693236917917,1692264653825,1692264654128,1693236918388,471,303,168
1687,1693236918388,1692264654298,1692264654697,1693236918967,579,399,180
1688,1693236918967,1692264654879,1692264655229,1693236919368,401,350,51
1689,1693236919368,1692264655278,1692264655562,1693236919703,335,284,51
1690,1693236919703,1692264655607,1692264655979,1693236920280,577,372,205
1691,1693236920280,1692264656411,1692264656808,1693236921063,783,397,386
1692,1693236921063,1692264656993,1692264657325,1693236921614,551,332,219
1693,1693236921614,1692264657534,1692264657914,1693236922113,499,380,119
1694,1693236922113,1692264658029,1692264658385,1693236922635,522,356,166
1695,1693236922636,1692264658556,1692264658909,1693236923161,525,353,172
1696,1693236923161,1692264659102,1692264659472,1693236923685,524,370,154
1697,1693236923685,1692264659607,1692264660006,1693236924209,524,399,125
1698,1693236924209,1692264660131,1692264660513,1693236924734,525,382,143
1699,1693236924734,1692264660676,1692264661195,1693236925335,601,519,82
1700,1693236925335,1692264661232,1692264661652,1693236925793,458,420,38
1701,1693236925793,1692264661697,1692264662221,1693236926360,567,524,43
1702,1693236926360,1692264662248,1692264662686,1693236926826,466,438,28
1703,1693236926826,1692264662752,1692264663279,1693236927418,592,527,65
1704,1693236927418,1692264663340,1692264663847,1693236927987,569,507,62
1705,1693236927987,1692264663905,1692264664199,1693236928403,416,294,122
1706,1693236928403,1692264664306,1692264664648,1693236928796,393,342,51
1707,1693236928796,1692264664702,1692264665228,1693236929473,677,526,151
1708,1693236929473,1692264665422,1692264665870,1693236930010,537,448,89
1709,1693236930010,1692264665920,1692264666439,1693236930599,589,519,70
1710,1693236930599,1692264666512,1692264666928,1693236931069,470,416,54
1711,1693236931069,1692264666978,1692264667522,1693236931662,593,544,49
1712,1693236931662,1692264667560,1692264668093,1693236932233,571,533,38
1713,1693236932233,1692264668152,1692264668559,1693236932699,466,407,59
1714,1693236932700,1692264668634,1692264669120,1693236933261,561,486,75
1715,1693236933261,1692264669190,1692264669699,1693236933838,577,509,68
1716,1693236933838,1692264669756,1692264670207,1693236934346,508,451,57
1717,1693236934346,1692264670245,1692264670745,1693236934884,538,500,38
1718,1693236934884,1692264670805,1692264671335,1693236935475,591,530,61
1719,1693236935475,1692264671374,1692264671820,1693236935960,485,446,39
1720,1693236935960,1692264671875,1692264672369,1693236936509,549,494,55
1721,1693236936509,1692264672433,1692264672828,1693236936968,459,395,64
1722,1693236936968,1692264672901,1692264673391,1693236937530,562,490,72
1723,1693236937530,1692264673453,1692264673979,1693236938128,598,526,72
1724,1693236938128,1692264674023,1692264674415,1693236938556,428,392,36
1725,1693236938556,1692264674482,1692264674972,1693236939113,557,490,67
1726,1693236939113,1692264675017,1692264675552,1693236939697,584,535,49
1727,1693236939697,1692264675814,1692264676226,1693236940370,673,412,261
1728,1693236940371,1692264676272,1692264676793,1693236940985,614,521,93
1729,1693236940985,1692264676905,1692264677298,1693236941438,453,393,60
1730,1693236941438,1692264677367,1692264677634,1693236941775,337,267,70
1731,1693236941776,1692264677690,1692264678210,1693236942427,651,520,131
1732,1693236942427,1692264678390,1692264678850,1693236943083,656,460,196
1733,1693236943083,1692264678999,1692264679523,1693236943665,582,524,58
1734,1693236943665,1692264679598,1692264680074,1693236944214,549,476,73
1735,1693236944215,1692264680114,1692264680406,1693236944546,331,292,39
1736,1693236944546,1692264680445,1692264680895,1693236945181,635,450,185
1737,1693236945181,1692264681104,1692264681458,1693236945621,440,354,86
1738,1693236945621,1692264681568,1692264681929,1693236946228,607,361,246
1739,1693236946238,1692264682143,1692264682305,1693236946444,206,162,44
1740,1693236946444,1692264682366,1692264682531,1693236946669,225,165,60
1741,1693236946669,1692264682581,1692264682744,1693236946883,214,163,51
1742,1693236946883,1692264682785,1692264682947,1693236947277,394,162,232
1743,1693236947277,1692264683180,1692264683342,1693236947481,204,162,42
1744,1693236947481,1692264683381,1692264683544,1693236947682,201,163,38
1745,1693236947683,1692264683575,1692264683736,1693236947894,211,161,50
1746,1693236947894,1692264683794,1692264683956,1693236948095,201,162,39
1747,1693236948095,1692264684256,1692264684418,1693236948556,461,162,299
1748,1693236948556,1692264684489,1692264684653,1693236948798,242,164,78
1749,1693236948798,1692264684716,1692264684880,1693236949023,225,164,61
1750,1693236949023,1692264684948,1692264685111,1693236949377,354,163,191
1751,1693236949377,1692264685294,1692264685457,1693236949595,218,163,55
1752,1693236949595,1692264685503,1692264685666,1693236949808,213,163,50
1753,1693236949808,1692264685708,1692264685870,1693236950008,200,162,38
1754,1693236950008,1692264686120,1692264686282,1693236950425,417,162,255
1755,1693236950425,1692264686339,1692264686501,1693236950640,215,162,53
1756,1693236950640,1692264686533,1692264686694,1693236950832,192,161,31
1757,1693236950832,1692264686730,1692264686893,1693236951046,214,163,51
1758,1693236951046,1692264686955,1692264687121,1693236951471,425,166,259
1759,1693236951471,1692264687392,1692264687554,1693236951692,221,162,59
1760,1693236951693,1692264687605,1692264687767,1693236951906,213,162,51
1761,1693236951906,1692264687844,1692264688008,1693236952167,261,164,97
1762,1693236952167,1692264688060,1692264688222,1693236952519,352,162,190
1763,1693236952519,1692264688431,1692264688593,1693236952732,213,162,51
1764,1693236952733,1692264688628,1692264688790,1693236952928,195,162,33
1765,1693236952928,1692264688854,1692264689016,1693236953155,227,162,65
1766,1693236953155,1692264689071,1692264689234,1693236953568,413,163,250
1767,1693236953568,1692264689467,1692264689629,1693236953767,199,162,37
1768,1693236953767,1692264689656,1692264689818,1693236953961,194,162,32
1769,1693236953961,1692264689866,1692264690030,1693236954186,225,164,61
1770,1693236954186,1692264690096,1692264690261,1693236954617,431,165,266
1771,1693236954617,1692264690517,1692264690679,1693236954817,200,162,38
1772,1693236954817,1692264690728,1692264690892,1693236955030,213,164,49
1773,1693236955030,1692264690922,1692264691084,1693236955222,192,162,30
1774,1693236955222,1692264691119,1692264691280,1693236955424,202,161,41
1775,1693236955424,1692264691327,1692264691491,1693236955666,242,164,78
1776,1693236955666,1692264691574,1692264691736,1693236955875,209,162,47
1777,1693236955875,1692264691791,1692264691954,1693236956114,239,163,76
1778,1693236956114,1692264692048,1692264692212,1693236956351,237,164,73
1779,1693236956351,1692264692252,1692264692414,1693236956721,370,162,208
1780,1693236956721,1692264692620,1692264692782,1693236956920,199,162,37
1781,1693236956920,1692264692833,1692264692995,1693236957133,213,162,51
1782,1693236957133,1692264693046,1692264693208,1693236957348,215,162,53
1783,1693236957348,1692264693273,1692264693435,1693236957763,415,162,253
1784,1693236957763,1692264693674,1692264693836,1693236957974,211,162,49
1785,1693236957974,1692264693893,1692264694056,1693236958194,220,163,57
1786,1693236958194,1692264694142,1692264694305,1693236958460,266,163,103
1787,1693236958460,1692264694354,1692264694516,1693236958811,351,162,189
1788,1693236958811,1692264694725,1692264694887,1693236959026,215,162,53
1789,1693236959026,1692264694940,1692264695103,1693236959245,219,163,56
1790,1693236959245,1692264695171,1692264695334,1693236959473,228,163,65
1791,1693236959473,1692264695380,1692264695542,1693236959859,386,162,224
1792,1693236959859,1692264695760,1692264695922,1693236960060,201,162,39
1793,1693236960061,1692264695956,1692264696118,1693236960256,195,162,33
1794,1693236960256,1692264696170,1692264696332,1693236960480,224,162,62
1795,1693236960480,1692264696367,1692264696528,1693236960666,186,161,25
1796,1693236960666,1692264696568,1692264696730,1693236960933,267,162,105
1797,1693236960933,1692264696836,1692264697000,1693236961139,206,164,42
1798,1693236961139,1692264697055,1692264697218,1693236961356,217,163,54
1799,1693236961356,1692264697236,1692264697399,1693236961538,182,163,19
1800,1693236961538,1692264697430,1692264697592,1693236961730,192,162,30
1801,1693236961730,1692264697859,1692264698022,1693236962170,440,163,277
1802,1693236962170,1692264698083,1692264698245,1693236962412,242,162,80
1803,1693236962412,1692264698324,1692264698486,1693236962625,213,162,51
1804,1693236962625,1692264698527,1692264698689,1693236963005,380,162,218
1805,1693236963005,1692264698918,1692264699080,1693236963219,214,162,52
1806,1693236963219,1692264699112,1692264699275,1693236963413,194,163,31
1807,1693236963413,1692264699319,1692264699481,1693236963631,218,162,56
1808,1693236963631,1692264699516,1692264699677,1693236963815,184,161,23
1809,1693236963815,1692264699963,1692264700125,1693236964264,449,162,287
1810,1693236964264,1692264700154,1692264700316,1693236964455,191,162,29
1811,1693236964455,1692264700366,1692264700530,1693236964669,214,164,50
1812,1693236964669,1692264700569,1692264700730,1693236964869,200,161,39
1813,1693236964869,1692264700991,1692264701153,1693236965291,422,162,260
1814,1693236965291,1692264701213,1692264701376,1693236965534,243,163,80
1815,1693236965534,1692264701434,1692264701596,1693236965735,201,162,39
1816,1693236965735,1692264701655,1692264701818,1693236966151,416,163,253
1817,1693236966151,1692264702060,1692264702223,1693236966361,210,163,47
1818,1693236966361,1692264702262,1692264702424,1693236966562,201,162,39
1819,1693236966562,1692264702463,1692264702626,1693236966770,208,163,45
1820,1693236966770,1692264702685,1692264702847,1693236967226,456,162,294
1821,1693236967226,1692264703120,1692264703283,1693236967421,195,163,32
1822,1693236967421,1692264703324,1692264703486,1693236967624,203,162,41
1823,1693236967624,1692264703555,1692264703718,1693236967856,232,163,69
1824,1693236967856,1692264703767,1692264703929,1693236968249,393,162,231
1825,1693236968249,1692264704162,1692264704324,1693236968462,213,162,51
1826,1693236968462,1692264704357,1692264704518,1693236968658,196,161,35
1827,1693236968658,1692264704571,1692264704734,1693236968872,214,163,51
1828,1693236968872,1692264704783,1692264704946,1693236969302,430,163,267
1829,1693236969302,1692264705205,1692264705367,1693236969505,203,162,41
1830,1693236969505,1692264705404,1692264705566,1693236969704,199,162,37
1831,1693236969704,1692264705623,1692264705788,1693236969927,223,165,58
1832,1693236969927,1692264705832,1692264705994,1693236970346,419,162,257
1833,1693236970346,1692264706281,1692264706445,1693236970583,237,164,73
1834,1693236970583,1692264706491,1692264706654,1693236970792,209,163,46
1835,1693236970792,1692264706707,1692264706870,1693236971008,216,163,53
1836,1693236971008,1692264706945,1692264707108,1693236971395,387,163,224
1837,1693236971395,1692264707299,1692264707461,1693236971600,205,162,43
1838,1693236971600,1692264707511,1692264707674,1693236971827,227,163,64
1839,1693236971827,1692264707731,1692264707893,1693236972031,204,162,42
1840,1693236972031,1692264707954,1692264708118,1693236972443,412,164,248
1841,1693236972443,1692264708348,1692264708510,1693236972648,205,162,43
1842,1693236972648,1692264708567,1692264708729,1693236972874,226,162,64
1843,1693236972874,1692264708793,1692264708955,1693236973094,220,162,58
1844,1693236973094,1692264709004,1692264709166,1693236973491,397,162,235
1845,1693236973491,1692264709412,1692264709574,1693236973712,221,162,59
1846,1693236973713,1692264709604,1692264709765,1693236973903,190,161,29
1847,1693236973903,1692264709816,1692264709978,1693236974117,214,162,52
1848,1693236974117,1692264710011,1692264710174,1693236974312,195,163,32
1849,1693236974312,1692264710431,1692264710593,1693236974732,420,162,258
1850,1693236974732,1692264710652,1692264710816,1693236974973,241,164,77
1851,1693236974974,1692264710883,1692264711045,1693236975183,209,162,47
1852,1693236975183,1692264711087,1692264711252,1693236975592,409,165,244
1853,1693236975592,1692264711507,1692264711669,1693236975807,215,162,53
1854,1693236975807,1692264711713,1692264711875,1693236976014,207,162,45
1855,1693236976014,1692264711918,1692264712080,1693236976219,205,162,43
1856,1693236976219,1692264712110,1692264712274,1693236976413,194,164,30
