request_number,request_time_ms,request_received_time_ms,response_time_ms,response_received_time_ms,end_to_end_latency,compute_time,transmission_time
1,1693230927861,1692258663763,1692258670138,1693230934339,6478,6375,103
2,1693230934340,1692258670242,1692258676602,1693230940805,6465,6360,105
3,1693230940806,1692258676637,1692258682990,1693230947193,6387,6353,34
4,1693230947194,1692258683020,1692258689504,1693230953743,6549,6484,65
5,1693230953804,1692258689725,1692258696004,1693230960203,6399,6279,120
6,1693230960373,1692258696219,1692258710211,1693230974410,14037,13992,45
7,1693230974413,1692258710271,1692258725747,1693230989959,15546,15476,70
8,1693230989961,1692258725807,1692258732322,1693230996523,6562,6515,47
9,1693230996532,1692258732365,1692258738645,1693231002844,6312,6280,32
10,1693231002845,1692258738681,1692258744950,1693231009149,6304,6269,35
11,1693231009149,1692258744995,1692258751270,1693231015470,6321,6275,46
12,1693231015470,1692258751307,1692258757581,1693231021803,6333,6274,59
13,1693231021804,1692258757635,1692258763906,1693231028105,6301,6271,30
14,1693231028273,1692258764118,1692258775989,1693231040188,11915,11871,44
15,1693231040190,1692258776050,1692258791649,1693231055848,15658,15599,59
16,1693231055850,1692258791694,1692258799393,1693231063593,7743,7699,44
17,1693231063602,1692258799435,1692258805712,1693231070028,6426,6277,149
18,1693231070029,1692258805899,1692258812173,1693231076372,6343,6274,69
19,1693231076374,1692258812221,1692258818486,1693231082684,6310,6265,45
20,1693231082685,1692258818523,1692258824796,1693231088994,6309,6273,36
21,1693231088997,1692258824831,1692258831111,1693231095310,6313,6280,33
22,1693231095480,1692258831317,1692258843484,1693231107682,12202,12167,35
23,1693231107684,1692258843530,1692258855964,1693231120210,12526,12434,92
24,1693231120211,1692258856050,1692258864907,1693231129105,8894,8857,37
25,1693231129111,1692258864957,1692258871230,1693231135428,6317,6273,44
26,1693231135429,1692258871277,1692258877548,1693231141746,6317,6271,46
27,1693231141747,1692258877582,1692258883864,1693231148062,6315,6282,33
28,1693231148063,1692258883900,1692258890170,1693231154368,6305,6270,35
29,1693231154369,1692258890202,1692258896477,1693231160675,6306,6275,31
30,1693231160842,1692258896684,1692258908523,1693231172731,11889,11839,50
31,1693231172732,1692258908608,1692258923283,1693231187482,14750,14675,75
32,1693231187483,1692258923329,1692258931469,1693231195666,8183,8140,43
33,1693231195674,1692258931511,1692258937775,1693231201973,6299,6264,35
34,1693231201973,1692258937810,1692258944078,1693231208275,6302,6268,34
35,1693231208277,1692258944110,1692258950383,1693231214618,6341,6273,68
36,1693231214619,1692258950454,1692258956733,1693231220930,6311,6279,32
37,1693231220931,1692258956763,1692258963035,1693231227236,6305,6272,33
38,1693231227404,1692258963281,1692258975834,1693231240042,12638,12553,85
39,1693231240043,1692258975891,1692258989856,1693231254052,14009,13965,44
40,1693231254053,1692258989904,1692258998118,1693231262315,8262,8214,48
41,1693231262322,1692258998173,1692259004441,1693231268638,6316,6268,48
42,1693231268639,1692259004484,1692259010753,1693231274949,6310,6269,41
43,1693231274950,1692259010789,1692259017061,1693231281258,6308,6272,36
44,1693231281259,1692259017094,1692259023372,1693231287568,6309,6278,31
45,1693231287569,1692259023405,1692259029668,1693231293864,6295,6263,32
46,1693231294032,1692259029868,1692259041517,1693231305714,11682,11649,33
47,1693231305715,1692259041564,1692259054513,1693231318709,12994,12949,45
48,1693231318710,1692259054562,1692259063599,1693231327795,9085,9037,48
49,1693231327802,1692259063636,1692259069903,1693231334116,6314,6267,47
50,1693231334116,1692259069952,1692259076228,1693231340424,6308,6276,32
51,1693231340426,1692259076259,1692259082533,1693231346729,6303,6274,29
52,1693231346730,1692259082563,1692259088835,1693231353031,6301,6272,29
53,1693231353032,1692259088882,1692259095144,1693231359403,6371,6262,109
54,1693231359575,1692259095434,1692259107142,1693231371392,11817,11708,109
55,1693231371393,1692259107242,1692259120839,1693231385035,13642,13597,45
56,1693231385036,1692259120897,1692259129409,1693231393605,8569,8512,57
57,1693231393617,1692259129452,1692259135723,1693231399960,6343,6271,72
58,1693231399961,1692259135797,1692259142068,1693231406264,6303,6271,32
59,1693231406265,1692259142100,1692259148365,1693231412658,6393,6265,128
60,1693231412658,1692259148495,1692259154766,1693231418962,6304,6271,33
61,1693231418962,1692259154796,1692259161060,1693231425255,6293,6264,29
62,1693231425425,1692259161268,1692259173318,1693231437514,12089,12050,39
63,1693231437515,1692259173378,1692259187193,1693231451389,13874,13815,59
64,1693231451390,1692259187248,1692259196036,1693231460231,8841,8788,53
65,1693231460237,1692259196075,1692259202352,1693231466547,6310,6277,33
66,1693231466548,1692259202382,1692259208654,1693231472848,6300,6272,28
67,1693231472849,1692259208693,1692259214965,1693231479216,6367,6272,95
68,1693231479217,1692259215061,1692259221341,1693231485566,6349,6280,69
69,1693231485566,1692259221407,1692259227695,1693231491889,6323,6288,35
70,1693231492058,1692259227894,1692259240042,1693231504237,12179,12148,31
71,1693231504238,1692259240089,1692259253970,1693231518227,13989,13881,108
72,1693231518228,1692259254078,1692259262475,1693231526669,8441,8397,44
73,1693231526675,1692259262509,1692259268778,1693231532972,6297,6269,28
74,1693231532972,1692259268812,1692259275082,1693231539276,6304,6270,34
75,1693231539277,1692259275110,1692259281373,1693231545567,6290,6263,27
76,1693231545568,1692259281404,1692259287677,1693231551871,6303,6273,30
77,1693231551871,1692259287709,1692259293979,1693231558173,6302,6270,32
78,1693231558343,1692259294191,1692259304910,1693231569104,10761,10719,42
79,1693231569104,1692259304954,1692259319013,1693231583207,14103,14059,44
80,1693231583208,1692259319072,1692259328025,1693231592219,9011,8953,58
81,1693231592227,1692259328067,1692259334322,1693231598518,6291,6255,36
82,1693231598518,1692259334355,1692259340611,1693231604804,6286,6256,30
83,1693231604805,1692259340647,1692259346920,1693231611113,6308,6273,35
84,1693231611114,1692259346952,1692259353212,1693231617412,6298,6260,38
85,1693231617413,1692259353267,1692259359516,1693231623709,6296,6249,47
