request_number,request_time_ms,request_received_time_ms,response_time_ms,response_received_time_ms,end_to_end_latency,compute_time,transmission_time
1,1693227360272,1692255096212,1692255096224,1693227360462,190,12,178
2,1693227360462,1692255096320,1692255096329,1693227360568,106,9,97
3,1693227360568,1692255096336,1692255096339,1693227360577,9,3,6
4,1693227360577,1692255096347,1692255096352,1693227360590,13,5,8
5,1693227360590,1692255096357,1692255096361,1693227360598,8,4,4
6,1693227360598,1692255096367,1692255096371,1693227360608,10,4,6
7,1693227360608,1692255096376,1692255096379,1693227360617,9,3,6
8,1693227360617,1692255096384,1692255096388,1693227360625,8,4,4
9,1693227360625,1692255096393,1692255096397,1693227360635,10,4,6
10,1693227360635,1692255096402,1692255096405,1693227360642,7,3,4
11,1693227360642,1692255096410,1692255096414,1693227360650,8,4,4
12,1693227360650,1692255096505,1692255096515,1693227360752,102,10,92
13,1693227360752,1692255096521,1692255096525,1693227360762,10,4,6
14,1693227360762,1692255096530,1692255096534,1693227360773,11,4,7
15,1693227360773,1692255096541,1692255096545,1693227360783,10,4,6
16,1693227360783,1692255096551,1692255096554,1693227360791,8,3,5
17,1693227360791,1692255096558,1692255096563,1693227360799,8,5,3
18,1693227360799,1692255096568,1692255096571,1693227360808,9,3,6
19,1693227360808,1692255096576,1692255096579,1693227360816,8,3,5
20,1693227360816,1692255096584,1692255096588,1693227360825,9,4,5
21,1693227360825,1692255096593,1692255096597,1693227360833,8,4,4
22,1693227360833,1692255096686,1692255096695,1693227360933,100,9,91
23,1693227360933,1692255096701,1692255096704,1693227360942,9,3,6
24,1693227360942,1692255096711,1692255096722,1693227360960,18,11,7
25,1693227360960,1692255096727,1692255096730,1693227360968,8,3,5
26,1693227360968,1692255096736,1692255096739,1693227360978,10,3,7
27,1693227360978,1692255096749,1692255096752,1693227360989,11,3,8
28,1693227360989,1692255096768,1692255096772,1693227361009,20,4,16
29,1693227361009,1692255096777,1692255096780,1693227361017,8,3,5
30,1693227361017,1692255096873,1692255096883,1693227361121,104,10,94
31,1693227361121,1692255096888,1692255096892,1693227361129,8,4,4
32,1693227361129,1692255096897,1692255096902,1693227361139,10,5,5
33,1693227361139,1692255096907,1692255096910,1693227361147,8,3,5
34,1693227361147,1692255096916,1692255096921,1693227361158,11,5,6
35,1693227361158,1692255096925,1692255096929,1693227361166,8,4,4
36,1693227361166,1692255096934,1692255096938,1693227361175,9,4,5
37,1693227361175,1692255096943,1692255096947,1693227361184,9,4,5
38,1693227361184,1692255096953,1692255096956,1693227361193,9,3,6
39,1693227361193,1692255097044,1692255097052,1693227361291,98,8,90
40,1693227361291,1692255097059,1692255097063,1693227361300,9,4,5
41,1693227361300,1692255097068,1692255097072,1693227361309,9,4,5
42,1693227361309,1692255097078,1692255097082,1693227361320,11,4,7
43,1693227361320,1692255097087,1692255097091,1693227361328,8,4,4
44,1693227361328,1692255097096,1692255097101,1693227361338,10,5,5
45,1693227361338,1692255097106,1692255097110,1693227361347,9,4,5
46,1693227361347,1692255097115,1692255097119,1693227361356,9,4,5
47,1693227361356,1692255097124,1692255097127,1693227361365,9,3,6
48,1693227361365,1692255097217,1692255097227,1693227361465,100,10,90
49,1693227361465,1692255097236,1692255097241,1693227361478,13,5,8
50,1693227361479,1692255097246,1692255097251,1693227361489,10,5,5
51,1693227361489,1692255097257,1692255097260,1693227361497,8,3,5
52,1693227361497,1692255097266,1692255097270,1693227361507,10,4,6
53,1693227361507,1692255097274,1692255097277,1693227361514,7,3,4
54,1693227361514,1692255097282,1692255097286,1693227361523,9,4,5
55,1693227361523,1692255097291,1692255097294,1693227361531,8,3,5
56,1693227361531,1692255097299,1692255097302,1693227361539,8,3,5
57,1693227361539,1692255097307,1692255097310,1693227361546,7,3,4
58,1693227361546,1692255097399,1692255097409,1693227361647,101,10,91
59,1693227361647,1692255097415,1692255097419,1693227361656,9,4,5
60,1693227361656,1692255097423,1692255097427,1693227361664,8,4,4
61,1693227361664,1692255097432,1692255097440,1693227361677,13,8,5
62,1693227361677,1692255097445,1692255097448,1693227361685,8,3,5
63,1693227361685,1692255097453,1692255097456,1693227361694,9,3,6
64,1693227361694,1692255097461,1692255097464,1693227361701,7,3,4
65,1693227361701,1692255097469,1692255097472,1693227361709,8,3,5
66,1693227361709,1692255097476,1692255097479,1693227361716,7,3,4
67,1693227361716,1692255097491,1692255097495,1693227361732,16,4,12
68,1693227361732,1692255097499,1692255097502,1693227361739,7,3,4
69,1693227361739,1692255097506,1692255097510,1693227361747,8,4,4
70,1693227361747,1692255097514,1692255097517,1693227361754,7,3,4
71,1693227361754,1692255097522,1692255097524,1693227361761,7,2,5
72,1693227361761,1692255097529,1692255097532,1693227361769,8,3,5
73,1693227361769,1692255097536,1692255097539,1693227361777,8,3,5
74,1693227361777,1692255097546,1692255097549,1693227361786,9,3,6
75,1693227361786,1692255097555,1692255097558,1693227361796,10,3,7
76,1693227361797,1692255097565,1692255097569,1693227361806,9,4,5
77,1693227361806,1692255097574,1692255097578,1693227361814,8,4,4
78,1693227361814,1692255097583,1692255097587,1693227361824,10,4,6
79,1693227361824,1692255097592,1692255097594,1693227361832,8,2,6
80,1693227361832,1692255097600,1692255097603,1693227361840,8,3,5
81,1693227361840,1692255097609,1692255097612,1693227361850,10,3,7
82,1693227361850,1692255097618,1692255097621,1693227361858,8,3,5
83,1693227361858,1692255097627,1692255097631,1693227361867,9,4,5
84,1693227361867,1692255097635,1692255097638,1693227361874,7,3,4
85,1693227361875,1692255097643,1692255097646,1693227361883,8,3,5
86,1693227361883,1692255097652,1692255097655,1693227361892,9,3,6
87,1693227361892,1692255097660,1692255097663,1693227361900,8,3,5
88,1693227361900,1692255097668,1692255097671,1693227361908,8,3,5
89,1693227361908,1692255097676,1692255097679,1693227361916,8,3,5
90,1693227361916,1692255097685,1692255097688,1693227361926,10,3,7
91,1693227361926,1692255097695,1692255097698,1693227361935,9,3,6
92,1693227361935,1692255097702,1692255097706,1693227361943,8,4,4
93,1693227361943,1692255097711,1692255097714,1693227361951,8,3,5
94,1693227361951,1692255097718,1692255097724,1693227361962,11,6,5
95,1693227361962,1692255097730,1692255097733,1693227361970,8,3,5
96,1693227361970,1692255097739,1692255097742,1693227361979,9,3,6
97,1693227361979,1692255097748,1692255097752,1693227361989,10,4,6
98,1693227361989,1692255097757,1692255097760,1693227361997,8,3,5
99,1693227361997,1692255097767,1692255097770,1693227362007,10,3,7
100,1693227362007,1692255097776,1692255097779,1693227362016,9,3,6
101,1693227362016,1692255097784,1692255097787,1693227362024,8,3,5
102,1693227362024,1692255097794,1692255097797,1693227362034,10,3,7
103,1693227362034,1692255097802,1692255097805,1693227362042,8,3,5
104,1693227362042,1692255097810,1692255097813,1693227362051,9,3,6
105,1693227362051,1692255097819,1692255097822,1693227362059,8,3,5
106,1693227362059,1692255097827,1692255097830,1693227362067,8,3,5
107,1693227362067,1692255097835,1692255097838,1693227362076,9,3,6
108,1693227362076,1692255097844,1692255097847,1693227362084,8,3,5
109,1693227362084,1692255097852,1692255097855,1693227362092,8,3,5
110,1693227362092,1692255097860,1692255097863,1693227362100,8,3,5
111,1693227362100,1692255097870,1692255097873,1693227362110,10,3,7
112,1693227362110,1692255097879,1692255097883,1693227362120,10,4,6
113,1693227362120,1692255097887,1692255097890,1693227362127,7,3,4
114,1693227362127,1692255097896,1692255097899,1693227362136,9,3,6
115,1693227362136,1692255097905,1692255097909,1693227362146,10,4,6
116,1693227362146,1692255097915,1692255097918,1693227362154,8,3,5
117,1693227362154,1692255097928,1692255097932,1693227362171,17,4,13
118,1693227362171,1692255097939,1692255097943,1693227362180,9,4,5
119,1693227362180,1692255097949,1692255097952,1693227362189,9,3,6
120,1693227362189,1692255097956,1692255097960,1693227362196,7,4,3
121,1693227362196,1692255097965,1692255097968,1693227362208,12,3,9
122,1693227362208,1692255097976,1692255097979,1693227362216,8,3,5
123,1693227362216,1692255097983,1692255097987,1693227362223,7,4,3
124,1693227362223,1692255097991,1692255097995,1693227362231,8,4,4
125,1693227362232,1692255097999,1692255098002,1693227362240,8,3,5
126,1693227362240,1692255098007,1692255098011,1693227362248,8,4,4
127,1693227362248,1692255098017,1692255098020,1693227362257,9,3,6
128,1693227362257,1692255098025,1692255098029,1693227362266,9,4,5
129,1693227362266,1692255098035,1692255098039,1693227362276,10,4,6
130,1693227362276,1692255098045,1692255098049,1693227362286,10,4,6
131,1693227362286,1692255098054,1692255098057,1693227362294,8,3,5
132,1693227362294,1692255098061,1692255098064,1693227362301,7,3,4
133,1693227362301,1692255098075,1692255098079,1693227362316,15,4,11
134,1693227362316,1692255098085,1692255098090,1693227362327,11,5,6
135,1693227362327,1692255098096,1692255098099,1693227362336,9,3,6
136,1693227362336,1692255098105,1692255098108,1693227362345,9,3,6
137,1693227362345,1692255098113,1692255098116,1693227362354,9,3,6
138,1693227362354,1692255098121,1692255098124,1693227362362,8,3,5
139,1693227362362,1692255098130,1692255098134,1693227362371,9,4,5
140,1693227362371,1692255098139,1692255098142,1693227362379,8,3,5
141,1693227362380,1692255098148,1692255098150,1693227362387,7,2,5
142,1693227362387,1692255098155,1692255098158,1693227362395,8,3,5
143,1693227362395,1692255098162,1692255098165,1693227362401,6,3,3
144,1693227362402,1692255098170,1692255098174,1693227362411,9,4,5
145,1693227362411,1692255098179,1692255098184,1693227362421,10,5,5
146,1693227362421,1692255098190,1692255098193,1693227362430,9,3,6
147,1693227362430,1692255098197,1692255098201,1693227362439,9,4,5
148,1693227362439,1692255098207,1692255098210,1693227362447,8,3,5
149,1693227362447,1692255098215,1692255098218,1693227362455,8,3,5
150,1693227362455,1692255098222,1692255098225,1693227362462,7,3,4
151,1693227362462,1692255098231,1692255098234,1693227362471,9,3,6
152,1693227362471,1692255098238,1692255098241,1693227362478,7,3,4
153,1693227362478,1692255098246,1692255098249,1693227362486,8,3,5
154,1693227362486,1692255098253,1692255098256,1693227362493,7,3,4
155,1693227362494,1692255098262,1692255098266,1693227362502,8,4,4
156,1693227362502,1692255098270,1692255098272,1693227362509,7,2,5
157,1693227362509,1692255098279,1692255098282,1693227362519,10,3,7
158,1693227362519,1692255098287,1692255098290,1693227362527,8,3,5
159,1693227362527,1692255098296,1692255098299,1693227362536,9,3,6
160,1693227362536,1692255098304,1692255098308,1693227362544,8,4,4
161,1693227362544,1692255098312,1692255098315,1693227362552,8,3,5
162,1693227362552,1692255098319,1692255098323,1693227362559,7,4,3
163,1693227362559,1692255098327,1692255098331,1693227362568,9,4,5
164,1693227362568,1692255098335,1692255098339,1693227362576,8,4,4
165,1693227362576,1692255098344,1692255098347,1693227362584,8,3,5
166,1693227362584,1692255098354,1692255098357,1693227362594,10,3,7
167,1693227362594,1692255098362,1692255098365,1693227362602,8,3,5
168,1693227362602,1692255098370,1692255098373,1693227362610,8,3,5
169,1693227362610,1692255098377,1692255098380,1693227362617,7,3,4
170,1693227362617,1692255098386,1692255098389,1693227362626,9,3,6
171,1693227362626,1692255098394,1692255098399,1693227362636,10,5,5
172,1693227362636,1692255098403,1692255098406,1693227362643,7,3,4
173,1693227362643,1692255098411,1692255098414,1693227362651,8,3,5
174,1693227362651,1692255098418,1692255098421,1693227362658,7,3,4
175,1693227362658,1692255098427,1692255098430,1693227362667,9,3,6
176,1693227362667,1692255098436,1692255098440,1693227362677,10,4,6
177,1693227362677,1692255098444,1692255098447,1693227362684,7,3,4
178,1693227362684,1692255098451,1692255098454,1693227362691,7,3,4
179,1693227362691,1692255098460,1692255098464,1693227362701,10,4,6
180,1693227362701,1692255098468,1692255098471,1693227362708,7,3,4
181,1693227362708,1692255098475,1692255098481,1693227362718,10,6,4
182,1693227362718,1692255098488,1692255098492,1693227362729,11,4,7
183,1693227362729,1692255098497,1692255098501,1693227362738,9,4,5
184,1693227362738,1692255098505,1692255098509,1693227362746,8,4,4
185,1693227362746,1692255098514,1692255098518,1693227362754,8,4,4
186,1693227362754,1692255098522,1692255098525,1693227362762,8,3,5
187,1693227362762,1692255098530,1692255098533,1693227362770,8,3,5
188,1693227362770,1692255098539,1692255098542,1693227362783,13,3,10
189,1693227362783,1692255098551,1692255098554,1693227362791,8,3,5
190,1693227362791,1692255098560,1692255098564,1693227362800,9,4,5
191,1693227362801,1692255098568,1692255098571,1693227362808,7,3,4
192,1693227362808,1692255098576,1692255098579,1693227362816,8,3,5
193,1693227362817,1692255098587,1692255098590,1693227362827,10,3,7
194,1693227362827,1692255098596,1692255098599,1693227362836,9,3,6
195,1693227362836,1692255098604,1692255098607,1693227362844,8,3,5
196,1693227362844,1692255098611,1692255098615,1693227362851,7,4,3
197,1693227362851,1692255098619,1692255098625,1693227362862,11,6,5
198,1693227362862,1692255098630,1692255098634,1693227362871,9,4,5
199,1693227362871,1692255098639,1692255098642,1693227362879,8,3,5
200,1693227362879,1692255098647,1692255098651,1693227362888,9,4,5
201,1693227362888,1692255098657,1692255098660,1693227362897,9,3,6
202,1693227362897,1692255098665,1692255098669,1693227362906,9,4,5
203,1693227362906,1692255098673,1692255098677,1693227362914,8,4,4
204,1693227362914,1692255098682,1692255098686,1693227362923,9,4,5
205,1693227362923,1692255098690,1692255098693,1693227362930,7,3,4
206,1693227362930,1692255098698,1692255098702,1693227362939,9,4,5
207,1693227362939,1692255098707,1692255098711,1693227362948,9,4,5
208,1693227362948,1692255098716,1692255098720,1693227362957,9,4,5
209,1693227362957,1692255098725,1692255098729,1693227362966,9,4,5
210,1693227362966,1692255098733,1692255098736,1693227362973,7,3,4
211,1693227362973,1692255098741,1692255098745,1693227362982,9,4,5
212,1693227362982,1692255098750,1692255098754,1693227362991,9,4,5
213,1693227362991,1692255098760,1692255098763,1693227363000,9,3,6
214,1693227363000,1692255098773,1692255098777,1693227363014,14,4,10
215,1693227363014,1692255098783,1692255098786,1693227363025,11,3,8
216,1693227363025,1692255098794,1692255098797,1693227363034,9,3,6
217,1693227363034,1692255098803,1692255098806,1693227363043,9,3,6
218,1693227363043,1692255098811,1692255098814,1693227363053,10,3,7
219,1693227363053,1692255098823,1692255098827,1693227363064,11,4,7
220,1693227363064,1692255098832,1692255098836,1693227363073,9,4,5
221,1693227363073,1692255098842,1692255098845,1693227363085,12,3,9
222,1693227363085,1692255098852,1692255098855,1693227363092,7,3,4
223,1693227363092,1692255098861,1692255098865,1693227363102,10,4,6
224,1693227363102,1692255098869,1692255098872,1693227363110,8,3,5
225,1693227363110,1692255098877,1692255098880,1693227363117,7,3,4
226,1693227363118,1692255098885,1692255098889,1693227363128,10,4,6
227,1693227363128,1692255098895,1692255098899,1693227363136,8,4,4
228,1693227363136,1692255098904,1692255098907,1693227363144,8,3,5
229,1693227363144,1692255098913,1692255098916,1693227363153,9,3,6
230,1693227363153,1692255098921,1692255098924,1693227363161,8,3,5
231,1693227363161,1692255098930,1692255098933,1693227363170,9,3,6
232,1693227363170,1692255098938,1692255098941,1693227363178,8,3,5
233,1693227363178,1692255098947,1692255098950,1693227363187,9,3,6
234,1693227363187,1692255098955,1692255098958,1693227363196,9,3,6
235,1693227363196,1692255098964,1692255098969,1693227363207,11,5,6
236,1693227363207,1692255098974,1692255098978,1693227363215,8,4,4
237,1693227363215,1692255098982,1692255098986,1693227363223,8,4,4
238,1693227363223,1692255098992,1692255098995,1693227363232,9,3,6
239,1693227363232,1692255099001,1692255099004,1693227363241,9,3,6
240,1693227363241,1692255099010,1692255099013,1693227363250,9,3,6
241,1693227363250,1692255099017,1692255099020,1693227363257,7,3,4
242,1693227363257,1692255099025,1692255099028,1693227363265,8,3,5
243,1693227363265,1692255099034,1692255099039,1693227363276,11,5,6
244,1693227363276,1692255099051,1692255099055,1693227363292,16,4,12
245,1693227363292,1692255099059,1692255099063,1693227363300,8,4,4
246,1693227363300,1692255099068,1692255099072,1693227363309,9,4,5
247,1693227363309,1692255099078,1692255099081,1693227363319,10,3,7
248,1693227363319,1692255099087,1692255099090,1693227363327,8,3,5
249,1693227363327,1692255099096,1692255099099,1693227363336,9,3,6
250,1693227363336,1692255099103,1692255099107,1693227363344,8,4,4
251,1693227363344,1692255099113,1692255099116,1693227363357,13,3,10
252,1693227363357,1692255099126,1692255099130,1693227363367,10,4,6
253,1693227363367,1692255099136,1692255099139,1693227363376,9,3,6
254,1693227363376,1692255099143,1692255099147,1693227363384,8,4,4
255,1693227363384,1692255099154,1692255099158,1693227363395,11,4,7
256,1693227363395,1692255099163,1692255099167,1693227363404,9,4,5
257,1693227363404,1692255099172,1692255099175,1693227363418,14,3,11
258,1693227363418,1692255099187,1692255099190,1693227363427,9,3,6
259,1693227363427,1692255099195,1692255099199,1693227363436,9,4,5
260,1693227363436,1692255099204,1692255099207,1693227363444,8,3,5
261,1693227363444,1692255099212,1692255099215,1693227363455,11,3,8
262,1693227363455,1692255099223,1692255099227,1693227363474,19,4,15
263,1693227363474,1692255099242,1692255099245,1693227363487,13,3,10
264,1693227363487,1692255099255,1692255099259,1693227363495,8,4,4
265,1693227363496,1692255099263,1692255099266,1693227363503,7,3,4
266,1693227363503,1692255099270,1692255099274,1693227363511,8,4,4
267,1693227363511,1692255099279,1692255099283,1693227363519,8,4,4
268,1693227363519,1692255099287,1692255099291,1693227363528,9,4,5
269,1693227363528,1692255099296,1692255099300,1693227363537,9,4,5
270,1693227363537,1692255099305,1692255099308,1693227363549,12,3,9
271,1693227363549,1692255099321,1692255099325,1693227363563,14,4,10
272,1693227363563,1692255099336,1692255099340,1693227363577,14,4,10
273,1693227363577,1692255099344,1692255099348,1693227363585,8,4,4
274,1693227363585,1692255099355,1692255099360,1693227363597,12,5,7
275,1693227363597,1692255099365,1692255099369,1693227363606,9,4,5
276,1693227363606,1692255099373,1692255099377,1693227363615,9,4,5
277,1693227363615,1692255099382,1692255099385,1693227363622,7,3,4
278,1693227363622,1692255099390,1692255099393,1693227363630,8,3,5
279,1693227363631,1692255099399,1692255099402,1693227363640,9,3,6
280,1693227363640,1692255099407,1692255099413,1693227363650,10,6,4
281,1693227363650,1692255099418,1692255099422,1693227363659,9,4,5
282,1693227363659,1692255099426,1692255099430,1693227363667,8,4,4
283,1693227363667,1692255099435,1692255099438,1693227363675,8,3,5
284,1693227363675,1692255099443,1692255099447,1693227363684,9,4,5
285,1693227363684,1692255099452,1692255099455,1693227363692,8,3,5
286,1693227363692,1692255099460,1692255099464,1693227363701,9,4,5
287,1693227363701,1692255099470,1692255099473,1693227363710,9,3,6
288,1693227363710,1692255099479,1692255099482,1693227363719,9,3,6
289,1693227363719,1692255099487,1692255099489,1693227363726,7,2,5
290,1693227363726,1692255099495,1692255099498,1693227363736,10,3,7
291,1693227363736,1692255099504,1692255099507,1693227363744,8,3,5
292,1693227363744,1692255099511,1692255099514,1693227363751,7,3,4
293,1693227363751,1692255099519,1692255099522,1693227363759,8,3,5
294,1693227363759,1692255099527,1692255099530,1693227363768,9,3,6
295,1693227363768,1692255099536,1692255099539,1693227363776,8,3,5
296,1693227363776,1692255099544,1692255099546,1693227363783,7,2,5
297,1693227363783,1692255099555,1692255099558,1693227363795,12,3,9
298,1693227363795,1692255099566,1692255099570,1693227363807,12,4,8
299,1693227363807,1692255099574,1692255099577,1693227363814,7,3,4
300,1693227363814,1692255099585,1692255099589,1693227363826,12,4,8
301,1693227363826,1692255099593,1692255099596,1693227363833,7,3,4
302,1693227363833,1692255099600,1692255099604,1693227363841,8,4,4
303,1693227363841,1692255099610,1692255099613,1693227363850,9,3,6
304,1693227363850,1692255099617,1692255099620,1693227363857,7,3,4
305,1693227363857,1692255099624,1692255099627,1693227363864,7,3,4
306,1693227363864,1692255099631,1692255099635,1693227363872,8,4,4
307,1693227363872,1692255099646,1692255099650,1693227363887,15,4,11
308,1693227363887,1692255099654,1692255099657,1693227363894,7,3,4
309,1693227363894,1692255099661,1692255099665,1693227363901,7,4,3
310,1693227363902,1692255099668,1692255099672,1693227363908,6,4,2
311,1693227363908,1692255099675,1692255099679,1693227363915,7,4,3
312,1693227363915,1692255099684,1692255099686,1693227363923,8,2,6
313,1693227363923,1692255099691,1692255099694,1693227363931,8,3,5
314,1693227363931,1692255099698,1692255099701,1693227363938,7,3,4
315,1693227363938,1692255099705,1692255099708,1693227363947,9,3,6
316,1693227363947,1692255099714,1692255099721,1693227363958,11,7,4
317,1693227363958,1692255099727,1692255099730,1693227363967,9,3,6
318,1693227363967,1692255099734,1692255099737,1693227363974,7,3,4
319,1693227363974,1692255099741,1692255099745,1693227363982,8,4,4
320,1693227363982,1692255099749,1692255099753,1693227363989,7,4,3
321,1693227363989,1692255099757,1692255099760,1693227363997,8,3,5
322,1693227363997,1692255099764,1692255099767,1693227364004,7,3,4
323,1693227364004,1692255099772,1692255099775,1693227364012,8,3,5
324,1693227364012,1692255099779,1692255099782,1693227364020,8,3,5
325,1693227364020,1692255099788,1692255099791,1693227364027,7,3,4
326,1693227364027,1692255099795,1692255099798,1693227364035,8,3,5
327,1693227364035,1692255099802,1692255099806,1693227364043,8,4,4
328,1693227364043,1692255099811,1692255099814,1693227364051,8,3,5
329,1693227364051,1692255099818,1692255099821,1693227364058,7,3,4
330,1693227364058,1692255099825,1692255099829,1693227364066,8,4,4
331,1693227364066,1692255099834,1692255099838,1693227364075,9,4,5
332,1693227364075,1692255099843,1692255099846,1693227364083,8,3,5
333,1693227364083,1692255099851,1692255099854,1693227364091,8,3,5
334,1693227364091,1692255099859,1692255099862,1693227364099,8,3,5
335,1693227364099,1692255099867,1692255099869,1693227364106,7,2,5
336,1693227364106,1692255099874,1692255099876,1693227364113,7,2,5
337,1693227364113,1692255099880,1692255099884,1693227364120,7,4,3
338,1693227364120,1692255099887,1692255099891,1693227364127,7,4,3
339,1693227364127,1692255099895,1692255099898,1693227364135,8,3,5
340,1693227364135,1692255099902,1692255099905,1693227364143,8,3,5
341,1693227364143,1692255099910,1692255099913,1693227364152,9,3,6
342,1693227364152,1692255099919,1692255099922,1693227364159,7,3,4
343,1693227364159,1692255099927,1692255099930,1693227364167,8,3,5
344,1693227364167,1692255099934,1692255099938,1693227364175,8,4,4
345,1693227364175,1692255099943,1692255099946,1693227364183,8,3,5
346,1693227364183,1692255099950,1692255099952,1693227364189,6,2,4
347,1693227364189,1692255099957,1692255099960,1693227364198,9,3,6
348,1693227364198,1692255099965,1692255099968,1693227364204,6,3,3
349,1693227364204,1692255099971,1692255099975,1693227364212,8,4,4
350,1693227364212,1692255099979,1692255099981,1693227364218,6,2,4
351,1693227364218,1692255099985,1692255099989,1693227364226,8,4,4
352,1693227364226,1692255099993,1692255099997,1693227364234,8,4,4
353,1693227364234,1692255100001,1692255100005,1693227364242,8,4,4
354,1693227364242,1692255100010,1692255100014,1693227364251,9,4,5
355,1693227364251,1692255100020,1692255100023,1693227364260,9,3,6
356,1693227364260,1692255100027,1692255100031,1693227364268,8,4,4
357,1693227364268,1692255100035,1692255100038,1693227364275,7,3,4
358,1693227364275,1692255100042,1692255100045,1693227364282,7,3,4
359,1693227364282,1692255100050,1692255100052,1693227364289,7,2,5
360,1693227364289,1692255100057,1692255100060,1693227364297,8,3,5
361,1693227364297,1692255100064,1692255100067,1693227364305,8,3,5
362,1693227364305,1692255100072,1692255100075,1693227364312,7,3,4
363,1693227364312,1692255100079,1692255100082,1693227364320,8,3,5
364,1693227364320,1692255100087,1692255100090,1693227364328,8,3,5
365,1693227364328,1692255100096,1692255100099,1693227364336,8,3,5
366,1693227364336,1692255100103,1692255100105,1693227364343,7,2,5
367,1693227364343,1692255100110,1692255100113,1693227364351,8,3,5
368,1693227364351,1692255100118,1692255100122,1693227364359,8,4,4
369,1693227364359,1692255100126,1692255100128,1693227364365,6,2,4
370,1693227364365,1692255100134,1692255100138,1693227364375,10,4,6
371,1693227364375,1692255100143,1692255100146,1693227364383,8,3,5
372,1693227364383,1692255100151,1692255100155,1693227364392,9,4,5
373,1693227364392,1692255100159,1692255100163,1693227364400,8,4,4
374,1693227364400,1692255100168,1692255100170,1693227364407,7,2,5
375,1693227364407,1692255100175,1692255100178,1693227364415,8,3,5
376,1693227364415,1692255100183,1692255100186,1693227364423,8,3,5
377,1693227364423,1692255100190,1692255100194,1693227364431,8,4,4
378,1693227364431,1692255100199,1692255100202,1693227364439,8,3,5
379,1693227364440,1692255100206,1692255100210,1693227364447,7,4,3
380,1693227364447,1692255100214,1692255100217,1693227364454,7,3,4
381,1693227364454,1692255100224,1692255100228,1693227364465,11,4,7
382,1693227364465,1692255100233,1692255100236,1693227364473,8,3,5
383,1693227364473,1692255100240,1692255100244,1693227364481,8,4,4
384,1693227364481,1692255100248,1692255100251,1693227364488,7,3,4
385,1693227364488,1692255100256,1692255100259,1693227364497,9,3,6
386,1693227364497,1692255100264,1692255100267,1693227364504,7,3,4
387,1693227364504,1692255100272,1692255100274,1693227364511,7,2,5
388,1693227364511,1692255100279,1692255100282,1693227364519,8,3,5
389,1693227364519,1692255100286,1692255100290,1693227364527,8,4,4
390,1693227364527,1692255100295,1692255100297,1693227364534,7,2,5
391,1693227364534,1692255100302,1692255100305,1693227364542,8,3,5
392,1693227364542,1692255100309,1692255100313,1693227364550,8,4,4
393,1693227364550,1692255100318,1692255100322,1693227364558,8,4,4
394,1693227364558,1692255100327,1692255100331,1693227364568,10,4,6
395,1693227364568,1692255100335,1692255100338,1693227364575,7,3,4
396,1693227364575,1692255100342,1692255100346,1693227364583,8,4,4
397,1693227364583,1692255100350,1692255100354,1693227364591,8,4,4
398,1693227364591,1692255100358,1692255100361,1693227364598,7,3,4
399,1693227364598,1692255100365,1692255100368,1693227364605,7,3,4
400,1693227364605,1692255100372,1692255100375,1693227364612,7,3,4
401,1693227364613,1692255100380,1692255100383,1693227364620,7,3,4
402,1693227364620,1692255100387,1692255100390,1693227364627,7,3,4
403,1693227364627,1692255100395,1692255100398,1693227364635,8,3,5
404,1693227364635,1692255100402,1692255100405,1693227364642,7,3,4
405,1693227364642,1692255100409,1692255100413,1693227364649,7,4,3
406,1693227364649,1692255100416,1692255100420,1693227364656,7,4,3
407,1693227364656,1692255100424,1692255100428,1693227364665,9,4,5
408,1693227364665,1692255100432,1692255100435,1693227364673,8,3,5
409,1693227364673,1692255100440,1692255100443,1693227364679,6,3,3
410,1693227364680,1692255100447,1692255100450,1693227364687,7,3,4
411,1693227364687,1692255100454,1692255100457,1693227364694,7,3,4
412,1693227364694,1692255100461,1692255100464,1693227364701,7,3,4
413,1693227364701,1692255100468,1692255100472,1693227364709,8,4,4
414,1693227364709,1692255100476,1692255100479,1693227364716,7,3,4
415,1693227364716,1692255100484,1692255100487,1693227364724,8,3,5
416,1693227364724,1692255100491,1692255100494,1693227364731,7,3,4
417,1693227364731,1692255100498,1692255100501,1693227364738,7,3,4
418,1693227364738,1692255100505,1692255100508,1693227364745,7,3,4
419,1693227364745,1692255100513,1692255100516,1693227364753,8,3,5
420,1693227364753,1692255100522,1692255100526,1693227364762,9,4,5
421,1693227364763,1692255100532,1692255100535,1693227364771,8,3,5
422,1693227364771,1692255100538,1692255100542,1693227364779,8,4,4
423,1693227364779,1692255100546,1692255100549,1693227364786,7,3,4
424,1693227364786,1692255100554,1692255100556,1693227364794,8,2,6
425,1693227364794,1692255100562,1692255100568,1693227364804,10,6,4
426,1693227364804,1692255100571,1692255100575,1693227364812,8,4,4
427,1693227364812,1692255100580,1692255100583,1693227364820,8,3,5
428,1693227364820,1692255100587,1692255100590,1693227364827,7,3,4
429,1693227364827,1692255100594,1692255100597,1693227364834,7,3,4
430,1693227364834,1692255100602,1692255100605,1693227364842,8,3,5
431,1693227364842,1692255100614,1692255100617,1693227364854,12,3,9
432,1693227364854,1692255100622,1692255100626,1693227364863,9,4,5
433,1693227364863,1692255100633,1692255100636,1693227364874,11,3,8
434,1693227364874,1692255100641,1692255100644,1693227364881,7,3,4
435,1693227364881,1692255100649,1692255100652,1693227364889,8,3,5
436,1693227364889,1692255100657,1692255100660,1693227364897,8,3,5
437,1693227364897,1692255100665,1692255100668,1693227364905,8,3,5
438,1693227364905,1692255100672,1692255100675,1693227364912,7,3,4
439,1693227364912,1692255100679,1692255100682,1693227364919,7,3,4
440,1693227364919,1692255100687,1692255100691,1693227364928,9,4,5
441,1693227364928,1692255100694,1692255100698,1693227364935,7,4,3
442,1693227364935,1692255100702,1692255100706,1693227364943,8,4,4
443,1693227364943,1692255100711,1692255100714,1693227364951,8,3,5
444,1693227364951,1692255100718,1692255100721,1693227364958,7,3,4
445,1693227364958,1692255100726,1692255100729,1693227364966,8,3,5
446,1693227364966,1692255100733,1692255100736,1693227364973,7,3,4
447,1693227364973,1692255100741,1692255100743,1693227364980,7,2,5
448,1693227364980,1692255100748,1692255100751,1693227364988,8,3,5
449,1693227364988,1692255100755,1692255100758,1693227364995,7,3,4
450,1693227364995,1692255100762,1692255100765,1693227365002,7,3,4
451,1693227365003,1692255100770,1692255100774,1693227365011,8,4,4
452,1693227365011,1692255100778,1692255100781,1693227365018,7,3,4
453,1693227365018,1692255100785,1692255100788,1693227365025,7,3,4
454,1693227365025,1692255100793,1692255100796,1693227365033,8,3,5
455,1693227365033,1692255100800,1692255100803,1693227365040,7,3,4
456,1693227365040,1692255100808,1692255100811,1693227365048,8,3,5
457,1693227365048,1692255100815,1692255100819,1693227365056,8,4,4
458,1693227365056,1692255100823,1692255100826,1693227365063,7,3,4
459,1693227365063,1692255100830,1692255100834,1693227365073,10,4,6
460,1693227365073,1692255100841,1692255100844,1693227365082,9,3,6
461,1693227365082,1692255100849,1692255100852,1693227365089,7,3,4
462,1693227365089,1692255100856,1692255100861,1693227365098,9,5,4
463,1693227365098,1692255100866,1692255100869,1693227365106,8,3,5
464,1693227365106,1692255100874,1692255100876,1693227365113,7,2,5
465,1693227365114,1692255100881,1692255100884,1693227365121,7,3,4
466,1693227365121,1692255100888,1692255100891,1693227365129,8,3,5
467,1693227365129,1692255100896,1692255100899,1693227365137,8,3,5
468,1693227365137,1692255100904,1692255100907,1693227365144,7,3,4
469,1693227365144,1692255100911,1692255100915,1693227365152,8,4,4
470,1693227365152,1692255100919,1692255100922,1693227365159,7,3,4
471,1693227365159,1692255100927,1692255100929,1693227365166,7,2,5
472,1693227365166,1692255100934,1692255100937,1693227365176,10,3,7
473,1693227365176,1692255100943,1692255100947,1693227365184,8,4,4
474,1693227365184,1692255100951,1692255100954,1693227365190,6,3,3
475,1693227365190,1692255100957,1692255100960,1693227365197,7,3,4
476,1693227365197,1692255100967,1692255100972,1693227365209,12,5,7
477,1693227365209,1692255100976,1692255100980,1693227365217,8,4,4
478,1693227365217,1692255100984,1692255100988,1693227365225,8,4,4
479,1693227365225,1692255100993,1692255100996,1693227365236,11,3,8
480,1693227365236,1692255101003,1692255101007,1693227365244,8,4,4
481,1693227365244,1692255101011,1692255101014,1693227365251,7,3,4
482,1693227365251,1692255101019,1692255101022,1693227365259,8,3,5
483,1693227365259,1692255101026,1692255101030,1693227365267,8,4,4
484,1693227365267,1692255101035,1692255101038,1693227365275,8,3,5
485,1693227365275,1692255101044,1692255101048,1693227365285,10,4,6
486,1693227365285,1692255101052,1692255101055,1693227365292,7,3,4
487,1693227365292,1692255101059,1692255101063,1693227365300,8,4,4
488,1693227365300,1692255101069,1692255101072,1693227365310,10,3,7
489,1693227365310,1692255101077,1692255101081,1693227365318,8,4,4
490,1693227365318,1692255101085,1692255101088,1693227365326,8,3,5
491,1693227365326,1692255101093,1692255101097,1693227365334,8,4,4
492,1693227365334,1692255101102,1692255101104,1693227365342,8,2,6
493,1693227365342,1692255101109,1692255101112,1693227365350,8,3,5
494,1693227365350,1692255101117,1692255101120,1693227365357,7,3,4
495,1693227365357,1692255101125,1692255101128,1693227365365,8,3,5
496,1693227365365,1692255101133,1692255101136,1693227365373,8,3,5
497,1693227365374,1692255101141,1692255101145,1693227365382,8,4,4
498,1693227365382,1692255101150,1692255101153,1693227365390,8,3,5
499,1693227365390,1692255101157,1692255101162,1693227365399,9,5,4
500,1693227365399,1692255101166,1692255101169,1693227365406,7,3,4
501,1693227365406,1692255101174,1692255101177,1693227365415,9,3,6
502,1693227365415,1692255101182,1692255101185,1693227365422,7,3,4
503,1693227365422,1692255101189,1692255101192,1693227365429,7,3,4
504,1693227365429,1692255101196,1692255101199,1693227365436,7,3,4
505,1693227365436,1692255101203,1692255101206,1693227365443,7,3,4
506,1693227365443,1692255101211,1692255101215,1693227365452,9,4,5
507,1693227365452,1692255101219,1692255101222,1693227365459,7,3,4
508,1693227365459,1692255101226,1692255101230,1693227365467,8,4,4
509,1693227365467,1692255101234,1692255101237,1693227365474,7,3,4
510,1693227365474,1692255101241,1692255101244,1693227365483,9,3,6
511,1693227365483,1692255101250,1692255101254,1693227365491,8,4,4
512,1693227365491,1692255101258,1692255101261,1693227365498,7,3,4
513,1693227365498,1692255101265,1692255101267,1693227365504,6,2,4
514,1693227365504,1692255101272,1692255101275,1693227365512,8,3,5
515,1693227365512,1692255101279,1692255101283,1693227365520,8,4,4
516,1693227365520,1692255101287,1692255101291,1693227365528,8,4,4
517,1693227365528,1692255101296,1692255101299,1693227365536,8,3,5
518,1693227365536,1692255101304,1692255101307,1693227365544,8,3,5
519,1693227365544,1692255101311,1692255101314,1693227365551,7,3,4
520,1693227365551,1692255101318,1692255101322,1693227365559,8,4,4
521,1693227365559,1692255101329,1692255101332,1693227365569,10,3,7
522,1693227365569,1692255101337,1692255101340,1693227365577,8,3,5
523,1693227365578,1692255101345,1692255101348,1693227365585,7,3,4
524,1693227365585,1692255101352,1692255101355,1693227365592,7,3,4
525,1693227365592,1692255101360,1692255101366,1693227365603,11,6,5
526,1693227365603,1692255101370,1692255101373,1693227365610,7,3,4
527,1693227365610,1692255101378,1692255101381,1693227365618,8,3,5
528,1693227365618,1692255101385,1692255101389,1693227365626,8,4,4
529,1693227365626,1692255101398,1692255101401,1693227365638,12,3,9
530,1693227365638,1692255101405,1692255101408,1693227365645,7,3,4
531,1693227365645,1692255101412,1692255101415,1693227365652,7,3,4
532,1693227365652,1692255101420,1692255101424,1693227365661,9,4,5
533,1693227365661,1692255101428,1692255101431,1693227365668,7,3,4
534,1693227365669,1692255101436,1692255101439,1693227365676,7,3,4
535,1693227365676,1692255101443,1692255101448,1693227365685,9,5,4
536,1693227365685,1692255101453,1692255101457,1693227365694,9,4,5
537,1693227365694,1692255101461,1692255101464,1693227365700,6,3,3
538,1693227365700,1692255101467,1692255101471,1693227365707,7,4,3
539,1693227365707,1692255101474,1692255101477,1693227365714,7,3,4
540,1693227365714,1692255101481,1692255101484,1693227365721,7,3,4
541,1693227365721,1692255101488,1692255101491,1693227365728,7,3,4
542,1693227365728,1692255101495,1692255101499,1693227365736,8,4,4
543,1693227365736,1692255101504,1692255101507,1693227365744,8,3,5
544,1693227365744,1692255101512,1692255101516,1693227365753,9,4,5
545,1693227365753,1692255101520,1692255101523,1693227365760,7,3,4
546,1693227365760,1692255101528,1692255101533,1693227365770,10,5,5
547,1693227365770,1692255101537,1692255101541,1693227365778,8,4,4
548,1693227365778,1692255101545,1692255101548,1693227365785,7,3,4
549,1693227365785,1692255101552,1692255101555,1693227365792,7,3,4
550,1693227365792,1692255101560,1692255101563,1693227365801,9,3,6
551,1693227365801,1692255101568,1692255101571,1693227365808,7,3,4
552,1693227365809,1692255101576,1692255101580,1693227365816,7,4,3
553,1693227365816,1692255101583,1692255101586,1693227365823,7,3,4
554,1693227365823,1692255101590,1692255101593,1693227365830,7,3,4
555,1693227365830,1692255101597,1692255101600,1693227365836,6,3,3
556,1693227365836,1692255101603,1692255101606,1693227365843,7,3,4
557,1693227365843,1692255101610,1692255101614,1693227365851,8,4,4
558,1693227365851,1692255101618,1692255101621,1693227365858,7,3,4
559,1693227365858,1692255101625,1692255101629,1693227365865,7,4,3
560,1693227365865,1692255101633,1692255101636,1693227365873,8,3,5
561,1693227365873,1692255101640,1692255101643,1693227365880,7,3,4
562,1693227365880,1692255101647,1692255101650,1693227365887,7,3,4
563,1693227365887,1692255101655,1692255101658,1693227365895,8,3,5
564,1693227365895,1692255101662,1692255101665,1693227365902,7,3,4
565,1693227365902,1692255101669,1692255101673,1693227365910,8,4,4
566,1693227365910,1692255101677,1692255101680,1693227365917,7,3,4
567,1693227365918,1692255101685,1692255101688,1693227365925,7,3,4
568,1693227365925,1692255101693,1692255101696,1693227365933,8,3,5
569,1693227365933,1692255101701,1692255101703,1693227365940,7,2,5
570,1693227365940,1692255101707,1692255101710,1693227365947,7,3,4
571,1693227365947,1692255101713,1692255101717,1693227365954,7,4,3
572,1693227365954,1692255101721,1692255101726,1693227365963,9,5,4
573,1693227365963,1692255101731,1692255101734,1693227365973,10,3,7
574,1693227365973,1692255101740,1692255101744,1693227365981,8,4,4
575,1693227365981,1692255101748,1692255101751,1693227365988,7,3,4
576,1693227365988,1692255101755,1692255101758,1693227365995,7,3,4
577,1693227365995,1692255101763,1692255101766,1693227366003,8,3,5
578,1693227366003,1692255101771,1692255101774,1693227366011,8,3,5
579,1693227366011,1692255101778,1692255101781,1693227366019,8,3,5
580,1693227366019,1692255101786,1692255101790,1693227366027,8,4,4
581,1693227366027,1692255101794,1692255101797,1693227366034,7,3,4
582,1693227366034,1692255101801,1692255101804,1693227366041,7,3,4
583,1693227366042,1692255101812,1692255101816,1693227366053,11,4,7
584,1693227366053,1692255101820,1692255101823,1693227366060,7,3,4
585,1693227366060,1692255101827,1692255101830,1693227366067,7,3,4
586,1693227366067,1692255101834,1692255101837,1693227366074,7,3,4
587,1693227366074,1692255101841,1692255101845,1693227366082,8,4,4
588,1693227366083,1692255101850,1692255101853,1693227366090,7,3,4
589,1693227366090,1692255101858,1692255101861,1693227366098,8,3,5
590,1693227366098,1692255101865,1692255101869,1693227366106,8,4,4
591,1693227366106,1692255101873,1692255101876,1693227366113,7,3,4
592,1693227366113,1692255101882,1692255101885,1693227366122,9,3,6
593,1693227366122,1692255101889,1692255101892,1693227366129,7,3,4
594,1693227366129,1692255101896,1692255101900,1693227366136,7,4,3
595,1693227366136,1692255101905,1692255101908,1693227366145,9,3,6
596,1693227366145,1692255101912,1692255101915,1693227366153,8,3,5
597,1693227366153,1692255101920,1692255101923,1693227366161,8,3,5
598,1693227366161,1692255101928,1692255101931,1693227366168,7,3,4
599,1693227366168,1692255101936,1692255101939,1693227366176,8,3,5
600,1693227366176,1692255101944,1692255101947,1693227366184,8,3,5
601,1693227366184,1692255101951,1692255101955,1693227366192,8,4,4
602,1693227366193,1692255101961,1692255101965,1693227366202,9,4,5
603,1693227366202,1692255101970,1692255101973,1693227366210,8,3,5
604,1693227366210,1692255101978,1692255101981,1693227366218,8,3,5
605,1693227366218,1692255101986,1692255101989,1693227366226,8,3,5
606,1693227366226,1692255101995,1692255101998,1693227366235,9,3,6
607,1693227366235,1692255102002,1692255102006,1693227366243,8,4,4
608,1693227366243,1692255102011,1692255102014,1693227366251,8,3,5
609,1693227366251,1692255102019,1692255102024,1693227366261,10,5,5
610,1693227366261,1692255102029,1692255102032,1693227366268,7,3,4
611,1693227366269,1692255102036,1692255102040,1693227366276,7,4,3
612,1693227366276,1692255102044,1692255102048,1693227366285,9,4,5
613,1693227366285,1692255102052,1692255102056,1693227366293,8,4,4
614,1693227366293,1692255102061,1692255102064,1693227366303,10,3,7
615,1693227366303,1692255102072,1692255102075,1693227366312,9,3,6
616,1693227366312,1692255102079,1692255102083,1693227366320,8,4,4
617,1693227366320,1692255102088,1692255102091,1693227366327,7,3,4
618,1693227366327,1692255102095,1692255102098,1693227366335,8,3,5
619,1693227366335,1692255102102,1692255102106,1693227366343,8,4,4
620,1693227366343,1692255102111,1692255102115,1693227366351,8,4,4
621,1693227366351,1692255102118,1692255102121,1693227366358,7,3,4
622,1693227366358,1692255102126,1692255102129,1693227366366,8,3,5
623,1693227366366,1692255102134,1692255102137,1693227366374,8,3,5
624,1693227366374,1692255102142,1692255102146,1693227366383,9,4,5
625,1693227366383,1692255102150,1692255102153,1693227366390,7,3,4
626,1693227366390,1692255102157,1692255102161,1693227366398,8,4,4
627,1693227366398,1692255102166,1692255102169,1693227366406,8,3,5
628,1693227366406,1692255102173,1692255102177,1693227366414,8,4,4
629,1693227366414,1692255102181,1692255102184,1693227366421,7,3,4
630,1693227366421,1692255102189,1692255102192,1693227366429,8,3,5
631,1693227366429,1692255102196,1692255102200,1693227366437,8,4,4
632,1693227366437,1692255102205,1692255102208,1693227366445,8,3,5
633,1693227366445,1692255102212,1692255102216,1693227366453,8,4,4
634,1693227366453,1692255102221,1692255102223,1693227366460,7,2,5
635,1693227366461,1692255102229,1692255102232,1693227366469,8,3,5
636,1693227366469,1692255102237,1692255102240,1693227366477,8,3,5
637,1693227366477,1692255102243,1692255102247,1693227366484,7,4,3
638,1693227366484,1692255102252,1692255102255,1693227366493,9,3,6
639,1693227366493,1692255102260,1692255102263,1693227366500,7,3,4
640,1693227366500,1692255102267,1692255102271,1693227366508,8,4,4
641,1693227366508,1692255102276,1692255102279,1693227366516,8,3,5
642,1693227366516,1692255102283,1692255102286,1693227366523,7,3,4
643,1693227366523,1692255102290,1692255102293,1693227366530,7,3,4
644,1693227366530,1692255102297,1692255102300,1693227366537,7,3,4
645,1693227366537,1692255102305,1692255102308,1693227366545,8,3,5
646,1693227366545,1692255102312,1692255102317,1693227366554,9,5,4
647,1693227366554,1692255102321,1692255102324,1693227366562,8,3,5
648,1693227366562,1692255102330,1692255102334,1693227366571,9,4,5
649,1693227366571,1692255102338,1692255102341,1693227366579,8,3,5
650,1693227366579,1692255102346,1692255102349,1693227366586,7,3,4
651,1693227366586,1692255102354,1692255102357,1693227366594,8,3,5
652,1693227366594,1692255102361,1692255102365,1693227366602,8,4,4
653,1693227366602,1692255102369,1692255102371,1693227366609,7,2,5
654,1693227366609,1692255102377,1692255102380,1693227366617,8,3,5
655,1693227366617,1692255102384,1692255102388,1693227366625,8,4,4
656,1693227366625,1692255102392,1692255102396,1693227366633,8,4,4
657,1693227366633,1692255102401,1692255102404,1693227366641,8,3,5
658,1693227366641,1692255102408,1692255102412,1693227366650,9,4,5
659,1693227366650,1692255102417,1692255102421,1693227366657,7,4,3
660,1693227366657,1692255102424,1692255102428,1693227366665,8,4,4
661,1693227366665,1692255102432,1692255102435,1693227366672,7,3,4
662,1693227366672,1692255102439,1692255102443,1693227366679,7,4,3
663,1693227366679,1692255102447,1692255102449,1693227366686,7,2,5
664,1693227366686,1692255102454,1692255102457,1693227366694,8,3,5
665,1693227366694,1692255102461,1692255102464,1693227366701,7,3,4
666,1693227366701,1692255102469,1692255102472,1693227366709,8,3,5
667,1693227366709,1692255102477,1692255102481,1693227366717,8,4,4
668,1693227366717,1692255102485,1692255102488,1693227366726,9,3,6
669,1693227366726,1692255102494,1692255102497,1693227366734,8,3,5
670,1693227366734,1692255102501,1692255102504,1693227366741,7,3,4
671,1693227366741,1692255102508,1692255102511,1693227366748,7,3,4
672,1693227366748,1692255102515,1692255102519,1693227366756,8,4,4
673,1693227366756,1692255102523,1692255102526,1693227366763,7,3,4
674,1693227366763,1692255102530,1692255102532,1693227366769,6,2,4
675,1693227366769,1692255102537,1692255102540,1693227366777,8,3,5
676,1693227366777,1692255102544,1692255102548,1693227366785,8,4,4
677,1693227366785,1692255102552,1692255102555,1693227366792,7,3,4
678,1693227366792,1692255102560,1692255102563,1693227366800,8,3,5
679,1693227366800,1692255102567,1692255102569,1693227366807,7,2,5
680,1693227366807,1692255102575,1692255102579,1693227366816,9,4,5
681,1693227366816,1692255102584,1692255102587,1693227366824,8,3,5
682,1693227366824,1692255102591,1692255102595,1693227366832,8,4,4
683,1693227366832,1692255102599,1692255102604,1693227366840,8,5,3
684,1693227366840,1692255102608,1692255102611,1693227366848,8,3,5
685,1693227366848,1692255102615,1692255102619,1693227366855,7,4,3
686,1693227366855,1692255102622,1692255102625,1693227366862,7,3,4
687,1693227366862,1692255102629,1692255102632,1693227366869,7,3,4
688,1693227366869,1692255102636,1692255102640,1693227366877,8,4,4
689,1693227366877,1692255102644,1692255102647,1693227366884,7,3,4
690,1693227366884,1692255102651,1692255102654,1693227366891,7,3,4
691,1693227366891,1692255102658,1692255102661,1693227366898,7,3,4
692,1693227366898,1692255102665,1692255102669,1693227366906,8,4,4
693,1693227366906,1692255102673,1692255102676,1693227366913,7,3,4
694,1693227366913,1692255102682,1692255102686,1693227366923,10,4,6
695,1693227366923,1692255102690,1692255102693,1693227366930,7,3,4
696,1693227366930,1692255102697,1692255102700,1693227366937,7,3,4
697,1693227366937,1692255102705,1692255102708,1693227366945,8,3,5
698,1693227366945,1692255102712,1692255102716,1693227366954,9,4,5
699,1693227366954,1692255102722,1692255102725,1693227366962,8,3,5
700,1693227366962,1692255102730,1692255102733,1693227366971,9,3,6
701,1693227366971,1692255102739,1692255102742,1693227366979,8,3,5
702,1693227366979,1692255102747,1692255102749,1693227366986,7,2,5
703,1693227366986,1692255102754,1692255102757,1693227366994,8,3,5
704,1693227366994,1692255102762,1692255102766,1693227367003,9,4,5
705,1693227367003,1692255102770,1692255102773,1693227367010,7,3,4
706,1693227367010,1692255102777,1692255102780,1693227367019,9,3,6
707,1693227367019,1692255102787,1692255102790,1693227367027,8,3,5
708,1693227367027,1692255102794,1692255102798,1693227367035,8,4,4
709,1693227367035,1692255102802,1692255102805,1693227367042,7,3,4
710,1693227367042,1692255102810,1692255102814,1693227367051,9,4,5
711,1693227367051,1692255102818,1692255102821,1693227367058,7,3,4
712,1693227367058,1692255102825,1692255102828,1693227367065,7,3,4
713,1693227367065,1692255102832,1692255102836,1693227367073,8,4,4
714,1693227367073,1692255102840,1692255102844,1693227367082,9,4,5
715,1693227367082,1692255102849,1692255102852,1693227367088,6,3,3
716,1693227367088,1692255102855,1692255102858,1693227367095,7,3,4
717,1693227367095,1692255102862,1692255102865,1693227367102,7,3,4
718,1693227367102,1692255102870,1692255102873,1693227367110,8,3,5
719,1693227367110,1692255102878,1692255102881,1693227367118,8,3,5
720,1693227367118,1692255102887,1692255102892,1693227367129,11,5,6
721,1693227367129,1692255102896,1692255102899,1693227367136,7,3,4
722,1693227367136,1692255102903,1692255102906,1693227367144,8,3,5
723,1693227367144,1692255102911,1692255102914,1693227367151,7,3,4
724,1693227367151,1692255102919,1692255102921,1693227367158,7,2,5
725,1693227367158,1692255102926,1692255102930,1693227367166,8,4,4
726,1693227367166,1692255102933,1692255102937,1693227367174,8,4,4
727,1693227367174,1692255102942,1692255102945,1693227367182,8,3,5
728,1693227367182,1692255102949,1692255102952,1693227367189,7,3,4
729,1693227367189,1692255102956,1692255102960,1693227367197,8,4,4
730,1693227367197,1692255102964,1692255102968,1693227367205,8,4,4
731,1693227367205,1692255102972,1692255102976,1693227367213,8,4,4
732,1693227367213,1692255102980,1692255102983,1693227367220,7,3,4
733,1693227367220,1692255102989,1692255102992,1693227367230,10,3,7
734,1693227367230,1692255102997,1692255103000,1693227367237,7,3,4
735,1693227367237,1692255103005,1692255103007,1693227367244,7,2,5
736,1693227367244,1692255103012,1692255103015,1693227367252,8,3,5
737,1693227367252,1692255103019,1692255103022,1693227367259,7,3,4
738,1693227367259,1692255103027,1692255103031,1693227367268,9,4,5
739,1693227367268,1692255103035,1692255103039,1693227367276,8,4,4
740,1693227367276,1692255103043,1692255103047,1693227367284,8,4,4
741,1693227367284,1692255103052,1692255103055,1693227367292,8,3,5
742,1693227367292,1692255103059,1692255103062,1693227367299,7,3,4
743,1693227367299,1692255103067,1692255103070,1693227367307,8,3,5
744,1693227367307,1692255103074,1692255103077,1693227367314,7,3,4
745,1693227367314,1692255103082,1692255103085,1693227367322,8,3,5
746,1693227367322,1692255103093,1692255103096,1693227367333,11,3,8
747,1693227367333,1692255103100,1692255103104,1693227367341,8,4,4
748,1693227367341,1692255103108,1692255103111,1693227367348,7,3,4
749,1693227367348,1692255103115,1692255103118,1693227367355,7,3,4
750,1693227367355,1692255103122,1692255103126,1693227367363,8,4,4
751,1693227367363,1692255103131,1692255103133,1693227367370,7,2,5
752,1693227367370,1692255103145,1692255103149,1693227367386,16,4,12
753,1693227367386,1692255103154,1692255103157,1693227367394,8,3,5
754,1693227367394,1692255103165,1692255103168,1693227367405,11,3,8
755,1693227367405,1692255103172,1692255103176,1693227367412,7,4,3
756,1693227367412,1692255103179,1692255103183,1693227367419,7,4,3
757,1693227367419,1692255103188,1692255103193,1693227367431,12,5,7
758,1693227367431,1692255103199,1692255103203,1693227367440,9,4,5
759,1693227367440,1692255103210,1692255103213,1693227367450,10,3,7
760,1693227367450,1692255103217,1692255103221,1693227367458,8,4,4
761,1693227367458,1692255103226,1692255103229,1693227367467,9,3,6
762,1693227367467,1692255103235,1692255103239,1693227367476,9,4,5
763,1693227367476,1692255103244,1692255103248,1693227367485,9,4,5
764,1693227367485,1692255103252,1692255103255,1693227367492,7,3,4
765,1693227367492,1692255103259,1692255103263,1693227367500,8,4,4
766,1693227367500,1692255103267,1692255103271,1693227367508,8,4,4
767,1693227367508,1692255103275,1692255103279,1693227367516,8,4,4
768,1693227367516,1692255103283,1692255103286,1693227367524,8,3,5
769,1693227367524,1692255103292,1692255103295,1693227367532,8,3,5
770,1693227367532,1692255103300,1692255103302,1693227367539,7,2,5
771,1693227367539,1692255103307,1692255103311,1693227367548,9,4,5
772,1693227367548,1692255103316,1692255103318,1693227367555,7,2,5
773,1693227367555,1692255103323,1692255103326,1693227367563,8,3,5
774,1693227367563,1692255103331,1692255103334,1693227367571,8,3,5
775,1693227367571,1692255103338,1692255103342,1693227367578,7,4,3
776,1693227367579,1692255103346,1692255103350,1693227367587,8,4,4
777,1693227367587,1692255103354,1692255103357,1693227367594,7,3,4
778,1693227367594,1692255103362,1692255103365,1693227367602,8,3,5
779,1693227367602,1692255103370,1692255103374,1693227367611,9,4,5
780,1693227367611,1692255103379,1692255103382,1693227367619,8,3,5
781,1693227367619,1692255103386,1692255103389,1693227367626,7,3,4
782,1693227367626,1692255103394,1692255103398,1693227367635,9,4,5
783,1693227367635,1692255103402,1692255103406,1693227367642,7,4,3
784,1693227367642,1692255103409,1692255103413,1693227367650,8,4,4
785,1693227367650,1692255103418,1692255103421,1693227367658,8,3,5
786,1693227367658,1692255103425,1692255103428,1693227367665,7,3,4
787,1693227367665,1692255103432,1692255103436,1693227367673,8,4,4
788,1693227367673,1692255103440,1692255103443,1693227367680,7,3,4
789,1693227367680,1692255103447,1692255103450,1693227367687,7,3,4
790,1693227367687,1692255103454,1692255103458,1693227367695,8,4,4
791,1693227367695,1692255103462,1692255103466,1693227367703,8,4,4
792,1693227367703,1692255103471,1692255103474,1693227367711,8,3,5
793,1693227367711,1692255103479,1692255103485,1693227367722,11,6,5
794,1693227367722,1692255103490,1692255103494,1693227367731,9,4,5
795,1693227367731,1692255103498,1692255103501,1693227367737,6,3,3
796,1693227367737,1692255103504,1692255103508,1693227367744,7,4,3
797,1693227367744,1692255103511,1692255103515,1693227367752,8,4,4
798,1693227367752,1692255103519,1692255103522,1693227367760,8,3,5
799,1693227367760,1692255103528,1692255103532,1693227367769,9,4,5
800,1693227367769,1692255103536,1692255103539,1693227367776,7,3,4
801,1693227367776,1692255103544,1692255103546,1693227367783,7,2,5
802,1693227367783,1692255103550,1692255103553,1693227367790,7,3,4
803,1693227367790,1692255103557,1692255103560,1693227367797,7,3,4
804,1693227367797,1692255103564,1692255103568,1693227367805,8,4,4
805,1693227367805,1692255103572,1692255103575,1693227367813,8,3,5
806,1693227367813,1692255103580,1692255103583,1693227367820,7,3,4
807,1693227367820,1692255103587,1692255103591,1693227367828,8,4,4
808,1693227367828,1692255103596,1692255103599,1693227367838,10,3,7
809,1693227367838,1692255103605,1692255103609,1693227367846,8,4,4
810,1693227367846,1692255103613,1692255103617,1693227367854,8,4,4
811,1693227367854,1692255103621,1692255103624,1693227367861,7,3,4
812,1693227367861,1692255103628,1692255103632,1693227367869,8,4,4
813,1693227367869,1692255103636,1692255103640,1693227367877,8,4,4
814,1693227367877,1692255103645,1692255103648,1693227367885,8,3,5
815,1693227367885,1692255103652,1692255103656,1693227367893,8,4,4
816,1693227367893,1692255103661,1692255103663,1693227367900,7,2,5
817,1693227367900,1692255103668,1692255103671,1693227367908,8,3,5
818,1693227367908,1692255103676,1692255103679,1693227367916,8,3,5
819,1693227367916,1692255103684,1692255103688,1693227367924,8,4,4
820,1693227367924,1692255103692,1692255103695,1693227367932,8,3,5
821,1693227367932,1692255103699,1692255103703,1693227367941,9,4,5
822,1693227367941,1692255103709,1692255103712,1693227367948,7,3,4
823,1693227367948,1692255103715,1692255103718,1693227367955,7,3,4
824,1693227367956,1692255103723,1692255103726,1693227367963,7,3,4
825,1693227367963,1692255103730,1692255103732,1693227367969,6,2,4
826,1693227367969,1692255103737,1692255103740,1693227367977,8,3,5
827,1693227367977,1692255103745,1692255103748,1693227367985,8,3,5
828,1693227367985,1692255103752,1692255103755,1693227367992,7,3,4
829,1693227367992,1692255103759,1692255103762,1693227367999,7,3,4
830,1693227367999,1692255103767,1692255103771,1693227368008,9,4,5
831,1693227368008,1692255103776,1692255103779,1693227368016,8,3,5
832,1693227368016,1692255103783,1692255103786,1693227368023,7,3,4
833,1693227368023,1692255103790,1692255103793,1693227368030,7,3,4
834,1693227368030,1692255103797,1692255103801,1693227368038,8,4,4
835,1693227368038,1692255103808,1692255103812,1693227368048,10,4,6
836,1693227368048,1692255103815,1692255103819,1693227368056,8,4,4
837,1693227368056,1692255103823,1692255103827,1693227368064,8,4,4
838,1693227368064,1692255103831,1692255103835,1693227368072,8,4,4
839,1693227368072,1692255103839,1692255103842,1693227368079,7,3,4
840,1693227368079,1692255103846,1692255103849,1693227368086,7,3,4
841,1693227368086,1692255103854,1692255103857,1693227368094,8,3,5
842,1693227368094,1692255103861,1692255103865,1693227368102,8,4,4
843,1693227368102,1692255103870,1692255103873,1693227368110,8,3,5
844,1693227368110,1692255103877,1692255103880,1693227368117,7,3,4
845,1693227368117,1692255103884,1692255103889,1693227368126,9,5,4
846,1693227368126,1692255103893,1692255103896,1693227368133,7,3,4
847,1693227368133,1692255103901,1692255103904,1693227368141,8,3,5
848,1693227368141,1692255103911,1692255103914,1693227368151,10,3,7
849,1693227368151,1692255103918,1692255103920,1693227368157,6,2,4
850,1693227368157,1692255103925,1692255103928,1693227368165,8,3,5
851,1693227368165,1692255103932,1692255103936,1693227368173,8,4,4
852,1693227368173,1692255103940,1692255103944,1693227368181,8,4,4
853,1693227368181,1692255103948,1692255103951,1693227368188,7,3,4
854,1693227368188,1692255103955,1692255103957,1693227368194,6,2,4
855,1693227368194,1692255103961,1692255103965,1693227368202,8,4,4
856,1693227368202,1692255103969,1692255103973,1693227368210,8,4,4
857,1693227368210,1692255103977,1692255103981,1693227368218,8,4,4
858,1693227368218,1692255103987,1692255103991,1693227368228,10,4,6
859,1693227368228,1692255103995,1692255103997,1693227368234,6,2,4
860,1693227368234,1692255104001,1692255104005,1693227368242,8,4,4
861,1693227368242,1692255104009,1692255104012,1693227368249,7,3,4
862,1693227368249,1692255104021,1692255104025,1693227368262,13,4,9
863,1693227368262,1692255104029,1692255104032,1693227368269,7,3,4
864,1693227368269,1692255104036,1692255104039,1693227368276,7,3,4
865,1693227368276,1692255104043,1692255104048,1693227368286,10,5,5
866,1693227368286,1692255104053,1692255104056,1693227368293,7,3,4
867,1693227368293,1692255104061,1692255104064,1693227368301,8,3,5
868,1693227368301,1692255104069,1692255104073,1693227368310,9,4,5
869,1693227368310,1692255104077,1692255104081,1693227368318,8,4,4
870,1693227368318,1692255104085,1692255104089,1693227368326,8,4,4
871,1693227368326,1692255104093,1692255104097,1693227368334,8,4,4
872,1693227368334,1692255104101,1692255104105,1693227368341,7,4,3
873,1693227368342,1692255104109,1692255104113,1693227368352,10,4,6
874,1693227368352,1692255104118,1692255104121,1693227368358,6,3,3
875,1693227368358,1692255104125,1692255104128,1693227368364,6,3,3
876,1693227368364,1692255104131,1692255104135,1693227368372,8,4,4
877,1693227368372,1692255104139,1692255104142,1693227368379,7,3,4
878,1693227368379,1692255104146,1692255104149,1693227368386,7,3,4
879,1693227368386,1692255104154,1692255104157,1693227368394,8,3,5
880,1693227368394,1692255104161,1692255104165,1693227368403,9,4,5
881,1693227368403,1692255104170,1692255104173,1693227368410,7,3,4
882,1693227368410,1692255104178,1692255104181,1693227368418,8,3,5
883,1693227368418,1692255104186,1692255104189,1693227368426,8,3,5
884,1693227368426,1692255104194,1692255104197,1693227368434,8,3,5
885,1693227368434,1692255104201,1692255104204,1693227368441,7,3,4
886,1693227368441,1692255104209,1692255104213,1693227368449,8,4,4
887,1693227368449,1692255104218,1692255104221,1693227368458,9,3,6
888,1693227368458,1692255104226,1692255104229,1693227368466,8,3,5
889,1693227368466,1692255104233,1692255104236,1693227368474,8,3,5
890,1693227368474,1692255104243,1692255104247,1693227368484,10,4,6
891,1693227368484,1692255104251,1692255104254,1693227368491,7,3,4
892,1693227368491,1692255104258,1692255104262,1693227368499,8,4,4
893,1693227368499,1692255104266,1692255104269,1693227368506,7,3,4
894,1693227368506,1692255104274,1692255104276,1693227368513,7,2,5
895,1693227368513,1692255104281,1692255104284,1693227368521,8,3,5
896,1693227368521,1692255104288,1692255104291,1693227368528,7,3,4
897,1693227368528,1692255104296,1692255104299,1693227368536,8,3,5
898,1693227368536,1692255104304,1692255104307,1693227368544,8,3,5
899,1693227368544,1692255104312,1692255104315,1693227368552,8,3,5
900,1693227368552,1692255104320,1692255104325,1693227368562,10,5,5
901,1693227368562,1692255104329,1692255104332,1693227368570,8,3,5
902,1693227368570,1692255104337,1692255104342,1693227368579,9,5,4
903,1693227368579,1692255104347,1692255104351,1693227368588,9,4,5
904,1693227368588,1692255104355,1692255104358,1693227368595,7,3,4
905,1693227368595,1692255104363,1692255104367,1693227368603,8,4,4
906,1693227368603,1692255104370,1692255104374,1693227368611,8,4,4
907,1693227368611,1692255104378,1692255104381,1693227368618,7,3,4
908,1693227368618,1692255104385,1692255104388,1693227368625,7,3,4
909,1693227368625,1692255104392,1692255104394,1693227368631,6,2,4
910,1693227368632,1692255104399,1692255104402,1693227368639,7,3,4
911,1693227368639,1692255104406,1692255104409,1693227368645,6,3,3
912,1693227368645,1692255104412,1692255104415,1693227368652,7,3,4
913,1693227368652,1692255104419,1692255104421,1693227368658,6,2,4
914,1693227368659,1692255104426,1692255104429,1693227368666,7,3,4
915,1693227368666,1692255104444,1692255104447,1693227368684,18,3,15
916,1693227368684,1692255104451,1692255104454,1693227368691,7,3,4
917,1693227368691,1692255104466,1692255104469,1693227368706,15,3,12
918,1693227368706,1692255104474,1692255104477,1693227368714,8,3,5
919,1693227368714,1692255104482,1692255104485,1693227368722,8,3,5
920,1693227368722,1692255104489,1692255104493,1693227368730,8,4,4
921,1693227368730,1692255104497,1692255104500,1693227368737,7,3,4
922,1693227368737,1692255104505,1692255104508,1693227368745,8,3,5
923,1693227368745,1692255104513,1692255104517,1693227368754,9,4,5
924,1693227368754,1692255104521,1692255104525,1693227368762,8,4,4
925,1693227368762,1692255104530,1692255104532,1693227368769,7,2,5
926,1693227368770,1692255104536,1692255104540,1693227368777,7,4,3
927,1693227368777,1692255104545,1692255104548,1693227368786,9,3,6
928,1693227368786,1692255104554,1692255104557,1693227368794,8,3,5
929,1693227368794,1692255104562,1692255104565,1693227368802,8,3,5
930,1693227368802,1692255104570,1692255104573,1693227368809,7,3,4
931,1693227368809,1692255104577,1692255104580,1693227368818,9,3,6
932,1693227368818,1692255104586,1692255104589,1693227368826,8,3,5
933,1693227368826,1692255104594,1692255104597,1693227368834,8,3,5
934,1693227368834,1692255104602,1692255104606,1693227368843,9,4,5
935,1693227368843,1692255104610,1692255104613,1693227368850,7,3,4
936,1693227368850,1692255104617,1692255104621,1693227368858,8,4,4
937,1693227368858,1692255104627,1692255104630,1693227368867,9,3,6
938,1693227368867,1692255104635,1692255104637,1693227368874,7,2,5
939,1693227368874,1692255104642,1692255104647,1693227368884,10,5,5
940,1693227368884,1692255104651,1692255104654,1693227368890,6,3,3
941,1693227368890,1692255104659,1692255104662,1693227368899,9,3,6
942,1693227368899,1692255104667,1692255104670,1693227368907,8,3,5
943,1693227368907,1692255104675,1692255104679,1693227368916,9,4,5
944,1693227368916,1692255104684,1692255104687,1693227368924,8,3,5
945,1693227368924,1692255104692,1692255104695,1693227368932,8,3,5
946,1693227368932,1692255104699,1692255104703,1693227368940,8,4,4
947,1693227368940,1692255104708,1692255104712,1693227368948,8,4,4
948,1693227368948,1692255104716,1692255104718,1693227368955,7,2,5
949,1693227368956,1692255104723,1692255104727,1693227368965,9,4,5
950,1693227368965,1692255104732,1692255104736,1693227368973,8,4,4
951,1693227368973,1692255104739,1692255104743,1693227368980,7,4,3
952,1693227368980,1692255104747,1692255104749,1693227368986,6,2,4
953,1693227368986,1692255104754,1692255104757,1693227368994,8,3,5
954,1693227368994,1692255104762,1692255104765,1693227369002,8,3,5
955,1693227369002,1692255104770,1692255104773,1693227369010,8,3,5
956,1693227369010,1692255104777,1692255104779,1693227369016,6,2,4
957,1693227369016,1692255104784,1692255104788,1693227369024,8,4,4
958,1693227369025,1692255104792,1692255104796,1693227369033,8,4,4
959,1693227369033,1692255104803,1692255104806,1693227369043,10,3,7
960,1693227369043,1692255104811,1692255104814,1693227369050,7,3,4
961,1693227369050,1692255104817,1692255104820,1693227369058,8,3,5
962,1693227369058,1692255104825,1692255104829,1693227369067,9,4,5
963,1693227369067,1692255104834,1692255104838,1693227369075,8,4,4
964,1693227369075,1692255104843,1692255104846,1693227369083,8,3,5
965,1693227369083,1692255104851,1692255104854,1693227369091,8,3,5
966,1693227369091,1692255104858,1692255104861,1693227369098,7,3,4
967,1693227369098,1692255104865,1692255104868,1693227369105,7,3,4
968,1693227369105,1692255104873,1692255104875,1693227369112,7,2,5
969,1693227369112,1692255104880,1692255104883,1693227369120,8,3,5
970,1693227369120,1692255104896,1692255104900,1693227369137,17,4,13
971,1693227369137,1692255104905,1692255104909,1693227369145,8,4,4
972,1693227369145,1692255104913,1692255104916,1693227369153,8,3,5
973,1693227369153,1692255104920,1692255104923,1693227369160,7,3,4
974,1693227369160,1692255104928,1692255104931,1693227369169,9,3,6
975,1693227369169,1692255104937,1692255104940,1693227369177,8,3,5
976,1693227369177,1692255104944,1692255104949,1693227369186,9,5,4
977,1693227369186,1692255104953,1692255104956,1693227369193,7,3,4
978,1693227369193,1692255104960,1692255104964,1693227369201,8,4,4
979,1693227369201,1692255104968,1692255104972,1693227369209,8,4,4
980,1693227369209,1692255104976,1692255104980,1693227369217,8,4,4
981,1693227369217,1692255104985,1692255104988,1693227369225,8,3,5
982,1693227369225,1692255104992,1692255104996,1693227369233,8,4,4
983,1693227369233,1692255105000,1692255105003,1693227369240,7,3,4
984,1693227369240,1692255105008,1692255105012,1693227369249,9,4,5
985,1693227369249,1692255105016,1692255105020,1693227369256,7,4,3
986,1693227369256,1692255105023,1692255105026,1693227369263,7,3,4
987,1693227369263,1692255105030,1692255105033,1693227369272,9,3,6
988,1693227369272,1692255105039,1692255105043,1693227369280,8,4,4
989,1693227369280,1692255105048,1692255105051,1693227369288,8,3,5
990,1693227369288,1692255105055,1692255105058,1693227369295,7,3,4
991,1693227369295,1692255105063,1692255105065,1693227369302,7,2,5
992,1693227369302,1692255105070,1692255105074,1693227369310,8,4,4
993,1693227369311,1692255105078,1692255105081,1693227369318,7,3,4
994,1693227369318,1692255105086,1692255105089,1693227369326,8,3,5
995,1693227369326,1692255105094,1692255105097,1693227369334,8,3,5
996,1693227369334,1692255105101,1692255105104,1693227369341,7,3,4
997,1693227369341,1692255105108,1692255105112,1693227369349,8,4,4
998,1693227369349,1692255105116,1692255105119,1693227369356,7,3,4
999,1693227369356,1692255105123,1692255105126,1693227369363,7,3,4
1000,1693227369363,1692255105131,1692255105134,1693227369371,8,3,5
1001,1693227369371,1692255105140,1692255105143,1693227369380,9,3,6
1002,1693227369380,1692255105149,1692255105152,1693227369389,9,3,6
1003,1693227369389,1692255105156,1692255105160,1693227369397,8,4,4
1004,1693227369397,1692255105164,1692255105167,1693227369404,7,3,4
1005,1693227369404,1692255105172,1692255105176,1693227369413,9,4,5
1006,1693227369413,1692255105180,1692255105183,1693227369421,8,3,5
1007,1693227369421,1692255105188,1692255105192,1693227369429,8,4,4
1008,1693227369429,1692255105196,1692255105199,1693227369437,8,3,5
1009,1693227369437,1692255105204,1692255105208,1693227369445,8,4,4
1010,1693227369445,1692255105220,1692255105223,1693227369462,17,3,14
1011,1693227369462,1692255105229,1692255105233,1693227369470,8,4,4
1012,1693227369470,1692255105239,1692255105242,1693227369479,9,3,6
1013,1693227369479,1692255105247,1692255105251,1693227369488,9,4,5
1014,1693227369488,1692255105257,1692255105261,1693227369498,10,4,6
1015,1693227369498,1692255105265,1692255105269,1693227369506,8,4,4
1016,1693227369506,1692255105274,1692255105277,1693227369513,7,3,4
1017,1693227369513,1692255105281,1692255105284,1693227369521,8,3,5
1018,1693227369521,1692255105288,1692255105292,1693227369529,8,4,4
1019,1693227369529,1692255105297,1692255105300,1693227369537,8,3,5
1020,1693227369537,1692255105304,1692255105308,1693227369545,8,4,4
1021,1693227369545,1692255105312,1692255105315,1693227369552,7,3,4
1022,1693227369552,1692255105319,1692255105322,1693227369559,7,3,4
1023,1693227369559,1692255105327,1692255105330,1693227369567,8,3,5
1024,1693227369567,1692255105335,1692255105338,1693227369575,8,3,5
1025,1693227369575,1692255105345,1692255105348,1693227369584,9,3,6
1026,1693227369584,1692255105351,1692255105355,1693227369592,8,4,4
1027,1693227369592,1692255105359,1692255105363,1693227369599,7,4,3
1028,1693227369599,1692255105366,1692255105369,1693227369606,7,3,4
1029,1693227369606,1692255105373,1692255105376,1693227369613,7,3,4
1030,1693227369613,1692255105381,1692255105384,1693227369621,8,3,5
1031,1693227369621,1692255105388,1692255105391,1693227369628,7,3,4
1032,1693227369628,1692255105395,1692255105399,1693227369636,8,4,4
1033,1693227369636,1692255105403,1692255105406,1693227369643,7,3,4
1034,1693227369643,1692255105411,1692255105414,1693227369652,9,3,6
1035,1693227369652,1692255105420,1692255105422,1693227369664,12,2,10
1036,1693227369664,1692255105450,1692255105454,1693227369691,27,4,23
1037,1693227369691,1692255105458,1692255105461,1693227369701,10,3,7
1038,1693227369701,1692255105469,1692255105471,1693227369708,7,2,5
1039,1693227369708,1692255105476,1692255105479,1693227369716,8,3,5
1040,1693227369716,1692255105491,1692255105496,1693227369733,17,5,12
1041,1693227369733,1692255105500,1692255105504,1693227369741,8,4,4
1042,1693227369741,1692255105509,1692255105512,1693227369749,8,3,5
1043,1693227369749,1692255105517,1692255105520,1693227369757,8,3,5
1044,1693227369757,1692255105525,1692255105528,1693227369765,8,3,5
1045,1693227369765,1692255105533,1692255105536,1693227369773,8,3,5
1046,1693227369773,1692255105541,1692255105545,1693227369784,11,4,7
1047,1693227369784,1692255105551,1692255105554,1693227369792,8,3,5
1048,1693227369792,1692255105559,1692255105561,1693227369798,6,2,4
1049,1693227369798,1692255105566,1692255105569,1693227369806,8,3,5
1050,1693227369806,1692255105582,1692255105587,1693227369824,18,5,13
1051,1693227369824,1692255105592,1692255105596,1693227369833,9,4,5
1052,1693227369833,1692255105600,1692255105606,1693227369843,10,6,4
1053,1693227369843,1692255105611,1692255105614,1693227369851,8,3,5
1054,1693227369852,1692255105619,1692255105623,1693227369865,13,4,9
1055,1693227369865,1692255105655,1692255105658,1693227369895,30,3,27
1056,1693227369895,1692255105688,1692255105692,1693227369929,34,4,30
1057,1693227369929,1692255105696,1692255105700,1693227369936,7,4,3
1058,1693227369937,1692255105704,1692255105707,1693227369943,6,3,3
1059,1693227369944,1692255105711,1692255105714,1693227369951,7,3,4
1060,1693227369951,1692255105719,1692255105722,1693227369959,8,3,5
1061,1693227369959,1692255105726,1692255105730,1693227369967,8,4,4
1062,1693227369967,1692255105734,1692255105737,1693227369974,7,3,4
1063,1693227369974,1692255105741,1692255105744,1693227369981,7,3,4
1064,1693227369981,1692255105748,1692255105751,1693227369989,8,3,5
1065,1693227369989,1692255105756,1692255105759,1693227369996,7,3,4
1066,1693227369996,1692255105764,1692255105767,1693227370004,8,3,5
1067,1693227370004,1692255105772,1692255105774,1693227370011,7,2,5
1068,1693227370011,1692255105778,1692255105781,1693227370018,7,3,4
1069,1693227370018,1692255105786,1692255105789,1693227370026,8,3,5
1070,1693227370026,1692255105794,1692255105797,1693227370034,8,3,5
1071,1693227370034,1692255105802,1692255105805,1693227370042,8,3,5
1072,1693227370042,1692255105809,1692255105812,1693227370049,7,3,4
1073,1693227370049,1692255105816,1692255105820,1693227370058,9,4,5
1074,1693227370058,1692255105825,1692255105829,1693227370066,8,4,4
1075,1693227370066,1692255105835,1692255105838,1693227370075,9,3,6
1076,1693227370075,1692255105842,1692255105845,1693227370082,7,3,4
1077,1693227370083,1692255105850,1692255105854,1693227370091,8,4,4
1078,1693227370091,1692255105858,1692255105861,1693227370098,7,3,4
1079,1693227370098,1692255105865,1692255105869,1693227370106,8,4,4
1080,1693227370106,1692255105880,1692255105883,1693227370119,13,3,10
1081,1693227370119,1692255105886,1692255105890,1693227370127,8,4,4
1082,1693227370127,1692255105895,1692255105898,1693227370135,8,3,5
1083,1693227370135,1692255105902,1692255105905,1693227370142,7,3,4
1084,1693227370142,1692255105909,1692255105912,1693227370149,7,3,4
1085,1693227370149,1692255105917,1692255105920,1693227370157,8,3,5
1086,1693227370157,1692255105925,1692255105928,1693227370165,8,3,5
1087,1693227370165,1692255105933,1692255105938,1693227370175,10,5,5
1088,1693227370175,1692255105943,1692255105946,1693227370183,8,3,5
1089,1693227370183,1692255105950,1692255105953,1693227370190,7,3,4
1090,1693227370190,1692255105959,1692255105963,1693227370200,10,4,6
1091,1693227370200,1692255105967,1692255105971,1693227370208,8,4,4
1092,1693227370208,1692255105975,1692255105979,1693227370215,7,4,3
1093,1693227370215,1692255105983,1692255105985,1693227370222,7,2,5
1094,1693227370222,1692255105990,1692255105994,1693227370231,9,4,5
1095,1693227370231,1692255105998,1692255106002,1693227370239,8,4,4
1096,1693227370239,1692255106006,1692255106009,1693227370246,7,3,4
1097,1693227370246,1692255106013,1692255106016,1693227370253,7,3,4
1098,1693227370253,1692255106020,1692255106023,1693227370260,7,3,4
1099,1693227370260,1692255106028,1692255106031,1693227370268,8,3,5
1100,1693227370268,1692255106035,1692255106038,1693227370276,8,3,5
1101,1693227370276,1692255106043,1692255106046,1693227370283,7,3,4
1102,1693227370283,1692255106051,1692255106054,1693227370291,8,3,5
1103,1693227370291,1692255106061,1692255106065,1693227370302,11,4,7
1104,1693227370302,1692255106069,1692255106075,1693227370312,10,6,4
1105,1693227370312,1692255106079,1692255106082,1693227370320,8,3,5
1106,1693227370320,1692255106087,1692255106091,1693227370328,8,4,4
1107,1693227370328,1692255106095,1692255106099,1693227370335,7,4,3
1108,1693227370335,1692255106102,1692255106105,1693227370342,7,3,4
1109,1693227370342,1692255106110,1692255106114,1693227370351,9,4,5
1110,1693227370351,1692255106118,1692255106120,1693227370357,6,2,4
1111,1693227370357,1692255106124,1692255106128,1693227370365,8,4,4
1112,1693227370365,1692255106132,1692255106136,1693227370373,8,4,4
1113,1693227370373,1692255106140,1692255106144,1693227370380,7,4,3
1114,1693227370380,1692255106149,1692255106152,1693227370389,9,3,6
1115,1693227370389,1692255106156,1692255106160,1693227370399,10,4,6
1116,1693227370399,1692255106166,1692255106170,1693227370408,9,4,5
1117,1693227370408,1692255106175,1692255106179,1693227370415,7,4,3
1118,1693227370415,1692255106182,1692255106185,1693227370422,7,3,4
1119,1693227370422,1692255106189,1692255106192,1693227370429,7,3,4
1120,1693227370429,1692255106196,1692255106200,1693227370437,8,4,4
1121,1693227370437,1692255106204,1692255106208,1693227370444,7,4,3
1122,1693227370445,1692255106212,1692255106216,1693227370453,8,4,4
1123,1693227370453,1692255106220,1692255106225,1693227370462,9,5,4
1124,1693227370462,1692255106229,1692255106232,1693227370469,7,3,4
1125,1693227370469,1692255106237,1692255106240,1693227370477,8,3,5
1126,1693227370477,1692255106244,1692255106247,1693227370484,7,3,4
1127,1693227370484,1692255106252,1692255106255,1693227370492,8,3,5
1128,1693227370492,1692255106259,1692255106263,1693227370500,8,4,4
1129,1693227370500,1692255106267,1692255106271,1693227370508,8,4,4
1130,1693227370508,1692255106275,1692255106279,1693227370516,8,4,4
1131,1693227370516,1692255106283,1692255106287,1693227370524,8,4,4
1132,1693227370524,1692255106291,1692255106294,1693227370531,7,3,4
1133,1693227370531,1692255106299,1692255106301,1693227370538,7,2,5
1134,1693227370538,1692255106305,1692255106308,1693227370545,7,3,4
1135,1693227370545,1692255106312,1692255106315,1693227370552,7,3,4
1136,1693227370552,1692255106320,1692255106324,1693227370560,8,4,4
1137,1693227370560,1692255106328,1692255106332,1693227370569,9,4,5
1138,1693227370569,1692255106337,1692255106339,1693227370576,7,2,5
1139,1693227370576,1692255106344,1692255106347,1693227370584,8,3,5
1140,1693227370584,1692255106351,1692255106354,1693227370591,7,3,4
1141,1693227370591,1692255106359,1692255106362,1693227370599,8,3,5
1142,1693227370599,1692255106368,1692255106372,1693227370609,10,4,6
1143,1693227370609,1692255106376,1692255106380,1693227370617,8,4,4
1144,1693227370617,1692255106384,1692255106388,1693227370625,8,4,4
1145,1693227370625,1692255106392,1692255106396,1693227370633,8,4,4
1146,1693227370633,1692255106401,1692255106404,1693227370641,8,3,5
1147,1693227370641,1692255106408,1692255106411,1693227370648,7,3,4
1148,1693227370648,1692255106416,1692255106419,1693227370656,8,3,5
1149,1693227370656,1692255106423,1692255106427,1693227370664,8,4,4
1150,1693227370664,1692255106431,1692255106434,1693227370671,7,3,4
1151,1693227370671,1692255106438,1692255106442,1693227370679,8,4,4
1152,1693227370679,1692255106447,1692255106450,1693227370687,8,3,5
1153,1693227370687,1692255106454,1692255106457,1693227370695,8,3,5
1154,1693227370695,1692255106463,1692255106467,1693227370705,10,4,6
1155,1693227370705,1692255106472,1692255106475,1693227370712,7,3,4
1156,1693227370712,1692255106479,1692255106482,1693227370719,7,3,4
1157,1693227370719,1692255106487,1692255106490,1693227370727,8,3,5
1158,1693227370727,1692255106494,1692255106498,1693227370735,8,4,4
1159,1693227370735,1692255106504,1692255106507,1693227370744,9,3,6
1160,1693227370744,1692255106511,1692255106516,1693227370753,9,5,4
1161,1693227370753,1692255106521,1692255106524,1693227370761,8,3,5
1162,1693227370761,1692255106528,1692255106531,1693227370768,7,3,4
1163,1693227370768,1692255106536,1692255106539,1693227370776,8,3,5
1164,1693227370776,1692255106544,1692255106547,1693227370784,8,3,5
1165,1693227370784,1692255106551,1692255106554,1693227370791,7,3,4
1166,1693227370791,1692255106558,1692255106562,1693227370799,8,4,4
1167,1693227370799,1692255106567,1692255106570,1693227370808,9,3,6
1168,1693227370808,1692255106575,1692255106578,1693227370815,7,3,4
1169,1693227370815,1692255106583,1692255106585,1693227370822,7,2,5
1170,1693227370822,1692255106590,1692255106593,1693227370831,9,3,6
1171,1693227370831,1692255106599,1692255106602,1693227370839,8,3,5
1172,1693227370839,1692255106607,1692255106610,1693227370847,8,3,5
1173,1693227370847,1692255106615,1692255106619,1693227370856,9,4,5
1174,1693227370856,1692255106623,1692255106627,1693227370864,8,4,4
1175,1693227370864,1692255106631,1692255106635,1693227370871,7,4,3
1176,1693227370871,1692255106647,1692255106651,1693227370888,17,4,13
1177,1693227370888,1692255106655,1692255106661,1693227370898,10,6,4
1178,1693227370898,1692255106666,1692255106669,1693227370906,8,3,5
1179,1693227370906,1692255106675,1692255106679,1693227370916,10,4,6
1180,1693227370916,1692255106683,1692255106687,1693227370924,8,4,4
1181,1693227370924,1692255106691,1692255106694,1693227370930,6,3,3
1182,1693227370930,1692255106698,1692255106701,1693227370938,8,3,5
1183,1693227370938,1692255106705,1692255106709,1693227370946,8,4,4
1184,1693227370946,1692255106713,1692255106716,1693227370953,7,3,4
1185,1693227370953,1692255106720,1692255106723,1693227370960,7,3,4
1186,1693227370960,1692255106727,1692255106730,1693227370967,7,3,4
1187,1693227370967,1692255106735,1692255106738,1693227370975,8,3,5
1188,1693227370975,1692255106743,1692255106747,1693227370984,9,4,5
1189,1693227370984,1692255106752,1692255106756,1693227370992,8,4,4
1190,1693227370992,1692255106760,1692255106763,1693227371000,8,3,5
1191,1693227371000,1692255106768,1692255106771,1693227371008,8,3,5
1192,1693227371008,1692255106778,1692255106781,1693227371018,10,3,7
1193,1693227371018,1692255106785,1692255106789,1693227371026,8,4,4
1194,1693227371026,1692255106793,1692255106796,1693227371033,7,3,4
1195,1693227371033,1692255106800,1692255106803,1693227371040,7,3,4
1196,1693227371040,1692255106808,1692255106812,1693227371049,9,4,5
1197,1693227371049,1692255106817,1692255106820,1693227371057,8,3,5
1198,1693227371057,1692255106825,1692255106828,1693227371065,8,3,5
1199,1693227371065,1692255106832,1692255106835,1693227371072,7,3,4
1200,1693227371072,1692255106840,1692255106843,1693227371080,8,3,5
1201,1693227371080,1692255106847,1692255106851,1693227371088,8,4,4
1202,1693227371088,1692255106855,1692255106859,1693227371096,8,4,4
1203,1693227371096,1692255106863,1692255106866,1693227371103,7,3,4
1204,1693227371103,1692255106871,1692255106873,1693227371110,7,2,5
1205,1693227371110,1692255106880,1692255106883,1693227371120,10,3,7
1206,1693227371120,1692255106887,1692255106890,1693227371127,7,3,4
1207,1693227371127,1692255106895,1692255106898,1693227371134,7,3,4
1208,1693227371135,1692255106902,1692255106905,1693227371142,7,3,4
1209,1693227371143,1692255106910,1692255106914,1693227371151,8,4,4
1210,1693227371151,1692255106919,1692255106922,1693227371159,8,3,5
1211,1693227371159,1692255106926,1692255106930,1693227371167,8,4,4
1212,1693227371167,1692255106935,1692255106938,1693227371175,8,3,5
1213,1693227371175,1692255106942,1692255106945,1693227371183,8,3,5
1214,1693227371183,1692255106950,1692255106952,1693227371189,6,2,4
1215,1693227371189,1692255106957,1692255106961,1693227371198,9,4,5
1216,1693227371198,1692255106965,1692255106968,1693227371205,7,3,4
1217,1693227371205,1692255106972,1692255106976,1693227371213,8,4,4
1218,1693227371213,1692255106982,1692255106985,1693227371222,9,3,6
1219,1693227371222,1692255106990,1692255106994,1693227371231,9,4,5
1220,1693227371231,1692255106998,1692255107001,1693227371238,7,3,4
1221,1693227371238,1692255107010,1692255107013,1693227371249,11,3,8
1222,1693227371249,1692255107017,1692255107021,1693227371258,9,4,5
1223,1693227371258,1692255107031,1692255107034,1693227371271,13,3,10
1224,1693227371271,1692255107038,1692255107041,1693227371278,7,3,4
1225,1693227371278,1692255107045,1692255107048,1693227371285,7,3,4
1226,1693227371285,1692255107052,1692255107056,1693227371293,8,4,4
1227,1693227371293,1692255107061,1692255107064,1693227371301,8,3,5
1228,1693227371301,1692255107069,1692255107072,1693227371309,8,3,5
1229,1693227371309,1692255107076,1692255107079,1693227371316,7,3,4
1230,1693227371316,1692255107085,1692255107089,1693227371326,10,4,6
1231,1693227371326,1692255107093,1692255107096,1693227371333,7,3,4
1232,1693227371333,1692255107100,1692255107104,1693227371340,7,4,3
1233,1693227371341,1692255107108,1692255107114,1693227371351,10,6,4
1234,1693227371351,1692255107118,1692255107122,1693227371358,7,4,3
1235,1693227371358,1692255107125,1692255107128,1693227371365,7,3,4
1236,1693227371365,1692255107133,1692255107136,1693227371373,8,3,5
1237,1693227371373,1692255107141,1692255107144,1693227371381,8,3,5
1238,1693227371381,1692255107149,1692255107152,1693227371389,8,3,5
1239,1693227371389,1692255107156,1692255107159,1693227371396,7,3,4
1240,1693227371396,1692255107164,1692255107166,1693227371403,7,2,5
1241,1693227371403,1692255107171,1692255107174,1693227371411,8,3,5
1242,1693227371411,1692255107179,1692255107182,1693227371419,8,3,5
1243,1693227371419,1692255107188,1692255107191,1693227371428,9,3,6
1244,1693227371428,1692255107195,1692255107198,1693227371435,7,3,4
1245,1693227371435,1692255107202,1692255107206,1693227371443,8,4,4
1246,1693227371443,1692255107210,1692255107214,1693227371451,8,4,4
1247,1693227371451,1692255107219,1692255107222,1693227371458,7,3,4
1248,1693227371458,1692255107226,1692255107229,1693227371466,8,3,5
1249,1693227371466,1692255107234,1692255107237,1693227371473,7,3,4
1250,1693227371474,1692255107241,1692255107244,1693227371481,7,3,4
1251,1693227371481,1692255107248,1692255107251,1693227371488,7,3,4
1252,1693227371488,1692255107256,1692255107260,1693227371497,9,4,5
1253,1693227371497,1692255107265,1692255107269,1693227371506,9,4,5
1254,1693227371506,1692255107274,1692255107277,1693227371514,8,3,5
1255,1693227371514,1692255107282,1692255107284,1693227371521,7,2,5
1256,1693227371521,1692255107290,1692255107294,1693227371530,9,4,5
1257,1693227371530,1692255107297,1692255107300,1693227371537,7,3,4
1258,1693227371537,1692255107305,1692255107308,1693227371544,7,3,4
1259,1693227371544,1692255107313,1692255107316,1693227371553,9,3,6
1260,1693227371553,1692255107320,1692255107324,1693227371561,8,4,4
1261,1693227371561,1692255107328,1692255107331,1693227371568,7,3,4
1262,1693227371568,1692255107336,1692255107339,1693227371576,8,3,5
1263,1693227371576,1692255107344,1692255107347,1693227371584,8,3,5
1264,1693227371584,1692255107351,1692255107354,1693227371591,7,3,4
1265,1693227371591,1692255107359,1692255107362,1693227371598,7,3,4
1266,1693227371599,1692255107366,1692255107369,1693227371605,6,3,3
1267,1693227371606,1692255107373,1692255107376,1693227371613,7,3,4
1268,1693227371613,1692255107380,1692255107383,1693227371620,7,3,4
1269,1693227371620,1692255107387,1692255107390,1693227371627,7,3,4
1270,1693227371627,1692255107395,1692255107400,1693227371637,10,5,5
1271,1693227371637,1692255107405,1692255107407,1693227371644,7,2,5
1272,1693227371644,1692255107411,1692255107415,1693227371652,8,4,4
1273,1693227371652,1692255107420,1692255107424,1693227371661,9,4,5
1274,1693227371661,1692255107429,1692255107434,1693227371671,10,5,5
1275,1693227371671,1692255107439,1692255107442,1693227371679,8,3,5
1276,1693227371679,1692255107447,1692255107450,1693227371687,8,3,5
1277,1693227371687,1692255107454,1692255107457,1693227371694,7,3,4
1278,1693227371694,1692255107462,1692255107465,1693227371702,8,3,5
1279,1693227371702,1692255107470,1692255107474,1693227371711,9,4,5
1280,1693227371711,1692255107478,1692255107482,1693227371719,8,4,4
1281,1693227371719,1692255107486,1692255107488,1693227371725,6,2,4
1282,1693227371725,1692255107495,1692255107498,1693227371735,10,3,7
1283,1693227371735,1692255107503,1692255107505,1693227371742,7,2,5
1284,1693227371742,1692255107509,1692255107512,1693227371749,7,3,4
1285,1693227371749,1692255107523,1692255107527,1693227371764,15,4,11
1286,1693227371764,1692255107531,1692255107534,1693227371771,7,3,4
1287,1693227371771,1692255107542,1692255107545,1693227371782,11,3,8
1288,1693227371782,1692255107550,1692255107553,1693227371790,8,3,5
1289,1693227371790,1692255107558,1692255107561,1693227371798,8,3,5
1290,1693227371798,1692255107565,1692255107568,1693227371805,7,3,4
1291,1693227371806,1692255107573,1692255107576,1693227371814,8,3,5
1292,1693227371814,1692255107581,1692255107585,1693227371822,8,4,4
1293,1693227371822,1692255107590,1692255107593,1693227371836,14,3,11
1294,1693227371836,1692255107604,1692255107607,1693227371844,8,3,5
1295,1693227371844,1692255107612,1692255107615,1693227371852,8,3,5
1296,1693227371852,1692255107619,1692255107623,1693227371860,8,4,4
1297,1693227371860,1692255107627,1692255107630,1693227371867,7,3,4
1298,1693227371867,1692255107635,1692255107639,1693227371876,9,4,5
1299,1693227371876,1692255107644,1692255107647,1693227371884,8,3,5
1300,1693227371884,1692255107651,1692255107654,1693227371891,7,3,4
1301,1693227371891,1692255107659,1692255107662,1693227371899,8,3,5
1302,1693227371899,1692255107666,1692255107669,1693227371909,10,3,7
1303,1693227371909,1692255107677,1692255107680,1693227371917,8,3,5
1304,1693227371917,1692255107685,1692255107687,1693227371924,7,2,5
1305,1693227371924,1692255107692,1692255107696,1693227371934,10,4,6
1306,1693227371934,1692255107702,1692255107708,1693227371945,11,6,5
1307,1693227371945,1692255107712,1692255107716,1693227371953,8,4,4
1308,1693227371953,1692255107721,1692255107725,1693227371962,9,4,5
1309,1693227371962,1692255107731,1692255107734,1693227371971,9,3,6
1310,1693227371971,1692255107740,1692255107743,1693227371980,9,3,6
1311,1693227371980,1692255107747,1692255107750,1693227371987,7,3,4
1312,1693227371987,1692255107755,1692255107758,1693227371995,8,3,5
1313,1693227371995,1692255107763,1692255107767,1693227372004,9,4,5
1314,1693227372004,1692255107771,1692255107774,1693227372011,7,3,4
1315,1693227372011,1692255107779,1692255107782,1693227372019,8,3,5
1316,1693227372019,1692255107787,1692255107790,1693227372029,10,3,7
1317,1693227372029,1692255107796,1692255107800,1693227372037,8,4,4
1318,1693227372037,1692255107804,1692255107808,1693227372044,7,4,3
1319,1693227372044,1692255107812,1692255107815,1693227372052,8,3,5
1320,1693227372052,1692255107819,1692255107822,1693227372059,7,3,4
1321,1693227372059,1692255107827,1692255107830,1693227372066,7,3,4
1322,1693227372066,1692255107833,1692255107837,1693227372074,8,4,4
1323,1693227372074,1692255107842,1692255107844,1693227372081,7,2,5
1324,1693227372081,1692255107850,1692255107853,1693227372090,9,3,6
1325,1693227372090,1692255107858,1692255107861,1693227372098,8,3,5
1326,1693227372098,1692255107866,1692255107869,1693227372106,8,3,5
1327,1693227372106,1692255107873,1692255107876,1693227372114,8,3,5
1328,1693227372114,1692255107881,1692255107884,1693227372121,7,3,4
1329,1693227372121,1692255107888,1692255107891,1693227372128,7,3,4
1330,1693227372128,1692255107895,1692255107898,1693227372135,7,3,4
1331,1693227372135,1692255107904,1692255107907,1693227372144,9,3,6
1332,1693227372144,1692255107912,1692255107915,1693227372152,8,3,5
1333,1693227372152,1692255107920,1692255107923,1693227372160,8,3,5
1334,1693227372160,1692255107928,1692255107931,1693227372167,7,3,4
1335,1693227372167,1692255107934,1692255107938,1693227372174,7,4,3
1336,1693227372174,1692255107942,1692255107945,1693227372182,8,3,5
1337,1693227372182,1692255107950,1692255107953,1693227372190,8,3,5
1338,1693227372190,1692255107958,1692255107961,1693227372198,8,3,5
1339,1693227372198,1692255107966,1692255107969,1693227372206,8,3,5
1340,1693227372206,1692255107973,1692255107976,1693227372213,7,3,4
1341,1693227372213,1692255107980,1692255107983,1693227372220,7,3,4
1342,1693227372220,1692255107987,1692255107990,1693227372227,7,3,4
1343,1693227372227,1692255107995,1692255108169,1693227372406,179,174,5
1344,1693227372406,1692255108173,1692255108177,1693227372414,8,4,4
1345,1693227372414,1692255108181,1692255108184,1693227372421,7,3,4
1346,1693227372421,1692255108188,1692255108191,1693227372428,7,3,4
1347,1693227372428,1692255108195,1692255108198,1693227372435,7,3,4
1348,1693227372435,1692255108203,1692255108206,1693227372447,12,3,9
1349,1693227372447,1692255108214,1692255108218,1693227372455,8,4,4
1350,1693227372455,1692255108227,1692255108230,1693227372467,12,3,9
1351,1693227372467,1692255108235,1692255108238,1693227372475,8,3,5
1352,1693227372475,1692255108242,1692255108245,1693227372483,8,3,5
1353,1693227372483,1692255108250,1692255108254,1693227372491,8,4,4
1354,1693227372491,1692255108258,1692255108261,1693227372498,7,3,4
1355,1693227372498,1692255108265,1692255108268,1693227372505,7,3,4
1356,1693227372505,1692255108273,1692255108275,1693227372512,7,2,5
1357,1693227372512,1692255108280,1692255108283,1693227372522,10,3,7
1358,1693227372522,1692255108291,1692255108295,1693227372531,9,4,5
1359,1693227372531,1692255108299,1692255108302,1693227372539,8,3,5
1360,1693227372539,1692255108337,1692255108341,1693227372578,39,4,35
1361,1693227372578,1692255108345,1692255108349,1693227372586,8,4,4
1362,1693227372586,1692255108354,1692255108356,1693227372593,7,2,5
1363,1693227372593,1692255108361,1692255108364,1693227372601,8,3,5
1364,1693227372601,1692255108369,1692255108372,1693227372609,8,3,5
1365,1693227372609,1692255108377,1692255108380,1693227372617,8,3,5
1366,1693227372617,1692255108384,1692255108387,1693227372624,7,3,4
1367,1693227372624,1692255108392,1692255108395,1693227372632,8,3,5
1368,1693227372632,1692255108399,1692255108402,1693227372644,12,3,9
1369,1693227372644,1692255108431,1692255108434,1693227372671,27,3,24
1370,1693227372671,1692255108439,1692255108442,1693227372679,8,3,5
1371,1693227372679,1692255108446,1692255108450,1693227372687,8,4,4
1372,1693227372687,1692255108455,1692255108458,1693227372695,8,3,5
1373,1693227372695,1692255108464,1692255108468,1693227372705,10,4,6
1374,1693227372705,1692255108473,1692255108476,1693227372713,8,3,5
1375,1693227372713,1692255108480,1692255108483,1693227372720,7,3,4
1376,1693227372720,1692255108488,1692255108493,1693227372730,10,5,5
1377,1693227372730,1692255108497,1692255108501,1693227372738,8,4,4
1378,1693227372738,1692255108505,1692255108510,1693227372747,9,5,4
1379,1693227372747,1692255108514,1692255108518,1693227372755,8,4,4
1380,1693227372755,1692255108522,1692255108524,1693227372761,6,2,4
1381,1693227372761,1692255108529,1692255108534,1693227372771,10,5,5
1382,1693227372771,1692255108539,1692255108541,1693227372779,8,2,6
1383,1693227372779,1692255108547,1692255108550,1693227372787,8,3,5
1384,1693227372787,1692255108554,1692255108557,1693227372794,7,3,4
1385,1693227372794,1692255108561,1692255108565,1693227372802,8,4,4
1386,1693227372802,1692255108569,1692255108573,1693227372810,8,4,4
1387,1693227372810,1692255108577,1692255108581,1693227372818,8,4,4
1388,1693227372818,1692255108585,1692255108588,1693227372825,7,3,4
1389,1693227372825,1692255108593,1692255108596,1693227372832,7,3,4
1390,1693227372832,1692255108600,1692255108603,1693227372842,10,3,7
1391,1693227372842,1692255108610,1692255108613,1693227372850,8,3,5
1392,1693227372850,1692255108618,1692255108621,1693227372858,8,3,5
1393,1693227372858,1692255108626,1692255108628,1693227372865,7,2,5
1394,1693227372865,1692255108633,1692255108637,1693227372874,9,4,5
1395,1693227372874,1692255108641,1692255108644,1693227372881,7,3,4
1396,1693227372881,1692255108648,1692255108651,1693227372888,7,3,4
1397,1693227372888,1692255108655,1692255108658,1693227372895,7,3,4
1398,1693227372895,1692255108662,1692255108666,1693227372903,8,4,4
1399,1693227372903,1692255108670,1692255108673,1693227372910,7,3,4
1400,1693227372910,1692255108678,1692255108680,1693227372917,7,2,5
1401,1693227372917,1692255108684,1692255108687,1693227372924,7,3,4
1402,1693227372924,1692255108692,1692255108695,1693227372932,8,3,5
1403,1693227372932,1692255108700,1692255108703,1693227372940,8,3,5
1404,1693227372940,1692255108707,1692255108711,1693227372948,8,4,4
1405,1693227372948,1692255108716,1692255108719,1693227372958,10,3,7
1406,1693227372958,1692255108726,1692255108729,1693227372969,11,3,8
1407,1693227372969,1692255108736,1692255108741,1693227372978,9,5,4
1408,1693227372978,1692255108746,1692255108749,1693227372986,8,3,5
1409,1693227372986,1692255108753,1692255108756,1693227372993,7,3,4
1410,1693227372994,1692255108761,1692255108764,1693227373001,7,3,4
1411,1693227373001,1692255108768,1692255108771,1693227373008,7,3,4
1412,1693227373008,1692255108776,1692255108779,1693227373016,8,3,5
1413,1693227373016,1692255108783,1692255108786,1693227373022,6,3,3
1414,1693227373022,1692255108790,1692255108793,1693227373030,8,3,5
1415,1693227373030,1692255108797,1692255108800,1693227373036,6,3,3
1416,1693227373036,1692255108803,1692255108807,1693227373043,7,4,3
1417,1693227373043,1692255108810,1692255108814,1693227373050,7,4,3
1418,1693227373050,1692255108817,1692255108820,1693227373057,7,3,4
1419,1693227373057,1692255108826,1692255108830,1693227373067,10,4,6
1420,1693227373067,1692255108834,1692255108837,1693227373075,8,3,5
1421,1693227373075,1692255108842,1692255108846,1693227373082,7,4,3
1422,1693227373082,1692255108849,1692255108853,1693227373090,8,4,4
1423,1693227373090,1692255108857,1692255108860,1693227373097,7,3,4
1424,1693227373097,1692255108865,1692255108868,1693227373105,8,3,5
1425,1693227373105,1692255108873,1692255108876,1693227373113,8,3,5
1426,1693227373113,1692255108881,1692255108884,1693227373121,8,3,5
1427,1693227373121,1692255108888,1692255108892,1693227373128,7,4,3
1428,1693227373128,1692255108896,1692255108900,1693227373136,8,4,4
1429,1693227373136,1692255108903,1692255108907,1693227373144,8,4,4
1430,1693227373144,1692255108911,1692255108915,1693227373152,8,4,4
1431,1693227373152,1692255108919,1692255108923,1693227373159,7,4,3
1432,1693227373159,1692255108928,1692255108932,1693227373169,10,4,6
1433,1693227373169,1692255108937,1692255108940,1693227373177,8,3,5
1434,1693227373177,1692255108944,1692255108947,1693227373184,7,3,4
1435,1693227373184,1692255108952,1692255108955,1693227373192,8,3,5
1436,1693227373192,1692255108960,1692255108962,1693227373199,7,2,5
1437,1693227373199,1692255108966,1692255108969,1693227373206,7,3,4
1438,1693227373206,1692255108974,1692255108977,1693227373214,8,3,5
1439,1693227373214,1692255108982,1692255108985,1693227373222,8,3,5
1440,1693227373222,1692255108989,1692255108993,1693227373230,8,4,4
1441,1693227373230,1692255108998,1692255109001,1693227373237,7,3,4
1442,1693227373237,1692255109005,1692255109009,1693227373245,8,4,4
1443,1693227373245,1692255109013,1692255109016,1693227373252,7,3,4
1444,1693227373253,1692255109020,1692255109023,1693227373260,7,3,4
1445,1693227373260,1692255109027,1692255109030,1693227373267,7,3,4
1446,1693227373267,1692255109035,1692255109038,1693227373275,8,3,5
1447,1693227373275,1692255109043,1692255109046,1693227373283,8,3,5
1448,1693227373283,1692255109050,1692255109053,1693227373290,7,3,4
1449,1693227373290,1692255109058,1692255109062,1693227373299,9,4,5
1450,1693227373299,1692255109066,1692255109069,1693227373306,7,3,4
1451,1693227373306,1692255109074,1692255109077,1693227373314,8,3,5
1452,1693227373314,1692255109081,1692255109085,1693227373322,8,4,4
1453,1693227373322,1692255109089,1692255109092,1693227373329,7,3,4
1454,1693227373329,1692255109097,1692255109101,1693227373338,9,4,5
1455,1693227373338,1692255109106,1692255109109,1693227373346,8,3,5
1456,1693227373346,1692255109113,1692255109116,1693227373353,7,3,4
1457,1693227373353,1692255109120,1692255109123,1693227373360,7,3,4
1458,1693227373360,1692255109128,1692255109130,1693227373367,7,2,5
1459,1693227373367,1692255109135,1692255109138,1693227373375,8,3,5
1460,1693227373375,1692255109142,1692255109146,1693227373383,8,4,4
1461,1693227373383,1692255109150,1692255109153,1693227373390,7,3,4
1462,1693227373390,1692255109159,1692255109162,1693227373398,8,3,5
1463,1693227373398,1692255109166,1692255109169,1693227373406,8,3,5
1464,1693227373406,1692255109174,1692255109178,1693227373414,8,4,4
1465,1693227373415,1692255109182,1692255109186,1693227373422,7,4,3
1466,1693227373422,1692255109190,1692255109192,1693227373429,7,2,5
1467,1693227373429,1692255109197,1692255109200,1693227373437,8,3,5
1468,1693227373437,1692255109205,1692255109208,1693227373445,8,3,5
1469,1693227373445,1692255109212,1692255109215,1693227373452,7,3,4
1470,1693227373452,1692255109219,1692255109222,1693227373459,7,3,4
1471,1693227373459,1692255109226,1692255109230,1693227373467,8,4,4
1472,1693227373467,1692255109237,1692255109239,1693227373476,9,2,7
1473,1693227373476,1692255109244,1692255109247,1693227373484,8,3,5
1474,1693227373484,1692255109251,1692255109255,1693227373491,7,4,3
1475,1693227373491,1692255109261,1692255109266,1693227373503,12,5,7
1476,1693227373503,1692255109274,1692255109277,1693227373514,11,3,8
1477,1693227373514,1692255109281,1692255109284,1693227373521,7,3,4
1478,1693227373522,1692255109289,1692255109292,1693227373528,6,3,3
1479,1693227373528,1692255109296,1692255109299,1693227373536,8,3,5
1480,1693227373536,1692255109303,1692255109306,1693227373543,7,3,4
1481,1693227373543,1692255109310,1692255109313,1693227373550,7,3,4
1482,1693227373550,1692255109317,1692255109320,1693227373557,7,3,4
1483,1693227373557,1692255109325,1692255109328,1693227373565,8,3,5
1484,1693227373565,1692255109332,1692255109335,1693227373572,7,3,4
1485,1693227373572,1692255109340,1692255109343,1693227373580,8,3,5
1486,1693227373580,1692255109348,1692255109351,1693227373588,8,3,5
1487,1693227373588,1692255109356,1692255109359,1693227373596,8,3,5
1488,1693227373596,1692255109364,1692255109369,1693227373607,11,5,6
1489,1693227373607,1692255109374,1692255109378,1693227373615,8,4,4
1490,1693227373615,1692255109382,1692255109385,1693227373622,7,3,4
1491,1693227373622,1692255109389,1692255109392,1693227373629,7,3,4
1492,1693227373629,1692255109397,1692255109400,1693227373637,8,3,5
1493,1693227373637,1692255109404,1692255109408,1693227373645,8,4,4
1494,1693227373645,1692255109413,1692255109416,1693227373653,8,3,5
1495,1693227373653,1692255109420,1692255109426,1693227373663,10,6,4
1496,1693227373663,1692255109431,1692255109434,1693227373671,8,3,5
1497,1693227373671,1692255109440,1692255109443,1693227373680,9,3,6
1498,1693227373680,1692255109447,1692255109450,1693227373687,7,3,4
1499,1693227373687,1692255109455,1692255109457,1693227373694,7,2,5
1500,1693227373694,1692255109461,1692255109465,1693227373703,9,4,5
1501,1693227373703,1692255109472,1692255109475,1693227373712,9,3,6
1502,1693227373712,1692255109480,1692255109483,1693227373720,8,3,5
1503,1693227373720,1692255109487,1692255109490,1693227373727,7,3,4
1504,1693227373727,1692255109495,1692255109498,1693227373735,8,3,5
1505,1693227373735,1692255109502,1692255109506,1693227373743,8,4,4
1506,1693227373743,1692255109511,1692255109514,1693227373751,8,3,5
1507,1693227373752,1692255109519,1692255109521,1693227373758,6,2,4
1508,1693227373758,1692255109525,1692255109529,1693227373766,8,4,4
1509,1693227373766,1692255109533,1692255109538,1693227373777,11,5,6
1510,1693227373777,1692255109545,1692255109548,1693227373785,8,3,5
1511,1693227373785,1692255109552,1692255109555,1693227373792,7,3,4
1512,1693227373792,1692255109559,1692255109562,1693227373799,7,3,4
1513,1693227373799,1692255109566,1692255109570,1693227373807,8,4,4
1514,1693227373807,1692255109575,1692255109578,1693227373815,8,3,5
1515,1693227373815,1692255109582,1692255109585,1693227373822,7,3,4
1516,1693227373822,1692255109589,1692255109593,1693227373830,8,4,4
1517,1693227373830,1692255109597,1692255109600,1693227373837,7,3,4
1518,1693227373837,1692255109605,1692255109608,1693227373848,11,3,8
1519,1693227373848,1692255109616,1692255109620,1693227373856,8,4,4
1520,1693227373856,1692255109624,1692255109627,1693227373864,8,3,5
1521,1693227373864,1692255109633,1692255109637,1693227373873,9,4,5
1522,1693227373873,1692255109641,1692255109643,1693227373880,7,2,5
1523,1693227373880,1692255109648,1692255109652,1693227373889,9,4,5
1524,1693227373889,1692255109657,1692255109660,1693227373897,8,3,5
1525,1693227373897,1692255109664,1692255109667,1693227373904,7,3,4
1526,1693227373904,1692255109672,1692255109675,1693227373912,8,3,5
1527,1693227373912,1692255109680,1692255109683,1693227373920,8,3,5
1528,1693227373920,1692255109688,1692255109692,1693227373928,8,4,4
1529,1693227373928,1692255109696,1692255109699,1693227373936,8,3,5
1530,1693227373936,1692255109703,1692255109706,1693227373942,6,3,3
1531,1693227373942,1692255109710,1692255109713,1693227373950,8,3,5
1532,1693227373950,1692255109717,1692255109719,1693227373956,6,2,4
1533,1693227373956,1692255109724,1692255109726,1693227373963,7,2,5
1534,1693227373963,1692255109731,1692255109735,1693227373972,9,4,5
1535,1693227373972,1692255109740,1692255109743,1693227373982,10,3,7
1536,1693227373982,1692255109750,1692255109754,1693227373991,9,4,5
1537,1693227373991,1692255109758,1692255109762,1693227373999,8,4,4
1538,1693227373999,1692255109766,1692255109771,1693227374008,9,5,4
1539,1693227374008,1692255109776,1692255109779,1693227374017,9,3,6
1540,1693227374017,1692255109784,1692255109788,1693227374024,7,4,3
1541,1693227374024,1692255109792,1692255109796,1693227374032,8,4,4
1542,1693227374032,1692255109800,1692255109803,1693227374040,8,3,5
1543,1693227374040,1692255109807,1692255109810,1693227374047,7,3,4
1544,1693227374047,1692255109814,1692255109819,1693227374056,9,5,4
1545,1693227374056,1692255109824,1692255109828,1693227374065,9,4,5
1546,1693227374065,1692255109833,1692255109836,1693227374073,8,3,5
1547,1693227374073,1692255109841,1692255109844,1693227374081,8,3,5
1548,1693227374081,1692255109850,1692255109853,1693227374091,10,3,7
1549,1693227374091,1692255109858,1692255109861,1693227374098,7,3,4
1550,1693227374098,1692255109866,1692255109870,1693227374107,9,4,5
1551,1693227374107,1692255109875,1692255109878,1693227374115,8,3,5
1552,1693227374115,1692255109883,1692255109885,1693227374123,8,2,6
1553,1693227374123,1692255109890,1692255109892,1693227374129,6,2,4
1554,1693227374129,1692255109897,1692255109901,1693227374138,9,4,5
1555,1693227374138,1692255109905,1692255109908,1693227374144,6,3,3
1556,1693227374144,1692255109912,1692255109918,1693227374155,11,6,5
1557,1693227374155,1692255109922,1692255109926,1693227374163,8,4,4
1558,1693227374163,1692255109930,1692255109933,1693227374170,7,3,4
1559,1693227374170,1692255109938,1692255109940,1693227374177,7,2,5
1560,1693227374177,1692255109945,1692255109948,1693227374186,9,3,6
1561,1693227374186,1692255109954,1692255109957,1693227374194,8,3,5
1562,1693227374194,1692255109962,1692255109964,1693227374201,7,2,5
1563,1693227374201,1692255109968,1692255109971,1693227374208,7,3,4
1564,1693227374208,1692255109975,1692255109979,1693227374216,8,4,4
1565,1693227374216,1692255109984,1692255109987,1693227374227,11,3,8
1566,1693227374227,1692255109995,1692255109998,1693227374235,8,3,5
1567,1693227374235,1692255110002,1692255110005,1693227374243,8,3,5
1568,1693227374243,1692255110011,1692255110014,1693227374250,7,3,4
1569,1693227374251,1692255110019,1692255110022,1693227374259,8,3,5
1570,1693227374259,1692255110027,1692255110030,1693227374267,8,3,5
1571,1693227374267,1692255110035,1692255110038,1693227374275,8,3,5
1572,1693227374275,1692255110043,1692255110046,1693227374283,8,3,5
1573,1693227374283,1692255110050,1692255110053,1693227374290,7,3,4
1574,1693227374290,1692255110058,1692255110061,1693227374298,8,3,5
1575,1693227374298,1692255110065,1692255110068,1693227374305,7,3,4
1576,1693227374305,1692255110073,1692255110076,1693227374312,7,3,4
1577,1693227374313,1692255110080,1692255110083,1693227374320,7,3,4
1578,1693227374320,1692255110088,1692255110091,1693227374328,8,3,5
1579,1693227374328,1692255110095,1692255110100,1693227374339,11,5,6
1580,1693227374339,1692255110107,1692255110110,1693227374347,8,3,5
1581,1693227374347,1692255110114,1692255110117,1693227374354,7,3,4
1582,1693227374354,1692255110121,1692255110123,1693227374360,6,2,4
1583,1693227374360,1692255110128,1692255110131,1693227374368,8,3,5
1584,1693227374368,1692255110135,1692255110138,1693227374375,7,3,4
1585,1693227374375,1692255110143,1692255110146,1693227374383,8,3,5
1586,1693227374383,1692255110151,1692255110155,1693227374391,8,4,4
1587,1693227374391,1692255110159,1692255110162,1693227374399,8,3,5
1588,1693227374399,1692255110167,1692255110170,1693227374407,8,3,5
1589,1693227374407,1692255110174,1692255110177,1693227374415,8,3,5
1590,1693227374415,1692255110184,1692255110187,1693227374424,9,3,6
1591,1693227374424,1692255110192,1692255110196,1693227374433,9,4,5
1592,1693227374433,1692255110200,1692255110203,1693227374440,7,3,4
1593,1693227374440,1692255110207,1692255110211,1693227374448,8,4,4
1594,1693227374448,1692255110216,1692255110219,1693227374456,8,3,5
1595,1693227374456,1692255110223,1692255110226,1693227374463,7,3,4
1596,1693227374463,1692255110231,1692255110234,1693227374471,8,3,5
1597,1693227374471,1692255110239,1692255110242,1693227374479,8,3,5
1598,1693227374479,1692255110247,1692255110250,1693227374487,8,3,5
1599,1693227374487,1692255110255,1692255110257,1693227374495,8,2,6
1600,1693227374495,1692255110262,1692255110266,1693227374503,8,4,4
1601,1693227374503,1692255110270,1692255110274,1693227374511,8,4,4
1602,1693227374511,1692255110278,1692255110282,1693227374519,8,4,4
1603,1693227374519,1692255110287,1692255110289,1693227374526,7,2,5
1604,1693227374526,1692255110296,1692255110299,1693227374536,10,3,7
1605,1693227374536,1692255110303,1692255110306,1693227374543,7,3,4
1606,1693227374543,1692255110310,1692255110313,1693227374550,7,3,4
1607,1693227374550,1692255110318,1692255110320,1693227374557,7,2,5
1608,1693227374557,1692255110324,1692255110328,1693227374565,8,4,4
1609,1693227374565,1692255110332,1692255110335,1693227374572,7,3,4
1610,1693227374572,1692255110340,1692255110343,1693227374580,8,3,5
1611,1693227374580,1692255110348,1692255110351,1693227374588,8,3,5
1612,1693227374588,1692255110355,1692255110358,1693227374596,8,3,5
1613,1693227374596,1692255110363,1692255110366,1693227374603,7,3,4
1614,1693227374603,1692255110371,1692255110374,1693227374611,8,3,5
1615,1693227374611,1692255110378,1692255110383,1693227374620,9,5,4
1616,1693227374620,1692255110388,1692255110391,1693227374628,8,3,5
1617,1693227374628,1692255110396,1692255110399,1693227374636,8,3,5
1618,1693227374636,1692255110403,1692255110406,1693227374643,7,3,4
1619,1693227374643,1692255110411,1692255110414,1693227374651,8,3,5
1620,1693227374651,1692255110418,1692255110421,1693227374658,7,3,4
1621,1693227374658,1692255110425,1692255110429,1693227374666,8,4,4
1622,1693227374666,1692255110434,1692255110437,1693227374674,8,3,5
1623,1693227374674,1692255110442,1692255110445,1693227374682,8,3,5
1624,1693227374682,1692255110449,1692255110452,1693227374689,7,3,4
1625,1693227374690,1692255110457,1692255110460,1693227374699,9,3,6
1626,1693227374699,1692255110466,1692255110470,1693227374707,8,4,4
1627,1693227374707,1692255110474,1692255110477,1693227374715,8,3,5
1628,1693227374715,1692255110482,1692255110485,1693227374722,7,3,4
1629,1693227374722,1692255110489,1692255110493,1693227374730,8,4,4
1630,1693227374730,1692255110498,1692255110501,1693227374738,8,3,5
1631,1693227374738,1692255110505,1692255110509,1693227374746,8,4,4
1632,1693227374746,1692255110513,1692255110516,1693227374753,7,3,4
1633,1693227374753,1692255110520,1692255110523,1693227374760,7,3,4
1634,1693227374760,1692255110527,1692255110530,1693227374767,7,3,4
1635,1693227374767,1692255110534,1692255110537,1693227374774,7,3,4
1636,1693227374774,1692255110542,1692255110548,1693227374785,11,6,5
1637,1693227374785,1692255110552,1692255110557,1693227374794,9,5,4
1638,1693227374794,1692255110561,1692255110564,1693227374801,7,3,4
1639,1693227374801,1692255110568,1692255110571,1693227374808,7,3,4
1640,1693227374808,1692255110576,1692255110579,1693227374816,8,3,5
1641,1693227374816,1692255110583,1692255110586,1693227374823,7,3,4
1642,1693227374823,1692255110591,1692255110594,1693227374831,8,3,5
1643,1693227374831,1692255110598,1692255110601,1693227374838,7,3,4
1644,1693227374838,1692255110605,1692255110608,1693227374845,7,3,4
1645,1693227374845,1692255110613,1692255110616,1693227374854,9,3,6
1646,1693227374854,1692255110622,1692255110625,1693227374862,8,3,5
1647,1693227374862,1692255110630,1692255110633,1693227374870,8,3,5
1648,1693227374870,1692255110637,1692255110640,1693227374876,6,3,3
1649,1693227374877,1692255110644,1692255110649,1693227374888,11,5,6
1650,1693227374888,1692255110655,1692255110658,1693227374895,7,3,4
1651,1693227374895,1692255110663,1692255110666,1693227374904,9,3,6
1652,1693227374904,1692255110671,1692255110675,1693227374911,7,4,3
1653,1693227374911,1692255110678,1692255110682,1693227374918,7,4,3
1654,1693227374918,1692255110686,1692255110690,1693227374927,9,4,5
1655,1693227374927,1692255110694,1692255110696,1693227374933,6,2,4
1656,1693227374933,1692255110700,1692255110703,1693227374940,7,3,4
1657,1693227374940,1692255110707,1692255110710,1693227374947,7,3,4
1658,1693227374947,1692255110715,1692255110718,1693227374955,8,3,5
1659,1693227374955,1692255110722,1692255110725,1693227374961,6,3,3
1660,1693227374961,1692255110729,1692255110732,1693227374969,8,3,5
1661,1693227374969,1692255110736,1692255110739,1693227374976,7,3,4
1662,1693227374976,1692255110744,1692255110747,1693227374984,8,3,5
1663,1693227374984,1692255110751,1692255110755,1693227374991,7,4,3
1664,1693227374992,1692255110759,1692255110762,1693227374999,7,3,4
1665,1693227374999,1692255110766,1692255110769,1693227375006,7,3,4
1666,1693227375006,1692255110774,1692255110777,1693227375014,8,3,5
1667,1693227375014,1692255110781,1692255110785,1693227375022,8,4,4
1668,1693227375022,1692255110789,1692255110793,1693227375030,8,4,4
1669,1693227375030,1692255110798,1692255110802,1693227375038,8,4,4
1670,1693227375038,1692255110806,1692255110809,1693227375046,8,3,5
1671,1693227375046,1692255110813,1692255110817,1693227375054,8,4,4
1672,1693227375054,1692255110821,1692255110825,1693227375062,8,4,4
1673,1693227375062,1692255110830,1692255110834,1693227375071,9,4,5
1674,1693227375071,1692255110838,1692255110841,1693227375078,7,3,4
1675,1693227375078,1692255110855,1692255110858,1693227375095,17,3,14
1676,1693227375095,1692255110863,1692255110867,1693227375104,9,4,5
1677,1693227375104,1692255110876,1692255110879,1693227375117,13,3,10
1678,1693227375117,1692255110884,1692255110887,1693227375124,7,3,4
1679,1693227375124,1692255110891,1692255110894,1693227375131,7,3,4
1680,1693227375131,1692255110898,1692255110901,1693227375138,7,3,4
1681,1693227375138,1692255110906,1692255110909,1693227375146,8,3,5
1682,1693227375146,1692255110913,1692255110916,1693227375153,7,3,4
1683,1693227375153,1692255110921,1692255110924,1693227375160,7,3,4
1684,1693227375160,1692255110927,1692255110931,1693227375167,7,4,3
1685,1693227375167,1692255110934,1692255110938,1693227375175,8,4,4
1686,1693227375175,1692255110943,1692255110946,1693227375183,8,3,5
1687,1693227375183,1692255110951,1692255110954,1693227375190,7,3,4
1688,1693227375190,1692255110958,1692255110962,1693227375199,9,4,5
1689,1693227375199,1692255110966,1692255110970,1693227375206,7,4,3
1690,1693227375207,1692255110976,1692255110979,1693227375216,9,3,6
1691,1693227375216,1692255110983,1692255110986,1693227375223,7,3,4
1692,1693227375223,1692255110990,1692255110993,1693227375230,7,3,4
1693,1693227375230,1692255110998,1692255111001,1693227375238,8,3,5
1694,1693227375238,1692255111005,1692255111009,1693227375246,8,4,4
1695,1693227375246,1692255111015,1692255111019,1693227375256,10,4,6
1696,1693227375256,1692255111024,1692255111027,1693227375264,8,3,5
1697,1693227375264,1692255111032,1692255111035,1693227375272,8,3,5
1698,1693227375272,1692255111040,1692255111043,1693227375280,8,3,5
1699,1693227375280,1692255111047,1692255111051,1693227375288,8,4,4
1700,1693227375288,1692255111055,1692255111058,1693227375295,7,3,4
1701,1693227375295,1692255111063,1692255111066,1693227375303,8,3,5
1702,1693227375303,1692255111071,1692255111074,1693227375313,10,3,7
1703,1693227375313,1692255111081,1692255111084,1693227375321,8,3,5
1704,1693227375321,1692255111088,1692255111091,1693227375328,7,3,4
1705,1693227375328,1692255111095,1692255111099,1693227375336,8,4,4
1706,1693227375336,1692255111103,1692255111105,1693227375342,6,2,4
1707,1693227375342,1692255111110,1692255111113,1693227375350,8,3,5
1708,1693227375350,1692255111117,1692255111120,1693227375357,7,3,4
1709,1693227375357,1692255111124,1692255111128,1693227375365,8,4,4
1710,1693227375365,1692255111132,1692255111135,1693227375372,7,3,4
1711,1693227375372,1692255111140,1692255111142,1693227375379,7,2,5
1712,1693227375379,1692255111147,1692255111150,1693227375387,8,3,5
1713,1693227375387,1692255111155,1692255111157,1693227375394,7,2,5
1714,1693227375394,1692255111162,1692255111165,1693227375402,8,3,5
1715,1693227375402,1692255111169,1692255111172,1693227375409,7,3,4
1716,1693227375409,1692255111176,1692255111178,1693227375415,6,2,4
1717,1693227375416,1692255111183,1692255111187,1693227375424,8,4,4
1718,1693227375424,1692255111192,1692255111196,1693227375433,9,4,5
1719,1693227375433,1692255111200,1692255111203,1693227375440,7,3,4
1720,1693227375440,1692255111208,1692255111211,1693227375447,7,3,4
1721,1693227375447,1692255111214,1692255111219,1693227375456,9,5,4
1722,1693227375456,1692255111224,1692255111227,1693227375464,8,3,5
1723,1693227375464,1692255111232,1692255111235,1693227375472,8,3,5
1724,1693227375472,1692255111240,1692255111243,1693227375480,8,3,5
1725,1693227375480,1692255111247,1692255111250,1693227375486,6,3,3
1726,1693227375486,1692255111253,1692255111257,1693227375494,8,4,4
1727,1693227375494,1692255111262,1692255111265,1693227375502,8,3,5
1728,1693227375502,1692255111269,1692255111272,1693227375509,7,3,4
1729,1693227375509,1692255111276,1692255111280,1693227375520,11,4,7
1730,1693227375520,1692255111288,1692255111291,1693227375529,9,3,6
1731,1693227375529,1692255111297,1692255111300,1693227375537,8,3,5
1732,1693227375537,1692255111304,1692255111307,1693227375544,7,3,4
1733,1693227375544,1692255111311,1692255111315,1693227375552,8,4,4
1734,1693227375552,1692255111319,1692255111322,1693227375559,7,3,4
1735,1693227375559,1692255111327,1692255111331,1693227375567,8,4,4
1736,1693227375567,1692255111335,1692255111339,1693227375575,8,4,4
1737,1693227375576,1692255111343,1692255111346,1693227375584,8,3,5
1738,1693227375584,1692255111351,1692255111354,1693227375590,6,3,3
1739,1693227375591,1692255111359,1692255111362,1693227375599,8,3,5
1740,1693227375599,1692255111367,1692255111370,1693227375606,7,3,4
1741,1693227375606,1692255111373,1692255111376,1693227375613,7,3,4
1742,1693227375613,1692255111381,1692255111385,1693227375622,9,4,5
1743,1693227375622,1692255111389,1692255111392,1693227375629,7,3,4
1744,1693227375629,1692255111398,1692255111401,1693227375638,9,3,6
1745,1693227375638,1692255111405,1692255111409,1693227375645,7,4,3
1746,1693227375645,1692255111413,1692255111416,1693227375653,8,3,5
1747,1693227375653,1692255111420,1692255111423,1693227375660,7,3,4
1748,1693227375660,1692255111428,1692255111431,1693227375668,8,3,5
1749,1693227375668,1692255111435,1692255111437,1693227375674,6,2,4
1750,1693227375674,1692255111442,1692255111446,1693227375683,9,4,5
1751,1693227375683,1692255111450,1692255111453,1693227375690,7,3,4
1752,1693227375690,1692255111457,1692255111461,1693227375697,7,4,3
1753,1693227375697,1692255111465,1692255111468,1693227375705,8,3,5
1754,1693227375705,1692255111472,1692255111475,1693227375712,7,3,4
1755,1693227375712,1692255111480,1692255111483,1693227375720,8,3,5
1756,1693227375720,1692255111488,1692255111491,1693227375728,8,3,5
1757,1693227375728,1692255111495,1692255111499,1693227375736,8,4,4
1758,1693227375736,1692255111503,1692255111507,1693227375744,8,4,4
1759,1693227375744,1692255111514,1692255111518,1693227375754,10,4,6
1760,1693227375754,1692255111522,1692255111525,1693227375762,8,3,5
1761,1693227375762,1692255111529,1692255111532,1693227375769,7,3,4
1762,1693227375769,1692255111536,1692255111539,1693227375776,7,3,4
1763,1693227375776,1692255111544,1692255111547,1693227375784,8,3,5
1764,1693227375784,1692255111551,1692255111554,1693227375791,7,3,4
1765,1693227375791,1692255111558,1692255111561,1693227375798,7,3,4
1766,1693227375798,1692255111566,1692255111569,1693227375806,8,3,5
1767,1693227375806,1692255111573,1692255111576,1693227375813,7,3,4
1768,1693227375813,1692255111580,1692255111583,1693227375820,7,3,4
1769,1693227375820,1692255111591,1692255111595,1693227375832,12,4,8
1770,1693227375832,1692255111599,1692255111602,1693227375838,6,3,3
1771,1693227375838,1692255111605,1692255111609,1693227375845,7,4,3
1772,1693227375845,1692255111613,1692255111615,1693227375852,7,2,5
1773,1693227375852,1692255111619,1692255111623,1693227375860,8,4,4
1774,1693227375860,1692255111627,1692255111630,1693227375867,7,3,4
1775,1693227375867,1692255111634,1692255111637,1693227375874,7,3,4
1776,1693227375874,1692255111642,1692255111645,1693227375882,8,3,5
1777,1693227375882,1692255111652,1692255111657,1693227375894,12,5,7
1778,1693227375894,1692255111662,1692255111665,1693227375902,8,3,5
1779,1693227375902,1692255111669,1692255111673,1693227375910,8,4,4
1780,1693227375910,1692255111679,1692255111682,1693227375919,9,3,6
1781,1693227375920,1692255111687,1692255111690,1693227375927,7,3,4
1782,1693227375927,1692255111695,1692255111699,1693227375935,8,4,4
1783,1693227375935,1692255111703,1692255111706,1693227375943,8,3,5
1784,1693227375943,1692255111711,1692255111714,1693227375952,9,3,6
1785,1693227375952,1692255111719,1692255111722,1693227375959,7,3,4
1786,1693227375959,1692255111727,1692255111731,1693227375968,9,4,5
1787,1693227375968,1692255111736,1692255111738,1693227375975,7,2,5
1788,1693227375975,1692255111742,1692255111745,1693227375982,7,3,4
1789,1693227375982,1692255111749,1692255111752,1693227375989,7,3,4
1790,1693227375989,1692255111756,1692255111760,1693227375997,8,4,4
1791,1693227375997,1692255111764,1692255111768,1693227376005,8,4,4
1792,1693227376005,1692255111773,1692255111776,1693227376012,7,3,4
1793,1693227376012,1692255111779,1692255111782,1693227376019,7,3,4
1794,1693227376019,1692255111787,1692255111789,1693227376026,7,2,5
1795,1693227376026,1692255111796,1692255111801,1693227376038,12,5,7
1796,1693227376038,1692255111806,1692255111809,1693227376046,8,3,5
1797,1693227376046,1692255111814,1692255111817,1693227376053,7,3,4
1798,1693227376053,1692255111820,1692255111824,1693227376060,7,4,3
1799,1693227376061,1692255111828,1692255111832,1693227376068,7,4,3
1800,1693227376068,1692255111835,1692255111838,1693227376075,7,3,4
1801,1693227376075,1692255111843,1692255111846,1693227376083,8,3,5
1802,1693227376083,1692255111851,1692255111854,1693227376091,8,3,5
1803,1693227376091,1692255111858,1692255111861,1693227376098,7,3,4
1804,1693227376098,1692255111865,1692255111869,1693227376106,8,4,4
1805,1693227376106,1692255111875,1692255111879,1693227376116,10,4,6
1806,1693227376116,1692255111884,1692255111887,1693227376124,8,3,5
1807,1693227376124,1692255111898,1692255111902,1693227376138,14,4,10
1808,1693227376138,1692255111906,1692255111909,1693227376146,8,3,5
1809,1693227376146,1692255111913,1692255111917,1693227376154,8,4,4
1810,1693227376154,1692255111921,1692255111924,1693227376161,7,3,4
1811,1693227376161,1692255111929,1692255111933,1693227376170,9,4,5
1812,1693227376170,1692255111938,1692255111941,1693227376178,8,3,5
1813,1693227376178,1692255111946,1692255111949,1693227376186,8,3,5
1814,1693227376186,1692255111954,1692255111957,1693227376194,8,3,5
1815,1693227376194,1692255111962,1692255111965,1693227376202,8,3,5
1816,1693227376202,1692255111970,1692255111973,1693227376211,9,3,6
1817,1693227376211,1692255111978,1692255111982,1693227376219,8,4,4
1818,1693227376219,1692255111986,1692255111989,1693227376231,12,3,9
1819,1693227376231,1692255112001,1692255112004,1693227376241,10,3,7
1820,1693227376241,1692255112008,1692255112011,1693227376248,7,3,4
1821,1693227376248,1692255112016,1692255112020,1693227376257,9,4,5
1822,1693227376257,1692255112026,1692255112029,1693227376266,9,3,6
1823,1693227376266,1692255112033,1692255112036,1693227376273,7,3,4
1824,1693227376273,1692255112041,1692255112044,1693227376281,8,3,5
1825,1693227376281,1692255112049,1692255112052,1693227376289,8,3,5
1826,1693227376289,1692255112057,1692255112060,1693227376297,8,3,5
1827,1693227376297,1692255112064,1692255112068,1693227376305,8,4,4
1828,1693227376305,1692255112072,1692255112075,1693227376312,7,3,4
1829,1693227376312,1692255112079,1692255112082,1693227376319,7,3,4
1830,1693227376319,1692255112086,1692255112089,1693227376326,7,3,4
1831,1693227376326,1692255112094,1692255112098,1693227376337,11,4,7
1832,1693227376337,1692255112105,1692255112110,1693227376347,10,5,5
1833,1693227376347,1692255112117,1692255112121,1693227376358,11,4,7
1834,1693227376358,1692255112126,1692255112130,1693227376367,9,4,5
1835,1693227376367,1692255112135,1692255112138,1693227376375,8,3,5
1836,1693227376375,1692255112143,1692255112146,1693227376383,8,3,5
1837,1693227376383,1692255112151,1692255112154,1693227376391,8,3,5
1838,1693227376391,1692255112161,1692255112165,1693227376401,10,4,6
1839,1693227376401,1692255112168,1692255112172,1693227376408,7,4,3
1840,1693227376408,1692255112176,1692255112180,1693227376416,8,4,4
1841,1693227376417,1692255112185,1692255112189,1693227376425,8,4,4
1842,1693227376425,1692255112193,1692255112197,1693227376434,9,4,5
1843,1693227376434,1692255112204,1692255112208,1693227376445,11,4,7
1844,1693227376445,1692255112212,1692255112216,1693227376453,8,4,4
1845,1693227376453,1692255112220,1692255112225,1693227376461,8,5,3
1846,1693227376461,1692255112232,1692255112235,1693227376472,11,3,8
1847,1693227376472,1692255112240,1692255112244,1693227376481,9,4,5
1848,1693227376481,1692255112248,1692255112252,1693227376489,8,4,4
1849,1693227376489,1692255112256,1692255112259,1693227376496,7,3,4
1850,1693227376496,1692255112263,1692255112266,1693227376503,7,3,4
1851,1693227376503,1692255112270,1692255112273,1693227376510,7,3,4
1852,1693227376510,1692255112278,1692255112280,1693227376517,7,2,5
1853,1693227376517,1692255112285,1692255112288,1693227376525,8,3,5
1854,1693227376525,1692255112292,1692255112295,1693227376532,7,3,4
1855,1693227376532,1692255112300,1692255112303,1693227376543,11,3,8
1856,1693227376543,1692255112310,1692255112313,1693227376550,7,3,4
1857,1693227376550,1692255112317,1692255112320,1693227376557,7,3,4
1858,1693227376557,1692255112324,1692255112328,1693227376565,8,4,4
1859,1693227376565,1692255112332,1692255112335,1693227376572,7,3,4
1860,1693227376572,1692255112340,1692255112342,1693227376579,7,2,5
1861,1693227376579,1692255112347,1692255112350,1693227376587,8,3,5
1862,1693227376587,1692255112354,1692255112357,1693227376594,7,3,4
1863,1693227376594,1692255112361,1692255112364,1693227376602,8,3,5
1864,1693227376602,1692255112369,1692255112373,1693227376610,8,4,4
1865,1693227376610,1692255112378,1692255112381,1693227376618,8,3,5
1866,1693227376618,1692255112385,1692255112388,1693227376625,7,3,4
1867,1693227376625,1692255112393,1692255112396,1693227376633,8,3,5
1868,1693227376633,1692255112400,1692255112404,1693227376640,7,4,3
1869,1693227376640,1692255112410,1692255112415,1693227376652,12,5,7
1870,1693227376652,1692255112420,1692255112423,1693227376660,8,3,5
1871,1693227376660,1692255112428,1692255112432,1693227376668,8,4,4
1872,1693227376668,1692255112435,1692255112439,1693227376675,7,4,3
1873,1693227376676,1692255112443,1692255112446,1693227376683,7,3,4
1874,1693227376683,1692255112450,1692255112453,1693227376690,7,3,4
1875,1693227376690,1692255112458,1692255112460,1693227376697,7,2,5
1876,1693227376697,1692255112465,1692255112468,1693227376704,7,3,4
1877,1693227376704,1692255112472,1692255112476,1693227376713,9,4,5
1878,1693227376713,1692255112481,1692255112484,1693227376721,8,3,5
1879,1693227376721,1692255112488,1692255112491,1693227376728,7,3,4
1880,1693227376728,1692255112496,1692255112500,1693227376737,9,4,5
1881,1693227376737,1692255112505,1692255112508,1693227376747,10,3,7
1882,1693227376747,1692255112514,1692255112518,1693227376754,7,4,3
1883,1693227376754,1692255112521,1692255112524,1693227376761,7,3,4
1884,1693227376761,1692255112528,1692255112532,1693227376769,8,4,4
1885,1693227376769,1692255112536,1692255112539,1693227376776,7,3,4
1886,1693227376776,1692255112544,1692255112547,1693227376784,8,3,5
1887,1693227376784,1692255112552,1692255112555,1693227376792,8,3,5
1888,1693227376792,1692255112559,1692255112562,1693227376799,7,3,4
1889,1693227376799,1692255112566,1692255112570,1693227376807,8,4,4
1890,1693227376807,1692255112574,1692255112577,1693227376814,7,3,4
1891,1693227376814,1692255112582,1692255112585,1693227376822,8,3,5
1892,1693227376822,1692255112589,1692255112592,1693227376829,7,3,4
1893,1693227376829,1692255112597,1692255112600,1693227376837,8,3,5
1894,1693227376837,1692255112604,1692255112607,1693227376844,7,3,4
1895,1693227376844,1692255112611,1692255112615,1693227376851,7,4,3
1896,1693227376851,1692255112619,1692255112623,1693227376860,9,4,5
1897,1693227376860,1692255112631,1692255112635,1693227376871,11,4,7
1898,1693227376871,1692255112639,1692255112642,1693227376879,8,3,5
1899,1693227376879,1692255112647,1692255112650,1693227376886,7,3,4
1900,1693227376886,1692255112654,1692255112657,1693227376893,7,3,4
1901,1693227376893,1692255112661,1692255112665,1693227376902,9,4,5
1902,1693227376902,1692255112669,1692255112672,1693227376909,7,3,4
1903,1693227376909,1692255112677,1692255112680,1693227376917,8,3,5
1904,1693227376917,1692255112684,1692255112687,1693227376925,8,3,5
1905,1693227376925,1692255112692,1692255112695,1693227376932,7,3,4
1906,1693227376932,1692255112699,1692255112705,1693227376942,10,6,4
1907,1693227376942,1692255112710,1692255112713,1693227376952,10,3,7
1908,1693227376952,1692255112719,1692255112722,1693227376959,7,3,4
1909,1693227376959,1692255112727,1692255112731,1693227376968,9,4,5
1910,1693227376968,1692255112736,1692255112739,1693227376977,9,3,6
1911,1693227376977,1692255112745,1692255112748,1693227376985,8,3,5
1912,1693227376985,1692255112754,1692255112757,1693227376994,9,3,6
1913,1693227376994,1692255112771,1692255112774,1693227377011,17,3,14
1914,1693227377011,1692255112780,1692255112783,1693227377020,9,3,6
1915,1693227377020,1692255112788,1692255112791,1693227377027,7,3,4
1916,1693227377027,1692255112796,1692255112799,1693227377039,12,3,9
1917,1693227377039,1692255112806,1692255112812,1693227377049,10,6,4
1918,1693227377049,1692255112816,1692255112819,1693227377056,7,3,4
1919,1693227377056,1692255112824,1692255112827,1693227377064,8,3,5
1920,1693227377064,1692255112831,1692255112836,1693227377073,9,5,4
1921,1693227377073,1692255112841,1692255112844,1693227377080,7,3,4
1922,1693227377080,1692255112847,1692255112851,1693227377087,7,4,3
1923,1693227377088,1692255112855,1692255112858,1693227377095,7,3,4
1924,1693227377095,1692255112863,1692255112867,1693227377104,9,4,5
1925,1693227377104,1692255112872,1692255112875,1693227377112,8,3,5
1926,1693227377112,1692255112880,1692255112883,1693227377120,8,3,5
1927,1693227377120,1692255112887,1692255112890,1693227377127,7,3,4
1928,1693227377127,1692255112896,1692255112899,1693227377136,9,3,6
1929,1693227377136,1692255112903,1692255112906,1693227377143,7,3,4
1930,1693227377143,1692255112911,1692255112915,1693227377152,9,4,5
1931,1693227377152,1692255112922,1692255112925,1693227377161,9,3,6
1932,1693227377161,1692255112928,1692255112931,1693227377168,7,3,4
1933,1693227377168,1692255112936,1692255112939,1693227377176,8,3,5
1934,1693227377176,1692255112944,1692255112949,1693227377188,12,5,7
1935,1693227377188,1692255112956,1692255112959,1693227377196,8,3,5
1936,1693227377197,1692255112964,1692255112968,1693227377205,8,4,4
1937,1693227377205,1692255112972,1692255112976,1693227377213,8,4,4
1938,1693227377213,1692255112981,1692255112984,1693227377220,7,3,4
1939,1693227377220,1692255112988,1692255112991,1693227377228,8,3,5
1940,1693227377229,1692255112996,1692255113001,1693227377238,9,5,4
1941,1693227377238,1692255113005,1692255113008,1693227377245,7,3,4
1942,1693227377245,1692255113012,1692255113016,1693227377253,8,4,4
1943,1693227377253,1692255113020,1692255113024,1693227377261,8,4,4
1944,1693227377261,1692255113028,1692255113031,1693227377268,7,3,4
1945,1693227377268,1692255113036,1692255113039,1693227377276,8,3,5
1946,1693227377276,1692255113044,1692255113047,1693227377284,8,3,5
1947,1693227377284,1692255113051,1692255113056,1693227377292,8,5,3
1948,1693227377292,1692255113059,1692255113062,1693227377299,7,3,4
1949,1693227377299,1692255113066,1692255113069,1693227377306,7,3,4
1950,1693227377306,1692255113073,1692255113076,1693227377314,8,3,5
1951,1693227377314,1692255113082,1692255113084,1693227377321,7,2,5
1952,1693227377321,1692255113088,1692255113091,1693227377327,6,3,3
1953,1693227377327,1692255113095,1692255113098,1693227377335,8,3,5
1954,1693227377335,1692255113102,1692255113106,1693227377343,8,4,4
1955,1693227377343,1692255113110,1692255113112,1693227377349,6,2,4
1956,1693227377349,1692255113116,1692255113120,1693227377356,7,4,3
1957,1693227377356,1692255113124,1692255113127,1693227377363,7,3,4
1958,1693227377363,1692255113131,1692255113134,1693227377371,8,3,5
1959,1693227377371,1692255113138,1692255113141,1693227377378,7,3,4
1960,1693227377378,1692255113145,1692255113149,1693227377386,8,4,4
1961,1693227377386,1692255113154,1692255113158,1693227377395,9,4,5
1962,1693227377395,1692255113162,1692255113164,1693227377401,6,2,4
1963,1693227377401,1692255113168,1692255113171,1693227377408,7,3,4
1964,1693227377408,1692255113175,1692255113179,1693227377416,8,4,4
1965,1693227377416,1692255113183,1692255113185,1693227377422,6,2,4
1966,1693227377422,1692255113190,1692255113193,1693227377430,8,3,5
1967,1693227377430,1692255113197,1692255113201,1693227377438,8,4,4
1968,1693227377438,1692255113206,1692255113209,1693227377446,8,3,5
1969,1693227377446,1692255113213,1692255113216,1693227377453,7,3,4
1970,1693227377453,1692255113220,1692255113225,1693227377463,10,5,5
1971,1693227377464,1692255113231,1692255113234,1693227377471,7,3,4
1972,1693227377471,1692255113239,1692255113242,1693227377479,8,3,5
1973,1693227377479,1692255113247,1692255113250,1693227377487,8,3,5
1974,1693227377487,1692255113254,1692255113257,1693227377494,7,3,4
1975,1693227377494,1692255113262,1692255113264,1693227377502,8,2,6
1976,1693227377502,1692255113269,1692255113273,1693227377510,8,4,4
1977,1693227377510,1692255113277,1692255113282,1693227377519,9,5,4
1978,1693227377519,1692255113286,1692255113290,1693227377526,7,4,3
1979,1693227377526,1692255113294,1692255113298,1693227377535,9,4,5
1980,1693227377535,1692255113302,1692255113305,1693227377542,7,3,4
1981,1693227377542,1692255113310,1692255113314,1693227377550,8,4,4
1982,1693227377551,1692255113318,1692255113321,1693227377558,7,3,4
1983,1693227377558,1692255113327,1692255113330,1693227377567,9,3,6
1984,1693227377567,1692255113334,1692255113337,1693227377574,7,3,4
1985,1693227377574,1692255113342,1692255113346,1693227377582,8,4,4
1986,1693227377582,1692255113350,1692255113352,1693227377589,7,2,5
1987,1693227377589,1692255113357,1692255113360,1693227377597,8,3,5
1988,1693227377597,1692255113365,1692255113368,1693227377605,8,3,5
1989,1693227377605,1692255113372,1692255113375,1693227377612,7,3,4
1990,1693227377612,1692255113379,1692255113382,1693227377618,6,3,3
1991,1693227377618,1692255113386,1692255113389,1693227377626,8,3,5
1992,1693227377626,1692255113393,1692255113399,1693227377636,10,6,4
1993,1693227377636,1692255113404,1692255113407,1693227377644,8,3,5
1994,1693227377644,1692255113411,1692255113414,1693227377651,7,3,4
1995,1693227377651,1692255113425,1692255113428,1693227377665,14,3,11
1996,1693227377665,1692255113434,1692255113437,1693227377674,9,3,6
1997,1693227377674,1692255113441,1692255113444,1693227377681,7,3,4
1998,1693227377681,1692255113448,1692255113451,1693227377688,7,3,4
1999,1693227377688,1692255113455,1692255113459,1693227377696,8,4,4
2000,1693227377696,1692255113463,1692255113466,1693227377703,7,3,4
2001,1693227377703,1692255113470,1692255113473,1693227377710,7,3,4
2002,1693227377710,1692255113477,1692255113480,1693227377717,7,3,4
2003,1693227377718,1692255113485,1692255113488,1693227377725,7,3,4
2004,1693227377725,1692255113493,1692255113497,1693227377733,8,4,4
2005,1693227377733,1692255113500,1692255113503,1693227377739,6,3,3
2006,1693227377739,1692255113506,1692255113510,1693227377746,7,4,3
2007,1693227377746,1692255113513,1692255113517,1693227377753,7,4,3
2008,1693227377753,1692255113520,1692255113524,1693227377760,7,4,3
2009,1693227377760,1692255113527,1692255113531,1693227377768,8,4,4
2010,1693227377768,1692255113536,1692255113540,1693227377777,9,4,5
2011,1693227377777,1692255113545,1692255113548,1693227377785,8,3,5
2012,1693227377785,1692255113552,1692255113554,1693227377791,6,2,4
2013,1693227377791,1692255113560,1692255113565,1693227377802,11,5,6
2014,1693227377802,1692255113570,1692255113573,1693227377810,8,3,5
2015,1693227377810,1692255113577,1692255113580,1693227377817,7,3,4
2016,1693227377817,1692255113584,1692255113587,1693227377824,7,3,4
2017,1693227377824,1692255113591,1692255113595,1693227377832,8,4,4
2018,1693227377832,1692255113599,1692255113602,1693227377839,7,3,4
2019,1693227377839,1692255113607,1692255113610,1693227377847,8,3,5
2020,1693227377847,1692255113614,1692255113618,1693227377856,9,4,5
2021,1693227377857,1692255113624,1692255113627,1693227377864,7,3,4
2022,1693227377864,1692255113632,1692255113635,1693227377873,9,3,6
2023,1693227377873,1692255113646,1692255113649,1693227377886,13,3,10
2024,1693227377886,1692255113654,1692255113657,1693227377894,8,3,5
2025,1693227377894,1692255113661,1692255113664,1693227377901,7,3,4
2026,1693227377901,1692255113669,1692255113672,1693227377909,8,3,5
2027,1693227377909,1692255113676,1692255113679,1693227377916,7,3,4
2028,1693227377916,1692255113684,1692255113687,1693227377923,7,3,4
2029,1693227377923,1692255113691,1692255113695,1693227377933,10,4,6
2030,1693227377933,1692255113703,1692255113706,1693227377943,10,3,7
2031,1693227377943,1692255113710,1692255113713,1693227377950,7,3,4
2032,1693227377950,1692255113718,1692255113721,1693227377958,8,3,5
2033,1693227377958,1692255113726,1692255113729,1693227377966,8,3,5
2034,1693227377966,1692255113734,1692255113737,1693227377975,9,3,6
2035,1693227377975,1692255113744,1692255113747,1693227377984,9,3,6
2036,1693227377984,1692255113751,1692255113755,1693227377991,7,4,3
2037,1693227377991,1692255113760,1692255113763,1693227378000,9,3,6
2038,1693227378000,1692255113769,1692255113772,1693227378009,9,3,6
2039,1693227378009,1692255113776,1692255113779,1693227378016,7,3,4
2040,1693227378016,1692255113783,1692255113786,1693227378023,7,3,4
2041,1693227378023,1692255113791,1692255113794,1693227378031,8,3,5
2042,1693227378031,1692255113799,1692255113802,1693227378039,8,3,5
2043,1693227378039,1692255113807,1692255113810,1693227378047,8,3,5
2044,1693227378047,1692255113814,1692255113816,1693227378053,6,2,4
2045,1693227378053,1692255113821,1692255113824,1693227378060,7,3,4
2046,1693227378060,1692255113829,1692255113832,1693227378068,8,3,5
2047,1693227378069,1692255113836,1692255113839,1693227378078,9,3,6
2048,1693227378078,1692255113845,1692255113848,1693227378085,7,3,4
2049,1693227378085,1692255113853,1692255113856,1693227378093,8,3,5
2050,1693227378093,1692255113861,1692255113865,1693227378102,9,4,5
2051,1693227378102,1692255113871,1692255113875,1693227378113,11,4,7
2052,1693227378113,1692255113880,1692255113883,1693227378120,7,3,4
2053,1693227378120,1692255113888,1692255113891,1693227378128,8,3,5
2054,1693227378128,1692255113896,1692255113899,1693227378138,10,3,7
2055,1693227378138,1692255113906,1692255113909,1693227378146,8,3,5
2056,1693227378146,1692255113914,1692255113917,1693227378154,8,3,5
2057,1693227378154,1692255113921,1692255113925,1693227378161,7,4,3
2058,1693227378161,1692255113929,1692255113932,1693227378169,8,3,5
2059,1693227378169,1692255113936,1692255113940,1693227378176,7,4,3
2060,1693227378176,1692255113946,1692255113949,1693227378186,10,3,7
2061,1693227378186,1692255113954,1692255113956,1693227378193,7,2,5
2062,1693227378193,1692255113960,1692255113964,1693227378200,7,4,3
2063,1693227378200,1692255113969,1692255113972,1693227378209,9,3,6
2064,1693227378209,1692255113977,1692255113980,1693227378217,8,3,5
2065,1693227378217,1692255113984,1692255113988,1693227378224,7,4,3
2066,1693227378224,1692255113992,1692255113995,1693227378232,8,3,5
2067,1693227378232,1692255113999,1692255114002,1693227378240,8,3,5
2068,1693227378240,1692255114007,1692255114010,1693227378247,7,3,4
2069,1693227378247,1692255114015,1692255114018,1693227378255,8,3,5
2070,1693227378255,1692255114023,1692255114026,1693227378262,7,3,4
2071,1693227378262,1692255114029,1692255114033,1693227378270,8,4,4
2072,1693227378270,1692255114038,1692255114040,1693227378277,7,2,5
2073,1693227378277,1692255114045,1692255114048,1693227378285,8,3,5
2074,1693227378285,1692255114052,1692255114056,1693227378293,8,4,4
2075,1693227378293,1692255114061,1692255114064,1693227378301,8,3,5
2076,1693227378301,1692255114068,1692255114072,1693227378308,7,4,3
2077,1693227378308,1692255114076,1692255114079,1693227378316,8,3,5
2078,1693227378316,1692255114083,1692255114086,1693227378323,7,3,4
2079,1693227378323,1692255114091,1692255114095,1693227378332,9,4,5
2080,1693227378332,1692255114100,1692255114103,1693227378340,8,3,5
2081,1693227378340,1692255114109,1692255114113,1693227378350,10,4,6
2082,1693227378350,1692255114118,1692255114120,1693227378357,7,2,5
2083,1693227378357,1692255114125,1692255114128,1693227378365,8,3,5
2084,1693227378365,1692255114133,1692255114136,1693227378373,8,3,5
2085,1693227378373,1692255114141,1692255114145,1693227378381,8,4,4
2086,1693227378381,1692255114152,1692255114156,1693227378392,11,4,7
2087,1693227378392,1692255114160,1692255114167,1693227378404,12,7,5
2088,1693227378404,1692255114172,1692255114174,1693227378412,8,2,6
2089,1693227378412,1692255114180,1692255114182,1693227378419,7,2,5
2090,1693227378419,1692255114187,1692255114190,1693227378427,8,3,5
2091,1693227378427,1692255114194,1692255114197,1693227378434,7,3,4
2092,1693227378434,1692255114202,1692255114204,1693227378441,7,2,5
2093,1693227378441,1692255114208,1692255114211,1693227378448,7,3,4
2094,1693227378448,1692255114216,1692255114219,1693227378456,8,3,5
2095,1693227378456,1692255114224,1692255114228,1693227378465,9,4,5
2096,1693227378465,1692255114232,1692255114235,1693227378472,7,3,4
2097,1693227378472,1692255114239,1692255114243,1693227378480,8,4,4
2098,1693227378480,1692255114247,1692255114250,1693227378488,8,3,5
2099,1693227378488,1692255114256,1692255114260,1693227378497,9,4,5
2100,1693227378497,1692255114265,1692255114269,1693227378505,8,4,4
2101,1693227378505,1692255114273,1692255114275,1693227378512,7,2,5
2102,1693227378512,1692255114280,1692255114282,1693227378519,7,2,5
2103,1693227378519,1692255114287,1692255114290,1693227378527,8,3,5
2104,1693227378527,1692255114294,1692255114298,1693227378535,8,4,4
2105,1693227378535,1692255114303,1692255114306,1693227378543,8,3,5
2106,1693227378543,1692255114310,1692255114314,1693227378551,8,4,4
2107,1693227378551,1692255114318,1692255114321,1693227378558,7,3,4
2108,1693227378558,1692255114325,1692255114328,1693227378565,7,3,4
2109,1693227378565,1692255114334,1692255114337,1693227378574,9,3,6
2110,1693227378574,1692255114342,1692255114345,1693227378582,8,3,5
2111,1693227378582,1692255114349,1692255114353,1693227378591,9,4,5
2112,1693227378591,1692255114358,1692255114362,1693227378598,7,4,3
2113,1693227378598,1692255114366,1692255114368,1693227378606,8,2,6
2114,1693227378606,1692255114374,1692255114377,1693227378614,8,3,5
2115,1693227378614,1692255114384,1692255114387,1693227378624,10,3,7
2116,1693227378624,1692255114391,1692255114394,1693227378631,7,3,4
2117,1693227378631,1692255114398,1692255114401,1693227378638,7,3,4
2118,1693227378638,1692255114405,1692255114408,1693227378645,7,3,4
2119,1693227378645,1692255114412,1692255114415,1693227378652,7,3,4
2120,1693227378652,1692255114419,1692255114422,1693227378659,7,3,4
2121,1693227378659,1692255114428,1692255114432,1693227378669,10,4,6
2122,1693227378669,1692255114436,1692255114438,1693227378675,6,2,4
2123,1693227378675,1692255114443,1692255114448,1693227378685,10,5,5
2124,1693227378685,1692255114453,1692255114456,1693227378693,8,3,5
2125,1693227378693,1692255114461,1692255114464,1693227378701,8,3,5
2126,1693227378701,1692255114469,1692255114472,1693227378709,8,3,5
2127,1693227378709,1692255114476,1692255114482,1693227378719,10,6,4
2128,1693227378719,1692255114487,1692255114490,1693227378727,8,3,5
2129,1693227378727,1692255114494,1692255114498,1693227378734,7,4,3
2130,1693227378734,1692255114502,1692255114505,1693227378742,8,3,5
2131,1693227378742,1692255114510,1692255114512,1693227378749,7,2,5
2132,1693227378749,1692255114522,1692255114527,1693227378764,15,5,10
2133,1693227378764,1692255114531,1692255114534,1693227378771,7,3,4
2134,1693227378771,1692255114539,1692255114543,1693227378780,9,4,5
2135,1693227378780,1692255114547,1692255114550,1693227378787,7,3,4
2136,1693227378787,1692255114554,1692255114556,1693227378794,7,2,5
2137,1693227378794,1692255114562,1692255114565,1693227378802,8,3,5
2138,1693227378802,1692255114569,1692255114572,1693227378808,6,3,3
2139,1693227378808,1692255114577,1692255114580,1693227378817,9,3,6
2140,1693227378817,1692255114585,1692255114589,1693227378826,9,4,5
2141,1693227378826,1692255114593,1692255114597,1693227378834,8,4,4
2142,1693227378834,1692255114601,1692255114604,1693227378841,7,3,4
2143,1693227378841,1692255114608,1692255114611,1693227378848,7,3,4
2144,1693227378848,1692255114616,1692255114619,1693227378856,8,3,5
2145,1693227378856,1692255114625,1692255114628,1693227378865,9,3,6
2146,1693227378865,1692255114633,1692255114636,1693227378873,8,3,5
2147,1693227378873,1692255114645,1692255114649,1693227378886,13,4,9
2148,1693227378886,1692255114653,1692255114657,1693227378894,8,4,4
2149,1693227378894,1692255114663,1692255114666,1693227378903,9,3,6
2150,1693227378903,1692255114670,1692255114674,1693227378910,7,4,3
2151,1693227378910,1692255114685,1692255114688,1693227378924,14,3,11
2152,1693227378924,1692255114692,1692255114694,1693227378933,9,2,7
2153,1693227378933,1692255114703,1692255114707,1693227378944,11,4,7
2154,1693227378944,1692255114712,1692255114715,1693227378951,7,3,4
2155,1693227378951,1692255114720,1692255114723,1693227378960,9,3,6
2156,1693227378960,1692255114727,1692255114730,1693227378967,7,3,4
2157,1693227378967,1692255114736,1692255114740,1693227378976,9,4,5
2158,1693227378976,1692255114744,1692255114749,1693227378986,10,5,5
2159,1693227378986,1692255114754,1692255114759,1693227378995,9,5,4
2160,1693227378995,1692255114765,1692255114769,1693227379006,11,4,7
2161,1693227379006,1692255114773,1692255114776,1693227379013,7,3,4
2162,1693227379013,1692255114781,1692255114784,1693227379021,8,3,5
2163,1693227379021,1692255114789,1692255114793,1693227379030,9,4,5
2164,1693227379030,1692255114798,1692255114800,1693227379037,7,2,5
2165,1693227379037,1692255114805,1692255114809,1693227379046,9,4,5
2166,1693227379046,1692255114814,1692255114816,1693227379053,7,2,5
2167,1693227379053,1692255114821,1692255114824,1693227379061,8,3,5
2168,1693227379061,1692255114828,1692255114831,1693227379068,7,3,4
2169,1693227379068,1692255114836,1692255114839,1693227379076,8,3,5
2170,1693227379076,1692255114843,1692255114846,1693227379083,7,3,4
2171,1693227379083,1692255114851,1692255114854,1693227379091,8,3,5
2172,1693227379091,1692255114858,1692255114861,1693227379098,7,3,4
2173,1693227379098,1692255114867,1692255114871,1693227379107,9,4,5
2174,1693227379107,1692255114875,1692255114878,1693227379115,8,3,5
2175,1693227379115,1692255114882,1692255114885,1693227379122,7,3,4
2176,1693227379122,1692255114889,1692255114892,1693227379129,7,3,4
2177,1693227379129,1692255114896,1692255114899,1693227379136,7,3,4
2178,1693227379136,1692255114904,1692255114908,1693227379145,9,4,5
2179,1693227379145,1692255114912,1692255114916,1693227379153,8,4,4
2180,1693227379153,1692255114920,1692255114923,1693227379160,7,3,4
2181,1693227379160,1692255114928,1692255114931,1693227379168,8,3,5
2182,1693227379168,1692255114936,1692255114939,1693227379176,8,3,5
2183,1693227379176,1692255114944,1692255114948,1693227379185,9,4,5
2184,1693227379185,1692255114953,1692255114956,1693227379192,7,3,4
2185,1693227379192,1692255114960,1692255114962,1693227379199,7,2,5
2186,1693227379199,1692255114970,1692255114973,1693227379210,11,3,8
2187,1693227379210,1692255114977,1692255114980,1693227379217,7,3,4
2188,1693227379217,1692255114985,1692255114989,1693227379226,9,4,5
2189,1693227379226,1692255114994,1692255114998,1693227379234,8,4,4
2190,1693227379234,1692255115002,1692255115005,1693227379242,8,3,5
2191,1693227379242,1692255115009,1692255115012,1693227379249,7,3,4
2192,1693227379249,1692255115016,1692255115020,1693227379259,10,4,6
2193,1693227379259,1692255115026,1692255115029,1693227379268,9,3,6
2194,1693227379268,1692255115036,1692255115041,1693227379277,9,5,4
2195,1693227379277,1692255115045,1692255115049,1693227379290,13,4,9
2196,1693227379290,1692255115058,1692255115061,1693227379298,8,3,5
2197,1693227379298,1692255115066,1692255115069,1693227379307,9,3,6
2198,1693227379307,1692255115075,1692255115078,1693227379315,8,3,5
2199,1693227379315,1692255115083,1692255115085,1693227379322,7,2,5
2200,1693227379322,1692255115089,1692255115092,1693227379329,7,3,4
2201,1693227379329,1692255115097,1692255115101,1693227379337,8,4,4
2202,1693227379337,1692255115105,1692255115109,1693227379347,10,4,6
2203,1693227379347,1692255115114,1692255115117,1693227379354,7,3,4
2204,1693227379354,1692255115122,1692255115125,1693227379362,8,3,5
2205,1693227379362,1692255115129,1692255115133,1693227379370,8,4,4
2206,1693227379370,1692255115137,1692255115140,1693227379377,7,3,4
2207,1693227379377,1692255115144,1692255115147,1693227379384,7,3,4
2208,1693227379384,1692255115152,1692255115156,1693227379393,9,4,5
2209,1693227379393,1692255115161,1692255115164,1693227379401,8,3,5
2210,1693227379401,1692255115168,1692255115171,1693227379409,8,3,5
2211,1693227379409,1692255115177,1692255115181,1693227379418,9,4,5
2212,1693227379418,1692255115185,1692255115188,1693227379424,6,3,3
2213,1693227379424,1692255115191,1692255115195,1693227379434,10,4,6
2214,1693227379434,1692255115202,1692255115205,1693227379441,7,3,4
2215,1693227379441,1692255115208,1692255115212,1693227379449,8,4,4
2216,1693227379449,1692255115216,1692255115219,1693227379456,7,3,4
2217,1693227379456,1692255115223,1692255115227,1693227379464,8,4,4
2218,1693227379464,1692255115231,1692255115235,1693227379471,7,4,3
2219,1693227379472,1692255115239,1692255115242,1693227379479,7,3,4
2220,1693227379479,1692255115249,1692255115252,1693227379489,10,3,7
2221,1693227379489,1692255115257,1692255115260,1693227379640,151,3,148
2222,1693227379640,1692255115408,1692255115413,1693227379649,9,5,4
2223,1693227379649,1692255115416,1692255115420,1693227379656,7,4,3
2224,1693227379656,1692255115424,1692255115427,1693227379664,8,3,5
2225,1693227379664,1692255115432,1692255115434,1693227379671,7,2,5
2226,1693227379671,1692255115439,1692255115442,1693227379679,8,3,5
2227,1693227379679,1692255115446,1692255115449,1693227379686,7,3,4
2228,1693227379686,1692255115454,1692255115457,1693227379694,8,3,5
2229,1693227379694,1692255115461,1692255115465,1693227379701,7,4,3
2230,1693227379701,1692255115469,1692255115472,1693227379709,8,3,5
2231,1693227379709,1692255115476,1692255115481,1693227379743,34,5,29
2232,1693227379743,1692255115513,1692255115516,1693227379753,10,3,7
2233,1693227379753,1692255115521,1692255115524,1693227379761,8,3,5
2234,1693227379761,1692255115529,1692255115533,1693227379770,9,4,5
2235,1693227379770,1692255115537,1692255115541,1693227379778,8,4,4
2236,1693227379778,1692255115546,1692255115549,1693227379786,8,3,5
2237,1693227379786,1692255115553,1692255115556,1693227379792,6,3,3
2238,1693227379792,1692255115560,1692255115563,1693227379800,8,3,5
2239,1693227379800,1692255115568,1692255115570,1693227379807,7,2,5
2240,1693227379807,1692255115575,1692255115578,1693227379815,8,3,5
2241,1693227379815,1692255115584,1692255115587,1693227379824,9,3,6
2242,1693227379824,1692255115591,1692255115594,1693227379831,7,3,4
2243,1693227379831,1692255115599,1692255115602,1693227379839,8,3,5
2244,1693227379839,1692255115607,1692255115610,1693227379847,8,3,5
2245,1693227379847,1692255115615,1692255115617,1693227379855,8,2,6
2246,1693227379855,1692255115622,1692255115626,1693227379862,7,4,3
2247,1693227379862,1692255115629,1692255115633,1693227379870,8,4,4
2248,1693227379870,1692255115638,1692255115641,1693227379878,8,3,5
2249,1693227379878,1692255115649,1692255115652,1693227379889,11,3,8
2250,1693227379889,1692255115657,1692255115660,1693227379897,8,3,5
2251,1693227379897,1692255115665,1692255115668,1693227379905,8,3,5
2252,1693227379905,1692255115672,1692255115675,1693227379912,7,3,4
2253,1693227379912,1692255115680,1692255115683,1693227379921,9,3,6
2254,1693227379921,1692255115688,1692255115692,1693227379929,8,4,4
2255,1693227379929,1692255115696,1692255115699,1693227379936,7,3,4
2256,1693227379936,1692255115703,1692255115707,1693227379944,8,4,4
2257,1693227379944,1692255115711,1692255115714,1693227379951,7,3,4
2258,1693227379951,1692255115718,1692255115721,1693227379958,7,3,4
2259,1693227379958,1692255115726,1692255115730,1693227379967,9,4,5
2260,1693227379967,1692255115734,1692255115737,1693227379974,7,3,4
2261,1693227379974,1692255115742,1692255115745,1693227379982,8,3,5
2262,1693227379982,1692255115750,1692255115753,1693227379992,10,3,7
2263,1693227379992,1692255115759,1692255115762,1693227379999,7,3,4
2264,1693227379999,1692255115766,1692255115770,1693227380007,8,4,4
2265,1693227380007,1692255115774,1692255115778,1693227380015,8,4,4
2266,1693227380015,1692255115782,1692255115785,1693227380023,8,3,5
2267,1693227380023,1692255115791,1692255115795,1693227380031,8,4,4
2268,1693227380031,1692255115802,1692255115807,1693227380044,13,5,8
2269,1693227380044,1692255115812,1692255115815,1693227380052,8,3,5
2270,1693227380052,1692255115819,1692255115822,1693227380059,7,3,4
2271,1693227380059,1692255115827,1692255115830,1693227380066,7,3,4
2272,1693227380066,1692255115834,1692255115838,1693227380075,9,4,5
2273,1693227380075,1692255115842,1692255115845,1693227380082,7,3,4
2274,1693227380082,1692255115850,1692255115853,1693227380090,8,3,5
2275,1693227380090,1692255115858,1692255115861,1693227380098,8,3,5
2276,1693227380098,1692255115866,1692255115869,1693227380106,8,3,5
2277,1693227380106,1692255115874,1692255115878,1693227380115,9,4,5
2278,1693227380115,1692255115882,1692255115885,1693227380122,7,3,4
2279,1693227380122,1692255115892,1692255115896,1693227380133,11,4,7
2280,1693227380133,1692255115901,1692255115904,1693227380140,7,3,4
2281,1693227380141,1692255115908,1692255115912,1693227380149,8,4,4
2282,1693227380149,1692255115916,1692255115919,1693227380156,7,3,4
2283,1693227380156,1692255115923,1692255115926,1693227380164,8,3,5
2284,1693227380164,1692255115932,1692255115935,1693227380171,7,3,4
2285,1693227380171,1692255115940,1692255115944,1693227380181,10,4,6
2286,1693227380181,1692255115949,1692255115952,1693227380189,8,3,5
2287,1693227380189,1692255115965,1692255115968,1693227380205,16,3,13
2288,1693227380205,1692255115973,1692255115976,1693227380213,8,3,5
2289,1693227380213,1692255115986,1692255115989,1693227380229,16,3,13
2290,1693227380229,1692255115996,1692255115999,1693227380236,7,3,4
2291,1693227380236,1692255116004,1692255116008,1693227380244,8,4,4
2292,1693227380244,1692255116011,1692255116015,1693227380253,9,4,5
2293,1693227380253,1692255116022,1692255116025,1693227380262,9,3,6
2294,1693227380262,1692255116030,1692255116033,1693227380270,8,3,5
2295,1693227380270,1692255116037,1692255116040,1693227380277,7,3,4
2296,1693227380277,1692255116044,1692255116048,1693227380284,7,4,3
2297,1693227380284,1692255116052,1692255116055,1693227380291,7,3,4
2298,1693227380291,1692255116059,1692255116062,1693227380298,7,3,4
2299,1693227380298,1692255116065,1692255116069,1693227380306,8,4,4
2300,1693227380306,1692255116073,1692255116076,1693227380313,7,3,4
2301,1693227380313,1692255116082,1692255116085,1693227380322,9,3,6
2302,1693227380322,1692255116089,1692255116093,1693227380331,9,4,5
2303,1693227380331,1692255116098,1692255116101,1693227380340,9,3,6
2304,1693227380340,1692255116107,1692255116110,1693227380347,7,3,4
2305,1693227380347,1692255116114,1692255116119,1693227380356,9,5,4
2306,1693227380356,1692255116124,1692255116127,1693227380364,8,3,5
2307,1693227380364,1692255116132,1692255116135,1693227380372,8,3,5
2308,1693227380372,1692255116140,1692255116142,1693227380379,7,2,5
2309,1693227380379,1692255116147,1692255116150,1693227380387,8,3,5
2310,1693227380387,1692255116155,1692255116158,1693227380395,8,3,5
2311,1693227380395,1692255116163,1692255116166,1693227380403,8,3,5
2312,1693227380403,1692255116171,1692255116174,1693227380411,8,3,5
2313,1693227380411,1692255116178,1692255116182,1693227380418,7,4,3
2314,1693227380419,1692255116186,1692255116188,1693227380425,6,2,4
2315,1693227380425,1692255116192,1692255116196,1693227380433,8,4,4
2316,1693227380433,1692255116200,1692255116204,1693227380441,8,4,4
2317,1693227380441,1692255116208,1692255116212,1693227380449,8,4,4
2318,1693227380449,1692255116217,1692255116220,1693227380457,8,3,5
2319,1693227380457,1692255116224,1692255116228,1693227380465,8,4,4
2320,1693227380465,1692255116233,1692255116236,1693227380473,8,3,5
2321,1693227380473,1692255116241,1692255116245,1693227380482,9,4,5
2322,1693227380482,1692255116250,1692255116253,1693227380490,8,3,5
2323,1693227380490,1692255116258,1692255116261,1693227380498,8,3,5
2324,1693227380498,1692255116266,1692255116270,1693227380507,9,4,5
2325,1693227380507,1692255116277,1692255116280,1693227380517,10,3,7
2326,1693227380517,1692255116284,1692255116287,1693227380524,7,3,4
2327,1693227380524,1692255116292,1692255116296,1693227380535,11,4,7
2328,1693227380535,1692255116302,1692255116305,1693227380542,7,3,4
2329,1693227380542,1692255116310,1692255116314,1693227380551,9,4,5
2330,1693227380551,1692255116318,1692255116321,1693227380559,8,3,5
2331,1693227380559,1692255116327,1692255116330,1693227380567,8,3,5
2332,1693227380567,1692255116335,1692255116339,1693227380575,8,4,4
2333,1693227380575,1692255116343,1692255116346,1693227380583,8,3,5
2334,1693227380583,1692255116351,1692255116354,1693227380591,8,3,5
2335,1693227380591,1692255116359,1692255116362,1693227380599,8,3,5
2336,1693227380599,1692255116367,1692255116371,1693227380608,9,4,5
2337,1693227380608,1692255116376,1692255116379,1693227380616,8,3,5
2338,1693227380616,1692255116384,1692255116387,1693227380624,8,3,5
2339,1693227380624,1692255116391,1692255116394,1693227380631,7,3,4
2340,1693227380631,1692255116399,1692255116402,1693227380639,8,3,5
2341,1693227380639,1692255116407,1692255116411,1693227380648,9,4,5
2342,1693227380648,1692255116416,1692255116421,1693227380657,9,5,4
2343,1693227380657,1692255116425,1692255116428,1693227380665,8,3,5
2344,1693227380665,1692255116433,1692255116436,1693227380673,8,3,5
2345,1693227380673,1692255116441,1692255116445,1693227380681,8,4,4
2346,1693227380681,1692255116449,1692255116453,1693227380690,9,4,5
2347,1693227380690,1692255116457,1692255116460,1693227380697,7,3,4
2348,1693227380697,1692255116464,1692255116467,1693227380704,7,3,4
2349,1693227380704,1692255116472,1692255116475,1693227380712,8,3,5
2350,1693227380712,1692255116480,1692255116483,1693227380721,9,3,6
2351,1693227380721,1692255116488,1692255116491,1693227380728,7,3,4
2352,1693227380728,1692255116495,1692255116499,1693227380736,8,4,4
2353,1693227380736,1692255116506,1692255116509,1693227380746,10,3,7
2354,1693227380746,1692255116514,1692255116518,1693227380755,9,4,5
2355,1693227380755,1692255116522,1692255116525,1693227380762,7,3,4
2356,1693227380762,1692255116531,1692255116534,1693227380771,9,3,6
2357,1693227380771,1692255116538,1692255116541,1693227380778,7,3,4
2358,1693227380778,1692255116545,1692255116548,1693227380785,7,3,4
2359,1693227380785,1692255116552,1692255116555,1693227380791,6,3,3
2360,1693227380791,1692255116558,1692255116562,1693227380799,8,4,4
2361,1693227380799,1692255116566,1692255116569,1693227380806,7,3,4
2362,1693227380806,1692255116574,1692255116577,1693227380814,8,3,5
2363,1693227380814,1692255116583,1692255116585,1693227380822,8,2,6
2364,1693227380822,1692255116589,1692255116592,1693227380829,7,3,4
2365,1693227380829,1692255116596,1692255116600,1693227380837,8,4,4
2366,1693227380837,1692255116605,1692255116609,1693227380846,9,4,5
2367,1693227380846,1692255116613,1692255116616,1693227380853,7,3,4
2368,1693227380853,1692255116621,1692255116624,1693227380860,7,3,4
2369,1693227380860,1692255116630,1692255116634,1693227380871,11,4,7
2370,1693227380871,1692255116638,1692255116641,1693227380878,7,3,4
2371,1693227380878,1692255116646,1692255116649,1693227380890,12,3,9
2372,1693227380890,1692255116658,1692255116661,1693227380898,8,3,5
2373,1693227380898,1692255116666,1692255116668,1693227380905,7,2,5
2374,1693227380905,1692255116673,1692255116677,1693227380914,9,4,5
2375,1693227380914,1692255116681,1692255116684,1693227380921,7,3,4
2376,1693227380921,1692255116689,1692255116691,1693227380928,7,2,5
2377,1693227380928,1692255116695,1692255116699,1693227380935,7,4,3
2378,1693227380935,1692255116703,1692255116707,1693227380945,10,4,6
2379,1693227380945,1692255116712,1692255116716,1693227380953,8,4,4
2380,1693227380953,1692255116721,1692255116725,1693227380962,9,4,5
2381,1693227380962,1692255116729,1692255116733,1693227380969,7,4,3
2382,1693227380970,1692255116740,1692255116743,1693227380980,10,3,7
2383,1693227380980,1692255116748,1692255116751,1693227380987,7,3,4
2384,1693227380987,1692255116754,1692255116758,1693227380995,8,4,4
2385,1693227380995,1692255116762,1692255116765,1693227381002,7,3,4
2386,1693227381002,1692255116770,1692255116773,1693227381010,8,3,5
2387,1693227381010,1692255116778,1692255116781,1693227381018,8,3,5
2388,1693227381018,1692255116786,1692255116789,1693227381026,8,3,5
2389,1693227381026,1692255116793,1692255116796,1693227381033,7,3,4
2390,1693227381033,1692255116801,1692255116804,1693227381040,7,3,4
2391,1693227381040,1692255116808,1692255116812,1693227381049,9,4,5
2392,1693227381049,1692255116817,1692255116821,1693227381058,9,4,5
2393,1693227381058,1692255116825,1692255116829,1693227381066,8,4,4
2394,1693227381066,1692255116833,1692255116836,1693227381073,7,3,4
2395,1693227381073,1692255116840,1692255116844,1693227381081,8,4,4
2396,1693227381081,1692255116849,1692255116852,1693227381088,7,3,4
2397,1693227381088,1692255116856,1692255116860,1693227381097,9,4,5
2398,1693227381097,1692255116864,1692255116868,1693227381105,8,4,4
2399,1693227381105,1692255116872,1692255116875,1693227381112,7,3,4
2400,1693227381112,1692255116879,1692255116883,1693227381120,8,4,4
2401,1693227381120,1692255116888,1692255116891,1693227381128,8,3,5
2402,1693227381128,1692255116895,1692255116899,1693227381136,8,4,4
2403,1693227381136,1692255116905,1692255116909,1693227381145,9,4,5
2404,1693227381146,1692255116915,1692255116919,1693227381156,10,4,6
2405,1693227381156,1692255116923,1692255116926,1693227381163,7,3,4
2406,1693227381163,1692255116930,1692255116933,1693227381170,7,3,4
2407,1693227381170,1692255116940,1692255116943,1693227381180,10,3,7
2408,1693227381180,1692255116948,1692255116950,1693227381187,7,2,5
2409,1693227381187,1692255116954,1692255116958,1693227381194,7,4,3
2410,1693227381194,1692255116962,1692255116965,1693227381202,8,3,5
2411,1693227381202,1692255116970,1692255116973,1693227381210,8,3,5
2412,1693227381210,1692255116977,1692255116980,1693227381217,7,3,4
2413,1693227381217,1692255116985,1692255116987,1693227381224,7,2,5
2414,1693227381224,1692255116992,1692255116996,1693227381232,8,4,4
2415,1693227381232,1692255117000,1692255117004,1693227381241,9,4,5
2416,1693227381241,1692255117008,1692255117011,1693227381248,7,3,4
2417,1693227381248,1692255117018,1692255117021,1693227381258,10,3,7
2418,1693227381258,1692255117025,1692255117028,1693227381265,7,3,4
2419,1693227381265,1692255117033,1692255117036,1693227381273,8,3,5
2420,1693227381273,1692255117041,1692255117044,1693227381281,8,3,5
2421,1693227381281,1692255117049,1692255117051,1693227381288,7,2,5
2422,1693227381288,1692255117056,1692255117059,1693227381295,7,3,4
2423,1693227381295,1692255117063,1692255117066,1693227381303,8,3,5
2424,1693227381303,1692255117070,1692255117074,1693227381310,7,4,3
2425,1693227381310,1692255117078,1692255117081,1693227381318,8,3,5
2426,1693227381318,1692255117086,1692255117089,1693227381325,7,3,4
2427,1693227381325,1692255117092,1692255117096,1693227381333,8,4,4
2428,1693227381333,1692255117101,1692255117104,1693227381341,8,3,5
2429,1693227381341,1692255117109,1692255117112,1693227381349,8,3,5
2430,1693227381349,1692255117117,1692255117120,1693227381357,8,3,5
2431,1693227381357,1692255117124,1692255117128,1693227381365,8,4,4
2432,1693227381365,1692255117133,1692255117136,1693227381373,8,3,5
2433,1693227381373,1692255117141,1692255117144,1693227381382,9,3,6
2434,1693227381382,1692255117153,1692255117156,1693227381393,11,3,8
2435,1693227381393,1692255117160,1692255117164,1693227381400,7,4,3
2436,1693227381400,1692255117169,1692255117172,1693227381408,8,3,5
2437,1693227381408,1692255117176,1692255117179,1693227381415,7,3,4
2438,1693227381416,1692255117183,1692255117187,1693227381424,8,4,4
2439,1693227381424,1692255117191,1692255117195,1693227381432,8,4,4
2440,1693227381432,1692255117200,1692255117203,1693227381440,8,3,5
2441,1693227381440,1692255117207,1692255117210,1693227381447,7,3,4
2442,1693227381447,1692255117215,1692255117219,1693227381457,10,4,6
2443,1693227381457,1692255117225,1692255117228,1693227381465,8,3,5
2444,1693227381465,1692255117232,1692255117235,1693227381472,7,3,4
2445,1693227381472,1692255117249,1692255117254,1693227381491,19,5,14
2446,1693227381491,1692255117258,1692255117261,1693227381498,7,3,4
2447,1693227381498,1692255117268,1692255117271,1693227381508,10,3,7
2448,1693227381508,1692255117276,1692255117279,1693227381516,8,3,5
2449,1693227381516,1692255117283,1692255117287,1693227381523,7,4,3
2450,1693227381523,1692255117291,1692255117296,1693227381533,10,5,5
2451,1693227381533,1692255117301,1692255117304,1693227381541,8,3,5
2452,1693227381541,1692255117309,1692255117312,1693227381549,8,3,5
2453,1693227381549,1692255117316,1692255117320,1693227381556,7,4,3
2454,1693227381556,1692255117325,1692255117328,1693227381565,9,3,6
2455,1693227381565,1692255117333,1692255117336,1693227381573,8,3,5
2456,1693227381573,1692255117340,1692255117344,1693227381581,8,4,4
2457,1693227381581,1692255117349,1692255117352,1693227381589,8,3,5
2458,1693227381589,1692255117357,1692255117360,1693227381597,8,3,5
2459,1693227381597,1692255117365,1692255117368,1693227381604,7,3,4
2460,1693227381604,1692255117371,1692255117375,1693227381612,8,4,4
2461,1693227381612,1692255117379,1692255117383,1693227381620,8,4,4
2462,1693227381620,1692255117387,1692255117390,1693227381627,7,3,4
2463,1693227381627,1692255117395,1692255117398,1693227381635,8,3,5
2464,1693227381635,1692255117402,1692255117406,1693227381642,7,4,3
2465,1693227381642,1692255117409,1692255117412,1693227381649,7,3,4
2466,1693227381649,1692255117417,1692255117420,1693227381657,8,3,5
2467,1693227381657,1692255117424,1692255117427,1693227381664,7,3,4
2468,1693227381664,1692255117432,1692255117436,1693227381673,9,4,5
2469,1693227381673,1692255117440,1692255117444,1693227381680,7,4,3
2470,1693227381680,1692255117447,1692255117451,1693227381688,8,4,4
2471,1693227381688,1692255117456,1692255117459,1693227381696,8,3,5
2472,1693227381696,1692255117464,1692255117467,1693227381704,8,3,5
2473,1693227381704,1692255117471,1692255117474,1693227381711,7,3,4
2474,1693227381711,1692255117478,1692255117481,1693227381718,7,3,4
2475,1693227381718,1692255117486,1692255117489,1693227381726,8,3,5
2476,1693227381726,1692255117493,1692255117496,1693227381733,7,3,4
2477,1693227381733,1692255117500,1692255117504,1693227381741,8,4,4
2478,1693227381741,1692255117509,1692255117511,1693227381748,7,2,5
2479,1693227381748,1692255117516,1692255117519,1693227381756,8,3,5
2480,1693227381756,1692255117524,1692255117527,1693227381764,8,3,5
2481,1693227381764,1692255117532,1692255117535,1693227381772,8,3,5
2482,1693227381772,1692255117540,1692255117544,1693227381781,9,4,5
2483,1693227381781,1692255117548,1692255117552,1693227381789,8,4,4
2484,1693227381789,1692255117557,1692255117560,1693227381797,8,3,5
2485,1693227381797,1692255117565,1692255117568,1693227381805,8,3,5
2486,1693227381805,1692255117573,1692255117577,1693227381813,8,4,4
2487,1693227381814,1692255117581,1692255117585,1693227381822,8,4,4
2488,1693227381822,1692255117590,1692255117593,1693227381830,8,3,5
2489,1693227381830,1692255117597,1692255117600,1693227381837,7,3,4
2490,1693227381837,1692255117605,1692255117608,1693227381845,8,3,5
2491,1693227381845,1692255117612,1692255117616,1693227381853,8,4,4
2492,1693227381853,1692255117620,1692255117623,1693227381860,7,3,4
2493,1693227381860,1692255117628,1692255117631,1693227381868,8,3,5
2494,1693227381868,1692255117636,1692255117640,1693227381877,9,4,5
2495,1693227381877,1692255117645,1692255117648,1693227381884,7,3,4
2496,1693227381884,1692255117651,1692255117654,1693227381890,6,3,3
2497,1693227381890,1692255117662,1692255117665,1693227381902,12,3,9
2498,1693227381902,1692255117670,1692255117673,1693227381910,8,3,5
2499,1693227381910,1692255117678,1692255117681,1693227381918,8,3,5
2500,1693227381918,1692255117686,1692255117690,1693227381927,9,4,5
2501,1693227381927,1692255117694,1692255117697,1693227381934,7,3,4
2502,1693227381934,1692255117702,1692255117705,1693227381941,7,3,4
2503,1693227381941,1692255117709,1692255117713,1693227381950,9,4,5
2504,1693227381950,1692255117717,1692255117721,1693227381958,8,4,4
2505,1693227381958,1692255117725,1692255117728,1693227381965,7,3,4
2506,1693227381965,1692255117735,1692255117738,1693227381975,10,3,7
2507,1693227381975,1692255117743,1692255117746,1693227381983,8,3,5
2508,1693227381983,1692255117751,1692255117754,1693227381991,8,3,5
2509,1693227381991,1692255117759,1692255117762,1693227381999,8,3,5
2510,1693227381999,1692255117767,1692255117770,1693227382007,8,3,5
2511,1693227382007,1692255117775,1692255117779,1693227382016,9,4,5
2512,1693227382016,1692255117783,1692255117787,1693227382024,8,4,4
2513,1693227382024,1692255117791,1692255117795,1693227382032,8,4,4
2514,1693227382032,1692255117800,1692255117804,1693227382041,9,4,5
2515,1693227382041,1692255117808,1692255117812,1693227382048,7,4,3
2516,1693227382048,1692255117816,1692255117819,1693227382056,8,3,5
2517,1693227382056,1692255117823,1692255117827,1693227382064,8,4,4
2518,1693227382064,1692255117832,1692255117835,1693227382072,8,3,5
2519,1693227382072,1692255117840,1692255117843,1693227382080,8,3,5
2520,1693227382080,1692255117848,1692255117851,1693227382088,8,3,5
2521,1693227382088,1692255117863,1692255117866,1693227382103,15,3,12
2522,1693227382103,1692255117871,1692255117875,1693227382112,9,4,5
2523,1693227382112,1692255117880,1692255117884,1693227382121,9,4,5
2524,1693227382121,1692255117889,1692255117894,1693227382130,9,5,4
2525,1693227382130,1692255117897,1692255117900,1693227382137,7,3,4
2526,1693227382137,1692255117904,1692255117908,1693227382144,7,4,3
2527,1693227382144,1692255117912,1692255117915,1693227382152,8,3,5
2528,1693227382152,1692255117923,1692255117926,1693227382163,11,3,8
2529,1693227382163,1692255117931,1692255117934,1693227382171,8,3,5
2530,1693227382171,1692255117940,1692255117944,1693227382181,10,4,6
2531,1693227382181,1692255117948,1692255117952,1693227382189,8,4,4
2532,1693227382189,1692255117956,1692255117959,1693227382197,8,3,5
2533,1693227382197,1692255117964,1692255117967,1693227382204,7,3,4
2534,1693227382204,1692255117972,1692255117975,1693227382212,8,3,5
2535,1693227382212,1692255117979,1692255117983,1693227382222,10,4,6
2536,1693227382222,1692255117990,1692255117994,1693227382231,9,4,5
2537,1693227382231,1692255117999,1692255118002,1693227382239,8,3,5
2538,1693227382239,1692255118006,1692255118010,1693227382247,8,4,4
2539,1693227382247,1692255118015,1692255118019,1693227382256,9,4,5
2540,1693227382257,1692255118031,1692255118035,1693227382272,15,4,11
2541,1693227382272,1692255118042,1692255118045,1693227382282,10,3,7
2542,1693227382282,1692255118050,1692255118054,1693227382290,8,4,4
2543,1693227382290,1692255118057,1692255118060,1693227382297,7,3,4
2544,1693227382297,1692255118064,1692255118067,1693227382304,7,3,4
2545,1693227382304,1692255118071,1692255118074,1693227382312,8,3,5
2546,1693227382312,1692255118082,1692255118086,1693227382322,10,4,6
2547,1693227382322,1692255118091,1692255118094,1693227382331,9,3,6
2548,1693227382331,1692255118098,1692255118101,1693227382339,8,3,5
2549,1693227382339,1692255118106,1692255118109,1693227382346,7,3,4
2550,1693227382346,1692255118114,1692255118117,1693227382354,8,3,5
2551,1693227382354,1692255118121,1692255118124,1693227382361,7,3,4
2552,1693227382361,1692255118129,1692255118132,1693227382369,8,3,5
2553,1693227382369,1692255118137,1692255118141,1693227382379,10,4,6
2554,1693227382379,1692255118149,1692255118152,1693227382389,10,3,7
2555,1693227382389,1692255118157,1692255118160,1693227382397,8,3,5
2556,1693227382397,1692255118164,1692255118167,1693227382404,7,3,4
2557,1693227382404,1692255118171,1692255118174,1693227382411,7,3,4
2558,1693227382411,1692255118178,1692255118182,1693227382419,8,4,4
2559,1693227382419,1692255118188,1692255118192,1693227382428,9,4,5
2560,1693227382429,1692255118196,1692255118199,1693227382436,7,3,4
2561,1693227382436,1692255118203,1692255118208,1693227382445,9,5,4
2562,1693227382445,1692255118213,1692255118216,1693227382452,7,3,4
2563,1693227382452,1692255118220,1692255118223,1693227382460,8,3,5
2564,1693227382460,1692255118227,1692255118230,1693227382467,7,3,4
2565,1693227382467,1692255118235,1692255118238,1693227382475,8,3,5
2566,1693227382475,1692255118242,1692255118248,1693227382484,9,6,3
2567,1693227382484,1692255118252,1692255118256,1693227382493,9,4,5
2568,1693227382493,1692255118260,1692255118263,1693227382500,7,3,4
2569,1693227382500,1692255118267,1692255118271,1693227382507,7,4,3
2570,1693227382507,1692255118275,1692255118279,1693227382516,9,4,5
2571,1693227382516,1692255118283,1692255118287,1693227382524,8,4,4
2572,1693227382524,1692255118294,1692255118298,1693227382534,10,4,6
2573,1693227382534,1692255118302,1692255118305,1693227382542,8,3,5
2574,1693227382542,1692255118309,1692255118313,1693227382549,7,4,3
2575,1693227382550,1692255118317,1692255118320,1693227382556,6,3,3
2576,1693227382557,1692255118324,1692255118327,1693227382564,7,3,4
2577,1693227382564,1692255118332,1692255118335,1693227382572,8,3,5
2578,1693227382572,1692255118340,1692255118343,1693227382580,8,3,5
2579,1693227382580,1692255118350,1692255118353,1693227382590,10,3,7
2580,1693227382590,1692255118357,1692255118361,1693227382598,8,4,4
2581,1693227382598,1692255118365,1692255118368,1693227382605,7,3,4
2582,1693227382605,1692255118375,1692255118378,1693227382615,10,3,7
2583,1693227382615,1692255118382,1692255118386,1693227382624,9,4,5
2584,1693227382624,1692255118391,1692255118394,1693227382633,9,3,6
2585,1693227382633,1692255118403,1692255118406,1693227382643,10,3,7
2586,1693227382643,1692255118412,1692255118415,1693227382651,8,3,5
2587,1693227382652,1692255118419,1692255118423,1693227382659,7,4,3
2588,1693227382659,1692255118427,1692255118430,1693227382667,8,3,5
2589,1693227382667,1692255118435,1692255118439,1693227382676,9,4,5
2590,1693227382676,1692255118443,1692255118446,1693227382687,11,3,8
2591,1693227382687,1692255118455,1692255118458,1693227382695,8,3,5
2592,1693227382695,1692255118463,1692255118466,1693227382703,8,3,5
2593,1693227382703,1692255118470,1692255118473,1693227382710,7,3,4
2594,1693227382710,1692255118477,1692255118480,1693227382717,7,3,4
2595,1693227382717,1692255118485,1692255118487,1693227382724,7,2,5
2596,1693227382724,1692255118492,1692255118496,1693227382734,10,4,6
2597,1693227382734,1692255118501,1692255118505,1693227382741,7,4,3
2598,1693227382741,1692255118509,1692255118513,1693227382750,9,4,5
2599,1693227382750,1692255118517,1692255118521,1693227382757,7,4,3
2600,1693227382757,1692255118530,1692255118534,1693227382771,14,4,10
2601,1693227382771,1692255118538,1692255118541,1693227382778,7,3,4
2602,1693227382778,1692255118553,1692255118557,1693227382793,15,4,11
2603,1693227382793,1692255118561,1692255118565,1693227382802,9,4,5
2604,1693227382802,1692255118569,1692255118572,1693227382809,7,3,4
2605,1693227382810,1692255118580,1692255118583,1693227382820,10,3,7
2606,1693227382820,1692255118588,1692255118591,1693227382828,8,3,5
2607,1693227382828,1692255118596,1692255118599,1693227382836,8,3,5
2608,1693227382836,1692255118603,1692255118608,1693227382845,9,5,4
2609,1693227382845,1692255118612,1692255118615,1693227382851,6,3,3
2610,1693227382851,1692255118619,1692255118622,1693227382859,8,3,5
2611,1693227382859,1692255118627,1692255118631,1693227382868,9,4,5
2612,1693227382868,1692255118636,1692255118640,1693227382877,9,4,5
2613,1693227382877,1692255118644,1692255118647,1693227382883,6,3,3
2614,1693227382883,1692255118651,1692255118654,1693227382891,8,3,5
2615,1693227382891,1692255118658,1692255118661,1693227382902,11,3,8
2616,1693227382902,1692255118670,1692255118673,1693227382909,7,3,4
2617,1693227382910,1692255118677,1692255118680,1693227382917,7,3,4
2618,1693227382917,1692255118684,1692255118688,1693227382924,7,4,3
2619,1693227382925,1692255118692,1692255118695,1693227382932,7,3,4
2620,1693227382932,1692255118700,1692255118703,1693227382940,8,3,5
2621,1693227382940,1692255118707,1692255118710,1693227382947,7,3,4
2622,1693227382947,1692255118715,1692255118718,1693227382954,7,3,4
2623,1693227382954,1692255118722,1692255118725,1693227382962,8,3,5
2624,1693227382962,1692255118729,1692255118732,1693227382969,7,3,4
2625,1693227382969,1692255118737,1692255118740,1693227382976,7,3,4
2626,1693227382977,1692255118744,1692255118748,1693227382984,7,4,3
2627,1693227382984,1692255118752,1692255118755,1693227382993,9,3,6
2628,1693227382993,1692255118760,1692255118763,1693227383000,7,3,4
2629,1693227383000,1692255118768,1692255118771,1693227383008,8,3,5
2630,1693227383008,1692255118776,1692255118779,1693227383016,8,3,5
2631,1693227383016,1692255118784,1692255118788,1693227383025,9,4,5
2632,1693227383025,1692255118792,1692255118797,1693227383034,9,5,4
2633,1693227383034,1692255118801,1692255118804,1693227383041,7,3,4
2634,1693227383041,1692255118808,1692255118812,1693227383048,7,4,3
2635,1693227383048,1692255118816,1692255118819,1693227383056,8,3,5
2636,1693227383056,1692255118824,1692255118827,1693227383064,8,3,5
2637,1693227383064,1692255118832,1692255118836,1693227383072,8,4,4
2638,1693227383072,1692255118840,1692255118843,1693227383080,8,3,5
2639,1693227383080,1692255118847,1692255118850,1693227383087,7,3,4
2640,1693227383087,1692255118855,1692255118858,1693227383095,8,3,5
2641,1693227383095,1692255118863,1692255118866,1693227383103,8,3,5
2642,1693227383103,1692255118870,1692255118874,1693227383110,7,4,3
2643,1693227383110,1692255118878,1692255118882,1693227383118,8,4,4
2644,1693227383118,1692255118893,1692255118897,1693227383134,16,4,12
2645,1693227383134,1692255118901,1692255118906,1693227383142,8,5,3
2646,1693227383142,1692255118910,1692255118913,1693227383150,8,3,5
2647,1693227383150,1692255118919,1692255118923,1693227383159,9,4,5
2648,1693227383159,1692255118936,1692255118939,1693227383176,17,3,14
2649,1693227383176,1692255118943,1692255118947,1693227383184,8,4,4
2650,1693227383184,1692255118951,1692255118954,1693227383192,8,3,5
2651,1693227383192,1692255118960,1692255118963,1693227383200,8,3,5
2652,1693227383200,1692255118967,1692255118970,1693227383207,7,3,4
2653,1693227383207,1692255118974,1692255118978,1693227383215,8,4,4
2654,1693227383215,1692255118983,1692255118986,1693227383223,8,3,5
2655,1693227383223,1692255118990,1692255118994,1693227383230,7,4,3
2656,1693227383231,1692255118998,1692255119002,1693227383239,8,4,4
2657,1693227383239,1692255119006,1692255119009,1693227383246,7,3,4
2658,1693227383246,1692255119014,1692255119018,1693227383255,9,4,5
2659,1693227383255,1692255119022,1692255119026,1693227383267,12,4,8
2660,1693227383267,1692255119035,1692255119038,1693227383275,8,3,5
2661,1693227383275,1692255119042,1692255119045,1693227383282,7,3,4
2662,1693227383282,1692255119050,1692255119053,1693227383289,7,3,4
2663,1693227383289,1692255119057,1692255119061,1693227383297,8,4,4
2664,1693227383297,1692255119066,1692255119070,1693227383306,9,4,5
2665,1693227383306,1692255119074,1692255119077,1693227383314,8,3,5
2666,1693227383314,1692255119082,1692255119085,1693227383321,7,3,4
2667,1693227383321,1692255119089,1692255119091,1693227383328,7,2,5
2668,1693227383328,1692255119095,1692255119098,1693227383335,7,3,4
2669,1693227383335,1692255119103,1692255119107,1693227383344,9,4,5
2670,1693227383344,1692255119112,1692255119115,1693227383352,8,3,5
2671,1693227383352,1692255119119,1692255119122,1693227383359,7,3,4
2672,1693227383359,1692255119126,1692255119129,1693227383365,6,3,3
2673,1693227383365,1692255119132,1692255119136,1693227383373,8,4,4
2674,1693227383373,1692255119141,1692255119145,1693227383382,9,4,5
2675,1693227383382,1692255119149,1692255119153,1693227383390,8,4,4
2676,1693227383390,1692255119158,1692255119161,1693227383398,8,3,5
2677,1693227383398,1692255119168,1692255119172,1693227383409,11,4,7
2678,1693227383409,1692255119177,1692255119180,1693227383417,8,3,5
2679,1693227383417,1692255119185,1692255119188,1693227383424,7,3,4
2680,1693227383424,1692255119193,1692255119196,1693227383433,9,3,6
2681,1693227383433,1692255119201,1692255119204,1693227383440,7,3,4
2682,1693227383440,1692255119208,1692255119210,1693227383447,7,2,5
2683,1693227383447,1692255119214,1692255119217,1693227383454,7,3,4
2684,1693227383454,1692255119222,1692255119224,1693227383461,7,2,5
2685,1693227383461,1692255119228,1692255119231,1693227383468,7,3,4
2686,1693227383468,1692255119235,1692255119239,1693227383476,8,4,4
2687,1693227383476,1692255119244,1692255119246,1693227383484,8,2,6
2688,1693227383484,1692255119251,1692255119254,1693227383491,7,3,4
2689,1693227383491,1692255119258,1692255119262,1693227383499,8,4,4
2690,1693227383499,1692255119266,1692255119270,1693227383507,8,4,4
2691,1693227383507,1692255119274,1692255119278,1693227383514,7,4,3
2692,1693227383515,1692255119282,1692255119285,1693227383522,7,3,4
2693,1693227383522,1692255119290,1692255119293,1693227383530,8,3,5
2694,1693227383530,1692255119297,1692255119301,1693227383537,7,4,3
2695,1693227383538,1692255119305,1692255119308,1693227383545,7,3,4
2696,1693227383545,1692255119312,1692255119316,1693227383553,8,4,4
2697,1693227383553,1692255119320,1692255119323,1693227383560,7,3,4
2698,1693227383560,1692255119328,1692255119331,1693227383568,8,3,5
2699,1693227383568,1692255119335,1692255119338,1693227383575,7,3,4
2700,1693227383575,1692255119343,1692255119346,1693227383583,8,3,5
2701,1693227383583,1692255119351,1692255119355,1693227383591,8,4,4
2702,1693227383591,1692255119359,1692255119362,1693227383599,8,3,5
2703,1693227383599,1692255119367,1692255119372,1693227383609,10,5,5
2704,1693227383609,1692255119377,1692255119380,1693227383616,7,3,4
2705,1693227383616,1692255119385,1692255119389,1693227383626,10,4,6
2706,1693227383626,1692255119394,1692255119397,1693227383635,9,3,6
2707,1693227383635,1692255119402,1692255119405,1693227383642,7,3,4
2708,1693227383642,1692255119409,1692255119413,1693227383649,7,4,3
2709,1693227383649,1692255119417,1692255119420,1693227383657,8,3,5
2710,1693227383657,1692255119424,1692255119427,1693227383664,7,3,4
2711,1693227383664,1692255119431,1692255119435,1693227383672,8,4,4
2712,1693227383672,1692255119439,1692255119442,1693227383679,7,3,4
2713,1693227383679,1692255119447,1692255119450,1693227383688,9,3,6
2714,1693227383688,1692255119455,1692255119458,1693227383697,9,3,6
2715,1693227383697,1692255119464,1692255119468,1693227383705,8,4,4
2716,1693227383705,1692255119473,1692255119476,1693227383713,8,3,5
2717,1693227383713,1692255119481,1692255119484,1693227383721,8,3,5
2718,1693227383721,1692255119489,1692255119492,1693227383729,8,3,5
2719,1693227383729,1692255119496,1692255119499,1693227383736,7,3,4
2720,1693227383736,1692255119505,1692255119509,1693227383745,9,4,5
2721,1693227383745,1692255119513,1692255119516,1693227383753,8,3,5
2722,1693227383753,1692255119521,1692255119524,1693227383761,8,3,5
2723,1693227383761,1692255119529,1692255119532,1693227383769,8,3,5
2724,1693227383769,1692255119536,1692255119540,1693227383776,7,4,3
2725,1693227383776,1692255119543,1692255119546,1693227383783,7,3,4
2726,1693227383783,1692255119551,1692255119554,1693227383790,7,3,4
2727,1693227383791,1692255119558,1692255119561,1693227383798,7,3,4
2728,1693227383798,1692255119565,1692255119569,1693227383806,8,4,4
2729,1693227383806,1692255119574,1692255119577,1693227383813,7,3,4
2730,1693227383813,1692255119581,1692255119584,1693227383821,8,3,5
2731,1693227383821,1692255119588,1692255119591,1693227383828,7,3,4
2732,1693227383828,1692255119595,1692255119598,1693227383836,8,3,5
2733,1693227383836,1692255119603,1692255119607,1693227383844,8,4,4
2734,1693227383844,1692255119612,1692255119615,1693227383851,7,3,4
2735,1693227383851,1692255119620,1692255119623,1693227383860,9,3,6
2736,1693227383860,1692255119628,1692255119631,1693227383868,8,3,5
2737,1693227383868,1692255119636,1692255119639,1693227383876,8,3,5
2738,1693227383876,1692255119644,1692255119647,1693227383884,8,3,5
2739,1693227383884,1692255119651,1692255119655,1693227383892,8,4,4
2740,1693227383892,1692255119660,1692255119663,1693227383900,8,3,5
2741,1693227383900,1692255119667,1692255119670,1693227383908,8,3,5
2742,1693227383908,1692255119676,1692255119681,1693227383918,10,5,5
2743,1693227383918,1692255119685,1692255119689,1693227383926,8,4,4
2744,1693227383926,1692255119694,1692255119697,1693227383934,8,3,5
2745,1693227383934,1692255119701,1692255119705,1693227383942,8,4,4
2746,1693227383942,1692255119710,1692255119713,1693227383949,7,3,4
2747,1693227383949,1692255119717,1692255119720,1693227383957,8,3,5
2748,1693227383957,1692255119724,1692255119727,1693227383964,7,3,4
2749,1693227383964,1692255119732,1692255119735,1693227383972,8,3,5
2750,1693227383972,1692255119740,1692255119743,1693227383979,7,3,4
2751,1693227383979,1692255119747,1692255119750,1693227383987,8,3,5
2752,1693227383987,1692255119755,1692255119759,1693227383995,8,4,4
2753,1693227383995,1692255119771,1692255119774,1693227384011,16,3,13
2754,1693227384011,1692255119779,1692255119782,1693227384019,8,3,5
2755,1693227384019,1692255119786,1692255119789,1693227384026,7,3,4
2756,1693227384026,1692255119794,1692255119797,1693227384034,8,3,5
2757,1693227384034,1692255119811,1692255119814,1693227384051,17,3,14
2758,1693227384051,1692255119818,1692255119821,1693227384058,7,3,4
2759,1693227384058,1692255119832,1692255119836,1693227384073,15,4,11
2760,1693227384073,1692255119841,1692255119844,1693227384081,8,3,5
2761,1693227384081,1692255119849,1692255119852,1693227384089,8,3,5
2762,1693227384089,1692255119856,1692255119859,1693227384096,7,3,4
2763,1693227384096,1692255119864,1692255119868,1693227384104,8,4,4
2764,1693227384104,1692255119871,1692255119875,1693227384111,7,4,3
2765,1693227384111,1692255119878,1692255119882,1693227384120,9,4,5
2766,1693227384120,1692255119887,1692255119891,1693227384128,8,4,4
2767,1693227384128,1692255119896,1692255119900,1693227384137,9,4,5
2768,1693227384137,1692255119905,1692255119907,1693227384144,7,2,5
2769,1693227384144,1692255119912,1692255119915,1693227384152,8,3,5
2770,1693227384152,1692255119920,1692255119923,1693227384160,8,3,5
2771,1693227384160,1692255119928,1692255119931,1693227384168,8,3,5
2772,1693227384168,1692255119936,1692255119941,1693227384178,10,5,5
2773,1693227384178,1692255119945,1692255119948,1693227384185,7,3,4
2774,1693227384185,1692255119952,1692255119956,1693227384193,8,4,4
2775,1693227384193,1692255119960,1692255119963,1693227384200,7,3,4
2776,1693227384200,1692255119968,1692255119971,1693227384208,8,3,5
2777,1693227384208,1692255119975,1692255119979,1693227384216,8,4,4
2778,1693227384216,1692255119984,1692255119988,1693227384225,9,4,5
2779,1693227384225,1692255119992,1692255119995,1693227384232,7,3,4
2780,1693227384232,1692255120000,1692255120004,1693227384241,9,4,5
2781,1693227384241,1692255120008,1692255120012,1693227384249,8,4,4
2782,1693227384249,1692255120016,1692255120019,1693227384256,7,3,4
2783,1693227384256,1692255120024,1692255120027,1693227384264,8,3,5
2784,1693227384264,1692255120031,1692255120035,1693227384271,7,4,3
2785,1693227384271,1692255120039,1692255120042,1693227384278,7,3,4
2786,1693227384278,1692255120046,1692255120048,1693227384285,7,2,5
2787,1693227384285,1692255120053,1692255120057,1693227384294,9,4,5
2788,1693227384294,1692255120061,1692255120064,1693227384301,7,3,4
2789,1693227384302,1692255120070,1692255120073,1693227384310,8,3,5
2790,1693227384310,1692255120077,1692255120080,1693227384317,7,3,4
2791,1693227384317,1692255120085,1692255120089,1693227384326,9,4,5
2792,1693227384326,1692255120094,1692255120098,1693227384335,9,4,5
2793,1693227384335,1692255120103,1692255120106,1693227384343,8,3,5
2794,1693227384343,1692255120111,1692255120114,1693227384351,8,3,5
2795,1693227384351,1692255120118,1692255120121,1693227384358,7,3,4
2796,1693227384358,1692255120126,1692255120128,1693227384365,7,2,5
2797,1693227384365,1692255120134,1692255120136,1693227384373,8,2,6
2798,1693227384373,1692255120141,1692255120144,1693227384380,7,3,4
2799,1693227384380,1692255120148,1692255120152,1693227384388,8,4,4
2800,1693227384388,1692255120156,1692255120159,1693227384396,8,3,5
2801,1693227384396,1692255120163,1692255120166,1693227384403,7,3,4
2802,1693227384403,1692255120171,1692255120174,1693227384410,7,3,4
2803,1693227384410,1692255120178,1692255120182,1693227384418,8,4,4
2804,1693227384419,1692255120186,1692255120190,1693227384427,8,4,4
2805,1693227384427,1692255120194,1692255120197,1693227384434,7,3,4
2806,1693227384434,1692255120201,1692255120204,1693227384441,7,3,4
2807,1693227384441,1692255120209,1692255120212,1693227384449,8,3,5
2808,1693227384449,1692255120216,1692255120219,1693227384456,7,3,4
2809,1693227384456,1692255120223,1692255120227,1693227384464,8,4,4
2810,1693227384464,1692255120231,1692255120235,1693227384472,8,4,4
2811,1693227384472,1692255120239,1692255120242,1693227384478,6,3,3
2812,1693227384478,1692255120246,1692255120249,1693227384486,8,3,5
2813,1693227384486,1692255120254,1692255120257,1693227384494,8,3,5
2814,1693227384494,1692255120262,1692255120265,1693227384502,8,3,5
2815,1693227384502,1692255120270,1692255120274,1693227384511,9,4,5
2816,1693227384511,1692255120278,1692255120281,1693227384518,7,3,4
2817,1693227384518,1692255120285,1692255120288,1693227384525,7,3,4
2818,1693227384525,1692255120295,1692255120298,1693227384535,10,3,7
2819,1693227384535,1692255120303,1692255120306,1693227384543,8,3,5
2820,1693227384543,1692255120311,1692255120313,1693227384550,7,2,5
2821,1693227384550,1692255120318,1692255120321,1693227384558,8,3,5
2822,1693227384558,1692255120326,1692255120328,1693227384565,7,2,5
2823,1693227384565,1692255120333,1692255120336,1693227384573,8,3,5
2824,1693227384573,1692255120341,1692255120345,1693227384582,9,4,5
2825,1693227384582,1692255120350,1692255120353,1693227384590,8,3,5
2826,1693227384590,1692255120357,1692255120360,1693227384597,7,3,4
2827,1693227384597,1692255120364,1692255120368,1693227384605,8,4,4
2828,1693227384605,1692255120372,1692255120376,1693227384613,8,4,4
2829,1693227384613,1692255120380,1692255120384,1693227384621,8,4,4
2830,1693227384621,1692255120389,1692255120392,1693227384628,7,3,4
2831,1693227384628,1692255120397,1692255120401,1693227384637,9,4,5
2832,1693227384637,1692255120404,1692255120408,1693227384645,8,4,4
2833,1693227384645,1692255120412,1692255120415,1693227384652,7,3,4
2834,1693227384652,1692255120420,1692255120424,1693227384660,8,4,4
2835,1693227384660,1692255120428,1692255120432,1693227384668,8,4,4
2836,1693227384668,1692255120437,1692255120440,1693227384676,8,3,5
2837,1693227384676,1692255120444,1692255120447,1693227384684,8,3,5
2838,1693227384684,1692255120452,1692255120456,1693227384697,13,4,9
2839,1693227384697,1692255120471,1692255120474,1693227384711,14,3,11
2840,1693227384711,1692255120480,1692255120484,1693227384720,9,4,5
2841,1693227384720,1692255120488,1692255120491,1693227384728,8,3,5
2842,1693227384728,1692255120496,1692255120499,1693227384736,8,3,5
2843,1693227384736,1692255120504,1692255120507,1693227384744,8,3,5
2844,1693227384744,1692255120511,1692255120515,1693227384752,8,4,4
2845,1693227384752,1692255120519,1692255120522,1693227384759,7,3,4
2846,1693227384759,1692255120526,1692255120529,1693227384766,7,3,4
2847,1693227384766,1692255120533,1692255120537,1693227384774,8,4,4
2848,1693227384774,1692255120541,1692255120544,1693227384785,11,3,8
2849,1693227384785,1692255120553,1692255120556,1693227384793,8,3,5
2850,1693227384793,1692255120561,1692255120564,1693227384801,8,3,5
2851,1693227384801,1692255120572,1692255120576,1693227384813,12,4,8
2852,1693227384813,1692255120580,1692255120585,1693227384822,9,5,4
2853,1693227384822,1692255120590,1692255120593,1693227384830,8,3,5
2854,1693227384830,1692255120602,1692255120605,1693227384841,11,3,8
2855,1693227384841,1692255120609,1692255120612,1693227384854,13,3,10
2856,1693227384854,1692255120622,1692255120626,1693227384863,9,4,5
2857,1693227384863,1692255120631,1692255120634,1693227384883,20,3,17
2858,1693227384883,1692255120660,1692255120664,1693227384906,23,4,19
2859,1693227384906,1692255120680,1692255120684,1693227384920,14,4,10
2860,1693227384920,1692255120688,1692255120691,1693227384927,7,3,4
2861,1693227384927,1692255120695,1692255120699,1693227384939,12,4,8
2862,1693227384939,1692255120707,1692255120710,1693227384948,9,3,6
2863,1693227384948,1692255120716,1692255120720,1693227384957,9,4,5
2864,1693227384957,1692255120725,1692255120727,1693227384964,7,2,5
2865,1693227384964,1692255120732,1692255120735,1693227384972,8,3,5
2866,1693227384972,1692255120740,1692255120744,1693227384981,9,4,5
2867,1693227384981,1692255120749,1692255120752,1693227384989,8,3,5
2868,1693227384989,1692255120757,1692255120760,1693227384997,8,3,5
2869,1693227384997,1692255120764,1692255120768,1693227385005,8,4,4
2870,1693227385005,1692255120773,1692255120775,1693227385012,7,2,5
2871,1693227385012,1692255120779,1692255120784,1693227385021,9,5,4
2872,1693227385021,1692255120789,1692255120792,1693227385029,8,3,5
2873,1693227385029,1692255120797,1692255120800,1693227385037,8,3,5
2874,1693227385037,1692255120806,1692255120810,1693227385047,10,4,6
2875,1693227385047,1692255120814,1692255120817,1693227385053,6,3,3
2876,1693227385053,1692255120826,1692255120829,1693227385066,13,3,10
2877,1693227385066,1692255120835,1692255120838,1693227385075,9,3,6
2878,1693227385075,1692255120842,1692255120845,1693227385082,7,3,4
2879,1693227385082,1692255120849,1692255120853,1693227385090,8,4,4
2880,1693227385090,1692255120857,1692255120861,1693227385097,7,4,3
2881,1693227385097,1692255120865,1692255120868,1693227385105,8,3,5
2882,1693227385105,1692255120872,1692255120875,1693227385112,7,3,4
2883,1693227385112,1692255120879,1692255120882,1693227385119,7,3,4
2884,1693227385119,1692255120886,1692255120889,1693227385126,7,3,4
2885,1693227385126,1692255120893,1692255120897,1693227385134,8,4,4
2886,1693227385134,1692255120902,1692255120906,1693227385143,9,4,5
2887,1693227385144,1692255120911,1692255120914,1693227385151,7,3,4
2888,1693227385151,1692255120918,1692255120921,1693227385157,6,3,3
2889,1693227385157,1692255120925,1692255120929,1693227385166,9,4,5
2890,1693227385166,1692255120941,1692255120944,1693227385195,29,3,26
2891,1693227385196,1692255120963,1692255120966,1693227385202,6,3,3
2892,1693227385202,1692255120970,1692255120973,1693227385210,8,3,5
2893,1693227385210,1692255120977,1692255120981,1693227385218,8,4,4
2894,1693227385218,1692255120987,1692255120990,1693227385227,9,3,6
2895,1693227385227,1692255120995,1692255120998,1693227385235,8,3,5
2896,1693227385235,1692255121002,1692255121005,1693227385242,7,3,4
2897,1693227385242,1692255121012,1692255121015,1693227385252,10,3,7
2898,1693227385252,1692255121019,1692255121022,1693227385258,6,3,3
2899,1693227385258,1692255121026,1692255121029,1693227385265,7,3,4
2900,1693227385265,1692255121033,1692255121036,1693227385273,8,3,5
2901,1693227385273,1692255121040,1692255121044,1693227385281,8,4,4
2902,1693227385281,1692255121048,1692255121051,1693227385288,7,3,4
2903,1693227385288,1692255121055,1692255121058,1693227385295,7,3,4
2904,1693227385295,1692255121062,1692255121065,1693227385302,7,3,4
2905,1693227385302,1692255121069,1692255121072,1693227385308,6,3,3
2906,1693227385308,1692255121076,1692255121078,1693227385315,7,2,5
2907,1693227385315,1692255121093,1692255121096,1693227385333,18,3,15
2908,1693227385333,1692255121101,1692255121104,1693227385341,8,3,5
2909,1693227385341,1692255121115,1692255121118,1693227385355,14,3,11
2910,1693227385355,1692255121124,1692255121127,1693227385363,8,3,5
2911,1693227385364,1692255121131,1692255121134,1693227385371,7,3,4
2912,1693227385371,1692255121138,1692255121141,1693227385378,7,3,4
2913,1693227385378,1692255121145,1692255121149,1693227385386,8,4,4
2914,1693227385386,1692255121154,1692255121157,1693227385394,8,3,5
2915,1693227385394,1692255121161,1692255121164,1693227385401,7,3,4
2916,1693227385401,1692255121168,1692255121171,1693227385407,6,3,3
2917,1693227385407,1692255121175,1692255121177,1693227385414,7,2,5
2918,1693227385414,1692255121182,1692255121184,1693227385421,7,2,5
2919,1693227385421,1692255121189,1692255121192,1693227385429,8,3,5
2920,1693227385429,1692255121196,1692255121200,1693227385437,8,4,4
2921,1693227385437,1692255121204,1692255121207,1693227385444,7,3,4
2922,1693227385444,1692255121211,1692255121214,1693227385450,6,3,3
2923,1693227385450,1692255121217,1692255121221,1693227385458,8,4,4
2924,1693227385458,1692255121225,1692255121229,1693227385466,8,4,4
2925,1693227385466,1692255121234,1692255121237,1693227385474,8,3,5
2926,1693227385474,1692255121242,1692255121246,1693227385483,9,4,5
2927,1693227385483,1692255121251,1692255121254,1693227385491,8,3,5
2928,1693227385491,1692255121258,1692255121261,1693227385498,7,3,4
2929,1693227385498,1692255121265,1692255121269,1693227385505,7,4,3
2930,1693227385505,1692255121273,1692255121276,1693227385513,8,3,5
2931,1693227385513,1692255121280,1692255121284,1693227385521,8,4,4
2932,1693227385521,1692255121288,1692255121291,1693227385528,7,3,4
2933,1693227385528,1692255121295,1692255121298,1693227385535,7,3,4
2934,1693227385535,1692255121302,1692255121305,1693227385542,7,3,4
2935,1693227385542,1692255121310,1692255121313,1693227385550,8,3,5
2936,1693227385550,1692255121319,1692255121322,1693227385559,9,3,6
2937,1693227385559,1692255121327,1692255121330,1693227385566,7,3,4
2938,1693227385567,1692255121334,1692255121337,1693227385574,7,3,4
2939,1693227385574,1692255121341,1692255121344,1693227385581,7,3,4
2940,1693227385581,1692255121349,1692255121352,1693227385589,8,3,5
2941,1693227385589,1692255121357,1692255121360,1693227385597,8,3,5
2942,1693227385597,1692255121365,1692255121367,1693227385604,7,2,5
2943,1693227385604,1692255121372,1692255121375,1693227385611,7,3,4
2944,1693227385612,1692255121379,1692255121381,1693227385618,6,2,4
2945,1693227385618,1692255121385,1692255121388,1693227385625,7,3,4
2946,1693227385625,1692255121393,1692255121395,1693227385632,7,2,5
2947,1693227385632,1692255121400,1692255121403,1693227385640,8,3,5
2948,1693227385640,1692255121407,1692255121413,1693227385650,10,6,4
2949,1693227385650,1692255121418,1692255121421,1693227385657,7,3,4
2950,1693227385657,1692255121424,1692255121428,1693227385664,7,4,3
2951,1693227385664,1692255121431,1692255121434,1693227385671,7,3,4
2952,1693227385671,1692255121440,1692255121443,1693227385680,9,3,6
2953,1693227385680,1692255121448,1692255121451,1693227385688,8,3,5
2954,1693227385688,1692255121456,1692255121461,1693227385698,10,5,5
2955,1693227385698,1692255121466,1692255121469,1693227385706,8,3,5
2956,1693227385706,1692255121473,1692255121477,1693227385713,7,4,3
2957,1693227385714,1692255121481,1692255121484,1693227385721,7,3,4
2958,1693227385721,1692255121488,1692255121491,1693227385728,7,3,4
2959,1693227385728,1692255121496,1692255121500,1693227385737,9,4,5
2960,1693227385737,1692255121504,1692255121507,1693227385744,7,3,4
2961,1693227385744,1692255121520,1692255121525,1693227385761,17,5,12
2962,1693227385762,1692255121529,1692255121532,1693227385769,7,3,4
2963,1693227385769,1692255121537,1692255121541,1693227385777,8,4,4
2964,1693227385777,1692255121544,1692255121548,1693227385785,8,4,4
2965,1693227385785,1692255121553,1692255121556,1693227385793,8,3,5
2966,1693227385793,1692255121561,1692255121564,1693227385801,8,3,5
2967,1693227385801,1692255121569,1692255121572,1693227385809,8,3,5
2968,1693227385809,1692255121577,1692255121580,1693227385817,8,3,5
2969,1693227385817,1692255121584,1692255121587,1693227385824,7,3,4
2970,1693227385824,1692255121592,1692255121595,1693227385832,8,3,5
2971,1693227385832,1692255121601,1692255121604,1693227385841,9,3,6
2972,1693227385841,1692255121609,1692255121612,1693227385848,7,3,4
2973,1693227385848,1692255121616,1692255121619,1693227385855,7,3,4
2974,1693227385856,1692255121625,1692255121629,1693227385866,10,4,6
2975,1693227385866,1692255121633,1692255121637,1693227385874,8,4,4
2976,1693227385874,1692255121642,1692255121645,1693227385881,7,3,4
2977,1693227385881,1692255121649,1692255121653,1693227385890,9,4,5
2978,1693227385890,1692255121657,1692255121661,1693227385897,7,4,3
2979,1693227385897,1692255121665,1692255121668,1693227385904,7,3,4
2980,1693227385904,1692255121671,1692255121674,1693227385911,7,3,4
2981,1693227385911,1692255121678,1692255121681,1693227385920,9,3,6
2982,1693227385920,1692255121688,1692255121691,1693227385927,7,3,4
2983,1693227385927,1692255121695,1692255121699,1693227385935,8,4,4
2984,1693227385935,1692255121703,1692255121706,1693227385943,8,3,5
2985,1693227385943,1692255121711,1692255121714,1693227385951,8,3,5
2986,1693227385951,1692255121718,1692255121723,1693227385962,11,5,6
2987,1693227385962,1692255121730,1692255121733,1693227385970,8,3,5
2988,1693227385970,1692255121738,1692255121741,1693227385977,7,3,4
2989,1693227385977,1692255121745,1692255121748,1693227385984,7,3,4
2990,1693227385984,1692255121755,1692255121758,1693227385995,11,3,8
2991,1693227385995,1692255121763,1692255121767,1693227386004,9,4,5
2992,1693227386004,1692255121771,1692255121775,1693227386012,8,4,4
2993,1693227386012,1692255121779,1692255121783,1693227386019,7,4,3
2994,1693227386019,1692255121787,1692255121790,1693227386028,9,3,6
2995,1693227386028,1692255121795,1692255121798,1693227386035,7,3,4
2996,1693227386035,1692255121804,1692255121808,1693227386068,33,4,29
2997,1693227386069,1692255121836,1692255121840,1693227386077,8,4,4
2998,1693227386077,1692255121844,1692255121847,1693227386084,7,3,4
2999,1693227386084,1692255121852,1692255121856,1693227386093,9,4,5
3000,1693227386093,1692255121861,1692255121864,1693227386100,7,3,4
3001,1693227386100,1692255121868,1692255121871,1693227386108,8,3,5
3002,1693227386108,1692255121875,1692255121878,1693227386115,7,3,4
3003,1693227386115,1692255121882,1692255121885,1693227386121,6,3,3
3004,1693227386121,1692255121889,1692255121893,1693227386130,9,4,5
3005,1693227386130,1692255121898,1692255121901,1693227386138,8,3,5
3006,1693227386138,1692255121906,1692255121909,1693227386146,8,3,5
3007,1693227386147,1692255121915,1692255121918,1693227386155,8,3,5
3008,1693227386155,1692255121922,1692255121925,1693227386161,6,3,3
3009,1693227386161,1692255121928,1692255121931,1693227386168,7,3,4
3010,1693227386168,1692255121936,1692255121939,1693227386176,8,3,5
3011,1693227386176,1692255121944,1692255121947,1693227386184,8,3,5
3012,1693227386184,1692255121952,1692255121955,1693227386191,7,3,4
3013,1693227386192,1692255121959,1692255121962,1693227386199,7,3,4
3014,1693227386199,1692255121966,1692255121969,1693227386206,7,3,4
3015,1693227386206,1692255121974,1692255121977,1693227386213,7,3,4
3016,1693227386214,1692255121981,1692255121985,1693227386222,8,4,4
3017,1693227386222,1692255121989,1692255121994,1693227386230,8,5,3
3018,1693227386230,1692255121997,1692255122000,1693227386237,7,3,4
3019,1693227386237,1692255122005,1692255122008,1693227386245,8,3,5
3020,1693227386245,1692255122012,1692255122016,1693227386253,8,4,4
3021,1693227386253,1692255122020,1692255122023,1693227386260,7,3,4
3022,1693227386260,1692255122028,1692255122032,1693227386270,10,4,6
3023,1693227386270,1692255122037,1692255122040,1693227386277,7,3,4
3024,1693227386277,1692255122044,1692255122047,1693227386284,7,3,4
3025,1693227386284,1692255122052,1692255122055,1693227386291,7,3,4
3026,1693227386291,1692255122059,1692255122063,1693227386300,9,4,5
3027,1693227386300,1692255122067,1692255122070,1693227386306,6,3,3
3028,1693227386306,1692255122074,1692255122077,1693227386314,8,3,5
3029,1693227386314,1692255122081,1692255122084,1693227386321,7,3,4
3030,1693227386321,1692255122088,1692255122092,1693227386328,7,4,3
3031,1693227386328,1692255122096,1692255122099,1693227386336,8,3,5
3032,1693227386336,1692255122103,1692255122108,1693227386345,9,5,4
3033,1693227386345,1692255122114,1692255122117,1693227386354,9,3,6
3034,1693227386354,1692255122122,1692255122126,1693227386362,8,4,4
3035,1693227386362,1692255122130,1692255122134,1693227386372,10,4,6
3036,1693227386372,1692255122140,1692255122143,1693227386380,8,3,5
3037,1693227386380,1692255122148,1692255122151,1693227386388,8,3,5
3038,1693227386388,1692255122156,1692255122158,1693227386395,7,2,5
3039,1693227386395,1692255122163,1692255122167,1693227386404,9,4,5
3040,1693227386404,1692255122172,1692255122175,1693227386411,7,3,4
3041,1693227386411,1692255122179,1692255122182,1693227386418,7,3,4
3042,1693227386418,1692255122186,1692255122189,1693227386425,7,3,4
3043,1693227386425,1692255122194,1692255122197,1693227386434,9,3,6
3044,1693227386434,1692255122201,1692255122204,1693227386441,7,3,4
3045,1693227386441,1692255122209,1692255122212,1693227386448,7,3,4
3046,1693227386448,1692255122216,1692255122219,1693227386455,7,3,4
3047,1693227386455,1692255122223,1692255122226,1693227386463,8,3,5
3048,1693227386463,1692255122231,1692255122234,1693227386471,8,3,5
3049,1693227386471,1692255122240,1692255122244,1693227386480,9,4,5
3050,1693227386480,1692255122248,1692255122251,1693227386488,8,3,5
3051,1693227386488,1692255122255,1692255122258,1693227386495,7,3,4
3052,1693227386495,1692255122262,1692255122266,1693227386502,7,4,3
3053,1693227386502,1692255122270,1692255122273,1693227386509,7,3,4
3054,1693227386510,1692255122277,1692255122281,1693227386517,7,4,3
3055,1693227386517,1692255122284,1692255122288,1693227386525,8,4,4
3056,1693227386525,1692255122294,1692255122297,1693227386534,9,3,6
3057,1693227386534,1692255122301,1692255122305,1693227386542,8,4,4
3058,1693227386542,1692255122310,1692255122313,1693227386550,8,3,5
3059,1693227386550,1692255122318,1692255122322,1693227386558,8,4,4
3060,1693227386558,1692255122326,1692255122329,1693227386566,8,3,5
3061,1693227386566,1692255122334,1692255122336,1693227386573,7,2,5
3062,1693227386573,1692255122343,1692255122346,1693227386583,10,3,7
3063,1693227386583,1692255122350,1692255122354,1693227386591,8,4,4
3064,1693227386591,1692255122359,1692255122362,1693227386598,7,3,4
3065,1693227386598,1692255122375,1692255122379,1693227386615,17,4,13
3066,1693227386615,1692255122383,1692255122385,1693227386622,7,2,5
3067,1693227386622,1692255122395,1692255122399,1693227386635,13,4,9
3068,1693227386635,1692255122405,1692255122408,1693227386645,10,3,7
3069,1693227386645,1692255122414,1692255122419,1693227386655,10,5,5
3070,1693227386655,1692255122423,1692255122426,1693227386662,7,3,4
3071,1693227386662,1692255122430,1692255122433,1693227386670,8,3,5
3072,1693227386670,1692255122438,1692255122441,1693227386679,9,3,6
3073,1693227386679,1692255122446,1692255122449,1693227386686,7,3,4
3074,1693227386686,1692255122455,1692255122458,1693227386695,9,3,6
3075,1693227386695,1692255122462,1692255122465,1693227386702,7,3,4
3076,1693227386702,1692255122470,1692255122473,1693227386710,8,3,5
3077,1693227386710,1692255122478,1692255122481,1693227386718,8,3,5
3078,1693227386718,1692255122485,1692255122489,1693227386725,7,4,3
3079,1693227386725,1692255122493,1692255122497,1693227386733,8,4,4
3080,1693227386733,1692255122501,1692255122503,1693227386740,7,2,5
3081,1693227386740,1692255122507,1692255122510,1693227386746,6,3,3
3082,1693227386746,1692255122514,1692255122518,1693227386754,8,4,4
3083,1693227386754,1692255122522,1692255122525,1693227386761,7,3,4
3084,1693227386761,1692255122531,1692255122534,1693227386771,10,3,7
3085,1693227386771,1692255122539,1692255122542,1693227386778,7,3,4
3086,1693227386778,1692255122549,1692255122552,1693227386789,11,3,8
3087,1693227386789,1692255122556,1692255122560,1693227386797,8,4,4
3088,1693227386797,1692255122564,1692255122567,1693227386803,6,3,3
3089,1693227386803,1692255122572,1692255122576,1693227386812,9,4,5
3090,1693227386812,1692255122579,1692255122583,1693227386820,8,4,4
3091,1693227386820,1692255122588,1692255122591,1693227386828,8,3,5
3092,1693227386828,1692255122595,1692255122599,1693227386835,7,4,3
3093,1693227386835,1692255122603,1692255122606,1693227386842,7,3,4
3094,1693227386842,1692255122609,1692255122612,1693227386849,7,3,4
3095,1693227386849,1692255122616,1692255122620,1693227386856,7,4,3
3096,1693227386856,1692255122624,1692255122628,1693227386865,9,4,5
3097,1693227386865,1692255122633,1692255122636,1693227386873,8,3,5
3098,1693227386873,1692255122641,1692255122643,1693227386880,7,2,5
3099,1693227386880,1692255122650,1692255122653,1693227386890,10,3,7
3100,1693227386890,1692255122657,1692255122660,1693227386896,6,3,3
3101,1693227386896,1692255122663,1692255122667,1693227386904,8,4,4
3102,1693227386904,1692255122672,1692255122674,1693227386911,7,2,5
3103,1693227386911,1692255122680,1692255122682,1693227386919,8,2,6
3104,1693227386919,1692255122691,1692255122694,1693227386931,12,3,9
3105,1693227386931,1692255122698,1692255122701,1693227386938,7,3,4
3106,1693227386938,1692255122706,1692255122710,1693227386947,9,4,5
3107,1693227386947,1692255122714,1692255122717,1693227386954,7,3,4
3108,1693227386954,1692255122721,1692255122724,1693227386961,7,3,4
3109,1693227386961,1692255122728,1692255122731,1693227386968,7,3,4
3110,1693227386968,1692255122736,1692255122740,1693227386978,10,4,6
3111,1693227386979,1692255122747,1692255122750,1693227386987,8,3,5
3112,1693227386987,1692255122755,1692255122759,1693227386996,9,4,5
3113,1693227386996,1692255122764,1692255122767,1693227387004,8,3,5
3114,1693227387004,1692255122772,1692255122775,1693227387013,9,3,6
3115,1693227387013,1692255122781,1692255122785,1693227387022,9,4,5
3116,1693227387022,1692255122790,1692255122794,1693227387031,9,4,5
3117,1693227387031,1692255122798,1692255122801,1693227387038,7,3,4
3118,1693227387038,1692255122806,1692255122809,1693227387049,11,3,8
3119,1693227387049,1692255122816,1692255122819,1693227387056,7,3,4
3120,1693227387056,1692255122824,1692255122827,1693227387064,8,3,5
3121,1693227387064,1692255122832,1692255122835,1693227387072,8,3,5
3122,1693227387072,1692255122840,1692255122843,1693227387080,8,3,5
3123,1693227387080,1692255122848,1692255122851,1693227387089,9,3,6
3124,1693227387089,1692255122857,1692255122861,1693227387098,9,4,5
3125,1693227387098,1692255122865,1692255122868,1693227387105,7,3,4
3126,1693227387105,1692255122873,1692255122876,1693227387113,8,3,5
3127,1693227387113,1692255122881,1692255122885,1693227387122,9,4,5
3128,1693227387122,1692255122890,1692255122893,1693227387130,8,3,5
3129,1693227387130,1692255122897,1692255122900,1693227387137,7,3,4
3130,1693227387137,1692255122905,1692255122908,1693227387145,8,3,5
3131,1693227387145,1692255122913,1692255122916,1693227387153,8,3,5
3132,1693227387153,1692255122920,1692255122924,1693227387161,8,4,4
3133,1693227387161,1692255122928,1692255122932,1693227387169,8,4,4
3134,1693227387169,1692255122936,1692255122939,1693227387176,7,3,4
3135,1693227387176,1692255122944,1692255122948,1693227387185,9,4,5
3136,1693227387185,1692255122953,1692255122956,1693227387193,8,3,5
3137,1693227387193,1692255122960,1692255122963,1693227387200,7,3,4
3138,1693227387200,1692255122968,1692255122972,1693227387209,9,4,5
3139,1693227387209,1692255122976,1692255122979,1693227387216,7,3,4
3140,1693227387216,1692255122984,1692255122987,1693227387224,8,3,5
3141,1693227387224,1692255122992,1692255122995,1693227387231,7,3,4
3142,1693227387231,1692255122998,1692255123001,1693227387238,7,3,4
3143,1693227387238,1692255123005,1692255123009,1693227387246,8,4,4
3144,1693227387246,1692255123013,1692255123017,1693227387253,7,4,3
3145,1693227387254,1692255123021,1692255123023,1693227387260,6,2,4
3146,1693227387260,1692255123028,1692255123031,1693227387268,8,3,5
3147,1693227387268,1692255123035,1692255123038,1693227387275,7,3,4
3148,1693227387275,1692255123042,1692255123045,1693227387282,7,3,4
3149,1693227387282,1692255123050,1692255123053,1693227387290,8,3,5
3150,1693227387290,1692255123059,1692255123063,1693227387300,10,4,6
3151,1693227387300,1692255123068,1692255123071,1693227387308,8,3,5
3152,1693227387308,1692255123076,1692255123079,1693227387316,8,3,5
3153,1693227387316,1692255123084,1692255123087,1693227387324,8,3,5
3154,1693227387324,1692255123092,1692255123095,1693227387332,8,3,5
3155,1693227387332,1692255123099,1692255123102,1693227387338,6,3,3
3156,1693227387338,1692255123106,1692255123108,1693227387350,12,2,10
3157,1693227387350,1692255123138,1692255123141,1693227387378,28,3,25
3158,1693227387378,1692255123146,1692255123150,1693227387387,9,4,5
3159,1693227387387,1692255123159,1692255123162,1693227387399,12,3,9
3160,1693227387399,1692255123166,1692255123170,1693227387407,8,4,4
3161,1693227387407,1692255123174,1692255123177,1693227387414,7,3,4
3162,1693227387414,1692255123182,1692255123185,1693227387422,8,3,5
3163,1693227387422,1692255123189,1692255123193,1693227387429,7,4,3
3164,1693227387429,1692255123197,1692255123200,1693227387437,8,3,5
3165,1693227387437,1692255123204,1692255123207,1693227387444,7,3,4
3166,1693227387444,1692255123211,1692255123215,1693227387451,7,4,3
3167,1693227387451,1692255123219,1692255123222,1693227387460,9,3,6
3168,1693227387460,1692255123228,1692255123231,1693227387468,8,3,5
3169,1693227387468,1692255123237,1692255123241,1693227387480,12,4,8
3170,1693227387480,1692255123248,1692255123252,1693227387488,8,4,4
3171,1693227387488,1692255123256,1692255123261,1693227387498,10,5,5
3172,1693227387498,1692255123274,1692255123277,1693227387514,16,3,13
3173,1693227387514,1692255123281,1692255123284,1693227387521,7,3,4
3174,1693227387521,1692255123289,1692255123294,1693227387530,9,5,4
3175,1693227387530,1692255123298,1692255123301,1693227387537,7,3,4
3176,1693227387537,1692255123305,1692255123308,1693227387550,13,3,10
3177,1693227387550,1692255123334,1692255123338,1693227387575,25,4,21
3178,1693227387575,1692255123343,1692255123346,1693227387583,8,3,5
3179,1693227387583,1692255123351,1692255123356,1693227387592,9,5,4
3180,1693227387592,1692255123360,1692255123364,1693227387601,9,4,5
3181,1693227387601,1692255123368,1692255123372,1693227387609,8,4,4
3182,1693227387609,1692255123377,1692255123381,1693227387618,9,4,5
3183,1693227387618,1692255123386,1692255123389,1693227387626,8,3,5
3184,1693227387626,1692255123394,1692255123397,1693227387634,8,3,5
3185,1693227387634,1692255123403,1692255123407,1693227387643,9,4,5
3186,1693227387643,1692255123411,1692255123414,1693227387651,8,3,5
3187,1693227387651,1692255123419,1692255123422,1693227387658,7,3,4
3188,1693227387658,1692255123426,1692255123429,1693227387666,8,3,5
3189,1693227387666,1692255123433,1692255123436,1693227387673,7,3,4
3190,1693227387673,1692255123441,1692255123444,1693227387681,8,3,5
3191,1693227387681,1692255123449,1692255123452,1693227387689,8,3,5
3192,1693227387689,1692255123456,1692255123460,1693227387697,8,4,4
3193,1693227387697,1692255123464,1692255123467,1693227387704,7,3,4
3194,1693227387704,1692255123471,1692255123474,1693227387711,7,3,4
3195,1693227387711,1692255123478,1692255123481,1693227387718,7,3,4
3196,1693227387718,1692255123486,1692255123489,1693227387726,8,3,5
3197,1693227387726,1692255123493,1692255123496,1693227387732,6,3,3
3198,1693227387732,1692255123500,1692255123504,1693227387740,8,4,4
3199,1693227387740,1692255123508,1692255123511,1693227387748,8,3,5
3200,1693227387748,1692255123515,1692255123518,1693227387755,7,3,4
3201,1693227387755,1692255123522,1692255123525,1693227387761,6,3,3
3202,1693227387761,1692255123529,1692255123532,1693227387769,8,3,5
3203,1693227387769,1692255123536,1692255123539,1693227387776,7,3,4
3204,1693227387776,1692255123543,1692255123547,1693227387784,8,4,4
3205,1693227387784,1692255123551,1692255123554,1693227387790,6,3,3
3206,1693227387790,1692255123558,1692255123562,1693227387799,9,4,5
3207,1693227387799,1692255123566,1692255123569,1693227387806,7,3,4
3208,1693227387806,1692255123574,1692255123577,1693227387814,8,3,5
3209,1693227387814,1692255123582,1692255123585,1693227387822,8,3,5
3210,1693227387822,1692255123590,1692255123593,1693227387830,8,3,5
3211,1693227387830,1692255123597,1692255123600,1693227387837,7,3,4
3212,1693227387837,1692255123604,1692255123607,1693227387844,7,3,4
3213,1693227387844,1692255123611,1692255123615,1693227387852,8,4,4
3214,1693227387852,1692255123620,1692255123623,1693227387860,8,3,5
3215,1693227387860,1692255123628,1692255123631,1693227387867,7,3,4
3216,1693227387867,1692255123640,1692255123645,1693227387881,14,5,9
3217,1693227387881,1692255123654,1692255123657,1693227387894,13,3,10
3218,1693227387894,1692255123662,1692255123665,1693227387902,8,3,5
3219,1693227387902,1692255123670,1692255123673,1693227387909,7,3,4
3220,1693227387909,1692255123677,1692255123680,1693227387917,8,3,5
3221,1693227387917,1692255123684,1692255123688,1693227387924,7,4,3
3222,1693227387924,1692255123692,1692255123695,1693227387932,8,3,5
3223,1693227387932,1692255123700,1692255123703,1693227387940,8,3,5
3224,1693227387940,1692255123708,1692255123711,1693227387948,8,3,5
3225,1693227387948,1692255123716,1692255123719,1693227387957,9,3,6
3226,1693227387957,1692255123724,1692255123728,1693227387965,8,4,4
3227,1693227387965,1692255123732,1692255123736,1693227387972,7,4,3
3228,1693227387972,1692255123739,1692255123742,1693227387979,7,3,4
3229,1693227387979,1692255123747,1692255123752,1693227387989,10,5,5
3230,1693227387989,1692255123756,1692255123759,1693227387996,7,3,4
3231,1693227387996,1692255123763,1692255123766,1693227388003,7,3,4
3232,1693227388003,1692255123771,1692255123774,1693227388011,8,3,5
3233,1693227388011,1692255123781,1692255123784,1693227388021,10,3,7
3234,1693227388021,1692255123788,1692255123792,1693227388029,8,4,4
3235,1693227388029,1692255123796,1692255123799,1693227388036,7,3,4
3236,1693227388036,1692255123803,1692255123807,1693227388044,8,4,4
3237,1693227388044,1692255123811,1692255123814,1693227388050,6,3,3
3238,1693227388051,1692255123818,1692255123821,1693227388058,7,3,4
3239,1693227388058,1692255123826,1692255123829,1693227388066,8,3,5
3240,1693227388066,1692255123834,1692255123836,1693227388073,7,2,5
3241,1693227388073,1692255123840,1692255123844,1693227388080,7,4,3
3242,1693227388080,1692255123848,1692255123852,1693227388089,9,4,5
3243,1693227388089,1692255123856,1692255123859,1693227388096,7,3,4
3244,1693227388096,1692255123864,1692255123868,1693227388104,8,4,4
3245,1693227388104,1692255123872,1692255123875,1693227388113,9,3,6
3246,1693227388113,1692255123880,1692255123883,1693227388119,6,3,3
3247,1693227388119,1692255123887,1692255123890,1693227388126,7,3,4
3248,1693227388127,1692255123894,1692255123897,1693227388134,7,3,4
3249,1693227388134,1692255123904,1692255123907,1693227388144,10,3,7
3250,1693227388144,1692255123911,1692255123915,1693227388152,8,4,4
3251,1693227388152,1692255123919,1692255123922,1693227388159,7,3,4
3252,1693227388159,1692255123926,1692255123931,1693227388167,8,5,3
3253,1693227388167,1692255123935,1692255123938,1693227388175,8,3,5
3254,1693227388175,1692255123942,1692255123945,1693227388182,7,3,4
3255,1693227388182,1692255123950,1692255123953,1693227388190,8,3,5
3256,1693227388190,1692255123957,1692255123961,1693227388198,8,4,4
3257,1693227388198,1692255123965,1692255123968,1693227388205,7,3,4
3258,1693227388205,1692255123972,1692255123975,1693227388212,7,3,4
3259,1693227388212,1692255123981,1692255123985,1693227388222,10,4,6
3260,1693227388222,1692255123990,1692255123993,1693227388230,8,3,5
3261,1693227388230,1692255123998,1692255124001,1693227388238,8,3,5
3262,1693227388238,1692255124005,1692255124008,1693227388245,7,3,4
3263,1693227388245,1692255124012,1692255124016,1693227388252,7,4,3
3264,1693227388252,1692255124020,1692255124023,1693227388260,8,3,5
3265,1693227388260,1692255124028,1692255124031,1693227388267,7,3,4
3266,1693227388267,1692255124035,1692255124039,1693227388275,8,4,4
3267,1693227388275,1692255124043,1692255124047,1693227388283,8,4,4
3268,1693227388284,1692255124052,1692255124055,1693227388292,8,3,5
3269,1693227388292,1692255124060,1692255124063,1693227388300,8,3,5
3270,1693227388300,1692255124067,1692255124070,1693227388307,7,3,4
3271,1693227388307,1692255124075,1692255124078,1693227388314,7,3,4
3272,1693227388314,1692255124083,1692255124087,1693227388323,9,4,5
3273,1693227388323,1692255124091,1692255124095,1693227388331,8,4,4
3274,1693227388331,1692255124099,1692255124103,1693227388340,9,4,5
3275,1693227388340,1692255124108,1692255124112,1693227388348,8,4,4
3276,1693227388349,1692255124117,1692255124121,1693227388358,9,4,5
3277,1693227388358,1692255124125,1692255124128,1693227388365,7,3,4
3278,1693227388365,1692255124133,1692255124136,1693227388373,8,3,5
3279,1693227388373,1692255124141,1692255124145,1693227388382,9,4,5
3280,1693227388382,1692255124150,1692255124153,1693227388390,8,3,5
3281,1693227388390,1692255124157,1692255124160,1693227388397,7,3,4
3282,1693227388397,1692255124166,1692255124170,1693227388407,10,4,6
3283,1693227388407,1692255124174,1692255124178,1693227388415,8,4,4
3284,1693227388415,1692255124182,1692255124185,1693227388422,7,3,4
3285,1693227388422,1692255124190,1692255124192,1693227388429,7,2,5
3286,1693227388429,1692255124197,1692255124200,1693227388437,8,3,5
3287,1693227388437,1692255124204,1692255124207,1693227388443,6,3,3
3288,1693227388443,1692255124211,1692255124214,1693227388451,8,3,5
3289,1693227388451,1692255124218,1692255124223,1693227388460,9,5,4
3290,1693227388460,1692255124228,1692255124232,1693227388469,9,4,5
3291,1693227388469,1692255124236,1692255124240,1693227388477,8,4,4
3292,1693227388477,1692255124245,1692255124248,1693227388485,8,3,5
3293,1693227388485,1692255124252,1692255124256,1693227388493,8,4,4
3294,1693227388493,1692255124261,1692255124264,1693227388501,8,3,5
3295,1693227388501,1692255124269,1692255124271,1693227388508,7,2,5
3296,1693227388508,1692255124276,1692255124279,1693227388516,8,3,5
3297,1693227388516,1692255124284,1692255124287,1693227388524,8,3,5
3298,1693227388524,1692255124291,1692255124295,1693227388532,8,4,4
3299,1693227388532,1692255124300,1692255124304,1693227388540,8,4,4
3300,1693227388540,1692255124307,1692255124311,1693227388548,8,4,4
3301,1693227388548,1692255124315,1692255124319,1693227388555,7,4,3
3302,1693227388555,1692255124323,1692255124326,1693227388562,7,3,4
3303,1693227388562,1692255124329,1692255124332,1693227388569,7,3,4
3304,1693227388569,1692255124337,1692255124341,1693227388577,8,4,4
3305,1693227388577,1692255124345,1692255124349,1693227388585,8,4,4
3306,1693227388586,1692255124353,1692255124357,1693227388593,7,4,3
3307,1693227388593,1692255124361,1692255124364,1693227388601,8,3,5
3308,1693227388601,1692255124368,1692255124371,1693227388608,7,3,4
3309,1693227388608,1692255124376,1692255124379,1693227388616,8,3,5
3310,1693227388616,1692255124384,1692255124388,1693227388625,9,4,5
3311,1693227388625,1692255124392,1692255124396,1693227388633,8,4,4
3312,1693227388633,1692255124400,1692255124403,1693227388640,7,3,4
3313,1693227388640,1692255124407,1692255124411,1693227388647,7,4,3
3314,1693227388647,1692255124416,1692255124419,1693227388656,9,3,6
3315,1693227388656,1692255124423,1692255124427,1693227388663,7,4,3
3316,1693227388663,1692255124431,1692255124434,1693227388671,8,3,5
3317,1693227388671,1692255124439,1692255124442,1693227388679,8,3,5
3318,1693227388679,1692255124446,1692255124450,1693227388686,7,4,3
3319,1693227388686,1692255124454,1692255124457,1693227388694,8,3,5
3320,1693227388694,1692255124462,1692255124466,1693227388703,9,4,5
3321,1693227388703,1692255124470,1692255124474,1693227388710,7,4,3
3322,1693227388710,1692255124478,1692255124481,1693227388718,8,3,5
3323,1693227388718,1692255124485,1692255124490,1693227388727,9,5,4
3324,1693227388727,1692255124494,1692255124497,1693227388734,7,3,4
3325,1693227388734,1692255124502,1692255124505,1693227388742,8,3,5
3326,1693227388742,1692255124510,1692255124515,1693227388752,10,5,5
3327,1693227388752,1692255124520,1692255124524,1693227388761,9,4,5
3328,1693227388761,1692255124528,1692255124532,1693227388769,8,4,4
3329,1693227388769,1692255124536,1692255124540,1693227388777,8,4,4
3330,1693227388777,1692255124544,1692255124548,1693227388785,8,4,4
3331,1693227388785,1692255124552,1692255124556,1693227388793,8,4,4
3332,1693227388793,1692255124561,1692255124563,1693227388800,7,2,5
3333,1693227388800,1692255124568,1692255124571,1693227388808,8,3,5
3334,1693227388808,1692255124575,1692255124578,1693227388815,7,3,4
3335,1693227388815,1692255124583,1692255124586,1693227388823,8,3,5
3336,1693227388823,1692255124590,1692255124593,1693227388831,8,3,5
3337,1693227388831,1692255124604,1692255124607,1693227388844,13,3,10
3338,1693227388844,1692255124612,1692255124615,1693227388851,7,3,4
3339,1693227388851,1692255124620,1692255124623,1693227388860,9,3,6
3340,1693227388860,1692255124628,1692255124632,1693227388868,8,4,4
3341,1693227388868,1692255124636,1692255124639,1693227388876,8,3,5
3342,1693227388876,1692255124644,1692255124646,1693227388883,7,2,5
3343,1693227388883,1692255124651,1692255124654,1693227388891,8,3,5
3344,1693227388891,1692255124659,1692255124661,1693227388898,7,2,5
3345,1693227388898,1692255124666,1692255124669,1693227388906,8,3,5
3346,1693227388906,1692255124673,1692255124676,1693227388913,7,3,4
3347,1693227388913,1692255124681,1692255124683,1693227388920,7,2,5
3348,1693227388920,1692255124688,1692255124691,1693227388927,7,3,4
3349,1693227388927,1692255124697,1692255124701,1693227388938,11,4,7
3350,1693227388938,1692255124706,1692255124709,1693227388946,8,3,5
3351,1693227388946,1692255124714,1692255124716,1693227388953,7,2,5
3352,1693227388953,1692255124721,1692255124725,1693227388961,8,4,4
3353,1693227388961,1692255124729,1692255124732,1693227388969,8,3,5
3354,1693227388969,1692255124736,1692255124739,1693227388975,6,3,3
3355,1693227388975,1692255124742,1692255124746,1693227388983,8,4,4
3356,1693227388983,1692255124750,1692255124753,1693227388990,7,3,4
3357,1693227388990,1692255124758,1692255124762,1693227388999,9,4,5
3358,1693227388999,1692255124766,1692255124769,1693227389006,7,3,4
3359,1693227389006,1692255124775,1692255124779,1693227389015,9,4,5
3360,1693227389015,1692255124783,1692255124786,1693227389023,8,3,5
3361,1693227389023,1692255124791,1692255124794,1693227389030,7,3,4
3362,1693227389031,1692255124800,1692255124803,1693227389040,9,3,6
3363,1693227389040,1692255124808,1692255124812,1693227389049,9,4,5
3364,1693227389049,1692255124817,1692255124820,1693227389057,8,3,5
3365,1693227389057,1692255124825,1692255124828,1693227389065,8,3,5
3366,1693227389065,1692255124832,1692255124835,1693227389072,7,3,4
3367,1693227389072,1692255124840,1692255124843,1693227389080,8,3,5
3368,1693227389080,1692255124848,1692255124851,1693227389087,7,3,4
3369,1693227389088,1692255124855,1692255124859,1693227389095,7,4,3
3370,1693227389095,1692255124863,1692255124866,1693227389102,7,3,4
3371,1693227389102,1692255124870,1692255124873,1693227389111,9,3,6
3372,1693227389111,1692255124879,1692255124882,1693227389119,8,3,5
3373,1693227389119,1692255124886,1692255124890,1693227389126,7,4,3
3374,1693227389126,1692255124894,1692255124897,1693227389136,10,3,7
3375,1693227389136,1692255124905,1692255124908,1693227389144,8,3,5
3376,1693227389144,1692255124912,1692255124915,1693227389153,9,3,6
3377,1693227389153,1692255124922,1692255124925,1693227389162,9,3,6
3378,1693227389162,1692255124930,1692255124933,1693227389170,8,3,5
3379,1693227389170,1692255124945,1692255124948,1693227389185,15,3,12
3380,1693227389185,1692255124953,1692255124956,1693227389193,8,3,5
3381,1693227389193,1692255124961,1692255124964,1693227389201,8,3,5
3382,1693227389201,1692255124969,1692255124975,1693227389212,11,6,5
3383,1693227389212,1692255124980,1692255124983,1693227389220,8,3,5
3384,1693227389220,1692255124988,1692255124990,1693227389227,7,2,5
3385,1693227389227,1692255124995,1692255124999,1693227389236,9,4,5
3386,1693227389236,1692255125005,1692255125009,1693227389246,10,4,6
3387,1693227389246,1692255125015,1692255125019,1693227389255,9,4,5
3388,1693227389255,1692255125025,1692255125029,1693227389266,11,4,7
3389,1693227389266,1692255125033,1692255125036,1693227389273,7,3,4
3390,1693227389273,1692255125040,1692255125043,1693227389280,7,3,4
3391,1693227389280,1692255125048,1692255125051,1693227389288,8,3,5
3392,1693227389288,1692255125056,1692255125059,1693227389296,8,3,5
3393,1693227389296,1692255125065,1692255125068,1693227389305,9,3,6
3394,1693227389305,1692255125073,1692255125076,1693227389313,8,3,5
3395,1693227389313,1692255125082,1692255125085,1693227389322,9,3,6
3396,1693227389322,1692255125089,1692255125092,1693227389329,7,3,4
3397,1693227389329,1692255125097,1692255125100,1693227389337,8,3,5
3398,1693227389337,1692255125107,1692255125110,1693227389347,10,3,7
3399,1693227389347,1692255125114,1692255125118,1693227389355,8,4,4
3400,1693227389355,1692255125122,1692255125125,1693227389362,7,3,4
3401,1693227389362,1692255125130,1692255125133,1693227389369,7,3,4
3402,1693227389369,1692255125137,1692255125140,1693227389376,7,3,4
3403,1693227389376,1692255125144,1692255125147,1693227389384,8,3,5
3404,1693227389384,1692255125152,1692255125156,1693227389393,9,4,5
3405,1693227389393,1692255125161,1692255125165,1693227389402,9,4,5
3406,1693227389402,1692255125169,1692255125172,1693227389408,6,3,3
3407,1693227389408,1692255125176,1692255125181,1693227389417,9,5,4
3408,1693227389417,1692255125185,1692255125189,1693227389425,8,4,4
3409,1693227389425,1692255125193,1692255125196,1693227389433,8,3,5
3410,1693227389433,1692255125200,1692255125203,1693227389440,7,3,4
3411,1693227389440,1692255125210,1692255125213,1693227389450,10,3,7
3412,1693227389450,1692255125218,1692255125221,1693227389457,7,3,4
3413,1693227389457,1692255125225,1692255125228,1693227389465,8,3,5
3414,1693227389465,1692255125232,1692255125235,1693227389472,7,3,4
3415,1693227389472,1692255125239,1692255125243,1693227389480,8,4,4
3416,1693227389480,1692255125247,1692255125250,1693227389487,7,3,4
3417,1693227389487,1692255125254,1692255125258,1693227389494,7,4,3
3418,1693227389494,1692255125262,1692255125265,1693227389502,8,3,5
3419,1693227389502,1692255125270,1692255125272,1693227389509,7,2,5
3420,1693227389509,1692255125276,1692255125279,1693227389516,7,3,4
3421,1693227389516,1692255125284,1692255125287,1693227389523,7,3,4
3422,1693227389524,1692255125294,1692255125298,1693227389535,11,4,7
3423,1693227389535,1692255125304,1692255125308,1693227389546,11,4,7
3424,1693227389546,1692255125314,1692255125317,1693227389554,8,3,5
3425,1693227389554,1692255125321,1692255125325,1693227389562,8,4,4
3426,1693227389562,1692255125329,1692255125332,1693227389570,8,3,5
3427,1693227389570,1692255125338,1692255125341,1693227389577,7,3,4
3428,1693227389577,1692255125345,1692255125348,1693227389585,8,3,5
3429,1693227389585,1692255125354,1692255125357,1693227389594,9,3,6
3430,1693227389594,1692255125361,1692255125365,1693227389602,8,4,4
3431,1693227389602,1692255125369,1692255125373,1693227389609,7,4,3
3432,1693227389609,1692255125377,1692255125380,1693227389617,8,3,5
3433,1693227389617,1692255125385,1692255125388,1693227389625,8,3,5
3434,1693227389625,1692255125392,1692255125395,1693227389632,7,3,4
3435,1693227389632,1692255125399,1692255125404,1693227389640,8,5,3
3436,1693227389640,1692255125408,1692255125412,1693227389649,9,4,5
3437,1693227389649,1692255125417,1692255125420,1693227389657,8,3,5
3438,1693227389657,1692255125425,1692255125428,1693227389664,7,3,4
3439,1693227389664,1692255125434,1692255125437,1693227389674,10,3,7
3440,1693227389674,1692255125442,1692255125445,1693227389682,8,3,5
3441,1693227389682,1692255125450,1692255125453,1693227389690,8,3,5
3442,1693227389690,1692255125457,1692255125460,1693227389696,6,3,3
3443,1693227389696,1692255125464,1692255125467,1693227389704,8,3,5
3444,1693227389704,1692255125471,1692255125474,1693227389711,7,3,4
3445,1693227389711,1692255125478,1692255125481,1693227389718,7,3,4
3446,1693227389718,1692255125486,1692255125489,1693227389725,7,3,4
3447,1693227389725,1692255125493,1692255125496,1693227389733,8,3,5
3448,1693227389733,1692255125501,1692255125505,1693227389741,8,4,4
3449,1693227389741,1692255125509,1692255125512,1693227389751,10,3,7
3450,1693227389751,1692255125519,1692255125523,1693227389760,9,4,5
3451,1693227389760,1692255125527,1692255125530,1693227389767,7,3,4
3452,1693227389767,1692255125535,1692255125538,1693227389774,7,3,4
3453,1693227389774,1692255125542,1692255125546,1693227389783,9,4,5
3454,1693227389783,1692255125551,1692255125554,1693227389790,7,3,4
3455,1693227389790,1692255125558,1692255125561,1693227389798,8,3,5
3456,1693227389798,1692255125566,1692255125570,1693227389806,8,4,4
3457,1693227389807,1692255125574,1692255125577,1693227389814,7,3,4
3458,1693227389814,1692255125582,1692255125585,1693227389822,8,3,5
3459,1693227389822,1692255125589,1692255125593,1693227389830,8,4,4
3460,1693227389830,1692255125597,1692255125600,1693227389836,6,3,3
3461,1693227389836,1692255125603,1692255125607,1693227389843,7,4,3
3462,1693227389843,1692255125611,1692255125615,1693227389854,11,4,7
3463,1693227389855,1692255125622,1692255125626,1693227389863,8,4,4
3464,1693227389863,1692255125630,1692255125634,1693227389871,8,4,4
3465,1693227389871,1692255125638,1692255125640,1693227389877,6,2,4
3466,1693227389877,1692255125646,1692255125649,1693227389886,9,3,6
3467,1693227389886,1692255125654,1692255125657,1693227389894,8,3,5
3468,1693227389894,1692255125662,1692255125665,1693227389902,8,3,5
3469,1693227389902,1692255125669,1692255125673,1693227389909,7,4,3
3470,1693227389909,1692255125677,1692255125680,1693227389916,7,3,4
3471,1693227389916,1692255125685,1692255125688,1693227389925,9,3,6
3472,1693227389925,1692255125693,1692255125698,1693227389935,10,5,5
3473,1693227389935,1692255125702,1692255125706,1693227389944,9,4,5
3474,1693227389944,1692255125713,1692255125716,1693227389953,9,3,6
3475,1693227389953,1692255125722,1692255125725,1693227389962,9,3,6
3476,1693227389962,1692255125730,1692255125733,1693227389970,8,3,5
3477,1693227389970,1692255125738,1692255125741,1693227389978,8,3,5
3478,1693227389978,1692255125747,1692255125751,1693227389988,10,4,6
3479,1693227389988,1692255125755,1692255125759,1693227389995,7,4,3
3480,1693227389995,1692255125763,1692255125769,1693227390005,10,6,4
3481,1693227390005,1692255125772,1692255125776,1693227390012,7,4,3
3482,1693227390012,1692255125781,1692255125785,1693227390022,10,4,6
3483,1693227390022,1692255125790,1692255125793,1693227390030,8,3,5
3484,1693227390030,1692255125798,1692255125801,1693227390038,8,3,5
3485,1693227390038,1692255125806,1692255125809,1693227390046,8,3,5
3486,1693227390046,1692255125813,1692255125817,1693227390053,7,4,3
3487,1693227390054,1692255125821,1692255125824,1693227390060,6,3,3
3488,1693227390061,1692255125828,1692255125832,1693227390069,8,4,4
3489,1693227390069,1692255125836,1692255125840,1693227390077,8,4,4
3490,1693227390077,1692255125844,1692255125847,1693227390085,8,3,5
3491,1693227390085,1692255125852,1692255125855,1693227390092,7,3,4
3492,1693227390092,1692255125860,1692255125863,1693227390100,8,3,5
3493,1693227390100,1692255125867,1692255125870,1693227390107,7,3,4
3494,1693227390107,1692255125875,1692255125878,1693227390115,8,3,5
3495,1693227390115,1692255125882,1692255125885,1693227390122,7,3,4
3496,1693227390122,1692255125892,1692255125896,1693227390133,11,4,7
3497,1693227390133,1692255125901,1692255125904,1693227390141,8,3,5
3498,1693227390141,1692255125909,1692255125912,1693227390149,8,3,5
3499,1693227390149,1692255125918,1692255125921,1693227390157,8,3,5
3500,1693227390157,1692255125927,1692255125930,1693227390167,10,3,7
3501,1693227390167,1692255125934,1692255125937,1693227390174,7,3,4
3502,1693227390174,1692255125941,1692255125944,1693227390181,7,3,4
3503,1693227390181,1692255125949,1692255125953,1693227390189,8,4,4
3504,1693227390189,1692255125957,1692255125960,1693227390197,8,3,5
3505,1693227390197,1692255125965,1692255125968,1693227390204,7,3,4
3506,1693227390204,1692255125971,1692255125975,1693227390211,7,4,3
3507,1693227390211,1692255125979,1692255125983,1693227390220,9,4,5
3508,1693227390220,1692255125987,1692255125991,1693227390227,7,4,3
3509,1693227390227,1692255125995,1692255126000,1693227390237,10,5,5
3510,1693227390237,1692255126004,1692255126008,1693227390244,7,4,3
3511,1693227390244,1692255126012,1692255126015,1693227390252,8,3,5
3512,1693227390252,1692255126020,1692255126023,1693227390260,8,3,5
3513,1693227390260,1692255126029,1692255126032,1693227390269,9,3,6
3514,1693227390269,1692255126037,1692255126040,1693227390277,8,3,5
3515,1693227390454,1692255126224,1692255126228,1693227390465,11,4,7
3516,1693227390465,1692255126234,1692255126238,1693227390475,10,4,6
3517,1693227390475,1692255126243,1692255126246,1693227390487,12,3,9
3518,1693227390487,1692255126256,1692255126260,1693227390497,10,4,6
3519,1693227390497,1692255126264,1692255126268,1693227390505,8,4,4
3520,1693227390505,1692255126273,1692255126276,1693227390513,8,3,5
3521,1693227390513,1692255126281,1692255126286,1693227390523,10,5,5
3522,1693227390523,1692255126292,1692255126295,1693227390533,10,3,7
3523,1693227390533,1692255126301,1692255126304,1693227390541,8,3,5
3524,1693227390541,1692255126309,1692255126313,1693227390550,9,4,5
3525,1693227390550,1692255126319,1692255126326,1693227390563,13,7,6
3526,1693227390563,1692255126331,1692255126335,1693227390572,9,4,5
3527,1693227390572,1692255126341,1692255126348,1693227390585,13,7,6
3528,1693227390585,1692255126354,1692255126358,1693227390595,10,4,6
3529,1693227390595,1692255126364,1692255126368,1693227390605,10,4,6
3530,1693227390605,1692255126374,1692255126378,1693227390615,10,4,6
3531,1693227390615,1692255126384,1692255126387,1693227390624,9,3,6
3532,1693227390624,1692255126394,1692255126398,1693227390635,11,4,7
3533,1693227390635,1692255126404,1692255126408,1693227390645,10,4,6
3534,1693227390645,1692255126413,1692255126418,1693227390655,10,5,5
3535,1693227390655,1692255126424,1692255126428,1693227390665,10,4,6
3536,1693227390665,1692255126434,1692255126438,1693227390675,10,4,6
3537,1693227390675,1692255126443,1692255126448,1693227390685,10,5,5
3538,1693227390685,1692255126453,1692255126458,1693227390695,10,5,5
3539,1693227390695,1692255126464,1692255126468,1693227390705,10,4,6
3540,1693227390705,1692255126473,1692255126478,1693227390715,10,5,5
3541,1693227390715,1692255126483,1692255126488,1693227390724,9,5,4
3542,1693227390725,1692255126494,1692255126498,1693227390735,10,4,6
3543,1693227390735,1692255126503,1692255126507,1693227390744,9,4,5
3544,1693227390744,1692255126513,1692255126518,1693227390754,10,5,5
3545,1693227390754,1692255126523,1692255126528,1693227390766,12,5,7
3546,1693227390766,1692255126535,1692255126539,1693227390776,10,4,6
3547,1693227390776,1692255126545,1692255126548,1693227390785,9,3,6
3548,1693227390785,1692255126554,1692255126558,1693227390795,10,4,6
3549,1693227390795,1692255126564,1692255126569,1693227390806,11,5,6
3550,1693227390806,1692255126575,1692255126581,1693227390818,12,6,6
3551,1693227390818,1692255126587,1692255126592,1693227390829,11,5,6
3552,1693227390829,1692255126597,1692255126602,1693227390838,9,5,4
3553,1693227390838,1692255126607,1692255126612,1693227390849,11,5,6
3554,1693227390849,1692255126619,1692255126623,1693227390860,11,4,7
3555,1693227390860,1692255126628,1692255126631,1693227390868,8,3,5
3556,1693227390868,1692255126637,1692255126642,1693227390879,11,5,6
3557,1693227390879,1692255126647,1692255126652,1693227390889,10,5,5
3558,1693227390889,1692255126658,1692255126662,1693227390898,9,4,5
3559,1693227390898,1692255126667,1692255126671,1693227390908,10,4,6
3560,1693227390908,1692255126676,1692255126680,1693227390917,9,4,5
3561,1693227390918,1692255126686,1692255126691,1693227390928,10,5,5
3562,1693227390928,1692255126696,1692255126701,1693227390938,10,5,5
3563,1693227390938,1692255126706,1692255126710,1693227390950,12,4,8
3564,1693227390950,1692255126719,1692255126723,1693227390960,10,4,6
3565,1693227390960,1692255126728,1692255126732,1693227390970,10,4,6
3566,1693227390970,1692255126738,1692255126743,1693227390980,10,5,5
3567,1693227390980,1692255126748,1692255126752,1693227390989,9,4,5
3568,1693227390989,1692255126757,1692255126762,1693227390999,10,5,5
3569,1693227390999,1692255126773,1692255126779,1693227391016,17,6,11
3570,1693227391016,1692255126786,1692255126795,1693227391032,16,9,7
3571,1693227391032,1692255126800,1692255126804,1693227391041,9,4,5
3572,1693227391041,1692255126809,1692255126813,1693227391050,9,4,5
3573,1693227391050,1692255126819,1692255126823,1693227391060,10,4,6
3574,1693227391060,1692255126829,1692255126833,1693227391070,10,4,6
3575,1693227391070,1692255126839,1692255126843,1693227391082,12,4,8
3576,1693227391082,1692255126851,1692255126858,1693227391095,13,7,6
3577,1693227391095,1692255126863,1692255126867,1693227391104,9,4,5
3578,1693227391104,1692255126872,1692255126876,1693227391113,9,4,5
3579,1693227391113,1692255126881,1692255126884,1693227391121,8,3,5
3580,1693227391121,1692255126889,1692255126895,1693227391132,11,6,5
3581,1693227391132,1692255126902,1692255126907,1693227391144,12,5,7
3582,1693227391144,1692255126912,1692255126916,1693227391153,9,4,5
3583,1693227391153,1692255126922,1692255126926,1693227391163,10,4,6
3584,1693227391163,1692255126932,1692255126936,1693227391172,9,4,5
3585,1693227391172,1692255126941,1692255126945,1693227391182,10,4,6
3586,1693227391182,1692255126951,1692255126955,1693227391192,10,4,6
3587,1693227391192,1692255126960,1692255126964,1693227391201,9,4,5
3588,1693227391201,1692255126969,1692255126974,1693227391211,10,5,5
3589,1693227391211,1692255126979,1692255126983,1693227391220,9,4,5
3590,1693227391220,1692255126988,1692255126993,1693227391230,10,5,5
3591,1693227391230,1692255126999,1692255127004,1693227391241,11,5,6
3592,1693227391241,1692255127010,1692255127013,1693227391250,9,3,6
3593,1693227391250,1692255127019,1692255127023,1693227391260,10,4,6
3594,1693227391260,1692255127028,1692255127032,1693227391269,9,4,5
3595,1693227391269,1692255127038,1692255127042,1693227391279,10,4,6
3596,1693227391279,1692255127049,1692255127054,1693227391291,12,5,7
3597,1693227391291,1692255127060,1692255127064,1693227391302,11,4,7
3598,1693227391302,1692255127071,1692255127077,1693227391314,12,6,6
3599,1693227391314,1692255127085,1692255127089,1693227391326,12,4,8
3600,1693227391326,1692255127095,1692255127099,1693227391336,10,4,6
3601,1693227391336,1692255127105,1692255127109,1693227391346,10,4,6
3602,1693227391346,1692255127114,1692255127119,1693227391355,9,5,4
3603,1693227391355,1692255127124,1692255127128,1693227391365,10,4,6
3604,1693227391365,1692255127133,1692255127137,1693227391374,9,4,5
3605,1693227391374,1692255127143,1692255127147,1693227391385,11,4,7
3606,1693227391385,1692255127155,1692255127159,1693227391409,24,4,20
3607,1693227391409,1692255127177,1692255127182,1693227391419,10,5,5
3608,1693227391419,1692255127187,1692255127191,1693227391428,9,4,5
3609,1693227391428,1692255127197,1692255127201,1693227391438,10,4,6
3610,1693227391438,1692255127207,1692255127211,1693227391448,10,4,6
3611,1693227391448,1692255127216,1692255127220,1693227391457,9,4,5
3612,1693227391457,1692255127226,1692255127230,1693227391467,10,4,6
3613,1693227391467,1692255127236,1692255127241,1693227391478,11,5,6
3614,1693227391478,1692255127247,1692255127251,1693227391488,10,4,6
3615,1693227391488,1692255127259,1692255127263,1693227391500,12,4,8
3616,1693227391501,1692255127269,1692255127276,1693227391513,12,7,5
3617,1693227391513,1692255127282,1692255127287,1693227391524,11,5,6
3618,1693227391524,1692255127294,1692255127298,1693227391535,11,4,7
3619,1693227391535,1692255127303,1692255127308,1693227391545,10,5,5
3620,1693227391545,1692255127314,1692255127319,1693227391556,11,5,6
3621,1693227391556,1692255127330,1692255127335,1693227391572,16,5,11
3622,1693227391572,1692255127340,1692255127344,1693227391581,9,4,5
3623,1693227391581,1692255127350,1692255127355,1693227391592,11,5,6
3624,1693227391592,1692255127361,1692255127365,1693227391602,10,4,6
3625,1693227391602,1692255127371,1692255127375,1693227391612,10,4,6
3626,1693227391612,1692255127380,1692255127385,1693227391622,10,5,5
3627,1693227391622,1692255127390,1692255127394,1693227391631,9,4,5
3628,1693227391631,1692255127400,1692255127405,1693227391642,11,5,6
3629,1693227391642,1692255127411,1692255127414,1693227391651,9,3,6
3630,1693227391651,1692255127420,1692255127424,1693227391661,10,4,6
3631,1693227391661,1692255127429,1692255127433,1693227391670,9,4,5
3632,1693227391670,1692255127438,1692255127443,1693227391680,10,5,5
3633,1693227391680,1692255127449,1692255127454,1693227391691,11,5,6
3634,1693227391691,1692255127459,1692255127463,1693227391700,9,4,5
3635,1693227391701,1692255127469,1692255127473,1693227391710,9,4,5
3636,1693227391710,1692255127484,1692255127487,1693227391724,14,3,11
3637,1693227391724,1692255127493,1692255127497,1693227391733,9,4,5
3638,1693227391733,1692255127505,1692255127509,1693227391746,13,4,9
3639,1693227391746,1692255127515,1692255127519,1693227391756,10,4,6
3640,1693227391756,1692255127524,1692255127528,1693227391765,9,4,5
3641,1693227391765,1692255127533,1692255127538,1693227391774,9,5,4
3642,1693227391774,1692255127543,1692255127548,1693227391785,11,5,6
3643,1693227391785,1692255127554,1692255127559,1693227391796,11,5,6
3644,1693227391796,1692255127566,1692255127571,1693227391808,12,5,7
3645,1693227391808,1692255127577,1692255127581,1693227391818,10,4,6
3646,1693227391818,1692255127586,1692255127591,1693227391827,9,5,4
3647,1693227391828,1692255127596,1692255127600,1693227391836,8,4,4
3648,1693227391836,1692255127606,1692255127610,1693227391847,11,4,7
3649,1693227391847,1692255127616,1692255127621,1693227391857,10,5,5
3650,1693227391857,1692255127626,1692255127631,1693227391868,11,5,6
3651,1693227391868,1692255127645,1692255127649,1693227391887,19,4,15
3652,1693227391887,1692255127655,1692255127659,1693227391896,9,4,5
3653,1693227391896,1692255127667,1692255127673,1693227391910,14,6,8
3654,1693227391910,1692255127679,1692255127683,1693227391920,10,4,6
3655,1693227391920,1692255127688,1692255127693,1693227391929,9,5,4
3656,1693227391930,1692255127698,1692255127702,1693227391939,9,4,5
3657,1693227391939,1692255127707,1692255127711,1693227391948,9,4,5
3658,1693227391948,1692255127717,1692255127721,1693227391958,10,4,6
3659,1693227391958,1692255127727,1692255127731,1693227391968,10,4,6
3660,1693227391968,1692255127736,1692255127741,1693227391978,10,5,5
3661,1693227391978,1692255127748,1692255127754,1693227391991,13,6,7
3662,1693227391991,1692255127761,1692255127765,1693227392005,14,4,10
3663,1693227392005,1692255127774,1692255127783,1693227392020,15,9,6
3664,1693227392020,1692255127789,1692255127795,1693227392032,12,6,6
3665,1693227392032,1692255127801,1692255127806,1693227392043,11,5,6
3666,1693227392043,1692255127812,1692255127816,1693227392053,10,4,6
3667,1693227392053,1692255127822,1692255127826,1693227392063,10,4,6
3668,1693227392063,1692255127831,1692255127835,1693227392072,9,4,5
3669,1693227392072,1692255127840,1692255127844,1693227392081,9,4,5
3670,1693227392081,1692255127850,1692255127854,1693227392093,12,4,8
3671,1693227392093,1692255127862,1692255127866,1693227392103,10,4,6
3672,1693227392103,1692255127878,1692255127882,1693227392119,16,4,12
3673,1693227392119,1692255127893,1692255127897,1693227392137,18,4,14
3674,1693227392137,1692255127906,1692255127910,1693227392147,10,4,6
3675,1693227392147,1692255127916,1692255127920,1693227392158,11,4,7
3676,1693227392158,1692255127927,1692255127931,1693227392168,10,4,6
3677,1693227392168,1692255127936,1692255127940,1693227392178,10,4,6
3678,1693227392178,1692255127946,1692255127951,1693227392188,10,5,5
3679,1693227392188,1692255127957,1692255127962,1693227392200,12,5,7
3680,1693227392200,1692255127976,1692255127981,1693227392219,19,5,14
3681,1693227392219,1692255127988,1692255127993,1693227392230,11,5,6
3682,1693227392230,1692255127999,1692255128003,1693227392240,10,4,6
3683,1693227392240,1692255128010,1692255128013,1693227392253,13,3,10
3684,1693227392253,1692255128021,1692255128026,1693227392263,10,5,5
3685,1693227392263,1692255128031,1692255128036,1693227392273,10,5,5
3686,1693227392273,1692255128041,1692255128046,1693227392283,10,5,5
3687,1693227392283,1692255128051,1692255128055,1693227392292,9,4,5
3688,1693227392292,1692255128061,1692255128065,1693227392302,10,4,6
3689,1693227392302,1692255128071,1692255128074,1693227392311,9,3,6
3690,1693227392311,1692255128079,1692255128086,1693227392323,12,7,5
3691,1693227392323,1692255128091,1692255128099,1693227392336,13,8,5
3692,1693227392336,1692255128105,1692255128109,1693227392348,12,4,8
3693,1693227392348,1692255128116,1692255128121,1693227392358,10,5,5
3694,1693227392358,1692255128127,1692255128131,1693227392368,10,4,6
3695,1693227392368,1692255128137,1692255128142,1693227392381,13,5,8
3696,1693227392381,1692255128151,1692255128156,1693227392393,12,5,7
3697,1693227392393,1692255128162,1692255128166,1693227392403,10,4,6
3698,1693227392403,1692255128172,1692255128177,1693227392414,11,5,6
3699,1693227392414,1692255128183,1692255128189,1693227392426,12,6,6
3700,1693227392426,1692255128195,1692255128200,1693227392437,11,5,6
3701,1693227392437,1692255128206,1692255128212,1693227392449,12,6,6
3702,1693227392449,1692255128218,1692255128223,1693227392460,11,5,6
3703,1693227392460,1692255128229,1692255128233,1693227392470,10,4,6
3704,1693227392470,1692255128239,1692255128242,1693227392481,11,3,8
3705,1693227392481,1692255128249,1692255128252,1693227392490,9,3,6
3706,1693227392490,1692255128258,1692255128262,1693227392499,9,4,5
3707,1693227392499,1692255128268,1692255128273,1693227392510,11,5,6
3708,1693227392510,1692255128279,1692255128283,1693227392519,9,4,5
3709,1693227392519,1692255128288,1692255128292,1693227392529,10,4,6
3710,1693227392529,1692255128297,1692255128302,1693227392539,10,5,5
3711,1693227392539,1692255128308,1692255128312,1693227392548,9,4,5
3712,1693227392548,1692255128317,1692255128321,1693227392558,10,4,6
3713,1693227392558,1692255128327,1692255128331,1693227392568,10,4,6
3714,1693227392568,1692255128336,1692255128341,1693227392577,9,5,4
3715,1693227392577,1692255128347,1692255128351,1693227392587,10,4,6
3716,1693227392587,1692255128356,1692255128360,1693227392599,12,4,8
3717,1693227392599,1692255128368,1692255128372,1693227392609,10,4,6
3718,1693227392609,1692255128378,1692255128384,1693227392621,12,6,6
3719,1693227392621,1692255128389,1692255128393,1693227392630,9,4,5
3720,1693227392630,1692255128400,1692255128404,1693227392642,12,4,8
3721,1693227392642,1692255128411,1692255128415,1693227392653,11,4,7
3722,1693227392653,1692255128423,1692255128428,1693227392665,12,5,7
3723,1693227392665,1692255128435,1692255128439,1693227392676,11,4,7
3724,1693227392676,1692255128445,1692255128450,1693227392687,11,5,6
3725,1693227392687,1692255128456,1692255128459,1693227392697,10,3,7
3726,1693227392697,1692255128468,1692255128474,1693227392711,14,6,8
3727,1693227392711,1692255128480,1692255128484,1693227392721,10,4,6
3728,1693227392721,1692255128490,1692255128494,1693227392731,10,4,6
3729,1693227392732,1692255128500,1692255128505,1693227392742,10,5,5
3730,1693227392742,1692255128511,1692255128514,1693227392768,26,3,23
3731,1693227392768,1692255128539,1692255128543,1693227392781,13,4,9
3732,1693227392781,1692255128549,1692255128553,1693227392789,8,4,4
3733,1693227392789,1692255128557,1692255128562,1693227392799,10,5,5
3734,1693227392799,1692255128568,1692255128571,1693227392808,9,3,6
3735,1693227392808,1692255128576,1692255128580,1693227392817,9,4,5
3736,1693227392817,1692255128586,1692255128591,1693227392828,11,5,6
3737,1693227392828,1692255128597,1692255128601,1693227392838,10,4,6
3738,1693227392838,1692255128606,1692255128610,1693227392848,10,4,6
3739,1693227392848,1692255128616,1692255128620,1693227392856,8,4,4
3740,1693227392856,1692255128625,1692255128629,1693227392866,10,4,6
3741,1693227392866,1692255128635,1692255128639,1693227392875,9,4,5
3742,1693227392876,1692255128644,1692255128648,1693227392885,9,4,5
3743,1693227392885,1692255128654,1692255128659,1693227392896,11,5,6
3744,1693227392896,1692255128664,1692255128669,1693227392906,10,5,5
3745,1693227392906,1692255128675,1692255128679,1693227392916,10,4,6
3746,1693227392916,1692255128684,1692255128687,1693227392927,11,3,8
3747,1693227392927,1692255128695,1692255128700,1693227392938,11,5,6
3748,1693227392938,1692255128706,1692255128710,1693227392947,9,4,5
3749,1693227392947,1692255128716,1692255128721,1693227392963,16,5,11
3750,1693227392963,1692255128731,1692255128735,1693227392973,10,4,6
3751,1693227392973,1692255128741,1692255128745,1693227392982,9,4,5
3752,1693227392982,1692255128751,1692255128755,1693227392992,10,4,6
3753,1693227392992,1692255128760,1692255128764,1693227393001,9,4,5
3754,1693227393001,1692255128770,1692255128774,1693227393011,10,4,6
3755,1693227393011,1692255128781,1692255128786,1693227393022,11,5,6
3756,1693227393022,1692255128791,1692255128795,1693227393032,10,4,6
3757,1693227393032,1692255128801,1692255128807,1693227393044,12,6,6
3758,1693227393044,1692255128812,1692255128816,1693227393053,9,4,5
3759,1693227393053,1692255128822,1692255128826,1693227393063,10,4,6
3760,1693227393063,1692255128831,1692255128838,1693227393075,12,7,5
3761,1693227393075,1692255128843,1692255128847,1693227393084,9,4,5
3762,1693227393084,1692255128853,1692255128861,1693227393097,13,8,5
3763,1693227393097,1692255128866,1692255128870,1693227393107,10,4,6
3764,1693227393107,1692255128876,1692255128880,1693227393117,10,4,6
3765,1693227393117,1692255128886,1692255128890,1693227393128,11,4,7
3766,1693227393128,1692255128897,1692255128901,1693227393137,9,4,5
3767,1693227393137,1692255128907,1692255128912,1693227393148,11,5,6
3768,1693227393148,1692255128916,1692255128921,1693227393158,10,5,5
3769,1693227393158,1692255128927,1692255128932,1693227393169,11,5,6
3770,1693227393169,1692255128938,1692255128942,1693227393179,10,4,6
3771,1693227393179,1692255128948,1692255128953,1693227393190,11,5,6
3772,1693227393190,1692255128958,1692255128963,1693227393200,10,5,5
3773,1693227393200,1692255128970,1692255128974,1693227393212,12,4,8
3774,1693227393212,1692255128983,1692255128987,1693227393224,12,4,8
3775,1693227393224,1692255128993,1692255128998,1693227393235,11,5,6
3776,1693227393235,1692255129004,1692255129009,1693227393246,11,5,6
3777,1693227393246,1692255129015,1692255129019,1693227393257,11,4,7
3778,1693227393257,1692255129029,1692255129033,1693227393270,13,4,9
3779,1693227393270,1692255129040,1692255129045,1693227393282,12,5,7
3780,1693227393282,1692255129051,1692255129056,1693227393293,11,5,6
3781,1693227393293,1692255129062,1692255129067,1693227393305,12,5,7
3782,1693227393305,1692255129074,1692255129080,1693227393317,12,6,6
3783,1693227393317,1692255129086,1692255129091,1693227393328,11,5,6
3784,1693227393328,1692255129097,1692255129101,1693227393338,10,4,6
3785,1693227393338,1692255129118,1692255129123,1693227393360,22,5,17
3786,1693227393360,1692255129129,1692255129134,1693227393372,12,5,7
3787,1693227393372,1692255129141,1692255129155,1693227393392,20,14,6
3788,1693227393392,1692255129168,1692255129174,1693227393411,19,6,13
3789,1693227393411,1692255129182,1692255129191,1693227393428,17,9,8
3790,1693227393428,1692255129201,1692255129206,1693227393443,15,5,10
3791,1693227393443,1692255129213,1692255129218,1693227393455,12,5,7
3792,1693227393455,1692255129223,1692255129228,1693227393466,11,5,6
3793,1693227393466,1692255129235,1692255129240,1693227393477,11,5,6
3794,1693227393477,1692255129246,1692255129251,1693227393488,11,5,6
3795,1693227393488,1692255129259,1692255129264,1693227393501,13,5,8
3796,1693227393501,1692255129270,1692255129275,1693227393512,11,5,6
3797,1693227393512,1692255129281,1692255129289,1693227393526,14,8,6
3798,1693227393526,1692255129295,1692255129300,1693227393537,11,5,6
3799,1693227393537,1692255129307,1692255129312,1693227393549,12,5,7
3800,1693227393549,1692255129318,1692255129328,1693227393565,16,10,6
3801,1693227393565,1692255129334,1692255129339,1693227393576,11,5,6
3802,1693227393576,1692255129346,1692255129350,1693227393588,12,4,8
3803,1693227393588,1692255129357,1692255129363,1693227393600,12,6,6
3804,1693227393600,1692255129369,1692255129374,1693227393611,11,5,6
3805,1693227393611,1692255129380,1692255129384,1693227393622,11,4,7
3806,1693227393622,1692255129391,1692255129395,1693227393632,10,4,6
3807,1693227393632,1692255129402,1692255129406,1693227393643,11,4,7
3808,1693227393644,1692255129412,1692255129417,1693227393654,10,5,5
3809,1693227393654,1692255129423,1692255129427,1693227393664,10,4,6
3810,1693227393664,1692255129434,1692255129439,1693227393676,12,5,7
3811,1693227393676,1692255129448,1692255129453,1693227393690,14,5,9
3812,1693227393690,1692255129459,1692255129463,1693227393700,10,4,6
3813,1693227393701,1692255129469,1692255129474,1693227393711,10,5,5
3814,1693227393711,1692255129480,1692255129483,1693227393724,13,3,10
3815,1693227393724,1692255129492,1692255129497,1693227393735,11,5,6
3816,1693227393735,1692255129513,1692255129518,1693227393755,20,5,15
3817,1693227393755,1692255129523,1692255129529,1693227393766,11,6,5
3818,1693227393766,1692255129535,1692255129539,1693227393776,10,4,6
3819,1693227393776,1692255129545,1692255129550,1693227393786,10,5,5
3820,1693227393786,1692255129555,1692255129560,1693227393796,10,5,5
3821,1693227393796,1692255129565,1692255129569,1693227393806,10,4,6
3822,1693227393806,1692255129574,1692255129579,1693227393816,10,5,5
3823,1693227393816,1692255129584,1692255129589,1693227393827,11,5,6
3824,1693227393827,1692255129596,1692255129600,1693227393837,10,4,6
3825,1693227393837,1692255129605,1692255129609,1693227393847,10,4,6
3826,1693227393847,1692255129616,1692255129621,1693227393858,11,5,6
3827,1693227393858,1692255129627,1692255129631,1693227393868,10,4,6
3828,1693227393868,1692255129637,1692255129642,1693227393879,11,5,6
3829,1693227393879,1692255129647,1692255129652,1693227393889,10,5,5
3830,1693227393889,1692255129658,1692255129663,1693227393900,11,5,6
3831,1693227393900,1692255129669,1692255129673,1693227393910,10,4,6
3832,1693227393910,1692255129687,1692255129692,1693227393929,19,5,14
3833,1693227393929,1692255129698,1692255129702,1693227393939,10,4,6
3834,1693227393939,1692255129708,1692255129715,1693227393952,13,7,6
3835,1693227393952,1692255129721,1692255129726,1693227393967,15,5,10
3836,1693227393968,1692255129736,1692255129741,1693227393978,10,5,5
3837,1693227393978,1692255129747,1692255129753,1693227393990,12,6,6
3838,1693227393990,1692255129759,1692255129765,1693227394002,12,6,6
3839,1693227394002,1692255129770,1692255129775,1693227394012,10,5,5
3840,1693227394012,1692255129781,1692255129786,1693227394023,11,5,6
3841,1693227394023,1692255129792,1692255129797,1693227394034,11,5,6
3842,1693227394034,1692255129803,1692255129808,1693227394045,11,5,6
3843,1693227394045,1692255129814,1692255129820,1693227394058,13,6,7
3844,1693227394058,1692255129826,1692255129832,1693227394069,11,6,5
3845,1693227394069,1692255129838,1692255129843,1693227394080,11,5,6
3846,1693227394080,1692255129849,1692255129855,1693227394092,12,6,6
3847,1693227394092,1692255129861,1692255129866,1693227394103,11,5,6
3848,1693227394103,1692255129872,1692255129877,1693227394114,11,5,6
3849,1693227394114,1692255129883,1692255129887,1693227394124,10,4,6
3850,1693227394124,1692255129903,1692255129909,1693227394148,24,6,18
3851,1693227394148,1692255129917,1692255129923,1693227394160,12,6,6
3852,1693227394160,1692255129929,1692255129934,1693227394171,11,5,6
3853,1693227394171,1692255129940,1692255129945,1693227394182,11,5,6
3854,1693227394182,1692255129951,1692255129956,1693227394193,11,5,6
3855,1693227394193,1692255129961,1692255129966,1693227394204,11,5,6
3856,1693227394204,1692255129973,1692255129981,1693227394218,14,8,6
3857,1693227394218,1692255129987,1692255129992,1693227394230,12,5,7
3858,1693227394230,1692255129999,1692255130004,1693227394241,11,5,6
3859,1693227394241,1692255130010,1692255130018,1693227394257,16,8,8
3860,1693227394257,1692255130026,1692255130030,1693227394267,10,4,6
3861,1693227394267,1692255130036,1692255130040,1693227394278,11,4,7
3862,1693227394278,1692255130050,1692255130054,1693227394291,13,4,9
3863,1693227394291,1692255130060,1692255130065,1693227394302,11,5,6
3864,1693227394302,1692255130071,1692255130076,1693227394313,11,5,6
3865,1693227394313,1692255130082,1692255130087,1693227394324,11,5,6
3866,1693227394324,1692255130092,1692255130097,1693227394334,10,5,5
3867,1693227394334,1692255130103,1692255130107,1693227394344,10,4,6
3868,1693227394344,1692255130115,1692255130119,1693227394356,12,4,8
3869,1693227394356,1692255130126,1692255130131,1693227394368,12,5,7
3870,1693227394368,1692255130137,1692255130144,1693227394381,13,7,6
3871,1693227394381,1692255130153,1692255130157,1693227394394,13,4,9
3872,1693227394394,1692255130162,1692255130172,1693227394409,15,10,5
3873,1693227394409,1692255130178,1692255130182,1693227394419,10,4,6
3874,1693227394419,1692255130188,1692255130194,1693227394435,16,6,10
3875,1693227394435,1692255130204,1692255130208,1693227394445,10,4,6
3876,1693227394445,1692255130214,1692255130218,1693227394455,10,4,6
3877,1693227394455,1692255130224,1692255130229,1693227394466,11,5,6
3878,1693227394466,1692255130235,1692255130240,1693227394476,10,5,5
3879,1693227394476,1692255130245,1692255130250,1693227394487,11,5,6
3880,1693227394487,1692255130267,1692255130271,1693227394508,21,4,17
3881,1693227394508,1692255130277,1692255130282,1693227394518,10,5,5
3882,1693227394519,1692255130287,1692255130292,1693227394529,10,5,5
3883,1693227394529,1692255130298,1692255130303,1693227394539,10,5,5
3884,1693227394539,1692255130310,1692255130314,1693227394551,12,4,8
3885,1693227394551,1692255130320,1692255130325,1693227394564,13,5,8
3886,1693227394564,1692255130333,1692255130338,1693227394575,11,5,6
3887,1693227394575,1692255130343,1692255130348,1693227394585,10,5,5
3888,1693227394585,1692255130356,1692255130361,1693227394598,13,5,8
3889,1693227394598,1692255130367,1692255130372,1693227394610,12,5,7
3890,1693227394610,1692255130379,1692255130384,1693227394621,11,5,6
3891,1693227394621,1692255130391,1692255130396,1693227394633,12,5,7
3892,1693227394633,1692255130403,1692255130408,1693227394645,12,5,7
3893,1693227394645,1692255130415,1692255130420,1693227394656,11,5,6
3894,1693227394656,1692255130425,1692255130430,1693227394668,12,5,7
3895,1693227394668,1692255130437,1692255130442,1693227394679,11,5,6
3896,1693227394680,1692255130449,1692255130454,1693227394691,11,5,6
3897,1693227394691,1692255130460,1692255130465,1693227394703,12,5,7
3898,1693227394703,1692255130472,1692255130478,1693227394715,12,6,6
3899,1693227394715,1692255130485,1692255130490,1693227394726,11,5,6
3900,1693227394726,1692255130495,1692255130502,1693227394739,13,7,6
3901,1693227394739,1692255130508,1692255130513,1693227394750,11,5,6
3902,1693227394751,1692255130520,1692255130525,1693227394762,11,5,6
3903,1693227394762,1692255130532,1692255130536,1693227394773,11,4,7
3904,1693227394773,1692255130542,1692255130550,1693227394788,15,8,7
3905,1693227394788,1692255130557,1692255130562,1693227394799,11,5,6
3906,1693227394799,1692255130568,1692255130573,1693227394810,11,5,6
3907,1693227394810,1692255130578,1692255130584,1693227394821,11,6,5
3908,1693227394821,1692255130590,1692255130594,1693227394831,10,4,6
3909,1693227394831,1692255130600,1692255130605,1693227394842,11,5,6
3910,1693227394842,1692255130611,1692255130616,1693227394853,11,5,6
3911,1693227394853,1692255130621,1692255130627,1693227394864,11,6,5
3912,1693227394864,1692255130633,1692255130639,1693227394876,12,6,6
3913,1693227394876,1692255130646,1692255130651,1693227394888,12,5,7
3914,1693227394888,1692255130657,1692255130662,1693227394899,11,5,6
3915,1693227394899,1692255130668,1692255130672,1693227394909,10,4,6
3916,1693227394909,1692255130678,1692255130683,1693227394920,11,5,6
3917,1693227394920,1692255130689,1692255130694,1693227394931,11,5,6
3918,1693227394931,1692255130699,1692255130704,1693227394940,9,5,4
3919,1693227394940,1692255130710,1692255130714,1693227394951,11,4,7
3920,1693227394951,1692255130721,1692255130725,1693227394962,11,4,7
3921,1693227394962,1692255130731,1692255130736,1693227394975,13,5,8
3922,1693227394975,1692255130744,1692255130749,1693227394986,11,5,6
3923,1693227394987,1692255130756,1692255130760,1693227394997,10,4,6
3924,1693227394997,1692255130767,1692255130771,1693227395008,11,4,7
3925,1693227395008,1692255130777,1692255130783,1693227395020,12,6,6
3926,1693227395020,1692255130789,1692255130794,1693227395031,11,5,6
3927,1693227395031,1692255130800,1692255130805,1693227395042,11,5,6
3928,1693227395042,1692255130811,1692255130816,1693227395054,12,5,7
3929,1693227395054,1692255130823,1692255130829,1693227395066,12,6,6
3930,1693227395066,1692255130835,1692255130840,1693227395077,11,5,6
3931,1693227395077,1692255130846,1692255130851,1693227395088,11,5,6
3932,1693227395088,1692255130857,1692255130862,1693227395099,11,5,6
3933,1693227395099,1692255130868,1692255130873,1693227395110,11,5,6
3934,1693227395110,1692255130880,1692255130884,1693227395121,11,4,7
3935,1693227395121,1692255130890,1692255130896,1693227395133,12,6,6
3936,1693227395133,1692255130901,1692255130906,1693227395143,10,5,5
3937,1693227395143,1692255130912,1692255130916,1693227395153,10,4,6
3938,1693227395153,1692255130922,1692255130927,1693227395164,11,5,6
3939,1693227395164,1692255130933,1692255130938,1693227395174,10,5,5
3940,1693227395175,1692255130945,1692255130950,1693227395188,13,5,8
3941,1693227395188,1692255130956,1692255130964,1693227395201,13,8,5
3942,1693227395201,1692255130971,1692255130978,1693227395215,14,7,7
3943,1693227395215,1692255130984,1692255130988,1693227395226,11,4,7
3944,1693227395226,1692255130995,1692255130999,1693227395236,10,4,6
3945,1693227395236,1692255131004,1692255131009,1693227395246,10,5,5
3946,1693227395246,1692255131014,1692255131019,1693227395256,10,5,5
3947,1693227395256,1692255131025,1692255131030,1693227395267,11,5,6
3948,1693227395267,1692255131036,1692255131040,1693227395277,10,4,6
3949,1693227395277,1692255131048,1692255131052,1693227395289,12,4,8
3950,1693227395289,1692255131058,1692255131062,1693227395298,9,4,5
3951,1693227395298,1692255131067,1692255131072,1693227395309,11,5,6
3952,1693227395309,1692255131078,1692255131083,1693227395320,11,5,6
3953,1693227395320,1692255131088,1692255131094,1693227395331,11,6,5
3954,1693227395331,1692255131100,1692255131104,1693227395341,10,4,6
3955,1693227395341,1692255131110,1692255131114,1693227395351,10,4,6
3956,1693227395351,1692255131119,1692255131123,1693227395359,8,4,4
3957,1693227395359,1692255131128,1692255131132,1693227395369,10,4,6
3958,1693227395369,1692255131139,1692255131143,1693227395380,11,4,7
3959,1693227395380,1692255131150,1692255131154,1693227395391,11,4,7
3960,1693227395391,1692255131160,1692255131164,1693227395401,10,4,6
3961,1693227395401,1692255131169,1692255131173,1693227395410,9,4,5
3962,1693227395410,1692255131178,1692255131182,1693227395419,9,4,5
3963,1693227395419,1692255131189,1692255131193,1693227395430,11,4,7
3964,1693227395430,1692255131198,1692255131204,1693227395440,10,6,4
3965,1693227395440,1692255131208,1692255131213,1693227395450,10,5,5
3966,1693227395450,1692255131219,1692255131225,1693227395462,12,6,6
3967,1693227395462,1692255131232,1692255131237,1693227395474,12,5,7
3968,1693227395474,1692255131244,1692255131249,1693227395486,12,5,7
3969,1693227395486,1692255131255,1692255131260,1693227395497,11,5,6
3970,1693227395497,1692255131266,1692255131271,1693227395507,10,5,5
3971,1693227395507,1692255131278,1692255131283,1693227395520,13,5,8
3972,1693227395520,1692255131290,1692255131296,1693227395533,13,6,7
3973,1693227395533,1692255131302,1692255131307,1693227395544,11,5,6
3974,1693227395544,1692255131313,1692255131319,1693227395556,12,6,6
3975,1693227395556,1692255131333,1692255131338,1693227395575,19,5,14
3976,1693227395575,1692255131344,1692255131349,1693227395588,13,5,8
3977,1693227395588,1692255131357,1692255131365,1693227395602,14,8,6
3978,1693227395603,1692255131371,1692255131375,1693227395613,10,4,6
3979,1693227395613,1692255131381,1692255131385,1693227395622,9,4,5
3980,1693227395622,1692255131391,1692255131395,1693227395632,10,4,6
3981,1693227395632,1692255131400,1692255131405,1693227395642,10,5,5
3982,1693227395642,1692255131410,1692255131414,1693227395651,9,4,5
3983,1693227395651,1692255131420,1692255131424,1693227395661,10,4,6
3984,1693227395661,1692255131430,1692255131435,1693227395671,10,5,5
3985,1693227395671,1692255131440,1692255131443,1693227395680,9,3,6
3986,1693227395680,1692255131449,1692255131454,1693227395691,11,5,6
3987,1693227395691,1692255131459,1692255131463,1693227395700,9,4,5
3988,1693227395700,1692255131469,1692255131474,1693227395711,11,5,6
3989,1693227395711,1692255131480,1692255131484,1693227395721,10,4,6
3990,1693227395721,1692255131491,1692255131495,1693227395732,11,4,7
3991,1693227395732,1692255131502,1692255131507,1693227395744,12,5,7
3992,1693227395745,1692255131514,1692255131519,1693227395756,11,5,6
3993,1693227395756,1692255131525,1692255131529,1693227395767,11,4,7
3994,1693227395767,1692255131536,1692255131540,1693227395777,10,4,6
3995,1693227395777,1692255131546,1692255131550,1693227395787,10,4,6
3996,1693227395787,1692255131556,1692255131560,1693227395797,10,4,6
3997,1693227395797,1692255131566,1692255131570,1693227395807,10,4,6
3998,1693227395807,1692255131576,1692255131581,1693227395818,11,5,6
3999,1693227395818,1692255131587,1692255131591,1693227395828,10,4,6
4000,1693227395828,1692255131597,1692255131601,1693227395838,10,4,6
4001,1693227395838,1692255131607,1692255131611,1693227395849,11,4,7
4002,1693227395849,1692255131618,1692255131623,1693227395860,11,5,6
4003,1693227395860,1692255131628,1692255131633,1693227395870,10,5,5
4004,1693227395870,1692255131639,1692255131644,1693227395881,11,5,6
4005,1693227395881,1692255131650,1692255131656,1693227395895,14,6,8
4006,1693227395895,1692255131664,1692255131668,1693227395905,10,4,6
4007,1693227395905,1692255131674,1692255131678,1693227395915,10,4,6
4008,1693227395915,1692255131684,1692255131689,1693227395926,11,5,6
4009,1693227395926,1692255131695,1692255131698,1693227395935,9,3,6
4010,1693227395935,1692255131704,1692255131709,1693227395946,11,5,6
4011,1693227395946,1692255131715,1692255131720,1693227395957,11,5,6
4012,1693227395957,1692255131730,1692255131734,1693227395971,14,4,10
4013,1693227395971,1692255131740,1692255131744,1693227395981,10,4,6
4014,1693227395981,1692255131750,1692255131757,1693227395994,13,7,6
4015,1693227395994,1692255131790,1692255131796,1693227396033,39,6,33
4016,1693227396033,1692255131802,1692255131808,1693227396045,12,6,6
4017,1693227396045,1692255131815,1692255131821,1693227396058,13,6,7
4018,1693227396058,1692255131827,1692255131832,1693227396069,11,5,6
4019,1693227396069,1692255131838,1692255131844,1693227396081,12,6,6
4020,1693227396081,1692255131850,1692255131859,1693227396097,16,9,7
4021,1693227396097,1692255131874,1692255131879,1693227396118,21,5,16
4022,1693227396118,1692255131887,1692255131892,1693227396203,85,5,80
4023,1693227396203,1692255131972,1692255131982,1693227396219,16,10,6
4024,1693227396219,1692255131988,1692255131992,1693227396230,11,4,7
4025,1693227396230,1692255131999,1692255132003,1693227396240,10,4,6
4026,1693227396240,1692255132009,1692255132014,1693227396251,11,5,6
4027,1693227396251,1692255132026,1692255132032,1693227396269,18,6,12
4028,1693227396269,1692255132038,1692255132043,1693227396280,11,5,6
4029,1693227396280,1692255132049,1692255132054,1693227396290,10,5,5
4030,1693227396290,1692255132059,1692255132064,1693227396301,11,5,6
4031,1693227396301,1692255132072,1692255132078,1693227396315,14,6,8
4032,1693227396315,1692255132084,1692255132089,1693227396326,11,5,6
4033,1693227396326,1692255132095,1692255132100,1693227396337,11,5,6
4034,1693227396337,1692255132106,1692255132111,1693227396348,11,5,6
4035,1693227396348,1692255132117,1692255132122,1693227396359,11,5,6
4036,1693227396359,1692255132129,1692255132134,1693227396371,12,5,7
4037,1693227396371,1692255132140,1692255132145,1693227396382,11,5,6
4038,1693227396382,1692255132153,1692255132158,1693227396395,13,5,8
4039,1693227396395,1692255132165,1692255132170,1693227396407,12,5,7
4040,1693227396407,1692255132176,1692255132182,1693227396419,12,6,6
4041,1693227396419,1692255132188,1692255132193,1693227396430,11,5,6
4042,1693227396430,1692255132198,1692255132202,1693227396439,9,4,5
4043,1693227396439,1692255132207,1692255132212,1693227396448,9,5,4
4044,1693227396448,1692255132217,1692255132221,1693227396458,10,4,6
4045,1693227396458,1692255132227,1692255132230,1693227396467,9,3,6
4046,1693227396467,1692255132236,1692255132240,1693227396477,10,4,6
4047,1693227396477,1692255132245,1692255132250,1693227396487,10,5,5
4048,1693227396487,1692255132256,1692255132259,1693227396496,9,3,6
4049,1693227396496,1692255132266,1692255132270,1693227396506,10,4,6
4050,1693227396506,1692255132276,1692255132282,1693227396519,13,6,7
4051,1693227396519,1692255132288,1692255132292,1693227396529,10,4,6
4052,1693227396529,1692255132298,1692255132302,1693227396538,9,4,5
4053,1693227396538,1692255132307,1692255132311,1693227396548,10,4,6
4054,1693227396548,1692255132316,1692255132320,1693227396557,9,4,5
4055,1693227396557,1692255132330,1692255132334,1693227396571,14,4,10
4056,1693227396571,1692255132340,1692255132344,1693227396581,10,4,6
4057,1693227396581,1692255132350,1692255132354,1693227396591,10,4,6
4058,1693227396591,1692255132359,1692255132364,1693227396601,10,5,5
4059,1693227396601,1692255132370,1692255132373,1693227396612,11,3,8
4060,1693227396612,1692255132381,1692255132385,1693227396621,9,4,5
4061,1693227396621,1692255132389,1692255132393,1693227396630,9,4,5
4062,1693227396630,1692255132399,1692255132403,1693227396639,9,4,5
4063,1693227396639,1692255132407,1692255132412,1693227396649,10,5,5
4064,1693227396649,1692255132417,1692255132422,1693227396658,9,5,4
4065,1693227396658,1692255132426,1692255132430,1693227396667,9,4,5
4066,1693227396667,1692255132436,1692255132441,1693227396678,11,5,6
4067,1693227396678,1692255132447,1692255132451,1693227396688,10,4,6
4068,1693227396688,1692255132457,1692255132462,1693227396699,11,5,6
4069,1693227396699,1692255132468,1692255132474,1693227396711,12,6,6
4070,1693227396711,1692255132481,1692255132486,1693227396723,12,5,7
4071,1693227396723,1692255132495,1692255132500,1693227396738,15,5,10
4072,1693227396738,1692255132507,1692255132511,1693227396748,10,4,6
4073,1693227396748,1692255132517,1692255132523,1693227396760,12,6,6
4074,1693227396760,1692255132529,1692255132533,1693227396770,10,4,6
4075,1693227396770,1692255132539,1692255132542,1693227396779,9,3,6
4076,1693227396779,1692255132548,1692255132552,1693227396788,9,4,5
4077,1693227396788,1692255132557,1692255132560,1693227396797,9,3,6
4078,1693227396797,1692255132565,1692255132570,1693227396807,10,5,5
4079,1693227396807,1692255132575,1692255132579,1693227396817,10,4,6
4080,1693227396817,1692255132586,1692255132590,1693227396827,10,4,6
4081,1693227396827,1692255132596,1692255132600,1693227396837,10,4,6
4082,1693227396837,1692255132614,1692255132618,1693227396855,18,4,14
4083,1693227396855,1692255132623,1692255132627,1693227396867,12,4,8
4084,1693227396867,1692255132640,1692255132644,1693227396881,14,4,10
4085,1693227396881,1692255132655,1692255132659,1693227396896,15,4,11
4086,1693227396896,1692255132665,1692255132669,1693227396906,10,4,6
4087,1693227396906,1692255132674,1692255132681,1693227396919,13,7,6
4088,1693227396920,1692255132688,1692255132692,1693227396929,9,4,5
4089,1693227396930,1692255132698,1692255132702,1693227396939,9,4,5
4090,1693227396939,1692255132708,1692255132712,1693227396949,10,4,6
4091,1693227396949,1692255132717,1692255132722,1693227396960,11,5,6
4092,1693227396960,1692255132728,1692255132732,1693227396969,9,4,5
4093,1693227396969,1692255132738,1692255132742,1693227396979,10,4,6
4094,1693227396979,1692255132752,1692255132757,1693227396994,15,5,10
4095,1693227396994,1692255132765,1692255132770,1693227397010,16,5,11
4096,1693227397010,1692255132780,1692255132785,1693227397022,12,5,7
4097,1693227397023,1692255132792,1692255132797,1693227397035,12,5,7
4098,1693227397035,1692255132807,1692255132811,1693227397049,14,4,10
4099,1693227397049,1692255132818,1692255132822,1693227397061,12,4,8
4100,1693227397061,1692255132830,1692255132834,1693227397074,13,4,9
4101,1693227397074,1692255132850,1692255132854,1693227397091,17,4,13
4102,1693227397091,1692255132860,1692255132864,1693227397101,10,4,6
4103,1693227397101,1692255132870,1692255132874,1693227397110,9,4,5
4104,1693227397111,1692255132879,1692255132884,1693227397121,10,5,5
4105,1693227397121,1692255132891,1692255132895,1693227397132,11,4,7
4106,1693227397132,1692255132905,1692255132909,1693227397146,14,4,10
4107,1693227397146,1692255132915,1692255132919,1693227397156,10,4,6
4108,1693227397157,1692255132925,1692255132930,1693227397167,10,5,5
4109,1693227397167,1692255132935,1692255132939,1693227397176,9,4,5
4110,1693227397176,1692255132946,1692255132950,1693227397187,11,4,7
4111,1693227397187,1692255132956,1692255132960,1693227397198,11,4,7
4112,1693227397198,1692255132967,1692255132971,1693227397208,10,4,6
4113,1693227397208,1692255132979,1692255132983,1693227397220,12,4,8
4114,1693227397220,1692255132988,1692255132991,1693227397229,9,3,6
4115,1693227397229,1692255133003,1692255133007,1693227397244,15,4,11
4116,1693227397244,1692255133012,1692255133017,1693227397263,19,5,14
4117,1693227397263,1692255133032,1692255133037,1693227397274,11,5,6
4118,1693227397274,1692255133045,1692255133050,1693227397286,12,5,7
4119,1693227397286,1692255133056,1692255133060,1693227397297,11,4,7
4120,1693227397297,1692255133065,1692255133069,1693227397306,9,4,5
4121,1693227397306,1692255133075,1692255133079,1693227397316,10,4,6
4122,1693227397316,1692255133085,1692255133090,1693227397328,12,5,7
4123,1693227397328,1692255133097,1692255133101,1693227397338,10,4,6
4124,1693227397338,1692255133106,1692255133112,1693227397349,11,6,5
4125,1693227397349,1692255133118,1692255133121,1693227397358,9,3,6
4126,1693227397358,1692255133127,1692255133131,1693227397367,9,4,5
4127,1693227397367,1692255133136,1692255133140,1693227397376,9,4,5
4128,1693227397377,1692255133145,1692255133149,1693227397386,9,4,5
4129,1693227397386,1692255133155,1692255133159,1693227397395,9,4,5
4130,1693227397395,1692255133163,1692255133167,1693227397404,9,4,5
4131,1693227397404,1692255133172,1692255133176,1693227397413,9,4,5
4132,1693227397413,1692255133183,1692255133187,1693227397424,11,4,7
4133,1693227397424,1692255133194,1692255133198,1693227397435,11,4,7
4134,1693227397436,1692255133205,1692255133211,1693227397448,12,6,6
4135,1693227397448,1692255133217,1692255133221,1693227397458,10,4,6
4136,1693227397458,1692255133227,1692255133231,1693227397468,10,4,6
4137,1693227397468,1692255133237,1692255133241,1693227397477,9,4,5
4138,1693227397477,1692255133247,1692255133251,1693227397488,11,4,7
4139,1693227397488,1692255133257,1692255133262,1693227397499,11,5,6
4140,1693227397499,1692255133268,1692255133272,1693227397509,10,4,6
4141,1693227397509,1692255133278,1692255133281,1693227397518,9,3,6
4142,1693227397518,1692255133287,1692255133291,1693227397528,10,4,6
4143,1693227397528,1692255133297,1692255133301,1693227397537,9,4,5
4144,1693227397537,1692255133306,1692255133310,1693227397547,10,4,6
4145,1693227397547,1692255133316,1692255133320,1693227397558,11,4,7
4146,1693227397558,1692255133331,1692255133336,1693227397573,15,5,10
4147,1693227397573,1692255133341,1692255133346,1693227397582,9,5,4
4148,1693227397582,1692255133351,1692255133354,1693227397591,9,3,6
4149,1693227397591,1692255133360,1692255133365,1693227397602,11,5,6
4150,1693227397602,1692255133371,1692255133374,1693227397611,9,3,6
4151,1693227397611,1692255133380,1692255133384,1693227397621,10,4,6
4152,1693227397621,1692255133389,1692255133393,1693227397630,9,4,5
4153,1693227397630,1692255133399,1692255133403,1693227397640,10,4,6
4154,1693227397640,1692255133408,1692255133412,1693227397649,9,4,5
4155,1693227397649,1692255133418,1692255133422,1693227397660,11,4,7
4156,1693227397660,1692255133428,1692255133433,1693227397670,10,5,5
4157,1693227397670,1692255133439,1692255133444,1693227397681,11,5,6
4158,1693227397681,1692255133450,1692255133454,1693227397691,10,4,6
4159,1693227397692,1692255133461,1692255133465,1693227397702,10,4,6
4160,1693227397702,1692255133471,1692255133475,1693227397712,10,4,6
4161,1693227397712,1692255133482,1692255133490,1693227397726,14,8,6
4162,1693227397726,1692255133495,1692255133499,1693227397738,12,4,8
4163,1693227397738,1692255133507,1692255133511,1693227397748,10,4,6
4164,1693227397748,1692255133517,1692255133520,1693227397757,9,3,6
4165,1693227397757,1692255133526,1692255133531,1693227397768,11,5,6
4166,1693227397768,1692255133537,1692255133542,1693227397779,11,5,6
4167,1693227397779,1692255133547,1692255133551,1693227397788,9,4,5
4168,1693227397788,1692255133557,1692255133564,1693227397800,12,7,5
4169,1693227397800,1692255133569,1692255133574,1693227397811,11,5,6
4170,1693227397811,1692255133579,1692255133584,1693227397821,10,5,5
4171,1693227397821,1692255133591,1692255133597,1693227397834,13,6,7
4172,1693227397834,1692255133603,1692255133608,1693227397846,12,5,7
4173,1693227397846,1692255133615,1692255133620,1693227397857,11,5,6
4174,1693227397857,1692255133626,1692255133632,1693227397870,13,6,7
4175,1693227397870,1692255133639,1692255133644,1693227397881,11,5,6
4176,1693227397881,1692255133650,1692255133654,1693227397890,9,4,5
4177,1693227397890,1692255133660,1692255133665,1693227397903,13,5,8
4178,1693227397903,1692255133672,1692255133677,1693227397914,11,5,6
4179,1693227397914,1692255133684,1692255133688,1693227397926,12,4,8
4180,1693227397926,1692255133695,1692255133700,1693227397938,12,5,7
4181,1693227397938,1692255133707,1692255133712,1693227397950,12,5,7
4182,1693227397950,1692255133719,1692255133724,1693227397961,11,5,6
4183,1693227397961,1692255133731,1692255133735,1693227397972,11,4,7
4184,1693227397973,1692255133742,1692255133748,1693227397985,12,6,6
4185,1693227397985,1692255133759,1692255133764,1693227398002,17,5,12
4186,1693227398002,1692255133772,1692255133776,1693227398013,11,4,7
4187,1693227398013,1692255133782,1692255133786,1693227398023,10,4,6
4188,1693227398023,1692255133792,1692255133796,1693227398033,10,4,6
4189,1693227398033,1692255133802,1692255133806,1693227398046,13,4,9
4190,1693227398046,1692255133815,1692255133819,1693227398056,10,4,6
4191,1693227398056,1692255133825,1692255133833,1693227398070,14,8,6
4192,1693227398070,1692255133839,1692255133843,1693227398080,10,4,6
4193,1693227398080,1692255133849,1692255133853,1693227398090,10,4,6
4194,1693227398090,1692255133859,1692255133863,1693227398100,10,4,6
4195,1693227398100,1692255133869,1692255133874,1693227398110,10,5,5
4196,1693227398111,1692255133881,1692255133886,1693227398123,12,5,7
4197,1693227398123,1692255133891,1692255133896,1693227398132,9,5,4
4198,1693227398133,1692255133901,1692255133908,1693227398145,12,7,5
4199,1693227398145,1692255133915,1692255133920,1693227398157,12,5,7
4200,1693227398157,1692255133925,1692255133931,1693227398168,11,6,5
4201,1693227398168,1692255133936,1692255133945,1693227398182,14,9,5
4202,1693227398182,1692255133950,1692255133954,1693227398191,9,4,5
4203,1693227398191,1692255133960,1692255133965,1693227398202,11,5,6
4204,1693227398202,1692255133971,1692255133975,1693227398212,10,4,6
4205,1693227398212,1692255133982,1692255133987,1693227398224,12,5,7
4206,1693227398224,1692255133993,1692255133997,1693227398234,10,4,6
4207,1693227398234,1692255134003,1692255134006,1693227398243,9,3,6
4208,1693227398243,1692255134013,1692255134017,1693227398254,11,4,7
4209,1693227398254,1692255134024,1692255134028,1693227398265,11,4,7
4210,1693227398265,1692255134033,1692255134037,1693227398274,9,4,5
4211,1693227398274,1692255134045,1692255134048,1693227398285,11,3,8
4212,1693227398285,1692255134053,1692255134058,1693227398294,9,5,4
4213,1693227398294,1692255134063,1692255134067,1693227398304,10,4,6
4214,1693227398304,1692255134073,1692255134077,1693227398314,10,4,6
4215,1693227398314,1692255134083,1692255134086,1693227398323,9,3,6
4216,1693227398323,1692255134093,1692255134097,1693227398334,11,4,7
4217,1693227398334,1692255134104,1692255134109,1693227398346,12,5,7
4218,1693227398346,1692255134115,1692255134120,1693227398357,11,5,6
4219,1693227398357,1692255134126,1692255134130,1693227398367,10,4,6
4220,1693227398367,1692255134135,1692255134140,1693227398377,10,5,5
4221,1693227398377,1692255134146,1692255134151,1693227398388,11,5,6
4222,1693227398388,1692255134158,1692255134162,1693227398399,11,4,7
4223,1693227398399,1692255134168,1692255134172,1693227398409,10,4,6
4224,1693227398409,1692255134177,1692255134180,1693227398417,8,3,5
4225,1693227398417,1692255134186,1692255134190,1693227398426,9,4,5
4226,1693227398426,1692255134195,1692255134200,1693227398436,10,5,5
4227,1693227398437,1692255134205,1692255134209,1693227398446,9,4,5
4228,1693227398446,1692255134215,1692255134220,1693227398457,11,5,6
4229,1693227398457,1692255134225,1692255134229,1693227398466,9,4,5
4230,1693227398466,1692255134234,1692255134238,1693227398474,8,4,4
4231,1693227398475,1692255134243,1692255134247,1693227398484,9,4,5
4232,1693227398484,1692255134253,1692255134257,1693227398494,10,4,6
4233,1693227398494,1692255134262,1692255134266,1693227398503,9,4,5
4234,1693227398503,1692255134272,1692255134278,1693227398515,12,6,6
4235,1693227398515,1692255134284,1692255134289,1693227398526,11,5,6
4236,1693227398526,1692255134295,1692255134299,1693227398536,10,4,6
4237,1693227398536,1692255134305,1692255134309,1693227398546,10,4,6
4238,1693227398546,1692255134315,1692255134320,1693227398557,11,5,6
4239,1693227398557,1692255134332,1692255134336,1693227398573,16,4,12
4240,1693227398573,1692255134342,1692255134347,1693227398584,11,5,6
4241,1693227398584,1692255134353,1692255134358,1693227398595,11,5,6
4242,1693227398595,1692255134363,1692255134368,1693227398605,10,5,5
4243,1693227398605,1692255134374,1692255134379,1693227398616,11,5,6
4244,1693227398616,1692255134384,1692255134389,1693227398626,10,5,5
4245,1693227398626,1692255134395,1692255134399,1693227398636,10,4,6
4246,1693227398636,1692255134405,1692255134409,1693227398646,10,4,6
4247,1693227398646,1692255134414,1692255134418,1693227398655,9,4,5
4248,1693227398655,1692255134426,1692255134430,1693227398666,11,4,7
4249,1693227398666,1692255134435,1692255134439,1693227398676,10,4,6
4250,1693227398676,1692255134444,1692255134448,1693227398685,9,4,5
4251,1693227398685,1692255134454,1692255134458,1693227398695,10,4,6
4252,1693227398695,1692255134464,1692255134469,1693227398706,11,5,6
4253,1693227398706,1692255134475,1692255134480,1693227398717,11,5,6
4254,1693227398717,1692255134486,1692255134491,1693227398728,11,5,6
4255,1693227398728,1692255134496,1692255134501,1693227398738,10,5,5
4256,1693227398738,1692255134506,1692255134511,1693227398749,11,5,6
4257,1693227398749,1692255134517,1692255134522,1693227398759,10,5,5
4258,1693227398759,1692255134529,1692255134535,1693227398772,13,6,7
4259,1693227398772,1692255134540,1692255134545,1693227398782,10,5,5
4260,1693227398782,1692255134551,1692255134555,1693227398792,10,4,6
4261,1693227398792,1692255134562,1692255134567,1693227398804,12,5,7
4262,1693227398804,1692255134572,1692255134577,1693227398814,10,5,5
4263,1693227398814,1692255134583,1692255134587,1693227398824,10,4,6
4264,1693227398824,1692255134592,1692255134597,1693227398834,10,5,5
4265,1693227398834,1692255134603,1692255134607,1693227398844,10,4,6
4266,1693227398844,1692255134613,1692255134617,1693227398854,10,4,6
4267,1693227398854,1692255134623,1692255134627,1693227398864,10,4,6
4268,1693227398864,1692255134633,1692255134636,1693227398873,9,3,6
4269,1693227398873,1692255134646,1692255134650,1693227398886,13,4,9
4270,1693227398886,1692255134655,1692255134659,1693227398896,10,4,6
4271,1693227398896,1692255134664,1692255134671,1693227398907,11,7,4
4272,1693227398908,1692255134676,1692255134680,1693227398917,9,4,5
4273,1693227398917,1692255134685,1692255134688,1693227398925,8,3,5
4274,1693227398925,1692255134694,1692255134698,1693227398935,10,4,6
4275,1693227398935,1692255134704,1692255134708,1693227398945,10,4,6
4276,1693227398945,1692255134715,1692255134720,1693227398957,12,5,7
4277,1693227398957,1692255134726,1692255134731,1693227398968,11,5,6
4278,1693227398968,1692255134738,1692255134743,1693227398980,12,5,7
4279,1693227398980,1692255134749,1692255134754,1693227398991,11,5,6
4280,1693227398991,1692255134765,1692255134770,1693227399007,16,5,11
4281,1693227399007,1692255134776,1692255134781,1693227399018,11,5,6
4282,1693227399018,1692255134787,1692255134793,1693227399029,11,6,5
4283,1693227399030,1692255134798,1692255134803,1693227399040,10,5,5
4284,1693227399040,1692255134810,1692255134814,1693227399050,10,4,6
4285,1693227399050,1692255134819,1692255134822,1693227399059,9,3,6
4286,1693227399059,1692255134828,1692255134832,1693227399071,12,4,8
4287,1693227399071,1692255134840,1692255134844,1693227399081,10,4,6
4288,1693227399081,1692255134849,1692255134853,1693227399090,9,4,5
4289,1693227399090,1692255134859,1692255134864,1693227399101,11,5,6
4290,1693227399101,1692255134870,1692255134874,1693227399111,10,4,6
4291,1693227399111,1692255134879,1692255134883,1693227399119,8,4,4
4292,1693227399119,1692255134888,1692255134892,1693227399128,9,4,5
4293,1693227399128,1692255134897,1692255134901,1693227399138,10,4,6
4294,1693227399138,1692255134906,1692255134911,1693227399147,9,5,4
4295,1693227399147,1692255134917,1692255134920,1693227399157,10,3,7
4296,1693227399157,1692255134926,1692255134929,1693227399166,9,3,6
4297,1693227399166,1692255134935,1692255134938,1693227399175,9,3,6
4298,1693227399175,1692255134944,1692255134948,1693227399185,10,4,6
4299,1693227399185,1692255134953,1692255134958,1693227399194,9,5,4
4300,1693227399194,1692255134963,1692255134968,1693227399205,11,5,6
4301,1693227399205,1692255134973,1692255134978,1693227399215,10,5,5
4302,1693227399215,1692255134983,1692255134986,1693227399223,8,3,5
4303,1693227399223,1692255134991,1692255134995,1693227399232,9,4,5
4304,1693227399232,1692255135000,1692255135004,1693227399240,8,4,4
4305,1693227399240,1692255135008,1692255135012,1693227399248,8,4,4
4306,1693227399248,1692255135016,1692255135020,1693227399257,9,4,5
4307,1693227399257,1692255135025,1692255135029,1693227399266,9,4,5
4308,1693227399266,1692255135041,1692255135047,1693227399283,17,6,11
4309,1693227399283,1692255135052,1692255135056,1693227399293,10,4,6
4310,1693227399293,1692255135061,1692255135065,1693227399302,9,4,5
4311,1693227399302,1692255135070,1692255135074,1693227399311,9,4,5
4312,1693227399311,1692255135080,1692255135084,1693227399321,10,4,6
4313,1693227399321,1692255135090,1692255135094,1693227399331,10,4,6
4314,1693227399331,1692255135100,1692255135103,1693227399340,9,3,6
4315,1693227399340,1692255135109,1692255135113,1693227399350,10,4,6
4316,1693227399350,1692255135120,1692255135124,1693227399361,11,4,7
4317,1693227399361,1692255135130,1692255135134,1693227399371,10,4,6
4318,1693227399371,1692255135140,1692255135144,1693227399381,10,4,6
4319,1693227399381,1692255135149,1692255135157,1693227399394,13,8,5
4320,1693227399394,1692255135163,1692255135170,1693227399406,12,7,5
4321,1693227399406,1692255135175,1692255135178,1693227399415,9,3,6
4322,1693227399415,1692255135184,1692255135187,1693227399424,9,3,6
4323,1693227399424,1692255135194,1692255135197,1693227399434,10,3,7
4324,1693227399434,1692255135202,1692255135206,1693227399442,8,4,4
4325,1693227399442,1692255135211,1692255135214,1693227399451,9,3,6
4326,1693227399451,1692255135220,1692255135223,1693227399460,9,3,6
4327,1693227399460,1692255135228,1692255135232,1693227399469,9,4,5
4328,1693227399469,1692255135239,1692255135242,1693227399479,10,3,7
4329,1693227399479,1692255135248,1692255135251,1693227399488,9,3,6
4330,1693227399488,1692255135256,1692255135260,1693227399497,9,4,5
4331,1693227399497,1692255135265,1692255135268,1693227399505,8,3,5
4332,1693227399505,1692255135274,1692255135277,1693227399514,9,3,6
4333,1693227399514,1692255135283,1692255135287,1693227399524,10,4,6
4334,1693227399524,1692255135293,1692255135296,1693227399533,9,3,6
4335,1693227399533,1692255135301,1692255135304,1693227399541,8,3,5
4336,1693227399541,1692255135309,1692255135312,1693227399549,8,3,5
4337,1693227399549,1692255135317,1692255135320,1693227399557,8,3,5
4338,1693227399557,1692255135325,1692255135329,1693227399565,8,4,4
4339,1693227399565,1692255135334,1692255135338,1693227399578,13,4,9
4340,1693227399578,1692255135348,1692255135352,1693227399589,11,4,7
4341,1693227399589,1692255135358,1692255135363,1693227399600,11,5,6
4342,1693227399600,1692255135368,1692255135372,1693227399609,9,4,5
4343,1693227399609,1692255135377,1692255135384,1693227399621,12,7,5
4344,1693227399621,1692255135390,1692255135394,1693227399631,10,4,6
4345,1693227399631,1692255135399,1692255135403,1693227399640,9,4,5
4346,1693227399640,1692255135408,1692255135413,1693227399650,10,5,5
4347,1693227399650,1692255135417,1692255135421,1693227399657,7,4,3
4348,1693227399658,1692255135425,1692255135429,1693227399665,7,4,3
4349,1693227399665,1692255135433,1692255135437,1693227399678,13,4,9
4350,1693227399678,1692255135447,1692255135450,1693227399687,9,3,6
4351,1693227399687,1692255135455,1692255135459,1693227399695,8,4,4
4352,1693227399695,1692255135463,1692255135467,1693227399703,8,4,4
4353,1693227399703,1692255135472,1692255135476,1693227399712,9,4,5
4354,1693227399712,1692255135481,1692255135485,1693227399722,10,4,6
4355,1693227399722,1692255135490,1692255135493,1693227399730,8,3,5
4356,1693227399730,1692255135498,1692255135502,1693227399738,8,4,4
4357,1693227399738,1692255135506,1692255135509,1693227399746,8,3,5
4358,1693227399746,1692255135514,1692255135518,1693227399755,9,4,5
4359,1693227399755,1692255135523,1692255135526,1693227399763,8,3,5
4360,1693227399763,1692255135532,1692255135535,1693227399772,9,3,6
4361,1693227399772,1692255135540,1692255135544,1693227399783,11,4,7
4362,1693227399783,1692255135554,1692255135557,1693227399795,12,3,9
4363,1693227399795,1692255135563,1692255135566,1693227399805,10,3,7
4364,1693227399805,1692255135573,1692255135576,1693227399813,8,3,5
4365,1693227399813,1692255135581,1692255135585,1693227399822,9,4,5
4366,1693227399822,1692255135590,1692255135594,1693227399831,9,4,5
4367,1693227399831,1692255135599,1692255135602,1693227399839,8,3,5
4368,1693227399839,1692255135607,1692255135610,1693227399847,8,3,5
4369,1693227399847,1692255135615,1692255135619,1693227399855,8,4,4
4370,1693227399855,1692255135623,1692255135627,1693227399875,20,4,16
4371,1693227399875,1692255135659,1692255135663,1693227399899,24,4,20
4372,1693227399899,1692255135668,1692255135672,1693227399909,10,4,6
4373,1693227399909,1692255135677,1692255135681,1693227399918,9,4,5
4374,1693227399918,1692255135687,1692255135691,1693227399928,10,4,6
4375,1693227399928,1692255135697,1692255135701,1693227399937,9,4,5
4376,1693227399937,1692255135705,1692255135710,1693227399946,9,5,4
4377,1693227399947,1692255135715,1692255135720,1693227399956,9,5,4
4378,1693227399957,1692255135725,1692255135729,1693227399966,9,4,5
4379,1693227399966,1692255135734,1692255135738,1693227399974,8,4,4
4380,1693227399974,1692255135743,1692255135748,1693227399985,11,5,6
4381,1693227399985,1692255135754,1692255135757,1693227399994,9,3,6
4382,1693227399994,1692255135763,1692255135766,1693227400004,10,3,7
4383,1693227400004,1692255135773,1692255135777,1693227400014,10,4,6
4384,1693227400014,1692255135783,1692255135787,1693227400024,10,4,6
4385,1693227400024,1692255135792,1692255135796,1693227400032,8,4,4
4386,1693227400032,1692255135800,1692255135803,1693227400040,8,3,5
4387,1693227400040,1692255135808,1692255135811,1693227400048,8,3,5
4388,1693227400048,1692255135817,1692255135820,1693227400057,9,3,6
4389,1693227400057,1692255135825,1692255135828,1693227400065,8,3,5
4390,1693227400065,1692255135834,1692255135837,1693227400074,9,3,6
4391,1693227400074,1692255135843,1692255135849,1693227400086,12,6,6
4392,1693227400086,1692255135856,1692255135859,1693227400096,10,3,7
4393,1693227400096,1692255135865,1692255135869,1693227400106,10,4,6
4394,1693227400106,1692255135875,1692255135879,1693227400116,10,4,6
4395,1693227400116,1692255135885,1692255135889,1693227400126,10,4,6
4396,1693227400126,1692255135895,1692255135899,1693227400135,9,4,5
4397,1693227400136,1692255135904,1692255135909,1693227400145,9,5,4
4398,1693227400145,1692255135914,1692255135919,1693227400156,11,5,6
4399,1693227400156,1692255135925,1692255135929,1693227400166,10,4,6
4400,1693227400166,1692255135934,1692255135938,1693227400176,10,4,6
4401,1693227400176,1692255135944,1692255135948,1693227400185,9,4,5
4402,1693227400186,1692255135954,1692255135959,1693227400196,10,5,5
4403,1693227400196,1692255135965,1692255135969,1693227400206,10,4,6
4404,1693227400206,1692255135974,1692255135978,1693227400216,10,4,6
4405,1693227400216,1692255135984,1692255135988,1693227400225,9,4,5
4406,1693227400225,1692255135994,1692255135998,1693227400235,10,4,6
4407,1693227400235,1692255136005,1692255136008,1693227400245,10,3,7
4408,1693227400245,1692255136014,1692255136019,1693227400256,11,5,6
4409,1693227400256,1692255136032,1692255136036,1693227400272,16,4,12
4410,1693227400272,1692255136041,1692255136045,1693227400282,10,4,6
4411,1693227400282,1692255136051,1692255136055,1693227400292,10,4,6
4412,1693227400293,1692255136062,1692255136067,1693227400303,10,5,5
4413,1693227400304,1692255136072,1692255136076,1693227400313,9,4,5
4414,1693227400313,1692255136081,1692255136085,1693227400322,9,4,5
4415,1693227400322,1692255136090,1692255136094,1693227400330,8,4,4
4416,1693227400330,1692255136098,1692255136103,1693227400340,10,5,5
4417,1693227400340,1692255136109,1692255136116,1693227400353,13,7,6
4418,1693227400353,1692255136121,1692255136125,1693227400362,9,4,5
4419,1693227400362,1692255136130,1692255136134,1693227400371,9,4,5
4420,1693227400371,1692255136140,1692255136144,1693227400381,10,4,6
4421,1693227400381,1692255136149,1692255136157,1693227400394,13,8,5
4422,1693227400394,1692255136163,1692255136168,1693227400405,11,5,6
4423,1693227400405,1692255136174,1692255136179,1693227400416,11,5,6
4424,1693227400416,1692255136185,1692255136189,1693227400426,10,4,6
4425,1693227400426,1692255136195,1692255136199,1693227400435,9,4,5
4426,1693227400435,1692255136204,1692255136208,1693227400445,10,4,6
4427,1693227400445,1692255136213,1692255136217,1693227400454,9,4,5
4428,1693227400454,1692255136222,1692255136226,1693227400463,9,4,5
4429,1693227400463,1692255136232,1692255136237,1693227400474,11,5,6
4430,1693227400474,1692255136243,1692255136247,1693227400484,10,4,6
4431,1693227400484,1692255136253,1692255136257,1693227400494,10,4,6
4432,1693227400494,1692255136262,1692255136266,1693227400503,9,4,5
4433,1693227400503,1692255136272,1692255136276,1693227400512,9,4,5
4434,1693227400512,1692255136282,1692255136285,1693227400522,10,3,7
4435,1693227400522,1692255136291,1692255136295,1693227400532,10,4,6
4436,1693227400532,1692255136300,1692255136305,1693227400541,9,5,4
4437,1693227400542,1692255136310,1692255136313,1693227400550,8,3,5
4438,1693227400550,1692255136318,1692255136322,1693227400558,8,4,4
4439,1693227400558,1692255136327,1692255136331,1693227400568,10,4,6
4440,1693227400568,1692255136336,1692255136340,1693227400577,9,4,5
4441,1693227400577,1692255136346,1692255136350,1693227400586,9,4,5
4442,1693227400586,1692255136355,1692255136359,1693227400596,10,4,6
4443,1693227400596,1692255136364,1692255136368,1693227400605,9,4,5
4444,1693227400605,1692255136373,1692255136378,1693227400615,10,5,5
4445,1693227400615,1692255136383,1692255136387,1693227400624,9,4,5
4446,1693227400624,1692255136393,1692255136398,1693227400635,11,5,6
4447,1693227400635,1692255136403,1692255136407,1693227400644,9,4,5
4448,1693227400644,1692255136412,1692255136416,1693227400653,9,4,5
4449,1693227400653,1692255136421,1692255136425,1693227400662,9,4,5
4450,1693227400662,1692255136430,1692255136436,1693227400673,11,6,5
4451,1693227400673,1692255136443,1692255136447,1693227400684,11,4,7
4452,1693227400684,1692255136458,1692255136463,1693227400699,15,5,10
4453,1693227400699,1692255136467,1692255136471,1693227400708,9,4,5
4454,1693227400708,1692255136484,1692255136490,1693227400727,19,6,13
4455,1693227400727,1692255136495,1692255136499,1693227400735,8,4,4
4456,1693227400735,1692255136503,1692255136507,1693227400744,9,4,5
4457,1693227400744,1692255136512,1692255136515,1693227400754,10,3,7
4458,1693227400754,1692255136522,1692255136526,1693227400762,8,4,4
4459,1693227400762,1692255136531,1692255136534,1693227400770,8,3,5
4460,1693227400770,1692255136538,1692255136542,1693227400778,8,4,4
4461,1693227400779,1692255136547,1692255136550,1693227400787,8,3,5
4462,1693227400787,1692255136555,1692255136559,1693227400795,8,4,4
4463,1693227400795,1692255136563,1692255136567,1693227400803,8,4,4
4464,1693227400803,1692255136572,1692255136575,1693227400811,8,3,5
4465,1693227400811,1692255136579,1692255136583,1693227400820,9,4,5
4466,1693227400820,1692255136588,1692255136591,1693227400829,9,3,6
4467,1693227400829,1692255136597,1692255136601,1693227400838,9,4,5
4468,1693227400838,1692255136606,1692255136610,1693227400846,8,4,4
4469,1693227400846,1692255136615,1692255136619,1693227400855,9,4,5
4470,1693227400855,1692255136624,1692255136628,1693227400864,9,4,5
4471,1693227400864,1692255136633,1692255136638,1693227400875,11,5,6
4472,1693227400875,1692255136644,1692255136648,1693227400885,10,4,6
4473,1693227400885,1692255136654,1692255136658,1693227400895,10,4,6
4474,1693227400895,1692255136664,1692255136668,1693227400905,10,4,6
4475,1693227400905,1692255136673,1692255136677,1693227400914,9,4,5
4476,1693227400914,1692255136682,1692255136687,1693227400924,10,5,5
4477,1693227400924,1692255136693,1692255136698,1693227400934,10,5,5
4478,1693227400934,1692255136706,1692255136711,1693227400947,13,5,8
4479,1693227400947,1692255136717,1692255136722,1693227400958,11,5,6
4480,1693227400958,1692255136728,1692255136733,1693227400969,11,5,6
4481,1693227400969,1692255136738,1692255136743,1693227400980,11,5,6
4482,1693227400980,1692255136748,1692255136752,1693227400991,11,4,7
4483,1693227400991,1692255136760,1692255136767,1693227401003,12,7,5
4484,1693227401003,1692255136777,1692255136783,1693227401020,17,6,11
4485,1693227401020,1692255136789,1692255136794,1693227401031,11,5,6
4486,1693227401031,1692255136801,1692255136805,1693227401042,11,4,7
4487,1693227401042,1692255136811,1692255136816,1693227401052,10,5,5
4488,1693227401052,1692255136821,1692255136824,1693227401063,11,3,8
4489,1693227401063,1692255136831,1692255136836,1693227401073,10,5,5
4490,1693227401073,1692255136842,1692255136846,1693227401082,9,4,5
4491,1693227401082,1692255136852,1692255136858,1693227401095,13,6,7
4492,1693227401095,1692255136864,1692255136868,1693227401104,9,4,5
4493,1693227401104,1692255136873,1692255136876,1693227401113,9,3,6
4494,1693227401113,1692255136882,1692255136886,1693227401124,11,4,7
4495,1693227401124,1692255136892,1692255136896,1693227401133,9,4,5
4496,1693227401133,1692255136902,1692255136906,1693227401143,10,4,6
4497,1693227401143,1692255136912,1692255136917,1693227401155,12,5,7
4498,1693227401155,1692255136924,1692255136929,1693227401166,11,5,6
4499,1693227401166,1692255136934,1692255136938,1693227401175,9,4,5
4500,1693227401175,1692255136944,1692255136948,1693227401185,10,4,6
4501,1693227401185,1692255136953,1692255136957,1693227401194,9,4,5
4502,1693227401194,1692255136963,1692255136968,1693227401205,11,5,6
4503,1693227401205,1692255136974,1692255136978,1693227401221,16,4,12
4504,1693227401221,1692255136989,1692255136994,1693227401231,10,5,5
4505,1693227401231,1692255137000,1692255137004,1693227401241,10,4,6
4506,1693227401241,1692255137010,1692255137014,1693227401252,11,4,7
4507,1693227401252,1692255137020,1692255137025,1693227401262,10,5,5
4508,1693227401262,1692255137030,1692255137035,1693227401272,10,5,5
4509,1693227401272,1692255137040,1692255137044,1693227401281,9,4,5
4510,1693227401281,1692255137050,1692255137055,1693227401292,11,5,6
4511,1693227401292,1692255137061,1692255137065,1693227401302,10,4,6
4512,1693227401302,1692255137071,1692255137075,1693227401312,10,4,6
4513,1693227401312,1692255137080,1692255137084,1693227401322,10,4,6
4514,1693227401322,1692255137091,1692255137095,1693227401332,10,4,6
4515,1693227401332,1692255137100,1692255137103,1693227401339,7,3,4
4516,1693227401339,1692255137108,1692255137112,1693227401349,10,4,6
4517,1693227401349,1692255137117,1692255137120,1693227401357,8,3,5
4518,1693227401357,1692255137125,1692255137129,1693227401365,8,4,4
4519,1693227401365,1692255137133,1692255137137,1693227401374,9,4,5
4520,1693227401374,1692255137142,1692255137146,1693227401385,11,4,7
4521,1693227401385,1692255137157,1692255137161,1693227401398,13,4,9
4522,1693227401398,1692255137167,1692255137174,1693227401411,13,7,6
4523,1693227401411,1692255137180,1692255137185,1693227401422,11,5,6
4524,1693227401422,1692255137191,1692255137196,1693227401433,11,5,6
4525,1693227401433,1692255137201,1692255137205,1693227401442,9,4,5
4526,1693227401442,1692255137211,1692255137215,1693227401452,10,4,6
4527,1693227401452,1692255137221,1692255137228,1693227401465,13,7,6
4528,1693227401465,1692255137234,1692255137238,1693227401474,9,4,5
4529,1693227401474,1692255137243,1692255137247,1693227401483,9,4,5
4530,1693227401483,1692255137252,1692255137256,1693227401493,10,4,6
4531,1693227401493,1692255137265,1692255137269,1693227401506,13,4,9
4532,1693227401506,1692255137274,1692255137278,1693227401514,8,4,4
4533,1693227401514,1692255137282,1692255137285,1693227401522,8,3,5
4534,1693227401522,1692255137293,1692255137297,1693227401533,11,4,7
4535,1693227401533,1692255137302,1692255137306,1693227401543,10,4,6
4536,1693227401543,1692255137311,1692255137314,1693227401551,8,3,5
4537,1693227401551,1692255137320,1692255137323,1693227401560,9,3,6
4538,1693227401560,1692255137330,1692255137334,1693227401570,10,4,6
4539,1693227401570,1692255137339,1692255137342,1693227401581,11,3,8
4540,1693227401581,1692255137349,1692255137354,1693227401590,9,5,4
4541,1693227401590,1692255137359,1692255137363,1693227401600,10,4,6
4542,1693227401600,1692255137370,1692255137373,1693227401610,10,3,7
4543,1693227401610,1692255137379,1692255137383,1693227401619,9,4,5
4544,1693227401619,1692255137388,1692255137392,1693227401629,10,4,6
4545,1693227401629,1692255137398,1692255137401,1693227401643,14,3,11
4546,1693227401643,1692255137411,1692255137414,1693227401651,8,3,5
4547,1693227401651,1692255137420,1692255137423,1693227401659,8,3,5
4548,1693227401659,1692255137428,1692255137432,1693227401668,9,4,5
4549,1693227401668,1692255137437,1692255137440,1693227401677,9,3,6
4550,1693227401677,1692255137446,1692255137449,1693227401686,9,3,6
4551,1693227401686,1692255137454,1692255137457,1693227401694,8,3,5
4552,1693227401694,1692255137462,1692255137465,1693227401702,8,3,5
4553,1693227401702,1692255137472,1692255137475,1693227401712,10,3,7
4554,1693227401712,1692255137482,1692255137485,1693227401722,10,3,7
4555,1693227401722,1692255137490,1692255137494,1693227401732,10,4,6
4556,1693227401732,1692255137500,1692255137504,1693227401741,9,4,5
4557,1693227401741,1692255137510,1692255137515,1693227401752,11,5,6
4558,1693227401752,1692255137521,1692255137525,1693227401762,10,4,6
4559,1693227401762,1692255137533,1692255137536,1693227401773,11,3,8
4560,1693227401773,1692255137542,1692255137546,1693227401782,9,4,5
4561,1693227401782,1692255137550,1692255137554,1693227401791,9,4,5
4562,1693227401791,1692255137559,1692255137563,1693227401800,9,4,5
4563,1693227401800,1692255137568,1692255137572,1693227401815,15,4,11
4564,1693227401816,1692255137603,1692255137608,1693227401844,28,5,23
4565,1693227401844,1692255137612,1692255137616,1693227401853,9,4,5
4566,1693227401853,1692255137621,1692255137625,1693227401862,9,4,5
4567,1693227401862,1692255137630,1692255137633,1693227401870,8,3,5
4568,1693227401870,1692255137639,1692255137642,1693227401879,9,3,6
4569,1693227401879,1692255137647,1692255137650,1693227401887,8,3,5
4570,1693227401887,1692255137655,1692255137659,1693227401896,9,4,5
4571,1693227401896,1692255137664,1692255137667,1693227401904,8,3,5
4572,1693227401904,1692255137673,1692255137677,1693227401913,9,4,5
4573,1693227401913,1692255137682,1692255137685,1693227401922,9,3,6
4574,1693227401922,1692255137691,1692255137694,1693227401931,9,3,6
4575,1693227401931,1692255137699,1692255137702,1693227401939,8,3,5
4576,1693227401939,1692255137708,1692255137712,1693227401949,10,4,6
4577,1693227401949,1692255137718,1692255137721,1693227401958,9,3,6
4578,1693227401958,1692255137726,1692255137730,1693227401967,9,4,5
4579,1693227401967,1692255137735,1692255137739,1693227401975,8,4,4
4580,1693227401975,1692255137744,1692255137748,1693227401985,10,4,6
4581,1693227401985,1692255137756,1692255137760,1693227401997,12,4,8
4582,1693227401997,1692255137767,1692255137770,1693227402007,10,3,7
4583,1693227402007,1692255137776,1692255137779,1693227402016,9,3,6
4584,1693227402016,1692255137785,1692255137788,1693227402025,9,3,6
4585,1693227402025,1692255137794,1692255137798,1693227402034,9,4,5
4586,1693227402034,1692255137806,1692255137811,1693227402047,13,5,8
4587,1693227402047,1692255137816,1692255137819,1693227402056,9,3,6
4588,1693227402056,1692255137825,1692255137830,1693227402067,11,5,6
4589,1693227402067,1692255137836,1692255137841,1693227402078,11,5,6
4590,1693227402078,1692255137846,1692255137850,1693227402087,9,4,5
4591,1693227402087,1692255137855,1692255137859,1693227402096,9,4,5
4592,1693227402096,1692255137864,1692255137868,1693227402105,9,4,5
4593,1693227402105,1692255137873,1692255137876,1693227402113,8,3,5
4594,1693227402113,1692255137881,1692255137886,1693227402123,10,5,5
4595,1693227402123,1692255137891,1692255137895,1693227402131,8,4,4
4596,1693227402131,1692255137899,1692255137902,1693227402142,11,3,8
4597,1693227402143,1692255137911,1692255137914,1693227402151,8,3,5
4598,1693227402151,1692255137919,1692255137923,1693227402160,9,4,5
4599,1693227402160,1692255137928,1692255137932,1693227402169,9,4,5
4600,1693227402169,1692255137937,1692255137941,1693227402177,8,4,4
4601,1693227402178,1692255137948,1692255137953,1693227402191,13,5,8
4602,1693227402191,1692255137959,1692255137963,1693227402201,10,4,6
4603,1693227402201,1692255137970,1692255137973,1693227402210,9,3,6
4604,1693227402210,1692255137978,1692255137982,1693227402218,8,4,4
4605,1693227402218,1692255137986,1692255137990,1693227402226,8,4,4
4606,1693227402226,1692255137995,1692255137998,1693227402236,10,3,7
4607,1693227402236,1692255138004,1692255138008,1693227402245,9,4,5
4608,1693227402245,1692255138013,1692255138017,1693227402253,8,4,4
4609,1693227402253,1692255138023,1692255138027,1693227402263,10,4,6
4610,1693227402263,1692255138031,1692255138036,1693227402273,10,5,5
4611,1693227402273,1692255138042,1692255138047,1693227402284,11,5,6
4612,1693227402284,1692255138052,1692255138057,1693227402293,9,5,4
4613,1693227402293,1692255138062,1692255138066,1693227402303,10,4,6
4614,1693227402303,1692255138071,1692255138075,1693227402312,9,4,5
4615,1693227402312,1692255138081,1692255138085,1693227402322,10,4,6
4616,1693227402322,1692255138096,1692255138100,1693227402349,27,4,23
4617,1693227402349,1692255138121,1692255138125,1693227402363,14,4,10
4618,1693227402363,1692255138131,1692255138135,1693227402376,13,4,9
4619,1693227402376,1692255138145,1692255138149,1693227402386,10,4,6
4620,1693227402386,1692255138159,1692255138164,1693227402401,15,5,10
4621,1693227402401,1692255138173,1692255138177,1693227402414,13,4,9
4622,1693227402414,1692255138183,1692255138186,1693227402424,10,3,7
4623,1693227402424,1692255138192,1692255138196,1693227402433,9,4,5
4624,1693227402434,1692255138202,1692255138207,1693227402444,10,5,5
4625,1693227402444,1692255138214,1692255138219,1693227402457,13,5,8
4626,1693227402457,1692255138228,1692255138232,1693227402469,12,4,8
4627,1693227402469,1692255138241,1692255138245,1693227402482,13,4,9
4628,1693227402482,1692255138250,1692255138255,1693227402491,9,5,4
4629,1693227402491,1692255138260,1692255138264,1693227402501,10,4,6
4630,1693227402501,1692255138270,1692255138274,1693227402511,10,4,6
4631,1693227402511,1692255138279,1692255138283,1693227402524,13,4,9
4632,1693227402524,1692255138292,1692255138297,1693227402534,10,5,5
4633,1693227402534,1692255138302,1692255138306,1693227402543,9,4,5
4634,1693227402543,1692255138312,1692255138316,1693227402553,10,4,6
4635,1693227402553,1692255138321,1692255138325,1693227402562,9,4,5
4636,1693227402562,1692255138331,1692255138335,1693227402587,25,4,21
4637,1693227402587,1692255138356,1692255138360,1693227402597,10,4,6
4638,1693227402597,1692255138365,1692255138371,1693227402608,11,6,5
4639,1693227402608,1692255138376,1692255138381,1693227402617,9,5,4
4640,1693227402617,1692255138386,1692255138391,1693227402628,11,5,6
4641,1693227402628,1692255138399,1692255138403,1693227402640,12,4,8
4642,1693227402640,1692255138408,1692255138412,1693227402649,9,4,5
4643,1693227402649,1692255138420,1692255138424,1693227402661,12,4,8
4644,1693227402661,1692255138430,1692255138434,1693227402671,10,4,6
4645,1693227402671,1692255138439,1692255138443,1693227402680,9,4,5
4646,1693227402680,1692255138449,1692255138454,1693227402690,10,5,5
4647,1693227402691,1692255138459,1692255138463,1693227402700,9,4,5
4648,1693227402700,1692255138468,1692255138472,1693227402709,9,4,5
4649,1693227402709,1692255138477,1692255138480,1693227402717,8,3,5
4650,1693227402717,1692255138485,1692255138489,1693227402726,9,4,5
4651,1693227402726,1692255138494,1692255138498,1693227402735,9,4,5
4652,1693227402735,1692255138504,1692255138509,1693227402746,11,5,6
4653,1693227402746,1692255138514,1692255138518,1693227402756,10,4,6
4654,1693227402756,1692255138524,1692255138528,1693227402765,9,4,5
4655,1693227402765,1692255138533,1692255138537,1693227402774,9,4,5
4656,1693227402774,1692255138543,1692255138547,1693227402784,10,4,6
4657,1693227402784,1692255138553,1692255138557,1693227402794,10,4,6
4658,1693227402794,1692255138563,1692255138568,1693227402804,10,5,5
4659,1693227402804,1692255138573,1692255138577,1693227402814,10,4,6
4660,1693227402814,1692255138582,1692255138586,1693227402823,9,4,5
4661,1693227402823,1692255138591,1692255138596,1693227402833,10,5,5
4662,1693227402833,1692255138602,1692255138606,1693227402843,10,4,6
4663,1693227402843,1692255138611,1692255138615,1693227402852,9,4,5
4664,1693227402852,1692255138621,1692255138624,1693227402861,9,3,6
4665,1693227402861,1692255138630,1692255138635,1693227402872,11,5,6
4666,1693227402872,1692255138641,1692255138645,1693227402882,10,4,6
4667,1693227402882,1692255138650,1692255138654,1693227402891,9,4,5
4668,1693227402891,1692255138659,1692255138663,1693227402899,8,4,4
4669,1693227402899,1692255138667,1692255138670,1693227402907,8,3,5
4670,1693227402907,1692255138676,1692255138679,1693227402916,9,3,6
4671,1693227402916,1692255138685,1692255138688,1693227402925,9,3,6
4672,1693227402925,1692255138694,1692255138699,1693227402935,10,5,5
4673,1693227402935,1692255138704,1692255138709,1693227402946,11,5,6
4674,1693227402946,1692255138715,1692255138720,1693227402956,10,5,5
4675,1693227402956,1692255138727,1692255138733,1693227402970,14,6,8
4676,1693227402970,1692255138738,1692255138743,1693227402980,10,5,5
4677,1693227402980,1692255138749,1692255138753,1693227402990,10,4,6
4678,1693227402990,1692255138759,1692255138763,1693227403000,10,4,6
4679,1693227403000,1692255138768,1692255138773,1693227403009,9,5,4
4680,1693227403009,1692255138778,1692255138782,1693227403022,13,4,9
4681,1693227403022,1692255138790,1692255138794,1693227403031,9,4,5
4682,1693227403031,1692255138800,1692255138805,1693227403042,11,5,6
4683,1693227403042,1692255138811,1692255138814,1693227403051,9,3,6
4684,1693227403051,1692255138819,1692255138823,1693227403063,12,4,8
4685,1693227403063,1692255138832,1692255138835,1693227403072,9,3,6
4686,1693227403072,1692255138841,1692255138845,1693227403082,10,4,6
4687,1693227403082,1692255138850,1692255138854,1693227403091,9,4,5
4688,1693227403091,1692255138859,1692255138863,1693227403099,8,4,4
4689,1693227403099,1692255138868,1692255138872,1693227403108,9,4,5
4690,1693227403108,1692255138878,1692255138882,1693227403119,11,4,7
4691,1693227403119,1692255138888,1692255138892,1693227403129,10,4,6
4692,1693227403129,1692255138897,1692255138902,1693227403139,10,5,5
4693,1693227403139,1692255138908,1692255138913,1693227403149,10,5,5
4694,1693227403149,1692255138919,1692255138924,1693227403161,12,5,7
4695,1693227403161,1692255138934,1692255138939,1693227403176,15,5,10
4696,1693227403176,1692255138945,1692255138950,1693227403187,11,5,6
4697,1693227403187,1692255138956,1692255138960,1693227403197,10,4,6
4698,1693227403197,1692255138965,1692255138969,1693227403205,8,4,4
4699,1693227403205,1692255138974,1692255138978,1693227403214,9,4,5
4700,1693227403214,1692255138983,1692255138987,1693227403224,10,4,6
4701,1693227403224,1692255138992,1692255138997,1693227403234,10,5,5
4702,1693227403234,1692255139003,1692255139007,1693227403244,10,4,6
4703,1693227403244,1692255139015,1692255139019,1693227403256,12,4,8
4704,1693227403256,1692255139024,1692255139029,1693227403268,12,5,7
4705,1693227403268,1692255139039,1692255139044,1693227403281,13,5,8
4706,1693227403281,1692255139050,1692255139055,1693227403292,11,5,6
4707,1693227403292,1692255139060,1692255139065,1693227403302,10,5,5
4708,1693227403302,1692255139071,1692255139074,1693227403311,9,3,6
4709,1693227403311,1692255139087,1692255139091,1693227403327,16,4,12
4710,1693227403327,1692255139096,1692255139100,1693227403337,10,4,6
4711,1693227403337,1692255139105,1692255139110,1693227403346,9,5,4
4712,1693227403346,1692255139115,1692255139122,1693227403359,13,7,6
4713,1693227403359,1692255139127,1692255139132,1693227403370,11,5,6
4714,1693227403370,1692255139139,1692255139143,1693227403380,10,4,6
4715,1693227403380,1692255139148,1692255139153,1693227403390,10,5,5
4716,1693227403390,1692255139158,1692255139162,1693227403398,8,4,4
4717,1693227403398,1692255139166,1692255139170,1693227403407,9,4,5
4718,1693227403407,1692255139175,1692255139179,1693227403415,8,4,4
4719,1693227403415,1692255139184,1692255139187,1693227403424,9,3,6
4720,1693227403424,1692255139192,1692255139196,1693227403433,9,4,5
4721,1693227403433,1692255139201,1692255139204,1693227403441,8,3,5
4722,1693227403441,1692255139209,1692255139213,1693227403450,9,4,5
4723,1693227403450,1692255139218,1692255139222,1693227403458,8,4,4
4724,1693227403458,1692255139226,1692255139230,1693227403466,8,4,4
4725,1693227403466,1692255139235,1692255139238,1693227403475,9,3,6
4726,1693227403475,1692255139243,1692255139247,1693227403484,9,4,5
4727,1693227403484,1692255139253,1692255139257,1693227403494,10,4,6
4728,1693227403494,1692255139263,1692255139267,1693227403504,10,4,6
4729,1693227403504,1692255139272,1692255139276,1693227403513,9,4,5
4730,1693227403513,1692255139282,1692255139286,1693227403523,10,4,6
4731,1693227403523,1692255139291,1692255139296,1693227403532,9,5,4
4732,1693227403532,1692255139302,1692255139307,1693227403544,12,5,7
4733,1693227403544,1692255139312,1692255139316,1693227403554,10,4,6
4734,1693227403554,1692255139322,1692255139326,1693227403563,9,4,5
4735,1693227403563,1692255139332,1692255139335,1693227403572,9,3,6
4736,1693227403572,1692255139342,1692255139347,1693227403583,11,5,6
4737,1693227403583,1692255139352,1692255139356,1693227403593,10,4,6
4738,1693227403593,1692255139361,1692255139365,1693227403602,9,4,5
4739,1693227403602,1692255139370,1692255139373,1693227403610,8,3,5
4740,1693227403610,1692255139378,1692255139381,1693227403618,8,3,5
4741,1693227403618,1692255139387,1692255139391,1693227403627,9,4,5
4742,1693227403627,1692255139395,1692255139399,1693227403635,8,4,4
4743,1693227403635,1692255139404,1692255139407,1693227403644,9,3,6
4744,1693227403644,1692255139412,1692255139415,1693227403652,8,3,5
4745,1693227403652,1692255139421,1692255139424,1693227403661,9,3,6
4746,1693227403661,1692255139429,1692255139433,1693227403670,9,4,5
4747,1693227403670,1692255139438,1692255139441,1693227403678,8,3,5
4748,1693227403678,1692255139446,1692255139449,1693227403686,8,3,5
4749,1693227403686,1692255139454,1692255139459,1693227403696,10,5,5
4750,1693227403696,1692255139465,1692255139468,1693227403705,9,3,6
4751,1693227403705,1692255139473,1692255139477,1693227403714,9,4,5
4752,1693227403714,1692255139482,1692255139485,1693227403722,8,3,5
4753,1693227403722,1692255139491,1692255139494,1693227403730,8,3,5
4754,1693227403731,1692255139499,1692255139503,1693227403740,9,4,5
4755,1693227403740,1692255139508,1692255139511,1693227403748,8,3,5
4756,1693227403748,1692255139516,1692255139519,1693227403755,7,3,4
4757,1693227403755,1692255139523,1692255139527,1693227403764,9,4,5
4758,1693227403764,1692255139532,1692255139537,1693227403775,11,5,6
4759,1693227403775,1692255139544,1692255139547,1693227403784,9,3,6
4760,1693227403784,1692255139552,1692255139556,1693227403792,8,4,4
4761,1693227403792,1692255139561,1692255139565,1693227403802,10,4,6
4762,1693227403802,1692255139572,1692255139576,1693227403813,11,4,7
4763,1693227403813,1692255139582,1692255139586,1693227403823,10,4,6
4764,1693227403823,1692255139592,1692255139597,1693227403833,10,5,5
4765,1693227403833,1692255139602,1692255139606,1693227403842,9,4,5
4766,1693227403842,1692255139611,1692255139615,1693227403851,9,4,5
4767,1693227403851,1692255139619,1692255139624,1693227403860,9,5,4
4768,1693227403861,1692255139629,1692255139633,1693227403869,8,4,4
4769,1693227403869,1692255139638,1692255139641,1693227403878,9,3,6
4770,1693227403878,1692255139648,1692255139652,1693227403888,10,4,6
4771,1693227403888,1692255139657,1692255139660,1693227403896,8,3,5
4772,1693227403896,1692255139664,1692255139668,1693227403905,9,4,5
4773,1693227403905,1692255139674,1692255139677,1693227403914,9,3,6
4774,1693227403914,1692255139682,1692255139685,1693227403922,8,3,5
4775,1693227403922,1692255139690,1692255139694,1693227403931,9,4,5
4776,1693227403931,1692255139699,1692255139702,1693227403939,8,3,5
4777,1693227403939,1692255139707,1692255139711,1693227403948,9,4,5
4778,1693227403948,1692255139716,1692255139719,1693227403956,8,3,5
4779,1693227403956,1692255139725,1692255139728,1693227403965,9,3,6
4780,1693227403965,1692255139733,1692255139737,1693227403974,9,4,5
4781,1693227403974,1692255139742,1692255139745,1693227403985,11,3,8
4782,1693227403985,1692255139753,1692255139756,1693227403993,8,3,5
4783,1693227403993,1692255139761,1692255139764,1693227404001,8,3,5
4784,1693227404001,1692255139769,1692255139772,1693227404009,8,3,5
4785,1693227404009,1692255139777,1692255139783,1693227404020,11,6,5
4786,1693227404020,1692255139788,1692255139792,1693227404029,9,4,5
4787,1693227404029,1692255139797,1692255139800,1693227404037,8,3,5
4788,1693227404037,1692255139805,1692255139809,1693227404046,9,4,5
4789,1693227404046,1692255139815,1692255139819,1693227404056,10,4,6
4790,1693227404056,1692255139825,1692255139829,1693227404066,10,4,6
4791,1693227404066,1692255139835,1692255139839,1693227404075,9,4,5
4792,1693227404075,1692255139843,1692255139847,1693227404083,8,4,4
4793,1693227404083,1692255139854,1692255139857,1693227404094,11,3,8
4794,1693227404094,1692255139863,1692255139867,1693227404104,10,4,6
4795,1693227404104,1692255139872,1692255139876,1693227404113,9,4,5
4796,1693227404113,1692255139881,1692255139888,1693227404126,13,7,6
4797,1693227404126,1692255139895,1692255139899,1693227404136,10,4,6
4798,1693227404136,1692255139905,1692255139909,1693227404146,10,4,6
4799,1693227404147,1692255139916,1692255139920,1693227404156,9,4,5
4800,1693227404156,1692255139925,1692255139929,1693227404165,9,4,5
4801,1693227404165,1692255139935,1692255139940,1693227404177,12,5,7
4802,1693227404177,1692255139946,1692255139952,1693227404190,13,6,7
4803,1693227404190,1692255139959,1692255139964,1693227404200,10,5,5
4804,1693227404200,1692255139969,1692255139972,1693227404210,10,3,7
4805,1693227404210,1692255139978,1692255139982,1693227404219,9,4,5
4806,1693227404219,1692255139988,1692255139992,1693227404229,10,4,6
4807,1693227404229,1692255139998,1692255140003,1693227404240,11,5,6
4808,1693227404240,1692255140008,1692255140013,1693227404250,10,5,5
4809,1693227404250,1692255140019,1692255140024,1693227404260,10,5,5
4810,1693227404260,1692255140029,1692255140033,1693227404269,9,4,5
4811,1693227404270,1692255140038,1692255140042,1693227404279,9,4,5
4812,1693227404279,1692255140047,1692255140052,1693227404288,9,5,4
4813,1693227404288,1692255140059,1692255140062,1693227404299,11,3,8
4814,1693227404299,1692255140067,1692255140070,1693227404307,8,3,5
4815,1693227404307,1692255140076,1692255140080,1693227404317,10,4,6
4816,1693227404317,1692255140086,1692255140090,1693227404326,9,4,5
4817,1693227404326,1692255140095,1692255140099,1693227404336,10,4,6
4818,1693227404336,1692255140104,1692255140108,1693227404345,9,4,5
4819,1693227404345,1692255140115,1692255140119,1693227404355,10,4,6
4820,1693227404355,1692255140124,1692255140128,1693227404364,9,4,5
4821,1693227404364,1692255140133,1692255140139,1693227404376,12,6,6
4822,1693227404376,1692255140144,1692255140148,1693227404385,9,4,5
4823,1693227404385,1692255140154,1692255140159,1693227404395,10,5,5
4824,1693227404395,1692255140164,1692255140168,1693227404404,9,4,5
4825,1693227404404,1692255140172,1692255140177,1693227404414,10,5,5
4826,1693227404414,1692255140183,1692255140188,1693227404424,10,5,5
4827,1693227404424,1692255140193,1692255140197,1693227404434,10,4,6
4828,1693227404434,1692255140203,1692255140207,1693227404443,9,4,5
4829,1693227404443,1692255140212,1692255140215,1693227404452,9,3,6
4830,1693227404452,1692255140221,1692255140225,1693227404462,10,4,6
4831,1693227404462,1692255140231,1692255140235,1693227404471,9,4,5
4832,1693227404472,1692255140240,1692255140244,1693227404481,9,4,5
4833,1693227404481,1692255140249,1692255140252,1693227404489,8,3,5
4834,1693227404489,1692255140258,1692255140262,1693227404499,10,4,6
4835,1693227404499,1692255140267,1692255140271,1693227404507,8,4,4
4836,1693227404507,1692255140283,1692255140287,1693227404524,17,4,13
4837,1693227404524,1692255140292,1692255140296,1693227404533,9,4,5
4838,1693227404533,1692255140302,1692255140306,1693227404543,10,4,6
4839,1693227404543,1692255140313,1692255140317,1693227404554,11,4,7
4840,1693227404554,1692255140328,1692255140332,1693227404569,15,4,11
4841,1693227404569,1692255140338,1692255140342,1693227404579,10,4,6
4842,1693227404579,1692255140348,1692255140352,1693227404589,10,4,6
4843,1693227404589,1692255140358,1692255140362,1693227404599,10,4,6
4844,1693227404599,1692255140368,1692255140372,1693227404609,10,4,6
4845,1693227404609,1692255140377,1692255140381,1693227404618,9,4,5
4846,1693227404618,1692255140386,1692255140389,1693227404626,8,3,5
4847,1693227404626,1692255140395,1692255140399,1693227404636,10,4,6
4848,1693227404636,1692255140405,1692255140409,1693227404646,10,4,6
4849,1693227404646,1692255140414,1692255140418,1693227404655,9,4,5
4850,1693227404655,1692255140423,1692255140427,1693227404664,9,4,5
4851,1693227404664,1692255140432,1692255140436,1693227404672,8,4,4
4852,1693227404672,1692255140441,1692255140445,1693227404682,10,4,6
4853,1693227404682,1692255140450,1692255140454,1693227404691,9,4,5
4854,1693227404691,1692255140459,1692255140462,1693227404701,10,3,7
4855,1693227404701,1692255140469,1692255140473,1693227404710,9,4,5
4856,1693227404710,1692255140478,1692255140482,1693227404719,9,4,5
4857,1693227404719,1692255140487,1692255140491,1693227404727,8,4,4
4858,1693227404727,1692255140496,1692255140502,1693227404738,11,6,5
4859,1693227404738,1692255140507,1692255140510,1693227404747,9,3,6
4860,1693227404747,1692255140515,1692255140519,1693227404755,8,4,4
4861,1693227404755,1692255140532,1692255140535,1693227404772,17,3,14
4862,1693227404772,1692255140540,1692255140543,1693227404780,8,3,5
4863,1693227404780,1692255140549,1692255140552,1693227404789,9,3,6
4864,1693227404789,1692255140557,1692255140560,1693227404797,8,3,5
4865,1693227404797,1692255140566,1692255140570,1693227404806,9,4,5
4866,1693227404806,1692255140576,1692255140580,1693227404817,11,4,7
4867,1693227404817,1692255140585,1692255140589,1693227404826,9,4,5
4868,1693227404826,1692255140594,1692255140598,1693227404836,10,4,6
4869,1693227404836,1692255140604,1692255140608,1693227404845,9,4,5
4870,1693227404845,1692255140614,1692255140618,1693227404854,9,4,5
4871,1693227404854,1692255140623,1692255140627,1693227404863,9,4,5
4872,1693227404863,1692255140632,1692255140636,1693227404873,10,4,6
4873,1693227404873,1692255140642,1692255140647,1693227404883,10,5,5
4874,1693227404883,1692255140653,1692255140656,1693227404893,10,3,7
4875,1693227404893,1692255140662,1692255140666,1693227404903,10,4,6
4876,1693227404903,1692255140673,1692255140677,1693227404914,11,4,7
4877,1693227404914,1692255140683,1692255140687,1693227404924,10,4,6
4878,1693227404924,1692255140693,1692255140696,1693227404933,9,3,6
4879,1693227404933,1692255140701,1692255140704,1693227404941,8,3,5
4880,1693227404941,1692255140709,1692255140713,1693227404949,8,4,4
4881,1693227404949,1692255140717,1692255140721,1693227404958,9,4,5
4882,1693227404958,1692255140726,1692255140730,1693227404967,9,4,5
4883,1693227404967,1692255140735,1692255140739,1693227404975,8,4,4
4884,1693227404975,1692255140744,1692255140747,1693227404984,9,3,6
4885,1693227404984,1692255140752,1692255140755,1693227404992,8,3,5
4886,1693227404992,1692255140761,1692255140764,1693227405001,9,3,6
4887,1693227405001,1692255140769,1692255140772,1693227405009,8,3,5
4888,1693227405009,1692255140778,1692255140781,1693227405018,9,3,6
4889,1693227405018,1692255140786,1692255140789,1693227405026,8,3,5
4890,1693227405026,1692255140794,1692255140798,1693227405035,9,4,5
4891,1693227405035,1692255140804,1692255140809,1693227405045,10,5,5
4892,1693227405045,1692255140814,1692255140818,1693227405055,10,4,6
4893,1693227405055,1692255140824,1692255140829,1693227405065,10,5,5
4894,1693227405065,1692255140834,1692255140837,1693227405074,9,3,6
4895,1693227405074,1692255140843,1692255140850,1693227405086,12,7,5
4896,1693227405087,1692255140855,1692255140859,1693227405096,9,4,5
4897,1693227405096,1692255140864,1692255140869,1693227405106,10,5,5
4898,1693227405106,1692255140874,1692255140879,1693227405115,9,5,4
4899,1693227405115,1692255140883,1692255140887,1693227405124,9,4,5
4900,1693227405124,1692255140893,1692255140897,1693227405134,10,4,6
4901,1693227405134,1692255140903,1692255140907,1693227405144,10,4,6
4902,1693227405144,1692255140913,1692255140916,1693227405153,9,3,6
4903,1693227405153,1692255140922,1692255140926,1693227405163,10,4,6
4904,1693227405163,1692255140932,1692255140936,1693227405172,9,4,5
4905,1693227405172,1692255140941,1692255140946,1693227405182,10,5,5
4906,1693227405182,1692255140951,1692255140954,1693227405191,9,3,6
4907,1693227405191,1692255140961,1692255140966,1693227405203,12,5,7
4908,1693227405203,1692255140978,1692255140983,1693227405220,17,5,12
4909,1693227405220,1692255140990,1692255140996,1693227405232,12,6,6
4910,1693227405232,1692255141001,1692255141006,1693227405243,11,5,6
4911,1693227405243,1692255141011,1692255141015,1693227405252,9,4,5
4912,1693227405252,1692255141020,1692255141024,1693227405261,9,4,5
4913,1693227405261,1692255141030,1692255141038,1693227405275,14,8,6
4914,1693227405275,1692255141043,1692255141047,1693227405285,10,4,6
4915,1693227405285,1692255141053,1692255141058,1693227405295,10,5,5
4916,1693227405295,1692255141063,1692255141067,1693227405303,8,4,4
4917,1693227405303,1692255141072,1692255141076,1693227405313,10,4,6
4918,1693227405313,1692255141082,1692255141086,1693227405323,10,4,6
4919,1693227405323,1692255141092,1692255141096,1693227405333,10,4,6
4920,1693227405333,1692255141102,1692255141105,1693227405342,9,3,6
4921,1693227405342,1692255141112,1692255141116,1693227405353,11,4,7
4922,1693227405353,1692255141122,1692255141126,1693227405363,10,4,6
4923,1693227405363,1692255141132,1692255141136,1693227405373,10,4,6
4924,1693227405373,1692255141142,1692255141146,1693227405383,10,4,6
4925,1693227405383,1692255141152,1692255141156,1693227405392,9,4,5
4926,1693227405392,1692255141162,1692255141166,1693227405403,11,4,7
4927,1693227405403,1692255141171,1692255141175,1693227405412,9,4,5
4928,1693227405412,1692255141181,1692255141185,1693227405422,10,4,6
4929,1693227405422,1692255141190,1692255141195,1693227405431,9,5,4
4930,1693227405431,1692255141200,1692255141204,1693227405441,10,4,6
4931,1693227405441,1692255141209,1692255141215,1693227405452,11,6,5
4932,1693227405452,1692255141221,1692255141225,1693227405462,10,4,6
4933,1693227405462,1692255141231,1692255141236,1693227405472,10,5,5
4934,1693227405472,1692255141241,1692255141244,1693227405481,9,3,6
4935,1693227405481,1692255141250,1692255141253,1693227405490,9,3,6
4936,1693227405490,1692255141258,1692255141262,1693227405498,8,4,4
4937,1693227405498,1692255141267,1692255141270,1693227405507,9,3,6
4938,1693227405507,1692255141275,1692255141280,1693227405516,9,5,4
4939,1693227405516,1692255141287,1692255141292,1693227405529,13,5,8
4940,1693227405529,1692255141297,1692255141301,1693227405538,9,4,5
4941,1693227405538,1692255141307,1692255141311,1693227405547,9,4,5
4942,1693227405547,1692255141315,1692255141320,1693227405557,10,5,5
4943,1693227405557,1692255141325,1692255141329,1693227405565,8,4,4
4944,1693227405565,1692255141334,1692255141338,1693227405576,11,4,7
4945,1693227405576,1692255141344,1692255141348,1693227405585,9,4,5
4946,1693227405585,1692255141354,1692255141361,1693227405598,13,7,6
4947,1693227405598,1692255141367,1692255141371,1693227405608,10,4,6
4948,1693227405608,1692255141376,1692255141381,1693227405618,10,5,5
4949,1693227405618,1692255141386,1692255141390,1693227405627,9,4,5
4950,1693227405627,1692255141395,1692255141400,1693227405637,10,5,5
4951,1693227405637,1692255141406,1692255141410,1693227405647,10,4,6
4952,1693227405647,1692255141416,1692255141420,1693227405657,10,4,6
4953,1693227405657,1692255141426,1692255141429,1693227405666,9,3,6
4954,1693227405666,1692255141435,1692255141438,1693227405675,9,3,6
4955,1693227405675,1692255141443,1692255141447,1693227405683,8,4,4
4956,1693227405683,1692255141451,1692255141455,1693227405691,8,4,4
4957,1693227405692,1692255141460,1692255141464,1693227405701,9,4,5
4958,1693227405701,1692255141469,1692255141473,1693227405710,9,4,5
4959,1693227405710,1692255141478,1692255141481,1693227405718,8,3,5
4960,1693227405718,1692255141487,1692255141491,1693227405727,9,4,5
4961,1693227405727,1692255141496,1692255141500,1693227405737,10,4,6
4962,1693227405737,1692255141506,1692255141510,1693227405747,10,4,6
4963,1693227405747,1692255141516,1692255141520,1693227405757,10,4,6
4964,1693227405757,1692255141526,1692255141530,1693227405767,10,4,6
4965,1693227405767,1692255141535,1692255141539,1693227405775,8,4,4
4966,1693227405775,1692255141545,1692255141549,1693227405786,11,4,7
4967,1693227405786,1692255141554,1692255141560,1693227405797,11,6,5
4968,1693227405797,1692255141566,1692255141570,1693227405807,10,4,6
4969,1693227405807,1692255141575,1692255141580,1693227405817,10,5,5
4970,1693227405817,1692255141587,1692255141591,1693227405828,11,4,7
4971,1693227405828,1692255141596,1692255141600,1693227405837,9,4,5
4972,1693227405837,1692255141610,1692255141614,1693227405852,15,4,11
4973,1693227405852,1692255141620,1692255141625,1693227405862,10,5,5
4974,1693227405862,1692255141641,1692255141646,1693227405883,21,5,16
4975,1693227405883,1692255141652,1692255141658,1693227405895,12,6,6
4976,1693227405895,1692255141664,1692255141669,1693227405906,11,5,6
4977,1693227405906,1692255141676,1692255141681,1693227405919,13,5,8
4978,1693227405919,1692255141688,1692255141692,1693227405930,11,4,7
4979,1693227405930,1692255141699,1692255141704,1693227405940,10,5,5
4980,1693227405940,1692255141710,1692255141715,1693227405952,12,5,7
4981,1693227405952,1692255141721,1692255141725,1693227405962,10,4,6
4982,1693227405962,1692255141730,1692255141735,1693227405971,9,5,4
4983,1693227405971,1692255141740,1692255141745,1693227405982,11,5,6
4984,1693227405982,1692255141750,1692255141755,1693227405992,10,5,5
4985,1693227405992,1692255141760,1692255141765,1693227406001,9,5,4
4986,1693227406001,1692255141769,1692255141773,1693227406010,9,4,5
4987,1693227406010,1692255141779,1692255141783,1693227406020,10,4,6
4988,1693227406020,1692255141788,1692255141792,1693227406029,9,4,5
4989,1693227406029,1692255141799,1692255141803,1693227406040,11,4,7
4990,1693227406040,1692255141808,1692255141813,1693227406049,9,5,4
4991,1693227406049,1692255141818,1692255141822,1693227406059,10,4,6
4992,1693227406059,1692255141828,1692255141832,1693227406069,10,4,6
4993,1693227406069,1692255141837,1692255141842,1693227406078,9,5,4
4994,1693227406078,1692255141848,1692255141853,1693227406089,11,5,6
4995,1693227406089,1692255141859,1692255141863,1693227406099,10,4,6
4996,1693227406099,1692255141868,1692255141874,1693227406111,12,6,6
4997,1693227406111,1692255141880,1692255141885,1693227406122,11,5,6
4998,1693227406122,1692255141898,1692255141903,1693227406140,18,5,13
4999,1693227406140,1692255141909,1692255141914,1693227406150,10,5,5
5000,1693227406150,1692255141919,1692255141924,1693227406161,11,5,6
5001,1693227406161,1692255141930,1692255141934,1693227406171,10,4,6
5002,1693227406171,1692255141942,1692255141946,1693227406183,12,4,8
5003,1693227406183,1692255141952,1692255141957,1693227406194,11,5,6
5004,1693227406194,1692255141962,1692255141970,1693227406207,13,8,5
5005,1693227406207,1692255141976,1692255141980,1693227406217,10,4,6
5006,1693227406217,1692255141987,1692255141991,1693227406229,12,4,8
5007,1693227406229,1692255141998,1692255142003,1693227406240,11,5,6
5008,1693227406240,1692255142010,1692255142015,1693227406252,12,5,7
5009,1693227406252,1692255142021,1692255142027,1693227406264,12,6,6
5010,1693227406264,1692255142036,1692255142040,1693227406277,13,4,9
5011,1693227406278,1692255142047,1692255142051,1693227406288,10,4,6
5012,1693227406288,1692255142057,1692255142062,1693227406299,11,5,6
5013,1693227406299,1692255142068,1692255142073,1693227406310,11,5,6
5014,1693227406310,1692255142079,1692255142083,1693227406320,10,4,6
5015,1693227406320,1692255142089,1692255142094,1693227406331,11,5,6
5016,1693227406331,1692255142100,1692255142105,1693227406341,10,5,5
5017,1693227406341,1692255142111,1692255142116,1693227406353,12,5,7
5018,1693227406353,1692255142122,1692255142127,1693227406365,12,5,7
5019,1693227406365,1692255142134,1692255142138,1693227406375,10,4,6
5020,1693227406375,1692255142144,1692255142149,1693227406385,10,5,5
5021,1693227406385,1692255142155,1692255142160,1693227406397,12,5,7
5022,1693227406397,1692255142166,1692255142171,1693227406408,11,5,6
5023,1693227406408,1692255142177,1692255142181,1693227406418,10,4,6
5024,1693227406418,1692255142187,1692255142190,1693227406427,9,3,6
5025,1693227406427,1692255142195,1692255142200,1693227406437,10,5,5
5026,1693227406437,1692255142206,1692255142210,1693227406447,10,4,6
5027,1693227406447,1692255142216,1692255142220,1693227406457,10,4,6
5028,1693227406457,1692255142226,1692255142231,1693227406468,11,5,6
5029,1693227406468,1692255142236,1692255142241,1693227406478,10,5,5
5030,1693227406478,1692255142247,1692255142251,1693227406487,9,4,5
5031,1693227406487,1692255142256,1692255142260,1693227406497,10,4,6
5032,1693227406497,1692255142266,1692255142270,1693227406507,10,4,6
5033,1693227406507,1692255142276,1692255142281,1693227406518,11,5,6
5034,1693227406518,1692255142287,1692255142292,1693227406529,11,5,6
5035,1693227406529,1692255142298,1692255142303,1693227406540,11,5,6
5036,1693227406540,1692255142312,1692255142318,1693227406555,15,6,9
5037,1693227406555,1692255142324,1692255142330,1693227406566,11,6,5
5038,1693227406566,1692255142336,1692255142342,1693227406579,13,6,7
5039,1693227406579,1692255142348,1692255142352,1693227406590,11,4,7
5040,1693227406590,1692255142359,1692255142364,1693227406601,11,5,6
5041,1693227406601,1692255142370,1692255142378,1693227406615,14,8,6
5042,1693227406615,1692255142384,1692255142389,1693227406626,11,5,6
5043,1693227406626,1692255142396,1692255142400,1693227406637,11,4,7
5044,1693227406637,1692255142412,1692255142416,1693227406653,16,4,12
5045,1693227406653,1692255142422,1692255142429,1693227406666,13,7,6
5046,1693227406666,1692255142435,1692255142439,1693227406676,10,4,6
5047,1693227406676,1692255142444,1692255142449,1693227406686,10,5,5
5048,1693227406686,1692255142455,1692255142460,1693227406697,11,5,6
5049,1693227406697,1692255142467,1692255142472,1693227406709,12,5,7
5050,1693227406709,1692255142478,1692255142482,1693227406719,10,4,6
5051,1693227406719,1692255142488,1692255142493,1693227406730,11,5,6
5052,1693227406730,1692255142500,1692255142505,1693227406742,12,5,7
5053,1693227406742,1692255142511,1692255142516,1693227406753,11,5,6
5054,1693227406753,1692255142522,1692255142527,1693227406763,10,5,5
5055,1693227406763,1692255142532,1692255142537,1693227406774,11,5,6
5056,1693227406774,1692255142543,1692255142548,1693227406785,11,5,6
5057,1693227406785,1692255142554,1692255142559,1693227406796,11,5,6
5058,1693227406796,1692255142566,1692255142571,1693227406808,12,5,7
5059,1693227406808,1692255142577,1692255142582,1693227406819,11,5,6
5060,1693227406819,1692255142587,1692255142593,1693227406830,11,6,5
5061,1693227406830,1692255142599,1692255142604,1693227406841,11,5,6
5062,1693227406841,1692255142609,1692255142614,1693227406852,11,5,6
5063,1693227406852,1692255142621,1692255142625,1693227406862,10,4,6
5064,1693227406862,1692255142631,1692255142635,1693227406872,10,4,6
5065,1693227406872,1692255142641,1692255142645,1693227406882,10,4,6
5066,1693227406882,1692255142651,1692255142655,1693227406891,9,4,5
5067,1693227406891,1692255142660,1692255142664,1693227406901,10,4,6
5068,1693227406901,1692255142669,1692255142673,1693227406910,9,4,5
5069,1693227406910,1692255142678,1692255142683,1693227406920,10,5,5
5070,1693227406920,1692255142688,1692255142691,1693227406928,8,3,5
5071,1693227406928,1692255142697,1692255142700,1693227406937,9,3,6
5072,1693227406937,1692255142706,1692255142710,1693227406947,10,4,6
5073,1693227406947,1692255142715,1692255142719,1693227406956,9,4,5
5074,1693227406956,1692255142725,1692255142729,1693227406965,9,4,5
5075,1693227406965,1692255142734,1692255142738,1693227406975,10,4,6
5076,1693227406975,1692255142743,1692255142747,1693227406984,9,4,5
5077,1693227406984,1692255142753,1692255142757,1693227406996,12,4,8
5078,1693227406996,1692255142766,1692255142773,1693227407011,15,7,8
5079,1693227407011,1692255142780,1692255142785,1693227407023,12,5,7
5080,1693227407023,1692255142793,1692255142797,1693227407034,11,4,7
5081,1693227407034,1692255142803,1692255142807,1693227407046,12,4,8
5082,1693227407046,1692255142815,1692255142819,1693227407056,10,4,6
5083,1693227407056,1692255142825,1692255142830,1693227407066,10,5,5
5084,1693227407066,1692255142835,1692255142839,1693227407076,10,4,6
5085,1693227407076,1692255142848,1692255142853,1693227407090,14,5,9
5086,1693227407090,1692255142858,1692255142862,1693227407098,8,4,4
5087,1693227407098,1692255142871,1692255142875,1693227407112,14,4,10
5088,1693227407112,1692255142881,1692255142885,1693227407121,9,4,5
5089,1693227407122,1692255142890,1692255142894,1693227407131,9,4,5
5090,1693227407131,1692255142900,1692255142904,1693227407141,10,4,6
5091,1693227407141,1692255142910,1692255142914,1693227407151,10,4,6
5092,1693227407151,1692255142919,1692255142924,1693227407161,10,5,5
5093,1693227407161,1692255142930,1692255142934,1693227407171,10,4,6
5094,1693227407171,1692255142940,1692255142945,1693227407182,11,5,6
5095,1693227407182,1692255142950,1692255142955,1693227407192,10,5,5
5096,1693227407192,1692255142961,1692255142965,1693227407202,10,4,6
5097,1693227407202,1692255142970,1692255142974,1693227407211,9,4,5
5098,1693227407211,1692255142979,1692255142983,1693227407220,9,4,5
5099,1693227407220,1692255142987,1692255142991,1693227407228,8,4,4
5100,1693227407228,1692255142996,1692255143000,1693227407237,9,4,5
5101,1693227407237,1692255143005,1692255143009,1693227407246,9,4,5
5102,1693227407246,1692255143014,1692255143017,1693227407254,8,3,5
5103,1693227407254,1692255143023,1692255143026,1693227407262,8,3,5
5104,1693227407262,1692255143030,1692255143034,1693227407270,8,4,4
5105,1693227407270,1692255143039,1692255143042,1693227407279,9,3,6
5106,1693227407279,1692255143048,1692255143051,1693227407288,9,3,6
5107,1693227407288,1692255143057,1692255143060,1693227407297,9,3,6
5108,1693227407297,1692255143066,1692255143070,1693227407306,9,4,5
5109,1693227407307,1692255143075,1692255143079,1693227407316,9,4,5
5110,1693227407316,1692255143084,1692255143088,1693227407325,9,4,5
5111,1693227407325,1692255143094,1692255143098,1693227407335,10,4,6
5112,1693227407335,1692255143105,1692255143109,1693227407346,11,4,7
5113,1693227407346,1692255143114,1692255143118,1693227407355,9,4,5
5114,1693227407355,1692255143124,1692255143128,1693227407364,9,4,5
5115,1693227407365,1692255143133,1692255143140,1693227407376,11,7,4
5116,1693227407376,1692255143145,1692255143149,1693227407386,10,4,6
5117,1693227407386,1692255143155,1692255143160,1693227407397,11,5,6
5118,1693227407397,1692255143165,1692255143170,1693227407406,9,5,4
5119,1693227407406,1692255143175,1692255143179,1693227407415,9,4,5
5120,1693227407415,1692255143184,1692255143188,1693227407424,9,4,5
5121,1693227407424,1692255143193,1692255143197,1693227407433,9,4,5
5122,1693227407434,1692255143202,1692255143205,1693227407442,8,3,5
5123,1693227407442,1692255143212,1692255143218,1693227407455,13,6,7
5124,1693227407455,1692255143224,1692255143228,1693227407466,11,4,7
5125,1693227407466,1692255143235,1692255143240,1693227407477,11,5,6
5126,1693227407477,1692255143245,1692255143249,1693227407486,9,4,5
5127,1693227407486,1692255143254,1692255143262,1693227407499,13,8,5
5128,1693227407499,1692255143268,1692255143272,1693227407509,10,4,6
5129,1693227407509,1692255143278,1692255143282,1693227407519,10,4,6
5130,1693227407519,1692255143287,1692255143291,1693227407528,9,4,5
5131,1693227407528,1692255143297,1692255143301,1693227407537,9,4,5
5132,1693227407537,1692255143306,1692255143311,1693227407547,10,5,5
5133,1693227407547,1692255143316,1692255143320,1693227407556,9,4,5
5134,1693227407556,1692255143325,1692255143329,1693227407565,9,4,5
5135,1693227407565,1692255143335,1692255143339,1693227407576,11,4,7
5136,1693227407576,1692255143345,1692255143348,1693227407585,9,3,6
5137,1693227407585,1692255143354,1692255143358,1693227407595,10,4,6
5138,1693227407595,1692255143364,1692255143368,1693227407605,10,4,6
5139,1693227407605,1692255143374,1692255143379,1693227407616,11,5,6
5140,1693227407616,1692255143385,1692255143389,1693227407626,10,4,6
5141,1693227407626,1692255143394,1692255143398,1693227407635,9,4,5
5142,1693227407635,1692255143404,1692255143408,1693227407645,10,4,6
5143,1693227407645,1692255143414,1692255143418,1693227407656,11,4,7
5144,1693227407656,1692255143424,1692255143429,1693227407665,9,5,4
5145,1693227407666,1692255143434,1692255143440,1693227407676,10,6,4
5146,1693227407676,1692255143445,1692255143449,1693227407685,9,4,5
5147,1693227407685,1692255143454,1692255143459,1693227407696,11,5,6
5148,1693227407696,1692255143464,1692255143468,1693227407704,8,4,4
5149,1693227407704,1692255143473,1692255143476,1693227407713,9,3,6
5150,1693227407713,1692255143482,1692255143487,1693227407723,10,5,5
5151,1693227407723,1692255143492,1692255143498,1693227407735,12,6,6
5152,1693227407735,1692255143503,1692255143507,1693227407743,8,4,4
5153,1693227407743,1692255143512,1692255143516,1693227407752,9,4,5
5154,1693227407752,1692255143520,1692255143524,1693227407760,8,4,4
5155,1693227407760,1692255143533,1692255143539,1693227407776,16,6,10
5156,1693227407776,1692255143544,1692255143548,1693227407784,8,4,4
5157,1693227407784,1692255143553,1692255143558,1693227407794,10,5,5
5158,1693227407794,1692255143562,1692255143566,1693227407803,9,4,5
5159,1693227407803,1692255143572,1692255143576,1693227407813,10,4,6
5160,1693227407813,1692255143582,1692255143586,1693227407823,10,4,6
5161,1693227407823,1692255143592,1692255143596,1693227407833,10,4,6
5162,1693227407833,1692255143601,1692255143605,1693227407842,9,4,5
5163,1693227407842,1692255143610,1692255143614,1693227407851,9,4,5
5164,1693227407851,1692255143619,1692255143624,1693227407861,10,5,5
5165,1693227407861,1692255143630,1692255143633,1693227407870,9,3,6
5166,1693227407870,1692255143639,1692255143643,1693227407880,10,4,6
5167,1693227407880,1692255143649,1692255143653,1693227407889,9,4,5
5168,1693227407889,1692255143658,1692255143662,1693227407899,10,4,6
5169,1693227407899,1692255143667,1692255143671,1693227407908,9,4,5
5170,1693227407908,1692255143677,1692255143680,1693227407916,8,3,5
5171,1693227407916,1692255143684,1692255143687,1693227407924,8,3,5
5172,1693227407924,1692255143692,1692255143697,1693227407934,10,5,5
5173,1693227407934,1692255143702,1692255143706,1693227407942,8,4,4
5174,1693227407942,1692255143711,1692255143714,1693227407951,9,3,6
5175,1693227407951,1692255143720,1692255143724,1693227407961,10,4,6
5176,1693227407961,1692255143730,1692255143733,1693227407970,9,3,6
5177,1693227407970,1692255143738,1692255143741,1693227407978,8,3,5
5178,1693227407978,1692255143746,1692255143750,1693227407986,8,4,4
5179,1693227407986,1692255143755,1692255143759,1693227407995,9,4,5
5180,1693227407995,1692255143763,1692255143767,1693227408003,8,4,4
5181,1693227408003,1692255143772,1692255143776,1693227408013,10,4,6
5182,1693227408013,1692255143781,1692255143785,1693227408022,9,4,5
5183,1693227408022,1692255143790,1692255143793,1693227408030,8,3,5
5184,1693227408030,1692255143799,1692255143803,1693227408039,9,4,5
5185,1693227408039,1692255143807,1692255143811,1693227408051,12,4,8
5186,1693227408052,1692255143821,1692255143824,1693227408061,9,3,6
5187,1693227408061,1692255143830,1692255143833,1693227408069,8,3,5
5188,1693227408069,1692255143838,1692255143843,1693227408080,11,5,6
5189,1693227408080,1692255143848,1692255143851,1693227408088,8,3,5
5190,1693227408088,1692255143857,1692255143861,1693227408097,9,4,5
5191,1693227408097,1692255143866,1692255143871,1693227408108,11,5,6
5192,1693227408108,1692255143878,1692255143882,1693227408118,10,4,6
5193,1693227408118,1692255143887,1692255143892,1693227408128,10,5,5
5194,1693227408129,1692255143897,1692255143902,1693227408139,10,5,5
5195,1693227408139,1692255143907,1692255143911,1693227408148,9,4,5
5196,1693227408148,1692255143916,1692255143920,1693227408156,8,4,4
5197,1693227408156,1692255143925,1692255143929,1693227408166,10,4,6
5198,1693227408166,1692255143934,1692255143938,1693227408174,8,4,4
5199,1693227408174,1692255143943,1692255143946,1693227408183,9,3,6
5200,1693227408183,1692255143952,1692255143955,1693227408192,9,3,6
5201,1693227408192,1692255143960,1692255143964,1693227408200,8,4,4
5202,1693227408200,1692255143968,1692255143973,1693227408209,9,5,4
5203,1693227408209,1692255143978,1692255143981,1693227408218,9,3,6
5204,1693227408218,1692255143987,1692255143990,1693227408227,9,3,6
5205,1693227408227,1692255143995,1692255143999,1693227408236,9,4,5
5206,1693227408236,1692255144005,1692255144008,1693227408245,9,3,6
5207,1693227408245,1692255144013,1692255144017,1693227408253,8,4,4
5208,1693227408253,1692255144022,1692255144026,1693227408262,9,4,5
5209,1693227408262,1692255144031,1692255144035,1693227408272,10,4,6
5210,1693227408272,1692255144040,1692255144044,1693227408281,9,4,5
5211,1693227408281,1692255144052,1692255144055,1693227408292,11,3,8
5212,1693227408292,1692255144060,1692255144063,1693227408300,8,3,5
5213,1693227408300,1692255144068,1692255144075,1693227408311,11,7,4
5214,1693227408311,1692255144080,1692255144083,1693227408320,9,3,6
5215,1693227408320,1692255144089,1692255144092,1693227408329,9,3,6
5216,1693227408329,1692255144097,1692255144100,1693227408337,8,3,5
5217,1693227408337,1692255144106,1692255144109,1693227408346,9,3,6
5218,1693227408346,1692255144114,1692255144118,1693227408354,8,4,4
5219,1693227408354,1692255144130,1692255144134,1693227408371,17,4,13
5220,1693227408371,1692255144140,1692255144143,1693227408380,9,3,6
5221,1693227408380,1692255144155,1692255144158,1693227408395,15,3,12
5222,1693227408395,1692255144163,1692255144167,1693227408404,9,4,5
5223,1693227408404,1692255144173,1692255144179,1693227408415,11,6,5
5224,1693227408416,1692255144184,1692255144188,1693227408425,9,4,5
5225,1693227408425,1692255144194,1692255144198,1693227408435,10,4,6
5226,1693227408435,1692255144205,1692255144209,1693227408446,11,4,7
5227,1693227408446,1692255144215,1692255144220,1693227408456,10,5,5
5228,1693227408456,1692255144225,1692255144228,1693227408465,9,3,6
5229,1693227408465,1692255144234,1692255144238,1693227408475,10,4,6
5230,1693227408475,1692255144244,1692255144248,1693227408486,11,4,7
5231,1693227408486,1692255144255,1692255144259,1693227408499,13,4,9
5232,1693227408499,1692255144267,1692255144270,1693227408507,8,3,5
5233,1693227408508,1692255144276,1692255144279,1693227408548,40,3,37
5234,1693227408548,1692255144316,1692255144319,1693227408556,8,3,5
5235,1693227408556,1692255144323,1692255144327,1693227408573,17,4,13
5236,1693227408573,1692255144342,1692255144345,1693227408585,12,3,9
5237,1693227408585,1692255144354,1692255144357,1693227408594,9,3,6
5238,1693227408594,1692255144362,1692255144365,1693227408602,8,3,5
5239,1693227408602,1692255144371,1692255144375,1693227408612,10,4,6
5240,1693227408612,1692255144381,1692255144385,1693227408622,10,4,6
5241,1693227408622,1692255144391,1692255144395,1693227408631,9,4,5
5242,1693227408631,1692255144399,1692255144403,1693227408639,8,4,4
5243,1693227408639,1692255144408,1692255144412,1693227408649,10,4,6
5244,1693227408649,1692255144418,1692255144422,1693227408658,9,4,5
5245,1693227408659,1692255144428,1692255144432,1693227408669,10,4,6
5246,1693227408669,1692255144437,1692255144441,1693227408678,9,4,5
5247,1693227408678,1692255144446,1692255144450,1693227408687,9,4,5
5248,1693227408687,1692255144456,1692255144460,1693227408697,10,4,6
5249,1693227408697,1692255144466,1692255144469,1693227408706,9,3,6
5250,1693227408706,1692255144474,1692255144478,1693227408715,9,4,5
5251,1693227408715,1692255144485,1692255144489,1693227408726,11,4,7
5252,1693227408726,1692255144495,1692255144499,1693227408735,9,4,5
5253,1693227408735,1692255144504,1692255144508,1693227408745,10,4,6
5254,1693227408745,1692255144514,1692255144518,1693227408754,9,4,5
5255,1693227408754,1692255144523,1692255144527,1693227408764,10,4,6
5256,1693227408764,1692255144534,1692255144538,1693227408775,11,4,7
5257,1693227408775,1692255144544,1692255144548,1693227408798,23,4,19
5258,1693227408798,1692255144566,1692255144571,1693227408808,10,5,5
5259,1693227408808,1692255144577,1692255144581,1693227408817,9,4,5
5260,1693227408817,1692255144586,1692255144594,1693227408831,14,8,6
5261,1693227408831,1692255144601,1692255144605,1693227408842,11,4,7
5262,1693227408842,1692255144611,1692255144614,1693227408851,9,3,6
5263,1693227408851,1692255144620,1692255144624,1693227408861,10,4,6
5264,1693227408861,1692255144630,1692255144635,1693227408872,11,5,6
5265,1693227408872,1692255144641,1692255144645,1693227408881,9,4,5
5266,1693227408881,1692255144650,1692255144654,1693227408891,10,4,6
5267,1693227408891,1692255144660,1692255144664,1693227408901,10,4,6
5268,1693227408902,1692255144670,1692255144675,1693227408912,10,5,5
5269,1693227408912,1692255144681,1692255144685,1693227408921,9,4,5
5270,1693227408921,1692255144690,1692255144695,1693227408932,11,5,6
5271,1693227408932,1692255144701,1692255144705,1693227408942,10,4,6
5272,1693227408942,1692255144710,1692255144714,1693227408952,10,4,6
5273,1693227408952,1692255144720,1692255144725,1693227408961,9,5,4
5274,1693227408961,1692255144730,1692255144734,1693227408971,10,4,6
5275,1693227408971,1692255144739,1692255144743,1693227408980,9,4,5
5276,1693227408980,1692255144748,1692255144753,1693227408990,10,5,5
5277,1693227408990,1692255144758,1692255144763,1693227409002,12,5,7
5278,1693227409002,1692255144770,1692255144774,1693227409011,9,4,5
5279,1693227409011,1692255144780,1692255144784,1693227409021,10,4,6
5280,1693227409021,1692255144790,1692255144794,1693227409031,10,4,6
5281,1693227409031,1692255144799,1692255144803,1693227409040,9,4,5
5282,1693227409040,1692255144809,1692255144813,1693227409050,10,4,6
5283,1693227409050,1692255144818,1692255144823,1693227409059,9,5,4
5284,1693227409059,1692255144828,1692255144832,1693227409069,10,4,6
5285,1693227409069,1692255144837,1692255144842,1693227409078,9,5,4
5286,1693227409078,1692255144847,1692255144850,1693227409087,9,3,6
5287,1693227409087,1692255144855,1692255144859,1693227409095,8,4,4
5288,1693227409095,1692255144863,1692255144867,1693227409104,9,4,5
5289,1693227409104,1692255144873,1692255144876,1693227409113,9,3,6
5290,1693227409113,1692255144881,1692255144885,1693227409122,9,4,5
5291,1693227409122,1692255144890,1692255144894,1693227409131,9,4,5
5292,1693227409131,1692255144900,1692255144904,1693227409141,10,4,6
5293,1693227409141,1692255144911,1692255144914,1693227409151,10,3,7
5294,1693227409151,1692255144920,1692255144924,1693227409161,10,4,6
5295,1693227409161,1692255144930,1692255144934,1693227409170,9,4,5
5296,1693227409170,1692255144939,1692255144944,1693227409180,10,5,5
5297,1693227409180,1692255144949,1692255144955,1693227409192,12,6,6
5298,1693227409192,1692255144961,1692255144965,1693227409202,10,4,6
5299,1693227409202,1692255144973,1692255144977,1693227409214,12,4,8
5300,1693227409214,1692255144983,1692255144987,1693227409223,9,4,5
5301,1693227409223,1692255144992,1692255144996,1693227409233,10,4,6
5302,1693227409233,1692255145002,1692255145006,1693227409243,10,4,6
5303,1693227409243,1692255145011,1692255145015,1693227409252,9,4,5
5304,1693227409252,1692255145020,1692255145024,1693227409261,9,4,5
5305,1693227409261,1692255145033,1692255145038,1693227409275,14,5,9
5306,1693227409275,1692255145045,1692255145049,1693227409286,11,4,7
5307,1693227409286,1692255145054,1692255145059,1693227409295,9,5,4
5308,1693227409296,1692255145064,1692255145069,1693227409305,9,5,4
5309,1693227409305,1692255145077,1692255145081,1693227409318,13,4,9
5310,1693227409318,1692255145087,1692255145091,1693227409327,9,4,5
5311,1693227409327,1692255145096,1692255145100,1693227409337,10,4,6
5312,1693227409337,1692255145106,1692255145113,1693227409350,13,7,6
5313,1693227409350,1692255145123,1692255145128,1693227409365,15,5,10
5314,1693227409365,1692255145134,1692255145138,1693227409375,10,4,6
5315,1693227409375,1692255145144,1692255145148,1693227409385,10,4,6
5316,1693227409385,1692255145154,1692255145157,1693227409394,9,3,6
5317,1693227409394,1692255145163,1692255145167,1693227409404,10,4,6
5318,1693227409404,1692255145172,1692255145177,1693227409414,10,5,5
5319,1693227409414,1692255145182,1692255145186,1693227409423,9,4,5
5320,1693227409423,1692255145191,1692255145196,1693227409433,10,5,5
5321,1693227409433,1692255145203,1692255145208,1693227409444,11,5,6
5322,1693227409444,1692255145213,1692255145217,1693227409454,10,4,6
5323,1693227409454,1692255145222,1692255145227,1693227409463,9,5,4
5324,1693227409463,1692255145231,1692255145236,1693227409472,9,5,4
5325,1693227409473,1692255145241,1692255145245,1693227409482,9,4,5
5326,1693227409482,1692255145251,1692255145254,1693227409491,9,3,6
5327,1693227409491,1692255145259,1692255145263,1693227409500,9,4,5
5328,1693227409500,1692255145269,1692255145274,1693227409510,10,5,5
5329,1693227409510,1692255145281,1692255145285,1693227409521,11,4,7
5330,1693227409522,1692255145409,1692255145413,1693227409746,224,4,220
5331,1693227409746,1692255145514,1692255145518,1693227409755,9,4,5
5332,1693227409755,1692255145523,1692255145527,1693227409763,8,4,4
5333,1693227409763,1692255145534,1692255145541,1693227409777,14,7,7
5334,1693227409777,1692255145546,1692255145550,1693227409786,9,4,5
5335,1693227409786,1692255145554,1692255145557,1693227409794,8,3,5
5336,1693227409794,1692255145563,1692255145566,1693227409803,9,3,6
5337,1693227409803,1692255145571,1692255145575,1693227409811,8,4,4
5338,1693227409811,1692255145579,1692255145582,1693227409848,37,3,34
5339,1693227409849,1692255145617,1692255145621,1693227409858,9,4,5
5340,1693227409858,1692255145627,1692255145631,1693227409868,10,4,6
5341,1693227409868,1692255145637,1692255145641,1693227409878,10,4,6
5342,1693227409878,1692255145647,1692255145651,1693227409888,10,4,6
5343,1693227409888,1692255145656,1692255145660,1693227409896,8,4,4
5344,1693227409897,1692255145665,1692255145669,1693227409906,9,4,5
5345,1693227409906,1692255145674,1692255145678,1693227409915,9,4,5
5346,1693227409915,1692255145683,1692255145687,1693227409924,9,4,5
5347,1693227409924,1692255145693,1692255145696,1693227409933,9,3,6
5348,1693227409933,1692255145702,1692255145706,1693227409942,9,4,5
5349,1693227409942,1692255145711,1692255145715,1693227409952,10,4,6
5350,1693227409952,1692255145720,1692255145724,1693227409961,9,4,5
5351,1693227409961,1692255145730,1692255145734,1693227409970,9,4,5
5352,1693227409970,1692255145738,1692255145742,1693227409978,8,4,4
5353,1693227409978,1692255145747,1692255145751,1693227409987,9,4,5
5354,1693227409987,1692255145756,1692255145759,1693227409995,8,3,5
5355,1693227409996,1692255145764,1692255145767,1693227410004,8,3,5
5356,1693227410004,1692255145773,1692255145777,1693227410013,9,4,5
5357,1693227410013,1692255145782,1692255145786,1693227410022,9,4,5
5358,1693227410022,1692255145792,1692255145796,1693227410033,11,4,7
5359,1693227410033,1692255145802,1692255145806,1693227410043,10,4,6
5360,1693227410043,1692255145811,1692255145815,1693227410052,9,4,5
5361,1693227410052,1692255145820,1692255145824,1693227410064,12,4,8
5362,1693227410064,1692255145833,1692255145838,1693227410074,10,5,5
5363,1693227410074,1692255145843,1692255145847,1693227410084,10,4,6
5364,1693227410084,1692255145852,1692255145856,1693227410093,9,4,5
5365,1693227410093,1692255145861,1692255145865,1693227410102,9,4,5
5366,1693227410102,1692255145871,1692255145875,1693227410111,9,4,5
5367,1693227410111,1692255145880,1692255145884,1693227410121,10,4,6
5368,1693227410121,1692255145890,1692255145894,1693227410131,10,4,6
5369,1693227410131,1692255145899,1692255145903,1693227410140,9,4,5
5370,1693227410140,1692255145908,1692255145915,1693227410151,11,7,4
5371,1693227410151,1692255145920,1692255145928,1693227410165,14,8,6
5372,1693227410165,1692255145934,1692255145938,1693227410174,9,4,5
5373,1693227410174,1692255145943,1692255145947,1693227410184,10,4,6
5374,1693227410184,1692255145953,1692255145957,1693227410194,10,4,6
5375,1693227410194,1692255145963,1692255145967,1693227410204,10,4,6
5376,1693227410204,1692255145973,1692255145978,1693227410214,10,5,5
5377,1693227410214,1692255145983,1692255145988,1693227410224,10,5,5
5378,1693227410224,1692255145992,1692255145997,1693227410234,10,5,5
5379,1693227410234,1692255146003,1692255146007,1693227410243,9,4,5
5380,1693227410243,1692255146012,1692255146016,1693227410253,10,4,6
5381,1693227410253,1692255146021,1692255146025,1693227410261,8,4,4
5382,1693227410261,1692255146030,1692255146034,1693227410270,9,4,5
5383,1693227410270,1692255146039,1692255146043,1693227410280,10,4,6
5384,1693227410280,1692255146049,1692255146053,1693227410290,10,4,6
5385,1693227410290,1692255146059,1692255146063,1693227410299,9,4,5
5386,1693227410299,1692255146068,1692255146072,1693227410309,10,4,6
5387,1693227410309,1692255146078,1692255146082,1693227410319,10,4,6
5388,1693227410319,1692255146088,1692255146092,1693227410329,10,4,6
5389,1693227410329,1692255146100,1692255146104,1693227410340,11,4,7
5390,1693227410340,1692255146109,1692255146113,1693227410350,10,4,6
5391,1693227410350,1692255146118,1692255146122,1693227410359,9,4,5
5392,1693227410359,1692255146128,1692255146132,1693227410369,10,4,6
5393,1693227410369,1692255146138,1692255146142,1693227410379,10,4,6
5394,1693227410379,1692255146147,1692255146150,1693227410387,8,3,5
5395,1693227410387,1692255146156,1692255146161,1693227410397,10,5,5
5396,1693227410398,1692255146167,1692255146171,1693227410408,10,4,6
5397,1693227410408,1692255146178,1692255146182,1693227410419,11,4,7
5398,1693227410419,1692255146188,1692255146192,1693227410429,10,4,6
5399,1693227410429,1692255146198,1692255146203,1693227410440,11,5,6
5400,1693227410440,1692255146208,1692255146212,1693227410449,9,4,5
5401,1693227410449,1692255146218,1692255146221,1693227410458,9,3,6
5402,1693227410458,1692255146227,1692255146232,1693227410468,10,5,5
5403,1693227410468,1692255146236,1692255146241,1693227410478,10,5,5
5404,1693227410478,1692255146246,1692255146250,1693227410487,9,4,5
5405,1693227410487,1692255146257,1692255146261,1693227410498,11,4,7
5406,1693227410498,1692255146267,1692255146271,1693227410508,10,4,6
5407,1693227410508,1692255146276,1692255146282,1693227410519,11,6,5
5408,1693227410519,1692255146288,1692255146292,1693227410529,10,4,6
5409,1693227410529,1692255146298,1692255146302,1693227410539,10,4,6
5410,1693227410539,1692255146307,1692255146311,1693227410547,8,4,4
5411,1693227410547,1692255146315,1692255146319,1693227410555,8,4,4
5412,1693227410555,1692255146323,1692255146327,1693227410564,9,4,5
5413,1693227410564,1692255146333,1692255146336,1693227410573,9,3,6
5414,1693227410573,1692255146341,1692255146345,1693227410582,9,4,5
5415,1693227410582,1692255146350,1692255146354,1693227410590,8,4,4
5416,1693227410590,1692255146360,1692255146364,1693227410600,10,4,6
5417,1693227410600,1692255146368,1692255146372,1693227410608,8,4,4
5418,1693227410608,1692255146378,1692255146382,1693227410618,10,4,6
5419,1693227410619,1692255146388,1692255146392,1693227410629,10,4,6
5420,1693227410629,1692255146397,1692255146401,1693227410640,11,4,7
5421,1693227410640,1692255146408,1692255146412,1693227410649,9,4,5
5422,1693227410649,1692255146418,1692255146422,1693227410659,10,4,6
5423,1693227410659,1692255146428,1692255146432,1693227410669,10,4,6
5424,1693227410669,1692255146438,1692255146443,1693227410680,11,5,6
5425,1693227410680,1692255146449,1692255146452,1693227410689,9,3,6
5426,1693227410689,1692255146458,1692255146462,1693227410699,10,4,6
5427,1693227410699,1692255146468,1692255146473,1693227410710,11,5,6
5428,1693227410710,1692255146479,1692255146484,1693227410721,11,5,6
5429,1693227410721,1692255146490,1692255146494,1693227410731,10,4,6
5430,1693227410731,1692255146499,1692255146503,1693227410739,8,4,4
5431,1693227410739,1692255146509,1692255146513,1693227410750,11,4,7
5432,1693227410750,1692255146525,1692255146529,1693227410765,15,4,11
5433,1693227410766,1692255146534,1692255146537,1693227410774,8,3,5
5434,1693227410774,1692255146542,1692255146546,1693227410783,9,4,5
5435,1693227410783,1692255146551,1692255146555,1693227410791,8,4,4
5436,1693227410791,1692255146559,1692255146563,1693227410799,8,4,4
5437,1693227410799,1692255146568,1692255146571,1693227410807,8,3,5
5438,1693227410807,1692255146575,1692255146579,1693227410815,8,4,4
5439,1693227410815,1692255146584,1692255146588,1693227410824,9,4,5
5440,1693227410825,1692255146593,1692255146597,1693227410833,8,4,4
5441,1693227410833,1692255146601,1692255146604,1693227410841,8,3,5
5442,1693227410841,1692255146612,1692255146615,1693227410852,11,3,8
5443,1693227410852,1692255146621,1692255146624,1693227410861,9,3,6
5444,1693227410861,1692255146630,1692255146634,1693227410871,10,4,6
5445,1693227410871,1692255146642,1692255146646,1693227410883,12,4,8
5446,1693227410883,1692255146651,1692255146655,1693227410891,8,4,4
5447,1693227410891,1692255146659,1692255146663,1693227410900,9,4,5
5448,1693227410900,1692255146668,1692255146672,1693227410908,8,4,4
5449,1693227410908,1692255146676,1692255146680,1693227410916,8,4,4
5450,1693227410916,1692255146685,1692255146690,1693227410927,11,5,6
5451,1693227410927,1692255146696,1692255146701,1693227410938,11,5,6
5452,1693227410938,1692255146708,1692255146712,1693227410949,11,4,7
5453,1693227410949,1692255146717,1692255146721,1693227410957,8,4,4
5454,1693227410957,1692255146726,1692255146730,1693227410967,10,4,6
5455,1693227410967,1692255146736,1692255146740,1693227410977,10,4,6
5456,1693227410977,1692255146748,1692255146752,1693227410988,11,4,7
5457,1693227410988,1692255146759,1692255146763,1693227411000,12,4,8
5458,1693227411000,1692255146770,1692255146774,1693227411011,11,4,7
5459,1693227411011,1692255146781,1692255146784,1693227411021,10,3,7
5460,1693227411021,1692255146793,1692255146797,1693227411034,13,4,9
5461,1693227411034,1692255146803,1692255146807,1693227411043,9,4,5
5462,1693227411043,1692255146811,1692255146815,1693227411052,9,4,5
5463,1693227411052,1692255146820,1692255146825,1693227411061,9,5,4
5464,1693227411061,1692255146830,1692255146833,1693227411070,9,3,6
5465,1693227411070,1692255146839,1692255146842,1693227411079,9,3,6
5466,1693227411079,1692255146848,1692255146852,1693227411088,9,4,5
5467,1693227411088,1692255146857,1692255146860,1693227411097,9,3,6
5468,1693227411097,1692255146865,1692255146868,1693227411104,7,3,4
5469,1693227411104,1692255146872,1692255146876,1693227411113,9,4,5
5470,1693227411113,1692255146882,1692255146886,1693227411122,9,4,5
5471,1693227411122,1692255146890,1692255146893,1693227411130,8,3,5
5472,1693227411130,1692255146899,1692255146902,1693227411138,8,3,5
5473,1693227411139,1692255146907,1692255146911,1693227411148,9,4,5
5474,1693227411148,1692255146919,1692255146923,1693227411160,12,4,8
5475,1693227411160,1692255146929,1692255146933,1693227411170,10,4,6
5476,1693227411170,1692255146939,1692255146943,1693227411180,10,4,6
5477,1693227411180,1692255146949,1692255146953,1693227411190,10,4,6
5478,1693227411190,1692255146959,1692255146963,1693227411199,9,4,5
5479,1693227411199,1692255146968,1692255146972,1693227411208,9,4,5
5480,1693227411208,1692255146976,1692255146980,1693227411217,9,4,5
5481,1693227411217,1692255146986,1692255146992,1693227411229,12,6,6
5482,1693227411229,1692255146997,1692255147003,1693227411240,11,6,5
5483,1693227411240,1692255147008,1692255147013,1693227411249,9,5,4
5484,1693227411249,1692255147018,1692255147022,1693227411258,9,4,5
5485,1693227411258,1692255147028,1692255147032,1693227411268,10,4,6
5486,1693227411268,1692255147037,1692255147040,1693227411277,9,3,6
5487,1693227411277,1692255147046,1692255147050,1693227411287,10,4,6
5488,1693227411287,1692255147056,1692255147061,1693227411298,11,5,6
5489,1693227411298,1692255147067,1692255147072,1693227411308,10,5,5
5490,1693227411308,1692255147077,1692255147081,1693227411318,10,4,6
5491,1693227411318,1692255147087,1692255147092,1693227411329,11,5,6
5492,1693227411329,1692255147098,1692255147103,1693227411340,11,5,6
5493,1693227411340,1692255147112,1692255147116,1693227411352,12,4,8
5494,1693227411352,1692255147125,1692255147129,1693227411366,14,4,10
5495,1693227411366,1692255147135,1692255147139,1693227411376,10,4,6
5496,1693227411376,1692255147145,1692255147150,1693227411387,11,5,6
5497,1693227411387,1692255147156,1692255147161,1693227411397,10,5,5
5498,1693227411397,1692255147166,1692255147170,1693227411407,10,4,6
5499,1693227411407,1692255147176,1692255147180,1693227411416,9,4,5
5500,1693227411416,1692255147186,1692255147190,1693227411427,11,4,7
5501,1693227411427,1692255147196,1692255147201,1693227411438,11,5,6
5502,1693227411438,1692255147207,1692255147211,1693227411447,9,4,5
5503,1693227411447,1692255147216,1692255147221,1693227411459,12,5,7
5504,1693227411459,1692255147229,1692255147234,1693227411470,11,5,6
5505,1693227411470,1692255147239,1692255147243,1693227411480,10,4,6
5506,1693227411480,1692255147249,1692255147253,1693227411490,10,4,6
5507,1693227411490,1692255147258,1692255147262,1693227411499,9,4,5
5508,1693227411499,1692255147268,1692255147272,1693227411509,10,4,6
5509,1693227411509,1692255147278,1692255147282,1693227411518,9,4,5
5510,1693227411518,1692255147288,1692255147293,1693227411529,11,5,6
5511,1693227411529,1692255147299,1692255147303,1693227411540,11,4,7
5512,1693227411540,1692255147309,1692255147313,1693227411550,10,4,6
5513,1693227411550,1692255147319,1692255147324,1693227411562,12,5,7
5514,1693227411562,1692255147335,1692255147340,1693227411576,14,5,9
5515,1693227411576,1692255147345,1692255147350,1693227411588,12,5,7
5516,1693227411588,1692255147356,1692255147361,1693227411598,10,5,5
5517,1693227411598,1692255147367,1692255147371,1693227411607,9,4,5
5518,1693227411607,1692255147376,1692255147382,1693227411619,12,6,6
5519,1693227411619,1692255147387,1692255147391,1693227411628,9,4,5
5520,1693227411628,1692255147396,1692255147401,1693227411638,10,5,5
5521,1693227411638,1692255147406,1692255147410,1693227411647,9,4,5
5522,1693227411647,1692255147416,1692255147421,1693227411657,10,5,5
5523,1693227411657,1692255147426,1692255147429,1693227411666,9,3,6
5524,1693227411666,1692255147435,1692255147438,1693227411675,9,3,6
5525,1693227411675,1692255147444,1692255147448,1693227411685,10,4,6
5526,1693227411685,1692255147457,1692255147461,1693227411697,12,4,8
5527,1693227411697,1692255147466,1692255147470,1693227411707,10,4,6
5528,1693227411707,1692255147475,1692255147480,1693227411717,10,5,5
5529,1693227411717,1692255147486,1692255147491,1693227411728,11,5,6
5530,1693227411728,1692255147498,1692255147503,1693227411739,11,5,6
5531,1693227411739,1692255147509,1692255147513,1693227411750,11,4,7
5532,1693227411750,1692255147519,1692255147524,1693227411761,11,5,6
5533,1693227411761,1692255147530,1692255147535,1693227411771,10,5,5
5534,1693227411771,1692255147542,1692255147546,1693227411783,12,4,8
5535,1693227411783,1692255147552,1692255147557,1693227411794,11,5,6
5536,1693227411794,1692255147562,1692255147566,1693227411803,9,4,5
5537,1693227411803,1692255147572,1692255147576,1693227411813,10,4,6
5538,1693227411813,1692255147581,1692255147586,1693227411822,9,5,4
5539,1693227411822,1692255147590,1692255147595,1693227411831,9,5,4
5540,1693227411831,1692255147600,1692255147605,1693227411841,10,5,5
5541,1693227411841,1692255147611,1692255147615,1693227411852,11,4,7
5542,1693227411852,1692255147621,1692255147625,1693227411861,9,4,5
5543,1693227411861,1692255147630,1692255147634,1693227411871,10,4,6
5544,1693227411871,1692255147639,1692255147645,1693227411881,10,6,4
5545,1693227411882,1692255147650,1692255147655,1693227411892,10,5,5
5546,1693227411892,1692255147661,1692255147665,1693227411902,10,4,6
5547,1693227411902,1692255147671,1692255147675,1693227411911,9,4,5
5548,1693227411911,1692255147680,1692255147684,1693227411920,9,4,5
5549,1693227411920,1692255147689,1692255147694,1693227411931,11,5,6
5550,1693227411931,1692255147700,1692255147704,1693227411941,10,4,6
5551,1693227411941,1692255147710,1692255147715,1693227411952,11,5,6
5552,1693227411952,1692255147720,1692255147725,1693227411962,10,5,5
5553,1693227411962,1692255147731,1692255147735,1693227411972,10,4,6
5554,1693227411972,1692255147741,1692255147745,1693227411982,10,4,6
5555,1693227411982,1692255147751,1692255147757,1693227411994,12,6,6
5556,1693227411994,1692255147762,1692255147766,1693227412003,9,4,5
5557,1693227412003,1692255147772,1692255147776,1693227412013,10,4,6
5558,1693227412014,1692255147782,1692255147786,1693227412023,9,4,5
5559,1693227412023,1692255147792,1692255147797,1693227412034,11,5,6
5560,1693227412034,1692255147802,1692255147806,1693227412043,9,4,5
5561,1693227412043,1692255147811,1692255147815,1693227412052,9,4,5
5562,1693227412052,1692255147821,1692255147826,1693227412062,10,5,5
5563,1693227412062,1692255147831,1692255147835,1693227412076,14,4,10
5564,1693227412076,1692255147844,1692255147849,1693227412086,10,5,5
5565,1693227412086,1692255147855,1692255147860,1693227412097,11,5,6
5566,1693227412097,1692255147866,1692255147871,1693227412108,11,5,6
5567,1693227412108,1692255147877,1692255147882,1693227412118,10,5,5
5568,1693227412118,1692255147886,1692255147890,1693227412127,9,4,5
5569,1693227412127,1692255147896,1692255147901,1693227412137,10,5,5
5570,1693227412137,1692255147906,1692255147911,1693227412147,10,5,5
5571,1693227412147,1692255147917,1692255147921,1693227412158,11,4,7
5572,1693227412158,1692255147927,1692255147931,1693227412168,10,4,6
5573,1693227412168,1692255147937,1692255147942,1693227412179,11,5,6
5574,1693227412179,1692255147948,1692255147953,1693227412189,10,5,5
5575,1693227412189,1692255147968,1692255147971,1693227412208,19,3,16
5576,1693227412208,1692255147976,1692255147980,1693227412216,8,4,4
5577,1693227412217,1692255147989,1692255147992,1693227412229,12,3,9
5578,1693227412229,1692255147997,1692255148000,1693227412237,8,3,5
5579,1693227412237,1692255148006,1692255148010,1693227412246,9,4,5
5580,1693227412246,1692255148014,1692255148018,1693227412255,9,4,5
5581,1693227412255,1692255148024,1692255148027,1693227412264,9,3,6
5582,1693227412264,1692255148033,1692255148037,1693227412274,10,4,6
5583,1693227412274,1692255148045,1692255148050,1693227412286,12,5,7
5584,1693227412286,1692255148056,1692255148061,1693227412298,12,5,7
5585,1693227412298,1692255148066,1692255148070,1693227412306,8,4,4
5586,1693227412306,1692255148075,1692255148079,1693227412316,10,4,6
5587,1693227412316,1692255148085,1692255148089,1693227412326,10,4,6
5588,1693227412326,1692255148095,1692255148099,1693227412335,9,4,5
5589,1693227412335,1692255148104,1692255148108,1693227412345,10,4,6
5590,1693227412345,1692255148113,1692255148117,1693227412354,9,4,5
5591,1693227412354,1692255148124,1692255148129,1693227412366,12,5,7
5592,1693227412366,1692255148134,1692255148140,1693227412377,11,6,5
5593,1693227412377,1692255148149,1692255148152,1693227412389,12,3,9
5594,1693227412389,1692255148161,1692255148165,1693227412402,13,4,9
5595,1693227412402,1692255148171,1692255148176,1693227412413,11,5,6
5596,1693227412413,1692255148181,1692255148186,1693227412423,10,5,5
5597,1693227412423,1692255148192,1692255148197,1693227412434,11,5,6
5598,1693227412434,1692255148203,1692255148208,1693227412445,11,5,6
5599,1693227412445,1692255148215,1692255148220,1693227412457,12,5,7
5600,1693227412457,1692255148227,1692255148232,1693227412469,12,5,7
5601,1693227412469,1692255148238,1692255148242,1693227412479,10,4,6
5602,1693227412479,1692255148250,1692255148255,1693227412492,13,5,8
5603,1693227412492,1692255148261,1692255148265,1693227412501,9,4,5
5604,1693227412501,1692255148270,1692255148274,1693227412511,10,4,6
5605,1693227412511,1692255148279,1692255148283,1693227412520,9,4,5
5606,1693227412520,1692255148289,1692255148293,1693227412529,9,4,5
5607,1693227412529,1692255148299,1692255148302,1693227412539,10,3,7
5608,1693227412539,1692255148307,1692255148311,1693227412548,9,4,5
5609,1693227412548,1692255148317,1692255148320,1693227412557,9,3,6
5610,1693227412557,1692255148326,1692255148331,1693227412567,10,5,5
5611,1693227412567,1692255148336,1692255148340,1693227412576,9,4,5
5612,1693227412576,1692255148344,1692255148348,1693227412586,10,4,6
5613,1693227412586,1692255148355,1692255148358,1693227412595,9,3,6
5614,1693227412595,1692255148364,1692255148368,1693227412605,10,4,6
5615,1693227412605,1692255148374,1692255148379,1693227412615,10,5,5
5616,1693227412615,1692255148384,1692255148388,1693227412625,10,4,6
5617,1693227412625,1692255148394,1692255148398,1693227412635,10,4,6
5618,1693227412635,1692255148403,1692255148407,1693227412644,9,4,5
5619,1693227412644,1692255148412,1692255148416,1693227412653,9,4,5
5620,1693227412653,1692255148422,1692255148426,1693227412662,9,4,5
5621,1693227412662,1692255148431,1692255148435,1693227412671,9,4,5
5622,1693227412671,1692255148440,1692255148444,1693227412681,10,4,6
5623,1693227412681,1692255148450,1692255148453,1693227412690,9,3,6
5624,1693227412690,1692255148459,1692255148462,1693227412699,9,3,6
5625,1693227412699,1692255148467,1692255148471,1693227412707,8,4,4
5626,1693227412707,1692255148475,1692255148479,1693227412716,9,4,5
5627,1693227412716,1692255148485,1692255148489,1693227412726,10,4,6
5628,1693227412726,1692255148495,1692255148499,1693227412736,10,4,6
5629,1693227412736,1692255148505,1692255148511,1693227412747,11,6,5
5630,1693227412747,1692255148516,1692255148519,1693227412756,9,3,6
5631,1693227412756,1692255148524,1692255148529,1693227412766,10,5,5
5632,1693227412766,1692255148537,1692255148541,1693227412777,11,4,7
5633,1693227412777,1692255148546,1692255148551,1693227412788,11,5,6
5634,1693227412788,1692255148558,1692255148563,1693227412800,12,5,7
5635,1693227412800,1692255148569,1692255148573,1693227412810,10,4,6
5636,1693227412810,1692255148579,1692255148583,1693227412819,9,4,5
5637,1693227412820,1692255148589,1692255148593,1693227412829,9,4,5
5638,1693227412829,1692255148598,1692255148603,1693227412839,10,5,5
5639,1693227412839,1692255148608,1692255148613,1693227412850,11,5,6
5640,1693227412850,1692255148618,1692255148623,1693227412859,9,5,4
5641,1693227412859,1692255148628,1692255148633,1693227412869,10,5,5
5642,1693227412869,1692255148638,1692255148642,1693227412879,10,4,6
5643,1693227412879,1692255148648,1692255148652,1693227412889,10,4,6
5644,1693227412889,1692255148660,1692255148664,1693227412901,12,4,8
5645,1693227412901,1692255148670,1692255148673,1693227412910,9,3,6
5646,1693227412910,1692255148678,1692255148683,1693227412919,9,5,4
5647,1693227412919,1692255148688,1692255148693,1693227412929,10,5,5
5648,1693227412929,1692255148698,1692255148702,1693227412939,10,4,6
5649,1693227412939,1692255148708,1692255148712,1693227412949,10,4,6
5650,1693227412949,1692255148717,1692255148721,1693227412958,9,4,5
5651,1693227412958,1692255148726,1692255148730,1693227412966,8,4,4
5652,1693227412966,1692255148736,1692255148739,1693227412976,10,3,7
5653,1693227412976,1692255148745,1692255148748,1693227412985,9,3,6
5654,1693227412985,1692255148754,1692255148758,1693227412996,11,4,7
5655,1693227412996,1692255148765,1692255148768,1693227413005,9,3,6
5656,1693227413005,1692255148774,1692255148777,1693227413014,9,3,6
5657,1693227413014,1692255148782,1692255148786,1693227413023,9,4,5
5658,1693227413023,1692255148791,1692255148795,1693227413031,8,4,4
5659,1693227413031,1692255148800,1692255148804,1693227413040,9,4,5
5660,1693227413040,1692255148809,1692255148812,1693227413049,9,3,6
5661,1693227413049,1692255148817,1692255148821,1693227413057,8,4,4
5662,1693227413057,1692255148826,1692255148829,1693227413066,9,3,6
5663,1693227413066,1692255148835,1692255148839,1693227413075,9,4,5
5664,1693227413075,1692255148849,1692255148853,1693227413090,15,4,11
5665,1693227413090,1692255148859,1692255148865,1693227413102,12,6,6
5666,1693227413102,1692255148870,1692255148874,1693227413110,8,4,4
5667,1693227413111,1692255148880,1692255148883,1693227413120,9,3,6
5668,1693227413120,1692255148888,1692255148893,1693227413130,10,5,5
5669,1693227413130,1692255148899,1692255148903,1693227413140,10,4,6
5670,1693227413140,1692255148909,1692255148913,1693227413149,9,4,5
5671,1693227413150,1692255148918,1692255148922,1693227413159,9,4,5
5672,1693227413159,1692255148928,1692255148932,1693227413169,10,4,6
5673,1693227413169,1692255148938,1692255148941,1693227413178,9,3,6
5674,1693227413178,1692255148947,1692255148951,1693227413188,10,4,6
5675,1693227413188,1692255148958,1692255148962,1693227413200,12,4,8
5676,1693227413200,1692255148969,1692255148972,1693227413209,9,3,6
5677,1693227413209,1692255148977,1692255148981,1693227413218,9,4,5
5678,1693227413218,1692255148987,1692255148990,1693227413227,9,3,6
5679,1693227413227,1692255148996,1692255149000,1693227413236,9,4,5
5680,1693227413236,1692255149005,1692255149008,1693227413245,9,3,6
5681,1693227413245,1692255149013,1692255149017,1693227413254,9,4,5
5682,1693227413254,1692255149022,1692255149026,1693227413263,9,4,5
5683,1693227413263,1692255149031,1692255149034,1693227413271,8,3,5
5684,1693227413271,1692255149040,1692255149044,1693227413280,9,4,5
5685,1693227413280,1692255149049,1692255149052,1693227413288,8,3,5
5686,1693227413288,1692255149057,1692255149060,1693227413297,9,3,6
5687,1693227413297,1692255149065,1692255149069,1693227413306,9,4,5
5688,1693227413306,1692255149074,1692255149078,1693227413315,9,4,5
5689,1693227413315,1692255149084,1692255149088,1693227413324,9,4,5
5690,1693227413324,1692255149092,1692255149096,1693227413332,8,4,4
5691,1693227413332,1692255149101,1692255149105,1693227413341,9,4,5
5692,1693227413342,1692255149110,1692255149114,1693227413351,9,4,5
5693,1693227413351,1692255149120,1692255149124,1693227413360,9,4,5
5694,1693227413361,1692255149129,1692255149133,1693227413369,8,4,4
5695,1693227413369,1692255149137,1692255149141,1693227413377,8,4,4
5696,1693227413377,1692255149145,1692255149149,1693227413385,8,4,4
5697,1693227413385,1692255149154,1692255149158,1693227413395,10,4,6
5698,1693227413395,1692255149164,1692255149168,1693227413405,10,4,6
5699,1693227413405,1692255149174,1692255149178,1693227413415,10,4,6
5700,1693227413415,1692255149184,1692255149188,1693227413424,9,4,5
5701,1693227413424,1692255149193,1692255149197,1693227413433,9,4,5
5702,1693227413433,1692255149202,1692255149208,1693227413445,12,6,6
5703,1693227413445,1692255149214,1692255149218,1693227413455,10,4,6
5704,1693227413455,1692255149224,1692255149227,1693227413464,9,3,6
5705,1693227413464,1692255149233,1692255149237,1693227413474,10,4,6
5706,1693227413474,1692255149253,1692255149257,1693227413494,20,4,16
5707,1693227413494,1692255149262,1692255149269,1693227413507,13,7,6
5708,1693227413507,1692255149275,1692255149279,1693227413516,9,4,5
5709,1693227413516,1692255149284,1692255149289,1693227413525,9,5,4
5710,1693227413525,1692255149294,1692255149298,1693227413534,9,4,5
5711,1693227413534,1692255149303,1692255149306,1693227413542,8,3,5
5712,1693227413542,1692255149311,1692255149314,1693227413551,9,3,6
5713,1693227413551,1692255149320,1692255149323,1693227413560,9,3,6
5714,1693227413560,1692255149328,1692255149332,1693227413568,8,4,4
5715,1693227413569,1692255149337,1692255149341,1693227413577,8,4,4
5716,1693227413577,1692255149345,1692255149348,1693227413589,12,3,9
5717,1693227413589,1692255149358,1692255149362,1693227413598,9,4,5
5718,1693227413598,1692255149367,1692255149370,1693227413607,9,3,6
5719,1693227413607,1692255149377,1692255149381,1693227413617,10,4,6
5720,1693227413617,1692255149385,1692255149388,1693227413625,8,3,5
5721,1693227413625,1692255149394,1692255149398,1693227413636,11,4,7
5722,1693227413636,1692255149404,1692255149407,1693227413644,8,3,5
5723,1693227413644,1692255149412,1692255149416,1693227413653,9,4,5
5724,1693227413653,1692255149421,1692255149424,1693227413661,8,3,5
5725,1693227413661,1692255149429,1692255149432,1693227413669,8,3,5
5726,1693227413669,1692255149438,1692255149442,1693227413679,10,4,6
5727,1693227413679,1692255149447,1692255149450,1693227413687,8,3,5
5728,1693227413687,1692255149456,1692255149460,1693227413697,10,4,6
5729,1693227413697,1692255149465,1692255149470,1693227413706,9,5,4
5730,1693227413706,1692255149475,1692255149480,1693227413716,10,5,5
5731,1693227413716,1692255149485,1692255149489,1693227413727,11,4,7
5732,1693227413727,1692255149496,1692255149500,1693227413737,10,4,6
5733,1693227413738,1692255149506,1692255149511,1693227413747,9,5,4
5734,1693227413747,1692255149516,1692255149520,1693227413757,10,4,6
5735,1693227413757,1692255149526,1692255149530,1693227413767,10,4,6
5736,1693227413767,1692255149536,1692255149539,1693227413776,9,3,6
5737,1693227413776,1692255149544,1692255149547,1693227413784,8,3,5
5738,1693227413784,1692255149553,1692255149558,1693227413794,10,5,5
5739,1693227413794,1692255149562,1692255149566,1693227413802,8,4,4
5740,1693227413802,1692255149570,1692255149574,1693227413810,8,4,4
5741,1693227413810,1692255149582,1692255149585,1693227413821,11,3,8
5742,1693227413821,1692255149589,1692255149593,1693227413829,8,4,4
5743,1693227413829,1692255149597,1692255149601,1693227413837,8,4,4
5744,1693227413837,1692255149606,1692255149610,1693227413847,10,4,6
5745,1693227413847,1692255149614,1692255149618,1693227413855,8,4,4
5746,1693227413855,1692255149623,1692255149627,1693227413863,8,4,4
5747,1693227413863,1692255149631,1692255149635,1693227413872,9,4,5
5748,1693227413872,1692255149641,1692255149644,1693227413881,9,3,6
5749,1693227413881,1692255149649,1692255149653,1693227413889,8,4,4
5750,1693227413889,1692255149658,1692255149661,1693227413898,9,3,6
5751,1693227413898,1692255149666,1692255149669,1693227413906,8,3,5
5752,1693227413906,1692255149675,1692255149678,1693227413917,11,3,8
5753,1693227413917,1692255149686,1692255149689,1693227413926,9,3,6
5754,1693227413926,1692255149694,1692255149698,1693227413935,9,4,5
5755,1693227413935,1692255149703,1692255149707,1693227413943,8,4,4
5756,1693227413943,1692255149711,1692255149715,1693227413951,8,4,4
5757,1693227413951,1692255149720,1692255149723,1693227413960,9,3,6
5758,1693227413960,1692255149728,1692255149732,1693227413968,8,4,4
5759,1693227413969,1692255149737,1692255149741,1693227413978,9,4,5
5760,1693227413978,1692255149746,1692255149749,1693227413986,8,3,5
5761,1693227413986,1692255149754,1692255149758,1693227413994,8,4,4
5762,1693227413994,1692255149763,1692255149767,1693227414004,10,4,6
5763,1693227414004,1692255149772,1692255149778,1693227414014,10,6,4
5764,1693227414014,1692255149783,1692255149787,1693227414023,9,4,5
5765,1693227414023,1692255149792,1692255149796,1693227414033,10,4,6
5766,1693227414033,1692255149802,1692255149806,1693227414042,9,4,5
5767,1693227414042,1692255149811,1692255149816,1693227414052,10,5,5
5768,1693227414053,1692255149821,1692255149826,1693227414062,9,5,4
5769,1693227414062,1692255149831,1692255149835,1693227414071,9,4,5
5770,1693227414071,1692255149839,1692255149843,1693227414079,8,4,4
5771,1693227414079,1692255149847,1692255149850,1693227414087,8,3,5
5772,1693227414087,1692255149855,1692255149859,1693227414095,8,4,4
5773,1693227414095,1692255149863,1692255149867,1693227414103,8,4,4
5774,1693227414103,1692255149873,1692255149876,1693227414113,10,3,7
5775,1693227414113,1692255149881,1692255149886,1693227414123,10,5,5
5776,1693227414123,1692255149891,1692255149894,1693227414131,8,3,5
5777,1693227414131,1692255149899,1692255149903,1693227414140,9,4,5
5778,1693227414140,1692255149908,1692255149911,1693227414148,8,3,5
5779,1693227414148,1692255149917,1692255149921,1693227414158,10,4,6
5780,1693227414158,1692255149927,1692255149930,1693227414167,9,3,6
5781,1693227414167,1692255149935,1692255149939,1693227414176,9,4,5
5782,1693227414176,1692255149944,1692255149948,1693227414184,8,4,4
5783,1693227414184,1692255149952,1692255149955,1693227414191,7,3,4
5784,1693227414191,1692255149960,1692255149963,1693227414200,9,3,6
5785,1693227414200,1692255149970,1692255149973,1693227414210,10,3,7
5786,1693227414210,1692255149979,1692255149982,1693227414219,9,3,6
5787,1693227414219,1692255149988,1692255149992,1693227414229,10,4,6
5788,1693227414229,1692255149998,1692255150002,1693227414238,9,4,5
5789,1693227414238,1692255150007,1692255150012,1693227414249,11,5,6
5790,1693227414249,1692255150018,1692255150023,1693227414260,11,5,6
5791,1693227414260,1692255150029,1692255150033,1693227414270,10,4,6
5792,1693227414270,1692255150038,1692255150042,1693227414279,9,4,5
5793,1693227414279,1692255150048,1692255150052,1693227414289,10,4,6
5794,1693227414289,1692255150058,1692255150061,1693227414298,9,3,6
5795,1693227414298,1692255150068,1692255150072,1693227414308,10,4,6
5796,1693227414308,1692255150077,1692255150081,1693227414318,10,4,6
5797,1693227414318,1692255150087,1692255150091,1693227414328,10,4,6
5798,1693227414328,1692255150097,1692255150102,1693227414339,11,5,6
5799,1693227414339,1692255150108,1692255150112,1693227414348,9,4,5
5800,1693227414348,1692255150116,1692255150121,1693227414357,9,5,4
5801,1693227414357,1692255150126,1692255150130,1693227414366,9,4,5
5802,1693227414366,1692255150135,1692255150140,1693227414376,10,5,5
5803,1693227414376,1692255150145,1692255150149,1693227414386,10,4,6
5804,1693227414386,1692255150155,1692255150159,1693227414396,10,4,6
5805,1693227414396,1692255150165,1692255150170,1693227414407,11,5,6
5806,1693227414407,1692255150176,1692255150181,1693227414418,11,5,6
5807,1693227414418,1692255150186,1692255150190,1693227414430,12,4,8
5808,1693227414431,1692255150199,1692255150203,1693227414440,9,4,5
5809,1693227414440,1692255150209,1692255150214,1693227414450,10,5,5
5810,1693227414450,1692255150218,1692255150222,1693227414459,9,4,5
5811,1693227414459,1692255150228,1692255150232,1693227414469,10,4,6
5812,1693227414469,1692255150238,1692255150244,1693227414481,12,6,6
5813,1693227414481,1692255150249,1692255150253,1693227414490,9,4,5
5814,1693227414490,1692255150259,1692255150263,1693227414500,10,4,6
5815,1693227414500,1692255150269,1692255150272,1693227414509,9,3,6
5816,1693227414509,1692255150278,1692255150281,1693227414518,9,3,6
5817,1693227414518,1692255150286,1692255150290,1693227414527,9,4,5
5818,1693227414527,1692255150298,1692255150302,1693227414539,12,4,8
5819,1693227414539,1692255150307,1692255150311,1693227414548,9,4,5
5820,1693227414548,1692255150317,1692255150321,1693227414558,10,4,6
5821,1693227414558,1692255150327,1692255150331,1693227414568,10,4,6
5822,1693227414568,1692255150336,1692255150341,1693227414577,9,5,4
5823,1693227414577,1692255150346,1692255150350,1693227414587,10,4,6
5824,1693227414587,1692255150356,1692255150361,1693227414598,11,5,6
5825,1693227414598,1692255150367,1692255150370,1693227414607,9,3,6
5826,1693227414607,1692255150375,1692255150380,1693227414616,9,5,4
5827,1693227414617,1692255150386,1692255150390,1693227414626,9,4,5
5828,1693227414626,1692255150395,1692255150399,1693227414636,10,4,6
5829,1693227414636,1692255150406,1692255150411,1693227414647,11,5,6
5830,1693227414647,1692255150415,1692255150419,1693227414656,9,4,5
5831,1693227414656,1692255150424,1692255150428,1693227414665,9,4,5
5832,1693227414665,1692255150434,1692255150437,1693227414684,19,3,16
5833,1693227414684,1692255150471,1692255150475,1693227414713,29,4,25
5834,1693227414713,1692255150481,1692255150485,1693227414722,9,4,5
5835,1693227414722,1692255150490,1692255150494,1693227414731,9,4,5
5836,1693227414731,1692255150499,1692255150503,1693227414740,9,4,5
5837,1693227414740,1692255150508,1692255150513,1693227414750,10,5,5
5838,1693227414750,1692255150518,1692255150522,1693227414759,9,4,5
5839,1693227414759,1692255150534,1692255150538,1693227414779,20,4,16
5840,1693227414779,1692255150547,1692255150551,1693227414788,9,4,5
5841,1693227414788,1692255150556,1692255150560,1693227414800,12,4,8
5842,1693227414800,1692255150569,1692255150573,1693227414810,10,4,6
5843,1693227414810,1692255150578,1692255150582,1693227414819,9,4,5
5844,1693227414819,1692255150588,1692255150591,1693227414828,9,3,6
5845,1693227414828,1692255150596,1692255150600,1693227414839,11,4,7
5846,1693227414839,1692255150607,1692255150610,1693227414847,8,3,5
5847,1693227414847,1692255150616,1692255150619,1693227414856,9,3,6
5848,1693227414856,1692255150625,1692255150628,1693227414865,9,3,6
5849,1693227414865,1692255150650,1692255150655,1693227414892,27,5,22
5850,1693227414892,1692255150660,1692255150663,1693227414899,7,3,4
5851,1693227414899,1692255150668,1692255150671,1693227414908,9,3,6
5852,1693227414908,1692255150676,1692255150679,1693227414916,8,3,5
5853,1693227414916,1692255150685,1692255150688,1693227414925,9,3,6
5854,1693227414925,1692255150694,1692255150697,1693227414934,9,3,6
5855,1693227414934,1692255150702,1692255150706,1693227414942,8,4,4
5856,1693227414942,1692255150711,1692255150715,1693227414952,10,4,6
5857,1693227414952,1692255150720,1692255150724,1693227414960,8,4,4
5858,1693227414960,1692255150728,1692255150732,1693227414969,9,4,5
5859,1693227414969,1692255150737,1692255150742,1693227414978,9,5,4
5860,1693227414978,1692255150747,1692255150751,1693227414987,9,4,5
5861,1693227414987,1692255150755,1692255150758,1693227414995,8,3,5
5862,1693227414995,1692255150765,1692255150768,1693227415005,10,3,7
5863,1693227415005,1692255150779,1692255150783,1693227415019,14,4,10
5864,1693227415019,1692255150788,1692255150792,1693227415029,10,4,6
5865,1693227415029,1692255150798,1692255150802,1693227415039,10,4,6
5866,1693227415039,1692255150810,1692255150818,1693227415055,16,8,8
5867,1693227415055,1692255150824,1692255150828,1693227415065,10,4,6
5868,1693227415065,1692255150834,1692255150838,1693227415074,9,4,5
5869,1693227415074,1692255150842,1692255150846,1693227415082,8,4,4
5870,1693227415082,1692255150851,1692255150854,1693227415094,12,3,9
5871,1693227415094,1692255150862,1692255150866,1693227415102,8,4,4
5872,1693227415102,1692255150871,1692255150875,1693227415112,10,4,6
5873,1693227415112,1692255150880,1692255150884,1693227415120,8,4,4
5874,1693227415120,1692255150889,1692255150892,1693227415129,9,3,6
5875,1693227415129,1692255150897,1692255150900,1693227415137,8,3,5
5876,1693227415137,1692255150905,1692255150909,1693227415146,9,4,5
5877,1693227415146,1692255150914,1692255150917,1693227415154,8,3,5
5878,1693227415154,1692255150923,1692255150926,1693227415163,9,3,6
5879,1693227415163,1692255150931,1692255150935,1693227415171,8,4,4
5880,1693227415171,1692255150940,1692255150943,1693227415180,9,3,6
5881,1693227415180,1692255150948,1692255150953,1693227415189,9,5,4
5882,1693227415189,1692255150957,1692255150961,1693227415198,9,4,5
5883,1693227415198,1692255150967,1692255150970,1693227415207,9,3,6
5884,1693227415207,1692255150976,1692255150979,1693227415216,9,3,6
5885,1693227415216,1692255150984,1692255150989,1693227415226,10,5,5
5886,1693227415226,1692255150994,1692255150997,1693227415234,8,3,5
5887,1693227415234,1692255151002,1692255151007,1693227415243,9,5,4
5888,1693227415243,1692255151012,1692255151016,1693227415253,10,4,6
5889,1693227415253,1692255151021,1692255151025,1693227415262,9,4,5
5890,1693227415262,1692255151031,1692255151034,1693227415270,8,3,5
5891,1693227415270,1692255151039,1692255151042,1693227415279,9,3,6
5892,1693227415279,1692255151047,1692255151051,1693227415287,8,4,4
5893,1693227415287,1692255151056,1692255151060,1693227415297,10,4,6
5894,1693227415297,1692255151065,1692255151069,1693227415306,9,4,5
5895,1693227415306,1692255151075,1692255151078,1693227415315,9,3,6
5896,1693227415315,1692255151083,1692255151087,1693227415324,9,4,5
5897,1693227415324,1692255151093,1692255151096,1693227415333,9,3,6
5898,1693227415333,1692255151102,1692255151106,1693227415343,10,4,6
5899,1693227415343,1692255151112,1692255151115,1693227415352,9,3,6
5900,1693227415352,1692255151121,1692255151124,1693227415361,9,3,6
5901,1693227415361,1692255151130,1692255151134,1693227415371,10,4,6
5902,1693227415371,1692255151140,1692255151143,1693227415380,9,3,6
5903,1693227415380,1692255151149,1692255151154,1693227415390,10,5,5
5904,1693227415390,1692255151162,1692255151168,1693227415405,15,6,9
5905,1693227415405,1692255151174,1692255151178,1693227415415,10,4,6
5906,1693227415415,1692255151184,1692255151188,1693227415424,9,4,5
5907,1693227415424,1692255151194,1692255151198,1693227415434,10,4,6
5908,1693227415434,1692255151203,1692255151206,1693227415442,8,3,5
5909,1693227415442,1692255151210,1692255151215,1693227415454,12,5,7
5910,1693227415454,1692255151223,1692255151227,1693227415463,9,4,5
5911,1693227415463,1692255151232,1692255151235,1693227415472,9,3,6
5912,1693227415472,1692255151240,1692255151244,1693227415482,10,4,6
5913,1693227415482,1692255151250,1692255151253,1693227415490,8,3,5
5914,1693227415490,1692255151259,1692255151262,1693227415499,9,3,6
5915,1693227415499,1692255151268,1692255151272,1693227415508,9,4,5
5916,1693227415508,1692255151277,1692255151280,1693227415517,9,3,6
5917,1693227415517,1692255151286,1692255151289,1693227415526,9,3,6
5918,1693227415526,1692255151294,1692255151298,1693227415534,8,4,4
5919,1693227415534,1692255151303,1692255151307,1693227415543,9,4,5
5920,1693227415543,1692255151312,1692255151316,1693227415552,9,4,5
5921,1693227415552,1692255151322,1692255151326,1693227415563,11,4,7
5922,1693227415563,1692255151332,1692255151337,1693227415574,11,5,6
5923,1693227415574,1692255151342,1692255151345,1693227415583,9,3,6
5924,1693227415583,1692255151352,1692255151355,1693227415592,9,3,6
5925,1693227415592,1692255151360,1692255151364,1693227415600,8,4,4
5926,1693227415600,1692255151369,1692255151372,1693227415609,9,3,6
5927,1693227415609,1692255151377,1692255151381,1693227415617,8,4,4
5928,1693227415617,1692255151386,1692255151391,1693227415627,10,5,5
5929,1693227415627,1692255151396,1692255151400,1693227415637,10,4,6
5930,1693227415637,1692255151406,1692255151410,1693227415646,9,4,5
5931,1693227415646,1692255151415,1692255151420,1693227415658,12,5,7
5932,1693227415658,1692255151427,1692255151431,1693227415668,10,4,6
5933,1693227415668,1692255151437,1692255151441,1693227415677,9,4,5
5934,1693227415677,1692255151446,1692255151449,1693227415686,9,3,6
5935,1693227415686,1692255151455,1692255151459,1693227415696,10,4,6
5936,1693227415696,1692255151464,1692255151469,1693227415706,10,5,5
5937,1693227415706,1692255151474,1692255151478,1693227415715,9,4,5
5938,1693227415715,1692255151484,1692255151488,1693227415724,9,4,5
5939,1693227415724,1692255151493,1692255151497,1693227415734,10,4,6
5940,1693227415734,1692255151503,1692255151507,1693227415746,12,4,8
5941,1693227415746,1692255151516,1692255151521,1693227415760,14,5,9
5942,1693227415760,1692255151529,1692255151533,1693227415769,9,4,5
5943,1693227415769,1692255151538,1692255151542,1693227415779,10,4,6
5944,1693227415779,1692255151547,1692255151551,1693227415788,9,4,5
5945,1693227415788,1692255151556,1692255151560,1693227415797,9,4,5
5946,1693227415797,1692255151566,1692255151570,1693227415806,9,4,5
5947,1693227415806,1692255151575,1692255151580,1693227415816,10,5,5
5948,1693227415816,1692255151587,1692255151591,1693227415828,12,4,8
5949,1693227415828,1692255151597,1692255151601,1693227415838,10,4,6
5950,1693227415838,1692255151607,1692255151611,1693227415847,9,4,5
5951,1693227415848,1692255151616,1692255151620,1693227415857,9,4,5
5952,1693227415857,1692255151625,1692255151630,1693227415866,9,5,4
5953,1693227415866,1692255151635,1692255151639,1693227415876,10,4,6
5954,1693227415876,1692255151645,1692255151648,1693227415884,8,3,5
5955,1693227415884,1692255151653,1692255151657,1693227415894,10,4,6
5956,1693227415894,1692255151663,1692255151667,1693227415903,9,4,5
5957,1693227415903,1692255151672,1692255151676,1693227415913,10,4,6
5958,1693227415913,1692255151682,1692255151686,1693227415922,9,4,5
5959,1693227415922,1692255151691,1692255151697,1693227415934,12,6,6
5960,1693227415934,1692255151702,1692255151706,1693227415942,8,4,4
5961,1693227415942,1692255151711,1692255151715,1693227415951,9,4,5
5962,1693227415951,1692255151720,1692255151724,1693227415960,9,4,5
5963,1693227415960,1692255151732,1692255151735,1693227415972,12,3,9
5964,1693227415972,1692255151741,1692255151747,1693227415983,11,6,5
5965,1693227415983,1692255151753,1692255151758,1693227415995,12,5,7
5966,1693227415995,1692255151764,1692255151770,1693227416007,12,6,6
5967,1693227416007,1692255151776,1692255151780,1693227416017,10,4,6
5968,1693227416017,1692255151787,1692255151791,1693227416027,10,4,6
5969,1693227416027,1692255151799,1692255151805,1693227416042,15,6,9
5970,1693227416042,1692255151816,1692255151821,1693227416058,16,5,11
5971,1693227416058,1692255151827,1692255151832,1693227416069,11,5,6
5972,1693227416069,1692255151840,1692255151846,1693227416083,14,6,8
5973,1693227416083,1692255151852,1692255151856,1693227416093,10,4,6
5974,1693227416093,1692255151866,1692255151870,1693227416107,14,4,10
5975,1693227416107,1692255151875,1692255151880,1693227416116,9,5,4
5976,1693227416117,1692255151885,1692255151889,1693227416125,8,4,4
5977,1693227416125,1692255151894,1692255151898,1693227416135,10,4,6
5978,1693227416135,1692255151903,1692255151908,1693227416144,9,5,4
5979,1693227416145,1692255151913,1692255151918,1693227416155,10,5,5
5980,1693227416155,1692255151924,1692255151930,1693227416166,11,6,5
5981,1693227416166,1692255151938,1692255151942,1693227416179,13,4,9
5982,1693227416179,1692255151948,1692255151953,1693227416190,11,5,6
5983,1693227416190,1692255151959,1692255151964,1693227416201,11,5,6
5984,1693227416201,1692255151970,1692255151975,1693227416211,10,5,5
5985,1693227416211,1692255151981,1692255151985,1693227416222,11,4,7
5986,1693227416222,1692255151991,1692255151996,1693227416233,11,5,6
5987,1693227416233,1692255152002,1692255152006,1693227416242,9,4,5
5988,1693227416242,1692255152011,1692255152015,1693227416252,10,4,6
5989,1693227416252,1692255152020,1692255152024,1693227416260,8,4,4
5990,1693227416261,1692255152029,1692255152034,1693227416272,11,5,6
5991,1693227416272,1692255152041,1692255152046,1693227416282,10,5,5
5992,1693227416282,1692255152051,1692255152056,1693227416293,11,5,6
5993,1693227416293,1692255152061,1692255152066,1693227416302,9,5,4
5994,1693227416302,1692255152071,1692255152075,1693227416312,10,4,6
5995,1693227416312,1692255152081,1692255152085,1693227416325,13,4,9
5996,1693227416325,1692255152094,1692255152101,1693227416337,12,7,5
5997,1693227416337,1692255152106,1692255152110,1693227416347,10,4,6
5998,1693227416347,1692255152117,1692255152122,1693227416358,11,5,6
5999,1693227416358,1692255152127,1692255152131,1693227416368,10,4,6
6000,1693227416368,1692255152138,1692255152143,1693227416379,11,5,6
6001,1693227416379,1692255152153,1692255152158,1693227416394,15,5,10
6002,1693227416394,1692255152165,1692255152169,1693227416406,12,4,8
6003,1693227416406,1692255152175,1692255152179,1693227416417,11,4,7
6004,1693227416417,1692255152186,1692255152190,1693227416426,9,4,5
6005,1693227416426,1692255152195,1692255152199,1693227416435,9,4,5
6006,1693227416435,1692255152204,1692255152207,1693227416444,9,3,6
6007,1693227416444,1692255152213,1692255152217,1693227416454,10,4,6
6008,1693227416454,1692255152223,1692255152227,1693227416464,10,4,6
6009,1693227416464,1692255152233,1692255152237,1693227416473,9,4,5
6010,1693227416473,1692255152244,1692255152249,1693227416486,13,5,8
6011,1693227416486,1692255152256,1692255152259,1693227416496,10,3,7
6012,1693227416496,1692255152265,1692255152269,1693227416506,10,4,6
6013,1693227416506,1692255152275,1692255152279,1693227416516,10,4,6
6014,1693227416516,1692255152284,1692255152289,1693227416526,10,5,5
6015,1693227416526,1692255152295,1692255152299,1693227416536,10,4,6
6016,1693227416536,1692255152304,1692255152308,1693227416544,8,4,4
6017,1693227416544,1692255152313,1692255152318,1693227416554,10,5,5
6018,1693227416554,1692255152322,1692255152327,1693227416564,10,5,5
6019,1693227416564,1692255152333,1692255152337,1693227416574,10,4,6
6020,1693227416574,1692255152343,1692255152347,1693227416584,10,4,6
6021,1693227416584,1692255152352,1692255152357,1693227416593,9,5,4
6022,1693227416593,1692255152362,1692255152366,1693227416602,9,4,5
6023,1693227416602,1692255152371,1692255152375,1693227416612,10,4,6
6024,1693227416612,1692255152381,1692255152387,1693227416623,11,6,5
6025,1693227416623,1692255152392,1692255152397,1693227416633,10,5,5
6026,1693227416633,1692255152402,1692255152406,1693227416643,10,4,6
6027,1693227416643,1692255152411,1692255152415,1693227416651,8,4,4
6028,1693227416651,1692255152419,1692255152423,1693227416659,8,4,4
6029,1693227416659,1692255152427,1692255152430,1693227416667,8,3,5
6030,1693227416667,1692255152435,1692255152439,1693227416675,8,4,4
6031,1693227416675,1692255152443,1692255152447,1693227416683,8,4,4
6032,1693227416683,1692255152452,1692255152455,1693227416692,9,3,6
6033,1693227416692,1692255152461,1692255152467,1693227416703,11,6,5
6034,1693227416703,1692255152471,1692255152475,1693227416712,9,4,5
6035,1693227416712,1692255152480,1692255152484,1693227416720,8,4,4
6036,1693227416720,1692255152489,1692255152493,1693227416729,9,4,5
6037,1693227416729,1692255152498,1692255152501,1693227416738,9,3,6
6038,1693227416738,1692255152506,1692255152510,1693227416746,8,4,4
6039,1693227416746,1692255152515,1692255152518,1693227416755,9,3,6
6040,1693227416755,1692255152524,1692255152528,1693227416765,10,4,6
6041,1693227416765,1692255152533,1692255152536,1693227416773,8,3,5
6042,1693227416773,1692255152542,1692255152545,1693227416784,11,3,8
6043,1693227416784,1692255152553,1692255152557,1693227416793,9,4,5
6044,1693227416793,1692255152561,1692255152565,1693227416801,8,4,4
6045,1693227416801,1692255152570,1692255152573,1693227416810,9,3,6
6046,1693227416810,1692255152578,1692255152581,1693227416818,8,3,5
6047,1693227416818,1692255152587,1692255152590,1693227416826,8,3,5
6048,1693227416826,1692255152595,1692255152598,1693227416835,9,3,6
6049,1693227416835,1692255152603,1692255152606,1693227416843,8,3,5
6050,1693227416843,1692255152611,1692255152615,1693227416851,8,4,4
6051,1693227416851,1692255152620,1692255152624,1693227416861,10,4,6
6052,1693227416861,1692255152629,1692255152634,1693227416870,9,5,4
6053,1693227416870,1692255152639,1692255152643,1693227416880,10,4,6
6054,1693227416880,1692255152649,1692255152653,1693227416890,10,4,6
6055,1693227416890,1692255152659,1692255152663,1693227416900,10,4,6
6056,1693227416900,1692255152669,1692255152673,1693227416910,10,4,6
6057,1693227416910,1692255152678,1692255152682,1693227416919,9,4,5
6058,1693227416919,1692255152687,1692255152691,1693227416927,8,4,4
6059,1693227416927,1692255152695,1692255152699,1693227416935,8,4,4
6060,1693227416935,1692255152704,1692255152707,1693227416944,9,3,6
6061,1693227416944,1692255152712,1692255152716,1693227416953,9,4,5
6062,1693227416953,1692255152721,1692255152725,1693227416961,8,4,4
6063,1693227416961,1692255152731,1692255152734,1693227416971,10,3,7
6064,1693227416971,1692255152739,1692255152743,1693227416980,9,4,5
6065,1693227416980,1692255152748,1692255152751,1693227416989,9,3,6
6066,1693227416989,1692255152758,1692255152762,1693227416999,10,4,6
6067,1693227416999,1692255152767,1692255152771,1693227417008,9,4,5
6068,1693227417008,1692255152776,1692255152780,1693227417017,9,4,5
6069,1693227417017,1692255152786,1692255152790,1693227417026,9,4,5
6070,1693227417026,1692255152796,1692255152801,1693227417038,12,5,7
6071,1693227417038,1692255152807,1692255152810,1693227417047,9,3,6
6072,1693227417047,1692255152816,1692255152819,1693227417056,9,3,6
6073,1693227417056,1692255152825,1692255152828,1693227417065,9,3,6
6074,1693227417065,1692255152834,1692255152837,1693227417074,9,3,6
6075,1693227417074,1692255152842,1692255152846,1693227417082,8,4,4
6076,1693227417082,1692255152850,1692255152854,1693227417091,9,4,5
6077,1693227417091,1692255152860,1692255152863,1693227417100,9,3,6
6078,1693227417100,1692255152872,1692255152875,1693227417112,12,3,9
6079,1693227417112,1692255152880,1692255152884,1693227417120,8,4,4
6080,1693227417120,1692255152888,1692255152891,1693227417128,8,3,5
6081,1693227417128,1692255152896,1692255152900,1693227417137,9,4,5
6082,1693227417137,1692255152906,1692255152911,1693227417148,11,5,6
6083,1693227417148,1692255152917,1692255152921,1693227417158,10,4,6
6084,1693227417158,1692255152926,1692255152930,1693227417167,9,4,5
6085,1693227417167,1692255152936,1692255152940,1693227417176,9,4,5
6086,1693227417176,1692255152944,1692255152948,1693227417185,9,4,5
6087,1693227417185,1692255152954,1692255152959,1693227417196,11,5,6
6088,1693227417196,1692255152964,1692255152969,1693227417206,10,5,5
6089,1693227417206,1692255152975,1692255152979,1693227417216,10,4,6
6090,1693227417216,1692255152985,1692255152988,1693227417226,10,3,7
6091,1693227417226,1692255152995,1692255153000,1693227417237,11,5,6
6092,1693227417237,1692255153006,1692255153011,1693227417247,10,5,5
6093,1693227417247,1692255153015,1692255153019,1693227417256,9,4,5
6094,1693227417256,1692255153025,1692255153029,1693227417265,9,4,5
6095,1693227417265,1692255153033,1692255153037,1693227417274,9,4,5
6096,1693227417274,1692255153043,1692255153046,1693227417283,9,3,6
6097,1693227417283,1692255153052,1692255153056,1693227417292,9,4,5
6098,1693227417292,1692255153063,1692255153067,1693227417303,11,4,7
6099,1693227417303,1692255153072,1692255153076,1693227417312,9,4,5
6100,1693227417312,1692255153081,1692255153084,1693227417321,9,3,6
6101,1693227417321,1692255153092,1692255153095,1693227417331,10,3,7
6102,1693227417331,1692255153104,1692255153107,1693227417344,13,3,10
6103,1693227417344,1692255153112,1692255153116,1693227417352,8,4,4
6104,1693227417352,1692255153121,1692255153125,1693227417362,10,4,6
6105,1693227417362,1692255153131,1692255153135,1693227417372,10,4,6
6106,1693227417372,1692255153141,1692255153148,1693227417385,13,7,6
6107,1693227417385,1692255153158,1692255153163,1693227417400,15,5,10
6108,1693227417400,1692255153169,1692255153173,1693227417410,10,4,6
6109,1693227417410,1692255153178,1692255153183,1693227417420,10,5,5
6110,1693227417420,1692255153189,1692255153193,1693227417430,10,4,6
6111,1693227417430,1692255153199,1692255153203,1693227417440,10,4,6
6112,1693227417440,1692255153209,1692255153214,1693227417451,11,5,6
6113,1693227417451,1692255153225,1692255153229,1693227417466,15,4,11
6114,1693227417466,1692255153235,1692255153239,1693227417478,12,4,8
6115,1693227417478,1692255153247,1692255153251,1693227417488,10,4,6
6116,1693227417488,1692255153256,1692255153261,1693227417497,9,5,4
6117,1693227417497,1692255153268,1692255153273,1693227417510,13,5,8
6118,1693227417510,1692255153278,1692255153282,1693227417519,9,4,5
6119,1693227417519,1692255153288,1692255153292,1693227417529,10,4,6
6120,1693227417529,1692255153298,1692255153302,1693227417539,10,4,6
6121,1693227417539,1692255153308,1692255153314,1693227417555,16,6,10
6122,1693227417555,1692255153326,1692255153332,1693227417575,20,6,14
6123,1693227417575,1692255153345,1692255153349,1693227417586,11,4,7
6124,1693227417586,1692255153356,1692255153360,1693227417597,11,4,7
6125,1693227417597,1692255153366,1692255153372,1693227417608,11,6,5
6126,1693227417608,1692255153378,1692255153382,1693227417618,10,4,6
6127,1693227417618,1692255153387,1692255153391,1693227417627,9,4,5
6128,1693227417627,1692255153396,1692255153400,1693227417637,10,4,6
6129,1693227417637,1692255153406,1692255153410,1693227417650,13,4,9
6130,1693227417650,1692255153419,1692255153423,1693227417660,10,4,6
6131,1693227417660,1692255153428,1692255153432,1693227417669,9,4,5
6132,1693227417669,1692255153438,1692255153443,1693227417679,10,5,5
6133,1693227417679,1692255153448,1692255153452,1693227417689,10,4,6
6134,1693227417689,1692255153458,1692255153464,1693227417701,12,6,6
6135,1693227417701,1692255153469,1692255153474,1693227417711,10,5,5
6136,1693227417711,1692255153480,1692255153484,1693227417722,11,4,7
6137,1693227417722,1692255153491,1692255153494,1693227417731,9,3,6
6138,1693227417731,1692255153499,1692255153503,1693227417740,9,4,5
6139,1693227417740,1692255153509,1692255153513,1693227417750,10,4,6
6140,1693227417750,1692255153527,1692255153531,1693227417768,18,4,14
6141,1693227417768,1692255153536,1692255153540,1693227417776,8,4,4
6142,1693227417776,1692255153545,1692255153551,1693227417787,11,6,5
6143,1693227417787,1692255153556,1692255153560,1693227417797,10,4,6
6144,1693227417797,1692255153566,1692255153571,1693227417808,11,5,6
6145,1693227417808,1692255153578,1692255153582,1693227417819,11,4,7
6146,1693227417819,1692255153588,1692255153592,1693227417830,11,4,7
6147,1693227417830,1692255153598,1692255153603,1693227417840,10,5,5
6148,1693227417840,1692255153609,1692255153614,1693227417851,11,5,6
6149,1693227417851,1692255153620,1692255153625,1693227417861,10,5,5
6150,1693227417861,1692255153630,1692255153634,1693227417870,9,4,5
6151,1693227417871,1692255153639,1692255153643,1693227417880,9,4,5
6152,1693227417880,1692255153649,1692255153653,1693227417890,10,4,6
6153,1693227417890,1692255153659,1692255153663,1693227417899,9,4,5
6154,1693227417899,1692255153668,1692255153672,1693227417910,11,4,7
6155,1693227417910,1692255153679,1692255153683,1693227417919,9,4,5
6156,1693227417919,1692255153689,1692255153694,1693227417930,11,5,6
6157,1693227417930,1692255153699,1692255153703,1693227417940,10,4,6
6158,1693227417940,1692255153709,1692255153713,1693227417949,9,4,5
6159,1693227417949,1692255153718,1692255153722,1693227417959,10,4,6
6160,1693227417959,1692255153727,1692255153731,1693227417967,8,4,4
6161,1693227417967,1692255153736,1692255153741,1693227417978,11,5,6
6162,1693227417978,1692255153748,1692255153752,1693227417989,11,4,7
6163,1693227417989,1692255153758,1692255153763,1693227417999,10,5,5
6164,1693227417999,1692255153768,1692255153773,1693227418009,10,5,5
6165,1693227418009,1692255153780,1692255153784,1693227418021,12,4,8
6166,1693227418021,1692255153789,1692255153794,1693227418030,9,5,4
6167,1693227418030,1692255153799,1692255153803,1693227418040,10,4,6
6168,1693227418040,1692255153808,1692255153813,1693227418049,9,5,4
6169,1693227418049,1692255153818,1692255153822,1693227418059,10,4,6
6170,1693227418059,1692255153828,1692255153832,1693227418068,9,4,5
6171,1693227418068,1692255153837,1692255153841,1693227418077,9,4,5
6172,1693227418077,1692255153846,1692255153849,1693227418086,9,3,6
6173,1693227418086,1692255153855,1692255153859,1693227418096,10,4,6
6174,1693227418096,1692255153864,1692255153869,1693227418106,10,5,5
6175,1693227418106,1692255153883,1692255153887,1693227418124,18,4,14
6176,1693227418124,1692255153892,1692255153897,1693227418134,10,5,5
6177,1693227418134,1692255153902,1692255153906,1693227418142,8,4,4
6178,1693227418142,1692255153911,1692255153915,1693227418151,9,4,5
6179,1693227418151,1692255153920,1692255153926,1693227418163,12,6,6
6180,1693227418163,1692255153935,1692255153939,1693227418176,13,4,9
6181,1693227418176,1692255153946,1692255153951,1693227418187,11,5,6
6182,1693227418187,1692255153956,1692255153961,1693227418198,11,5,6
6183,1693227418198,1692255153967,1692255153973,1693227418210,12,6,6
6184,1693227418210,1692255153979,1692255153984,1693227418221,11,5,6
6185,1693227418221,1692255153992,1692255153997,1693227418234,13,5,8
6186,1693227418234,1692255154003,1692255154009,1693227418246,12,6,6
6187,1693227418246,1692255154015,1692255154020,1693227418257,11,5,6
6188,1693227418257,1692255154026,1692255154032,1693227418269,12,6,6
6189,1693227418269,1692255154038,1692255154043,1693227418280,11,5,6
6190,1693227418280,1692255154049,1692255154054,1693227418290,10,5,5
6191,1693227418290,1692255154062,1692255154066,1693227418303,13,4,9
6192,1693227418303,1692255154072,1692255154077,1693227418314,11,5,6
6193,1693227418314,1692255154083,1692255154087,1693227418324,10,4,6
6194,1693227418324,1692255154094,1692255154099,1693227418336,12,5,7
6195,1693227418336,1692255154105,1692255154110,1693227418347,11,5,6
6196,1693227418347,1692255154117,1692255154122,1693227418359,12,5,7
6197,1693227418359,1692255154128,1692255154134,1693227418371,12,6,6
6198,1693227418371,1692255154140,1692255154145,1693227418382,11,5,6
6199,1693227418382,1692255154151,1692255154156,1693227418393,11,5,6
6200,1693227418393,1692255154166,1692255154171,1693227418408,15,5,10
6201,1693227418408,1692255154177,1692255154182,1693227418419,11,5,6
6202,1693227418419,1692255154190,1692255154195,1693227418432,13,5,8
6203,1693227418432,1692255154201,1692255154206,1693227418443,11,5,6
6204,1693227418443,1692255154212,1692255154218,1693227418455,12,6,6
6205,1693227418455,1692255154224,1692255154228,1693227418465,10,4,6
6206,1693227418465,1692255154235,1692255154241,1693227418478,13,6,7
6207,1693227418478,1692255154247,1692255154253,1693227418490,12,6,6
6208,1693227418490,1692255154259,1692255154263,1693227418500,10,4,6
6209,1693227418500,1692255154268,1692255154273,1693227418509,9,5,4
6210,1693227418509,1692255154278,1692255154283,1693227418519,10,5,5
6211,1693227418519,1692255154288,1692255154292,1693227418528,9,4,5
6212,1693227418528,1692255154298,1692255154302,1693227418539,11,4,7
6213,1693227418539,1692255154307,1692255154311,1693227418548,9,4,5
6214,1693227418548,1692255154317,1692255154321,1693227418557,9,4,5
6215,1693227418557,1692255154327,1692255154331,1693227418568,11,4,7
6216,1693227418568,1692255154338,1692255154344,1693227418581,13,6,7
6217,1693227418581,1692255154349,1692255154353,1693227418590,9,4,5
6218,1693227418590,1692255154365,1692255154369,1693227418605,15,4,11
6219,1693227418605,1692255154375,1692255154379,1693227418616,11,4,7
6220,1693227418616,1692255154386,1692255154390,1693227418628,12,4,8
6221,1693227418628,1692255154396,1692255154400,1693227418636,8,4,4
6222,1693227418636,1692255154405,1692255154409,1693227418646,10,4,6
6223,1693227418646,1692255154415,1692255154419,1693227418656,10,4,6
6224,1693227418656,1692255154425,1692255154429,1693227418665,9,4,5
6225,1693227418665,1692255154434,1692255154438,1693227418675,10,4,6
6226,1693227418675,1692255154444,1692255154449,1693227418686,11,5,6
6227,1693227418686,1692255154455,1692255154459,1693227418695,9,4,5
6228,1693227418695,1692255154465,1692255154470,1693227418707,12,5,7
6229,1693227418707,1692255154475,1692255154480,1693227418717,10,5,5
6230,1693227418717,1692255154485,1692255154489,1693227418726,9,4,5
6231,1693227418726,1692255154497,1692255154501,1693227418737,11,4,7
6232,1693227418737,1692255154507,1692255154510,1693227418747,10,3,7
6233,1693227418747,1692255154516,1692255154519,1693227418756,9,3,6
6234,1693227418756,1692255154525,1692255154530,1693227418767,11,5,6
6235,1693227418767,1692255154535,1692255154540,1693227418776,9,5,4
6236,1693227418776,1692255154545,1692255154549,1693227418786,10,4,6
6237,1693227418786,1692255154555,1692255154559,1693227418796,10,4,6
6238,1693227418796,1692255154565,1692255154568,1693227418805,9,3,6
6239,1693227418805,1692255154575,1692255154579,1693227418815,10,4,6
6240,1693227418815,1692255154584,1692255154588,1693227418825,10,4,6
6241,1693227418825,1692255154594,1692255154598,1693227418835,10,4,6
6242,1693227418835,1692255154603,1692255154607,1693227418844,9,4,5
6243,1693227418844,1692255154612,1692255154617,1693227418853,9,5,4
6244,1693227418853,1692255154621,1692255154626,1693227418863,10,5,5
6245,1693227418863,1692255154631,1692255154635,1693227418872,9,4,5
6246,1693227418872,1692255154640,1692255154644,1693227418880,8,4,4
6247,1693227418880,1692255154649,1692255154652,1693227418889,9,3,6
6248,1693227418889,1692255154657,1692255154663,1693227418899,10,6,4
6249,1693227418899,1692255154667,1692255154671,1693227418907,8,4,4
6250,1693227418907,1692255154676,1692255154679,1693227418916,9,3,6
6251,1693227418916,1692255154684,1692255154687,1693227418924,8,3,5
6252,1693227418924,1692255154692,1692255154697,1693227418934,10,5,5
6253,1693227418934,1692255154702,1692255154705,1693227418942,8,3,5
6254,1693227418942,1692255154710,1692255154714,1693227418951,9,4,5
6255,1693227418951,1692255154719,1692255154723,1693227418960,9,4,5
6256,1693227418960,1692255154729,1692255154732,1693227418968,8,3,5
6257,1693227418968,1692255154736,1692255154740,1693227418977,9,4,5
6258,1693227418977,1692255154746,1692255154749,1693227418986,9,3,6
6259,1693227418986,1692255154755,1692255154758,1693227418994,8,3,5
6260,1693227418994,1692255154763,1692255154766,1693227419003,9,3,6
6261,1693227419003,1692255154772,1692255154777,1693227419014,11,5,6
6262,1693227419014,1692255154782,1692255154786,1693227419023,9,4,5
6263,1693227419023,1692255154792,1692255154796,1693227419033,10,4,6
6264,1693227419033,1692255154803,1692255154808,1693227419045,12,5,7
6265,1693227419045,1692255154813,1692255154817,1693227419054,9,4,5
6266,1693227419054,1692255154823,1692255154828,1693227419064,10,5,5
6267,1693227419064,1692255154833,1692255154837,1693227419074,10,4,6
6268,1693227419074,1692255154843,1692255154847,1693227419084,10,4,6
6269,1693227419084,1692255154852,1692255154856,1693227419093,9,4,5
6270,1693227419093,1692255154862,1692255154865,1693227419102,9,3,6
6271,1693227419102,1692255154870,1692255154873,1693227419110,8,3,5
6272,1693227419110,1692255154879,1692255154883,1693227419120,10,4,6
6273,1693227419120,1692255154889,1692255154892,1693227419129,9,3,6
6274,1693227419129,1692255154897,1692255154901,1693227419139,10,4,6
6275,1693227419140,1692255154908,1692255154912,1693227419149,9,4,5
6276,1693227419149,1692255154917,1692255154921,1693227419158,9,4,5
6277,1693227419158,1692255154928,1692255154931,1693227419168,10,3,7
6278,1693227419168,1692255154936,1692255154939,1693227419176,8,3,5
6279,1693227419176,1692255154945,1692255154948,1693227419184,8,3,5
6280,1693227419184,1692255154953,1692255154957,1693227419194,10,4,6
6281,1693227419194,1692255154962,1692255154966,1693227419203,9,4,5
6282,1693227419203,1692255154972,1692255154975,1693227419212,9,3,6
6283,1693227419212,1692255154982,1692255154986,1693227419223,11,4,7
6284,1693227419223,1692255154992,1692255154996,1693227419232,9,4,5
6285,1693227419232,1692255155002,1692255155006,1693227419243,11,4,7
6286,1693227419243,1692255155011,1692255155015,1693227419251,8,4,4
6287,1693227419251,1692255155020,1692255155023,1693227419260,9,3,6
6288,1693227419260,1692255155029,1692255155032,1693227419269,9,3,6
6289,1693227419269,1692255155037,1692255155042,1693227419278,9,5,4
6290,1693227419278,1692255155047,1692255155051,1693227419287,9,4,5
6291,1693227419287,1692255155056,1692255155059,1693227419296,9,3,6
6292,1693227419296,1692255155064,1692255155068,1693227419304,8,4,4
6293,1693227419304,1692255155073,1692255155077,1693227419313,9,4,5
6294,1693227419313,1692255155082,1692255155085,1693227419322,9,3,6
6295,1693227419322,1692255155092,1692255155096,1693227419332,10,4,6
6296,1693227419332,1692255155101,1692255155105,1693227419342,10,4,6
6297,1693227419342,1692255155111,1692255155116,1693227419353,11,5,6
6298,1693227419353,1692255155121,1692255155127,1693227419364,11,6,5
6299,1693227419364,1692255155133,1692255155137,1693227419374,10,4,6
6300,1693227419374,1692255155142,1692255155147,1693227419383,9,5,4
6301,1693227419383,1692255155152,1692255155156,1693227419392,9,4,5
6302,1693227419392,1692255155162,1692255155165,1693227419401,9,3,6
6303,1693227419401,1692255155170,1692255155174,1693227419411,10,4,6
6304,1693227419411,1692255155179,1692255155183,1693227419419,8,4,4
6305,1693227419419,1692255155187,1692255155191,1693227419427,8,4,4
6306,1693227419427,1692255155196,1692255155200,1693227419437,10,4,6
6307,1693227419437,1692255155205,1692255155208,1693227419447,10,3,7
6308,1693227419447,1692255155215,1692255155219,1693227419455,8,4,4
6309,1693227419455,1692255155224,1692255155228,1693227419464,9,4,5
6310,1693227419464,1692255155232,1692255155236,1693227419473,9,4,5
6311,1693227419473,1692255155242,1692255155245,1693227419482,9,3,6
6312,1693227419482,1692255155250,1692255155254,1693227419490,8,4,4
6313,1693227419490,1692255155259,1692255155263,1693227419499,9,4,5
6314,1693227419499,1692255155268,1692255155272,1693227419508,9,4,5
6315,1693227419508,1692255155277,1692255155280,1693227419517,9,3,6
6316,1693227419517,1692255155285,1692255155289,1693227419525,8,4,4
6317,1693227419525,1692255155294,1692255155297,1693227419534,9,3,6
6318,1693227419534,1692255155302,1692255155306,1693227419542,8,4,4
6319,1693227419542,1692255155310,1692255155314,1693227419550,8,4,4
6320,1693227419550,1692255155318,1692255155322,1693227419558,8,4,4
6321,1693227419558,1692255155327,1692255155331,1693227419567,9,4,5
6322,1693227419567,1692255155337,1692255155340,1693227419577,10,3,7
6323,1693227419577,1692255155345,1692255155349,1693227419585,8,4,4
6324,1693227419585,1692255155353,1692255155357,1693227419594,9,4,5
6325,1693227419594,1692255155363,1692255155366,1693227419602,8,3,5
6326,1693227419602,1692255155371,1692255155376,1693227419612,10,5,5
6327,1693227419612,1692255155381,1692255155385,1693227419622,10,4,6
6328,1693227419622,1692255155391,1692255155395,1693227419632,10,4,6
6329,1693227419632,1692255155401,1692255155405,1693227419641,9,4,5
6330,1693227419641,1692255155410,1692255155414,1693227419652,11,4,7
6331,1693227419652,1692255155421,1692255155425,1693227419662,10,4,6
6332,1693227419662,1692255155431,1692255155435,1693227419672,10,4,6
6333,1693227419672,1692255155441,1692255155445,1693227419682,10,4,6
6334,1693227419682,1692255155452,1692255155457,1693227419694,12,5,7
6335,1693227419694,1692255155463,1692255155467,1693227419704,10,4,6
6336,1693227419704,1692255155473,1692255155476,1693227419713,9,3,6
6337,1693227419713,1692255155482,1692255155486,1693227419723,10,4,6
6338,1693227419723,1692255155494,1692255155498,1693227419734,11,4,7
6339,1693227419735,1692255155504,1692255155508,1693227419744,9,4,5
6340,1693227419744,1692255155512,1692255155515,1693227419754,10,3,7
6341,1693227419754,1692255155523,1692255155527,1693227419764,10,4,6
6342,1693227419764,1692255155532,1692255155537,1693227419774,10,5,5
6343,1693227419774,1692255155542,1692255155547,1693227419784,10,5,5
6344,1693227419784,1692255155552,1692255155558,1693227419794,10,6,4
6345,1693227419794,1692255155562,1692255155566,1693227419803,9,4,5
6346,1693227419803,1692255155572,1692255155576,1693227419813,10,4,6
6347,1693227419813,1692255155582,1692255155587,1693227419823,10,5,5
6348,1693227419823,1692255155592,1692255155597,1693227419833,10,5,5
6349,1693227419833,1692255155602,1692255155606,1693227419843,10,4,6
6350,1693227419843,1692255155612,1692255155615,1693227419852,9,3,6
6351,1693227419852,1692255155623,1692255155627,1693227419863,11,4,7
6352,1693227419864,1692255155634,1692255155638,1693227419874,10,4,6
6353,1693227419874,1692255155644,1692255155648,1693227419885,11,4,7
6354,1693227419885,1692255155653,1692255155657,1693227419893,8,4,4
6355,1693227419893,1692255155665,1692255155670,1693227419907,14,5,9
6356,1693227419907,1692255155675,1692255155680,1693227419917,10,5,5
6357,1693227419917,1692255155685,1692255155690,1693227419926,9,5,4
6358,1693227419927,1692255155695,1692255155699,1693227419936,9,4,5
6359,1693227419936,1692255155704,1692255155708,1693227419945,9,4,5
6360,1693227419945,1692255155714,1692255155718,1693227419954,9,4,5
6361,1693227419954,1692255155725,1692255155729,1693227419965,11,4,7
6362,1693227419965,1692255155734,1692255155738,1693227419975,10,4,6
6363,1693227419975,1692255155744,1692255155751,1693227419987,12,7,5
6364,1693227419988,1692255155756,1692255155760,1693227419997,9,4,5
6365,1693227419997,1692255155765,1692255155770,1693227420006,9,5,4
6366,1693227420007,1692255155775,1692255155779,1693227420016,9,4,5
6367,1693227420016,1692255155785,1692255155788,1693227420025,9,3,6
6368,1693227420025,1692255155793,1692255155797,1693227420034,9,4,5
6369,1693227420034,1692255155804,1692255155808,1693227420045,11,4,7
6370,1693227420045,1692255155814,1692255155818,1693227420055,10,4,6
6371,1693227420055,1692255155824,1692255155830,1693227420067,12,6,6
6372,1693227420067,1692255155836,1692255155841,1693227420078,11,5,6
6373,1693227420078,1692255155847,1692255155852,1693227420089,11,5,6
6374,1693227420089,1692255155859,1692255155864,1693227420100,11,5,6
6375,1693227420100,1692255155869,1692255155873,1693227420109,9,4,5
6376,1693227420109,1692255155879,1692255155883,1693227420123,14,4,10
6377,1693227420123,1692255155892,1692255155897,1693227420133,10,5,5
6378,1693227420133,1692255155902,1692255155907,1693227420144,11,5,6
6379,1693227420144,1692255155913,1692255155917,1693227420154,10,4,6
6380,1693227420154,1692255155923,1692255155927,1693227420164,10,4,6
6381,1693227420164,1692255155933,1692255155937,1693227420173,9,4,5
6382,1693227420173,1692255155942,1692255155946,1693227420183,10,4,6
6383,1693227420183,1692255155951,1692255155956,1693227420193,10,5,5
6384,1693227420193,1692255155962,1692255155967,1693227420204,11,5,6
6385,1693227420204,1692255155973,1692255155977,1693227420213,9,4,5
6386,1693227420213,1692255155985,1692255155989,1693227420226,13,4,9
6387,1693227420226,1692255155996,1692255155999,1693227420236,10,3,7
6388,1693227420236,1692255156006,1692255156012,1693227420248,12,6,6
6389,1693227420248,1692255156017,1692255156021,1693227420258,10,4,6
6390,1693227420258,1692255156026,1692255156031,1693227420267,9,5,4
6391,1693227420267,1692255156035,1692255156039,1693227420276,9,4,5
6392,1693227420276,1692255156045,1692255156049,1693227420286,10,4,6
6393,1693227420286,1692255156058,1692255156062,1693227420299,13,4,9
6394,1693227420299,1692255156067,1692255156072,1693227420309,10,5,5
6395,1693227420309,1692255156078,1692255156082,1693227420319,10,4,6
6396,1693227420319,1692255156087,1692255156091,1693227420327,8,4,4
6397,1693227420327,1692255156096,1692255156100,1693227420337,10,4,6
6398,1693227420337,1692255156105,1692255156109,1693227420345,8,4,4
6399,1693227420345,1692255156114,1692255156117,1693227420354,9,3,6
6400,1693227420354,1692255156122,1692255156127,1693227420363,9,5,4
6401,1693227420363,1692255156134,1692255156138,1693227420375,12,4,8
6402,1693227420375,1692255156144,1692255156147,1693227420384,9,3,6
6403,1693227420384,1692255156153,1692255156157,1693227420394,10,4,6
6404,1693227420394,1692255156164,1692255156168,1693227420405,11,4,7
6405,1693227420405,1692255156173,1692255156178,1693227420415,10,5,5
6406,1693227420415,1692255156183,1692255156187,1693227420424,9,4,5
6407,1693227420424,1692255156192,1692255156197,1693227420434,10,5,5
6408,1693227420434,1692255156202,1692255156206,1693227420442,8,4,4
6409,1693227420443,1692255156211,1692255156215,1693227420452,9,4,5
6410,1693227420452,1692255156221,1692255156224,1693227420461,9,3,6
6411,1693227423487,1692255159256,1692255159259,1693227423495,8,3,5
6412,1693227423495,1692255159264,1692255159268,1693227423504,9,4,5
6413,1693227423504,1692255159272,1692255159275,1693227423512,8,3,5
6414,1693227423512,1692255159280,1692255159283,1693227423520,8,3,5
6415,1693227423520,1692255159288,1692255159291,1693227423527,7,3,4
6416,1693227423527,1692255159295,1692255159299,1693227423535,8,4,4
6417,1693227423536,1692255159303,1692255159307,1693227423543,7,4,3
6418,1693227423543,1692255159311,1692255159314,1693227423551,8,3,5
6419,1693227423551,1692255159319,1692255159321,1693227423558,7,2,5
6420,1693227423558,1692255159326,1692255159329,1693227423565,7,3,4
6421,1693227423565,1692255159333,1692255159337,1693227423573,8,4,4
6422,1693227423573,1692255159341,1692255159344,1693227423581,8,3,5
6423,1693227423581,1692255159349,1692255159352,1693227423588,7,3,4
6424,1693227423588,1692255159355,1692255159360,1693227423596,8,5,3
6425,1693227423596,1692255159363,1692255159366,1693227423602,6,3,3
6426,1693227423603,1692255159371,1692255159374,1693227423611,8,3,5
6427,1693227423611,1692255159379,1692255159382,1693227423618,7,3,4
6428,1693227423619,1692255159386,1692255159390,1693227423627,8,4,4
6429,1693227423627,1692255159395,1692255159398,1693227423634,7,3,4
6430,1693227423634,1692255159402,1692255159405,1693227423642,8,3,5
6431,1693227423642,1692255159411,1692255159415,1693227423651,9,4,5
6432,1693227423651,1692255159419,1692255159422,1693227423658,7,3,4
6433,1693227423658,1692255159426,1692255159429,1693227423666,8,3,5
6434,1693227423666,1692255159434,1692255159438,1693227423674,8,4,4
6435,1693227423674,1692255159442,1692255159446,1693227423682,8,4,4
6436,1693227423682,1692255159450,1692255159453,1693227423689,7,3,4
6437,1693227423689,1692255159458,1692255159462,1693227423699,10,4,6
6438,1693227423699,1692255159467,1692255159470,1693227423706,7,3,4
6439,1693227423706,1692255159474,1692255159476,1693227423713,7,2,5
6440,1693227423713,1692255159482,1692255159485,1693227423721,8,3,5
6441,1693227423722,1692255159490,1692255159493,1693227423730,8,3,5
6442,1693227423730,1692255159498,1692255159500,1693227423737,7,2,5
6443,1693227423737,1692255159504,1692255159507,1693227423744,7,3,4
6444,1693227423744,1692255159517,1692255159520,1693227423756,12,3,9
6445,1693227423756,1692255159525,1692255159528,1693227423764,8,3,5
6446,1693227423764,1692255159532,1692255159536,1693227423772,8,4,4
6447,1693227423772,1692255159543,1692255159546,1693227423783,11,3,8
6448,1693227423783,1692255159551,1692255159554,1693227423790,7,3,4
6449,1693227423790,1692255159558,1692255159562,1693227423798,8,4,4
6450,1693227423798,1692255159566,1692255159570,1693227423806,8,4,4
6451,1693227423806,1692255159574,1692255159577,1693227423814,8,3,5
6452,1693227423814,1692255159583,1692255159585,1693227423822,8,2,6
6453,1693227423822,1692255159590,1692255159593,1693227423829,7,3,4
6454,1693227423829,1692255159597,1692255159600,1693227423836,7,3,4
6455,1693227423836,1692255159605,1692255159609,1693227423845,9,4,5
6456,1693227423845,1692255159617,1692255159620,1693227423856,11,3,8
6457,1693227423856,1692255159624,1692255159627,1693227423864,8,3,5
6458,1693227423864,1692255159632,1692255159635,1693227423872,8,3,5
6459,1693227423872,1692255159640,1692255159643,1693227423879,7,3,4
6460,1693227423879,1692255159647,1692255159650,1693227423887,8,3,5
6461,1693227423887,1692255159655,1692255159657,1693227423894,7,2,5
6462,1693227423894,1692255159662,1692255159665,1693227423901,7,3,4
6463,1693227423901,1692255159669,1692255159672,1693227423908,7,3,4
6464,1693227423908,1692255159676,1692255159680,1693227423916,8,4,4
6465,1693227423916,1692255159684,1692255159687,1693227423923,7,3,4
6466,1693227423923,1692255159694,1692255159698,1693227423934,11,4,7
6467,1693227423934,1692255159702,1692255159705,1693227423942,8,3,5
6468,1693227423942,1692255159710,1692255159712,1693227423949,7,2,5
6469,1693227423949,1692255159718,1692255159722,1693227423959,10,4,6
6470,1693227423959,1692255159727,1692255159729,1693227423966,7,2,5
6471,1693227423966,1692255159734,1692255159737,1693227423973,7,3,4
6472,1693227423973,1692255159742,1692255159744,1693227423981,8,2,6
6473,1693227423981,1692255159749,1692255159752,1693227423988,7,3,4
6474,1693227423988,1692255159756,1692255159760,1693227423997,9,4,5
6475,1693227423997,1692255159765,1692255159769,1693227424005,8,4,4
6476,1693227424005,1692255159773,1692255159776,1693227424013,8,3,5
6477,1693227424013,1692255159782,1692255159785,1693227424021,8,3,5
6478,1693227424021,1692255159789,1692255159792,1693227424029,8,3,5
6479,1693227424029,1692255159797,1692255159801,1693227424037,8,4,4
6480,1693227424037,1692255159805,1692255159808,1693227424045,8,3,5
6481,1693227424045,1692255159812,1692255159816,1693227424055,10,4,6
6482,1693227424055,1692255159822,1692255159826,1693227424063,8,4,4
6483,1693227424063,1692255159831,1692255159834,1693227424071,8,3,5
6484,1693227424071,1692255159839,1692255159842,1693227424078,7,3,4
6485,1693227424078,1692255159847,1692255159850,1693227424087,9,3,6
6486,1693227424087,1692255159855,1692255159858,1693227424095,8,3,5
6487,1693227424095,1692255159863,1692255159868,1693227424104,9,5,4
6488,1693227424104,1692255159873,1692255159877,1693227424113,9,4,5
6489,1693227424113,1692255159881,1692255159884,1693227424120,7,3,4
6490,1693227424120,1692255159888,1692255159891,1693227424128,8,3,5
6491,1693227424128,1692255159896,1692255159899,1693227424135,7,3,4
6492,1693227424135,1692255159903,1692255159907,1693227424147,12,4,8
6493,1693227424147,1692255159915,1692255159918,1693227424157,10,3,7
6494,1693227424157,1692255159926,1692255159929,1693227424166,9,3,6
6495,1693227424166,1692255159934,1692255159938,1693227424174,8,4,4
6496,1693227424174,1692255159942,1692255159945,1693227424182,8,3,5
6497,1693227424182,1692255159950,1692255159953,1693227424189,7,3,4
6498,1693227424189,1692255159957,1692255159961,1693227424197,8,4,4
6499,1693227424197,1692255159965,1692255159968,1693227424205,8,3,5
6500,1693227424205,1692255159972,1692255159976,1693227424212,7,4,3
6501,1693227424212,1692255159980,1692255159984,1693227424220,8,4,4
6502,1693227424221,1692255159989,1692255159992,1693227424228,7,3,4
6503,1693227424228,1692255159996,1692255160000,1693227424236,8,4,4
6504,1693227424236,1692255160004,1692255160007,1693227424244,8,3,5
6505,1693227424244,1692255160012,1692255160015,1693227424251,7,3,4
6506,1693227424251,1692255160019,1692255160022,1693227424259,8,3,5
6507,1693227424259,1692255160028,1692255160031,1693227424267,8,3,5
6508,1693227424267,1692255160035,1692255160038,1693227424275,8,3,5
6509,1693227424275,1692255160043,1692255160047,1693227424283,8,4,4
6510,1693227424283,1692255160051,1692255160057,1693227424293,10,6,4
6511,1693227424293,1692255160061,1692255160064,1693227424301,8,3,5
6512,1693227424301,1692255160069,1692255160072,1693227424308,7,3,4
6513,1693227424308,1692255160076,1692255160079,1693227424316,8,3,5
6514,1693227424316,1692255160084,1692255160087,1693227424324,8,3,5
6515,1693227424324,1692255160092,1692255160095,1693227424331,7,3,4
6516,1693227424331,1692255160099,1692255160102,1693227424338,7,3,4
6517,1693227424339,1692255160107,1692255160110,1693227424346,7,3,4
6518,1693227424346,1692255160114,1692255160117,1693227424353,7,3,4
6519,1693227424353,1692255160120,1692255160123,1693227424362,9,3,6
6520,1693227424362,1692255160130,1692255160133,1693227424370,8,3,5
6521,1693227424370,1692255160138,1692255160142,1693227424378,8,4,4
6522,1693227424378,1692255160146,1692255160149,1693227424386,8,3,5
6523,1693227424386,1692255160154,1692255160158,1693227424394,8,4,4
6524,1693227424394,1692255160162,1692255160165,1693227424401,7,3,4
6525,1693227424401,1692255160168,1692255160172,1693227424409,8,4,4
6526,1693227424409,1692255160177,1692255160179,1693227424416,7,2,5
6527,1693227424416,1692255160184,1692255160188,1693227424424,8,4,4
6528,1693227424425,1692255160192,1692255160195,1693227424431,6,3,3
6529,1693227424431,1692255160199,1692255160202,1693227424438,7,3,4
6530,1693227424438,1692255160206,1692255160209,1693227424445,7,3,4
6531,1693227424445,1692255160213,1692255160216,1693227424452,7,3,4
6532,1693227424452,1692255160220,1692255160223,1693227424459,7,3,4
6533,1693227424459,1692255160227,1692255160230,1693227424466,7,3,4
6534,1693227424466,1692255160234,1692255160237,1693227424473,7,3,4
6535,1693227424473,1692255160242,1692255160245,1693227424481,8,3,5
6536,1693227424482,1692255160250,1692255160253,1693227424491,9,3,6
6537,1693227424491,1692255160259,1692255160263,1693227424499,8,4,4
6538,1693227424499,1692255160267,1692255160270,1693227424507,8,3,5
6539,1693227424507,1692255160274,1692255160278,1693227424514,7,4,3
6540,1693227424514,1692255160281,1692255160286,1693227424522,8,5,3
6541,1693227424522,1692255160290,1692255160293,1693227424529,7,3,4
6542,1693227424529,1692255160298,1692255160301,1693227424537,8,3,5
6543,1693227424537,1692255160307,1692255160310,1693227424546,9,3,6
6544,1693227424546,1692255160314,1692255160317,1693227424553,7,3,4
6545,1693227424553,1692255160321,1692255160324,1693227424561,8,3,5
6546,1693227424561,1692255160329,1692255160334,1693227424570,9,5,4
6547,1693227424570,1692255160338,1692255160341,1693227424577,7,3,4
6548,1693227424577,1692255160345,1692255160348,1693227424585,8,3,5
6549,1693227424585,1692255160353,1692255160356,1693227424592,7,3,4
6550,1693227424592,1692255160360,1692255160363,1693227424599,7,3,4
6551,1693227424599,1692255160367,1692255160371,1693227424607,8,4,4
6552,1693227424607,1692255160374,1692255160377,1693227424613,6,3,3
6553,1693227424613,1692255160381,1692255160384,1693227424621,8,3,5
6554,1693227424621,1692255160390,1692255160393,1693227424629,8,3,5
6555,1693227424629,1692255160398,1692255160401,1693227424637,8,3,5
6556,1693227424637,1692255160405,1692255160408,1693227424644,7,3,4
6557,1693227424644,1692255160413,1692255160416,1693227424652,8,3,5
6558,1693227424652,1692255160420,1692255160423,1693227424659,7,3,4
6559,1693227424659,1692255160426,1692255160429,1693227424666,7,3,4
6560,1693227424666,1692255160435,1692255160438,1693227424674,8,3,5
6561,1693227424674,1692255160443,1692255160446,1693227424682,8,3,5
6562,1693227424682,1692255160450,1692255160453,1693227424690,8,3,5
6563,1693227424690,1692255160458,1692255160461,1693227424698,8,3,5
6564,1693227424698,1692255160466,1692255160470,1693227424706,8,4,4
6565,1693227424706,1692255160474,1692255160478,1693227424714,8,4,4
6566,1693227424714,1692255160482,1692255160486,1693227424722,8,4,4
6567,1693227424722,1692255160490,1692255160493,1693227424729,7,3,4
6568,1693227424729,1692255160498,1692255160501,1693227424737,8,3,5
6569,1693227424737,1692255160505,1692255160508,1693227424744,7,3,4
6570,1693227424744,1692255160513,1692255160518,1693227424754,10,5,5
6571,1693227424754,1692255160522,1692255160525,1693227424761,7,3,4
6572,1693227424761,1692255160529,1692255160533,1693227424771,10,4,6
6573,1693227424771,1692255160539,1692255160543,1693227424779,8,4,4
6574,1693227424779,1692255160547,1692255160550,1693227424786,7,3,4
6575,1693227424786,1692255160554,1692255160558,1693227424795,9,4,5
6576,1693227424795,1692255160563,1692255160567,1693227424803,8,4,4
6577,1693227424803,1692255160570,1692255160573,1693227424810,7,3,4
6578,1693227424810,1692255160578,1692255160581,1693227424817,7,3,4
6579,1693227424817,1692255160585,1692255160588,1693227424825,8,3,5
6580,1693227424825,1692255160594,1692255160597,1693227424833,8,3,5
6581,1693227424833,1692255160601,1692255160604,1693227424841,8,3,5
6582,1693227424841,1692255160609,1692255160613,1693227424850,9,4,5
6583,1693227424850,1692255160618,1692255160621,1693227424857,7,3,4
6584,1693227424857,1692255160625,1692255160628,1693227424865,8,3,5
6585,1693227424865,1692255160633,1692255160636,1693227424874,9,3,6
6586,1693227424874,1692255160641,1692255160645,1693227424881,7,4,3
6587,1693227424881,1692255160649,1692255160652,1693227424888,7,3,4
6588,1693227424888,1692255160656,1692255160659,1693227424895,7,3,4
6589,1693227424895,1692255160663,1692255160666,1693227424903,8,3,5
6590,1693227424903,1692255160671,1692255160674,1693227424911,8,3,5
6591,1693227424911,1692255160679,1692255160682,1693227424918,7,3,4
6592,1693227424918,1692255160685,1692255160688,1693227424925,7,3,4
6593,1693227424925,1692255160693,1692255160696,1693227424933,8,3,5
6594,1693227424933,1692255160701,1692255160704,1693227424941,8,3,5
6595,1693227424941,1692255160709,1692255160712,1693227424949,8,3,5
6596,1693227424949,1692255160718,1692255160721,1693227424957,8,3,5
6597,1693227424957,1692255160725,1692255160728,1693227424964,7,3,4
6598,1693227424964,1692255160732,1692255160735,1693227424971,7,3,4
6599,1693227424971,1692255160739,1692255160744,1693227424981,10,5,5
6600,1693227424981,1692255160749,1692255160752,1693227424989,8,3,5
6601,1693227424989,1692255160757,1692255160760,1693227424996,7,3,4
6602,1693227424997,1692255160765,1692255160768,1693227425004,7,3,4
6603,1693227425004,1692255160772,1692255160777,1693227425013,9,5,4
6604,1693227425013,1692255160781,1692255160784,1693227425021,8,3,5
6605,1693227425021,1692255160788,1692255160791,1693227425027,6,3,3
6606,1693227425028,1692255160796,1692255160799,1693227425036,8,3,5
6607,1693227425036,1692255160803,1692255160806,1693227425042,6,3,3
6608,1693227425042,1692255160810,1692255160813,1693227425049,7,3,4
6609,1693227425049,1692255160818,1692255160820,1693227425056,7,2,5
6610,1693227425056,1692255160824,1692255160828,1693227425064,8,4,4
6611,1693227425064,1692255160832,1692255160835,1693227425072,8,3,5
6612,1693227425072,1692255160840,1692255160843,1693227425080,8,3,5
6613,1693227425080,1692255160848,1692255160851,1693227425087,7,3,4
6614,1693227425087,1692255160855,1692255160858,1693227425094,7,3,4
6615,1693227425094,1692255160862,1692255160865,1693227425102,8,3,5
6616,1693227425102,1692255160871,1692255160874,1693227425111,9,3,6
6617,1693227425111,1692255160879,1692255160882,1693227425118,7,3,4
6618,1693227425118,1692255160886,1692255160890,1693227425127,9,4,5
6619,1693227425127,1692255160896,1692255160899,1693227425135,8,3,5
6620,1693227425135,1692255160903,1692255160906,1693227425142,7,3,4
6621,1693227425142,1692255160911,1692255160914,1693227425153,11,3,8
6622,1693227425153,1692255160922,1692255160925,1693227425161,8,3,5
6623,1693227425161,1692255160929,1692255160935,1693227425172,11,6,5
6624,1693227425172,1692255160940,1692255160943,1693227425181,9,3,6
6625,1693227425182,1692255160950,1692255160953,1693227425189,7,3,4
6626,1693227425189,1692255160957,1692255160961,1693227425197,8,4,4
6627,1693227425197,1692255160964,1692255160967,1693227425205,8,3,5
6628,1693227425205,1692255160974,1692255160976,1693227425213,8,2,6
6629,1693227425213,1692255160981,1692255160984,1693227425221,8,3,5
6630,1693227425221,1692255160988,1692255160992,1693227425229,8,4,4
6631,1693227425229,1692255160997,1692255161000,1693227425237,8,3,5
6632,1693227425237,1692255161004,1692255161007,1693227425244,7,3,4
6633,1693227425244,1692255161012,1692255161015,1693227425251,7,3,4
6634,1693227425251,1692255161020,1692255161023,1693227425259,8,3,5
6635,1693227425259,1692255161027,1692255161030,1693227425267,8,3,5
6636,1693227425267,1692255161035,1692255161038,1693227425275,8,3,5
6637,1693227425275,1692255161043,1692255161046,1693227425283,8,3,5
6638,1693227425283,1692255161056,1692255161059,1693227425295,12,3,9
6639,1693227425295,1692255161063,1692255161066,1693227425302,7,3,4
6640,1693227425302,1692255161070,1692255161073,1693227425309,7,3,4
6641,1693227425310,1692255161078,1692255161081,1693227425317,7,3,4
6642,1693227425317,1692255161085,1692255161088,1693227425325,8,3,5
6643,1693227425325,1692255161092,1692255161096,1693227425332,7,4,3
6644,1693227425332,1692255161100,1692255161103,1693227425339,7,3,4
6645,1693227425340,1692255161108,1692255161111,1693227425347,7,3,4
6646,1693227425347,1692255161115,1692255161118,1693227425355,8,3,5
6647,1693227425355,1692255161123,1692255161127,1693227425363,8,4,4
6648,1693227425363,1692255161131,1692255161134,1693227425370,7,3,4
6649,1693227425370,1692255161138,1692255161141,1693227425377,7,3,4
6650,1693227425377,1692255161145,1692255161148,1693227425386,9,3,6
6651,1693227425386,1692255161154,1692255161157,1693227425393,7,3,4
6652,1693227425393,1692255161162,1692255161165,1693227425401,8,3,5
6653,1693227425401,1692255161169,1692255161172,1693227425409,8,3,5
6654,1693227425409,1692255161177,1692255161182,1693227425418,9,5,4
6655,1693227425418,1692255161186,1692255161190,1693227425426,8,4,4
6656,1693227425426,1692255161194,1692255161198,1693227425434,8,4,4
6657,1693227425434,1692255161202,1692255161206,1693227425442,8,4,4
6658,1693227425442,1692255161210,1692255161213,1693227425449,7,3,4
6659,1693227425450,1692255161218,1692255161220,1693227425456,6,2,4
6660,1693227425456,1692255161226,1692255161230,1693227425466,10,4,6
6661,1693227425466,1692255161234,1692255161237,1693227425473,7,3,4
6662,1693227425473,1692255161241,1692255161244,1693227425481,8,3,5
6663,1693227425481,1692255161249,1692255161252,1693227425488,7,3,4
6664,1693227425488,1692255161256,1692255161259,1693227425495,7,3,4
6665,1693227425495,1692255161263,1692255161266,1693227425502,7,3,4
6666,1693227425502,1692255161270,1692255161273,1693227425510,8,3,5
6667,1693227425510,1692255161278,1692255161281,1693227425518,8,3,5
6668,1693227425518,1692255161286,1692255161289,1693227425525,7,3,4
6669,1693227425525,1692255161293,1692255161296,1693227425532,7,3,4
6670,1693227425532,1692255161301,1692255161304,1693227425540,8,3,5
6671,1693227425541,1692255161309,1692255161311,1693227425548,7,2,5
6672,1693227425548,1692255161316,1692255161319,1693227425555,7,3,4
6673,1693227425555,1692255161323,1692255161327,1693227425563,8,4,4
6674,1693227425563,1692255161331,1692255161334,1693227425571,8,3,5
6675,1693227425571,1692255161339,1692255161342,1693227425579,8,3,5
6676,1693227425579,1692255161346,1692255161350,1693227425586,7,4,3
6677,1693227425586,1692255161356,1692255161360,1693227425596,10,4,6
6678,1693227425596,1692255161364,1692255161368,1693227425604,8,4,4
6679,1693227425604,1692255161371,1692255161375,1693227425611,7,4,3
6680,1693227425611,1692255161378,1692255161382,1693227425619,8,4,4
6681,1693227425619,1692255161386,1692255161389,1693227425625,6,3,3
6682,1693227425626,1692255161393,1692255161396,1693227425633,7,3,4
6683,1693227425633,1692255161401,1692255161404,1693227425640,7,3,4
6684,1693227425640,1692255161408,1692255161410,1693227425647,7,2,5
6685,1693227425647,1692255161415,1692255161418,1693227425654,7,3,4
6686,1693227425654,1692255161422,1692255161425,1693227425661,7,3,4
6687,1693227425661,1692255161429,1692255161432,1693227425668,7,3,4
6688,1693227425668,1692255161436,1692255161439,1693227425676,8,3,5
6689,1693227425676,1692255161444,1692255161448,1693227425684,8,4,4
6690,1693227425684,1692255161453,1692255161455,1693227425694,10,2,8
6691,1693227425694,1692255161462,1692255161467,1693227425703,9,5,4
6692,1693227425703,1692255161470,1692255161474,1693227425711,8,4,4
6693,1693227425711,1692255161479,1692255161482,1693227425718,7,3,4
6694,1693227425718,1692255161486,1692255161489,1693227425726,8,3,5
6695,1693227425726,1692255161494,1692255161498,1693227425734,8,4,4
6696,1693227425734,1692255161502,1692255161505,1693227425742,8,3,5
6697,1693227425742,1692255161510,1692255161513,1693227425750,8,3,5
6698,1693227425750,1692255161518,1692255161521,1693227425758,8,3,5
6699,1693227425758,1692255161526,1692255161529,1693227425766,8,3,5
6700,1693227425766,1692255161534,1692255161538,1693227425774,8,4,4
6701,1693227425774,1692255161542,1692255161545,1693227425782,8,3,5
6702,1693227425782,1692255161550,1692255161553,1693227425789,7,3,4
6703,1693227425789,1692255161557,1692255161560,1693227425797,8,3,5
6704,1693227425797,1692255161565,1692255161568,1693227425804,7,3,4
6705,1693227425804,1692255161573,1692255161577,1693227425813,9,4,5
6706,1693227425813,1692255161581,1692255161584,1693227425820,7,3,4
6707,1693227425820,1692255161588,1692255161591,1693227425828,8,3,5
6708,1693227425828,1692255161595,1692255161598,1693227425835,7,3,4
6709,1693227425835,1692255161603,1692255161606,1693227425842,7,3,4
6710,1693227425842,1692255161610,1692255161614,1693227425850,8,4,4
6711,1693227425850,1692255161618,1692255161620,1693227425856,6,2,4
6712,1693227425856,1692255161624,1692255161627,1693227425864,8,3,5
6713,1693227425864,1692255161632,1692255161635,1693227425871,7,3,4
6714,1693227425871,1692255161639,1692255161641,1693227425879,8,2,6
6715,1693227425879,1692255161646,1692255161650,1693227425886,7,4,3
6716,1693227425886,1692255161654,1692255161657,1693227425893,7,3,4
6717,1693227425893,1692255161663,1692255161666,1693227425903,10,3,7
6718,1693227425903,1692255161670,1692255161673,1693227425910,7,3,4
6719,1693227425910,1692255161678,1692255161681,1693227425918,8,3,5
6720,1693227425918,1692255161686,1692255161689,1693227425925,7,3,4
6721,1693227425925,1692255161694,1692255161697,1693227425934,9,3,6
6722,1693227425934,1692255161702,1692255161705,1693227425941,7,3,4
6723,1693227425942,1692255161710,1692255161713,1693227425949,7,3,4
6724,1693227425949,1692255161718,1692255161721,1693227425957,8,3,5
6725,1693227425957,1692255161725,1692255161729,1693227425965,8,4,4
6726,1693227425965,1692255161733,1692255161736,1693227425973,8,3,5
6727,1693227425973,1692255161741,1692255161744,1693227425980,7,3,4
6728,1693227425980,1692255161748,1692255161753,1693227425989,9,5,4
6729,1693227425990,1692255161758,1692255161760,1693227425996,6,2,4
6730,1693227425997,1692255161769,1692255161772,1693227426008,11,3,8
6731,1693227426008,1692255161778,1692255161782,1693227426018,10,4,6
6732,1693227426018,1692255161786,1692255161789,1693227426025,7,3,4
6733,1693227426025,1692255161793,1692255161796,1693227426033,8,3,5
6734,1693227426033,1692255161801,1692255161805,1693227426041,8,4,4
6735,1693227426041,1692255161810,1692255161813,1693227426049,8,3,5
6736,1693227426049,1692255161818,1692255161823,1693227426059,10,5,5
6737,1693227426059,1692255161827,1692255161830,1693227426066,7,3,4
6738,1693227426066,1692255161834,1692255161837,1693227426074,8,3,5
6739,1693227426074,1692255161841,1692255161844,1693227426080,6,3,3
6740,1693227426080,1692255161848,1692255161852,1693227426089,9,4,5
6741,1693227426089,1692255161857,1692255161860,1693227426097,8,3,5
6742,1693227426097,1692255161865,1692255161868,1693227426104,7,3,4
6743,1693227426104,1692255161873,1692255161876,1693227426112,8,3,5
6744,1693227426112,1692255161880,1692255161884,1693227426120,8,4,4
6745,1693227426120,1692255161888,1692255161891,1693227426127,7,3,4
6746,1693227426127,1692255161895,1692255161898,1693227426135,8,3,5
6747,1693227426135,1692255161903,1692255161906,1693227426142,7,3,4
6748,1693227426142,1692255161910,1692255161913,1693227426150,8,3,5
6749,1693227426150,1692255161918,1692255161921,1693227426159,9,3,6
6750,1693227426159,1692255161928,1692255161930,1693227426167,8,2,6
6751,1693227426167,1692255161935,1692255161939,1693227426176,9,4,5
6752,1693227426176,1692255161944,1692255161947,1693227426184,8,3,5
6753,1693227426184,1692255161952,1692255161955,1693227426192,8,3,5
6754,1693227426192,1692255161960,1692255161964,1693227426200,8,4,4
6755,1693227426200,1692255161971,1692255161975,1693227426211,11,4,7
6756,1693227426211,1692255161980,1692255161983,1693227426220,9,3,6
6757,1693227426220,1692255161988,1692255161991,1693227426228,8,3,5
6758,1693227426228,1692255161996,1692255161999,1693227426235,7,3,4
6759,1693227426235,1692255162003,1692255162007,1693227426243,8,4,4
6760,1693227426243,1692255162012,1692255162015,1693227426252,9,3,6
6761,1693227426252,1692255162020,1692255162023,1693227426259,7,3,4
6762,1693227426259,1692255162027,1692255162032,1693227426268,9,5,4
6763,1693227426268,1692255162036,1692255162040,1693227426277,9,4,5
6764,1693227426277,1692255162046,1692255162049,1693227426285,8,3,5
6765,1693227426285,1692255162054,1692255162061,1693227426297,12,7,5
6766,1693227426297,1692255162066,1692255162069,1693227426307,10,3,7
6767,1693227426307,1692255162080,1692255162084,1693227426320,13,4,9
6768,1693227426320,1692255162088,1692255162092,1693227426328,8,4,4
6769,1693227426328,1692255162096,1692255162099,1693227426335,7,3,4
6770,1693227426335,1692255162103,1692255162106,1693227426342,7,3,4
6771,1693227426342,1692255162110,1692255162113,1693227426349,7,3,4
6772,1693227426349,1692255162118,1692255162121,1693227426357,8,3,5
6773,1693227426357,1692255162125,1692255162128,1693227426365,8,3,5
6774,1693227426365,1692255162133,1692255162136,1693227426373,8,3,5
6775,1693227426373,1692255162141,1692255162144,1693227426380,7,3,4
6776,1693227426380,1692255162148,1692255162153,1693227426390,10,5,5
6777,1693227426390,1692255162158,1692255162161,1693227426398,8,3,5
6778,1693227426398,1692255162166,1692255162169,1693227426406,8,3,5
6779,1693227426406,1692255162176,1692255162180,1693227426416,10,4,6
6780,1693227426416,1692255162184,1692255162187,1693227426423,7,3,4
6781,1693227426423,1692255162191,1692255162194,1693227426431,8,3,5
6782,1693227426431,1692255162200,1692255162204,1693227426440,9,4,5
6783,1693227426440,1692255162208,1692255162211,1693227426448,8,3,5
6784,1693227426448,1692255162216,1692255162219,1693227426455,7,3,4
6785,1693227426455,1692255162223,1692255162226,1693227426462,7,3,4
6786,1693227426462,1692255162230,1692255162234,1693227426470,8,4,4
6787,1693227426470,1692255162238,1692255162242,1693227426478,8,4,4
6788,1693227426478,1692255162247,1692255162252,1693227426488,10,5,5
6789,1693227426488,1692255162257,1692255162260,1693227426496,8,3,5
6790,1693227426496,1692255162265,1692255162268,1693227426504,8,3,5
6791,1693227426504,1692255162272,1692255162274,1693227426512,8,2,6
6792,1693227426512,1692255162280,1692255162283,1693227426519,7,3,4
6793,1693227426519,1692255162287,1692255162290,1693227426527,8,3,5
6794,1693227426527,1692255162295,1692255162298,1693227426535,8,3,5
6795,1693227426535,1692255162304,1692255162307,1693227426543,8,3,5
6796,1693227426543,1692255162311,1692255162314,1693227426550,7,3,4
6797,1693227426550,1692255162318,1692255162321,1693227426557,7,3,4
6798,1693227426557,1692255162326,1692255162329,1693227426565,8,3,5
6799,1693227426565,1692255162333,1692255162336,1693227426573,8,3,5
6800,1693227426573,1692255162341,1692255162349,1693227426585,12,8,4
6801,1693227426585,1692255162353,1692255162356,1693227426592,7,3,4
6802,1693227426592,1692255162360,1692255162364,1693227426600,8,4,4
6803,1693227426600,1692255162367,1692255162370,1693227426607,7,3,4
6804,1693227426607,1692255162374,1692255162377,1693227426614,7,3,4
6805,1693227426615,1692255162383,1692255162386,1693227426622,7,3,4
6806,1693227426622,1692255162390,1692255162393,1693227426629,7,3,4
6807,1693227426629,1692255162397,1692255162400,1693227426636,7,3,4
6808,1693227426636,1692255162405,1692255162408,1693227426644,8,3,5
6809,1693227426644,1692255162411,1692255162415,1693227426651,7,4,3
6810,1693227426651,1692255162419,1692255162421,1693227426658,7,2,5
6811,1693227426658,1692255162426,1692255162430,1693227426666,8,4,4
6812,1693227426666,1692255162434,1692255162437,1693227426673,7,3,4
6813,1693227426674,1692255162441,1692255162445,1693227426681,7,4,3
6814,1693227426681,1692255162450,1692255162453,1693227426689,8,3,5
6815,1693227426689,1692255162458,1692255162461,1693227426698,9,3,6
6816,1693227426698,1692255162466,1692255162469,1693227426705,7,3,4
6817,1693227426705,1692255162473,1692255162476,1693227426712,7,3,4
6818,1693227426712,1692255162483,1692255162486,1693227426722,10,3,7
6819,1693227426722,1692255162490,1692255162493,1693227426729,7,3,4
6820,1693227426729,1692255162497,1692255162500,1693227426736,7,3,4
6821,1693227426736,1692255162504,1692255162507,1693227426744,8,3,5
6822,1693227426744,1692255162511,1692255162514,1693227426751,7,3,4
6823,1693227426751,1692255162518,1692255162521,1693227426758,7,3,4
6824,1693227426758,1692255162526,1692255162529,1693227426765,7,3,4
6825,1693227426765,1692255162533,1692255162537,1693227426773,8,4,4
6826,1693227426773,1692255162541,1692255162544,1693227426780,7,3,4
6827,1693227426780,1692255162549,1692255162552,1693227426788,8,3,5
6828,1693227426788,1692255162556,1692255162558,1693227426795,7,2,5
6829,1693227426795,1692255162563,1692255162566,1693227426802,7,3,4
6830,1693227426802,1692255162570,1692255162572,1693227426809,7,2,5
6831,1693227426809,1692255162577,1692255162580,1693227426819,10,3,7
6832,1693227426819,1692255162588,1692255162590,1693227426827,8,2,6
6833,1693227426827,1692255162595,1692255162598,1693227426834,7,3,4
6834,1693227426834,1692255162603,1692255162606,1693227426842,8,3,5
6835,1693227426842,1692255162610,1692255162614,1693227426850,8,4,4
6836,1693227426850,1692255162618,1692255162621,1693227426857,7,3,4
6837,1693227426857,1692255162626,1692255162631,1693227426868,11,5,6
6838,1693227426868,1692255162636,1692255162639,1693227426875,7,3,4
6839,1693227426875,1692255162643,1692255162647,1693227426883,8,4,4
6840,1693227426883,1692255162651,1692255162654,1693227426891,8,3,5
6841,1693227426891,1692255162659,1692255162663,1693227426899,8,4,4
6842,1693227426899,1692255162668,1692255162670,1693227426906,7,2,5
6843,1693227426906,1692255162675,1692255162678,1693227426914,8,3,5
6844,1693227426914,1692255162682,1692255162686,1693227426922,8,4,4
6845,1693227426922,1692255162689,1692255162693,1693227426929,7,4,3
6846,1693227426929,1692255162697,1692255162700,1693227426936,7,3,4
6847,1693227426936,1692255162704,1692255162708,1693227426944,8,4,4
6848,1693227426944,1692255162712,1692255162715,1693227426951,7,3,4
6849,1693227426951,1692255162720,1692255162723,1693227426959,8,3,5
6850,1693227426959,1692255162728,1692255162731,1693227426967,8,3,5
6851,1693227426967,1692255162735,1692255162738,1693227426974,7,3,4
6852,1693227426974,1692255162742,1692255162746,1693227426983,9,4,5
6853,1693227426983,1692255162751,1692255162754,1693227426990,7,3,4
6854,1693227426990,1692255162758,1692255162761,1693227426997,7,3,4
6855,1693227426997,1692255162766,1692255162769,1693227427005,8,3,5
6856,1693227427005,1692255162773,1692255162776,1693227427012,7,3,4
6857,1693227427012,1692255162781,1692255162786,1693227427025,13,5,8
6858,1693227427025,1692255162793,1692255162797,1693227427034,9,4,5
6859,1693227427034,1692255162802,1692255162806,1693227427043,9,4,5
6860,1693227427043,1692255162812,1692255162815,1693227427052,9,3,6
6861,1693227427052,1692255162821,1692255162825,1693227427062,10,4,6
6862,1693227427062,1692255162831,1692255162833,1693227427070,8,2,6
6863,1693227427070,1692255162838,1692255162841,1693227427078,8,3,5
6864,1693227427078,1692255162845,1692255162848,1693227427085,7,3,4
6865,1693227427085,1692255162853,1692255162856,1693227427093,8,3,5
6866,1693227427093,1692255162860,1692255162864,1693227427100,7,4,3
6867,1693227427100,1692255162870,1692255162874,1693227427110,10,4,6
6868,1693227427110,1692255162878,1692255162881,1693227427117,7,3,4
6869,1693227427117,1692255162884,1692255162888,1693227427126,9,4,5
6870,1693227427126,1692255162895,1692255162899,1693227427135,9,4,5
6871,1693227427135,1692255162903,1692255162906,1693227427143,8,3,5
6872,1693227427143,1692255162911,1692255162915,1693227427151,8,4,4
6873,1693227427151,1692255162920,1692255162924,1693227427165,14,4,10
6874,1693227427165,1692255162933,1692255162937,1693227427174,9,4,5
6875,1693227427174,1692255162942,1692255162944,1693227427181,7,2,5
6876,1693227427181,1692255162949,1692255162952,1693227427189,8,3,5
6877,1693227427189,1692255162957,1692255162960,1693227427196,7,3,4
6878,1693227427196,1692255162964,1692255162967,1693227427204,8,3,5
6879,1693227427204,1692255162971,1692255162975,1693227427211,7,4,3
6880,1693227427211,1692255162979,1692255162983,1693227427220,9,4,5
6881,1693227427220,1692255162988,1692255162992,1693227427229,9,4,5
6882,1693227427229,1692255162997,1692255163000,1693227427236,7,3,4
6883,1693227427236,1692255163004,1692255163006,1693227427243,7,2,5
6884,1693227427243,1692255163011,1692255163015,1693227427251,8,4,4
6885,1693227427251,1692255163019,1692255163022,1693227427259,8,3,5
6886,1693227427259,1692255163026,1692255163029,1693227427266,7,3,4
6887,1693227427266,1692255163034,1692255163037,1693227427274,8,3,5
6888,1693227427274,1692255163042,1692255163045,1693227427281,7,3,4
6889,1693227427281,1692255163048,1692255163051,1693227427287,6,3,3
6890,1693227427287,1692255163055,1692255163058,1693227427294,7,3,4
6891,1693227427294,1692255163062,1692255163066,1693227427302,8,4,4
6892,1693227427302,1692255163071,1692255163074,1693227427311,9,3,6
6893,1693227427311,1692255163079,1692255163082,1693227427318,7,3,4
6894,1693227427318,1692255163086,1692255163088,1693227427325,7,2,5
6895,1693227427325,1692255163093,1692255163096,1693227427333,8,3,5
6896,1693227427333,1692255163101,1692255163103,1693227427339,6,2,4
6897,1693227427340,1692255163107,1692255163110,1693227427347,7,3,4
6898,1693227427347,1692255163115,1692255163118,1693227427354,7,3,4
6899,1693227427354,1692255163122,1692255163125,1693227427361,7,3,4
6900,1693227427361,1692255163129,1692255163132,1693227427368,7,3,4
6901,1693227427368,1692255163136,1692255163139,1693227427375,7,3,4
6902,1693227427375,1692255163143,1692255163147,1693227427383,8,4,4
6903,1693227427383,1692255163151,1692255163154,1693227427391,8,3,5
6904,1693227427391,1692255163159,1692255163162,1693227427398,7,3,4
6905,1693227427398,1692255163167,1692255163171,1693227427407,9,4,5
6906,1693227427407,1692255163175,1692255163179,1693227427415,8,4,4
6907,1693227427415,1692255163183,1692255163186,1693227427423,8,3,5
6908,1693227427423,1692255163192,1692255163195,1693227427434,11,3,8
6909,1693227427434,1692255163202,1692255163205,1693227427441,7,3,4
6910,1693227427441,1692255163209,1692255163213,1693227427449,8,4,4
6911,1693227427449,1692255163217,1692255163221,1693227427457,8,4,4
6912,1693227427457,1692255163225,1692255163228,1693227427465,8,3,5
6913,1693227427465,1692255163233,1692255163236,1693227427472,7,3,4
6914,1693227427472,1692255163241,1692255163244,1693227427481,9,3,6
6915,1693227427481,1692255163248,1692255163252,1693227427488,7,4,3
6916,1693227427488,1692255163255,1692255163258,1693227427495,7,3,4
6917,1693227427495,1692255163270,1692255163273,1693227427510,15,3,12
6918,1693227427510,1692255163278,1692255163282,1693227427518,8,4,4
6919,1693227427518,1692255163286,1692255163289,1693227427525,7,3,4
6920,1693227427525,1692255163292,1692255163296,1693227427532,7,4,3
6921,1693227427532,1692255163302,1692255163305,1693227427542,10,3,7
6922,1693227427542,1692255163310,1692255163313,1693227427550,8,3,5
6923,1693227427550,1692255163321,1692255163324,1693227427560,10,3,7
6924,1693227427560,1692255163334,1692255163338,1693227427574,14,4,10
6925,1693227427574,1692255163342,1692255163346,1693227427582,8,4,4
6926,1693227427582,1692255163350,1692255163353,1693227427590,8,3,5
6927,1693227427590,1692255163358,1692255163362,1693227427599,9,4,5
6928,1693227427599,1692255163367,1692255163370,1693227427606,7,3,4
6929,1693227427606,1692255163374,1692255163377,1693227427613,7,3,4
6930,1693227427613,1692255163381,1692255163385,1693227427621,8,4,4
6931,1693227427621,1692255163390,1692255163392,1693227427629,8,2,6
6932,1693227427629,1692255163397,1692255163400,1693227427639,10,3,7
6933,1693227427639,1692255163406,1692255163410,1693227427646,7,4,3
6934,1693227427646,1692255163414,1692255163416,1693227427652,6,2,4
6935,1693227427653,1692255163421,1692255163424,1693227427660,7,3,4
6936,1693227427660,1692255163429,1692255163432,1693227427668,8,3,5
6937,1693227427668,1692255163436,1692255163439,1693227427675,7,3,4
6938,1693227427676,1692255163444,1692255163447,1693227427683,7,3,4
6939,1693227427683,1692255163451,1692255163454,1693227427690,7,3,4
6940,1693227427690,1692255163458,1692255163461,1693227427697,7,3,4
6941,1693227427698,1692255163465,1692255163469,1693227427705,7,4,3
6942,1693227427705,1692255163473,1692255163476,1693227427713,8,3,5
6943,1693227427713,1692255163482,1692255163485,1693227427721,8,3,5
6944,1693227427721,1692255163489,1692255163493,1693227427729,8,4,4
6945,1693227427729,1692255163496,1692255163499,1693227427735,6,3,3
6946,1693227427735,1692255163503,1692255163507,1693227427743,8,4,4
6947,1693227427743,1692255163511,1692255163514,1693227427751,8,3,5
6948,1693227427751,1692255163519,1692255163522,1693227427757,6,3,3
6949,1693227427758,1692255163525,1692255163528,1693227427765,7,3,4
6950,1693227427765,1692255163532,1692255163536,1693227427772,7,4,3
6951,1693227427772,1692255163540,1692255163543,1693227427779,7,3,4
6952,1693227427779,1692255163547,1692255163551,1693227427787,8,4,4
6953,1693227427787,1692255163555,1692255163558,1693227427794,7,3,4
6954,1693227427795,1692255163562,1692255163566,1693227427802,7,4,3
6955,1693227427802,1692255163570,1692255163573,1693227427810,8,3,5
6956,1693227427810,1692255163578,1692255163581,1693227427817,7,3,4
6957,1693227427818,1692255163586,1692255163588,1693227427825,7,2,5
6958,1693227427825,1692255163593,1692255163596,1693227427832,7,3,4
6959,1693227427832,1692255163600,1692255163603,1693227427839,7,3,4
6960,1693227427840,1692255163609,1692255163612,1693227427849,9,3,6
6961,1693227427849,1692255163616,1692255163620,1693227427856,7,4,3
6962,1693227427856,1692255163624,1692255163628,1693227427864,8,4,4
6963,1693227427864,1692255163632,1692255163636,1693227427872,8,4,4
6964,1693227427872,1692255163640,1692255163644,1693227427880,8,4,4
6965,1693227427880,1692255163648,1692255163652,1693227427888,8,4,4
6966,1693227427888,1692255163655,1692255163658,1693227427895,7,3,4
6967,1693227427895,1692255163662,1692255163665,1693227427901,6,3,3
6968,1693227427901,1692255163669,1692255163672,1693227427908,7,3,4
6969,1693227427908,1692255163676,1692255163679,1693227427916,8,3,5
6970,1693227427916,1692255163684,1692255163687,1693227427923,7,3,4
6971,1693227427923,1692255163691,1692255163695,1693227427931,8,4,4
6972,1693227427931,1692255163699,1692255163702,1693227427938,7,3,4
6973,1693227427938,1692255163706,1692255163709,1693227427945,7,3,4
6974,1693227427945,1692255163713,1692255163716,1693227427952,7,3,4
6975,1693227427953,1692255163721,1692255163724,1693227427960,7,3,4
6976,1693227427960,1692255163728,1692255163731,1693227427968,8,3,5
6977,1693227427968,1692255163737,1692255163740,1693227427977,9,3,6
6978,1693227427977,1692255163744,1692255163748,1693227427984,7,4,3
6979,1693227427984,1692255163752,1692255163755,1693227427992,8,3,5
6980,1693227427992,1692255163760,1692255163763,1693227428000,8,3,5
6981,1693227428000,1692255163768,1692255163772,1693227428008,8,4,4
6982,1693227428008,1692255163776,1692255163781,1693227428017,9,5,4
6983,1693227428017,1692255163784,1692255163787,1693227428024,7,3,4
6984,1693227428024,1692255163792,1692255163796,1693227428032,8,4,4
6985,1693227428032,1692255163800,1692255163805,1693227428042,10,5,5
6986,1693227428042,1692255163810,1692255163813,1693227428050,8,3,5
6987,1693227428050,1692255163817,1692255163820,1693227428056,6,3,3
6988,1693227428056,1692255163824,1692255163827,1693227428063,7,3,4
6989,1693227428063,1692255163831,1692255163834,1693227428070,7,3,4
6990,1693227428070,1692255163840,1692255163844,1693227428080,10,4,6
6991,1693227428080,1692255163848,1692255163850,1693227428086,6,2,4
6992,1693227428086,1692255163854,1692255163858,1693227428094,8,4,4
6993,1693227428094,1692255163862,1692255163865,1693227428102,8,3,5
6994,1693227428102,1692255163870,1692255163873,1693227428109,7,3,4
6995,1693227428109,1692255163877,1692255163880,1693227428117,8,3,5
6996,1693227428117,1692255163885,1692255163888,1693227428124,7,3,4
6997,1693227428124,1692255163892,1692255163896,1693227428132,8,4,4
6998,1693227428132,1692255163900,1692255163903,1693227428139,7,3,4
6999,1693227428139,1692255163908,1692255163911,1693227428147,8,3,5
7000,1693227428147,1692255163917,1692255163920,1693227428156,9,3,6
7001,1693227428156,1692255163924,1692255163928,1693227428164,8,4,4
7002,1693227428164,1692255163932,1692255163935,1693227428171,7,3,4
7003,1693227428171,1692255163939,1692255163943,1693227428179,8,4,4
7004,1693227428179,1692255163947,1692255163950,1693227428186,7,3,4
7005,1693227428186,1692255163955,1692255163958,1693227428194,8,3,5
7006,1693227428194,1692255163962,1692255163965,1693227428202,8,3,5
7007,1693227428202,1692255163971,1692255163974,1693227428210,8,3,5
7008,1693227428210,1692255163978,1692255163984,1693227428221,11,6,5
7009,1693227428221,1692255163989,1692255163991,1693227428228,7,2,5
7010,1693227428228,1692255163996,1692255163999,1693227428236,8,3,5
7011,1693227428236,1692255164003,1692255164007,1693227428243,7,4,3
7012,1693227428243,1692255164011,1692255164014,1693227428253,10,3,7
7013,1693227428253,1692255164021,1692255164024,1693227428260,7,3,4
7014,1693227428260,1692255164028,1692255164031,1693227428267,7,3,4
7015,1693227428268,1692255164036,1692255164039,1693227428275,7,3,4
7016,1693227428275,1692255164044,1692255164047,1693227428284,9,3,6
7017,1693227428284,1692255164052,1692255164056,1693227428292,8,4,4
7018,1693227428292,1692255164061,1692255164065,1693227428301,9,4,5
7019,1693227428301,1692255164069,1692255164073,1693227428309,8,4,4
7020,1693227428310,1692255164078,1692255164081,1693227428317,7,3,4
7021,1693227428317,1692255164085,1692255164089,1693227428325,8,4,4
7022,1693227428325,1692255164093,1692255164097,1693227428334,9,4,5
7023,1693227428334,1692255164102,1692255164105,1693227428341,7,3,4
7024,1693227428341,1692255164110,1692255164112,1693227428349,8,2,6
7025,1693227428349,1692255164117,1692255164120,1693227428357,8,3,5
7026,1693227428357,1692255164124,1692255164127,1693227428364,7,3,4
7027,1693227428364,1692255164132,1692255164136,1693227428372,8,4,4
7028,1693227428372,1692255164141,1692255164144,1693227428380,8,3,5
7029,1693227428380,1692255164149,1692255164152,1693227428388,8,3,5
7030,1693227428388,1692255164156,1692255164160,1693227428396,8,4,4
7031,1693227428396,1692255164164,1692255164167,1693227428403,7,3,4
7032,1693227428403,1692255164172,1692255164175,1693227428412,9,3,6
7033,1693227428412,1692255164181,1692255164185,1693227428421,9,4,5
7034,1693227428421,1692255164189,1692255164192,1693227428429,8,3,5
7035,1693227428429,1692255164197,1692255164201,1693227428438,9,4,5
7036,1693227428438,1692255164205,1692255164208,1693227428450,12,3,9
7037,1693227428450,1692255164226,1692255164229,1693227428465,15,3,12
7038,1693227428465,1692255164233,1692255164236,1693227428472,7,3,4
7039,1693227428472,1692255164240,1692255164243,1693227428482,10,3,7
7040,1693227428482,1692255164251,1692255164255,1693227428491,9,4,5
7041,1693227428491,1692255164260,1692255164263,1693227428499,8,3,5
7042,1693227428499,1692255164268,1692255164272,1693227428508,9,4,5
7043,1693227428508,1692255164276,1692255164279,1693227428515,7,3,4
7044,1693227428515,1692255164283,1692255164286,1693227428522,7,3,4
7045,1693227428522,1692255164290,1692255164294,1693227428530,8,4,4
7046,1693227428530,1692255164298,1692255164301,1693227428537,7,3,4
7047,1693227428537,1692255164306,1692255164309,1693227428545,8,3,5
7048,1693227428545,1692255164313,1692255164316,1693227428552,7,3,4
7049,1693227428552,1692255164320,1692255164323,1693227428560,8,3,5
7050,1693227428560,1692255164328,1692255164331,1693227428568,8,3,5
7051,1693227428568,1692255164335,1692255164339,1693227428576,8,4,4
7052,1693227428576,1692255164344,1692255164348,1693227428585,9,4,5
7053,1693227428585,1692255164353,1692255164357,1693227428593,8,4,4
7054,1693227428593,1692255164362,1692255164368,1693227428604,11,6,5
7055,1693227428604,1692255164372,1692255164375,1693227428611,7,3,4
7056,1693227428611,1692255164379,1692255164383,1693227428619,8,4,4
7057,1693227428619,1692255164387,1692255164390,1693227428626,7,3,4
7058,1693227428626,1692255164394,1692255164397,1693227428634,8,3,5
7059,1693227428634,1692255164402,1692255164405,1693227428644,10,3,7
7060,1693227428644,1692255164412,1692255164415,1693227428652,8,3,5
7061,1693227428652,1692255164420,1692255164423,1693227428659,7,3,4
7062,1693227428659,1692255164429,1692255164433,1693227428669,10,4,6
7063,1693227428669,1692255164437,1692255164439,1693227428676,7,2,5
7064,1693227428676,1692255164444,1692255164447,1693227428684,8,3,5
7065,1693227428684,1692255164452,1692255164454,1693227428691,7,2,5
7066,1693227428691,1692255164459,1692255164462,1693227428698,7,3,4
7067,1693227428698,1692255164466,1692255164469,1693227428705,7,3,4
7068,1693227428705,1692255164473,1692255164476,1693227428713,8,3,5
7069,1693227428713,1692255164480,1692255164483,1693227428719,6,3,3
7070,1693227428719,1692255164488,1692255164492,1693227428728,9,4,5
7071,1693227428728,1692255164496,1692255164499,1693227428735,7,3,4
7072,1693227428735,1692255164504,1692255164507,1693227428744,9,3,6
7073,1693227428744,1692255164512,1692255164514,1693227428751,7,2,5
7074,1693227428751,1692255164519,1692255164523,1693227428759,8,4,4
7075,1693227428759,1692255164527,1692255164531,1693227428767,8,4,4
7076,1693227428767,1692255164535,1692255164539,1693227428775,8,4,4
7077,1693227428776,1692255164544,1692255164547,1693227428783,7,3,4
7078,1693227428784,1692255164551,1692255164555,1693227428791,7,4,3
7079,1693227428791,1692255164560,1692255164563,1693227428799,8,3,5
7080,1693227428799,1692255164567,1692255164570,1693227428807,8,3,5
7081,1693227428807,1692255164575,1692255164578,1693227428814,7,3,4
7082,1693227428814,1692255164583,1692255164585,1693227428822,8,2,6
7083,1693227428822,1692255164590,1692255164594,1693227428830,8,4,4
7084,1693227428830,1692255164601,1692255164604,1693227428840,10,3,7
7085,1693227428840,1692255164608,1692255164611,1693227428848,8,3,5
7086,1693227428848,1692255164623,1692255164626,1693227428863,15,3,12
7087,1693227428863,1692255164635,1692255164639,1693227428875,12,4,8
7088,1693227428875,1692255164642,1692255164645,1693227428882,7,3,4
7089,1693227428882,1692255164650,1692255164654,1693227428891,9,4,5
7090,1693227428891,1692255164658,1692255164662,1693227428898,7,4,3
7091,1693227428898,1692255164666,1692255164670,1693227428906,8,4,4
7092,1693227428906,1692255164674,1692255164677,1693227428913,7,3,4
7093,1693227428913,1692255164681,1692255164684,1693227428920,7,3,4
7094,1693227428920,1692255164688,1692255164691,1693227428928,8,3,5
7095,1693227428928,1692255164696,1692255164699,1693227428936,8,3,5
7096,1693227428936,1692255164704,1692255164708,1693227428944,8,4,4
7097,1693227428944,1692255164712,1692255164716,1693227428952,8,4,4
7098,1693227428952,1692255164721,1692255164724,1693227428960,8,3,5
7099,1693227428960,1692255164728,1692255164731,1693227428970,10,3,7
7100,1693227428970,1692255164738,1692255164741,1693227428977,7,3,4
7101,1693227428977,1692255164745,1692255164749,1693227428986,9,4,5
7102,1693227428986,1692255164754,1692255164757,1693227428994,8,3,5
7103,1693227428994,1692255164762,1692255164765,1693227429001,7,3,4
7104,1693227429001,1692255164773,1692255164777,1693227429013,12,4,8
7105,1693227429013,1692255164781,1692255164784,1693227429020,7,3,4
7106,1693227429021,1692255164789,1692255164792,1693227429028,7,3,4
7107,1693227429028,1692255164796,1692255164800,1693227429036,8,4,4
7108,1693227429036,1692255164804,1692255164807,1693227429043,7,3,4
7109,1693227429043,1692255164812,1692255164815,1693227429052,9,3,6
7110,1693227429052,1692255164820,1692255164824,1693227429060,8,4,4
7111,1693227429060,1692255164829,1692255164833,1693227429069,9,4,5
7112,1693227429069,1692255164839,1692255164842,1693227429079,10,3,7
7113,1693227429079,1692255164848,1692255164851,1693227429087,8,3,5
7114,1693227429087,1692255164856,1692255164860,1693227429096,9,4,5
7115,1693227429096,1692255164865,1692255164868,1693227429104,8,3,5
7116,1693227429104,1692255164872,1692255164875,1693227429112,8,3,5
7117,1693227429112,1692255164880,1692255164884,1693227429120,8,4,4
7118,1693227429120,1692255164888,1692255164891,1693227429127,7,3,4
7119,1693227429127,1692255164894,1692255164898,1693227429134,7,4,3
7120,1693227429134,1692255164902,1692255164905,1693227429142,8,3,5
7121,1693227429142,1692255164910,1692255164913,1693227429149,7,3,4
7122,1693227429149,1692255164917,1692255164921,1693227429157,8,4,4
7123,1693227429157,1692255164925,1692255164928,1693227429164,7,3,4
7124,1693227429165,1692255164932,1692255164935,1693227429174,9,3,6
7125,1693227429174,1692255164944,1692255164947,1693227429184,10,3,7
7126,1693227429184,1692255164952,1692255164955,1693227429191,7,3,4
7127,1693227429191,1692255164959,1692255164962,1693227429199,8,3,5
7128,1693227429199,1692255164967,1692255164972,1693227429208,9,5,4
7129,1693227429208,1692255164976,1692255164979,1693227429215,7,3,4
7130,1693227429216,1692255164984,1692255164987,1693227429223,7,3,4
7131,1693227429223,1692255164991,1692255164995,1693227429231,8,4,4
7132,1693227429231,1692255164999,1692255165003,1693227429239,8,4,4
7133,1693227429239,1692255165007,1692255165010,1693227429246,7,3,4
7134,1693227429246,1692255165014,1692255165018,1693227429254,8,4,4
7135,1693227429254,1692255165023,1692255165025,1693227429262,8,2,6
7136,1693227429262,1692255165030,1692255165033,1693227429270,8,3,5
7137,1693227429270,1692255165038,1692255165041,1693227429278,8,3,5
7138,1693227429278,1692255165049,1692255165052,1693227429288,10,3,7
7139,1693227429288,1692255165056,1692255165059,1693227429295,7,3,4
7140,1693227429295,1692255165063,1692255165066,1693227429303,8,3,5
7141,1693227429303,1692255165071,1692255165075,1693227429311,8,4,4
7142,1693227429311,1692255165080,1692255165083,1693227429320,9,3,6
7143,1693227429320,1692255165088,1692255165091,1693227429327,7,3,4
7144,1693227429327,1692255165095,1692255165097,1693227429334,7,2,5
7145,1693227429334,1692255165101,1692255165104,1693227429341,7,3,4
7146,1693227429341,1692255165109,1692255165112,1693227429349,8,3,5
7147,1693227429349,1692255165117,1692255165120,1693227429356,7,3,4
7148,1693227429357,1692255165125,1692255165128,1693227429365,8,3,5
7149,1693227429365,1692255165133,1692255165136,1693227429372,7,3,4
7150,1693227429372,1692255165139,1692255165143,1693227429379,7,4,3
7151,1693227429379,1692255165147,1692255165150,1693227429386,7,3,4
7152,1693227429386,1692255165154,1692255165158,1693227429394,8,4,4
7153,1693227429394,1692255165162,1692255165166,1693227429405,11,4,7
7154,1693227429405,1692255165174,1692255165177,1693227429413,8,3,5
7155,1693227429413,1692255165181,1692255165184,1693227429420,7,3,4
7156,1693227429420,1692255165188,1692255165191,1693227429428,8,3,5
7157,1693227429428,1692255165195,1692255165198,1693227429435,7,3,4
7158,1693227429435,1692255165203,1692255165206,1693227429442,7,3,4
7159,1693227429442,1692255165210,1692255165214,1693227429450,8,4,4
7160,1693227429450,1692255165218,1692255165221,1693227429457,7,3,4
7161,1693227429457,1692255165225,1692255165229,1693227429465,8,4,4
7162,1693227429465,1692255165233,1692255165236,1693227429472,7,3,4
7163,1693227429472,1692255165241,1692255165243,1693227429482,10,2,8
7164,1693227429482,1692255165250,1692255165253,1693227429490,8,3,5
7165,1693227429490,1692255165258,1692255165263,1693227429499,9,5,4
7166,1693227429499,1692255165267,1692255165269,1693227429507,8,2,6
7167,1693227429507,1692255165275,1692255165278,1693227429515,8,3,5
7168,1693227429515,1692255165283,1692255165286,1693227429523,8,3,5
7169,1693227429523,1692255165291,1692255165293,1693227429530,7,2,5
7170,1693227429530,1692255165298,1692255165301,1693227429538,8,3,5
7171,1693227429538,1692255165306,1692255165309,1693227429545,7,3,4
7172,1693227429545,1692255165313,1692255165315,1693227429552,7,2,5
7173,1693227429552,1692255165320,1692255165323,1693227429559,7,3,4
7174,1693227429559,1692255165328,1692255165331,1693227429568,9,3,6
7175,1693227429568,1692255165336,1692255165339,1693227429575,7,3,4
7176,1693227429575,1692255165343,1692255165347,1693227429584,9,4,5
7177,1693227429584,1692255165352,1692255165356,1693227429592,8,4,4
7178,1693227429592,1692255165361,1692255165364,1693227429600,8,3,5
7179,1693227429600,1692255165368,1692255165371,1693227429608,8,3,5
7180,1693227429608,1692255165376,1692255165379,1693227429615,7,3,4
7181,1693227429615,1692255165383,1692255165386,1693227429622,7,3,4
7182,1693227429622,1692255165391,1692255165394,1693227429630,8,3,5
7183,1693227429630,1692255165398,1692255165402,1693227429638,8,4,4
7184,1693227429638,1692255165406,1692255165409,1693227429645,7,3,4
7185,1693227429645,1692255165421,1692255165425,1693227429682,37,4,33
7186,1693227429682,1692255165466,1692255165470,1693227429706,24,4,20
7187,1693227429706,1692255165483,1692255165486,1693227429722,16,3,13
7188,1693227429722,1692255165490,1692255165493,1693227429730,8,3,5
7189,1693227429730,1692255165497,1692255165500,1693227429737,7,3,4
7190,1693227429737,1692255165505,1692255165508,1693227429744,7,3,4
7191,1693227429744,1692255165513,1692255165516,1693227429753,9,3,6
7192,1693227429753,1692255165521,1692255165524,1693227429760,7,3,4
7193,1693227429760,1692255165529,1692255165533,1693227429769,9,4,5
7194,1693227429769,1692255165539,1692255165543,1693227429781,12,4,8
7195,1693227429781,1692255165550,1692255165554,1693227429790,9,4,5
7196,1693227429790,1692255165558,1692255165561,1693227429801,11,3,8
7197,1693227429801,1692255165569,1692255165572,1693227429808,7,3,4
7198,1693227429808,1692255165577,1692255165580,1693227429817,9,3,6
7199,1693227429817,1692255165597,1692255165601,1693227429837,20,4,16
7200,1693227429837,1692255165605,1692255165609,1693227429845,8,4,4
7201,1693227429845,1692255165613,1692255165616,1693227429853,8,3,5
7202,1693227429853,1692255165621,1692255165626,1693227429887,34,5,29
7203,1693227429887,1692255165656,1692255165660,1693227429896,9,4,5
7204,1693227429896,1692255165663,1692255165668,1693227429904,8,5,3
7205,1693227429904,1692255165672,1692255165675,1693227429911,7,3,4
7206,1693227429911,1692255165679,1692255165682,1693227429919,8,3,5
7207,1693227429919,1692255165687,1692255165691,1693227429927,8,4,4
7208,1693227429927,1692255165695,1692255165698,1693227429935,8,3,5
7209,1693227429935,1692255165703,1692255165706,1693227429943,8,3,5
7210,1693227429943,1692255165711,1692255165714,1693227429951,8,3,5
7211,1693227429951,1692255165719,1692255165722,1693227429958,7,3,4
7212,1693227429958,1692255165726,1692255165729,1693227429965,7,3,4
7213,1693227429965,1692255165735,1692255165738,1693227429974,9,3,6
7214,1693227429974,1692255165742,1692255165746,1693227429982,8,4,4
7215,1693227429982,1692255165750,1692255165753,1693227429989,7,3,4
7216,1693227429989,1692255165760,1692255165766,1693227430002,13,6,7
7217,1693227430002,1692255165770,1692255165773,1693227430009,7,3,4
7218,1693227430009,1692255165776,1692255165780,1693227430016,7,4,3
7219,1693227430016,1692255165785,1692255165789,1693227430025,9,4,5
7220,1693227430025,1692255165794,1692255165797,1693227430034,9,3,6
7221,1693227430034,1692255165801,1692255165805,1693227430041,7,4,3
7222,1693227430041,1692255165809,1692255165812,1693227430049,8,3,5
7223,1693227430049,1692255165817,1692255165820,1693227430056,7,3,4
7224,1693227430056,1692255165824,1692255165827,1693227430063,7,3,4
7225,1693227430063,1692255165831,1692255165833,1693227430070,7,2,5
7226,1693227430070,1692255165838,1692255165841,1693227430077,7,3,4
7227,1693227430077,1692255165847,1692255165851,1693227430087,10,4,6
7228,1693227430087,1692255165855,1692255165858,1693227430096,9,3,6
7229,1693227430096,1692255165867,1692255165870,1693227430106,10,3,7
7230,1693227430106,1692255165883,1692255165886,1693227430123,17,3,14
7231,1693227430123,1692255165891,1692255165894,1693227430130,7,3,4
7232,1693227430130,1692255165905,1692255165909,1693227430145,15,4,11
7233,1693227430145,1692255165913,1692255165916,1693227430153,8,3,5
7234,1693227430153,1692255165921,1692255165924,1693227430160,7,3,4
7235,1693227430160,1692255165928,1692255165932,1693227430168,8,4,4
7236,1693227430168,1692255165935,1692255165939,1693227430175,7,4,3
7237,1693227430175,1692255165943,1692255165948,1693227430184,9,5,4
7238,1693227430184,1692255165953,1692255165956,1693227430193,9,3,6
7239,1693227430193,1692255165961,1692255165965,1693227430202,9,4,5
7240,1693227430202,1692255165970,1692255165973,1693227430209,7,3,4
7241,1693227430209,1692255165977,1692255165981,1693227430218,9,4,5
7242,1693227430218,1692255165986,1692255165989,1693227430226,8,3,5
7243,1693227430226,1692255165994,1692255165998,1693227430235,9,4,5
7244,1693227430235,1692255166003,1692255166006,1693227430243,8,3,5
7245,1693227430243,1692255166011,1692255166015,1693227430251,8,4,4
7246,1693227430251,1692255166018,1692255166021,1693227430257,6,3,3
7247,1693227430257,1692255166024,1692255166028,1693227430264,7,4,3
7248,1693227430264,1692255166032,1692255166035,1693227430272,8,3,5
7249,1693227430272,1692255166041,1692255166044,1693227430280,8,3,5
7250,1693227430280,1692255166048,1692255166051,1693227430288,8,3,5
7251,1693227430288,1692255166056,1692255166059,1693227430295,7,3,4
7252,1693227430295,1692255166063,1692255166066,1693227430302,7,3,4
7253,1693227430302,1692255166071,1692255166073,1693227430309,7,2,5
7254,1693227430309,1692255166078,1692255166081,1693227430317,8,3,5
7255,1693227430317,1692255166085,1692255166088,1693227430324,7,3,4
7256,1693227430324,1692255166093,1692255166097,1693227430333,9,4,5
7257,1693227430333,1692255166102,1692255166104,1693227430340,7,2,5
7258,1693227430340,1692255166108,1692255166111,1693227430348,8,3,5
7259,1693227430348,1692255166116,1692255166120,1693227430356,8,4,4
7260,1693227430356,1692255166124,1692255166127,1693227430364,8,3,5
7261,1693227430364,1692255166132,1692255166136,1693227430372,8,4,4
7262,1693227430372,1692255166140,1692255166143,1693227430379,7,3,4
7263,1693227430379,1692255166147,1692255166150,1693227430387,8,3,5
7264,1693227430387,1692255166155,1692255166159,1693227430396,9,4,5
7265,1693227430396,1692255166164,1692255166167,1693227430403,7,3,4
7266,1693227430404,1692255166172,1692255166175,1693227430411,7,3,4
7267,1693227430411,1692255166179,1692255166183,1693227430419,8,4,4
7268,1693227430419,1692255166187,1692255166189,1693227430426,7,2,5
7269,1693227430426,1692255166195,1692255166199,1693227430435,9,4,5
7270,1693227430435,1692255166203,1692255166207,1693227430443,8,4,4
7271,1693227430443,1692255166211,1692255166215,1693227430451,8,4,4
7272,1693227430451,1692255166219,1692255166222,1693227430458,7,3,4
7273,1693227430458,1692255166226,1692255166229,1693227430465,7,3,4
7274,1693227430465,1692255166234,1692255166238,1693227430474,9,4,5
7275,1693227430474,1692255166243,1692255166246,1693227430482,8,3,5
7276,1693227430482,1692255166251,1692255166253,1693227430490,8,2,6
7277,1693227430490,1692255166258,1692255166262,1693227430498,8,4,4
7278,1693227430498,1692255166269,1692255166272,1693227430508,10,3,7
7279,1693227430508,1692255166276,1692255166280,1693227430517,9,4,5
7280,1693227430517,1692255166285,1692255166289,1693227430525,8,4,4
7281,1693227430525,1692255166294,1692255166297,1693227430534,9,3,6
7282,1693227430534,1692255166302,1692255166305,1693227430541,7,3,4
7283,1693227430541,1692255166309,1692255166313,1693227430549,8,4,4
7284,1693227430549,1692255166318,1692255166322,1693227430558,9,4,5
7285,1693227430558,1692255166327,1692255166331,1693227430567,9,4,5
7286,1693227430567,1692255166336,1692255166339,1693227430575,8,3,5
7287,1693227430575,1692255166343,1692255166346,1693227430583,8,3,5
7288,1693227430583,1692255166351,1692255166354,1693227430590,7,3,4
7289,1693227430590,1692255166358,1692255166362,1693227430598,8,4,4
7290,1693227430598,1692255166366,1692255166369,1693227430608,10,3,7
7291,1693227430608,1692255166376,1692255166379,1693227430616,8,3,5
7292,1693227430616,1692255166384,1692255166387,1693227430624,8,3,5
7293,1693227430624,1692255166392,1692255166396,1693227430632,8,4,4
7294,1693227430632,1692255166400,1692255166403,1693227430639,7,3,4
7295,1693227430639,1692255166407,1692255166410,1693227430647,8,3,5
7296,1693227430647,1692255166415,1692255166418,1693227430654,7,3,4
7297,1693227430654,1692255166422,1692255166425,1693227430661,7,3,4
7298,1693227430661,1692255166429,1692255166432,1693227430669,8,3,5
7299,1693227430669,1692255166437,1692255166440,1693227430676,7,3,4
7300,1693227430676,1692255166445,1692255166448,1693227430684,8,3,5
7301,1693227430684,1692255166452,1692255166456,1693227430692,8,4,4
7302,1693227430692,1692255166460,1692255166463,1693227430700,8,3,5
7303,1693227430700,1692255166467,1692255166470,1693227430706,6,3,3
7304,1693227430706,1692255166476,1692255166479,1693227430716,10,3,7
7305,1693227430716,1692255166484,1692255166487,1693227430723,7,3,4
7306,1693227430723,1692255166491,1692255166494,1693227430731,8,3,5
7307,1693227430731,1692255166499,1692255166502,1693227430739,8,3,5
7308,1693227430739,1692255166507,1692255166509,1693227430745,6,2,4
7309,1693227430745,1692255166513,1692255166517,1693227430753,8,4,4
7310,1693227430753,1692255166521,1692255166524,1693227430760,7,3,4
7311,1693227430760,1692255166529,1692255166533,1693227430770,10,4,6
7312,1693227430770,1692255166538,1692255166541,1693227430778,8,3,5
7313,1693227430778,1692255166546,1692255166549,1693227430785,7,3,4
7314,1693227430785,1692255166554,1692255166557,1693227430793,8,3,5
7315,1693227430794,1692255166562,1692255166565,1693227430802,8,3,5
7316,1693227430802,1692255166570,1692255166573,1693227430809,7,3,4
7317,1693227430809,1692255166579,1692255166581,1693227430818,9,2,7
7318,1693227430818,1692255166586,1692255166588,1693227430824,6,2,4
7319,1693227430824,1692255166592,1692255166595,1693227430831,7,3,4
7320,1693227430831,1692255166600,1692255166603,1693227430840,9,3,6
7321,1693227430840,1692255166608,1692255166611,1693227430847,7,3,4
7322,1693227430848,1692255166616,1692255166620,1693227430856,8,4,4
7323,1693227430856,1692255166624,1692255166628,1693227430864,8,4,4
7324,1693227430864,1692255166632,1692255166635,1693227430871,7,3,4
7325,1693227430871,1692255166639,1692255166642,1693227430878,7,3,4
7326,1693227430878,1692255166646,1692255166649,1693227430886,8,3,5
7327,1693227430886,1692255166654,1692255166657,1693227430894,8,3,5
7328,1693227430894,1692255166662,1692255166665,1693227430902,8,3,5
7329,1693227430902,1692255166670,1692255166672,1693227430908,6,2,4
7330,1693227430908,1692255166676,1692255166679,1693227430916,8,3,5
7331,1693227430916,1692255166684,1692255166687,1693227430923,7,3,4
7332,1693227430923,1692255166691,1692255166695,1693227430931,8,4,4
7333,1693227430932,1692255166700,1692255166703,1693227430939,7,3,4
7334,1693227430940,1692255166708,1692255166711,1693227430947,7,3,4
7335,1693227430947,1692255166715,1692255166719,1693227430955,8,4,4
7336,1693227430955,1692255166723,1692255166727,1693227430963,8,4,4
7337,1693227430963,1692255166733,1692255166737,1693227430973,10,4,6
7338,1693227430973,1692255166741,1692255166744,1693227430981,8,3,5
7339,1693227430981,1692255166749,1692255166752,1693227430988,7,3,4
7340,1693227430988,1692255166756,1692255166759,1693227430996,8,3,5
7341,1693227430996,1692255166764,1692255166767,1693227431003,7,3,4
7342,1693227431003,1692255166771,1692255166774,1693227431011,8,3,5
7343,1693227431011,1692255166780,1692255166784,1693227431020,9,4,5
7344,1693227431020,1692255166789,1692255166792,1693227431027,7,3,4
7345,1693227431027,1692255166795,1692255166798,1693227431035,8,3,5
7346,1693227431035,1692255166803,1692255166805,1693227431042,7,2,5
7347,1693227431042,1692255166810,1692255166813,1693227431050,8,3,5
7348,1693227431050,1692255166818,1692255166822,1693227431058,8,4,4
7349,1693227431059,1692255166827,1692255166829,1693227431066,7,2,5
7350,1693227431066,1692255166833,1692255166836,1693227431072,6,3,3
7351,1693227431072,1692255166840,1692255166844,1693227431081,9,4,5
7352,1693227431081,1692255166849,1692255166851,1693227431088,7,2,5
7353,1693227431088,1692255166856,1692255166859,1693227431095,7,3,4
7354,1693227431095,1692255166863,1692255166867,1693227431103,8,4,4
7355,1693227431103,1692255166871,1692255166874,1693227431110,7,3,4
7356,1693227431110,1692255166883,1692255166886,1693227431122,12,3,9
7357,1693227431122,1692255166891,1692255166895,1693227431131,9,4,5
7358,1693227431131,1692255166899,1692255166902,1693227431138,7,3,4
7359,1693227431138,1692255166908,1692255166912,1693227431148,10,4,6
7360,1693227431148,1692255166916,1692255166919,1693227431171,23,3,20
7361,1693227431171,1692255166939,1692255166943,1693227431182,11,4,7
7362,1693227431182,1692255166955,1692255166958,1693227431195,13,3,10
7363,1693227431195,1692255166963,1692255166966,1693227431207,12,3,9
7364,1693227431208,1692255166975,1692255166978,1693227431214,6,3,3
7365,1693227431214,1692255166983,1692255166987,1693227431223,9,4,5
7366,1693227431223,1692255166992,1692255166995,1693227431231,8,3,5
7367,1693227431231,1692255167000,1692255167004,1693227431240,9,4,5
7368,1693227431240,1692255167010,1692255167014,1693227431250,10,4,6
7369,1693227431250,1692255167018,1692255167022,1693227431258,8,4,4
7370,1693227431258,1692255167026,1692255167030,1693227431267,9,4,5
7371,1693227431267,1692255167036,1692255167038,1693227431275,8,2,6
7372,1693227431275,1692255167043,1692255167046,1693227431283,8,3,5
7373,1693227431283,1692255167051,1692255167054,1693227431290,7,3,4
7374,1693227431290,1692255167058,1692255167062,1693227431299,9,4,5
7375,1693227431299,1692255167067,1692255167070,1693227431306,7,3,4
7376,1693227431306,1692255167074,1692255167077,1693227431314,8,3,5
7377,1693227431314,1692255167082,1692255167085,1693227431321,7,3,4
7378,1693227431321,1692255167091,1692255167094,1693227431331,10,3,7
7379,1693227431331,1692255167099,1692255167102,1693227431339,8,3,5
7380,1693227431339,1692255167107,1692255167109,1693227431345,6,2,4
7381,1693227431345,1692255167114,1692255167117,1693227431353,8,3,5
7382,1693227431353,1692255167122,1692255167125,1693227431363,10,3,7
7383,1693227431363,1692255167130,1692255167134,1693227431371,8,4,4
7384,1693227431371,1692255167139,1692255167142,1693227431378,7,3,4
7385,1693227431378,1692255167147,1692255167152,1693227431388,10,5,5
7386,1693227431388,1692255167156,1692255167160,1693227431397,9,4,5
7387,1693227431397,1692255167166,1692255167170,1693227431406,9,4,5
7388,1693227431406,1692255167175,1692255167178,1693227431415,9,3,6
7389,1693227431415,1692255167183,1692255167186,1693227431422,7,3,4
7390,1693227431422,1692255167193,1692255167197,1693227431433,11,4,7
7391,1693227431433,1692255167201,1692255167204,1693227431440,7,3,4
7392,1693227431440,1692255167208,1692255167212,1693227431448,8,4,4
7393,1693227431448,1692255167215,1692255167219,1693227431455,7,4,3
7394,1693227431455,1692255167224,1692255167227,1693227431463,8,3,5
7395,1693227431463,1692255167231,1692255167235,1693227431471,8,4,4
7396,1693227431471,1692255167239,1692255167242,1693227431478,7,3,4
7397,1693227431478,1692255167246,1692255167249,1693227431485,7,3,4
7398,1693227431485,1692255167253,1692255167256,1693227431492,7,3,4
7399,1693227431493,1692255167260,1692255167263,1693227431499,6,3,3
7400,1693227431499,1692255167267,1692255167271,1693227431507,8,4,4
7401,1693227431507,1692255167278,1692255167283,1693227431519,12,5,7
7402,1693227431519,1692255167289,1692255167293,1693227431529,10,4,6
7403,1693227431529,1692255167298,1692255167301,1693227431537,8,3,5
7404,1693227431537,1692255167305,1692255167308,1693227431547,10,3,7
7405,1693227431547,1692255167316,1692255167320,1693227431556,9,4,5
7406,1693227431556,1692255167325,1692255167327,1693227431563,7,2,5
7407,1693227431563,1692255167332,1692255167335,1693227431571,8,3,5
7408,1693227431571,1692255167339,1692255167343,1693227431579,8,4,4
7409,1693227431579,1692255167347,1692255167350,1693227431587,8,3,5
7410,1693227431587,1692255167355,1692255167358,1693227431595,8,3,5
7411,1693227431595,1692255167363,1692255167366,1693227431602,7,3,4
7412,1693227431602,1692255167370,1692255167374,1693227431610,8,4,4
7413,1693227431610,1692255167378,1692255167382,1693227431618,8,4,4
7414,1693227431618,1692255167387,1692255167390,1693227431626,8,3,5
7415,1693227431626,1692255167395,1692255167398,1693227431634,8,3,5
7416,1693227431634,1692255167402,1692255167405,1693227431642,8,3,5
7417,1693227431642,1692255167410,1692255167414,1693227431650,8,4,4
7418,1693227431650,1692255167418,1692255167421,1693227431657,7,3,4
7419,1693227431657,1692255167425,1692255167429,1693227431665,8,4,4
7420,1693227431665,1692255167433,1692255167437,1693227431673,8,4,4
7421,1693227431673,1692255167441,1692255167445,1693227431681,8,4,4
7422,1693227431681,1692255167449,1692255167454,1693227431690,9,5,4
7423,1693227431690,1692255167458,1692255167462,1693227431698,8,4,4
7424,1693227431698,1692255167466,1692255167469,1693227431705,7,3,4
7425,1693227431705,1692255167474,1692255167478,1693227431715,10,4,6
7426,1693227431715,1692255167483,1692255167486,1693227431723,8,3,5
7427,1693227431723,1692255167491,1692255167494,1693227431730,7,3,4
7428,1693227431730,1692255167500,1692255167503,1693227431739,9,3,6
7429,1693227431739,1692255167508,1692255167511,1693227431748,9,3,6
7430,1693227431748,1692255167516,1692255167519,1693227431755,7,3,4
7431,1693227431755,1692255167523,1692255167527,1693227431764,9,4,5
7432,1693227431764,1692255167531,1692255167535,1693227431771,7,4,3
7433,1693227431771,1692255167539,1692255167542,1693227431778,7,3,4
7434,1693227431778,1692255167546,1692255167549,1693227431786,8,3,5
7435,1693227431786,1692255167553,1692255167556,1693227431793,7,3,4
7436,1693227431793,1692255167561,1692255167564,1693227431801,8,3,5
7437,1693227431801,1692255167569,1692255167572,1693227431808,7,3,4
7438,1693227431808,1692255167576,1692255167579,1693227431816,8,3,5
7439,1693227431816,1692255167584,1692255167587,1693227431823,7,3,4
7440,1693227431823,1692255167591,1692255167595,1693227431831,8,4,4
7441,1693227431831,1692255167599,1692255167603,1693227431839,8,4,4
7442,1693227431839,1692255167607,1692255167611,1693227431847,8,4,4
7443,1693227431847,1692255167615,1692255167618,1693227431854,7,3,4
7444,1693227431854,1692255167622,1692255167625,1693227431861,7,3,4
7445,1693227431861,1692255167630,1692255167633,1693227431869,8,3,5
7446,1693227431869,1692255167637,1692255167640,1693227431876,7,3,4
7447,1693227431876,1692255167644,1692255167647,1693227431883,7,3,4
7448,1693227431883,1692255167651,1692255167655,1693227431891,8,4,4
7449,1693227431891,1692255167659,1692255167661,1693227431898,7,2,5
7450,1693227431898,1692255167666,1692255167670,1693227431906,8,4,4
7451,1693227431906,1692255167674,1692255167676,1693227431913,7,2,5
7452,1693227431913,1692255167681,1692255167683,1693227431920,7,2,5
7453,1693227431920,1692255167688,1692255167691,1693227431927,7,3,4
7454,1693227431927,1692255167695,1692255167697,1693227431934,7,2,5
7455,1693227431934,1692255167702,1692255167705,1693227431942,8,3,5
7456,1693227431942,1692255167711,1692255167714,1693227431950,8,3,5
7457,1693227431950,1692255167718,1692255167721,1693227431958,8,3,5
7458,1693227431958,1692255167726,1692255167729,1693227431965,7,3,4
7459,1693227431965,1692255167733,1692255167738,1693227431975,10,5,5
7460,1693227431975,1692255167743,1692255167746,1693227431983,8,3,5
7461,1693227431983,1692255167751,1692255167754,1693227431990,7,3,4
7462,1693227431990,1692255167760,1692255167764,1693227432000,10,4,6
7463,1693227432000,1692255167769,1692255167771,1693227432008,8,2,6
7464,1693227432008,1692255167778,1692255167781,1693227432017,9,3,6
7465,1693227432017,1692255167792,1692255167795,1693227432031,14,3,11
7466,1693227432031,1692255167799,1692255167802,1693227432038,7,3,4
7467,1693227432039,1692255167809,1692255167812,1693227432048,9,3,6
7468,1693227432048,1692255167816,1692255167820,1693227432056,8,4,4
7469,1693227432056,1692255167825,1692255167828,1693227432066,10,3,7
7470,1693227432066,1692255167834,1692255167838,1693227432074,8,4,4
7471,1693227432074,1692255167842,1692255167845,1693227432082,8,3,5
7472,1693227432082,1692255167850,1692255167854,1693227432090,8,4,4
7473,1693227432090,1692255167858,1692255167860,1693227432097,7,2,5
7474,1693227432097,1692255167867,1692255167871,1693227432107,10,4,6
7475,1693227432107,1692255167876,1692255167880,1693227432116,9,4,5
7476,1693227432116,1692255167885,1692255167888,1693227432125,9,3,6
7477,1693227432125,1692255167893,1692255167896,1693227432132,7,3,4
7478,1693227432132,1692255167900,1692255167903,1693227432139,7,3,4
7479,1693227432139,1692255167912,1692255167915,1693227432151,12,3,9
7480,1693227432151,1692255167920,1692255167923,1693227432159,8,3,5
7481,1693227432159,1692255167928,1692255167931,1693227432167,8,3,5
7482,1693227432167,1692255167936,1692255167939,1693227432175,8,3,5
7483,1693227432175,1692255167943,1692255167947,1693227432183,8,4,4
7484,1693227432183,1692255167951,1692255167954,1693227432190,7,3,4
7485,1693227432190,1692255167962,1692255167965,1693227432201,11,3,8
7486,1693227432201,1692255167969,1692255167973,1693227432209,8,4,4
7487,1693227432209,1692255167977,1692255167981,1693227432217,8,4,4
7488,1693227432217,1692255167985,1692255167988,1693227432225,8,3,5
7489,1693227432225,1692255167993,1692255167997,1693227432237,12,4,8
7490,1693227432237,1692255168006,1692255168009,1693227432246,9,3,6
7491,1693227432246,1692255168014,1692255168017,1693227432253,7,3,4
7492,1693227432253,1692255168022,1692255168026,1693227432262,9,4,5
7493,1693227432262,1692255168030,1692255168033,1693227432269,7,3,4
7494,1693227432269,1692255168037,1692255168042,1693227432279,10,5,5
7495,1693227432279,1692255168047,1692255168052,1693227432288,9,5,4
7496,1693227432288,1692255168056,1692255168059,1693227432295,7,3,4
7497,1693227432295,1692255168063,1692255168066,1693227432302,7,3,4
7498,1693227432303,1692255168070,1692255168073,1693227432309,6,3,3
7499,1693227432309,1692255168078,1692255168080,1693227432316,7,2,5
7500,1693227432316,1692255168084,1692255168087,1693227432324,8,3,5
7501,1693227432324,1692255168094,1692255168097,1693227432334,10,3,7
7502,1693227432334,1692255168102,1692255168105,1693227432341,7,3,4
7503,1693227432341,1692255168111,1692255168115,1693227432376,35,4,31
7504,1693227432376,1692255168144,1692255168148,1693227432384,8,4,4
7505,1693227432384,1692255168152,1692255168156,1693227432393,9,4,5
7506,1693227432393,1692255168163,1692255168166,1693227432403,10,3,7
7507,1693227432403,1692255168171,1692255168174,1693227432411,8,3,5
7508,1693227432411,1692255168179,1692255168183,1693227432419,8,4,4
7509,1693227432419,1692255168187,1692255168190,1693227432426,7,3,4
7510,1693227432426,1692255168194,1692255168198,1693227432435,9,4,5
7511,1693227432435,1692255168203,1692255168205,1693227432441,6,2,4
7512,1693227432441,1692255168210,1692255168213,1693227432451,10,3,7
7513,1693227432451,1692255168220,1692255168224,1693227432460,9,4,5
7514,1693227432460,1692255168228,1692255168231,1693227432468,8,3,5
7515,1693227432468,1692255168236,1692255168240,1693227432476,8,4,4
7516,1693227432476,1692255168248,1692255168252,1693227432488,12,4,8
7517,1693227432488,1692255168257,1692255168260,1693227432496,8,3,5
7518,1693227432496,1692255168265,1692255168268,1693227432504,8,3,5
7519,1693227432504,1692255168272,1692255168275,1693227432514,10,3,7
7520,1693227432514,1692255168281,1692255168285,1693227432521,7,4,3
7521,1693227432521,1692255168290,1692255168293,1693227432530,9,3,6
7522,1693227432530,1692255168302,1692255168304,1693227432541,11,2,9
7523,1693227432541,1692255168308,1692255168312,1693227432550,9,4,5
7524,1693227432550,1692255168320,1692255168322,1693227432558,8,2,6
7525,1693227432558,1692255168327,1692255168329,1693227432570,12,2,10
7526,1693227432570,1692255168358,1692255168361,1693227432597,27,3,24
7527,1693227432597,1692255168365,1692255168368,1693227432604,7,3,4
7528,1693227432604,1692255168372,1692255168376,1693227432612,8,4,4
7529,1693227432612,1692255168381,1692255168384,1693227432620,8,3,5
7530,1693227432620,1692255168389,1692255168394,1693227432630,10,5,5
7531,1693227432630,1692255168398,1692255168401,1693227432647,17,3,14
7532,1693227432647,1692255168431,1692255168437,1693227432673,26,6,20
7533,1693227432673,1692255168441,1692255168444,1693227432681,8,3,5
7534,1693227432681,1692255168455,1692255168458,1693227432694,13,3,10
7535,1693227432694,1692255168462,1692255168466,1693227432702,8,4,4
7536,1693227432702,1692255168476,1692255168479,1693227432716,14,3,11
7537,1693227432716,1692255168484,1692255168488,1693227432724,8,4,4
7538,1693227432724,1692255168492,1692255168495,1693227432732,8,3,5
7539,1693227432732,1692255168500,1692255168504,1693227432740,8,4,4
7540,1693227432740,1692255168509,1692255168513,1693227432749,9,4,5
7541,1693227432749,1692255168518,1692255168521,1693227432758,9,3,6
7542,1693227432758,1692255168527,1692255168531,1693227432767,9,4,5
7543,1693227432767,1692255168536,1692255168540,1693227432776,9,4,5
7544,1693227432776,1692255168545,1692255168548,1693227432785,9,3,6
7545,1693227432785,1692255168553,1692255168557,1693227432793,8,4,4
7546,1693227432793,1692255168562,1692255168565,1693227432802,9,3,6
7547,1693227432802,1692255168570,1692255168574,1693227432810,8,4,4
7548,1693227432810,1692255168577,1692255168580,1693227432817,7,3,4
7549,1693227432817,1692255168585,1692255168588,1693227432825,8,3,5
7550,1693227432825,1692255168594,1692255168597,1693227432833,8,3,5
7551,1693227432834,1692255168602,1692255168605,1693227432842,8,3,5
7552,1693227432842,1692255168610,1692255168614,1693227432849,7,4,3
7553,1693227432850,1692255168618,1692255168621,1693227432857,7,3,4
7554,1693227432857,1692255168627,1692255168630,1693227432866,9,3,6
7555,1693227432866,1692255168634,1692255168637,1693227432874,8,3,5
7556,1693227432875,1692255168643,1692255168647,1693227432883,8,4,4
7557,1693227432883,1692255168651,1692255168654,1693227432894,11,3,8
7558,1693227432894,1692255168664,1692255168667,1693227432903,9,3,6
7559,1693227432903,1692255168671,1692255168675,1693227432910,7,4,3
7560,1693227432910,1692255168679,1692255168682,1693227432918,8,3,5
7561,1693227432918,1692255168686,1692255168690,1693227432926,8,4,4
7562,1693227432926,1692255168694,1692255168698,1693227432934,8,4,4
7563,1693227432934,1692255168701,1692255168705,1693227432941,7,4,3
7564,1693227432941,1692255168714,1692255168717,1693227432953,12,3,9
7565,1693227432953,1692255168722,1692255168725,1693227432963,10,3,7
7566,1693227432963,1692255168731,1692255168734,1693227432971,8,3,5
7567,1693227432971,1692255168738,1692255168742,1693227432978,7,4,3
7568,1693227432978,1692255168745,1692255168749,1693227432986,8,4,4
7569,1693227432986,1692255168754,1692255168759,1693227432995,9,5,4
7570,1693227432995,1692255168763,1692255168767,1693227433003,8,4,4
7571,1693227433003,1692255168771,1692255168775,1693227433011,8,4,4
7572,1693227433011,1692255168779,1692255168783,1693227433019,8,4,4
7573,1693227433019,1692255168787,1692255168790,1693227433025,6,3,3
7574,1693227433025,1692255168794,1692255168798,1693227433034,9,4,5
7575,1693227433034,1692255168802,1692255168804,1693227433041,7,2,5
7576,1693227433041,1692255168809,1692255168812,1693227433048,7,3,4
7577,1693227433048,1692255168816,1692255168820,1693227433056,8,4,4
7578,1693227433056,1692255168824,1692255168827,1693227433066,10,3,7
7579,1693227433066,1692255168833,1692255168837,1693227433074,8,4,4
7580,1693227433074,1692255168842,1692255168844,1693227433081,7,2,5
7581,1693227433081,1692255168849,1692255168851,1693227433088,7,2,5
7582,1693227433088,1692255168856,1692255168859,1693227433095,7,3,4
7583,1693227433095,1692255168862,1692255168865,1693227433102,7,3,4
7584,1693227433102,1692255168870,1692255168873,1693227433109,7,3,4
7585,1693227433109,1692255168877,1692255168881,1693227433117,8,4,4
7586,1693227433117,1692255168884,1692255168887,1693227433124,7,3,4
7587,1693227433124,1692255168892,1692255168895,1693227433132,8,3,5
7588,1693227433132,1692255168899,1692255168903,1693227433139,7,4,3
7589,1693227433139,1692255168908,1692255168912,1693227433148,9,4,5
7590,1693227433148,1692255168917,1692255168920,1693227433157,9,3,6
7591,1693227433157,1692255168925,1692255168928,1693227433165,8,3,5
7592,1693227433165,1692255168934,1692255168938,1693227433174,9,4,5
7593,1693227433174,1692255168942,1692255168945,1693227433181,7,3,4
7594,1693227433181,1692255168949,1692255168952,1693227433188,7,3,4
7595,1693227433188,1692255168956,1692255168960,1693227433196,8,4,4
7596,1693227433196,1692255168968,1692255168970,1693227433207,11,2,9
7597,1693227433207,1692255168975,1692255168978,1693227433215,8,3,5
7598,1693227433215,1692255168983,1692255168986,1693227433222,7,3,4
7599,1693227433222,1692255168990,1692255168994,1693227433230,8,4,4
7600,1693227433230,1692255168998,1692255169001,1693227433238,8,3,5
7601,1693227433238,1692255169006,1692255169009,1693227433245,7,3,4
7602,1693227433245,1692255169014,1692255169016,1693227433253,8,2,6
7603,1693227433253,1692255169021,1692255169024,1693227433260,7,3,4
7604,1693227433260,1692255169028,1692255169031,1693227433270,10,3,7
7605,1693227433270,1692255169038,1692255169042,1693227433279,9,4,5
7606,1693227433279,1692255169047,1692255169051,1693227433287,8,4,4
7607,1693227433287,1692255169056,1692255169059,1693227433295,8,3,5
7608,1693227433295,1692255169063,1692255169066,1693227433302,7,3,4
7609,1693227433302,1692255169070,1692255169073,1693227433312,10,3,7
7610,1693227433312,1692255169080,1692255169084,1693227433320,8,4,4
7611,1693227433320,1692255169088,1692255169092,1693227433328,8,4,4
7612,1693227433328,1692255169097,1692255169100,1693227433336,8,3,5
7613,1693227433336,1692255169104,1692255169108,1693227433344,8,4,4
7614,1693227433344,1692255169112,1692255169116,1693227433352,8,4,4
7615,1693227433352,1692255169120,1692255169123,1693227433359,7,3,4
7616,1693227433359,1692255169127,1692255169130,1693227433367,8,3,5
7617,1693227433367,1692255169135,1692255169139,1693227433375,8,4,4
7618,1693227433375,1692255169143,1692255169146,1693227433383,8,3,5
7619,1693227433383,1692255169151,1692255169154,1693227433390,7,3,4
7620,1693227433390,1692255169158,1692255169162,1693227433398,8,4,4
7621,1693227433398,1692255169166,1692255169169,1693227433406,8,3,5
7622,1693227433406,1692255169174,1692255169177,1693227433413,7,3,4
7623,1693227433413,1692255169181,1692255169185,1693227433421,8,4,4
7624,1693227433421,1692255169189,1692255169193,1693227433429,8,4,4
7625,1693227433429,1692255169197,1692255169201,1693227433437,8,4,4
7626,1693227433437,1692255169206,1692255169209,1693227433445,8,3,5
7627,1693227433445,1692255169213,1692255169216,1693227433452,7,3,4
7628,1693227433452,1692255169221,1692255169224,1693227433460,8,3,5
7629,1693227433460,1692255169228,1692255169232,1693227433469,9,4,5
7630,1693227433469,1692255169237,1692255169240,1693227433477,8,3,5
7631,1693227433477,1692255169245,1692255169250,1693227433486,9,5,4
7632,1693227433486,1692255169255,1692255169258,1693227433495,9,3,6
7633,1693227433495,1692255169270,1692255169273,1693227433509,14,3,11
7634,1693227433509,1692255169278,1692255169281,1693227433518,9,3,6
7635,1693227433518,1692255169286,1692255169289,1693227433526,8,3,5
7636,1693227433526,1692255169294,1692255169297,1693227433533,7,3,4
7637,1693227433533,1692255169301,1692255169304,1693227433541,8,3,5
7638,1693227433541,1692255169309,1692255169312,1693227433549,8,3,5
7639,1693227433549,1692255169318,1692255169321,1693227433557,8,3,5
7640,1693227433557,1692255169325,1692255169328,1693227433564,7,3,4
7641,1693227433564,1692255169332,1692255169335,1693227433571,7,3,4
7642,1693227433571,1692255169340,1692255169343,1693227433580,9,3,6
7643,1693227433580,1692255169348,1692255169352,1693227433589,9,4,5
7644,1693227433589,1692255169356,1692255169360,1693227433596,7,4,3
7645,1693227433596,1692255169363,1692255169366,1693227433603,7,3,4
7646,1693227433603,1692255169371,1692255169375,1693227433611,8,4,4
7647,1693227433611,1692255169379,1692255169382,1693227433618,7,3,4
7648,1693227433618,1692255169386,1692255169389,1693227433625,7,3,4
7649,1693227433626,1692255169394,1692255169397,1693227433634,8,3,5
7650,1693227433634,1692255169401,1692255169405,1693227433641,7,4,3
7651,1693227433641,1692255169409,1692255169413,1693227433649,8,4,4
7652,1693227433649,1692255169417,1692255169420,1693227433656,7,3,4
7653,1693227433656,1692255169425,1692255169428,1693227433665,9,3,6
7654,1693227433665,1692255169433,1692255169435,1693227433671,6,2,4
7655,1693227433671,1692255169439,1692255169443,1693227433680,9,4,5
7656,1693227433680,1692255169447,1692255169450,1693227433687,7,3,4
7657,1693227433687,1692255169455,1692255169458,1693227433695,8,3,5
7658,1693227433695,1692255169463,1692255169467,1693227433705,10,4,6
7659,1693227433705,1692255169474,1692255169477,1693227433713,8,3,5
7660,1693227433713,1692255169483,1692255169486,1693227433722,9,3,6
7661,1693227433722,1692255169490,1692255169493,1693227433729,7,3,4
7662,1693227433729,1692255169497,1692255169500,1693227433736,7,3,4
7663,1693227433736,1692255169504,1692255169507,1693227433743,7,3,4
7664,1693227433743,1692255169511,1692255169515,1693227433751,8,4,4
7665,1693227433751,1692255169518,1692255169522,1693227433758,7,4,3
7666,1693227433758,1692255169527,1692255169530,1693227433766,8,3,5
7667,1693227433766,1692255169534,1692255169537,1693227433774,8,3,5
7668,1693227433774,1692255169542,1692255169545,1693227433782,8,3,5
7669,1693227433782,1692255169551,1692255169554,1693227433790,8,3,5
7670,1693227433790,1692255169558,1692255169562,1693227433798,8,4,4
7671,1693227433798,1692255169565,1692255169568,1693227433804,6,3,3
7672,1693227433804,1692255169572,1692255169575,1693227433812,8,3,5
7673,1693227433812,1692255169580,1692255169583,1693227433819,7,3,4
7674,1693227433819,1692255169587,1692255169590,1693227433827,8,3,5
7675,1693227433827,1692255169595,1692255169598,1693227433834,7,3,4
7676,1693227433834,1692255169602,1692255169605,1693227433841,7,3,4
7677,1693227433841,1692255169609,1692255169612,1693227433848,7,3,4
7678,1693227433848,1692255169616,1692255169619,1693227433856,8,3,5
7679,1693227433856,1692255169627,1692255169630,1693227433867,11,3,8
7680,1693227433867,1692255169635,1692255169640,1693227433876,9,5,4
7681,1693227433876,1692255169644,1692255169647,1693227433886,10,3,7
7682,1693227433886,1692255169655,1692255169659,1693227433895,9,4,5
7683,1693227433895,1692255169663,1692255169666,1693227433902,7,3,4
7684,1693227433903,1692255169671,1692255169674,1693227433912,9,3,6
7685,1693227433912,1692255169680,1692255169683,1693227433919,7,3,4
7686,1693227433919,1692255169687,1692255169690,1693227433926,7,3,4
7687,1693227433926,1692255169694,1692255169698,1693227433934,8,4,4
7688,1693227433934,1692255169703,1692255169706,1693227433942,8,3,5
7689,1693227433942,1692255169713,1692255169716,1693227433953,11,3,8
7690,1693227433953,1692255169720,1692255169724,1693227433960,7,4,3
7691,1693227433960,1692255169728,1692255169731,1693227433968,8,3,5
7692,1693227433968,1692255169736,1692255169739,1693227433975,7,3,4
7693,1693227433975,1692255169744,1692255169747,1693227433984,9,3,6
7694,1693227433984,1692255169753,1692255169756,1693227433992,8,3,5
7695,1693227433992,1692255169760,1692255169764,1693227434000,8,4,4
7696,1693227434000,1692255169768,1692255169771,1693227434007,7,3,4
7697,1693227434007,1692255169780,1692255169784,1693227434020,13,4,9
7698,1693227434020,1692255169788,1692255169791,1693227434027,7,3,4
7699,1693227434027,1692255169798,1692255169801,1693227434037,10,3,7
7700,1693227434037,1692255169806,1692255169809,1693227434045,8,3,5
7701,1693227434045,1692255169813,1692255169817,1693227434053,8,4,4
7702,1693227434053,1692255169821,1692255169825,1693227434062,9,4,5
7703,1693227434062,1692255169832,1692255169835,1693227434072,10,3,7
7704,1693227434072,1692255169840,1692255169844,1693227434080,8,4,4
7705,1693227434080,1692255169849,1692255169853,1693227434090,10,4,6
7706,1693227434090,1692255169859,1692255169862,1693227434098,8,3,5
7707,1693227434098,1692255169867,1692255169871,1693227434107,9,4,5
7708,1693227434107,1692255169875,1692255169879,1693227434116,9,4,5
7709,1693227434116,1692255169884,1692255169887,1693227434123,7,3,4
7710,1693227434123,1692255169891,1692255169895,1693227434131,8,4,4
7711,1693227434131,1692255169899,1692255169902,1693227434138,7,3,4
7712,1693227434138,1692255169906,1692255169909,1693227434146,8,3,5
7713,1693227434146,1692255169914,1692255169918,1693227434154,8,4,4
7714,1693227434154,1692255169923,1692255169927,1693227434163,9,4,5
7715,1693227434163,1692255169930,1692255169935,1693227434172,9,5,4
7716,1693227434172,1692255169941,1692255169945,1693227434181,9,4,5
7717,1693227434181,1692255169949,1692255169954,1693227434193,12,5,7
7718,1693227434194,1692255169962,1692255169965,1693227434201,7,3,4
7719,1693227434201,1692255169975,1692255169978,1693227434214,13,3,10
7720,1693227434214,1692255169983,1692255169987,1693227434223,9,4,5
7721,1693227434223,1692255169991,1692255169995,1693227434231,8,4,4
7722,1693227434231,1692255169999,1692255170002,1693227434239,8,3,5
7723,1693227434239,1692255170007,1692255170010,1693227434246,7,3,4
7724,1693227434246,1692255170014,1692255170018,1693227434254,8,4,4
7725,1693227434254,1692255170022,1692255170025,1693227434261,7,3,4
7726,1693227434261,1692255170030,1692255170033,1693227434269,8,3,5
7727,1693227434269,1692255170037,1692255170041,1693227434280,11,4,7
7728,1693227434280,1692255170049,1692255170052,1693227434289,9,3,6
7729,1693227434289,1692255170056,1692255170060,1693227434296,7,4,3
7730,1693227434296,1692255170065,1692255170068,1693227434305,9,3,6
7731,1693227434305,1692255170073,1692255170076,1693227434313,8,3,5
7732,1693227434313,1692255170081,1692255170084,1693227434321,8,3,5
7733,1693227434321,1692255170089,1692255170092,1693227434328,7,3,4
7734,1693227434328,1692255170096,1692255170100,1693227434337,9,4,5
7735,1693227434337,1692255170106,1692255170109,1693227434345,8,3,5
7736,1693227434345,1692255170113,1692255170116,1693227434354,9,3,6
7737,1693227434354,1692255170123,1692255170126,1693227434363,9,3,6
7738,1693227434363,1692255170131,1692255170134,1693227434370,7,3,4
7739,1693227434370,1692255170138,1692255170141,1693227434378,8,3,5
7740,1693227434378,1692255170147,1692255170151,1693227434387,9,4,5
7741,1693227434387,1692255170155,1692255170160,1693227434396,9,5,4
7742,1693227434396,1692255170165,1692255170168,1693227434405,9,3,6
7743,1693227434405,1692255170173,1692255170176,1693227434412,7,3,4
7744,1693227434412,1692255170179,1692255170183,1693227434420,8,4,4
7745,1693227434420,1692255170189,1692255170192,1693227434428,8,3,5
7746,1693227434428,1692255170196,1692255170199,1693227434435,7,3,4
7747,1693227434435,1692255170203,1692255170207,1693227434443,8,4,4
7748,1693227434443,1692255170212,1692255170215,1693227434452,9,3,6
7749,1693227434452,1692255170219,1692255170223,1693227434459,7,4,3
7750,1693227434459,1692255170226,1692255170230,1693227434466,7,4,3
7751,1693227434466,1692255170234,1692255170238,1693227434474,8,4,4
7752,1693227434474,1692255170242,1692255170246,1693227434482,8,4,4
7753,1693227434482,1692255170253,1692255170257,1693227434493,11,4,7
7754,1693227434493,1692255170261,1692255170265,1693227434502,9,4,5
7755,1693227434502,1692255170270,1692255170273,1693227434509,7,3,4
7756,1693227434509,1692255170278,1692255170281,1693227434517,8,3,5
7757,1693227434517,1692255170285,1692255170288,1693227434524,7,3,4
7758,1693227434524,1692255170292,1692255170295,1693227434533,9,3,6
7759,1693227434533,1692255170302,1692255170306,1693227434545,12,4,8
7760,1693227434545,1692255170314,1692255170318,1693227434554,9,4,5
7761,1693227434554,1692255170322,1692255170326,1693227434562,8,4,4
7762,1693227434562,1692255170331,1692255170334,1693227434570,8,3,5
7763,1693227434570,1692255170338,1692255170341,1693227434578,8,3,5
7764,1693227434578,1692255170346,1692255170350,1693227434586,8,4,4
7765,1693227434586,1692255170359,1692255170363,1693227434601,15,4,11
7766,1693227434601,1692255170370,1692255170373,1693227434609,8,3,5
7767,1693227434609,1692255170377,1692255170381,1693227434617,8,4,4
7768,1693227434617,1692255170385,1692255170388,1693227434625,8,3,5
7769,1693227434625,1692255170394,1692255170397,1693227434635,10,3,7
7770,1693227434635,1692255170403,1692255170407,1693227434645,10,4,6
7771,1693227434646,1692255170414,1692255170417,1693227434654,8,3,5
7772,1693227434654,1692255170422,1692255170425,1693227434661,7,3,4
7773,1693227434661,1692255170429,1692255170433,1693227434669,8,4,4
7774,1693227434669,1692255170437,1692255170440,1693227434676,7,3,4
7775,1693227434676,1692255170445,1692255170448,1693227434685,9,3,6
7776,1693227434685,1692255170453,1692255170456,1693227434692,7,3,4
7777,1693227434692,1692255170460,1692255170466,1693227434704,12,6,6
7778,1693227434704,1692255170472,1692255170475,1693227434712,8,3,5
7779,1693227434712,1692255170482,1692255170485,1693227434722,10,3,7
7780,1693227434722,1692255170491,1692255170494,1693227434735,13,3,10
7781,1693227434735,1692255170503,1692255170507,1693227434743,8,4,4
7782,1693227434743,1692255170511,1692255170514,1693227434750,7,3,4
7783,1693227434750,1692255170518,1692255170521,1693227434758,8,3,5
7784,1693227434758,1692255170526,1692255170529,1693227434768,10,3,7
7785,1693227434768,1692255170536,1692255170539,1693227434775,7,3,4
7786,1693227434775,1692255170543,1692255170546,1693227434782,7,3,4
7787,1693227434782,1692255170551,1692255170554,1693227434791,9,3,6
7788,1693227434791,1692255170559,1692255170562,1693227434798,7,3,4
7789,1693227434798,1692255170567,1692255170570,1693227434807,9,3,6
7790,1693227434807,1692255170580,1692255170584,1693227434821,14,4,10
7791,1693227434821,1692255170589,1692255170592,1693227434828,7,3,4
7792,1693227434828,1692255170596,1692255170600,1693227434837,9,4,5
7793,1693227434837,1692255170606,1692255170610,1693227434848,11,4,7
7794,1693227434848,1692255170616,1692255170619,1693227434855,7,3,4
7795,1693227434855,1692255170624,1692255170627,1693227434863,8,3,5
7796,1693227434863,1692255170631,1692255170634,1693227434870,7,3,4
7797,1693227434870,1692255170639,1692255170642,1693227434878,8,3,5
7798,1693227434878,1692255170647,1692255170651,1693227434887,9,4,5
7799,1693227434887,1692255170656,1692255170659,1693227434896,9,3,6
7800,1693227434896,1692255170664,1692255170668,1693227434904,8,4,4
7801,1693227434904,1692255170674,1692255170678,1693227434914,10,4,6
7802,1693227434914,1692255170682,1692255170685,1693227434921,7,3,4
7803,1693227434921,1692255170689,1692255170693,1693227434929,8,4,4
7804,1693227434929,1692255170700,1692255170703,1693227434942,13,3,10
7805,1693227434942,1692255170710,1692255170713,1693227434950,8,3,5
7806,1693227434950,1692255170718,1692255170721,1693227434957,7,3,4
7807,1693227434957,1692255170729,1692255170732,1693227434969,12,3,9
7808,1693227434969,1692255170737,1692255170740,1693227434976,7,3,4
7809,1693227434977,1692255170745,1692255170748,1693227434983,6,3,3
7810,1693227434984,1692255170752,1692255170755,1693227434992,8,3,5
7811,1693227434992,1692255170769,1692255170772,1693227435008,16,3,13
7812,1693227435008,1692255170777,1692255170780,1693227435016,8,3,5
7813,1693227435016,1692255170785,1692255170788,1693227435024,8,3,5
7814,1693227435024,1692255170792,1692255170795,1693227435031,7,3,4
7815,1693227435031,1692255170799,1692255170802,1693227435038,7,3,4
7816,1693227435038,1692255170806,1692255170809,1693227435045,7,3,4
7817,1693227435045,1692255170813,1692255170817,1693227435053,8,4,4
7818,1693227435053,1692255170822,1692255170825,1693227435061,8,3,5
7819,1693227435061,1692255170829,1692255170832,1693227435068,7,3,4
7820,1693227435068,1692255170836,1692255170840,1693227435076,8,4,4
7821,1693227435076,1692255170844,1692255170848,1693227435084,8,4,4
7822,1693227435084,1692255170852,1692255170856,1693227435093,9,4,5
7823,1693227435093,1692255170863,1692255170866,1693227435104,11,3,8
7824,1693227435104,1692255170873,1692255170876,1693227435113,9,3,6
7825,1693227435113,1692255170882,1692255170885,1693227435121,8,3,5
7826,1693227435121,1692255170890,1692255170893,1693227435129,8,3,5
7827,1693227435129,1692255170897,1692255170902,1693227435139,10,5,5
7828,1693227435139,1692255170907,1692255170911,1693227435147,8,4,4
7829,1693227435147,1692255170915,1692255170918,1693227435154,7,3,4
7830,1693227435154,1692255170923,1692255170925,1693227435162,8,2,6
7831,1693227435162,1692255170930,1692255170933,1693227435170,8,3,5
7832,1693227435170,1692255170938,1692255170941,1693227435177,7,3,4
7833,1693227435177,1692255170946,1692255170949,1693227435185,8,3,5
7834,1693227435185,1692255170952,1692255170955,1693227435191,6,3,3
7835,1693227435191,1692255170959,1692255170962,1693227435198,7,3,4
7836,1693227435198,1692255170966,1692255170970,1693227435206,8,4,4
7837,1693227435206,1692255170982,1692255170985,1693227435221,15,3,12
7838,1693227435221,1692255170989,1692255170993,1693227435229,8,4,4
7839,1693227435229,1692255170996,1692255171000,1693227435236,7,4,3
7840,1693227435236,1692255171004,1692255171007,1693227435244,8,3,5
7841,1693227435244,1692255171013,1692255171016,1693227435252,8,3,5
7842,1693227435252,1692255171021,1692255171024,1693227435261,9,3,6
7843,1693227435261,1692255171031,1692255171034,1693227435270,9,3,6
7844,1693227435270,1692255171038,1692255171041,1693227435277,7,3,4
7845,1693227435277,1692255171045,1692255171048,1693227435284,7,3,4
7846,1693227435284,1692255171052,1692255171056,1693227435292,8,4,4
7847,1693227435292,1692255171060,1692255171064,1693227435300,8,4,4
7848,1693227435300,1692255171069,1692255171072,1693227435308,8,3,5
7849,1693227435308,1692255171076,1692255171079,1693227435315,7,3,4
7850,1693227435315,1692255171084,1692255171087,1693227435326,11,3,8
7851,1693227435326,1692255171094,1692255171098,1693227435334,8,4,4
7852,1693227435334,1692255171107,1692255171110,1693227435347,13,3,10
7853,1693227435347,1692255171115,1692255171118,1693227435354,7,3,4
7854,1693227435354,1692255171123,1692255171126,1693227435362,8,3,5
7855,1693227435362,1692255171130,1692255171133,1693227435369,7,3,4
7856,1693227435369,1692255171137,1692255171140,1693227435376,7,3,4
7857,1693227435376,1692255171144,1692255171147,1693227435383,7,3,4
7858,1693227435384,1692255171152,1692255171156,1693227435392,8,4,4
7859,1693227435392,1692255171160,1692255171164,1693227435400,8,4,4
7860,1693227435400,1692255171169,1692255171173,1693227435409,9,4,5
7861,1693227435409,1692255171178,1692255171183,1693227435421,12,5,7
7862,1693227435421,1692255171189,1692255171194,1693227435430,9,5,4
7863,1693227435430,1692255171198,1692255171201,1693227435437,7,3,4
7864,1693227435437,1692255171205,1692255171208,1693227435444,7,3,4
7865,1693227435444,1692255171212,1692255171215,1693227435452,8,3,5
7866,1693227435452,1692255171220,1692255171223,1693227435460,8,3,5
7867,1693227435460,1692255171228,1692255171231,1693227435467,7,3,4
7868,1693227435467,1692255171235,1692255171238,1693227435474,7,3,4
7869,1693227435475,1692255171242,1692255171246,1693227435482,7,4,3
7870,1693227435482,1692255171250,1692255171253,1693227435490,8,3,5
7871,1693227435490,1692255171258,1692255171261,1693227435497,7,3,4
7872,1693227435497,1692255171266,1692255171269,1693227435505,8,3,5
7873,1693227435506,1692255171274,1692255171277,1693227435513,7,3,4
7874,1693227435513,1692255171281,1692255171284,1693227435523,10,3,7
7875,1693227435523,1692255171291,1692255171295,1693227435531,8,4,4
7876,1693227435531,1692255171299,1692255171302,1693227435538,7,3,4
7877,1693227435538,1692255171306,1692255171310,1693227435546,8,4,4
7878,1693227435546,1692255171315,1692255171318,1693227435554,8,3,5
7879,1693227435554,1692255171322,1692255171326,1693227435562,8,4,4
7880,1693227435562,1692255171330,1692255171333,1693227435569,7,3,4
7881,1693227435569,1692255171338,1692255171341,1693227435578,9,3,6
7882,1693227435578,1692255171346,1692255171350,1693227435586,8,4,4
7883,1693227435586,1692255171355,1692255171359,1693227435595,9,4,5
7884,1693227435595,1692255171363,1692255171367,1693227435603,8,4,4
7885,1693227435603,1692255171372,1692255171375,1693227435611,8,3,5
7886,1693227435611,1692255171380,1692255171383,1693227435620,9,3,6
7887,1693227435620,1692255171388,1692255171392,1693227435628,8,4,4
7888,1693227435628,1692255171396,1692255171400,1693227435636,8,4,4
7889,1693227435636,1692255171404,1692255171407,1693227435643,7,3,4
7890,1693227435643,1692255171412,1692255171415,1693227435653,10,3,7
7891,1693227435653,1692255171422,1692255171425,1693227435661,8,3,5
7892,1693227435661,1692255171430,1692255171433,1693227435669,8,3,5
7893,1693227435669,1692255171438,1692255171441,1693227435677,8,3,5
7894,1693227435677,1692255171445,1692255171448,1693227435684,7,3,4
7895,1693227435684,1692255171452,1692255171456,1693227435692,8,4,4
7896,1693227435692,1692255171460,1692255171463,1693227435700,8,3,5
7897,1693227435700,1692255171468,1692255171472,1693227435708,8,4,4
7898,1693227435708,1692255171476,1692255171479,1693227435715,7,3,4
7899,1693227435715,1692255171483,1692255171488,1693227435724,9,5,4
7900,1693227435724,1692255171495,1692255171499,1693227435735,11,4,7
7901,1693227435735,1692255171503,1692255171507,1693227435743,8,4,4
7902,1693227435743,1692255171511,1692255171515,1693227435751,8,4,4
7903,1693227435752,1692255171520,1692255171524,1693227435760,8,4,4
7904,1693227435760,1692255171528,1692255171531,1693227435767,7,3,4
7905,1693227435767,1692255171535,1692255171538,1693227435775,8,3,5
7906,1693227435775,1692255171543,1692255171546,1693227435782,7,3,4
7907,1693227435782,1692255171550,1692255171553,1693227435789,7,3,4
7908,1693227435789,1692255171558,1692255171560,1693227435796,7,2,5
7909,1693227435796,1692255171564,1692255171567,1693227435803,7,3,4
7910,1693227435803,1692255171572,1692255171575,1693227435811,8,3,5
7911,1693227435811,1692255171579,1692255171583,1693227435819,8,4,4
7912,1693227435819,1692255171587,1692255171591,1693227435827,8,4,4
7913,1693227435827,1692255171596,1692255171600,1693227435836,9,4,5
7914,1693227435836,1692255171604,1692255171608,1693227435844,8,4,4
7915,1693227435844,1692255171612,1692255171615,1693227435852,8,3,5
7916,1693227435852,1692255171620,1692255171623,1693227435859,7,3,4
7917,1693227435859,1692255171627,1692255171630,1693227435866,7,3,4
7918,1693227435866,1692255171635,1692255171638,1693227435874,8,3,5
7919,1693227435874,1692255171642,1692255171646,1693227435883,9,4,5
7920,1693227435883,1692255171650,1692255171653,1693227435889,6,3,3
7921,1693227435889,1692255171657,1692255171660,1693227435896,7,3,4
7922,1693227435896,1692255171664,1692255171667,1693227435903,7,3,4
7923,1693227435903,1692255171672,1692255171675,1693227435911,8,3,5
7924,1693227435911,1692255171679,1692255171682,1693227435918,7,3,4
7925,1693227435918,1692255171686,1692255171690,1693227435926,8,4,4
7926,1693227435926,1692255171694,1692255171697,1693227435934,8,3,5
7927,1693227435934,1692255171703,1692255171706,1693227435942,8,3,5
7928,1693227435942,1692255171710,1692255171714,1693227435951,9,4,5
7929,1693227435951,1692255171719,1692255171722,1693227435958,7,3,4
7930,1693227435958,1692255171726,1692255171729,1693227435965,7,3,4
7931,1693227435965,1692255171733,1692255171736,1693227435973,8,3,5
7932,1693227435973,1692255171741,1692255171745,1693227435981,8,4,4
7933,1693227435981,1692255171749,1692255171751,1693227435988,7,2,5
7934,1693227435988,1692255171756,1692255171758,1693227435995,7,2,5
7935,1693227435995,1692255171763,1692255171767,1693227436003,8,4,4
7936,1693227436003,1692255171771,1692255171775,1693227436011,8,4,4
7937,1693227436011,1692255171779,1692255171783,1693227436019,8,4,4
7938,1693227436019,1692255171787,1692255171791,1693227436027,8,4,4
7939,1693227436027,1692255171796,1692255171799,1693227436036,9,3,6
7940,1693227436036,1692255171804,1692255171807,1693227436043,7,3,4
7941,1693227436043,1692255171810,1692255171813,1693227436049,6,3,3
7942,1693227436050,1692255171818,1692255171821,1693227436057,7,3,4
7943,1693227436058,1692255171826,1692255171829,1693227436065,7,3,4
7944,1693227436065,1692255171833,1692255171836,1693227436073,8,3,5
7945,1693227436073,1692255171841,1692255171845,1693227436081,8,4,4
7946,1693227436081,1692255171850,1692255171852,1693227436089,8,2,6
7947,1693227436089,1692255171856,1692255171859,1693227436095,6,3,3
7948,1693227436095,1692255171863,1692255171866,1693227436103,8,3,5
7949,1693227436103,1692255171871,1692255171874,1693227436110,7,3,4
7950,1693227436111,1692255171879,1692255171882,1693227436118,7,3,4
7951,1693227436118,1692255171887,1692255171890,1693227436126,8,3,5
7952,1693227436126,1692255171894,1692255171897,1693227436133,7,3,4
7953,1693227436133,1692255171903,1692255171906,1693227436143,10,3,7
7954,1693227436143,1692255171911,1692255171914,1693227436150,7,3,4
7955,1693227436150,1692255171919,1692255171922,1693227436158,8,3,5
7956,1693227436158,1692255171927,1692255171930,1693227436166,8,3,5
7957,1693227436166,1692255171934,1692255171937,1693227436173,7,3,4
7958,1693227436173,1692255171941,1692255171944,1693227436181,8,3,5
7959,1693227436181,1692255171949,1692255171952,1693227436188,7,3,4
7960,1693227436188,1692255171956,1692255171959,1693227436195,7,3,4
7961,1693227436195,1692255171963,1692255171966,1693227436202,7,3,4
7962,1693227436202,1692255171970,1692255171973,1693227436209,7,3,4
7963,1693227436209,1692255171978,1692255171982,1693227436220,11,4,7
7964,1693227436220,1692255171989,1692255171992,1693227436230,10,3,7
7965,1693227436230,1692255172008,1692255172011,1693227436247,17,3,14
7966,1693227436247,1692255172015,1692255172018,1693227436255,8,3,5
7967,1693227436255,1692255172025,1692255172029,1693227436265,10,4,6
7968,1693227436265,1692255172034,1692255172037,1693227436273,8,3,5
7969,1693227436273,1692255172042,1692255172046,1693227436282,9,4,5
7970,1693227436282,1692255172050,1692255172053,1693227436289,7,3,4
7971,1693227436289,1692255172057,1692255172060,1693227436296,7,3,4
7972,1693227436296,1692255172064,1692255172068,1693227436304,8,4,4
7973,1693227436304,1692255172072,1692255172077,1693227436313,9,5,4
7974,1693227436313,1692255172081,1692255172085,1693227436321,8,4,4
7975,1693227436321,1692255172090,1692255172093,1693227436329,8,3,5
7976,1693227436329,1692255172097,1692255172101,1693227436337,8,4,4
7977,1693227436337,1692255172108,1692255172111,1693227436347,10,3,7
7978,1693227436347,1692255172115,1692255172118,1693227436355,8,3,5
7979,1693227436355,1692255172123,1692255172127,1693227436363,8,4,4
7980,1693227436363,1692255172133,1692255172137,1693227436373,10,4,6
7981,1693227436373,1692255172142,1692255172146,1693227436382,9,4,5
7982,1693227436382,1692255172149,1692255172152,1693227436388,6,3,3
7983,1693227436388,1692255172156,1692255172160,1693227436396,8,4,4
7984,1693227436396,1692255172165,1692255172168,1693227436404,8,3,5
7985,1693227436404,1692255172172,1692255172175,1693227436411,7,3,4
7986,1693227436411,1692255172179,1692255172182,1693227436418,7,3,4
7987,1693227436419,1692255172187,1692255172190,1693227436427,8,3,5
7988,1693227436427,1692255172195,1692255172198,1693227436436,9,3,6
7989,1693227436436,1692255172205,1692255172208,1693227436447,11,3,8
7990,1693227436447,1692255172214,1692255172218,1693227436454,7,4,3
7991,1693227436454,1692255172222,1692255172226,1693227436462,8,4,4
7992,1693227436462,1692255172230,1692255172233,1693227436471,9,3,6
7993,1693227436471,1692255172238,1692255172241,1693227436478,7,3,4
7994,1693227436478,1692255172246,1692255172249,1693227436486,8,3,5
7995,1693227436486,1692255172253,1692255172257,1693227436493,7,4,3
7996,1693227436493,1692255172262,1692255172265,1693227436502,9,3,6
7997,1693227436502,1692255172270,1692255172273,1693227436509,7,3,4
7998,1693227436509,1692255172278,1692255172281,1693227436519,10,3,7
7999,1693227436519,1692255172288,1692255172291,1693227436528,9,3,6
8000,1693227436528,1692255172296,1692255172299,1693227436535,7,3,4
8001,1693227436535,1692255172304,1692255172308,1693227436544,9,4,5
8002,1693227436544,1692255172313,1692255172317,1693227436553,9,4,5
8003,1693227436553,1692255172321,1692255172325,1693227436561,8,4,4
8004,1693227436561,1692255172330,1692255172334,1693227436570,9,4,5
8005,1693227436570,1692255172341,1692255172344,1693227436585,15,3,12
8006,1693227436585,1692255172353,1692255172356,1693227436593,8,3,5
8007,1693227436593,1692255172363,1692255172366,1693227436602,9,3,6
8008,1693227436602,1692255172371,1692255172374,1693227436610,8,3,5
8009,1693227436610,1692255172378,1692255172382,1693227436618,8,4,4
8010,1693227436618,1692255172387,1692255172392,1693227436628,10,5,5
8011,1693227436628,1692255172397,1692255172401,1693227436637,9,4,5
8012,1693227436638,1692255172406,1692255172409,1693227436646,8,3,5
8013,1693227436646,1692255172416,1692255172419,1693227436655,9,3,6
8014,1693227436655,1692255172423,1692255172426,1693227436662,7,3,4
8015,1693227436662,1692255172431,1692255172434,1693227436670,8,3,5
8016,1693227436670,1692255172438,1692255172441,1693227436677,7,3,4
8017,1693227436677,1692255172445,1692255172449,1693227436685,8,4,4
8018,1693227436685,1692255172453,1692255172457,1693227436693,8,4,4
8019,1693227436693,1692255172461,1692255172463,1693227436700,7,2,5
8020,1693227436700,1692255172468,1692255172471,1693227436707,7,3,4
8021,1693227436707,1692255172476,1692255172479,1693227436715,8,3,5
8022,1693227436715,1692255172483,1692255172486,1693227436723,8,3,5
8023,1693227436723,1692255172491,1692255172495,1693227436731,8,4,4
8024,1693227436732,1692255172500,1692255172503,1693227436739,7,3,4
8025,1693227436739,1692255172508,1692255172511,1693227436748,9,3,6
8026,1693227436748,1692255172518,1692255172521,1693227436758,10,3,7
8027,1693227436758,1692255172526,1692255172529,1693227436766,8,3,5
8028,1693227436766,1692255172535,1692255172538,1693227436774,8,3,5
8029,1693227436774,1692255172542,1692255172545,1693227436781,7,3,4
8030,1693227436781,1692255172549,1692255172551,1693227436788,7,2,5
8031,1693227436788,1692255172557,1692255172560,1693227436796,8,3,5
8032,1693227436796,1692255172564,1692255172567,1693227436803,7,3,4
8033,1693227436803,1692255172571,1692255172574,1693227436810,7,3,4
8034,1693227436810,1692255172579,1692255172582,1693227436818,8,3,5
8035,1693227436818,1692255172586,1692255172588,1693227436825,7,2,5
8036,1693227436825,1692255172593,1692255172596,1693227436832,7,3,4
8037,1693227436832,1692255172600,1692255172604,1693227436840,8,4,4
8038,1693227436840,1692255172608,1692255172613,1693227436849,9,5,4
8039,1693227436849,1692255172617,1692255172621,1693227436857,8,4,4
8040,1693227436857,1692255172625,1692255172628,1693227436864,7,3,4
8041,1693227436864,1692255172632,1692255172635,1693227436872,8,3,5
8042,1693227436872,1692255172640,1692255172643,1693227436879,7,3,4
8043,1693227436879,1692255172647,1692255172650,1693227436887,8,3,5
8044,1693227436887,1692255172655,1692255172658,1693227436894,7,3,4
8045,1693227436894,1692255172662,1692255172665,1693227436901,7,3,4
8046,1693227436901,1692255172669,1692255172672,1693227436908,7,3,4
8047,1693227436908,1692255172676,1692255172680,1693227436916,8,4,4
8048,1693227436917,1692255172685,1692255172688,1693227436924,7,3,4
8049,1693227436924,1692255172692,1692255172695,1693227436932,8,3,5
8050,1693227436932,1692255172701,1692255172704,1693227436940,8,3,5
8051,1693227436940,1692255172708,1692255172712,1693227436948,8,4,4
8052,1693227436948,1692255172715,1692255172719,1693227436958,10,4,6
8053,1693227436958,1692255172726,1692255172730,1693227436966,8,4,4
8054,1693227436966,1692255172734,1692255172737,1693227436974,8,3,5
8055,1693227436974,1692255172741,1692255172745,1693227436981,7,4,3
8056,1693227436981,1692255172749,1692255172752,1693227436989,8,3,5
8057,1693227436989,1692255172757,1692255172760,1693227436997,8,3,5
8058,1693227436997,1692255172765,1692255172768,1693227437005,8,3,5
8059,1693227437005,1692255172773,1692255172777,1693227437014,9,4,5
8060,1693227437014,1692255172782,1692255172784,1693227437021,7,2,5
8061,1693227437021,1692255172789,1692255172792,1693227437028,7,3,4
8062,1693227437028,1692255172797,1692255172800,1693227437036,8,3,5
8063,1693227437037,1692255172806,1692255172810,1693227437046,9,4,5
8064,1693227437046,1692255172816,1692255172820,1693227437056,10,4,6
8065,1693227437056,1692255172826,1692255172830,1693227437066,10,4,6
8066,1693227437066,1692255172834,1692255172837,1693227437073,7,3,4
8067,1693227437073,1692255172842,1692255172845,1693227437082,9,3,6
8068,1693227437082,1692255172850,1692255172854,1693227437090,8,4,4
8069,1693227437090,1692255172859,1692255172862,1693227437099,9,3,6
8070,1693227437099,1692255172867,1692255172869,1693227437106,7,2,5
8071,1693227437106,1692255172879,1692255172882,1693227437118,12,3,9
8072,1693227437118,1692255172887,1692255172890,1693227437126,8,3,5
8073,1693227437126,1692255172895,1692255172898,1693227437134,8,3,5
8074,1693227437134,1692255172902,1692255172905,1693227437143,9,3,6
8075,1693227437143,1692255172912,1692255172916,1693227437152,9,4,5
8076,1693227437152,1692255172921,1692255172925,1693227437162,10,4,6
8077,1693227437162,1692255172930,1692255172933,1693227437169,7,3,4
8078,1693227437169,1692255172937,1692255172941,1693227437177,8,4,4
8079,1693227437177,1692255172945,1692255172949,1693227437185,8,4,4
8080,1693227437185,1692255172953,1692255172955,1693227437192,7,2,5
8081,1693227437192,1692255172960,1692255172963,1693227437199,7,3,4
8082,1693227437199,1692255172967,1692255172970,1693227437206,7,3,4
8083,1693227437206,1692255172975,1692255172977,1693227437214,8,2,6
8084,1693227437214,1692255172982,1692255172987,1693227437225,11,5,6
8085,1693227437225,1692255172993,1692255172997,1693227437233,8,4,4
8086,1693227437233,1692255173001,1692255173005,1693227437241,8,4,4
8087,1693227437241,1692255173010,1692255173012,1693227437249,8,2,6
8088,1693227437249,1692255173017,1692255173021,1693227437257,8,4,4
8089,1693227437257,1692255173025,1692255173031,1693227437267,10,6,4
8090,1693227437267,1692255173035,1692255173038,1693227437274,7,3,4
8091,1693227437274,1692255173043,1692255173046,1693227437282,8,3,5
8092,1693227437282,1692255173050,1692255173054,1693227437290,8,4,4
8093,1693227437290,1692255173058,1692255173062,1693227437298,8,4,4
8094,1693227437298,1692255173067,1692255173069,1693227437306,8,2,6
8095,1693227437306,1692255173075,1692255173079,1693227437315,9,4,5
8096,1693227437315,1692255173083,1692255173086,1693227437323,8,3,5
8097,1693227437323,1692255173091,1692255173095,1693227437331,8,4,4
8098,1693227437331,1692255173099,1692255173102,1693227437338,7,3,4
8099,1693227437338,1692255173106,1692255173110,1693227437346,8,4,4
8100,1693227437346,1692255173114,1692255173118,1693227437354,8,4,4
8101,1693227437354,1692255173122,1692255173125,1693227437361,7,3,4
8102,1693227437361,1692255173129,1692255173132,1693227437368,7,3,4
8103,1693227437368,1692255173136,1692255173139,1693227437376,8,3,5
8104,1693227437376,1692255173144,1692255173147,1693227437384,8,3,5
8105,1693227437384,1692255173152,1692255173155,1693227437392,8,3,5
8106,1693227437392,1692255173162,1692255173165,1693227437402,10,3,7
8107,1693227437402,1692255173170,1692255173174,1693227437410,8,4,4
8108,1693227437410,1692255173178,1692255173181,1693227437417,7,3,4
8109,1693227437417,1692255173185,1692255173188,1693227437424,7,3,4
8110,1693227437424,1692255173193,1692255173196,1693227437432,8,3,5
8111,1693227437432,1692255173200,1692255173203,1693227437439,7,3,4
8112,1693227437439,1692255173208,1692255173211,1693227437447,8,3,5
8113,1693227437447,1692255173214,1692255173218,1693227437454,7,4,3
8114,1693227437454,1692255173222,1692255173225,1693227437461,7,3,4
8115,1693227437461,1692255173230,1692255173233,1693227437471,10,3,7
8116,1693227437471,1692255173239,1692255173242,1693227437478,7,3,4
8117,1693227437478,1692255173246,1692255173249,1693227437486,8,3,5
8118,1693227437486,1692255173254,1692255173257,1693227437494,8,3,5
8119,1693227437494,1692255173262,1692255173265,1693227437501,7,3,4
8120,1693227437501,1692255173269,1692255173274,1693227437510,9,5,4
8121,1693227437510,1692255173278,1692255173281,1693227437517,7,3,4
8122,1693227437517,1692255173286,1692255173290,1693227437526,9,4,5
8123,1693227437526,1692255173294,1692255173297,1693227437533,7,3,4
8124,1693227437533,1692255173301,1692255173304,1693227437541,8,3,5
8125,1693227437541,1692255173309,1692255173312,1693227437548,7,3,4
8126,1693227437548,1692255173317,1692255173320,1693227437557,9,3,6
8127,1693227437557,1692255173325,1692255173328,1693227437564,7,3,4
8128,1693227437564,1692255173332,1692255173335,1693227437572,8,3,5
8129,1693227437572,1692255173340,1692255173343,1693227437580,8,3,5
8130,1693227437580,1692255173348,1692255173351,1693227437588,8,3,5
8131,1693227437588,1692255173362,1692255173366,1693227437602,14,4,10
8132,1693227437602,1692255173370,1692255173373,1693227437609,7,3,4
8133,1693227437609,1692255173377,1692255173381,1693227437617,8,4,4
8134,1693227437617,1692255173389,1692255173392,1693227437629,12,3,9
8135,1693227437629,1692255173397,1692255173400,1693227437637,8,3,5
8136,1693227437637,1692255173404,1692255173408,1693227437644,7,4,3
8137,1693227437644,1692255173414,1692255173417,1693227437653,9,3,6
8138,1693227437653,1692255173422,1692255173425,1693227437661,8,3,5
8139,1693227437661,1692255173430,1692255173433,1693227437669,8,3,5
8140,1693227437669,1692255173439,1692255173443,1693227437679,10,4,6
8141,1693227437679,1692255173447,1692255173451,1693227437687,8,4,4
8142,1693227437687,1692255173455,1692255173458,1693227437695,8,3,5
8143,1693227437695,1692255173463,1692255173466,1693227437702,7,3,4
8144,1693227437702,1692255173471,1692255173473,1693227437709,7,2,5
8145,1693227437709,1692255173477,1692255173480,1693227437717,8,3,5
8146,1693227437717,1692255173485,1692255173488,1693227437724,7,3,4
8147,1693227437724,1692255173492,1692255173495,1693227437731,7,3,4
8148,1693227437731,1692255173499,1692255173502,1693227437738,7,3,4
8149,1693227437738,1692255173505,1692255173508,1693227437744,6,3,3
8150,1693227437744,1692255173512,1692255173516,1693227437752,8,4,4
8151,1693227437752,1692255173520,1692255173522,1693227437758,6,2,4
8152,1693227437758,1692255173526,1692255173530,1693227437766,8,4,4
8153,1693227437766,1692255173534,1692255173537,1693227437776,10,3,7
8154,1693227437776,1692255173544,1692255173547,1693227437784,8,3,5
8155,1693227437784,1692255173552,1692255173555,1693227437791,7,3,4
8156,1693227437791,1692255173560,1692255173564,1693227437800,9,4,5
8157,1693227437800,1692255173571,1692255173575,1693227437811,11,4,7
8158,1693227437811,1692255173582,1692255173585,1693227437821,10,3,7
8159,1693227437821,1692255173590,1692255173594,1693227437830,9,4,5
8160,1693227437830,1692255173598,1692255173601,1693227437837,7,3,4
8161,1693227437837,1692255173605,1692255173608,1693227437845,8,3,5
8162,1693227437845,1692255173613,1692255173616,1693227437852,7,3,4
8163,1693227437852,1692255173620,1692255173624,1693227437860,8,4,4
8164,1693227437860,1692255173628,1692255173631,1693227437867,7,3,4
8165,1693227437867,1692255173635,1692255173638,1693227437874,7,3,4
8166,1693227437874,1692255173644,1692255173648,1693227437884,10,4,6
8167,1693227437884,1692255173653,1692255173656,1693227437892,8,3,5
8168,1693227437892,1692255173661,1692255173664,1693227437900,8,3,5
8169,1693227437900,1692255173668,1692255173671,1693227437907,7,3,4
8170,1693227437907,1692255173676,1692255173680,1693227437916,9,4,5
8171,1693227437916,1692255173684,1692255173687,1693227437923,7,3,4
8172,1693227437923,1692255173691,1692255173694,1693227437930,7,3,4
8173,1693227437930,1692255173698,1692255173701,1693227437937,7,3,4
8174,1693227437938,1692255173706,1692255173708,1693227437945,7,2,5
8175,1693227437945,1692255173713,1692255173716,1693227437952,7,3,4
8176,1693227437952,1692255173720,1692255173724,1693227437960,8,4,4
8177,1693227437960,1692255173728,1692255173731,1693227437968,8,3,5
8178,1693227437968,1692255173736,1692255173739,1693227437975,7,3,4
8179,1693227437975,1692255173744,1692255173747,1693227437984,9,3,6
8180,1693227437984,1692255173751,1692255173755,1693227437991,7,4,3
8181,1693227437991,1692255173759,1692255173762,1693227437998,7,3,4
8182,1693227437998,1692255173767,1692255173771,1693227438007,9,4,5
8183,1693227438007,1692255173775,1692255173778,1693227438014,7,3,4
8184,1693227438014,1692255173782,1692255173785,1693227438022,8,3,5
8185,1693227438022,1692255173790,1692255173793,1693227438029,7,3,4
8186,1693227438029,1692255173797,1692255173801,1693227438037,8,4,4
8187,1693227438037,1692255173804,1692255173808,1693227438044,7,4,3
8188,1693227438044,1692255173812,1692255173815,1693227438051,7,3,4
8189,1693227438051,1692255173820,1692255173823,1693227438060,9,3,6
8190,1693227438060,1692255173828,1692255173831,1693227438067,7,3,4
8191,1693227438067,1692255173836,1692255173839,1693227438076,9,3,6
8192,1693227438076,1692255173844,1692255173847,1693227438083,7,3,4
8193,1693227438083,1692255173851,1692255173855,1693227438091,8,4,4
8194,1693227438091,1692255173859,1692255173862,1693227438098,7,3,4
8195,1693227438098,1692255173867,1692255173870,1693227438106,8,3,5
8196,1693227438106,1692255173874,1692255173877,1693227438113,7,3,4
8197,1693227438113,1692255173881,1692255173884,1693227438120,7,3,4
8198,1693227438120,1692255173888,1692255173891,1693227438127,7,3,4
8199,1693227438127,1692255173896,1692255173899,1693227438135,8,3,5
8200,1693227438135,1692255173904,1692255173907,1693227438143,8,3,5
8201,1693227438143,1692255173913,1692255173917,1693227438153,10,4,6
8202,1693227438153,1692255173921,1692255173924,1693227438160,7,3,4
8203,1693227438160,1692255173928,1692255173931,1693227438167,7,3,4
8204,1693227438167,1692255173935,1692255173938,1693227438175,8,3,5
8205,1693227438175,1692255173942,1692255173946,1693227438182,7,4,3
8206,1693227438182,1692255173952,1692255173955,1693227438191,9,3,6
8207,1693227438191,1692255173960,1692255173963,1693227438199,8,3,5
8208,1693227438199,1692255173967,1692255173971,1693227438207,8,4,4
8209,1693227438207,1692255173976,1692255173979,1693227438215,8,3,5
8210,1693227438215,1692255173984,1692255173987,1693227438223,8,3,5
8211,1693227438223,1692255173992,1692255173996,1693227438232,9,4,5
8212,1693227438232,1692255174000,1692255174003,1693227438239,7,3,4
8213,1693227438239,1692255174007,1692255174010,1693227438246,7,3,4
8214,1693227438246,1692255174015,1692255174018,1693227438254,8,3,5
8215,1693227438254,1692255174022,1692255174026,1693227438262,8,4,4
8216,1693227438262,1692255174030,1692255174033,1693227438269,7,3,4
8217,1693227438269,1692255174037,1692255174041,1693227438278,9,4,5
8218,1693227438278,1692255174046,1692255174049,1693227438288,10,3,7
8219,1693227438288,1692255174056,1692255174060,1693227438296,8,4,4
8220,1693227438296,1692255174065,1692255174068,1693227438304,8,3,5
8221,1693227438304,1692255174073,1692255174076,1693227438313,9,3,6
8222,1693227438313,1692255174081,1692255174084,1693227438320,7,3,4
8223,1693227438320,1692255174089,1692255174093,1693227438329,9,4,5
8224,1693227438329,1692255174098,1692255174101,1693227438337,8,3,5
8225,1693227438337,1692255174105,1692255174109,1693227438345,8,4,4
8226,1693227438345,1692255174115,1692255174118,1693227438358,13,3,10
8227,1693227438358,1692255174126,1692255174129,1693227438365,7,3,4
8228,1693227438365,1692255174133,1692255174137,1693227438373,8,4,4
8229,1693227438373,1692255174145,1692255174148,1693227438384,11,3,8
8230,1693227438384,1692255174153,1692255174157,1693227438394,10,4,6
8231,1693227438394,1692255174162,1692255174166,1693227438402,8,4,4
8232,1693227438402,1692255174170,1692255174173,1693227438409,7,3,4
8233,1693227438409,1692255174178,1692255174181,1693227438418,9,3,6
8234,1693227438418,1692255174187,1692255174191,1693227438428,10,4,6
8235,1693227438428,1692255174196,1692255174199,1693227438435,7,3,4
8236,1693227438435,1692255174204,1692255174208,1693227438444,9,4,5
8237,1693227438444,1692255174212,1692255174216,1693227438452,8,4,4
8238,1693227438452,1692255174220,1692255174223,1693227438460,8,3,5
8239,1693227438460,1692255174228,1692255174231,1693227438468,8,3,5
8240,1693227438468,1692255174235,1692255174238,1693227438475,7,3,4
8241,1693227438475,1692255174243,1692255174246,1693227438482,7,3,4
8242,1693227438482,1692255174250,1692255174253,1693227438489,7,3,4
8243,1693227438489,1692255174261,1692255174264,1693227438500,11,3,8
8244,1693227438500,1692255174269,1692255174272,1693227438508,8,3,5
8245,1693227438508,1692255174275,1692255174279,1693227438515,7,4,3
8246,1693227438515,1692255174283,1692255174285,1693227438522,7,2,5
8247,1693227438522,1692255174290,1692255174293,1693227438529,7,3,4
8248,1693227438529,1692255174297,1692255174299,1693227438536,7,2,5
8249,1693227438536,1692255174304,1692255174307,1693227438543,7,3,4
8250,1693227438543,1692255174311,1692255174314,1693227438550,7,3,4
8251,1693227438550,1692255174318,1692255174322,1693227438559,9,4,5
8252,1693227438559,1692255174327,1692255174330,1693227438566,7,3,4
8253,1693227438566,1692255174335,1692255174338,1693227438575,9,3,6
8254,1693227438575,1692255174343,1692255174346,1693227438583,8,3,5
8255,1693227438583,1692255174351,1692255174354,1693227438590,7,3,4
8256,1693227438590,1692255174361,1692255174364,1693227438601,11,3,8
8257,1693227438601,1692255174369,1692255174373,1693227438609,8,4,4
8258,1693227438609,1692255174376,1692255174379,1693227438615,6,3,3
8259,1693227438615,1692255174383,1692255174387,1693227438623,8,4,4
8260,1693227438623,1692255174391,1692255174394,1693227438630,7,3,4
8261,1693227438630,1692255174399,1692255174401,1693227438637,7,2,5
8262,1693227438637,1692255174405,1692255174408,1693227438645,8,3,5
8263,1693227438645,1692255174413,1692255174416,1693227438652,7,3,4
8264,1693227438652,1692255174420,1692255174423,1693227438659,7,3,4
8265,1693227438659,1692255174427,1692255174430,1693227438666,7,3,4
8266,1693227438666,1692255174434,1692255174438,1693227438674,8,4,4
8267,1693227438674,1692255174443,1692255174446,1693227438682,8,3,5
8268,1693227438682,1692255174451,1692255174454,1693227438690,8,3,5
8269,1693227438690,1692255174458,1692255174461,1693227438698,8,3,5
8270,1693227438698,1692255174466,1692255174470,1693227438706,8,4,4
8271,1693227438706,1692255174473,1692255174477,1693227438713,7,4,3
8272,1693227438713,1692255174482,1692255174485,1693227438722,9,3,6
8273,1693227438722,1692255174491,1692255174494,1693227438731,9,3,6
8274,1693227438731,1692255174499,1692255174502,1693227438738,7,3,4
8275,1693227438738,1692255174506,1692255174509,1693227438746,8,3,5
8276,1693227438746,1692255174514,1692255174516,1693227438753,7,2,5
8277,1693227438753,1692255174521,1692255174524,1693227438761,8,3,5
8278,1693227438761,1692255174529,1692255174533,1693227438769,8,4,4
8279,1693227438769,1692255174537,1692255174540,1693227438776,7,3,4
8280,1693227438776,1692255174545,1692255174549,1693227438785,9,4,5
8281,1693227438785,1692255174553,1692255174556,1693227438792,7,3,4
8282,1693227438792,1692255174561,1692255174565,1693227438801,9,4,5
8283,1693227438801,1692255174570,1692255174572,1693227438809,8,2,6
8284,1693227438809,1692255174576,1692255174580,1693227438816,7,4,3
8285,1693227438816,1692255174584,1692255174587,1693227438823,7,3,4
8286,1693227438823,1692255174591,1692255174595,1693227438832,9,4,5
8287,1693227438832,1692255174600,1692255174606,1693227438841,9,6,3
8288,1693227438841,1692255174611,1692255174614,1693227438850,9,3,6
8289,1693227438850,1692255174618,1692255174622,1693227438858,8,4,4
8290,1693227438858,1692255174627,1692255174630,1693227438866,8,3,5
8291,1693227438866,1692255174635,1692255174638,1693227438874,8,3,5
8292,1693227438874,1692255174642,1692255174644,1693227438881,7,2,5
8293,1693227438881,1692255174649,1692255174653,1693227438889,8,4,4
8294,1693227438889,1692255174657,1692255174661,1693227438897,8,4,4
8295,1693227438897,1692255174665,1692255174668,1693227438904,7,3,4
8296,1693227438904,1692255174671,1692255174674,1693227438911,7,3,4
8297,1693227438911,1692255174679,1692255174683,1693227438919,8,4,4
8298,1693227438919,1692255174687,1692255174691,1693227438928,9,4,5
8299,1693227438928,1692255174696,1692255174699,1693227438935,7,3,4
8300,1693227438935,1692255174703,1692255174705,1693227438942,7,2,5
8301,1693227438942,1692255174710,1692255174715,1693227438951,9,5,4
8302,1693227438951,1692255174719,1692255174722,1693227438958,7,3,4
8303,1693227438958,1692255174726,1692255174730,1693227438966,8,4,4
8304,1693227438967,1692255174735,1692255174738,1693227438974,7,3,4
8305,1693227438974,1692255174742,1692255174745,1693227438982,8,3,5
8306,1693227438982,1692255174750,1692255174753,1693227438989,7,3,4
8307,1693227438989,1692255174757,1692255174759,1693227438995,6,2,4
8308,1693227438995,1692255174763,1692255174766,1693227439005,10,3,7
8309,1693227439005,1692255174773,1692255174778,1693227439014,9,5,4
8310,1693227439014,1692255174782,1692255174785,1693227439021,7,3,4
8311,1693227439021,1692255174789,1692255174792,1693227439029,8,3,5
8312,1693227439029,1692255174797,1692255174801,1693227439037,8,4,4
8313,1693227439037,1692255174806,1692255174809,1693227439046,9,3,6
8314,1693227439046,1692255174814,1692255174816,1693227439053,7,2,5
8315,1693227439053,1692255174821,1692255174824,1693227439060,7,3,4
8316,1693227439060,1692255174828,1692255174832,1693227439068,8,4,4
8317,1693227439068,1692255174836,1692255174839,1693227439076,8,3,5
8318,1693227439076,1692255174844,1692255174847,1693227439083,7,3,4
8319,1693227439083,1692255174852,1692255174856,1693227439092,9,4,5
8320,1693227439092,1692255174861,1692255174864,1693227439100,8,3,5
8321,1693227439100,1692255174868,1692255174871,1693227439107,7,3,4
8322,1693227439107,1692255174875,1692255174878,1693227439114,7,3,4
8323,1693227439114,1692255174883,1692255174887,1693227439123,9,4,5
8324,1693227439123,1692255174890,1692255174893,1693227439129,6,3,3
8325,1693227439129,1692255174898,1692255174901,1693227439138,9,3,6
8326,1693227439138,1692255174906,1692255174909,1693227439145,7,3,4
8327,1693227439145,1692255174913,1692255174916,1693227439152,7,3,4
8328,1693227439152,1692255174921,1692255174924,1693227439160,8,3,5
8329,1693227439160,1692255174929,1692255174934,1693227439170,10,5,5
8330,1693227439170,1692255174939,1692255174943,1693227439179,9,4,5
8331,1693227439179,1692255174947,1692255174951,1693227439187,8,4,4
8332,1693227439187,1692255174956,1692255174959,1693227439195,8,3,5
8333,1693227439195,1692255174964,1692255174966,1693227439203,8,2,6
8334,1693227439203,1692255174971,1692255174974,1693227439211,8,3,5
8335,1693227439211,1692255174979,1692255174982,1693227439218,7,3,4
8336,1693227439218,1692255174987,1692255174990,1693227439228,10,3,7
8337,1693227439228,1692255174996,1692255174999,1693227439237,9,3,6
8338,1693227439237,1692255175007,1692255175011,1693227439248,11,4,7
8339,1693227439248,1692255175016,1692255175020,1693227439256,8,4,4
8340,1693227439256,1692255175025,1692255175029,1693227439265,9,4,5
8341,1693227439266,1692255175033,1692255175037,1693227439273,7,4,3
8342,1693227439273,1692255175042,1692255175045,1693227439281,8,3,5
8343,1693227439281,1692255175050,1692255175052,1693227439289,8,2,6
8344,1693227439289,1692255175057,1692255175060,1693227439296,7,3,4
8345,1693227439296,1692255175066,1692255175068,1693227439305,9,2,7
8346,1693227439305,1692255175079,1692255175082,1693227439319,14,3,11
8347,1693227439319,1692255175087,1692255175090,1693227439326,7,3,4
8348,1693227439326,1692255175095,1692255175099,1693227439336,10,4,6
8349,1693227439336,1692255175104,1692255175107,1693227439343,7,3,4
8350,1693227439343,1692255175112,1692255175115,1693227439351,8,3,5
8351,1693227439351,1692255175120,1692255175123,1693227439360,9,3,6
8352,1693227439360,1692255175128,1692255175131,1693227439367,7,3,4
8353,1693227439367,1692255175136,1692255175138,1693227439375,8,2,6
8354,1693227439375,1692255175142,1692255175145,1693227439381,6,3,3
8355,1693227439381,1692255175149,1692255175153,1693227439389,8,4,4
8356,1693227439389,1692255175156,1692255175160,1693227439396,7,4,3
8357,1693227439396,1692255175165,1692255175168,1693227439404,8,3,5
8358,1693227439404,1692255175172,1692255175176,1693227439415,11,4,7
8359,1693227439415,1692255175183,1692255175186,1693227439422,7,3,4
8360,1693227439422,1692255175190,1692255175193,1693227439748,326,3,323
8361,1693227439748,1692255175518,1692255175521,1693227439758,10,3,7
8362,1693227439758,1692255175525,1692255175528,1693227439765,7,3,4
8363,1693227439765,1692255175533,1692255175537,1693227439773,8,4,4
8364,1693227439773,1692255175541,1692255175544,1693227439780,7,3,4
8365,1693227439780,1692255175548,1692255175551,1693227439787,7,3,4
8366,1693227439788,1692255175555,1692255175558,1693227439795,7,3,4
8367,1693227439795,1692255175563,1692255175566,1693227439803,8,3,5
8368,1693227439803,1692255175571,1692255175574,1693227439810,7,3,4
8369,1693227439810,1692255175578,1692255175582,1693227439818,8,4,4
8370,1693227439818,1692255175586,1692255175589,1693227439828,10,3,7
8371,1693227439828,1692255175596,1692255175599,1693227439836,8,3,5
8372,1693227439836,1692255175604,1692255175607,1693227439843,7,3,4
8373,1693227439843,1692255175612,1692255175615,1693227439851,8,3,5
8374,1693227439851,1692255175619,1692255175624,1693227439860,9,5,4
8375,1693227439860,1692255175628,1692255175633,1693227439869,9,5,4
8376,1693227439869,1692255175640,1692255175643,1693227439879,10,3,7
8377,1693227439879,1692255175647,1692255175651,1693227439888,9,4,5
8378,1693227439888,1692255175656,1692255175658,1693227439898,10,2,8
8379,1693227439898,1692255175667,1692255175671,1693227439908,10,4,6
8380,1693227439908,1692255175676,1692255175679,1693227439915,7,3,4
8381,1693227439915,1692255175683,1692255175686,1693227439927,12,3,9
8382,1693227439927,1692255175695,1692255175698,1693227439934,7,3,4
8383,1693227439934,1692255175702,1692255175705,1693227439941,7,3,4
8384,1693227439941,1692255175709,1692255175712,1693227439948,7,3,4
8385,1693227439948,1692255175716,1692255175719,1693227439955,7,3,4
8386,1693227439955,1692255175724,1692255175728,1693227439965,10,4,6
8387,1693227439965,1692255175733,1692255175736,1693227439972,7,3,4
8388,1693227439972,1692255175740,1692255175743,1693227439979,7,3,4
8389,1693227439979,1692255175748,1692255175751,1693227439987,8,3,5
8390,1693227439987,1692255175755,1692255175758,1693227439994,7,3,4
8391,1693227439994,1692255175762,1692255175765,1693227440001,7,3,4
8392,1693227440001,1692255175769,1692255175772,1693227440008,7,3,4
8393,1693227440008,1692255175776,1692255175780,1693227440017,9,4,5
8394,1693227440017,1692255175786,1692255175789,1693227440028,11,3,8
8395,1693227440029,1692255175800,1692255175803,1693227440039,10,3,7
8396,1693227440039,1692255175809,1692255175813,1693227440051,12,4,8
8397,1693227440051,1692255175820,1692255175824,1693227440061,10,4,6
8398,1693227440061,1692255175829,1692255175832,1693227440068,7,3,4
8399,1693227440068,1692255175837,1692255175840,1693227440077,9,3,6
8400,1693227440077,1692255175844,1692255175848,1693227440084,7,4,3
8401,1693227440084,1692255175852,1692255175855,1693227440092,8,3,5
8402,1693227440092,1692255175859,1692255175863,1693227440099,7,4,3
8403,1693227440099,1692255175869,1692255175872,1693227440109,10,3,7
8404,1693227440109,1692255175877,1692255175880,1693227440116,7,3,4
8405,1693227440116,1692255175884,1692255175887,1693227440123,7,3,4
8406,1693227440123,1692255175891,1692255175895,1693227440131,8,4,4
8407,1693227440131,1692255175899,1692255175902,1693227440138,7,3,4
8408,1693227440138,1692255175906,1692255175909,1693227440145,7,3,4
8409,1693227440145,1692255175913,1692255175915,1693227440151,6,2,4
8410,1693227440151,1692255175920,1692255175923,1693227440159,8,3,5
8411,1693227440159,1692255175927,1692255175931,1693227440167,8,4,4
8412,1693227440167,1692255175935,1692255175940,1693227440177,10,5,5
8413,1693227440177,1692255175946,1692255175949,1693227440185,8,3,5
8414,1693227440185,1692255175953,1692255175956,1693227440192,7,3,4
8415,1693227440192,1692255175960,1692255175963,1693227440199,7,3,4
8416,1693227440199,1692255175967,1692255175970,1693227440206,7,3,4
8417,1693227440207,1692255175974,1692255175979,1693227440215,8,5,3
8418,1693227440215,1692255175983,1692255175986,1693227440222,7,3,4
8419,1693227440222,1692255175990,1692255175994,1693227440230,8,4,4
8420,1693227440230,1692255176000,1692255176003,1693227440243,13,3,10
8421,1693227440243,1692255176011,1692255176015,1693227440251,8,4,4
8422,1693227440251,1692255176019,1692255176023,1693227440259,8,4,4
8423,1693227440259,1692255176027,1692255176030,1693227440266,7,3,4
8424,1693227440266,1692255176035,1692255176039,1693227440275,9,4,5
8425,1693227440275,1692255176042,1692255176046,1693227440282,7,4,3
8426,1693227440282,1692255176050,1692255176053,1693227440288,6,3,3
8427,1693227440288,1692255176056,1692255176060,1693227440295,7,4,3
8428,1693227440295,1692255176063,1692255176066,1693227440302,7,3,4
8429,1693227440302,1692255176070,1692255176073,1693227440309,7,3,4
8430,1693227440309,1692255176077,1692255176080,1693227440317,8,3,5
8431,1693227440317,1692255176086,1692255176089,1693227440326,9,3,6
8432,1693227440326,1692255176097,1692255176100,1693227440337,11,3,8
8433,1693227440337,1692255176107,1692255176111,1693227440348,11,4,7
8434,1693227440348,1692255176126,1692255176129,1693227440365,17,3,14
8435,1693227440365,1692255176134,1692255176137,1693227440373,8,3,5
8436,1693227440373,1692255176147,1692255176150,1693227440386,13,3,10
8437,1693227440386,1692255176155,1692255176157,1693227440393,7,2,5
8438,1693227440393,1692255176161,1692255176165,1693227440401,8,4,4
8439,1693227440401,1692255176169,1692255176172,1693227440408,7,3,4
8440,1693227440408,1692255176175,1692255176179,1693227440415,7,4,3
8441,1693227440415,1692255176183,1692255176186,1693227440422,7,3,4
8442,1693227440422,1692255176190,1692255176194,1693227440430,8,4,4
8443,1693227440430,1692255176199,1692255176202,1693227440438,8,3,5
8444,1693227440438,1692255176211,1692255176214,1693227440450,12,3,9
8445,1693227440450,1692255176218,1692255176222,1693227440458,8,4,4
8446,1693227440458,1692255176226,1692255176229,1693227440465,7,3,4
8447,1693227440465,1692255176234,1692255176237,1693227440473,8,3,5
8448,1693227440473,1692255176242,1692255176246,1693227440482,9,4,5
8449,1693227440482,1692255176250,1692255176255,1693227440491,9,5,4
8450,1693227440491,1692255176259,1692255176262,1693227440499,8,3,5
8451,1693227440499,1692255176270,1692255176273,1693227440510,11,3,8
8452,1693227440510,1692255176278,1692255176281,1693227440517,7,3,4
8453,1693227440517,1692255176285,1692255176288,1693227440524,7,3,4
8454,1693227440524,1692255176293,1692255176298,1693227440534,10,5,5
8455,1693227440534,1692255176302,1692255176304,1693227440543,9,2,7
8456,1693227440543,1692255176311,1692255176315,1693227440551,8,4,4
8457,1693227440551,1692255176319,1692255176323,1693227440559,8,4,4
8458,1693227440559,1692255176328,1692255176331,1693227440567,8,3,5
8459,1693227440567,1692255176336,1692255176339,1693227440575,8,3,5
8460,1693227440575,1692255176343,1692255176346,1693227440583,8,3,5
8461,1693227440583,1692255176351,1692255176354,1693227440590,7,3,4
8462,1693227440590,1692255176358,1692255176362,1693227440598,8,4,4
8463,1693227440599,1692255176367,1692255176371,1693227440607,8,4,4
8464,1693227440607,1692255176376,1692255176379,1693227440615,8,3,5
8465,1693227440615,1692255176384,1692255176388,1693227440625,10,4,6
8466,1693227440625,1692255176393,1692255176396,1693227440632,7,3,4
8467,1693227440632,1692255176400,1692255176403,1693227440640,8,3,5
8468,1693227440640,1692255176410,1692255176413,1693227440650,10,3,7
8469,1693227440650,1692255176419,1692255176422,1693227440658,8,3,5
8470,1693227440658,1692255176427,1692255176430,1693227440666,8,3,5
8471,1693227440667,1692255176435,1692255176437,1693227440673,6,2,4
8472,1693227440673,1692255176441,1692255176444,1693227440681,8,3,5
8473,1693227440681,1692255176449,1692255176453,1693227440689,8,4,4
8474,1693227440689,1692255176457,1692255176460,1693227440696,7,3,4
8475,1693227440696,1692255176465,1692255176468,1693227440704,8,3,5
8476,1693227440704,1692255176472,1692255176476,1693227440712,8,4,4
8477,1693227440712,1692255176480,1692255176483,1693227440720,8,3,5
8478,1693227440720,1692255176488,1692255176492,1693227440729,9,4,5
8479,1693227440729,1692255176497,1692255176499,1693227440735,6,2,4
8480,1693227440735,1692255176503,1692255176507,1693227440745,10,4,6
8481,1693227440745,1692255176514,1692255176517,1693227440754,9,3,6
8482,1693227440754,1692255176522,1692255176525,1693227440761,7,3,4
8483,1693227440761,1692255176529,1692255176532,1693227440768,7,3,4
8484,1693227440768,1692255176536,1692255176539,1693227440776,8,3,5
8485,1693227440776,1692255176543,1692255176547,1693227440783,7,4,3
8486,1693227440783,1692255176551,1692255176556,1693227440792,9,5,4
8487,1693227440792,1692255176560,1692255176563,1693227440799,7,3,4
8488,1693227440799,1692255176568,1692255176571,1693227440807,8,3,5
8489,1693227440807,1692255176575,1692255176578,1693227440814,7,3,4
8490,1693227440814,1692255176582,1692255176584,1693227440820,6,2,4
8491,1693227440820,1692255176588,1692255176592,1693227440828,8,4,4
8492,1693227440828,1692255176596,1692255176599,1693227440835,7,3,4
8493,1693227440835,1692255176603,1692255176606,1693227440841,6,3,3
8494,1693227440842,1692255176609,1692255176612,1693227440848,6,3,3
8495,1693227440848,1692255176617,1692255176620,1693227440856,8,3,5
8496,1693227440856,1692255176624,1692255176627,1693227440863,7,3,4
8497,1693227440863,1692255176631,1692255176635,1693227440871,8,4,4
8498,1693227440871,1692255176639,1692255176642,1693227440878,7,3,4
8499,1693227440878,1692255176646,1692255176650,1693227440886,8,4,4
8500,1693227440886,1692255176655,1692255176658,1693227440894,8,3,5
8501,1693227440894,1692255176662,1692255176665,1693227440902,8,3,5
8502,1693227440902,1692255176671,1692255176674,1693227440910,8,3,5
8503,1693227440910,1692255176678,1692255176681,1693227440917,7,3,4
8504,1693227440917,1692255176685,1692255176688,1693227440925,8,3,5
8505,1693227440925,1692255176693,1692255176696,1693227440932,7,3,4
8506,1693227440932,1692255176700,1692255176703,1693227440939,7,3,4
8507,1693227440939,1692255176707,1692255176710,1693227440946,7,3,4
8508,1693227440946,1692255176716,1692255176719,1693227440956,10,3,7
8509,1693227440956,1692255176724,1692255176727,1693227440963,7,3,4
8510,1693227440963,1692255176731,1692255176734,1693227440971,8,3,5
8511,1693227440971,1692255176739,1692255176742,1693227440978,7,3,4
8512,1693227440978,1692255176746,1692255176750,1693227440986,8,4,4
8513,1693227440986,1692255176754,1692255176757,1693227440993,7,3,4
8514,1693227440993,1692255176761,1692255176765,1693227441001,8,4,4
8515,1693227441001,1692255176769,1692255176773,1693227441009,8,4,4
8516,1693227441009,1692255176778,1692255176781,1693227441017,8,3,5
8517,1693227441017,1692255176785,1692255176788,1693227441024,7,3,4
8518,1693227441024,1692255176793,1692255176796,1693227441032,8,3,5
8519,1693227441032,1692255176800,1692255176803,1693227441039,7,3,4
8520,1693227441039,1692255176808,1692255176811,1693227441047,8,3,5
8521,1693227441047,1692255176815,1692255176819,1693227441055,8,4,4
8522,1693227441055,1692255176823,1692255176826,1693227441062,7,3,4
8523,1693227441062,1692255176830,1692255176834,1693227441070,8,4,4
8524,1693227441071,1692255176838,1692255176841,1693227441077,6,3,3
8525,1693227441077,1692255176845,1692255176848,1693227441085,8,3,5
8526,1693227441085,1692255176854,1692255176857,1693227441093,8,3,5
8527,1693227441093,1692255176861,1692255176864,1693227441100,7,3,4
8528,1693227441100,1692255176868,1692255176871,1693227441107,7,3,4
8529,1693227441107,1692255176875,1692255176879,1693227441116,9,4,5
8530,1693227441116,1692255176884,1692255176889,1693227441125,9,5,4
8531,1693227441125,1692255176893,1692255176897,1693227441133,8,4,4
8532,1693227441133,1692255176901,1692255176904,1693227441140,7,3,4
8533,1693227441140,1692255176908,1692255176914,1693227441150,10,6,4
8534,1693227441150,1692255176921,1692255176924,1693227441160,10,3,7
8535,1693227441160,1692255176928,1692255176931,1693227441168,8,3,5
8536,1693227441168,1692255176936,1692255176939,1693227441175,7,3,4
8537,1693227441175,1692255176944,1692255176947,1693227441183,8,3,5
8538,1693227441183,1692255176952,1692255176956,1693227441192,9,4,5
8539,1693227441192,1692255176960,1692255176964,1693227441200,8,4,4
8540,1693227441200,1692255176969,1692255176973,1693227441209,9,4,5
8541,1693227441209,1692255176977,1692255176980,1693227441216,7,3,4
8542,1693227441217,1692255176985,1692255176988,1693227441224,7,3,4
8543,1693227441224,1692255176992,1692255176995,1693227441232,8,3,5
8544,1693227441232,1692255177000,1692255177003,1693227441239,7,3,4
8545,1693227441239,1692255177007,1692255177011,1693227441249,10,4,6
8546,1693227441249,1692255177018,1692255177021,1693227441257,8,3,5
8547,1693227441257,1692255177025,1692255177029,1693227441265,8,4,4
8548,1693227441265,1692255177034,1692255177038,1693227441274,9,4,5
8549,1693227441274,1692255177042,1692255177045,1693227441282,8,3,5
8550,1693227441282,1692255177051,1692255177054,1693227441290,8,3,5
8551,1693227441290,1692255177059,1692255177062,1693227441298,8,3,5
8552,1693227441298,1692255177066,1692255177069,1693227441305,7,3,4
8553,1693227441305,1692255177073,1692255177076,1693227441312,7,3,4
8554,1693227441312,1692255177081,1692255177083,1693227441320,8,2,6
8555,1693227441320,1692255177088,1692255177091,1693227441328,8,3,5
8556,1693227441328,1692255177096,1692255177099,1693227441335,7,3,4
8557,1693227441336,1692255177104,1692255177108,1693227441344,8,4,4
8558,1693227441344,1692255177112,1692255177116,1693227441353,9,4,5
8559,1693227441353,1692255177121,1692255177124,1693227441361,8,3,5
8560,1693227441361,1692255177129,1692255177133,1693227441369,8,4,4
8561,1693227441369,1692255177137,1692255177140,1693227441376,7,3,4
8562,1693227441376,1692255177145,1692255177148,1693227441384,8,3,5
8563,1693227441384,1692255177153,1692255177156,1693227441393,9,3,6
8564,1693227441393,1692255177161,1692255177165,1693227441402,9,4,5
8565,1693227441402,1692255177171,1692255177175,1693227441411,9,4,5
8566,1693227441411,1692255177179,1692255177183,1693227441419,8,4,4
8567,1693227441419,1692255177187,1692255177190,1693227441427,8,3,5
8568,1693227441427,1692255177195,1692255177198,1693227441435,8,3,5
8569,1693227441435,1692255177204,1692255177207,1693227441443,8,3,5
8570,1693227441443,1692255177212,1692255177215,1693227441451,8,3,5
8571,1693227441451,1692255177220,1692255177222,1693227441459,8,2,6
8572,1693227441459,1692255177229,1692255177231,1693227441468,9,2,7
8573,1693227441468,1692255177236,1692255177239,1693227441475,7,3,4
8574,1693227441475,1692255177244,1692255177250,1693227441487,12,6,6
8575,1693227441487,1692255177255,1692255177258,1693227441495,8,3,5
8576,1693227441495,1692255177263,1692255177266,1693227441502,7,3,4
8577,1693227441502,1692255177271,1692255177273,1693227441510,8,2,6
8578,1693227441510,1692255177278,1692255177281,1693227441517,7,3,4
8579,1693227441517,1692255177285,1692255177288,1693227441525,8,3,5
8580,1693227441525,1692255177292,1692255177295,1693227441532,7,3,4
8581,1693227441532,1692255177300,1692255177302,1693227441539,7,2,5
8582,1693227441539,1692255177307,1692255177311,1693227441547,8,4,4
8583,1693227441547,1692255177315,1692255177318,1693227441554,7,3,4
8584,1693227441554,1692255177321,1692255177325,1693227441562,8,4,4
8585,1693227441562,1692255177331,1692255177334,1693227441570,8,3,5
8586,1693227441570,1692255177338,1692255177342,1693227441578,8,4,4
8587,1693227441578,1692255177347,1692255177350,1693227441586,8,3,5
8588,1693227441586,1692255177354,1692255177357,1693227441594,8,3,5
8589,1693227441594,1692255177362,1692255177365,1693227441601,7,3,4
8590,1693227441601,1692255177369,1692255177373,1693227441610,9,4,5
8591,1693227441610,1692255177378,1692255177381,1693227441617,7,3,4
8592,1693227441617,1692255177385,1692255177389,1693227441625,8,4,4
8593,1693227441625,1692255177393,1692255177396,1693227441633,8,3,5
8594,1693227441633,1692255177408,1692255177413,1693227441649,16,5,11
8595,1693227441649,1692255177417,1692255177420,1693227441656,7,3,4
8596,1693227441656,1692255177429,1692255177432,1693227441668,12,3,9
8597,1693227441668,1692255177436,1692255177439,1693227441675,7,3,4
8598,1693227441675,1692255177443,1692255177446,1693227441682,7,3,4
8599,1693227441683,1692255177451,1692255177453,1693227441689,6,2,4
8600,1693227441689,1692255177458,1692255177461,1693227441697,8,3,5
8601,1693227441697,1692255177466,1692255177469,1693227441705,8,3,5
8602,1693227441705,1692255177473,1692255177477,1693227441713,8,4,4
8603,1693227441713,1692255177481,1692255177484,1693227441720,7,3,4
8604,1693227441720,1692255177488,1692255177491,1693227441727,7,3,4
8605,1693227441727,1692255177495,1692255177498,1693227441734,7,3,4
8606,1693227441734,1692255177503,1692255177507,1693227441743,9,4,5
8607,1693227441743,1692255177515,1692255177518,1693227441754,11,3,8
8608,1693227441754,1692255177522,1692255177525,1693227441762,8,3,5
8609,1693227441762,1692255177531,1692255177534,1693227441770,8,3,5
8610,1693227441770,1692255177538,1692255177541,1693227441777,7,3,4
8611,1693227441777,1692255177546,1692255177549,1693227441785,8,3,5
8612,1693227441785,1692255177553,1692255177557,1693227441793,8,4,4
8613,1693227441793,1692255177562,1692255177565,1693227441801,8,3,5
8614,1693227441801,1692255177569,1692255177573,1693227441809,8,4,4
8615,1693227441809,1692255177577,1692255177580,1693227441816,7,3,4
8616,1693227441816,1692255177584,1692255177588,1693227441824,8,4,4
8617,1693227441824,1692255177592,1692255177595,1693227441831,7,3,4
8618,1693227441832,1692255177600,1692255177603,1693227441839,7,3,4
8619,1693227441839,1692255177607,1692255177610,1693227441847,8,3,5
8620,1693227441847,1692255177615,1692255177617,1693227441853,6,2,4
8621,1693227441853,1692255177621,1692255177625,1693227441861,8,4,4
8622,1693227441861,1692255177629,1692255177633,1693227441872,11,4,7
8623,1693227441872,1692255177640,1692255177643,1693227441879,7,3,4
8624,1693227441879,1692255177647,1692255177650,1693227441887,8,3,5
8625,1693227441887,1692255177655,1692255177658,1693227441894,7,3,4
8626,1693227441894,1692255177663,1692255177666,1693227441903,9,3,6
8627,1693227441903,1692255177671,1692255177674,1693227441911,8,3,5
8628,1693227441911,1692255177679,1692255177682,1693227441918,7,3,4
8629,1693227441918,1692255177686,1692255177689,1693227441925,7,3,4
8630,1693227441925,1692255177693,1692255177696,1693227441933,8,3,5
8631,1693227441933,1692255177701,1692255177706,1693227441942,9,5,4
8632,1693227441942,1692255177710,1692255177713,1693227441950,8,3,5
8633,1693227441950,1692255177718,1692255177722,1693227441958,8,4,4
8634,1693227441958,1692255177726,1692255177729,1693227441966,8,3,5
8635,1693227441966,1692255177734,1692255177737,1693227441974,8,3,5
8636,1693227441974,1692255177742,1692255177744,1693227441981,7,2,5
8637,1693227441981,1692255177749,1692255177753,1693227441989,8,4,4
8638,1693227441989,1692255177758,1692255177762,1693227441999,10,4,6
8639,1693227441999,1692255177767,1692255177769,1693227442005,6,2,4
8640,1693227442005,1692255177773,1692255177776,1693227442012,7,3,4
8641,1693227442012,1692255177781,1692255177784,1693227442020,8,3,5
8642,1693227442020,1692255177788,1692255177791,1693227442029,9,3,6
8643,1693227442029,1692255177798,1692255177801,1693227442037,8,3,5
8644,1693227442037,1692255177805,1692255177809,1693227442045,8,4,4
8645,1693227442045,1692255177814,1692255177817,1693227442053,8,3,5
8646,1693227442053,1692255177827,1692255177831,1693227442068,15,4,11
8647,1693227442068,1692255177837,1692255177840,1693227442077,9,3,6
8648,1693227442077,1692255177846,1692255177849,1693227442086,9,3,6
8649,1693227442086,1692255177854,1692255177857,1693227442093,7,3,4
8650,1693227442093,1692255177862,1692255177865,1693227442102,9,3,6
8651,1693227442102,1692255177870,1692255177873,1693227442110,8,3,5
8652,1693227442110,1692255177878,1692255177882,1693227442118,8,4,4
8653,1693227442118,1692255177886,1692255177889,1693227442125,7,3,4
8654,1693227442126,1692255177894,1692255177897,1693227442133,7,3,4
8655,1693227442133,1692255177902,1692255177904,1693227442140,7,2,5
8656,1693227442140,1692255177908,1692255177911,1693227442148,8,3,5
8657,1693227442148,1692255177916,1692255177919,1693227442155,7,3,4
8658,1693227442155,1692255177924,1692255177927,1693227442164,9,3,6
8659,1693227442164,1692255177931,1692255177934,1693227442170,6,3,3
8660,1693227442170,1692255177938,1692255177941,1693227442179,9,3,6
8661,1693227442179,1692255177947,1692255177951,1693227442187,8,4,4
8662,1693227442187,1692255177955,1692255177959,1693227442195,8,4,4
8663,1693227442195,1692255177963,1692255177967,1693227442203,8,4,4
8664,1693227442203,1692255177971,1692255177975,1693227442211,8,4,4
8665,1693227442211,1692255177980,1692255177983,1693227442219,8,3,5
8666,1693227442219,1692255177988,1692255177991,1693227442227,8,3,5
8667,1693227442227,1692255177996,1692255177999,1693227442236,9,3,6
8668,1693227442236,1692255178004,1692255178008,1693227442245,9,4,5
8669,1693227442245,1692255178013,1692255178016,1693227442255,10,3,7
8670,1693227442255,1692255178024,1692255178027,1693227442263,8,3,5
8671,1693227442263,1692255178032,1692255178034,1693227442271,8,2,6
8672,1693227442271,1692255178039,1692255178042,1693227442278,7,3,4
8673,1693227442278,1692255178048,1692255178051,1693227442287,9,3,6
8674,1693227442287,1692255178055,1692255178059,1693227442295,8,4,4
8675,1693227442295,1692255178063,1692255178066,1693227442302,7,3,4
8676,1693227442303,1692255178073,1692255178077,1693227442313,10,4,6
8677,1693227442313,1692255178081,1692255178085,1693227442321,8,4,4
8678,1693227442321,1692255178089,1692255178092,1693227442328,7,3,4
8679,1693227442328,1692255178096,1692255178100,1693227442336,8,4,4
8680,1693227442336,1692255178104,1692255178107,1693227442343,7,3,4
8681,1693227442343,1692255178111,1692255178114,1693227442350,7,3,4
8682,1693227442350,1692255178117,1692255178120,1693227442356,6,3,3
8683,1693227442356,1692255178125,1692255178128,1693227442364,8,3,5
8684,1693227442364,1692255178132,1692255178136,1693227442371,7,4,3
8685,1693227442372,1692255178146,1692255178149,1693227442385,13,3,10
8686,1693227442385,1692255178154,1692255178157,1693227442393,8,3,5
8687,1693227442393,1692255178161,1692255178164,1693227442400,7,3,4
8688,1693227442400,1692255178168,1692255178172,1693227442408,8,4,4
8689,1693227442408,1692255178176,1692255178179,1693227442415,7,3,4
8690,1693227442415,1692255178183,1692255178187,1693227442423,8,4,4
8691,1693227442423,1692255178192,1692255178195,1693227442432,9,3,6
8692,1693227442432,1692255178200,1692255178203,1693227442439,7,3,4
8693,1693227442439,1692255178207,1692255178211,1693227442447,8,4,4
8694,1693227442447,1692255178215,1692255178218,1693227442454,7,3,4
8695,1693227442454,1692255178222,1692255178225,1693227442461,7,3,4
8696,1693227442461,1692255178230,1692255178233,1693227442469,8,3,5
8697,1693227442469,1692255178238,1692255178240,1693227442476,7,2,5
8698,1693227442476,1692255178245,1692255178248,1693227442486,10,3,7
8699,1693227442486,1692255178254,1692255178257,1693227442493,7,3,4
8700,1693227442493,1692255178261,1692255178264,1693227442500,7,3,4
8701,1693227442500,1692255178268,1692255178271,1693227442507,7,3,4
8702,1693227442507,1692255178275,1692255178278,1693227442514,7,3,4
8703,1693227442514,1692255178283,1692255178285,1693227442522,8,2,6
8704,1693227442522,1692255178290,1692255178293,1693227442530,8,3,5
8705,1693227442530,1692255178297,1692255178302,1693227442538,8,5,3
8706,1693227442538,1692255178306,1692255178309,1693227442545,7,3,4
8707,1693227442545,1692255178313,1692255178317,1693227442553,8,4,4
8708,1693227442553,1692255178320,1692255178324,1693227442560,7,4,3
8709,1693227442560,1692255178329,1692255178333,1693227442569,9,4,5
8710,1693227442569,1692255178338,1692255178343,1693227442580,11,5,6
8711,1693227442580,1692255178348,1692255178352,1693227442588,8,4,4
8712,1693227442588,1692255178356,1692255178360,1693227442596,8,4,4
8713,1693227442596,1692255178364,1692255178368,1693227442604,8,4,4
8714,1693227442604,1692255178372,1692255178376,1693227442612,8,4,4
8715,1693227442612,1692255178380,1692255178383,1693227442619,7,3,4
8716,1693227442619,1692255178387,1692255178390,1693227442627,8,3,5
8717,1693227442627,1692255178395,1692255178398,1693227442635,8,3,5
8718,1693227442635,1692255178403,1692255178407,1693227442643,8,4,4
8719,1693227442643,1692255178411,1692255178414,1693227442650,7,3,4
8720,1693227442650,1692255178418,1692255178421,1693227442657,7,3,4
8721,1693227442657,1692255178425,1692255178428,1693227442665,8,3,5
8722,1693227442665,1692255178433,1692255178436,1693227442672,7,3,4
8723,1693227442673,1692255178440,1692255178444,1693227442680,7,4,3
8724,1693227442680,1692255178448,1692255178452,1693227442688,8,4,4
8725,1693227442688,1692255178457,1692255178460,1693227442697,9,3,6
8726,1693227442697,1692255178465,1692255178469,1693227442705,8,4,4
8727,1693227442705,1692255178472,1692255178475,1693227442711,6,3,3
8728,1693227442711,1692255178480,1692255178483,1693227442719,8,3,5
8729,1693227442719,1692255178488,1692255178491,1693227442727,8,3,5
8730,1693227442727,1692255178495,1692255178498,1693227442735,8,3,5
8731,1693227442735,1692255178503,1692255178506,1693227442743,8,3,5
8732,1693227442743,1692255178511,1692255178515,1693227442751,8,4,4
8733,1693227442751,1692255178519,1692255178522,1693227442758,7,3,4
8734,1693227442758,1692255178526,1692255178531,1693227442767,9,5,4
8735,1693227442767,1692255178535,1692255178538,1693227442775,8,3,5
8736,1693227442775,1692255178542,1692255178545,1693227442782,7,3,4
8737,1693227442782,1692255178550,1692255178553,1693227442789,7,3,4
8738,1693227442789,1692255178559,1692255178566,1693227442802,13,7,6
8739,1693227442802,1692255178572,1692255178575,1693227442811,9,3,6
8740,1693227442811,1692255178578,1692255178584,1693227442820,9,6,3
8741,1693227442820,1692255178589,1692255178591,1693227442827,7,2,5
8742,1693227442827,1692255178596,1692255178599,1693227442836,9,3,6
8743,1693227442836,1692255178604,1692255178607,1693227442843,7,3,4
8744,1693227442843,1692255178611,1692255178614,1693227442850,7,3,4
8745,1693227442850,1692255178618,1692255178621,1693227442857,7,3,4
8746,1693227442857,1692255178625,1692255178629,1693227442865,8,4,4
8747,1693227442865,1692255178633,1692255178636,1693227442872,7,3,4
8748,1693227442872,1692255178639,1692255178643,1693227442879,7,4,3
8749,1693227442879,1692255178647,1692255178650,1693227442887,8,3,5
8750,1693227442887,1692255178655,1692255178658,1693227442896,9,3,6
8751,1693227442896,1692255178663,1692255178667,1693227442903,7,4,3
8752,1693227442903,1692255178671,1692255178674,1693227442910,7,3,4
8753,1693227442910,1692255178683,1692255178686,1693227442922,12,3,9
8754,1693227442922,1692255178690,1692255178694,1693227442930,8,4,4
8755,1693227442930,1692255178698,1692255178702,1693227442938,8,4,4
8756,1693227442938,1692255178712,1692255178714,1693227442951,13,2,11
8757,1693227442951,1692255178719,1692255178722,1693227442958,7,3,4
8758,1693227442958,1692255178727,1692255178731,1693227442967,9,4,5
8759,1693227442967,1692255178736,1692255178739,1693227442975,8,3,5
8760,1693227442975,1692255178742,1692255178746,1693227442982,7,4,3
8761,1693227442982,1692255178751,1692255178754,1693227442990,8,3,5
8762,1693227442990,1692255178758,1692255178765,1693227443001,11,7,4
8763,1693227443001,1692255178773,1692255178777,1693227443013,12,4,8
8764,1693227443013,1692255178781,1692255178785,1693227443022,9,4,5
8765,1693227443022,1692255178789,1692255178792,1693227443029,7,3,4
8766,1693227443029,1692255178797,1692255178800,1693227443037,8,3,5
8767,1693227443037,1692255178805,1692255178808,1693227443044,7,3,4
8768,1693227443044,1692255178812,1692255178815,1693227443051,7,3,4
8769,1693227443051,1692255178820,1692255178824,1693227443060,9,4,5
8770,1693227443060,1692255178828,1692255178832,1693227443068,8,4,4
8771,1693227443068,1692255178836,1692255178839,1693227443076,8,3,5
8772,1693227443076,1692255178844,1692255178847,1693227443084,8,3,5
8773,1693227443084,1692255178852,1692255178855,1693227443092,8,3,5
8774,1693227443092,1692255178860,1692255178864,1693227443101,9,4,5
8775,1693227443101,1692255178870,1692255178874,1693227443110,9,4,5
8776,1693227443110,1692255178880,1692255178884,1693227443120,10,4,6
8777,1693227443120,1692255178889,1692255178892,1693227443128,8,3,5
8778,1693227443128,1692255178896,1692255178900,1693227443137,9,4,5
8779,1693227443137,1692255178905,1692255178908,1693227443144,7,3,4
8780,1693227443144,1692255178912,1692255178915,1693227443151,7,3,4
8781,1693227443151,1692255178919,1692255178923,1693227443159,8,4,4
8782,1693227443159,1692255178927,1692255178930,1693227443166,7,3,4
8783,1693227443166,1692255178935,1692255178938,1693227443175,9,3,6
8784,1693227443175,1692255178943,1692255178946,1693227443182,7,3,4
8785,1693227443182,1692255178951,1692255178954,1693227443190,8,3,5
8786,1693227443190,1692255178958,1692255178961,1693227443197,7,3,4
8787,1693227443197,1692255178965,1692255178968,1693227443204,7,3,4
8788,1693227443204,1692255178973,1692255178976,1693227443212,8,3,5
8789,1693227443212,1692255178981,1692255178984,1693227443220,8,3,5
8790,1693227443220,1692255178988,1692255178992,1693227443228,8,4,4
8791,1693227443228,1692255178997,1692255179000,1693227443236,8,3,5
8792,1693227443236,1692255179005,1692255179008,1693227443244,8,3,5
8793,1693227443244,1692255179013,1692255179016,1693227443253,9,3,6
8794,1693227443253,1692255179021,1692255179024,1693227443261,8,3,5
8795,1693227443261,1692255179029,1692255179032,1693227443269,8,3,5
8796,1693227443269,1692255179036,1692255179039,1693227443275,6,3,3
8797,1693227443275,1692255179043,1692255179046,1693227443283,8,3,5
8798,1693227443283,1692255179051,1692255179054,1693227443290,7,3,4
8799,1693227443291,1692255179059,1692255179062,1693227443298,7,3,4
8800,1693227443298,1692255179067,1692255179069,1693227443305,7,2,5
8801,1693227443305,1692255179073,1692255179076,1693227443312,7,3,4
8802,1693227443312,1692255179080,1692255179083,1693227443319,7,3,4
8803,1693227443319,1692255179087,1692255179091,1693227443327,8,4,4
8804,1693227443327,1692255179096,1692255179100,1693227443336,9,4,5
8805,1693227443336,1692255179104,1692255179107,1693227443343,7,3,4
8806,1693227443343,1692255179111,1692255179114,1693227443350,7,3,4
8807,1693227443350,1692255179118,1692255179121,1693227443357,7,3,4
8808,1693227443357,1692255179125,1692255179129,1693227443365,8,4,4
8809,1693227443365,1692255179134,1692255179137,1693227443373,8,3,5
8810,1693227443373,1692255179141,1692255179144,1693227443380,7,3,4
8811,1693227443380,1692255179150,1692255179153,1693227443389,9,3,6
8812,1693227443389,1692255179157,1692255179160,1693227443396,7,3,4
8813,1693227443396,1692255179165,1692255179169,1693227443405,9,4,5
8814,1693227443405,1692255179174,1692255179179,1693227443415,10,5,5
8815,1693227443415,1692255179183,1692255179187,1693227443423,8,4,4
8816,1693227443423,1692255179191,1692255179194,1693227443430,7,3,4
8817,1693227443430,1692255179199,1692255179202,1693227443438,8,3,5
8818,1693227443438,1692255179206,1692255179209,1693227443446,8,3,5
8819,1693227443446,1692255179214,1692255179217,1693227443453,7,3,4
8820,1693227443453,1692255179222,1692255179225,1693227443461,8,3,5
8821,1693227443461,1692255179230,1692255179233,1693227443469,8,3,5
8822,1693227443469,1692255179236,1692255179240,1693227443476,7,4,3
8823,1693227443476,1692255179244,1692255179248,1693227443484,8,4,4
8824,1693227443484,1692255179252,1692255179255,1693227443492,8,3,5
8825,1693227443492,1692255179261,1692255179264,1693227443501,9,3,6
8826,1693227443501,1692255179269,1692255179272,1693227443510,9,3,6
8827,1693227443510,1692255179278,1692255179282,1693227443518,8,4,4
8828,1693227443518,1692255179287,1692255179290,1693227443526,8,3,5
8829,1693227443526,1692255179294,1692255179297,1693227443534,8,3,5
8830,1693227443534,1692255179302,1692255179305,1693227443541,7,3,4
8831,1693227443541,1692255179310,1692255179313,1693227443550,9,3,6
8832,1693227443550,1692255179318,1692255179321,1693227443557,7,3,4
8833,1693227443557,1692255179325,1692255179328,1693227443564,7,3,4
8834,1693227443565,1692255179333,1692255179336,1693227443572,7,3,4
8835,1693227443572,1692255179341,1692255179345,1693227443581,9,4,5
8836,1693227443581,1692255179349,1692255179353,1693227443589,8,4,4
8837,1693227443589,1692255179358,1692255179361,1693227443598,9,3,6
8838,1693227443598,1692255179366,1692255179369,1693227443605,7,3,4
8839,1693227443605,1692255179373,1692255179376,1693227443613,8,3,5
8840,1693227443613,1692255179382,1692255179385,1693227443621,8,3,5
8841,1693227443621,1692255179390,1692255179394,1693227443630,9,4,5
8842,1693227443630,1692255179399,1692255179402,1693227443639,9,3,6
8843,1693227443639,1692255179407,1692255179411,1693227443647,8,4,4
8844,1693227443647,1692255179416,1692255179419,1693227443655,8,3,5
8845,1693227443655,1692255179423,1692255179427,1693227443664,9,4,5
8846,1693227443664,1692255179432,1692255179435,1693227443671,7,3,4
8847,1693227443671,1692255179440,1692255179442,1693227443679,8,2,6
8848,1693227443679,1692255179447,1692255179450,1693227443686,7,3,4
8849,1693227443686,1692255179455,1692255179458,1693227443694,8,3,5
8850,1693227443694,1692255179462,1692255179467,1693227443703,9,5,4
8851,1693227443703,1692255179471,1692255179474,1693227443710,7,3,4
8852,1693227443710,1692255179481,1692255179484,1693227443720,10,3,7
8853,1693227443720,1692255179489,1692255179493,1693227443729,9,4,5
8854,1693227443729,1692255179497,1692255179500,1693227443736,7,3,4
8855,1693227443736,1692255179505,1692255179509,1693227443745,9,4,5
8856,1693227443745,1692255179513,1692255179516,1693227443752,7,3,4
8857,1693227443752,1692255179520,1692255179523,1693227443759,7,3,4
8858,1693227443759,1692255179527,1692255179531,1693227443767,8,4,4
8859,1693227443767,1692255179535,1692255179539,1693227443775,8,4,4
8860,1693227443775,1692255179542,1692255179545,1693227443781,6,3,3
8861,1693227443781,1692255179550,1692255179554,1693227443790,9,4,5
8862,1693227443790,1692255179559,1692255179562,1693227443798,8,3,5
8863,1693227443798,1692255179565,1692255179569,1693227443805,7,4,3
8864,1693227443805,1692255179573,1692255179576,1693227443812,7,3,4
8865,1693227443812,1692255179580,1692255179582,1693227443818,6,2,4
8866,1693227443818,1692255179586,1692255179589,1693227443825,7,3,4
8867,1693227443825,1692255179592,1692255179596,1693227443832,7,4,3
8868,1693227443832,1692255179599,1692255179603,1693227443839,7,4,3
8869,1693227443839,1692255179607,1692255179609,1693227443845,6,2,4
8870,1693227443845,1692255179613,1692255179616,1693227443852,7,3,4
8871,1693227443852,1692255179620,1692255179623,1693227443859,7,3,4
8872,1693227443859,1692255179628,1692255179631,1693227443867,8,3,5
8873,1693227443867,1692255179635,1692255179638,1693227443874,7,3,4
8874,1693227443874,1692255179642,1692255179646,1693227443882,8,4,4
8875,1693227443882,1692255179650,1692255179653,1693227443889,7,3,4
8876,1693227443889,1692255179657,1692255179661,1693227443896,7,4,3
8877,1693227443896,1692255179664,1692255179667,1693227443903,7,3,4
8878,1693227443903,1692255179671,1692255179674,1693227443910,7,3,4
8879,1693227443910,1692255179677,1692255179680,1693227443916,6,3,3
8880,1693227443916,1692255179686,1692255179689,1693227443925,9,3,6
8881,1693227443925,1692255179693,1692255179696,1693227443933,8,3,5
8882,1693227443933,1692255179701,1692255179705,1693227443941,8,4,4
8883,1693227443941,1692255179711,1692255179714,1693227443950,9,3,6
8884,1693227443950,1692255179719,1692255179723,1693227443959,9,4,5
8885,1693227443959,1692255179727,1692255179730,1693227443966,7,3,4
8886,1693227443966,1692255179734,1692255179737,1693227443974,8,3,5
8887,1693227443974,1692255179741,1692255179746,1693227443982,8,5,3
8888,1693227443982,1692255179750,1692255179753,1693227443989,7,3,4
8889,1693227443989,1692255179758,1692255179762,1693227443998,9,4,5
8890,1693227443998,1692255179766,1692255179770,1693227444006,8,4,4
8891,1693227444006,1692255179774,1692255179777,1693227444013,7,3,4
8892,1693227444014,1692255179782,1692255179785,1693227444022,8,3,5
8893,1693227444022,1692255179790,1692255179794,1693227444031,9,4,5
8894,1693227444031,1692255179799,1692255179803,1693227444039,8,4,4
8895,1693227444039,1692255179808,1692255179811,1693227444047,8,3,5
8896,1693227444047,1692255179816,1692255179819,1693227444055,8,3,5
8897,1693227444055,1692255179823,1692255179826,1693227444062,7,3,4
8898,1693227444062,1692255179831,1692255179835,1693227444071,9,4,5
8899,1693227444071,1692255179839,1692255179842,1693227444078,7,3,4
8900,1693227444078,1692255179846,1692255179849,1693227444085,7,3,4
8901,1693227444085,1692255179852,1692255179855,1693227444091,6,3,3
8902,1693227444091,1692255179859,1692255179862,1693227444098,7,3,4
8903,1693227444098,1692255179866,1692255179869,1693227444105,7,3,4
8904,1693227444105,1692255179874,1692255179877,1693227444113,8,3,5
8905,1693227444113,1692255179882,1692255179885,1693227444121,8,3,5
8906,1693227444121,1692255179913,1692255179917,1693227444153,32,4,28
8907,1693227444153,1692255179922,1692255179925,1693227444161,8,3,5
8908,1693227444161,1692255179929,1692255179933,1693227444169,8,4,4
8909,1693227444169,1692255179937,1692255179940,1693227444176,7,3,4
8910,1693227444176,1692255179945,1692255179947,1693227444184,8,2,6
8911,1693227444184,1692255179952,1692255179955,1693227444191,7,3,4
8912,1693227444191,1692255179960,1692255179963,1693227444199,8,3,5
8913,1693227444199,1692255179968,1692255179972,1693227444208,9,4,5
8914,1693227444208,1692255179975,1692255179978,1693227444215,7,3,4
8915,1693227444215,1692255179984,1692255179987,1693227444223,8,3,5
8916,1693227444223,1692255179993,1692255179997,1693227444233,10,4,6
8917,1693227444233,1692255180002,1692255180006,1693227444242,9,4,5
8918,1693227444243,1692255180011,1692255180014,1693227444251,8,3,5
8919,1693227444251,1692255180019,1692255180021,1693227444257,6,2,4
8920,1693227444257,1692255180025,1692255180028,1693227444268,11,3,8
8921,1693227444268,1692255180036,1692255180040,1693227444277,9,4,5
8922,1693227444277,1692255180047,1692255180050,1693227444286,9,3,6
8923,1693227444286,1692255180053,1692255180056,1693227444293,7,3,4
8924,1693227444293,1692255180061,1692255180066,1693227444302,9,5,4
8925,1693227444302,1692255180072,1692255180075,1693227444312,10,3,7
8926,1693227444312,1692255180081,1692255180084,1693227444320,8,3,5
8927,1693227444320,1692255180089,1692255180093,1693227444329,9,4,5
8928,1693227444329,1692255180097,1692255180100,1693227444337,8,3,5
8929,1693227444337,1692255180108,1692255180112,1693227444348,11,4,7
8930,1693227444348,1692255180116,1692255180118,1693227444355,7,2,5
8931,1693227444355,1692255180123,1692255180126,1693227444362,7,3,4
8932,1693227444362,1692255180131,1692255180134,1693227444369,7,3,4
8933,1693227444370,1692255180137,1692255180140,1693227444376,6,3,3
8934,1693227444376,1692255180145,1692255180147,1693227444384,8,2,6
8935,1693227444384,1692255180151,1692255180155,1693227444391,7,4,3
8936,1693227444391,1692255180162,1692255180165,1693227444401,10,3,7
8937,1693227444401,1692255180172,1692255180175,1693227444412,11,3,8
8938,1693227444412,1692255180180,1692255180183,1693227444419,7,3,4
8939,1693227444419,1692255180188,1692255180191,1693227444427,8,3,5
8940,1693227444427,1692255180198,1692255180201,1693227444438,11,3,8
8941,1693227444438,1692255180206,1692255180210,1693227444446,8,4,4
8942,1693227444446,1692255180214,1692255180218,1693227444455,9,4,5
8943,1693227444455,1692255180224,1692255180227,1693227444463,8,3,5
8944,1693227444463,1692255180231,1692255180234,1693227444471,8,3,5
8945,1693227444471,1692255180239,1692255180242,1693227444478,7,3,4
8946,1693227444478,1692255180246,1692255180249,1693227444485,7,3,4
8947,1693227444485,1692255180252,1692255180256,1693227444492,7,4,3
8948,1693227444492,1692255180260,1692255180264,1693227444500,8,4,4
8949,1693227444500,1692255180269,1692255180274,1693227444510,10,5,5
8950,1693227444510,1692255180278,1692255180281,1693227444517,7,3,4
8951,1693227444517,1692255180285,1692255180289,1693227444525,8,4,4
8952,1693227444525,1692255180294,1692255180297,1693227444534,9,3,6
8953,1693227444534,1692255180302,1692255180305,1693227444541,7,3,4
8954,1693227444541,1692255180309,1692255180312,1693227444549,8,3,5
8955,1693227444549,1692255180317,1692255180320,1693227444556,7,3,4
8956,1693227444556,1692255180324,1692255180328,1693227444564,8,4,4
8957,1693227444564,1692255180332,1692255180336,1693227444572,8,4,4
8958,1693227444572,1692255180340,1692255180343,1693227444579,7,3,4
8959,1693227444579,1692255180347,1692255180350,1693227444586,7,3,4
8960,1693227444586,1692255180354,1692255180357,1693227444593,7,3,4
8961,1693227444593,1692255180361,1692255180366,1693227444602,9,5,4
8962,1693227444602,1692255180370,1692255180373,1693227444609,7,3,4
8963,1693227444609,1692255180378,1692255180381,1693227444618,9,3,6
8964,1693227444618,1692255180387,1692255180390,1693227444627,9,3,6
8965,1693227444627,1692255180394,1692255180398,1693227444634,7,4,3
8966,1693227444634,1692255180403,1692255180406,1693227444642,8,3,5
8967,1693227444642,1692255180411,1692255180414,1693227444677,35,3,32
8968,1693227444677,1692255180466,1692255180469,1693227444705,28,3,25
8969,1693227444705,1692255180478,1692255180482,1693227444718,13,4,9
8970,1693227444718,1692255180486,1692255180490,1693227444726,8,4,4
8971,1693227444726,1692255180494,1692255180497,1693227444733,7,3,4
8972,1693227444733,1692255180501,1692255180505,1693227444741,8,4,4
8973,1693227444741,1692255180509,1692255180512,1693227444748,7,3,4
8974,1693227444748,1692255180516,1692255180519,1693227444755,7,3,4
8975,1693227444755,1692255180523,1692255180529,1693227444765,10,6,4
8976,1693227444765,1692255180533,1692255180536,1693227444772,7,3,4
8977,1693227444772,1692255180545,1692255180549,1693227444785,13,4,9
8978,1693227444785,1692255180553,1692255180556,1693227444792,7,3,4
8979,1693227444792,1692255180566,1692255180569,1693227444805,13,3,10
8980,1693227444805,1692255180573,1692255180576,1693227444812,7,3,4
8981,1693227444812,1692255180580,1692255180584,1693227444820,8,4,4
8982,1693227444820,1692255180588,1692255180591,1693227444827,7,3,4
8983,1693227444827,1692255180596,1692255180599,1693227444836,9,3,6
8984,1693227444836,1692255180618,1692255180621,1693227444857,21,3,18
8985,1693227444857,1692255180625,1692255180628,1693227444893,36,3,33
8986,1693227444893,1692255180674,1692255180679,1693227444915,22,5,17
8987,1693227444916,1692255180684,1692255180688,1693227444924,8,4,4
8988,1693227444924,1692255180693,1692255180696,1693227444932,8,3,5
8989,1693227444932,1692255180700,1692255180703,1693227444939,7,3,4
8990,1693227444939,1692255180710,1692255180713,1693227444949,10,3,7
8991,1693227444949,1692255180717,1692255180721,1693227444957,8,4,4
8992,1693227444957,1692255180725,1692255180728,1693227444964,7,3,4
8993,1693227444964,1692255180732,1692255180735,1693227444971,7,3,4
8994,1693227444971,1692255180739,1692255180742,1693227444978,7,3,4
8995,1693227444978,1692255180747,1692255180750,1693227444986,8,3,5
8996,1693227444986,1692255180755,1692255180758,1693227444994,8,3,5
8997,1693227444994,1692255180763,1692255180768,1693227445004,10,5,5
8998,1693227445004,1692255180773,1692255180776,1693227445013,9,3,6
8999,1693227445013,1692255180782,1692255180785,1693227445021,8,3,5
9000,1693227445021,1692255180789,1692255180792,1693227445029,8,3,5
9001,1693227445029,1692255180797,1692255180800,1693227445036,7,3,4
9002,1693227445036,1692255180805,1692255180808,1693227445046,10,3,7
9003,1693227445046,1692255180814,1692255180817,1693227445054,8,3,5
9004,1693227445054,1692255180822,1692255180825,1693227445061,7,3,4
9005,1693227445061,1692255180829,1692255180833,1693227445069,8,4,4
9006,1693227445069,1692255180838,1692255180841,1693227445077,8,3,5
9007,1693227445077,1692255180846,1692255180849,1693227445085,8,3,5
9008,1693227445085,1692255180854,1692255180857,1693227445094,9,3,6
9009,1693227445094,1692255180862,1692255180865,1693227445101,7,3,4
9010,1693227445101,1692255180869,1692255180872,1693227445108,7,3,4
9011,1693227445108,1692255180876,1692255180881,1693227445117,9,5,4
9012,1693227445117,1692255180893,1692255180897,1693227445133,16,4,12
9013,1693227445133,1692255180901,1692255180905,1693227445141,8,4,4
9014,1693227445141,1692255180909,1692255180912,1693227445150,9,3,6
9015,1693227445150,1692255180918,1692255180921,1693227445157,7,3,4
9016,1693227445158,1692255180926,1692255180929,1693227445165,7,3,4
9017,1693227445165,1692255180933,1692255180937,1693227445173,8,4,4
9018,1693227445174,1692255180942,1692255180945,1693227445181,7,3,4
9019,1693227445181,1692255180949,1692255180952,1693227445188,7,3,4
9020,1693227445188,1692255180956,1692255180959,1693227445195,7,3,4
9021,1693227445195,1692255180963,1692255180966,1693227445202,7,3,4
9022,1693227445202,1692255180970,1692255180974,1693227445210,8,4,4
9023,1693227445210,1692255180978,1692255180982,1693227445218,8,4,4
9024,1693227445218,1692255180986,1692255180989,1693227445225,7,3,4
9025,1693227445225,1692255180993,1692255180997,1693227445233,8,4,4
9026,1693227445233,1692255181001,1692255181005,1693227445242,9,4,5
9027,1693227445242,1692255181010,1692255181013,1693227445251,9,3,6
9028,1693227445251,1692255181019,1692255181023,1693227445259,8,4,4
9029,1693227445259,1692255181027,1692255181031,1693227445267,8,4,4
9030,1693227445267,1692255181040,1692255181044,1693227445280,13,4,9
9031,1693227445280,1692255181048,1692255181052,1693227445288,8,4,4
9032,1693227445288,1692255181057,1692255181060,1693227445296,8,3,5
9033,1693227445296,1692255181065,1692255181069,1693227445305,9,4,5
9034,1693227445305,1692255181073,1692255181078,1693227445315,10,5,5
9035,1693227445315,1692255181083,1692255181086,1693227445322,7,3,4
9036,1693227445322,1692255181091,1692255181094,1693227445331,9,3,6
9037,1693227445331,1692255181099,1692255181103,1693227445339,8,4,4
9038,1693227445339,1692255181107,1692255181110,1693227445346,7,3,4
9039,1693227445346,1692255181114,1692255181117,1693227445353,7,3,4
9040,1693227445353,1692255181122,1692255181124,1693227445360,7,2,5
9041,1693227445360,1692255181128,1692255181131,1693227445367,7,3,4
9042,1693227445368,1692255181136,1692255181138,1693227445374,6,2,4
9043,1693227445375,1692255181143,1692255181146,1693227445382,7,3,4
9044,1693227445382,1692255181150,1692255181154,1693227445390,8,4,4
9045,1693227445391,1692255181159,1692255181164,1693227445400,9,5,4
9046,1693227445400,1692255181168,1692255181171,1693227445408,8,3,5
9047,1693227445408,1692255181176,1692255181180,1693227445416,8,4,4
9048,1693227445416,1692255181184,1692255181188,1693227445424,8,4,4
9049,1693227445424,1692255181192,1692255181196,1693227445432,8,4,4
9050,1693227445432,1692255181200,1692255181204,1693227445440,8,4,4
9051,1693227445440,1692255181208,1692255181211,1693227445447,7,3,4
9052,1693227445447,1692255181215,1692255181220,1693227445456,9,5,4
9053,1693227445456,1692255181224,1692255181227,1693227445463,7,3,4
9054,1693227445463,1692255181231,1692255181234,1693227445470,7,3,4
9055,1693227445470,1692255181239,1692255181242,1693227445479,9,3,6
9056,1693227445479,1692255181247,1692255181251,1693227445487,8,4,4
9057,1693227445487,1692255181255,1692255181258,1693227445495,8,3,5
9058,1693227445495,1692255181263,1692255181266,1693227445502,7,3,4
9059,1693227445502,1692255181270,1692255181273,1693227445509,7,3,4
9060,1693227445509,1692255181278,1692255181281,1693227445517,8,3,5
9061,1693227445517,1692255181285,1692255181288,1693227445524,7,3,4
9062,1693227445524,1692255181292,1692255181295,1693227445531,7,3,4
9063,1693227445531,1692255181300,1692255181303,1693227445540,9,3,6
9064,1693227445540,1692255181308,1692255181311,1693227445547,7,3,4
9065,1693227445547,1692255181315,1692255181318,1693227445555,8,3,5
9066,1693227445555,1692255181324,1692255181327,1693227445564,9,3,6
9067,1693227445564,1692255181332,1692255181335,1693227445571,7,3,4
9068,1693227445571,1692255181340,1692255181344,1693227445580,9,4,5
9069,1693227445580,1692255181350,1692255181354,1693227445589,9,4,5
9070,1693227445590,1692255181357,1692255181362,1693227445598,8,5,3
9071,1693227445598,1692255181367,1692255181370,1693227445606,8,3,5
9072,1693227445606,1692255181374,1692255181378,1693227445614,8,4,4
9073,1693227445614,1692255181383,1692255181386,1693227445622,8,3,5
9074,1693227445622,1692255181391,1692255181394,1693227445630,8,3,5
9075,1693227445630,1692255181398,1692255181400,1693227445637,7,2,5
9076,1693227445637,1692255181406,1692255181409,1693227445646,9,3,6
9077,1693227445646,1692255181414,1692255181417,1693227445653,7,3,4
9078,1693227445653,1692255181422,1692255181425,1693227445661,8,3,5
9079,1693227445661,1692255181430,1692255181432,1693227445668,7,2,5
9080,1693227445668,1692255181436,1692255181440,1693227445676,8,4,4
9081,1693227445676,1692255181444,1692255181447,1693227445684,8,3,5
9082,1693227445684,1692255181452,1692255181455,1693227445691,7,3,4
9083,1693227445691,1692255181460,1692255181463,1693227445699,8,3,5
9084,1693227445699,1692255181468,1692255181471,1693227445707,8,3,5
9085,1693227445707,1692255181475,1692255181478,1693227445714,7,3,4
9086,1693227445714,1692255181483,1692255181487,1693227445723,9,4,5
9087,1693227445723,1692255181491,1692255181495,1693227445731,8,4,4
9088,1693227445731,1692255181499,1692255181503,1693227445739,8,4,4
9089,1693227445739,1692255181508,1692255181511,1693227445747,8,3,5
9090,1693227445747,1692255181516,1692255181519,1693227445755,8,3,5
9091,1693227445755,1692255181523,1692255181526,1693227445763,8,3,5
9092,1693227445763,1692255181532,1692255181536,1693227445772,9,4,5
9093,1693227445772,1692255181541,1692255181544,1693227445781,9,3,6
9094,1693227445781,1692255181549,1692255181552,1693227445788,7,3,4
9095,1693227445788,1692255181556,1692255181559,1693227445796,8,3,5
9096,1693227445796,1692255181564,1692255181568,1693227445804,8,4,4
9097,1693227445804,1692255181573,1692255181576,1693227445813,9,3,6
9098,1693227445813,1692255181581,1692255181584,1693227445820,7,3,4
9099,1693227445820,1692255181589,1692255181592,1693227445829,9,3,6
9100,1693227445829,1692255181597,1692255181600,1693227445836,7,3,4
9101,1693227445836,1692255181605,1692255181608,1693227445844,8,3,5
9102,1693227445844,1692255181613,1692255181616,1693227445852,8,3,5
9103,1693227445853,1692255181621,1692255181624,1693227445860,7,3,4
9104,1693227445860,1692255181631,1692255181635,1693227445871,11,4,7
9105,1693227445871,1692255181640,1692255181643,1693227445879,8,3,5
9106,1693227445879,1692255181647,1692255181654,1693227445890,11,7,4
9107,1693227445890,1692255181658,1692255181661,1693227445898,8,3,5
9108,1693227445898,1692255181666,1692255181668,1693227445905,7,2,5
9109,1693227445905,1692255181673,1692255181676,1693227445912,7,3,4
9110,1693227445912,1692255181680,1692255181683,1693227445919,7,3,4
9111,1693227445919,1692255181688,1692255181691,1693227445927,8,3,5
9112,1693227445927,1692255181696,1692255181698,1693227445935,8,2,6
9113,1693227445935,1692255181703,1692255181707,1693227445943,8,4,4
9114,1693227445943,1692255181711,1692255181714,1693227445950,7,3,4
9115,1693227445951,1692255181719,1692255181722,1693227445958,7,3,4
9116,1693227445958,1692255181726,1692255181730,1693227445968,10,4,6
9117,1693227445968,1692255181736,1692255181739,1693227445975,7,3,4
9118,1693227445975,1692255181743,1692255181747,1693227445983,8,4,4
9119,1693227445983,1692255181751,1692255181753,1693227445990,7,2,5
9120,1693227445990,1692255181759,1692255181762,1693227445998,8,3,5
9121,1693227445998,1692255181766,1692255181770,1693227446006,8,4,4
9122,1693227446006,1692255181774,1692255181777,1693227446013,7,3,4
9123,1693227446013,1692255181782,1692255181785,1693227446021,8,3,5
9124,1693227446021,1692255181789,1692255181792,1693227446028,7,3,4
9125,1693227446028,1692255181797,1692255181800,1693227446036,8,3,5
9126,1693227446036,1692255181804,1692255181808,1693227446044,8,4,4
9127,1693227446044,1692255181812,1692255181816,1693227446052,8,4,4
9128,1693227446052,1692255181820,1692255181825,1693227446061,9,5,4
9129,1693227446061,1692255181829,1692255181832,1693227446070,9,3,6
9130,1693227446070,1692255181838,1692255181842,1693227446077,7,4,3
9131,1693227446077,1692255181846,1692255181849,1693227446086,9,3,6
9132,1693227446086,1692255181854,1692255181856,1693227446092,6,2,4
9133,1693227446092,1692255181860,1692255181863,1693227446099,7,3,4
9134,1693227446099,1692255181868,1692255181871,1693227446107,8,3,5
9135,1693227446107,1692255181875,1692255181879,1693227446115,8,4,4
9136,1693227446115,1692255181883,1692255181886,1693227446122,7,3,4
9137,1693227446122,1692255181890,1692255181893,1693227446129,7,3,4
9138,1693227446130,1692255181898,1692255181901,1693227446137,7,3,4
9139,1693227446137,1692255181906,1692255181908,1693227446145,8,2,6
9140,1693227446145,1692255181914,1692255181917,1693227446154,9,3,6
9141,1693227446154,1692255181922,1692255181926,1693227446162,8,4,4
9142,1693227446162,1692255181930,1692255181934,1693227446173,11,4,7
9143,1693227446173,1692255181942,1692255181945,1693227446182,9,3,6
9144,1693227446182,1692255181950,1692255181953,1693227446189,7,3,4
9145,1693227446189,1692255181959,1692255181961,1693227446198,9,2,7
9146,1693227446198,1692255181966,1692255181969,1693227446205,7,3,4
9147,1693227446205,1692255181973,1692255181977,1693227446213,8,4,4
9148,1693227446213,1692255181981,1692255181985,1693227446221,8,4,4
9149,1693227446221,1692255181989,1692255181992,1693227446229,8,3,5
9150,1693227446229,1692255181997,1692255182000,1693227446236,7,3,4
9151,1693227446236,1692255182005,1692255182008,1693227446244,8,3,5
9152,1693227446244,1692255182012,1692255182015,1693227446251,7,3,4
9153,1693227446251,1692255182019,1692255182022,1693227446258,7,3,4
9154,1693227446258,1692255182026,1692255182029,1693227446265,7,3,4
9155,1693227446265,1692255182034,1692255182038,1693227446280,15,4,11
9156,1693227446280,1692255182048,1692255182052,1693227446288,8,4,4
9157,1693227446288,1692255182056,1692255182060,1693227446296,8,4,4
9158,1693227446296,1692255182064,1692255182067,1693227446303,7,3,4
9159,1693227446303,1692255182072,1692255182075,1693227446311,8,3,5
9160,1693227446311,1692255182079,1692255182083,1693227446319,8,4,4
9161,1693227446319,1692255182087,1692255182091,1693227446327,8,4,4
9162,1693227446327,1692255182096,1692255182100,1693227446336,9,4,5
9163,1693227446336,1692255182104,1692255182107,1693227446344,8,3,5
9164,1693227446344,1692255182112,1692255182115,1693227446351,7,3,4
9165,1693227446351,1692255182119,1692255182122,1693227446358,7,3,4
9166,1693227446358,1692255182126,1692255182129,1693227446365,7,3,4
9167,1693227446365,1692255182133,1692255182137,1693227446373,8,4,4
9168,1693227446373,1692255182143,1692255182147,1693227446383,10,4,6
9169,1693227446383,1692255182151,1692255182154,1693227446390,7,3,4
9170,1693227446390,1692255182159,1692255182162,1693227446398,8,3,5
9171,1693227446398,1692255182167,1692255182171,1693227446407,9,4,5
9172,1693227446407,1692255182175,1692255182178,1693227446414,7,3,4
9173,1693227446414,1692255182183,1692255182185,1693227446422,8,2,6
9174,1693227446422,1692255182189,1692255182193,1693227446429,7,4,3
9175,1693227446429,1692255182198,1692255182201,1693227446439,10,3,7
9176,1693227446439,1692255182207,1692255182210,1693227446446,7,3,4
9177,1693227446446,1692255182214,1692255182217,1693227446453,7,3,4
9178,1693227446453,1692255182222,1692255182227,1693227446463,10,5,5
9179,1693227446463,1692255182231,1692255182234,1693227446471,8,3,5
9180,1693227446471,1692255182239,1692255182241,1693227446480,9,2,7
9181,1693227446480,1692255182248,1692255182251,1693227446487,7,3,4
9182,1693227446487,1692255182256,1692255182259,1693227446495,8,3,5
9183,1693227446495,1692255182270,1692255182273,1693227446509,14,3,11
9184,1693227446509,1692255182277,1692255182280,1693227446517,8,3,5
9185,1693227446517,1692255182285,1692255182288,1693227446525,8,3,5
9186,1693227446525,1692255182293,1692255182296,1693227446532,7,3,4
9187,1693227446532,1692255182301,1692255182304,1693227446540,8,3,5
9188,1693227446540,1692255182308,1692255182312,1693227446548,8,4,4
9189,1693227446548,1692255182317,1692255182321,1693227446557,9,4,5
9190,1693227446557,1692255182325,1692255182328,1693227446564,7,3,4
9191,1693227446564,1692255182333,1692255182336,1693227446572,8,3,5
9192,1693227446572,1692255182341,1692255182345,1693227446582,10,4,6
9193,1693227446582,1692255182350,1692255182354,1693227446590,8,4,4
9194,1693227446590,1692255182358,1692255182362,1693227446598,8,4,4
9195,1693227446598,1692255182367,1692255182370,1693227446607,9,3,6
9196,1693227446607,1692255182376,1692255182379,1693227446615,8,3,5
9197,1693227446615,1692255182383,1692255182386,1693227446622,7,3,4
9198,1693227446622,1692255182389,1692255182393,1693227446629,7,4,3
9199,1693227446629,1692255182397,1692255182400,1693227446637,8,3,5
9200,1693227446637,1692255182405,1692255182408,1693227446644,7,3,4
9201,1693227446644,1692255182413,1692255182416,1693227446652,8,3,5
9202,1693227446652,1692255182420,1692255182423,1693227446659,7,3,4
9203,1693227446659,1692255182427,1692255182430,1693227446666,7,3,4
9204,1693227446666,1692255182435,1692255182437,1693227446674,8,2,6
9205,1693227446674,1692255182442,1692255182445,1693227446681,7,3,4
9206,1693227446681,1692255182451,1692255182454,1693227446691,10,3,7
9207,1693227446691,1692255182460,1692255182463,1693227446699,8,3,5
9208,1693227446699,1692255182467,1692255182470,1693227446706,7,3,4
9209,1693227446706,1692255182474,1692255182477,1693227446713,7,3,4
9210,1693227446713,1692255182481,1692255182485,1693227446721,8,4,4
9211,1693227446721,1692255182489,1692255182493,1693227446729,8,4,4
9212,1693227446729,1692255182498,1692255182501,1693227446737,8,3,5
9213,1693227446737,1692255182505,1692255182508,1693227446744,7,3,4
9214,1693227446744,1692255182513,1692255182516,1693227446752,8,3,5
9215,1693227446752,1692255182521,1692255182526,1693227446762,10,5,5
9216,1693227446762,1692255182531,1692255182535,1693227446771,9,4,5
9217,1693227446771,1692255182539,1692255182542,1693227446778,7,3,4
9218,1693227446778,1692255182546,1692255182549,1693227446787,9,3,6
9219,1693227446787,1692255182560,1692255182563,1693227446800,13,3,10
9220,1693227446800,1692255182568,1692255182571,1693227446808,8,3,5
9221,1693227446808,1692255182579,1692255182582,1693227446818,10,3,7
9222,1693227446819,1692255182586,1692255182590,1693227446826,7,4,3
9223,1693227446826,1692255182594,1692255182597,1693227446833,7,3,4
9224,1693227446833,1692255182604,1692255182607,1693227446843,10,3,7
9225,1693227446843,1692255182611,1692255182614,1693227446851,8,3,5
9226,1693227446851,1692255182619,1692255182622,1693227446858,7,3,4
9227,1693227446858,1692255182628,1692255182631,1693227446867,9,3,6
9228,1693227446867,1692255182636,1692255182639,1693227446875,8,3,5
9229,1693227446875,1692255182643,1692255182647,1693227446883,8,4,4
9230,1693227446883,1692255182652,1692255182655,1693227446892,9,3,6
9231,1693227446892,1692255182661,1692255182664,1693227446899,7,3,4
9232,1693227446899,1692255182667,1692255182671,1693227446907,8,4,4
9233,1693227446907,1692255182674,1692255182678,1693227446915,8,4,4
9234,1693227446915,1692255182683,1692255182687,1693227446923,8,4,4
9235,1693227446923,1692255182691,1692255182695,1693227446931,8,4,4
9236,1693227446931,1692255182700,1692255182702,1693227446938,7,2,5
9237,1693227446938,1692255182706,1692255182710,1693227446946,8,4,4
9238,1693227446946,1692255182715,1692255182718,1693227446954,8,3,5
9239,1693227446954,1692255182723,1692255182726,1693227446962,8,3,5
9240,1693227446962,1692255182732,1692255182736,1693227446972,10,4,6
9241,1693227446972,1692255182740,1692255182744,1693227446980,8,4,4
9242,1693227446980,1692255182748,1692255182750,1693227446986,6,2,4
9243,1693227446986,1692255182755,1692255182757,1693227446994,8,2,6
9244,1693227446994,1692255182763,1692255182766,1693227447002,8,3,5
9245,1693227447002,1692255182771,1692255182774,1693227447010,8,3,5
9246,1693227447010,1692255182778,1692255182782,1693227447018,8,4,4
9247,1693227447018,1692255182786,1692255182789,1693227447025,7,3,4
9248,1693227447025,1692255182794,1692255182797,1693227447034,9,3,6
9249,1693227447034,1692255182803,1692255182807,1693227447043,9,4,5
9250,1693227447044,1692255182812,1692255182816,1693227447052,8,4,4
9251,1693227447052,1692255182820,1692255182824,1693227447060,8,4,4
9252,1693227447060,1692255182829,1692255182834,1693227447070,10,5,5
9253,1693227447070,1692255182839,1692255182842,1693227447079,9,3,6
9254,1693227447079,1692255182847,1692255182850,1693227447086,7,3,4
9255,1693227447086,1692255182855,1692255182858,1693227447094,8,3,5
9256,1693227447094,1692255182863,1692255182865,1693227447101,7,2,5
9257,1693227447101,1692255182869,1692255182872,1693227447108,7,3,4
9258,1693227447108,1692255182877,1692255182880,1693227447117,9,3,6
9259,1693227447117,1692255182885,1692255182888,1693227447124,7,3,4
9260,1693227447124,1692255182893,1692255182897,1693227447133,9,4,5
9261,1693227447133,1692255182901,1692255182904,1693227447140,7,3,4
9262,1693227447140,1692255182908,1692255182912,1693227447148,8,4,4
9263,1693227447148,1692255182916,1692255182920,1693227447156,8,4,4
9264,1693227447156,1692255182924,1692255182927,1693227447163,7,3,4
9265,1693227447163,1692255182931,1692255182935,1693227447171,8,4,4
9266,1693227447171,1692255182940,1692255182943,1693227447179,8,3,5
9267,1693227447179,1692255182948,1692255182951,1693227447187,8,3,5
9268,1693227447187,1692255182955,1692255182958,1693227447198,11,3,8
9269,1693227447198,1692255182966,1692255182969,1693227447205,7,3,4
9270,1693227447205,1692255182973,1692255182977,1693227447213,8,4,4
9271,1693227447213,1692255182981,1692255182985,1693227447222,9,4,5
9272,1693227447222,1692255182990,1692255182993,1693227447229,7,3,4
9273,1693227447229,1692255182997,1692255183001,1693227447237,8,4,4
9274,1693227447237,1692255183005,1692255183008,1693227447244,7,3,4
9275,1693227447244,1692255183012,1692255183016,1693227447252,8,4,4
9276,1693227447252,1692255183021,1692255183024,1693227447260,8,3,5
9277,1693227447260,1692255183027,1692255183030,1693227447267,7,3,4
9278,1693227447267,1692255183036,1692255183039,1693227447276,9,3,6
9279,1693227447276,1692255183044,1692255183047,1693227447285,9,3,6
9280,1693227447285,1692255183053,1692255183056,1693227447293,8,3,5
9281,1693227447293,1692255183061,1692255183065,1693227447301,8,4,4
9282,1693227447301,1692255183071,1692255183074,1693227447311,10,3,7
9283,1693227447311,1692255183079,1692255183082,1693227447318,7,3,4
9284,1693227447318,1692255183087,1692255183090,1693227447326,8,3,5
9285,1693227447326,1692255183094,1692255183097,1693227447334,8,3,5
9286,1693227447334,1692255183102,1692255183105,1693227447341,7,3,4
9287,1693227447341,1692255183109,1692255183112,1693227447348,7,3,4
9288,1693227447348,1692255183116,1692255183120,1693227447356,8,4,4
9289,1693227447356,1692255183124,1692255183129,1693227447369,13,5,8
9290,1693227447369,1692255183137,1692255183141,1693227447377,8,4,4
9291,1693227447377,1692255183146,1692255183149,1693227447385,8,3,5
9292,1693227447385,1692255183153,1692255183157,1693227447393,8,4,4
9293,1693227447393,1692255183161,1692255183165,1693227447401,8,4,4
9294,1693227447401,1692255183170,1692255183173,1693227447410,9,3,6
9295,1693227447410,1692255183178,1692255183182,1693227447418,8,4,4
9296,1693227447418,1692255183186,1692255183189,1693227447426,8,3,5
9297,1693227447426,1692255183194,1692255183198,1693227447434,8,4,4
9298,1693227447434,1692255183202,1692255183205,1693227447441,7,3,4
9299,1693227447441,1692255183209,1692255183213,1693227447449,8,4,4
9300,1693227447449,1692255183217,1692255183220,1693227447456,7,3,4
9301,1693227447456,1692255183224,1692255183227,1693227447463,7,3,4
9302,1693227447463,1692255183230,1692255183236,1693227447476,13,6,7
9303,1693227447476,1692255183243,1692255183247,1693227447483,7,4,3
9304,1693227447483,1692255183252,1692255183255,1693227447491,8,3,5
9305,1693227447491,1692255183260,1692255183263,1693227447506,15,3,12
9306,1693227447506,1692255183274,1692255183277,1693227447514,8,3,5
9307,1693227447514,1692255183282,1692255183285,1693227447521,7,3,4
9308,1693227447521,1692255183289,1692255183292,1693227447528,7,3,4
9309,1693227447528,1692255183299,1692255183302,1693227447566,38,3,35
9310,1693227447566,1692255183334,1692255183337,1693227447573,7,3,4
9311,1693227447573,1692255183342,1692255183345,1693227447582,9,3,6
9312,1693227447582,1692255183351,1692255183354,1693227447591,9,3,6
9313,1693227447591,1692255183359,1692255183362,1693227447598,7,3,4
9314,1693227447599,1692255183367,1692255183371,1693227447607,8,4,4
9315,1693227447607,1692255183375,1692255183378,1693227447614,7,3,4
9316,1693227447614,1692255183382,1692255183385,1693227447621,7,3,4
9317,1693227447621,1692255183389,1692255183392,1693227447629,8,3,5
9318,1693227447629,1692255183398,1692255183401,1693227447638,9,3,6
9319,1693227447638,1692255183406,1692255183410,1693227447646,8,4,4
9320,1693227447646,1692255183414,1692255183416,1693227447653,7,2,5
9321,1693227447653,1692255183422,1692255183425,1693227447661,8,3,5
9322,1693227447661,1692255183431,1692255183434,1693227447671,10,3,7
9323,1693227447671,1692255183439,1692255183443,1693227447679,8,4,4
9324,1693227447679,1692255183448,1692255183452,1693227447688,9,4,5
9325,1693227447688,1692255183456,1692255183461,1693227447697,9,5,4
9326,1693227447697,1692255183466,1692255183469,1693227447705,8,3,5
9327,1693227447705,1692255183475,1692255183478,1693227447714,9,3,6
9328,1693227447714,1692255183483,1692255183485,1693227447721,7,2,5
9329,1693227447722,1692255183490,1692255183493,1693227447729,7,3,4
9330,1693227447729,1692255183497,1692255183500,1693227447735,6,3,3
9331,1693227447735,1692255183503,1692255183507,1693227447743,8,4,4
9332,1693227447743,1692255183515,1692255183518,1693227447755,12,3,9
9333,1693227447755,1692255183523,1692255183527,1693227447763,8,4,4
9334,1693227447763,1692255183531,1692255183534,1693227447770,7,3,4
9335,1693227447770,1692255183538,1692255183541,1693227447777,7,3,4
9336,1693227447777,1692255183546,1692255183549,1693227447785,8,3,5
9337,1693227447785,1692255183553,1692255183556,1693227447792,7,3,4
9338,1693227447792,1692255183560,1692255183563,1693227447799,7,3,4
9339,1693227447799,1692255183567,1692255183570,1693227447806,7,3,4
9340,1693227447806,1692255183577,1692255183580,1693227447816,10,3,7
9341,1693227447816,1692255183585,1692255183588,1693227447824,8,3,5
9342,1693227447824,1692255183592,1692255183596,1693227447832,8,4,4
9343,1693227447832,1692255183602,1692255183606,1693227447842,10,4,6
9344,1693227447842,1692255183610,1692255183613,1693227447849,7,3,4
9345,1693227447849,1692255183616,1692255183620,1693227447856,7,4,3
9346,1693227447856,1692255183624,1692255183627,1693227447863,7,3,4
9347,1693227447863,1692255183631,1692255183634,1693227447870,7,3,4
9348,1693227447870,1692255183639,1692255183643,1693227447880,10,4,6
9349,1693227447880,1692255183648,1692255183652,1693227447888,8,4,4
9350,1693227447888,1692255183656,1692255183660,1693227447896,8,4,4
9351,1693227447896,1692255183664,1692255183667,1693227447904,8,3,5
9352,1693227447904,1692255183672,1692255183675,1693227447913,9,3,6
9353,1693227447913,1692255183681,1692255183684,1693227447921,8,3,5
9354,1693227447921,1692255183689,1692255183693,1693227447929,8,4,4
9355,1693227447929,1692255183698,1692255183701,1693227447937,8,3,5
9356,1693227447937,1692255183706,1692255183710,1693227447947,10,4,6
9357,1693227447947,1692255183715,1692255183718,1693227447955,8,3,5
9358,1693227447955,1692255183723,1692255183729,1693227447965,10,6,4
9359,1693227447965,1692255183733,1692255183737,1693227447973,8,4,4
9360,1693227447973,1692255183742,1692255183746,1693227447982,9,4,5
9361,1693227447982,1692255183751,1692255183755,1693227447991,9,4,5
9362,1693227447991,1692255183760,1692255183763,1693227447999,8,3,5
9363,1693227447999,1692255183767,1692255183771,1693227448007,8,4,4
9364,1693227448007,1692255183776,1692255183779,1693227448016,9,3,6
9365,1693227448016,1692255183784,1692255183787,1693227448024,8,3,5
9366,1693227448024,1692255183792,1692255183794,1693227448031,7,2,5
9367,1693227448031,1692255183799,1692255183802,1693227448038,7,3,4
9368,1693227448038,1692255183806,1692255183810,1693227448045,7,4,3
9369,1693227448045,1692255183813,1692255183817,1693227448053,8,4,4
9370,1693227448053,1692255183822,1692255183825,1693227448061,8,3,5
9371,1693227448061,1692255183829,1692255183832,1693227448068,7,3,4
9372,1693227448068,1692255183838,1692255183841,1693227448077,9,3,6
9373,1693227448077,1692255183845,1692255183848,1693227448084,7,3,4
9374,1693227448085,1692255183852,1692255183855,1693227448091,6,3,3
9375,1693227448091,1692255183861,1692255183864,1693227448100,9,3,6
9376,1693227448100,1692255183868,1692255183870,1693227448106,6,2,4
9377,1693227448106,1692255183874,1692255183877,1693227448113,7,3,4
9378,1693227448113,1692255183881,1692255183884,1693227448121,8,3,5
9379,1693227448121,1692255183889,1692255183892,1693227448129,8,3,5
9380,1693227448129,1692255183897,1692255183900,1693227448136,7,3,4
9381,1693227448136,1692255183905,1692255183909,1693227448145,9,4,5
9382,1693227448145,1692255183913,1692255183916,1693227448152,7,3,4
9383,1693227448152,1692255183921,1692255183924,1693227448160,8,3,5
9384,1693227448160,1692255183928,1692255183931,1693227448168,8,3,5
9385,1693227448168,1692255183937,1692255183941,1693227448177,9,4,5
9386,1693227448177,1692255183945,1692255183948,1693227448185,8,3,5
9387,1693227448185,1692255183952,1692255183956,1693227448192,7,4,3
9388,1693227448192,1692255183962,1692255183965,1693227448201,9,3,6
9389,1693227448201,1692255183970,1692255183973,1693227448209,8,3,5
9390,1693227448209,1692255183978,1692255183980,1693227448217,8,2,6
9391,1693227448217,1692255183989,1692255183992,1693227448228,11,3,8
9392,1693227448228,1692255183996,1692255183999,1693227448235,7,3,4
9393,1693227448235,1692255184003,1692255184007,1693227448243,8,4,4
9394,1693227448243,1692255184012,1692255184015,1693227448251,8,3,5
9395,1693227448251,1692255184020,1692255184023,1693227448259,8,3,5
9396,1693227448259,1692255184027,1692255184030,1693227448266,7,3,4
9397,1693227448266,1692255184035,1692255184038,1693227448275,9,3,6
9398,1693227448275,1692255184043,1692255184048,1693227448285,10,5,5
9399,1693227448285,1692255184057,1692255184061,1693227448297,12,4,8
9400,1693227448297,1692255184066,1692255184069,1693227448305,8,3,5
9401,1693227448305,1692255184073,1692255184076,1693227448312,7,3,4
9402,1693227448312,1692255184081,1692255184084,1693227448320,8,3,5
9403,1693227448320,1692255184089,1692255184093,1693227448329,9,4,5
9404,1693227448330,1692255184098,1692255184101,1693227448337,7,3,4
9405,1693227448337,1692255184105,1692255184109,1693227448345,8,4,4
9406,1693227448345,1692255184113,1692255184117,1693227448353,8,4,4
9407,1693227448353,1692255184121,1692255184125,1693227448361,8,4,4
9408,1693227448361,1692255184128,1692255184132,1693227448368,7,4,3
9409,1693227448368,1692255184137,1692255184141,1693227448377,9,4,5
9410,1693227448377,1692255184145,1692255184149,1693227448385,8,4,4
9411,1693227448385,1692255184152,1692255184155,1693227448392,7,3,4
9412,1693227448392,1692255184160,1692255184163,1693227448399,7,3,4
9413,1693227448399,1692255184167,1692255184171,1693227448407,8,4,4
9414,1693227448407,1692255184175,1692255184179,1693227448415,8,4,4
9415,1693227448415,1692255184184,1692255184187,1693227448425,10,3,7
9416,1693227448425,1692255184193,1692255184197,1693227448433,8,4,4
9417,1693227448433,1692255184201,1692255184204,1693227448441,8,3,5
9418,1693227448441,1692255184208,1692255184212,1693227448449,8,4,4
9419,1693227448449,1692255184218,1692255184221,1693227448457,8,3,5
9420,1693227448457,1692255184225,1692255184229,1693227448465,8,4,4
9421,1693227448465,1692255184232,1692255184235,1693227448471,6,3,3
9422,1693227448471,1692255184240,1692255184243,1693227448479,8,3,5
9423,1693227448479,1692255184247,1692255184250,1693227448486,7,3,4
9424,1693227448486,1692255184255,1692255184257,1693227448493,7,2,5
9425,1693227448494,1692255184262,1692255184265,1693227448502,8,3,5
9426,1693227448502,1692255184270,1692255184273,1693227448509,7,3,4
9427,1693227448509,1692255184276,1692255184280,1693227448516,7,4,3
9428,1693227448516,1692255184284,1692255184288,1693227448524,8,4,4
9429,1693227448524,1692255184295,1692255184298,1693227448534,10,3,7
9430,1693227448534,1692255184303,1692255184306,1693227448542,8,3,5
9431,1693227448542,1692255184310,1692255184314,1693227448550,8,4,4
9432,1693227448550,1692255184318,1692255184322,1693227448558,8,4,4
9433,1693227448558,1692255184326,1692255184329,1693227448566,8,3,5
9434,1693227448566,1692255184333,1692255184337,1693227448573,7,4,3
9435,1693227448573,1692255184342,1692255184349,1693227448585,12,7,5
9436,1693227448585,1692255184352,1692255184355,1693227448592,7,3,4
9437,1693227448592,1692255184360,1692255184364,1693227448600,8,4,4
9438,1693227448600,1692255184368,1692255184371,1693227448607,7,3,4
9439,1693227448607,1692255184376,1692255184379,1693227448615,8,3,5
9440,1693227448615,1692255184383,1692255184387,1693227448623,8,4,4
9441,1693227448623,1692255184391,1692255184393,1693227448837,214,2,212
9442,1693227448837,1692255184605,1692255184608,1693227448844,7,3,4
9443,1693227448844,1692255184612,1692255184615,1693227448852,8,3,5
9444,1693227448852,1692255184620,1692255184622,1693227448858,6,2,4
9445,1693227448858,1692255184627,1692255184630,1693227448867,9,3,6
9446,1693227448867,1692255184635,1692255184637,1693227448873,6,2,4
9447,1693227448873,1692255184641,1692255184645,1693227448881,8,4,4
9448,1693227448881,1692255184649,1692255184653,1693227448889,8,4,4
9449,1693227448889,1692255184657,1692255184661,1693227448896,7,4,3
9450,1693227448896,1692255184664,1692255184668,1693227448904,8,4,4
9451,1693227448904,1692255184672,1692255184676,1693227448912,8,4,4
9452,1693227448912,1692255184680,1692255184683,1693227448920,8,3,5
9453,1693227448920,1692255184688,1692255184691,1693227448927,7,3,4
9454,1693227448927,1692255184695,1692255184698,1693227448935,8,3,5
9455,1693227448935,1692255184704,1692255184706,1693227448943,8,2,6
9456,1693227448943,1692255184711,1692255184714,1693227448950,7,3,4
9457,1693227448950,1692255184719,1692255184722,1693227448958,8,3,5
9458,1693227448958,1692255184726,1692255184729,1693227448965,7,3,4
9459,1693227448965,1692255184734,1692255184737,1693227448973,8,3,5
9460,1693227448973,1692255184742,1692255184745,1693227448981,8,3,5
9461,1693227448981,1692255184750,1692255184753,1693227448989,8,3,5
9462,1693227448989,1692255184758,1692255184761,1693227448997,8,3,5
9463,1693227448997,1692255184767,1692255184771,1693227449007,10,4,6
9464,1693227449007,1692255184777,1692255184780,1693227449016,9,3,6
9465,1693227449016,1692255184784,1692255184788,1693227449024,8,4,4
9466,1693227449024,1692255184792,1692255184796,1693227449032,8,4,4
9467,1693227449032,1692255184800,1692255184804,1693227449039,7,4,3
9468,1693227449039,1692255184807,1692255184810,1693227449045,6,3,3
9469,1693227449045,1692255184813,1692255184816,1693227449052,7,3,4
9470,1693227449052,1692255184821,1692255184824,1693227449060,8,3,5
9471,1693227449060,1692255184828,1692255184832,1693227449068,8,4,4
9472,1693227449068,1692255184836,1692255184841,1693227449077,9,5,4
9473,1693227449077,1692255184845,1692255184848,1693227449084,7,3,4
9474,1693227449084,1692255184852,1692255184855,1693227449092,8,3,5
9475,1693227449092,1692255184860,1692255184864,1693227449100,8,4,4
9476,1693227449100,1692255184868,1692255184871,1693227449107,7,3,4
9477,1693227449107,1692255184875,1692255184878,1693227449115,8,3,5
9478,1693227449115,1692255184883,1692255184887,1693227449123,8,4,4
9479,1693227449123,1692255184891,1692255184894,1693227449130,7,3,4
9480,1693227449130,1692255184898,1692255184901,1693227449138,8,3,5
9481,1693227449138,1692255184908,1692255184911,1693227449147,9,3,6
9482,1693227449147,1692255184915,1692255184919,1693227449155,8,4,4
9483,1693227449155,1692255184923,1692255184927,1693227449163,8,4,4
9484,1693227449163,1692255184934,1692255184937,1693227449173,10,3,7
9485,1693227449173,1692255184942,1692255184945,1693227449182,9,3,6
9486,1693227449182,1692255184950,1692255184953,1693227449189,7,3,4
9487,1693227449189,1692255184958,1692255184961,1693227449197,8,3,5
9488,1693227449197,1692255184965,1692255184969,1693227449205,8,4,4
9489,1693227449205,1692255184973,1692255184976,1693227449212,7,3,4
9490,1693227449212,1692255184979,1692255184983,1693227449219,7,4,3
9491,1693227449219,1692255184988,1692255184992,1693227449228,9,4,5
9492,1693227449228,1692255184996,1692255185000,1693227449236,8,4,4
9493,1693227449236,1692255185005,1692255185008,1693227449245,9,3,6
9494,1693227449245,1692255185013,1692255185017,1693227449253,8,4,4
9495,1693227449253,1692255185022,1692255185025,1693227449261,8,3,5
9496,1693227449261,1692255185029,1692255185032,1693227449269,8,3,5
9497,1693227449269,1692255185037,1692255185041,1693227449277,8,4,4
9498,1693227449277,1692255185046,1692255185049,1693227449285,8,3,5
9499,1693227449285,1692255185053,1692255185055,1693227449292,7,2,5
9500,1693227449292,1692255185063,1692255185067,1693227449303,11,4,7
9501,1693227449303,1692255185072,1692255185074,1693227449310,7,2,5
9502,1693227449310,1692255185079,1692255185081,1693227449318,8,2,6
9503,1693227449318,1692255185087,1692255185090,1693227449326,8,3,5
9504,1693227449326,1692255185094,1692255185098,1693227449334,8,4,4
9505,1693227449334,1692255185103,1692255185106,1693227449342,8,3,5
9506,1693227449342,1692255185113,1692255185116,1693227449353,11,3,8
9507,1693227449353,1692255185121,1692255185125,1693227449361,8,4,4
9508,1693227449361,1692255185131,1692255185135,1693227449371,10,4,6
9509,1693227449372,1692255185141,1692255185145,1693227449381,9,4,5
9510,1693227449381,1692255185149,1692255185152,1693227449388,7,3,4
9511,1693227449388,1692255185157,1692255185159,1693227449396,8,2,6
9512,1693227449396,1692255185165,1692255185169,1693227449405,9,4,5
9513,1693227449405,1692255185174,1692255185177,1693227449413,8,3,5
9514,1693227449413,1692255185183,1692255185186,1693227449422,9,3,6
9515,1693227449422,1692255185191,1692255185194,1693227449430,8,3,5
9516,1693227449430,1692255185199,1692255185202,1693227449438,8,3,5
9517,1693227449438,1692255185207,1692255185209,1693227449445,7,2,5
9518,1693227449446,1692255185215,1692255185221,1693227449457,11,6,5
9519,1693227449457,1692255185225,1692255185228,1693227449463,6,3,3
9520,1693227449463,1692255185231,1692255185234,1693227449470,7,3,4
9521,1693227449470,1692255185239,1692255185241,1693227449478,8,2,6
9522,1693227449478,1692255185246,1692255185249,1693227449485,7,3,4
9523,1693227449485,1692255185254,1692255185257,1693227449494,9,3,6
9524,1693227449494,1692255185262,1692255185265,1693227449501,7,3,4
9525,1693227449501,1692255185268,1692255185272,1693227449508,7,4,3
9526,1693227449508,1692255185276,1692255185279,1693227449515,7,3,4
9527,1693227449515,1692255185283,1692255185286,1693227449523,8,3,5
9528,1693227449523,1692255185291,1692255185295,1693227449531,8,4,4
9529,1693227449531,1692255185299,1692255185302,1693227449538,7,3,4
9530,1693227449538,1692255185307,1692255185310,1693227449546,8,3,5
9531,1693227449546,1692255185314,1692255185317,1693227449553,7,3,4
9532,1693227449553,1692255185321,1692255185324,1693227449560,7,3,4
9533,1693227449560,1692255185328,1692255185332,1693227449568,8,4,4
9534,1693227449568,1692255185336,1692255185339,1693227449576,8,3,5
9535,1693227449576,1692255185344,1692255185348,1693227449584,8,4,4
9536,1693227449584,1692255185351,1692255185355,1693227449591,7,4,3
9537,1693227449591,1692255185359,1692255185363,1693227449599,8,4,4
9538,1693227449599,1692255185367,1692255185370,1693227449607,8,3,5
9539,1693227449607,1692255185375,1692255185378,1693227449614,7,3,4
9540,1693227449614,1692255185383,1692255185386,1693227449622,8,3,5
9541,1693227449622,1692255185394,1692255185398,1693227449634,12,4,8
9542,1693227449634,1692255185403,1692255185406,1693227449642,8,3,5
9543,1693227449642,1692255185410,1692255185413,1693227449649,7,3,4
9544,1693227449649,1692255185420,1692255185423,1693227449658,9,3,6
9545,1693227449658,1692255185426,1692255185432,1693227449668,10,6,4
9546,1693227449668,1692255185436,1692255185439,1693227449675,7,3,4
9547,1693227449675,1692255185446,1692255185450,1693227449686,11,4,7
9548,1693227449686,1692255185455,1692255185458,1693227449694,8,3,5
9549,1693227449694,1692255185463,1692255185466,1693227449702,8,3,5
9550,1693227449702,1692255185470,1692255185473,1693227449709,7,3,4
9551,1693227449709,1692255185478,1692255185481,1693227449717,8,3,5
9552,1693227449717,1692255185485,1692255185489,1693227449725,8,4,4
9553,1693227449725,1692255185495,1692255185498,1693227449734,9,3,6
9554,1693227449735,1692255185503,1692255185506,1693227449742,7,3,4
9555,1693227449742,1692255185510,1692255185514,1693227449750,8,4,4
9556,1693227449750,1692255185518,1692255185521,1693227449758,8,3,5
9557,1693227449758,1692255185526,1692255185529,1693227449766,8,3,5
9558,1693227449766,1692255185534,1692255185538,1693227449774,8,4,4
9559,1693227449774,1692255185542,1692255185546,1693227449782,8,4,4
9560,1693227449782,1692255185550,1692255185553,1693227449789,7,3,4
9561,1693227449789,1692255185558,1692255185561,1693227449797,8,3,5
9562,1693227449797,1692255185565,1692255185568,1693227449804,7,3,4
9563,1693227449804,1692255185573,1692255185577,1693227449813,9,4,5
9564,1693227449813,1692255185581,1692255185584,1693227449820,7,3,4
9565,1693227449820,1692255185588,1692255185591,1693227449827,7,3,4
9566,1693227449827,1692255185595,1692255185599,1693227449835,8,4,4
9567,1693227449835,1692255185603,1692255185606,1693227449842,7,3,4
9568,1693227449842,1692255185610,1692255185614,1693227449850,8,4,4
9569,1693227449850,1692255185618,1692255185621,1693227449859,9,3,6
9570,1693227449859,1692255185627,1692255185631,1693227449867,8,4,4
9571,1693227449867,1692255185634,1692255185638,1693227449874,7,4,3
9572,1693227449874,1692255185642,1692255185645,1693227449881,7,3,4
9573,1693227449881,1692255185650,1692255185653,1693227449889,8,3,5
9574,1693227449889,1692255185657,1692255185660,1693227449897,8,3,5
9575,1693227449897,1692255185665,1692255185668,1693227449904,7,3,4
9576,1693227449904,1692255185673,1692255185679,1693227449916,12,6,6
9577,1693227449916,1692255185683,1692255185686,1693227449922,6,3,3
9578,1693227449923,1692255185691,1692255185694,1693227449930,7,3,4
9579,1693227449930,1692255185698,1692255185702,1693227449938,8,4,4
9580,1693227449938,1692255185707,1692255185712,1693227449948,10,5,5
9581,1693227449948,1692255185717,1692255185720,1693227449956,8,3,5
9582,1693227449956,1692255185727,1692255185730,1693227449966,10,3,7
9583,1693227449966,1692255185738,1692255185741,1693227449977,11,3,8
9584,1693227449977,1692255185746,1692255185749,1693227449985,8,3,5
9585,1693227449985,1692255185753,1692255185756,1693227449992,7,3,4
9586,1693227449992,1692255185759,1692255185763,1693227449999,7,4,3
9587,1693227449999,1692255185768,1692255185771,1693227450007,8,3,5
9588,1693227450008,1692255185776,1692255185779,1693227450015,7,3,4
9589,1693227450015,1692255185783,1692255185786,1693227450022,7,3,4
9590,1693227450022,1692255185790,1692255185793,1693227450029,7,3,4
9591,1693227450029,1692255185797,1692255185800,1693227450037,8,3,5
9592,1693227450037,1692255185806,1692255185809,1693227450045,8,3,5
9593,1693227450045,1692255185813,1692255185817,1693227450053,8,4,4
9594,1693227450053,1692255185822,1692255185825,1693227450064,11,3,8
9595,1693227450064,1692255185832,1692255185836,1693227450072,8,4,4
9596,1693227450072,1692255185840,1692255185843,1693227450079,7,3,4
9597,1693227450079,1692255185847,1692255185851,1693227450087,8,4,4
9598,1693227450087,1692255185855,1692255185858,1693227450094,7,3,4
9599,1693227450094,1692255185863,1692255185866,1693227450103,9,3,6
9600,1693227450103,1692255185872,1692255185875,1693227450112,9,3,6
9601,1693227450112,1692255185880,1692255185883,1693227450119,7,3,4
9602,1693227450119,1692255185888,1692255185892,1693227450129,10,4,6
9603,1693227450129,1692255185897,1692255185902,1693227450139,10,5,5
9604,1693227450139,1692255185907,1692255185910,1693227450147,8,3,5
9605,1693227450147,1692255185916,1692255185919,1693227450155,8,3,5
9606,1693227450155,1692255185923,1692255185927,1693227450163,8,4,4
9607,1693227450163,1692255185933,1692255185936,1693227450172,9,3,6
9608,1693227450172,1692255185941,1692255185944,1693227450180,8,3,5
9609,1693227450180,1692255185948,1692255185951,1693227450187,7,3,4
9610,1693227450187,1692255185956,1692255185958,1693227450194,7,2,5
9611,1693227450194,1692255185963,1692255185965,1693227450202,8,2,6
9612,1693227450202,1692255185970,1692255185973,1693227450209,7,3,4
9613,1693227450209,1692255185978,1692255185981,1693227450217,8,3,5
9614,1693227450217,1692255185986,1692255185989,1693227450226,9,3,6
9615,1693227450226,1692255185994,1692255185997,1693227450233,7,3,4
9616,1693227450233,1692255186000,1692255186005,1693227450241,8,5,3
9617,1693227450241,1692255186010,1692255186013,1693227450249,8,3,5
9618,1693227450249,1692255186018,1692255186021,1693227450257,8,3,5
9619,1693227450257,1692255186027,1692255186031,1693227450269,12,4,8
9620,1693227450269,1692255186038,1692255186041,1693227450277,8,3,5
9621,1693227450277,1692255186045,1692255186049,1693227450285,8,4,4
9622,1693227450285,1692255186053,1692255186057,1693227450293,8,4,4
9623,1693227450293,1692255186061,1692255186065,1693227450303,10,4,6
9624,1693227450303,1692255186071,1692255186074,1693227450310,7,3,4
9625,1693227450310,1692255186078,1692255186083,1693227450319,9,5,4
9626,1693227450319,1692255186087,1692255186090,1693227450326,7,3,4
9627,1693227450326,1692255186094,1692255186098,1693227450334,8,4,4
9628,1693227450334,1692255186102,1692255186105,1693227450341,7,3,4
9629,1693227450341,1692255186109,1692255186113,1693227450349,8,4,4
9630,1693227450349,1692255186117,1692255186120,1693227450356,7,3,4
9631,1693227450356,1692255186124,1692255186126,1693227450362,6,2,4
9632,1693227450362,1692255186130,1692255186132,1693227450371,9,2,7
9633,1693227450371,1692255186139,1692255186142,1693227450379,8,3,5
9634,1693227450379,1692255186149,1692255186151,1693227450387,8,2,6
9635,1693227450387,1692255186155,1692255186158,1693227450394,7,3,4
9636,1693227450394,1692255186162,1692255186166,1693227450402,8,4,4
9637,1693227450402,1692255186171,1692255186174,1693227450410,8,3,5
9638,1693227450410,1692255186178,1692255186181,1693227450417,7,3,4
9639,1693227450417,1692255186186,1692255186189,1693227450425,8,3,5
9640,1693227450425,1692255186193,1692255186196,1693227450432,7,3,4
9641,1693227450432,1692255186200,1692255186204,1693227450440,8,4,4
9642,1693227450440,1692255186208,1692255186211,1693227450447,7,3,4
9643,1693227450447,1692255186216,1692255186219,1693227450456,9,3,6
9644,1693227450456,1692255186224,1692255186227,1693227450463,7,3,4
9645,1693227450463,1692255186232,1692255186235,1693227450473,10,3,7
9646,1693227450473,1692255186241,1692255186244,1693227450481,8,3,5
9647,1693227450481,1692255186248,1692255186252,1693227450488,7,4,3
9648,1693227450488,1692255186256,1692255186259,1693227450495,7,3,4
9649,1693227450495,1692255186265,1692255186269,1693227450505,10,4,6
9650,1693227450505,1692255186273,1692255186276,1693227450512,7,3,4
9651,1693227450512,1692255186280,1692255186283,1693227450519,7,3,4
9652,1693227450519,1692255186288,1692255186291,1693227450527,8,3,5
9653,1693227450527,1692255186297,1692255186302,1693227450538,11,5,6
9654,1693227450538,1692255186307,1692255186310,1693227450546,8,3,5
9655,1693227450546,1692255186315,1692255186319,1693227450555,9,4,5
9656,1693227450555,1692255186323,1692255186326,1693227450562,7,3,4
9657,1693227450562,1692255186330,1692255186332,1693227450568,6,2,4
9658,1693227450568,1692255186338,1692255186341,1693227450577,9,3,6
9659,1693227450577,1692255186345,1692255186348,1693227450584,7,3,4
9660,1693227450584,1692255186352,1692255186355,1693227450591,7,3,4
9661,1693227450591,1692255186360,1692255186363,1693227450603,12,3,9
9662,1693227450603,1692255186372,1692255186375,1693227450611,8,3,5
9663,1693227450611,1692255186380,1692255186383,1693227450619,8,3,5
9664,1693227450619,1692255186388,1692255186391,1693227450627,8,3,5
9665,1693227450627,1692255186396,1692255186399,1693227450635,8,3,5
9666,1693227450635,1692255186403,1692255186407,1693227450642,7,4,3
9667,1693227450642,1692255186410,1692255186414,1693227450650,8,4,4
9668,1693227450650,1692255186419,1692255186422,1693227450659,9,3,6
9669,1693227450659,1692255186427,1692255186430,1693227450666,7,3,4
9670,1693227450666,1692255186435,1692255186438,1693227450674,8,3,5
9671,1693227450674,1692255186444,1692255186449,1693227450684,10,5,5
9672,1693227450684,1692255186452,1692255186455,1693227450691,7,3,4
9673,1693227450691,1692255186460,1692255186465,1693227450701,10,5,5
9674,1693227450701,1692255186471,1692255186474,1693227450710,9,3,6
9675,1693227450710,1692255186478,1692255186481,1693227450717,7,3,4
9676,1693227450717,1692255186486,1692255186489,1693227450725,8,3,5
9677,1693227450725,1692255186493,1692255186496,1693227450732,7,3,4
9678,1693227450732,1692255186501,1692255186504,1693227450740,8,3,5
9679,1693227450740,1692255186509,1692255186512,1693227450748,8,3,5
9680,1693227450748,1692255186517,1692255186520,1693227450757,9,3,6
9681,1693227450757,1692255186525,1692255186528,1693227450764,7,3,4
9682,1693227450764,1692255186532,1692255186535,1693227450772,8,3,5
9683,1693227450772,1692255186539,1692255186542,1693227450780,8,3,5
9684,1693227450780,1692255186548,1692255186551,1693227450788,8,3,5
9685,1693227450788,1692255186556,1692255186562,1693227450798,10,6,4
9686,1693227450798,1692255186566,1692255186569,1693227450806,8,3,5
9687,1693227450806,1692255186574,1692255186576,1693227450813,7,2,5
9688,1693227450813,1692255186581,1692255186586,1693227450822,9,5,4
9689,1693227450822,1692255186590,1692255186593,1693227450829,7,3,4
9690,1693227450829,1692255186597,1692255186601,1693227450837,8,4,4
9691,1693227450837,1692255186605,1692255186609,1693227450845,8,4,4
9692,1693227450845,1692255186613,1692255186616,1693227450852,7,3,4
9693,1693227450852,1692255186620,1692255186624,1693227450860,8,4,4
9694,1693227450860,1692255186629,1692255186631,1693227450867,7,2,5
9695,1693227450867,1692255186636,1692255186639,1693227450875,8,3,5
9696,1693227450875,1692255186643,1692255186646,1693227450883,8,3,5
9697,1693227450883,1692255186651,1692255186655,1693227450892,9,4,5
9698,1693227450892,1692255186660,1692255186664,1693227450900,8,4,4
9699,1693227450900,1692255186668,1692255186672,1693227450908,8,4,4
9700,1693227450908,1692255186677,1692255186680,1693227450916,8,3,5
9701,1693227450917,1692255186685,1692255186688,1693227450925,8,3,5
9702,1693227450925,1692255186693,1692255186696,1693227450933,8,3,5
9703,1693227450933,1692255186701,1692255186704,1693227450940,7,3,4
9704,1693227450940,1692255186708,1692255186712,1693227450948,8,4,4
9705,1693227450948,1692255186716,1692255186718,1693227450955,7,2,5
9706,1693227450955,1692255186724,1692255186727,1693227450963,8,3,5
9707,1693227450963,1692255186731,1692255186735,1693227450971,8,4,4
9708,1693227450971,1692255186739,1692255186742,1693227450978,7,3,4
9709,1693227450978,1692255186746,1692255186750,1693227450986,8,4,4
9710,1693227450986,1692255186754,1692255186757,1693227450993,7,3,4
9711,1693227450993,1692255186761,1692255186764,1693227451003,10,3,7
9712,1693227451004,1692255186772,1692255186775,1693227451012,8,3,5
9713,1693227451012,1692255186779,1692255186783,1693227451019,7,4,3
9714,1693227451019,1692255186787,1692255186791,1693227451027,8,4,4
9715,1693227451027,1692255186796,1692255186800,1693227451036,9,4,5
9716,1693227451036,1692255186804,1692255186808,1693227451044,8,4,4
9717,1693227451044,1692255186812,1692255186815,1693227451051,7,3,4
9718,1693227451051,1692255186819,1692255186822,1693227451058,7,3,4
9719,1693227451058,1692255186827,1692255186830,1693227451066,8,3,5
9720,1693227451066,1692255186835,1692255186838,1693227451074,8,3,5
9721,1693227451074,1692255186843,1692255186846,1693227451082,8,3,5
9722,1693227451082,1692255186851,1692255186854,1693227451090,8,3,5
9723,1693227451090,1692255186858,1692255186861,1693227451097,7,3,4
9724,1693227451097,1692255186865,1692255186869,1693227451105,8,4,4
9725,1693227451105,1692255186874,1692255186877,1693227451113,8,3,5
9726,1693227451113,1692255186882,1692255186885,1693227451121,8,3,5
9727,1693227451121,1692255186889,1692255186893,1693227451130,9,4,5
9728,1693227451130,1692255186898,1692255186901,1693227451136,6,3,3
9729,1693227451136,1692255186904,1692255186908,1693227451144,8,4,4
9730,1693227451144,1692255186912,1692255186916,1693227451152,8,4,4
9731,1693227451152,1692255186920,1692255186923,1693227451160,8,3,5
9732,1693227451160,1692255186929,1692255186932,1693227451168,8,3,5
9733,1693227451168,1692255186937,1692255186940,1693227451176,8,3,5
9734,1693227451176,1692255186944,1692255186947,1693227451183,7,3,4
9735,1693227451183,1692255186951,1692255186954,1693227451190,7,3,4
9736,1693227451190,1692255186958,1692255186961,1693227451197,7,3,4
9737,1693227451197,1692255186965,1692255186968,1693227451204,7,3,4
9738,1693227451204,1692255186973,1692255186976,1693227451212,8,3,5
9739,1693227451212,1692255186981,1692255186985,1693227451221,9,4,5
9740,1693227451221,1692255186989,1692255186992,1693227451228,7,3,4
9741,1693227451228,1692255186997,1692255187000,1693227451236,8,3,5
9742,1693227451236,1692255187005,1692255187008,1693227451244,8,3,5
9743,1693227451244,1692255187012,1692255187016,1693227451252,8,4,4
9744,1693227451252,1692255187020,1692255187023,1693227451259,7,3,4
9745,1693227451259,1692255187027,1692255187030,1693227451267,8,3,5
9746,1693227451267,1692255187036,1692255187039,1693227451275,8,3,5
9747,1693227451276,1692255187044,1692255187047,1693227451283,7,3,4
9748,1693227451283,1692255187051,1692255187054,1693227451293,10,3,7
9749,1693227451294,1692255187062,1692255187065,1693227451301,7,3,4
9750,1693227451301,1692255187069,1692255187072,1693227451309,8,3,5
9751,1693227451309,1692255187078,1692255187081,1693227451317,8,3,5
9752,1693227451317,1692255187088,1692255187091,1693227451328,11,3,8
9753,1693227451328,1692255187096,1692255187099,1693227451335,7,3,4
9754,1693227451335,1692255187103,1692255187106,1693227451344,9,3,6
9755,1693227451344,1692255187111,1692255187114,1693227451351,7,3,4
9756,1693227451351,1692255187119,1692255187122,1693227451358,7,3,4
9757,1693227451358,1692255187126,1692255187130,1693227451366,8,4,4
9758,1693227451366,1692255187135,1692255187138,1693227451374,8,3,5
9759,1693227451374,1692255187143,1692255187146,1693227451382,8,3,5
9760,1693227451382,1692255187150,1692255187154,1693227451390,8,4,4
9761,1693227451390,1692255187160,1692255187165,1693227451401,11,5,6
9762,1693227451401,1692255187170,1692255187174,1693227451410,9,4,5
9763,1693227451410,1692255187178,1692255187181,1693227451417,7,3,4
9764,1693227451417,1692255187186,1692255187189,1693227451425,8,3,5
9765,1693227451425,1692255187193,1692255187197,1693227451433,8,4,4
9766,1693227451433,1692255187201,1692255187204,1693227451440,7,3,4
9767,1693227451440,1692255187209,1692255187212,1693227451448,8,3,5
9768,1693227451448,1692255187216,1692255187219,1693227451455,7,3,4
9769,1693227451455,1692255187223,1692255187226,1693227451462,7,3,4
9770,1693227451462,1692255187230,1692255187233,1693227451469,7,3,4
9771,1693227451469,1692255187238,1692255187241,1693227451477,8,3,5
9772,1693227451477,1692255187245,1692255187248,1693227451485,8,3,5
9773,1693227451485,1692255187253,1692255187257,1693227451493,8,4,4
9774,1693227451493,1692255187264,1692255187268,1693227451504,11,4,7
9775,1693227451504,1692255187273,1692255187278,1693227451514,10,5,5
9776,1693227451514,1692255187282,1692255187285,1693227451521,7,3,4
9777,1693227451521,1692255187289,1692255187293,1693227451529,8,4,4
9778,1693227451529,1692255187297,1692255187300,1693227451536,7,3,4
9779,1693227451537,1692255187305,1692255187308,1693227451544,7,3,4
9780,1693227451544,1692255187313,1692255187316,1693227451552,8,3,5
9781,1693227451552,1692255187320,1692255187323,1693227451559,7,3,4
9782,1693227451559,1692255187327,1692255187331,1693227451567,8,4,4
9783,1693227451567,1692255187335,1692255187339,1693227451575,8,4,4
9784,1693227451575,1692255187343,1692255187347,1693227451583,8,4,4
9785,1693227451583,1692255187351,1692255187354,1693227451590,7,3,4
9786,1693227451590,1692255187358,1692255187361,1693227451599,9,3,6
9787,1693227451599,1692255187368,1692255187372,1693227451608,9,4,5
9788,1693227451608,1692255187376,1692255187379,1693227451616,8,3,5
9789,1693227451616,1692255187384,1692255187388,1693227451623,7,4,3
9790,1693227451623,1692255187396,1692255187399,1693227451636,13,3,10
9791,1693227451636,1692255187404,1692255187408,1693227451644,8,4,4
9792,1693227451644,1692255187426,1692255187429,1693227451665,21,3,18
9793,1693227451665,1692255187433,1692255187436,1693227451672,7,3,4
9794,1693227451673,1692255187440,1692255187444,1693227451679,6,4,2
9795,1693227451679,1692255187447,1692255187450,1693227451686,7,3,4
9796,1693227451686,1692255187455,1692255187458,1693227451694,8,3,5
9797,1693227451694,1692255187462,1692255187465,1693227451702,8,3,5
9798,1693227451702,1692255187471,1692255187475,1693227451711,9,4,5
9799,1693227451711,1692255187479,1692255187483,1693227451719,8,4,4
9800,1693227451719,1692255187487,1692255187490,1693227451728,9,3,6
9801,1693227451728,1692255187496,1692255187499,1693227451736,8,3,5
9802,1693227451736,1692255187504,1692255187507,1693227451744,8,3,5
9803,1693227451744,1692255187512,1692255187515,1693227451751,7,3,4
9804,1693227451751,1692255187519,1692255187525,1693227451761,10,6,4
9805,1693227451761,1692255187528,1692255187531,1693227451768,7,3,4
9806,1693227451768,1692255187538,1692255187541,1693227451777,9,3,6
9807,1693227451777,1692255187546,1692255187550,1693227451786,9,4,5
9808,1693227451786,1692255187554,1692255187558,1693227451794,8,4,4
9809,1693227451794,1692255187562,1692255187564,1693227451801,7,2,5
9810,1693227451801,1692255187571,1692255187574,1693227451810,9,3,6
9811,1693227451810,1692255187578,1692255187582,1693227451818,8,4,4
9812,1693227451818,1692255187586,1692255187589,1693227451825,7,3,4
9813,1693227451825,1692255187594,1692255187597,1693227451833,8,3,5
9814,1693227451833,1692255187601,1692255187605,1693227451841,8,4,4
9815,1693227451841,1692255187609,1692255187612,1693227451849,8,3,5
9816,1693227451849,1692255187617,1692255187620,1693227451856,7,3,4
9817,1693227451856,1692255187625,1692255187628,1693227451864,8,3,5
9818,1693227451864,1692255187632,1692255187636,1693227451871,7,4,3
9819,1693227451871,1692255187640,1692255187643,1693227451879,8,3,5
9820,1693227451879,1692255187648,1692255187652,1693227451888,9,4,5
9821,1693227451888,1692255187656,1692255187659,1693227451895,7,3,4
9822,1693227451895,1692255187663,1692255187667,1693227451903,8,4,4
9823,1693227451903,1692255187674,1692255187678,1693227451914,11,4,7
9824,1693227451914,1692255187682,1692255187686,1693227451922,8,4,4
9825,1693227451922,1692255187690,1692255187693,1693227451929,7,3,4
9826,1693227451929,1692255187700,1692255187703,1693227451940,11,3,8
9827,1693227451940,1692255187708,1692255187712,1693227451972,32,4,28
9828,1693227451972,1692255187742,1692255187745,1693227451981,9,3,6
9829,1693227451981,1692255187751,1692255187754,1693227451991,10,3,7
9830,1693227451991,1692255187761,1692255187765,1693227452001,10,4,6
9831,1693227452001,1692255187769,1692255187772,1693227452009,8,3,5
9832,1693227452009,1692255187777,1692255187780,1693227452017,8,3,5
9833,1693227452017,1692255187786,1692255187790,1693227452026,9,4,5
9834,1693227452026,1692255187795,1692255187800,1693227452036,10,5,5
9835,1693227452036,1692255187804,1692255187808,1693227452044,8,4,4
9836,1693227452044,1692255187813,1692255187816,1693227452052,8,3,5
9837,1693227452052,1692255187821,1692255187824,1693227452061,9,3,6
9838,1693227452061,1692255187830,1692255187833,1693227452070,9,3,6
9839,1693227452070,1692255187839,1692255187842,1693227452078,8,3,5
9840,1693227452079,1692255187847,1692255187850,1693227452087,8,3,5
9841,1693227452087,1692255187855,1692255187858,1693227452094,7,3,4
9842,1693227452094,1692255187862,1692255187864,1693227452101,7,2,5
9843,1693227452101,1692255187869,1692255187873,1693227452111,10,4,6
9844,1693227452111,1692255187879,1692255187883,1693227452119,8,4,4
9845,1693227452119,1692255187887,1692255187891,1693227452128,9,4,5
9846,1693227452128,1692255187896,1692255187900,1693227452136,8,4,4
9847,1693227452136,1692255187905,1692255187908,1693227452144,8,3,5
9848,1693227452144,1692255187912,1692255187915,1693227452151,7,3,4
9849,1693227452152,1692255187921,1692255187924,1693227452161,9,3,6
9850,1693227452161,1692255187930,1692255187933,1693227452169,8,3,5
9851,1693227452169,1692255187938,1692255187943,1693227452179,10,5,5
9852,1693227452179,1692255187948,1692255187951,1693227452187,8,3,5
9853,1693227452187,1692255187957,1692255187960,1693227452196,9,3,6
9854,1693227452196,1692255187964,1692255187967,1693227452203,7,3,4
9855,1693227452203,1692255187972,1692255187975,1693227452214,11,3,8
9856,1693227452214,1692255187982,1692255187985,1693227452222,8,3,5
9857,1693227452222,1692255187990,1692255187994,1693227452230,8,4,4
9858,1693227452230,1692255187999,1692255188002,1693227452238,8,3,5
9859,1693227452238,1692255188006,1692255188010,1693227452246,8,4,4
9860,1693227452246,1692255188015,1692255188018,1693227452254,8,3,5
9861,1693227452254,1692255188022,1692255188026,1693227452262,8,4,4
9862,1693227452262,1692255188031,1692255188034,1693227452271,9,3,6
9863,1693227452271,1692255188039,1692255188042,1693227452278,7,3,4
9864,1693227452278,1692255188046,1692255188051,1693227452287,9,5,4
9865,1693227452287,1692255188055,1692255188058,1693227452294,7,3,4
9866,1693227452294,1692255188063,1692255188066,1693227452302,8,3,5
9867,1693227452302,1692255188070,1692255188073,1693227452310,8,3,5
9868,1693227452310,1692255188083,1692255188086,1693227452322,12,3,9
9869,1693227452322,1692255188091,1692255188094,1693227452330,8,3,5
9870,1693227452331,1692255188099,1692255188103,1693227452339,8,4,4
9871,1693227452339,1692255188109,1692255188113,1693227452349,10,4,6
9872,1693227452349,1692255188117,1692255188120,1693227452356,7,3,4
9873,1693227452356,1692255188125,1692255188129,1693227452365,9,4,5
9874,1693227452365,1692255188134,1692255188138,1693227452374,9,4,5
9875,1693227452374,1692255188142,1692255188145,1693227452381,7,3,4
9876,1693227452381,1692255188150,1692255188153,1693227452389,8,3,5
9877,1693227452389,1692255188158,1692255188161,1693227452397,8,3,5
9878,1693227452397,1692255188168,1692255188171,1693227452408,11,3,8
9879,1693227452408,1692255188176,1692255188180,1693227452416,8,4,4
9880,1693227452416,1692255188185,1692255188189,1693227452425,9,4,5
9881,1693227452425,1692255188193,1692255188197,1693227452433,8,4,4
9882,1693227452433,1692255188202,1692255188205,1693227452441,8,3,5
9883,1693227452441,1692255188211,1692255188214,1693227452450,9,3,6
9884,1693227452450,1692255188219,1692255188222,1693227452458,8,3,5
9885,1693227452458,1692255188226,1692255188229,1693227452466,8,3,5
9886,1693227452466,1692255188234,1692255188237,1693227452473,7,3,4
9887,1693227452473,1692255188241,1692255188244,1693227452480,7,3,4
9888,1693227452481,1692255188249,1692255188253,1693227452489,8,4,4
9889,1693227452489,1692255188257,1692255188260,1693227452496,7,3,4
9890,1693227452496,1692255188265,1692255188268,1693227452504,8,3,5
9891,1693227452504,1692255188272,1692255188275,1693227452511,7,3,4
9892,1693227452511,1692255188279,1692255188282,1693227452518,7,3,4
9893,1693227452518,1692255188287,1692255188291,1693227452527,9,4,5
9894,1693227452527,1692255188295,1692255188299,1693227452535,8,4,4
9895,1693227452535,1692255188304,1692255188307,1693227452542,7,3,4
9896,1693227452542,1692255188310,1692255188313,1693227452549,7,3,4
9897,1693227452549,1692255188317,1692255188320,1693227452556,7,3,4
9898,1693227452556,1692255188325,1692255188328,1693227452564,8,3,5
9899,1693227452564,1692255188332,1692255188335,1693227452572,8,3,5
9900,1693227452572,1692255188340,1692255188343,1693227452579,7,3,4
9901,1693227452579,1692255188347,1692255188350,1693227452586,7,3,4
9902,1693227452586,1692255188354,1692255188357,1693227452593,7,3,4
9903,1693227452593,1692255188361,1692255188364,1693227452601,8,3,5
9904,1693227452601,1692255188369,1692255188372,1693227452608,7,3,4
9905,1693227452608,1692255188377,1692255188381,1693227452617,9,4,5
9906,1693227452617,1692255188385,1692255188388,1693227452624,7,3,4
9907,1693227452624,1692255188392,1692255188396,1693227452632,8,4,4
9908,1693227452633,1692255188400,1692255188403,1693227452639,6,3,3
9909,1693227452639,1692255188407,1692255188411,1693227452647,8,4,4
9910,1693227452647,1692255188415,1692255188418,1693227452654,7,3,4
9911,1693227452654,1692255188422,1692255188425,1693227452661,7,3,4
9912,1693227452661,1692255188429,1692255188433,1693227452669,8,4,4
9913,1693227452669,1692255188437,1692255188442,1693227452677,8,5,3
9914,1693227452677,1692255188445,1692255188448,1693227452685,8,3,5
9915,1693227452685,1692255188453,1692255188456,1693227452692,7,3,4
9916,1693227452692,1692255188460,1692255188464,1693227452700,8,4,4
9917,1693227452700,1692255188468,1692255188472,1693227452708,8,4,4
9918,1693227452708,1692255188476,1692255188479,1693227452715,7,3,4
9919,1693227452715,1692255188485,1692255188488,1693227452726,11,3,8
9920,1693227452726,1692255188496,1692255188500,1693227452736,10,4,6
9921,1693227452736,1692255188504,1692255188508,1693227452743,7,4,3
9922,1693227452744,1692255188512,1692255188514,1693227452751,7,2,5
9923,1693227452751,1692255188521,1692255188525,1693227452760,9,4,5
9924,1693227452760,1692255188529,1692255188532,1693227452768,8,3,5
9925,1693227452768,1692255188541,1692255188545,1693227452781,13,4,9
9926,1693227452781,1692255188549,1692255188552,1693227452788,7,3,4
9927,1693227452788,1692255188556,1692255188559,1693227452795,7,3,4
9928,1693227452795,1692255188563,1692255188566,1693227452802,7,3,4
9929,1693227452802,1692255188570,1692255188574,1693227452811,9,4,5
9930,1693227452811,1692255188579,1692255188582,1693227452818,7,3,4
9931,1693227452818,1692255188586,1692255188589,1693227452825,7,3,4
9932,1693227452825,1692255188595,1692255188598,1693227452834,9,3,6
9933,1693227452834,1692255188602,1692255188606,1693227452842,8,4,4
9934,1693227452842,1692255188610,1692255188613,1693227452849,7,3,4
9935,1693227452850,1692255188620,1692255188623,1693227452859,9,3,6
9936,1693227452859,1692255188627,1692255188631,1693227452867,8,4,4
9937,1693227452867,1692255188635,1692255188638,1693227452874,7,3,4
9938,1693227452874,1692255188642,1692255188646,1693227452882,8,4,4
9939,1693227452882,1692255188650,1692255188653,1693227452890,8,3,5
9940,1693227452890,1692255188658,1692255188661,1693227452897,7,3,4
9941,1693227452897,1692255188665,1692255188668,1693227452904,7,3,4
9942,1693227452904,1692255188673,1692255188675,1693227452912,8,2,6
9943,1693227452912,1692255188680,1692255188683,1693227452919,7,3,4
9944,1693227452919,1692255188687,1692255188692,1693227452930,11,5,6
9945,1693227452931,1692255188699,1692255188702,1693227452938,7,3,4
9946,1693227452938,1692255188707,1692255188710,1693227452946,8,3,5
9947,1693227452946,1692255188715,1692255188718,1693227452954,8,3,5
9948,1693227452954,1692255188723,1692255188725,1693227452961,7,2,5
9949,1693227452961,1692255188730,1692255188733,1693227452969,8,3,5
9950,1693227452969,1692255188737,1692255188741,1693227452977,8,4,4
9951,1693227452977,1692255188745,1692255188749,1693227452985,8,4,4
9952,1693227452985,1692255188753,1692255188756,1693227452992,7,3,4
9953,1693227452992,1692255188760,1692255188763,1693227452999,7,3,4
9954,1693227452999,1692255188767,1692255188771,1693227453007,8,4,4
9955,1693227453007,1692255188775,1692255188779,1693227453015,8,4,4
9956,1693227453016,1692255188784,1692255188787,1693227453023,7,3,4
9957,1693227453023,1692255188791,1692255188795,1693227453033,10,4,6
9958,1693227453033,1692255188801,1692255188804,1693227453040,7,3,4
9959,1693227453040,1692255188809,1692255188812,1693227453048,8,3,5
9960,1693227453048,1692255188816,1692255188819,1693227453055,7,3,4
9961,1693227453055,1692255188825,1692255188829,1693227453065,10,4,6
9962,1693227453065,1692255188833,1692255188836,1693227453072,7,3,4
9963,1693227453072,1692255188840,1692255188843,1693227453079,7,3,4
9964,1693227453079,1692255188847,1692255188851,1693227453087,8,4,4
9965,1693227453087,1692255188856,1692255188859,1693227453095,8,3,5
9966,1693227453095,1692255188864,1692255188866,1693227453102,7,2,5
9967,1693227453102,1692255188871,1692255188874,1693227453110,8,3,5
9968,1693227453110,1692255188879,1692255188882,1693227453117,7,3,4
9969,1693227453117,1692255188885,1692255188888,1693227453124,7,3,4
9970,1693227453124,1692255188893,1692255188895,1693227453131,7,2,5
9971,1693227453131,1692255188902,1692255188905,1693227453142,11,3,8
9972,1693227453142,1692255188910,1692255188913,1693227453149,7,3,4
9973,1693227453149,1692255188918,1692255188921,1693227453157,8,3,5
9974,1693227453157,1692255188925,1692255188928,1693227453163,6,3,3
9975,1693227453163,1692255188931,1692255188934,1693227453171,8,3,5
9976,1693227453171,1692255188939,1692255188943,1693227453179,8,4,4
9977,1693227453179,1692255188947,1692255188951,1693227453187,8,4,4
9978,1693227453187,1692255188956,1692255188960,1693227453196,9,4,5
9979,1693227453196,1692255188964,1692255188967,1693227453203,7,3,4
9980,1693227453203,1692255188971,1692255188974,1693227453210,7,3,4
9981,1693227453210,1692255188980,1692255188984,1693227453220,10,4,6
9982,1693227453220,1692255188988,1692255188992,1693227453228,8,4,4
9983,1693227453228,1692255188996,1692255188999,1693227453235,7,3,4
9984,1693227453235,1692255189004,1692255189008,1693227453244,9,4,5
9985,1693227453244,1692255189013,1692255189016,1693227453253,9,3,6
9986,1693227453253,1692255189021,1692255189024,1693227453261,8,3,5
9987,1693227453261,1692255189029,1692255189032,1693227453268,7,3,4
9988,1693227453268,1692255189037,1692255189040,1693227453276,8,3,5
9989,1693227453276,1692255189044,1692255189047,1693227453284,8,3,5
9990,1693227453284,1692255189052,1692255189055,1693227453291,7,3,4
9991,1693227453291,1692255189060,1692255189064,1693227453300,9,4,5
9992,1693227453300,1692255189069,1692255189072,1693227453308,8,3,5
9993,1693227453308,1692255189077,1692255189080,1693227453321,13,3,10
9994,1693227453321,1692255189090,1692255189093,1693227453329,8,3,5
9995,1693227453329,1692255189097,1692255189100,1693227453336,7,3,4
9996,1693227453336,1692255189106,1692255189110,1693227453346,10,4,6
9997,1693227453346,1692255189114,1692255189117,1693227453353,7,3,4
9998,1693227453353,1692255189122,1692255189125,1693227453361,8,3,5
9999,1693227453361,1692255189129,1692255189132,1693227453368,7,3,4
10000,1693227453368,1692255189136,1692255189139,1693227453375,7,3,4
10001,1693227453375,1692255189144,1692255189146,1693227453382,7,2,5
10002,1693227453382,1692255189151,1692255189155,1693227453391,9,4,5
10003,1693227453391,1692255189159,1692255189162,1693227453398,7,3,4
10004,1693227453398,1692255189167,1692255189171,1693227453407,9,4,5
10005,1693227453407,1692255189174,1692255189178,1693227453413,6,4,2
10006,1693227453413,1692255189181,1692255189186,1693227453422,9,5,4
10007,1693227453422,1692255189191,1692255189195,1693227453431,9,4,5
10008,1693227453431,1692255189199,1692255189202,1693227453438,7,3,4
10009,1693227453438,1692255189209,1692255189212,1693227453448,10,3,7
10010,1693227453448,1692255189216,1692255189219,1693227453455,7,3,4
10011,1693227453455,1692255189224,1692255189226,1693227453463,8,2,6
10012,1693227453463,1692255189231,1692255189234,1693227453471,8,3,5
10013,1693227453471,1692255189239,1692255189242,1693227453479,8,3,5
10014,1693227453479,1692255189247,1692255189250,1693227453486,7,3,4
10015,1693227453486,1692255189254,1692255189257,1693227453493,7,3,4
10016,1693227453671,1692255189440,1692255189445,1693227453681,10,5,5
10017,1693227453681,1692255189450,1692255189453,1693227453690,9,3,6
10018,1693227453690,1692255189459,1692255189465,1693227453702,12,6,6
10019,1693227453702,1692255189471,1692255189477,1693227453713,11,6,5
10020,1693227453713,1692255189482,1692255189486,1693227453722,9,4,5
10021,1693227453722,1692255189492,1692255189497,1693227453734,12,5,7
10022,1693227453734,1692255189503,1692255189507,1693227453744,10,4,6
10023,1693227453744,1692255189515,1692255189519,1693227453755,11,4,7
10024,1693227453755,1692255189526,1692255189531,1693227453768,13,5,8
10025,1693227453768,1692255189538,1692255189542,1693227453779,11,4,7
10026,1693227453779,1692255189549,1692255189554,1693227453790,11,5,6
10027,1693227453790,1692255189560,1692255189565,1693227453801,11,5,6
10028,1693227453801,1692255189571,1692255189576,1693227453812,11,5,6
10029,1693227453812,1692255189582,1692255189587,1693227453824,12,5,7
10030,1693227453824,1692255189596,1692255189601,1693227453838,14,5,9
10031,1693227453838,1692255189607,1692255189612,1693227453849,11,5,6
10032,1693227453849,1692255189619,1692255189624,1693227453860,11,5,6
10033,1693227453860,1692255189630,1692255189634,1693227453870,10,4,6
10034,1693227453870,1692255189639,1692255189643,1693227453880,10,4,6
10035,1693227453880,1692255189648,1692255189652,1693227453888,8,4,4
10036,1693227453888,1692255189657,1692255189660,1693227453896,8,3,5
10037,1693227453896,1692255189665,1692255189669,1693227453905,9,4,5
10038,1693227453905,1692255189674,1692255189678,1693227453914,9,4,5
10039,1693227453914,1692255189683,1692255189687,1693227453923,9,4,5
10040,1693227453923,1692255189692,1692255189696,1693227453932,9,4,5
10041,1693227453932,1692255189701,1692255189704,1693227453940,8,3,5
10042,1693227453940,1692255189709,1692255189713,1693227453949,9,4,5
10043,1693227453949,1692255189718,1692255189722,1693227453958,9,4,5
10044,1693227453958,1692255189727,1692255189731,1693227453968,10,4,6
10045,1693227453968,1692255189736,1692255189740,1693227453976,8,4,4
10046,1693227453976,1692255189745,1692255189748,1693227453984,8,3,5
10047,1693227453984,1692255189754,1692255189758,1693227453994,10,4,6
10048,1693227453994,1692255189763,1692255189767,1693227454003,9,4,5
10049,1693227454003,1692255189772,1692255189775,1693227454011,8,3,5
10050,1693227454011,1692255189780,1692255189783,1693227454020,9,3,6
10051,1693227454020,1692255189789,1692255189792,1693227454028,8,3,5
10052,1693227454028,1692255189798,1692255189802,1693227454038,10,4,6
10053,1693227454038,1692255189807,1692255189810,1693227454046,8,3,5
10054,1693227454046,1692255189815,1692255189822,1693227454058,12,7,5
10055,1693227454058,1692255189828,1692255189832,1693227454068,10,4,6
10056,1693227454068,1692255189837,1692255189842,1693227454078,10,5,5
10057,1693227454078,1692255189850,1692255189855,1693227454091,13,5,8
10058,1693227454091,1692255189860,1692255189865,1693227454101,10,5,5
10059,1693227454101,1692255189870,1692255189875,1693227454111,10,5,5
10060,1693227454111,1692255189879,1692255189884,1693227454119,8,5,3
10061,1693227454119,1692255189888,1692255189892,1693227454128,9,4,5
10062,1693227454128,1692255189897,1692255189901,1693227454138,10,4,6
10063,1693227454138,1692255189907,1692255189911,1693227454147,9,4,5
10064,1693227454147,1692255189917,1692255189921,1693227454159,12,4,8
10065,1693227454159,1692255189928,1692255189932,1693227454168,9,4,5
10066,1693227454168,1692255189937,1692255189941,1693227454177,9,4,5
10067,1693227454177,1692255189946,1692255189950,1693227454187,10,4,6
10068,1693227454187,1692255189955,1692255189959,1693227454195,8,4,4
10069,1693227454195,1692255189964,1692255189967,1693227454203,8,3,5
10070,1693227454203,1692255189972,1692255189975,1693227454211,8,3,5
10071,1693227454211,1692255189980,1692255189984,1693227454220,9,4,5
10072,1693227454220,1692255189989,1692255189993,1693227454229,9,4,5
10073,1693227454229,1692255189998,1692255190001,1693227454238,9,3,6
10074,1693227454238,1692255190007,1692255190010,1693227454246,8,3,5
10075,1693227454246,1692255190015,1692255190019,1693227454255,9,4,5
10076,1693227454255,1692255190024,1692255190028,1693227454264,9,4,5
10077,1693227454264,1692255190033,1692255190037,1693227454273,9,4,5
10078,1693227454273,1692255190042,1692255190046,1693227454282,9,4,5
10079,1693227454282,1692255190051,1692255190055,1693227454291,9,4,5
10080,1693227454291,1692255190060,1692255190064,1693227454300,9,4,5
10081,1693227454300,1692255190068,1692255190073,1693227454309,9,5,4
10082,1693227454309,1692255190078,1692255190082,1693227454319,10,4,6
10083,1693227454319,1692255190088,1692255190092,1693227454328,9,4,5
10084,1693227454328,1692255190098,1692255190102,1693227454338,10,4,6
10085,1693227454338,1692255190107,1692255190111,1693227454347,9,4,5
10086,1693227454347,1692255190116,1692255190120,1693227454356,9,4,5
10087,1693227454356,1692255190125,1692255190129,1693227454366,10,4,6
10088,1693227454366,1692255190135,1692255190139,1693227454375,9,4,5
10089,1693227454375,1692255190145,1692255190148,1693227454384,9,3,6
10090,1693227454384,1692255190154,1692255190158,1693227454394,10,4,6
10091,1693227454394,1692255190163,1692255190169,1693227454406,12,6,6
10092,1693227454406,1692255190175,1692255190179,1693227454415,9,4,5
10093,1693227454415,1692255190184,1692255190189,1693227454425,10,5,5
10094,1693227454425,1692255190199,1692255190203,1693227454440,15,4,11
10095,1693227454440,1692255190211,1692255190215,1693227454451,11,4,7
10096,1693227454451,1692255190221,1692255190225,1693227454462,11,4,7
10097,1693227454462,1692255190233,1692255190236,1693227454472,10,3,7
10098,1693227454472,1692255190244,1692255190248,1693227454485,13,4,9
10099,1693227454485,1692255190254,1692255190258,1693227454494,9,4,5
10100,1693227454494,1692255190263,1692255190268,1693227454504,10,5,5
10101,1693227454504,1692255190274,1692255190279,1693227454515,11,5,6
10102,1693227454515,1692255190284,1692255190288,1693227454525,10,4,6
10103,1693227454525,1692255190294,1692255190298,1693227454534,9,4,5
10104,1693227454534,1692255190303,1692255190308,1693227454544,10,5,5
10105,1693227454544,1692255190313,1692255190317,1693227454554,10,4,6
10106,1693227454554,1692255190323,1692255190327,1693227454564,10,4,6
10107,1693227454564,1692255190333,1692255190337,1693227454573,9,4,5
10108,1693227454573,1692255190343,1692255190347,1693227454583,10,4,6
10109,1693227454583,1692255190353,1692255190358,1693227454595,12,5,7
10110,1693227454595,1692255190364,1692255190368,1693227454605,10,4,6
10111,1693227454605,1692255190374,1692255190378,1693227454614,9,4,5
10112,1693227454614,1692255190383,1692255190388,1693227454624,10,5,5
10113,1693227454624,1692255190397,1692255190401,1693227454637,13,4,9
10114,1693227454637,1692255190407,1692255190413,1693227454649,12,6,6
10115,1693227454649,1692255190419,1692255190425,1693227454661,12,6,6
10116,1693227454661,1692255190430,1692255190435,1693227454672,11,5,6
10117,1693227454673,1692255190442,1692255190448,1693227454684,11,6,5
10118,1693227454684,1692255190454,1692255190459,1693227454696,12,5,7
10119,1693227454696,1692255190466,1692255190475,1693227454711,15,9,6
10120,1693227454711,1692255190481,1692255190486,1693227454722,11,5,6
10121,1693227454722,1692255190492,1692255190497,1693227454733,11,5,6
10122,1693227454733,1692255190503,1692255190508,1693227454745,12,5,7
10123,1693227454745,1692255190515,1692255190521,1693227454757,12,6,6
10124,1693227454757,1692255190528,1692255190533,1693227454769,12,5,7
10125,1693227454770,1692255190541,1692255190545,1693227454781,11,4,7
10126,1693227454781,1692255190551,1692255190557,1693227454793,12,6,6
10127,1693227454793,1692255190563,1692255190571,1693227454808,15,8,7
10128,1693227454808,1692255190580,1692255190586,1693227454822,14,6,8
10129,1693227454822,1692255190591,1692255190596,1693227454832,10,5,5
10130,1693227454832,1692255190601,1692255190607,1693227454843,11,6,5
10131,1693227454843,1692255190613,1692255190618,1693227454855,12,5,7
10132,1693227454855,1692255190625,1692255190629,1693227454865,10,4,6
10133,1693227454865,1692255190635,1692255190640,1693227454876,11,5,6
10134,1693227454877,1692255190646,1692255190651,1693227454888,11,5,6
10135,1693227454888,1692255190657,1692255190662,1693227454899,11,5,6
10136,1693227454899,1692255190669,1692255190674,1693227454910,11,5,6
10137,1693227454910,1692255190679,1692255190683,1693227454919,9,4,5
10138,1693227454919,1692255190690,1692255190695,1693227454931,12,5,7
10139,1693227454931,1692255190701,1692255190706,1693227454942,11,5,6
10140,1693227454942,1692255190712,1692255190717,1693227454953,11,5,6
10141,1693227454953,1692255190722,1692255190728,1693227454964,11,6,5
10142,1693227454964,1692255190734,1692255190738,1693227454975,11,4,7
10143,1693227454975,1692255190746,1692255190751,1693227454988,13,5,8
10144,1693227454988,1692255190757,1692255190763,1693227454999,11,6,5
10145,1693227454999,1692255190768,1692255190773,1693227455009,10,5,5
10146,1693227455009,1692255190778,1692255190782,1693227455018,9,4,5
10147,1693227455018,1692255190787,1692255190791,1693227455028,10,4,6
10148,1693227455028,1692255190797,1692255190801,1693227455037,9,4,5
10149,1693227455037,1692255190806,1692255190810,1693227455046,9,4,5
10150,1693227455046,1692255190815,1692255190819,1693227455055,9,4,5
10151,1693227455055,1692255190824,1692255190829,1693227455065,10,5,5
10152,1693227455065,1692255190834,1692255190838,1693227455074,9,4,5
10153,1693227455074,1692255190843,1692255190846,1693227455083,9,3,6
10154,1693227455083,1692255190852,1692255190857,1693227455093,10,5,5
10155,1693227455093,1692255190862,1692255190867,1693227455103,10,5,5
10156,1693227455103,1692255190873,1692255190878,1693227455114,11,5,6
10157,1693227455114,1692255190882,1692255190886,1693227455123,9,4,5
10158,1693227455123,1692255190893,1692255190898,1693227455134,11,5,6
10159,1693227455134,1692255190903,1692255190908,1693227455144,10,5,5
10160,1693227455144,1692255190913,1692255190917,1693227455153,9,4,5
10161,1693227455153,1692255190923,1692255190927,1693227455163,10,4,6
10162,1693227455163,1692255190932,1692255190937,1693227455174,11,5,6
10163,1693227455174,1692255190943,1692255190947,1693227455184,10,4,6
10164,1693227455184,1692255190953,1692255190962,1693227455198,14,9,5
10165,1693227455198,1692255190967,1692255190971,1693227455208,10,4,6
10166,1693227455208,1692255190977,1692255190981,1693227455218,10,4,6
10167,1693227455218,1692255190987,1692255190991,1693227455227,9,4,5
10168,1693227455227,1692255190996,1692255191000,1693227455236,9,4,5
10169,1693227455236,1692255191005,1692255191009,1693227455245,9,4,5
10170,1693227455245,1692255191014,1692255191018,1693227455254,9,4,5
10171,1693227455254,1692255191024,1692255191028,1693227455264,10,4,6
10172,1693227455264,1692255191033,1692255191036,1693227455273,9,3,6
10173,1693227455273,1692255191042,1692255191046,1693227455282,9,4,5
10174,1693227455282,1692255191053,1692255191057,1693227455294,12,4,8
10175,1693227455294,1692255191063,1692255191068,1693227455304,10,5,5
10176,1693227455304,1692255191073,1692255191079,1693227455315,11,6,5
10177,1693227455315,1692255191085,1692255191090,1693227455326,11,5,6
10178,1693227455326,1692255191100,1692255191109,1693227455345,19,9,10
10179,1693227455345,1692255191115,1692255191119,1693227455356,11,4,7
10180,1693227455356,1692255191125,1692255191129,1693227455365,9,4,5
10181,1693227455365,1692255191134,1692255191138,1693227455374,9,4,5
10182,1693227455374,1692255191143,1692255191147,1693227455383,9,4,5
10183,1693227455383,1692255191152,1692255191156,1693227455392,9,4,5
10184,1693227455392,1692255191161,1692255191165,1693227455401,9,4,5
10185,1693227455401,1692255191171,1692255191175,1693227455412,11,4,7
10186,1693227455412,1692255191181,1692255191185,1693227455421,9,4,5
10187,1693227455421,1692255191190,1692255191194,1693227455430,9,4,5
10188,1693227455431,1692255191200,1692255191204,1693227455440,9,4,5
10189,1693227455440,1692255191209,1692255191213,1693227455449,9,4,5
10190,1693227455449,1692255191218,1692255191221,1693227455457,8,3,5
10191,1693227455457,1692255191226,1692255191230,1693227455466,9,4,5
10192,1693227455466,1692255191237,1692255191241,1693227455477,11,4,7
10193,1693227455477,1692255191246,1692255191251,1693227455487,10,5,5
10194,1693227455487,1692255191258,1692255191261,1693227455498,11,3,8
10195,1693227455498,1692255191267,1692255191272,1693227455508,10,5,5
10196,1693227455508,1692255191278,1692255191281,1693227455517,9,3,6
10197,1693227455517,1692255191287,1692255191291,1693227455528,11,4,7
10198,1693227455528,1692255191297,1692255191301,1693227455537,9,4,5
10199,1693227455537,1692255191307,1692255191312,1693227455548,11,5,6
10200,1693227455548,1692255191317,1692255191324,1693227455561,13,7,6
10201,1693227455561,1692255191330,1692255191335,1693227455571,10,5,5
10202,1693227455571,1692255191340,1692255191346,1693227455582,11,6,5
10203,1693227455582,1692255191352,1692255191358,1693227455594,12,6,6
10204,1693227455594,1692255191364,1692255191368,1693227455604,10,4,6
10205,1693227455604,1692255191374,1692255191379,1693227455615,11,5,6
10206,1693227455615,1692255191386,1692255191390,1693227455627,12,4,8
10207,1693227455627,1692255191396,1692255191400,1693227455637,10,4,6
10208,1693227455637,1692255191406,1692255191411,1693227455647,10,5,5
10209,1693227455647,1692255191416,1692255191420,1693227455656,9,4,5
10210,1693227455656,1692255191426,1692255191430,1693227455666,10,4,6
10211,1693227455666,1692255191435,1692255191439,1693227455675,9,4,5
10212,1693227455675,1692255191444,1692255191448,1693227455684,9,4,5
10213,1693227455684,1692255191454,1692255191458,1693227455696,12,4,8
10214,1693227455696,1692255191465,1692255191468,1693227455705,9,3,6
10215,1693227455705,1692255191481,1692255191486,1693227455722,17,5,12
10216,1693227455722,1692255191491,1692255191495,1693227455731,9,4,5
10217,1693227455731,1692255191501,1692255191506,1693227455742,11,5,6
10218,1693227455742,1692255191513,1692255191517,1693227455753,11,4,7
10219,1693227455753,1692255191526,1692255191530,1693227455766,13,4,9
10220,1693227455766,1692255191535,1692255191540,1693227455776,10,5,5
10221,1693227455776,1692255191545,1692255191549,1693227455785,9,4,5
10222,1693227455785,1692255191554,1692255191558,1693227455794,9,4,5
10223,1693227455794,1692255191565,1692255191569,1693227455805,11,4,7
10224,1693227455805,1692255191574,1692255191578,1693227455814,9,4,5
10225,1693227455814,1692255191583,1692255191587,1693227455823,9,4,5
10226,1693227455823,1692255191592,1692255191596,1693227455832,9,4,5
10227,1693227455832,1692255191601,1692255191604,1693227455840,8,3,5
10228,1693227455840,1692255191609,1692255191612,1693227455848,8,3,5
10229,1693227455848,1692255191617,1692255191621,1693227455857,9,4,5
10230,1693227455857,1692255191626,1692255191629,1693227455865,8,3,5
10231,1693227455865,1692255191635,1692255191639,1693227455875,10,4,6
10232,1693227455875,1692255191645,1692255191648,1693227455885,10,3,7
10233,1693227455885,1692255191654,1692255191659,1693227455895,10,5,5
10234,1693227455895,1692255191663,1692255191667,1693227455903,8,4,4
10235,1693227455903,1692255191672,1692255191676,1693227455913,10,4,6
10236,1693227455913,1692255191681,1692255191686,1693227455922,9,5,4
10237,1693227455922,1692255191691,1692255191698,1693227455934,12,7,5
10238,1693227455934,1692255191703,1692255191707,1693227455943,9,4,5
10239,1693227455943,1692255191712,1692255191716,1693227455952,9,4,5
10240,1693227455952,1692255191721,1692255191724,1693227455960,8,3,5
10241,1693227455960,1692255191729,1692255191733,1693227455969,9,4,5
10242,1693227455969,1692255191738,1692255191742,1693227455978,9,4,5
10243,1693227455978,1692255191747,1692255191751,1693227455987,9,4,5
10244,1693227455987,1692255191756,1692255191759,1693227455995,8,3,5
10245,1693227455995,1692255191763,1692255191767,1693227456002,7,4,3
10246,1693227456003,1692255191771,1692255191775,1693227456011,8,4,4
10247,1693227456012,1692255191780,1692255191784,1693227456020,8,4,4
10248,1693227456020,1692255191791,1692255191794,1693227456031,11,3,8
10249,1693227456031,1692255191799,1692255191803,1693227456039,8,4,4
10250,1693227456039,1692255191808,1692255191812,1693227456047,8,4,4
10251,1693227456047,1692255191816,1692255191820,1693227456056,9,4,5
10252,1693227456056,1692255191825,1692255191828,1693227456064,8,3,5
10253,1693227456064,1692255191833,1692255191837,1693227456073,9,4,5
10254,1693227456073,1692255191843,1692255191847,1693227456083,10,4,6
10255,1693227456083,1692255191852,1692255191855,1693227456091,8,3,5
10256,1693227456091,1692255191860,1692255191864,1693227456100,9,4,5
10257,1693227456100,1692255191868,1692255191872,1693227456108,8,4,4
10258,1693227456108,1692255191877,1692255191881,1693227456117,9,4,5
10259,1693227456117,1692255191886,1692255191890,1693227456126,9,4,5
10260,1693227456126,1692255191894,1692255191898,1693227456134,8,4,4
10261,1693227456134,1692255191903,1692255191906,1693227456142,8,3,5
10262,1693227456142,1692255191911,1692255191915,1693227456150,8,4,4
10263,1693227456150,1692255191919,1692255191922,1693227456158,8,3,5
10264,1693227456158,1692255191928,1692255191931,1693227456167,9,3,6
10265,1693227456167,1692255191935,1692255191939,1693227456175,8,4,4
10266,1693227456175,1692255191946,1692255191951,1693227456187,12,5,7
10267,1693227456187,1692255191956,1692255191961,1693227456197,10,5,5
10268,1693227456197,1692255191965,1692255191969,1693227456207,10,4,6
10269,1693227456207,1692255191976,1692255191980,1693227456217,10,4,6
10270,1693227456217,1692255191987,1692255191991,1693227456227,10,4,6
10271,1693227456227,1692255191996,1692255192000,1693227456237,10,4,6
10272,1693227456237,1692255192006,1692255192010,1693227456246,9,4,5
10273,1693227456246,1692255192015,1692255192019,1693227456255,9,4,5
10274,1693227456255,1692255192025,1692255192031,1693227456267,12,6,6
10275,1693227456267,1692255192036,1692255192039,1693227456275,8,3,5
10276,1693227456275,1692255192044,1692255192048,1693227456284,9,4,5
10277,1693227456284,1692255192054,1692255192057,1693227456294,10,3,7
10278,1693227456294,1692255192063,1692255192066,1693227456302,8,3,5
10279,1693227456302,1692255192071,1692255192075,1693227456311,9,4,5
10280,1693227456311,1692255192080,1692255192083,1693227456319,8,3,5
10281,1693227456319,1692255192089,1692255192092,1693227456328,9,3,6
10282,1693227456328,1692255192097,1692255192100,1693227456339,11,3,8
10283,1693227456339,1692255192108,1692255192111,1693227456347,8,3,5
10284,1693227456347,1692255192116,1692255192120,1693227456356,9,4,5
10285,1693227456356,1692255192125,1692255192128,1693227456364,8,3,5
10286,1693227456364,1692255192133,1692255192136,1693227456372,8,3,5
10287,1693227456372,1692255192149,1692255192152,1693227456388,16,3,13
10288,1693227456388,1692255192157,1692255192160,1693227456397,9,3,6
10289,1693227456397,1692255192165,1692255192171,1693227456407,10,6,4
10290,1693227456407,1692255192175,1692255192179,1693227456415,8,4,4
10291,1693227456415,1692255192184,1692255192188,1693227456424,9,4,5
10292,1693227456424,1692255192193,1692255192198,1693227456434,10,5,5
10293,1693227456434,1692255192203,1692255192207,1693227456444,10,4,6
10294,1693227456444,1692255192213,1692255192218,1693227456454,10,5,5
10295,1693227456454,1692255192223,1692255192227,1693227456463,9,4,5
10296,1693227456463,1692255192232,1692255192236,1693227456472,9,4,5
10297,1693227456472,1692255192242,1692255192246,1693227456482,10,4,6
10298,1693227456482,1692255192252,1692255192256,1693227456492,10,4,6
10299,1693227456492,1692255192262,1692255192267,1693227456503,11,5,6
10300,1693227456503,1692255192272,1692255192276,1693227456515,12,4,8
10301,1693227456515,1692255192284,1692255192288,1693227456524,9,4,5
10302,1693227456524,1692255192293,1692255192298,1693227456534,10,5,5
10303,1693227456534,1692255192303,1692255192308,1693227456544,10,5,5
10304,1693227456544,1692255192314,1692255192318,1693227456554,10,4,6
10305,1693227456554,1692255192324,1692255192328,1693227456564,10,4,6
10306,1693227456564,1692255192333,1692255192338,1693227456574,10,5,5
10307,1693227456574,1692255192343,1692255192347,1693227456583,9,4,5
10308,1693227456584,1692255192353,1692255192356,1693227456592,8,3,5
10309,1693227456593,1692255192362,1692255192367,1693227456604,11,5,6
10310,1693227456604,1692255192374,1692255192379,1693227456617,13,5,8
10311,1693227456617,1692255192387,1692255192395,1693227456631,14,8,6
10312,1693227456631,1692255192401,1692255192406,1693227456643,12,5,7
10313,1693227456643,1692255192412,1692255192416,1693227456653,10,4,6
10314,1693227456653,1692255192423,1692255192426,1693227456663,10,3,7
10315,1693227456663,1692255192432,1692255192436,1693227456672,9,4,5
10316,1693227456672,1692255192441,1692255192445,1693227456682,10,4,6
10317,1693227456682,1692255192451,1692255192455,1693227456691,9,4,5
10318,1693227456691,1692255192461,1692255192465,1693227456702,11,4,7
10319,1693227456702,1692255192471,1692255192475,1693227456711,9,4,5
10320,1693227456711,1692255192480,1692255192484,1693227456721,10,4,6
10321,1693227456721,1692255192490,1692255192494,1693227456731,10,4,6
10322,1693227456731,1692255192500,1692255192504,1693227456741,10,4,6
10323,1693227456741,1692255192510,1692255192514,1693227456750,9,4,5
10324,1693227456750,1692255192520,1692255192524,1693227456761,11,4,7
10325,1693227456761,1692255192530,1692255192534,1693227456771,10,4,6
10326,1693227456771,1692255192540,1692255192544,1693227456781,10,4,6
10327,1693227456781,1692255192550,1692255192555,1693227456792,11,5,6
10328,1693227456792,1692255192561,1692255192566,1693227456802,10,5,5
10329,1693227456802,1692255192572,1692255192576,1693227456813,11,4,7
10330,1693227456813,1692255192582,1692255192586,1693227456822,9,4,5
10331,1693227456823,1692255192592,1692255192596,1693227456832,9,4,5
10332,1693227456832,1692255192602,1692255192605,1693227456842,10,3,7
10333,1693227456842,1692255192611,1692255192615,1693227456851,9,4,5
10334,1693227456851,1692255192620,1692255192625,1693227456861,10,5,5
10335,1693227456861,1692255192631,1692255192634,1693227456871,10,3,7
10336,1693227456871,1692255192640,1692255192644,1693227456880,9,4,5
10337,1693227456880,1692255192648,1692255192652,1693227456888,8,4,4
10338,1693227456888,1692255192657,1692255192660,1693227456896,8,3,5
10339,1693227456897,1692255192666,1692255192670,1693227456906,9,4,5
10340,1693227456906,1692255192676,1692255192680,1693227456916,10,4,6
10341,1693227456916,1692255192685,1692255192689,1693227456925,9,4,5
10342,1693227456926,1692255192694,1692255192698,1693227456934,8,4,4
10343,1693227456934,1692255192703,1692255192707,1693227456943,9,4,5
10344,1693227456943,1692255192713,1692255192717,1693227456953,10,4,6
10345,1693227456953,1692255192722,1692255192726,1693227456962,9,4,5
10346,1693227456962,1692255192731,1692255192735,1693227456972,10,4,6
10347,1693227456972,1692255192741,1692255192745,1693227456981,9,4,5
10348,1693227456981,1692255192751,1692255192756,1693227456992,11,5,6
10349,1693227456992,1692255192761,1692255192765,1693227457002,10,4,6
10350,1693227457002,1692255192772,1692255192775,1693227457012,10,3,7
10351,1693227457012,1692255192782,1692255192787,1693227457026,14,5,9
10352,1693227457026,1692255192796,1692255192802,1693227457039,13,6,7
10353,1693227457039,1692255192808,1692255192813,1693227457049,10,5,5
10354,1693227457049,1692255192820,1692255192825,1693227457062,13,5,8
10355,1693227457062,1692255192832,1692255192837,1693227457074,12,5,7
10356,1693227457074,1692255192845,1692255192849,1693227457085,11,4,7
10357,1693227457085,1692255192854,1692255192858,1693227457095,10,4,6
10358,1693227457095,1692255192864,1692255192868,1693227457104,9,4,5
10359,1693227457104,1692255192874,1692255192879,1693227457116,12,5,7
10360,1693227457116,1692255192886,1692255192890,1693227457126,10,4,6
10361,1693227457126,1692255192896,1692255192901,1693227457138,12,5,7
10362,1693227457138,1692255192907,1692255192911,1693227457147,9,4,5
10363,1693227457148,1692255192917,1692255192921,1693227457157,9,4,5
10364,1693227457157,1692255192927,1692255192930,1693227457167,10,3,7
10365,1693227457167,1692255192936,1692255192940,1693227457176,9,4,5
10366,1693227457176,1692255192946,1692255192950,1693227457187,11,4,7
10367,1693227457187,1692255192956,1692255192962,1693227457198,11,6,5
10368,1693227457198,1692255192967,1692255192971,1693227457208,10,4,6
10369,1693227457208,1692255192977,1692255192982,1693227457218,10,5,5
10370,1693227457218,1692255192988,1692255192993,1693227457232,14,5,9
10371,1693227457232,1692255193001,1692255193005,1693227457241,9,4,5
10372,1693227457241,1692255193010,1692255193014,1693227457250,9,4,5
10373,1693227457250,1692255193020,1692255193024,1693227457260,10,4,6
10374,1693227457260,1692255193033,1692255193037,1693227457273,13,4,9
10375,1693227457273,1692255193042,1692255193047,1693227457283,10,5,5
10376,1693227457283,1692255193052,1692255193057,1693227457293,10,5,5
10377,1693227457293,1692255193062,1692255193066,1693227457303,10,4,6
10378,1693227457303,1692255193072,1692255193076,1693227457312,9,4,5
10379,1693227457312,1692255193081,1692255193087,1693227457323,11,6,5
10380,1693227457323,1692255193092,1692255193096,1693227457334,11,4,7
10381,1693227457334,1692255193103,1692255193107,1693227457345,11,4,7
10382,1693227457345,1692255193114,1692255193118,1693227457354,9,4,5
10383,1693227457354,1692255193125,1692255193130,1693227457366,12,5,7
10384,1693227457366,1692255193135,1692255193139,1693227457376,10,4,6
10385,1693227457376,1692255193146,1692255193153,1693227457389,13,7,6
10386,1693227457389,1692255193161,1692255193165,1693227457402,13,4,9
10387,1693227457402,1692255193171,1692255193175,1693227457411,9,4,5
10388,1693227457411,1692255193181,1692255193185,1693227457421,10,4,6
10389,1693227457421,1692255193190,1692255193195,1693227457431,10,5,5
10390,1693227457431,1692255193200,1692255193205,1693227457441,10,5,5
10391,1693227457441,1692255193211,1692255193218,1693227457454,13,7,6
10392,1693227457454,1692255193223,1692255193228,1693227457464,10,5,5
10393,1693227457464,1692255193233,1692255193237,1693227457473,9,4,5
10394,1693227457473,1692255193242,1692255193248,1693227457484,11,6,5
10395,1693227457484,1692255193254,1692255193258,1693227457494,10,4,6
10396,1693227457494,1692255193263,1692255193267,1693227457504,10,4,6
10397,1693227457504,1692255193273,1692255193278,1693227457514,10,5,5
10398,1693227457514,1692255193283,1692255193287,1693227457524,10,4,6
10399,1693227457524,1692255193293,1692255193297,1693227457533,9,4,5
10400,1693227457533,1692255193302,1692255193306,1693227457542,9,4,5
10401,1693227457542,1692255193311,1692255193314,1693227457550,8,3,5
10402,1693227457550,1692255193319,1692255193322,1693227457558,8,3,5
10403,1693227457558,1692255193327,1692255193331,1693227457567,9,4,5
10404,1693227457567,1692255193336,1692255193340,1693227457576,9,4,5
10405,1693227457576,1692255193345,1692255193348,1693227457584,8,3,5
10406,1693227457584,1692255193354,1692255193357,1693227457593,9,3,6
10407,1693227457593,1692255193362,1692255193366,1693227457602,9,4,5
10408,1693227457602,1692255193372,1692255193375,1693227457611,9,3,6
10409,1693227457611,1692255193379,1692255193383,1693227457620,9,4,5
10410,1693227457620,1692255193389,1692255193393,1693227457630,10,4,6
10411,1693227457630,1692255193399,1692255193403,1693227457641,11,4,7
10412,1693227457641,1692255193411,1692255193415,1693227457651,10,4,6
10413,1693227457651,1692255193420,1692255193424,1693227457660,9,4,5
10414,1693227457660,1692255193429,1692255193434,1693227457670,10,5,5
10415,1693227457670,1692255193440,1692255193444,1693227457681,11,4,7
10416,1693227457681,1692255193450,1692255193454,1693227457691,10,4,6
10417,1693227457691,1692255193459,1692255193463,1693227457699,8,4,4
10418,1693227457699,1692255193468,1692255193472,1693227457708,9,4,5
10419,1693227457708,1692255193477,1692255193481,1693227457718,10,4,6
10420,1693227457718,1692255193487,1692255193491,1693227457727,9,4,5
10421,1693227457727,1692255193496,1692255193502,1693227457738,11,6,5
10422,1693227457738,1692255193507,1692255193511,1693227457747,9,4,5
10423,1693227457747,1692255193517,1692255193521,1693227457757,10,4,6
10424,1693227457757,1692255193526,1692255193530,1693227457766,9,4,5
10425,1693227457766,1692255193536,1692255193540,1693227457776,10,4,6
10426,1693227457777,1692255193546,1692255193551,1693227457787,10,5,5
10427,1693227457787,1692255193556,1692255193561,1693227457798,11,5,6
10428,1693227457798,1692255193567,1692255193572,1693227457808,10,5,5
10429,1693227457808,1692255193582,1692255193585,1693227457822,14,3,11
10430,1693227457822,1692255193591,1692255193595,1693227457832,10,4,6
10431,1693227457832,1692255193601,1692255193605,1693227457841,9,4,5
10432,1693227457841,1692255193613,1692255193617,1693227457853,12,4,8
10433,1693227457853,1692255193625,1692255193629,1693227457865,12,4,8
10434,1693227457865,1692255193634,1692255193638,1693227457874,9,4,5
10435,1693227457874,1692255193643,1692255193647,1693227457883,9,4,5
10436,1693227457883,1692255193652,1692255193656,1693227457892,9,4,5
10437,1693227457892,1692255193661,1692255193665,1693227457901,9,4,5
10438,1693227457901,1692255193670,1692255193674,1693227457910,9,4,5
10439,1693227457910,1692255193679,1692255193684,1693227457920,10,5,5
10440,1693227457920,1692255193691,1692255193695,1693227457931,11,4,7
10441,1693227457931,1692255193700,1692255193704,1693227457941,10,4,6
10442,1693227457941,1692255193712,1692255193716,1693227457953,12,4,8
10443,1693227457953,1692255193722,1692255193727,1693227457964,11,5,6
10444,1693227457964,1692255193733,1692255193737,1693227457974,10,4,6
10445,1693227457974,1692255193743,1692255193747,1693227457983,9,4,5
10446,1693227457983,1692255193752,1692255193757,1693227457993,10,5,5
10447,1693227457993,1692255193762,1692255193766,1693227458002,9,4,5
10448,1693227458002,1692255193772,1692255193776,1693227458012,10,4,6
10449,1693227458012,1692255193781,1692255193786,1693227458022,10,5,5
10450,1693227458022,1692255193791,1692255193795,1693227458032,10,4,6
10451,1693227458032,1692255193801,1692255193805,1693227458041,9,4,5
10452,1693227458041,1692255193810,1692255193815,1693227458051,10,5,5
10453,1693227458051,1692255193820,1692255193825,1693227458061,10,5,5
10454,1693227458061,1692255193830,1692255193834,1693227458070,9,4,5
10455,1693227458070,1692255193839,1692255193842,1693227458079,9,3,6
10456,1693227458079,1692255193848,1692255193852,1693227458088,9,4,5
10457,1693227458088,1692255193857,1692255193861,1693227458097,9,4,5
10458,1693227458097,1692255193867,1692255193875,1693227458111,14,8,6
10459,1693227458111,1692255193880,1692255193884,1693227458121,10,4,6
10460,1693227458121,1692255193890,1692255193895,1693227458131,10,5,5
10461,1693227458131,1692255193901,1692255193905,1693227458142,11,4,7
10462,1693227458142,1692255193910,1692255193915,1693227458153,11,5,6
10463,1693227458153,1692255193922,1692255193926,1693227458163,10,4,6
10464,1693227458163,1692255193932,1692255193936,1693227458172,9,4,5
10465,1693227458172,1692255193941,1692255193945,1693227458181,9,4,5
10466,1693227458181,1692255193951,1692255193955,1693227458191,10,4,6
10467,1693227458191,1692255193960,1692255193964,1693227458200,9,4,5
10468,1693227458200,1692255193969,1692255193972,1693227458209,9,3,6
10469,1693227458209,1692255193978,1692255193982,1693227458218,9,4,5
10470,1693227458218,1692255193988,1692255193992,1693227458228,10,4,6
10471,1693227458228,1692255193998,1692255194002,1693227458238,10,4,6
10472,1693227458238,1692255194007,1692255194011,1693227458247,9,4,5
10473,1693227458247,1692255194023,1692255194027,1693227458263,16,4,12
10474,1693227458263,1692255194032,1692255194036,1693227458272,9,4,5
10475,1693227458272,1692255194043,1692255194046,1693227458283,11,3,8
10476,1693227458283,1692255194054,1692255194058,1693227458295,12,4,8
10477,1693227458295,1692255194065,1692255194070,1693227458306,11,5,6
10478,1693227458306,1692255194077,1692255194082,1693227458318,12,5,7
10479,1693227458318,1692255194088,1692255194092,1693227458328,10,4,6
10480,1693227458328,1692255194099,1692255194103,1693227458340,12,4,8
10481,1693227458340,1692255194110,1692255194115,1693227458351,11,5,6
10482,1693227458352,1692255194122,1692255194127,1693227458363,11,5,6
10483,1693227458363,1692255194133,1692255194140,1693227458377,14,7,7
10484,1693227458377,1692255194146,1692255194150,1693227458387,10,4,6
10485,1693227458387,1692255194156,1692255194160,1693227458396,9,4,5
10486,1693227458396,1692255194168,1692255194172,1693227458408,12,4,8
10487,1693227458408,1692255194178,1692255194181,1693227458417,9,3,6
10488,1693227458417,1692255194186,1692255194191,1693227458427,10,5,5
10489,1693227458427,1692255194196,1692255194200,1693227458436,9,4,5
10490,1693227458436,1692255194206,1692255194210,1693227458446,10,4,6
10491,1693227458446,1692255194214,1692255194218,1693227458454,8,4,4
10492,1693227458454,1692255194223,1692255194226,1693227458462,8,3,5
10493,1693227458463,1692255194231,1692255194238,1693227458474,11,7,4
10494,1693227458474,1692255194243,1692255194248,1693227458484,10,5,5
10495,1693227458484,1692255194256,1692255194260,1693227458496,12,4,8
10496,1693227458496,1692255194267,1692255194271,1693227458507,11,4,7
10497,1693227458507,1692255194277,1692255194281,1693227458517,10,4,6
10498,1693227458517,1692255194287,1692255194291,1693227458527,10,4,6
10499,1693227458527,1692255194297,1692255194302,1693227458538,11,5,6
10500,1693227458538,1692255194308,1692255194315,1693227458551,13,7,6
10501,1693227458551,1692255194321,1692255194326,1693227458563,12,5,7
10502,1693227458563,1692255194333,1692255194343,1693227458579,16,10,6
10503,1693227458579,1692255194349,1692255194354,1693227458590,11,5,6
10504,1693227458590,1692255194360,1692255194364,1693227458601,11,4,7
10505,1693227458601,1692255194371,1692255194375,1693227458611,10,4,6
10506,1693227458611,1692255194381,1692255194385,1693227458621,10,4,6
10507,1693227458621,1692255194390,1692255194394,1693227458630,9,4,5
10508,1693227458630,1692255194399,1692255194403,1693227458638,8,4,4
10509,1693227458638,1692255194407,1692255194411,1693227458648,10,4,6
10510,1693227458648,1692255194417,1692255194421,1693227458657,9,4,5
10511,1693227458657,1692255194425,1692255194429,1693227458665,8,4,4
10512,1693227458665,1692255194434,1692255194439,1693227458675,10,5,5
10513,1693227458675,1692255194444,1692255194448,1693227458684,9,4,5
10514,1693227458684,1692255194454,1692255194457,1693227458694,10,3,7
10515,1693227458694,1692255194463,1692255194467,1693227458703,9,4,5
10516,1693227458703,1692255194471,1692255194475,1693227458712,9,4,5
10517,1693227458712,1692255194481,1692255194484,1693227458721,9,3,6
10518,1693227458721,1692255194490,1692255194494,1693227458730,9,4,5
10519,1693227458730,1692255194499,1692255194503,1693227458739,9,4,5
10520,1693227458739,1692255194509,1692255194513,1693227458750,11,4,7
10521,1693227458750,1692255194519,1692255194523,1693227458759,9,4,5
10522,1693227458759,1692255194528,1692255194532,1693227458769,10,4,6
10523,1693227458769,1692255194538,1692255194543,1693227458779,10,5,5
10524,1693227458779,1692255194549,1692255194553,1693227458789,10,4,6
10525,1693227458789,1692255194558,1692255194562,1693227458798,9,4,5
10526,1693227458798,1692255194568,1692255194572,1693227458808,10,4,6
10527,1693227458809,1692255194578,1692255194582,1693227458818,9,4,5
10528,1693227458818,1692255194587,1692255194591,1693227458827,9,4,5
10529,1693227458827,1692255194596,1692255194601,1693227458837,10,5,5
10530,1693227458837,1692255194606,1692255194612,1693227458849,12,6,6
10531,1693227458849,1692255194619,1692255194623,1693227458859,10,4,6
10532,1693227458859,1692255194628,1692255194632,1693227458870,11,4,7
10533,1693227458870,1692255194639,1692255194644,1693227458880,10,5,5
10534,1693227458880,1692255194649,1692255194654,1693227458890,10,5,5
10535,1693227458891,1692255194661,1692255194665,1693227458901,10,4,6
10536,1693227458901,1692255194671,1692255194677,1693227458913,12,6,6
10537,1693227458913,1692255194683,1692255194689,1693227458926,13,6,7
10538,1693227458926,1692255194696,1692255194700,1693227458937,11,4,7
10539,1693227458937,1692255194707,1692255194713,1693227458949,12,6,6
10540,1693227458949,1692255194721,1692255194726,1693227458962,13,5,8
10541,1693227458962,1692255194741,1692255194747,1693227458983,21,6,15
10542,1693227458983,1692255194753,1692255194757,1693227458994,11,4,7
10543,1693227458994,1692255194763,1692255194769,1693227459005,11,6,5
10544,1693227459005,1692255194775,1692255194779,1693227459015,10,4,6
10545,1693227459015,1692255194785,1692255194789,1693227459025,10,4,6
10546,1693227459025,1692255194795,1692255194799,1693227459035,10,4,6
10547,1693227459035,1692255194804,1692255194808,1693227459044,9,4,5
10548,1693227459044,1692255194814,1692255194818,1693227459054,10,4,6
10549,1693227459054,1692255194831,1692255194834,1693227459071,17,3,14
10550,1693227459071,1692255194842,1692255194846,1693227459082,11,4,7
10551,1693227459082,1692255194851,1692255194855,1693227459091,9,4,5
10552,1693227459091,1692255194861,1692255194865,1693227459101,10,4,6
10553,1693227459101,1692255194872,1692255194876,1693227459112,11,4,7
10554,1693227459112,1692255194881,1692255194885,1693227459121,9,4,5
10555,1693227459121,1692255194890,1692255194894,1693227459130,9,4,5
10556,1693227459130,1692255194900,1692255194904,1693227459140,10,4,6
10557,1693227459140,1692255194909,1692255194914,1693227459150,10,5,5
10558,1693227459150,1692255194919,1692255194923,1693227459159,9,4,5
10559,1693227459159,1692255194928,1692255194931,1693227459168,9,3,6
10560,1693227459168,1692255194937,1692255194941,1693227459177,9,4,5
10561,1693227459177,1692255194947,1692255194951,1693227459187,10,4,6
10562,1693227459187,1692255194956,1692255194960,1693227459196,9,4,5
10563,1693227459196,1692255194965,1692255194970,1693227459206,10,5,5
10564,1693227459206,1692255194975,1692255194981,1693227459217,11,6,5
10565,1693227459217,1692255194989,1692255194993,1693227459230,13,4,9
10566,1693227459230,1692255194999,1692255195003,1693227459239,9,4,5
10567,1693227459239,1692255195008,1692255195014,1693227459250,11,6,5
10568,1693227459250,1692255195026,1692255195030,1693227459266,16,4,12
10569,1693227459266,1692255195036,1692255195039,1693227459275,9,3,6
10570,1693227459275,1692255195046,1692255195050,1693227459286,11,4,7
10571,1693227459286,1692255195055,1692255195059,1693227459295,9,4,5
10572,1693227459295,1692255195064,1692255195068,1693227459305,10,4,6
10573,1693227459305,1692255195074,1692255195079,1693227459315,10,5,5
10574,1693227459315,1692255195084,1692255195088,1693227459324,9,4,5
10575,1693227459324,1692255195093,1692255195097,1693227459333,9,4,5
10576,1693227459333,1692255195102,1692255195107,1693227459343,10,5,5
10577,1693227459343,1692255195112,1692255195116,1693227459352,9,4,5
10578,1693227459352,1692255195124,1692255195128,1693227459364,12,4,8
10579,1693227459364,1692255195133,1692255195139,1693227459375,11,6,5
10580,1693227459375,1692255195144,1692255195149,1693227459386,11,5,6
10581,1693227459386,1692255195156,1692255195160,1693227459396,10,4,6
10582,1693227459396,1692255195166,1692255195170,1693227459406,10,4,6
10583,1693227459406,1692255195176,1692255195179,1693227459416,10,3,7
10584,1693227459416,1692255195184,1692255195188,1693227459424,8,4,4
10585,1693227459424,1692255195194,1692255195198,1693227459434,10,4,6
10586,1693227459434,1692255195204,1692255195208,1693227459445,11,4,7
10587,1693227459445,1692255195214,1692255195218,1693227459454,9,4,5
10588,1693227459454,1692255195223,1692255195227,1693227459463,9,4,5
10589,1693227459463,1692255195233,1692255195237,1693227459473,10,4,6
10590,1693227459473,1692255195243,1692255195246,1693227459485,12,3,9
10591,1693227459485,1692255195255,1692255195259,1693227459496,11,4,7
10592,1693227459496,1692255195265,1692255195268,1693227459504,8,3,5
10593,1693227459504,1692255195273,1692255195278,1693227459514,10,5,5
10594,1693227459514,1692255195283,1692255195287,1693227459524,10,4,6
10595,1693227459524,1692255195293,1692255195297,1693227459533,9,4,5
10596,1693227459533,1692255195302,1692255195306,1693227459543,10,4,6
10597,1693227459543,1692255195313,1692255195317,1693227459553,10,4,6
10598,1693227459553,1692255195323,1692255195327,1693227459563,10,4,6
10599,1693227459563,1692255195333,1692255195337,1693227459573,10,4,6
10600,1693227459573,1692255195342,1692255195346,1693227459582,9,4,5
10601,1693227459582,1692255195354,1692255195358,1693227459594,12,4,8
10602,1693227459595,1692255195364,1692255195368,1693227459604,9,4,5
10603,1693227459604,1692255195373,1692255195378,1693227459614,10,5,5
10604,1693227459614,1692255195383,1692255195388,1693227459624,10,5,5
10605,1693227459624,1692255195393,1692255195398,1693227459634,10,5,5
10606,1693227459634,1692255195404,1692255195409,1693227459645,11,5,6
10607,1693227459645,1692255195417,1692255195422,1693227459658,13,5,8
10608,1693227459658,1692255195427,1692255195432,1693227459669,11,5,6
10609,1693227459670,1692255195439,1692255195442,1693227459679,9,3,6
10610,1693227459679,1692255195449,1692255195453,1693227459689,10,4,6
10611,1693227459689,1692255195460,1692255195464,1693227459700,11,4,7
10612,1693227459700,1692255195471,1692255195475,1693227459715,15,4,11
10613,1693227459715,1692255195484,1692255195488,1693227459724,9,4,5
10614,1693227459724,1692255195493,1692255195496,1693227459733,9,3,6
10615,1693227459733,1692255195505,1692255195509,1693227459745,12,4,8
10616,1693227459745,1692255195516,1692255195520,1693227459756,11,4,7
10617,1693227459756,1692255195527,1692255195531,1693227459768,12,4,8
10618,1693227459768,1692255195537,1692255195541,1693227459777,9,4,5
10619,1693227459777,1692255195551,1692255195555,1693227459792,15,4,11
10620,1693227459792,1692255195562,1692255195566,1693227459803,11,4,7
10621,1693227459803,1692255195573,1692255195578,1693227459814,11,5,6
10622,1693227459814,1692255195585,1692255195589,1693227459825,11,4,7
10623,1693227459825,1692255195595,1692255195599,1693227459835,10,4,6
10624,1693227459835,1692255195605,1692255195609,1693227459845,10,4,6
10625,1693227459845,1692255195614,1692255195618,1693227459854,9,4,5
10626,1693227459854,1692255195623,1692255195627,1693227459864,10,4,6
10627,1693227459864,1692255195633,1692255195637,1693227459873,9,4,5
10628,1693227459873,1692255195642,1692255195646,1693227459882,9,4,5
10629,1693227459882,1692255195651,1692255195655,1693227459894,12,4,8
10630,1693227459894,1692255195663,1692255195667,1693227459903,9,4,5
10631,1693227459903,1692255195672,1692255195676,1693227459912,9,4,5
10632,1693227459912,1692255195681,1692255195685,1693227459921,9,4,5
10633,1693227459921,1692255195690,1692255195694,1693227459930,9,4,5
10634,1693227459930,1692255195699,1692255195704,1693227459941,11,5,6
10635,1693227459941,1692255195710,1692255195714,1693227459950,9,4,5
10636,1693227459950,1692255195719,1692255195723,1693227459959,9,4,5
10637,1693227459959,1692255195730,1692255195735,1693227459971,12,5,7
10638,1693227459971,1692255195741,1692255195745,1693227459982,11,4,7
10639,1693227459982,1692255195753,1692255195757,1693227459993,11,4,7
10640,1693227459993,1692255195764,1692255195768,1693227460004,11,4,7
10641,1693227460004,1692255195775,1692255195781,1693227460018,14,6,8
10642,1693227460018,1692255195787,1692255195791,1693227460027,9,4,5
10643,1693227460027,1692255195797,1692255195802,1693227460038,11,5,6
10644,1693227460038,1692255195809,1692255195813,1693227460049,11,4,7
10645,1693227460049,1692255195820,1692255195823,1693227460060,11,3,8
10646,1693227460060,1692255195831,1692255195834,1693227460070,10,3,7
10647,1693227460070,1692255195840,1692255195844,1693227460080,10,4,6
10648,1693227460080,1692255195849,1692255195852,1693227460088,8,3,5
10649,1693227460088,1692255195856,1692255195860,1693227460098,10,4,6
10650,1693227460098,1692255195870,1692255195873,1693227460109,11,3,8
10651,1693227460109,1692255195878,1692255195882,1693227460118,9,4,5
10652,1693227460118,1692255195888,1692255195891,1693227460128,10,3,7
10653,1693227460128,1692255195899,1692255195903,1693227460139,11,4,7
10654,1693227460139,1692255195911,1692255195915,1693227460151,12,4,8
10655,1693227460151,1692255195921,1692255195925,1693227460161,10,4,6
10656,1693227460161,1692255195932,1692255195937,1693227460173,12,5,7
10657,1693227460174,1692255195944,1692255195948,1693227460184,10,4,6
10658,1693227460184,1692255195954,1692255195959,1693227460195,11,5,6
10659,1693227460195,1692255195964,1692255195970,1693227460206,11,6,5
10660,1693227460206,1692255195978,1692255195981,1693227460218,12,3,9
10661,1693227460218,1692255195989,1692255195993,1693227460230,12,4,8
10662,1693227460230,1692255196000,1692255196004,1693227460241,11,4,7
10663,1693227460241,1692255196010,1692255196014,1693227460250,9,4,5
10664,1693227460250,1692255196020,1692255196024,1693227460260,10,4,6
10665,1693227460260,1692255196034,1692255196040,1693227460276,16,6,10
10666,1693227460276,1692255196046,1692255196051,1693227460287,11,5,6
10667,1693227460287,1692255196057,1692255196064,1693227460300,13,7,6
10668,1693227460300,1692255196071,1692255196076,1693227460314,14,5,9
10669,1693227460314,1692255196083,1692255196088,1693227460324,10,5,5
10670,1693227460324,1692255196097,1692255196102,1693227460338,14,5,9
10671,1693227460338,1692255196111,1692255196115,1693227460351,13,4,9
10672,1693227460351,1692255196121,1692255196126,1693227460363,12,5,7
10673,1693227460363,1692255196133,1692255196138,1693227460374,11,5,6
10674,1693227460374,1692255196148,1692255196152,1693227460388,14,4,10
10675,1693227460388,1692255196158,1692255196162,1693227460399,11,4,7
10676,1693227460399,1692255196168,1692255196171,1693227460407,8,3,5
10677,1693227460407,1692255196177,1692255196181,1693227460417,10,4,6
10678,1693227460417,1692255196187,1692255196193,1693227460430,13,6,7
10679,1693227460430,1692255196200,1692255196204,1693227460440,10,4,6
10680,1693227460440,1692255196209,1692255196214,1693227460450,10,5,5
10681,1693227460450,1692255196219,1692255196223,1693227460459,9,4,5
10682,1693227460459,1692255196228,1692255196232,1693227460468,9,4,5
10683,1693227460469,1692255196238,1692255196242,1693227460479,10,4,6
10684,1693227460479,1692255196249,1692255196253,1693227460489,10,4,6
10685,1693227460489,1692255196258,1692255196263,1693227460500,11,5,6
10686,1693227460500,1692255196269,1692255196274,1693227460511,11,5,6
10687,1693227460511,1692255196285,1692255196290,1693227460527,16,5,11
10688,1693227460527,1692255196296,1692255196301,1693227460538,11,5,6
10689,1693227460538,1692255196307,1692255196312,1693227460549,11,5,6
10690,1693227460549,1692255196319,1692255196324,1693227460560,11,5,6
10691,1693227460560,1692255196330,1692255196335,1693227460571,11,5,6
10692,1693227460571,1692255196345,1692255196350,1693227460587,16,5,11
10693,1693227460587,1692255196357,1692255196363,1693227460599,12,6,6
10694,1693227460599,1692255196368,1692255196372,1693227460610,11,4,7
10695,1693227460610,1692255196380,1692255196383,1693227460619,9,3,6
10696,1693227460619,1692255196389,1692255196392,1693227460628,9,3,6
10697,1693227460628,1692255196398,1692255196402,1693227460638,10,4,6
10698,1693227460638,1692255196408,1692255196412,1693227460649,11,4,7
10699,1693227460649,1692255196418,1692255196422,1693227460658,9,4,5
10700,1693227460658,1692255196427,1692255196431,1693227460668,10,4,6
10701,1693227460668,1692255196437,1692255196441,1693227460678,10,4,6
10702,1693227460678,1692255196448,1692255196452,1693227460689,11,4,7
10703,1693227460689,1692255196458,1692255196462,1693227460698,9,4,5
10704,1693227460698,1692255196468,1692255196473,1693227460709,11,5,6
10705,1693227460709,1692255196481,1692255196485,1693227460722,13,4,9
10706,1693227460722,1692255196492,1692255196497,1693227460733,11,5,6
10707,1693227460733,1692255196502,1692255196506,1693227460743,10,4,6
10708,1693227460743,1692255196512,1692255196517,1693227460753,10,5,5
10709,1693227460753,1692255196524,1692255196529,1693227460766,13,5,8
10710,1693227460766,1692255196535,1692255196539,1693227460775,9,4,5
10711,1693227460775,1692255196544,1692255196549,1693227460786,11,5,6
10712,1693227460786,1692255196556,1692255196561,1693227460798,12,5,7
10713,1693227460798,1692255196567,1692255196572,1693227460809,11,5,6
10714,1693227460809,1692255196579,1692255196584,1693227460820,11,5,6
10715,1693227460820,1692255196590,1692255196597,1693227460833,13,7,6
10716,1693227460833,1692255196603,1692255196607,1693227460843,10,4,6
10717,1693227460843,1692255196612,1692255196616,1693227460853,10,4,6
10718,1693227460853,1692255196622,1692255196627,1693227460863,10,5,5
10719,1693227460863,1692255196633,1692255196637,1693227460873,10,4,6
10720,1693227460873,1692255196642,1692255196647,1693227460883,10,5,5
10721,1693227460883,1692255196653,1692255196657,1693227460893,10,4,6
10722,1693227460893,1692255196663,1692255196668,1693227460904,11,5,6
10723,1693227460904,1692255196675,1692255196679,1693227460918,14,4,10
10724,1693227460918,1692255196687,1692255196692,1693227460928,10,5,5
10725,1693227460928,1692255196698,1692255196702,1693227460938,10,4,6
10726,1693227460938,1692255196708,1692255196713,1693227460949,11,5,6
10727,1693227460949,1692255196718,1692255196722,1693227460958,9,4,5
10728,1693227460958,1692255196727,1692255196731,1693227460968,10,4,6
10729,1693227460968,1692255196738,1692255196743,1693227460980,12,5,7
10730,1693227460980,1692255196749,1692255196755,1693227460991,11,6,5
10731,1693227460991,1692255196763,1692255196767,1693227461003,12,4,8
10732,1693227461003,1692255196772,1692255196776,1693227461013,10,4,6
10733,1693227461013,1692255196782,1692255196786,1693227461023,10,4,6
10734,1693227461023,1692255196792,1692255196796,1693227461032,9,4,5
10735,1693227461032,1692255196801,1692255196805,1693227461042,10,4,6
10736,1693227461042,1692255196811,1692255196816,1693227461052,10,5,5
10737,1693227461052,1692255196822,1692255196825,1693227461062,10,3,7
10738,1693227461062,1692255196831,1692255196835,1693227461071,9,4,5
10739,1693227461071,1692255196842,1692255196846,1693227461083,12,4,8
10740,1693227461083,1692255196852,1692255196856,1693227461092,9,4,5
10741,1693227461093,1692255196862,1692255196866,1693227461102,9,4,5
10742,1693227461102,1692255196871,1692255196875,1693227461111,9,4,5
10743,1693227461112,1692255196881,1692255196885,1693227461122,10,4,6
10744,1693227461123,1692255196891,1692255196895,1693227461132,9,4,5
10745,1693227461132,1692255196901,1692255196905,1693227461141,9,4,5
10746,1693227461141,1692255196911,1692255196916,1693227461152,11,5,6
10747,1693227461152,1692255196921,1692255196926,1693227461162,10,5,5
10748,1693227461162,1692255196932,1692255196936,1693227461173,11,4,7
10749,1693227461173,1692255196943,1692255196948,1693227461184,11,5,6
10750,1693227461184,1692255196954,1692255196958,1693227461194,10,4,6
10751,1693227461194,1692255196963,1692255196967,1693227461203,9,4,5
10752,1693227461203,1692255196973,1692255196980,1693227461216,13,7,6
10753,1693227461216,1692255196990,1692255196996,1693227461232,16,6,10
10754,1693227461232,1692255197001,1692255197006,1693227461242,10,5,5
10755,1693227461242,1692255197011,1692255197015,1693227461251,9,4,5
10756,1693227461252,1692255197021,1692255197025,1693227461261,9,4,5
10757,1693227461261,1692255197030,1692255197034,1693227461270,9,4,5
10758,1693227461271,1692255197040,1692255197044,1693227461280,9,4,5
10759,1693227461280,1692255197049,1692255197054,1693227461290,10,5,5
10760,1693227461290,1692255197059,1692255197063,1693227461299,9,4,5
10761,1693227461299,1692255197070,1692255197074,1693227461310,11,4,7
10762,1693227461310,1692255197079,1692255197083,1693227461319,9,4,5
10763,1693227461319,1692255197088,1692255197092,1693227461329,10,4,6
10764,1693227461329,1692255197098,1692255197102,1693227461338,9,4,5
10765,1693227461338,1692255197108,1692255197112,1693227461348,10,4,6
10766,1693227461348,1692255197118,1692255197122,1693227461358,10,4,6
10767,1693227461358,1692255197127,1692255197131,1693227461369,11,4,7
10768,1693227461369,1692255197138,1692255197142,1693227461378,9,4,5
10769,1693227461378,1692255197147,1692255197151,1693227461387,9,4,5
10770,1693227461387,1692255197156,1692255197160,1693227461396,9,4,5
10771,1693227461396,1692255197167,1692255197171,1693227461408,12,4,8
10772,1693227461408,1692255197177,1692255197181,1693227461417,9,4,5
10773,1693227461417,1692255197186,1692255197190,1693227461426,9,4,5
10774,1693227461426,1692255197197,1692255197201,1693227461437,11,4,7
10775,1693227461437,1692255197205,1692255197209,1693227461446,9,4,5
10776,1693227461446,1692255197215,1692255197219,1693227461455,9,4,5
10777,1693227461455,1692255197224,1692255197231,1693227461468,13,7,6
10778,1693227461468,1692255197237,1692255197241,1693227461477,9,4,5
10779,1693227461477,1692255197247,1692255197251,1693227461487,10,4,6
10780,1693227461487,1692255197256,1692255197260,1693227461496,9,4,5
10781,1693227461496,1692255197266,1692255197271,1693227461507,11,5,6
10782,1693227461507,1692255197277,1692255197281,1693227461517,10,4,6
10783,1693227461517,1692255197286,1692255197290,1693227461526,9,4,5
10784,1693227461526,1692255197296,1692255197300,1693227461536,10,4,6
10785,1693227461536,1692255197305,1692255197310,1693227461546,10,5,5
10786,1693227461547,1692255197316,1692255197320,1693227461556,9,4,5
10787,1693227461556,1692255197326,1692255197330,1693227461566,10,4,6
10788,1693227461566,1692255197335,1692255197346,1693227461582,16,11,5
10789,1693227461582,1692255197351,1692255197355,1693227461591,9,4,5
10790,1693227461591,1692255197361,1692255197365,1693227461601,10,4,6
10791,1693227461601,1692255197370,1692255197374,1693227461610,9,4,5
10792,1693227461610,1692255197380,1692255197383,1693227461620,10,3,7
10793,1693227461620,1692255197389,1692255197393,1693227461630,10,4,6
10794,1693227461630,1692255197401,1692255197404,1693227461640,10,3,7
10795,1693227461640,1692255197409,1692255197413,1693227461649,9,4,5
10796,1693227461649,1692255197418,1692255197422,1693227461658,9,4,5
10797,1693227461658,1692255197427,1692255197430,1693227461667,9,3,6
10798,1693227461667,1692255197436,1692255197439,1693227461675,8,3,5
10799,1693227461675,1692255197444,1692255197448,1693227461683,8,4,4
10800,1693227461684,1692255197452,1692255197456,1693227461692,8,4,4
10801,1693227461692,1692255197461,1692255197466,1693227461702,10,5,5
10802,1693227461702,1692255197471,1692255197475,1693227461711,9,4,5
10803,1693227461711,1692255197480,1692255197485,1693227461721,10,5,5
10804,1693227461721,1692255197491,1692255197494,1693227461730,9,3,6
10805,1693227461730,1692255197499,1692255197504,1693227461740,10,5,5
10806,1693227461740,1692255197509,1692255197513,1693227461749,9,4,5
10807,1693227461750,1692255197519,1692255197523,1693227461759,9,4,5
10808,1693227461759,1692255197530,1692255197534,1693227461770,11,4,7
10809,1693227461770,1692255197539,1692255197543,1693227461779,9,4,5
10810,1693227461780,1692255197549,1692255197553,1693227461789,9,4,5
10811,1693227461789,1692255197557,1692255197561,1693227461798,9,4,5
10812,1693227461798,1692255197567,1692255197571,1693227461807,9,4,5
10813,1693227461807,1692255197575,1692255197581,1693227461817,10,6,4
10814,1693227461817,1692255197590,1692255197594,1693227461830,13,4,9
10815,1693227461830,1692255197599,1692255197604,1693227461840,10,5,5
10816,1693227461840,1692255197610,1692255197614,1693227461850,10,4,6
10817,1693227461850,1692255197620,1692255197624,1693227461861,11,4,7
10818,1693227461861,1692255197631,1692255197636,1693227461873,12,5,7
10819,1693227461873,1692255197642,1692255197648,1693227461884,11,6,5
10820,1693227461884,1692255197654,1692255197658,1693227461894,10,4,6
10821,1693227461894,1692255197664,1692255197669,1693227461905,11,5,6
10822,1693227461905,1692255197674,1692255197679,1693227461915,10,5,5
10823,1693227461915,1692255197685,1692255197691,1693227461927,12,6,6
10824,1693227461927,1692255197697,1692255197702,1693227461938,11,5,6
10825,1693227461938,1692255197710,1692255197716,1693227461952,14,6,8
10826,1693227461952,1692255197721,1692255197727,1693227461963,11,6,5
10827,1693227461963,1692255197733,1692255197736,1693227461972,9,3,6
10828,1693227461972,1692255197742,1692255197746,1693227461982,10,4,6
10829,1693227461982,1692255197751,1692255197755,1693227461991,9,4,5
10830,1693227461991,1692255197760,1692255197764,1693227462001,10,4,6
10831,1693227462001,1692255197770,1692255197774,1693227462011,10,4,6
10832,1693227462011,1692255197780,1692255197784,1693227462020,9,4,5
10833,1693227462020,1692255197788,1692255197793,1693227462029,9,5,4
10834,1693227462029,1692255197799,1692255197803,1693227462039,10,4,6
10835,1693227462039,1692255197808,1692255197812,1693227462048,9,4,5
10836,1693227462048,1692255197818,1692255197823,1693227462059,11,5,6
10837,1693227462060,1692255197830,1692255197835,1693227462072,12,5,7
10838,1693227462072,1692255197843,1692255197849,1693227462086,14,6,8
10839,1693227462086,1692255197856,1692255197862,1693227462098,12,6,6
10840,1693227462098,1692255197868,1692255197873,1693227462109,11,5,6
10841,1693227462110,1692255197883,1692255197887,1693227462124,14,4,10
10842,1693227462124,1692255197894,1692255197899,1693227462136,12,5,7
10843,1693227462136,1692255197906,1692255197912,1693227462148,12,6,6
10844,1693227462148,1692255197917,1692255197923,1693227462160,12,6,6
10845,1693227462160,1692255197930,1692255197934,1693227462171,11,4,7
10846,1693227462171,1692255197940,1692255197947,1693227462183,12,7,5
10847,1693227462183,1692255197952,1692255197957,1693227462193,10,5,5
10848,1693227462193,1692255197962,1692255197966,1693227462203,10,4,6
10849,1693227462203,1692255197972,1692255197976,1693227462212,9,4,5
10850,1693227462212,1692255197981,1692255197985,1693227462221,9,4,5
10851,1693227462221,1692255197990,1692255197995,1693227462231,10,5,5
10852,1693227462231,1692255198001,1692255198005,1693227462242,11,4,7
10853,1693227462242,1692255198011,1692255198015,1693227462251,9,4,5
10854,1693227462251,1692255198022,1692255198026,1693227462262,11,4,7
10855,1693227462262,1692255198032,1692255198036,1693227462272,10,4,6
10856,1693227462272,1692255198042,1692255198047,1693227462284,12,5,7
10857,1693227462284,1692255198054,1692255198058,1693227462295,11,4,7
10858,1693227462295,1692255198065,1692255198069,1693227462306,11,4,7
10859,1693227462306,1692255198075,1692255198080,1693227462316,10,5,5
10860,1693227462316,1692255198085,1692255198090,1693227462326,10,5,5
10861,1693227462326,1692255198095,1692255198100,1693227462336,10,5,5
10862,1693227462336,1692255198106,1692255198115,1693227462351,15,9,6
10863,1693227462351,1692255198121,1692255198126,1693227462362,11,5,6
10864,1693227462362,1692255198132,1692255198136,1693227462374,12,4,8
10865,1693227462374,1692255198145,1692255198150,1693227462387,13,5,8
10866,1693227462387,1692255198157,1692255198162,1693227462397,10,5,5
10867,1693227462397,1692255198166,1692255198171,1693227462408,11,5,6
10868,1693227462408,1692255198176,1692255198181,1693227462417,9,5,4
10869,1693227462417,1692255198187,1692255198191,1693227462427,10,4,6
10870,1693227462427,1692255198196,1692255198200,1693227462436,9,4,5
10871,1693227462436,1692255198205,1692255198209,1693227462445,9,4,5
10872,1693227462445,1692255198215,1692255198219,1693227462458,13,4,9
10873,1693227462459,1692255198228,1692255198232,1693227462469,10,4,6
10874,1693227462469,1692255198238,1692255198242,1693227462478,9,4,5
10875,1693227462478,1692255198248,1692255198252,1693227462488,10,4,6
10876,1693227462488,1692255198256,1692255198262,1693227462498,10,6,4
10877,1693227462498,1692255198267,1692255198271,1693227462507,9,4,5
10878,1693227462507,1692255198277,1692255198281,1693227462517,10,4,6
10879,1693227462517,1692255198286,1692255198290,1693227462528,11,4,7
10880,1693227462528,1692255198298,1692255198303,1693227462539,11,5,6
10881,1693227462539,1692255198308,1692255198312,1693227462548,9,4,5
10882,1693227462548,1692255198318,1692255198322,1693227462558,10,4,6
10883,1693227462558,1692255198327,1692255198330,1693227462567,9,3,6
10884,1693227462567,1692255198336,1692255198340,1693227462576,9,4,5
10885,1693227462576,1692255198345,1692255198348,1693227462585,9,3,6
10886,1693227462585,1692255198354,1692255198357,1693227462593,8,3,5
10887,1693227462593,1692255198362,1692255198366,1693227462602,9,4,5
10888,1693227462602,1692255198371,1692255198375,1693227462611,9,4,5
10889,1693227462611,1692255198380,1692255198384,1693227462620,9,4,5
10890,1693227462620,1692255198390,1692255198393,1693227462629,9,3,6
10891,1693227462629,1692255198400,1692255198404,1693227462640,11,4,7
10892,1693227462640,1692255198409,1692255198413,1693227462649,9,4,5
10893,1693227462649,1692255198418,1692255198422,1693227462673,24,4,20
10894,1693227462673,1692255198451,1692255198455,1693227462691,18,4,14
10895,1693227462691,1692255198461,1692255198464,1693227462700,9,3,6
10896,1693227462701,1692255198470,1692255198474,1693227462710,9,4,5
10897,1693227462710,1692255198479,1692255198483,1693227462720,10,4,6
10898,1693227462720,1692255198489,1692255198493,1693227462729,9,4,5
10899,1693227462729,1692255198498,1692255198504,1693227462740,11,6,5
10900,1693227462741,1692255198510,1692255198514,1693227462750,9,4,5
10901,1693227462750,1692255198520,1692255198524,1693227462761,11,4,7
10902,1693227462761,1692255198530,1692255198534,1693227462771,10,4,6
10903,1693227462771,1692255198540,1692255198544,1693227462780,9,4,5
10904,1693227462780,1692255198549,1692255198553,1693227462789,9,4,5
10905,1693227462789,1692255198558,1692255198562,1693227462798,9,4,5
10906,1693227462798,1692255198567,1692255198571,1693227462807,9,4,5
10907,1693227462807,1692255198576,1692255198579,1693227462815,8,3,5
10908,1693227462815,1692255198585,1692255198588,1693227462824,9,3,6
10909,1693227462824,1692255198594,1692255198598,1693227462834,10,4,6
10910,1693227462834,1692255198605,1692255198609,1693227462845,11,4,7
10911,1693227462845,1692255198614,1692255198619,1693227462855,10,5,5
10912,1693227462855,1692255198623,1692255198627,1693227462864,9,4,5
10913,1693227462864,1692255198633,1692255198637,1693227462873,9,4,5
10914,1693227462873,1692255198642,1692255198646,1693227462882,9,4,5
10915,1693227462882,1692255198651,1692255198656,1693227462892,10,5,5
10916,1693227462892,1692255198661,1692255198665,1693227462902,10,4,6
10917,1693227462902,1692255198671,1692255198675,1693227462912,10,4,6
10918,1693227462912,1692255198682,1692255198686,1693227462922,10,4,6
10919,1693227462922,1692255198692,1692255198696,1693227462932,10,4,6
10920,1693227462932,1692255198701,1692255198704,1693227462941,9,3,6
10921,1693227462941,1692255198711,1692255198715,1693227462951,10,4,6
10922,1693227462952,1692255198721,1692255198725,1693227462962,10,4,6
10923,1693227462962,1692255198733,1692255198737,1693227462974,12,4,8
10924,1693227462974,1692255198742,1692255198747,1693227462983,9,5,4
10925,1693227462983,1692255198752,1692255198756,1693227462992,9,4,5
10926,1693227462992,1692255198762,1692255198766,1693227463002,10,4,6
10927,1693227463002,1692255198772,1692255198775,1693227463013,11,3,8
10928,1693227463013,1692255198783,1692255198787,1693227463023,10,4,6
10929,1693227463023,1692255198792,1692255198796,1693227463032,9,4,5
10930,1693227463032,1692255198802,1692255198806,1693227463042,10,4,6
10931,1693227463043,1692255198812,1692255198816,1693227463053,10,4,6
10932,1693227463053,1692255198822,1692255198826,1693227463062,9,4,5
10933,1693227463062,1692255198831,1692255198835,1693227463072,10,4,6
10934,1693227463072,1692255198841,1692255198845,1693227463081,9,4,5
10935,1693227463081,1692255198851,1692255198859,1693227463095,14,8,6
10936,1693227463095,1692255198864,1692255198869,1693227463105,10,5,5
10937,1693227463105,1692255198874,1692255198879,1693227463115,10,5,5
10938,1693227463115,1692255198885,1692255198888,1693227463124,9,3,6
10939,1693227463124,1692255198894,1692255198898,1693227463134,10,4,6
10940,1693227463134,1692255198903,1692255198908,1693227463144,10,5,5
10941,1693227463144,1692255198913,1692255198917,1693227463153,9,4,5
10942,1693227463154,1692255198923,1692255198927,1693227463163,9,4,5
10943,1693227463163,1692255198933,1692255198937,1693227463174,11,4,7
10944,1693227463174,1692255198943,1692255198948,1693227463184,10,5,5
10945,1693227463184,1692255198955,1692255198958,1693227463195,11,3,8
10946,1693227463195,1692255198964,1692255198968,1693227463205,10,4,6
10947,1693227463205,1692255198974,1692255198978,1693227463214,9,4,5
10948,1693227463214,1692255198983,1692255198988,1693227463224,10,5,5
10949,1693227463224,1692255198993,1692255198997,1693227463234,10,4,6
10950,1693227463234,1692255199003,1692255199007,1693227463243,9,4,5
10951,1693227463243,1692255199012,1692255199016,1693227463253,10,4,6
10952,1693227463253,1692255199022,1692255199026,1693227463262,9,4,5
10953,1693227463262,1692255199032,1692255199036,1693227463274,12,4,8
10954,1693227463274,1692255199043,1692255199047,1693227463284,10,4,6
10955,1693227463284,1692255199053,1692255199057,1693227463293,9,4,5
10956,1693227463293,1692255199063,1692255199067,1693227463303,10,4,6
10957,1693227463303,1692255199072,1692255199075,1693227463311,8,3,5
10958,1693227463311,1692255199080,1692255199085,1693227463321,10,5,5
10959,1693227463321,1692255199091,1692255199095,1693227463331,10,4,6
10960,1693227463331,1692255199101,1692255199105,1693227463341,10,4,6
10961,1693227463341,1692255199110,1692255199114,1693227463350,9,4,5
10962,1693227463350,1692255199120,1692255199124,1693227463360,10,4,6
10963,1693227463360,1692255199129,1692255199134,1693227463370,10,5,5
10964,1693227463370,1692255199142,1692255199147,1693227463383,13,5,8
10965,1693227463383,1692255199152,1692255199157,1693227463394,11,5,6
10966,1693227463394,1692255199168,1692255199173,1693227463409,15,5,10
10967,1693227463409,1692255199178,1692255199182,1693227463419,10,4,6
10968,1693227463419,1692255199188,1692255199192,1693227463428,9,4,5
10969,1693227463428,1692255199197,1692255199201,1693227463438,10,4,6
10970,1693227463438,1692255199207,1692255199210,1693227463447,9,3,6
10971,1693227463447,1692255199218,1692255199221,1693227463458,11,3,8
10972,1693227463458,1692255199228,1692255199235,1693227463471,13,7,6
10973,1693227463471,1692255199241,1692255199246,1693227463482,11,5,6
10974,1693227463482,1692255199251,1692255199255,1693227463492,10,4,6
10975,1693227463492,1692255199262,1692255199266,1693227463502,10,4,6
10976,1693227463502,1692255199272,1692255199276,1693227463512,10,4,6
10977,1693227463512,1692255199281,1692255199285,1693227463521,9,4,5
10978,1693227463521,1692255199290,1692255199294,1693227463531,10,4,6
10979,1693227463531,1692255199300,1692255199305,1693227463541,10,5,5
10980,1693227463541,1692255199311,1692255199314,1693227463550,9,3,6
10981,1693227463550,1692255199319,1692255199323,1693227463560,10,4,6
10982,1693227463560,1692255199330,1692255199336,1693227463572,12,6,6
10983,1693227463572,1692255199345,1692255199350,1693227463586,14,5,9
10984,1693227463586,1692255199355,1692255199359,1693227463595,9,4,5
10985,1693227463595,1692255199365,1692255199368,1693227463605,10,3,7
10986,1693227463605,1692255199374,1692255199378,1693227463614,9,4,5
10987,1693227463614,1692255199384,1692255199388,1693227463624,10,4,6
10988,1693227463624,1692255199394,1692255199398,1693227463634,10,4,6
10989,1693227463634,1692255199403,1692255199408,1693227463644,10,5,5
10990,1693227463644,1692255199413,1692255199417,1693227463653,9,4,5
10991,1693227463653,1692255199423,1692255199428,1693227463664,11,5,6
10992,1693227463664,1692255199433,1692255199438,1693227463673,9,5,4
10993,1693227463673,1692255199442,1692255199446,1693227463683,10,4,6
10994,1693227463683,1692255199452,1692255199456,1693227463692,9,4,5
10995,1693227463692,1692255199461,1692255199465,1693227463701,9,4,5
10996,1693227463701,1692255199470,1692255199475,1693227463711,10,5,5
10997,1693227463711,1692255199480,1692255199485,1693227463721,10,5,5
10998,1693227463721,1692255199490,1692255199494,1693227463730,9,4,5
10999,1693227463731,1692255199500,1692255199504,1693227463740,9,4,5
11000,1693227463740,1692255199509,1692255199512,1693227463749,9,3,6
11001,1693227463749,1692255199518,1692255199522,1693227463760,11,4,7
11002,1693227463760,1692255199530,1692255199535,1693227463771,11,5,6
11003,1693227463771,1692255199541,1692255199546,1693227463785,14,5,9
11004,1693227463785,1692255199555,1692255199560,1693227463796,11,5,6
11005,1693227463796,1692255199566,1692255199570,1693227463806,10,4,6
11006,1693227463806,1692255199576,1692255199581,1693227463818,12,5,7
11007,1693227463818,1692255199587,1692255199593,1693227463830,12,6,6
11008,1693227463830,1692255199599,1692255199604,1693227463840,10,5,5
11009,1693227463840,1692255199610,1692255199618,1693227463854,14,8,6
11010,1693227463854,1692255199623,1692255199629,1693227463865,11,6,5
11011,1693227463865,1692255199635,1692255199639,1693227463875,10,4,6
11012,1693227463876,1692255199645,1692255199649,1693227463887,11,4,7
11013,1693227463887,1692255199657,1692255199660,1693227463896,9,3,6
11014,1693227463896,1692255199666,1692255199671,1693227463907,11,5,6
11015,1693227463907,1692255199675,1692255199679,1693227463916,9,4,5
11016,1693227463916,1692255199685,1692255199689,1693227463925,9,4,5
11017,1693227463925,1692255199695,1692255199699,1693227463935,10,4,6
11018,1693227463935,1692255199704,1692255199708,1693227463945,10,4,6
11019,1693227463945,1692255199714,1692255199718,1693227463954,9,4,5
11020,1693227463954,1692255199723,1692255199727,1693227463963,9,4,5
11021,1693227463963,1692255199733,1692255199737,1693227463974,11,4,7
11022,1693227463974,1692255199743,1692255199747,1693227463983,9,4,5
11023,1693227463983,1692255199752,1692255199757,1693227463993,10,5,5
11024,1693227463993,1692255199762,1692255199766,1693227464002,9,4,5
11025,1693227464002,1692255199772,1692255199776,1693227464012,10,4,6
11026,1693227464012,1692255199783,1692255199787,1693227464023,11,4,7
11027,1693227464023,1692255199792,1692255199795,1693227464032,9,3,6
11028,1693227464032,1692255199800,1692255199804,1693227464040,8,4,4
11029,1693227464040,1692255199809,1692255199813,1693227464049,9,4,5
11030,1693227464049,1692255199818,1692255199823,1693227464059,10,5,5
11031,1693227464059,1692255199829,1692255199833,1693227464069,10,4,6
11032,1693227464069,1692255199839,1692255199842,1693227464079,10,3,7
11033,1693227464079,1692255199848,1692255199852,1693227464088,9,4,5
11034,1693227464088,1692255199859,1692255199864,1693227464100,12,5,7
11035,1693227464100,1692255199872,1692255199876,1693227464113,13,4,9
11036,1693227464113,1692255199882,1692255199886,1693227464122,9,4,5
11037,1693227464122,1692255199894,1692255199898,1693227464134,12,4,8
11038,1693227464134,1692255199903,1692255199907,1693227464143,9,4,5
11039,1693227464144,1692255199913,1692255199917,1693227464153,9,4,5
11040,1693227464153,1692255199922,1692255199926,1693227464163,10,4,6
11041,1693227464163,1692255199932,1692255199936,1693227464172,9,4,5
11042,1693227464172,1692255199940,1692255199945,1693227464182,10,5,5
11043,1693227464182,1692255199951,1692255199955,1693227464191,9,4,5
11044,1693227464191,1692255199962,1692255199965,1693227464202,11,3,8
11045,1693227464202,1692255199971,1692255199975,1693227464212,10,4,6
11046,1693227464212,1692255199981,1692255199987,1693227464223,11,6,5
11047,1693227464224,1692255199992,1692255199997,1693227464233,9,5,4
11048,1693227464234,1692255200003,1692255200008,1693227464244,10,5,5
11049,1693227464245,1692255200014,1692255200019,1693227464255,10,5,5
11050,1693227464255,1692255200025,1692255200029,1693227464265,10,4,6
11051,1693227464265,1692255200035,1692255200039,1693227464275,10,4,6
11052,1693227464275,1692255200045,1692255200049,1693227464286,11,4,7
11053,1693227464286,1692255200055,1692255200060,1693227464297,11,5,6
11054,1693227464297,1692255200066,1692255200069,1693227464305,8,3,5
11055,1693227464305,1692255200074,1692255200079,1693227464315,10,5,5
11056,1693227464315,1692255200084,1692255200088,1693227464324,9,4,5
11057,1693227464324,1692255200094,1692255200098,1693227464334,10,4,6
11058,1693227464334,1692255200103,1692255200108,1693227464344,10,5,5
11059,1693227464344,1692255200114,1692255200118,1693227464354,10,4,6
11060,1693227464354,1692255200123,1692255200127,1693227464364,10,4,6
11061,1693227464364,1692255200133,1692255200138,1693227464374,10,5,5
11062,1693227464374,1692255200143,1692255200147,1693227464387,13,4,9
11063,1693227464387,1692255200156,1692255200159,1693227464396,9,3,6
11064,1693227464396,1692255200168,1692255200172,1693227464408,12,4,8
11065,1693227464408,1692255200178,1692255200181,1693227464417,9,3,6
11066,1693227464417,1692255200186,1692255200190,1693227464426,9,4,5
11067,1693227464426,1692255200196,1692255200199,1693227464436,10,3,7
11068,1693227464436,1692255200205,1692255200210,1693227464446,10,5,5
11069,1693227464446,1692255200215,1692255200219,1693227464455,9,4,5
11070,1693227464455,1692255200225,1692255200229,1693227464465,10,4,6
11071,1693227464465,1692255200234,1692255200238,1693227464476,11,4,7
11072,1693227464476,1692255200245,1692255200250,1693227464486,10,5,5
11073,1693227464486,1692255200255,1692255200258,1693227464494,8,3,5
11074,1693227464494,1692255200263,1692255200267,1693227464503,9,4,5
11075,1693227464503,1692255200272,1692255200275,1693227464511,8,3,5
11076,1693227464511,1692255200280,1692255200284,1693227464520,9,4,5
11077,1693227464520,1692255200289,1692255200293,1693227464529,9,4,5
11078,1693227464529,1692255200298,1692255200302,1693227464538,9,4,5
11079,1693227464538,1692255200307,1692255200311,1693227464547,9,4,5
11080,1693227464547,1692255200317,1692255200321,1693227464557,10,4,6
11081,1693227464557,1692255200326,1692255200330,1693227464566,9,4,5
11082,1693227464566,1692255200336,1692255200339,1693227464576,10,3,7
11083,1693227464576,1692255200347,1692255200354,1693227464590,14,7,7
11084,1693227464590,1692255200361,1692255200365,1693227464606,16,4,12
11085,1693227464606,1692255200375,1692255200379,1693227464615,9,4,5
11086,1693227464615,1692255200385,1692255200389,1693227464626,11,4,7
11087,1693227464626,1692255200396,1692255200400,1693227464636,10,4,6
11088,1693227464636,1692255200405,1692255200412,1693227464648,12,7,5
11089,1693227464648,1692255200418,1692255200422,1693227464658,10,4,6
11090,1693227464659,1692255200428,1692255200432,1693227464668,9,4,5
11091,1693227464668,1692255200437,1692255200442,1693227464678,10,5,5
11092,1693227464678,1692255200451,1692255200455,1693227464691,13,4,9
11093,1693227464691,1692255200460,1692255200464,1693227464700,9,4,5
11094,1693227464700,1692255200469,1692255200472,1693227464709,9,3,6
11095,1693227464709,1692255200481,1692255200485,1693227464721,12,4,8
11096,1693227464721,1692255200490,1692255200493,1693227464729,8,3,5
11097,1693227464729,1692255200498,1692255200502,1693227464738,9,4,5
11098,1693227464738,1692255200508,1692255200512,1693227464748,10,4,6
11099,1693227464748,1692255200517,1692255200520,1693227464756,8,3,5
11100,1693227464756,1692255200524,1692255200528,1693227464765,9,4,5
11101,1693227464765,1692255200534,1692255200537,1693227464774,9,3,6
11102,1693227464774,1692255200543,1692255200547,1693227464783,9,4,5
11103,1693227464783,1692255200552,1692255200556,1693227464792,9,4,5
11104,1693227464792,1692255200561,1692255200564,1693227464800,8,3,5
11105,1693227464800,1692255200569,1692255200572,1693227464809,9,3,6
11106,1693227464809,1692255200578,1692255200585,1693227464821,12,7,5
11107,1693227464821,1692255200590,1692255200593,1693227464829,8,3,5
11108,1693227464830,1692255200602,1692255200605,1693227464841,11,3,8
11109,1693227464841,1692255200610,1692255200613,1693227464849,8,3,5
11110,1693227464849,1692255200618,1692255200622,1693227464858,9,4,5
11111,1693227464858,1692255200627,1692255200631,1693227464867,9,4,5
11112,1693227464867,1692255200640,1692255200645,1693227464881,14,5,9
11113,1693227464881,1692255200650,1692255200655,1693227464891,10,5,5
11114,1693227464891,1692255200660,1692255200664,1693227464900,9,4,5
11115,1693227464900,1692255200670,1692255200673,1693227464911,11,3,8
11116,1693227464911,1692255200681,1692255200685,1693227464921,10,4,6
11117,1693227464921,1692255200690,1692255200694,1693227464930,9,4,5
11118,1693227464930,1692255200700,1692255200706,1693227464942,12,6,6
11119,1693227464942,1692255200712,1692255200716,1693227464952,10,4,6
11120,1693227464952,1692255200722,1692255200727,1693227464963,11,5,6
11121,1693227464963,1692255200731,1692255200734,1693227464970,7,3,4
11122,1693227464970,1692255200739,1692255200743,1693227464979,9,4,5
11123,1693227464979,1692255200748,1692255200751,1693227464988,9,3,6
11124,1693227464988,1692255200757,1692255200760,1693227464996,8,3,5
11125,1693227464996,1692255200765,1692255200769,1693227465005,9,4,5
11126,1693227465005,1692255200774,1692255200777,1693227465014,9,3,6
11127,1693227465014,1692255200782,1692255200786,1693227465022,8,4,4
11128,1693227465022,1692255200791,1692255200795,1693227465032,10,4,6
11129,1693227465032,1692255200801,1692255200805,1693227465041,9,4,5
11130,1693227465041,1692255200810,1692255200814,1693227465050,9,4,5
11131,1693227465050,1692255200818,1692255200822,1693227465058,8,4,4
11132,1693227465058,1692255200827,1692255200831,1693227465067,9,4,5
11133,1693227465067,1692255200835,1692255200839,1693227465075,8,4,4
11134,1693227465075,1692255200844,1692255200848,1693227465083,8,4,4
11135,1693227465083,1692255200852,1692255200855,1693227465091,8,3,5
11136,1693227465091,1692255200860,1692255200863,1693227465100,9,3,6
11137,1693227465100,1692255200869,1692255200872,1693227465109,9,3,6
11138,1693227465109,1692255200879,1692255200882,1693227465118,9,3,6
11139,1693227465118,1692255200887,1692255200890,1693227465126,8,3,5
11140,1693227465126,1692255200895,1692255200900,1693227465136,10,5,5
11141,1693227465136,1692255200905,1692255200910,1693227465146,10,5,5
11142,1693227465146,1692255200915,1692255200919,1693227465155,9,4,5
11143,1693227465155,1692255200924,1692255200929,1693227465165,10,5,5
11144,1693227465165,1692255200934,1692255200938,1693227465174,9,4,5
11145,1693227465174,1692255200943,1692255200947,1693227465183,9,4,5
11146,1693227465183,1692255200953,1692255200958,1693227465194,11,5,6
11147,1693227465194,1692255200964,1692255200968,1693227465204,10,4,6
11148,1693227465204,1692255200973,1692255200978,1693227465214,10,5,5
11149,1693227465214,1692255200986,1692255200990,1693227465226,12,4,8
11150,1693227465226,1692255200995,1692255201000,1693227465236,10,5,5
11151,1693227465236,1692255201006,1692255201010,1693227465246,10,4,6
11152,1693227465246,1692255201015,1692255201019,1693227465255,9,4,5
11153,1693227465255,1692255201024,1692255201028,1693227465264,9,4,5
11154,1693227465264,1692255201033,1692255201038,1693227465274,10,5,5
11155,1693227465274,1692255201042,1692255201046,1693227465282,8,4,4
11156,1693227465282,1692255201051,1692255201055,1693227465291,9,4,5
11157,1693227465291,1692255201059,1692255201063,1693227465299,8,4,4
11158,1693227465299,1692255201068,1692255201072,1693227465308,9,4,5
11159,1693227465308,1692255201077,1692255201080,1693227465317,9,3,6
11160,1693227465317,1692255201088,1692255201092,1693227465328,11,4,7
11161,1693227465328,1692255201097,1692255201101,1693227465337,9,4,5
11162,1693227465337,1692255201106,1692255201110,1693227465346,9,4,5
11163,1693227465346,1692255201115,1692255201119,1693227465355,9,4,5
11164,1693227465355,1692255201124,1692255201127,1693227465364,9,3,6
11165,1693227465364,1692255201133,1692255201137,1693227465373,9,4,5
11166,1693227465373,1692255201142,1692255201146,1693227465382,9,4,5
11167,1693227465382,1692255201151,1692255201155,1693227465393,11,4,7
11168,1693227465393,1692255201162,1692255201167,1693227465404,11,5,6
11169,1693227465404,1692255201173,1692255201177,1693227465413,9,4,5
11170,1693227465413,1692255201183,1692255201187,1693227465423,10,4,6
11171,1693227465423,1692255201192,1692255201197,1693227465433,10,5,5
11172,1693227465433,1692255201203,1692255201207,1693227465444,11,4,7
11173,1693227465444,1692255201213,1692255201217,1693227465453,9,4,5
11174,1693227465453,1692255201222,1692255201226,1693227465463,10,4,6
11175,1693227465463,1692255201232,1692255201236,1693227465472,9,4,5
11176,1693227465472,1692255201241,1692255201245,1693227465481,9,4,5
11177,1693227465481,1692255201251,1692255201255,1693227465491,10,4,6
11178,1693227465491,1692255201260,1692255201268,1693227465504,13,8,5
11179,1693227465504,1692255201274,1692255201278,1693227465514,10,4,6
11180,1693227465514,1692255201283,1692255201287,1693227465526,12,4,8
11181,1693227465526,1692255201295,1692255201300,1693227465535,9,5,4
11182,1693227465536,1692255201306,1692255201311,1693227465548,12,5,7
11183,1693227465548,1692255201319,1692255201324,1693227465560,12,5,7
11184,1693227465560,1692255201329,1692255201335,1693227465571,11,6,5
11185,1693227465571,1692255201341,1692255201345,1693227465581,10,4,6
11186,1693227465581,1692255201351,1692255201355,1693227465591,10,4,6
11187,1693227465591,1692255201360,1692255201365,1693227465601,10,5,5
11188,1693227465601,1692255201371,1692255201378,1693227465614,13,7,6
11189,1693227465614,1692255201384,1692255201388,1693227465624,10,4,6
11190,1693227465624,1692255201395,1692255201401,1693227465637,13,6,7
11191,1693227465637,1692255201407,1692255201411,1693227465648,11,4,7
11192,1693227465648,1692255201417,1692255201421,1693227465657,9,4,5
11193,1693227465657,1692255201426,1692255201430,1693227465666,9,4,5
11194,1693227465666,1692255201436,1692255201440,1693227465676,10,4,6
11195,1693227465676,1692255201445,1692255201449,1693227465686,10,4,6
11196,1693227465686,1692255201455,1692255201459,1693227465695,9,4,5
11197,1693227465695,1692255201464,1692255201469,1693227465705,10,5,5
11198,1693227465705,1692255201474,1692255201479,1693227465715,10,5,5
11199,1693227465715,1692255201485,1692255201488,1693227465725,10,3,7
11200,1693227465725,1692255201494,1692255201499,1693227465735,10,5,5
11201,1693227465735,1692255201504,1692255201508,1693227465744,9,4,5
11202,1693227465744,1692255201514,1692255201518,1693227465754,10,4,6
11203,1693227465754,1692255201524,1692255201529,1693227465765,11,5,6
11204,1693227465765,1692255201535,1692255201539,1693227465775,10,4,6
11205,1693227465775,1692255201545,1692255201549,1693227465785,10,4,6
11206,1693227465785,1692255201555,1692255201559,1693227465795,10,4,6
11207,1693227465795,1692255201565,1692255201569,1693227465805,10,4,6
11208,1693227465805,1692255201575,1692255201579,1693227465815,10,4,6
11209,1693227465815,1692255201585,1692255201589,1693227465825,10,4,6
11210,1693227465825,1692255201596,1692255201600,1693227465837,12,4,8
11211,1693227465837,1692255201607,1692255201613,1693227465850,13,6,7
11212,1693227465850,1692255201620,1692255201625,1693227465861,11,5,6
11213,1693227465861,1692255201631,1692255201636,1693227465872,11,5,6
11214,1693227465872,1692255201642,1692255201647,1693227465884,12,5,7
11215,1693227465884,1692255201654,1692255201659,1693227465896,12,5,7
11216,1693227465896,1692255201666,1692255201670,1693227465906,10,4,6
11217,1693227465906,1692255201675,1692255201683,1693227465919,13,8,5
11218,1693227465919,1692255201689,1692255201694,1693227465931,12,5,7
11219,1693227465931,1692255201703,1692255201707,1693227465943,12,4,8
11220,1693227465943,1692255201713,1692255201717,1693227465954,11,4,7
11221,1693227465954,1692255201724,1692255201729,1693227465965,11,5,6
11222,1693227465965,1692255201734,1692255201739,1693227465975,10,5,5
11223,1693227465975,1692255201744,1692255201748,1693227465984,9,4,5
11224,1693227465984,1692255201753,1692255201757,1693227465993,9,4,5
11225,1693227465993,1692255201764,1692255201768,1693227466004,11,4,7
11226,1693227466004,1692255201774,1692255201780,1693227466016,12,6,6
11227,1693227466016,1692255201785,1692255201790,1693227466025,9,5,4
11228,1693227466026,1692255201797,1692255201801,1693227466038,12,4,8
11229,1693227466038,1692255201807,1692255201811,1693227466047,9,4,5
11230,1693227466047,1692255201816,1692255201820,1693227466056,9,4,5
11231,1693227466056,1692255201826,1692255201830,1693227466066,10,4,6
11232,1693227466066,1692255201836,1692255201840,1693227466076,10,4,6
11233,1693227466076,1692255201847,1692255201852,1693227466089,13,5,8
11234,1693227466089,1692255201858,1692255201863,1693227466099,10,5,5
11235,1693227466099,1692255201868,1692255201874,1693227466110,11,6,5
11236,1693227466110,1692255201879,1692255201883,1693227466119,9,4,5
11237,1693227466119,1692255201888,1692255201892,1693227466128,9,4,5
11238,1693227466128,1692255201897,1692255201901,1693227466137,9,4,5
11239,1693227466137,1692255201908,1692255201913,1693227466148,11,5,6
11240,1693227466148,1692255201917,1692255201922,1693227466157,9,5,4
11241,1693227466157,1692255201927,1692255201931,1693227466168,11,4,7
11242,1693227466168,1692255201937,1692255201941,1693227466177,9,4,5
11243,1693227466177,1692255201946,1692255201951,1693227466187,10,5,5
11244,1693227466187,1692255201956,1692255201960,1693227466196,9,4,5
11245,1693227466196,1692255201965,1692255201970,1693227466205,9,5,4
11246,1693227466206,1692255201974,1692255201978,1693227466214,8,4,4
11247,1693227466214,1692255201983,1692255201987,1693227466224,10,4,6
11248,1693227466224,1692255201994,1692255201998,1693227466234,10,4,6
11249,1693227466234,1692255202003,1692255202009,1693227466246,12,6,6
11250,1693227466246,1692255202015,1692255202021,1693227466257,11,6,5
11251,1693227466257,1692255202027,1692255202032,1693227466268,11,5,6
11252,1693227466268,1692255202038,1692255202044,1693227466280,12,6,6
11253,1693227466280,1692255202050,1692255202055,1693227466291,11,5,6
11254,1693227466291,1692255202062,1692255202067,1693227466303,12,5,7
11255,1693227466303,1692255202073,1692255202077,1693227466313,10,4,6
11256,1693227466314,1692255202084,1692255202089,1693227466325,11,5,6
11257,1693227466325,1692255202095,1692255202100,1693227466336,11,5,6
11258,1693227466336,1692255202106,1692255202111,1693227466347,11,5,6
11259,1693227466347,1692255202117,1692255202122,1693227466359,12,5,7
11260,1693227466359,1692255202130,1692255202135,1693227466371,12,5,7
11261,1693227466371,1692255202140,1692255202144,1693227466380,9,4,5
11262,1693227466380,1692255202150,1692255202154,1693227466390,10,4,6
11263,1693227466390,1692255202160,1692255202166,1693227466402,12,6,6
11264,1693227466402,1692255202171,1692255202176,1693227466412,10,5,5
11265,1693227466412,1692255202182,1692255202186,1693227466422,10,4,6
11266,1693227466422,1692255202191,1692255202195,1693227466431,9,4,5
11267,1693227466431,1692255202201,1692255202205,1693227466441,10,4,6
11268,1693227466441,1692255202211,1692255202216,1693227466452,11,5,6
11269,1693227466452,1692255202223,1692255202228,1693227466464,12,5,7
11270,1693227466464,1692255202235,1692255202240,1693227466476,12,5,7
11271,1693227466476,1692255202247,1692255202252,1693227466488,12,5,7
11272,1693227466488,1692255202257,1692255202263,1693227466499,11,6,5
11273,1693227466499,1692255202269,1692255202274,1693227466510,11,5,6
11274,1693227466510,1692255202280,1692255202285,1693227466522,12,5,7
11275,1693227466522,1692255202292,1692255202302,1693227466538,16,10,6
11276,1693227466538,1692255202308,1692255202313,1693227466550,12,5,7
11277,1693227466550,1692255202320,1692255202326,1693227466562,12,6,6
11278,1693227466562,1692255202332,1692255202336,1693227466572,10,4,6
11279,1693227466572,1692255202346,1692255202351,1693227466587,15,5,10
11280,1693227466587,1692255202357,1692255202361,1693227466597,10,4,6
11281,1693227466597,1692255202367,1692255202373,1693227466610,13,6,7
11282,1693227466610,1692255202380,1692255202384,1693227466620,10,4,6
11283,1693227466620,1692255202389,1692255202393,1693227466630,10,4,6
11284,1693227466630,1692255202399,1692255202403,1693227466639,9,4,5
11285,1693227466639,1692255202408,1692255202412,1693227466648,9,4,5
11286,1693227466648,1692255202419,1692255202423,1693227466659,11,4,7
11287,1693227466659,1692255202428,1692255202433,1693227466669,10,5,5
11288,1693227466669,1692255202438,1692255202443,1693227466679,10,5,5
11289,1693227466679,1692255202448,1692255202452,1693227466688,9,4,5
11290,1693227466688,1692255202458,1692255202463,1693227466699,11,5,6
11291,1693227466699,1692255202469,1692255202474,1693227466710,11,5,6
11292,1693227466710,1692255202480,1692255202486,1693227466722,12,6,6
11293,1693227466722,1692255202491,1692255202497,1693227466733,11,6,5
11294,1693227466733,1692255202505,1692255202510,1693227466747,14,5,9
11295,1693227466747,1692255202517,1692255202522,1693227466758,11,5,6
11296,1693227466758,1692255202528,1692255202534,1693227466770,12,6,6
11297,1693227466770,1692255202540,1692255202546,1693227466782,12,6,6
11298,1693227466782,1692255202552,1692255202557,1693227466794,12,5,7
11299,1693227466794,1692255202564,1692255202570,1693227466806,12,6,6
11300,1693227466806,1692255202576,1692255202580,1693227466816,10,4,6
11301,1693227466816,1692255202586,1692255202590,1693227466826,10,4,6
11302,1693227466826,1692255202595,1692255202599,1693227466836,10,4,6
11303,1693227466836,1692255202605,1692255202609,1693227466846,10,4,6
11304,1693227466846,1692255202615,1692255202620,1693227466857,11,5,6
11305,1693227466857,1692255202627,1692255202631,1693227466867,10,4,6
11306,1693227466867,1692255202636,1692255202640,1693227466876,9,4,5
11307,1693227466876,1692255202646,1692255202650,1693227466886,10,4,6
11308,1693227466886,1692255202657,1692255202662,1693227466898,12,5,7
11309,1693227466898,1692255202668,1692255202672,1693227466908,10,4,6
11310,1693227466908,1692255202677,1692255202682,1693227466918,10,5,5
11311,1693227466918,1692255202688,1692255202692,1693227466929,11,4,7
11312,1693227466929,1692255202698,1692255202702,1693227466938,9,4,5
11313,1693227466938,1692255202710,1692255202715,1693227466951,13,5,8
11314,1693227466951,1692255202720,1692255202724,1693227466960,9,4,5
11315,1693227466960,1692255202729,1692255202733,1693227466969,9,4,5
11316,1693227466969,1692255202738,1692255202743,1693227466979,10,5,5
11317,1693227466979,1692255202748,1692255202751,1693227466987,8,3,5
11318,1693227466987,1692255202756,1692255202760,1693227466996,9,4,5
11319,1693227466996,1692255202765,1692255202768,1693227467005,9,3,6
11320,1693227467005,1692255202774,1692255202777,1693227467013,8,3,5
11321,1693227467014,1692255202783,1692255202787,1693227467023,9,4,5
11322,1693227467023,1692255202793,1692255202797,1693227467033,10,4,6
11323,1693227467033,1692255202803,1692255202807,1693227467043,10,4,6
11324,1693227467043,1692255202813,1692255202816,1693227467053,10,3,7
11325,1693227467053,1692255202823,1692255202827,1693227467063,10,4,6
11326,1693227467063,1692255202833,1692255202837,1693227467074,11,4,7
11327,1693227467074,1692255202843,1692255202847,1693227467084,10,4,6
11328,1693227467084,1692255202854,1692255202858,1693227467095,11,4,7
11329,1693227467095,1692255202864,1692255202868,1693227467105,10,4,6
11330,1693227467105,1692255202875,1692255202880,1693227467116,11,5,6
11331,1693227467116,1692255202885,1692255202891,1693227467127,11,6,5
11332,1693227467127,1692255202896,1692255202900,1693227467136,9,4,5
11333,1693227467136,1692255202906,1692255202910,1693227467147,11,4,7
11334,1693227467147,1692255202916,1692255202920,1693227467156,9,4,5
11335,1693227467156,1692255202932,1692255202938,1693227467173,17,6,11
11336,1693227467173,1692255202943,1692255202948,1693227467184,11,5,6
11337,1693227467184,1692255202954,1692255202959,1693227467195,11,5,6
11338,1693227467195,1692255202965,1692255202971,1693227467207,12,6,6
11339,1693227467207,1692255202977,1692255202983,1693227467219,12,6,6
11340,1693227467219,1692255202988,1692255202993,1693227467229,10,5,5
11341,1693227467229,1692255202999,1692255203002,1693227467239,10,3,7
11342,1693227467239,1692255203010,1692255203013,1693227467249,10,3,7
11343,1693227467249,1692255203020,1692255203024,1693227467260,11,4,7
11344,1693227467260,1692255203029,1692255203032,1693227467269,9,3,6
11345,1693227467269,1692255203038,1692255203042,1693227467278,9,4,5
11346,1693227467278,1692255203046,1692255203050,1693227467286,8,4,4
11347,1693227467286,1692255203055,1692255203059,1693227467295,9,4,5
11348,1693227467295,1692255203065,1692255203070,1693227467306,11,5,6
11349,1693227467306,1692255203075,1692255203079,1693227467316,10,4,6
11350,1693227467316,1692255203085,1692255203089,1693227467325,9,4,5
11351,1693227467325,1692255203095,1692255203100,1693227467336,11,5,6
11352,1693227467336,1692255203105,1692255203110,1693227467346,10,5,5
11353,1693227467346,1692255203116,1692255203119,1693227467356,10,3,7
11354,1693227467356,1692255203125,1692255203130,1693227467368,12,5,7
11355,1693227467369,1692255203138,1692255203142,1693227467378,9,4,5
11356,1693227467378,1692255203148,1692255203151,1693227467387,9,3,6
11357,1693227467387,1692255203157,1692255203161,1693227467397,10,4,6
11358,1693227467397,1692255203166,1692255203170,1693227467406,9,4,5
11359,1693227467406,1692255203175,1692255203179,1693227467415,9,4,5
11360,1693227467416,1692255203185,1692255203189,1693227467425,9,4,5
11361,1693227467425,1692255203195,1692255203198,1693227467434,9,3,6
11362,1693227467434,1692255203204,1692255203208,1693227467443,9,4,5
11363,1693227467443,1692255203213,1692255203217,1693227467453,10,4,6
11364,1693227467453,1692255203222,1692255203227,1693227467463,10,5,5
11365,1693227467463,1692255203233,1692255203238,1693227467474,11,5,6
11366,1693227467474,1692255203244,1692255203249,1693227467485,11,5,6
11367,1693227467485,1692255203255,1692255203259,1693227467495,10,4,6
11368,1693227467495,1692255203264,1692255203268,1693227467504,9,4,5
11369,1693227467504,1692255203273,1692255203277,1693227467513,9,4,5
11370,1693227467513,1692255203283,1692255203286,1693227467522,9,3,6
11371,1693227467522,1692255203291,1692255203298,1693227467534,12,7,5
11372,1693227467534,1692255203304,1692255203308,1693227467544,10,4,6
11373,1693227467544,1692255203313,1692255203317,1693227467554,10,4,6
11374,1693227467554,1692255203323,1692255203326,1693227467563,9,3,6
11375,1693227467563,1692255203332,1692255203336,1693227467573,10,4,6
11376,1693227467573,1692255203347,1692255203351,1693227467587,14,4,10
11377,1693227467587,1692255203357,1692255203360,1693227467596,9,3,6
11378,1693227467597,1692255203366,1692255203369,1693227467605,8,3,5
11379,1693227467605,1692255203375,1692255203379,1693227467616,11,4,7
11380,1693227467616,1692255203385,1692255203390,1693227467626,10,5,5
11381,1693227467626,1692255203396,1692255203400,1693227467636,10,4,6
11382,1693227467636,1692255203406,1692255203410,1693227467646,10,4,6
11383,1693227467646,1692255203415,1692255203419,1693227467655,9,4,5
11384,1693227467655,1692255203424,1692255203429,1693227467665,10,5,5
11385,1693227467665,1692255203434,1692255203439,1693227467677,12,5,7
11386,1693227467677,1692255203446,1692255203450,1693227467687,10,4,6
11387,1693227467687,1692255203456,1692255203460,1693227467696,9,4,5
11388,1693227467696,1692255203465,1692255203470,1693227467706,10,5,5
11389,1693227467706,1692255203475,1692255203478,1693227467715,9,3,6
11390,1693227467715,1692255203484,1692255203487,1693227467723,8,3,5
11391,1693227467723,1692255203492,1692255203496,1693227467732,9,4,5
11392,1693227467732,1692255203501,1692255203504,1693227467741,9,3,6
11393,1693227467741,1692255203509,1692255203513,1693227467749,8,4,4
11394,1693227467749,1692255203517,1692255203521,1693227467757,8,4,4
11395,1693227467757,1692255203528,1692255203532,1693227467768,11,4,7
11396,1693227467768,1692255203536,1692255203540,1693227467778,10,4,6
11397,1693227467778,1692255203547,1692255203550,1693227467787,9,3,6
11398,1693227467787,1692255203556,1692255203559,1693227467795,8,3,5
11399,1693227467795,1692255203564,1692255203569,1693227467805,10,5,5
11400,1693227467805,1692255203575,1692255203580,1693227467816,11,5,6
11401,1693227467816,1692255203585,1692255203590,1693227467826,10,5,5
11402,1693227467826,1692255203596,1692255203600,1693227467836,10,4,6
11403,1693227467836,1692255203606,1692255203610,1693227467846,10,4,6
11404,1693227467846,1692255203617,1692255203621,1693227467857,11,4,7
11405,1693227467857,1692255203626,1692255203631,1693227467867,10,5,5
11406,1693227467867,1692255203636,1692255203640,1693227467877,10,4,6
11407,1693227467877,1692255203648,1692255203652,1693227467888,11,4,7
11408,1693227467888,1692255203658,1692255203664,1693227467900,12,6,6
11409,1693227467900,1692255203669,1692255203673,1693227467909,9,4,5
11410,1693227467909,1692255203679,1692255203683,1693227467920,11,4,7
11411,1693227467920,1692255203689,1692255203694,1693227467930,10,5,5
11412,1693227467930,1692255203699,1692255203702,1693227467938,8,3,5
11413,1693227467938,1692255203707,1692255203710,1693227467946,8,3,5
11414,1693227467946,1692255203715,1692255203719,1693227467955,9,4,5
11415,1693227467955,1692255203726,1692255203732,1693227467968,13,6,7
11416,1693227467968,1692255203737,1692255203743,1693227467979,11,6,5
11417,1693227467979,1692255203750,1692255203754,1693227467990,11,4,7
11418,1693227467990,1692255203759,1692255203763,1693227467999,9,4,5
11419,1693227467999,1692255203767,1692255203771,1693227468007,8,4,4
11420,1693227468007,1692255203776,1692255203779,1693227468015,8,3,5
11421,1693227468015,1692255203784,1692255203788,1693227468024,9,4,5
11422,1693227468024,1692255203793,1692255203796,1693227468033,9,3,6
11423,1693227468033,1692255203802,1692255203807,1693227468044,11,5,6
11424,1693227468044,1692255203813,1692255203817,1693227468053,9,4,5
11425,1693227468054,1692255203823,1692255203827,1693227468063,9,4,5
11426,1693227468063,1692255203833,1692255203837,1693227468073,10,4,6
11427,1693227468073,1692255203842,1692255203846,1693227468082,9,4,5
11428,1693227468082,1692255203853,1692255203856,1693227468092,10,3,7
11429,1693227468092,1692255203861,1692255203864,1693227468100,8,3,5
11430,1693227468100,1692255203870,1692255203873,1693227468109,9,3,6
11431,1693227468109,1692255203878,1692255203881,1693227468118,9,3,6
11432,1693227468118,1692255203887,1692255203891,1693227468127,9,4,5
11433,1693227468127,1692255203896,1692255203900,1693227468136,9,4,5
11434,1693227468136,1692255203906,1692255203910,1693227468146,10,4,6
11435,1693227468146,1692255203915,1692255203920,1693227468156,10,5,5
11436,1693227468156,1692255203925,1692255203930,1693227468166,10,5,5
11437,1693227468166,1692255203935,1692255203939,1693227468175,9,4,5
11438,1693227468175,1692255203945,1692255203949,1693227468185,10,4,6
11439,1693227468185,1692255203955,1692255203960,1693227468196,11,5,6
11440,1693227468196,1692255203965,1692255203969,1693227468206,10,4,6
11441,1693227468206,1692255203975,1692255203979,1693227468215,9,4,5
11442,1693227468215,1692255203984,1692255203987,1693227468224,9,3,6
11443,1693227468224,1692255203994,1692255203999,1693227468235,11,5,6
11444,1693227468235,1692255204004,1692255204007,1693227468243,8,3,5
11445,1693227468243,1692255204012,1692255204015,1693227468251,8,3,5
11446,1693227468251,1692255204020,1692255204023,1693227468259,8,3,5
11447,1693227468259,1692255204028,1692255204031,1693227468267,8,3,5
11448,1693227468268,1692255204037,1692255204040,1693227468276,8,3,5
11449,1693227468276,1692255204044,1692255204047,1693227468283,7,3,4
11450,1693227468283,1692255204052,1692255204056,1693227468292,9,4,5
11451,1693227468292,1692255204061,1692255204065,1693227468301,9,4,5
11452,1693227468301,1692255204070,1692255204074,1693227468310,9,4,5
11453,1693227468310,1692255204079,1692255204083,1693227468319,9,4,5
11454,1693227468319,1692255204088,1692255204092,1693227468328,9,4,5
11455,1693227468328,1692255204096,1692255204100,1693227468336,8,4,4
11456,1693227468336,1692255204105,1692255204109,1693227468345,9,4,5
11457,1693227468345,1692255204115,1692255204118,1693227468354,9,3,6
11458,1693227468354,1692255204123,1692255204127,1693227468363,9,4,5
11459,1693227468363,1692255204133,1692255204136,1693227468373,10,3,7
11460,1693227468373,1692255204142,1692255204145,1693227468381,8,3,5
11461,1693227468381,1692255204150,1692255204153,1693227468389,8,3,5
11462,1693227468390,1692255204161,1692255204165,1693227468402,12,4,8
11463,1693227468402,1692255204171,1692255204175,1693227468411,9,4,5
11464,1693227468411,1692255204181,1692255204186,1693227468422,11,5,6
11465,1693227468422,1692255204191,1692255204195,1693227468431,9,4,5
11466,1693227468431,1692255204201,1692255204205,1693227468441,10,4,6
11467,1693227468441,1692255204210,1692255204213,1693227468450,9,3,6
11468,1693227468450,1692255204219,1692255204223,1693227468460,10,4,6
11469,1693227468460,1692255204229,1692255204233,1693227468469,9,4,5
11470,1693227468469,1692255204238,1692255204242,1693227468478,9,4,5
11471,1693227468479,1692255204248,1692255204252,1693227468488,9,4,5
11472,1693227468488,1692255204257,1692255204261,1693227468497,9,4,5
11473,1693227468497,1692255204266,1692255204271,1693227468508,11,5,6
11474,1693227468508,1692255204284,1692255204288,1693227468524,16,4,12
11475,1693227468524,1692255204294,1692255204299,1693227468535,11,5,6
11476,1693227468535,1692255204307,1692255204311,1693227468548,13,4,9
11477,1693227468548,1692255204318,1692255204323,1693227468559,11,5,6
11478,1693227468559,1692255204328,1692255204334,1693227468570,11,6,5
11479,1693227468570,1692255204340,1692255204345,1693227468581,11,5,6
11480,1693227468581,1692255204350,1692255204357,1693227468593,12,7,5
11481,1693227468593,1692255204365,1692255204369,1693227468605,12,4,8
11482,1693227468605,1692255204374,1692255204378,1693227468614,9,4,5
11483,1693227468615,1692255204384,1692255204388,1693227468624,9,4,5
11484,1693227468624,1692255204394,1692255204399,1693227468635,11,5,6
11485,1693227468635,1692255204404,1692255204409,1693227468645,10,5,5
11486,1693227468645,1692255204414,1692255204419,1693227468656,11,5,6
11487,1693227468656,1692255204425,1692255204429,1693227468665,9,4,5
11488,1693227468665,1692255204434,1692255204438,1693227468675,10,4,6
11489,1693227468675,1692255204444,1692255204449,1693227468685,10,5,5
11490,1693227468685,1692255204454,1692255204458,1693227468695,10,4,6
11491,1693227468695,1692255204467,1692255204471,1693227468707,12,4,8
11492,1693227468707,1692255204477,1692255204481,1693227468717,10,4,6
11493,1693227468717,1692255204487,1692255204491,1693227468727,10,4,6
11494,1693227468727,1692255204497,1692255204501,1693227468737,10,4,6
11495,1693227468737,1692255204507,1692255204511,1693227468747,10,4,6
11496,1693227468747,1692255204516,1692255204522,1693227468758,11,6,5
11497,1693227468758,1692255204527,1692255204531,1693227468767,9,4,5
11498,1693227468767,1692255204537,1692255204542,1693227468778,11,5,6
11499,1693227468778,1692255204547,1692255204552,1693227468791,13,5,8
11500,1693227468791,1692255204560,1692255204566,1693227468803,12,6,6
11501,1693227468803,1692255204573,1692255204578,1693227468814,11,5,6
11502,1693227468814,1692255204584,1692255204589,1693227468826,12,5,7
11503,1693227468826,1692255204595,1692255204601,1693227468837,11,6,5
11504,1693227468837,1692255204607,1692255204612,1693227468848,11,5,6
11505,1693227468848,1692255204618,1692255204623,1693227468859,11,5,6
11506,1693227468859,1692255204628,1692255204632,1693227468869,10,4,6
11507,1693227468869,1692255204639,1692255204644,1693227468880,11,5,6
11508,1693227468880,1692255204660,1692255204664,1693227468900,20,4,16
11509,1693227468900,1692255204672,1692255204676,1693227468912,12,4,8
11510,1693227468912,1692255204681,1692255204686,1693227468922,10,5,5
11511,1693227468922,1692255204692,1692255204696,1693227468933,11,4,7
11512,1693227468933,1692255204703,1692255204708,1693227468944,11,5,6
11513,1693227468944,1692255204714,1692255204719,1693227468955,11,5,6
11514,1693227468955,1692255204726,1692255204732,1693227468968,13,6,7
11515,1693227468968,1692255204738,1692255204743,1693227468980,12,5,7
11516,1693227468980,1692255204751,1692255204755,1693227468991,11,4,7
11517,1693227468991,1692255204762,1692255204770,1693227469007,16,8,8
11518,1693227469007,1692255204777,1692255204782,1693227469018,11,5,6
11519,1693227469018,1692255204788,1692255204792,1693227469028,10,4,6
11520,1693227469028,1692255204797,1692255204803,1693227469039,11,6,5
11521,1693227469039,1692255204809,1692255204814,1693227469050,11,5,6
11522,1693227469050,1692255204819,1692255204823,1693227469060,10,4,6
11523,1693227469060,1692255204829,1692255204833,1693227469069,9,4,5
11524,1693227469069,1692255204838,1692255204843,1693227469078,9,5,4
11525,1693227469079,1692255204847,1692255204852,1693227469088,9,5,4
11526,1693227469088,1692255204858,1692255204863,1693227469099,11,5,6
11527,1693227469099,1692255204868,1692255204873,1693227469110,11,5,6
11528,1693227469110,1692255204879,1692255204883,1693227469119,9,4,5
11529,1693227469119,1692255204889,1692255204893,1693227469129,10,4,6
11530,1693227469129,1692255204898,1692255204902,1693227469138,9,4,5
11531,1693227469138,1692255204907,1692255204912,1693227469148,10,5,5
11532,1693227469148,1692255204917,1692255204921,1693227469157,9,4,5
11533,1693227469157,1692255204927,1692255204932,1693227469168,11,5,6
11534,1693227469168,1692255204938,1692255204942,1693227469179,11,4,7
11535,1693227469179,1692255204948,1692255204952,1693227469188,9,4,5
11536,1693227469188,1692255204958,1692255204962,1693227469198,10,4,6
11537,1693227469198,1692255204968,1692255204973,1693227469209,11,5,6
11538,1693227469209,1692255204980,1692255204984,1693227469220,11,4,7
11539,1693227469220,1692255204990,1692255204995,1693227469231,11,5,6
11540,1693227469231,1692255205000,1692255205005,1693227469241,10,5,5
11541,1693227469241,1692255205011,1692255205016,1693227469253,12,5,7
11542,1693227469253,1692255205023,1692255205028,1693227469264,11,5,6
11543,1693227469264,1692255205034,1692255205038,1693227469274,10,4,6
11544,1693227469274,1692255205057,1692255205063,1693227469299,25,6,19
11545,1693227469299,1692255205069,1692255205075,1693227469311,12,6,6
11546,1693227469311,1692255205082,1692255205086,1693227469322,11,4,7
11547,1693227469322,1692255205092,1692255205096,1693227469332,10,4,6
11548,1693227469332,1692255205101,1692255205105,1693227469341,9,4,5
11549,1693227469342,1692255205112,1692255205116,1693227469352,10,4,6
11550,1693227469352,1692255205121,1692255205125,1693227469361,9,4,5
11551,1693227469361,1692255205130,1692255205135,1693227469371,10,5,5
11552,1693227469371,1692255205140,1692255205144,1693227469380,9,4,5
11553,1693227469380,1692255205149,1692255205153,1693227469389,9,4,5
11554,1693227469389,1692255205159,1692255205165,1693227469402,13,6,7
11555,1693227469402,1692255205170,1692255205174,1693227469410,8,4,4
11556,1693227469410,1692255205184,1692255205188,1693227469424,14,4,10
11557,1693227469424,1692255205193,1692255205196,1693227469433,9,3,6
11558,1693227469433,1692255205201,1692255205204,1693227469440,7,3,4
11559,1693227469440,1692255205211,1692255205215,1693227469451,11,4,7
11560,1693227469451,1692255205220,1692255205224,1693227469648,197,4,193
11561,1693227469648,1692255205417,1692255205422,1693227469658,10,5,5
11562,1693227469658,1692255205427,1692255205431,1693227469668,10,4,6
11563,1693227469668,1692255205437,1692255205441,1693227469677,9,4,5
11564,1693227469677,1692255205446,1692255205450,1693227469686,9,4,5
11565,1693227469686,1692255205455,1692255205460,1693227469696,10,5,5
11566,1693227469696,1692255205467,1692255205471,1693227469707,11,4,7
11567,1693227469707,1692255205477,1692255205481,1693227469717,10,4,6
11568,1693227469717,1692255205487,1692255205491,1693227469733,16,4,12
11569,1693227469733,1692255205503,1692255205506,1693227469742,9,3,6
11570,1693227469742,1692255205511,1692255205515,1693227469751,9,4,5
11571,1693227469751,1692255205520,1692255205525,1693227469761,10,5,5
11572,1693227469761,1692255205531,1692255205534,1693227469773,12,3,9
11573,1693227469773,1692255205542,1692255205546,1693227469782,9,4,5
11574,1693227469782,1692255205552,1692255205555,1693227469792,10,3,7
11575,1693227469792,1692255205567,1692255205571,1693227469808,16,4,12
11576,1693227469808,1692255205578,1692255205585,1693227469821,13,7,6
11577,1693227469821,1692255205612,1692255205617,1693227469853,32,5,27
11578,1693227469853,1692255205622,1692255205627,1693227469863,10,5,5
11579,1693227469863,1692255205633,1692255205637,1693227469874,11,4,7
11580,1693227469874,1692255205645,1692255205650,1693227469886,12,5,7
11581,1693227469886,1692255205656,1692255205660,1693227469896,10,4,6
11582,1693227469896,1692255205665,1692255205670,1693227469906,10,5,5
11583,1693227469906,1692255205676,1692255205680,1693227469916,10,4,6
11584,1693227469916,1692255205685,1692255205690,1693227469929,13,5,8
11585,1693227469929,1692255205699,1692255205703,1693227469939,10,4,6
11586,1693227469939,1692255205708,1692255205713,1693227469949,10,5,5
11587,1693227469949,1692255205718,1692255205722,1693227469958,9,4,5
11588,1693227469958,1692255205728,1692255205732,1693227469968,10,4,6
11589,1693227469968,1692255205738,1692255205742,1693227469978,10,4,6
11590,1693227469978,1692255205748,1692255205755,1693227469991,13,7,6
11591,1693227469991,1692255205761,1692255205767,1693227470003,12,6,6
11592,1693227470003,1692255205774,1692255205779,1693227470015,12,5,7
11593,1693227470015,1692255205785,1692255205789,1693227470026,11,4,7
11594,1693227470026,1692255205796,1692255205801,1693227470037,11,5,6
11595,1693227470037,1692255205807,1692255205812,1693227470048,11,5,6
11596,1693227470048,1692255205818,1692255205823,1693227470059,11,5,6
11597,1693227470059,1692255205828,1692255205837,1693227470073,14,9,5
11598,1693227470073,1692255205843,1692255205846,1693227470082,9,3,6
11599,1693227470082,1692255205852,1692255205856,1693227470093,11,4,7
11600,1693227470093,1692255205863,1692255205868,1693227470105,12,5,7
11601,1693227470105,1692255205876,1692255205880,1693227470117,12,4,8
11602,1693227470117,1692255205886,1692255205891,1693227470127,10,5,5
11603,1693227470127,1692255205897,1692255205901,1693227470138,11,4,7
11604,1693227470138,1692255205907,1692255205911,1693227470147,9,4,5
11605,1693227470147,1692255205916,1692255205921,1693227470157,10,5,5
11606,1693227470157,1692255205927,1692255205932,1693227470168,11,5,6
11607,1693227470168,1692255205938,1692255205942,1693227470178,10,4,6
11608,1693227470178,1692255205948,1692255205951,1693227470187,9,3,6
11609,1693227470187,1692255205956,1692255205960,1693227470197,10,4,6
11610,1693227470197,1692255205966,1692255205970,1693227470207,10,4,6
11611,1693227470207,1692255205976,1692255205980,1693227470216,9,4,5
11612,1693227470216,1692255205986,1692255205990,1693227470226,10,4,6
11613,1693227470226,1692255205995,1692255206000,1693227470236,10,5,5
11614,1693227470236,1692255206006,1692255206011,1693227470247,11,5,6
11615,1693227470247,1692255206016,1692255206022,1693227470258,11,6,5
11616,1693227470258,1692255206030,1692255206035,1693227470271,13,5,8
11617,1693227470271,1692255206041,1692255206046,1693227470282,11,5,6
11618,1693227470282,1692255206052,1692255206057,1693227470293,11,5,6
11619,1693227470293,1692255206063,1692255206067,1693227470304,11,4,7
11620,1693227470304,1692255206073,1692255206077,1693227470313,9,4,5
11621,1693227470313,1692255206083,1692255206088,1693227470324,11,5,6
11622,1693227470324,1692255206093,1692255206098,1693227470334,10,5,5
11623,1693227470334,1692255206110,1692255206115,1693227470351,17,5,12
11624,1693227470351,1692255206120,1692255206124,1693227470360,9,4,5
11625,1693227470360,1692255206132,1692255206139,1693227470375,15,7,8
11626,1693227470375,1692255206145,1692255206153,1693227470389,14,8,6
11627,1693227470389,1692255206158,1692255206162,1693227470398,9,4,5
11628,1693227470398,1692255206170,1692255206174,1693227470410,12,4,8
11629,1693227470410,1692255206179,1692255206183,1693227470424,14,4,10
11630,1693227470424,1692255206194,1692255206198,1693227470434,10,4,6
11631,1693227470434,1692255206204,1692255206210,1693227470446,12,6,6
11632,1693227470446,1692255206215,1692255206221,1693227470457,11,6,5
11633,1693227470457,1692255206227,1692255206231,1693227470468,11,4,7
11634,1693227470468,1692255206238,1692255206244,1693227470480,12,6,6
11635,1693227470480,1692255206250,1692255206255,1693227470491,11,5,6
11636,1693227470491,1692255206261,1692255206265,1693227470501,10,4,6
11637,1693227470502,1692255206271,1692255206275,1693227470512,10,4,6
11638,1693227470512,1692255206282,1692255206287,1693227470523,11,5,6
11639,1693227470523,1692255206293,1692255206298,1693227470534,11,5,6
11640,1693227470534,1692255206304,1692255206309,1693227470545,11,5,6
11641,1693227470545,1692255206315,1692255206319,1693227470555,10,4,6
11642,1693227470555,1692255206325,1692255206329,1693227470565,10,4,6
11643,1693227470565,1692255206335,1692255206339,1693227470576,11,4,7
11644,1693227470576,1692255206345,1692255206349,1693227470585,9,4,5
11645,1693227470585,1692255206355,1692255206358,1693227470594,9,3,6
11646,1693227470594,1692255206363,1692255206367,1693227470603,9,4,5
11647,1693227470603,1692255206374,1692255206378,1693227470614,11,4,7
11648,1693227470615,1692255206384,1692255206388,1693227470625,10,4,6
11649,1693227470625,1692255206394,1692255206398,1693227470634,9,4,5
11650,1693227470635,1692255206406,1692255206413,1693227470649,14,7,7
11651,1693227470649,1692255206419,1692255206424,1693227470660,11,5,6
11652,1693227470660,1692255206429,1692255206434,1693227470671,11,5,6
11653,1693227470671,1692255206441,1692255206446,1693227470682,11,5,6
11654,1693227470682,1692255206452,1692255206457,1693227470693,11,5,6
11655,1693227470693,1692255206463,1692255206468,1693227470704,11,5,6
11656,1693227470704,1692255206474,1692255206479,1693227470715,11,5,6
11657,1693227470715,1692255206485,1692255206490,1693227470726,11,5,6
11658,1693227470726,1692255206496,1692255206501,1693227470737,11,5,6
11659,1693227470737,1692255206507,1692255206511,1693227470749,12,4,8
11660,1693227470749,1692255206519,1692255206524,1693227470761,12,5,7
11661,1693227470761,1692255206534,1692255206537,1693227470773,12,3,9
11662,1693227470773,1692255206542,1692255206546,1693227470783,10,4,6
11663,1693227470783,1692255206553,1692255206560,1693227470796,13,7,6
11664,1693227470796,1692255206566,1692255206571,1693227470807,11,5,6
11665,1693227470807,1692255206577,1692255206582,1693227470817,10,5,5
11666,1693227470817,1692255206587,1692255206592,1693227470829,12,5,7
11667,1693227470829,1692255206599,1692255206603,1693227470839,10,4,6
11668,1693227470839,1692255206609,1692255206614,1693227470850,11,5,6
11669,1693227470850,1692255206621,1692255206627,1693227470863,13,6,7
11670,1693227470863,1692255206633,1692255206638,1693227470874,11,5,6
11671,1693227470874,1692255206645,1692255206650,1693227470886,12,5,7
11672,1693227470886,1692255206656,1692255206661,1693227470898,12,5,7
11673,1693227470898,1692255206668,1692255206672,1693227470908,10,4,6
11674,1693227470908,1692255206678,1692255206684,1693227470921,13,6,7
11675,1693227470921,1692255206691,1692255206697,1693227470933,12,6,6
11676,1693227470933,1692255206703,1692255206707,1693227470943,10,4,6
11677,1693227470944,1692255206713,1692255206718,1693227470955,11,5,6
11678,1693227470955,1692255206725,1692255206729,1693227470965,10,4,6
11679,1693227470965,1692255206734,1692255206738,1693227470974,9,4,5
11680,1693227470974,1692255206744,1692255206748,1693227470984,10,4,6
11681,1693227470984,1692255206753,1692255206758,1693227470994,10,5,5
11682,1693227470994,1692255206763,1692255206767,1693227471003,9,4,5
11683,1693227471003,1692255206772,1692255206775,1693227471011,8,3,5
11684,1693227471011,1692255206781,1692255206785,1693227471022,11,4,7
11685,1693227471022,1692255206791,1692255206795,1693227471031,9,4,5
11686,1693227471031,1692255206800,1692255206804,1693227471040,9,4,5
11687,1693227471040,1692255206809,1692255206814,1693227471049,9,5,4
11688,1693227471049,1692255206818,1692255206823,1693227471059,10,5,5
11689,1693227471059,1692255206828,1692255206832,1693227471067,8,4,4
11690,1693227471067,1692255206837,1692255206840,1693227471076,9,3,6
11691,1693227471077,1692255206850,1692255206855,1693227471091,14,5,9
11692,1693227471091,1692255206861,1692255206866,1693227471102,11,5,6
11693,1693227471102,1692255206872,1692255206876,1693227471112,10,4,6
11694,1693227471112,1692255206882,1692255206887,1693227471123,11,5,6
11695,1693227471123,1692255206892,1692255206897,1693227471134,11,5,6
11696,1693227471134,1692255206910,1692255206915,1693227471151,17,5,12
11697,1693227471151,1692255206921,1692255206926,1693227471162,11,5,6
11698,1693227471162,1692255206933,1692255206938,1693227471174,12,5,7
11699,1693227471174,1692255206944,1692255206948,1693227471185,11,4,7
11700,1693227471185,1692255206954,1692255206960,1693227471196,11,6,5
11701,1693227471196,1692255206965,1692255206969,1693227471205,9,4,5
11702,1693227471206,1692255206975,1692255206979,1693227471215,9,4,5
11703,1693227471215,1692255206984,1692255206988,1693227471224,9,4,5
11704,1693227471224,1692255206994,1692255206999,1693227471235,11,5,6
11705,1693227471235,1692255207003,1692255207008,1693227471244,9,5,4
11706,1693227471244,1692255207017,1692255207020,1693227471256,12,3,9
11707,1693227471256,1692255207028,1692255207032,1693227471268,12,4,8
11708,1693227471268,1692255207038,1692255207041,1693227471277,9,3,6
11709,1693227471277,1692255207046,1692255207050,1693227471287,10,4,6
11710,1693227471287,1692255207056,1692255207060,1693227471296,9,4,5
11711,1693227471296,1692255207065,1692255207069,1693227471305,9,4,5
11712,1693227471305,1692255207075,1692255207079,1693227471315,10,4,6
11713,1693227471315,1692255207084,1692255207087,1693227471324,9,3,6
11714,1693227471324,1692255207093,1692255207097,1693227471333,9,4,5
11715,1693227471333,1692255207102,1692255207106,1693227471342,9,4,5
11716,1693227471342,1692255207112,1692255207117,1693227471353,11,5,6
11717,1693227471353,1692255207123,1692255207129,1693227471365,12,6,6
11718,1693227471365,1692255207135,1692255207139,1693227471375,10,4,6
11719,1693227471375,1692255207146,1692255207151,1693227471387,12,5,7
11720,1693227471387,1692255207157,1692255207162,1693227471398,11,5,6
11721,1693227471398,1692255207170,1692255207174,1693227471410,12,4,8
11722,1693227471410,1692255207179,1692255207184,1693227471420,10,5,5
11723,1693227471420,1692255207198,1692255207203,1693227471439,19,5,14
11724,1693227471439,1692255207208,1692255207212,1693227471448,9,4,5
11725,1693227471448,1692255207217,1692255207222,1693227471458,10,5,5
11726,1693227471458,1692255207227,1692255207232,1693227471468,10,5,5
11727,1693227471468,1692255207237,1692255207241,1693227471477,9,4,5
11728,1693227471477,1692255207246,1692255207250,1693227471486,9,4,5
11729,1693227471486,1692255207257,1692255207261,1693227471497,11,4,7
11730,1693227471497,1692255207266,1692255207271,1693227471507,10,5,5
11731,1693227471507,1692255207276,1692255207281,1693227471517,10,5,5
11732,1693227471517,1692255207286,1692255207290,1693227471526,9,4,5
11733,1693227471526,1692255207295,1692255207299,1693227471535,9,4,5
11734,1693227471535,1692255207305,1692255207310,1693227471546,11,5,6
11735,1693227471546,1692255207315,1692255207319,1693227471555,9,4,5
11736,1693227471555,1692255207326,1692255207331,1693227471567,12,5,7
11737,1693227471567,1692255207337,1692255207345,1693227471581,14,8,6
11738,1693227471581,1692255207354,1692255207359,1693227471595,14,5,9
11739,1693227471595,1692255207364,1692255207368,1693227471603,8,4,4
11740,1693227471604,1692255207372,1692255207377,1693227471613,9,5,4
11741,1693227471613,1692255207382,1692255207387,1693227471623,10,5,5
11742,1693227471623,1692255207392,1692255207396,1693227471633,10,4,6
11743,1693227471633,1692255207402,1692255207406,1693227471642,9,4,5
11744,1693227471642,1692255207413,1692255207417,1693227471653,11,4,7
11745,1693227471653,1692255207423,1692255207427,1693227471663,10,4,6
11746,1693227471663,1692255207432,1692255207435,1693227471671,8,3,5
11747,1693227471671,1692255207441,1692255207446,1693227471682,11,5,6
11748,1693227471682,1692255207451,1692255207455,1693227471691,9,4,5
11749,1693227471691,1692255207461,1692255207465,1693227471701,10,4,6
11750,1693227471701,1692255207472,1692255207476,1693227471712,11,4,7
11751,1693227471712,1692255207481,1692255207486,1693227471722,10,5,5
11752,1693227471722,1692255207491,1692255207497,1693227471733,11,6,5
11753,1693227471733,1692255207502,1692255207507,1693227471743,10,5,5
11754,1693227471743,1692255207513,1692255207518,1693227471754,11,5,6
11755,1693227471754,1692255207524,1692255207529,1693227471765,11,5,6
11756,1693227471765,1692255207537,1692255207541,1693227471777,12,4,8
11757,1693227471777,1692255207547,1692255207552,1693227471789,12,5,7
11758,1693227471789,1692255207558,1692255207562,1693227471799,10,4,6
11759,1693227471799,1692255207568,1692255207573,1693227471810,11,5,6
11760,1693227471810,1692255207581,1692255207586,1693227471822,12,5,7
11761,1693227471822,1692255207592,1692255207598,1693227471835,13,6,7
11762,1693227471835,1692255207605,1692255207610,1693227471846,11,5,6
11763,1693227471846,1692255207615,1692255207620,1693227471856,10,5,5
11764,1693227471856,1692255207627,1692255207632,1693227471868,12,5,7
11765,1693227471868,1692255207637,1692255207641,1693227471877,9,4,5
11766,1693227471877,1692255207646,1692255207650,1693227471886,9,4,5
11767,1693227471886,1692255207655,1692255207659,1693227471895,9,4,5
11768,1693227471895,1692255207664,1692255207668,1693227471903,8,4,4
11769,1693227471903,1692255207673,1692255207677,1693227471913,10,4,6
11770,1693227471913,1692255207682,1692255207686,1693227471922,9,4,5
11771,1693227471922,1692255207692,1692255207696,1693227471932,10,4,6
11772,1693227471932,1692255207701,1692255207705,1693227471941,9,4,5
11773,1693227471941,1692255207711,1692255207715,1693227471951,10,4,6
11774,1693227471951,1692255207720,1692255207726,1693227471962,11,6,5
11775,1693227471962,1692255207732,1692255207737,1693227471973,11,5,6
11776,1693227471973,1692255207745,1692255207749,1693227471986,13,4,9
11777,1693227471986,1692255207755,1692255207760,1693227471996,10,5,5
11778,1693227471996,1692255207766,1692255207770,1693227472006,10,4,6
11779,1693227472006,1692255207776,1692255207780,1693227472017,11,4,7
11780,1693227472017,1692255207786,1692255207791,1693227472027,10,5,5
11781,1693227472027,1692255207796,1692255207800,1693227472036,9,4,5
11782,1693227472036,1692255207810,1692255207815,1693227472051,15,5,10
11783,1693227472051,1692255207822,1692255207827,1693227472063,12,5,7
11784,1693227472063,1692255207832,1692255207836,1693227472072,9,4,5
11785,1693227472072,1692255207843,1692255207848,1693227472085,13,5,8
11786,1693227472085,1692255207855,1692255207859,1693227472096,11,4,7
11787,1693227472096,1692255207866,1692255207870,1693227472106,10,4,6
11788,1693227472106,1692255207876,1692255207880,1693227472116,10,4,6
11789,1693227472116,1692255207885,1692255207889,1693227472125,9,4,5
11790,1693227472125,1692255207895,1692255207900,1693227472137,12,5,7
11791,1693227472137,1692255207906,1692255207912,1693227472148,11,6,5
11792,1693227472148,1692255207918,1692255207922,1693227472158,10,4,6
11793,1693227472158,1692255207928,1692255207933,1693227472169,11,5,6
11794,1693227472169,1692255207939,1692255207944,1693227472181,12,5,7
11795,1693227472181,1692255207951,1692255207956,1693227472192,11,5,6
11796,1693227472192,1692255207962,1692255207967,1693227472203,11,5,6
11797,1693227472204,1692255207975,1692255207979,1693227472215,11,4,7
11798,1693227472215,1692255207985,1692255207990,1693227472226,11,5,6
11799,1693227472226,1692255207995,1692255207999,1693227472235,9,4,5
11800,1693227472235,1692255208005,1692255208009,1693227472244,9,4,5
11801,1693227472244,1692255208013,1692255208017,1693227472253,9,4,5
11802,1693227472253,1692255208023,1692255208027,1693227472263,10,4,6
11803,1693227472263,1692255208032,1692255208036,1693227472273,10,4,6
11804,1693227472273,1692255208042,1692255208046,1693227472284,11,4,7
11805,1693227472284,1692255208054,1692255208059,1693227472295,11,5,6
11806,1693227472295,1692255208064,1692255208069,1693227472306,11,5,6
11807,1693227472306,1692255208076,1692255208080,1693227472317,11,4,7
11808,1693227472317,1692255208087,1692255208093,1693227472329,12,6,6
11809,1693227472329,1692255208099,1692255208104,1693227472340,11,5,6
11810,1693227472340,1692255208110,1692255208119,1693227472355,15,9,6
11811,1693227472355,1692255208126,1692255208130,1693227472367,12,4,8
11812,1693227472367,1692255208137,1692255208141,1693227472377,10,4,6
11813,1693227472377,1692255208148,1692255208154,1693227472390,13,6,7
11814,1693227472390,1692255208160,1692255208165,1693227472401,11,5,6
11815,1693227472401,1692255208171,1692255208176,1693227472412,11,5,6
11816,1693227472412,1692255208181,1692255208186,1693227472422,10,5,5
11817,1693227472423,1692255208192,1692255208198,1693227472435,12,6,6
11818,1693227472435,1692255208207,1692255208212,1693227472448,13,5,8
11819,1693227472448,1692255208218,1692255208223,1693227472459,11,5,6
11820,1693227472459,1692255208229,1692255208234,1693227472471,12,5,7
11821,1693227472471,1692255208240,1692255208245,1693227472481,10,5,5
11822,1693227472481,1692255208251,1692255208256,1693227472492,11,5,6
11823,1693227472492,1692255208262,1692255208267,1693227472503,11,5,6
11824,1693227472503,1692255208273,1692255208278,1693227472514,11,5,6
11825,1693227472514,1692255208284,1692255208289,1693227472525,11,5,6
11826,1693227472525,1692255208296,1692255208300,1693227472536,11,4,7
11827,1693227472537,1692255208306,1692255208310,1693227472547,10,4,6
11828,1693227472547,1692255208317,1692255208322,1693227472558,11,5,6
11829,1693227472558,1692255208327,1692255208332,1693227472568,10,5,5
11830,1693227472568,1692255208338,1692255208343,1693227472579,11,5,6
11831,1693227472579,1692255208354,1692255208361,1693227472597,18,7,11
11832,1693227472597,1692255208366,1692255208371,1693227472607,10,5,5
11833,1693227472608,1692255208378,1692255208383,1693227472619,11,5,6
11834,1693227472619,1692255208390,1692255208395,1693227472631,12,5,7
11835,1693227472631,1692255208401,1692255208406,1693227472642,11,5,6
11836,1693227472642,1692255208412,1692255208417,1693227472654,12,5,7
11837,1693227472654,1692255208424,1692255208428,1693227472664,10,4,6
11838,1693227472664,1692255208435,1692255208440,1693227472676,12,5,7
11839,1693227472676,1692255208446,1692255208450,1693227472687,11,4,7
11840,1693227472687,1692255208456,1692255208461,1693227472698,11,5,6
11841,1693227472698,1692255208468,1692255208472,1693227472708,10,4,6
11842,1693227472708,1692255208478,1692255208482,1693227472719,11,4,7
11843,1693227472719,1692255208488,1692255208494,1693227472731,12,6,6
11844,1693227472731,1692255208501,1692255208507,1693227472743,12,6,6
11845,1693227472743,1692255208513,1692255208518,1693227472754,11,5,6
11846,1693227472754,1692255208524,1692255208530,1693227472766,12,6,6
11847,1693227472766,1692255208536,1692255208544,1693227472780,14,8,6
11848,1693227472780,1692255208550,1692255208555,1693227472791,11,5,6
11849,1693227472791,1692255208561,1692255208565,1693227472801,10,4,6
11850,1693227472801,1692255208574,1692255208579,1693227472815,14,5,9
11851,1693227472815,1692255208585,1692255208590,1693227472826,11,5,6
11852,1693227472826,1692255208596,1692255208605,1693227472841,15,9,6
11853,1693227472841,1692255208611,1692255208616,1693227472853,12,5,7
11854,1693227472853,1692255208623,1692255208627,1693227472864,11,4,7
11855,1693227472864,1692255208634,1692255208639,1693227472875,11,5,6
11856,1693227472875,1692255208644,1692255208648,1693227472888,13,4,9
11857,1693227472888,1692255208657,1692255208662,1693227472898,10,5,5
11858,1693227472898,1692255208668,1692255208671,1693227472907,9,3,6
11859,1693227472907,1692255208677,1692255208682,1693227472918,11,5,6
11860,1693227472918,1692255208686,1692255208690,1693227472926,8,4,4
11861,1693227472926,1692255208696,1692255208700,1693227472937,11,4,7
11862,1693227472937,1692255208707,1692255208711,1693227472947,10,4,6
11863,1693227472948,1692255208717,1692255208722,1693227472958,10,5,5
11864,1693227472958,1692255208727,1692255208732,1693227472968,10,5,5
11865,1693227472968,1692255208738,1692255208742,1693227472979,11,4,7
11866,1693227472979,1692255208749,1692255208753,1693227472989,10,4,6
11867,1693227472989,1692255208759,1692255208763,1693227473001,12,4,8
11868,1693227473001,1692255208770,1692255208774,1693227473010,9,4,5
11869,1693227473010,1692255208780,1692255208784,1693227473021,11,4,7
11870,1693227473021,1692255208790,1692255208795,1693227473031,10,5,5
11871,1693227473031,1692255208801,1692255208806,1693227473042,11,5,6
11872,1693227473042,1692255208812,1692255208816,1693227473053,11,4,7
11873,1693227473053,1692255208823,1692255208827,1693227473063,10,4,6
11874,1693227473063,1692255208834,1692255208838,1693227473075,12,4,8
11875,1693227473075,1692255208845,1692255208849,1693227473085,10,4,6
11876,1693227473085,1692255208854,1692255208858,1693227473094,9,4,5
11877,1693227473094,1692255208863,1692255208868,1693227473104,10,5,5
11878,1693227473104,1692255208874,1692255208878,1693227473114,10,4,6
11879,1693227473114,1692255208883,1692255208887,1693227473123,9,4,5
11880,1693227473123,1692255208892,1692255208896,1693227473132,9,4,5
11881,1693227473132,1692255208902,1692255208906,1693227473142,10,4,6
11882,1693227473142,1692255208912,1692255208917,1693227473153,11,5,6
11883,1693227473153,1692255208923,1692255208932,1693227473168,15,9,6
11884,1693227473168,1692255208937,1692255208943,1693227473179,11,6,5
11885,1693227473179,1692255208949,1692255208954,1693227473190,11,5,6
11886,1693227473190,1692255208960,1692255208966,1693227473202,12,6,6
11887,1693227473202,1692255208973,1692255208977,1693227473213,11,4,7
11888,1693227473213,1692255208983,1692255208988,1693227473224,11,5,6
11889,1693227473224,1692255208997,1692255209002,1693227473239,15,5,10
11890,1693227473239,1692255209008,1692255209013,1693227473249,10,5,5
11891,1693227473249,1692255209018,1692255209024,1693227473260,11,6,5
11892,1693227473260,1692255209030,1692255209036,1693227473272,12,6,6
11893,1693227473272,1692255209042,1692255209047,1693227473283,11,5,6
11894,1693227473283,1692255209053,1692255209059,1693227473295,12,6,6
11895,1693227473295,1692255209065,1692255209069,1693227473308,13,4,9
11896,1693227473308,1692255209077,1692255209082,1693227473318,10,5,5
11897,1693227473318,1692255209088,1692255209096,1693227473333,15,8,7
11898,1693227473333,1692255209103,1692255209108,1693227473344,11,5,6
11899,1693227473344,1692255209114,1692255209119,1693227473355,11,5,6
11900,1693227473355,1692255209126,1692255209130,1693227473367,12,4,8
11901,1693227473367,1692255209136,1692255209142,1693227473378,11,6,5
11902,1693227473378,1692255209149,1692255209154,1693227473391,13,5,8
11903,1693227473391,1692255209160,1692255209165,1693227473401,10,5,5
11904,1693227473401,1692255209171,1692255209176,1693227473413,12,5,7
11905,1693227473413,1692255209182,1692255209188,1693227473424,11,6,5
11906,1693227473424,1692255209194,1692255209199,1693227473435,11,5,6
11907,1693227473435,1692255209209,1692255209213,1693227473450,15,4,11
11908,1693227473450,1692255209219,1692255209225,1693227473461,11,6,5
11909,1693227473461,1692255209230,1692255209235,1693227473471,10,5,5
11910,1693227473471,1692255209241,1692255209245,1693227473482,11,4,7
11911,1693227473482,1692255209251,1692255209256,1693227473493,11,5,6
11912,1693227473493,1692255209263,1692255209268,1693227473504,11,5,6
11913,1693227473504,1692255209273,1692255209278,1693227473514,10,5,5
11914,1693227473514,1692255209284,1692255209289,1693227473525,11,5,6
11915,1693227473525,1692255209295,1692255209299,1693227473535,10,4,6
11916,1693227473535,1692255209306,1692255209310,1693227473546,11,4,7
11917,1693227473546,1692255209316,1692255209320,1693227473556,10,4,6
11918,1693227473556,1692255209325,1692255209329,1693227473566,10,4,6
11919,1693227473566,1692255209335,1692255209339,1693227473575,9,4,5
11920,1693227473575,1692255209345,1692255209351,1693227473587,12,6,6
11921,1693227473587,1692255209357,1692255209362,1693227473598,11,5,6
11922,1693227473598,1692255209367,1692255209371,1693227473607,9,4,5
11923,1693227473607,1692255209376,1692255209381,1693227473617,10,5,5
11924,1693227473617,1692255209387,1692255209392,1693227473628,11,5,6
11925,1693227473628,1692255209401,1692255209406,1693227473642,14,5,9
11926,1693227473642,1692255209415,1692255209420,1693227473656,14,5,9
11927,1693227473656,1692255209426,1692255209431,1693227473667,11,5,6
11928,1693227473667,1692255209437,1692255209443,1693227473679,12,6,6
11929,1693227473679,1692255209449,1692255209453,1693227473689,10,4,6
11930,1693227473689,1692255209459,1692255209464,1693227473700,11,5,6
11931,1693227473700,1692255209470,1692255209479,1693227473717,17,9,8
11932,1693227473717,1692255209487,1692255209492,1693227473729,12,5,7
11933,1693227473729,1692255209499,1692255209503,1693227473739,10,4,6
11934,1693227473739,1692255209510,1692255209515,1693227473751,12,5,7
11935,1693227473751,1692255209522,1692255209526,1693227473762,11,4,7
11936,1693227473762,1692255209533,1692255209539,1693227473775,13,6,7
11937,1693227473775,1692255209544,1692255209548,1693227473784,9,4,5
11938,1693227473784,1692255209554,1692255209558,1693227473794,10,4,6
11939,1693227473794,1692255209563,1692255209567,1693227473803,9,4,5
11940,1693227473803,1692255209572,1692255209577,1693227473813,10,5,5
11941,1693227473813,1692255209582,1692255209589,1693227473826,13,7,6
11942,1693227473826,1692255209595,1692255209599,1693227473835,9,4,5
11943,1693227473835,1692255209604,1692255209608,1693227473845,10,4,6
11944,1693227473845,1692255209614,1692255209619,1693227473855,10,5,5
11945,1693227473855,1692255209624,1692255209628,1693227473864,9,4,5
11946,1693227473864,1692255209634,1692255209638,1693227473874,10,4,6
11947,1693227473874,1692255209644,1692255209648,1693227473884,10,4,6
11948,1693227473884,1692255209653,1692255209658,1693227473894,10,5,5
11949,1693227473894,1692255209664,1692255209669,1693227473906,12,5,7
11950,1693227473906,1692255209675,1692255209680,1693227473916,10,5,5
11951,1693227473916,1692255209686,1692255209690,1693227473926,10,4,6
11952,1693227473926,1692255209695,1692255209699,1693227473935,9,4,5
11953,1693227473935,1692255209704,1692255209708,1693227473945,10,4,6
11954,1693227473945,1692255209715,1692255209719,1693227473954,9,4,5
11955,1693227473954,1692255209723,1692255209730,1693227473966,12,7,5
11956,1693227473966,1692255209735,1692255209740,1693227473976,10,5,5
11957,1693227473976,1692255209745,1692255209749,1693227473985,9,4,5
11958,1693227473985,1692255209756,1692255209760,1693227473996,11,4,7
11959,1693227473996,1692255209772,1692255209776,1693227474012,16,4,12
11960,1693227474012,1692255209782,1692255209785,1693227474022,10,3,7
11961,1693227474022,1692255209793,1692255209797,1693227474033,11,4,7
11962,1693227474033,1692255209803,1692255209807,1693227474043,10,4,6
11963,1693227474044,1692255209813,1692255209817,1693227474053,9,4,5
11964,1693227474053,1692255209822,1692255209826,1693227474062,9,4,5
11965,1693227474062,1692255209832,1692255209837,1693227474074,12,5,7
11966,1693227474074,1692255209844,1692255209848,1693227474084,10,4,6
11967,1693227474084,1692255209854,1692255209858,1693227474094,10,4,6
11968,1693227474094,1692255209864,1692255209868,1693227474105,11,4,7
11969,1693227474105,1692255209875,1692255209880,1693227474116,11,5,6
11970,1693227474116,1692255209886,1692255209890,1693227474127,11,4,7
11971,1693227474127,1692255209897,1692255209902,1693227474138,11,5,6
11972,1693227474138,1692255209908,1692255209913,1693227474149,11,5,6
11973,1693227474149,1692255209919,1692255209923,1693227474159,10,4,6
11974,1693227474159,1692255209929,1692255209935,1693227474171,12,6,6
11975,1693227474171,1692255209941,1692255209945,1693227474181,10,4,6
11976,1693227474181,1692255209950,1692255209954,1693227474190,9,4,5
11977,1693227474190,1692255209959,1692255209964,1693227474201,11,5,6
11978,1693227474201,1692255209970,1692255209974,1693227474210,9,4,5
11979,1693227474210,1692255209979,1692255209984,1693227474220,10,5,5
11980,1693227474220,1692255209989,1692255209994,1693227474230,10,5,5
11981,1693227474230,1692255210000,1692255210005,1693227474241,11,5,6
11982,1693227474241,1692255210011,1692255210016,1693227474253,12,5,7
11983,1693227474253,1692255210023,1692255210029,1693227474266,13,6,7
11984,1693227474266,1692255210035,1692255210040,1693227474276,10,5,5
11985,1693227474276,1692255210046,1692255210052,1693227474288,12,6,6
11986,1693227474288,1692255210058,1692255210063,1693227474299,11,5,6
11987,1693227474299,1692255210069,1692255210073,1693227474310,11,4,7
11988,1693227474310,1692255210081,1692255210085,1693227474322,12,4,8
11989,1693227474322,1692255210091,1692255210097,1693227474333,11,6,5
11990,1693227474333,1692255210103,1692255210107,1693227474343,10,4,6
11991,1693227474343,1692255210112,1692255210117,1693227474353,10,5,5
11992,1693227474353,1692255210122,1692255210128,1693227474364,11,6,5
11993,1693227474364,1692255210133,1692255210137,1693227474373,9,4,5
11994,1693227474374,1692255210143,1692255210147,1693227474383,9,4,5
11995,1693227474383,1692255210153,1692255210158,1693227474394,11,5,6
11996,1693227474394,1692255210163,1692255210167,1693227474404,10,4,6
11997,1693227474404,1692255210174,1692255210179,1693227474416,12,5,7
11998,1693227474416,1692255210186,1692255210190,1693227474427,11,4,7
11999,1693227474427,1692255210197,1692255210202,1693227474439,12,5,7
12000,1693227474439,1692255210213,1692255210218,1693227474455,16,5,11
12001,1693227474455,1692255210225,1692255210229,1693227474466,11,4,7
12002,1693227474466,1692255210235,1692255210239,1693227474476,10,4,6
12003,1693227474476,1692255210245,1692255210250,1693227474486,10,5,5
12004,1693227474486,1692255210257,1692255210262,1693227474498,12,5,7
12005,1693227474498,1692255210267,1692255210271,1693227474507,9,4,5
12006,1693227474507,1692255210276,1692255210280,1693227474516,9,4,5
12007,1693227474516,1692255210286,1692255210290,1693227474526,10,4,6
12008,1693227474526,1692255210295,1692255210299,1693227474537,11,4,7
12009,1693227474537,1692255210306,1692255210309,1693227474546,9,3,6
12010,1693227474546,1692255210316,1692255210321,1693227474557,11,5,6
12011,1693227474557,1692255210327,1692255210332,1693227474568,11,5,6
12012,1693227474568,1692255210338,1692255210344,1693227474580,12,6,6
12013,1693227474580,1692255210354,1692255210359,1693227474595,15,5,10
12014,1693227474595,1692255210365,1692255210370,1693227474606,11,5,6
12015,1693227474606,1692255210376,1692255210382,1693227474618,12,6,6
12016,1693227474618,1692255210388,1692255210393,1693227474630,12,5,7
12017,1693227474630,1692255210400,1692255210406,1693227474642,12,6,6
12018,1693227474642,1692255210412,1692255210416,1693227474652,10,4,6
12019,1693227474652,1692255210422,1692255210432,1693227474668,16,10,6
12020,1693227474668,1692255210437,1692255210441,1693227474677,9,4,5
12021,1693227474677,1692255210446,1692255210451,1693227474687,10,5,5
12022,1693227474687,1692255210460,1692255210465,1693227474701,14,5,9
12023,1693227474701,1692255210470,1692255210475,1693227474714,13,5,8
12024,1693227474714,1692255210484,1692255210488,1693227474724,10,4,6
12025,1693227474724,1692255210493,1692255210497,1693227474733,9,4,5
12026,1693227474733,1692255210503,1692255210508,1693227474744,11,5,6
12027,1693227474744,1692255210516,1692255210521,1693227474757,13,5,8
12028,1693227474757,1692255210527,1692255210535,1693227474771,14,8,6
12029,1693227474771,1692255210541,1692255210546,1693227474782,11,5,6
12030,1693227474782,1692255210551,1692255210557,1693227474793,11,6,5
12031,1693227474793,1692255210567,1692255210572,1693227474809,16,5,11
12032,1693227474809,1692255210578,1692255210583,1693227474819,10,5,5
12033,1693227474819,1692255210589,1692255210594,1693227474830,11,5,6
12034,1693227474830,1692255210600,1692255210604,1693227474840,10,4,6
12035,1693227474840,1692255210612,1692255210616,1693227474852,12,4,8
12036,1693227474852,1692255210621,1692255210625,1693227474883,31,4,27
12037,1693227474883,1692255210653,1692255210657,1693227474893,10,4,6
12038,1693227474893,1692255210662,1692255210666,1693227474902,9,4,5
12039,1693227474902,1692255210671,1692255210675,1693227474911,9,4,5
12040,1693227474911,1692255210681,1692255210685,1693227474922,11,4,7
12041,1693227474922,1692255210696,1692255210700,1693227474935,13,4,9
12042,1693227474935,1692255210704,1692255210708,1693227474946,11,4,7
12043,1693227474946,1692255210719,1692255210724,1693227474960,14,5,9
12044,1693227474960,1692255210730,1692255210735,1693227474972,12,5,7
12045,1693227474972,1692255210742,1692255210746,1693227474981,9,4,5
12046,1693227474982,1692255210750,1692255210754,1693227474990,8,4,4
12047,1693227474990,1692255210759,1692255210763,1693227474999,9,4,5
12048,1693227474999,1692255210769,1692255210772,1693227475008,9,3,6
12049,1693227475008,1692255210782,1692255210786,1693227475021,13,4,9
12050,1693227475021,1692255210791,1692255210795,1693227475031,10,4,6
12051,1693227475031,1692255210800,1692255210804,1693227475039,8,4,4
12052,1693227475040,1692255210809,1692255210813,1693227475050,10,4,6
12053,1693227475050,1692255210819,1692255210823,1693227475059,9,4,5
12054,1693227475059,1692255210828,1692255210832,1693227475068,9,4,5
12055,1693227475068,1692255210837,1692255210842,1693227475078,10,5,5
12056,1693227475078,1692255210848,1692255210852,1693227475088,10,4,6
12057,1693227475088,1692255210858,1692255210862,1693227475098,10,4,6
12058,1693227475098,1692255210868,1692255210872,1693227475108,10,4,6
12059,1693227475108,1692255210878,1692255210883,1693227475119,11,5,6
12060,1693227475119,1692255210888,1692255210892,1693227475128,9,4,5
12061,1693227475128,1692255210898,1692255210902,1693227475138,10,4,6
12062,1693227475138,1692255210907,1692255210912,1693227475148,10,5,5
12063,1693227475148,1692255210919,1692255210923,1693227475159,11,4,7
12064,1693227475159,1692255210928,1692255210932,1693227475168,9,4,5
12065,1693227475168,1692255210938,1692255210945,1693227475180,12,7,5
12066,1693227475181,1692255210950,1692255210955,1693227475191,10,5,5
12067,1693227475191,1692255210960,1692255210964,1693227475200,9,4,5
12068,1693227475200,1692255210969,1692255210974,1693227475210,10,5,5
12069,1693227475210,1692255210979,1692255210982,1693227475219,9,3,6
12070,1693227475219,1692255210988,1692255210992,1693227475228,9,4,5
12071,1693227475228,1692255210996,1692255211000,1693227475236,8,4,4
12072,1693227475236,1692255211005,1692255211009,1693227475245,9,4,5
12073,1693227475245,1692255211015,1692255211019,1693227475254,9,4,5
12074,1693227475255,1692255211024,1692255211029,1693227475265,10,5,5
12075,1693227475265,1692255211034,1692255211038,1693227475274,9,4,5
12076,1693227475274,1692255211044,1692255211048,1693227475284,10,4,6
12077,1693227475284,1692255211053,1692255211058,1693227475294,10,5,5
12078,1693227475294,1692255211063,1692255211068,1693227475304,10,5,5
12079,1693227475304,1692255211073,1692255211076,1693227475312,8,3,5
12080,1693227475312,1692255211082,1692255211086,1693227475322,10,4,6
12081,1693227475322,1692255211091,1692255211096,1693227475332,10,5,5
12082,1693227475332,1692255211102,1692255211106,1693227475342,10,4,6
12083,1693227475342,1692255211112,1692255211117,1693227475353,11,5,6
12084,1693227475353,1692255211124,1692255211127,1693227475363,10,3,7
12085,1693227475363,1692255211132,1692255211136,1693227475373,10,4,6
12086,1693227475373,1692255211146,1692255211150,1693227475386,13,4,9
12087,1693227475386,1692255211155,1692255211159,1693227475395,9,4,5
12088,1693227475395,1692255211165,1692255211170,1693227475406,11,5,6
12089,1693227475406,1692255211176,1692255211180,1693227475416,10,4,6
12090,1693227475416,1692255211185,1692255211189,1693227475425,9,4,5
12091,1693227475425,1692255211194,1692255211198,1693227475434,9,4,5
12092,1693227475435,1692255211204,1692255211208,1693227475444,9,4,5
12093,1693227475444,1692255211214,1692255211218,1693227475454,10,4,6
12094,1693227475454,1692255211226,1692255211230,1693227475466,12,4,8
12095,1693227475466,1692255211236,1692255211241,1693227475477,11,5,6
12096,1693227475477,1692255211247,1692255211251,1693227475488,11,4,7
12097,1693227475488,1692255211258,1692255211263,1693227475499,11,5,6
12098,1693227475499,1692255211269,1692255211273,1693227475509,10,4,6
12099,1693227475509,1692255211279,1692255211283,1693227475519,10,4,6
12100,1693227475519,1692255211289,1692255211294,1693227475531,12,5,7
12101,1693227475531,1692255211300,1692255211304,1693227475540,9,4,5
12102,1693227475540,1692255211310,1692255211316,1693227475552,12,6,6
12103,1693227475552,1692255211322,1692255211326,1693227475562,10,4,6
12104,1693227475562,1692255211332,1692255211336,1693227475573,11,4,7
12105,1693227475573,1692255211342,1692255211346,1693227475583,10,4,6
12106,1693227475583,1692255211354,1692255211358,1693227475594,11,4,7
12107,1693227475594,1692255211363,1692255211368,1693227475604,10,5,5
12108,1693227475604,1692255211373,1692255211377,1693227475613,9,4,5
12109,1693227475613,1692255211383,1692255211387,1693227475623,10,4,6
12110,1693227475623,1692255211393,1692255211397,1693227475633,10,4,6
12111,1693227475633,1692255211402,1692255211406,1693227475642,9,4,5
12112,1693227475642,1692255211412,1692255211416,1693227475652,10,4,6
12113,1693227475652,1692255211421,1692255211426,1693227475663,11,5,6
12114,1693227475663,1692255211432,1692255211437,1693227475673,10,5,5
12115,1693227475673,1692255211443,1692255211447,1693227475683,10,4,6
12116,1693227475684,1692255211453,1692255211457,1693227475693,9,4,5
12117,1693227475693,1692255211463,1692255211466,1693227475702,9,3,6
12118,1693227475702,1692255211472,1692255211475,1693227475712,10,3,7
12119,1693227475712,1692255211481,1692255211485,1693227475722,10,4,6
12120,1693227475722,1692255211491,1692255211495,1693227475731,9,4,5
12121,1693227475731,1692255211500,1692255211505,1693227475741,10,5,5
12122,1693227475741,1692255211512,1692255211516,1693227475752,11,4,7
12123,1693227475752,1692255211522,1692255211525,1693227475761,9,3,6
12124,1693227475761,1692255211532,1692255211536,1693227475773,12,4,8
12125,1693227475773,1692255211542,1692255211547,1693227475783,10,5,5
12126,1693227475783,1692255211552,1692255211556,1693227475792,9,4,5
12127,1693227475792,1692255211561,1692255211566,1693227475802,10,5,5
12128,1693227475802,1692255211571,1692255211574,1693227475810,8,3,5
12129,1693227475810,1692255211579,1692255211583,1693227475819,9,4,5
12130,1693227475819,1692255211588,1692255211592,1693227475828,9,4,5
12131,1693227475828,1692255211598,1692255211601,1693227475837,9,3,6
12132,1693227475837,1692255211606,1692255211610,1693227475846,9,4,5
12133,1693227475846,1692255211615,1692255211619,1693227475855,9,4,5
12134,1693227475855,1692255211624,1692255211628,1693227475864,9,4,5
12135,1693227475864,1692255211636,1692255211641,1693227475877,13,5,8
12136,1693227475877,1692255211646,1692255211650,1693227475886,9,4,5
12137,1693227475886,1692255211655,1692255211659,1693227475896,10,4,6
12138,1693227475896,1692255211665,1692255211670,1693227475906,10,5,5
12139,1693227475906,1692255211676,1692255211682,1693227475918,12,6,6
12140,1693227475918,1692255211688,1692255211692,1693227475927,9,4,5
12141,1693227475928,1692255211697,1692255211701,1693227475937,9,4,5
12142,1693227475937,1692255211706,1692255211710,1693227475946,9,4,5
12143,1693227475946,1692255211715,1692255211719,1693227475955,9,4,5
12144,1693227475955,1692255211725,1692255211729,1693227475965,10,4,6
12145,1693227475965,1692255211734,1692255211738,1693227475974,9,4,5
12146,1693227475974,1692255211743,1692255211747,1693227475983,9,4,5
12147,1693227475983,1692255211753,1692255211757,1693227475994,11,4,7
12148,1693227475994,1692255211763,1692255211767,1693227476003,9,4,5
12149,1693227476003,1692255211772,1692255211776,1693227476012,9,4,5
12150,1693227476012,1692255211780,1692255211784,1693227476020,8,4,4
12151,1693227476020,1692255211789,1692255211794,1693227476030,10,5,5
12152,1693227476030,1692255211799,1692255211803,1693227476039,9,4,5
12153,1693227476039,1692255211808,1692255211811,1693227476047,8,3,5
12154,1693227476047,1692255211816,1692255211820,1693227476056,9,4,5
12155,1693227476056,1692255211825,1692255211831,1693227476067,11,6,5
12156,1693227476067,1692255211836,1692255211839,1693227476075,8,3,5
12157,1693227476076,1692255211845,1692255211848,1693227476084,8,3,5
12158,1693227476085,1692255211854,1692255211857,1693227476093,8,3,5
12159,1693227476093,1692255211862,1692255211866,1693227476102,9,4,5
12160,1693227476102,1692255211871,1692255211874,1693227476110,8,3,5
12161,1693227476110,1692255211879,1692255211883,1693227476119,9,4,5
12162,1693227476119,1692255211888,1692255211891,1693227476127,8,3,5
12163,1693227476127,1692255211896,1692255211900,1693227476135,8,4,4
12164,1693227476135,1692255211905,1692255211908,1693227476144,9,3,6
12165,1693227476145,1692255211914,1692255211918,1693227476154,9,4,5
12166,1693227476154,1692255211924,1692255211928,1693227476164,10,4,6
12167,1693227476164,1692255211934,1692255211938,1693227476175,11,4,7
12168,1693227476175,1692255211944,1692255211948,1693227476184,9,4,5
12169,1693227476184,1692255211957,1692255211962,1693227476198,14,5,9
12170,1693227476198,1692255211968,1692255211973,1693227476210,12,5,7
12171,1693227476210,1692255211980,1692255211984,1693227476220,10,4,6
12172,1693227476220,1692255211991,1692255211995,1693227476232,12,4,8
12173,1693227476232,1692255212002,1692255212005,1693227476242,10,3,7
12174,1693227476242,1692255212012,1692255212016,1693227476253,11,4,7
12175,1693227476253,1692255212022,1692255212029,1693227476265,12,7,5
12176,1693227476265,1692255212034,1692255212038,1693227476277,12,4,8
12177,1693227476277,1692255212047,1692255212050,1693227476286,9,3,6
12178,1693227476286,1692255212055,1692255212059,1693227476295,9,4,5
12179,1693227476295,1692255212064,1692255212068,1693227476305,10,4,6
12180,1693227476305,1692255212074,1692255212078,1693227476313,8,4,4
12181,1693227476313,1692255212082,1692255212086,1693227476322,9,4,5
12182,1693227476322,1692255212091,1692255212095,1693227476331,9,4,5
12183,1693227476331,1692255212100,1692255212104,1693227476339,8,4,4
12184,1693227476339,1692255212108,1692255212112,1693227476348,9,4,5
12185,1693227476348,1692255212116,1692255212120,1693227476356,8,4,4
12186,1693227476356,1692255212125,1692255212129,1693227476365,9,4,5
12187,1693227476365,1692255212133,1692255212137,1693227476373,8,4,4
12188,1693227476373,1692255212142,1692255212145,1693227476381,8,3,5
12189,1693227476381,1692255212150,1692255212153,1693227476389,8,3,5
12190,1693227476389,1692255212158,1692255212162,1693227476398,9,4,5
12191,1693227476398,1692255212167,1692255212172,1693227476408,10,5,5
12192,1693227476408,1692255212177,1692255212183,1693227476419,11,6,5
12193,1693227476419,1692255212188,1692255212191,1693227476427,8,3,5
12194,1693227476427,1692255212196,1692255212200,1693227476436,9,4,5
12195,1693227476436,1692255212205,1692255212209,1693227476445,9,4,5
12196,1693227476445,1692255212214,1692255212217,1693227476453,8,3,5
12197,1693227476453,1692255212226,1692255212229,1693227476465,12,3,9
12198,1693227476465,1692255212235,1692255212239,1693227476475,10,4,6
12199,1693227476475,1692255212245,1692255212250,1693227476486,11,5,6
12200,1693227476486,1692255212255,1692255212260,1693227476496,10,5,5
12201,1693227476496,1692255212266,1692255212270,1693227476506,10,4,6
12202,1693227476506,1692255212276,1692255212280,1693227476517,11,4,7
12203,1693227476517,1692255212286,1692255212291,1693227476527,10,5,5
12204,1693227476527,1692255212296,1692255212300,1693227476536,9,4,5
12205,1693227476536,1692255212306,1692255212310,1693227476546,10,4,6
12206,1693227476546,1692255212314,1692255212318,1693227476554,8,4,4
12207,1693227476554,1692255212323,1692255212327,1693227476563,9,4,5
12208,1693227476563,1692255212333,1692255212336,1693227476572,9,3,6
12209,1693227476572,1692255212341,1692255212344,1693227476580,8,3,5
12210,1693227476580,1692255212351,1692255212355,1693227476591,11,4,7
12211,1693227476591,1692255212361,1692255212366,1693227476602,11,5,6
12212,1693227476602,1692255212371,1692255212374,1693227476610,8,3,5
12213,1693227476610,1692255212379,1692255212383,1693227476619,9,4,5
12214,1693227476619,1692255212388,1692255212391,1693227476627,8,3,5
12215,1693227476627,1692255212396,1692255212400,1693227476636,9,4,5
12216,1693227476636,1692255212404,1692255212408,1693227476643,7,4,3
12217,1693227476643,1692255212412,1692255212416,1693227476652,9,4,5
12218,1693227476652,1692255212421,1692255212425,1693227476661,9,4,5
12219,1693227476661,1692255212430,1692255212433,1693227476669,8,3,5
12220,1693227476669,1692255212438,1692255212441,1693227476677,8,3,5
12221,1693227476677,1692255212446,1692255212451,1693227476688,11,5,6
12222,1693227476688,1692255212457,1692255212460,1693227476696,8,3,5
12223,1693227476696,1692255212465,1692255212469,1693227476705,9,4,5
12224,1693227476705,1692255212474,1692255212478,1693227476715,10,4,6
12225,1693227476715,1692255212484,1692255212490,1693227476726,11,6,5
12226,1693227476726,1692255212495,1692255212499,1693227476735,9,4,5
12227,1693227476735,1692255212504,1692255212508,1693227476744,9,4,5
12228,1693227476744,1692255212513,1692255212517,1693227476753,9,4,5
12229,1693227476753,1692255212522,1692255212526,1693227476762,9,4,5
12230,1693227476762,1692255212534,1692255212537,1693227476773,11,3,8
12231,1693227476773,1692255212541,1692255212545,1693227476781,8,4,4
12232,1693227476781,1692255212550,1692255212554,1693227476790,9,4,5
12233,1693227476790,1692255212559,1692255212563,1693227476799,9,4,5
12234,1693227476799,1692255212569,1692255212572,1693227476809,10,3,7
12235,1693227476809,1692255212578,1692255212582,1693227476818,9,4,5
12236,1693227476818,1692255212588,1692255212592,1693227476828,10,4,6
12237,1693227476828,1692255212597,1692255212600,1693227476836,8,3,5
12238,1693227476836,1692255212607,1692255212611,1693227476847,11,4,7
12239,1693227476847,1692255212615,1692255212618,1693227476854,7,3,4
12240,1693227476854,1692255212623,1692255212627,1693227476863,9,4,5
12241,1693227476863,1692255212633,1692255212636,1693227476873,10,3,7
12242,1693227476873,1692255212642,1692255212646,1693227476882,9,4,5
12243,1693227476882,1692255212651,1692255212654,1693227476893,11,3,8
12244,1693227476893,1692255212662,1692255212666,1693227476902,9,4,5
12245,1693227476902,1692255212671,1692255212675,1693227476911,9,4,5
12246,1693227476911,1692255212680,1692255212685,1693227476921,10,5,5
12247,1693227476921,1692255212690,1692255212693,1693227476929,8,3,5
12248,1693227476929,1692255212698,1692255212702,1693227476937,8,4,4
12249,1693227476938,1692255212706,1692255212710,1693227476946,8,4,4
12250,1693227476946,1692255212715,1692255212718,1693227476954,8,3,5
12251,1693227476954,1692255212723,1692255212727,1693227476963,9,4,5
12252,1693227476963,1692255212731,1692255212734,1693227476970,7,3,4
12253,1693227476971,1692255212740,1692255212743,1693227476979,8,3,5
12254,1693227476979,1692255212748,1692255212751,1693227476988,9,3,6
12255,1693227476988,1692255212757,1692255212760,1693227476996,8,3,5
12256,1693227476996,1692255212765,1692255212768,1693227477004,8,3,5
12257,1693227477004,1692255212772,1692255212776,1693227477012,8,4,4
12258,1693227477012,1692255212782,1692255212785,1693227477021,9,3,6
12259,1693227477021,1692255212790,1692255212794,1693227477030,9,4,5
12260,1693227477030,1692255212799,1692255212802,1693227477038,8,3,5
12261,1693227477038,1692255212807,1692255212810,1693227477046,8,3,5
12262,1693227477046,1692255212820,1692255212824,1693227477060,14,4,10
12263,1693227477060,1692255212830,1692255212833,1693227477069,9,3,6
12264,1693227477069,1692255212839,1692255212843,1693227477079,10,4,6
12265,1693227477079,1692255212849,1692255212853,1693227477090,11,4,7
12266,1693227477090,1692255212860,1692255212864,1693227477102,12,4,8
12267,1693227477102,1692255212872,1692255212880,1693227477116,14,8,6
12268,1693227477116,1692255212885,1692255212889,1693227477125,9,4,5
12269,1693227477125,1692255212894,1692255212898,1693227477135,10,4,6
12270,1693227477135,1692255212904,1692255212908,1693227477144,9,4,5
12271,1693227477144,1692255212913,1692255212917,1693227477153,9,4,5
12272,1693227477153,1692255212922,1692255212926,1693227477162,9,4,5
12273,1693227477162,1692255212931,1692255212935,1693227477171,9,4,5
12274,1693227477171,1692255212942,1692255212946,1693227477182,11,4,7
12275,1693227477182,1692255212952,1692255212955,1693227477191,9,3,6
12276,1693227477191,1692255212960,1692255212964,1693227477200,9,4,5
12277,1693227477200,1692255212969,1692255212973,1693227477209,9,4,5
12278,1693227477209,1692255212978,1692255212981,1693227477217,8,3,5
12279,1693227477217,1692255212986,1692255212989,1693227477225,8,3,5
12280,1693227477225,1692255212995,1692255212999,1693227477235,10,4,6
12281,1693227477235,1692255213004,1692255213008,1693227477244,9,4,5
12282,1693227477244,1692255213013,1692255213019,1693227477255,11,6,5
12283,1693227477255,1692255213025,1692255213030,1693227477266,11,5,6
12284,1693227477266,1692255213035,1692255213039,1693227477275,9,4,5
12285,1693227477275,1692255213044,1692255213048,1693227477284,9,4,5
12286,1693227477284,1692255213053,1692255213058,1693227477294,10,5,5
12287,1693227477294,1692255213063,1692255213067,1693227477303,9,4,5
12288,1693227477303,1692255213073,1692255213078,1693227477314,11,5,6
12289,1693227477314,1692255213083,1692255213087,1693227477324,10,4,6
12290,1693227477324,1692255213094,1692255213098,1693227477334,10,4,6
12291,1693227477334,1692255213103,1692255213108,1693227477344,10,5,5
12292,1693227477344,1692255213114,1692255213118,1693227477354,10,4,6
12293,1693227477354,1692255213123,1692255213128,1693227477368,14,5,9
12294,1693227477368,1692255213140,1692255213144,1693227477380,12,4,8
12295,1693227477380,1692255213150,1692255213154,1693227477390,10,4,6
12296,1693227477390,1692255213159,1692255213163,1693227477399,9,4,5
12297,1693227477399,1692255213171,1692255213175,1693227477411,12,4,8
12298,1693227477411,1692255213180,1692255213184,1693227477420,9,4,5
12299,1693227477420,1692255213189,1692255213193,1693227477429,9,4,5
12300,1693227477429,1692255213199,1692255213203,1693227477439,10,4,6
12301,1693227477439,1692255213208,1692255213212,1693227477448,9,4,5
12302,1693227477448,1692255213218,1692255213222,1693227477458,10,4,6
12303,1693227477458,1692255213232,1692255213236,1693227477476,18,4,14
12304,1693227477476,1692255213246,1692255213251,1693227477487,11,5,6
12305,1693227477487,1692255213257,1692255213263,1693227477499,12,6,6
12306,1693227477499,1692255213270,1692255213274,1693227477511,12,4,8
12307,1693227477511,1692255213284,1692255213288,1693227477526,15,4,11
12308,1693227477526,1692255213295,1692255213299,1693227477540,14,4,10
12309,1693227477540,1692255213340,1692255213344,1693227477580,40,4,36
12310,1693227477580,1692255213350,1692255213355,1693227477591,11,5,6
12311,1693227477591,1692255213360,1692255213364,1693227477599,8,4,4
12312,1693227477600,1692255213368,1692255213372,1693227477609,9,4,5
12313,1693227477609,1692255213378,1692255213382,1693227477618,9,4,5
12314,1693227477618,1692255213387,1692255213392,1693227477637,19,5,14
12315,1693227477637,1692255213419,1692255213423,1693227477658,21,4,17
12316,1693227477658,1692255213428,1692255213431,1693227477667,9,3,6
12317,1693227477667,1692255213437,1692255213441,1693227477677,10,4,6
12318,1693227477677,1692255213447,1692255213451,1693227477687,10,4,6
12319,1693227477687,1692255213456,1692255213462,1693227477698,11,6,5
12320,1693227477698,1692255213468,1692255213472,1693227477711,13,4,9
12321,1693227477711,1692255213480,1692255213485,1693227477721,10,5,5
12322,1693227477721,1692255213491,1692255213495,1693227477731,10,4,6
12323,1693227477731,1692255213500,1692255213505,1693227477740,9,5,4
12324,1693227477740,1692255213510,1692255213514,1693227477750,10,4,6
12325,1693227477750,1692255213519,1692255213523,1693227477759,9,4,5
12326,1693227477759,1692255213528,1692255213532,1693227477769,10,4,6
12327,1693227477769,1692255213538,1692255213542,1693227477778,9,4,5
12328,1693227477778,1692255213548,1692255213552,1693227477787,9,4,5
12329,1693227477787,1692255213557,1692255213560,1693227477796,9,3,6
12330,1693227477796,1692255213566,1692255213571,1693227477807,11,5,6
12331,1693227477807,1692255213577,1692255213580,1693227477816,9,3,6
12332,1693227477816,1692255213586,1692255213590,1693227477826,10,4,6
12333,1693227477826,1692255213595,1692255213600,1693227477836,10,5,5
12334,1693227477836,1692255213607,1692255213612,1693227477848,12,5,7
12335,1693227477848,1692255213619,1692255213623,1693227477860,12,4,8
12336,1693227477860,1692255213629,1692255213634,1693227477870,10,5,5
12337,1693227477870,1692255213639,1692255213645,1693227477881,11,6,5
12338,1693227477881,1692255213651,1692255213656,1693227477892,11,5,6
12339,1693227477892,1692255213662,1692255213666,1693227477902,10,4,6
12340,1693227477902,1692255213672,1692255213677,1693227477917,15,5,10
12341,1693227477917,1692255213692,1692255213697,1693227477933,16,5,11
12342,1693227477933,1692255213703,1692255213710,1693227477946,13,7,6
12343,1693227477946,1692255213715,1692255213719,1693227477955,9,4,5
12344,1693227477955,1692255213724,1692255213728,1693227477964,9,4,5
12345,1693227477964,1692255213734,1692255213738,1693227477974,10,4,6
12346,1693227477974,1692255213744,1692255213748,1693227477984,10,4,6
12347,1693227477984,1692255213753,1692255213758,1693227477994,10,5,5
12348,1693227477994,1692255213764,1692255213768,1693227478004,10,4,6
12349,1693227478004,1692255213773,1692255213780,1693227478018,14,7,7
12350,1693227478018,1692255213788,1692255213792,1693227478028,10,4,6
12351,1693227478028,1692255213797,1692255213801,1693227478037,9,4,5
12352,1693227478037,1692255213806,1692255213811,1693227478047,10,5,5
12353,1693227478047,1692255213816,1692255213820,1693227478056,9,4,5
12354,1693227478056,1692255213826,1692255213830,1693227478066,10,4,6
12355,1693227478066,1692255213836,1692255213846,1693227478082,16,10,6
12356,1693227478082,1692255213851,1692255213855,1693227478091,9,4,5
12357,1693227478091,1692255213862,1692255213866,1693227478102,11,4,7
12358,1693227478102,1692255213872,1692255213878,1693227478114,12,6,6
12359,1693227478114,1692255213884,1692255213889,1693227478125,11,5,6
12360,1693227478125,1692255213896,1692255213901,1693227478137,12,5,7
12361,1693227478137,1692255213906,1692255213912,1693227478148,11,6,5
12362,1693227478148,1692255213918,1692255213924,1693227478160,12,6,6
12363,1693227478160,1692255213930,1692255213935,1693227478171,11,5,6
12364,1693227478171,1692255213940,1692255213945,1693227478181,10,5,5
12365,1693227478181,1692255213952,1692255213956,1693227478192,11,4,7
12366,1693227478192,1692255213961,1692255213965,1693227478201,9,4,5
12367,1693227478201,1692255213971,1692255213976,1693227478212,11,5,6
12368,1693227478212,1692255213982,1692255213988,1693227478224,12,6,6
12369,1693227478224,1692255213996,1692255214000,1693227478237,13,4,9
12370,1693227478237,1692255214006,1692255214010,1693227478246,9,4,5
12371,1693227478246,1692255214016,1692255214021,1693227478261,15,5,10
12372,1693227478261,1692255214030,1692255214035,1693227478271,10,5,5
12373,1693227478271,1692255214041,1692255214046,1693227478282,11,5,6
12374,1693227478282,1692255214052,1692255214057,1693227478293,11,5,6
12375,1693227478293,1692255214064,1692255214069,1693227478304,11,5,6
12376,1693227478304,1692255214076,1692255214081,1693227478317,13,5,8
12377,1693227478317,1692255214088,1692255214093,1693227478329,12,5,7
12378,1693227478329,1692255214099,1692255214104,1693227478340,11,5,6
12379,1693227478340,1692255214111,1692255214116,1693227478353,13,5,8
12380,1693227478353,1692255214122,1692255214126,1693227478362,9,4,5
12381,1693227478362,1692255214132,1692255214136,1693227478373,11,4,7
12382,1693227478373,1692255214142,1692255214146,1693227478383,10,4,6
12383,1693227478383,1692255214152,1692255214156,1693227478392,9,4,5
12384,1693227478392,1692255214162,1692255214166,1693227478402,10,4,6
12385,1693227478402,1692255214172,1692255214175,1693227478411,9,3,6
12386,1693227478411,1692255214183,1692255214187,1693227478423,12,4,8
12387,1693227478423,1692255214195,1692255214199,1693227478435,12,4,8
12388,1693227478435,1692255214207,1692255214211,1693227478448,13,4,9
12389,1693227478448,1692255214217,1692255214221,1693227478457,9,4,5
12390,1693227478457,1692255214227,1692255214231,1693227478470,13,4,9
12391,1693227478470,1692255214240,1692255214247,1693227478483,13,7,6
12392,1693227478483,1692255214252,1692255214256,1693227478492,9,4,5
12393,1693227478492,1692255214261,1692255214266,1693227478502,10,5,5
12394,1693227478502,1692255214272,1692255214276,1693227478512,10,4,6
12395,1693227478512,1692255214282,1692255214286,1693227478522,10,4,6
12396,1693227478522,1692255214291,1692255214295,1693227478531,9,4,5
12397,1693227478531,1692255214300,1692255214304,1693227478540,9,4,5
12398,1693227478540,1692255214309,1692255214313,1693227478550,10,4,6
12399,1693227478550,1692255214319,1692255214323,1693227478559,9,4,5
12400,1693227478559,1692255214328,1692255214333,1693227478569,10,5,5
12401,1693227478569,1692255214338,1692255214342,1693227478578,9,4,5
12402,1693227478578,1692255214351,1692255214355,1693227478591,13,4,9
12403,1693227478591,1692255214360,1692255214365,1693227478601,10,5,5
12404,1693227478601,1692255214371,1692255214376,1693227478613,12,5,7
12405,1693227478613,1692255214383,1692255214387,1693227478623,10,4,6
12406,1693227478623,1692255214393,1692255214398,1693227478634,11,5,6
12407,1693227478634,1692255214404,1692255214408,1693227478644,10,4,6
12408,1693227478644,1692255214414,1692255214417,1693227478653,9,3,6
12409,1693227478653,1692255214423,1692255214427,1693227478663,10,4,6
12410,1693227478663,1692255214432,1692255214436,1693227478672,9,4,5
12411,1693227478672,1692255214441,1692255214444,1693227478681,9,3,6
12412,1693227478681,1692255214450,1692255214455,1693227478691,10,5,5
12413,1693227478691,1692255214460,1692255214464,1693227478699,8,4,4
12414,1693227478699,1692255214468,1692255214473,1693227478709,10,5,5
12415,1693227478709,1692255214478,1692255214483,1693227478719,10,5,5
12416,1693227478719,1692255214488,1692255214492,1693227478728,9,4,5
12417,1693227478728,1692255214497,1692255214502,1693227478738,10,5,5
12418,1693227478738,1692255214507,1692255214511,1693227478747,9,4,5
12419,1693227478747,1692255214517,1692255214521,1693227478757,10,4,6
12420,1693227478757,1692255214526,1692255214530,1693227478766,9,4,5
12421,1693227478766,1692255214536,1692255214540,1693227478776,10,4,6
12422,1693227478776,1692255214545,1692255214548,1693227478784,8,3,5
12423,1693227478784,1692255214553,1692255214557,1693227478793,9,4,5
12424,1693227478793,1692255214562,1692255214565,1693227478801,8,3,5
12425,1693227478801,1692255214570,1692255214574,1693227478810,9,4,5
12426,1693227478810,1692255214579,1692255214583,1693227478818,8,4,4
12427,1693227478818,1692255214587,1692255214591,1693227478827,9,4,5
12428,1693227478827,1692255214596,1692255214601,1693227478837,10,5,5
12429,1693227478837,1692255214607,1692255214612,1693227478847,10,5,5
12430,1693227478847,1692255214617,1692255214621,1693227478857,10,4,6
12431,1693227478857,1692255214627,1692255214631,1693227478867,10,4,6
12432,1693227478867,1692255214641,1692255214645,1693227478881,14,4,10
12433,1693227478881,1692255214651,1692255214655,1693227478891,10,4,6
12434,1693227478891,1692255214661,1692255214665,1693227478900,9,4,5
12435,1693227478900,1692255214670,1692255214673,1693227478910,10,3,7
12436,1693227478910,1692255214679,1692255214684,1693227478920,10,5,5
12437,1693227478920,1692255214690,1692255214695,1693227478931,11,5,6
12438,1693227478931,1692255214700,1692255214705,1693227478941,10,5,5
12439,1693227478941,1692255214710,1692255214714,1693227478950,9,4,5
12440,1693227478950,1692255214719,1692255214724,1693227478960,10,5,5
12441,1693227478960,1692255214729,1692255214733,1693227478969,9,4,5
12442,1693227478969,1692255214738,1692255214742,1693227478978,9,4,5
12443,1693227478978,1692255214747,1692255214751,1693227478987,9,4,5
12444,1693227478987,1692255214757,1692255214761,1693227478997,10,4,6
12445,1693227478997,1692255214767,1692255214771,1693227479007,10,4,6
12446,1693227479007,1692255214776,1692255214781,1693227479017,10,5,5
12447,1693227479017,1692255214787,1692255214792,1693227479029,12,5,7
12448,1693227479029,1692255214799,1692255214803,1693227479039,10,4,6
12449,1693227479039,1692255214811,1692255214815,1693227479051,12,4,8
12450,1693227479051,1692255214821,1692255214826,1693227479061,10,5,5
12451,1693227479061,1692255214831,1692255214836,1693227479072,11,5,6
12452,1693227479072,1692255214841,1692255214845,1693227479082,10,4,6
12453,1693227479082,1692255214851,1692255214854,1693227479090,8,3,5
12454,1693227479090,1692255214860,1692255214865,1693227479101,11,5,6
12455,1693227479101,1692255214870,1692255214874,1693227479110,9,4,5
12456,1693227479110,1692255214879,1692255214884,1693227479120,10,5,5
12457,1693227479120,1692255214889,1692255214893,1693227479129,9,4,5
12458,1693227479129,1692255214898,1692255214903,1693227479139,10,5,5
12459,1693227479139,1692255214908,1692255214913,1693227479149,10,5,5
12460,1693227479149,1692255214919,1692255214923,1693227479159,10,4,6
12461,1693227479159,1692255214928,1692255214932,1693227479169,10,4,6
12462,1693227479169,1692255214938,1692255214942,1693227479178,9,4,5
12463,1693227479178,1692255214948,1692255214952,1693227479188,10,4,6
12464,1693227479188,1692255214957,1692255214961,1693227479197,9,4,5
12465,1693227479197,1692255214967,1692255214973,1693227479209,12,6,6
12466,1693227479210,1692255214979,1692255214984,1693227479220,10,5,5
12467,1693227479220,1692255214990,1692255214994,1693227479230,10,4,6
12468,1693227479230,1692255215000,1692255215004,1693227479241,11,4,7
12469,1693227479241,1692255215010,1692255215014,1693227479250,9,4,5
12470,1693227479250,1692255215020,1692255215023,1693227479259,9,3,6
12471,1693227479259,1692255215029,1692255215033,1693227479269,10,4,6
12472,1693227479269,1692255215038,1692255215043,1693227479279,10,5,5
12473,1693227479279,1692255215049,1692255215053,1693227479290,11,4,7
12474,1693227479290,1692255215059,1692255215063,1693227479299,9,4,5
12475,1693227479299,1692255215068,1692255215073,1693227479309,10,5,5
12476,1693227479309,1692255215078,1692255215082,1693227479318,9,4,5
12477,1693227479318,1692255215088,1692255215092,1693227479328,10,4,6
12478,1693227479328,1692255215097,1692255215102,1693227479338,10,5,5
12479,1693227479338,1692255215107,1692255215114,1693227479350,12,7,5
12480,1693227479350,1692255215120,1692255215124,1693227479360,10,4,6
12481,1693227479360,1692255215130,1692255215134,1693227479370,10,4,6
12482,1693227479370,1692255215139,1692255215144,1693227479380,10,5,5
12483,1693227479380,1692255215149,1692255215153,1693227479389,9,4,5
12484,1693227479389,1692255215159,1692255215163,1693227479399,10,4,6
12485,1693227479399,1692255215169,1692255215172,1693227479408,9,3,6
12486,1693227479408,1692255215177,1692255215182,1693227479418,10,5,5
12487,1693227479418,1692255215187,1692255215191,1693227479427,9,4,5
12488,1693227479427,1692255215197,1692255215201,1693227479437,10,4,6
12489,1693227479437,1692255215206,1692255215211,1693227479448,11,5,6
12490,1693227479448,1692255215220,1692255215224,1693227479460,12,4,8
12491,1693227479460,1692255215229,1692255215234,1693227479470,10,5,5
12492,1693227479470,1692255215244,1692255215249,1693227479485,15,5,10
12493,1693227479486,1692255215255,1692255215261,1693227479497,11,6,5
12494,1693227479497,1692255215267,1692255215272,1693227479508,11,5,6
12495,1693227479508,1692255215278,1692255215282,1693227479518,10,4,6
12496,1693227479518,1692255215288,1692255215292,1693227479528,10,4,6
12497,1693227479528,1692255215298,1692255215302,1693227479538,10,4,6
12498,1693227479538,1692255215307,1692255215311,1693227479547,9,4,5
12499,1693227479547,1692255215316,1692255215321,1693227479558,11,5,6
12500,1693227479558,1692255215328,1692255215332,1693227479568,10,4,6
12501,1693227479568,1692255215337,1692255215344,1693227479580,12,7,5
12502,1693227479580,1692255215353,1692255215357,1693227479592,12,4,8
12503,1693227479592,1692255215362,1692255215366,1693227479602,10,4,6
12504,1693227479602,1692255215371,1692255215375,1693227479611,9,4,5
12505,1693227479611,1692255215380,1692255215384,1693227479620,9,4,5
12506,1693227479620,1692255215390,1692255215394,1693227479630,10,4,6
12507,1693227479630,1692255215400,1692255215404,1693227479640,10,4,6
12508,1693227479640,1692255215409,1692255215414,1693227479650,10,5,5
12509,1693227479650,1692255215419,1692255215424,1693227479660,10,5,5
12510,1693227479660,1692255215430,1692255215434,1693227479670,10,4,6
12511,1693227479670,1692255215440,1692255215444,1693227479681,11,4,7
12512,1693227479681,1692255215452,1692255215456,1693227479692,11,4,7
12513,1693227479692,1692255215461,1692255215465,1693227479701,9,4,5
12514,1693227479701,1692255215470,1692255215474,1693227479710,9,4,5
12515,1693227479710,1692255215479,1692255215484,1693227479720,10,5,5
12516,1693227479720,1692255215489,1692255215494,1693227479730,10,5,5
12517,1693227479730,1692255215499,1692255215504,1693227479740,10,5,5
12518,1693227479740,1692255215511,1692255215516,1693227479752,12,5,7
12519,1693227479752,1692255215522,1692255215526,1693227479763,11,4,7
12520,1693227479763,1692255215533,1692255215537,1693227479774,11,4,7
12521,1693227479774,1692255215543,1692255215549,1693227479785,11,6,5
12522,1693227479785,1692255215555,1692255215559,1693227479795,10,4,6
12523,1693227479795,1692255215564,1692255215568,1693227479804,9,4,5
12524,1693227479804,1692255215573,1692255215577,1693227479813,9,4,5
12525,1693227479813,1692255215583,1692255215587,1693227479823,10,4,6
12526,1693227479823,1692255215593,1692255215597,1693227479833,10,4,6
12527,1693227479833,1692255215603,1692255215607,1693227479843,10,4,6
12528,1693227479843,1692255215613,1692255215618,1693227479854,11,5,6
12529,1693227479854,1692255215623,1692255215627,1693227479863,9,4,5
12530,1693227479863,1692255215632,1692255215637,1693227479872,9,5,4
12531,1693227479872,1692255215642,1692255215646,1693227479882,10,4,6
12532,1693227479882,1692255215651,1692255215655,1693227479891,9,4,5
12533,1693227479891,1692255215661,1692255215665,1693227479901,10,4,6
12534,1693227479901,1692255215671,1692255215675,1693227479911,10,4,6
12535,1693227479911,1692255215680,1692255215684,1693227479920,9,4,5
12536,1693227479920,1692255215688,1692255215692,1693227479928,8,4,4
12537,1693227479928,1692255215697,1692255215700,1693227479936,8,3,5
12538,1693227479936,1692255215706,1692255215711,1693227479947,11,5,6
12539,1693227479947,1692255215716,1692255215720,1693227479955,8,4,4
12540,1693227479955,1692255215724,1692255215727,1693227479965,10,3,7
12541,1693227479965,1692255215734,1692255215737,1693227479973,8,3,5
12542,1693227479973,1692255215742,1692255215745,1693227479981,8,3,5
12543,1693227479981,1692255215750,1692255215754,1693227479990,9,4,5
12544,1693227479990,1692255215760,1692255215763,1693227479999,9,3,6
12545,1693227479999,1692255215768,1692255215772,1693227480008,9,4,5
12546,1693227480008,1692255215777,1692255215780,1693227480016,8,3,5
12547,1693227480016,1692255215786,1692255215790,1693227480026,10,4,6
12548,1693227480026,1692255215795,1692255215800,1693227480035,9,5,4
12549,1693227480035,1692255215805,1692255215809,1693227480045,10,4,6
12550,1693227480045,1692255215814,1692255215818,1693227480054,9,4,5
12551,1693227480054,1692255215823,1692255215827,1693227480063,9,4,5
12552,1693227480063,1692255215834,1692255215838,1693227480074,11,4,7
12553,1693227480074,1692255215843,1692255215848,1693227480084,10,5,5
12554,1693227480084,1692255215853,1692255215857,1693227480093,9,4,5
12555,1693227480093,1692255215863,1692255215866,1693227480102,9,3,6
12556,1693227480102,1692255215872,1692255215876,1693227480112,10,4,6
12557,1693227480112,1692255215883,1692255215886,1693227480122,10,3,7
12558,1693227480122,1692255215891,1692255215895,1693227480131,9,4,5
12559,1693227480131,1692255215903,1692255215907,1693227480143,12,4,8
12560,1693227480143,1692255215913,1692255215917,1693227480153,10,4,6
12561,1693227480153,1692255215924,1692255215929,1693227480165,12,5,7
12562,1693227480165,1692255215937,1692255215942,1693227480178,13,5,8
12563,1693227480178,1692255215948,1692255215954,1693227480190,12,6,6
12564,1693227480190,1692255215960,1692255215964,1693227480200,10,4,6
12565,1693227480200,1692255215969,1692255215974,1693227480210,10,5,5
12566,1693227480210,1692255215979,1692255215983,1693227480219,9,4,5
12567,1693227480220,1692255215989,1692255215993,1693227480229,9,4,5
12568,1693227480229,1692255215999,1692255216003,1693227480239,10,4,6
12569,1693227480239,1692255216008,1692255216013,1693227480249,10,5,5
12570,1693227480249,1692255216018,1692255216023,1693227480258,9,5,4
12571,1693227480259,1692255216028,1692255216032,1693227480268,9,4,5
12572,1693227480268,1692255216039,1692255216043,1693227480279,11,4,7
12573,1693227480279,1692255216050,1692255216054,1693227480290,11,4,7
12574,1693227480290,1692255216059,1692255216063,1693227480299,9,4,5
12575,1693227480299,1692255216068,1692255216074,1693227480310,11,6,5
12576,1693227480310,1692255216080,1692255216084,1693227480321,11,4,7
12577,1693227480321,1692255216091,1692255216094,1693227480330,9,3,6
12578,1693227480330,1692255216099,1692255216103,1693227480339,9,4,5
12579,1693227480339,1692255216108,1692255216112,1693227480348,9,4,5
12580,1693227480348,1692255216117,1692255216121,1693227480357,9,4,5
12581,1693227480357,1692255216126,1692255216130,1693227480365,8,4,4
12582,1693227480365,1692255216135,1692255216139,1693227480375,10,4,6
12583,1693227480375,1692255216145,1692255216149,1693227480385,10,4,6
12584,1693227480385,1692255216154,1692255216158,1693227480394,9,4,5
12585,1693227480394,1692255216164,1692255216168,1693227480405,11,4,7
12586,1693227480405,1692255216174,1692255216178,1693227480413,8,4,4
12587,1693227480414,1692255216182,1692255216187,1693227480423,9,5,4
12588,1693227480423,1692255216192,1692255216196,1693227480432,9,4,5
12589,1693227480432,1692255216201,1692255216205,1693227480441,9,4,5
12590,1693227480441,1692255216211,1692255216215,1693227480451,10,4,6
12591,1693227480451,1692255216220,1692255216223,1693227480459,8,3,5
12592,1693227480459,1692255216229,1692255216233,1693227480470,11,4,7
12593,1693227480470,1692255216239,1692255216243,1693227480483,13,4,9
12594,1693227480483,1692255216253,1692255216258,1693227480494,11,5,6
12595,1693227480494,1692255216263,1692255216268,1693227480505,11,5,6
12596,1693227480505,1692255216274,1692255216278,1693227480514,9,4,5
12597,1693227480514,1692255216285,1692255216289,1693227480525,11,4,7
12598,1693227480525,1692255216295,1692255216299,1693227480534,9,4,5
12599,1693227480534,1692255216304,1692255216308,1693227480544,10,4,6
12600,1693227480544,1692255216313,1692255216317,1693227480553,9,4,5
12601,1693227480553,1692255216322,1692255216326,1693227480562,9,4,5
12602,1693227480562,1692255216332,1692255216335,1693227480571,9,3,6
12603,1693227480571,1692255216340,1692255216344,1693227480581,10,4,6
12604,1693227480581,1692255216353,1692255216357,1693227480593,12,4,8
12605,1693227480593,1692255216362,1692255216366,1693227480602,9,4,5
12606,1693227480602,1692255216372,1692255216376,1693227480612,10,4,6
12607,1693227480612,1692255216382,1692255216386,1693227480622,10,4,6
12608,1693227480622,1692255216391,1692255216395,1693227480631,9,4,5
12609,1693227480631,1692255216401,1692255216404,1693227480640,9,3,6
12610,1693227480640,1692255216410,1692255216414,1693227480650,10,4,6
12611,1693227480650,1692255216419,1692255216423,1693227480659,9,4,5
12612,1693227480659,1692255216429,1692255216435,1693227480671,12,6,6
12613,1693227480671,1692255216440,1692255216443,1693227480680,9,3,6
12614,1693227480681,1692255216450,1692255216453,1693227480689,8,3,5
12615,1693227480689,1692255216459,1692255216462,1693227480698,9,3,6
12616,1693227480698,1692255216467,1692255216471,1693227480707,9,4,5
12617,1693227480707,1692255216477,1692255216480,1693227480716,9,3,6
12618,1693227480716,1692255216485,1692255216490,1693227480726,10,5,5
12619,1693227480726,1692255216495,1692255216499,1693227480735,9,4,5
12620,1693227480735,1692255216504,1692255216508,1693227480744,9,4,5
12621,1693227480744,1692255216514,1692255216518,1693227480753,9,4,5
12622,1693227480754,1692255216523,1692255216527,1693227480763,9,4,5
12623,1693227480763,1692255216534,1692255216538,1693227480774,11,4,7
12624,1693227480774,1692255216544,1692255216548,1693227480784,10,4,6
12625,1693227480784,1692255216553,1692255216558,1693227480794,10,5,5
12626,1693227480794,1692255216563,1692255216567,1693227480803,9,4,5
12627,1693227480803,1692255216573,1692255216577,1693227480813,10,4,6
12628,1693227480813,1692255216582,1692255216586,1693227480822,9,4,5
12629,1693227480822,1692255216591,1692255216596,1693227480832,10,5,5
12630,1693227480832,1692255216602,1692255216607,1693227480843,11,5,6
12631,1693227480843,1692255216612,1692255216617,1693227480853,10,5,5
12632,1693227480853,1692255216623,1692255216627,1693227480863,10,4,6
12633,1693227480863,1692255216633,1692255216637,1693227480873,10,4,6
12634,1693227480873,1692255216643,1692255216648,1693227480885,12,5,7
12635,1693227480885,1692255216655,1692255216659,1693227480897,12,4,8
12636,1693227480897,1692255216667,1692255216671,1693227480907,10,4,6
12637,1693227480907,1692255216676,1692255216679,1693227480915,8,3,5
12638,1693227480915,1692255216684,1692255216687,1693227480923,8,3,5
12639,1693227480923,1692255216692,1692255216695,1693227480931,8,3,5
12640,1693227480931,1692255216701,1692255216705,1693227480940,9,4,5
12641,1693227480940,1692255216710,1692255216714,1693227480950,10,4,6
12642,1693227480950,1692255216719,1692255216723,1693227480959,9,4,5
12643,1693227480959,1692255216730,1692255216734,1693227480970,11,4,7
12644,1693227480970,1692255216739,1692255216743,1693227480979,9,4,5
12645,1693227480979,1692255216749,1692255216753,1693227480990,11,4,7
12646,1693227480990,1692255216759,1692255216763,1693227481000,10,4,6
12647,1693227481000,1692255216771,1692255216775,1693227481011,11,4,7
12648,1693227481011,1692255216781,1692255216785,1693227481021,10,4,6
12649,1693227481021,1692255216791,1692255216797,1693227481033,12,6,6
12650,1693227481033,1692255216803,1692255216807,1693227481044,11,4,7
12651,1693227481044,1692255216813,1692255216818,1693227481054,10,5,5
12652,1693227481054,1692255216823,1692255216827,1693227481063,9,4,5
12653,1693227481063,1692255216834,1692255216838,1693227481074,11,4,7
12654,1693227481074,1692255216844,1692255216848,1693227481085,11,4,7
12655,1693227481085,1692255216857,1692255216861,1693227481097,12,4,8
12656,1693227481097,1692255216867,1692255216871,1693227481107,10,4,6
12657,1693227481107,1692255216876,1692255216880,1693227481116,9,4,5
12658,1693227481116,1692255216886,1692255216891,1693227481126,10,5,5
12659,1693227481126,1692255216896,1692255216901,1693227481137,11,5,6
12660,1693227481137,1692255216907,1692255216911,1693227481146,9,4,5
12661,1693227481146,1692255216916,1692255216920,1693227481156,10,4,6
12662,1693227481156,1692255216926,1692255216930,1693227481166,10,4,6
12663,1693227481166,1692255216935,1692255216939,1693227481175,9,4,5
12664,1693227481175,1692255216945,1692255216949,1693227481185,10,4,6
12665,1693227481185,1692255216955,1692255216960,1693227481196,11,5,6
12666,1693227481196,1692255216966,1692255216971,1693227481207,11,5,6
12667,1693227481207,1692255216977,1692255216982,1693227481219,12,5,7
12668,1693227481219,1692255216988,1692255216993,1693227481229,10,5,5
12669,1693227481229,1692255216999,1692255217003,1693227481239,10,4,6
12670,1693227481239,1692255217008,1692255217012,1693227481248,9,4,5
12671,1693227481248,1692255217017,1692255217021,1693227481256,8,4,4
12672,1693227481256,1692255217026,1692255217029,1693227481265,9,3,6
12673,1693227481265,1692255217035,1692255217039,1693227481275,10,4,6
12674,1693227481275,1692255217044,1692255217048,1693227481284,9,4,5
12675,1693227481284,1692255217053,1692255217057,1693227481294,10,4,6
12676,1693227481294,1692255217064,1692255217067,1693227481303,9,3,6
12677,1693227481303,1692255217072,1692255217076,1693227481312,9,4,5
12678,1693227481312,1692255217082,1692255217087,1693227481323,11,5,6
12679,1693227481323,1692255217094,1692255217098,1693227481333,10,4,6
12680,1693227481334,1692255217103,1692255217107,1693227481342,8,4,4
12681,1693227481343,1692255217112,1692255217116,1693227481352,9,4,5
12682,1693227481352,1692255217124,1692255217128,1693227481364,12,4,8
12683,1693227481364,1692255217134,1692255217138,1693227481374,10,4,6
12684,1693227481374,1692255217143,1692255217148,1693227481384,10,5,5
12685,1693227481384,1692255217154,1692255217160,1693227481397,13,6,7
12686,1693227481397,1692255217166,1692255217170,1693227481405,8,4,4
12687,1693227481405,1692255217174,1692255217177,1693227481413,8,3,5
12688,1693227481413,1692255217182,1692255217185,1693227481421,8,3,5
12689,1693227481421,1692255217190,1692255217194,1693227481429,8,4,4
12690,1693227481429,1692255217199,1692255217202,1693227481438,9,3,6
12691,1693227481438,1692255217207,1692255217211,1693227481447,9,4,5
12692,1693227481447,1692255217215,1692255217219,1693227481455,8,4,4
12693,1693227481455,1692255217223,1692255217228,1693227481464,9,5,4
12694,1693227481464,1692255217233,1692255217237,1693227481473,9,4,5
12695,1693227481473,1692255217242,1692255217247,1693227481483,10,5,5
12696,1693227481483,1692255217256,1692255217260,1693227481496,13,4,9
12697,1693227481496,1692255217268,1692255217272,1693227481508,12,4,8
12698,1693227481508,1692255217277,1692255217281,1693227481517,9,4,5
12699,1693227481517,1692255217287,1692255217291,1693227481527,10,4,6
12700,1693227481527,1692255217296,1692255217299,1693227481535,8,3,5
12701,1693227481535,1692255217305,1692255217309,1693227481545,10,4,6
12702,1693227481545,1692255217314,1692255217318,1693227481554,9,4,5
12703,1693227481554,1692255217323,1692255217328,1693227481563,9,5,4
12704,1693227481563,1692255217333,1692255217338,1693227481574,11,5,6
12705,1693227481574,1692255217343,1692255217347,1693227481583,9,4,5
12706,1693227481583,1692255217353,1692255217357,1693227481593,10,4,6
12707,1693227481593,1692255217362,1692255217366,1693227481602,9,4,5
12708,1693227481602,1692255217373,1692255217378,1693227481614,12,5,7
12709,1693227481614,1692255217384,1692255217390,1693227481626,12,6,6
12710,1693227481626,1692255217395,1692255217400,1693227481636,10,5,5
12711,1693227481636,1692255217406,1692255217411,1693227481647,11,5,6
12712,1693227481647,1692255217416,1692255217421,1693227481656,9,5,4
12713,1693227481656,1692255217428,1692255217433,1693227481669,13,5,8
12714,1693227481669,1692255217439,1692255217443,1693227481680,11,4,7
12715,1693227481680,1692255217449,1692255217453,1693227481689,9,4,5
12716,1693227481689,1692255217458,1692255217462,1693227481697,8,4,4
12717,1693227481697,1692255217467,1692255217471,1693227481707,10,4,6
12718,1693227481707,1692255217477,1692255217481,1693227481717,10,4,6
12719,1693227481717,1692255217486,1692255217490,1693227481726,9,4,5
12720,1693227481726,1692255217496,1692255217500,1693227481736,10,4,6
12721,1693227481736,1692255217505,1692255217510,1693227481746,10,5,5
12722,1693227481746,1692255217516,1692255217522,1693227481758,12,6,6
12723,1693227481758,1692255217527,1692255217532,1693227481768,10,5,5
12724,1693227481768,1692255217544,1692255217548,1693227481784,16,4,12
12725,1693227481784,1692255217553,1692255217557,1693227481793,9,4,5
12726,1693227481793,1692255217562,1692255217567,1693227481803,10,5,5
12727,1693227481803,1692255217574,1692255217579,1693227481815,12,5,7
12728,1693227481815,1692255217584,1692255217588,1693227481824,9,4,5
12729,1693227481824,1692255217593,1692255217598,1693227481834,10,5,5
12730,1693227481834,1692255217604,1692255217609,1693227481846,12,5,7
12731,1693227481846,1692255217615,1692255217620,1693227481856,10,5,5
12732,1693227481856,1692255217626,1692255217630,1693227481866,10,4,6
12733,1693227481866,1692255217636,1692255217640,1693227481876,10,4,6
12734,1693227481876,1692255217646,1692255217652,1693227481888,12,6,6
12735,1693227481888,1692255217660,1692255217664,1693227481900,12,4,8
12736,1693227481900,1692255217670,1692255217675,1693227481912,12,5,7
12737,1693227481912,1692255217682,1692255217686,1693227481922,10,4,6
12738,1693227481922,1692255217691,1692255217698,1693227481935,13,7,6
12739,1693227481935,1692255217705,1692255217708,1693227481944,9,3,6
12740,1693227481944,1692255217713,1692255217717,1693227481953,9,4,5
12741,1693227481953,1692255217722,1692255217726,1693227481962,9,4,5
12742,1693227481962,1692255217731,1692255217735,1693227481971,9,4,5
12743,1693227481971,1692255217740,1692255217744,1693227481980,9,4,5
12744,1693227481980,1692255217750,1692255217755,1693227481992,12,5,7
12745,1693227481992,1692255217762,1692255217767,1693227482003,11,5,6
12746,1693227482003,1692255217773,1692255217777,1693227482013,10,4,6
12747,1693227482013,1692255217784,1692255217789,1693227482025,12,5,7
12748,1693227482025,1692255217795,1692255217800,1693227482036,11,5,6
12749,1693227482036,1692255217806,1692255217812,1693227482048,12,6,6
12750,1693227482048,1692255217818,1692255217822,1693227482058,10,4,6
12751,1693227482058,1692255217828,1692255217834,1693227482070,12,6,6
12752,1693227482070,1692255217840,1692255217845,1693227482082,12,5,7
12753,1693227482082,1692255217852,1692255217857,1693227482094,12,5,7
12754,1693227482094,1692255217864,1692255217870,1693227482106,12,6,6
12755,1693227482106,1692255217876,1692255217881,1693227482118,12,5,7
12756,1693227482118,1692255217888,1692255217892,1693227482129,11,4,7
12757,1693227482129,1692255217898,1692255217902,1693227482140,11,4,7
12758,1693227482140,1692255217909,1692255217913,1693227482149,9,4,5
12759,1693227482150,1692255217919,1692255217927,1693227482162,12,8,4
12760,1693227482162,1692255217932,1692255217936,1693227482172,10,4,6
12761,1693227482172,1692255217942,1692255217946,1693227482182,10,4,6
12762,1693227482182,1692255217952,1692255217955,1693227482192,10,3,7
12763,1693227482192,1692255217961,1692255217965,1693227482201,9,4,5
12764,1693227482201,1692255217970,1692255217975,1693227482211,10,5,5
12765,1693227482211,1692255217980,1692255217985,1693227482221,10,5,5
12766,1693227482221,1692255217990,1692255217995,1693227482231,10,5,5
12767,1693227482231,1692255218000,1692255218004,1693227482240,9,4,5
12768,1693227482240,1692255218010,1692255218016,1693227482252,12,6,6
12769,1693227482252,1692255218022,1692255218027,1693227482262,10,5,5
12770,1693227482262,1692255218032,1692255218037,1693227482273,11,5,6
12771,1693227482273,1692255218043,1692255218048,1693227482284,11,5,6
12772,1693227482284,1692255218053,1692255218057,1693227482294,10,4,6
12773,1693227482294,1692255218064,1692255218069,1693227482305,11,5,6
12774,1693227482305,1692255218074,1692255218079,1693227482315,10,5,5
12775,1693227482315,1692255218087,1692255218092,1693227482328,13,5,8
12776,1693227482328,1692255218098,1692255218102,1693227482339,11,4,7
12777,1693227482339,1692255218108,1692255218113,1693227482349,10,5,5
12778,1693227482349,1692255218121,1692255218125,1693227482362,13,4,9
12779,1693227482362,1692255218132,1692255218136,1693227482372,10,4,6
12780,1693227482372,1692255218141,1692255218146,1693227482382,10,5,5
12781,1693227482382,1692255218152,1692255218156,1693227482392,10,4,6
12782,1693227482392,1692255218162,1692255218167,1693227482404,12,5,7
12783,1693227482404,1692255218174,1692255218178,1693227482414,10,4,6
12784,1693227482414,1692255218183,1692255218188,1693227482424,10,5,5
12785,1693227482424,1692255218194,1692255218199,1693227482435,11,5,6
12786,1693227482435,1692255218206,1692255218211,1693227482447,12,5,7
12787,1693227482447,1692255218217,1692255218222,1693227482459,12,5,7
12788,1693227482459,1692255218229,1692255218234,1693227482470,11,5,6
12789,1693227482470,1692255218239,1692255218245,1693227482481,11,6,5
12790,1693227482481,1692255218251,1692255218256,1693227482494,13,5,8
12791,1693227482494,1692255218271,1692255218276,1693227482513,19,5,14
12792,1693227482513,1692255218283,1692255218288,1693227482524,11,5,6
12793,1693227482524,1692255218295,1692255218300,1693227482536,12,5,7
12794,1693227482536,1692255218306,1692255218312,1693227482549,13,6,7
12795,1693227482549,1692255218319,1692255218328,1693227482564,15,9,6
12796,1693227482564,1692255218334,1692255218340,1693227482576,12,6,6
12797,1693227482576,1692255218346,1692255218350,1693227482586,10,4,6
12798,1693227482586,1692255218355,1692255218359,1693227482595,9,4,5
12799,1693227482595,1692255218365,1692255218369,1693227482605,10,4,6
12800,1693227482605,1692255218375,1692255218379,1693227482615,10,4,6
12801,1693227482616,1692255218385,1692255218390,1693227482626,10,5,5
12802,1693227482626,1692255218396,1692255218400,1693227482636,10,4,6
12803,1693227482636,1692255218406,1692255218410,1693227482646,10,4,6
12804,1693227482646,1692255218416,1692255218420,1693227482656,10,4,6
12805,1693227482656,1692255218425,1692255218430,1693227482666,10,5,5
12806,1693227482666,1692255218435,1692255218439,1693227482675,9,4,5
12807,1693227482675,1692255218444,1692255218448,1693227482684,9,4,5
12808,1693227482684,1692255218455,1692255218459,1693227482695,11,4,7
12809,1693227482695,1692255218466,1692255218470,1693227482707,12,4,8
12810,1693227482707,1692255218478,1692255218483,1693227482719,12,5,7
12811,1693227482719,1692255218489,1692255218494,1693227482730,11,5,6
12812,1693227482730,1692255218500,1692255218504,1693227482741,11,4,7
12813,1693227482741,1692255218511,1692255218515,1693227482751,10,4,6
12814,1693227482751,1692255218522,1692255218526,1693227482762,11,4,7
12815,1693227482762,1692255218532,1692255218537,1693227482774,12,5,7
12816,1693227482774,1692255218544,1692255218549,1693227482785,11,5,6
12817,1693227482785,1692255218555,1692255218561,1693227482798,13,6,7
12818,1693227482798,1692255218568,1692255218573,1693227482809,11,5,6
12819,1693227482810,1692255218580,1692255218586,1693227482822,12,6,6
12820,1693227482822,1692255218591,1692255218596,1693227482832,10,5,5
12821,1693227482832,1692255218601,1692255218605,1693227482843,11,4,7
12822,1693227482843,1692255218612,1692255218616,1693227482852,9,4,5
12823,1693227482852,1692255218622,1692255218626,1693227482862,10,4,6
12824,1693227482862,1692255218632,1692255218636,1693227482872,10,4,6
12825,1693227482872,1692255218641,1692255218645,1693227482881,9,4,5
12826,1693227482881,1692255218651,1692255218655,1693227482891,10,4,6
12827,1693227482891,1692255218661,1692255218665,1693227482901,10,4,6
12828,1693227482901,1692255218671,1692255218675,1693227482911,10,4,6
12829,1693227482911,1692255218680,1692255218684,1693227482920,9,4,5
12830,1693227482920,1692255218690,1692255218694,1693227482930,10,4,6
12831,1693227482930,1692255218701,1692255218705,1693227482941,11,4,7
12832,1693227482941,1692255218711,1692255218717,1693227482953,12,6,6
12833,1693227482953,1692255218722,1692255218726,1693227482961,8,4,4
12834,1693227482961,1692255218731,1692255218734,1693227482970,9,3,6
12835,1693227482970,1692255218740,1692255218743,1693227482979,9,3,6
12836,1693227482979,1692255218750,1692255218753,1693227482988,9,3,6
12837,1693227482988,1692255218757,1692255218760,1693227482996,8,3,5
12838,1693227482996,1692255218766,1692255218772,1693227483008,12,6,6
12839,1693227483008,1692255218778,1692255218781,1693227483018,10,3,7
12840,1693227483018,1692255218787,1692255218790,1693227483025,7,3,4
12841,1693227483025,1692255218794,1692255218798,1693227483037,12,4,8
12842,1693227483037,1692255218806,1692255218810,1693227483046,9,4,5
12843,1693227483046,1692255218815,1692255218819,1693227483054,8,4,4
12844,1693227483055,1692255218824,1692255218828,1693227483064,9,4,5
12845,1693227483064,1692255218834,1692255218837,1693227483073,9,3,6
12846,1693227483073,1692255218842,1692255218846,1693227483082,9,4,5
12847,1693227483082,1692255218851,1692255218855,1693227483091,9,4,5
12848,1693227483091,1692255218860,1692255218864,1693227483100,9,4,5
12849,1693227483100,1692255218869,1692255218873,1693227483108,8,4,4
12850,1693227483108,1692255218877,1692255218882,1693227483119,11,5,6
12851,1693227483119,1692255218890,1692255218894,1693227483130,11,4,7
12852,1693227483130,1692255218899,1692255218903,1693227483139,9,4,5
12853,1693227483139,1692255218908,1692255218912,1693227483148,9,4,5
12854,1693227483148,1692255218917,1692255218921,1693227483156,8,4,4
12855,1693227483156,1692255218926,1692255218929,1693227483165,9,3,6
12856,1693227483165,1692255218935,1692255218939,1693227483175,10,4,6
12857,1693227483175,1692255218945,1692255218949,1693227483185,10,4,6
12858,1693227483185,1692255218955,1692255218961,1693227483197,12,6,6
12859,1693227483197,1692255218966,1692255218971,1693227483207,10,5,5
12860,1693227483207,1692255218976,1692255218981,1693227483217,10,5,5
12861,1693227483217,1692255218987,1692255218991,1693227483227,10,4,6
12862,1693227483227,1692255218997,1692255219001,1693227483237,10,4,6
12863,1693227483237,1692255219008,1692255219013,1693227483249,12,5,7
12864,1693227483249,1692255219018,1692255219022,1693227483258,9,4,5
12865,1693227483258,1692255219027,1692255219031,1693227483267,9,4,5
12866,1693227483267,1692255219037,1692255219041,1693227483276,9,4,5
12867,1693227483276,1692255219045,1692255219050,1693227483285,9,5,4
12868,1693227483285,1692255219055,1692255219061,1693227483297,12,6,6
12869,1693227483297,1692255219067,1692255219071,1693227483307,10,4,6
12870,1693227483307,1692255219077,1692255219081,1693227483317,10,4,6
12871,1693227483317,1692255219086,1692255219090,1693227483326,9,4,5
12872,1693227483326,1692255219095,1692255219100,1693227483336,10,5,5
12873,1693227483336,1692255219106,1692255219110,1693227483347,11,4,7
12874,1693227483347,1692255219117,1692255219122,1693227483358,11,5,6
12875,1693227483358,1692255219127,1692255219131,1693227483368,10,4,6
12876,1693227483368,1692255219139,1692255219143,1693227483379,11,4,7
12877,1693227483379,1692255219148,1692255219152,1693227483388,9,4,5
12878,1693227483389,1692255219159,1692255219163,1693227483399,10,4,6
12879,1693227483399,1692255219168,1692255219173,1693227483409,10,5,5
12880,1693227483409,1692255219178,1692255219182,1693227483418,9,4,5
12881,1693227483418,1692255219188,1692255219191,1693227483427,9,3,6
12882,1693227483427,1692255219197,1692255219202,1693227483438,11,5,6
12883,1693227483438,1692255219207,1692255219211,1693227483447,9,4,5
12884,1693227483447,1692255219217,1692255219221,1693227483457,10,4,6
12885,1693227483457,1692255219226,1692255219229,1693227483465,8,3,5
12886,1693227483465,1692255219235,1692255219240,1693227483476,11,5,6
12887,1693227483476,1692255219245,1692255219249,1693227483485,9,4,5
12888,1693227483485,1692255219254,1692255219257,1693227483493,8,3,5
12889,1693227483493,1692255219263,1692255219267,1693227483503,10,4,6
12890,1693227483503,1692255219272,1692255219277,1693227483513,10,5,5
12891,1693227483513,1692255219282,1692255219286,1693227483522,9,4,5
12892,1693227483522,1692255219292,1692255219296,1693227483532,10,4,6
12893,1693227483532,1692255219302,1692255219305,1693227483541,9,3,6
12894,1693227483541,1692255219311,1692255219315,1693227483551,10,4,6
12895,1693227483551,1692255219320,1692255219325,1693227483561,10,5,5
12896,1693227483561,1692255219330,1692255219334,1693227483570,9,4,5
12897,1693227483570,1692255219339,1692255219343,1693227483579,9,4,5
12898,1693227483579,1692255219348,1692255219354,1693227483590,11,6,5
12899,1693227483590,1692255219359,1692255219363,1693227483599,9,4,5
12900,1693227483599,1692255219369,1692255219373,1693227483609,10,4,6
12901,1693227483609,1692255219378,1692255219382,1693227483618,9,4,5
12902,1693227483618,1692255219388,1692255219392,1693227483628,10,4,6
12903,1693227483628,1692255219397,1692255219402,1693227483638,10,5,5
12904,1693227483638,1692255219408,1692255219412,1693227483650,12,4,8
12905,1693227483650,1692255219420,1692255219427,1693227483663,13,7,6
12906,1693227483663,1692255219432,1692255219436,1693227483672,9,4,5
12907,1693227486695,1692255222465,1692255222468,1693227486704,9,3,6
12908,1693227486704,1692255222473,1692255222475,1693227486711,7,2,5
12909,1693227486711,1692255222480,1692255222485,1693227486722,11,5,6
12910,1693227486722,1692255222491,1692255222494,1693227486730,8,3,5
12911,1693227486730,1692255222498,1692255222502,1693227486737,7,4,3
12912,1693227486737,1692255222506,1692255222509,1693227486745,8,3,5
12913,1693227486745,1692255222513,1692255222517,1693227486753,8,4,4
12914,1693227486753,1692255222522,1692255222525,1693227486761,8,3,5
12915,1693227486761,1692255222530,1692255222533,1693227486769,8,3,5
12916,1693227486769,1692255222537,1692255222541,1693227486776,7,4,3
12917,1693227486776,1692255222546,1692255222549,1693227486785,9,3,6
12918,1693227486785,1692255222553,1692255222557,1693227486793,8,4,4
12919,1693227486793,1692255222561,1692255222565,1693227486801,8,4,4
12920,1693227486801,1692255222570,1692255222575,1693227486810,9,5,4
12921,1693227486811,1692255222579,1692255222582,1693227486818,7,3,4
12922,1693227486818,1692255222586,1692255222589,1693227486825,7,3,4
12923,1693227486825,1692255222593,1692255222596,1693227486832,7,3,4
12924,1693227486832,1692255222600,1692255222603,1693227486838,6,3,3
12925,1693227486838,1692255222607,1692255222610,1693227486846,8,3,5
12926,1693227486846,1692255222615,1692255222618,1693227486854,8,3,5
12927,1693227486854,1692255222622,1692255222625,1693227486861,7,3,4
12928,1693227486861,1692255222630,1692255222633,1693227486869,8,3,5
12929,1693227486869,1692255222637,1692255222640,1693227486876,7,3,4
12930,1693227486876,1692255222644,1692255222648,1693227486884,8,4,4
12931,1693227486884,1692255222653,1692255222655,1693227486891,7,2,5
12932,1693227486891,1692255222661,1692255222665,1693227486900,9,4,5
12933,1693227486900,1692255222669,1692255222672,1693227486908,8,3,5
12934,1693227486908,1692255222676,1692255222680,1693227486915,7,4,3
12935,1693227486915,1692255222684,1692255222687,1693227486923,8,3,5
12936,1693227486923,1692255222694,1692255222697,1693227486933,10,3,7
12937,1693227486933,1692255222702,1692255222705,1693227486941,8,3,5
12938,1693227486941,1692255222709,1692255222712,1693227486948,7,3,4
12939,1693227486948,1692255222717,1692255222720,1693227486955,7,3,4
12940,1693227486955,1692255222724,1692255222728,1693227486964,9,4,5
12941,1693227486964,1692255222733,1692255222736,1693227486972,8,3,5
12942,1693227486972,1692255222740,1692255222744,1693227486980,8,4,4
12943,1693227486980,1692255222750,1692255222753,1693227486989,9,3,6
12944,1693227486989,1692255222758,1692255222761,1693227486997,8,3,5
12945,1693227486997,1692255222771,1692255222775,1693227487011,14,4,10
12946,1693227487011,1692255222779,1692255222783,1693227487019,8,4,4
12947,1693227487019,1692255222787,1692255222790,1693227487026,7,3,4
12948,1693227487026,1692255222797,1692255222800,1693227487035,9,3,6
12949,1693227487036,1692255222804,1692255222808,1693227487044,8,4,4
12950,1693227487044,1692255222812,1692255222816,1693227487051,7,4,3
12951,1693227487051,1692255222820,1692255222823,1693227487059,8,3,5
12952,1693227487059,1692255222828,1692255222831,1693227487067,8,3,5
12953,1693227487067,1692255222836,1692255222840,1693227487075,8,4,4
12954,1693227487075,1692255222844,1692255222847,1693227487083,8,3,5
12955,1693227487083,1692255222852,1692255222856,1693227487092,9,4,5
12956,1693227487092,1692255222861,1692255222864,1693227487100,8,3,5
12957,1693227487100,1692255222869,1692255222872,1693227487108,8,3,5
12958,1693227487108,1692255222877,1692255222880,1693227487117,9,3,6
12959,1693227487117,1692255222888,1692255222891,1693227487127,10,3,7
12960,1693227487127,1692255222899,1692255222903,1693227487138,11,4,7
12961,1693227487138,1692255222907,1692255222910,1693227487146,8,3,5
12962,1693227487146,1692255222915,1692255222917,1693227487153,7,2,5
12963,1693227487153,1692255222922,1692255222924,1693227487160,7,2,5
12964,1693227487160,1692255222929,1692255222932,1693227487168,8,3,5
12965,1693227487168,1692255222937,1692255222940,1693227487176,8,3,5
12966,1693227487176,1692255222945,1692255222948,1693227487184,8,3,5
12967,1693227487184,1692255222952,1692255222955,1693227487191,7,3,4
12968,1693227487191,1692255222959,1692255222963,1693227487198,7,4,3
12969,1693227487198,1692255222966,1692255222970,1693227487205,7,4,3
12970,1693227487205,1692255222975,1692255222978,1693227487214,9,3,6
12971,1693227487214,1692255222983,1692255222986,1693227487222,8,3,5
12972,1693227487222,1692255222990,1692255222995,1693227487230,8,5,3
12973,1693227487230,1692255223001,1692255223004,1693227487240,10,3,7
12974,1693227487240,1692255223008,1692255223011,1693227487247,7,3,4
12975,1693227487247,1692255223016,1692255223019,1693227487255,8,3,5
12976,1693227487255,1692255223023,1692255223026,1693227487261,6,3,3
12977,1693227487261,1692255223030,1692255223033,1693227487269,8,3,5
12978,1693227487269,1692255223038,1692255223040,1693227487276,7,2,5
12979,1693227487276,1692255223045,1692255223047,1693227487283,7,2,5
12980,1693227487283,1692255223052,1692255223055,1693227487291,8,3,5
12981,1693227487291,1692255223059,1692255223063,1693227487299,8,4,4
12982,1693227487299,1692255223067,1692255223070,1693227487305,6,3,3
12983,1693227487305,1692255223074,1692255223077,1693227487313,8,3,5
12984,1693227487313,1692255223082,1692255223085,1693227487321,8,3,5
12985,1693227487321,1692255223089,1692255223093,1693227487329,8,4,4
12986,1693227487329,1692255223097,1692255223100,1693227487336,7,3,4
12987,1693227487336,1692255223105,1692255223108,1693227487344,8,3,5
12988,1693227487344,1692255223112,1692255223116,1693227487351,7,4,3
12989,1693227487351,1692255223119,1692255223122,1693227487358,7,3,4
12990,1693227487358,1692255223127,1692255223130,1693227487365,7,3,4
12991,1693227487365,1692255223134,1692255223136,1693227487372,7,2,5
12992,1693227487372,1692255223141,1692255223144,1693227487380,8,3,5
12993,1693227487380,1692255223149,1692255223152,1693227487387,7,3,4
12994,1693227487387,1692255223156,1692255223159,1693227487394,7,3,4
12995,1693227487394,1692255223163,1692255223166,1693227487402,8,3,5
12996,1693227487402,1692255223170,1692255223173,1693227487409,7,3,4
12997,1693227487409,1692255223177,1692255223180,1693227487416,7,3,4
12998,1693227487416,1692255223185,1692255223188,1693227487424,8,3,5
12999,1693227487424,1692255223192,1692255223196,1693227487431,7,4,3
13000,1693227487431,1692255223200,1692255223203,1693227487439,8,3,5
13001,1693227487439,1692255223207,1692255223210,1693227487446,7,3,4
13002,1693227487446,1692255223215,1692255223218,1693227487454,8,3,5
13003,1693227487454,1692255223222,1692255223226,1693227487462,8,4,4
13004,1693227487462,1692255223230,1692255223234,1693227487469,7,4,3
13005,1693227487469,1692255223237,1692255223240,1693227487476,7,3,4
13006,1693227487476,1692255223244,1692255223249,1693227487485,9,5,4
13007,1693227487485,1692255223254,1692255223257,1693227487492,7,3,4
13008,1693227487492,1692255223261,1692255223264,1693227487499,7,3,4
13009,1693227487499,1692255223268,1692255223270,1693227487506,7,2,5
13010,1693227487506,1692255223275,1692255223277,1693227487513,7,2,5
13011,1693227487513,1692255223282,1692255223284,1693227487526,13,2,11
13012,1693227487526,1692255223294,1692255223297,1693227487533,7,3,4
13013,1693227487533,1692255223302,1692255223305,1693227487541,8,3,5
13014,1693227487541,1692255223310,1692255223315,1693227487550,9,5,4
13015,1693227487551,1692255223319,1692255223321,1693227487557,6,2,4
13016,1693227487557,1692255223325,1692255223329,1693227487565,8,4,4
13017,1693227487565,1692255223334,1692255223337,1693227487573,8,3,5
13018,1693227487573,1692255223342,1692255223345,1693227487580,7,3,4
13019,1693227487580,1692255223349,1692255223352,1693227487588,8,3,5
13020,1693227487588,1692255223357,1692255223360,1693227487595,7,3,4
13021,1693227487595,1692255223364,1692255223367,1693227487602,7,3,4
13022,1693227487602,1692255223371,1692255223374,1693227487610,8,3,5
13023,1693227487610,1692255223378,1692255223382,1693227487617,7,4,3
13024,1693227487617,1692255223386,1692255223389,1693227487625,8,3,5
13025,1693227487625,1692255223394,1692255223397,1693227487633,8,3,5
13026,1693227487633,1692255223401,1692255223404,1693227487639,6,3,3
13027,1693227487639,1692255223411,1692255223414,1693227487650,11,3,8
13028,1693227487650,1692255223418,1692255223422,1693227487657,7,4,3
13029,1693227487657,1692255223425,1692255223428,1693227487664,7,3,4
13030,1693227487664,1692255223432,1692255223435,1693227487670,6,3,3
13031,1693227487670,1692255223438,1692255223442,1693227487677,7,4,3
13032,1693227487677,1692255223446,1692255223449,1693227487685,8,3,5
13033,1693227487685,1692255223453,1692255223456,1693227487692,7,3,4
13034,1693227487692,1692255223460,1692255223463,1693227487699,7,3,4
13035,1693227487699,1692255223468,1692255223472,1693227487707,8,4,4
13036,1693227487707,1692255223487,1692255223490,1693227487725,18,3,15
13037,1693227487725,1692255223495,1692255223498,1693227487733,8,3,5
13038,1693227487733,1692255223502,1692255223505,1693227487741,8,3,5
13039,1693227487741,1692255223509,1692255223512,1693227487747,6,3,3
13040,1693227487747,1692255223516,1692255223519,1693227487754,7,3,4
13041,1693227487754,1692255223523,1692255223526,1693227487761,7,3,4
13042,1693227487761,1692255223530,1692255223533,1693227487769,8,3,5
13043,1693227487769,1692255223538,1692255223542,1693227487777,8,4,4
13044,1693227487778,1692255223546,1692255223549,1693227487785,7,3,4
13045,1693227487785,1692255223554,1692255223557,1693227487792,7,3,4
13046,1693227487792,1692255223561,1692255223564,1693227487799,7,3,4
13047,1693227487799,1692255223568,1692255223571,1693227487807,8,3,5
13048,1693227487807,1692255223576,1692255223579,1693227487815,8,3,5
13049,1693227487815,1692255223584,1692255223587,1693227487823,8,3,5
13050,1693227487823,1692255223592,1692255223595,1693227487831,8,3,5
13051,1693227487831,1692255223599,1692255223603,1693227487839,8,4,4
13052,1693227487839,1692255223608,1692255223611,1693227487848,9,3,6
13053,1693227487848,1692255223617,1692255223620,1693227487856,8,3,5
13054,1693227487856,1692255223624,1692255223628,1693227487863,7,4,3
13055,1693227487863,1692255223632,1692255223636,1693227487872,9,4,5
13056,1693227487872,1692255223641,1692255223643,1693227487879,7,2,5
13057,1693227487879,1692255223647,1692255223651,1693227487886,7,4,3
13058,1693227487886,1692255223655,1692255223658,1693227487893,7,3,4
13059,1693227487893,1692255223662,1692255223665,1693227487900,7,3,4
13060,1693227487900,1692255223669,1692255223671,1693227487907,7,2,5
13061,1693227487907,1692255223675,1692255223678,1693227487914,7,3,4
13062,1693227487914,1692255223682,1692255223685,1693227487921,7,3,4
13063,1693227487921,1692255223689,1692255223692,1693227487928,7,3,4
13064,1693227487928,1692255223697,1692255223699,1693227487935,7,2,5
13065,1693227487935,1692255223704,1692255223708,1693227487943,8,4,4
13066,1693227487943,1692255223712,1692255223716,1693227487951,8,4,4
13067,1693227487951,1692255223720,1692255223723,1693227487958,7,3,4
13068,1693227487958,1692255223726,1692255223729,1693227487964,6,3,3
13069,1693227487964,1692255223733,1692255223736,1693227487971,7,3,4
13070,1693227487972,1692255223740,1692255223743,1693227487979,7,3,4
13071,1693227487979,1692255223748,1692255223751,1693227487987,8,3,5
13072,1693227487987,1692255223755,1692255223758,1693227487994,7,3,4
13073,1693227487994,1692255223762,1692255223766,1693227488001,7,4,3
13074,1693227488001,1692255223769,1692255223772,1693227488007,6,3,3
13075,1693227488007,1692255223776,1692255223779,1693227488015,8,3,5
13076,1693227488015,1692255223784,1692255223787,1693227488023,8,3,5
13077,1693227488023,1692255223791,1692255223795,1693227488030,7,4,3
13078,1693227488030,1692255223799,1692255223803,1693227488038,8,4,4
13079,1693227488038,1692255223807,1692255223810,1693227488046,8,3,5
13080,1693227488046,1692255223814,1692255223817,1693227488053,7,3,4
13081,1693227488053,1692255223822,1692255223825,1693227488061,8,3,5
13082,1693227488061,1692255223830,1692255223833,1693227488069,8,3,5
13083,1693227488069,1692255223837,1692255223841,1693227488077,8,4,4
13084,1693227488077,1692255223847,1692255223850,1693227488086,9,3,6
13085,1693227488086,1692255223854,1692255223858,1693227488093,7,4,3
13086,1693227488093,1692255223862,1692255223865,1693227488102,9,3,6
13087,1693227488102,1692255223870,1692255223873,1693227488109,7,3,4
13088,1693227488109,1692255223878,1692255223883,1693227488118,9,5,4
13089,1693227488118,1692255223886,1692255223889,1693227488125,7,3,4
13090,1693227488125,1692255223894,1692255223897,1693227488133,8,3,5
13091,1693227488133,1692255223901,1692255223905,1693227488140,7,4,3
13092,1693227488140,1692255223909,1692255223913,1693227488148,8,4,4
13093,1693227488148,1692255223916,1692255223919,1693227488156,8,3,5
13094,1693227488156,1692255223924,1692255223928,1693227488163,7,4,3
13095,1693227488164,1692255223932,1692255223935,1693227488171,7,3,4
13096,1693227488171,1692255223939,1692255223943,1693227488179,8,4,4
13097,1693227488179,1692255223948,1692255223951,1693227488187,8,3,5
13098,1693227488187,1692255223956,1692255223959,1693227488194,7,3,4
13099,1693227488194,1692255223963,1692255223966,1693227488202,8,3,5
13100,1693227488202,1692255223971,1692255223974,1693227488209,7,3,4
13101,1693227488210,1692255223979,1692255223983,1693227488219,9,4,5
13102,1693227488219,1692255223987,1692255223991,1693227488226,7,4,3
13103,1693227488227,1692255223996,1692255223999,1693227488235,8,3,5
13104,1693227488235,1692255224004,1692255224007,1693227488242,7,3,4
13105,1693227488242,1692255224011,1692255224013,1693227488249,7,2,5
13106,1693227488249,1692255224017,1692255224020,1693227488260,11,3,8
13107,1693227488260,1692255224032,1692255224036,1693227488272,12,4,8
13108,1693227488272,1692255224040,1692255224043,1693227488279,7,3,4
13109,1693227488279,1692255224048,1692255224051,1693227488351,72,3,69
13110,1693227488351,1692255224120,1692255224123,1693227488360,9,3,6
13111,1693227488360,1692255224129,1692255224133,1693227488369,9,4,5
13112,1693227488369,1692255224138,1692255224141,1693227488377,8,3,5
13113,1693227488377,1692255224145,1692255224149,1693227488385,8,4,4
13114,1693227488385,1692255224154,1692255224157,1693227488392,7,3,4
13115,1693227488392,1692255224160,1692255224163,1693227488399,7,3,4
13116,1693227488399,1692255224167,1692255224171,1693227488406,7,4,3
13117,1693227488406,1692255224175,1692255224178,1693227488414,8,3,5
13118,1693227488414,1692255224183,1692255224186,1693227488422,8,3,5
13119,1693227488422,1692255224191,1692255224195,1693227488430,8,4,4
13120,1693227488430,1692255224199,1692255224202,1693227488437,7,3,4
13121,1693227488438,1692255224206,1692255224209,1693227488444,6,3,3
13122,1693227488444,1692255224212,1692255224216,1693227488451,7,4,3
13123,1693227488451,1692255224220,1692255224222,1693227488458,7,2,5
13124,1693227488458,1692255224229,1692255224234,1693227488470,12,5,7
13125,1693227488470,1692255224238,1692255224241,1693227488476,6,3,3
13126,1693227488476,1692255224245,1692255224248,1693227488484,8,3,5
13127,1693227488484,1692255224253,1692255224255,1693227488491,7,2,5
13128,1693227488491,1692255224262,1692255224265,1693227488501,10,3,7
13129,1693227488501,1692255224271,1692255224276,1693227488512,11,5,6
13130,1693227488512,1692255224281,1692255224284,1693227488520,8,3,5
13131,1693227488520,1692255224289,1692255224292,1693227488530,10,3,7
13132,1693227488530,1692255224298,1692255224302,1693227488537,7,4,3
13133,1693227488538,1692255224307,1692255224310,1693227488545,7,3,4
13134,1693227488546,1692255224314,1692255224317,1693227488552,6,3,3
13135,1693227488552,1692255224321,1692255224323,1693227488559,7,2,5
13136,1693227488559,1692255224327,1692255224331,1693227488566,7,4,3
13137,1693227488566,1692255224334,1692255224337,1693227488573,7,3,4
13138,1693227488573,1692255224341,1692255224344,1693227488580,7,3,4
13139,1693227488580,1692255224349,1692255224353,1693227488590,10,4,6
13140,1693227488590,1692255224359,1692255224362,1693227488598,8,3,5
13141,1693227488598,1692255224366,1692255224370,1693227488605,7,4,3
13142,1693227488605,1692255224374,1692255224377,1693227488613,8,3,5
13143,1693227488613,1692255224381,1692255224385,1693227488621,8,4,4
13144,1693227488621,1692255224390,1692255224392,1693227488628,7,2,5
13145,1693227488628,1692255224397,1692255224400,1693227488635,7,3,4
13146,1693227488635,1692255224404,1692255224407,1693227488642,7,3,4
13147,1693227488642,1692255224411,1692255224415,1693227488651,9,4,5
13148,1693227488651,1692255224421,1692255224424,1693227488660,9,3,6
13149,1693227488660,1692255224428,1692255224432,1693227488668,8,4,4
13150,1693227488668,1692255224438,1692255224441,1693227488676,8,3,5
13151,1693227488676,1692255224445,1692255224448,1693227488683,7,3,4
13152,1693227488683,1692255224452,1692255224455,1693227488691,8,3,5
13153,1693227488691,1692255224461,1692255224464,1693227488700,9,3,6
13154,1693227488700,1692255224468,1692255224471,1693227488706,6,3,3
13155,1693227488707,1692255224475,1692255224478,1693227488714,7,3,4
13156,1693227488714,1692255224482,1692255224486,1693227488722,8,4,4
13157,1693227488722,1692255224490,1692255224493,1693227488729,7,3,4
13158,1693227488729,1692255224497,1692255224501,1693227488737,8,4,4
13159,1693227488737,1692255224506,1692255224509,1693227488744,7,3,4
13160,1693227488744,1692255224513,1692255224518,1693227488753,9,5,4
13161,1693227488754,1692255224522,1692255224525,1693227488761,7,3,4
13162,1693227488761,1692255224530,1692255224534,1693227488770,9,4,5
13163,1693227488770,1692255224539,1692255224541,1693227488777,7,2,5
13164,1693227488777,1692255224546,1692255224550,1693227488785,8,4,4
13165,1693227488785,1692255224554,1692255224558,1693227488793,8,4,4
13166,1693227488793,1692255224562,1692255224565,1693227488801,8,3,5
13167,1693227488801,1692255224569,1692255224572,1693227488808,7,3,4
13168,1693227488808,1692255224577,1692255224579,1693227488815,7,2,5
13169,1693227488815,1692255224583,1692255224587,1693227488822,7,4,3
13170,1693227488823,1692255224591,1692255224595,1693227488831,8,4,4
13171,1693227488831,1692255224599,1692255224602,1693227488837,6,3,3
13172,1693227488837,1692255224606,1692255224609,1693227488845,8,3,5
13173,1693227488845,1692255224614,1692255224617,1693227488853,8,3,5
13174,1693227488853,1692255224622,1692255224626,1693227488862,9,4,5
13175,1693227488862,1692255224630,1692255224635,1693227488872,10,5,5
13176,1693227488872,1692255224641,1692255224645,1693227488881,9,4,5
13177,1693227488881,1692255224649,1692255224652,1693227488887,6,3,3
13178,1693227488888,1692255224656,1692255224659,1693227488895,7,3,4
13179,1693227488895,1692255224663,1692255224666,1693227488902,7,3,4
13180,1693227488902,1692255224670,1692255224674,1693227488909,7,4,3
13181,1693227488909,1692255224678,1692255224681,1693227488917,8,3,5
13182,1693227488917,1692255224686,1692255224689,1693227488925,8,3,5
13183,1693227488925,1692255224693,1692255224696,1693227488932,7,3,4
13184,1693227488932,1692255224701,1692255224704,1693227488940,8,3,5
13185,1693227488940,1692255224708,1692255224711,1693227488947,7,3,4
13186,1693227488947,1692255224717,1692255224720,1693227488955,8,3,5
13187,1693227488955,1692255224724,1692255224727,1693227488962,7,3,4
13188,1693227488962,1692255224730,1692255224733,1693227488969,7,3,4
13189,1693227488969,1692255224738,1692255224741,1693227488976,7,3,4
13190,1693227488976,1692255224745,1692255224748,1693227488984,8,3,5
13191,1693227488984,1692255224754,1692255224758,1693227488993,9,4,5
13192,1693227488993,1692255224762,1692255224765,1693227489001,8,3,5
13193,1693227489001,1692255224769,1692255224772,1693227489008,7,3,4
13194,1693227489008,1692255224777,1692255224781,1693227489016,8,4,4
13195,1693227489016,1692255224785,1692255224788,1693227489024,8,3,5
13196,1693227489024,1692255224792,1692255224796,1693227489031,7,4,3
13197,1693227489032,1692255224800,1692255224805,1693227489040,8,5,3
13198,1693227489040,1692255224808,1692255224812,1693227489048,8,4,4
13199,1693227489048,1692255224816,1692255224819,1693227489055,7,3,4
13200,1693227489055,1692255224823,1692255224827,1693227489063,8,4,4
13201,1693227489063,1692255224831,1692255224834,1693227489070,7,3,4
13202,1693227489070,1692255224839,1692255224842,1693227489077,7,3,4
13203,1693227489077,1692255224846,1692255224849,1693227489084,7,3,4
13204,1693227489084,1692255224853,1692255224856,1693227489092,8,3,5
13205,1693227489092,1692255224860,1692255224863,1693227489099,7,3,4
13206,1693227489099,1692255224867,1692255224870,1693227489106,7,3,4
13207,1693227489106,1692255224874,1692255224876,1693227489112,6,2,4
13208,1693227489112,1692255224881,1692255224885,1693227489121,9,4,5
13209,1693227489121,1692255224889,1692255224892,1693227489128,7,3,4
13210,1693227489128,1692255224896,1692255224899,1693227489135,7,3,4
13211,1693227489135,1692255224904,1692255224907,1693227489142,7,3,4
13212,1693227489143,1692255224911,1692255224914,1693227489150,7,3,4
13213,1693227489150,1692255224918,1692255224922,1693227489158,8,4,4
13214,1693227489158,1692255224927,1692255224930,1693227489165,7,3,4
13215,1693227489165,1692255224933,1692255224936,1693227489172,7,3,4
13216,1693227489172,1692255224941,1692255224944,1693227489180,8,3,5
13217,1693227489180,1692255224948,1692255224952,1693227489188,8,4,4
13218,1693227489188,1692255224957,1692255224959,1693227489195,7,2,5
13219,1693227489195,1692255224963,1692255224967,1693227489203,8,4,4
13220,1693227489203,1692255224972,1692255224974,1693227489210,7,2,5
13221,1693227489210,1692255224979,1692255224982,1693227489218,8,3,5
13222,1693227489218,1692255224987,1692255224990,1693227489226,8,3,5
13223,1693227489226,1692255224995,1692255224999,1693227489234,8,4,4
13224,1693227489234,1692255225003,1692255225008,1693227489244,10,5,5
13225,1693227489244,1692255225012,1692255225015,1693227489251,7,3,4
13226,1693227489251,1692255225021,1692255225024,1693227489260,9,3,6
13227,1693227489260,1692255225029,1692255225033,1693227489269,9,4,5
13228,1693227489269,1692255225038,1692255225041,1693227489277,8,3,5
13229,1693227489277,1692255225048,1692255225051,1693227489287,10,3,7
13230,1693227489287,1692255225055,1692255225058,1693227489294,7,3,4
13231,1693227489294,1692255225062,1692255225065,1693227489301,7,3,4
13232,1693227489301,1692255225070,1692255225074,1693227489310,9,4,5
13233,1693227489310,1692255225078,1692255225082,1693227489318,8,4,4
13234,1693227489318,1692255225087,1692255225091,1693227489327,9,4,5
13235,1693227489327,1692255225096,1692255225099,1693227489335,8,3,5
13236,1693227489335,1692255225103,1692255225106,1693227489341,6,3,3
13237,1693227489341,1692255225110,1692255225114,1693227489350,9,4,5
13238,1693227489350,1692255225119,1692255225122,1693227489358,8,3,5
13239,1693227489358,1692255225127,1692255225131,1693227489367,9,4,5
13240,1693227489367,1692255225135,1692255225138,1693227489374,7,3,4
13241,1693227489374,1692255225142,1692255225145,1693227489381,7,3,4
13242,1693227489381,1692255225151,1692255225155,1693227489391,10,4,6
13243,1693227489391,1692255225159,1692255225162,1693227489398,7,3,4
13244,1693227489398,1692255225166,1692255225170,1693227489405,7,4,3
13245,1693227489405,1692255225174,1692255225177,1693227489549,144,3,141
13246,1693227489549,1692255225318,1692255225322,1693227489558,9,4,5
13247,1693227489558,1692255225327,1692255225330,1693227489566,8,3,5
13248,1693227489566,1692255225334,1692255225337,1693227489573,7,3,4
13249,1693227489573,1692255225342,1692255225345,1693227489581,8,3,5
13250,1693227489581,1692255225350,1692255225353,1693227489589,8,3,5
13251,1693227489589,1692255225358,1692255225361,1693227489734,145,3,142
13252,1693227489734,1692255225502,1692255225506,1693227489741,7,4,3
13253,1693227489741,1692255225509,1692255225513,1693227489748,7,4,3
13254,1693227489748,1692255225518,1692255225521,1693227489756,8,3,5
13255,1693227489756,1692255225525,1692255225528,1693227489764,8,3,5
13256,1693227489764,1692255225533,1692255225537,1693227489772,8,4,4
13257,1693227489772,1692255225545,1692255225548,1693227489918,146,3,143
13258,1693227489918,1692255225687,1692255225690,1693227489925,7,3,4
13259,1693227489925,1692255225694,1692255225697,1693227489933,8,3,5
13260,1693227489933,1692255225701,1692255225705,1693227489940,7,4,3
13261,1693227489940,1692255225708,1692255225712,1693227489947,7,4,3
13262,1693227489947,1692255225715,1692255225719,1693227489954,7,4,3
13263,1693227489954,1692255225724,1692255225727,1693227489962,8,3,5
13264,1693227489962,1692255225731,1692255225734,1693227489969,7,3,4
13265,1693227489969,1692255225738,1692255225741,1693227489976,7,3,4
13266,1693227489976,1692255225745,1692255225748,1693227489984,8,3,5
13267,1693227489984,1692255225753,1692255225756,1693227489992,8,3,5
13268,1693227489992,1692255225762,1692255225765,1693227490001,9,3,6
13269,1693227490001,1692255225773,1692255225776,1693227490013,12,3,9
13270,1693227490013,1692255225781,1692255225784,1693227490020,7,3,4
13271,1693227490020,1692255225788,1692255225793,1693227490028,8,5,3
13272,1693227490029,1692255225797,1692255225800,1693227490036,7,3,4
13273,1693227490036,1692255225804,1692255225808,1693227490043,7,4,3
13274,1693227490043,1692255225812,1692255225814,1693227490050,7,2,5
13275,1693227490050,1692255225818,1692255225822,1693227490057,7,4,3
13276,1693227490058,1692255225826,1692255225830,1693227490066,8,4,4
13277,1693227490066,1692255225835,1692255225838,1693227490074,8,3,5
13278,1693227490074,1692255225844,1692255225846,1693227490082,8,2,6
13279,1693227490082,1692255225851,1692255225854,1693227490090,8,3,5
13280,1693227490090,1692255225858,1692255225861,1693227490097,7,3,4
13281,1693227490097,1692255225868,1692255225871,1693227490106,9,3,6
13282,1693227490106,1692255225875,1692255225878,1693227490114,8,3,5
13283,1693227490114,1692255225883,1692255225886,1693227490122,8,3,5
13284,1693227490122,1692255225893,1692255225896,1693227490132,10,3,7
13285,1693227490132,1692255225900,1692255225903,1693227490139,7,3,4
13286,1693227490139,1692255225908,1692255225911,1693227490146,7,3,4
13287,1693227490146,1692255225915,1692255225917,1693227490153,7,2,5
13288,1693227490153,1692255225922,1692255225925,1693227490161,8,3,5
13289,1693227490161,1692255225930,1692255225933,1693227490168,7,3,4
13290,1693227490168,1692255225937,1692255225941,1693227490177,9,4,5
13291,1693227490177,1692255225946,1692255225950,1693227490185,8,4,4
13292,1693227490185,1692255225954,1692255225957,1693227490193,8,3,5
13293,1693227490193,1692255225961,1692255225965,1693227490200,7,4,3
13294,1693227490200,1692255225971,1692255225974,1693227490210,10,3,7
13295,1693227490210,1692255225979,1692255225982,1693227490218,8,3,5
13296,1693227490218,1692255225987,1692255225990,1693227490225,7,3,4
13297,1693227490225,1692255225995,1692255225998,1693227490234,9,3,6
13298,1693227490234,1692255226003,1692255226009,1693227490244,10,6,4
13299,1693227490244,1692255226013,1692255226016,1693227490251,7,3,4
13300,1693227490251,1692255226020,1692255226023,1693227490259,8,3,5
13301,1693227490259,1692255226027,1692255226031,1693227490266,7,4,3
13302,1693227490266,1692255226036,1692255226041,1693227490276,10,5,5
13303,1693227490276,1692255226045,1692255226049,1693227490284,8,4,4
13304,1693227490284,1692255226053,1692255226056,1693227490291,7,3,4
13305,1693227490291,1692255226059,1692255226063,1693227490298,7,4,3
13306,1693227490298,1692255226068,1692255226072,1693227490307,9,4,5
13307,1693227490307,1692255226075,1692255226080,1693227490315,8,5,3
13308,1693227490315,1692255226084,1692255226087,1693227490323,8,3,5
13309,1693227490323,1692255226092,1692255226096,1693227490332,9,4,5
13310,1693227490332,1692255226101,1692255226104,1693227490340,8,3,5
13311,1693227490340,1692255226109,1692255226111,1693227490347,7,2,5
13312,1693227490347,1692255226115,1692255226119,1693227490354,7,4,3
13313,1693227490354,1692255226123,1692255226126,1693227490362,8,3,5
13314,1693227490362,1692255226131,1692255226133,1693227490369,7,2,5
13315,1693227490369,1692255226137,1692255226140,1693227490376,7,3,4
13316,1693227490376,1692255226147,1692255226150,1693227490385,9,3,6
13317,1693227490386,1692255226154,1692255226157,1693227490393,7,3,4
13318,1693227490393,1692255226162,1692255226165,1693227490401,8,3,5
13319,1693227490401,1692255226169,1692255226172,1693227490408,7,3,4
13320,1693227490408,1692255226176,1692255226180,1693227490416,8,4,4
13321,1693227490416,1692255226184,1692255226187,1693227490423,7,3,4
13322,1693227490423,1692255226191,1692255226195,1693227490430,7,4,3
13323,1693227490430,1692255226199,1692255226203,1693227490438,8,4,4
13324,1693227490438,1692255226206,1692255226210,1693227490445,7,4,3
13325,1693227490445,1692255226214,1692255226217,1693227490453,8,3,5
13326,1693227490453,1692255226221,1692255226225,1693227490461,8,4,4
13327,1693227490461,1692255226230,1692255226233,1693227490468,7,3,4
13328,1693227490469,1692255226237,1692255226240,1693227490476,7,3,4
13329,1693227490476,1692255226245,1692255226248,1693227490484,8,3,5
13330,1693227490484,1692255226253,1692255226256,1693227490491,7,3,4
13331,1693227490491,1692255226260,1692255226263,1693227490498,7,3,4
13332,1693227490498,1692255226266,1692255226269,1693227490505,7,3,4
13333,1693227490505,1692255226274,1692255226278,1693227490514,9,4,5
13334,1693227490514,1692255226282,1692255226285,1693227490521,7,3,4
13335,1693227490521,1692255226289,1692255226292,1693227490528,7,3,4
13336,1693227490528,1692255226296,1692255226299,1693227490535,7,3,4
13337,1693227490535,1692255226304,1692255226307,1693227490543,8,3,5
13338,1693227490543,1692255226312,1692255226315,1693227490551,8,3,5
13339,1693227490551,1692255226320,1692255226323,1693227490558,7,3,4
13340,1693227490558,1692255226327,1692255226330,1693227490566,8,3,5
13341,1693227490566,1692255226335,1692255226338,1693227490573,7,3,4
13342,1693227490573,1692255226342,1692255226344,1693227490580,7,2,5
13343,1693227490580,1692255226348,1692255226352,1693227490587,7,4,3
13344,1693227490587,1692255226356,1692255226361,1693227490596,9,5,4
13345,1693227490596,1692255226365,1692255226368,1693227490603,7,3,4
13346,1693227490603,1692255226373,1692255226376,1693227490613,10,3,7
13347,1693227490613,1692255226381,1692255226384,1693227490620,7,3,4
13348,1693227490620,1692255226389,1692255226392,1693227490627,7,3,4
13349,1693227490627,1692255226396,1692255226400,1693227490635,8,4,4
13350,1693227490635,1692255226404,1692255226407,1693227490642,7,3,4
13351,1693227490642,1692255226410,1692255226413,1693227490649,7,3,4
13352,1693227490649,1692255226417,1692255226420,1693227490655,6,3,3
13353,1693227490655,1692255226424,1692255226427,1693227490663,8,3,5
13354,1693227490663,1692255226431,1692255226434,1693227490669,6,3,3
13355,1693227490669,1692255226438,1692255226441,1693227490677,8,3,5
13356,1693227490677,1692255226446,1692255226449,1693227490685,8,3,5
13357,1693227490685,1692255226453,1692255226456,1693227490692,7,3,4
13358,1693227490692,1692255226461,1692255226465,1693227490700,8,4,4
13359,1693227490700,1692255226468,1692255226471,1693227490707,7,3,4
13360,1693227490707,1692255226475,1692255226477,1693227490715,8,2,6
13361,1693227490715,1692255226484,1692255226487,1693227490723,8,3,5
13362,1693227490723,1692255226492,1692255226495,1693227490731,8,3,5
13363,1693227490731,1692255226499,1692255226502,1693227490738,7,3,4
13364,1693227490738,1692255226508,1692255226510,1693227490746,8,2,6
13365,1693227490746,1692255226515,1692255226518,1693227490754,8,3,5
13366,1693227490754,1692255226522,1692255226525,1693227490761,7,3,4
13367,1693227490761,1692255226530,1692255226533,1693227490769,8,3,5
13368,1693227490769,1692255226537,1692255226540,1693227490775,6,3,3
13369,1693227490775,1692255226544,1692255226548,1693227490784,9,4,5
13370,1693227490784,1692255226552,1692255226555,1693227490791,7,3,4
13371,1693227490791,1692255226560,1692255226563,1693227490798,7,3,4
13372,1693227490798,1692255226566,1692255226570,1693227490805,7,4,3
13373,1693227490805,1692255226574,1692255226576,1693227490812,7,2,5
13374,1693227490813,1692255226581,1692255226584,1693227490820,7,3,4
13375,1693227490820,1692255226589,1692255226592,1693227490828,8,3,5
13376,1693227490828,1692255226597,1692255226600,1693227490835,7,3,4
13377,1693227490835,1692255226604,1692255226607,1693227490843,8,3,5
13378,1693227490843,1692255226612,1692255226615,1693227490851,8,3,5
13379,1693227490851,1692255226619,1692255226622,1693227490858,7,3,4
13380,1693227490858,1692255226626,1692255226630,1693227490865,7,4,3
13381,1693227490865,1692255226633,1692255226638,1693227490873,8,5,3
13382,1693227490873,1692255226642,1692255226646,1693227490882,9,4,5
13383,1693227490882,1692255226650,1692255226654,1693227490889,7,4,3
13384,1693227490889,1692255226658,1692255226662,1693227490897,8,4,4
13385,1693227490897,1692255226665,1692255226668,1693227490904,7,3,4
13386,1693227490904,1692255226672,1692255226676,1693227490912,8,4,4
13387,1693227490912,1692255226680,1692255226683,1693227490920,8,3,5
13388,1693227490920,1692255226689,1692255226693,1693227490928,8,4,4
13389,1693227490928,1692255226697,1692255226701,1693227490936,8,4,4
13390,1693227490936,1692255226705,1692255226708,1693227490943,7,3,4
13391,1693227490943,1692255226715,1692255226718,1693227490954,11,3,8
13392,1693227490954,1692255226722,1692255226725,1693227490961,7,3,4
13393,1693227490961,1692255226731,1692255226734,1693227490970,9,3,6
13394,1693227490970,1692255226738,1692255226743,1693227490978,8,5,3
13395,1693227490979,1692255226747,1692255226749,1693227490985,6,2,4
13396,1693227490985,1692255226754,1692255226756,1693227490992,7,2,5
13397,1693227490992,1692255226762,1692255226765,1693227491001,9,3,6
13398,1693227491001,1692255226769,1692255226772,1693227491008,7,3,4
13399,1693227491008,1692255226777,1692255226781,1693227491017,9,4,5
13400,1693227491017,1692255226785,1692255226789,1693227491024,7,4,3
13401,1693227491024,1692255226793,1692255226797,1693227491032,8,4,4
13402,1693227491032,1692255226801,1692255226803,1693227491039,7,2,5
13403,1693227491039,1692255226808,1692255226811,1693227491047,8,3,5
13404,1693227491047,1692255226815,1692255226818,1693227491053,6,3,3
13405,1693227491053,1692255226822,1692255226825,1693227491060,7,3,4
13406,1693227491060,1692255226828,1692255226831,1693227491067,7,3,4
13407,1693227491067,1692255226836,1692255226839,1693227491075,8,3,5
13408,1693227491075,1692255226843,1692255226846,1693227491082,7,3,4
13409,1693227491082,1692255226851,1692255226854,1693227491090,8,3,5
13410,1693227491090,1692255226858,1692255226862,1693227491097,7,4,3
13411,1693227491097,1692255226867,1692255226870,1693227491105,8,3,5
13412,1693227491106,1692255226874,1692255226877,1693227491112,6,3,3
13413,1693227491112,1692255226881,1692255226884,1693227491120,8,3,5
13414,1693227491120,1692255226891,1692255226894,1693227491130,10,3,7
13415,1693227491130,1692255226899,1692255226902,1693227491138,8,3,5
13416,1693227491138,1692255226907,1692255226911,1693227491146,8,4,4
13417,1693227491146,1692255226914,1692255226919,1693227491155,9,5,4
13418,1693227491155,1692255226923,1692255226926,1693227491162,7,3,4
13419,1693227491162,1692255226931,1692255226934,1693227491169,7,3,4
13420,1693227491169,1692255226938,1692255226942,1693227491178,9,4,5
13421,1693227491178,1692255226946,1692255226950,1693227491187,9,4,5
13422,1693227491187,1692255226956,1692255226959,1693227491195,8,3,5
13423,1693227491195,1692255226963,1692255226966,1693227491201,6,3,3
13424,1693227491201,1692255226970,1692255226973,1693227491209,8,3,5
13425,1693227491209,1692255226978,1692255226982,1693227491217,8,4,4
13426,1693227491217,1692255226989,1692255226992,1693227491228,11,3,8
13427,1693227491228,1692255226997,1692255227001,1693227491236,8,4,4
13428,1693227491236,1692255227007,1692255227010,1693227491245,9,3,6
13429,1693227491245,1692255227014,1692255227017,1693227491252,7,3,4
13430,1693227491252,1692255227021,1692255227024,1693227491259,7,3,4
13431,1693227491259,1692255227028,1692255227031,1693227491267,8,3,5
13432,1693227491267,1692255227036,1692255227039,1693227491274,7,3,4
13433,1693227491274,1692255227043,1692255227046,1693227491281,7,3,4
13434,1693227491281,1692255227050,1692255227054,1693227491289,8,4,4
13435,1693227491289,1692255227058,1692255227061,1693227491296,7,3,4
13436,1693227491296,1692255227064,1692255227068,1693227491303,7,4,3
13437,1693227491303,1692255227072,1692255227076,1693227491312,9,4,5
13438,1693227491312,1692255227080,1692255227084,1693227491319,7,4,3
13439,1693227491319,1692255227088,1692255227091,1693227491327,8,3,5
13440,1693227491327,1692255227097,1692255227100,1693227491336,9,3,6
13441,1693227491336,1692255227104,1692255227108,1693227491343,7,4,3
13442,1693227491343,1692255227111,1692255227115,1693227491351,8,4,4
13443,1693227491351,1692255227119,1692255227122,1693227491358,7,3,4
13444,1693227491358,1692255227127,1692255227130,1693227491367,9,3,6
13445,1693227491367,1692255227135,1692255227139,1693227491374,7,4,3
13446,1693227491375,1692255227144,1692255227147,1693227491383,8,3,5
13447,1693227491383,1692255227151,1692255227154,1693227491390,7,3,4
13448,1693227491390,1692255227159,1692255227163,1693227491398,8,4,4
13449,1693227491398,1692255227167,1692255227171,1693227491407,9,4,5
13450,1693227491407,1692255227175,1692255227179,1693227491415,8,4,4
13451,1693227491415,1692255227184,1692255227187,1693227491422,7,3,4
13452,1693227491422,1692255227191,1692255227194,1693227491432,10,3,7
13453,1693227491432,1692255227201,1692255227204,1693227491440,8,3,5
13454,1693227491440,1692255227209,1692255227213,1693227491449,9,4,5
13455,1693227491449,1692255227217,1692255227220,1693227491457,8,3,5
13456,1693227491457,1692255227226,1692255227229,1693227491465,8,3,5
13457,1693227491465,1692255227234,1692255227237,1693227491472,7,3,4
13458,1693227491472,1692255227241,1692255227245,1693227491481,9,4,5
13459,1693227491481,1692255227249,1692255227252,1693227491488,7,3,4
13460,1693227491488,1692255227259,1692255227262,1693227491498,10,3,7
13461,1693227491498,1692255227270,1692255227273,1693227491510,12,3,9
13462,1693227491510,1692255227279,1692255227282,1693227491518,8,3,5
13463,1693227491518,1692255227286,1692255227289,1693227491525,7,3,4
13464,1693227491525,1692255227294,1692255227296,1693227491534,9,2,7
13465,1693227491534,1692255227303,1692255227306,1693227491542,8,3,5
13466,1693227491542,1692255227310,1692255227313,1693227491548,6,3,3
13467,1693227491548,1692255227319,1692255227322,1693227491559,11,3,8
13468,1693227491559,1692255227327,1692255227330,1693227491566,7,3,4
13469,1693227491566,1692255227335,1692255227338,1693227491574,8,3,5
13470,1693227491574,1692255227342,1692255227345,1693227491581,7,3,4
13471,1693227491581,1692255227351,1692255227354,1693227491590,9,3,6
13472,1693227491590,1692255227358,1692255227361,1693227491597,7,3,4
13473,1693227491597,1692255227365,1692255227369,1693227491605,8,4,4
13474,1693227491605,1692255227373,1692255227376,1693227491612,7,3,4
13475,1693227491612,1692255227380,1692255227383,1693227491619,7,3,4
13476,1693227491619,1692255227388,1692255227391,1693227491627,8,3,5
13477,1693227491627,1692255227398,1692255227401,1693227491637,10,3,7
13478,1693227491637,1692255227405,1692255227408,1693227491643,6,3,3
13479,1693227491643,1692255227412,1692255227415,1693227491650,7,3,4
13480,1693227491650,1692255227420,1692255227423,1693227491658,8,3,5
13481,1693227491658,1692255227428,1692255227431,1693227491666,8,3,5
13482,1693227491667,1692255227435,1692255227439,1693227491675,8,4,4
13483,1693227491675,1692255227444,1692255227447,1693227491682,7,3,4
13484,1693227491682,1692255227451,1692255227455,1693227491691,9,4,5
13485,1693227491691,1692255227460,1692255227463,1693227491699,8,3,5
13486,1693227491699,1692255227467,1692255227470,1693227491706,7,3,4
13487,1693227491706,1692255227474,1692255227478,1693227491713,7,4,3
13488,1693227491713,1692255227482,1692255227485,1693227491721,8,3,5
13489,1693227491721,1692255227490,1692255227494,1693227491729,8,4,4
13490,1693227491729,1692255227498,1692255227501,1693227491736,7,3,4
13491,1693227491736,1692255227506,1692255227511,1693227491746,10,5,5
13492,1693227491746,1692255227514,1692255227518,1693227491754,8,4,4
13493,1693227491754,1692255227522,1692255227526,1693227491762,8,4,4
13494,1693227491762,1692255227530,1692255227533,1693227491769,7,3,4
13495,1693227491769,1692255227538,1692255227541,1693227491777,8,3,5
13496,1693227491777,1692255227546,1692255227549,1693227491784,7,3,4
13497,1693227491784,1692255227553,1692255227556,1693227491791,7,3,4
13498,1693227491791,1692255227559,1692255227563,1693227491798,7,4,3
13499,1693227491798,1692255227567,1692255227570,1693227491805,7,3,4
13500,1693227491805,1692255227573,1692255227577,1693227491813,8,4,4
13501,1693227491813,1692255227582,1692255227585,1693227491821,8,3,5
13502,1693227491821,1692255227590,1692255227593,1693227491828,7,3,4
13503,1693227491828,1692255227597,1692255227601,1693227491836,8,4,4
13504,1693227491836,1692255227605,1692255227608,1693227491844,8,3,5
13505,1693227491844,1692255227612,1692255227616,1693227491851,7,4,3
13506,1693227491852,1692255227620,1692255227623,1693227491859,7,3,4
13507,1693227491859,1692255227628,1692255227632,1693227491868,9,4,5
13508,1693227491868,1692255227636,1692255227639,1693227491875,7,3,4
13509,1693227491875,1692255227644,1692255227648,1693227491884,9,4,5
13510,1693227491884,1692255227652,1692255227655,1693227491890,6,3,3
13511,1693227491890,1692255227659,1692255227663,1693227491898,8,4,4
13512,1693227491898,1692255227668,1692255227671,1693227491906,8,3,5
13513,1693227491906,1692255227675,1692255227677,1693227491913,7,2,5
13514,1693227491913,1692255227681,1692255227684,1693227491920,7,3,4
13515,1693227491920,1692255227688,1692255227692,1693227491927,7,4,3
13516,1693227491927,1692255227696,1692255227699,1693227491935,8,3,5
13517,1693227491935,1692255227704,1692255227707,1693227491944,9,3,6
13518,1693227491944,1692255227713,1692255227717,1693227491952,8,4,4
13519,1693227491952,1692255227721,1692255227724,1693227491959,7,3,4
13520,1693227491959,1692255227728,1692255227732,1693227491967,8,4,4
13521,1693227491967,1692255227737,1692255227739,1693227491975,8,2,6
13522,1693227491975,1692255227744,1692255227748,1693227491984,9,4,5
13523,1693227491984,1692255227752,1692255227755,1693227491990,6,3,3
13524,1693227491990,1692255227758,1692255227762,1693227491997,7,4,3
13525,1693227491997,1692255227766,1692255227769,1693227492004,7,3,4
13526,1693227492004,1692255227772,1692255227776,1693227492011,7,4,3
13527,1693227492012,1692255227780,1692255227783,1693227492018,6,3,3
13528,1693227492019,1692255227790,1692255227794,1693227492030,11,4,7
13529,1693227492030,1692255227799,1692255227802,1693227492037,7,3,4
13530,1693227492037,1692255227805,1692255227808,1693227492043,6,3,3
13531,1693227492043,1692255227813,1692255227817,1693227492052,9,4,5
13532,1693227492052,1692255227820,1692255227823,1693227492059,7,3,4
13533,1693227492059,1692255227828,1692255227831,1693227492067,8,3,5
13534,1693227492067,1692255227836,1692255227839,1693227492074,7,3,4
13535,1693227492074,1692255227843,1692255227846,1693227492082,8,3,5
13536,1693227492082,1692255227851,1692255227854,1693227492090,8,3,5
13537,1693227492090,1692255227860,1692255227862,1693227492098,8,2,6
13538,1693227492098,1692255227868,1692255227871,1693227492107,9,3,6
13539,1693227492107,1692255227877,1692255227880,1693227492116,9,3,6
13540,1693227492116,1692255227884,1692255227888,1693227492124,8,4,4
13541,1693227492124,1692255227893,1692255227896,1693227492132,8,3,5
13542,1693227492132,1692255227900,1692255227904,1693227492139,7,4,3
13543,1693227492139,1692255227908,1692255227911,1693227492149,10,3,7
13544,1693227492149,1692255227917,1692255227920,1693227492156,7,3,4
13545,1693227492156,1692255227924,1692255227927,1693227492163,7,3,4
13546,1693227492163,1692255227931,1692255227934,1693227492170,7,3,4
13547,1693227492170,1692255227939,1692255227942,1693227492178,8,3,5
13548,1693227492178,1692255227947,1692255227950,1693227492186,8,3,5
13549,1693227492186,1692255227955,1692255227957,1693227492193,7,2,5
13550,1693227492193,1692255227961,1692255227964,1693227492200,7,3,4
13551,1693227492200,1692255227969,1692255227972,1693227492207,7,3,4
13552,1693227492207,1692255227975,1692255227979,1693227492214,7,4,3
13553,1693227492214,1692255227983,1692255227986,1693227492222,8,3,5
13554,1693227492222,1692255227991,1692255227994,1693227492231,9,3,6
13555,1693227492231,1692255228000,1692255228004,1693227492240,9,4,5
13556,1693227492240,1692255228008,1692255228012,1693227492247,7,4,3
13557,1693227492247,1692255228021,1692255228024,1693227492259,12,3,9
13558,1693227492259,1692255228028,1692255228031,1693227492267,8,3,5
13559,1693227492267,1692255228036,1692255228039,1693227492276,9,3,6
13560,1693227492276,1692255228045,1692255228048,1693227492284,8,3,5
13561,1693227492284,1692255228052,1692255228056,1693227492291,7,4,3
13562,1693227492291,1692255228060,1692255228063,1693227492299,8,3,5
13563,1693227492299,1692255228067,1692255228070,1693227492306,7,3,4
13564,1693227492306,1692255228074,1692255228078,1693227492314,8,4,4
13565,1693227492314,1692255228083,1692255228086,1693227492322,8,3,5
13566,1693227492322,1692255228090,1692255228093,1693227492329,7,3,4
13567,1693227492329,1692255228098,1692255228101,1693227492337,8,3,5
13568,1693227492337,1692255228106,1692255228109,1693227492345,8,3,5
13569,1693227492345,1692255228113,1692255228116,1693227492353,8,3,5
13570,1693227492353,1692255228122,1692255228125,1693227492360,7,3,4
13571,1693227492360,1692255228129,1692255228132,1693227492372,12,3,9
13572,1693227492372,1692255228143,1692255228147,1693227492382,10,4,6
13573,1693227492382,1692255228155,1692255228158,1693227492394,12,3,9
13574,1693227492394,1692255228163,1692255228166,1693227492401,7,3,4
13575,1693227492401,1692255228171,1692255228174,1693227492409,8,3,5
13576,1693227492409,1692255228178,1692255228181,1693227492417,8,3,5
13577,1693227492417,1692255228185,1692255228188,1693227492424,7,3,4
13578,1693227492424,1692255228193,1692255228196,1693227492432,8,3,5
13579,1693227492432,1692255228201,1692255228205,1693227492440,8,4,4
13580,1693227492440,1692255228208,1692255228211,1693227492447,7,3,4
13581,1693227492447,1692255228215,1692255228220,1693227492458,11,5,6
13582,1693227492458,1692255228227,1692255228231,1693227492466,8,4,4
13583,1693227492466,1692255228235,1692255228238,1693227492476,10,3,7
13584,1693227492476,1692255228246,1692255228249,1693227492485,9,3,6
13585,1693227492485,1692255228253,1692255228256,1693227492491,6,3,3
13586,1693227492491,1692255228261,1692255228265,1693227492500,9,4,5
13587,1693227492500,1692255228269,1692255228272,1693227492508,8,3,5
13588,1693227492508,1692255228276,1692255228279,1693227492515,7,3,4
13589,1693227492515,1692255228284,1692255228287,1693227492522,7,3,4
13590,1693227492522,1692255228291,1692255228294,1693227492557,35,3,32
13591,1693227492557,1692255228331,1692255228335,1693227492570,13,4,9
13592,1693227492570,1692255228339,1692255228341,1693227492577,7,2,5
13593,1693227492577,1692255228346,1692255228350,1693227492586,9,4,5
13594,1693227492586,1692255228354,1692255228357,1693227492593,7,3,4
13595,1693227492593,1692255228363,1692255228367,1693227492602,9,4,5
13596,1693227492602,1692255228371,1692255228374,1693227492609,7,3,4
13597,1693227492609,1692255228378,1692255228381,1693227492617,8,3,5
13598,1693227492617,1692255228386,1692255228389,1693227492624,7,3,4
13599,1693227492624,1692255228393,1692255228396,1693227492632,8,3,5
13600,1693227492632,1692255228403,1692255228406,1693227492642,10,3,7
13601,1693227492642,1692255228411,1692255228415,1693227492651,9,4,5
13602,1693227492651,1692255228419,1692255228422,1693227492658,7,3,4
13603,1693227492658,1692255228428,1692255228431,1693227492667,9,3,6
13604,1693227492667,1692255228436,1692255228439,1693227492675,8,3,5
13605,1693227492675,1692255228444,1692255228447,1693227492683,8,3,5
13606,1693227492683,1692255228452,1692255228455,1693227492690,7,3,4
13607,1693227492690,1692255228460,1692255228463,1693227492698,8,3,5
13608,1693227492698,1692255228467,1692255228470,1693227492705,7,3,4
13609,1693227492705,1692255228473,1692255228477,1693227492713,8,4,4
13610,1693227492713,1692255228481,1692255228484,1693227492720,7,3,4
13611,1693227492720,1692255228489,1692255228493,1693227492729,9,4,5
13612,1693227492729,1692255228497,1692255228500,1693227492735,6,3,3
13613,1693227492735,1692255228505,1692255228508,1693227492744,9,3,6
13614,1693227492744,1692255228512,1692255228515,1693227492751,7,3,4
13615,1693227492751,1692255228519,1692255228523,1693227492758,7,4,3
13616,1693227492758,1692255228530,1692255228533,1693227492769,11,3,8
13617,1693227492769,1692255228538,1692255228542,1693227492777,8,4,4
13618,1693227492777,1692255228546,1692255228548,1693227492784,7,2,5
13619,1693227492784,1692255228553,1692255228557,1693227492792,8,4,4
13620,1693227492792,1692255228561,1692255228564,1693227492800,8,3,5
13621,1693227492800,1692255228568,1692255228571,1693227492807,7,3,4
13622,1693227492807,1692255228575,1692255228578,1693227492814,7,3,4
13623,1693227492814,1692255228583,1692255228586,1693227492821,7,3,4
13624,1693227492821,1692255228590,1692255228593,1693227492829,8,3,5
13625,1693227492829,1692255228598,1692255228602,1693227492837,8,4,4
13626,1693227492837,1692255228611,1692255228615,1693227492850,13,4,9
13627,1693227492850,1692255228619,1692255228622,1693227492857,7,3,4
13628,1693227492857,1692255228625,1692255228629,1693227492866,9,4,5
13629,1693227492866,1692255228639,1692255228642,1693227492878,12,3,9
13630,1693227492878,1692255228646,1692255228650,1693227492885,7,4,3
13631,1693227492886,1692255228654,1692255228657,1693227492892,6,3,3
13632,1693227492892,1692255228661,1692255228664,1693227492899,7,3,4
13633,1693227492899,1692255228668,1692255228671,1693227492906,7,3,4
13634,1693227492906,1692255228675,1692255228679,1693227492914,8,4,4
13635,1693227492914,1692255228683,1692255228686,1693227492922,8,3,5
13636,1693227492922,1692255228691,1692255228695,1693227492931,9,4,5
13637,1693227492931,1692255228699,1692255228703,1693227492938,7,4,3
13638,1693227492938,1692255228706,1692255228711,1693227492946,8,5,3
13639,1693227492946,1692255228714,1692255228718,1693227492953,7,4,3
13640,1693227492953,1692255228722,1692255228725,1693227492961,8,3,5
13641,1693227492961,1692255228730,1692255228732,1693227492969,8,2,6
13642,1693227492969,1692255228737,1692255228740,1693227492976,7,3,4
13643,1693227492976,1692255228744,1692255228747,1693227492983,7,3,4
13644,1693227492983,1692255228751,1692255228754,1693227492989,6,3,3
13645,1693227492989,1692255228757,1692255228761,1693227492997,8,4,4
13646,1693227492997,1692255228771,1692255228774,1693227493009,12,3,9
13647,1693227493009,1692255228778,1692255228781,1693227493017,8,3,5
13648,1693227493017,1692255228785,1692255228788,1693227493023,6,3,3
13649,1693227493023,1692255228792,1692255228796,1693227493031,8,4,4
13650,1693227493031,1692255228799,1692255228802,1693227493037,6,3,3
13651,1693227493038,1692255228806,1692255228809,1693227493045,7,3,4
13652,1693227493045,1692255228813,1692255228816,1693227493051,6,3,3
13653,1693227493051,1692255228820,1692255228823,1693227493058,7,3,4
13654,1693227493058,1692255228827,1692255228830,1693227493065,7,3,4
13655,1693227493065,1692255228834,1692255228836,1693227493072,7,2,5
13656,1693227493072,1692255228841,1692255228844,1693227493079,7,3,4
13657,1693227493079,1692255228848,1692255228851,1693227493087,8,3,5
13658,1693227493087,1692255228856,1692255228859,1693227493095,8,3,5
13659,1693227493095,1692255228864,1692255228867,1693227493102,7,3,4
13660,1693227493102,1692255228871,1692255228874,1693227493109,7,3,4
13661,1693227493109,1692255228878,1692255228881,1693227493117,8,3,5
13662,1693227493117,1692255228885,1692255228889,1693227493125,8,4,4
13663,1693227493125,1692255228893,1692255228896,1693227493132,7,3,4
13664,1693227493132,1692255228901,1692255228903,1693227493139,7,2,5
13665,1693227493139,1692255228907,1692255228910,1693227493146,7,3,4
13666,1693227493146,1692255228915,1692255228918,1693227493154,8,3,5
13667,1693227493154,1692255228922,1692255228925,1693227493161,7,3,4
13668,1693227493161,1692255228929,1692255228932,1693227493168,7,3,4
13669,1693227493168,1692255228939,1692255228943,1693227493179,11,4,7
13670,1693227493179,1692255228947,1692255228950,1693227493186,7,3,4
13671,1693227493186,1692255228954,1692255228958,1693227493193,7,4,3
13672,1693227493193,1692255228963,1692255228967,1693227493202,9,4,5
13673,1693227493202,1692255228970,1692255228973,1693227493209,7,3,4
13674,1693227493209,1692255228978,1692255228981,1693227493217,8,3,5
13675,1693227493217,1692255228985,1692255228989,1693227493225,8,4,4
13676,1693227493225,1692255228993,1692255228997,1693227493232,7,4,3
13677,1693227493232,1692255229001,1692255229004,1693227493240,8,3,5
13678,1693227493240,1692255229008,1692255229012,1693227493248,8,4,4
13679,1693227493248,1692255229018,1692255229021,1693227493258,10,3,7
13680,1693227493258,1692255229026,1692255229029,1693227493265,7,3,4
13681,1693227493265,1692255229033,1692255229036,1693227493272,7,3,4
13682,1693227493272,1692255229042,1692255229045,1693227493281,9,3,6
13683,1693227493281,1692255229051,1692255229054,1693227493290,9,3,6
13684,1693227493290,1692255229058,1692255229062,1693227493300,10,4,6
13685,1693227493300,1692255229090,1692255229092,1693227493328,28,2,26
13686,1693227493329,1692255229099,1692255229103,1693227493340,11,4,7
13687,1693227493340,1692255229109,1692255229112,1693227493347,7,3,4
13688,1693227493347,1692255229116,1692255229121,1693227493356,9,5,4
13689,1693227493356,1692255229130,1692255229133,1693227493369,13,3,10
13690,1693227493369,1692255229138,1692255229141,1693227493378,9,3,6
13691,1693227493378,1692255229147,1692255229150,1693227493386,8,3,5
13692,1693227493386,1692255229155,1692255229159,1693227493395,9,4,5
13693,1693227493395,1692255229163,1692255229166,1693227493401,6,3,3
13694,1693227493401,1692255229171,1692255229174,1693227493410,9,3,6
13695,1693227493410,1692255229179,1692255229182,1693227493419,9,3,6
13696,1693227493419,1692255229188,1692255229191,1693227493427,8,3,5
13697,1693227493427,1692255229195,1692255229199,1693227493434,7,4,3
13698,1693227493434,1692255229203,1692255229206,1693227493441,7,3,4
13699,1693227493441,1692255229210,1692255229213,1693227493449,8,3,5
13700,1693227493449,1692255229217,1692255229220,1693227493456,7,3,4
13701,1693227493456,1692255229224,1692255229228,1693227493464,8,4,4
13702,1693227493464,1692255229232,1692255229235,1693227493471,7,3,4
13703,1693227493471,1692255229239,1692255229242,1693227493480,9,3,6
13704,1693227493480,1692255229249,1692255229252,1693227493487,7,3,4
13705,1693227493487,1692255229256,1692255229260,1693227493495,8,4,4
13706,1693227493495,1692255229264,1692255229266,1693227493502,7,2,5
13707,1693227493502,1692255229270,1692255229273,1693227493508,6,3,3
13708,1693227493508,1692255229276,1692255229279,1693227493515,7,3,4
13709,1693227493515,1692255229283,1692255229286,1693227493522,7,3,4
13710,1693227493522,1692255229291,1692255229294,1693227493530,8,3,5
13711,1693227493530,1692255229299,1692255229304,1693227493540,10,5,5
13712,1693227493540,1692255229309,1692255229312,1693227493547,7,3,4
13713,1693227493547,1692255229316,1692255229319,1693227493555,8,3,5
13714,1693227493555,1692255229328,1692255229331,1693227493566,11,3,8
13715,1693227493566,1692255229335,1692255229340,1693227493576,10,5,5
13716,1693227493576,1692255229345,1692255229349,1693227493584,8,4,4
13717,1693227493584,1692255229353,1692255229357,1693227493592,8,4,4
13718,1693227493592,1692255229361,1692255229364,1693227493599,7,3,4
13719,1693227493599,1692255229368,1692255229372,1693227493608,9,4,5
13720,1693227493608,1692255229377,1692255229380,1693227493616,8,3,5
13721,1693227493616,1692255229385,1692255229388,1693227493624,8,3,5
13722,1693227493624,1692255229393,1692255229397,1693227493633,9,4,5
13723,1693227493633,1692255229401,1692255229405,1693227493640,7,4,3
13724,1693227493640,1692255229409,1692255229413,1693227493648,8,4,4
13725,1693227493648,1692255229417,1692255229420,1693227493656,8,3,5
13726,1693227493656,1692255229424,1692255229428,1693227493663,7,4,3
13727,1693227493663,1692255229433,1692255229436,1693227493671,8,3,5
13728,1693227493671,1692255229440,1692255229443,1693227493678,7,3,4
13729,1693227493678,1692255229447,1692255229451,1693227493687,9,4,5
13730,1693227493687,1692255229456,1692255229460,1693227493696,9,4,5
13731,1693227493696,1692255229466,1692255229469,1693227493704,8,3,5
13732,1693227493704,1692255229473,1692255229476,1693227493711,7,3,4
13733,1693227493711,1692255229480,1692255229483,1693227493719,8,3,5
13734,1693227493719,1692255229487,1692255229490,1693227493726,7,3,4
13735,1693227493726,1692255229495,1692255229498,1693227493734,8,3,5
13736,1693227493734,1692255229502,1692255229506,1693227493742,8,4,4
13737,1693227493742,1692255229510,1692255229514,1693227493749,7,4,3
13738,1693227493749,1692255229518,1692255229521,1693227493757,8,3,5
13739,1693227493757,1692255229525,1692255229528,1693227493763,6,3,3
13740,1693227493764,1692255229532,1692255229535,1693227493771,7,3,4
13741,1693227493771,1692255229540,1692255229544,1693227493780,9,4,5
13742,1693227493780,1692255229548,1692255229551,1693227493787,7,3,4
13743,1693227493787,1692255229556,1692255229559,1693227493795,8,3,5
13744,1693227493795,1692255229563,1692255229567,1693227493802,7,4,3
13745,1693227493802,1692255229571,1692255229574,1693227493810,8,3,5
13746,1693227493810,1692255229579,1692255229583,1693227493819,9,4,5
13747,1693227493819,1692255229587,1692255229591,1693227493826,7,4,3
13748,1693227493826,1692255229596,1692255229600,1693227493836,10,4,6
13749,1693227493836,1692255229604,1692255229607,1693227493843,7,3,4
13750,1693227493843,1692255229611,1692255229614,1693227493849,6,3,3
13751,1693227493850,1692255229618,1692255229621,1693227493856,6,3,3
13752,1693227493856,1692255229625,1692255229628,1693227493864,8,3,5
13753,1693227493864,1692255229633,1692255229636,1693227493872,8,3,5
13754,1693227493872,1692255229641,1692255229644,1693227493880,8,3,5
13755,1693227493880,1692255229648,1692255229651,1693227493887,7,3,4
13756,1693227493887,1692255229657,1692255229660,1693227493896,9,3,6
13757,1693227493896,1692255229664,1692255229668,1693227493903,7,4,3
13758,1693227493903,1692255229671,1692255229674,1693227493910,7,3,4
13759,1693227493910,1692255229679,1692255229682,1693227493917,7,3,4
13760,1693227493917,1692255229686,1692255229689,1693227493925,8,3,5
13761,1693227493925,1692255229694,1692255229697,1693227493933,8,3,5
13762,1693227493933,1692255229702,1692255229705,1693227493941,8,3,5
13763,1693227493941,1692255229709,1692255229713,1693227493948,7,4,3
13764,1693227493948,1692255229716,1692255229719,1693227493954,6,3,3
13765,1693227493954,1692255229723,1692255229727,1693227493962,8,4,4
13766,1693227493963,1692255229731,1692255229735,1693227493971,8,4,4
13767,1693227493971,1692255229739,1692255229743,1693227493978,7,4,3
13768,1693227493978,1692255229748,1692255229751,1693227493987,9,3,6
13769,1693227493987,1692255229756,1692255229760,1693227493995,8,4,4
13770,1693227493995,1692255229763,1692255229766,1693227494002,7,3,4
13771,1693227494002,1692255229770,1692255229774,1693227494010,8,4,4
13772,1693227494010,1692255229778,1692255229781,1693227494017,7,3,4
13773,1693227494017,1692255229786,1692255229789,1693227494025,8,3,5
13774,1693227494025,1692255229793,1692255229797,1693227494033,8,4,4
13775,1693227494033,1692255229802,1692255229805,1693227494040,7,3,4
13776,1693227494040,1692255229809,1692255229812,1693227494047,7,3,4
13777,1693227494047,1692255229816,1692255229819,1693227494054,7,3,4
13778,1693227494054,1692255229823,1692255229826,1693227494062,8,3,5
13779,1693227494062,1692255229832,1692255229836,1693227494072,10,4,6
13780,1693227494072,1692255229840,1692255229844,1693227494080,8,4,4
13781,1693227494080,1692255229848,1692255229851,1693227494087,7,3,4
13782,1693227494087,1692255229855,1692255229859,1693227494094,7,4,3
13783,1693227494094,1692255229863,1692255229866,1693227494102,8,3,5
13784,1693227494102,1692255229870,1692255229873,1693227494109,7,3,4
13785,1693227494109,1692255229877,1692255229883,1693227494118,9,6,3
13786,1693227494118,1692255229887,1692255229890,1693227494125,7,3,4
13787,1693227494125,1692255229893,1692255229896,1693227494132,7,3,4
13788,1693227494132,1692255229900,1692255229904,1693227494140,8,4,4
13789,1693227494140,1692255229909,1692255229912,1693227494148,8,3,5
13790,1693227494148,1692255229921,1692255229925,1693227494160,12,4,8
13791,1693227494160,1692255229929,1692255229931,1693227494168,8,2,6
13792,1693227494168,1692255229937,1692255229940,1693227494176,8,3,5
13793,1693227494176,1692255229945,1692255229948,1693227494184,8,3,5
13794,1693227494184,1692255229952,1692255229955,1693227494191,7,3,4
13795,1693227494191,1692255229959,1692255229963,1693227494199,8,4,4
13796,1693227494199,1692255229967,1692255229971,1693227494206,7,4,3
13797,1693227494206,1692255229974,1692255229978,1693227494213,7,4,3
13798,1693227494213,1692255229982,1692255229985,1693227494221,8,3,5
13799,1693227494221,1692255229990,1692255229993,1693227494228,7,3,4
13800,1693227494228,1692255229998,1692255230001,1693227494237,9,3,6
13801,1693227494237,1692255230005,1692255230008,1693227494244,7,3,4
13802,1693227494244,1692255230014,1692255230018,1693227494253,9,4,5
13803,1693227494253,1692255230021,1692255230025,1693227494260,7,4,3
13804,1693227494260,1692255230029,1692255230033,1693227494268,8,4,4
13805,1693227494269,1692255230038,1692255230041,1693227494277,8,3,5
13806,1693227494277,1692255230045,1692255230048,1693227494283,6,3,3
13807,1693227494283,1692255230051,1692255230055,1693227494290,7,4,3
13808,1693227494290,1692255230059,1692255230062,1693227494300,10,3,7
13809,1693227494300,1692255230069,1692255230072,1693227494308,8,3,5
13810,1693227494308,1692255230078,1692255230080,1693227494316,8,2,6
13811,1693227494316,1692255230085,1692255230088,1693227494325,9,3,6
13812,1693227494325,1692255230094,1692255230097,1693227494333,8,3,5
13813,1693227494333,1692255230101,1692255230104,1693227494339,6,3,3
13814,1693227494339,1692255230108,1692255230111,1693227494346,7,3,4
13815,1693227494346,1692255230115,1692255230118,1693227494353,7,3,4
13816,1693227494353,1692255230121,1692255230126,1693227494361,8,5,3
13817,1693227494361,1692255230130,1692255230133,1693227494369,8,3,5
13818,1693227494369,1692255230137,1692255230141,1693227494377,8,4,4
13819,1693227494377,1692255230148,1692255230151,1693227494387,10,3,7
13820,1693227494387,1692255230155,1692255230159,1693227494395,8,4,4
13821,1693227494395,1692255230164,1692255230170,1693227494405,10,6,4
13822,1693227494405,1692255230174,1692255230177,1693227494413,8,3,5
13823,1693227494413,1692255230181,1692255230184,1693227494420,7,3,4
13824,1693227494420,1692255230189,1692255230193,1693227494429,9,4,5
13825,1693227494429,1692255230199,1692255230202,1693227494438,9,3,6
13826,1693227494438,1692255230206,1692255230209,1693227494444,6,3,3
13827,1693227494444,1692255230213,1692255230216,1693227494452,8,3,5
13828,1693227494452,1692255230220,1692255230223,1693227494459,7,3,4
13829,1693227494459,1692255230228,1692255230231,1693227494467,8,3,5
13830,1693227494467,1692255230237,1692255230240,1693227494476,9,3,6
13831,1693227494476,1692255230246,1692255230250,1693227494486,10,4,6
13832,1693227494486,1692255230255,1692255230258,1693227494493,7,3,4
13833,1693227494493,1692255230263,1692255230267,1693227494504,11,4,7
13834,1693227494504,1692255230274,1692255230278,1693227494514,10,4,6
13835,1693227494514,1692255230284,1692255230287,1693227494523,9,3,6
13836,1693227494523,1692255230291,1692255230295,1693227494531,8,4,4
13837,1693227494531,1692255230300,1692255230303,1693227494539,8,3,5
13838,1693227494539,1692255230307,1692255230311,1693227494546,7,4,3
13839,1693227494546,1692255230315,1692255230318,1693227494553,7,3,4
13840,1693227494553,1692255230322,1692255230325,1693227494560,7,3,4
13841,1693227494560,1692255230333,1692255230336,1693227494571,11,3,8
13842,1693227494571,1692255230340,1692255230343,1693227494578,7,3,4
13843,1693227494578,1692255230348,1692255230351,1693227494586,8,3,5
13844,1693227494586,1692255230356,1692255230359,1693227494595,9,3,6
13845,1693227494595,1692255230363,1692255230366,1693227494602,7,3,4
13846,1693227494602,1692255230370,1692255230374,1693227494610,8,4,4
13847,1693227494610,1692255230379,1692255230382,1693227494618,8,3,5
13848,1693227494618,1692255230386,1692255230390,1693227494626,8,4,4
13849,1693227494626,1692255230394,1692255230398,1693227494633,7,4,3
13850,1693227494633,1692255230402,1692255230405,1693227494641,8,3,5
13851,1693227494641,1692255230409,1692255230412,1693227494648,7,3,4
13852,1693227494648,1692255230416,1692255230420,1693227494655,7,4,3
13853,1693227494655,1692255230424,1692255230427,1693227494662,7,3,4
13854,1693227494662,1692255230431,1692255230435,1693227494671,9,4,5
13855,1693227494671,1692255230439,1692255230443,1693227494679,8,4,4
13856,1693227494679,1692255230448,1692255230451,1693227494687,8,3,5
13857,1693227494687,1692255230456,1692255230459,1693227494694,7,3,4
13858,1693227494694,1692255230463,1692255230467,1693227494703,9,4,5
13859,1693227494703,1692255230471,1692255230474,1693227494710,7,3,4
13860,1693227494710,1692255230479,1692255230483,1693227494718,8,4,4
13861,1693227494718,1692255230488,1692255230492,1693227494727,9,4,5
13862,1693227494727,1692255230496,1692255230500,1693227494736,9,4,5
13863,1693227494736,1692255230504,1692255230507,1693227494742,6,3,3
13864,1693227494742,1692255230513,1692255230516,1693227494751,9,3,6
13865,1693227494752,1692255230520,1692255230523,1693227494760,8,3,5
13866,1693227494760,1692255230529,1692255230532,1693227494768,8,3,5
13867,1693227494768,1692255230537,1692255230540,1693227494775,7,3,4
13868,1693227494775,1692255230544,1692255230547,1693227494782,7,3,4
13869,1693227494782,1692255230551,1692255230553,1693227494789,7,2,5
13870,1693227494789,1692255230557,1692255230560,1693227494796,7,3,4
13871,1693227494796,1692255230564,1692255230568,1693227494804,8,4,4
13872,1693227494804,1692255230573,1692255230576,1693227494812,8,3,5
13873,1693227494812,1692255230580,1692255230583,1693227494819,7,3,4
13874,1693227494819,1692255230587,1692255230591,1693227494826,7,4,3
13875,1693227494826,1692255230595,1692255230598,1693227494834,8,3,5
13876,1693227494834,1692255230602,1692255230606,1693227494841,7,4,3
13877,1693227494841,1692255230610,1692255230613,1693227494849,8,3,5
13878,1693227494849,1692255230617,1692255230621,1693227494856,7,4,3
13879,1693227494856,1692255230625,1692255230628,1693227494864,8,3,5
13880,1693227494864,1692255230632,1692255230635,1693227494871,7,3,4
13881,1693227494871,1692255230640,1692255230643,1693227494879,8,3,5
13882,1693227494879,1692255230648,1692255230652,1693227494887,8,4,4
13883,1693227494887,1692255230656,1692255230659,1693227494895,8,3,5
13884,1693227494895,1692255230663,1692255230666,1693227494902,7,3,4
13885,1693227494902,1692255230670,1692255230674,1693227494910,8,4,4
13886,1693227494910,1692255230680,1692255230683,1693227494919,9,3,6
13887,1693227494919,1692255230688,1692255230691,1693227494926,7,3,4
13888,1693227494926,1692255230695,1692255230698,1693227494934,8,3,5
13889,1693227494934,1692255230703,1692255230705,1693227494941,7,2,5
13890,1693227494941,1692255230709,1692255230712,1693227494948,7,3,4
13891,1693227494948,1692255230716,1692255230719,1693227494955,7,3,4
13892,1693227494955,1692255230723,1692255230727,1693227494962,7,4,3
13893,1693227494962,1692255230731,1692255230734,1693227494970,8,3,5
13894,1693227494970,1692255230739,1692255230742,1693227494978,8,3,5
13895,1693227494978,1692255230746,1692255230751,1693227494987,9,5,4
13896,1693227494987,1692255230755,1692255230758,1693227494993,6,3,3
13897,1693227494993,1692255230761,1692255230764,1693227495001,8,3,5
13898,1693227495002,1692255230771,1692255230774,1693227495010,8,3,5
13899,1693227495010,1692255230778,1692255230782,1693227495018,8,4,4
13900,1693227495018,1692255230787,1692255230790,1693227495025,7,3,4
13901,1693227495026,1692255230794,1692255230797,1693227495032,6,3,3
13902,1693227495032,1692255230801,1692255230804,1693227495039,7,3,4
13903,1693227495039,1692255230808,1692255230811,1693227495047,8,3,5
13904,1693227495047,1692255230815,1692255230818,1693227495053,6,3,3
13905,1693227495053,1692255230822,1692255230826,1693227495061,8,4,4
13906,1693227495061,1692255230830,1692255230832,1693227495067,6,2,4
13907,1693227495067,1692255230836,1692255230840,1693227495076,9,4,5
13908,1693227495076,1692255230844,1692255230849,1693227495084,8,5,3
13909,1693227495084,1692255230852,1692255230855,1693227495091,7,3,4
13910,1693227495091,1692255230859,1692255230862,1693227495097,6,3,3
13911,1693227495097,1692255230866,1692255230868,1693227495104,7,2,5
13912,1693227495104,1692255230872,1692255230875,1693227495110,6,3,3
13913,1693227495110,1692255230879,1692255230882,1693227495118,8,3,5
13914,1693227495118,1692255230887,1692255230889,1693227495125,7,2,5
13915,1693227495125,1692255230894,1692255230897,1693227495133,8,3,5
13916,1693227495133,1692255230901,1692255230904,1693227495139,6,3,3
13917,1693227495139,1692255230907,1692255230910,1693227495146,7,3,4
13918,1693227495146,1692255230914,1692255230917,1693227495152,6,3,3
13919,1693227495152,1692255230920,1692255230923,1693227495158,6,3,3
13920,1693227495158,1692255230927,1692255230930,1693227495166,8,3,5
13921,1693227495166,1692255230934,1692255230937,1693227495172,6,3,3
13922,1693227495173,1692255230941,1692255230945,1693227495180,7,4,3
13923,1693227495181,1692255230949,1692255230952,1693227495188,7,3,4
13924,1693227495188,1692255230957,1692255230960,1693227495196,8,3,5
13925,1693227495196,1692255230964,1692255230967,1693227495203,7,3,4
13926,1693227495203,1692255230972,1692255230976,1693227495211,8,4,4
13927,1693227495211,1692255230980,1692255230984,1693227495221,10,4,6
13928,1693227495221,1692255230989,1692255230993,1693227495229,8,4,4
13929,1693227495229,1692255230998,1692255231001,1693227495237,8,3,5
13930,1693227495237,1692255231006,1692255231010,1693227495246,9,4,5
13931,1693227495247,1692255231015,1692255231018,1693227495253,6,3,3
13932,1693227495253,1692255231022,1692255231026,1693227495261,8,4,4
13933,1693227495261,1692255231030,1692255231033,1693227495269,8,3,5
13934,1693227495269,1692255231037,1692255231040,1693227495276,7,3,4
13935,1693227495276,1692255231045,1692255231048,1693227495284,8,3,5
13936,1693227495284,1692255231052,1692255231055,1693227495291,7,3,4
13937,1693227495291,1692255231060,1692255231063,1693227495299,8,3,5
13938,1693227495299,1692255231067,1692255231069,1693227495305,6,2,4
13939,1693227495305,1692255231074,1692255231077,1693227495313,8,3,5
13940,1693227495313,1692255231082,1692255231085,1693227495320,7,3,4
13941,1693227495320,1692255231090,1692255231093,1693227495329,9,3,6
13942,1693227495329,1692255231098,1692255231101,1693227495337,8,3,5
13943,1693227495337,1692255231107,1692255231110,1693227495345,8,3,5
13944,1693227495346,1692255231115,1692255231117,1693227495353,7,2,5
13945,1693227495353,1692255231121,1692255231124,1693227495360,7,3,4
13946,1693227495360,1692255231130,1692255231133,1693227495369,9,3,6
13947,1693227495369,1692255231138,1692255231141,1693227495376,7,3,4
13948,1693227495377,1692255231145,1692255231148,1693227495384,7,3,4
13949,1693227495384,1692255231159,1692255231162,1693227495398,14,3,11
13950,1693227495398,1692255231167,1692255231171,1693227495406,8,4,4
13951,1693227495406,1692255231175,1692255231178,1693227495413,7,3,4
13952,1693227495413,1692255231182,1692255231185,1693227495421,8,3,5
13953,1693227495421,1692255231190,1692255231194,1693227495430,9,4,5
13954,1693227495430,1692255231198,1692255231201,1693227495437,7,3,4
13955,1693227495437,1692255231205,1692255231208,1693227495443,6,3,3
13956,1693227495443,1692255231212,1692255231216,1693227495451,8,4,4
13957,1693227495451,1692255231220,1692255231223,1693227495459,8,3,5
13958,1693227495459,1692255231228,1692255231231,1693227495466,7,3,4
13959,1693227495466,1692255231235,1692255231240,1693227495475,9,5,4
13960,1693227495475,1692255231244,1692255231247,1693227495483,8,3,5
13961,1693227495483,1692255231252,1692255231254,1693227495490,7,2,5
13962,1693227495490,1692255231258,1692255231261,1693227495497,7,3,4
13963,1693227495497,1692255231265,1692255231268,1693227495503,6,3,3
13964,1693227495503,1692255231272,1692255231275,1693227495511,8,3,5
13965,1693227495511,1692255231279,1692255231282,1693227495518,7,3,4
13966,1693227495518,1692255231286,1692255231290,1693227495528,10,4,6
13967,1693227495528,1692255231297,1692255231301,1693227495536,8,4,4
13968,1693227495536,1692255231305,1692255231308,1693227495544,8,3,5
13969,1693227495544,1692255231312,1692255231315,1693227495550,6,3,3
13970,1693227495550,1692255231321,1692255231324,1693227495560,10,3,7
13971,1693227495560,1692255231328,1692255231332,1693227495568,8,4,4
13972,1693227495568,1692255231339,1692255231342,1693227495578,10,3,7
13973,1693227495578,1692255231347,1692255231351,1693227495586,8,4,4
13974,1693227495586,1692255231355,1692255231358,1693227495594,8,3,5
13975,1693227495594,1692255231362,1692255231366,1693227495602,8,4,4
13976,1693227495602,1692255231370,1692255231373,1693227495608,6,3,3
13977,1693227495608,1692255231377,1692255231380,1693227495616,8,3,5
13978,1693227495616,1692255231385,1692255231388,1693227495623,7,3,4
13979,1693227495623,1692255231392,1692255231395,1693227495631,8,3,5
13980,1693227495631,1692255231404,1692255231407,1693227495642,11,3,8
13981,1693227495642,1692255231412,1692255231415,1693227495651,9,3,6
13982,1693227495651,1692255231419,1692255231423,1693227495658,7,4,3
13983,1693227495658,1692255231427,1692255231431,1693227495666,8,4,4
13984,1693227495666,1692255231435,1692255231438,1693227495674,8,3,5
13985,1693227495674,1692255231442,1692255231445,1693227495681,7,3,4
13986,1693227495681,1692255231449,1692255231452,1693227495688,7,3,4
13987,1693227495688,1692255231456,1692255231459,1693227495695,7,3,4
13988,1693227495695,1692255231463,1692255231467,1693227495702,7,4,3
13989,1693227495702,1692255231471,1692255231474,1693227495710,8,3,5
13990,1693227495710,1692255231479,1692255231482,1693227495717,7,3,4
13991,1693227495717,1692255231486,1692255231489,1693227495725,8,3,5
13992,1693227495725,1692255231494,1692255231497,1693227495733,8,3,5
13993,1693227495733,1692255231501,1692255231505,1693227495741,8,4,4
13994,1693227495741,1692255231510,1692255231514,1693227495750,9,4,5
13995,1693227495750,1692255231518,1692255231521,1693227495757,7,3,4
13996,1693227495757,1692255231526,1692255231528,1693227495764,7,2,5
13997,1693227495764,1692255231533,1692255231537,1693227495772,8,4,4
13998,1693227495773,1692255231541,1692255231544,1693227495780,7,3,4
13999,1693227495780,1692255231549,1692255231552,1693227495788,8,3,5
14000,1693227495788,1692255231557,1692255231559,1693227495794,6,2,4
14001,1693227495795,1692255231563,1692255231568,1693227495803,8,5,3
14002,1693227495803,1692255231572,1692255231577,1693227495813,10,5,5
14003,1693227495813,1692255231582,1692255231586,1693227495821,8,4,4
14004,1693227495821,1692255231590,1692255231593,1693227495829,8,3,5
14005,1693227495829,1692255231598,1692255231602,1693227495838,9,4,5
14006,1693227495838,1692255231607,1692255231611,1693227495846,8,4,4
14007,1693227495846,1692255231615,1692255231618,1693227495854,8,3,5
14008,1693227495854,1692255231623,1692255231626,1693227495862,8,3,5
14009,1693227495862,1692255231631,1692255231634,1693227495870,8,3,5
14010,1693227495870,1692255231639,1692255231642,1693227495877,7,3,4
14011,1693227495877,1692255231646,1692255231649,1693227495885,8,3,5
14012,1693227495885,1692255231655,1692255231658,1693227495894,9,3,6
14013,1693227495894,1692255231662,1692255231665,1693227495900,6,3,3
14014,1693227495900,1692255231669,1692255231672,1693227495908,8,3,5
14015,1693227495908,1692255231677,1692255231679,1693227495914,6,2,4
14016,1693227495914,1692255231683,1692255231686,1693227495922,8,3,5
14017,1693227495922,1692255231690,1692255231693,1693227495929,7,3,4
14018,1693227495929,1692255231698,1692255231701,1693227495938,9,3,6
14019,1693227495938,1692255231706,1692255231710,1693227495945,7,4,3
14020,1693227495945,1692255231714,1692255231717,1693227495952,7,3,4
14021,1693227495952,1692255231720,1692255231723,1693227495959,7,3,4
14022,1693227495959,1692255231727,1692255231731,1693227495966,7,4,3
14023,1693227495966,1692255231734,1692255231738,1693227495974,8,4,4
14024,1693227495974,1692255231743,1692255231747,1693227495983,9,4,5
14025,1693227495983,1692255231754,1692255231756,1693227495992,9,2,7
14026,1693227495992,1692255231770,1692255231773,1693227496009,17,3,14
14027,1693227496009,1692255231777,1692255231780,1693227496015,6,3,3
14028,1693227496015,1692255231784,1692255231787,1693227496023,8,3,5
14029,1693227496023,1692255231792,1692255231794,1693227496030,7,2,5
14030,1693227496030,1692255231799,1692255231802,1693227496040,10,3,7
14031,1693227496040,1692255231808,1692255231811,1693227496046,6,3,3
14032,1693227496046,1692255231815,1692255231818,1693227496054,8,3,5
14033,1693227496054,1692255231822,1692255231826,1693227496061,7,4,3
14034,1693227496061,1692255231830,1692255231834,1693227496070,9,4,5
14035,1693227496070,1692255231838,1692255231841,1693227496077,7,3,4
14036,1693227496077,1692255231846,1692255231849,1693227496085,8,3,5
14037,1693227496085,1692255231853,1692255231856,1693227496091,6,3,3
14038,1693227496091,1692255231859,1692255231863,1693227496098,7,4,3
14039,1693227496098,1692255231866,1692255231871,1693227496107,9,5,4
14040,1693227496107,1692255231875,1692255231879,1693227496115,8,4,4
14041,1693227496115,1692255231885,1692255231888,1693227496124,9,3,6
14042,1693227496124,1692255231893,1692255231897,1693227496132,8,4,4
14043,1693227496132,1692255231901,1692255231903,1693227496139,7,2,5
14044,1693227496139,1692255231909,1692255231913,1693227496148,9,4,5
14045,1693227496148,1692255231916,1692255231919,1693227496155,7,3,4
14046,1693227496155,1692255231923,1692255231926,1693227496161,6,3,3
14047,1693227496161,1692255231930,1692255231933,1693227496169,8,3,5
14048,1693227496169,1692255231937,1692255231940,1693227496176,7,3,4
14049,1693227496176,1692255231945,1692255231948,1693227496184,8,3,5
14050,1693227496184,1692255231953,1692255231955,1693227496191,7,2,5
14051,1693227496191,1692255231959,1692255231963,1693227496198,7,4,3
14052,1693227496198,1692255231966,1692255231969,1693227496205,7,3,4
14053,1693227496205,1692255231974,1692255231978,1693227496213,8,4,4
14054,1693227496213,1692255231982,1692255231985,1693227496221,8,3,5
14055,1693227496221,1692255231989,1692255231993,1693227496229,8,4,4
14056,1693227496229,1692255231998,1692255232002,1693227496237,8,4,4
14057,1693227496237,1692255232006,1692255232009,1693227496245,8,3,5
14058,1693227496245,1692255232013,1692255232016,1693227496252,7,3,4
14059,1693227496252,1692255232020,1692255232023,1693227496259,7,3,4
14060,1693227496259,1692255232028,1692255232031,1693227496267,8,3,5
14061,1693227496267,1692255232038,1692255232041,1693227496276,9,3,6
14062,1693227496276,1692255232045,1692255232048,1693227496284,8,3,5
14063,1693227496284,1692255232052,1692255232055,1693227496291,7,3,4
14064,1693227496291,1692255232059,1692255232062,1693227496297,6,3,3
14065,1693227496297,1692255232066,1692255232068,1693227496304,7,2,5
14066,1693227496304,1692255232072,1692255232075,1693227496311,7,3,4
14067,1693227496311,1692255232080,1692255232084,1693227496319,8,4,4
14068,1693227496320,1692255232089,1692255232092,1693227496328,8,3,5
14069,1693227496328,1692255232096,1692255232099,1693227496335,7,3,4
14070,1693227496335,1692255232103,1692255232107,1693227496343,8,4,4
14071,1693227496343,1692255232114,1692255232117,1693227496352,9,3,6
14072,1693227496353,1692255232121,1692255232124,1693227496359,6,3,3
14073,1693227496360,1692255232128,1692255232131,1693227496367,7,3,4
14074,1693227496367,1692255232135,1692255232139,1693227496375,8,4,4
14075,1693227496375,1692255232144,1692255232147,1693227496383,8,3,5
14076,1693227496383,1692255232151,1692255232155,1693227496391,8,4,4
14077,1693227496391,1692255232159,1692255232162,1693227496397,6,3,3
14078,1693227496397,1692255232166,1692255232172,1693227496408,11,6,5
14079,1693227496408,1692255232177,1692255232180,1693227496415,7,3,4
14080,1693227496416,1692255232184,1692255232187,1693227496422,6,3,3
14081,1693227496422,1692255232191,1692255232194,1693227496429,7,3,4
14082,1693227496429,1692255232199,1692255232202,1693227496438,9,3,6
14083,1693227496438,1692255232206,1692255232209,1693227496444,6,3,3
14084,1693227496444,1692255232212,1692255232216,1693227496451,7,4,3
14085,1693227496451,1692255232219,1692255232222,1693227496457,6,3,3
14086,1693227496457,1692255232227,1692255232230,1693227496466,9,3,6
14087,1693227496466,1692255232235,1692255232238,1693227496475,9,3,6
14088,1693227496475,1692255232243,1692255232247,1693227496483,8,4,4
14089,1693227496483,1692255232252,1692255232255,1693227496490,7,3,4
14090,1693227496490,1692255232259,1692255232262,1693227496498,8,3,5
14091,1693227496498,1692255232266,1692255232270,1693227496505,7,4,3
14092,1693227496505,1692255232274,1692255232277,1693227496512,7,3,4
14093,1693227496512,1692255232281,1692255232283,1693227496518,6,2,4
14094,1693227496518,1692255232287,1692255232290,1693227496525,7,3,4
14095,1693227496525,1692255232294,1692255232296,1693227496532,7,2,5
14096,1693227496532,1692255232300,1692255232303,1693227496538,6,3,3
14097,1693227496538,1692255232307,1692255232310,1693227496546,8,3,5
14098,1693227496546,1692255232314,1692255232317,1693227496553,7,3,4
14099,1693227496553,1692255232321,1692255232325,1693227496560,7,4,3
14100,1693227496560,1692255232329,1692255232332,1693227496567,7,3,4
14101,1693227496567,1692255232336,1692255232339,1693227496578,11,3,8
14102,1693227496578,1692255232347,1692255232350,1693227496586,8,3,5
14103,1693227496586,1692255232356,1692255232359,1693227496595,9,3,6
14104,1693227496595,1692255232364,1692255232368,1693227496603,8,4,4
14105,1693227496603,1692255232372,1692255232375,1693227496610,7,3,4
14106,1693227496610,1692255232378,1692255232382,1693227496617,7,4,3
14107,1693227496617,1692255232386,1692255232389,1693227496625,8,3,5
14108,1693227496625,1692255232393,1692255232397,1693227496632,7,4,3
14109,1693227496632,1692255232402,1692255232405,1693227496640,8,3,5
14110,1693227496640,1692255232409,1692255232412,1693227496647,7,3,4
14111,1693227496647,1692255232416,1692255232419,1693227496654,7,3,4
14112,1693227496654,1692255232423,1692255232429,1693227496664,10,6,4
14113,1693227496664,1692255232442,1692255232445,1693227496680,16,3,13
14114,1693227496680,1692255232449,1692255232452,1693227496688,8,3,5
14115,1693227496688,1692255232458,1692255232461,1693227496697,9,3,6
14116,1693227496697,1692255232465,1692255232468,1693227496703,6,3,3
14117,1693227496703,1692255232472,1692255232476,1693227496711,8,4,4
14118,1693227496711,1692255232480,1692255232483,1693227496718,7,3,4
14119,1693227496718,1692255232487,1692255232490,1693227496726,8,3,5
14120,1693227496726,1692255232496,1692255232499,1693227496734,8,3,5
14121,1693227496734,1692255232503,1692255232506,1693227496741,7,3,4
14122,1693227496741,1692255232510,1692255232512,1693227496748,7,2,5
14123,1693227496748,1692255232516,1692255232519,1693227496757,9,3,6
14124,1693227496757,1692255232525,1692255232529,1693227496764,7,4,3
14125,1693227496764,1692255232533,1692255232536,1693227496771,7,3,4
14126,1693227496772,1692255232540,1692255232543,1693227496779,7,3,4
14127,1693227496779,1692255232548,1692255232552,1693227496787,8,4,4
14128,1693227496787,1692255232556,1692255232560,1693227496795,8,4,4
14129,1693227496795,1692255232564,1692255232567,1693227496802,7,3,4
14130,1693227496802,1692255232571,1692255232574,1693227496809,7,3,4
14131,1693227496809,1692255232578,1692255232581,1693227496816,7,3,4
14132,1693227496816,1692255232585,1692255232588,1693227496823,7,3,4
14133,1693227496823,1692255232592,1692255232595,1693227496830,7,3,4
14134,1693227496830,1692255232599,1692255232602,1693227496838,8,3,5
14135,1693227496838,1692255232607,1692255232610,1693227496845,7,3,4
14136,1693227496845,1692255232615,1692255232619,1693227496855,10,4,6
14137,1693227496855,1692255232627,1692255232630,1693227496866,11,3,8
14138,1693227496866,1692255232635,1692255232639,1693227496875,9,4,5
14139,1693227496875,1692255232644,1692255232647,1693227496883,8,3,5
14140,1693227496883,1692255232652,1692255232655,1693227496891,8,3,5
14141,1693227496891,1692255232660,1692255232663,1693227496899,8,3,5
14142,1693227496899,1692255232667,1692255232671,1693227496907,8,4,4
14143,1693227496907,1692255232676,1692255232679,1693227496914,7,3,4
14144,1693227496914,1692255232683,1692255232686,1693227496922,8,3,5
14145,1693227496922,1692255232690,1692255232693,1693227496929,7,3,4
14146,1693227496929,1692255232698,1692255232702,1693227496937,8,4,4
14147,1693227496937,1692255232706,1692255232708,1693227496944,7,2,5
14148,1693227496944,1692255232713,1692255232716,1693227496952,8,3,5
14149,1693227496952,1692255232720,1692255232725,1693227496962,10,5,5
14150,1693227496962,1692255232731,1692255232735,1693227496970,8,4,4
14151,1693227496970,1692255232739,1692255232742,1693227496978,8,3,5
14152,1693227496978,1692255232747,1692255232750,1693227496986,8,3,5
14153,1693227496986,1692255232754,1692255232757,1693227496993,7,3,4
14154,1693227496993,1692255232762,1692255232765,1693227497000,7,3,4
14155,1693227497000,1692255232769,1692255232772,1693227497008,8,3,5
14156,1693227497008,1692255232777,1692255232780,1693227497015,7,3,4
14157,1693227497015,1692255232784,1692255232787,1693227497022,7,3,4
14158,1693227497022,1692255232791,1692255232794,1693227497030,8,3,5
14159,1693227497030,1692255232798,1692255232802,1693227497038,8,4,4
14160,1693227497038,1692255232808,1692255232812,1693227497048,10,4,6
14161,1693227497048,1692255232817,1692255232820,1693227497056,8,3,5
14162,1693227497056,1692255232824,1692255232828,1693227497064,8,4,4
14163,1693227497064,1692255232833,1692255232836,1693227497072,8,3,5
14164,1693227497072,1692255232841,1692255232844,1693227497080,8,3,5
14165,1693227497080,1692255232849,1692255232851,1693227497087,7,2,5
14166,1693227497087,1692255232857,1692255232860,1693227497096,9,3,6
14167,1693227497096,1692255232867,1692255232871,1693227497107,11,4,7
14168,1693227497107,1692255232875,1692255232879,1693227497115,8,4,4
14169,1693227497115,1692255232884,1692255232887,1693227497122,7,3,4
14170,1693227497122,1692255232891,1692255232895,1693227497131,9,4,5
14171,1693227497131,1692255232899,1692255232902,1693227497138,7,3,4
14172,1693227497138,1692255232906,1692255232909,1693227497145,7,3,4
14173,1693227497145,1692255232914,1692255232917,1693227497153,8,3,5
14174,1693227497153,1692255232922,1692255232926,1693227497161,8,4,4
14175,1693227497161,1692255232930,1692255232933,1693227497169,8,3,5
14176,1693227497169,1692255232937,1692255232941,1693227497177,8,4,4
14177,1693227497177,1692255232945,1692255232949,1693227497188,11,4,7
14178,1693227497188,1692255232957,1692255232959,1693227497195,7,2,5
14179,1693227497195,1692255232965,1692255232968,1693227497204,9,3,6
14180,1693227497204,1692255232972,1692255232975,1693227497211,7,3,4
14181,1693227497211,1692255232980,1692255232983,1693227497219,8,3,5
14182,1693227497219,1692255232987,1692255232990,1693227497226,7,3,4
14183,1693227497226,1692255232995,1692255232998,1693227497233,7,3,4
14184,1693227497233,1692255233002,1692255233005,1693227497241,8,3,5
14185,1693227497241,1692255233010,1692255233014,1693227497250,9,4,5
14186,1693227497250,1692255233019,1692255233024,1693227497259,9,5,4
14187,1693227497259,1692255233029,1692255233032,1693227497269,10,3,7
14188,1693227497269,1692255233038,1692255233042,1693227497277,8,4,4
14189,1693227497277,1692255233046,1692255233050,1693227497285,8,4,4
14190,1693227497285,1692255233054,1692255233058,1693227497294,9,4,5
14191,1693227497294,1692255233063,1692255233066,1693227497301,7,3,4
14192,1693227497301,1692255233070,1692255233073,1693227497309,8,3,5
14193,1693227497309,1692255233077,1692255233082,1693227497317,8,5,3
14194,1693227497317,1692255233086,1692255233089,1693227497324,7,3,4
14195,1693227497324,1692255233093,1692255233096,1693227497332,8,3,5
14196,1693227497332,1692255233101,1692255233104,1693227497340,8,3,5
14197,1693227497340,1692255233109,1692255233113,1693227497349,9,4,5
14198,1693227497349,1692255233117,1692255233120,1693227497357,8,3,5
14199,1693227497357,1692255233125,1692255233129,1693227497364,7,4,3
14200,1693227497364,1692255233133,1692255233136,1693227497372,8,3,5
14201,1693227497372,1692255233141,1692255233144,1693227497380,8,3,5
14202,1693227497380,1692255233148,1692255233152,1693227497387,7,4,3
14203,1693227497387,1692255233156,1692255233158,1693227497394,7,2,5
14204,1693227497394,1692255233162,1692255233166,1693227497401,7,4,3
14205,1693227497401,1692255233170,1692255233173,1693227497409,8,3,5
14206,1693227497409,1692255233177,1692255233180,1693227497416,7,3,4
14207,1693227497416,1692255233185,1692255233188,1693227497424,8,3,5
14208,1693227497424,1692255233193,1692255233197,1693227497433,9,4,5
14209,1693227497433,1692255233202,1692255233204,1693227497440,7,2,5
14210,1693227497440,1692255233208,1692255233211,1693227497446,6,3,3
14211,1693227497446,1692255233215,1692255233220,1693227497456,10,5,5
14212,1693227497456,1692255233224,1692255233228,1693227497463,7,4,3
14213,1693227497463,1692255233232,1692255233235,1693227497471,8,3,5
14214,1693227497471,1692255233241,1692255233244,1693227497480,9,3,6
14215,1693227497480,1692255233248,1692255233252,1693227497487,7,4,3
14216,1693227497487,1692255233256,1692255233259,1693227497495,8,3,5
14217,1693227497495,1692255233270,1692255233275,1693227497510,15,5,10
14218,1693227497510,1692255233279,1692255233283,1693227497519,9,4,5
14219,1693227497519,1692255233288,1692255233291,1693227497526,7,3,4
14220,1693227497526,1692255233295,1692255233299,1693227497534,8,4,4
14221,1693227497534,1692255233303,1692255233306,1693227497544,10,3,7
14222,1693227497545,1692255233313,1692255233318,1693227497554,9,5,4
14223,1693227497554,1692255233323,1692255233326,1693227497562,8,3,5
14224,1693227497562,1692255233330,1692255233333,1693227497569,7,3,4
14225,1693227497569,1692255233337,1692255233340,1693227497576,7,3,4
14226,1693227497576,1692255233345,1692255233348,1693227497585,9,3,6
14227,1693227497585,1692255233354,1692255233357,1693227497592,7,3,4
14228,1693227497592,1692255233361,1692255233364,1693227497601,9,3,6
14229,1693227497601,1692255233370,1692255233373,1693227497608,7,3,4
14230,1693227497608,1692255233377,1692255233381,1693227497616,8,4,4
14231,1693227497616,1692255233385,1692255233389,1693227497625,9,4,5
14232,1693227497625,1692255233394,1692255233397,1693227497633,8,3,5
14233,1693227497633,1692255233401,1692255233404,1693227497639,6,3,3
14234,1693227497639,1692255233408,1692255233411,1693227497647,8,3,5
14235,1693227497647,1692255233416,1692255233419,1693227497654,7,3,4
14236,1693227497654,1692255233423,1692255233426,1693227497661,7,3,4
14237,1693227497661,1692255233430,1692255233434,1693227497669,8,4,4
14238,1693227497669,1692255233437,1692255233440,1693227497676,7,3,4
14239,1693227497676,1692255233446,1692255233449,1693227497685,9,3,6
14240,1693227497685,1692255233454,1692255233456,1693227497692,7,2,5
14241,1693227497692,1692255233461,1692255233464,1693227497699,7,3,4
14242,1693227497699,1692255233467,1692255233473,1693227497709,10,6,4
14243,1693227497709,1692255233478,1692255233482,1693227497717,8,4,4
14244,1693227497717,1692255233486,1692255233490,1693227497725,8,4,4
14245,1693227497725,1692255233494,1692255233497,1693227497732,7,3,4
14246,1693227497732,1692255233501,1692255233503,1693227497739,7,2,5
14247,1693227497739,1692255233507,1692255233511,1693227497746,7,4,3
14248,1693227497746,1692255233515,1692255233518,1693227497754,8,3,5
14249,1693227497754,1692255233523,1692255233526,1693227497762,8,3,5
14250,1693227497762,1692255233531,1692255233534,1693227497770,8,3,5
14251,1693227497770,1692255233539,1692255233542,1693227497777,7,3,4
14252,1693227497777,1692255233548,1692255233551,1693227497787,10,3,7
14253,1693227497787,1692255233555,1692255233559,1693227497795,8,4,4
14254,1693227497795,1692255233563,1692255233566,1693227497802,7,3,4
14255,1693227497802,1692255233571,1692255233574,1693227497810,8,3,5
14256,1693227497810,1692255233578,1692255233582,1693227497817,7,4,3
14257,1693227497817,1692255233585,1692255233589,1693227497825,8,4,4
14258,1693227497825,1692255233594,1692255233599,1693227497835,10,5,5
14259,1693227497835,1692255233603,1692255233607,1693227497843,8,4,4
14260,1693227497843,1692255233611,1692255233615,1693227497850,7,4,3
14261,1693227497851,1692255233619,1692255233622,1693227497858,7,3,4
14262,1693227497858,1692255233626,1692255233629,1693227497865,7,3,4
14263,1693227497865,1692255233634,1692255233637,1693227497873,8,3,5
14264,1693227497873,1692255233641,1692255233645,1693227497880,7,4,3
14265,1693227497881,1692255233651,1692255233654,1693227497890,9,3,6
14266,1693227497890,1692255233658,1692255233662,1693227497898,8,4,4
14267,1693227497898,1692255233667,1692255233671,1693227497907,9,4,5
14268,1693227497907,1692255233676,1692255233679,1693227497915,8,3,5
14269,1693227497915,1692255233684,1692255233687,1693227497923,8,3,5
14270,1693227497923,1692255233692,1692255233695,1693227497931,8,3,5
14271,1693227497931,1692255233700,1692255233703,1693227497938,7,3,4
14272,1693227497939,1692255233707,1692255233711,1693227497947,8,4,4
14273,1693227497947,1692255233717,1692255233720,1693227497956,9,3,6
14274,1693227497956,1692255233724,1692255233728,1693227497964,8,4,4
14275,1693227497964,1692255233733,1692255233736,1693227497972,8,3,5
14276,1693227497972,1692255233741,1692255233744,1693227497980,8,3,5
14277,1693227497980,1692255233749,1692255233753,1693227497989,9,4,5
14278,1693227497989,1692255233758,1692255233761,1693227497997,8,3,5
14279,1693227497997,1692255233766,1692255233769,1693227498004,7,3,4
14280,1693227498004,1692255233773,1692255233776,1693227498013,9,3,6
14281,1693227498013,1692255233782,1692255233785,1693227498020,7,3,4
14282,1693227498020,1692255233789,1692255233792,1693227498028,8,3,5
14283,1693227498028,1692255233797,1692255233801,1693227498037,9,4,5
14284,1693227498037,1692255233806,1692255233809,1693227498045,8,3,5
14285,1693227498045,1692255233813,1692255233816,1693227498052,7,3,4
14286,1693227498052,1692255233821,1692255233825,1693227498061,9,4,5
14287,1693227498061,1692255233830,1692255233833,1693227498069,8,3,5
14288,1693227498069,1692255233844,1692255233847,1693227498083,14,3,11
14289,1693227498083,1692255233851,1692255233855,1693227498091,8,4,4
14290,1693227498091,1692255233862,1692255233865,1693227498101,10,3,7
14291,1693227498101,1692255233870,1692255233876,1693227498112,11,6,5
14292,1693227498112,1692255233881,1692255233884,1693227498120,8,3,5
14293,1693227498120,1692255233888,1692255233892,1693227498128,8,4,4
14294,1693227498128,1692255233896,1692255233901,1693227498137,9,5,4
14295,1693227498137,1692255233905,1692255233908,1693227498149,12,3,9
14296,1693227498149,1692255233917,1692255233920,1693227498156,7,3,4
14297,1693227498156,1692255233925,1692255233928,1693227498163,7,3,4
14298,1693227498163,1692255233932,1692255233934,1693227498170,7,2,5
14299,1693227498170,1692255233938,1692255233940,1693227498176,6,2,4
14300,1693227498176,1692255233945,1692255233949,1693227498184,8,4,4
14301,1693227498184,1692255233953,1692255233956,1693227498192,8,3,5
14302,1693227498192,1692255233961,1692255233964,1693227498200,8,3,5
14303,1693227498200,1692255233969,1692255233972,1693227498208,8,3,5
14304,1693227498208,1692255233976,1692255233979,1693227498215,7,3,4
14305,1693227498215,1692255233984,1692255233987,1693227498222,7,3,4
14306,1693227498222,1692255233990,1692255233994,1693227498230,8,4,4
14307,1693227498230,1692255234000,1692255234003,1693227498239,9,3,6
14308,1693227498239,1692255234008,1692255234011,1693227498247,8,3,5
14309,1693227498247,1692255234015,1692255234018,1693227498254,7,3,4
14310,1693227498254,1692255234023,1692255234026,1693227498262,8,3,5
14311,1693227498262,1692255234030,1692255234034,1693227498269,7,4,3
14312,1693227498269,1692255234038,1692255234041,1693227498277,8,3,5
14313,1693227498277,1692255234045,1692255234048,1693227498284,7,3,4
14314,1693227498284,1692255234052,1692255234056,1693227498293,9,4,5
14315,1693227498293,1692255234062,1692255234065,1693227498301,8,3,5
14316,1693227498301,1692255234070,1692255234073,1693227498308,7,3,4
14317,1693227498308,1692255234077,1692255234081,1693227498316,8,4,4
14318,1693227498316,1692255234085,1692255234089,1693227498324,8,4,4
14319,1693227498324,1692255234093,1692255234096,1693227498333,9,3,6
14320,1693227498333,1692255234102,1692255234105,1693227498341,8,3,5
14321,1693227498341,1692255234109,1692255234113,1693227498349,8,4,4
14322,1693227498349,1692255234118,1692255234121,1693227498356,7,3,4
14323,1693227498356,1692255234125,1692255234128,1693227498364,8,3,5
14324,1693227498364,1692255234133,1692255234136,1693227498372,8,3,5
14325,1693227498372,1692255234141,1692255234144,1693227498380,8,3,5
14326,1693227498380,1692255234149,1692255234152,1693227498387,7,3,4
14327,1693227498387,1692255234156,1692255234159,1693227498396,9,3,6
14328,1693227498396,1692255234165,1692255234169,1693227498404,8,4,4
14329,1693227498404,1692255234173,1692255234176,1693227498412,8,3,5
14330,1693227498412,1692255234180,1692255234183,1693227498419,7,3,4
14331,1693227498419,1692255234188,1692255234192,1693227498428,9,4,5
14332,1693227498428,1692255234197,1692255234200,1693227498436,8,3,5
14333,1693227498436,1692255234205,1692255234209,1693227498444,8,4,4
14334,1693227498444,1692255234213,1692255234217,1693227498452,8,4,4
14335,1693227498452,1692255234220,1692255234223,1693227498459,7,3,4
14336,1693227498459,1692255234227,1692255234230,1693227498466,7,3,4
14337,1693227498466,1692255234235,1692255234238,1693227498474,8,3,5
14338,1693227498474,1692255234242,1692255234245,1693227498481,7,3,4
14339,1693227498481,1692255234250,1692255234253,1693227498488,7,3,4
14340,1693227498489,1692255234257,1692255234260,1693227498498,9,3,6
14341,1693227498498,1692255234267,1692255234270,1693227498505,7,3,4
14342,1693227498505,1692255234274,1692255234277,1693227498513,8,3,5
14343,1693227498513,1692255234281,1692255234285,1693227498520,7,4,3
14344,1693227498520,1692255234289,1692255234291,1693227498527,7,2,5
14345,1693227498527,1692255234296,1692255234299,1693227498534,7,3,4
14346,1693227498534,1692255234303,1692255234305,1693227498541,7,2,5
14347,1693227498541,1692255234310,1692255234313,1693227498549,8,3,5
14348,1693227498549,1692255234318,1692255234322,1693227498557,8,4,4
14349,1693227498557,1692255234326,1692255234329,1693227498565,8,3,5
14350,1693227498565,1692255234334,1692255234337,1693227498573,8,3,5
14351,1693227498573,1692255234342,1692255234345,1693227498581,8,3,5
14352,1693227498581,1692255234350,1692255234353,1693227498590,9,3,6
14353,1693227498590,1692255234359,1692255234362,1693227498600,10,3,7
14354,1693227498600,1692255234369,1692255234372,1693227498608,8,3,5
14355,1693227498608,1692255234377,1692255234381,1693227498616,8,4,4
14356,1693227498617,1692255234385,1692255234389,1693227498625,8,4,4
14357,1693227498625,1692255234394,1692255234397,1693227498633,8,3,5
14358,1693227498633,1692255234401,1692255234404,1693227498640,7,3,4
14359,1693227498640,1692255234409,1692255234412,1693227498648,8,3,5
14360,1693227498648,1692255234418,1692255234421,1693227498657,9,3,6
14361,1693227498657,1692255234426,1692255234430,1693227498665,8,4,4
14362,1693227498665,1692255234434,1692255234437,1693227498673,8,3,5
14363,1693227498673,1692255234441,1692255234445,1693227498680,7,4,3
14364,1693227498681,1692255234449,1692255234453,1693227498689,8,4,4
14365,1693227498689,1692255234457,1692255234460,1693227498696,7,3,4
14366,1693227498696,1692255234464,1692255234468,1693227498703,7,4,3
14367,1693227498703,1692255234472,1692255234475,1693227498711,8,3,5
14368,1693227498711,1692255234479,1692255234484,1693227498720,9,5,4
14369,1693227498720,1692255234489,1692255234493,1693227498729,9,4,5
14370,1693227498729,1692255234498,1692255234501,1693227498737,8,3,5
14371,1693227498737,1692255234505,1692255234509,1693227498744,7,4,3
14372,1693227498744,1692255234513,1692255234516,1693227498752,8,3,5
14373,1693227498752,1692255234521,1692255234525,1693227498761,9,4,5
14374,1693227498761,1692255234529,1692255234533,1693227498768,7,4,3
14375,1693227498768,1692255234538,1692255234541,1693227498777,9,3,6
14376,1693227498777,1692255234546,1692255234550,1693227498785,8,4,4
14377,1693227498785,1692255234554,1692255234558,1693227498793,8,4,4
14378,1693227498793,1692255234562,1692255234566,1693227498802,9,4,5
14379,1693227498802,1692255234572,1692255234575,1693227498810,8,3,5
14380,1693227498810,1692255234579,1692255234582,1693227498817,7,3,4
14381,1693227498817,1692255234586,1692255234589,1693227498824,7,3,4
14382,1693227498824,1692255234593,1692255234596,1693227498831,7,3,4
14383,1693227498831,1692255234600,1692255234603,1693227498838,7,3,4
14384,1693227498838,1692255234607,1692255234610,1693227498846,8,3,5
14385,1693227498846,1692255234615,1692255234618,1693227498853,7,3,4
14386,1693227498853,1692255234622,1692255234625,1693227498860,7,3,4
14387,1693227498860,1692255234629,1692255234633,1693227498869,9,4,5
14388,1693227498869,1692255234637,1692255234642,1693227498877,8,5,3
14389,1693227498877,1692255234645,1692255234649,1693227498884,7,4,3
14390,1693227498884,1692255234653,1692255234656,1693227498892,8,3,5
14391,1693227498892,1692255234660,1692255234664,1693227498899,7,4,3
14392,1693227498899,1692255234668,1692255234671,1693227498907,8,3,5
14393,1693227498907,1692255234675,1692255234679,1693227498915,8,4,4
14394,1693227498915,1692255234683,1692255234687,1693227498923,8,4,4
14395,1693227498923,1692255234691,1692255234695,1693227498930,7,4,3
14396,1693227498930,1692255234699,1692255234703,1693227498938,8,4,4
14397,1693227498938,1692255234707,1692255234710,1693227498946,8,3,5
14398,1693227498946,1692255234715,1692255234718,1693227498953,7,3,4
14399,1693227498954,1692255234722,1692255234726,1693227498961,7,4,3
14400,1693227498961,1692255234729,1692255234732,1693227498968,7,3,4
14401,1693227498968,1692255234737,1692255234740,1693227498976,8,3,5
14402,1693227498976,1692255234744,1692255234748,1693227498984,8,4,4
14403,1693227498984,1692255234753,1692255234756,1693227498992,8,3,5
14404,1693227498992,1692255234762,1692255234768,1693227499004,12,6,6
14405,1693227499004,1692255234777,1692255234780,1693227499016,12,3,9
14406,1693227499016,1692255234784,1692255234787,1693227499023,7,3,4
14407,1693227499023,1692255234791,1692255234794,1693227499030,7,3,4
14408,1693227499030,1692255234799,1692255234802,1693227499037,7,3,4
14409,1693227499037,1692255234806,1692255234809,1693227499045,8,3,5
14410,1693227499045,1692255234814,1692255234817,1693227499052,7,3,4
14411,1693227499052,1692255234821,1692255234824,1693227499059,7,3,4
14412,1693227499059,1692255234828,1692255234831,1693227499066,7,3,4
14413,1693227499067,1692255234835,1692255234838,1693227499074,7,3,4
14414,1693227499074,1692255234843,1692255234846,1693227499082,8,3,5
14415,1693227499082,1692255234850,1692255234853,1693227499089,7,3,4
14416,1693227499089,1692255234859,1692255234862,1693227499097,8,3,5
14417,1693227499097,1692255234866,1692255234870,1693227499106,9,4,5
14418,1693227499106,1692255234874,1692255234878,1693227499114,8,4,4
14419,1693227499114,1692255234882,1692255234885,1693227499121,7,3,4
14420,1693227499121,1692255234890,1692255234893,1693227499129,8,3,5
14421,1693227499129,1692255234898,1692255234901,1693227499136,7,3,4
14422,1693227499136,1692255234906,1692255234908,1693227499144,8,2,6
14423,1693227499144,1692255234913,1692255234917,1693227499153,9,4,5
14424,1693227499153,1692255234922,1692255234925,1693227499161,8,3,5
14425,1693227499161,1692255234930,1692255234933,1693227499169,8,3,5
14426,1693227499169,1692255234938,1692255234941,1693227499176,7,3,4
14427,1693227499176,1692255234945,1692255234948,1693227499183,7,3,4
14428,1693227499183,1692255234953,1692255234957,1693227499192,9,4,5
14429,1693227499192,1692255234961,1692255234964,1693227499200,8,3,5
14430,1693227499200,1692255234969,1692255234972,1693227499207,7,3,4
14431,1693227499208,1692255234976,1692255234981,1693227499217,9,5,4
14432,1693227499217,1692255234985,1692255234989,1693227499225,8,4,4
14433,1693227499225,1692255234994,1692255234997,1693227499233,8,3,5
14434,1693227499233,1692255235007,1692255235010,1693227499246,13,3,10
14435,1693227499246,1692255235016,1692255235019,1693227499255,9,3,6
14436,1693227499255,1692255235029,1692255235032,1693227499268,13,3,10
14437,1693227499268,1692255235036,1692255235040,1693227499276,8,4,4
14438,1693227499276,1692255235045,1692255235049,1693227499284,8,4,4
14439,1693227499284,1692255235053,1692255235059,1693227499294,10,6,4
14440,1693227499294,1692255235063,1692255235066,1693227499302,8,3,5
14441,1693227499302,1692255235070,1692255235073,1693227499308,6,3,3
14442,1693227499308,1692255235078,1692255235082,1693227499317,9,4,5
14443,1693227499317,1692255235086,1692255235089,1693227499325,8,3,5
14444,1693227499325,1692255235094,1692255235097,1693227499333,8,3,5
14445,1693227499333,1692255235102,1692255235105,1693227499341,8,3,5
14446,1693227499341,1692255235109,1692255235113,1693227499348,7,4,3
14447,1693227499348,1692255235117,1692255235120,1693227499356,8,3,5
14448,1693227499356,1692255235124,1692255235127,1693227499363,7,3,4
14449,1693227499363,1692255235132,1692255235135,1693227499371,8,3,5
14450,1693227499371,1692255235139,1692255235143,1693227499379,8,4,4
14451,1693227499379,1692255235148,1692255235150,1693227499386,7,2,5
14452,1693227499387,1692255235155,1692255235158,1693227499394,7,3,4
14453,1693227499394,1692255235162,1692255235166,1693227499402,8,4,4
14454,1693227499402,1692255235171,1692255235174,1693227499409,7,3,4
14455,1693227499409,1692255235178,1692255235181,1693227499420,11,3,8
14456,1693227499421,1692255235189,1692255235192,1693227499427,6,3,3
14457,1693227499427,1692255235196,1692255235199,1693227499434,7,3,4
14458,1693227499434,1692255235203,1692255235205,1693227499440,6,2,4
14459,1693227499440,1692255235209,1692255235213,1693227499448,8,4,4
14460,1693227499448,1692255235217,1692255235221,1693227499456,8,4,4
14461,1693227499456,1692255235225,1692255235228,1693227499463,7,3,4
14462,1693227499464,1692255235232,1692255235235,1693227499471,7,3,4
14463,1693227499471,1692255235239,1692255235243,1693227499478,7,4,3
14464,1693227499478,1692255235247,1692255235251,1693227499486,8,4,4
14465,1693227499486,1692255235255,1692255235258,1693227499651,165,3,162
14466,1693227499651,1692255235420,1692255235423,1693227499659,8,3,5
14467,1693227499659,1692255235428,1692255235431,1693227499667,8,3,5
14468,1693227499667,1692255235437,1692255235440,1693227499676,9,3,6
14469,1693227499676,1692255235445,1692255235448,1693227499684,8,3,5
14470,1693227499684,1692255235453,1692255235456,1693227499691,7,3,4
14471,1693227499691,1692255235460,1692255235464,1693227499700,9,4,5
14472,1693227499700,1692255235469,1692255235472,1693227499707,7,3,4
14473,1693227499707,1692255235476,1692255235479,1693227499715,8,3,5
14474,1693227499715,1692255235484,1692255235487,1693227499722,7,3,4
14475,1693227499722,1692255235522,1692255235526,1693227499761,39,4,35
14476,1693227499761,1692255235530,1692255235535,1693227499771,10,5,5
14477,1693227499771,1692255235540,1692255235544,1693227499780,9,4,5
14478,1693227499780,1692255235549,1692255235552,1693227499787,7,3,4
14479,1693227499788,1692255235556,1692255235559,1693227499795,7,3,4
14480,1693227499795,1692255235564,1692255235567,1693227499802,7,3,4
14481,1693227499802,1692255235571,1692255235576,1693227499811,9,5,4
14482,1693227499811,1692255235581,1692255235584,1693227499820,9,3,6
14483,1693227499820,1692255235588,1692255235592,1693227499829,9,4,5
14484,1693227499829,1692255235598,1692255235601,1693227499837,8,3,5
14485,1693227499837,1692255235605,1692255235608,1693227499843,6,3,3
14486,1693227499843,1692255235612,1692255235615,1693227499851,8,3,5
14487,1693227499851,1692255235621,1692255235624,1693227499860,9,3,6
14488,1693227499860,1692255235628,1692255235632,1693227499868,8,4,4
14489,1693227499868,1692255235636,1692255235639,1693227499875,7,3,4
14490,1693227499875,1692255235644,1692255235647,1693227499883,8,3,5
14491,1693227499883,1692255235651,1692255235655,1693227499891,8,4,4
14492,1693227499891,1692255235660,1692255235662,1693227499898,7,2,5
14493,1693227499898,1692255235667,1692255235670,1693227499905,7,3,4
14494,1693227499905,1692255235675,1692255235678,1693227499914,9,3,6
14495,1693227499914,1692255235683,1692255235687,1693227499922,8,4,4
14496,1693227499922,1692255235691,1692255235695,1693227499931,9,4,5
14497,1693227499931,1692255235702,1692255235705,1693227499941,10,3,7
14498,1693227499941,1692255235711,1692255235714,1693227499949,8,3,5
14499,1693227499949,1692255235719,1692255235723,1693227499958,9,4,5
14500,1693227499958,1692255235727,1692255235730,1693227499965,7,3,4
14501,1693227499965,1692255235734,1692255235737,1693227499972,7,3,4
14502,1693227499972,1692255235741,1692255235746,1693227499981,9,5,4
14503,1693227499981,1692255235749,1692255235753,1693227499988,7,4,3
14504,1693227499988,1692255235756,1692255235759,1693227499994,6,3,3
14505,1693227499994,1692255235763,1692255235766,1693227500001,7,3,4
14506,1693227500001,1692255235770,1692255235773,1693227500009,8,3,5
14507,1693227500009,1692255235777,1692255235781,1693227500016,7,4,3
14508,1693227500016,1692255235785,1692255235791,1693227500026,10,6,4
14509,1693227500026,1692255235795,1692255235798,1693227500034,8,3,5
14510,1693227500034,1692255235803,1692255235806,1693227500041,7,3,4
14511,1693227500041,1692255235810,1692255235814,1693227500050,9,4,5
14512,1693227500050,1692255235819,1692255235822,1693227500059,9,3,6
14513,1693227500059,1692255235828,1692255235831,1693227500067,8,3,5
14514,1693227500067,1692255235836,1692255235840,1693227500076,9,4,5
14515,1693227500076,1692255235845,1692255235847,1693227500083,7,2,5
14516,1693227500083,1692255235856,1692255235859,1693227500095,12,3,9
14517,1693227500095,1692255235864,1692255235868,1693227500103,8,4,4
14518,1693227500103,1692255235874,1692255235877,1693227500113,10,3,7
14519,1693227500113,1692255235882,1692255235885,1693227500121,8,3,5
14520,1693227500121,1692255235890,1692255235893,1693227500128,7,3,4
14521,1693227500128,1692255235897,1692255235900,1693227500136,8,3,5
14522,1693227500136,1692255235905,1692255235908,1693227500144,8,3,5
14523,1693227500144,1692255235913,1692255235917,1693227500153,9,4,5
14524,1693227500153,1692255235922,1692255235925,1693227500162,9,3,6
14525,1693227500162,1692255235931,1692255235934,1693227500170,8,3,5
14526,1693227500170,1692255235938,1692255235942,1693227500178,8,4,4
14527,1693227500178,1692255235947,1692255235951,1693227500187,9,4,5
14528,1693227500187,1692255235956,1692255235959,1693227500195,8,3,5
14529,1693227500195,1692255235964,1692255235967,1693227500203,8,3,5
14530,1693227500203,1692255235971,1692255235974,1693227500209,6,3,3
14531,1693227500209,1692255235980,1692255235983,1693227500218,9,3,6
14532,1693227500218,1692255235988,1692255235992,1693227500227,9,4,5
14533,1693227500227,1692255235997,1692255236001,1693227500239,12,4,8
14534,1693227500239,1692255236010,1692255236014,1693227500249,10,4,6
14535,1693227500249,1692255236020,1692255236024,1693227500260,11,4,7
14536,1693227500260,1692255236029,1692255236032,1693227500267,7,3,4
14537,1693227500267,1692255236036,1692255236039,1693227500274,7,3,4
14538,1693227500274,1692255236042,1692255236046,1693227500281,7,4,3
14539,1693227500281,1692255236050,1692255236053,1693227500288,7,3,4
14540,1693227500288,1692255236057,1692255236060,1693227500295,7,3,4
14541,1693227500295,1692255236063,1692255236066,1693227500301,6,3,3
14542,1693227500301,1692255236070,1692255236073,1693227500308,7,3,4
14543,1693227500308,1692255236078,1692255236081,1693227500317,9,3,6
14544,1693227500317,1692255236086,1692255236088,1693227500324,7,2,5
14545,1693227500324,1692255236093,1692255236096,1693227500331,7,3,4
14546,1693227500331,1692255236100,1692255236104,1693227500341,10,4,6
14547,1693227500341,1692255236110,1692255236113,1693227500348,7,3,4
14548,1693227500348,1692255236117,1692255236121,1693227500357,9,4,5
14549,1693227500357,1692255236126,1692255236129,1693227500365,8,3,5
14550,1693227500365,1692255236135,1692255236139,1693227500375,10,4,6
14551,1693227500375,1692255236144,1692255236148,1693227500383,8,4,4
14552,1693227500383,1692255236152,1692255236156,1693227500391,8,4,4
14553,1693227500391,1692255236161,1692255236165,1693227500400,9,4,5
14554,1693227500401,1692255236170,1692255236173,1693227500409,8,3,5
14555,1693227500409,1692255236178,1692255236182,1693227500417,8,4,4
14556,1693227500417,1692255236186,1692255236189,1693227500425,8,3,5
14557,1693227500425,1692255236193,1692255236197,1693227500432,7,4,3
14558,1693227500432,1692255236201,1692255236204,1693227500440,8,3,5
14559,1693227500440,1692255236210,1692255236213,1693227500449,9,3,6
14560,1693227500449,1692255236218,1692255236221,1693227500456,7,3,4
14561,1693227500456,1692255236225,1692255236229,1693227500465,9,4,5
14562,1693227500465,1692255236234,1692255236236,1693227500472,7,2,5
14563,1693227500472,1692255236240,1692255236244,1693227500480,8,4,4
14564,1693227500480,1692255236249,1692255236252,1693227500487,7,3,4
14565,1693227500487,1692255236256,1692255236259,1693227500494,7,3,4
14566,1693227500494,1692255236263,1692255236267,1693227500502,8,4,4
14567,1693227500502,1692255236274,1692255236276,1693227500511,9,2,7
14568,1693227500511,1692255236280,1692255236283,1693227500519,8,3,5
14569,1693227500519,1692255236288,1692255236291,1693227500527,8,3,5
14570,1693227500527,1692255236296,1692255236299,1693227500535,8,3,5
14571,1693227500535,1692255236303,1692255236307,1693227500542,7,4,3
14572,1693227500542,1692255236312,1692255236316,1693227500551,9,4,5
14573,1693227500551,1692255236320,1692255236323,1693227500558,7,3,4
14574,1693227500558,1692255236327,1692255236332,1693227500567,9,5,4
14575,1693227500567,1692255236336,1692255236339,1693227500575,8,3,5
14576,1693227500575,1692255236343,1692255236347,1693227500582,7,4,3
14577,1693227500582,1692255236352,1692255236356,1693227500592,10,4,6
14578,1693227500592,1692255236360,1692255236364,1693227500602,10,4,6
14579,1693227500602,1692255236371,1692255236374,1693227500610,8,3,5
14580,1693227500610,1692255236379,1692255236382,1693227500618,8,3,5
14581,1693227500618,1692255236387,1692255236390,1693227500625,7,3,4
14582,1693227500625,1692255236394,1692255236397,1693227500633,8,3,5
14583,1693227500633,1692255236402,1692255236404,1693227500640,7,2,5
14584,1693227500640,1692255236409,1692255236412,1693227500648,8,3,5
14585,1693227500648,1692255236417,1692255236422,1693227500658,10,5,5
14586,1693227500658,1692255236426,1692255236430,1693227500666,8,4,4
14587,1693227500666,1692255236435,1692255236437,1693227500673,7,2,5
14588,1693227500673,1692255236442,1692255236444,1693227500680,7,2,5
14589,1693227500680,1692255236449,1692255236453,1693227500689,9,4,5
14590,1693227500689,1692255236458,1692255236461,1693227500696,7,3,4
14591,1693227500696,1692255236464,1692255236468,1693227500704,8,4,4
14592,1693227500704,1692255236472,1692255236476,1693227500712,8,4,4
14593,1693227500712,1692255236481,1692255236484,1693227500719,7,3,4
14594,1693227500719,1692255236488,1692255236491,1693227500727,8,3,5
14595,1693227500727,1692255236496,1692255236499,1693227500735,8,3,5
14596,1693227500735,1692255236504,1692255236507,1693227500743,8,3,5
14597,1693227500743,1692255236511,1692255236514,1693227500750,7,3,4
14598,1693227500751,1692255236519,1692255236523,1693227500758,7,4,3
14599,1693227500759,1692255236527,1692255236530,1693227500766,7,3,4
14600,1693227500766,1692255236535,1692255236537,1693227500773,7,2,5
14601,1693227500773,1692255236544,1692255236547,1693227500782,9,3,6
14602,1693227500782,1692255236551,1692255236554,1693227500790,8,3,5
14603,1693227500790,1692255236558,1692255236562,1693227500798,8,4,4
14604,1693227500798,1692255236567,1692255236569,1693227500805,7,2,5
14605,1693227500805,1692255236573,1692255236576,1693227500812,7,3,4
14606,1693227500812,1692255236581,1692255236584,1693227500820,8,3,5
14607,1693227500820,1692255236589,1692255236592,1693227500828,8,3,5
14608,1693227500828,1692255236597,1692255236600,1693227500836,8,3,5
14609,1693227500836,1692255236605,1692255236607,1693227500843,7,2,5
14610,1693227500843,1692255236612,1692255236615,1693227500853,10,3,7
14611,1693227500853,1692255236622,1692255236626,1693227500861,8,4,4
14612,1693227500861,1692255236630,1692255236634,1693227500869,8,4,4
14613,1693227500869,1692255236638,1692255236640,1693227500876,7,2,5
14614,1693227500876,1692255236646,1692255236650,1693227500885,9,4,5
14615,1693227500885,1692255236654,1692255236657,1693227500893,8,3,5
14616,1693227500893,1692255236662,1692255236666,1693227500901,8,4,4
14617,1693227500901,1692255236670,1692255236673,1693227500908,7,3,4
14618,1693227500908,1692255236677,1692255236680,1693227500916,8,3,5
14619,1693227500916,1692255236685,1692255236689,1693227500924,8,4,4
14620,1693227500924,1692255236692,1692255236696,1693227500932,8,4,4
14621,1693227500932,1692255236701,1692255236704,1693227500939,7,3,4
14622,1693227500940,1692255236709,1692255236714,1693227500950,10,5,5
14623,1693227500950,1692255236718,1692255236721,1693227500957,7,3,4
14624,1693227500957,1692255236726,1692255236729,1693227500964,7,3,4
14625,1693227500964,1692255236733,1692255236737,1693227500973,9,4,5
14626,1693227500973,1692255236741,1692255236744,1693227500980,7,3,4
14627,1693227500980,1692255236749,1692255236752,1693227500987,7,3,4
14628,1693227500987,1692255236756,1692255236759,1693227500995,8,3,5
14629,1693227500995,1692255236763,1692255236766,1693227501001,6,3,3
14630,1693227501002,1692255236770,1692255236773,1693227501008,6,3,3
14631,1693227501009,1692255236777,1692255236781,1693227501016,7,4,3
14632,1693227501016,1692255236785,1692255236788,1693227501024,8,3,5
14633,1693227501024,1692255236793,1692255236797,1693227501032,8,4,4
14634,1693227501032,1692255236801,1692255236804,1693227501040,8,3,5
14635,1693227501040,1692255236808,1692255236811,1693227501047,7,3,4
14636,1693227501047,1692255236816,1692255236819,1693227501057,10,3,7
14637,1693227501058,1692255236826,1692255236829,1693227501065,7,3,4
14638,1693227501065,1692255236834,1692255236837,1693227501073,8,3,5
14639,1693227501073,1692255236841,1692255236845,1693227501080,7,4,3
14640,1693227501081,1692255236850,1692255236854,1693227501089,8,4,4
14641,1693227501089,1692255236857,1692255236861,1693227501096,7,4,3
14642,1693227501096,1692255236865,1692255236868,1693227501103,7,3,4
14643,1693227501103,1692255236872,1692255236876,1693227501111,8,4,4
14644,1693227501111,1692255236879,1692255236882,1693227501118,7,3,4
14645,1693227501118,1692255236886,1692255236889,1693227501125,7,3,4
14646,1693227501125,1692255236894,1692255236896,1693227501132,7,2,5
14647,1693227501132,1692255236903,1692255236906,1693227501142,10,3,7
14648,1693227501142,1692255236911,1692255236914,1693227501150,8,3,5
14649,1693227501150,1692255236918,1692255236922,1693227501160,10,4,6
14650,1693227501160,1692255236929,1692255236933,1693227501168,8,4,4
14651,1693227501168,1692255236939,1692255236942,1693227501178,10,3,7
14652,1693227501178,1692255236947,1692255236951,1693227501187,9,4,5
14653,1693227501187,1692255236956,1692255236960,1693227501195,8,4,4
14654,1693227501195,1692255236964,1692255236967,1693227501203,8,3,5
14655,1693227501203,1692255236971,1692255236974,1693227501210,7,3,4
14656,1693227501210,1692255236978,1692255236982,1693227501218,8,4,4
14657,1693227501218,1692255236987,1692255236990,1693227501226,8,3,5
14658,1693227501226,1692255236995,1692255236998,1693227501234,8,3,5
14659,1693227501234,1692255237002,1692255237006,1693227501241,7,4,3
14660,1693227501241,1692255237010,1692255237012,1693227501248,7,2,5
14661,1693227501248,1692255237016,1692255237020,1693227501256,8,4,4
14662,1693227501256,1692255237024,1692255237028,1693227501264,8,4,4
14663,1693227501264,1692255237033,1692255237036,1693227501272,8,3,5
14664,1693227501272,1692255237041,1692255237044,1693227501279,7,3,4
14665,1693227501279,1692255237048,1692255237052,1693227501287,8,4,4
14666,1693227501287,1692255237056,1692255237059,1693227501294,7,3,4
14667,1693227501294,1692255237063,1692255237066,1693227501302,8,3,5
14668,1693227501302,1692255237070,1692255237073,1693227501309,7,3,4
14669,1693227501309,1692255237078,1692255237081,1693227501316,7,3,4
14670,1693227501316,1692255237085,1692255237088,1693227501324,8,3,5
14671,1693227501324,1692255237093,1692255237096,1693227501332,8,3,5
14672,1693227501332,1692255237101,1692255237104,1693227501339,7,3,4
14673,1693227501339,1692255237108,1692255237110,1693227501346,7,2,5
14674,1693227501346,1692255237115,1692255237119,1693227501354,8,4,4
14675,1693227501354,1692255237123,1692255237127,1693227501365,11,4,7
14676,1693227501365,1692255237135,1692255237138,1693227501374,9,3,6
14677,1693227501374,1692255237143,1692255237147,1693227501382,8,4,4
14678,1693227501382,1692255237151,1692255237154,1693227501390,8,3,5
14679,1693227501390,1692255237158,1692255237161,1693227501396,6,3,3
14680,1693227501397,1692255237165,1692255237168,1693227501403,6,3,3
14681,1693227501403,1692255237172,1692255237175,1693227501410,7,3,4
14682,1693227501410,1692255237178,1692255237182,1693227501418,8,4,4
14683,1693227501418,1692255237187,1692255237191,1693227501427,9,4,5
14684,1693227501427,1692255237195,1692255237199,1693227501434,7,4,3
14685,1693227501434,1692255237203,1692255237207,1693227501442,8,4,4
14686,1693227501442,1692255237212,1692255237215,1693227501450,8,3,5
14687,1693227501450,1692255237219,1692255237222,1693227501458,8,3,5
14688,1693227501458,1692255237227,1692255237230,1693227501468,10,3,7
14689,1693227501468,1692255237237,1692255237241,1693227501477,9,4,5
14690,1693227501477,1692255237246,1692255237249,1693227501484,7,3,4
14691,1693227501484,1692255237252,1692255237255,1693227501492,8,3,5
14692,1693227501492,1692255237261,1692255237264,1693227501499,7,3,4
14693,1693227501499,1692255237272,1692255237275,1693227501511,12,3,9
14694,1693227501511,1692255237280,1692255237283,1693227501519,8,3,5
14695,1693227501519,1692255237287,1692255237290,1693227501526,7,3,4
14696,1693227501526,1692255237296,1692255237301,1693227501536,10,5,5
14697,1693227501536,1692255237305,1692255237309,1693227501545,9,4,5
14698,1693227501545,1692255237313,1692255237318,1693227501554,9,5,4
14699,1693227501554,1692255237323,1692255237326,1693227501561,7,3,4
14700,1693227501562,1692255237330,1692255237333,1693227501569,7,3,4
14701,1693227501569,1692255237338,1692255237341,1693227501577,8,3,5
14702,1693227501577,1692255237347,1692255237350,1693227501586,9,3,6
14703,1693227501586,1692255237355,1692255237358,1693227501593,7,3,4
14704,1693227501593,1692255237363,1692255237366,1693227501601,8,3,5
14705,1693227501601,1692255237370,1692255237373,1693227501609,8,3,5
14706,1693227501609,1692255237377,1692255237381,1693227501617,8,4,4
14707,1693227501617,1692255237385,1692255237388,1693227501624,7,3,4
14708,1693227501624,1692255237392,1692255237395,1693227501631,7,3,4
14709,1693227501631,1692255237400,1692255237403,1693227501638,7,3,4
14710,1693227501638,1692255237407,1692255237410,1693227501645,7,3,4
14711,1693227501645,1692255237414,1692255237417,1693227501653,8,3,5
14712,1693227501653,1692255237422,1692255237425,1693227501661,8,3,5
14713,1693227501661,1692255237429,1692255237433,1693227501669,8,4,4
14714,1693227501669,1692255237439,1692255237442,1693227501677,8,3,5
14715,1693227501678,1692255237447,1692255237450,1693227501685,7,3,4
14716,1693227501685,1692255237454,1692255237458,1693227501693,8,4,4
14717,1693227501693,1692255237463,1692255237467,1693227501706,13,4,9
14718,1693227501706,1692255237475,1692255237478,1693227501714,8,3,5
14719,1693227501714,1692255237483,1692255237485,1693227501721,7,2,5
14720,1693227501721,1692255237490,1692255237493,1693227501729,8,3,5
14721,1693227501729,1692255237498,1692255237502,1693227501737,8,4,4
14722,1693227501737,1692255237505,1692255237508,1693227501743,6,3,3
14723,1693227501744,1692255237512,1692255237515,1693227501750,6,3,3
14724,1693227501750,1692255237520,1692255237523,1693227501759,9,3,6
14725,1693227501759,1692255237527,1692255237530,1693227501765,6,3,3
14726,1693227501765,1692255237534,1692255237537,1693227501774,9,3,6
14727,1693227501774,1692255237543,1692255237546,1693227501782,8,3,5
14728,1693227501782,1692255237551,1692255237554,1693227501790,8,3,5
14729,1693227501790,1692255237559,1692255237562,1693227501798,8,3,5
14730,1693227501798,1692255237568,1692255237571,1693227501806,8,3,5
14731,1693227501806,1692255237575,1692255237578,1693227501814,8,3,5
14732,1693227501814,1692255237583,1692255237587,1693227501822,8,4,4
14733,1693227501822,1692255237591,1692255237594,1693227501829,7,3,4
14734,1693227501829,1692255237599,1692255237602,1693227501837,8,3,5
14735,1693227501837,1692255237606,1692255237610,1693227501845,8,4,4
14736,1693227501845,1692255237614,1692255237617,1693227501852,7,3,4
14737,1693227501852,1692255237621,1692255237624,1693227501860,8,3,5
14738,1693227501860,1692255237629,1692255237632,1693227501868,8,3,5
14739,1693227501868,1692255237637,1692255237640,1693227501877,9,3,6
14740,1693227501877,1692255237646,1692255237649,1693227501885,8,3,5
14741,1693227501885,1692255237654,1692255237658,1693227501893,8,4,4
14742,1693227501893,1692255237662,1692255237665,1693227501901,8,3,5
14743,1693227501901,1692255237669,1692255237672,1693227501908,7,3,4
14744,1693227501908,1692255237676,1692255237679,1693227501915,7,3,4
14745,1693227501915,1692255237683,1692255237689,1693227501925,10,6,4
14746,1693227501925,1692255237693,1692255237698,1693227501933,8,5,3
14747,1693227501933,1692255237703,1692255237706,1693227501942,9,3,6
14748,1693227501942,1692255237711,1692255237715,1693227501951,9,4,5
14749,1693227501951,1692255237721,1692255237724,1693227501959,8,3,5
14750,1693227501959,1692255237728,1692255237731,1693227501967,8,3,5
14751,1693227501967,1692255237735,1692255237738,1693227501973,6,3,3
14752,1693227501973,1692255237742,1692255237746,1693227501981,8,4,4
14753,1693227501981,1692255237750,1692255237754,1693227501989,8,4,4
14754,1693227501989,1692255237757,1692255237760,1693227501996,7,3,4
14755,1693227501996,1692255237765,1692255237768,1693227502004,8,3,5
14756,1693227502004,1692255237773,1692255237776,1693227502011,7,3,4
14757,1693227502011,1692255237780,1692255237784,1693227502019,8,4,4
14758,1693227502019,1692255237788,1692255237791,1693227502027,8,3,5
14759,1693227502027,1692255237796,1692255237799,1693227502035,8,3,5
14760,1693227502035,1692255237804,1692255237807,1693227502042,7,3,4
14761,1693227502042,1692255237811,1692255237815,1693227502050,8,4,4
14762,1693227502050,1692255237821,1692255237824,1693227502060,10,3,7
14763,1693227502060,1692255237829,1692255237833,1693227502069,9,4,5
14764,1693227502069,1692255237837,1692255237840,1693227502076,7,3,4
14765,1693227502076,1692255237848,1692255237851,1693227502086,10,3,7
14766,1693227502087,1692255237856,1692255237859,1693227502095,8,3,5
14767,1693227502095,1692255237864,1692255237867,1693227502103,8,3,5
14768,1693227502103,1692255237873,1692255237878,1693227502114,11,5,6
14769,1693227502114,1692255237883,1692255237886,1693227502122,8,3,5
14770,1693227502122,1692255237891,1692255237893,1693227502129,7,2,5
14771,1693227502129,1692255237898,1692255237901,1693227502137,8,3,5
14772,1693227502137,1692255237905,1692255237908,1693227502143,6,3,3
14773,1693227502143,1692255237912,1692255237915,1693227502150,7,3,4
14774,1693227502150,1692255237919,1692255237924,1693227502159,9,5,4
14775,1693227502159,1692255237928,1692255237931,1693227502167,8,3,5
14776,1693227502167,1692255237936,1692255237939,1693227502174,7,3,4
14777,1693227502174,1692255237943,1692255237945,1693227502181,7,2,5
14778,1693227502181,1692255237951,1692255237954,1693227502190,9,3,6
14779,1693227502190,1692255237960,1692255237963,1693227502198,8,3,5
14780,1693227502199,1692255237967,1692255237971,1693227502207,8,4,4
14781,1693227502207,1692255237977,1692255237980,1693227502216,9,3,6
14782,1693227502216,1692255237985,1692255237988,1693227502223,7,3,4
14783,1693227502223,1692255237995,1692255237998,1693227502234,11,3,8
14784,1693227502234,1692255238003,1692255238006,1693227502241,7,3,4
14785,1693227502242,1692255238011,1692255238014,1693227502249,7,3,4
14786,1693227502249,1692255238018,1692255238021,1693227502257,8,3,5
14787,1693227502257,1692255238026,1692255238029,1693227502265,8,3,5
14788,1693227502265,1692255238034,1692255238037,1693227502273,8,3,5
14789,1693227502273,1692255238042,1692255238045,1693227502281,8,3,5
14790,1693227502281,1692255238053,1692255238058,1693227502294,13,5,8
14791,1693227502294,1692255238062,1692255238066,1693227502301,7,4,3
14792,1693227502302,1692255238070,1692255238073,1693227502309,7,3,4
14793,1693227502309,1692255238078,1692255238080,1693227502316,7,2,5
14794,1693227502316,1692255238085,1692255238089,1693227502324,8,4,4
14795,1693227502324,1692255238093,1692255238096,1693227502332,8,3,5
14796,1693227502332,1692255238100,1692255238104,1693227502340,8,4,4
14797,1693227502340,1692255238109,1692255238113,1693227502349,9,4,5
14798,1693227502349,1692255238118,1692255238121,1693227502357,8,3,5
14799,1693227502357,1692255238126,1692255238129,1693227502365,8,3,5
14800,1693227502365,1692255238135,1692255238138,1693227502373,8,3,5
14801,1693227502373,1692255238142,1692255238145,1693227502381,8,3,5
14802,1693227502381,1692255238149,1692255238153,1693227502389,8,4,4
14803,1693227502389,1692255238157,1692255238160,1693227502396,7,3,4
14804,1693227502396,1692255238165,1692255238170,1693227502406,10,5,5
14805,1693227502406,1692255238175,1692255238178,1693227502414,8,3,5
14806,1693227502414,1692255238182,1692255238185,1693227502420,6,3,3
14807,1693227502420,1692255238189,1692255238193,1693227502428,8,4,4
14808,1693227502428,1692255238197,1692255238200,1693227502436,8,3,5
14809,1693227502436,1692255238205,1692255238209,1693227502444,8,4,4
14810,1693227502444,1692255238213,1692255238216,1693227502452,8,3,5
14811,1693227502452,1692255238221,1692255238223,1693227502459,7,2,5
14812,1693227502459,1692255238227,1692255238231,1693227502467,8,4,4
14813,1693227502467,1692255238236,1692255238240,1693227502476,9,4,5
14814,1693227502476,1692255238245,1692255238248,1693227502484,8,3,5
14815,1693227502484,1692255238253,1692255238256,1693227502492,8,3,5
14816,1693227502492,1692255238261,1692255238264,1693227502499,7,3,4
14817,1693227502499,1692255238268,1692255238272,1693227502507,8,4,4
14818,1693227502507,1692255238276,1692255238279,1693227502515,8,3,5
14819,1693227502515,1692255238284,1692255238287,1693227502523,8,3,5
14820,1693227502523,1692255238291,1692255238296,1693227502531,8,5,3
14821,1693227502531,1692255238300,1692255238303,1693227502538,7,3,4
14822,1693227502538,1692255238307,1692255238311,1693227502546,8,4,4
14823,1693227502546,1692255238315,1692255238318,1693227502554,8,3,5
14824,1693227502554,1692255238322,1692255238326,1693227502562,8,4,4
14825,1693227502562,1692255238333,1692255238336,1693227502572,10,3,7
14826,1693227502572,1692255238341,1692255238347,1693227502582,10,6,4
14827,1693227502582,1692255238351,1692255238354,1693227502590,8,3,5
14828,1693227502590,1692255238361,1692255238364,1693227502600,10,3,7
14829,1693227502600,1692255238369,1692255238372,1693227502607,7,3,4
14830,1693227502607,1692255238381,1692255238384,1693227502620,13,3,10
14831,1693227502620,1692255238388,1692255238391,1693227502627,7,3,4
14832,1693227502627,1692255238395,1692255238399,1693227502635,8,4,4
14833,1693227502635,1692255238403,1692255238406,1693227502642,7,3,4
14834,1693227502642,1692255238411,1692255238414,1693227502649,7,3,4
14835,1693227502649,1692255238418,1692255238421,1693227502657,8,3,5
14836,1693227502657,1692255238425,1692255238428,1693227502664,7,3,4
14837,1693227502664,1692255238433,1692255238436,1693227502671,7,3,4
14838,1693227502671,1692255238439,1692255238442,1693227502678,7,3,4
14839,1693227502678,1692255238446,1692255238450,1693227502685,7,4,3
14840,1693227502685,1692255238454,1692255238458,1693227502696,11,4,7
14841,1693227502696,1692255238465,1692255238469,1693227502704,8,4,4
14842,1693227502704,1692255238473,1692255238477,1693227502712,8,4,4
14843,1693227502712,1692255238481,1692255238484,1693227502719,7,3,4
14844,1693227502719,1692255238488,1692255238491,1693227502727,8,3,5
14845,1693227502727,1692255238497,1692255238500,1693227502736,9,3,6
14846,1693227502736,1692255238505,1692255238508,1693227502744,8,3,5
14847,1693227502744,1692255238513,1692255238516,1693227502752,8,3,5
14848,1693227502752,1692255238521,1692255238524,1693227502760,8,3,5
14849,1693227502760,1692255238528,1692255238531,1693227502767,7,3,4
14850,1693227502767,1692255238536,1692255238539,1693227502775,8,3,5
14851,1693227502775,1692255238544,1692255238547,1693227502782,7,3,4
14852,1693227502782,1692255238551,1692255238554,1693227502790,8,3,5
14853,1693227502790,1692255238558,1692255238562,1693227502798,8,4,4
14854,1693227502798,1692255238567,1692255238571,1693227502806,8,4,4
14855,1693227502806,1692255238575,1692255238578,1693227502814,8,3,5
14856,1693227502814,1692255238582,1692255238585,1693227502821,7,3,4
14857,1693227502821,1692255238589,1692255238592,1693227502827,6,3,3
14858,1693227502827,1692255238596,1692255238599,1693227502835,8,3,5
14859,1693227502835,1692255238604,1692255238607,1693227502843,8,3,5
14860,1693227502843,1692255238611,1692255238615,1693227502850,7,4,3
14861,1693227502850,1692255238619,1692255238622,1693227502857,7,3,4
14862,1693227502857,1692255238626,1692255238629,1693227502865,8,3,5
14863,1693227502865,1692255238633,1692255238636,1693227502872,7,3,4
14864,1693227502872,1692255238641,1692255238644,1693227502879,7,3,4
14865,1693227502879,1692255238648,1692255238651,1693227502887,8,3,5
14866,1693227502887,1692255238656,1692255238659,1693227502895,8,3,5
14867,1693227502895,1692255238664,1692255238667,1693227502903,8,3,5
14868,1693227502903,1692255238671,1692255238674,1693227502910,7,3,4
14869,1693227502910,1692255238681,1692255238684,1693227502919,9,3,6
14870,1693227502919,1692255238688,1692255238691,1693227502926,7,3,4
14871,1693227502926,1692255238695,1692255238698,1693227502934,8,3,5
14872,1693227502934,1692255238702,1692255238705,1693227502941,7,3,4
14873,1693227502941,1692255238709,1692255238713,1693227502948,7,4,3
14874,1693227502948,1692255238717,1692255238720,1693227502955,7,3,4
14875,1693227502955,1692255238724,1692255238727,1693227502962,7,3,4
14876,1693227502962,1692255238732,1692255238736,1693227502972,10,4,6
14877,1693227502972,1692255238743,1692255238746,1693227502981,9,3,6
14878,1693227502981,1692255238749,1692255238753,1693227502989,8,4,4
14879,1693227502989,1692255238757,1692255238760,1693227502995,6,3,3
14880,1693227502995,1692255238764,1692255238767,1693227503003,8,3,5
14881,1693227503003,1692255238772,1692255238775,1693227503011,8,3,5
14882,1693227503011,1692255238780,1692255238783,1693227503018,7,3,4
14883,1693227503018,1692255238787,1692255238790,1693227503025,7,3,4
14884,1693227503025,1692255238794,1692255238797,1693227503033,8,3,5
14885,1693227503033,1692255238801,1692255238804,1693227503039,6,3,3
14886,1693227503039,1692255238808,1692255238812,1693227503047,8,4,4
14887,1693227503047,1692255238819,1692255238822,1693227503058,11,3,8
14888,1693227503058,1692255238827,1692255238831,1693227503066,8,4,4
14889,1693227503066,1692255238835,1692255238838,1693227503074,8,3,5
14890,1693227503074,1692255238842,1692255238846,1693227503081,7,4,3
14891,1693227503081,1692255238854,1692255238858,1693227503093,12,4,8
14892,1693227503093,1692255238862,1692255238866,1693227503101,8,4,4
14893,1693227503101,1692255238877,1692255238880,1693227503115,14,3,11
14894,1693227503115,1692255238884,1692255238888,1693227503123,8,4,4
14895,1693227503123,1692255238892,1692255238896,1693227503132,9,4,5
14896,1693227503132,1692255238901,1692255238905,1693227503140,8,4,4
14897,1693227503140,1692255238909,1692255238912,1693227503148,8,3,5
14898,1693227503148,1692255238917,1692255238920,1693227503155,7,3,4
14899,1693227503155,1692255238924,1692255238927,1693227503163,8,3,5
14900,1693227503163,1692255238932,1692255238935,1693227503171,8,3,5
14901,1693227503171,1692255238939,1692255238943,1693227503179,8,4,4
14902,1693227503179,1692255238948,1692255238951,1693227503187,8,3,5
14903,1693227503187,1692255238956,1692255238958,1693227503194,7,2,5
14904,1693227503194,1692255238963,1692255238966,1693227503201,7,3,4
14905,1693227503202,1692255238970,1692255238973,1693227503209,7,3,4
14906,1693227503209,1692255238978,1692255238981,1693227503217,8,3,5
14907,1693227503217,1692255238986,1692255238989,1693227503224,7,3,4
14908,1693227503224,1692255238994,1692255238998,1693227503233,9,4,5
14909,1693227503233,1692255239002,1692255239005,1693227503241,8,3,5
14910,1693227503241,1692255239009,1692255239012,1693227503248,7,3,4
14911,1693227503248,1692255239017,1692255239020,1693227503256,8,3,5
14912,1693227503256,1692255239025,1692255239028,1693227503264,8,3,5
14913,1693227503264,1692255239032,1692255239036,1693227503271,7,4,3
14914,1693227503271,1692255239040,1692255239044,1693227503279,8,4,4
14915,1693227503279,1692255239048,1692255239051,1693227503286,7,3,4
14916,1693227503286,1692255239055,1692255239058,1693227503294,8,3,5
14917,1693227503294,1692255239062,1692255239066,1693227503301,7,4,3
14918,1693227503301,1692255239070,1692255239073,1693227503311,10,3,7
14919,1693227503311,1692255239079,1692255239083,1693227503318,7,4,3
14920,1693227503318,1692255239086,1692255239089,1693227503324,6,3,3
14921,1693227503324,1692255239092,1692255239096,1693227503332,8,4,4
14922,1693227503332,1692255239101,1692255239104,1693227503340,8,3,5
14923,1693227503340,1692255239108,1692255239112,1693227503347,7,4,3
14924,1693227503347,1692255239115,1692255239119,1693227503354,7,4,3
14925,1693227503354,1692255239123,1692255239126,1693227503362,8,3,5
14926,1693227503362,1692255239131,1692255239134,1693227503370,8,3,5
14927,1693227503370,1692255239138,1692255239141,1693227503377,7,3,4
14928,1693227503377,1692255239146,1692255239149,1693227503385,8,3,5
14929,1693227503385,1692255239154,1692255239158,1693227503394,9,4,5
14930,1693227503394,1692255239163,1692255239166,1693227503402,8,3,5
14931,1693227503402,1692255239171,1692255239174,1693227503409,7,3,4
14932,1693227503409,1692255239180,1692255239183,1693227503419,10,3,7
14933,1693227503419,1692255239188,1692255239191,1693227503427,8,3,5
14934,1693227503427,1692255239195,1692255239198,1693227503434,7,3,4
14935,1693227503434,1692255239202,1692255239205,1693227503441,7,3,4
14936,1693227503441,1692255239209,1692255239213,1693227503448,7,4,3
14937,1693227503448,1692255239216,1692255239219,1693227503454,6,3,3
14938,1693227503455,1692255239223,1692255239227,1693227503463,8,4,4
14939,1693227503463,1692255239231,1692255239235,1693227503470,7,4,3
14940,1693227503470,1692255239240,1692255239243,1693227503479,9,3,6
14941,1693227503479,1692255239248,1692255239251,1693227503487,8,3,5
14942,1693227503487,1692255239256,1692255239260,1693227503496,9,4,5
14943,1693227503496,1692255239270,1692255239272,1693227503508,12,2,10
14944,1693227503508,1692255239276,1692255239279,1693227503516,8,3,5
14945,1693227503516,1692255239286,1692255239289,1693227503524,8,3,5
14946,1693227503524,1692255239293,1692255239295,1693227503531,7,2,5
14947,1693227503531,1692255239300,1692255239303,1693227503539,8,3,5
14948,1693227503539,1692255239311,1692255239314,1693227503549,10,3,7
14949,1693227503549,1692255239318,1692255239320,1693227503556,7,2,5
14950,1693227503556,1692255239324,1692255239328,1693227503564,8,4,4
14951,1693227503564,1692255239332,1692255239335,1693227503571,7,3,4
14952,1693227503571,1692255239339,1692255239343,1693227503578,7,4,3
14953,1693227503578,1692255239347,1692255239351,1693227503587,9,4,5
14954,1693227503587,1692255239355,1692255239359,1693227503594,7,4,3
14955,1693227503594,1692255239363,1692255239366,1693227503602,8,3,5
14956,1693227503602,1692255239371,1692255239374,1693227503609,7,3,4
14957,1693227503609,1692255239378,1692255239381,1693227503620,11,3,8
14958,1693227503620,1692255239389,1692255239392,1693227503628,8,3,5
14959,1693227503628,1692255239397,1692255239400,1693227503635,7,3,4
14960,1693227503635,1692255239404,1692255239407,1693227503642,7,3,4
14961,1693227503642,1692255239411,1692255239414,1693227503650,8,3,5
14962,1693227503650,1692255239418,1692255239422,1693227503657,7,4,3
14963,1693227503657,1692255239426,1692255239430,1693227503665,8,4,4
14964,1693227503666,1692255239434,1692255239437,1693227503673,7,3,4
14965,1693227503673,1692255239441,1692255239444,1693227503680,7,3,4
14966,1693227503680,1692255239449,1692255239452,1693227503688,8,3,5
14967,1693227503688,1692255239459,1692255239463,1693227503698,10,4,6
14968,1693227503698,1692255239467,1692255239471,1693227503706,8,4,4
14969,1693227503706,1692255239475,1692255239479,1693227503714,8,4,4
14970,1693227503714,1692255239483,1692255239486,1693227503722,8,3,5
14971,1693227503722,1692255239491,1692255239494,1693227503729,7,3,4
14972,1693227503729,1692255239498,1692255239501,1693227503737,8,3,5
14973,1693227503737,1692255239506,1692255239508,1693227503744,7,2,5
14974,1693227503744,1692255239512,1692255239515,1693227503751,7,3,4
14975,1693227503751,1692255239519,1692255239522,1693227503758,7,3,4
14976,1693227503758,1692255239526,1692255239530,1693227503766,8,4,4
14977,1693227503766,1692255239535,1692255239538,1693227503773,7,3,4
14978,1693227503773,1692255239542,1692255239545,1693227503781,8,3,5
14979,1693227503781,1692255239549,1692255239552,1693227503787,6,3,3
14980,1693227503787,1692255239556,1692255239558,1693227503794,7,2,5
14981,1693227503794,1692255239564,1692255239567,1693227503803,9,3,6
14982,1693227503803,1692255239572,1692255239575,1693227503811,8,3,5
14983,1693227503811,1692255239579,1692255239582,1693227503818,7,3,4
14984,1693227503818,1692255239589,1692255239593,1693227503828,10,4,6
14985,1693227503828,1692255239597,1692255239600,1693227503835,7,3,4
14986,1693227503835,1692255239604,1692255239608,1693227503843,8,4,4
14987,1693227503843,1692255239612,1692255239616,1693227503851,8,4,4
14988,1693227503851,1692255239620,1692255239623,1693227503858,7,3,4
14989,1693227503858,1692255239627,1692255239630,1693227503866,8,3,5
14990,1693227503866,1692255239636,1692255239639,1693227503875,9,3,6
14991,1693227503875,1692255239643,1692255239646,1693227503882,7,3,4
14992,1693227503882,1692255239650,1692255239653,1693227503889,7,3,4
14993,1693227503889,1692255239657,1692255239661,1693227503896,7,4,3
14994,1693227503896,1692255239666,1692255239669,1693227503905,9,3,6
14995,1693227503905,1692255239674,1692255239677,1693227503913,8,3,5
14996,1693227503913,1692255239682,1692255239685,1693227503920,7,3,4
14997,1693227503920,1692255239688,1692255239692,1693227503928,8,4,4
14998,1693227503928,1692255239697,1692255239701,1693227503936,8,4,4
14999,1693227503936,1692255239705,1692255239708,1693227503944,8,3,5
15000,1693227503944,1692255239713,1692255239716,1693227503952,8,3,5
15001,1693227503952,1692255239721,1692255239724,1693227503959,7,3,4
15002,1693227503959,1692255239728,1692255239732,1693227503967,8,4,4
15003,1693227503967,1692255239736,1692255239739,1693227503974,7,3,4
15004,1693227503974,1692255239744,1692255239747,1693227503982,8,3,5
15005,1693227503982,1692255239751,1692255239754,1693227503990,8,3,5
15006,1693227503990,1692255239759,1692255239763,1693227503998,8,4,4
15007,1693227503998,1692255239766,1692255239769,1693227504005,7,3,4
15008,1693227504005,1692255239773,1692255239776,1693227504012,7,3,4
15009,1693227504012,1692255239781,1692255239785,1693227504020,8,4,4
15010,1693227504020,1692255239789,1692255239792,1693227504028,8,3,5
15011,1693227504028,1692255239797,1692255239800,1693227504036,8,3,5
15012,1693227504036,1692255239805,1692255239808,1693227504043,7,3,4
15013,1693227504043,1692255239812,1692255239815,1693227504051,8,3,5
15014,1693227504051,1692255239819,1692255239823,1693227504058,7,4,3
15015,1693227504058,1692255239827,1692255239830,1693227504066,8,3,5
15016,1693227504066,1692255239835,1692255239838,1693227504074,8,3,5
15017,1693227504074,1692255239843,1692255239847,1693227504082,8,4,4
15018,1693227504082,1692255239851,1692255239855,1693227504090,8,4,4
15019,1693227504090,1692255239858,1692255239862,1693227504097,7,4,3
15020,1693227504097,1692255239866,1692255239870,1693227504105,8,4,4
15021,1693227504105,1692255239874,1692255239879,1693227504114,9,5,4
15022,1693227504114,1692255239883,1692255239887,1693227504123,9,4,5
15023,1693227504123,1692255239891,1692255239894,1693227504130,7,3,4
15024,1693227504130,1692255239899,1692255239903,1693227504139,9,4,5
15025,1693227504139,1692255239909,1692255239912,1693227504148,9,3,6
15026,1693227504148,1692255239916,1692255239919,1693227504361,213,3,210
15027,1693227504361,1692255240130,1692255240133,1693227504368,7,3,4
15028,1693227504368,1692255240137,1692255240140,1693227504376,8,3,5
15029,1693227504376,1692255240144,1692255240147,1693227504383,7,3,4
15030,1693227504383,1692255240152,1692255240154,1693227504390,7,2,5
15031,1693227504390,1692255240159,1692255240162,1693227504398,8,3,5
15032,1693227504398,1692255240166,1692255240169,1693227504405,7,3,4
15033,1693227504405,1692255240174,1692255240177,1693227504413,8,3,5
15034,1693227504413,1692255240183,1692255240186,1693227504422,9,3,6
15035,1693227504422,1692255240191,1692255240194,1693227504429,7,3,4
15036,1693227504429,1692255240199,1692255240201,1693227504437,8,2,6
15037,1693227504437,1692255240206,1692255240209,1693227504445,8,3,5
15038,1693227504445,1692255240213,1692255240216,1693227504452,7,3,4
15039,1693227504452,1692255240221,1692255240224,1693227504459,7,3,4
15040,1693227504459,1692255240230,1692255240233,1693227504469,10,3,7
15041,1693227504469,1692255240238,1692255240241,1693227504477,8,3,5
15042,1693227504477,1692255240246,1692255240249,1693227504485,8,3,5
15043,1693227504485,1692255240254,1692255240258,1693227504493,8,4,4
15044,1693227504493,1692255240271,1692255240275,1693227504510,17,4,13
15045,1693227504510,1692255240280,1692255240283,1693227504519,9,3,6
15046,1693227504519,1692255240288,1692255240292,1693227504527,8,4,4
15047,1693227504527,1692255240296,1692255240299,1693227504535,8,3,5
15048,1693227504535,1692255240307,1692255240311,1693227504547,12,4,8
15049,1693227504547,1692255240316,1692255240319,1693227504554,7,3,4
15050,1693227504555,1692255240323,1692255240326,1693227504562,7,3,4
15051,1693227504562,1692255240330,1692255240333,1693227504568,6,3,3
15052,1693227504568,1692255240337,1692255240340,1693227504575,7,3,4
15053,1693227504575,1692255240344,1692255240347,1693227504583,8,3,5
15054,1693227504583,1692255240352,1692255240356,1693227504591,8,4,4
15055,1693227504592,1692255240360,1692255240363,1693227504599,7,3,4
15056,1693227504599,1692255240368,1692255240371,1693227504606,7,3,4
15057,1693227504606,1692255240374,1692255240378,1693227504613,7,4,3
15058,1693227504613,1692255240383,1692255240386,1693227504621,8,3,5
15059,1693227504621,1692255240395,1692255240399,1693227504634,13,4,9
15060,1693227504634,1692255240403,1692255240406,1693227504642,8,3,5
15061,1693227504642,1692255240412,1692255240417,1693227504653,11,5,6
15062,1693227504653,1692255240422,1692255240425,1693227504660,7,3,4
15063,1693227504660,1692255240429,1692255240433,1693227504669,9,4,5
15064,1693227504669,1692255240437,1692255240441,1693227504676,7,4,3
15065,1693227504676,1692255240445,1692255240448,1693227504683,7,3,4
15066,1693227504683,1692255240457,1692255240461,1693227504697,14,4,10
15067,1693227504697,1692255240466,1692255240469,1693227504706,9,3,6
15068,1693227504706,1692255240475,1692255240478,1693227504714,8,3,5
15069,1693227504714,1692255240482,1692255240485,1693227504720,6,3,3
15070,1693227504720,1692255240489,1692255240492,1693227504727,7,3,4
15071,1693227504727,1692255240496,1692255240499,1693227504734,7,3,4
15072,1693227504735,1692255240503,1692255240506,1693227504741,6,3,3
15073,1693227504741,1692255240511,1692255240514,1693227504750,9,3,6
15074,1693227504750,1692255240519,1692255240522,1693227504758,8,3,5
15075,1693227504758,1692255240526,1692255240530,1693227504765,7,4,3
15076,1693227504765,1692255240534,1692255240536,1693227504772,7,2,5
15077,1693227504772,1692255240545,1692255240548,1693227504784,12,3,9
15078,1693227504784,1692255240553,1692255240557,1693227504798,14,4,10
15079,1693227504798,1692255240566,1692255240570,1693227504805,7,4,3
15080,1693227504805,1692255240574,1692255240577,1693227504812,7,3,4
15081,1693227504812,1692255240581,1692255240584,1693227504825,13,3,10
15082,1693227504825,1692255240604,1692255240607,1693227504843,18,3,15
15083,1693227504843,1692255240613,1692255240617,1693227504857,14,4,10
15084,1693227504857,1692255240628,1692255240631,1693227504866,9,3,6
15085,1693227504866,1692255240635,1692255240638,1693227504874,8,3,5
15086,1693227504874,1692255240643,1692255240646,1693227504881,7,3,4
15087,1693227504882,1692255240668,1692255240672,1693227504907,25,4,21
15088,1693227504907,1692255240676,1692255240680,1693227504915,8,4,4
15089,1693227504915,1692255240684,1692255240687,1693227504923,8,3,5
15090,1693227504923,1692255240691,1692255240695,1693227504931,8,4,4
15091,1693227504931,1692255240700,1692255240703,1693227504938,7,3,4
15092,1693227504938,1692255240707,1692255240710,1693227504945,7,3,4
15093,1693227504945,1692255240716,1692255240719,1693227504955,10,3,7
15094,1693227504955,1692255240724,1692255240727,1693227504963,8,3,5
15095,1693227504963,1692255240732,1692255240735,1693227504971,8,3,5
15096,1693227504971,1692255240742,1692255240745,1693227504981,10,3,7
15097,1693227504981,1692255240749,1692255240753,1693227504988,7,4,3
15098,1693227504988,1692255240758,1692255240763,1693227504999,11,5,6
15099,1693227504999,1692255240767,1692255240770,1693227505006,7,3,4
15100,1693227505006,1692255240774,1692255240778,1693227505013,7,4,3
15101,1693227505013,1692255240785,1692255240788,1693227505024,11,3,8
15102,1693227505024,1692255240793,1692255240796,1693227505032,8,3,5
15103,1693227505032,1692255240801,1692255240804,1693227505040,8,3,5
15104,1693227505040,1692255240808,1692255240811,1693227505047,7,3,4
15105,1693227505047,1692255240818,1692255240822,1693227505057,10,4,6
15106,1693227505057,1692255240826,1692255240829,1693227505064,7,3,4
15107,1693227505064,1692255240833,1692255240837,1693227505072,8,4,4
15108,1693227505072,1692255240840,1692255240844,1693227505080,8,4,4
15109,1693227505080,1692255240849,1692255240852,1693227505087,7,3,4
15110,1693227505087,1692255240857,1692255240861,1693227505096,9,4,5
15111,1693227505096,1692255240865,1692255240869,1693227505104,8,4,4
15112,1693227505104,1692255240873,1692255240876,1693227505112,8,3,5
15113,1693227505112,1692255240880,1692255240883,1693227505119,7,3,4
15114,1693227505119,1692255240888,1692255240891,1693227505126,7,3,4
15115,1693227505126,1692255240895,1692255240898,1693227505133,7,3,4
15116,1693227505133,1692255240903,1692255240905,1693227505141,8,2,6
15117,1693227505141,1692255240909,1692255240912,1693227505148,7,3,4
15118,1693227505148,1692255240916,1692255240919,1693227505154,6,3,3
15119,1693227505154,1692255240923,1692255240927,1693227505162,8,4,4
15120,1693227505162,1692255240931,1692255240935,1693227505170,8,4,4
15121,1693227505170,1692255240939,1692255240943,1693227505178,8,4,4
15122,1693227505178,1692255240947,1692255240951,1693227505186,8,4,4
15123,1693227505186,1692255240956,1692255240959,1693227505194,8,3,5
15124,1693227505194,1692255240963,1692255240965,1693227505201,7,2,5
15125,1693227505201,1692255240969,1692255240972,1693227505207,6,3,3
15126,1693227505207,1692255240976,1692255240978,1693227505214,7,2,5
15127,1693227505214,1692255240983,1692255240986,1693227505221,7,3,4
15128,1693227505221,1692255240990,1692255240994,1693227505229,8,4,4
15129,1693227505229,1692255240998,1692255241002,1693227505238,9,4,5
15130,1693227505238,1692255241008,1692255241011,1693227505246,8,3,5
15131,1693227505246,1692255241015,1692255241018,1693227505256,10,3,7
15132,1693227505256,1692255241024,1692255241027,1693227505263,7,3,4
15133,1693227505263,1692255241032,1692255241035,1693227505270,7,3,4
15134,1693227505270,1692255241039,1692255241043,1693227505278,8,4,4
15135,1693227505278,1692255241047,1692255241051,1693227505287,9,4,5
15136,1693227505287,1692255241055,1692255241058,1693227505293,6,3,3
15137,1693227505293,1692255241062,1692255241065,1693227505301,8,3,5
15138,1693227505301,1692255241070,1692255241072,1693227505308,7,2,5
15139,1693227505308,1692255241077,1692255241080,1693227505315,7,3,4
15140,1693227505315,1692255241084,1692255241087,1693227505322,7,3,4
15141,1693227505322,1692255241091,1692255241094,1693227505330,8,3,5
15142,1693227505330,1692255241099,1692255241102,1693227505338,8,3,5
15143,1693227505338,1692255241107,1692255241110,1693227505345,7,3,4
15144,1693227505345,1692255241114,1692255241117,1693227505352,7,3,4
15145,1693227505352,1692255241121,1692255241123,1693227505359,7,2,5
15146,1693227505359,1692255241128,1692255241131,1693227505367,8,3,5
15147,1693227505367,1692255241135,1692255241138,1693227505373,6,3,3
15148,1693227505373,1692255241142,1692255241145,1693227505381,8,3,5
15149,1693227505381,1692255241149,1692255241153,1693227505389,8,4,4
15150,1693227505389,1692255241157,1692255241160,1693227505395,6,3,3
15151,1693227505395,1692255241164,1692255241167,1693227505402,7,3,4
15152,1693227505403,1692255241171,1692255241174,1693227505410,7,3,4
15153,1693227505410,1692255241179,1692255241182,1693227505418,8,3,5
15154,1693227505418,1692255241187,1692255241189,1693227505425,7,2,5
15155,1693227505425,1692255241194,1692255241197,1693227505432,7,3,4
15156,1693227505432,1692255241202,1692255241204,1693227505440,8,2,6
15157,1693227505440,1692255241211,1692255241214,1693227505450,10,3,7
15158,1693227505450,1692255241219,1692255241222,1693227505457,7,3,4
15159,1693227505457,1692255241228,1692255241232,1693227505467,10,4,6
15160,1693227505467,1692255241236,1692255241239,1693227505475,8,3,5
15161,1693227505475,1692255241243,1692255241247,1693227505483,8,4,4
15162,1693227505483,1692255241252,1692255241255,1693227505490,7,3,4
15163,1693227505490,1692255241259,1692255241262,1693227505498,8,3,5
15164,1693227505498,1692255241266,1692255241269,1693227505505,7,3,4
15165,1693227505505,1692255241274,1692255241279,1693227505515,10,5,5
15166,1693227505515,1692255241284,1692255241287,1693227505522,7,3,4
15167,1693227505522,1692255241291,1692255241293,1693227505529,7,2,5
15168,1693227505529,1692255241298,1692255241301,1693227505536,7,3,4
15169,1693227505536,1692255241305,1692255241309,1693227505544,8,4,4
15170,1693227505544,1692255241313,1692255241316,1693227505551,7,3,4
15171,1693227505551,1692255241320,1692255241325,1693227505564,13,5,8
15172,1693227505564,1692255241333,1692255241337,1693227505572,8,4,4
15173,1693227505572,1692255241341,1692255241344,1693227505580,8,3,5
15174,1693227505580,1692255241349,1692255241352,1693227505588,8,3,5
15175,1693227505588,1692255241357,1692255241360,1693227505595,7,3,4
15176,1693227505595,1692255241364,1692255241368,1693227505603,8,4,4
15177,1693227505603,1692255241371,1692255241375,1693227505610,7,4,3
15178,1693227505610,1692255241379,1692255241381,1693227505617,7,2,5
15179,1693227505617,1692255241386,1692255241389,1693227505624,7,3,4
15180,1693227505624,1692255241393,1692255241396,1693227505632,8,3,5
15181,1693227505632,1692255241401,1692255241405,1693227505641,9,4,5
15182,1693227505641,1692255241410,1692255241413,1693227505648,7,3,4
15183,1693227505648,1692255241417,1692255241420,1693227505655,7,3,4
15184,1693227505656,1692255241426,1692255241430,1693227505666,10,4,6
15185,1693227505666,1692255241434,1692255241437,1693227505673,7,3,4
15186,1693227505673,1692255241442,1692255241446,1693227505681,8,4,4
15187,1693227505681,1692255241450,1692255241453,1693227505688,7,3,4
15188,1693227505688,1692255241458,1692255241462,1693227505697,9,4,5
15189,1693227505697,1692255241466,1692255241469,1693227505704,7,3,4
15190,1693227505705,1692255241473,1692255241477,1693227505713,8,4,4
15191,1693227505713,1692255241483,1692255241486,1693227505722,9,3,6
15192,1693227505722,1692255241491,1692255241494,1693227505730,8,3,5
15193,1693227505730,1692255241498,1692255241502,1693227505737,7,4,3
15194,1693227505737,1692255241507,1692255241510,1693227505746,9,3,6
15195,1693227505746,1692255241516,1692255241521,1693227505756,10,5,5
15196,1693227505756,1692255241525,1692255241528,1693227505763,7,3,4
15197,1693227505763,1692255241534,1692255241537,1693227505772,9,3,6
15198,1693227505772,1692255241541,1692255241544,1693227505780,8,3,5
15199,1693227505780,1692255241550,1692255241553,1693227505789,9,3,6
15200,1693227505789,1692255241557,1692255241560,1693227505796,7,3,4
15201,1693227505796,1692255241565,1692255241569,1693227505804,8,4,4
15202,1693227505804,1692255241573,1692255241577,1693227505812,8,4,4
15203,1693227505812,1692255241581,1692255241585,1693227505820,8,4,4
15204,1693227505820,1692255241589,1692255241592,1693227505828,8,3,5
15205,1693227505828,1692255241596,1692255241600,1693227505835,7,4,3
15206,1693227505835,1692255241604,1692255241607,1693227505843,8,3,5
15207,1693227505843,1692255241612,1692255241615,1693227505851,8,3,5
15208,1693227505851,1692255241619,1692255241624,1693227505859,8,5,3
15209,1693227505859,1692255241628,1692255241631,1693227505867,8,3,5
15210,1693227505867,1692255241637,1692255241641,1693227505877,10,4,6
15211,1693227505877,1692255241646,1692255241648,1693227505883,6,2,4
15212,1693227505883,1692255241652,1692255241655,1693227505891,8,3,5
15213,1693227505891,1692255241660,1692255241663,1693227505899,8,3,5
15214,1693227505899,1692255241667,1692255241671,1693227505907,8,4,4
15215,1693227505907,1692255241675,1692255241678,1693227505914,7,3,4
15216,1693227505914,1692255241683,1692255241686,1693227505922,8,3,5
15217,1693227505922,1692255241691,1692255241694,1693227505929,7,3,4
15218,1693227505929,1692255241698,1692255241700,1693227505936,7,2,5
15219,1693227505936,1692255241705,1692255241708,1693227505943,7,3,4
15220,1693227505943,1692255241712,1692255241715,1693227505951,8,3,5
15221,1693227505951,1692255241720,1692255241723,1693227505959,8,3,5
15222,1693227505959,1692255241728,1692255241731,1693227505966,7,3,4
15223,1693227505966,1692255241735,1692255241738,1693227505973,7,3,4
15224,1693227505973,1692255241741,1692255241744,1693227505980,7,3,4
15225,1693227505980,1692255241749,1692255241752,1693227505987,7,3,4
15226,1693227505987,1692255241756,1692255241760,1693227505995,8,4,4
15227,1693227505995,1692255241764,1692255241767,1693227506003,8,3,5
15228,1693227506003,1692255241772,1692255241775,1693227506010,7,3,4
15229,1693227506010,1692255241779,1692255241781,1693227506017,7,2,5
15230,1693227506017,1692255241786,1692255241789,1693227506024,7,3,4
15231,1693227506024,1692255241793,1692255241796,1693227506031,7,3,4
15232,1693227506031,1692255241800,1692255241803,1693227506038,7,3,4
15233,1693227506038,1692255241807,1692255241810,1693227506045,7,3,4
15234,1693227506045,1692255241814,1692255241817,1693227506052,7,3,4
15235,1693227506052,1692255241821,1692255241824,1693227506059,7,3,4
15236,1693227506060,1692255241828,1692255241831,1693227506067,7,3,4
15237,1693227506067,1692255241836,1692255241839,1693227506075,8,3,5
15238,1693227506075,1692255241844,1692255241848,1693227506083,8,4,4
15239,1693227506083,1692255241852,1692255241855,1693227506090,7,3,4
15240,1693227506090,1692255241859,1692255241861,1693227506097,7,2,5
15241,1693227506097,1692255241866,1692255241869,1693227506104,7,3,4
15242,1693227506104,1692255241874,1692255241876,1693227506112,8,2,6
15243,1693227506113,1692255241881,1692255241884,1693227506120,7,3,4
15244,1693227506120,1692255241888,1692255241891,1693227506127,7,3,4
15245,1693227506127,1692255241896,1692255241903,1693227506138,11,7,4
15246,1693227506138,1692255241907,1692255241910,1693227506146,8,3,5
15247,1693227506146,1692255241915,1692255241917,1693227506153,7,2,5
15248,1693227506153,1692255241922,1692255241924,1693227506160,7,2,5
15249,1693227506160,1692255241929,1692255241932,1693227506167,7,3,4
15250,1693227506167,1692255241935,1692255241938,1693227506173,6,3,3
15251,1693227506173,1692255241944,1692255241948,1693227506183,10,4,6
15252,1693227506183,1692255241953,1692255241956,1693227506192,9,3,6
15253,1693227506192,1692255241960,1692255241963,1693227506199,7,3,4
15254,1693227506199,1692255241968,1692255241971,1693227506207,8,3,5
15255,1693227506207,1692255241975,1692255241978,1693227506214,7,3,4
15256,1693227506214,1692255241983,1692255241987,1693227506223,9,4,5
15257,1693227506223,1692255241991,1692255241994,1693227506229,6,3,3
15258,1693227506229,1692255241999,1692255242002,1693227506238,9,3,6
15259,1693227506238,1692255242007,1692255242010,1693227506246,8,3,5
15260,1693227506246,1692255242014,1692255242017,1693227506252,6,3,3
15261,1693227506252,1692255242022,1692255242026,1693227506261,9,4,5
15262,1693227506261,1692255242030,1692255242033,1693227506268,7,3,4
15263,1693227506268,1692255242037,1692255242040,1693227506275,7,3,4
15264,1693227506275,1692255242047,1692255242050,1693227506285,10,3,7
15265,1693227506285,1692255242054,1692255242057,1693227506292,7,3,4
15266,1693227506292,1692255242061,1692255242064,1693227506300,8,3,5
15267,1693227506300,1692255242068,1692255242071,1693227506307,7,3,4
15268,1693227506307,1692255242075,1692255242078,1693227506314,7,3,4
15269,1693227506314,1692255242083,1692255242086,1693227506322,8,3,5
15270,1693227506322,1692255242091,1692255242093,1693227506330,8,2,6
15271,1693227506330,1692255242098,1692255242102,1693227506337,7,4,3
15272,1693227506337,1692255242108,1692255242112,1693227506347,10,4,6
15273,1693227506347,1692255242116,1692255242120,1693227506355,8,4,4
15274,1693227506355,1692255242125,1692255242128,1693227506364,9,3,6
15275,1693227506364,1692255242132,1692255242135,1693227506371,7,3,4
15276,1693227506371,1692255242139,1692255242142,1693227506378,7,3,4
15277,1693227506378,1692255242149,1692255242153,1693227506388,10,4,6
15278,1693227506388,1692255242157,1692255242160,1693227506396,8,3,5
15279,1693227506396,1692255242165,1692255242168,1693227506403,7,3,4
15280,1693227506403,1692255242173,1692255242176,1693227506412,9,3,6
15281,1693227506412,1692255242180,1692255242184,1693227506420,8,4,4
15282,1693227506420,1692255242188,1692255242192,1693227506427,7,4,3
15283,1693227506427,1692255242195,1692255242199,1693227506434,7,4,3
15284,1693227506434,1692255242203,1692255242206,1693227506442,8,3,5
15285,1693227506442,1692255242211,1692255242214,1693227506449,7,3,4
15286,1693227506449,1692255242218,1692255242222,1693227506457,8,4,4
15287,1693227506457,1692255242227,1692255242230,1693227506466,9,3,6
15288,1693227506466,1692255242235,1692255242242,1693227506477,11,7,4
15289,1693227506477,1692255242246,1692255242249,1693227506485,8,3,5
15290,1693227506485,1692255242254,1692255242257,1693227506492,7,3,4
15291,1693227506492,1692255242266,1692255242269,1693227506504,12,3,9
15292,1693227506504,1692255242273,1692255242277,1693227506512,8,4,4
15293,1693227506512,1692255242281,1692255242285,1693227506521,9,4,5
15294,1693227506521,1692255242290,1692255242294,1693227506529,8,4,4
15295,1693227506529,1692255242298,1692255242301,1693227506536,7,3,4
15296,1693227506536,1692255242305,1692255242308,1693227506543,7,3,4
15297,1693227506543,1692255242312,1692255242316,1693227506551,8,4,4
15298,1693227506551,1692255242320,1692255242323,1693227506559,8,3,5
15299,1693227506559,1692255242328,1692255242332,1693227506568,9,4,5
15300,1693227506568,1692255242337,1692255242340,1693227506575,7,3,4
15301,1693227506575,1692255242344,1692255242347,1693227506583,8,3,5
15302,1693227506583,1692255242355,1692255242359,1693227506595,12,4,8
15303,1693227506595,1692255242364,1692255242367,1693227506603,8,3,5
15304,1693227506603,1692255242371,1692255242375,1693227506613,10,4,6
15305,1693227506613,1692255242382,1692255242385,1693227506621,8,3,5
15306,1693227506621,1692255242390,1692255242393,1693227506629,8,3,5
15307,1693227506629,1692255242398,1692255242402,1693227506639,10,4,6
15308,1693227506639,1692255242408,1692255242411,1693227506647,8,3,5
15309,1693227506647,1692255242416,1692255242420,1693227506655,8,4,4
15310,1693227506655,1692255242424,1692255242428,1693227506664,9,4,5
15311,1693227506664,1692255242434,1692255242437,1693227506673,9,3,6
15312,1693227506673,1692255242441,1692255242445,1693227506681,8,4,4
15313,1693227506681,1692255242450,1692255242454,1693227506690,9,4,5
15314,1693227506690,1692255242462,1692255242465,1693227506701,11,3,8
15315,1693227506701,1692255242471,1692255242474,1693227506710,9,3,6
15316,1693227506710,1692255242479,1692255242484,1693227506720,10,5,5
15317,1693227506720,1692255242489,1692255242492,1693227506728,8,3,5
15318,1693227506728,1692255242497,1692255242501,1693227506737,9,4,5
15319,1693227506737,1692255242506,1692255242509,1693227506744,7,3,4
15320,1693227506744,1692255242513,1692255242516,1693227506751,7,3,4
15321,1693227506751,1692255242520,1692255242523,1693227506758,7,3,4
15322,1693227506758,1692255242527,1692255242530,1693227506765,7,3,4
15323,1693227506765,1692255242534,1692255242538,1693227506774,9,4,5
15324,1693227506774,1692255242542,1692255242546,1693227506782,8,4,4
15325,1693227506782,1692255242550,1692255242554,1693227506791,9,4,5
15326,1693227506792,1692255242560,1692255242564,1693227506799,7,4,3
15327,1693227506799,1692255242568,1692255242571,1693227506807,8,3,5
15328,1693227506807,1692255242576,1692255242579,1693227506815,8,3,5
15329,1693227506815,1692255242584,1692255242588,1693227506823,8,4,4
15330,1693227506823,1692255242591,1692255242595,1693227506830,7,4,3
15331,1693227506830,1692255242599,1692255242602,1693227506838,8,3,5
15332,1693227506838,1692255242607,1692255242610,1693227506846,8,3,5
15333,1693227506846,1692255242615,1692255242617,1693227506853,7,2,5
15334,1693227506853,1692255242622,1692255242625,1693227506860,7,3,4
15335,1693227506860,1692255242629,1692255242632,1693227506868,8,3,5
15336,1693227506868,1692255242636,1692255242640,1693227506876,8,4,4
15337,1693227506876,1692255242645,1692255242648,1693227506883,7,3,4
15338,1693227506883,1692255242652,1692255242654,1693227506890,7,2,5
15339,1693227506890,1692255242663,1692255242666,1693227506902,12,3,9
15340,1693227506902,1692255242671,1692255242674,1693227506909,7,3,4
15341,1693227506909,1692255242678,1692255242681,1693227506917,8,3,5
15342,1693227506917,1692255242691,1692255242694,1693227506930,13,3,10
15343,1693227506930,1692255242699,1692255242703,1693227506938,8,4,4
15344,1693227506938,1692255242707,1692255242710,1693227506945,7,3,4
15345,1693227506945,1692255242714,1692255242717,1693227506952,7,3,4
15346,1693227506952,1692255242721,1692255242728,1693227506964,12,7,5
15347,1693227506964,1692255242732,1692255242736,1693227506971,7,4,3
15348,1693227506971,1692255242740,1692255242743,1693227506979,8,3,5
15349,1693227506979,1692255242748,1692255242751,1693227506986,7,3,4
15350,1693227506986,1692255242755,1692255242757,1693227506993,7,2,5
15351,1693227506993,1692255242764,1692255242767,1693227507002,9,3,6
15352,1693227507003,1692255242771,1692255242776,1693227507011,8,5,3
15353,1693227507011,1692255242780,1692255242785,1693227507021,10,5,5
15354,1693227507021,1692255242789,1692255242792,1693227507027,6,3,3
15355,1693227507027,1692255242795,1692255242799,1693227507034,7,4,3
15356,1693227507034,1692255242803,1692255242805,1693227507041,7,2,5
15357,1693227507041,1692255242809,1692255242812,1693227507048,7,3,4
15358,1693227507048,1692255242817,1692255242820,1693227507056,8,3,5
15359,1693227507056,1692255242825,1692255242828,1693227507064,8,3,5
15360,1693227507064,1692255242833,1692255242836,1693227507071,7,3,4
15361,1693227507071,1692255242840,1692255242842,1693227507078,7,2,5
15362,1693227507078,1692255242846,1692255242849,1693227507084,6,3,3
15363,1693227507084,1692255242853,1692255242856,1693227507092,8,3,5
15364,1693227507092,1692255242860,1692255242864,1693227507100,8,4,4
15365,1693227507100,1692255242869,1692255242872,1693227507107,7,3,4
15366,1693227507107,1692255242876,1692255242879,1693227507116,9,3,6
15367,1693227507116,1692255242885,1692255242889,1693227507125,9,4,5
15368,1693227507125,1692255242895,1692255242898,1693227507134,9,3,6
15369,1693227507134,1692255242904,1692255242907,1693227507143,9,3,6
15370,1693227507143,1692255242912,1692255242915,1693227507150,7,3,4
15371,1693227507150,1692255242920,1692255242924,1693227507159,9,4,5
15372,1693227507159,1692255242927,1692255242931,1693227507166,7,4,3
15373,1693227507166,1692255242935,1692255242938,1693227507173,7,3,4
15374,1693227507173,1692255242942,1692255242946,1693227507181,8,4,4
15375,1693227507181,1692255242949,1692255242952,1693227507187,6,3,3
15376,1693227507188,1692255242956,1692255242959,1693227507195,7,3,4
15377,1693227507195,1692255242963,1692255242966,1693227507202,7,3,4
15378,1693227507203,1692255242972,1692255242975,1693227507211,8,3,5
15379,1693227507211,1692255242979,1692255242982,1693227507218,7,3,4
15380,1693227507218,1692255242986,1692255242990,1693227507225,7,4,3
15381,1693227507225,1692255242995,1692255242998,1693227507234,9,3,6
15382,1693227507234,1692255243002,1692255243005,1693227507241,7,3,4
15383,1693227507241,1692255243009,1692255243013,1693227507248,7,4,3
15384,1693227507248,1692255243017,1692255243020,1693227507256,8,3,5
15385,1693227507256,1692255243025,1692255243029,1693227507264,8,4,4
15386,1693227507264,1692255243034,1692255243037,1693227507272,8,3,5
15387,1693227507272,1692255243041,1692255243044,1693227507279,7,3,4
15388,1693227507279,1692255243048,1692255243053,1693227507288,9,5,4
15389,1693227507288,1692255243057,1692255243060,1693227507296,8,3,5
15390,1693227507296,1692255243065,1692255243069,1693227507305,9,4,5
15391,1693227507305,1692255243074,1692255243077,1693227507313,8,3,5
15392,1693227507313,1692255243081,1692255243084,1693227507319,6,3,3
15393,1693227507319,1692255243088,1692255243091,1693227507349,30,3,27
15394,1693227507349,1692255243118,1692255243121,1693227507356,7,3,4
15395,1693227507356,1692255243125,1692255243128,1693227507367,11,3,8
15396,1693227507367,1692255243136,1692255243140,1693227507376,9,4,5
15397,1693227507376,1692255243145,1692255243148,1693227507384,8,3,5
15398,1693227507384,1692255243153,1692255243156,1693227507392,8,3,5
15399,1693227507392,1692255243160,1692255243165,1693227507400,8,5,3
15400,1693227507400,1692255243169,1692255243173,1693227507408,8,4,4
15401,1693227507408,1692255243177,1692255243181,1693227507416,8,4,4
15402,1693227507416,1692255243185,1692255243188,1693227507424,8,3,5
15403,1693227507424,1692255243193,1692255243197,1693227507432,8,4,4
15404,1693227507432,1692255243201,1692255243205,1693227507440,8,4,4
15405,1693227507440,1692255243209,1692255243212,1693227507448,8,3,5
15406,1693227507448,1692255243221,1692255243225,1693227507460,12,4,8
15407,1693227507460,1692255243229,1692255243233,1693227507468,8,4,4
15408,1693227507468,1692255243241,1692255243245,1693227507480,12,4,8
15409,1693227507480,1692255243249,1692255243253,1693227507488,8,4,4
15410,1693227507488,1692255243257,1692255243260,1693227507496,8,3,5
15411,1693227507496,1692255243264,1692255243267,1693227507514,18,3,15
15412,1693227507514,1692255243283,1692255243286,1693227507521,7,3,4
15413,1693227507521,1692255243289,1692255243292,1693227507528,7,3,4
15414,1693227507528,1692255243297,1692255243300,1693227507535,7,3,4
15415,1693227507535,1692255243304,1692255243308,1693227507561,26,4,22
15416,1693227507561,1692255243349,1692255243352,1693227507588,27,3,24
15417,1693227507588,1692255243357,1692255243360,1693227507595,7,3,4
15418,1693227507596,1692255243364,1692255243367,1693227507603,7,3,4
15419,1693227507603,1692255243371,1692255243375,1693227507612,9,4,5
15420,1693227507612,1692255243386,1692255243390,1693227507625,13,4,9
15421,1693227507625,1692255243394,1692255243397,1693227507633,8,3,5
15422,1693227507633,1692255243401,1692255243405,1693227507644,11,4,7
15423,1693227507644,1692255243412,1692255243418,1693227507662,18,6,12
15424,1693227507662,1692255243445,1692255243450,1693227507685,23,5,18
15425,1693227507685,1692255243454,1692255243457,1693227507692,7,3,4
15426,1693227507692,1692255243461,1692255243464,1693227507699,7,3,4
15427,1693227507699,1692255243468,1692255243471,1693227507707,8,3,5
15428,1693227507707,1692255243476,1692255243479,1693227507715,8,3,5
15429,1693227507715,1692255243483,1692255243486,1693227507722,7,3,4
15430,1693227507722,1692255243490,1692255243494,1693227507729,7,4,3
15431,1693227507729,1692255243498,1692255243501,1693227507737,8,3,5
15432,1693227507737,1692255243506,1692255243509,1693227507744,7,3,4
15433,1693227507744,1692255243513,1692255243516,1693227507752,8,3,5
15434,1693227507752,1692255243521,1692255243524,1693227507759,7,3,4
15435,1693227507759,1692255243528,1692255243531,1693227507766,7,3,4
15436,1693227507766,1692255243535,1692255243538,1693227507773,7,3,4
15437,1693227507773,1692255243542,1692255243545,1693227507781,8,3,5
15438,1693227507781,1692255243550,1692255243553,1693227507788,7,3,4
15439,1693227507789,1692255243558,1692255243562,1693227507798,9,4,5
15440,1693227507798,1692255243567,1692255243569,1693227507805,7,2,5
15441,1693227507805,1692255243573,1692255243575,1693227507811,6,2,4
15442,1693227507811,1692255243582,1692255243584,1693227507820,9,2,7
15443,1693227507820,1692255243588,1692255243591,1693227507827,7,3,4
15444,1693227507827,1692255243595,1692255243599,1693227507834,7,4,3
15445,1693227507834,1692255243603,1692255243606,1693227507842,8,3,5
15446,1693227507842,1692255243611,1692255243615,1693227507850,8,4,4
15447,1693227507850,1692255243619,1692255243622,1693227507858,8,3,5
15448,1693227507858,1692255243627,1692255243631,1693227507866,8,4,4
15449,1693227507866,1692255243635,1692255243638,1693227507873,7,3,4
15450,1693227507873,1692255243642,1692255243646,1693227507881,8,4,4
15451,1693227507881,1692255243651,1692255243654,1693227507889,8,3,5
15452,1693227507889,1692255243658,1692255243661,1693227507896,7,3,4
15453,1693227507897,1692255243666,1692255243669,1693227507905,8,3,5
15454,1693227507905,1692255243674,1692255243677,1693227507912,7,3,4
15455,1693227507912,1692255243681,1692255243685,1693227507920,8,4,4
15456,1693227507920,1692255243689,1692255243692,1693227507927,7,3,4
15457,1693227507927,1692255243695,1692255243698,1693227507934,7,3,4
15458,1693227507934,1692255243703,1692255243707,1693227507943,9,4,5
15459,1693227507943,1692255243713,1692255243716,1693227507951,8,3,5
15460,1693227507951,1692255243720,1692255243723,1693227507959,8,3,5
15461,1693227507959,1692255243729,1692255243734,1693227507969,10,5,5
15462,1693227507969,1692255243738,1692255243741,1693227507976,7,3,4
15463,1693227507976,1692255243745,1692255243749,1693227507984,8,4,4
15464,1693227507984,1692255243753,1692255243756,1693227507991,7,3,4
15465,1693227507991,1692255243760,1692255243764,1693227507999,8,4,4
15466,1693227507999,1692255243768,1692255243772,1693227508007,8,4,4
15467,1693227508007,1692255243775,1692255243779,1693227508015,8,4,4
15468,1693227508015,1692255243784,1692255243787,1693227508022,7,3,4
15469,1693227508022,1692255243791,1692255243795,1693227508030,8,4,4
15470,1693227508031,1692255243800,1692255243803,1693227508038,7,3,4
15471,1693227508038,1692255243807,1692255243811,1693227508046,8,4,4
15472,1693227508046,1692255243815,1692255243818,1693227508054,8,3,5
15473,1693227508054,1692255243822,1692255243825,1693227508061,7,3,4
15474,1693227508061,1692255243830,1692255243833,1693227508069,8,3,5
15475,1693227508069,1692255243837,1692255243840,1693227508075,6,3,3
15476,1693227508076,1692255243845,1692255243848,1693227508083,7,3,4
15477,1693227508083,1692255243852,1692255243855,1693227508090,7,3,4
15478,1693227508090,1692255243859,1692255243862,1693227508097,7,3,4
15479,1693227508097,1692255243867,1692255243870,1693227508105,8,3,5
15480,1693227508105,1692255243874,1692255243878,1693227508113,8,4,4
15481,1693227508113,1692255243882,1692255243885,1693227508123,10,3,7
15482,1693227508123,1692255243892,1692255243896,1693227508131,8,4,4
15483,1693227508131,1692255243899,1692255243902,1693227508138,7,3,4
15484,1693227508138,1692255243906,1692255243909,1693227508144,6,3,3
15485,1693227508144,1692255243913,1692255243916,1693227508151,7,3,4
15486,1693227508151,1692255243920,1692255243923,1693227508159,8,3,5
15487,1693227508159,1692255243928,1692255243931,1693227508166,7,3,4
15488,1693227508166,1692255243935,1692255243939,1693227508174,8,4,4
15489,1693227508174,1692255243943,1692255243945,1693227508181,7,2,5
15490,1693227508181,1692255243950,1692255243953,1693227508188,7,3,4
15491,1693227508188,1692255243958,1692255243961,1693227508197,9,3,6
15492,1693227508197,1692255243967,1692255243972,1693227508207,10,5,5
15493,1693227508207,1692255243977,1692255243980,1693227508216,9,3,6
15494,1693227508216,1692255243989,1692255243992,1693227508228,12,3,9
15495,1693227508228,1692255243997,1692255244000,1693227508235,7,3,4
15496,1693227508235,1692255244003,1692255244006,1693227508242,7,3,4
15497,1693227508242,1692255244011,1692255244014,1693227508251,9,3,6
15498,1693227508251,1692255244021,1692255244025,1693227508261,10,4,6
15499,1693227508261,1692255244030,1692255244033,1693227508269,8,3,5
15500,1693227508269,1692255244039,1692255244042,1693227508278,9,3,6
15501,1693227508278,1692255244048,1692255244051,1693227508286,8,3,5
15502,1693227508286,1692255244055,1692255244058,1693227508294,8,3,5
15503,1693227508294,1692255244063,1692255244066,1693227508302,8,3,5
15504,1693227508302,1692255244070,1692255244073,1693227508309,7,3,4
15505,1693227508309,1692255244078,1692255244081,1693227508317,8,3,5
15506,1693227508317,1692255244085,1692255244088,1693227508324,7,3,4
15507,1693227508324,1692255244095,1692255244098,1693227508334,10,3,7
15508,1693227508334,1692255244103,1692255244106,1693227508341,7,3,4
15509,1693227508341,1692255244111,1692255244114,1693227508350,9,3,6
15510,1693227508350,1692255244119,1692255244123,1693227508358,8,4,4
15511,1693227508358,1692255244127,1692255244131,1693227508367,9,4,5
15512,1693227508367,1692255244135,1692255244138,1693227508374,7,3,4
15513,1693227508374,1692255244143,1692255244147,1693227508382,8,4,4
15514,1693227508382,1692255244150,1692255244155,1693227508390,8,5,3
15515,1693227508390,1692255244159,1692255244162,1693227508397,7,3,4
15516,1693227508397,1692255244166,1692255244170,1693227508405,8,4,4
15517,1693227508405,1692255244174,1692255244178,1693227508413,8,4,4
15518,1693227508413,1692255244182,1692255244186,1693227508422,9,4,5
15519,1693227508422,1692255244190,1692255244194,1693227508430,8,4,4
15520,1693227508430,1692255244199,1692255244203,1693227508438,8,4,4
15521,1693227508438,1692255244207,1692255244210,1693227508446,8,3,5
15522,1693227508446,1692255244215,1692255244218,1693227508454,8,3,5
15523,1693227508454,1692255244222,1692255244225,1693227508461,7,3,4
15524,1693227508461,1692255244229,1692255244233,1693227508469,8,4,4
15525,1693227508469,1692255244237,1692255244239,1693227508475,6,2,4
15526,1693227508475,1692255244244,1692255244248,1693227508483,8,4,4
15527,1693227508483,1692255244252,1692255244255,1693227508490,7,3,4
15528,1693227508490,1692255244259,1692255244262,1693227508498,8,3,5
15529,1693227508498,1692255244268,1692255244271,1693227508507,9,3,6
15530,1693227508507,1692255244276,1692255244280,1693227508515,8,4,4
15531,1693227508515,1692255244284,1692255244287,1693227508522,7,3,4
15532,1693227508522,1692255244292,1692255244295,1693227508533,11,3,8
15533,1693227508533,1692255244302,1692255244305,1693227508540,7,3,4
15534,1693227508540,1692255244309,1692255244312,1693227508547,7,3,4
15535,1693227508547,1692255244316,1692255244320,1693227508556,9,4,5
15536,1693227508556,1692255244324,1692255244328,1693227508563,7,4,3
15537,1693227508563,1692255244332,1692255244335,1693227508571,8,3,5
15538,1693227508571,1692255244339,1692255244343,1693227508578,7,4,3
15539,1693227508578,1692255244347,1692255244351,1693227508586,8,4,4
15540,1693227508586,1692255244355,1692255244358,1693227508594,8,3,5
15541,1693227508594,1692255244363,1692255244367,1693227508602,8,4,4
15542,1693227508602,1692255244371,1692255244377,1693227508612,10,6,4
15543,1693227508612,1692255244382,1692255244385,1693227508621,9,3,6
15544,1693227508621,1692255244390,1692255244393,1693227508629,8,3,5
15545,1693227508629,1692255244397,1692255244400,1693227508636,7,3,4
15546,1693227508636,1692255244405,1692255244408,1693227508644,8,3,5
15547,1693227508644,1692255244416,1692255244419,1693227508655,11,3,8
15548,1693227508655,1692255244424,1692255244427,1693227508663,8,3,5
15549,1693227508663,1692255244432,1692255244435,1693227508671,8,3,5
15550,1693227508671,1692255244440,1692255244443,1693227508679,8,3,5
15551,1693227508679,1692255244448,1692255244451,1693227508687,8,3,5
15552,1693227508687,1692255244456,1692255244459,1693227508695,8,3,5
15553,1693227508695,1692255244464,1692255244466,1693227508702,7,2,5
15554,1693227508702,1692255244471,1692255244474,1693227508710,8,3,5
15555,1693227508710,1692255244479,1692255244482,1693227508718,8,3,5
15556,1693227508718,1692255244487,1692255244490,1693227508726,8,3,5
15557,1693227508726,1692255244495,1692255244499,1693227508737,11,4,7
15558,1693227508737,1692255244506,1692255244510,1693227508745,8,4,4
15559,1693227508745,1692255244514,1692255244517,1693227508752,7,3,4
15560,1693227508752,1692255244521,1692255244524,1693227508760,8,3,5
15561,1693227508760,1692255244530,1692255244533,1693227508769,9,3,6
15562,1693227508769,1692255244538,1692255244542,1693227508778,9,4,5
15563,1693227508778,1692255244547,1692255244551,1693227508786,8,4,4
15564,1693227508786,1692255244555,1692255244558,1693227508793,7,3,4
15565,1693227508793,1692255244562,1692255244565,1693227508800,7,3,4
15566,1693227508800,1692255244570,1692255244573,1693227508809,9,3,6
15567,1693227508809,1692255244578,1692255244580,1693227508817,8,2,6
15568,1693227508817,1692255244586,1692255244589,1693227508826,9,3,6
15569,1693227508826,1692255244595,1692255244598,1693227508833,7,3,4
15570,1693227508833,1692255244602,1692255244605,1693227508841,8,3,5
15571,1693227508841,1692255244610,1692255244615,1693227508850,9,5,4
15572,1693227508850,1692255244619,1692255244622,1693227508858,8,3,5
15573,1693227508858,1692255244627,1692255244630,1693227508866,8,3,5
15574,1693227508866,1692255244635,1692255244638,1693227508873,7,3,4
15575,1693227508873,1692255244643,1692255244647,1693227508882,9,4,5
15576,1693227508882,1692255244652,1692255244655,1693227508891,9,3,6
15577,1693227508891,1692255244660,1692255244663,1693227508899,8,3,5
15578,1693227508899,1692255244668,1692255244672,1693227508907,8,4,4
15579,1693227508907,1692255244676,1692255244680,1693227508915,8,4,4
15580,1693227508915,1692255244685,1692255244688,1693227508923,8,3,5
15581,1693227508923,1692255244692,1692255244695,1693227508931,8,3,5
15582,1693227508931,1692255244701,1692255244705,1693227508942,11,4,7
15583,1693227508942,1692255244711,1692255244715,1693227508950,8,4,4
15584,1693227508950,1692255244719,1692255244722,1693227508958,8,3,5
15585,1693227508958,1692255244726,1692255244729,1693227508964,6,3,3
15586,1693227508964,1692255244733,1692255244737,1693227508972,8,4,4
15587,1693227508972,1692255244741,1692255244745,1693227508980,8,4,4
15588,1693227508980,1692255244749,1692255244753,1693227508988,8,4,4
15589,1693227508988,1692255244757,1692255244761,1693227508997,9,4,5
15590,1693227508997,1692255244766,1692255244769,1693227509004,7,3,4
15591,1693227509004,1692255244773,1692255244777,1693227509012,8,4,4
15592,1693227509012,1692255244781,1692255244784,1693227509020,8,3,5
15593,1693227509020,1692255244789,1692255244792,1693227509028,8,3,5
15594,1693227509028,1692255244797,1692255244800,1693227509036,8,3,5
15595,1693227509036,1692255244804,1692255244807,1693227509045,9,3,6
15596,1693227509045,1692255244814,1692255244817,1693227509052,7,3,4
15597,1693227509052,1692255244821,1692255244823,1693227509059,7,2,5
15598,1693227509059,1692255244827,1692255244830,1693227509066,7,3,4
15599,1693227509066,1692255244835,1692255244839,1693227509074,8,4,4
15600,1693227509074,1692255244843,1692255244847,1693227509082,8,4,4
15601,1693227509082,1692255244851,1692255244854,1693227509090,8,3,5
15602,1693227509090,1692255244860,1692255244864,1693227509099,9,4,5
15603,1693227509099,1692255244868,1692255244871,1693227509107,8,3,5
15604,1693227509107,1692255244877,1692255244880,1693227509115,8,3,5
15605,1693227509116,1692255244885,1692255244888,1693227509123,7,3,4
15606,1693227509123,1692255244892,1692255244895,1693227509131,8,3,5
15607,1693227509131,1692255244900,1692255244903,1693227509138,7,3,4
15608,1693227509138,1692255244907,1692255244912,1693227509147,9,5,4
15609,1693227509147,1692255244916,1692255244919,1693227509155,8,3,5
15610,1693227509155,1692255244923,1692255244927,1693227509162,7,4,3
15611,1693227509162,1692255244931,1692255244934,1693227509169,7,3,4
15612,1693227509169,1692255244939,1692255244942,1693227509178,9,3,6
15613,1693227509178,1692255244947,1692255244950,1693227509185,7,3,4
15614,1693227509186,1692255244954,1692255244957,1693227509193,7,3,4
15615,1693227509193,1692255244962,1692255244965,1693227509200,7,3,4
15616,1693227509200,1692255244969,1692255244972,1693227509207,7,3,4
15617,1693227509207,1692255244976,1692255244979,1693227509215,8,3,5
15618,1693227509215,1692255244984,1692255244987,1693227509223,8,3,5
15619,1693227509223,1692255244992,1692255244995,1693227509233,10,3,7
15620,1693227509233,1692255245002,1692255245005,1693227509241,8,3,5
15621,1693227509241,1692255245010,1692255245014,1693227509249,8,4,4
15622,1693227509249,1692255245018,1692255245021,1693227509256,7,3,4
15623,1693227509256,1692255245025,1692255245028,1693227509264,8,3,5
15624,1693227509264,1692255245033,1692255245036,1693227509272,8,3,5
15625,1693227509272,1692255245041,1692255245044,1693227509279,7,3,4
15626,1693227509279,1692255245048,1692255245051,1693227509286,7,3,4
15627,1693227509286,1692255245055,1692255245058,1693227509294,8,3,5
15628,1693227509294,1692255245063,1692255245066,1693227509302,8,3,5
15629,1693227509302,1692255245071,1692255245073,1693227509309,7,2,5
15630,1693227509309,1692255245078,1692255245084,1693227509320,11,6,5
15631,1693227509320,1692255245089,1692255245092,1693227509328,8,3,5
15632,1693227509328,1692255245097,1692255245100,1693227509335,7,3,4
15633,1693227509335,1692255245104,1692255245107,1693227509342,7,3,4
15634,1693227509342,1692255245111,1692255245114,1693227509352,10,3,7
15635,1693227509352,1692255245121,1692255245124,1693227509359,7,3,4
15636,1693227509359,1692255245130,1692255245133,1693227509369,10,3,7
15637,1693227509369,1692255245137,1692255245140,1693227509378,9,3,6
15638,1693227509378,1692255245147,1692255245150,1693227509386,8,3,5
15639,1693227509386,1692255245155,1692255245157,1693227509393,7,2,5
15640,1693227509393,1692255245162,1692255245165,1693227509400,7,3,4
15641,1693227509400,1692255245171,1692255245174,1693227509410,10,3,7
15642,1693227509410,1692255245179,1692255245182,1693227509417,7,3,4
15643,1693227509417,1692255245186,1692255245189,1693227509425,8,3,5
15644,1693227509425,1692255245194,1692255245198,1693227509434,9,4,5
15645,1693227509434,1692255245203,1692255245206,1693227509441,7,3,4
15646,1693227509441,1692255245210,1692255245214,1693227509449,8,4,4
15647,1693227509449,1692255245222,1692255245225,1693227509460,11,3,8
15648,1693227509460,1692255245229,1692255245233,1693227509468,8,4,4
15649,1693227509468,1692255245240,1692255245243,1693227509479,11,3,8
15650,1693227509479,1692255245248,1692255245251,1693227509487,8,3,5
15651,1693227509487,1692255245256,1692255245259,1693227509494,7,3,4
15652,1693227509495,1692255245263,1692255245267,1693227509503,8,4,4
15653,1693227509503,1692255245272,1692255245276,1693227509512,9,4,5
15654,1693227509512,1692255245282,1692255245285,1693227509520,8,3,5
15655,1693227509520,1692255245289,1692255245291,1693227509527,7,2,5
15656,1693227509527,1692255245295,1692255245298,1693227509534,7,3,4
15657,1693227509534,1692255245302,1692255245305,1693227509541,7,3,4
15658,1693227509541,1692255245310,1692255245315,1693227509550,9,5,4
15659,1693227509550,1692255245319,1692255245323,1693227509559,9,4,5
15660,1693227509559,1692255245328,1692255245331,1693227509566,7,3,4
15661,1693227509567,1692255245335,1692255245338,1693227509573,6,3,3
15662,1693227509573,1692255245342,1692255245345,1693227509581,8,3,5
15663,1693227509581,1692255245350,1692255245353,1693227509589,8,3,5
15664,1693227509589,1692255245358,1692255245361,1693227509597,8,3,5
15665,1693227509597,1692255245366,1692255245368,1693227509603,6,2,4
15666,1693227509603,1692255245372,1692255245375,1693227509611,8,3,5
15667,1693227509611,1692255245380,1692255245383,1693227509618,7,3,4
15668,1693227509619,1692255245388,1692255245391,1693227509626,7,3,4
15669,1693227509626,1692255245395,1692255245399,1693227509634,8,4,4
15670,1693227509634,1692255245405,1692255245408,1693227509643,9,3,6
15671,1693227509643,1692255245412,1692255245414,1693227509650,7,2,5
15672,1693227509650,1692255245426,1692255245429,1693227509664,14,3,11
15673,1693227509664,1692255245433,1692255245437,1693227509672,8,4,4
15674,1693227509672,1692255245441,1692255245444,1693227509680,8,3,5
15675,1693227509680,1692255245448,1692255245451,1693227509686,6,3,3
15676,1693227509686,1692255245455,1692255245460,1693227509696,10,5,5
15677,1693227509696,1692255245465,1692255245468,1693227509703,7,3,4
15678,1693227509703,1692255245471,1692255245474,1693227509709,6,3,3
15679,1693227509709,1692255245478,1692255245481,1693227509717,8,3,5
15680,1693227509717,1692255245486,1692255245490,1693227509725,8,4,4
15681,1693227509725,1692255245494,1692255245497,1693227509733,8,3,5
15682,1693227509733,1692255245503,1692255245506,1693227509742,9,3,6
15683,1693227509742,1692255245511,1692255245515,1693227509750,8,4,4
15684,1693227509750,1692255245519,1692255245522,1693227509758,8,3,5
15685,1693227509758,1692255245530,1692255245533,1693227509769,11,3,8
15686,1693227509769,1692255245537,1692255245541,1693227509777,8,4,4
15687,1693227509777,1692255245546,1692255245549,1693227509785,8,3,5
15688,1693227509785,1692255245554,1692255245556,1693227509792,7,2,5
15689,1693227509792,1692255245561,1692255245565,1693227509800,8,4,4
15690,1693227509800,1692255245569,1692255245572,1693227509807,7,3,4
15691,1693227509807,1692255245576,1692255245579,1693227509814,7,3,4
15692,1693227509814,1692255245583,1692255245587,1693227509822,8,4,4
15693,1693227509822,1692255245591,1692255245594,1693227509830,8,3,5
15694,1693227509830,1692255245599,1692255245602,1693227509837,7,3,4
15695,1693227509837,1692255245607,1692255245610,1693227509846,9,3,6
15696,1693227509846,1692255245615,1692255245618,1693227509853,7,3,4
15697,1693227509853,1692255245622,1692255245624,1693227509860,7,2,5
15698,1693227509860,1692255245632,1692255245635,1693227509871,11,3,8
15699,1693227509871,1692255245639,1692255245643,1693227509878,7,4,3
15700,1693227509878,1692255245648,1692255245652,1693227509887,9,4,5
15701,1693227509887,1692255245656,1692255245659,1693227509895,8,3,5
15702,1693227509895,1692255245663,1692255245666,1693227509902,7,3,4
15703,1693227509902,1692255245670,1692255245674,1693227509909,7,4,3
15704,1693227509909,1692255245678,1692255245681,1693227509917,8,3,5
15705,1693227509917,1692255245686,1692255245689,1693227509925,8,3,5
15706,1693227509925,1692255245694,1692255245697,1693227509933,8,3,5
15707,1693227509933,1692255245701,1692255245704,1693227509940,7,3,4
15708,1693227509940,1692255245710,1692255245713,1693227509949,9,3,6
15709,1693227509949,1692255245717,1692255245720,1693227509956,7,3,4
15710,1693227509956,1692255245725,1692255245727,1693227509963,7,2,5
15711,1693227509963,1692255245733,1692255245737,1693227509973,10,4,6
15712,1693227509973,1692255245742,1692255245745,1693227509980,7,3,4
15713,1693227509980,1692255245749,1692255245752,1693227509988,8,3,5
15714,1693227509988,1692255245757,1692255245759,1693227509995,7,2,5
15715,1693227509995,1692255245764,1692255245767,1693227510002,7,3,4
15716,1693227510002,1692255245771,1692255245774,1693227510010,8,3,5
15717,1693227510010,1692255245779,1692255245784,1693227510020,10,5,5
15718,1693227510020,1692255245789,1692255245791,1693227510027,7,2,5
15719,1693227510027,1692255245796,1692255245800,1693227510035,8,4,4
15720,1693227510035,1692255245804,1692255245807,1693227510042,7,3,4
15721,1693227510042,1692255245812,1692255245816,1693227510052,10,4,6
15722,1693227510052,1692255245821,1692255245824,1693227510059,7,3,4
15723,1693227510059,1692255245828,1692255245834,1693227510070,11,6,5
15724,1693227510070,1692255245839,1692255245842,1693227510077,7,3,4
15725,1693227510077,1692255245846,1692255245849,1693227510084,7,3,4
15726,1693227510084,1692255245853,1692255245857,1693227510092,8,4,4
15727,1693227510092,1692255245861,1692255245864,1693227510100,8,3,5
15728,1693227510100,1692255245868,1692255245870,1693227510106,6,2,4
15729,1693227510106,1692255245875,1692255245878,1693227510114,8,3,5
15730,1693227510114,1692255245883,1692255245885,1693227510121,7,2,5
15731,1693227510121,1692255245889,1692255245892,1693227510128,7,3,4
15732,1693227510128,1692255245897,1692255245900,1693227510136,8,3,5
15733,1693227510136,1692255245904,1692255245907,1693227510143,7,3,4
15734,1693227510143,1692255245912,1692255245915,1693227510150,7,3,4
15735,1693227510150,1692255245920,1692255245923,1693227510159,9,3,6
15736,1693227510159,1692255245928,1692255245931,1693227510167,8,3,5
15737,1693227510167,1692255245938,1692255245941,1693227510176,9,3,6
15738,1693227510176,1692255245945,1692255245949,1693227510184,8,4,4
15739,1693227510184,1692255245954,1692255245957,1693227510193,9,3,6
15740,1693227510193,1692255245962,1692255245965,1693227510200,7,3,4
15741,1693227510200,1692255245969,1692255245972,1693227510208,8,3,5
15742,1693227510208,1692255245977,1692255245981,1693227510216,8,4,4
15743,1693227510216,1692255245985,1692255245988,1693227510223,7,3,4
15744,1693227510223,1692255245992,1692255245996,1693227510231,8,4,4
15745,1693227510231,1692255246000,1692255246003,1693227510239,8,3,5
15746,1693227510239,1692255246008,1692255246011,1693227510246,7,3,4
15747,1693227510246,1692255246015,1692255246019,1693227510255,9,4,5
15748,1693227510255,1692255246024,1692255246026,1693227510261,6,2,4
15749,1693227510262,1692255246030,1692255246034,1693227510269,7,4,3
15750,1693227510269,1692255246040,1692255246044,1693227510280,11,4,7
15751,1693227510280,1692255246049,1692255246052,1693227510287,7,3,4
15752,1693227510287,1692255246056,1692255246060,1693227510296,9,4,5
15753,1693227510296,1692255246065,1692255246069,1693227510304,8,4,4
15754,1693227510304,1692255246073,1692255246076,1693227510312,8,3,5
15755,1693227510312,1692255246081,1692255246084,1693227510320,8,3,5
15756,1693227510320,1692255246089,1692255246092,1693227510328,8,3,5
15757,1693227510328,1692255246097,1692255246100,1693227510335,7,3,4
15758,1693227510335,1692255246104,1692255246107,1693227510342,7,3,4
15759,1693227510342,1692255246111,1692255246114,1693227510349,7,3,4
15760,1693227510349,1692255246119,1692255246122,1693227510357,8,3,5
15761,1693227510358,1692255246126,1692255246130,1693227510366,8,4,4
15762,1693227510366,1692255246135,1692255246138,1693227510376,10,3,7
15763,1693227510376,1692255246145,1692255246148,1693227510384,8,3,5
15764,1693227510384,1692255246153,1692255246157,1693227510392,8,4,4
15765,1693227510392,1692255246167,1692255246171,1693227510406,14,4,10
15766,1693227510406,1692255246175,1692255246179,1693227510415,9,4,5
15767,1693227510415,1692255246184,1692255246187,1693227510422,7,3,4
15768,1693227510422,1692255246191,1692255246194,1693227510429,7,3,4
15769,1693227510429,1692255246198,1692255246202,1693227510437,8,4,4
15770,1693227510437,1692255246205,1692255246208,1693227510444,7,3,4
15771,1693227510444,1692255246212,1692255246215,1693227510451,7,3,4
15772,1693227510451,1692255246220,1692255246223,1693227510459,8,3,5
15773,1693227510459,1692255246228,1692255246231,1693227510466,7,3,4
15774,1693227510466,1692255246235,1692255246238,1693227510473,7,3,4
15775,1693227510473,1692255246246,1692255246249,1693227510485,12,3,9
15776,1693227510485,1692255246254,1692255246256,1693227510492,7,2,5
15777,1693227510492,1692255246270,1692255246273,1693227510509,17,3,14
15778,1693227510509,1692255246277,1692255246280,1693227510516,7,3,4
15779,1693227510516,1692255246285,1692255246288,1693227510524,8,3,5
15780,1693227510524,1692255246293,1692255246296,1693227510531,7,3,4
15781,1693227510531,1692255246300,1692255246303,1693227510539,8,3,5
15782,1693227510539,1692255246308,1692255246311,1693227510546,7,3,4
15783,1693227510546,1692255246314,1692255246317,1693227510552,6,3,3
15784,1693227510553,1692255246322,1692255246325,1693227510561,8,3,5
15785,1693227510561,1692255246330,1692255246333,1693227510568,7,3,4
15786,1693227510568,1692255246337,1692255246340,1693227510576,8,3,5
15787,1693227510576,1692255246347,1692255246350,1693227510586,10,3,7
15788,1693227510586,1692255246355,1692255246358,1693227510593,7,3,4
15789,1693227510593,1692255246362,1692255246367,1693227510602,9,5,4
15790,1693227510602,1692255246373,1692255246376,1693227510611,9,3,6
15791,1693227510611,1692255246380,1692255246384,1693227510620,9,4,5
15792,1693227510620,1692255246388,1692255246391,1693227510627,7,3,4
15793,1693227510627,1692255246396,1692255246399,1693227510635,8,3,5
15794,1693227510635,1692255246403,1692255246406,1693227510642,7,3,4
15795,1693227510642,1692255246411,1692255246415,1693227510650,8,4,4
15796,1693227510650,1692255246419,1692255246422,1693227510662,12,3,9
15797,1693227510662,1692255246432,1692255246435,1693227510670,8,3,5
15798,1693227510670,1692255246438,1692255246441,1693227510677,7,3,4
15799,1693227510677,1692255246446,1692255246449,1693227510684,7,3,4
15800,1693227510684,1692255246453,1692255246457,1693227510693,9,4,5
15801,1693227510693,1692255246462,1692255246465,1693227510700,7,3,4
15802,1693227510700,1692255246469,1692255246473,1693227510709,9,4,5
15803,1693227510709,1692255246478,1692255246481,1693227510717,8,3,5
15804,1693227510717,1692255246485,1692255246488,1693227510724,7,3,4
15805,1693227510724,1692255246493,1692255246496,1693227510732,8,3,5
15806,1693227510732,1692255246501,1692255246504,1693227510739,7,3,4
15807,1693227510739,1692255246509,1692255246512,1693227510748,9,3,6
15808,1693227510748,1692255246516,1692255246520,1693227510755,7,4,3
15809,1693227510755,1692255246524,1692255246527,1693227510763,8,3,5
15810,1693227510763,1692255246531,1692255246535,1693227510771,8,4,4
15811,1693227510771,1692255246539,1692255246543,1693227510778,7,4,3
15812,1693227510778,1692255246547,1692255246550,1693227510785,7,3,4
15813,1693227510785,1692255246554,1692255246557,1693227510792,7,3,4
15814,1693227510792,1692255246561,1692255246564,1693227510799,7,3,4
15815,1693227510799,1692255246568,1692255246572,1693227510807,8,4,4
15816,1693227510807,1692255246576,1692255246580,1693227510815,8,4,4
15817,1693227510815,1692255246584,1692255246587,1693227510823,8,3,5
15818,1693227510823,1692255246592,1692255246596,1693227510831,8,4,4
15819,1693227510831,1692255246601,1692255246604,1693227510840,9,3,6
15820,1693227510840,1692255246608,1692255246611,1693227510846,6,3,3
15821,1693227510846,1692255246614,1692255246618,1693227510853,7,4,3
15822,1693227510853,1692255246624,1692255246627,1693227510863,10,3,7
15823,1693227510863,1692255246632,1692255246635,1693227510871,8,3,5
15824,1693227510871,1692255246640,1692255246643,1693227510878,7,3,4
15825,1693227510878,1692255246647,1692255246649,1693227510884,6,2,4
15826,1693227510884,1692255246655,1692255246660,1693227510895,11,5,6
15827,1693227510895,1692255246664,1692255246668,1693227510903,8,4,4
15828,1693227510903,1692255246673,1692255246676,1693227510912,9,3,6
15829,1693227510912,1692255246682,1692255246686,1693227510921,9,4,5
15830,1693227510921,1692255246690,1692255246693,1693227510928,7,3,4
15831,1693227510928,1692255246698,1692255246701,1693227510937,9,3,6
15832,1693227510937,1692255246705,1692255246708,1693227510944,7,3,4
15833,1693227510944,1692255246712,1692255246716,1693227510951,7,4,3
15834,1693227510951,1692255246720,1692255246723,1693227510958,7,3,4
15835,1693227510958,1692255246727,1692255246731,1693227510966,8,4,4
15836,1693227510966,1692255246735,1692255246739,1693227510974,8,4,4
15837,1693227510974,1692255246743,1692255246746,1693227510982,8,3,5
15838,1693227510982,1692255246751,1692255246754,1693227510990,8,3,5
15839,1693227510990,1692255246759,1692255246762,1693227510998,8,3,5
15840,1693227510998,1692255246766,1692255246769,1693227511004,6,3,3
15841,1693227511004,1692255246773,1692255246776,1693227511012,8,3,5
15842,1693227511012,1692255246781,1692255246784,1693227511020,8,3,5
15843,1693227511020,1692255246788,1692255246791,1693227511026,6,3,3
15844,1693227511026,1692255246795,1692255246799,1693227511035,9,4,5
15845,1693227511035,1692255246804,1692255246808,1693227511043,8,4,4
15846,1693227511043,1692255246813,1692255246816,1693227511052,9,3,6
15847,1693227511052,1692255246821,1692255246824,1693227511060,8,3,5
15848,1693227511060,1692255246829,1692255246832,1693227511067,7,3,4
15849,1693227511067,1692255246837,1692255246840,1693227511075,8,3,5
15850,1693227511075,1692255246844,1692255246847,1693227511083,8,3,5
15851,1693227511083,1692255246851,1692255246854,1693227511090,7,3,4
15852,1693227511090,1692255246860,1692255246863,1693227511098,8,3,5
15853,1693227511098,1692255246867,1692255246870,1693227511105,7,3,4
15854,1693227511105,1692255246874,1692255246877,1693227511113,8,3,5
15855,1693227511113,1692255246881,1692255246884,1693227511119,6,3,3
15856,1693227511119,1692255246888,1692255246891,1693227511126,7,3,4
15857,1693227511126,1692255246895,1692255246899,1693227511134,8,4,4
15858,1693227511134,1692255246903,1692255246906,1693227511141,7,3,4
15859,1693227511141,1692255246910,1692255246914,1693227511149,8,4,4
15860,1693227511149,1692255246919,1692255246921,1693227511156,7,2,5
15861,1693227511157,1692255246925,1692255246929,1693227511164,7,4,3
15862,1693227511164,1692255246932,1692255246936,1693227511171,7,4,3
15863,1693227511171,1692255246940,1692255246945,1693227511180,9,5,4
15864,1693227511180,1692255246949,1692255246953,1693227511188,8,4,4
15865,1693227511188,1692255246958,1692255246961,1693227511197,9,3,6
15866,1693227511197,1692255246966,1692255246969,1693227511205,8,3,5
15867,1693227511205,1692255246973,1692255246976,1693227511212,7,3,4
15868,1693227511212,1692255246981,1692255246984,1693227511219,7,3,4
15869,1693227511219,1692255246989,1692255246992,1693227511227,8,3,5
15870,1693227511227,1692255246996,1692255247000,1693227511235,8,4,4
15871,1693227511235,1692255247004,1692255247008,1693227511243,8,4,4
15872,1693227511243,1692255247012,1692255247015,1693227511250,7,3,4
15873,1693227511250,1692255247019,1692255247022,1693227511257,7,3,4
15874,1693227511257,1692255247026,1692255247030,1693227511265,8,4,4
15875,1693227511265,1692255247034,1692255247037,1693227511273,8,3,5
15876,1693227511273,1692255247042,1692255247045,1693227511281,8,3,5
15877,1693227511281,1692255247049,1692255247053,1693227511288,7,4,3
15878,1693227511288,1692255247057,1692255247060,1693227511297,9,3,6
15879,1693227511297,1692255247067,1692255247070,1693227511305,8,3,5
15880,1693227511305,1692255247074,1692255247080,1693227511316,11,6,5
15881,1693227511316,1692255247085,1692255247088,1693227511323,7,3,4
15882,1693227511323,1692255247092,1692255247095,1693227511330,7,3,4
15883,1693227511330,1692255247099,1692255247103,1693227511339,9,4,5
15884,1693227511339,1692255247107,1692255247112,1693227511347,8,5,3
15885,1693227511347,1692255247117,1692255247120,1693227511355,8,3,5
15886,1693227511355,1692255247124,1692255247128,1693227511363,8,4,4
15887,1693227511363,1692255247131,1692255247134,1693227511369,6,3,3
15888,1693227511369,1692255247139,1692255247142,1693227511378,9,3,6
15889,1693227511378,1692255247147,1692255247150,1693227511386,8,3,5
15890,1693227511386,1692255247155,1692255247158,1693227511394,8,3,5
15891,1693227511394,1692255247163,1692255247167,1693227511402,8,4,4
15892,1693227511402,1692255247172,1692255247175,1693227511410,8,3,5
15893,1693227511410,1692255247179,1692255247182,1693227511417,7,3,4
15894,1693227511417,1692255247186,1692255247190,1693227511425,8,4,4
15895,1693227511425,1692255247194,1692255247197,1693227511432,7,3,4
15896,1693227511433,1692255247201,1692255247204,1693227511440,7,3,4
15897,1693227511440,1692255247209,1692255247212,1693227511447,7,3,4
15898,1693227511447,1692255247216,1692255247219,1693227511454,7,3,4
15899,1693227511454,1692255247223,1692255247229,1693227511464,10,6,4
15900,1693227511464,1692255247233,1692255247236,1693227511472,8,3,5
15901,1693227511472,1692255247241,1692255247245,1693227511480,8,4,4
15902,1693227511480,1692255247249,1692255247253,1693227511488,8,4,4
15903,1693227511488,1692255247257,1692255247260,1693227511495,7,3,4
15904,1693227511495,1692255247270,1692255247274,1693227511509,14,4,10
15905,1693227511509,1692255247278,1692255247282,1693227511518,9,4,5
15906,1693227511518,1692255247287,1692255247290,1693227511525,7,3,4
15907,1693227511525,1692255247294,1692255247297,1693227511532,7,3,4
15908,1693227511532,1692255247301,1692255247304,1693227511539,7,3,4
15909,1693227511539,1692255247308,1692255247311,1693227511547,8,3,5
15910,1693227511547,1692255247316,1692255247319,1693227511554,7,3,4
15911,1693227511554,1692255247324,1692255247327,1693227511563,9,3,6
15912,1693227511563,1692255247332,1692255247335,1693227511570,7,3,4
15913,1693227511570,1692255247338,1692255247342,1693227511577,7,4,3
15914,1693227511577,1692255247348,1692255247352,1693227511587,10,4,6
15915,1693227511587,1692255247356,1692255247359,1693227511595,8,3,5
15916,1693227511595,1692255247364,1692255247366,1693227511602,7,2,5
15917,1693227511602,1692255247372,1692255247376,1693227511611,9,4,5
15918,1693227511611,1692255247379,1692255247383,1693227511618,7,4,3
15919,1693227511618,1692255247387,1692255247390,1693227511625,7,3,4
15920,1693227511626,1692255247394,1692255247397,1693227511633,7,3,4
15921,1693227511633,1692255247402,1692255247404,1693227511640,7,2,5
15922,1693227511640,1692255247409,1692255247412,1693227511648,8,3,5
15923,1693227511648,1692255247416,1692255247420,1693227511655,7,4,3
15924,1693227511655,1692255247424,1692255247428,1693227511663,8,4,4
15925,1693227511663,1692255247435,1692255247438,1693227511674,11,3,8
15926,1693227511674,1692255247443,1692255247447,1693227511683,9,4,5
15927,1693227511683,1692255247455,1692255247459,1693227511694,11,4,7
15928,1693227511694,1692255247463,1692255247465,1693227511701,7,2,5
15929,1693227511701,1692255247469,1692255247472,1693227511709,8,3,5
15930,1693227511709,1692255247478,1692255247481,1693227511717,8,3,5
15931,1693227511717,1692255247486,1692255247489,1693227511725,8,3,5
15932,1693227511725,1692255247494,1692255247498,1693227511733,8,4,4
15933,1693227511733,1692255247501,1692255247504,1693227511740,7,3,4
15934,1693227511740,1692255247509,1692255247512,1693227511747,7,3,4
15935,1693227511747,1692255247516,1692255247519,1693227511755,8,3,5
15936,1693227511755,1692255247524,1692255247529,1693227511764,9,5,4
15937,1693227511764,1692255247533,1692255247536,1693227511771,7,3,4
15938,1693227511771,1692255247540,1692255247544,1693227511779,8,4,4
15939,1693227511779,1692255247548,1692255247552,1693227511787,8,4,4
15940,1693227511787,1692255247556,1692255247562,1693227511797,10,6,4
15941,1693227511797,1692255247566,1692255247569,1693227511805,8,3,5
15942,1693227511805,1692255247576,1692255247580,1693227511815,10,4,6
15943,1693227511815,1692255247584,1692255247588,1693227511823,8,4,4
15944,1693227511823,1692255247592,1692255247596,1693227511831,8,4,4
15945,1693227511831,1692255247600,1692255247603,1693227511838,7,3,4
15946,1693227511839,1692255247607,1692255247610,1693227511846,7,3,4
15947,1693227511846,1692255247615,1692255247619,1693227511854,8,4,4
15948,1693227511854,1692255247622,1692255247625,1693227511860,6,3,3
15949,1693227511860,1692255247629,1692255247632,1693227511867,7,3,4
15950,1693227511867,1692255247636,1692255247639,1693227511875,8,3,5
15951,1693227511875,1692255247644,1692255247647,1693227511883,8,3,5
15952,1693227511883,1692255247652,1692255247655,1693227511891,8,3,5
15953,1693227511891,1692255247660,1692255247663,1693227511899,8,3,5
15954,1693227511899,1692255247681,1692255247685,1693227511921,22,4,18
15955,1693227511921,1692255247690,1692255247693,1693227511928,7,3,4
15956,1693227511928,1692255247697,1692255247700,1693227511935,7,3,4
15957,1693227511935,1692255247703,1692255247706,1693227511942,7,3,4
15958,1693227511942,1692255247710,1692255247713,1693227511948,6,3,3
15959,1693227511948,1692255247717,1692255247721,1693227511956,8,4,4
15960,1693227511956,1692255247725,1692255247728,1693227511964,8,3,5
15961,1693227511964,1692255247733,1692255247737,1693227511972,8,4,4
15962,1693227511972,1692255247741,1692255247744,1693227511979,7,3,4
15963,1693227511979,1692255247748,1692255247751,1693227511987,8,3,5
15964,1693227511987,1692255247757,1692255247760,1693227511996,9,3,6
15965,1693227511996,1692255247765,1692255247768,1693227512009,13,3,10
15966,1693227512009,1692255247781,1692255247784,1693227512019,10,3,7
15967,1693227512019,1692255247788,1692255247792,1693227512027,8,4,4
15968,1693227512027,1692255247796,1692255247799,1693227512035,8,3,5
15969,1693227512035,1692255247809,1692255247812,1693227512048,13,3,10
15970,1693227512048,1692255247817,1692255247820,1693227512055,7,3,4
15971,1693227512055,1692255247826,1692255247828,1693227512070,15,2,13
15972,1693227512070,1692255247838,1692255247843,1693227512079,9,5,4
15973,1693227512079,1692255247848,1692255247851,1693227512087,8,3,5
15974,1693227512087,1692255247856,1692255247860,1693227512096,9,4,5
15975,1693227512096,1692255247866,1692255247869,1693227512105,9,3,6
15976,1693227512105,1692255247875,1692255247878,1693227512113,8,3,5
15977,1693227512113,1692255247885,1692255247888,1693227512124,11,3,8
15978,1693227512124,1692255247894,1692255247896,1693227512132,8,2,6
15979,1693227512133,1692255247902,1692255247906,1693227512142,9,4,5
15980,1693227512142,1692255247911,1692255247914,1693227512150,8,3,5
15981,1693227512150,1692255247919,1692255247922,1693227512158,8,3,5
15982,1693227512158,1692255247927,1692255247931,1693227512166,8,4,4
15983,1693227512166,1692255247936,1692255247939,1693227512175,9,3,6
15984,1693227512175,1692255247944,1692255247947,1693227512183,8,3,5
15985,1693227512183,1692255247952,1692255247955,1693227512191,8,3,5
15986,1693227512191,1692255247960,1692255247966,1693227512203,12,6,6
15987,1693227512203,1692255247972,1692255247976,1693227512212,9,4,5
15988,1693227512212,1692255247981,1692255247984,1693227512221,9,3,6
15989,1693227512221,1692255247989,1692255247993,1693227512229,8,4,4
15990,1693227512229,1692255247998,1692255248000,1693227512236,7,2,5
15991,1693227512236,1692255248004,1692255248007,1693227512243,7,3,4
15992,1693227512243,1692255248011,1692255248015,1693227512251,8,4,4
15993,1693227512251,1692255248020,1692255248023,1693227512259,8,3,5
15994,1693227512259,1692255248028,1692255248032,1693227512267,8,4,4
15995,1693227512267,1692255248036,1692255248040,1693227512276,9,4,5
15996,1693227512276,1692255248044,1692255248048,1693227512283,7,4,3
15997,1693227512283,1692255248052,1692255248055,1693227512290,7,3,4
15998,1693227512290,1692255248059,1692255248063,1693227512298,8,4,4
15999,1693227512298,1692255248067,1692255248071,1693227512307,9,4,5
16000,1693227512307,1692255248075,1692255248078,1693227512314,7,3,4
16001,1693227512314,1692255248083,1692255248087,1693227512323,9,4,5
16002,1693227512323,1692255248092,1692255248095,1693227512331,8,3,5
16003,1693227512331,1692255248099,1692255248102,1693227512338,7,3,4
16004,1693227512338,1692255248106,1692255248110,1693227512346,8,4,4
16005,1693227512346,1692255248117,1692255248121,1693227512357,11,4,7
16006,1693227512357,1692255248126,1692255248130,1693227512365,8,4,4
16007,1693227512365,1692255248134,1692255248137,1693227512373,8,3,5
16008,1693227512373,1692255248142,1692255248147,1693227512382,9,5,4
16009,1693227512382,1692255248152,1692255248155,1693227512390,8,3,5
16010,1693227512390,1692255248159,1692255248162,1693227512398,8,3,5
16011,1693227512398,1692255248166,1692255248170,1693227512405,7,4,3
16012,1693227512405,1692255248174,1692255248177,1693227512413,8,3,5
16013,1693227512413,1692255248182,1692255248185,1693227512420,7,3,4
16014,1693227512420,1692255248191,1692255248195,1693227512430,10,4,6
16015,1693227512430,1692255248199,1692255248202,1693227512438,8,3,5
16016,1693227512438,1692255248207,1692255248210,1693227512446,8,3,5
16017,1693227512446,1692255248214,1692255248217,1693227512453,7,3,4
16018,1693227512453,1692255248221,1692255248224,1693227512459,6,3,3
16019,1693227512459,1692255248228,1692255248231,1693227512467,8,3,5
16020,1693227512467,1692255248236,1692255248239,1693227512475,8,3,5
16021,1693227512475,1692255248243,1692255248247,1693227512482,7,4,3
16022,1693227512482,1692255248251,1692255248254,1693227512489,7,3,4
16023,1693227512489,1692255248258,1692255248261,1693227512497,8,3,5
16024,1693227512497,1692255248270,1692255248273,1693227512508,11,3,8
16025,1693227512508,1692255248277,1692255248280,1693227512516,8,3,5
16026,1693227512516,1692255248284,1692255248288,1693227512523,7,4,3
16027,1693227512523,1692255248293,1692255248296,1693227512532,9,3,6
16028,1693227512532,1692255248301,1692255248304,1693227512539,7,3,4
16029,1693227512539,1692255248309,1692255248312,1693227512547,8,3,5
16030,1693227512548,1692255248316,1692255248320,1693227512555,7,4,3
16031,1693227512555,1692255248324,1692255248327,1693227512563,8,3,5
16032,1693227512563,1692255248332,1692255248336,1693227512571,8,4,4
16033,1693227512572,1692255248340,1692255248344,1693227512579,7,4,3
16034,1693227512579,1692255248349,1692255248352,1693227512587,8,3,5
16035,1693227512587,1692255248356,1692255248360,1693227512596,9,4,5
16036,1693227512596,1692255248364,1692255248367,1693227512602,6,3,3
16037,1693227512602,1692255248371,1692255248374,1693227512610,8,3,5
16038,1693227512610,1692255248378,1692255248382,1693227512618,8,4,4
16039,1693227512618,1692255248387,1692255248390,1693227512626,8,3,5
16040,1693227512626,1692255248396,1692255248400,1693227512635,9,4,5
16041,1693227512635,1692255248403,1692255248409,1693227512644,9,6,3
16042,1693227512644,1692255248412,1692255248415,1693227512650,6,3,3
16043,1693227512650,1692255248419,1692255248422,1693227512657,7,3,4
16044,1693227512657,1692255248426,1692255248431,1693227512667,10,5,5
16045,1693227512667,1692255248436,1692255248439,1693227512674,7,3,4
16046,1693227512674,1692255248443,1692255248446,1693227512682,8,3,5
16047,1693227512682,1692255248451,1692255248455,1693227512690,8,4,4
16048,1693227512690,1692255248459,1692255248463,1693227512698,8,4,4
16049,1693227512698,1692255248468,1692255248471,1693227512707,9,3,6
16050,1693227512707,1692255248476,1692255248480,1693227512716,9,4,5
16051,1693227512716,1692255248485,1692255248489,1693227512725,9,4,5
16052,1693227512725,1692255248494,1692255248497,1693227512732,7,3,4
16053,1693227512732,1692255248504,1692255248507,1693227512742,10,3,7
16054,1693227512742,1692255248511,1692255248514,1693227512750,8,3,5
16055,1693227512750,1692255248519,1692255248522,1693227512757,7,3,4
16056,1693227512757,1692255248526,1692255248529,1693227512765,8,3,5
16057,1693227512765,1692255248534,1692255248537,1693227512772,7,3,4
16058,1693227512772,1692255248541,1692255248544,1693227512780,8,3,5
16059,1693227512780,1692255248549,1692255248552,1693227512788,8,3,5
16060,1693227512788,1692255248556,1692255248559,1693227512795,7,3,4
16061,1693227512795,1692255248564,1692255248567,1693227512802,7,3,4
16062,1693227512802,1692255248571,1692255248575,1693227512810,8,4,4
16063,1693227512810,1692255248579,1692255248582,1693227512818,8,3,5
16064,1693227512818,1692255248586,1692255248589,1693227512824,6,3,3
16065,1693227512825,1692255248593,1692255248596,1693227512833,8,3,5
16066,1693227512834,1692255248602,1692255248606,1693227512842,8,4,4
16067,1693227512842,1692255248610,1692255248612,1693227512848,6,2,4
16068,1693227512848,1692255248617,1692255248620,1693227512856,8,3,5
16069,1693227512856,1692255248625,1692255248629,1693227512864,8,4,4
16070,1693227512864,1692255248633,1692255248636,1693227512872,8,3,5
16071,1693227512872,1692255248641,1692255248645,1693227512880,8,4,4
16072,1693227512880,1692255248649,1692255248652,1693227512887,7,3,4
16073,1693227512887,1692255248656,1692255248659,1693227512894,7,3,4
16074,1693227512894,1692255248663,1692255248667,1693227512902,8,4,4
16075,1693227512902,1692255248671,1692255248673,1693227512909,7,2,5
16076,1693227512909,1692255248678,1692255248680,1693227512916,7,2,5
16077,1693227512916,1692255248685,1692255248689,1693227512925,9,4,5
16078,1693227512925,1692255248694,1692255248697,1693227512933,8,3,5
16079,1693227512933,1692255248703,1692255248707,1693227512943,10,4,6
16080,1693227512943,1692255248713,1692255248716,1693227512951,8,3,5
16081,1693227512951,1692255248720,1692255248724,1693227512959,8,4,4
16082,1693227512959,1692255248728,1692255248732,1693227512967,8,4,4
16083,1693227512967,1692255248737,1692255248740,1693227512975,8,3,5
16084,1693227512976,1692255248744,1692255248747,1693227512983,7,3,4
16085,1693227512983,1692255248752,1692255248755,1693227512990,7,3,4
16086,1693227512990,1692255248759,1692255248763,1693227512998,8,4,4
16087,1693227512998,1692255248766,1692255248769,1693227513004,6,3,3
16088,1693227513004,1692255248773,1692255248776,1693227513011,7,3,4
16089,1693227513011,1692255248780,1692255248784,1693227513019,8,4,4
16090,1693227513020,1692255248789,1692255248791,1693227513027,7,2,5
16091,1693227513027,1692255248796,1692255248799,1693227513034,7,3,4
16092,1693227513034,1692255248805,1692255248808,1693227513044,10,3,7
16093,1693227513044,1692255248812,1692255248816,1693227513051,7,4,3
16094,1693227513051,1692255248819,1692255248823,1693227513058,7,4,3
16095,1693227513058,1692255248827,1692255248830,1693227513066,8,3,5
16096,1693227513066,1692255248835,1692255248838,1693227513074,8,3,5
16097,1693227513074,1692255248843,1692255248846,1693227513081,7,3,4
16098,1693227513081,1692255248850,1692255248853,1693227513089,8,3,5
16099,1693227513089,1692255248858,1692255248861,1693227513096,7,3,4
16100,1693227513096,1692255248865,1692255248867,1693227513103,7,2,5
16101,1693227513103,1692255248871,1692255248874,1693227513110,7,3,4
16102,1693227513110,1692255248879,1692255248883,1693227513118,8,4,4
16103,1693227513118,1692255248887,1692255248890,1693227513126,8,3,5
16104,1693227513127,1692255248895,1692255248898,1693227513134,7,3,4
16105,1693227513134,1692255248903,1692255248906,1693227513142,8,3,5
16106,1693227513142,1692255248911,1692255248914,1693227513149,7,3,4
16107,1693227513149,1692255248918,1692255248921,1693227513157,8,3,5
16108,1693227513157,1692255248925,1692255248929,1693227513164,7,4,3
16109,1693227513164,1692255248933,1692255248936,1693227513172,8,3,5
16110,1693227513173,1692255248941,1692255248944,1693227513180,7,3,4
16111,1693227513180,1692255248949,1692255248952,1693227513187,7,3,4
16112,1693227513187,1692255248956,1692255248959,1693227513194,7,3,4
16113,1693227513194,1692255248963,1692255248966,1693227513201,7,3,4
16114,1693227513201,1692255248970,1692255248974,1693227513210,9,4,5
16115,1693227513210,1692255248980,1692255248983,1693227513218,8,3,5
16116,1693227513218,1692255248988,1692255248991,1693227513227,9,3,6
16117,1693227513227,1692255248996,1692255249000,1693227513235,8,4,4
16118,1693227513235,1692255249004,1692255249009,1693227513245,10,5,5
16119,1693227513245,1692255249014,1692255249018,1693227513253,8,4,4
16120,1693227513253,1692255249022,1692255249025,1693227513260,7,3,4
16121,1693227513261,1692255249033,1692255249036,1693227513272,11,3,8
16122,1693227513272,1692255249041,1692255249044,1693227513280,8,3,5
16123,1693227513280,1692255249050,1692255249053,1693227513288,8,3,5
16124,1693227513288,1692255249057,1692255249060,1693227513295,7,3,4
16125,1693227513295,1692255249064,1692255249067,1693227513302,7,3,4
16126,1693227513302,1692255249070,1692255249074,1693227513310,8,4,4
16127,1693227513310,1692255249079,1692255249082,1693227513317,7,3,4
16128,1693227513317,1692255249091,1692255249095,1693227513330,13,4,9
16129,1693227513330,1692255249099,1692255249102,1693227513337,7,3,4
16130,1693227513337,1692255249108,1692255249111,1693227513346,9,3,6
16131,1693227513346,1692255249115,1692255249118,1693227513353,7,3,4
16132,1693227513353,1692255249122,1692255249125,1693227513360,7,3,4
16133,1693227513360,1692255249129,1692255249132,1693227513367,7,3,4
16134,1693227513367,1692255249136,1692255249139,1693227513374,7,3,4
16135,1693227513374,1692255249143,1692255249147,1693227513382,8,4,4
16136,1693227513382,1692255249151,1692255249154,1693227513390,8,3,5
16137,1693227513390,1692255249158,1692255249161,1693227513396,6,3,3
16138,1693227513396,1692255249165,1692255249168,1693227513403,7,3,4
16139,1693227513403,1692255249172,1692255249175,1693227513410,7,3,4
16140,1693227513410,1692255249179,1692255249182,1693227513417,7,3,4
16141,1693227513417,1692255249186,1692255249189,1693227513425,8,3,5
16142,1693227513425,1692255249194,1692255249197,1693227513432,7,3,4
16143,1693227513432,1692255249202,1692255249206,1693227513441,9,4,5
16144,1693227513441,1692255249209,1692255249212,1693227513448,7,3,4
16145,1693227513448,1692255249216,1692255249219,1693227513455,7,3,4
16146,1693227513455,1692255249223,1692255249226,1693227513462,7,3,4
16147,1693227513462,1692255249231,1692255249234,1693227513469,7,3,4
16148,1693227513469,1692255249239,1692255249243,1693227513478,9,4,5
16149,1693227513478,1692255249247,1692255249251,1693227513487,9,4,5
16150,1693227513487,1692255249256,1692255249259,1693227513495,8,3,5
16151,1693227513495,1692255249271,1692255249274,1693227513509,14,3,11
16152,1693227513509,1692255249278,1692255249282,1693227513517,8,4,4
16153,1693227513518,1692255249287,1692255249290,1693227513525,7,3,4
16154,1693227513525,1692255249296,1692255249299,1693227513535,10,3,7
16155,1693227513535,1692255249303,1692255249308,1693227513544,9,5,4
16156,1693227513544,1692255249313,1692255249316,1693227513552,8,3,5
16157,1693227513552,1692255249321,1692255249325,1693227513561,9,4,5
16158,1693227513561,1692255249330,1692255249333,1693227513569,8,3,5
16159,1693227513569,1692255249337,1692255249340,1693227513575,6,3,3
16160,1693227513575,1692255249345,1692255249348,1693227513584,9,3,6
16161,1693227513584,1692255249354,1692255249357,1693227513592,8,3,5
16162,1693227513592,1692255249362,1692255249365,1693227513601,9,3,6
16163,1693227513601,1692255249370,1692255249372,1693227513608,7,2,5
16164,1693227513608,1692255249377,1692255249380,1693227513616,8,3,5
16165,1693227513616,1692255249384,1692255249388,1693227513623,7,4,3
16166,1693227513623,1692255249392,1692255249396,1693227513632,9,4,5
16167,1693227513632,1692255249401,1692255249404,1693227513640,8,3,5
16168,1693227513640,1692255249409,1692255249413,1693227513649,9,4,5
16169,1693227513649,1692255249419,1692255249423,1693227513658,9,4,5
16170,1693227513658,1692255249427,1692255249430,1693227513666,8,3,5
16171,1693227513666,1692255249435,1692255249438,1693227513674,8,3,5
16172,1693227513674,1692255249446,1692255249449,1693227513685,11,3,8
16173,1693227513685,1692255249454,1692255249457,1693227513693,8,3,5
16174,1693227513693,1692255249462,1692255249465,1693227513700,7,3,4
16175,1693227513700,1692255249469,1692255249472,1693227513707,7,3,4
16176,1693227513707,1692255249476,1692255249479,1693227513715,8,3,5
16177,1693227513715,1692255249484,1692255249486,1693227513722,7,2,5
16178,1693227513722,1692255249491,1692255249494,1693227513730,8,3,5
16179,1693227513730,1692255249499,1692255249501,1693227513737,7,2,5
16180,1693227513737,1692255249505,1692255249508,1693227513744,7,3,4
16181,1693227513744,1692255249513,1692255249516,1693227513751,7,3,4
16182,1693227513751,1692255249522,1692255249526,1693227513761,10,4,6
16183,1693227513761,1692255249530,1692255249534,1693227513769,8,4,4
16184,1693227513769,1692255249538,1692255249542,1693227513777,8,4,4
16185,1693227513777,1692255249546,1692255249549,1693227513784,7,3,4
16186,1693227513784,1692255249553,1692255249557,1693227513792,8,4,4
16187,1693227513792,1692255249561,1692255249564,1693227513799,7,3,4
16188,1693227513799,1692255249568,1692255249571,1693227513807,8,3,5
16189,1693227513807,1692255249576,1692255249578,1693227513814,7,2,5
16190,1693227513814,1692255249583,1692255249586,1693227513821,7,3,4
16191,1693227513821,1692255249590,1692255249594,1693227513830,9,4,5
16192,1693227513830,1692255249600,1692255249603,1693227513839,9,3,6
16193,1693227513839,1692255249608,1692255249611,1693227513847,8,3,5
16194,1693227513847,1692255249616,1692255249619,1693227513854,7,3,4
16195,1693227513854,1692255249624,1692255249628,1693227513863,9,4,5
16196,1693227513863,1692255249632,1692255249636,1693227513871,8,4,4
16197,1693227513871,1692255249639,1692255249642,1693227513878,7,3,4
16198,1693227513878,1692255249647,1692255249650,1693227513885,7,3,4
16199,1693227513885,1692255249658,1692255249661,1693227513897,12,3,9
16200,1693227513897,1692255249666,1692255249669,1693227513905,8,3,5
16201,1693227513905,1692255249674,1692255249676,1693227513912,7,2,5
16202,1693227513912,1692255249681,1692255249684,1693227513920,8,3,5
16203,1693227513920,1692255249689,1692255249692,1693227513927,7,3,4
16204,1693227513927,1692255249696,1692255249699,1693227513935,8,3,5
16205,1693227513935,1692255249704,1692255249707,1693227513942,7,3,4
16206,1693227513942,1692255249711,1692255249714,1693227513949,7,3,4
16207,1693227513949,1692255249718,1692255249721,1693227513956,7,3,4
16208,1693227513956,1692255249727,1692255249730,1693227513966,10,3,7
16209,1693227513966,1692255249735,1692255249738,1693227513973,7,3,4
16210,1693227513973,1692255249742,1692255249746,1693227513981,8,4,4
16211,1693227513981,1692255249751,1692255249755,1693227513990,9,4,5
16212,1693227513990,1692255249759,1692255249763,1693227513998,8,4,4
16213,1693227513998,1692255249768,1692255249771,1693227514006,8,3,5
16214,1693227514006,1692255249775,1692255249778,1693227514013,7,3,4
16215,1693227514013,1692255249783,1692255249786,1693227514021,8,3,5
16216,1693227514021,1692255249789,1692255249792,1693227514027,6,3,3
16217,1693227514027,1692255249796,1692255249799,1693227514035,8,3,5
16218,1693227514035,1692255249805,1692255249809,1693227514044,9,4,5
16219,1693227514044,1692255249813,1692255249817,1693227514052,8,4,4
16220,1693227514052,1692255249821,1692255249824,1693227514062,10,3,7
16221,1693227514062,1692255249831,1692255249834,1693227514069,7,3,4
16222,1693227514069,1692255249838,1692255249842,1693227514077,8,4,4
16223,1693227514077,1692255249846,1692255249849,1693227514085,8,3,5
16224,1693227514085,1692255249855,1692255249858,1693227514094,9,3,6
16225,1693227514094,1692255249862,1692255249865,1693227514100,6,3,3
16226,1693227514100,1692255249869,1692255249872,1693227514107,7,3,4
16227,1693227514107,1692255249875,1692255249879,1693227514115,8,4,4
16228,1693227514115,1692255249883,1692255249888,1693227514123,8,5,3
16229,1693227514123,1692255249892,1692255249896,1693227514131,8,4,4
16230,1693227514131,1692255249900,1692255249903,1693227514139,8,3,5
16231,1693227514139,1692255249908,1692255249911,1693227514146,7,3,4
16232,1693227514146,1692255249914,1692255249918,1693227514154,8,4,4
16233,1693227514154,1692255249922,1692255249925,1693227514161,7,3,4
16234,1693227514161,1692255249931,1692255249935,1693227514171,10,4,6
16235,1693227514171,1692255249940,1692255249942,1693227514178,7,2,5
16236,1693227514178,1692255249947,1692255249950,1693227514185,7,3,4
16237,1693227514185,1692255249954,1692255249957,1693227514192,7,3,4
16238,1693227514192,1692255249961,1692255249965,1693227514200,8,4,4
16239,1693227514200,1692255249969,1692255249974,1693227514209,9,5,4
16240,1693227514209,1692255249978,1692255249981,1693227514217,8,3,5
16241,1693227514217,1692255249986,1692255249989,1693227514224,7,3,4
16242,1693227514224,1692255249993,1692255249996,1693227514232,8,3,5
16243,1693227514232,1692255250002,1692255250006,1693227514241,9,4,5
16244,1693227514241,1692255250010,1692255250013,1693227514248,7,3,4
16245,1693227514248,1692255250017,1692255250020,1693227514256,8,3,5
16246,1693227514256,1692255250025,1692255250029,1693227514267,11,4,7
16247,1693227514267,1692255250035,1692255250039,1693227514275,8,4,4
16248,1693227514275,1692255250044,1692255250047,1693227514283,8,3,5
16249,1693227514283,1692255250052,1692255250055,1693227514291,8,3,5
16250,1693227514291,1692255250059,1692255250063,1693227514298,7,4,3
16251,1693227514298,1692255250067,1692255250071,1693227514307,9,4,5
16252,1693227514307,1692255250075,1692255250078,1693227514314,7,3,4
16253,1693227514314,1692255250083,1692255250087,1693227514323,9,4,5
16254,1693227514323,1692255250092,1692255250095,1693227514330,7,3,4
16255,1693227514330,1692255250099,1692255250103,1693227514338,8,4,4
16256,1693227514338,1692255250108,1692255250111,1693227514346,8,3,5
16257,1693227514346,1692255250115,1692255250119,1693227514354,8,4,4
16258,1693227514354,1692255250123,1692255250125,1693227514361,7,2,5
16259,1693227514361,1692255250130,1692255250133,1693227514370,9,3,6
16260,1693227514370,1692255250139,1692255250142,1693227514377,7,3,4
16261,1693227514377,1692255250146,1692255250150,1693227514385,8,4,4
16262,1693227514385,1692255250154,1692255250157,1693227514392,7,3,4
16263,1693227514392,1692255250161,1692255250168,1693227514403,11,7,4
16264,1693227514403,1692255250172,1692255250177,1693227514412,9,5,4
16265,1693227514412,1692255250181,1692255250184,1693227514420,8,3,5
16266,1693227514420,1692255250188,1692255250192,1693227514428,8,4,4
16267,1693227514428,1692255250197,1692255250201,1693227514436,8,4,4
16268,1693227514436,1692255250205,1692255250207,1693227514443,7,2,5
16269,1693227514443,1692255250213,1692255250216,1693227514452,9,3,6
16270,1693227514452,1692255250221,1692255250225,1693227514460,8,4,4
16271,1693227514460,1692255250229,1692255250232,1693227514468,8,3,5
16272,1693227514468,1692255250238,1692255250242,1693227514477,9,4,5
16273,1693227514478,1692255250247,1692255250250,1693227514485,7,3,4
16274,1693227514485,1692255250254,1692255250258,1693227514493,8,4,4
16275,1693227514493,1692255250265,1692255250268,1693227514504,11,3,8
16276,1693227514504,1692255250273,1692255250276,1693227514512,8,3,5
16277,1693227514512,1692255250281,1692255250284,1693227514520,8,3,5
16278,1693227514520,1692255250289,1692255250293,1693227514528,8,4,4
16279,1693227514528,1692255250297,1692255250300,1693227514536,8,3,5
16280,1693227514536,1692255250304,1692255250307,1693227514543,7,3,4
16281,1693227514543,1692255250312,1692255250316,1693227514551,8,4,4
16282,1693227514551,1692255250320,1692255250323,1693227514558,7,3,4
16283,1693227514558,1692255250327,1692255250331,1693227514566,8,4,4
16284,1693227514566,1692255250335,1692255250339,1693227514574,8,4,4
16285,1693227514574,1692255250343,1692255250347,1693227514582,8,4,4
16286,1693227514582,1692255250352,1692255250355,1693227514591,9,3,6
16287,1693227514591,1692255250360,1692255250363,1693227514599,8,3,5
16288,1693227514599,1692255250367,1692255250371,1693227514607,8,4,4
16289,1693227514607,1692255250375,1692255250381,1693227514617,10,6,4
16290,1693227514617,1692255250389,1692255250392,1693227514628,11,3,8
16291,1693227514628,1692255250396,1692255250400,1693227514635,7,4,3
16292,1693227514635,1692255250403,1692255250407,1693227514642,7,4,3
16293,1693227514642,1692255250411,1692255250414,1693227514650,8,3,5
16294,1693227514650,1692255250419,1692255250422,1693227514658,8,3,5
16295,1693227514658,1692255250427,1692255250430,1693227514666,8,3,5
16296,1693227514666,1692255250435,1692255250437,1693227514673,7,2,5
16297,1693227514673,1692255250444,1692255250447,1693227514686,13,3,10
16298,1693227514686,1692255250455,1692255250459,1693227514695,9,4,5
16299,1693227514695,1692255250464,1692255250467,1693227514703,8,3,5
16300,1693227514703,1692255250472,1692255250476,1693227514712,9,4,5
16301,1693227514712,1692255250481,1692255250484,1693227514719,7,3,4
16302,1693227514719,1692255250488,1692255250491,1693227514726,7,3,4
16303,1693227514726,1692255250495,1692255250498,1693227514734,8,3,5
16304,1693227514734,1692255250503,1692255250506,1693227514741,7,3,4
16305,1693227514741,1692255250510,1692255250513,1693227514748,7,3,4
16306,1693227514748,1692255250518,1692255250521,1693227514756,8,3,5
16307,1693227514756,1692255250526,1692255250529,1693227514765,9,3,6
16308,1693227514765,1692255250533,1692255250537,1693227514773,8,4,4
16309,1693227514773,1692255250541,1692255250545,1693227514780,7,4,3
16310,1693227514780,1692255250549,1692255250552,1693227514788,8,3,5
16311,1693227514788,1692255250558,1692255250561,1693227514796,8,3,5
16312,1693227514796,1692255250565,1692255250568,1693227514804,8,3,5
16313,1693227514804,1692255250572,1692255250576,1693227514811,7,4,3
16314,1693227514811,1692255250580,1692255250583,1693227514818,7,3,4
16315,1693227514818,1692255250588,1692255250590,1693227514826,8,2,6
16316,1693227514826,1692255250594,1692255250598,1693227514834,8,4,4
16317,1693227514834,1692255250603,1692255250606,1693227514841,7,3,4
16318,1693227514841,1692255250610,1692255250613,1693227514849,8,3,5
16319,1693227514849,1692255250617,1692255250620,1693227514855,6,3,3
16320,1693227514855,1692255250625,1692255250628,1693227514864,9,3,6
16321,1693227514864,1692255250633,1692255250638,1693227514873,9,5,4
16322,1693227514873,1692255250642,1692255250645,1693227514881,8,3,5
16323,1693227514881,1692255250650,1692255250654,1693227514889,8,4,4
16324,1693227514889,1692255250658,1692255250661,1693227514897,8,3,5
16325,1693227514897,1692255250665,1692255250668,1693227514903,6,3,3
16326,1693227514903,1692255250672,1692255250675,1693227514910,7,3,4
16327,1693227514910,1692255250679,1692255250682,1693227514918,8,3,5
16328,1693227514918,1692255250687,1692255250691,1693227514927,9,4,5
16329,1693227514927,1692255250695,1692255250698,1693227514934,7,3,4
16330,1693227514934,1692255250703,1692255250706,1693227514942,8,3,5
16331,1693227514942,1692255250711,1692255250714,1693227514950,8,3,5
16332,1693227514950,1692255250719,1692255250722,1693227514958,8,3,5
16333,1693227514958,1692255250727,1692255250732,1693227514967,9,5,4
16334,1693227514967,1692255250735,1692255250739,1693227514974,7,4,3
16335,1693227514974,1692255250743,1692255250747,1693227514984,10,4,6
16336,1693227514984,1692255250753,1692255250756,1693227514991,7,3,4
16337,1693227514991,1692255250760,1692255250765,1693227515001,10,5,5
16338,1693227515001,1692255250770,1692255250773,1693227515008,7,3,4
16339,1693227515008,1692255250777,1692255250780,1693227515016,8,3,5
16340,1693227515016,1692255250785,1692255250789,1693227515024,8,4,4
16341,1693227515024,1692255250793,1692255250796,1693227515031,7,3,4
16342,1693227515032,1692255250800,1692255250804,1693227515039,7,4,3
16343,1693227515039,1692255250808,1692255250812,1693227515048,9,4,5
16344,1693227515048,1692255250816,1692255250819,1693227515054,6,3,3
16345,1693227515054,1692255250822,1692255250828,1693227515064,10,6,4
16346,1693227515064,1692255250833,1692255250836,1693227515072,8,3,5
16347,1693227515072,1692255250841,1692255250844,1693227515079,7,3,4
16348,1693227515079,1692255250848,1692255250851,1693227515087,8,3,5
16349,1693227515087,1692255250855,1692255250858,1693227515093,6,3,3
16350,1693227515093,1692255250862,1692255250865,1693227515100,7,3,4
16351,1693227515100,1692255250869,1692255250872,1693227515107,7,3,4
16352,1693227515107,1692255250876,1692255250878,1693227515114,7,2,5
16353,1693227515114,1692255250883,1692255250886,1693227515122,8,3,5
16354,1693227515122,1692255250891,1692255250894,1693227515129,7,3,4
16355,1693227515129,1692255250898,1692255250901,1693227515137,8,3,5
16356,1693227515137,1692255250906,1692255250910,1693227515145,8,4,4
16357,1693227515145,1692255250914,1692255250918,1693227515153,8,4,4
16358,1693227515153,1692255250922,1692255250926,1693227515161,8,4,4
16359,1693227515161,1692255250931,1692255250935,1693227515170,9,4,5
16360,1693227515170,1692255250939,1692255250942,1693227515177,7,3,4
16361,1693227515177,1692255250946,1692255250950,1693227515186,9,4,5
16362,1693227515186,1692255250956,1692255250959,1693227515194,8,3,5
16363,1693227515194,1692255250963,1692255250967,1693227515202,8,4,4
16364,1693227515202,1692255250971,1692255250974,1693227515209,7,3,4
16365,1693227515209,1692255250978,1692255250981,1693227515216,7,3,4
16366,1693227515216,1692255250985,1692255250988,1693227515223,7,3,4
16367,1693227515224,1692255250993,1692255250996,1693227515232,8,3,5
16368,1693227515232,1692255251001,1692255251004,1693227515239,7,3,4
16369,1693227515239,1692255251009,1692255251012,1693227515247,8,3,5
16370,1693227515247,1692255251016,1692255251020,1693227515255,8,4,4
16371,1693227515255,1692255251024,1692255251027,1693227515263,8,3,5
16372,1693227515263,1692255251033,1692255251036,1693227515271,8,3,5
16373,1693227515271,1692255251041,1692255251045,1693227515281,10,4,6
16374,1693227515281,1692255251050,1692255251053,1693227515291,10,3,7
16375,1693227515291,1692255251060,1692255251063,1693227515299,8,3,5
16376,1693227515299,1692255251067,1692255251070,1693227515306,7,3,4
16377,1693227515306,1692255251075,1692255251079,1693227515315,9,4,5
16378,1693227515315,1692255251085,1692255251088,1693227515324,9,3,6
16379,1693227515324,1692255251093,1692255251097,1693227515332,8,4,4
16380,1693227515332,1692255251101,1692255251104,1693227515340,8,3,5
16381,1693227515340,1692255251109,1692255251112,1693227515348,8,3,5
16382,1693227515348,1692255251117,1692255251120,1693227515356,8,3,5
16383,1693227515356,1692255251125,1692255251127,1693227515363,7,2,5
16384,1693227515363,1692255251134,1692255251137,1693227515373,10,3,7
16385,1693227515373,1692255251142,1692255251146,1693227515382,9,4,5
16386,1693227515382,1692255251151,1692255251154,1693227515390,8,3,5
16387,1693227515390,1692255251161,1692255251164,1693227515400,10,3,7
16388,1693227515400,1692255251169,1692255251172,1693227515408,8,3,5
16389,1693227515408,1692255251177,1692255251181,1693227515416,8,4,4
16390,1693227515416,1692255251185,1692255251188,1693227515424,8,3,5
16391,1693227515424,1692255251193,1692255251196,1693227515432,8,3,5
16392,1693227515432,1692255251200,1692255251204,1693227515439,7,4,3
16393,1693227515439,1692255251207,1692255251210,1693227515446,7,3,4
16394,1693227515446,1692255251215,1692255251218,1693227515454,8,3,5
16395,1693227515454,1692255251222,1692255251226,1693227515461,7,4,3
16396,1693227515461,1692255251230,1692255251233,1693227515468,7,3,4
16397,1693227515468,1692255251238,1692255251241,1693227515477,9,3,6
16398,1693227515477,1692255251246,1692255251249,1693227515485,8,3,5
16399,1693227515485,1692255251254,1692255251258,1693227515496,11,4,7
16400,1693227515496,1692255251271,1692255251274,1693227515510,14,3,11
16401,1693227515510,1692255251278,1692255251281,1693227515516,6,3,3
16402,1693227515517,1692255251286,1692255251289,1693227515524,7,3,4
16403,1693227515524,1692255251294,1692255251297,1693227515532,8,3,5
16404,1693227515532,1692255251301,1692255251304,1693227515539,7,3,4
16405,1693227515539,1692255251308,1692255251311,1693227515547,8,3,5
16406,1693227515547,1692255251316,1692255251319,1693227515554,7,3,4
16407,1693227515554,1692255251323,1692255251326,1693227515562,8,3,5
16408,1693227515562,1692255251331,1692255251334,1693227515569,7,3,4
16409,1693227515569,1692255251339,1692255251342,1693227515577,8,3,5
16410,1693227515577,1692255251345,1692255251350,1693227515585,8,5,3
16411,1693227515585,1692255251354,1692255251358,1693227515593,8,4,4
16412,1693227515593,1692255251365,1692255251368,1693227515604,11,3,8
16413,1693227515604,1692255251373,1692255251376,1693227515611,7,3,4
16414,1693227515611,1692255251380,1692255251384,1693227515619,8,4,4
16415,1693227515619,1692255251387,1692255251391,1693227515627,8,4,4
16416,1693227515627,1692255251395,1692255251398,1693227515634,7,3,4
16417,1693227515634,1692255251403,1692255251406,1693227515641,7,3,4
16418,1693227515641,1692255251410,1692255251413,1693227515648,7,3,4
16419,1693227515648,1692255251417,1692255251420,1693227515655,7,3,4
16420,1693227515655,1692255251424,1692255251428,1693227515663,8,4,4
16421,1693227515663,1692255251432,1692255251435,1693227515670,7,3,4
16422,1693227515670,1692255251439,1692255251442,1693227515677,7,3,4
16423,1693227515677,1692255251446,1692255251449,1693227515685,8,3,5
16424,1693227515685,1692255251459,1692255251462,1693227515698,13,3,10
16425,1693227515698,1692255251468,1692255251471,1693227515707,9,3,6
16426,1693227515707,1692255251475,1692255251478,1693227515714,7,3,4
16427,1693227515714,1692255251483,1692255251486,1693227515721,7,3,4
16428,1693227515721,1692255251489,1692255251493,1693227515728,7,4,3
16429,1693227515728,1692255251497,1692255251500,1693227515736,8,3,5
16430,1693227515736,1692255251505,1692255251508,1693227515743,7,3,4
16431,1693227515743,1692255251512,1692255251515,1693227515751,8,3,5
16432,1693227515751,1692255251520,1692255251523,1693227515759,8,3,5
16433,1693227515759,1692255251528,1692255251532,1693227515767,8,4,4
16434,1693227515767,1692255251536,1692255251540,1693227515775,8,4,4
16435,1693227515775,1692255251545,1692255251550,1693227515785,10,5,5
16436,1693227515785,1692255251554,1692255251556,1693227515792,7,2,5
16437,1693227515792,1692255251561,1692255251565,1693227515805,13,4,9
16438,1693227515805,1692255251574,1692255251577,1693227515813,8,3,5
16439,1693227515813,1692255251582,1692255251585,1693227515820,7,3,4
16440,1693227515820,1692255251589,1692255251592,1693227515827,7,3,4
16441,1693227515827,1692255251596,1692255251599,1693227515835,8,3,5
16442,1693227515835,1692255251603,1692255251607,1693227515843,8,4,4
16443,1693227515843,1692255251612,1692255251615,1693227515851,8,3,5
16444,1693227515851,1692255251620,1692255251624,1693227515859,8,4,4
16445,1693227515859,1692255251628,1692255251631,1693227515866,7,3,4
16446,1693227515866,1692255251635,1692255251638,1693227515874,8,3,5
16447,1693227515874,1692255251643,1692255251647,1693227515883,9,4,5
16448,1693227515883,1692255251653,1692255251656,1693227515891,8,3,5
16449,1693227515892,1692255251661,1692255251666,1693227515902,10,5,5
16450,1693227515902,1692255251672,1692255251676,1693227515911,9,4,5
16451,1693227515911,1692255251680,1692255251684,1693227515919,8,4,4
16452,1693227515919,1692255251687,1692255251690,1693227515926,7,3,4
16453,1693227515926,1692255251695,1692255251698,1693227515934,8,3,5
16454,1693227515934,1692255251703,1692255251707,1693227515942,8,4,4
16455,1693227515942,1692255251711,1692255251714,1693227515949,7,3,4
16456,1693227515949,1692255251718,1692255251721,1693227515956,7,3,4
16457,1693227515956,1692255251726,1692255251729,1693227515964,8,3,5
16458,1693227515964,1692255251733,1692255251736,1693227515972,8,3,5
16459,1693227515972,1692255251741,1692255251744,1693227515979,7,3,4
16460,1693227515980,1692255251749,1692255251753,1693227515988,8,4,4
16461,1693227515988,1692255251757,1692255251760,1693227515995,7,3,4
16462,1693227515995,1692255251764,1692255251768,1693227516003,8,4,4
16463,1693227516003,1692255251772,1692255251775,1693227516010,7,3,4
16464,1693227516010,1692255251780,1692255251783,1693227516019,9,3,6
16465,1693227516019,1692255251788,1692255251791,1693227516026,7,3,4
16466,1693227516026,1692255251795,1692255251799,1693227516034,8,4,4
16467,1693227516034,1692255251804,1692255251807,1693227516042,8,3,5
16468,1693227516042,1692255251812,1692255251815,1693227516050,8,3,5
16469,1693227516050,1692255251819,1692255251823,1693227516058,8,4,4
16470,1693227516058,1692255251827,1692255251831,1693227516066,8,4,4
16471,1693227516066,1692255251835,1692255251838,1693227516073,7,3,4
16472,1693227516073,1692255251842,1692255251845,1693227516080,7,3,4
16473,1693227516080,1692255251849,1692255251853,1693227516088,8,4,4
16474,1693227516088,1692255251857,1692255251860,1693227516096,8,3,5
16475,1693227516096,1692255251865,1692255251868,1693227516104,8,3,5
16476,1693227516104,1692255251873,1692255251876,1693227516111,7,3,4
16477,1693227516111,1692255251880,1692255251884,1693227516119,8,4,4
16478,1693227516119,1692255251888,1692255251891,1693227516126,7,3,4
16479,1693227516126,1692255251895,1692255251901,1693227516138,12,6,6
16480,1693227516138,1692255251907,1692255251910,1693227516146,8,3,5
16481,1693227516146,1692255251915,1692255251919,1693227516154,8,4,4
16482,1693227516154,1692255251923,1692255251927,1693227516163,9,4,5
16483,1693227516163,1692255251932,1692255251935,1693227516170,7,3,4
16484,1693227516171,1692255251939,1692255251942,1693227516178,7,3,4
16485,1693227516178,1692255251947,1692255251950,1693227516186,8,3,5
16486,1693227516186,1692255251955,1692255251958,1693227516193,7,3,4
16487,1693227516193,1692255251963,1692255251966,1693227516202,9,3,6
16488,1693227516202,1692255251971,1692255251974,1693227516209,7,3,4
16489,1693227516209,1692255251980,1692255251983,1693227516219,10,3,7
16490,1693227516219,1692255251988,1692255251991,1693227516226,7,3,4
16491,1693227516226,1692255251995,1692255251999,1693227516234,8,4,4
16492,1693227516234,1692255252003,1692255252006,1693227516242,8,3,5
16493,1693227516242,1692255252011,1692255252014,1693227516249,7,3,4
16494,1693227516249,1692255252019,1692255252022,1693227516257,8,3,5
16495,1693227516257,1692255252026,1692255252030,1693227516265,8,4,4
16496,1693227516265,1692255252034,1692255252037,1693227516272,7,3,4
16497,1693227516272,1692255252041,1692255252045,1693227516280,8,4,4
16498,1693227516281,1692255252050,1692255252053,1693227516289,8,3,5
16499,1693227516289,1692255252059,1692255252062,1693227516298,9,3,6
16500,1693227516298,1692255252067,1692255252071,1693227516306,8,4,4
16501,1693227516306,1692255252075,1692255252078,1693227516315,9,3,6
16502,1693227516315,1692255252083,1692255252088,1693227516324,9,5,4
16503,1693227516324,1692255252093,1692255252096,1693227516331,7,3,4
16504,1693227516331,1692255252100,1692255252104,1693227516339,8,4,4
16505,1693227516339,1692255252108,1692255252111,1693227516347,8,3,5
16506,1693227516347,1692255252116,1692255252119,1693227516354,7,3,4
16507,1693227516354,1692255252123,1692255252126,1693227516361,7,3,4
16508,1693227516361,1692255252130,1692255252134,1693227516370,9,4,5
16509,1693227516370,1692255252138,1692255252141,1693227516376,6,3,3
16510,1693227516376,1692255252145,1692255252148,1693227516384,8,3,5
16511,1693227516384,1692255252153,1692255252156,1693227516391,7,3,4
16512,1693227516391,1692255252161,1692255252164,1693227516400,9,3,6
16513,1693227516400,1692255252168,1692255252171,1693227516407,7,3,4
16514,1693227516407,1692255252175,1692255252179,1693227516415,8,4,4
16515,1693227516415,1692255252185,1692255252188,1693227516424,9,3,6
16516,1693227516424,1692255252193,1692255252196,1693227516432,8,3,5
16517,1693227516432,1692255252201,1692255252204,1693227516440,8,3,5
16518,1693227516440,1692255252210,1692255252214,1693227516450,10,4,6
16519,1693227516450,1692255252219,1692255252222,1693227516458,8,3,5
16520,1693227516458,1692255252227,1692255252230,1693227516466,8,3,5
16521,1693227516466,1692255252235,1692255252241,1693227516476,10,6,4
16522,1693227516477,1692255252245,1692255252248,1693227516484,7,3,4
16523,1693227516484,1692255252253,1692255252256,1693227516491,7,3,4
16524,1693227516491,1692255252266,1692255252270,1693227516505,14,4,10
16525,1693227516506,1692255252275,1692255252279,1693227516514,8,4,4
16526,1693227516514,1692255252283,1692255252286,1693227516521,7,3,4
16527,1693227516521,1692255252289,1692255252293,1693227516528,7,4,3
16528,1693227516528,1692255252299,1692255252302,1693227516537,9,3,6
16529,1693227516537,1692255252306,1692255252310,1693227516545,8,4,4
16530,1693227516545,1692255252314,1692255252317,1693227516552,7,3,4
16531,1693227516552,1692255252322,1692255252324,1693227516560,8,2,6
16532,1693227516560,1692255252328,1692255252332,1693227516567,7,4,3
16533,1693227516567,1692255252336,1692255252339,1693227516575,8,3,5
16534,1693227516575,1692255252344,1692255252347,1693227516583,8,3,5
16535,1693227516583,1692255252352,1692255252356,1693227516591,8,4,4
16536,1693227516591,1692255252360,1692255252364,1693227516599,8,4,4
16537,1693227516599,1692255252368,1692255252373,1693227516608,9,5,4
16538,1693227516608,1692255252378,1692255252381,1693227516616,8,3,5
16539,1693227516616,1692255252385,1692255252388,1693227516623,7,3,4
16540,1693227516623,1692255252393,1692255252397,1693227516632,9,4,5
16541,1693227516632,1692255252401,1692255252404,1693227516640,8,3,5
16542,1693227516640,1692255252408,1692255252411,1693227516647,7,3,4
16543,1693227516647,1692255252415,1692255252418,1693227516654,7,3,4
16544,1693227516654,1692255252422,1692255252425,1693227516661,7,3,4
16545,1693227516661,1692255252430,1692255252433,1693227516669,8,3,5
16546,1693227516669,1692255252438,1692255252440,1693227516676,7,2,5
16547,1693227516676,1692255252445,1692255252448,1693227516683,7,3,4
16548,1693227516683,1692255252452,1692255252455,1693227516691,8,3,5
16549,1693227516691,1692255252460,1692255252463,1693227516698,7,3,4
16550,1693227516875,1692255252644,1692255252648,1693227516884,9,4,5
16551,1693227516884,1692255252653,1692255252656,1693227516894,10,3,7
16552,1693227516894,1692255252663,1692255252667,1693227516903,9,4,5
16553,1693227516903,1692255252674,1692255252681,1693227516917,14,7,7
16554,1693227516917,1692255252686,1692255252690,1693227516926,9,4,5
16555,1693227516926,1692255252697,1692255252701,1693227516937,11,4,7
16556,1693227516937,1692255252707,1692255252711,1693227516946,9,4,5
16557,1693227516946,1692255252716,1692255252720,1693227516956,10,4,6
16558,1693227516956,1692255252726,1692255252730,1693227516966,10,4,6
16559,1693227516966,1692255252736,1692255252740,1693227516976,10,4,6
16560,1693227516976,1692255252746,1692255252751,1693227516987,11,5,6
16561,1693227516987,1692255252757,1692255252760,1693227516996,9,3,6
16562,1693227516996,1692255252765,1692255252769,1693227517005,9,4,5
16563,1693227517005,1692255252775,1692255252779,1693227517015,10,4,6
16564,1693227517015,1692255252785,1692255252789,1693227517025,10,4,6
16565,1693227517025,1692255252794,1692255252798,1693227517033,8,4,4
16566,1693227517033,1692255252803,1692255252807,1693227517042,9,4,5
16567,1693227517042,1692255252811,1692255252815,1693227517051,9,4,5
16568,1693227517051,1692255252820,1692255252824,1693227517059,8,4,4
16569,1693227517059,1692255252829,1692255252832,1693227517068,9,3,6
16570,1693227517068,1692255252838,1692255252842,1693227517077,9,4,5
16571,1693227517077,1692255252847,1692255252853,1693227517089,12,6,6
16572,1693227517089,1692255252858,1692255252862,1693227517098,9,4,5
16573,1693227517098,1692255252867,1692255252871,1693227517106,8,4,4
16574,1693227517106,1692255252876,1692255252879,1693227517116,10,3,7
16575,1693227517116,1692255252886,1692255252889,1693227517124,8,3,5
16576,1693227517124,1692255252894,1692255252899,1693227517135,11,5,6
16577,1693227517135,1692255252906,1692255252909,1693227517146,11,3,8
16578,1693227517146,1692255252918,1692255252921,1693227517157,11,3,8
16579,1693227517157,1692255252928,1692255252931,1693227517166,9,3,6
16580,1693227517166,1692255252936,1692255252939,1693227517174,8,3,5
16581,1693227517174,1692255252946,1692255252950,1693227517186,12,4,8
16582,1693227517186,1692255252955,1692255252959,1693227517195,9,4,5
16583,1693227517195,1692255252965,1692255252968,1693227517203,8,3,5
16584,1693227517203,1692255252973,1692255252976,1693227517212,9,3,6
16585,1693227517212,1692255252982,1692255252985,1693227517221,9,3,6
16586,1693227517221,1692255252990,1692255252994,1693227517229,8,4,4
16587,1693227517229,1692255252999,1692255253002,1693227517238,9,3,6
16588,1693227517238,1692255253008,1692255253012,1693227517247,9,4,5
16589,1693227517247,1692255253018,1692255253023,1693227517258,11,5,6
16590,1693227517258,1692255253028,1692255253032,1693227517268,10,4,6
16591,1693227517268,1692255253038,1692255253042,1693227517278,10,4,6
16592,1693227517278,1692255253048,1692255253052,1693227517287,9,4,5
16593,1693227517287,1692255253056,1692255253060,1693227517296,9,4,5
16594,1693227517296,1692255253066,1692255253070,1693227517305,9,4,5
16595,1693227517305,1692255253074,1692255253078,1693227517314,9,4,5
16596,1693227517314,1692255253083,1692255253087,1693227517323,9,4,5
16597,1693227517323,1692255253092,1692255253096,1693227517331,8,4,4
16598,1693227517331,1692255253101,1692255253104,1693227517340,9,3,6
16599,1693227517340,1692255253110,1692255253114,1693227517350,10,4,6
16600,1693227517350,1692255253119,1692255253122,1693227517358,8,3,5
16601,1693227517358,1692255253128,1692255253131,1693227517367,9,3,6
16602,1693227517367,1692255253136,1692255253139,1693227517375,8,3,5
16603,1693227517375,1692255253144,1692255253148,1693227517383,8,4,4
16604,1693227517383,1692255253153,1692255253157,1693227517392,9,4,5
16605,1693227517392,1692255253162,1692255253166,1693227517401,9,4,5
16606,1693227517401,1692255253171,1692255253175,1693227517410,9,4,5
16607,1693227517410,1692255253179,1692255253183,1693227517419,9,4,5
16608,1693227517419,1692255253188,1692255253191,1693227517427,8,3,5
16609,1693227517427,1692255253197,1692255253200,1693227517435,8,3,5
16610,1693227517435,1692255253205,1692255253209,1693227517444,9,4,5
16611,1693227517445,1692255253214,1692255253218,1693227517453,8,4,4
16612,1693227517453,1692255253222,1692255253226,1693227517461,8,4,4
16613,1693227517462,1692255253231,1692255253235,1693227517470,8,4,4
16614,1693227517470,1692255253239,1692255253242,1693227517478,8,3,5
16615,1693227517478,1692255253247,1692255253251,1693227517487,9,4,5
16616,1693227517487,1692255253257,1692255253260,1693227517496,9,3,6
16617,1693227517496,1692255253266,1692255253269,1693227517505,9,3,6
16618,1693227517505,1692255253275,1692255253278,1693227517513,8,3,5
16619,1693227517514,1692255253283,1692255253286,1693227517522,8,3,5
16620,1693227517522,1692255253294,1692255253297,1693227517533,11,3,8
16621,1693227517533,1692255253303,1692255253306,1693227517544,11,3,8
16622,1693227517544,1692255253314,1692255253318,1693227517553,9,4,5
16623,1693227517553,1692255253323,1692255253327,1693227517563,10,4,6
16624,1693227517563,1692255253333,1692255253337,1693227517573,10,4,6
16625,1693227517573,1692255253342,1692255253349,1693227517585,12,7,5
16626,1693227517585,1692255253355,1692255253360,1693227517596,11,5,6
16627,1693227517596,1692255253366,1692255253370,1693227517605,9,4,5
16628,1693227517605,1692255253375,1692255253379,1693227517614,9,4,5
16629,1693227517614,1692255253383,1692255253387,1693227517622,8,4,4
16630,1693227517622,1692255253391,1692255253395,1693227517630,8,4,4
16631,1693227517630,1692255253400,1692255253403,1693227517638,8,3,5
16632,1693227517638,1692255253407,1692255253411,1693227517647,9,4,5
16633,1693227517647,1692255253417,1692255253420,1693227517656,9,3,6
16634,1693227517656,1692255253425,1692255253429,1693227517664,8,4,4
16635,1693227517664,1692255253434,1692255253437,1693227517672,8,3,5
16636,1693227517672,1692255253442,1692255253446,1693227517681,9,4,5
16637,1693227517681,1692255253451,1692255253455,1693227517691,10,4,6
16638,1693227517691,1692255253460,1692255253464,1693227517704,13,4,9
16639,1693227517704,1692255253473,1692255253477,1693227517713,9,4,5
16640,1693227517713,1692255253483,1692255253486,1693227517721,8,3,5
16641,1693227517721,1692255253490,1692255253494,1693227517730,9,4,5
16642,1693227517730,1692255253499,1692255253502,1693227517737,7,3,4
16643,1693227517737,1692255253507,1692255253511,1693227517748,11,4,7
16644,1693227517748,1692255253518,1692255253522,1693227517758,10,4,6
16645,1693227517758,1692255253527,1692255253531,1693227517766,8,4,4
16646,1693227517766,1692255253536,1692255253539,1693227517775,9,3,6
16647,1693227517775,1692255253544,1692255253549,1693227517784,9,5,4
16648,1693227517784,1692255253554,1692255253558,1693227517794,10,4,6
16649,1693227517794,1692255253563,1692255253567,1693227517803,9,4,5
16650,1693227517803,1692255253572,1692255253577,1693227517812,9,5,4
16651,1693227517812,1692255253582,1692255253586,1693227517822,10,4,6
16652,1693227517822,1692255253592,1692255253596,1693227517832,10,4,6
16653,1693227517832,1692255253602,1692255253606,1693227517842,10,4,6
16654,1693227517842,1692255253612,1692255253617,1693227517852,10,5,5
16655,1693227517852,1692255253622,1692255253626,1693227517862,10,4,6
16656,1693227517862,1692255253632,1692255253636,1693227517871,9,4,5
16657,1693227517871,1692255253640,1692255253644,1693227517879,8,4,4
16658,1693227517879,1692255253649,1692255253653,1693227517888,9,4,5
16659,1693227517888,1692255253658,1692255253662,1693227517898,10,4,6
16660,1693227517898,1692255253668,1692255253672,1693227517908,10,4,6
16661,1693227517908,1692255253678,1692255253682,1693227517918,10,4,6
16662,1693227517918,1692255253687,1692255253693,1693227517929,11,6,5
16663,1693227517929,1692255253698,1692255253702,1693227517938,9,4,5
16664,1693227517938,1692255253707,1692255253711,1693227517946,8,4,4
16665,1693227517946,1692255253716,1692255253720,1693227517956,10,4,6
16666,1693227517956,1692255253726,1692255253730,1693227517965,9,4,5
16667,1693227517965,1692255253735,1692255253739,1693227517974,9,4,5
16668,1693227517975,1692255253747,1692255253750,1693227517986,11,3,8
16669,1693227517986,1692255253756,1692255253760,1693227517995,9,4,5
16670,1693227517995,1692255253765,1692255253769,1693227518004,9,4,5
16671,1693227518004,1692255253775,1692255253779,1693227518015,11,4,7
16672,1693227518015,1692255253784,1692255253789,1693227518024,9,5,4
16673,1693227518025,1692255253795,1692255253798,1693227518036,11,3,8
16674,1693227518036,1692255253806,1692255253810,1693227518045,9,4,5
16675,1693227518045,1692255253814,1692255253819,1693227518056,11,5,6
16676,1693227518056,1692255253825,1692255253830,1693227518065,9,5,4
16677,1693227518065,1692255253835,1692255253840,1693227518075,10,5,5
16678,1693227518075,1692255253844,1692255253848,1693227518084,9,4,5
16679,1693227518084,1692255253854,1692255253858,1693227518094,10,4,6
16680,1693227518094,1692255253863,1692255253867,1693227518103,9,4,5
16681,1693227518103,1692255253874,1692255253877,1693227518113,10,3,7
16682,1693227518113,1692255253883,1692255253888,1693227518123,10,5,5
16683,1693227518123,1692255253894,1692255253899,1693227518135,12,5,7
16684,1693227518135,1692255253905,1692255253910,1693227518146,11,5,6
16685,1693227518146,1692255253918,1692255253922,1693227518158,12,4,8
16686,1693227518158,1692255253928,1692255253933,1693227518169,11,5,6
16687,1693227518169,1692255253939,1692255253944,1693227518179,10,5,5
16688,1693227518179,1692255253950,1692255253956,1693227518192,13,6,7
16689,1693227518192,1692255253962,1692255253967,1693227518202,10,5,5
16690,1693227518202,1692255253972,1692255253977,1693227518213,11,5,6
16691,1693227518213,1692255253983,1692255253987,1693227518223,10,4,6
16692,1693227518223,1692255253994,1692255253999,1693227518235,12,5,7
16693,1693227518235,1692255254008,1692255254013,1693227518248,13,5,8
16694,1693227518248,1692255254019,1692255254023,1693227518260,12,4,8
16695,1693227518261,1692255254031,1692255254036,1693227518271,10,5,5
16696,1693227518271,1692255254041,1692255254047,1693227518282,11,6,5
16697,1693227518282,1692255254057,1692255254063,1693227518299,17,6,11
16698,1693227518299,1692255254069,1692255254074,1693227518310,11,5,6
16699,1693227518310,1692255254080,1692255254088,1693227518324,14,8,6
16700,1693227518324,1692255254094,1692255254099,1693227518335,11,5,6
16701,1693227518335,1692255254105,1692255254110,1693227518346,11,5,6
16702,1693227518346,1692255254116,1692255254121,1693227518357,11,5,6
16703,1693227518357,1692255254127,1692255254132,1693227518367,10,5,5
16704,1693227518368,1692255254138,1692255254143,1693227518378,10,5,5
16705,1693227518378,1692255254148,1692255254154,1693227518389,11,6,5
16706,1693227518389,1692255254160,1692255254165,1693227518400,11,5,6
16707,1693227518400,1692255254176,1692255254180,1693227518416,16,4,12
16708,1693227518416,1692255254187,1692255254192,1693227518427,11,5,6
16709,1693227518427,1692255254200,1692255254205,1693227518440,13,5,8
16710,1693227518440,1692255254212,1692255254217,1693227518453,13,5,8
16711,1693227518453,1692255254223,1692255254227,1693227518465,12,4,8
16712,1693227518465,1692255254239,1692255254244,1693227518479,14,5,9
16713,1693227518479,1692255254250,1692255254254,1693227518491,12,4,8
16714,1693227518491,1692255254261,1692255254265,1693227518501,10,4,6
16715,1693227518501,1692255254271,1692255254275,1693227518511,10,4,6
16716,1693227518511,1692255254280,1692255254285,1693227518520,9,5,4
16717,1693227518520,1692255254293,1692255254297,1693227518533,13,4,9
16718,1693227518533,1692255254303,1692255254307,1693227518542,9,4,5
16719,1693227518542,1692255254312,1692255254316,1693227518551,9,4,5
16720,1693227518552,1692255254322,1692255254326,1693227518561,9,4,5
16721,1693227518561,1692255254331,1692255254335,1693227518570,9,4,5
16722,1693227518570,1692255254341,1692255254345,1693227518581,11,4,7
16723,1693227518581,1692255254351,1692255254356,1693227518591,10,5,5
16724,1693227518591,1692255254361,1692255254365,1693227518601,10,4,6
16725,1693227518601,1692255254371,1692255254375,1693227518611,10,4,6
16726,1693227518611,1692255254381,1692255254386,1693227518621,10,5,5
16727,1693227518621,1692255254391,1692255254395,1693227518631,10,4,6
16728,1693227518631,1692255254401,1692255254406,1693227518641,10,5,5
16729,1693227518641,1692255254411,1692255254416,1693227518651,10,5,5
16730,1693227518651,1692255254422,1692255254427,1693227518662,11,5,6
16731,1693227518662,1692255254433,1692255254438,1693227518673,11,5,6
16732,1693227518673,1692255254443,1692255254449,1693227518685,12,6,6
16733,1693227518685,1692255254455,1692255254460,1693227518695,10,5,5
16734,1693227518695,1692255254465,1692255254470,1693227518710,15,5,10
16735,1693227518710,1692255254481,1692255254485,1693227518721,11,4,7
16736,1693227518721,1692255254491,1692255254497,1693227518733,12,6,6
16737,1693227518733,1692255254502,1692255254506,1693227518741,8,4,4
16738,1693227518741,1692255254511,1692255254515,1693227518751,10,4,6
16739,1693227518751,1692255254520,1692255254524,1693227518760,9,4,5
16740,1693227518760,1692255254530,1692255254535,1693227518773,13,5,8
16741,1693227518773,1692255254543,1692255254547,1693227518783,10,4,6
16742,1693227518783,1692255254553,1692255254557,1693227518792,9,4,5
16743,1693227518793,1692255254562,1692255254566,1693227518802,9,4,5
16744,1693227518802,1692255254572,1692255254575,1693227518811,9,3,6
16745,1693227518811,1692255254580,1692255254585,1693227518820,9,5,4
16746,1693227518820,1692255254590,1692255254595,1693227518831,11,5,6
16747,1693227518831,1692255254601,1692255254605,1693227518842,11,4,7
16748,1693227518842,1692255254612,1692255254616,1693227518852,10,4,6
16749,1693227518852,1692255254622,1692255254626,1693227518862,10,4,6
16750,1693227518862,1692255254631,1692255254635,1693227518870,8,4,4
16751,1693227518871,1692255254642,1692255254646,1693227518882,11,4,7
16752,1693227518882,1692255254651,1692255254655,1693227518891,9,4,5
16753,1693227518891,1692255254661,1692255254665,1693227518900,9,4,5
16754,1693227518900,1692255254670,1692255254674,1693227518910,10,4,6
16755,1693227518910,1692255254680,1692255254684,1693227518920,10,4,6
16756,1693227518920,1692255254689,1692255254693,1693227518929,9,4,5
16757,1693227518929,1692255254699,1692255254704,1693227518940,11,5,6
16758,1693227518940,1692255254710,1692255254714,1693227518950,10,4,6
16759,1693227518950,1692255254719,1692255254723,1693227518958,8,4,4
16760,1693227518958,1692255254729,1692255254733,1693227518969,11,4,7
16761,1693227518969,1692255254738,1692255254742,1693227518977,8,4,4
16762,1693227518977,1692255254747,1692255254751,1693227518987,10,4,6
16763,1693227518987,1692255254757,1692255254760,1693227518996,9,3,6
16764,1693227518996,1692255254766,1692255254770,1693227519005,9,4,5
16765,1693227519005,1692255254775,1692255254779,1693227519015,10,4,6
16766,1693227519015,1692255254785,1692255254788,1693227519024,9,3,6
16767,1693227519024,1692255254794,1692255254798,1693227519034,10,4,6
16768,1693227519034,1692255254804,1692255254808,1693227519044,10,4,6
16769,1693227519044,1692255254814,1692255254818,1693227519054,10,4,6
16770,1693227519054,1692255254824,1692255254830,1693227519065,11,6,5
16771,1693227519065,1692255254836,1692255254843,1693227519080,15,7,8
16772,1693227519080,1692255254850,1692255254855,1693227519090,10,5,5
16773,1693227519090,1692255254860,1692255254868,1693227519103,13,8,5
16774,1693227519104,1692255254873,1692255254878,1693227519114,10,5,5
16775,1693227519114,1692255254887,1692255254891,1693227519127,13,4,9
16776,1693227519127,1692255254896,1692255254901,1693227519136,9,5,4
16777,1693227519136,1692255254906,1692255254910,1693227519146,10,4,6
16778,1693227519146,1692255254915,1692255254920,1693227519155,9,5,4
16779,1693227519155,1692255254925,1692255254930,1693227519166,11,5,6
16780,1693227519166,1692255254937,1692255254941,1693227519177,11,4,7
16781,1693227519177,1692255254947,1692255254950,1693227519186,9,3,6
16782,1693227519186,1692255254956,1692255254961,1693227519196,10,5,5
16783,1693227519196,1692255254966,1692255254971,1693227519207,11,5,6
16784,1693227519207,1692255254977,1692255254982,1693227519217,10,5,5
16785,1693227519217,1692255254988,1692255254991,1693227519227,10,3,7
16786,1693227519227,1692255254997,1692255255001,1693227519237,10,4,6
16787,1693227519237,1692255255007,1692255255012,1693227519248,11,5,6
16788,1693227519248,1692255255017,1692255255021,1693227519257,9,4,5
16789,1693227519257,1692255255027,1692255255031,1693227519267,10,4,6
16790,1693227519267,1692255255037,1692255255042,1693227519277,10,5,5
16791,1693227519277,1692255255047,1692255255052,1693227519288,11,5,6
16792,1693227519288,1692255255058,1692255255063,1693227519298,10,5,5
16793,1693227519298,1692255255068,1692255255073,1693227519308,10,5,5
16794,1693227519308,1692255255079,1692255255082,1693227519318,10,3,7
16795,1693227519318,1692255255087,1692255255091,1693227519327,9,4,5
16796,1693227519327,1692255255097,1692255255101,1693227519337,10,4,6
16797,1693227519337,1692255255106,1692255255110,1693227519345,8,4,4
16798,1693227519346,1692255255115,1692255255120,1693227519356,10,5,5
16799,1693227519356,1692255255126,1692255255130,1693227519366,10,4,6
16800,1693227519366,1692255255136,1692255255141,1693227519376,10,5,5
16801,1693227519376,1692255255147,1692255255151,1693227519387,11,4,7
16802,1693227519387,1692255255160,1692255255165,1693227519401,14,5,9
16803,1693227519401,1692255255176,1692255255180,1693227519416,15,4,11
16804,1693227519416,1692255255191,1692255255196,1693227519432,16,5,11
16805,1693227519432,1692255255202,1692255255206,1693227519442,10,4,6
16806,1693227519442,1692255255212,1692255255216,1693227519451,9,4,5
16807,1693227519451,1692255255221,1692255255226,1693227519461,10,5,5
16808,1693227519461,1692255255232,1692255255235,1693227519472,11,3,8
16809,1693227519472,1692255255242,1692255255246,1693227519481,9,4,5
16810,1693227519481,1692255255251,1692255255257,1693227519493,12,6,6
16811,1693227519493,1692255255267,1692255255271,1693227519507,14,4,10
16812,1693227519507,1692255255277,1692255255281,1693227519516,9,4,5
16813,1693227519516,1692255255286,1692255255290,1693227519526,10,4,6
16814,1693227519526,1692255255296,1692255255300,1693227519536,10,4,6
16815,1693227519536,1692255255306,1692255255309,1693227519545,9,3,6
16816,1693227519545,1692255255314,1692255255319,1693227519555,10,5,5
16817,1693227519555,1692255255324,1692255255328,1693227519564,9,4,5
16818,1693227519564,1692255255333,1692255255337,1693227519574,10,4,6
16819,1693227519574,1692255255344,1692255255348,1693227519583,9,4,5
16820,1693227519583,1692255255354,1692255255358,1693227519594,11,4,7
16821,1693227519594,1692255255363,1692255255367,1693227519602,8,4,4
16822,1693227519602,1692255255372,1692255255376,1693227519612,10,4,6
16823,1693227519612,1692255255381,1692255255385,1693227519621,9,4,5
16824,1693227519621,1692255255391,1692255255395,1693227519631,10,4,6
16825,1693227519631,1692255255400,1692255255404,1693227519640,9,4,5
16826,1693227519640,1692255255411,1692255255415,1693227519651,11,4,7
16827,1693227519651,1692255255421,1692255255425,1693227519661,10,4,6
16828,1693227519661,1692255255438,1692255255442,1693227519682,21,4,17
16829,1693227519682,1692255255465,1692255255469,1693227519708,26,4,22
16830,1693227519708,1692255255478,1692255255482,1693227519718,10,4,6
16831,1693227519718,1692255255489,1692255255493,1693227519728,10,4,6
16832,1693227519728,1692255255499,1692255255503,1693227519738,10,4,6
16833,1693227519738,1692255255508,1692255255512,1693227519748,10,4,6
16834,1693227519748,1692255255517,1692255255521,1693227519756,8,4,4
16835,1693227519756,1692255255527,1692255255531,1693227519766,10,4,6
16836,1693227519766,1692255255536,1692255255540,1693227519777,11,4,7
16837,1693227519777,1692255255548,1692255255553,1693227519789,12,5,7
16838,1693227519789,1692255255559,1692255255563,1693227519799,10,4,6
16839,1693227519799,1692255255569,1692255255574,1693227519810,11,5,6
16840,1693227519810,1692255255585,1692255255592,1693227519828,18,7,11
16841,1693227519828,1692255255599,1692255255603,1693227519839,11,4,7
16842,1693227519839,1692255255609,1692255255613,1693227519849,10,4,6
16843,1693227519849,1692255255618,1692255255622,1693227519862,13,4,9
16844,1693227519862,1692255255674,1692255255678,1693227519914,52,4,48
16845,1693227519914,1692255255685,1692255255689,1693227519924,10,4,6
16846,1693227519924,1692255255695,1692255255702,1693227519937,13,7,6
16847,1693227519937,1692255255708,1692255255712,1693227519948,11,4,7
16848,1693227519948,1692255255717,1692255255721,1693227519957,9,4,5
16849,1693227519957,1692255255727,1692255255731,1693227519972,15,4,11
16850,1693227519972,1692255255760,1692255255764,1693227520001,29,4,25
16851,1693227520001,1692255255800,1692255255803,1693227520039,38,3,35
16852,1693227520039,1692255255808,1692255255813,1693227520048,9,5,4
16853,1693227520048,1692255255818,1692255255822,1693227520058,10,4,6
16854,1693227520058,1692255255828,1692255255831,1693227520067,9,3,6
16855,1693227520067,1692255255836,1692255255839,1693227520075,8,3,5
16856,1693227520075,1692255255845,1692255255849,1693227520085,10,4,6
16857,1693227520085,1692255255854,1692255255858,1693227520094,9,4,5
16858,1693227520094,1692255255864,1692255255868,1693227520104,10,4,6
16859,1693227520104,1692255255874,1692255255878,1693227520114,10,4,6
16860,1693227520114,1692255255884,1692255255888,1693227520124,10,4,6
16861,1693227520124,1692255255894,1692255255898,1693227520133,9,4,5
16862,1693227520133,1692255255903,1692255255907,1693227520143,10,4,6
16863,1693227520144,1692255255914,1692255255918,1693227520154,10,4,6
16864,1693227520154,1692255255924,1692255255929,1693227520165,11,5,6
16865,1693227520165,1692255255934,1692255255938,1693227520174,9,4,5
16866,1693227520174,1692255255944,1692255255948,1693227520183,9,4,5
16867,1693227520183,1692255255953,1692255255957,1693227520193,10,4,6
16868,1693227520193,1692255255963,1692255255966,1693227520202,9,3,6
16869,1693227520202,1692255255974,1692255255979,1693227520214,12,5,7
16870,1693227520214,1692255255984,1692255255988,1693227520224,10,4,6
16871,1693227520224,1692255255994,1692255255998,1693227520234,10,4,6
16872,1693227520234,1692255256005,1692255256010,1693227520245,11,5,6
16873,1693227520245,1692255256016,1692255256020,1693227520256,11,4,7
16874,1693227520256,1692255256025,1692255256029,1693227520264,8,4,4
16875,1693227520264,1692255256034,1692255256037,1693227520272,8,3,5
16876,1693227520272,1692255256042,1692255256046,1693227520281,9,4,5
16877,1693227520281,1692255256051,1692255256055,1693227520290,9,4,5
16878,1693227520290,1692255256060,1692255256064,1693227520299,9,4,5
16879,1693227520299,1692255256069,1692255256072,1693227520309,10,3,7
16880,1693227520309,1692255256078,1692255256082,1693227520318,9,4,5
16881,1693227520318,1692255256087,1692255256090,1693227520326,8,3,5
16882,1693227520326,1692255256095,1692255256099,1693227520335,9,4,5
16883,1693227520335,1692255256104,1692255256109,1693227520344,9,5,4
16884,1693227520344,1692255256114,1692255256118,1693227520354,10,4,6
16885,1693227520354,1692255256124,1692255256129,1693227520364,10,5,5
16886,1693227520364,1692255256134,1692255256138,1693227520374,10,4,6
16887,1693227520374,1692255256144,1692255256148,1693227520384,10,4,6
16888,1693227520384,1692255256154,1692255256158,1693227520394,10,4,6
16889,1693227520394,1692255256164,1692255256168,1693227520404,10,4,6
16890,1693227520404,1692255256174,1692255256178,1693227520414,10,4,6
16891,1693227520414,1692255256183,1692255256187,1693227520423,9,4,5
16892,1693227520424,1692255256193,1692255256197,1693227520433,9,4,5
16893,1693227520433,1692255256202,1692255256207,1693227520442,9,5,4
16894,1693227520442,1692255256212,1692255256218,1693227520453,11,6,5
16895,1693227520453,1692255256223,1692255256228,1693227520464,11,5,6
16896,1693227520464,1692255256235,1692255256240,1693227520475,11,5,6
16897,1693227520475,1692255256246,1692255256250,1693227520486,11,4,7
16898,1693227520486,1692255256257,1692255256262,1693227520497,11,5,6
16899,1693227520497,1692255256269,1692255256274,1693227520510,13,5,8
16900,1693227520510,1692255256282,1692255256287,1693227520523,13,5,8
16901,1693227520523,1692255256295,1692255256300,1693227520535,12,5,7
16902,1693227520535,1692255256305,1692255256309,1693227520544,9,4,5
16903,1693227520544,1692255256314,1692255256318,1693227520554,10,4,6
16904,1693227520554,1692255256323,1692255256327,1693227520563,9,4,5
16905,1693227520563,1692255256332,1692255256337,1693227520573,10,5,5
16906,1693227520573,1692255256343,1692255256347,1693227520604,31,4,27
16907,1693227520604,1692255256374,1692255256378,1693227520616,12,4,8
16908,1693227520616,1692255256386,1692255256389,1693227520625,9,3,6
16909,1693227520625,1692255256395,1692255256398,1693227520634,9,3,6
16910,1693227520634,1692255256404,1692255256408,1693227520643,9,4,5
16911,1693227520643,1692255256413,1692255256417,1693227520653,10,4,6
16912,1693227520653,1692255256423,1692255256427,1693227520663,10,4,6
16913,1693227520663,1692255256433,1692255256437,1693227520672,9,4,5
16914,1693227520672,1692255256443,1692255256447,1693227520682,10,4,6
16915,1693227520682,1692255256452,1692255256456,1693227520692,10,4,6
16916,1693227520692,1692255256462,1692255256467,1693227520702,10,5,5
16917,1693227520702,1692255256473,1692255256478,1693227520713,11,5,6
16918,1693227520713,1692255256490,1692255256495,1693227520731,18,5,13
16919,1693227520731,1692255256501,1692255256506,1693227520742,11,5,6
16920,1693227520742,1692255256514,1692255256522,1693227520757,15,8,7
16921,1693227520757,1692255256528,1692255256533,1693227520768,11,5,6
16922,1693227520768,1692255256538,1692255256542,1693227520778,10,4,6
16923,1693227520778,1692255256548,1692255256552,1693227520809,31,4,27
16924,1693227520809,1692255256579,1692255256583,1693227520821,12,4,8
16925,1693227520821,1692255256590,1692255256595,1693227520830,9,5,4
16926,1693227520830,1692255256600,1692255256605,1693227520840,10,5,5
16927,1693227520840,1692255256612,1692255256617,1693227520852,12,5,7
16928,1693227520852,1692255256622,1692255256628,1693227520863,11,6,5
16929,1693227520864,1692255256635,1692255256640,1693227520876,12,5,7
16930,1693227520876,1692255256646,1692255256650,1693227520886,10,4,6
16931,1693227520886,1692255256657,1692255256662,1693227520898,12,5,7
16932,1693227520898,1692255256668,1692255256672,1693227520907,9,4,5
16933,1693227520907,1692255256678,1692255256684,1693227520920,13,6,7
16934,1693227520920,1692255256691,1692255256696,1693227520932,12,5,7
16935,1693227520932,1692255256703,1692255256707,1693227520943,11,4,7
16936,1693227520943,1692255256713,1692255256719,1693227520955,12,6,6
16937,1693227520955,1692255256725,1692255256731,1693227520967,12,6,6
16938,1693227520967,1692255256738,1692255256743,1693227520979,12,5,7
16939,1693227520979,1692255256749,1692255256754,1693227520989,10,5,5
16940,1693227520989,1692255256761,1692255256767,1693227521003,14,6,8
16941,1693227521003,1692255256774,1692255256779,1693227521014,11,5,6
16942,1693227521014,1692255256784,1692255256788,1693227521025,11,4,7
16943,1693227521025,1692255256795,1692255256799,1693227521034,9,4,5
16944,1693227521034,1692255256804,1692255256808,1693227521043,9,4,5
16945,1693227521043,1692255256813,1692255256817,1693227521052,9,4,5
16946,1693227521052,1692255256822,1692255256826,1693227521062,10,4,6
16947,1693227521062,1692255256831,1692255256835,1693227521071,9,4,5
16948,1693227521071,1692255256841,1692255256844,1693227521080,9,3,6
16949,1693227521080,1692255256850,1692255256854,1693227521090,10,4,6
16950,1693227521090,1692255256860,1692255256864,1693227521099,9,4,5
16951,1693227521099,1692255256869,1692255256872,1693227521108,9,3,6
16952,1693227521108,1692255256878,1692255256882,1693227521118,10,4,6
16953,1693227521118,1692255256888,1692255256892,1693227521128,10,4,6
16954,1693227521128,1692255256898,1692255256902,1693227521137,9,4,5
16955,1693227521137,1692255256907,1692255256911,1693227521147,10,4,6
16956,1693227521147,1692255256917,1692255256920,1693227521156,9,3,6
16957,1693227521156,1692255256926,1692255256932,1693227521168,12,6,6
16958,1693227521168,1692255256938,1692255256942,1693227521178,10,4,6
16959,1693227521178,1692255256948,1692255256956,1693227521191,13,8,5
16960,1693227521191,1692255256961,1692255256966,1693227521201,10,5,5
16961,1693227521201,1692255256972,1692255256977,1693227521212,11,5,6
16962,1693227521212,1692255256982,1692255256986,1693227521222,10,4,6
16963,1693227521222,1692255256991,1692255256996,1693227521231,9,5,4
16964,1693227521231,1692255257005,1692255257008,1693227521244,13,3,10
16965,1693227521244,1692255257014,1692255257018,1693227521254,10,4,6
16966,1693227521254,1692255257026,1692255257030,1693227521265,11,4,7
16967,1693227521265,1692255257036,1692255257040,1693227521275,10,4,6
16968,1693227521275,1692255257045,1692255257049,1693227521285,10,4,6
16969,1693227521285,1692255257055,1692255257059,1693227521295,10,4,6
16970,1693227521295,1692255257065,1692255257069,1693227521305,10,4,6
16971,1693227521305,1692255257075,1692255257079,1693227521315,10,4,6
16972,1693227521315,1692255257086,1692255257090,1693227521325,10,4,6
16973,1693227521325,1692255257095,1692255257100,1693227521335,10,5,5
16974,1693227521335,1692255257105,1692255257110,1693227521345,10,5,5
16975,1693227521345,1692255257115,1692255257119,1693227521354,9,4,5
16976,1693227521354,1692255257125,1692255257129,1693227521365,11,4,7
16977,1693227521365,1692255257134,1692255257139,1693227521374,9,5,4
16978,1693227521374,1692255257144,1692255257148,1693227521384,10,4,6
16979,1693227521384,1692255257154,1692255257158,1693227521394,10,4,6
16980,1693227521394,1692255257163,1692255257168,1693227521403,9,5,4
16981,1693227521403,1692255257174,1692255257179,1693227521414,11,5,6
16982,1693227521415,1692255257184,1692255257189,1693227521424,9,5,4
16983,1693227521424,1692255257194,1692255257198,1693227521435,11,4,7
16984,1693227521435,1692255257205,1692255257209,1693227521444,9,4,5
16985,1693227521444,1692255257214,1692255257218,1693227521454,10,4,6
16986,1693227521454,1692255257224,1692255257228,1693227521464,10,4,6
16987,1693227521464,1692255257234,1692255257238,1693227521474,10,4,6
16988,1693227521474,1692255257244,1692255257249,1693227521484,10,5,5
16989,1693227521484,1692255257255,1692255257259,1693227521494,10,4,6
16990,1693227521494,1692255257271,1692255257274,1693227521510,16,3,13
16991,1693227521510,1692255257280,1692255257284,1693227521520,10,4,6
16992,1693227521520,1692255257290,1692255257294,1693227521530,10,4,6
16993,1693227521530,1692255257299,1692255257306,1693227521541,11,7,4
16994,1693227521542,1692255257312,1692255257315,1693227521551,9,3,6
16995,1693227521551,1692255257320,1692255257324,1693227521560,9,4,5
16996,1693227521560,1692255257330,1692255257334,1693227521570,10,4,6
16997,1693227521570,1692255257339,1692255257343,1693227521579,9,4,5
16998,1693227521579,1692255257349,1692255257357,1693227521592,13,8,5
16999,1693227521592,1692255257362,1692255257366,1693227521601,9,4,5
17000,1693227521601,1692255257371,1692255257376,1693227521611,10,5,5
17001,1693227521611,1692255257382,1692255257387,1693227521623,12,5,7
17002,1693227521623,1692255257394,1692255257399,1693227521635,12,5,7
17003,1693227521635,1692255257405,1692255257411,1693227521646,11,6,5
17004,1693227521646,1692255257417,1692255257422,1693227521658,12,5,7
17005,1693227521658,1692255257429,1692255257433,1693227521668,10,4,6
17006,1693227521668,1692255257439,1692255257444,1693227521679,11,5,6
17007,1693227521679,1692255257450,1692255257455,1693227521690,11,5,6
17008,1693227521690,1692255257461,1692255257466,1693227521702,12,5,7
17009,1693227521702,1692255257472,1692255257476,1693227521712,10,4,6
17010,1693227521712,1692255257482,1692255257487,1693227521722,10,5,5
17011,1693227521722,1692255257497,1692255257501,1693227521737,15,4,11
17012,1693227521737,1692255257507,1692255257511,1693227521746,9,4,5
17013,1693227521746,1692255257517,1692255257521,1693227521757,11,4,7
17014,1693227521757,1692255257527,1692255257530,1693227521766,9,3,6
17015,1693227521766,1692255257536,1692255257541,1693227521777,11,5,6
17016,1693227521777,1692255257547,1692255257551,1693227521786,9,4,5
17017,1693227521786,1692255257556,1692255257560,1693227521796,10,4,6
17018,1693227521796,1692255257566,1692255257570,1693227521806,10,4,6
17019,1693227521806,1692255257576,1692255257580,1693227521816,10,4,6
17020,1693227521816,1692255257587,1692255257591,1693227521827,11,4,7
17021,1693227521827,1692255257597,1692255257601,1693227521837,10,4,6
17022,1693227521837,1692255257607,1692255257612,1693227521848,11,5,6
17023,1693227521848,1692255257618,1692255257622,1693227521857,9,4,5
17024,1693227521857,1692255257628,1692255257631,1693227521867,10,3,7
17025,1693227521867,1692255257638,1692255257642,1693227521878,11,4,7
17026,1693227521878,1692255257648,1692255257652,1693227521887,9,4,5
17027,1693227521888,1692255257658,1692255257662,1693227521898,10,4,6
17028,1693227521898,1692255257668,1692255257672,1693227521908,10,4,6
17029,1693227521908,1692255257679,1692255257683,1693227521919,11,4,7
17030,1693227521919,1692255257689,1692255257697,1693227521933,14,8,6
17031,1693227521933,1692255257703,1692255257709,1693227521948,15,6,9
17032,1693227521948,1692255257718,1692255257722,1693227521958,10,4,6
17033,1693227521958,1692255257728,1692255257732,1693227521968,10,4,6
17034,1693227521968,1692255257737,1692255257742,1693227521977,9,5,4
17035,1693227521977,1692255257747,1692255257752,1693227521987,10,5,5
17036,1693227521987,1692255257757,1692255257762,1693227521998,11,5,6
17037,1693227521998,1692255257768,1692255257772,1693227522007,9,4,5
17038,1693227522007,1692255257777,1692255257781,1693227522017,10,4,6
17039,1693227522017,1692255257786,1692255257790,1693227522026,9,4,5
17040,1693227522026,1692255257796,1692255257800,1693227522035,9,4,5
17041,1693227522035,1692255257805,1692255257810,1693227522046,11,5,6
17042,1693227522046,1692255257817,1692255257822,1693227522058,12,5,7
17043,1693227522058,1692255257828,1692255257833,1693227522069,11,5,6
17044,1693227522069,1692255257839,1692255257844,1693227522080,11,5,6
17045,1693227522080,1692255257850,1692255257855,1693227522090,10,5,5
17046,1693227522090,1692255257861,1692255257865,1693227522101,11,4,7
17047,1693227522101,1692255257871,1692255257875,1693227522111,10,4,6
17048,1693227522111,1692255257881,1692255257887,1693227522122,11,6,5
17049,1693227522122,1692255257894,1692255257898,1693227522135,13,4,9
17050,1693227522135,1692255257905,1692255257909,1693227522146,11,4,7
17051,1693227522146,1692255257915,1692255257919,1693227522155,9,4,5
17052,1693227522155,1692255257924,1692255257928,1693227522164,9,4,5
17053,1693227522164,1692255257933,1692255257937,1693227522173,9,4,5
17054,1693227522173,1692255257943,1692255257946,1693227522182,9,3,6
17055,1693227522182,1692255257951,1692255257955,1693227522191,9,4,5
17056,1693227522191,1692255257961,1692255257966,1693227522202,11,5,6
17057,1693227522202,1692255257972,1692255257976,1693227522212,10,4,6
17058,1693227522212,1692255257982,1692255257985,1693227522221,9,3,6
17059,1693227522221,1692255257991,1692255257996,1693227522232,11,5,6
17060,1693227522232,1692255258006,1692255258010,1693227522245,13,4,9
17061,1693227522245,1692255258015,1692255258020,1693227522255,10,5,5
17062,1693227522255,1692255258026,1692255258031,1693227522266,11,5,6
17063,1693227522266,1692255258036,1692255258040,1693227522275,9,4,5
17064,1693227522275,1692255258045,1692255258049,1693227522285,10,4,6
17065,1693227522285,1692255258055,1692255258059,1693227522295,10,4,6
17066,1693227522295,1692255258066,1692255258072,1693227522308,13,6,7
17067,1693227522308,1692255258078,1692255258082,1693227522319,11,4,7
17068,1693227522319,1692255258089,1692255258093,1693227522328,9,4,5
17069,1693227522328,1692255258100,1692255258104,1693227522343,15,4,11
17070,1693227522343,1692255258113,1692255258119,1693227522356,13,6,7
17071,1693227522356,1692255258129,1692255258133,1693227522369,13,4,9
17072,1693227522369,1692255258140,1692255258145,1693227522381,12,5,7
17073,1693227522381,1692255258154,1692255258159,1693227522394,13,5,8
17074,1693227522395,1692255258164,1692255258169,1693227522408,13,5,8
17075,1693227522408,1692255258178,1692255258183,1693227522419,11,5,6
17076,1693227522419,1692255258189,1692255258194,1693227522429,10,5,5
17077,1693227522429,1692255258198,1692255258202,1693227522438,9,4,5
17078,1693227522438,1692255258207,1692255258211,1693227522452,14,4,10
17079,1693227522452,1692255258222,1692255258226,1693227522461,9,4,5
17080,1693227522461,1692255258232,1692255258236,1693227522472,11,4,7
17081,1693227522472,1692255258242,1692255258247,1693227522482,10,5,5
17082,1693227522482,1692255258252,1692255258256,1693227522495,13,4,9
17083,1693227522495,1692255258275,1692255258279,1693227522519,24,4,20
17084,1693227522519,1692255258288,1692255258292,1693227522528,9,4,5
17085,1693227522528,1692255258298,1692255258302,1693227522542,14,4,10
17086,1693227522542,1692255258320,1692255258325,1693227522560,18,5,13
17087,1693227522560,1692255258332,1692255258335,1693227522582,22,3,19
17088,1693227522582,1692255258352,1692255258355,1693227522591,9,3,6
17089,1693227522591,1692255258360,1692255258364,1693227522599,8,4,4
17090,1693227522599,1692255258369,1692255258372,1693227522608,9,3,6
17091,1693227522608,1692255258378,1692255258382,1693227522618,10,4,6
17092,1693227522618,1692255258387,1692255258391,1693227522626,8,4,4
17093,1693227522626,1692255258396,1692255258400,1693227522635,9,4,5
17094,1693227522635,1692255258405,1692255258410,1693227522645,10,5,5
17095,1693227522645,1692255258415,1692255258418,1693227522654,9,3,6
17096,1693227522654,1692255258424,1692255258428,1693227522664,10,4,6
17097,1693227522664,1692255258434,1692255258438,1693227522674,10,4,6
17098,1693227522674,1692255258444,1692255258448,1693227522684,10,4,6
17099,1693227522684,1692255258454,1692255258458,1693227522694,10,4,6
17100,1693227522694,1692255258464,1692255258468,1693227522703,9,4,5
17101,1693227522703,1692255258473,1692255258477,1693227522713,10,4,6
17102,1693227522713,1692255258483,1692255258487,1693227522723,10,4,6
17103,1693227522723,1692255258493,1692255258499,1693227522735,12,6,6
17104,1693227522735,1692255258506,1692255258510,1693227522746,11,4,7
17105,1693227522746,1692255258516,1692255258521,1693227522757,11,5,6
17106,1693227522757,1692255258528,1692255258533,1693227522769,12,5,7
17107,1693227522769,1692255258539,1692255258545,1693227522781,12,6,6
17108,1693227522781,1692255258551,1692255258555,1693227522791,10,4,6
17109,1693227522791,1692255258562,1692255258567,1693227522803,12,5,7
17110,1693227522803,1692255258573,1692255258578,1693227522814,11,5,6
17111,1693227522814,1692255258585,1692255258590,1693227522826,12,5,7
17112,1693227522826,1692255258596,1692255258600,1693227522835,9,4,5
17113,1693227522835,1692255258606,1692255258610,1693227522845,10,4,6
17114,1693227522845,1692255258615,1692255258620,1693227522855,10,5,5
17115,1693227522855,1692255258625,1692255258629,1693227522864,9,4,5
17116,1693227522864,1692255258636,1692255258640,1693227522876,12,4,8
17117,1693227522876,1692255258646,1692255258650,1693227522885,9,4,5
17118,1693227522885,1692255258656,1692255258660,1693227522895,10,4,6
17119,1693227522895,1692255258665,1692255258669,1693227522905,10,4,6
17120,1693227522905,1692255258675,1692255258679,1693227522915,10,4,6
17121,1693227522915,1692255258685,1692255258690,1693227522925,10,5,5
17122,1693227522925,1692255258695,1692255258702,1693227522938,13,7,6
17123,1693227522938,1692255258707,1692255258712,1693227522947,9,5,4
17124,1693227522947,1692255258716,1692255258720,1693227522956,9,4,5
17125,1693227522956,1692255258727,1692255258732,1693227522967,11,5,6
17126,1693227522967,1692255258740,1692255258746,1693227522981,14,6,8
17127,1693227522981,1692255258752,1692255258756,1693227522992,11,4,7
17128,1693227522992,1692255258765,1692255258769,1693227523005,13,4,9
17129,1693227523005,1692255258775,1692255258780,1693227523016,11,5,6
17130,1693227523016,1692255258787,1692255258792,1693227523028,12,5,7
17131,1693227523028,1692255258798,1692255258803,1693227523039,11,5,6
17132,1693227523039,1692255258810,1692255258815,1693227523051,12,5,7
17133,1693227523051,1692255258823,1692255258828,1693227523064,13,5,8
17134,1693227523064,1692255258834,1692255258838,1693227523073,9,4,5
17135,1693227523073,1692255258844,1692255258849,1693227523085,12,5,7
17136,1693227523085,1692255258856,1692255258861,1693227523097,12,5,7
17137,1693227523097,1692255258868,1692255258872,1693227523108,11,4,7
17138,1693227523108,1692255258880,1692255258884,1693227523120,12,4,8
17139,1693227523120,1692255258897,1692255258904,1693227523139,19,7,12
17140,1693227523139,1692255258910,1692255258915,1693227523150,11,5,6
17141,1693227523150,1692255258920,1692255258925,1693227523161,11,5,6
17142,1693227523161,1692255258931,1692255258935,1693227523171,10,4,6
17143,1693227523171,1692255258944,1692255258949,1693227523185,14,5,9
17144,1693227523185,1692255258957,1692255258962,1693227523198,13,5,8
17145,1693227523198,1692255258968,1692255258974,1693227523209,11,6,5
17146,1693227523209,1692255258980,1692255258986,1693227523222,13,6,7
17147,1693227523222,1692255258993,1692255258998,1693227523234,12,5,7
17148,1693227523234,1692255259007,1692255259011,1693227523247,13,4,9
17149,1693227523247,1692255259017,1692255259022,1693227523258,11,5,6
17150,1693227523258,1692255259029,1692255259034,1693227523270,12,5,7
17151,1693227523270,1692255259040,1692255259045,1693227523280,10,5,5
17152,1693227523280,1692255259050,1692255259054,1693227523289,9,4,5
17153,1693227523289,1692255259059,1692255259064,1693227523300,11,5,6
17154,1693227523300,1692255259072,1692255259078,1693227523313,13,6,7
17155,1693227523313,1692255259083,1692255259089,1693227523325,12,6,6
17156,1693227523325,1692255259095,1692255259099,1693227523335,10,4,6
17157,1693227523335,1692255259105,1692255259110,1693227523345,10,5,5
17158,1693227523345,1692255259115,1692255259119,1693227523355,10,4,6
17159,1693227523355,1692255259126,1692255259132,1693227523368,13,6,7
17160,1693227523368,1692255259137,1692255259141,1693227523377,9,4,5
17161,1693227523377,1692255259148,1692255259153,1693227523388,11,5,6
17162,1693227523388,1692255259159,1692255259164,1693227523399,11,5,6
17163,1693227523399,1692255259175,1692255259181,1693227523417,18,6,12
17164,1693227523417,1692255259188,1692255259193,1693227523429,12,5,7
17165,1693227523429,1692255259200,1692255259205,1693227523440,11,5,6
17166,1693227523440,1692255259212,1692255259216,1693227523452,12,4,8
17167,1693227523452,1692255259224,1692255259231,1693227523466,14,7,7
17168,1693227523466,1692255259236,1692255259241,1693227523477,11,5,6
17169,1693227523477,1692255259247,1692255259252,1693227523488,11,5,6
17170,1693227523488,1692255259258,1692255259262,1693227523498,10,4,6
17171,1693227523498,1692255259273,1692255259279,1693227523514,16,6,10
17172,1693227523514,1692255259284,1692255259290,1693227523525,11,6,5
17173,1693227523525,1692255259295,1692255259299,1693227523535,10,4,6
17174,1693227523535,1692255259305,1692255259309,1693227523545,10,4,6
17175,1693227523545,1692255259322,1692255259331,1693227523568,23,9,14
17176,1693227523568,1692255259346,1692255259350,1693227523586,18,4,14
17177,1693227523586,1692255259358,1692255259362,1693227523598,12,4,8
17178,1693227523598,1692255259368,1692255259372,1693227523607,9,4,5
17179,1693227523607,1692255259376,1692255259380,1693227523616,9,4,5
17180,1693227523616,1692255259386,1692255259391,1693227523626,10,5,5
17181,1693227523626,1692255259395,1692255259399,1693227523635,9,4,5
17182,1693227523635,1692255259405,1692255259409,1693227523645,10,4,6
17183,1693227523645,1692255259415,1692255259420,1693227523656,11,5,6
17184,1693227523656,1692255259429,1692255259433,1693227523669,13,4,9
17185,1693227523669,1692255259439,1692255259443,1693227523679,10,4,6
17186,1693227523679,1692255259448,1692255259452,1693227523688,9,4,5
17187,1693227523688,1692255259458,1692255259462,1693227523697,9,4,5
17188,1693227523698,1692255259468,1692255259471,1693227523707,9,3,6
17189,1693227523707,1692255259476,1692255259480,1693227523716,9,4,5
17190,1693227523716,1692255259486,1692255259491,1693227523726,10,5,5
17191,1693227523726,1692255259496,1692255259500,1693227523740,14,4,10
17192,1693227523740,1692255259510,1692255259514,1693227523749,9,4,5
17193,1693227523749,1692255259519,1692255259523,1693227523758,9,4,5
17194,1693227523758,1692255259528,1692255259533,1693227523768,10,5,5
17195,1693227523768,1692255259539,1692255259543,1693227523779,11,4,7
17196,1693227523779,1692255259549,1692255259553,1693227523790,11,4,7
17197,1693227523790,1692255259559,1692255259564,1693227523799,9,5,4
17198,1693227523799,1692255259569,1692255259573,1693227523809,10,4,6
17199,1693227523809,1692255259579,1692255259584,1693227523820,11,5,6
17200,1693227523820,1692255259590,1692255259595,1693227523830,10,5,5
17201,1693227523830,1692255259601,1692255259605,1693227523841,11,4,7
17202,1693227523841,1692255259612,1692255259616,1693227523852,11,4,7
17203,1693227523852,1692255259622,1692255259627,1693227523863,11,5,6
17204,1693227523863,1692255259633,1692255259638,1693227523874,11,5,6
17205,1693227523874,1692255259644,1692255259648,1693227523884,10,4,6
17206,1693227523884,1692255259655,1692255259660,1693227523896,12,5,7
17207,1693227523896,1692255259668,1692255259673,1693227523909,13,5,8
17208,1693227523909,1692255259680,1692255259685,1693227523921,12,5,7
17209,1693227523921,1692255259691,1692255259695,1693227523933,12,4,8
17210,1693227523933,1692255259704,1692255259708,1693227523944,11,4,7
17211,1693227523944,1692255259714,1692255259719,1693227523954,10,5,5
17212,1693227523954,1692255259724,1692255259729,1693227523966,12,5,7
17213,1693227523966,1692255259735,1692255259740,1693227523975,9,5,4
17214,1693227523975,1692255259745,1692255259750,1693227523986,11,5,6
17215,1693227523986,1692255259756,1692255259760,1693227523996,10,4,6
17216,1693227523996,1692255259766,1692255259771,1693227524007,11,5,6
17217,1693227524007,1692255259777,1692255259781,1693227524017,10,4,6
17218,1693227524017,1692255259788,1692255259793,1693227524029,12,5,7
17219,1693227524029,1692255259799,1692255259804,1693227524039,10,5,5
17220,1693227524039,1692255259810,1692255259814,1693227524049,10,4,6
17221,1693227524049,1692255259819,1692255259824,1693227524060,11,5,6
17222,1693227524060,1692255259831,1692255259834,1693227524070,10,3,7
17223,1693227524070,1692255259841,1692255259845,1693227524081,11,4,7
17224,1693227524081,1692255259852,1692255259857,1693227524093,12,5,7
17225,1693227524093,1692255259865,1692255259871,1693227524106,13,6,7
17226,1693227524106,1692255259877,1692255259882,1693227524117,11,5,6
17227,1693227524117,1692255259887,1692255259891,1693227524127,10,4,6
17228,1693227524127,1692255259898,1692255259902,1693227524138,11,4,7
17229,1693227524138,1692255259909,1692255259914,1693227524149,11,5,6
17230,1693227524149,1692255259920,1692255259924,1693227524160,11,4,7
17231,1693227524160,1692255259930,1692255259935,1693227524171,11,5,6
17232,1693227524171,1692255259941,1692255259946,1693227524182,11,5,6
17233,1693227524182,1692255259953,1692255259961,1693227524199,17,8,9
17234,1693227524199,1692255259970,1692255259975,1693227524211,12,5,7
17235,1693227524211,1692255259981,1692255259985,1693227524221,10,4,6
17236,1693227524221,1692255259994,1692255259999,1693227524234,13,5,8
17237,1693227524234,1692255260008,1692255260013,1693227524249,15,5,10
17238,1693227524249,1692255260019,1692255260024,1693227524259,10,5,5
17239,1693227524259,1692255260030,1692255260035,1693227524270,11,5,6
17240,1693227524270,1692255260041,1692255260046,1693227524282,12,5,7
17241,1693227524282,1692255260052,1692255260057,1693227524293,11,5,6
17242,1693227524293,1692255260063,1692255260067,1693227524303,10,4,6
17243,1693227524303,1692255260073,1692255260078,1693227524314,11,5,6
17244,1693227524314,1692255260084,1692255260089,1693227524324,10,5,5
17245,1693227524324,1692255260094,1692255260100,1693227524336,12,6,6
17246,1693227524336,1692255260107,1692255260111,1693227524347,11,4,7
17247,1693227524347,1692255260116,1692255260121,1693227524357,10,5,5
17248,1693227524357,1692255260127,1692255260135,1693227524370,13,8,5
17249,1693227524370,1692255260141,1692255260146,1693227524381,11,5,6
17250,1693227524381,1692255260151,1692255260155,1693227524390,9,4,5
17251,1693227524391,1692255260161,1692255260166,1693227524404,13,5,8
17252,1693227524404,1692255260176,1692255260181,1693227524417,13,5,8
17253,1693227524417,1692255260187,1692255260192,1693227524427,10,5,5
17254,1693227524427,1692255260198,1692255260202,1693227524438,11,4,7
17255,1693227524438,1692255260215,1692255260219,1693227524454,16,4,12
17256,1693227524454,1692255260224,1692255260230,1693227524465,11,6,5
17257,1693227524465,1692255260235,1692255260239,1693227524475,10,4,6
17258,1693227524475,1692255260246,1692255260250,1693227524486,11,4,7
17259,1693227524486,1692255260257,1692255260261,1693227524497,11,4,7
17260,1693227524497,1692255260272,1692255260276,1693227524512,15,4,11
17261,1693227524512,1692255260282,1692255260286,1693227524522,10,4,6
17262,1693227524522,1692255260292,1692255260297,1693227524533,11,5,6
17263,1693227524533,1692255260303,1692255260308,1693227524544,11,5,6
17264,1693227524544,1692255260314,1692255260320,1693227524555,11,6,5
17265,1693227524555,1692255260326,1692255260331,1693227524566,11,5,6
17266,1693227524566,1692255260337,1692255260343,1693227524578,12,6,6
17267,1693227524578,1692255260354,1692255260359,1693227524594,16,5,11
17268,1693227524594,1692255260365,1692255260370,1693227524605,11,5,6
17269,1693227524606,1692255260377,1692255260382,1693227524618,12,5,7
17270,1693227524618,1692255260388,1692255260392,1693227524627,9,4,5
17271,1693227524627,1692255260398,1692255260402,1693227524638,11,4,7
17272,1693227524638,1692255260408,1692255260413,1693227524648,10,5,5
17273,1693227524648,1692255260418,1692255260424,1693227524659,11,6,5
17274,1693227524659,1692255260430,1692255260434,1693227524670,11,4,7
17275,1693227524670,1692255260440,1692255260445,1693227524681,11,5,6
17276,1693227524681,1692255260451,1692255260456,1693227524692,11,5,6
17277,1693227524692,1692255260462,1692255260467,1693227524702,10,5,5
17278,1693227524702,1692255260472,1692255260477,1693227524713,11,5,6
17279,1693227524713,1692255260482,1692255260487,1693227524723,10,5,5
17280,1693227524723,1692255260497,1692255260503,1693227524739,16,6,10
17281,1693227524739,1692255260514,1692255260519,1693227524755,16,5,11
17282,1693227524755,1692255260525,1692255260529,1693227524765,10,4,6
17283,1693227524765,1692255260536,1692255260541,1693227524777,12,5,7
17284,1693227524777,1692255260548,1692255260552,1693227524788,11,4,7
17285,1693227524788,1692255260558,1692255260565,1693227524801,13,7,6
17286,1693227524801,1692255260571,1692255260576,1693227524814,13,5,8
17287,1693227524814,1692255260584,1692255260589,1693227524824,10,5,5
17288,1693227524824,1692255260595,1692255260599,1693227524835,11,4,7
17289,1693227524835,1692255260605,1692255260610,1693227524846,11,5,6
17290,1693227524846,1692255260617,1692255260622,1693227524858,12,5,7
17291,1693227524858,1692255260628,1692255260633,1693227524869,11,5,6
17292,1693227524869,1692255260640,1692255260644,1693227524879,10,4,6
17293,1693227524879,1692255260649,1692255260654,1693227524890,11,5,6
17294,1693227524890,1692255260660,1692255260665,1693227524901,11,5,6
17295,1693227524901,1692255260673,1692255260677,1693227524913,12,4,8
17296,1693227524913,1692255260685,1692255260690,1693227524926,13,5,8
17297,1693227524926,1692255260696,1692255260701,1693227524937,11,5,6
17298,1693227524937,1692255260707,1692255260712,1693227524947,10,5,5
17299,1693227524947,1692255260718,1692255260722,1693227524958,11,4,7
17300,1693227524958,1692255260728,1692255260732,1693227524967,9,4,5
17301,1693227524967,1692255260737,1692255260742,1693227524978,11,5,6
17302,1693227524978,1692255260755,1692255260760,1693227524995,17,5,12
17303,1693227524995,1692255260765,1692255260770,1693227525006,11,5,6
17304,1693227525006,1692255260775,1692255260779,1693227525015,9,4,5
17305,1693227525015,1692255260787,1692255260792,1693227525027,12,5,7
17306,1693227525028,1692255260800,1692255260806,1693227525041,13,6,7
17307,1693227525041,1692255260813,1692255260818,1693227525054,13,5,8
17308,1693227525054,1692255260824,1692255260830,1693227525065,11,6,5
17309,1693227525065,1692255260842,1692255260847,1693227525083,18,5,13
17310,1693227525083,1692255260853,1692255260858,1693227525094,11,5,6
17311,1693227525094,1692255260865,1692255260871,1693227525106,12,6,6
17312,1693227525106,1692255260877,1692255260881,1693227525117,11,4,7
17313,1693227525117,1692255260890,1692255260896,1693227525131,14,6,8
17314,1693227525131,1692255260902,1692255260906,1693227525142,11,4,7
17315,1693227525142,1692255260912,1692255260916,1693227525152,10,4,6
17316,1693227525152,1692255260923,1692255260928,1693227525163,11,5,6
17317,1693227525163,1692255260934,1692255260938,1693227525174,11,4,7
17318,1693227525174,1692255260957,1692255260962,1693227525197,23,5,18
17319,1693227525197,1692255260967,1692255260972,1693227525208,11,5,6
17320,1693227525208,1692255260978,1692255260982,1693227525217,9,4,5
17321,1693227525218,1692255260987,1692255260992,1693227525228,10,5,5
17322,1693227525228,1692255260998,1692255261004,1693227525240,12,6,6
17323,1693227525240,1692255261010,1692255261014,1693227525250,10,4,6
17324,1693227525250,1692255261020,1692255261026,1693227525261,11,6,5
17325,1693227525261,1692255261031,1692255261036,1693227525272,11,5,6
17326,1693227525272,1692255261042,1692255261047,1693227525283,11,5,6
17327,1693227525283,1692255261053,1692255261057,1693227525293,10,4,6
17328,1693227525293,1692255261063,1692255261067,1693227525303,10,4,6
17329,1693227525303,1692255261073,1692255261077,1693227525313,10,4,6
17330,1693227525313,1692255261082,1692255261086,1693227525321,8,4,4
17331,1693227525322,1692255261094,1692255261098,1693227525334,12,4,8
17332,1693227525334,1692255261103,1692255261108,1693227525343,9,5,4
17333,1693227525343,1692255261113,1692255261118,1693227525354,11,5,6
17334,1693227525354,1692255261124,1692255261128,1693227525364,10,4,6
17335,1693227525364,1692255261134,1692255261139,1693227525374,10,5,5
17336,1693227525374,1692255261146,1692255261151,1693227525386,12,5,7
17337,1693227525386,1692255261156,1692255261160,1693227525395,9,4,5
17338,1693227525395,1692255261165,1692255261175,1693227525411,16,10,6
17339,1693227525411,1692255261181,1692255261185,1693227525421,10,4,6
17340,1693227525421,1692255261191,1692255261196,1693227525432,11,5,6
17341,1693227525432,1692255261202,1692255261206,1693227525442,10,4,6
17342,1693227525442,1692255261212,1692255261217,1693227525453,11,5,6
17343,1693227525453,1692255261223,1692255261227,1693227525463,10,4,6
17344,1693227525463,1692255261233,1692255261236,1693227525472,9,3,6
17345,1693227525472,1692255261242,1692255261246,1693227525481,9,4,5
17346,1693227525481,1692255261251,1692255261256,1693227525491,10,5,5
17347,1693227525491,1692255261262,1692255261266,1693227525501,10,4,6
17348,1693227525501,1692255261271,1692255261277,1693227525513,12,6,6
17349,1693227525513,1692255261283,1692255261287,1693227525523,10,4,6
17350,1693227525523,1692255261293,1692255261298,1693227525534,11,5,6
17351,1693227525534,1692255261307,1692255261313,1693227525549,15,6,9
17352,1693227525549,1692255261319,1692255261325,1693227525560,11,6,5
17353,1693227525560,1692255261331,1692255261336,1693227525571,11,5,6
17354,1693227525571,1692255261342,1692255261347,1693227525582,11,5,6
17355,1693227525582,1692255261357,1692255261361,1693227525597,15,4,11
17356,1693227525597,1692255261367,1692255261372,1693227525608,11,5,6
17357,1693227525608,1692255261380,1692255261384,1693227525620,12,4,8
17358,1693227525620,1692255261391,1692255261396,1693227525633,13,5,8
17359,1693227525633,1692255261403,1692255261410,1693227525646,13,7,6
17360,1693227525646,1692255261416,1692255261421,1693227525656,10,5,5
17361,1693227525656,1692255261428,1692255261433,1693227525669,13,5,8
17362,1693227525669,1692255261439,1692255261443,1693227525678,9,4,5
17363,1693227525678,1692255261448,1692255261456,1693227525692,14,8,6
17364,1693227525692,1692255261462,1692255261467,1693227525703,11,5,6
17365,1693227525703,1692255261473,1692255261478,1693227525714,11,5,6
17366,1693227525714,1692255261484,1692255261488,1693227525724,10,4,6
17367,1693227525724,1692255261495,1692255261500,1693227525736,12,5,7
17368,1693227525736,1692255261506,1692255261510,1693227525746,10,4,6
17369,1693227525746,1692255261520,1692255261525,1693227525760,14,5,9
17370,1693227525760,1692255261530,1692255261535,1693227525771,11,5,6
17371,1693227525771,1692255261541,1692255261546,1693227525781,10,5,5
17372,1693227525781,1692255261552,1692255261557,1693227525792,11,5,6
17373,1693227525792,1692255261568,1692255261572,1693227525808,16,4,12
17374,1693227525808,1692255261578,1692255261583,1693227525819,11,5,6
17375,1693227525819,1692255261590,1692255261595,1693227525830,11,5,6
17376,1693227525830,1692255261601,1692255261606,1693227525841,11,5,6
17377,1693227525842,1692255261612,1692255261617,1693227525852,10,5,5
17378,1693227525852,1692255261623,1692255261629,1693227525865,13,6,7
17379,1693227525865,1692255261636,1692255261640,1693227525876,11,4,7
17380,1693227525876,1692255261646,1692255261651,1693227525887,11,5,6
17381,1693227525887,1692255261658,1692255261662,1693227525898,11,4,7
17382,1693227525898,1692255261669,1692255261674,1693227525910,12,5,7
17383,1693227525910,1692255261680,1692255261686,1693227525922,12,6,6
17384,1693227525922,1692255261692,1692255261697,1693227525932,10,5,5
17385,1693227525932,1692255261702,1692255261707,1693227525943,11,5,6
17386,1693227525943,1692255261713,1692255261718,1693227525954,11,5,6
17387,1693227525954,1692255261725,1692255261730,1693227525966,12,5,7
17388,1693227525966,1692255261737,1692255261742,1693227525978,12,5,7
17389,1693227525978,1692255261748,1692255261753,1693227525989,11,5,6
17390,1693227525989,1692255261760,1692255261766,1693227526001,12,6,6
17391,1693227526001,1692255261775,1692255261781,1693227526017,16,6,10
17392,1693227526017,1692255261787,1692255261792,1693227526028,11,5,6
17393,1693227526028,1692255261799,1692255261804,1693227526040,12,5,7
17394,1693227526040,1692255261813,1692255261818,1693227526054,14,5,9
17395,1693227526054,1692255261824,1692255261833,1693227526069,15,9,6
17396,1693227526069,1692255261840,1692255261844,1693227526079,10,4,6
17397,1693227526079,1692255261850,1692255261855,1693227526091,12,5,7
17398,1693227526091,1692255261862,1692255261867,1693227526103,12,5,7
17399,1693227526103,1692255261873,1692255261878,1693227526114,11,5,6
17400,1693227526114,1692255261884,1692255261888,1693227526124,10,4,6
17401,1693227526124,1692255261896,1692255261900,1693227526136,12,4,8
17402,1693227526136,1692255261906,1692255261911,1693227526147,11,5,6
17403,1693227526147,1692255261918,1692255261923,1693227526159,12,5,7
17404,1693227526159,1692255261930,1692255261935,1693227526171,12,5,7
17405,1693227526171,1692255261941,1692255261947,1693227526183,12,6,6
17406,1693227526183,1692255261953,1692255261958,1693227526194,11,5,6
17407,1693227526194,1692255261964,1692255261969,1693227526205,11,5,6
17408,1693227526205,1692255261978,1692255261983,1693227526219,14,5,9
17409,1693227526219,1692255261991,1692255261996,1693227526231,12,5,7
17410,1693227526232,1692255262005,1692255262011,1693227526247,15,6,9
17411,1693227526247,1692255262019,1692255262024,1693227526260,13,5,8
17412,1693227526260,1692255262030,1692255262036,1693227526274,14,6,8
17413,1693227526274,1692255262045,1692255262051,1693227526287,13,6,7
17414,1693227526287,1692255262057,1692255262063,1693227526299,12,6,6
17415,1693227526299,1692255262069,1692255262074,1693227526310,11,5,6
17416,1693227526310,1692255262080,1692255262084,1693227526320,10,4,6
17417,1693227526320,1692255262090,1692255262095,1693227526330,10,5,5
17418,1693227526330,1692255262100,1692255262104,1693227526339,9,4,5
17419,1693227526339,1692255262110,1692255262114,1693227526350,11,4,7
17420,1693227526350,1692255262120,1692255262124,1693227526359,9,4,5
17421,1693227526360,1692255262129,1692255262133,1693227526369,9,4,5
17422,1693227526369,1692255262139,1692255262142,1693227526378,9,3,6
17423,1693227526378,1692255262148,1692255262153,1693227526389,11,5,6
17424,1693227526389,1692255262158,1692255262163,1693227526399,10,5,5
17425,1693227526399,1692255262169,1692255262173,1693227526409,10,4,6
17426,1693227526409,1692255262180,1692255262185,1693227526421,12,5,7
17427,1693227526421,1692255262195,1692255262200,1693227526435,14,5,9
17428,1693227526435,1692255262205,1692255262210,1693227526446,11,5,6
17429,1693227526446,1692255262216,1692255262221,1693227526457,11,5,6
17430,1693227526457,1692255262227,1692255262232,1693227526467,10,5,5
17431,1693227526467,1692255262238,1692255262243,1693227526479,12,5,7
17432,1693227526479,1692255262249,1692255262256,1693227526492,13,7,6
17433,1693227526492,1692255262262,1692255262267,1693227526503,11,5,6
17434,1693227526503,1692255262274,1692255262278,1693227526514,11,4,7
17435,1693227526514,1692255262284,1692255262289,1693227526524,10,5,5
17436,1693227526524,1692255262295,1692255262300,1693227526535,11,5,6
17437,1693227526536,1692255262306,1692255262310,1693227526546,10,4,6
17438,1693227526546,1692255262316,1692255262320,1693227526555,9,4,5
17439,1693227526555,1692255262324,1692255262328,1693227526564,9,4,5
17440,1693227526564,1692255262333,1692255262337,1693227526572,8,4,4
17441,1693227526573,1692255262342,1692255262346,1693227526582,9,4,5
17442,1693227526582,1692255262352,1692255262356,1693227526591,9,4,5
17443,1693227526591,1692255262361,1692255262365,1693227526600,9,4,5
17444,1693227526600,1692255262369,1692255262374,1693227526610,10,5,5
17445,1693227526610,1692255262379,1692255262385,1693227526620,10,6,4
17446,1693227526620,1692255262390,1692255262394,1693227526629,9,4,5
17447,1693227526629,1692255262401,1692255262405,1693227526641,12,4,8
17448,1693227526641,1692255262421,1692255262427,1693227526663,22,6,16
17449,1693227526663,1692255262433,1692255262438,1693227526674,11,5,6
17450,1693227526674,1692255262444,1692255262450,1693227526685,11,6,5
17451,1693227526685,1692255262456,1692255262462,1693227526697,12,6,6
17452,1693227526697,1692255262467,1692255262472,1693227526707,10,5,5
17453,1693227526707,1692255262478,1692255262483,1693227526718,11,5,6
17454,1693227526718,1692255262489,1692255262494,1693227526729,11,5,6
17455,1693227526729,1692255262499,1692255262504,1693227526739,10,5,5
17456,1693227526739,1692255262510,1692255262514,1693227526749,10,4,6
17457,1693227526749,1692255262519,1692255262523,1693227526760,11,4,7
17458,1693227526760,1692255262530,1692255262534,1693227526769,9,4,5
17459,1693227526769,1692255262539,1692255262543,1693227526778,9,4,5
17460,1693227526778,1692255262548,1692255262552,1693227526788,10,4,6
17461,1693227526788,1692255262558,1692255262563,1693227526798,10,5,5
17462,1693227526798,1692255262568,1692255262572,1693227526807,9,4,5
17463,1693227526807,1692255262577,1692255262582,1693227526818,11,5,6
17464,1693227526818,1692255262588,1692255262592,1693227526828,10,4,6
17465,1693227526828,1692255262598,1692255262602,1693227526837,9,4,5
17466,1693227526837,1692255262607,1692255262611,1693227526847,10,4,6
17467,1693227526847,1692255262616,1692255262621,1693227526856,9,5,4
17468,1693227526856,1692255262627,1692255262631,1693227526867,11,4,7
17469,1693227526867,1692255262637,1692255262645,1693227526881,14,8,6
17470,1693227526881,1692255262659,1692255262663,1693227526899,18,4,14
17471,1693227526899,1692255262669,1692255262674,1693227526910,11,5,6
17472,1693227526910,1692255262680,1692255262685,1693227526921,11,5,6
17473,1693227526921,1692255262690,1692255262696,1693227526932,11,6,5
17474,1693227526932,1692255262702,1692255262707,1693227526943,11,5,6
17475,1693227526943,1692255262713,1692255262718,1693227526954,11,5,6
17476,1693227526954,1692255262725,1692255262731,1693227526966,12,6,6
17477,1693227526966,1692255262737,1692255262742,1693227526977,11,5,6
17478,1693227526977,1692255262748,1692255262752,1693227526988,11,4,7
17479,1693227526988,1692255262758,1692255262761,1693227526997,9,3,6
17480,1693227526997,1692255262767,1692255262770,1693227527006,9,3,6
17481,1693227527006,1692255262776,1692255262780,1693227527016,10,4,6
17482,1693227527016,1692255262787,1692255262791,1693227527027,11,4,7
17483,1693227527027,1692255262797,1692255262801,1693227527037,10,4,6
17484,1693227527037,1692255262807,1692255262811,1693227527047,10,4,6
17485,1693227527047,1692255262817,1692255262821,1693227527057,10,4,6
17486,1693227527057,1692255262827,1692255262831,1693227527067,10,4,6
17487,1693227527067,1692255262837,1692255262842,1693227527077,10,5,5
17488,1693227527077,1692255262847,1692255262851,1693227527087,10,4,6
17489,1693227527087,1692255262858,1692255262863,1693227527099,12,5,7
17490,1693227527099,1692255262870,1692255262874,1693227527110,11,4,7
17491,1693227527110,1692255262883,1692255262889,1693227527125,15,6,9
17492,1693227527125,1692255262896,1692255262901,1693227527137,12,5,7
17493,1693227527137,1692255262911,1692255262916,1693227527151,14,5,9
17494,1693227527151,1692255262923,1692255262928,1693227527163,12,5,7
17495,1693227527163,1692255262933,1692255262938,1693227527174,11,5,6
17496,1693227527174,1692255262944,1692255262948,1693227527184,10,4,6
17497,1693227527185,1692255262955,1692255262959,1693227527195,10,4,6
17498,1693227527195,1692255262965,1692255262969,1693227527205,10,4,6
17499,1693227527205,1692255262975,1692255262980,1693227527216,11,5,6
17500,1693227527216,1692255262986,1692255262990,1693227527225,9,4,5
17501,1693227527225,1692255262995,1692255262999,1693227527234,9,4,5
17502,1693227527234,1692255263004,1692255263008,1693227527244,10,4,6
17503,1693227527244,1692255263015,1692255263019,1693227527255,11,4,7
17504,1693227527255,1692255263024,1692255263028,1693227527264,9,4,5
17505,1693227527264,1692255263034,1692255263041,1693227527276,12,7,5
17506,1693227527276,1692255263047,1692255263051,1693227527287,11,4,7
17507,1693227527287,1692255263057,1692255263061,1693227527297,10,4,6
17508,1693227527297,1692255263068,1692255263073,1693227527309,12,5,7
17509,1693227527309,1692255263080,1692255263084,1693227527320,11,4,7
17510,1693227527320,1692255263090,1692255263095,1693227527331,11,5,6
17511,1693227527331,1692255263101,1692255263106,1693227527342,11,5,6
17512,1693227527342,1692255263113,1692255263118,1693227527354,12,5,7
17513,1693227527354,1692255263131,1692255263136,1693227527374,20,5,15
17514,1693227527374,1692255263144,1692255263149,1693227527384,10,5,5
17515,1693227527384,1692255263155,1692255263159,1693227527394,10,4,6
17516,1693227527394,1692255263165,1692255263170,1693227527406,12,5,7
17517,1693227527406,1692255263176,1692255263181,1693227527417,11,5,6
17518,1693227527417,1692255263187,1692255263192,1693227527427,10,5,5
17519,1693227527427,1692255263197,1692255263201,1693227527437,10,4,6
17520,1693227527437,1692255263207,1692255263211,1693227527446,9,4,5
17521,1693227527446,1692255263216,1692255263220,1693227527455,9,4,5
17522,1693227527456,1692255263226,1692255263230,1693227527465,9,4,5
17523,1693227527465,1692255263235,1692255263240,1693227527476,11,5,6
17524,1693227527476,1692255263246,1692255263250,1693227527486,10,4,6
17525,1693227527486,1692255263256,1692255263260,1693227527495,9,4,5
17526,1693227527495,1692255263265,1692255263269,1693227527505,10,4,6
17527,1693227527505,1692255263275,1692255263281,1693227527516,11,6,5
17528,1693227527516,1692255263287,1692255263294,1693227527530,14,7,7
17529,1693227527530,1692255263300,1692255263304,1693227527540,10,4,6
17530,1693227527540,1692255263311,1692255263316,1693227527551,11,5,6
17531,1693227527551,1692255263323,1692255263327,1693227527563,12,4,8
17532,1693227527563,1692255263333,1692255263337,1693227527573,10,4,6
17533,1693227527573,1692255263351,1692255263355,1693227527591,18,4,14
17534,1693227527591,1692255263362,1692255263368,1693227527605,14,6,8
17535,1693227527605,1692255263374,1692255263379,1693227527615,10,5,5
17536,1693227527615,1692255263385,1692255263391,1693227527626,11,6,5
17537,1693227527626,1692255263396,1692255263402,1693227527637,11,6,5
17538,1693227527637,1692255263407,1692255263411,1693227527646,9,4,5
17539,1693227527646,1692255263416,1692255263419,1693227527655,9,3,6
17540,1693227527655,1692255263425,1692255263430,1693227527665,10,5,5
17541,1693227527665,1692255263435,1692255263442,1693227527677,12,7,5
17542,1693227527677,1692255263449,1692255263455,1693227527691,14,6,8
17543,1693227527691,1692255263462,1692255263467,1693227527702,11,5,6
17544,1693227527702,1692255263473,1692255263478,1693227527714,12,5,7
17545,1693227527714,1692255263485,1692255263490,1693227527726,12,5,7
17546,1693227527726,1692255263495,1692255263500,1693227527736,10,5,5
17547,1693227527736,1692255263506,1692255263512,1693227527747,11,6,5
17548,1693227527747,1692255263517,1692255263522,1693227527759,12,5,7
17549,1693227527759,1692255263532,1692255263537,1693227527772,13,5,8
17550,1693227527772,1692255263543,1692255263546,1693227527783,11,3,8
17551,1693227527783,1692255263553,1692255263557,1693227527793,10,4,6
17552,1693227527793,1692255263563,1692255263567,1693227527803,10,4,6
17553,1693227527803,1692255263573,1692255263577,1693227527813,10,4,6
17554,1693227527813,1692255263583,1692255263588,1693227527824,11,5,6
17555,1693227527824,1692255263594,1692255263598,1693227527834,10,4,6
17556,1693227527834,1692255263604,1692255263609,1693227527844,10,5,5
17557,1693227527844,1692255263615,1692255263620,1693227527855,11,5,6
17558,1693227527855,1692255263625,1692255263630,1693227527865,10,5,5
17559,1693227527865,1692255263636,1692255263642,1693227527877,12,6,6
17560,1693227527877,1692255263648,1692255263652,1693227527888,11,4,7
17561,1693227527888,1692255263658,1692255263663,1693227527898,10,5,5
17562,1693227527898,1692255263669,1692255263674,1693227527909,11,5,6
17563,1693227527909,1692255263680,1692255263684,1693227527920,11,4,7
17564,1693227527920,1692255263690,1692255263695,1693227527931,11,5,6
17565,1693227527931,1692255263701,1692255263706,1693227527942,11,5,6
17566,1693227527942,1692255263712,1692255263716,1693227527952,10,4,6
17567,1693227527952,1692255263722,1692255263727,1693227527962,10,5,5
17568,1693227527962,1692255263733,1692255263737,1693227527973,11,4,7
17569,1693227527973,1692255263743,1692255263747,1693227527983,10,4,6
17570,1693227527983,1692255263752,1692255263756,1693227527992,9,4,5
17571,1693227527992,1692255263762,1692255263766,1693227528002,10,4,6
17572,1693227528002,1692255263772,1692255263777,1693227528012,10,5,5
17573,1693227528012,1692255263782,1692255263786,1693227528021,9,4,5
17574,1693227528021,1692255263791,1692255263795,1693227528030,9,4,5
17575,1693227528030,1692255263800,1692255263803,1693227528039,9,3,6
17576,1693227528039,1692255263809,1692255263814,1693227528049,10,5,5
17577,1693227528049,1692255263821,1692255263825,1693227528062,13,4,9
17578,1693227528062,1692255263832,1692255263839,1693227528075,13,7,6
17579,1693227528075,1692255263845,1692255263850,1693227528086,11,5,6
17580,1693227528086,1692255263860,1692255263864,1693227528100,14,4,10
17581,1693227528100,1692255263871,1692255263875,1693227528110,10,4,6
17582,1693227528110,1692255263880,1692255263884,1693227528120,10,4,6
17583,1693227528120,1692255263889,1692255263893,1693227528128,8,4,4
17584,1693227528128,1692255263898,1692255263902,1693227528138,10,4,6
17585,1693227528138,1692255263908,1692255263912,1693227528147,9,4,5
17586,1693227528147,1692255263916,1692255263921,1693227528156,9,5,4
17587,1693227528156,1692255263926,1692255263930,1693227528166,10,4,6
17588,1693227528166,1692255263936,1692255263940,1693227528176,10,4,6
17589,1693227528176,1692255263946,1692255263949,1693227528185,9,3,6
17590,1693227528185,1692255263954,1692255263958,1693227528194,9,4,5
17591,1693227528194,1692255263964,1692255263969,1693227528204,10,5,5
17592,1693227528204,1692255263975,1692255263979,1693227528215,11,4,7
17593,1693227528215,1692255263986,1692255263991,1693227528226,11,5,6
17594,1693227528226,1692255263996,1692255264001,1693227528236,10,5,5
17595,1693227528236,1692255264008,1692255264012,1693227528248,12,4,8
17596,1693227528248,1692255264018,1692255264024,1693227528259,11,6,5
17597,1693227528259,1692255264030,1692255264034,1693227528270,11,4,7
17598,1693227528270,1692255264040,1692255264045,1693227528281,11,5,6
17599,1693227528281,1692255264051,1692255264056,1693227528292,11,5,6
17600,1693227528292,1692255264064,1692255264067,1693227528303,11,3,8
17601,1693227528303,1692255264074,1692255264079,1693227528315,12,5,7
17602,1693227528315,1692255264085,1692255264091,1693227528326,11,6,5
17603,1693227528326,1692255264097,1692255264102,1693227528338,12,5,7
17604,1693227528338,1692255264108,1692255264112,1693227528348,10,4,6
17605,1693227528348,1692255264119,1692255264123,1693227528359,11,4,7
17606,1693227528359,1692255264130,1692255264134,1693227528370,11,4,7
17607,1693227528370,1692255264141,1692255264146,1693227528381,11,5,6
17608,1693227528381,1692255264152,1692255264157,1693227528393,12,5,7
17609,1693227528393,1692255264168,1692255264172,1693227528408,15,4,11
17610,1693227528408,1692255264183,1692255264187,1693227528423,15,4,11
17611,1693227528423,1692255264195,1692255264200,1693227528436,13,5,8
17612,1693227528436,1692255264206,1692255264210,1693227528445,9,4,5
17613,1693227528445,1692255264215,1692255264220,1693227528455,10,5,5
17614,1693227528455,1692255264226,1692255264232,1693227528468,13,6,7
17615,1693227528468,1692255264238,1692255264246,1693227528482,14,8,6
17616,1693227528482,1692255264253,1692255264258,1693227528493,11,5,6
17617,1693227528493,1692255264264,1692255264270,1693227528505,12,6,6
17618,1693227528505,1692255264275,1692255264279,1693227528515,10,4,6
17619,1693227528515,1692255264286,1692255264291,1693227528527,12,5,7
17620,1693227528527,1692255264297,1692255264301,1693227528537,10,4,6
17621,1693227528537,1692255264307,1692255264312,1693227528548,11,5,6
17622,1693227528548,1692255264318,1692255264323,1693227528558,10,5,5
17623,1693227528558,1692255264329,1692255264334,1693227528570,12,5,7
17624,1693227528570,1692255264340,1692255264345,1693227528581,11,5,6
17625,1693227528581,1692255264351,1692255264355,1693227528590,9,4,5
17626,1693227528590,1692255264360,1692255264365,1693227528603,13,5,8
17627,1693227528603,1692255264374,1692255264378,1693227528614,11,4,7
17628,1693227528614,1692255264387,1692255264391,1693227528627,13,4,9
17629,1693227528627,1692255264398,1692255264402,1693227528638,11,4,7
17630,1693227528638,1692255264408,1692255264413,1693227528648,10,5,5
17631,1693227528648,1692255264418,1692255264422,1693227528658,10,4,6
17632,1693227528658,1692255264428,1692255264432,1693227528668,10,4,6
17633,1693227528668,1692255264441,1692255264446,1693227528681,13,5,8
17634,1693227528681,1692255264452,1692255264459,1693227528694,13,7,6
17635,1693227528695,1692255264465,1692255264470,1693227528705,10,5,5
17636,1693227528705,1692255264475,1692255264480,1693227528715,10,5,5
17637,1693227528715,1692255264487,1692255264491,1693227528727,12,4,8
17638,1693227528727,1692255264497,1692255264502,1693227528737,10,5,5
17639,1693227528737,1692255264508,1692255264512,1693227528748,11,4,7
17640,1693227528748,1692255264518,1692255264523,1693227528759,11,5,6
17641,1693227528759,1692255264530,1692255264534,1693227528770,11,4,7
17642,1693227528770,1692255264540,1692255264545,1693227528781,11,5,6
17643,1693227528781,1692255264552,1692255264557,1693227528794,13,5,8
17644,1693227528794,1692255264564,1692255264568,1693227528804,10,4,6
17645,1693227528804,1692255264576,1692255264581,1693227528816,12,5,7
17646,1693227528816,1692255264587,1692255264592,1693227528827,11,5,6
17647,1693227528827,1692255264598,1692255264603,1693227528838,11,5,6
17648,1693227528838,1692255264608,1692255264612,1693227528847,9,4,5
17649,1693227528847,1692255264617,1692255264621,1693227528857,10,4,6
17650,1693227528857,1692255264626,1692255264630,1693227528866,9,4,5
17651,1693227528866,1692255264636,1692255264639,1693227528875,9,3,6
17652,1693227528875,1692255264644,1692255264651,1693227528886,11,7,4
17653,1693227528886,1692255264656,1692255264662,1693227528897,11,6,5
17654,1693227528897,1692255264667,1692255264672,1693227528910,13,5,8
17655,1693227528910,1692255264680,1692255264685,1693227528920,10,5,5
17656,1693227528920,1692255264690,1692255264696,1693227528931,11,6,5
17657,1693227528931,1692255264701,1692255264706,1693227528941,10,5,5
17658,1693227528941,1692255264713,1692255264717,1693227528953,12,4,8
17659,1693227528953,1692255264723,1692255264728,1693227528964,11,5,6
17660,1693227528964,1692255264735,1692255264739,1693227528974,10,4,6
17661,1693227528974,1692255264745,1692255264750,1693227528985,11,5,6
17662,1693227528985,1692255264756,1692255264762,1693227528997,12,6,6
17663,1693227528997,1692255264768,1692255264772,1693227529007,10,4,6
17664,1693227529007,1692255264777,1692255264781,1693227529017,10,4,6
17665,1693227529017,1692255264787,1692255264792,1693227529028,11,5,6
17666,1693227529028,1692255264798,1692255264802,1693227529038,10,4,6
17667,1693227529038,1692255264808,1692255264812,1693227529047,9,4,5
17668,1693227529047,1692255264817,1692255264821,1693227529057,10,4,6
17669,1693227529057,1692255264827,1692255264831,1693227529067,10,4,6
17670,1693227529067,1692255264837,1692255264841,1693227529077,10,4,6
17671,1693227529077,1692255264847,1692255264851,1693227529086,9,4,5
17672,1693227529086,1692255264856,1692255264862,1693227529097,11,6,5
17673,1693227529097,1692255264869,1692255264876,1693227529111,14,7,7
17674,1693227529111,1692255264883,1692255264888,1693227529123,12,5,7
17675,1693227529123,1692255264894,1692255264898,1693227529134,11,4,7
17676,1693227529134,1692255264904,1692255264908,1693227529144,10,4,6
17677,1693227529144,1692255264914,1692255264919,1693227529155,11,5,6
17678,1693227529155,1692255264925,1692255264930,1693227529166,11,5,6
17679,1693227529166,1692255264936,1692255264941,1693227529176,10,5,5
17680,1693227529176,1692255264949,1692255264954,1693227529189,13,5,8
17681,1693227529189,1692255264959,1692255264965,1693227529200,11,6,5
17682,1693227529200,1692255264971,1692255264975,1693227529210,10,4,6
17683,1693227529210,1692255264980,1692255264984,1693227529219,9,4,5
17684,1693227529219,1692255264989,1692255264993,1693227529228,9,4,5
17685,1693227529228,1692255264999,1692255265004,1693227529240,12,5,7
17686,1693227529240,1692255265013,1692255265017,1693227529253,13,4,9
17687,1693227529253,1692255265023,1692255265028,1693227529264,11,5,6
17688,1693227529264,1692255265035,1692255265039,1693227529275,11,4,7
17689,1693227529275,1692255265046,1692255265053,1693227529288,13,7,6
17690,1693227529288,1692255265059,1692255265063,1693227529299,11,4,7
17691,1693227529299,1692255265071,1692255265076,1693227529312,13,5,8
17692,1693227529312,1692255265082,1692255265087,1693227529323,11,5,6
17693,1693227529323,1692255265093,1692255265098,1693227529333,10,5,5
17694,1693227529333,1692255265103,1692255265108,1693227529343,10,5,5
17695,1693227529343,1692255265114,1692255265119,1693227529354,11,5,6
17696,1693227529354,1692255265125,1692255265130,1693227529366,12,5,7
17697,1693227529366,1692255265138,1692255265142,1693227529378,12,4,8
17698,1693227529378,1692255265149,1692255265153,1693227529388,10,4,6
17699,1693227529388,1692255265158,1692255265163,1693227529399,11,5,6
17700,1693227529399,1692255265169,1692255265175,1693227529416,17,6,11
17701,1693227529416,1692255265197,1692255265202,1693227529437,21,5,16
17702,1693227529438,1692255265207,1692255265212,1693227529448,10,5,5
17703,1693227529448,1692255265219,1692255265224,1693227529459,11,5,6
17704,1693227529459,1692255265229,1692255265235,1693227529470,11,6,5
17705,1693227529470,1692255265241,1692255265246,1693227529481,11,5,6
17706,1693227529481,1692255265252,1692255265257,1693227529492,11,5,6
17707,1693227529492,1692255265263,1692255265267,1693227529502,10,4,6
17708,1693227529502,1692255265272,1692255265278,1693227529514,12,6,6
17709,1693227529514,1692255265284,1692255265289,1693227529524,10,5,5
17710,1693227529524,1692255265420,1692255265424,1693227529756,232,4,228
17711,1693227529756,1692255265526,1692255265531,1693227529767,11,5,6
17712,1693227529767,1692255265537,1692255265541,1693227529777,10,4,6
17713,1693227529777,1692255265548,1692255265553,1693227529788,11,5,6
17714,1693227529788,1692255265559,1692255265563,1693227529798,10,4,6
17715,1693227529798,1692255265567,1692255265571,1693227529806,8,4,4
17716,1693227529807,1692255265576,1692255265580,1693227529816,9,4,5
17717,1693227529816,1692255265586,1692255265591,1693227529827,11,5,6
17718,1693227529827,1692255265627,1692255265631,1693227529866,39,4,35
17719,1693227529866,1692255265637,1692255265641,1693227529877,11,4,7
17720,1693227529877,1692255265647,1692255265652,1693227529887,10,5,5
17721,1693227529887,1692255265658,1692255265663,1693227529898,11,5,6
17722,1693227529898,1692255265669,1692255265673,1693227529909,11,4,7
17723,1693227529909,1692255265679,1692255265684,1693227529919,10,5,5
17724,1693227529919,1692255265689,1692255265694,1693227529929,10,5,5
17725,1693227529929,1692255265702,1692255265707,1693227529942,13,5,8
17726,1693227529942,1692255265712,1692255265720,1693227529956,14,8,6
17727,1693227529956,1692255265727,1692255265732,1693227529968,12,5,7
17728,1693227529968,1692255265739,1692255265744,1693227529981,13,5,8
17729,1693227529981,1692255265751,1692255265755,1693227529997,16,4,12
17730,1693227529997,1692255265766,1692255265771,1693227530006,9,5,4
17731,1693227530006,1692255265777,1692255265782,1693227530018,12,5,7
17732,1693227530018,1692255265796,1692255265801,1693227530037,19,5,14
17733,1693227530037,1692255265807,1692255265812,1693227530047,10,5,5
17734,1693227530048,1692255265828,1692255265832,1693227530080,32,4,28
17735,1693227530080,1692255265850,1692255265855,1693227530091,11,5,6
17736,1693227530091,1692255265862,1692255265867,1693227530103,12,5,7
17737,1693227530103,1692255265873,1692255265879,1693227530115,12,6,6
17738,1693227530115,1692255265885,1692255265889,1693227530125,10,4,6
17739,1693227530125,1692255265895,1692255265900,1693227530140,15,5,10
17740,1693227530140,1692255265911,1692255265916,1693227530152,12,5,7
17741,1693227530152,1692255265928,1692255265934,1693227530169,17,6,11
17742,1693227530170,1692255265940,1692255265945,1693227530181,11,5,6
17743,1693227530181,1692255265951,1692255265956,1693227530192,11,5,6
17744,1693227530192,1692255265963,1692255265968,1693227530203,11,5,6
17745,1693227530203,1692255265974,1692255265978,1693227530214,11,4,7
17746,1693227530214,1692255265985,1692255265989,1693227530225,11,4,7
17747,1693227530225,1692255265995,1692255266000,1693227530235,10,5,5
17748,1693227530235,1692255266006,1692255266011,1693227530247,12,5,7
17749,1693227530247,1692255266019,1692255266025,1693227530260,13,6,7
17750,1693227530260,1692255266031,1692255266034,1693227530270,10,3,7
17751,1693227530270,1692255266040,1692255266045,1693227530280,10,5,5
17752,1693227530280,1692255266051,1692255266056,1693227530291,11,5,6
17753,1693227530291,1692255266061,1692255266066,1693227530302,11,5,6
17754,1693227530302,1692255266072,1692255266076,1693227530311,9,4,5
17755,1693227530311,1692255266083,1692255266087,1693227530322,11,4,7
17756,1693227530322,1692255266092,1692255266096,1693227530332,10,4,6
17757,1693227530332,1692255266102,1692255266106,1693227530343,11,4,7
17758,1693227530343,1692255266114,1692255266118,1693227530353,10,4,6
17759,1693227530353,1692255266123,1692255266128,1693227530363,10,5,5
17760,1693227530363,1692255266134,1692255266139,1693227530374,11,5,6
17761,1693227530374,1692255266145,1692255266149,1693227530385,11,4,7
17762,1693227530385,1692255266155,1692255266160,1693227530395,10,5,5
17763,1693227530395,1692255266165,1692255266172,1693227530408,13,7,6
17764,1693227530408,1692255266181,1692255266185,1693227530421,13,4,9
17765,1693227530421,1692255266191,1692255266195,1693227530431,10,4,6
17766,1693227530431,1692255266201,1692255266205,1693227530441,10,4,6
17767,1693227530441,1692255266211,1692255266216,1693227530451,10,5,5
17768,1693227530451,1692255266222,1692255266227,1693227530462,11,5,6
17769,1693227530462,1692255266233,1692255266237,1693227530473,11,4,7
17770,1693227530473,1692255266243,1692255266248,1693227530483,10,5,5
17771,1693227530483,1692255266254,1692255266258,1693227530495,12,4,8
17772,1693227530495,1692255266265,1692255266271,1693227530506,11,6,5
17773,1693227530506,1692255266277,1692255266281,1693227530517,11,4,7
17774,1693227530517,1692255266289,1692255266294,1693227530530,13,5,8
17775,1693227530530,1692255266300,1692255266306,1693227530541,11,6,5
17776,1693227530541,1692255266313,1692255266317,1693227530553,12,4,8
17777,1693227530553,1692255266323,1692255266328,1693227530564,11,5,6
17778,1693227530564,1692255266335,1692255266339,1693227530575,11,4,7
17779,1693227530576,1692255266346,1692255266351,1693227530587,11,5,6
17780,1693227530587,1692255266364,1692255266369,1693227530605,18,5,13
17781,1693227530605,1692255266375,1692255266380,1693227530615,10,5,5
17782,1693227530615,1692255266386,1692255266392,1693227530627,12,6,6
17783,1693227530627,1692255266397,1692255266401,1693227530637,10,4,6
17784,1693227530637,1692255266407,1692255266413,1693227530651,14,6,8
17785,1693227530651,1692255266421,1692255266426,1693227530662,11,5,6
17786,1693227530662,1692255266432,1692255266437,1693227530673,11,5,6
17787,1693227530673,1692255266445,1692255266450,1693227530686,13,5,8
17788,1693227530686,1692255266459,1692255266464,1693227530699,13,5,8
17789,1693227530699,1692255266470,1692255266475,1693227530711,12,5,7
17790,1693227530711,1692255266482,1692255266486,1693227530722,11,4,7
17791,1693227530722,1692255266493,1692255266497,1693227530733,11,4,7
17792,1693227530733,1692255266503,1692255266508,1693227530743,10,5,5
17793,1693227530743,1692255266514,1692255266518,1693227530754,11,4,7
17794,1693227530754,1692255266530,1692255266534,1693227530770,16,4,12
17795,1693227530770,1692255266540,1692255266546,1693227530782,12,6,6
17796,1693227530782,1692255266559,1692255266563,1693227530799,17,4,13
17797,1693227530799,1692255266570,1692255266574,1693227530810,11,4,7
17798,1693227530810,1692255266580,1692255266585,1693227530821,11,5,6
17799,1693227530821,1692255266591,1692255266596,1693227530832,11,5,6
17800,1693227530832,1692255266603,1692255266610,1693227530845,13,7,6
17801,1693227530845,1692255266616,1692255266621,1693227530856,11,5,6
17802,1693227530856,1692255266627,1692255266632,1693227530867,11,5,6
17803,1693227530867,1692255266638,1692255266643,1693227530878,11,5,6
17804,1693227530878,1692255266650,1692255266655,1693227530891,13,5,8
17805,1693227530891,1692255266661,1692255266666,1693227530902,11,5,6
17806,1693227530902,1692255266672,1692255266678,1693227530913,11,6,5
17807,1693227530913,1692255266684,1692255266689,1693227530925,12,5,7
17808,1693227530925,1692255266695,1692255266700,1693227530936,11,5,6
17809,1693227530936,1692255266706,1692255266710,1693227530946,10,4,6
17810,1693227530946,1692255266716,1692255266722,1693227530958,12,6,6
17811,1693227530958,1692255266728,1692255266733,1693227530969,11,5,6
17812,1693227530969,1692255266739,1692255266744,1693227530979,10,5,5
17813,1693227530980,1692255266750,1692255266755,1693227530991,11,5,6
17814,1693227530991,1692255266761,1692255266766,1693227531002,11,5,6
17815,1693227531002,1692255266772,1692255266778,1693227531013,11,6,5
17816,1693227531013,1692255266783,1692255266788,1693227531023,10,5,5
17817,1693227531023,1692255266794,1692255266799,1693227531035,12,5,7
17818,1693227531035,1692255266807,1692255266811,1693227531047,12,4,8
17819,1693227531047,1692255266818,1692255266822,1693227531057,10,4,6
17820,1693227531057,1692255266828,1692255266837,1693227531072,15,9,6
17821,1693227531072,1692255266842,1692255266847,1693227531083,11,5,6
17822,1693227531083,1692255266853,1692255266858,1693227531094,11,5,6
17823,1693227531094,1692255266864,1692255266869,1693227531104,10,5,5
17824,1693227531104,1692255266874,1692255266879,1693227531115,11,5,6
17825,1693227531115,1692255266884,1692255266889,1693227531124,9,5,4
17826,1693227531124,1692255266896,1692255266901,1693227531136,12,5,7
17827,1693227531137,1692255266908,1692255266913,1693227531148,11,5,6
17828,1693227531148,1692255266919,1692255266924,1693227531160,12,5,7
17829,1693227531160,1692255266932,1692255266936,1693227531172,12,4,8
17830,1693227531172,1692255266942,1692255266946,1693227531182,10,4,6
17831,1693227531182,1692255266952,1692255266957,1693227531193,11,5,6
17832,1693227531193,1692255266964,1692255266969,1693227531204,11,5,6
17833,1693227531204,1692255266975,1692255266979,1693227531215,11,4,7
17834,1693227531215,1692255266985,1692255266989,1693227531225,10,4,6
17835,1693227531225,1692255267003,1692255267007,1693227531243,18,4,14
17836,1693227531243,1692255267019,1692255267026,1693227531262,19,7,12
17837,1693227531262,1692255267034,1692255267038,1693227531274,12,4,8
17838,1693227531274,1692255267045,1692255267049,1693227531284,10,4,6
17839,1693227531284,1692255267054,1692255267060,1693227531296,12,6,6
17840,1693227531296,1692255267066,1692255267071,1693227531307,11,5,6
17841,1693227531307,1692255267078,1692255267083,1693227531319,12,5,7
17842,1693227531319,1692255267089,1692255267095,1693227531331,12,6,6
17843,1693227531331,1692255267101,1692255267107,1693227531342,11,6,5
17844,1693227531342,1692255267113,1692255267117,1693227531353,11,4,7
17845,1693227531353,1692255267124,1692255267129,1693227531367,14,5,9
17846,1693227531367,1692255267138,1692255267143,1693227531379,12,5,7
17847,1693227531379,1692255267149,1692255267154,1693227531390,11,5,6
17848,1693227531390,1692255267163,1692255267167,1693227531403,13,4,9
17849,1693227531403,1692255267174,1692255267179,1693227531415,12,5,7
17850,1693227531415,1692255267185,1692255267190,1693227531425,10,5,5
17851,1693227531425,1692255267195,1692255267199,1693227531435,10,4,6
17852,1693227531435,1692255267205,1692255267209,1693227531445,10,4,6
17853,1693227531445,1692255267215,1692255267219,1693227531454,9,4,5
17854,1693227531454,1692255267224,1692255267228,1693227531464,10,4,6
17855,1693227531464,1692255267234,1692255267239,1693227531474,10,5,5
17856,1693227531474,1692255267245,1692255267249,1693227531485,11,4,7
17857,1693227531485,1692255267255,1692255267259,1693227531495,10,4,6
17858,1693227531495,1692255267266,1692255267270,1693227531506,11,4,7
17859,1693227531506,1692255267276,1692255267281,1693227531517,11,5,6
17860,1693227531517,1692255267287,1692255267292,1693227531528,11,5,6
17861,1693227531528,1692255267298,1692255267302,1693227531538,10,4,6
17862,1693227531538,1692255267308,1692255267312,1693227531548,10,4,6
17863,1693227531548,1692255267318,1692255267323,1693227531558,10,5,5
17864,1693227531559,1692255267329,1692255267334,1693227531569,10,5,5
17865,1693227531569,1692255267340,1692255267346,1693227531581,12,6,6
17866,1693227531581,1692255267352,1692255267357,1693227531592,11,5,6
17867,1693227531592,1692255267364,1692255267368,1693227531603,11,4,7
17868,1693227531603,1692255267374,1692255267378,1693227531614,11,4,7
17869,1693227531614,1692255267384,1692255267388,1693227531624,10,4,6
17870,1693227531624,1692255267394,1692255267398,1693227531634,10,4,6
17871,1693227531634,1692255267405,1692255267410,1693227531645,11,5,6
17872,1693227531645,1692255267419,1692255267424,1693227531659,14,5,9
17873,1693227531659,1692255267432,1692255267439,1693227531675,16,7,9
17874,1693227531675,1692255267450,1692255267455,1693227531691,16,5,11
17875,1693227531691,1692255267461,1692255267466,1693227531702,11,5,6
17876,1693227531702,1692255267472,1692255267477,1693227531712,10,5,5
17877,1693227531712,1692255267483,1692255267487,1693227531723,11,4,7
17878,1693227531723,1692255267493,1692255267499,1693227531734,11,6,5
17879,1693227531735,1692255267505,1692255267510,1693227531745,10,5,5
17880,1693227531745,1692255267516,1692255267521,1693227531756,11,5,6
17881,1693227531757,1692255267527,1692255267532,1693227531768,11,5,6
17882,1693227531768,1692255267540,1692255267545,1693227531780,12,5,7
17883,1693227531780,1692255267551,1692255267555,1693227531791,11,4,7
17884,1693227531791,1692255267562,1692255267567,1693227531803,12,5,7
17885,1693227531803,1692255267573,1692255267578,1693227531814,11,5,6
17886,1693227531814,1692255267584,1692255267589,1693227531825,11,5,6
17887,1693227531825,1692255267595,1692255267599,1693227531835,10,4,6
17888,1693227531835,1692255267605,1692255267611,1693227531847,12,6,6
17889,1693227531847,1692255267618,1692255267622,1693227531858,11,4,7
17890,1693227531858,1692255267631,1692255267636,1693227531871,13,5,8
17891,1693227531871,1692255267641,1692255267645,1693227531881,10,4,6
17892,1693227531881,1692255267651,1692255267655,1693227531891,10,4,6
17893,1693227531891,1692255267662,1692255267667,1693227531902,11,5,6
17894,1693227531902,1692255267679,1692255267683,1693227531919,17,4,13
17895,1693227531919,1692255267690,1692255267694,1693227531930,11,4,7
17896,1693227531930,1692255267700,1692255267705,1693227531941,11,5,6
17897,1693227531941,1692255267711,1692255267715,1693227531951,10,4,6
17898,1693227531951,1692255267722,1692255267726,1693227531962,11,4,7
17899,1693227531962,1692255267732,1692255267737,1693227531972,10,5,5
17900,1693227531972,1692255267742,1692255267746,1693227531982,10,4,6
17901,1693227531982,1692255267752,1692255267756,1693227531992,10,4,6
17902,1693227531992,1692255267762,1692255267767,1693227532003,11,5,6
17903,1693227532003,1692255267773,1692255267777,1693227532013,10,4,6
17904,1693227532013,1692255267783,1692255267788,1693227532024,11,5,6
17905,1693227532024,1692255267794,1692255267798,1693227532034,10,4,6
17906,1693227532034,1692255267804,1692255267809,1693227532044,10,5,5
17907,1693227532044,1692255267814,1692255267819,1693227532054,10,5,5
17908,1693227532054,1692255267833,1692255267838,1693227532073,19,5,14
17909,1693227532073,1692255267844,1692255267856,1693227532091,18,12,6
17910,1693227532091,1692255267862,1692255267867,1693227532103,12,5,7
17911,1693227532103,1692255267873,1692255267879,1693227532114,11,6,5
17912,1693227532114,1692255267885,1692255267889,1693227532125,11,4,7
17913,1693227532125,1692255267896,1692255267901,1693227532137,12,5,7
17914,1693227532137,1692255267908,1692255267913,1693227532149,12,5,7
17915,1693227532149,1692255267920,1692255267925,1693227532162,13,5,8
17916,1693227532162,1692255267933,1692255267938,1693227532173,11,5,6
17917,1693227532173,1692255267944,1692255267949,1693227532187,14,5,9
17918,1693227532187,1692255267958,1692255267963,1693227532198,11,5,6
17919,1693227532199,1692255267969,1692255267974,1693227532209,10,5,5
17920,1693227532209,1692255267980,1692255267986,1693227532222,13,6,7
17921,1693227532222,1692255267992,1692255267997,1693227532232,10,5,5
17922,1693227532232,1692255268003,1692255268007,1693227532243,11,4,7
17923,1693227532243,1692255268017,1692255268022,1693227532257,14,5,9
17924,1693227532257,1692255268036,1692255268041,1693227532277,20,5,15
17925,1693227532277,1692255268047,1692255268052,1693227532289,12,5,7
17926,1693227532289,1692255268059,1692255268063,1693227532299,10,4,6
17927,1693227532299,1692255268069,1692255268074,1693227532310,11,5,6
17928,1693227532310,1692255268081,1692255268086,1693227532321,11,5,6
17929,1693227532321,1692255268092,1692255268097,1693227532332,11,5,6
17930,1693227532332,1692255268103,1692255268107,1693227532342,10,4,6
17931,1693227532342,1692255268112,1692255268118,1693227532353,11,6,5
17932,1693227532353,1692255268123,1692255268128,1693227532364,11,5,6
17933,1693227532364,1692255268136,1692255268140,1693227532376,12,4,8
17934,1693227532376,1692255268146,1692255268151,1693227532387,11,5,6
17935,1693227532387,1692255268156,1692255268162,1693227532398,11,6,5
17936,1693227532398,1692255268168,1692255268174,1693227532409,11,6,5
17937,1693227532409,1692255268194,1692255268199,1693227532435,26,5,21
17938,1693227532435,1692255268206,1692255268211,1693227532446,11,5,6
17939,1693227532446,1692255268219,1692255268224,1693227532459,13,5,8
17940,1693227532459,1692255268230,1692255268235,1693227532471,12,5,7
17941,1693227532471,1692255268241,1692255268246,1693227532482,11,5,6
17942,1693227532482,1692255268252,1692255268257,1693227532494,12,5,7
17943,1693227532494,1692255268264,1692255268270,1693227532505,11,6,5
17944,1693227532506,1692255268277,1692255268282,1693227532517,11,5,6
17945,1693227532518,1692255268288,1692255268297,1693227532532,14,9,5
17946,1693227532532,1692255268303,1692255268308,1693227532544,12,5,7
17947,1693227532544,1692255268315,1692255268320,1693227532556,12,5,7
17948,1693227532556,1692255268330,1692255268335,1693227532571,15,5,10
17949,1693227532571,1692255268341,1692255268346,1693227532581,10,5,5
17950,1693227532581,1692255268352,1692255268358,1693227532593,12,6,6
17951,1693227532593,1692255268366,1692255268372,1693227532607,14,6,8
17952,1693227532607,1692255268379,1692255268383,1693227532620,13,4,9
17953,1693227532620,1692255268391,1692255268396,1693227532632,12,5,7
17954,1693227532632,1692255268403,1692255268409,1693227532645,13,6,7
17955,1693227532645,1692255268416,1692255268421,1693227532656,11,5,6
17956,1693227532656,1692255268427,1692255268433,1693227532669,13,6,7
17957,1693227532669,1692255268439,1692255268445,1693227532681,12,6,6
17958,1693227532681,1692255268452,1692255268458,1693227532694,13,6,7
17959,1693227532694,1692255268467,1692255268472,1693227532707,13,5,8
17960,1693227532708,1692255268478,1692255268483,1693227532719,11,5,6
17961,1693227532719,1692255268489,1692255268494,1693227532730,11,5,6
17962,1693227532730,1692255268501,1692255268506,1693227532742,12,5,7
17963,1693227532742,1692255268512,1692255268516,1693227532752,10,4,6
17964,1693227532752,1692255268523,1692255268528,1693227532764,12,5,7
17965,1693227532764,1692255268534,1692255268538,1693227532774,10,4,6
17966,1693227532774,1692255268545,1692255268550,1693227532786,12,5,7
17967,1693227532786,1692255268556,1692255268560,1693227532796,10,4,6
17968,1693227532796,1692255268568,1692255268573,1693227532809,13,5,8
17969,1693227532809,1692255268580,1692255268584,1693227532820,11,4,7
17970,1693227532820,1692255268589,1692255268593,1693227532829,9,4,5
17971,1693227532829,1692255268599,1692255268603,1693227532839,10,4,6
17972,1693227532839,1692255268609,1692255268614,1693227532849,10,5,5
17973,1693227532849,1692255268620,1692255268624,1693227532860,11,4,7
17974,1693227532860,1692255268630,1692255268635,1693227532871,11,5,6
17975,1693227532871,1692255268641,1692255268645,1693227532880,9,4,5
17976,1693227532880,1692255268650,1692255268654,1693227532890,10,4,6
17977,1693227532890,1692255268660,1692255268665,1693227532900,10,5,5
17978,1693227532900,1692255268672,1692255268676,1693227532912,12,4,8
17979,1693227532912,1692255268682,1692255268686,1693227532921,9,4,5
17980,1693227532921,1692255268691,1692255268696,1693227532931,10,5,5
17981,1693227532931,1692255268702,1692255268707,1693227532942,11,5,6
17982,1693227532942,1692255268712,1692255268719,1693227532955,13,7,6
17983,1693227532955,1692255268725,1692255268729,1693227532965,10,4,6
17984,1693227532965,1692255268735,1692255268740,1693227532975,10,5,5
17985,1693227532975,1692255268746,1692255268750,1693227532986,11,4,7
17986,1693227532986,1692255268757,1692255268762,1693227532998,12,5,7
17987,1693227532998,1692255268767,1692255268772,1693227533008,10,5,5
17988,1693227533008,1692255268778,1692255268783,1693227533018,10,5,5
17989,1693227533018,1692255268789,1692255268793,1693227533029,11,4,7
17990,1693227533029,1692255268800,1692255268805,1693227533040,11,5,6
17991,1693227533040,1692255268813,1692255268817,1693227533053,13,4,9
17992,1693227533053,1692255268823,1692255268827,1693227533062,9,4,5
17993,1693227533062,1692255268832,1692255268837,1693227533072,10,5,5
17994,1693227533072,1692255268841,1692255268845,1693227533081,9,4,5
17995,1693227533081,1692255268852,1692255268857,1693227533092,11,5,6
17996,1693227533092,1692255268862,1692255268866,1693227533101,9,4,5
17997,1693227533101,1692255268871,1692255268875,1693227533110,9,4,5
17998,1693227533110,1692255268881,1692255268885,1693227533120,10,4,6
17999,1693227533120,1692255268890,1692255268894,1693227533129,9,4,5
18000,1693227533130,1692255268900,1692255268903,1693227533138,8,3,5
18001,1693227533138,1692255268908,1692255268913,1693227533148,10,5,5
18002,1693227533148,1692255268919,1692255268924,1693227533159,11,5,6
18003,1693227533159,1692255268929,1692255268933,1693227533169,10,4,6
18004,1693227533169,1692255268939,1692255268945,1693227533180,11,6,5
18005,1693227533180,1692255268950,1692255268955,1693227533191,11,5,6
18006,1693227533191,1692255268961,1692255268966,1693227533202,11,5,6
18007,1693227533202,1692255268972,1692255268977,1693227533213,11,5,6
18008,1693227533213,1692255268983,1692255268988,1693227533224,11,5,6
18009,1693227533224,1692255268995,1692255268999,1693227533235,11,4,7
18010,1693227533235,1692255269006,1692255269010,1693227533245,10,4,6
18011,1693227533245,1692255269020,1692255269025,1693227533261,16,5,11
18012,1693227533261,1692255269031,1692255269037,1693227533273,12,6,6
18013,1693227533273,1692255269042,1692255269047,1693227533282,9,5,4
18014,1693227533282,1692255269052,1692255269056,1693227533292,10,4,6
18015,1693227533292,1692255269062,1692255269066,1693227533301,9,4,5
18016,1693227533301,1692255269071,1692255269075,1693227533313,12,4,8
18017,1693227533313,1692255269083,1692255269088,1693227533323,10,5,5
18018,1693227533323,1692255269093,1692255269098,1693227533334,11,5,6
18019,1693227533334,1692255269104,1692255269111,1693227533347,13,7,6
18020,1693227533347,1692255269117,1692255269121,1693227533357,10,4,6
18021,1693227533357,1692255269126,1692255269131,1693227533367,10,5,5
18022,1693227533367,1692255269137,1692255269142,1693227533378,11,5,6
18023,1693227533378,1692255269148,1692255269152,1693227533387,9,4,5
18024,1693227533387,1692255269158,1692255269163,1693227533399,12,5,7
18025,1693227533399,1692255269169,1692255269173,1693227533409,10,4,6
18026,1693227533409,1692255269183,1692255269189,1693227533425,16,6,10
18027,1693227533425,1692255269195,1692255269199,1693227533434,9,4,5
18028,1693227533435,1692255269205,1692255269210,1693227533445,10,5,5
18029,1693227533445,1692255269216,1692255269221,1693227533456,11,5,6
18030,1693227533456,1692255269227,1692255269231,1693227533466,10,4,6
18031,1693227533466,1692255269236,1692255269240,1693227533475,9,4,5
18032,1693227533475,1692255269246,1692255269250,1693227533485,10,4,6
18033,1693227533485,1692255269255,1692255269260,1693227533495,10,5,5
18034,1693227533495,1692255269265,1692255269270,1693227533505,10,5,5
18035,1693227533505,1692255269275,1692255269280,1693227533518,13,5,8
18036,1693227533518,1692255269288,1692255269292,1693227533527,9,4,5
18037,1693227533527,1692255269297,1692255269302,1693227533537,10,5,5
18038,1693227533537,1692255269307,1692255269311,1693227533547,10,4,6
18039,1693227533547,1692255269320,1692255269325,1693227533560,13,5,8
18040,1693227533560,1692255269330,1692255269334,1693227533570,10,4,6
18041,1693227533570,1692255269340,1692255269346,1693227533582,12,6,6
18042,1693227533582,1692255269352,1692255269357,1693227533593,11,5,6
18043,1693227533593,1692255269365,1692255269370,1693227533606,13,5,8
18044,1693227533606,1692255269376,1692255269382,1693227533620,14,6,8
18045,1693227533620,1692255269390,1692255269395,1693227533631,11,5,6
18046,1693227533631,1692255269401,1692255269406,1693227533642,11,5,6
18047,1693227533642,1692255269415,1692255269419,1693227533655,13,4,9
18048,1693227533655,1692255269425,1692255269430,1693227533665,10,5,5
18049,1693227533665,1692255269437,1692255269441,1693227533677,12,4,8
18050,1693227533677,1692255269448,1692255269453,1693227533689,12,5,7
18051,1693227533689,1692255269459,1692255269464,1693227533699,10,5,5
18052,1693227533699,1692255269470,1692255269474,1693227533709,10,4,6
18053,1693227533709,1692255269479,1692255269484,1693227533722,13,5,8
18054,1693227533722,1692255269492,1692255269496,1693227533731,9,4,5
18055,1693227533731,1692255269501,1692255269505,1693227533740,9,4,5
18056,1693227533740,1692255269510,1692255269517,1693227533753,13,7,6
18057,1693227533753,1692255269525,1692255269530,1693227533765,12,5,7
18058,1693227533765,1692255269535,1692255269540,1693227533775,10,5,5
18059,1693227533775,1692255269545,1692255269550,1693227533792,17,5,12
18060,1693227533792,1692255269568,1692255269573,1693227533808,16,5,11
18061,1693227533808,1692255269579,1692255269584,1693227533820,12,5,7
18062,1693227533820,1692255269591,1692255269596,1693227533832,12,5,7
18063,1693227533832,1692255269602,1692255269607,1693227533843,11,5,6
18064,1693227533843,1692255269614,1692255269619,1693227533855,12,5,7
18065,1693227533855,1692255269625,1692255269631,1693227533866,11,6,5
18066,1693227533866,1692255269637,1692255269643,1693227533879,13,6,7
18067,1693227533879,1692255269649,1692255269654,1693227533889,10,5,5
18068,1693227533889,1692255269661,1692255269666,1693227533902,13,5,8
18069,1693227533902,1692255269672,1692255269677,1693227533913,11,5,6
18070,1693227533913,1692255269683,1692255269687,1693227533923,10,4,6
18071,1693227533923,1692255269695,1692255269700,1693227533935,12,5,7
18072,1693227533935,1692255269706,1692255269710,1693227533945,10,4,6
18073,1693227533945,1692255269715,1692255269719,1693227533954,9,4,5
18074,1693227533954,1692255269724,1692255269729,1693227533965,11,5,6
18075,1693227533965,1692255269735,1692255269739,1693227533974,9,4,5
18076,1693227533974,1692255269745,1692255269750,1693227533985,11,5,6
18077,1693227533985,1692255269755,1692255269759,1693227533994,9,4,5
18078,1693227533994,1692255269764,1692255269769,1693227534004,10,5,5
18079,1693227534004,1692255269777,1692255269781,1693227534016,12,4,8
18080,1693227534016,1692255269786,1692255269791,1693227534026,10,5,5
18081,1693227534026,1692255269798,1692255269802,1693227534037,11,4,7
18082,1693227534037,1692255269807,1692255269811,1693227534047,10,4,6
18083,1693227534047,1692255269817,1692255269822,1693227534058,11,5,6
18084,1693227534058,1692255269828,1692255269833,1693227534068,10,5,5
18085,1693227534068,1692255269839,1692255269844,1693227534080,12,5,7
18086,1693227534080,1692255269850,1692255269855,1693227534091,11,5,6
18087,1693227534091,1692255269862,1692255269867,1693227534103,12,5,7
18088,1693227534103,1692255269874,1692255269879,1693227534114,11,5,6
18089,1693227534114,1692255269885,1692255269890,1693227534125,11,5,6
18090,1693227534125,1692255269895,1692255269899,1693227534135,10,4,6
18091,1693227534135,1692255269905,1692255269909,1693227534144,9,4,5
18092,1693227534144,1692255269915,1692255269920,1693227534155,11,5,6
18093,1693227534155,1692255269925,1692255269932,1693227534167,12,7,5
18094,1693227534167,1692255269938,1692255269943,1693227534178,11,5,6
18095,1693227534179,1692255269949,1692255269955,1693227534190,11,6,5
18096,1693227534190,1692255269960,1692255269965,1693227534200,10,5,5
18097,1693227534200,1692255269971,1692255269976,1693227534211,11,5,6
18098,1693227534211,1692255269982,1692255269987,1693227534223,12,5,7
18099,1693227534223,1692255269993,1692255269998,1693227534235,12,5,7
18100,1693227534235,1692255270005,1692255270010,1693227534246,11,5,6
18101,1693227534246,1692255270020,1692255270026,1693227534261,15,6,9
18102,1693227534261,1692255270032,1692255270036,1693227534272,11,4,7
18103,1693227534272,1692255270042,1692255270047,1693227534282,10,5,5
18104,1693227534282,1692255270053,1692255270058,1693227534293,11,5,6
18105,1693227534293,1692255270064,1692255270069,1693227534305,12,5,7
18106,1693227534305,1692255270078,1692255270083,1693227534318,13,5,8
18107,1693227534318,1692255270090,1692255270095,1693227534331,13,5,8
18108,1693227534331,1692255270102,1692255270107,1693227534343,12,5,7
18109,1693227534343,1692255270113,1692255270118,1693227534353,10,5,5
18110,1693227534353,1692255270123,1692255270130,1693227534366,13,7,6
18111,1693227534366,1692255270143,1692255270148,1693227534384,18,5,13
18112,1693227534384,1692255270155,1692255270160,1693227534395,11,5,6
18113,1693227534395,1692255270165,1692255270170,1693227534406,11,5,6
18114,1693227534406,1692255270176,1692255270181,1693227534417,11,5,6
18115,1693227534417,1692255270190,1692255270196,1693227534432,15,6,9
18116,1693227534432,1692255270202,1692255270207,1693227534442,10,5,5
18117,1693227534442,1692255270213,1692255270218,1693227534454,12,5,7
18118,1693227534454,1692255270225,1692255270229,1693227534465,11,4,7
18119,1693227534465,1692255270236,1692255270242,1693227534477,12,6,6
18120,1693227534477,1692255270248,1692255270254,1693227534489,12,6,6
18121,1693227534489,1692255270259,1692255270265,1693227534500,11,6,5
18122,1693227534500,1692255270271,1692255270276,1693227534511,11,5,6
18123,1693227534511,1692255270282,1692255270287,1693227534523,12,5,7
18124,1693227534523,1692255270293,1692255270298,1693227534534,11,5,6
18125,1693227534534,1692255270304,1692255270309,1693227534545,11,5,6
18126,1693227534545,1692255270316,1692255270320,1693227534556,11,4,7
18127,1693227534556,1692255270327,1692255270331,1693227534568,12,4,8
18128,1693227534568,1692255270338,1692255270344,1693227534579,11,6,5
18129,1693227534580,1692255270350,1692255270354,1693227534590,10,4,6
18130,1693227534590,1692255270363,1692255270369,1693227534604,14,6,8
18131,1693227534604,1692255270374,1692255270377,1693227534612,8,3,5
18132,1693227534612,1692255270382,1692255270387,1693227534622,10,5,5
18133,1693227534622,1692255270391,1692255270396,1693227534632,10,5,5
18134,1693227534632,1692255270402,1692255270409,1693227534653,21,7,14
18135,1693227534653,1692255270440,1692255270445,1693227534680,27,5,22
18136,1693227534680,1692255270451,1692255270456,1693227534704,24,5,19
18137,1693227534704,1692255270482,1692255270487,1693227534722,18,5,13
18138,1693227534722,1692255270492,1692255270496,1693227534731,9,4,5
18139,1693227534731,1692255270502,1692255270506,1693227534741,10,4,6
18140,1693227534741,1692255270511,1692255270515,1693227534750,9,4,5
18141,1693227534750,1692255270520,1692255270524,1693227534760,10,4,6
18142,1693227534760,1692255270530,1692255270534,1693227534770,10,4,6
18143,1693227534770,1692255270544,1692255270549,1693227534784,14,5,9
18144,1693227534784,1692255270554,1692255270558,1693227534797,13,4,9
18145,1693227534797,1692255270567,1692255270571,1693227534807,10,4,6
18146,1693227534807,1692255270576,1692255270580,1693227534815,8,4,4
18147,1693227534815,1692255270586,1692255270591,1693227534827,12,5,7
18148,1693227534827,1692255270597,1692255270602,1693227534838,11,5,6
18149,1693227534838,1692255270608,1692255270613,1693227534849,11,5,6
18150,1693227534849,1692255270620,1692255270625,1693227534899,50,5,45
18151,1693227534899,1692255270672,1692255270677,1693227534913,14,5,9
18152,1693227534913,1692255270684,1692255270689,1693227534925,12,5,7
18153,1693227534925,1692255270695,1692255270700,1693227534935,10,5,5
18154,1693227534935,1692255270706,1692255270711,1693227534947,12,5,7
18155,1693227534947,1692255270719,1692255270724,1693227534960,13,5,8
18156,1693227534960,1692255270730,1692255270734,1693227534970,10,4,6
18157,1693227534970,1692255270740,1692255270745,1693227534980,10,5,5
18158,1693227534980,1692255270750,1692255270754,1693227534990,10,4,6
18159,1693227534990,1692255270760,1692255270764,1693227535000,10,4,6
18160,1693227535000,1692255270770,1692255270774,1693227535010,10,4,6
18161,1693227535010,1692255270780,1692255270784,1693227535019,9,4,5
18162,1693227535020,1692255270789,1692255270793,1693227535029,9,4,5
18163,1693227535029,1692255270798,1692255270802,1693227535038,9,4,5
18164,1693227535038,1692255270808,1692255270812,1693227535047,9,4,5
18165,1693227535047,1692255270817,1692255270822,1693227535057,10,5,5
18166,1693227535057,1692255270828,1692255270834,1693227535070,13,6,7
18167,1693227535070,1692255270842,1692255270848,1693227535083,13,6,7
18168,1693227535083,1692255270854,1692255270859,1693227535094,11,5,6
18169,1693227535094,1692255270865,1692255270870,1693227535105,11,5,6
18170,1693227535105,1692255270875,1692255270879,1693227535115,10,4,6
18171,1693227535115,1692255270886,1692255270891,1693227535127,12,5,7
18172,1693227535127,1692255270897,1692255270902,1693227535138,11,5,6
18173,1693227535138,1692255270908,1692255270914,1693227535149,11,6,5
18174,1693227535149,1692255270920,1692255270925,1693227535160,11,5,6
18175,1693227535160,1692255270931,1692255270936,1693227535171,11,5,6
18176,1693227535172,1692255270942,1692255270947,1693227535182,10,5,5
18177,1693227535182,1692255270953,1692255270958,1693227535194,12,5,7
18178,1693227535194,1692255270964,1692255270968,1693227535204,10,4,6
18179,1693227535204,1692255270975,1692255270979,1693227535215,11,4,7
18180,1693227535215,1692255270985,1692255270989,1693227535224,9,4,5
18181,1693227535225,1692255270998,1692255271004,1693227535239,14,6,8
18182,1693227535239,1692255271009,1692255271019,1693227535255,16,10,6
18183,1693227535255,1692255271032,1692255271037,1693227535273,18,5,13
18184,1693227535273,1692255271044,1692255271049,1693227535285,12,5,7
18185,1693227535285,1692255271055,1692255271060,1693227535298,13,5,8
18186,1693227535298,1692255271068,1692255271073,1693227535309,11,5,6
18187,1693227535309,1692255271079,1692255271083,1693227535318,9,4,5
18188,1693227535318,1692255271089,1692255271094,1693227535330,12,5,7
18189,1693227535330,1692255271101,1692255271105,1693227535341,11,4,7
18190,1693227535341,1692255271113,1692255271118,1693227535354,13,5,8
18191,1693227535354,1692255271125,1692255271131,1693227535366,12,6,6
18192,1693227535366,1692255271137,1692255271142,1693227535378,12,5,7
18193,1693227535378,1692255271148,1692255271153,1693227535389,11,5,6
18194,1693227535389,1692255271159,1692255271164,1693227535399,10,5,5
18195,1693227535399,1692255271170,1692255271174,1693227535410,11,4,7
18196,1693227535410,1692255271180,1692255271185,1693227535421,11,5,6
18197,1693227535421,1692255271194,1692255271198,1693227535434,13,4,9
18198,1693227535434,1692255271204,1692255271208,1693227535444,10,4,6
18199,1693227535444,1692255271214,1692255271218,1693227535453,9,4,5
18200,1693227535453,1692255271224,1692255271228,1693227535464,11,4,7
18201,1693227535464,1692255271234,1692255271238,1693227535474,10,4,6
18202,1693227535474,1692255271244,1692255271249,1693227535484,10,5,5
18203,1693227535484,1692255271254,1692255271261,1693227535496,12,7,5
18204,1693227535496,1692255271266,1692255271270,1693227535505,9,4,5
18205,1693227535505,1692255271275,1692255271279,1693227535514,9,4,5
18206,1693227535514,1692255271284,1692255271289,1693227535524,10,5,5
18207,1693227535524,1692255271295,1692255271300,1693227535535,11,5,6
18208,1693227535535,1692255271305,1692255271310,1693227535546,11,5,6
18209,1693227535546,1692255271317,1692255271322,1693227535558,12,5,7
18210,1693227535558,1692255271328,1692255271333,1693227535569,11,5,6
18211,1693227535569,1692255271339,1692255271344,1693227535580,11,5,6
18212,1693227535580,1692255271350,1692255271356,1693227535592,12,6,6
18213,1693227535592,1692255271367,1692255271372,1693227535607,15,5,10
18214,1693227535607,1692255271378,1692255271383,1693227535618,11,5,6
18215,1693227535618,1692255271388,1692255271393,1693227535629,11,5,6
18216,1693227535629,1692255271399,1692255271404,1693227535640,11,5,6
18217,1693227535640,1692255271411,1692255271416,1693227535652,12,5,7
18218,1693227535652,1692255271422,1692255271428,1693227535663,11,6,5
18219,1693227535663,1692255271434,1692255271438,1693227535673,10,4,6
18220,1693227535673,1692255271443,1692255271447,1693227535683,10,4,6
18221,1693227535683,1692255271453,1692255271456,1693227535692,9,3,6
18222,1693227535692,1692255271462,1692255271466,1693227535701,9,4,5
18223,1693227535701,1692255271471,1692255271475,1693227535711,10,4,6
18224,1693227535711,1692255271480,1692255271485,1693227535721,10,5,5
18225,1693227535721,1692255271491,1692255271496,1693227535731,10,5,5
18226,1693227535731,1692255271501,1692255271505,1693227535740,9,4,5
18227,1693227535740,1692255271513,1692255271517,1693227535753,13,4,9
18228,1693227535753,1692255271523,1692255271527,1693227535763,10,4,6
18229,1693227535763,1692255271533,1692255271537,1693227535772,9,4,5
18230,1693227535772,1692255271542,1692255271547,1693227535783,11,5,6
18231,1693227535783,1692255271553,1692255271557,1693227535792,9,4,5
18232,1693227535792,1692255271563,1692255271568,1693227535803,11,5,6
18233,1693227535803,1692255271574,1692255271578,1693227535813,10,4,6
18234,1693227535814,1692255271583,1692255271587,1693227535823,9,4,5
18235,1693227535823,1692255271594,1692255271599,1693227535835,12,5,7
18236,1693227535835,1692255271605,1692255271610,1693227535845,10,5,5
18237,1693227535845,1692255271615,1692255271619,1693227535855,10,4,6
18238,1693227535855,1692255271625,1692255271629,1693227535864,9,4,5
18239,1693227535864,1692255271634,1692255271638,1693227535874,10,4,6
18240,1693227535874,1692255271644,1692255271650,1693227535886,12,6,6
18241,1693227535886,1692255271656,1692255271661,1693227535896,10,5,5
18242,1693227535896,1692255271668,1692255271672,1693227535907,11,4,7
18243,1693227535907,1692255271677,1692255271681,1693227535917,10,4,6
18244,1693227535917,1692255271687,1692255271692,1693227535927,10,5,5
18245,1693227535927,1692255271698,1692255271702,1693227535938,11,4,7
18246,1693227535938,1692255271708,1692255271713,1693227535948,10,5,5
18247,1693227535948,1692255271719,1692255271724,1693227535959,11,5,6
18248,1693227535959,1692255271729,1692255271733,1693227535968,9,4,5
18249,1693227535968,1692255271738,1692255271742,1693227535978,10,4,6
18250,1693227535978,1692255271748,1692255271753,1693227535988,10,5,5
18251,1693227535988,1692255271758,1692255271763,1693227535998,10,5,5
18252,1693227535998,1692255271769,1692255271773,1693227536009,11,4,7
18253,1693227536009,1692255271779,1692255271784,1693227536019,10,5,5
18254,1693227536019,1692255271792,1692255271797,1693227536032,13,5,8
18255,1693227536032,1692255271802,1692255271807,1693227536042,10,5,5
18256,1693227536042,1692255271812,1692255271817,1693227536053,11,5,6
18257,1693227536053,1692255271823,1692255271827,1693227536062,9,4,5
18258,1693227536062,1692255271832,1692255271837,1693227536072,10,5,5
18259,1693227536072,1692255271841,1692255271845,1693227536081,9,4,5
18260,1693227536081,1692255271851,1692255271856,1693227536091,10,5,5
18261,1693227536091,1692255271861,1692255271866,1693227536101,10,5,5
18262,1693227536101,1692255271872,1692255271876,1693227536111,10,4,6
18263,1693227536111,1692255271880,1692255271885,1693227536121,10,5,5
18264,1693227536121,1692255271891,1692255271894,1693227536130,9,3,6
18265,1693227536130,1692255271900,1692255271904,1693227536139,9,4,5
18266,1693227536139,1692255271909,1692255271913,1693227536149,10,4,6
18267,1693227536149,1692255271919,1692255271923,1693227536159,10,4,6
18268,1693227536159,1692255271932,1692255271936,1693227536171,12,4,8
18269,1693227536171,1692255271941,1692255271944,1693227536180,9,3,6
18270,1693227536180,1692255271950,1692255271954,1693227536190,10,4,6
18271,1693227536190,1692255271960,1692255271964,1693227536199,9,4,5
18272,1693227536199,1692255271969,1692255271977,1693227536212,13,8,5
18273,1693227536212,1692255271983,1692255271988,1693227536223,11,5,6
18274,1693227536223,1692255271994,1692255271999,1693227536234,11,5,6
18275,1693227536234,1692255272004,1692255272008,1693227536244,10,4,6
18276,1693227536244,1692255272014,1692255272021,1693227536257,13,7,6
18277,1693227536257,1692255272027,1692255272032,1693227536267,10,5,5
18278,1693227536267,1692255272038,1692255272043,1693227536279,12,5,7
18279,1693227536279,1692255272051,1692255272055,1693227536291,12,4,8
18280,1693227536291,1692255272061,1692255272065,1693227536301,10,4,6
18281,1693227536301,1692255272071,1692255272076,1693227536312,11,5,6
18282,1693227536312,1692255272082,1692255272087,1693227536322,10,5,5
18283,1693227536322,1692255272094,1692255272099,1693227536335,13,5,8
18284,1693227536335,1692255272105,1692255272110,1693227536345,10,5,5
18285,1693227536346,1692255272117,1692255272122,1693227536357,11,5,6
18286,1693227536357,1692255272129,1692255272133,1693227536369,12,4,8
18287,1693227536369,1692255272140,1692255272144,1693227536379,10,4,6
18288,1693227536379,1692255272153,1692255272156,1693227536392,13,3,10
18289,1693227536392,1692255272162,1692255272166,1693227536401,9,4,5
18290,1693227536401,1692255272173,1692255272177,1693227536412,11,4,7
18291,1693227536412,1692255272182,1692255272186,1693227536422,10,4,6
18292,1693227536422,1692255272192,1692255272198,1693227536433,11,6,5
18293,1693227536433,1692255272204,1692255272209,1693227536444,11,5,6
18294,1693227536444,1692255272215,1692255272221,1693227536456,12,6,6
18295,1693227536456,1692255272226,1692255272231,1693227536467,11,5,6
18296,1693227536467,1692255272240,1692255272246,1693227536481,14,6,8
18297,1693227536482,1692255272252,1692255272258,1693227536493,11,6,5
18298,1693227536493,1692255272263,1692255272268,1693227536504,11,5,6
18299,1693227536504,1692255272274,1692255272279,1693227536515,11,5,6
18300,1693227536515,1692255272285,1692255272289,1693227536525,10,4,6
18301,1693227536525,1692255272295,1692255272299,1693227536535,10,4,6
18302,1693227536535,1692255272305,1692255272309,1693227536545,10,4,6
18303,1693227536545,1692255272315,1692255272318,1693227536554,9,3,6
18304,1693227536554,1692255272323,1692255272328,1693227536563,9,5,4
18305,1693227536563,1692255272334,1692255272338,1693227536573,10,4,6
18306,1693227536573,1692255272345,1692255272348,1693227536584,11,3,8
18307,1693227536584,1692255272354,1692255272359,1693227536594,10,5,5
18308,1693227536594,1692255272364,1692255272367,1693227536602,8,3,5
18309,1693227536602,1692255272372,1692255272376,1693227536612,10,4,6
18310,1693227536612,1692255272382,1692255272386,1693227536621,9,4,5
18311,1693227536621,1692255272391,1692255272395,1693227536631,10,4,6
18312,1693227536631,1692255272401,1692255272406,1693227536641,10,5,5
18313,1693227536641,1692255272412,1692255272418,1693227536654,13,6,7
18314,1693227536654,1692255272424,1692255272430,1693227536665,11,6,5
18315,1693227536665,1692255272436,1692255272441,1693227536676,11,5,6
18316,1693227536676,1692255272447,1692255272452,1693227536687,11,5,6
18317,1693227536687,1692255272460,1692255272465,1693227536701,14,5,9
18318,1693227536701,1692255272471,1692255272476,1693227536712,11,5,6
18319,1693227536712,1692255272482,1692255272487,1693227536723,11,5,6
18320,1693227536723,1692255272493,1692255272498,1693227536733,10,5,5
18321,1693227536733,1692255272504,1692255272509,1693227536744,11,5,6
18322,1693227536744,1692255272515,1692255272521,1693227536756,12,6,6
18323,1693227536756,1692255272534,1692255272539,1693227536775,19,5,14
18324,1693227536775,1692255272545,1692255272549,1693227536784,9,4,5
18325,1693227536784,1692255272554,1692255272558,1693227536794,10,4,6
18326,1693227536794,1692255272564,1692255272568,1693227536804,10,4,6
18327,1693227536804,1692255272574,1692255272578,1693227536817,13,4,9
18328,1693227536818,1692255272588,1692255272592,1693227536828,10,4,6
18329,1693227536828,1692255272598,1692255272602,1693227536837,9,4,5
18330,1693227536837,1692255272607,1692255272611,1693227536847,10,4,6
18331,1693227536847,1692255272617,1692255272621,1693227536856,9,4,5
18332,1693227536856,1692255272626,1692255272631,1693227536866,10,5,5
18333,1693227536866,1692255272636,1692255272640,1693227536876,10,4,6
18334,1693227536876,1692255272646,1692255272650,1693227536885,9,4,5
18335,1693227536885,1692255272655,1692255272660,1693227536897,12,5,7
18336,1693227536897,1692255272668,1692255272673,1693227536908,11,5,6
18337,1693227536908,1692255272678,1692255272684,1693227536919,11,6,5
18338,1693227536919,1692255272690,1692255272695,1693227536930,11,5,6
18339,1693227536931,1692255272701,1692255272704,1693227536940,9,3,6
18340,1693227536940,1692255272710,1692255272714,1693227536949,9,4,5
18341,1693227536949,1692255272719,1692255272723,1693227536958,9,4,5
18342,1693227536958,1692255272728,1692255272732,1693227536967,9,4,5
18343,1693227536968,1692255272738,1692255272742,1693227536977,9,4,5
18344,1693227536977,1692255272747,1692255272752,1693227536987,10,5,5
18345,1693227536987,1692255272757,1692255272761,1693227536999,12,4,8
18346,1693227536999,1692255272769,1692255272773,1693227537008,9,4,5
18347,1693227537008,1692255272780,1692255272783,1693227537019,11,3,8
18348,1693227537019,1692255272789,1692255272793,1693227537028,9,4,5
18349,1693227537028,1692255272798,1692255272802,1693227537037,9,4,5
18350,1693227537037,1692255272807,1692255272813,1693227537048,11,6,5
18351,1693227537048,1692255272819,1692255272823,1693227537059,11,4,7
18352,1693227537059,1692255272829,1692255272833,1693227537068,9,4,5
18353,1693227537068,1692255272839,1692255272843,1693227537078,10,4,6
18354,1693227537078,1692255272849,1692255272854,1693227537089,11,5,6
18355,1693227537089,1692255272859,1692255272863,1693227537099,10,4,6
18356,1693227537099,1692255272871,1692255272875,1693227537111,12,4,8
18357,1693227537111,1692255272881,1692255272884,1693227537120,9,3,6
18358,1693227537120,1692255272890,1692255272895,1693227537131,11,5,6
18359,1693227537131,1692255272901,1692255272907,1693227537143,12,6,6
18360,1693227537143,1692255272913,1692255272917,1693227537152,9,4,5
18361,1693227537152,1692255272925,1692255272929,1693227537166,14,4,10
18362,1693227537166,1692255272936,1692255272941,1693227537176,10,5,5
18363,1693227537176,1692255272947,1692255272951,1693227537187,11,4,7
18364,1693227537187,1692255272957,1692255272960,1693227537195,8,3,5
18365,1693227537195,1692255272965,1692255272969,1693227537204,9,4,5
18366,1693227537204,1692255272974,1692255272978,1693227537213,9,4,5
18367,1693227537213,1692255272983,1692255272987,1693227537223,10,4,6
18368,1693227537223,1692255272992,1692255272997,1693227537232,9,5,4
18369,1693227537232,1692255273002,1692255273006,1693227537241,9,4,5
18370,1693227537241,1692255273011,1692255273019,1693227537254,13,8,5
18371,1693227537254,1692255273025,1692255273029,1693227537264,10,4,6
18372,1693227537264,1692255273034,1692255273038,1693227537274,10,4,6
18373,1693227537274,1692255273044,1692255273048,1693227537284,10,4,6
18374,1693227537284,1692255273054,1692255273058,1693227537293,9,4,5
18375,1693227537293,1692255273063,1692255273067,1693227537303,10,4,6
18376,1693227537303,1692255273074,1692255273079,1693227537314,11,5,6
18377,1693227537314,1692255273084,1692255273088,1693227537323,9,4,5
18378,1693227537323,1692255273093,1692255273097,1693227537332,9,4,5
18379,1693227537332,1692255273102,1692255273106,1693227537350,18,4,14
18380,1693227537351,1692255273139,1692255273144,1693227537379,28,5,23
18381,1693227537379,1692255273153,1692255273157,1693227537393,14,4,10
18382,1693227537393,1692255273163,1692255273167,1693227537402,9,4,5
18383,1693227537402,1692255273173,1692255273176,1693227537412,10,3,7
18384,1693227537412,1692255273185,1692255273189,1693227537425,13,4,9
18385,1693227537425,1692255273195,1692255273199,1693227537434,9,4,5
18386,1693227537435,1692255273205,1692255273211,1693227537447,12,6,6
18387,1693227537447,1692255273221,1692255273225,1693227537460,13,4,9
18388,1693227537461,1692255273230,1692255273235,1693227537473,12,5,7
18389,1693227537473,1692255273243,1692255273247,1693227537483,10,4,6
18390,1693227537483,1692255273254,1692255273258,1693227537493,10,4,6
18391,1693227537493,1692255273263,1692255273267,1693227537504,11,4,7
18392,1693227537504,1692255273274,1692255273278,1693227537514,10,4,6
18393,1693227537514,1692255273284,1692255273288,1693227537523,9,4,5
18394,1693227537523,1692255273293,1692255273296,1693227537532,9,3,6
18395,1693227537532,1692255273302,1692255273305,1693227537540,8,3,5
18396,1693227537540,1692255273311,1692255273317,1693227537552,12,6,6
18397,1693227537552,1692255273321,1692255273325,1693227537561,9,4,5
18398,1693227537561,1692255273330,1692255273334,1693227537569,8,4,4
18399,1693227537570,1692255273339,1692255273343,1693227537578,8,4,4
18400,1693227537578,1692255273348,1692255273352,1693227537587,9,4,5
18401,1693227537587,1692255273357,1692255273360,1693227537596,9,3,6
18402,1693227537596,1692255273365,1692255273369,1693227537604,8,4,4
18403,1693227537604,1692255273374,1692255273378,1693227537614,10,4,6
18404,1693227537614,1692255273384,1692255273388,1693227537624,10,4,6
18405,1693227537624,1692255273394,1692255273397,1693227537633,9,3,6
18406,1693227537633,1692255273402,1692255273407,1693227537642,9,5,4
18407,1693227537642,1692255273411,1692255273415,1693227537651,9,4,5
18408,1693227537651,1692255273422,1692255273426,1693227537685,34,4,30
18409,1693227537685,1692255273455,1692255273460,1693227537695,10,5,5
18410,1693227537695,1692255273469,1692255273473,1693227537708,13,4,9
18411,1693227537708,1692255273478,1692255273483,1693227537719,11,5,6
18412,1693227537719,1692255273490,1692255273495,1693227537730,11,5,6
18413,1693227537730,1692255273501,1692255273507,1693227537742,12,6,6
18414,1693227537742,1692255273513,1692255273518,1693227537754,12,5,7
18415,1693227537754,1692255273526,1692255273531,1693227537766,12,5,7
18416,1693227537766,1692255273536,1692255273541,1693227537777,11,5,6
18417,1693227537777,1692255273548,1692255273552,1693227537788,11,4,7
18418,1693227537788,1692255273558,1692255273563,1693227537799,11,5,6
18419,1693227537799,1692255273570,1692255273574,1693227537810,11,4,7
18420,1693227537810,1692255273580,1692255273585,1693227537824,14,5,9
18421,1693227537824,1692255273595,1692255273601,1693227537836,12,6,6
18422,1693227537836,1692255273607,1692255273613,1693227537849,13,6,7
18423,1693227537849,1692255273619,1692255273622,1693227537858,9,3,6
18424,1693227537858,1692255273628,1692255273632,1693227537867,9,4,5
18425,1693227537867,1692255273638,1692255273641,1693227537876,9,3,6
18426,1693227537877,1692255273647,1692255273651,1693227537887,10,4,6
18427,1693227537887,1692255273657,1692255273660,1693227537896,9,3,6
18428,1693227537896,1692255273666,1692255273669,1693227537905,9,3,6
18429,1693227537905,1692255273675,1692255273679,1693227537914,9,4,5
18430,1693227537914,1692255273685,1692255273689,1693227537924,10,4,6
18431,1693227537925,1692255273694,1692255273698,1693227537933,8,4,4
18432,1693227537933,1692255273703,1692255273707,1693227537943,10,4,6
18433,1693227537943,1692255273715,1692255273721,1693227537956,13,6,7
18434,1693227537956,1692255273728,1692255273733,1693227537969,13,5,8
18435,1693227537969,1692255273739,1692255273745,1693227537980,11,6,5
18436,1693227537980,1692255273751,1692255273755,1693227537991,11,4,7
18437,1693227537991,1692255273768,1692255273772,1693227538008,17,4,13
18438,1693227538008,1692255273779,1692255273783,1693227538019,11,4,7
18439,1693227538019,1692255273791,1692255273796,1693227538031,12,5,7
18440,1693227538032,1692255273802,1692255273807,1693227538042,10,5,5
18441,1693227538042,1692255273813,1692255273818,1693227538054,12,5,7
18442,1693227538054,1692255273824,1692255273829,1693227538064,10,5,5
18443,1693227538064,1692255273835,1692255273840,1693227538076,12,5,7
18444,1693227538076,1692255273846,1692255273852,1693227538087,11,6,5
18445,1693227538087,1692255273858,1692255273862,1693227538098,11,4,7
18446,1693227538098,1692255273870,1692255273874,1693227538110,12,4,8
18447,1693227538110,1692255273880,1692255273885,1693227538121,11,5,6
18448,1693227538121,1692255273891,1692255273895,1693227538131,10,4,6
18449,1693227538131,1692255273913,1692255273918,1693227538154,23,5,18
18450,1693227538154,1692255273927,1692255273932,1693227538167,13,5,8
18451,1693227538167,1692255273938,1692255273943,1693227538178,11,5,6
18452,1693227538178,1692255273948,1692255273953,1693227538189,11,5,6
18453,1693227538189,1692255273960,1692255273964,1693227538199,10,4,6
18454,1693227538199,1692255273971,1692255273975,1693227538211,12,4,8
18455,1693227538211,1692255273982,1692255273988,1693227538223,12,6,6
18456,1693227538224,1692255273996,1692255274004,1693227538240,16,8,8
18457,1693227538240,1692255274010,1692255274019,1693227538255,15,9,6
18458,1693227538255,1692255274026,1692255274032,1693227538268,13,6,7
18459,1693227538268,1692255274039,1692255274044,1693227538279,11,5,6
18460,1693227538279,1692255274050,1692255274054,1693227538290,11,4,7
18461,1693227538290,1692255274062,1692255274066,1693227538302,12,4,8
18462,1693227538302,1692255274073,1692255274078,1693227538313,11,5,6
18463,1693227538314,1692255274084,1692255274088,1693227538324,10,4,6
18464,1693227538324,1692255274094,1692255274099,1693227538334,10,5,5
18465,1693227538334,1692255274104,1692255274108,1693227538344,10,4,6
18466,1693227538344,1692255274114,1692255274118,1693227538354,10,4,6
18467,1693227538354,1692255274124,1692255274127,1693227538363,9,3,6
18468,1693227538363,1692255274132,1692255274137,1693227538373,10,5,5
18469,1693227538373,1692255274144,1692255274149,1693227538384,11,5,6
18470,1693227538384,1692255274155,1692255274159,1693227538395,11,4,7
18471,1693227538395,1692255274166,1692255274172,1693227538407,12,6,6
18472,1693227538407,1692255274178,1692255274184,1693227538419,12,6,6
18473,1693227538419,1692255274195,1692255274201,1693227538436,17,6,11
18474,1693227538436,1692255274207,1692255274212,1693227538448,12,5,7
18475,1693227538448,1692255274219,1692255274224,1693227538459,11,5,6
18476,1693227538459,1692255274230,1692255274235,1693227538471,12,5,7
18477,1693227538471,1692255274241,1692255274247,1693227538482,11,6,5
18478,1693227538483,1692255274253,1692255274257,1693227538493,10,4,6
18479,1693227538493,1692255274264,1692255274268,1693227538503,10,4,6
18480,1693227538503,1692255274275,1692255274280,1693227538515,12,5,7
18481,1693227538515,1692255274286,1692255274290,1693227538525,10,4,6
18482,1693227538525,1692255274295,1692255274300,1693227538536,11,5,6
18483,1693227538536,1692255274306,1692255274311,1693227538546,10,5,5
18484,1693227538546,1692255274316,1692255274320,1693227538556,10,4,6
18485,1693227538556,1692255274326,1692255274330,1693227538565,9,4,5
18486,1693227538565,1692255274335,1692255274339,1693227538574,9,4,5
18487,1693227538574,1692255274345,1692255274351,1693227538587,13,6,7
18488,1693227538587,1692255274357,1692255274363,1693227538599,12,6,6
18489,1693227538599,1692255274371,1692255274375,1693227538610,11,4,7
18490,1693227538610,1692255274381,1692255274385,1693227538621,11,4,7
18491,1693227538621,1692255274392,1692255274396,1693227538632,11,4,7
18492,1693227538632,1692255274403,1692255274411,1693227538647,15,8,7
18493,1693227538647,1692255274418,1692255274423,1693227538658,11,5,6
18494,1693227538658,1692255274428,1692255274435,1693227538670,12,7,5
18495,1693227538670,1692255274440,1692255274445,1693227538681,11,5,6
18496,1693227538681,1692255274452,1692255274456,1693227538692,11,4,7
18497,1693227538692,1692255274462,1692255274467,1693227538703,11,5,6
18498,1693227538703,1692255274473,1692255274479,1693227538714,11,6,5
18499,1693227538714,1692255274485,1692255274490,1693227538726,12,5,7
18500,1693227538726,1692255274496,1692255274502,1693227538740,14,6,8
18501,1693227538740,1692255274510,1692255274514,1693227538750,10,4,6
18502,1693227538750,1692255274520,1692255274524,1693227538760,10,4,6
18503,1693227538760,1692255274531,1692255274535,1693227538770,10,4,6
18504,1693227538770,1692255274540,1692255274545,1693227538780,10,5,5
18505,1693227538780,1692255274550,1692255274554,1693227538789,9,4,5
18506,1693227538789,1692255274559,1692255274564,1693227538799,10,5,5
18507,1693227538799,1692255274569,1692255274574,1693227538810,11,5,6
18508,1693227538810,1692255274580,1692255274585,1693227538820,10,5,5
18509,1693227538820,1692255274590,1692255274594,1693227538830,10,4,6
18510,1693227538830,1692255274601,1692255274607,1693227538843,13,6,7
18511,1693227538843,1692255274613,1692255274618,1693227538854,11,5,6
18512,1693227538854,1692255274624,1692255274629,1693227538864,10,5,5
18513,1693227538864,1692255274634,1692255274642,1693227538878,14,8,6
18514,1693227538878,1692255274648,1692255274653,1693227538889,11,5,6
18515,1693227538889,1692255274659,1692255274664,1693227538900,11,5,6
18516,1693227538900,1692255274670,1692255274674,1693227538910,10,4,6
18517,1693227538910,1692255274686,1692255274691,1693227538927,17,5,12
18518,1693227538927,1692255274701,1692255274706,1693227538941,14,5,9
18519,1693227538941,1692255274715,1692255274719,1693227538955,14,4,10
18520,1693227538955,1692255274725,1692255274731,1693227538966,11,6,5
18521,1693227538966,1692255274737,1692255274741,1693227538977,11,4,7
18522,1693227538977,1692255274747,1692255274752,1693227538987,10,5,5
18523,1693227538987,1692255274758,1692255274762,1693227538998,11,4,7
18524,1693227538998,1692255274767,1692255274772,1693227539007,9,5,4
18525,1693227539007,1692255274778,1692255274782,1693227539018,11,4,7
18526,1693227539018,1692255274788,1692255274793,1693227539029,11,5,6
18527,1693227539029,1692255274799,1692255274804,1693227539039,10,5,5
18528,1693227539039,1692255274810,1692255274815,1693227539050,11,5,6
18529,1693227539050,1692255274820,1692255274824,1693227539060,10,4,6
18530,1693227539060,1692255274830,1692255274837,1693227539073,13,7,6
18531,1693227539073,1692255274843,1692255274848,1693227539084,11,5,6
18532,1693227539084,1692255274854,1692255274858,1693227539094,10,4,6
18533,1693227539094,1692255274864,1692255274869,1693227539104,10,5,5
18534,1693227539104,1692255274875,1692255274879,1693227539114,10,4,6
18535,1693227539114,1692255274884,1692255274889,1693227539125,11,5,6
18536,1693227539125,1692255274895,1692255274899,1693227539135,10,4,6
18537,1693227539135,1692255274905,1692255274908,1693227539143,8,3,5
18538,1693227539143,1692255274914,1692255274920,1693227539155,12,6,6
18539,1693227539155,1692255274925,1692255274929,1693227539164,9,4,5
18540,1693227539165,1692255274934,1692255274939,1693227539174,9,5,4
18541,1693227539174,1692255274945,1692255274949,1693227539184,10,4,6
18542,1693227539184,1692255274954,1692255274958,1693227539194,10,4,6
18543,1693227539194,1692255274963,1692255274967,1693227539203,9,4,5
18544,1693227539203,1692255274973,1692255274976,1693227539212,9,3,6
18545,1693227539212,1692255274982,1692255274987,1693227539222,10,5,5
18546,1693227539222,1692255274993,1692255274996,1693227539232,10,3,7
18547,1693227539232,1692255275002,1692255275006,1693227539242,10,4,6
18548,1693227539242,1692255275012,1692255275016,1693227539252,10,4,6
18549,1693227539252,1692255275022,1692255275027,1693227539263,11,5,6
18550,1693227539263,1692255275034,1692255275039,1693227539275,12,5,7
18551,1693227539275,1692255275047,1692255275051,1693227539286,11,4,7
18552,1693227539286,1692255275056,1692255275060,1693227539296,10,4,6
18553,1693227539296,1692255275066,1692255275070,1693227539306,10,4,6
18554,1693227539306,1692255275076,1692255275080,1693227539316,10,4,6
18555,1693227539316,1692255275086,1692255275090,1693227539326,10,4,6
18556,1693227539326,1692255275096,1692255275100,1693227539336,10,4,6
18557,1693227539336,1692255275106,1692255275110,1693227539346,10,4,6
18558,1693227539346,1692255275116,1692255275120,1693227539356,10,4,6
18559,1693227539356,1692255275126,1692255275129,1693227539365,9,3,6
18560,1693227539365,1692255275135,1692255275139,1693227539375,10,4,6
18561,1693227539375,1692255275145,1692255275149,1693227539385,10,4,6
18562,1693227539385,1692255275155,1692255275159,1693227539394,9,4,5
18563,1693227539394,1692255275164,1692255275169,1693227539404,10,5,5
18564,1693227539404,1692255275174,1692255275178,1693227539413,9,4,5
18565,1693227539413,1692255275183,1692255275192,1693227539427,14,9,5
18566,1693227539427,1692255275197,1692255275203,1693227539439,12,6,6
18567,1693227539439,1692255275209,1692255275213,1693227539448,9,4,5
18568,1693227539448,1692255275218,1692255275223,1693227539458,10,5,5
18569,1693227539458,1692255275228,1692255275232,1693227539468,10,4,6
18570,1693227539468,1692255275238,1692255275242,1693227539478,10,4,6
18571,1693227539478,1692255275248,1692255275252,1693227539488,10,4,6
18572,1693227539488,1692255275257,1692255275261,1693227539496,8,4,4
18573,1693227539496,1692255275266,1692255275269,1693227539505,9,3,6
18574,1693227539505,1692255275275,1692255275278,1693227539514,9,3,6
18575,1693227539514,1692255275283,1692255275287,1693227539522,8,4,4
18576,1693227539522,1692255275292,1692255275296,1693227539531,9,4,5
18577,1693227539531,1692255275302,1692255275306,1693227539541,10,4,6
18578,1693227539541,1692255275311,1692255275314,1693227539550,9,3,6
18579,1693227539550,1692255275319,1692255275323,1693227539559,9,4,5
18580,1693227539559,1692255275329,1692255275333,1693227539568,9,4,5
18581,1693227539568,1692255275338,1692255275342,1693227539577,9,4,5
18582,1693227539577,1692255275348,1692255275352,1693227539587,10,4,6
18583,1693227539587,1692255275357,1692255275361,1693227539596,9,4,5
18584,1693227539596,1692255275369,1692255275373,1693227539608,12,4,8
18585,1693227539608,1692255275378,1692255275382,1693227539617,9,4,5
18586,1693227539618,1692255275388,1692255275393,1693227539628,10,5,5
18587,1693227539628,1692255275399,1692255275403,1693227539638,10,4,6
18588,1693227539638,1692255275408,1692255275412,1693227539647,9,4,5
18589,1693227539647,1692255275417,1692255275421,1693227539657,10,4,6
18590,1693227539657,1692255275429,1692255275433,1693227539668,11,4,7
18591,1693227539668,1692255275438,1692255275442,1693227539677,9,4,5
18592,1693227539677,1692255275447,1692255275451,1693227539686,9,4,5
18593,1693227539686,1692255275456,1692255275460,1693227539696,10,4,6
18594,1693227539696,1692255275466,1692255275470,1693227539705,9,4,5
18595,1693227539705,1692255275475,1692255275478,1693227539714,9,3,6
18596,1693227539714,1692255275484,1692255275488,1693227539723,9,4,5
18597,1693227539723,1692255275493,1692255275497,1693227539732,9,4,5
18598,1693227539732,1692255275502,1692255275506,1693227539741,9,4,5
18599,1693227539741,1692255275511,1692255275515,1693227539751,10,4,6
18600,1693227539751,1692255275521,1692255275524,1693227539760,9,3,6
18601,1693227539760,1692255275532,1692255275536,1693227539771,11,4,7
18602,1693227539771,1692255275540,1692255275545,1693227539780,9,5,4
18603,1693227539780,1692255275550,1692255275556,1693227539791,11,6,5
18604,1693227539791,1692255275561,1692255275566,1693227539801,10,5,5
18605,1693227539801,1692255275571,1692255275575,1693227539810,9,4,5
18606,1693227539810,1692255275580,1692255275584,1693227539820,10,4,6
18607,1693227539820,1692255275590,1692255275594,1693227539829,9,4,5
18608,1693227539829,1692255275603,1692255275607,1693227539842,13,4,9
18609,1693227539842,1692255275612,1692255275616,1693227539852,10,4,6
18610,1693227539852,1692255275622,1692255275626,1693227539861,9,4,5
18611,1693227539861,1692255275631,1692255275635,1693227539870,9,4,5
18612,1693227539870,1692255275641,1692255275645,1693227539880,10,4,6
18613,1693227539880,1692255275651,1692255275655,1693227539890,10,4,6
18614,1693227539890,1692255275660,1692255275663,1693227539899,9,3,6
18615,1693227539899,1692255275668,1692255275672,1693227539907,8,4,4
18616,1693227539907,1692255275677,1692255275681,1693227539917,10,4,6
18617,1693227539917,1692255275687,1692255275692,1693227539927,10,5,5
18618,1693227539927,1692255275697,1692255275701,1693227539936,9,4,5
18619,1693227539936,1692255275706,1692255275710,1693227539946,10,4,6
18620,1693227539946,1692255275716,1692255275720,1693227539955,9,4,5
18621,1693227539955,1692255275726,1692255275731,1693227539969,14,5,9
18622,1693227539969,1692255275739,1692255275744,1693227539979,10,5,5
18623,1693227539979,1692255275749,1692255275753,1693227539988,9,4,5
18624,1693227539988,1692255275758,1692255275763,1693227539998,10,5,5
18625,1693227539998,1692255275767,1692255275772,1693227540007,9,5,4
18626,1693227540007,1692255275778,1692255275781,1693227540017,10,3,7
18627,1693227540017,1692255275786,1692255275791,1693227540026,9,5,4
18628,1693227540026,1692255275796,1692255275800,1693227540036,10,4,6
18629,1693227540036,1692255275806,1692255275809,1693227540045,9,3,6
18630,1693227540045,1692255275815,1692255275819,1693227540054,9,4,5
18631,1693227540054,1692255275824,1692255275828,1693227540063,9,4,5
18632,1693227540063,1692255275834,1692255275838,1693227540074,11,4,7
18633,1693227540074,1692255275844,1692255275848,1693227540084,10,4,6
18634,1693227540084,1692255275853,1692255275857,1693227540093,9,4,5
18635,1693227540093,1692255275866,1692255275870,1693227540105,12,4,8
18636,1693227540105,1692255275874,1692255275879,1693227540114,9,5,4
18637,1693227540114,1692255275884,1692255275888,1693227540124,10,4,6
18638,1693227540124,1692255275894,1692255275898,1693227540134,10,4,6
18639,1693227540134,1692255275906,1692255275911,1693227540146,12,5,7
18640,1693227540146,1692255275915,1692255275922,1693227540157,11,7,4
18641,1693227540157,1692255275927,1692255275931,1693227540166,9,4,5
18642,1693227540167,1692255275936,1692255275940,1693227540175,8,4,4
18643,1693227540175,1692255275945,1692255275949,1693227540184,9,4,5
18644,1693227540184,1692255275954,1692255275958,1693227540193,9,4,5
18645,1693227540193,1692255275968,1692255275971,1693227540206,13,3,10
18646,1693227540206,1692255275976,1692255275980,1693227540215,9,4,5
18647,1693227540215,1692255275991,1692255275995,1693227540230,15,4,11
18648,1693227540230,1692255275999,1692255276004,1693227540239,9,5,4
18649,1693227540239,1692255276009,1692255276012,1693227540248,9,3,6
18650,1693227540248,1692255276020,1692255276023,1693227540259,11,3,8
18651,1693227540259,1692255276029,1692255276033,1693227540268,9,4,5
18652,1693227540268,1692255276038,1692255276041,1693227540277,9,3,6
18653,1693227540277,1692255276046,1692255276050,1693227540285,8,4,4
18654,1693227540285,1692255276055,1692255276059,1693227540295,10,4,6
18655,1693227540295,1692255276065,1692255276069,1693227540304,9,4,5
18656,1693227540304,1692255276075,1692255276078,1693227540314,10,3,7
18657,1693227540314,1692255276083,1692255276087,1693227540323,9,4,5
18658,1693227540323,1692255276093,1692255276097,1693227540332,9,4,5
18659,1693227540332,1692255276102,1692255276106,1693227540341,9,4,5
18660,1693227540341,1692255276111,1692255276116,1693227540351,10,5,5
18661,1693227540351,1692255276122,1692255276128,1693227540363,12,6,6
18662,1693227540363,1692255276133,1692255276138,1693227540373,10,5,5
18663,1693227540373,1692255276147,1692255276151,1693227540386,13,4,9
18664,1693227540386,1692255276157,1692255276161,1693227540396,10,4,6
18665,1693227540396,1692255276165,1692255276169,1693227540405,9,4,5
18666,1693227540405,1692255276175,1692255276179,1693227540415,10,4,6
18667,1693227540415,1692255276185,1692255276189,1693227540425,10,4,6
18668,1693227540425,1692255276195,1692255276199,1693227540434,9,4,5
18669,1693227540435,1692255276205,1692255276209,1693227540444,9,4,5
18670,1693227540444,1692255276214,1692255276218,1693227540453,9,4,5
18671,1693227540453,1692255276224,1692255276228,1693227540463,10,4,6
18672,1693227540463,1692255276233,1692255276237,1693227540473,10,4,6
18673,1693227540473,1692255276244,1692255276248,1693227540484,11,4,7
18674,1693227540484,1692255276254,1692255276258,1693227540494,10,4,6
18675,1693227540494,1692255276265,1692255276269,1693227540505,11,4,7
18676,1693227540505,1692255276275,1692255276279,1693227540515,10,4,6
18677,1693227540515,1692255276285,1692255276291,1693227540527,12,6,6
18678,1693227540527,1692255276296,1692255276301,1693227540536,9,5,4
18679,1693227540536,1692255276306,1692255276310,1693227540546,10,4,6
18680,1693227540546,1692255276316,1692255276320,1693227540556,10,4,6
18681,1693227540556,1692255276327,1692255276331,1693227540567,11,4,7
18682,1693227540567,1692255276337,1692255276341,1693227540576,9,4,5
18683,1693227540576,1692255276346,1692255276350,1693227540586,10,4,6
18684,1693227540586,1692255276356,1692255276360,1693227540595,9,4,5
18685,1693227540595,1692255276365,1692255276369,1693227540605,10,4,6
18686,1693227540605,1692255276376,1692255276379,1693227540615,10,3,7
18687,1693227540615,1692255276385,1692255276390,1693227540626,11,5,6
18688,1693227540626,1692255276396,1692255276400,1693227540635,9,4,5
18689,1693227540635,1692255276405,1692255276409,1693227540645,10,4,6
18690,1693227540645,1692255276414,1692255276418,1693227540654,9,4,5
18691,1693227540654,1692255276424,1692255276428,1693227540663,9,4,5
18692,1693227540663,1692255276434,1692255276438,1693227540673,10,4,6
18693,1693227540673,1692255276444,1692255276448,1693227540686,13,4,9
18694,1693227540686,1692255276456,1692255276460,1693227540696,10,4,6
18695,1693227540696,1692255276465,1692255276470,1693227540705,9,5,4
18696,1693227540705,1692255276476,1692255276479,1693227540715,10,3,7
18697,1693227540715,1692255276485,1692255276488,1693227540723,8,3,5
18698,1693227540723,1692255276493,1692255276497,1693227540732,9,4,5
18699,1693227540732,1692255276503,1692255276507,1693227540742,10,4,6
18700,1693227540742,1692255276512,1692255276516,1693227540752,10,4,6
18701,1693227540752,1692255276522,1692255276526,1693227540761,9,4,5
18702,1693227540761,1692255276531,1692255276536,1693227540772,11,5,6
18703,1693227540772,1692255276542,1692255276547,1693227540782,10,5,5
18704,1693227540782,1692255276552,1692255276555,1693227540791,9,3,6
18705,1693227540791,1692255276561,1692255276564,1693227540800,9,3,6
18706,1693227540800,1692255276570,1692255276574,1693227540809,9,4,5
18707,1693227540809,1692255276580,1692255276584,1693227540819,10,4,6
18708,1693227540819,1692255276590,1692255276593,1693227540829,10,3,7
18709,1693227540829,1692255276599,1692255276603,1693227540841,12,4,8
18710,1693227540841,1692255276611,1692255276615,1693227540851,10,4,6
18711,1693227540851,1692255276620,1692255276627,1693227540862,11,7,4
18712,1693227540862,1692255276633,1692255276636,1693227540872,10,3,7
18713,1693227540872,1692255276641,1692255276647,1693227540882,10,6,4
18714,1693227540882,1692255276652,1692255276656,1693227540891,9,4,5
18715,1693227540891,1692255276660,1692255276664,1693227540899,8,4,4
18716,1693227540899,1692255276669,1692255276673,1693227540908,9,4,5
18717,1693227540908,1692255276678,1692255276684,1693227540920,12,6,6
18718,1693227540920,1692255276690,1692255276693,1693227540928,8,3,5
18719,1693227540928,1692255276698,1692255276702,1693227540938,10,4,6
18720,1693227540938,1692255276708,1692255276712,1693227540947,9,4,5
18721,1693227540947,1692255276717,1692255276721,1693227540956,9,4,5
18722,1693227540956,1692255276729,1692255276732,1693227540968,12,3,9
18723,1693227540968,1692255276738,1692255276742,1693227540977,9,4,5
18724,1693227540977,1692255276747,1692255276751,1693227540986,9,4,5
18725,1693227540986,1692255276756,1692255276761,1693227540996,10,5,5
18726,1693227540996,1692255276767,1692255276771,1693227541006,10,4,6
18727,1693227541006,1692255276777,1692255276780,1693227541016,10,3,7
18728,1693227541016,1692255276787,1692255276791,1693227541026,10,4,6
18729,1693227541026,1692255276796,1692255276800,1693227541036,10,4,6
18730,1693227541036,1692255276806,1692255276810,1693227541046,10,4,6
18731,1693227541046,1692255276816,1692255276819,1693227541055,9,3,6
18732,1693227541055,1692255276827,1692255276832,1693227541067,12,5,7
18733,1693227541068,1692255276838,1692255276844,1693227541079,11,6,5
18734,1693227541079,1692255276850,1692255276855,1693227541091,12,5,7
18735,1693227541091,1692255276863,1692255276868,1693227541103,12,5,7
18736,1693227541103,1692255276874,1692255276879,1693227541115,12,5,7
18737,1693227541115,1692255276885,1692255276890,1693227541125,10,5,5
18738,1693227541125,1692255276895,1692255276899,1693227541135,10,4,6
18739,1693227541135,1692255276905,1692255276909,1693227541144,9,4,5
18740,1693227541144,1692255276915,1692255276919,1693227541154,10,4,6
18741,1693227541154,1692255276924,1692255276929,1693227541164,10,5,5
18742,1693227541164,1692255276934,1692255276938,1693227541173,9,4,5
18743,1693227541173,1692255276943,1692255276947,1693227541183,10,4,6
18744,1693227541183,1692255276953,1692255276957,1693227541192,9,4,5
18745,1693227541192,1692255276962,1692255276966,1693227541201,9,4,5
18746,1693227541201,1692255276971,1692255276975,1693227541211,10,4,6
18747,1693227541211,1692255276981,1692255276985,1693227541221,10,4,6
18748,1693227541221,1692255276991,1692255276995,1693227541230,9,4,5
18749,1693227541231,1692255277001,1692255277006,1693227541242,11,5,6
18750,1693227541242,1692255277012,1692255277015,1693227541250,8,3,5
18751,1693227541251,1692255277022,1692255277027,1693227541262,11,5,6
18752,1693227541263,1692255277033,1692255277037,1693227541273,10,4,6
18753,1693227541273,1692255277043,1692255277050,1693227541286,13,7,6
18754,1693227541286,1692255277056,1692255277060,1693227541296,10,4,6
18755,1693227541296,1692255277068,1692255277073,1693227541309,13,5,8
18756,1693227541309,1692255277079,1692255277083,1693227541319,10,4,6
18757,1693227541319,1692255277089,1692255277093,1693227541329,10,4,6
18758,1693227541329,1692255277099,1692255277105,1693227541341,12,6,6
18759,1693227541341,1692255277112,1692255277116,1693227541351,10,4,6
18760,1693227541351,1692255277122,1692255277127,1693227541363,12,5,7
18761,1693227541363,1692255277133,1692255277137,1693227541373,10,4,6
18762,1693227541373,1692255277144,1692255277149,1693227541384,11,5,6
18763,1693227541384,1692255277155,1692255277160,1693227541396,12,5,7
18764,1693227541396,1692255277167,1692255277171,1693227541406,10,4,6
18765,1693227541406,1692255277178,1692255277184,1693227541419,13,6,7
18766,1693227541419,1692255277194,1692255277199,1693227541434,15,5,10
18767,1693227541434,1692255277204,1692255277209,1693227541444,10,5,5
18768,1693227541444,1692255277214,1692255277218,1693227541453,9,4,5
18769,1693227541453,1692255277223,1692255277227,1693227541462,9,4,5
18770,1693227541462,1692255277233,1692255277237,1693227541472,10,4,6
18771,1693227541472,1692255277243,1692255277248,1693227541483,11,5,6
18772,1693227541483,1692255277254,1692255277259,1693227541494,11,5,6
18773,1693227541494,1692255277274,1692255277279,1693227541514,20,5,15
18774,1693227541514,1692255277285,1692255277290,1693227541526,12,5,7
18775,1693227541526,1692255277297,1692255277302,1693227541538,12,5,7
18776,1693227541538,1692255277309,1692255277313,1693227541549,11,4,7
18777,1693227541549,1692255277320,1692255277325,1693227541560,11,5,6
18778,1693227541560,1692255277331,1692255277336,1693227541571,11,5,6
18779,1693227541571,1692255277342,1692255277347,1693227541583,12,5,7
18780,1693227541583,1692255277354,1692255277359,1693227541595,12,5,7
18781,1693227541595,1692255277371,1692255277376,1693227541612,17,5,12
18782,1693227541612,1692255277382,1692255277387,1693227541623,11,5,6
18783,1693227541623,1692255277394,1692255277399,1693227541635,12,5,7
18784,1693227541635,1692255277406,1692255277411,1693227541646,11,5,6
18785,1693227541646,1692255277417,1692255277423,1693227541659,13,6,7
18786,1693227541659,1692255277429,1692255277433,1693227541668,9,4,5
18787,1693227541669,1692255277439,1692255277443,1693227541678,9,4,5
18788,1693227541678,1692255277448,1692255277453,1693227541688,10,5,5
18789,1693227541688,1692255277458,1692255277462,1693227541697,9,4,5
18790,1693227541697,1692255277467,1692255277472,1693227541710,13,5,8
18791,1693227541710,1692255277480,1692255277484,1693227541719,9,4,5
18792,1693227541719,1692255277491,1692255277494,1693227541729,10,3,7
18793,1693227541729,1692255277499,1692255277503,1693227541739,10,4,6
18794,1693227541739,1692255277509,1692255277513,1693227541748,9,4,5
18795,1693227541748,1692255277520,1692255277524,1693227541760,12,4,8
18796,1693227541760,1692255277530,1692255277533,1693227541769,9,3,6
18797,1693227541769,1692255277538,1692255277543,1693227541779,10,5,5
18798,1693227541779,1692255277549,1692255277554,1693227541789,10,5,5
18799,1693227541789,1692255277560,1692255277565,1693227541801,12,5,7
18800,1693227541801,1692255277571,1692255277576,1693227541812,11,5,6
18801,1693227541812,1692255277583,1692255277588,1693227541823,11,5,6
18802,1693227541823,1692255277594,1692255277599,1693227541834,11,5,6
18803,1693227541834,1692255277607,1692255277612,1693227541848,14,5,9
18804,1693227541848,1692255277619,1692255277623,1693227541858,10,4,6
18805,1693227541858,1692255277630,1692255277634,1693227541870,12,4,8
18806,1693227541870,1692255277641,1692255277646,1693227541881,11,5,6
18807,1693227541881,1692255277652,1692255277657,1693227541892,11,5,6
18808,1693227541892,1692255277662,1692255277666,1693227541901,9,4,5
18809,1693227541901,1692255277671,1692255277676,1693227541911,10,5,5
18810,1693227541911,1692255277683,1692255277687,1693227541922,11,4,7
18811,1693227541922,1692255277692,1692255277696,1693227541931,9,4,5
18812,1693227541931,1692255277701,1692255277705,1693227541941,10,4,6
18813,1693227541941,1692255277711,1692255277715,1693227541950,9,4,5
18814,1693227541950,1692255277720,1692255277725,1693227541960,10,5,5
18815,1693227541960,1692255277730,1692255277734,1693227541969,9,4,5
18816,1693227541969,1692255277740,1692255277744,1693227541979,10,4,6
18817,1693227541979,1692255277749,1692255277753,1693227541989,10,4,6
18818,1693227541989,1692255277760,1692255277764,1693227541999,10,4,6
18819,1693227541999,1692255277769,1692255277774,1693227542009,10,5,5
18820,1693227542009,1692255277780,1692255277784,1693227542019,10,4,6
18821,1693227542019,1692255277790,1692255277795,1693227542030,11,5,6
18822,1693227542030,1692255277800,1692255277804,1693227542039,9,4,5
18823,1693227542039,1692255277809,1692255277813,1693227542048,9,4,5
18824,1693227542048,1692255277818,1692255277822,1693227542057,9,4,5
18825,1693227542057,1692255277828,1692255277831,1693227542067,10,3,7
18826,1693227542067,1692255277836,1692255277840,1693227542075,8,4,4
18827,1693227542075,1692255277845,1692255277848,1693227542084,9,3,6
18828,1693227542084,1692255277854,1692255277857,1693227542092,8,3,5
18829,1693227542093,1692255277863,1692255277866,1693227542102,9,3,6
18830,1693227542102,1692255277872,1692255277875,1693227542110,8,3,5
18831,1693227542110,1692255277879,1692255277883,1693227542119,9,4,5
18832,1693227542119,1692255277889,1692255277893,1693227542128,9,4,5
18833,1693227542128,1692255277899,1692255277903,1693227542138,10,4,6
18834,1693227542138,1692255277909,1692255277913,1693227542149,11,4,7
18835,1693227542149,1692255277920,1692255277923,1693227542159,10,3,7
18836,1693227542159,1692255277931,1692255277935,1693227542170,11,4,7
18837,1693227542170,1692255277941,1692255277945,1693227542180,10,4,6
18838,1693227542180,1692255277950,1692255277954,1693227542190,10,4,6
18839,1693227542190,1692255277960,1692255277964,1693227542199,9,4,5
18840,1693227542199,1692255277969,1692255277973,1693227542208,9,4,5
18841,1693227542208,1692255277977,1692255277981,1693227542216,8,4,4
18842,1693227542216,1692255277989,1692255277993,1693227542229,13,4,9
18843,1693227542229,1692255277999,1692255278003,1693227542238,9,4,5
18844,1693227542238,1692255278008,1692255278012,1693227542248,10,4,6
18845,1693227542248,1692255278021,1692255278025,1693227542260,12,4,8
18846,1693227542260,1692255278029,1692255278033,1693227542269,9,4,5
18847,1693227542269,1692255278039,1692255278042,1693227542277,8,3,5
18848,1693227542277,1692255278047,1692255278051,1693227542286,9,4,5
18849,1693227542286,1692255278056,1692255278059,1693227542294,8,3,5
18850,1693227542294,1692255278064,1692255278069,1693227542304,10,5,5
18851,1693227542304,1692255278074,1692255278078,1693227542313,9,4,5
18852,1693227542313,1692255278083,1692255278087,1693227542324,11,4,7
18853,1693227542324,1692255278095,1692255278098,1693227542334,10,3,7
18854,1693227542334,1692255278103,1692255278107,1693227542342,8,4,4
18855,1693227542342,1692255278112,1692255278116,1693227542351,9,4,5
18856,1693227542351,1692255278121,1692255278124,1693227542360,9,3,6
18857,1693227542360,1692255278129,1692255278134,1693227542369,9,5,4
18858,1693227542369,1692255278138,1692255278144,1693227542380,11,6,5
18859,1693227542380,1692255278150,1692255278154,1693227542389,9,4,5
18860,1693227542389,1692255278159,1692255278164,1693227542399,10,5,5
18861,1693227542399,1692255278169,1692255278174,1693227542409,10,5,5
18862,1693227542409,1692255278179,1692255278184,1693227542419,10,5,5
18863,1693227542419,1692255278193,1692255278197,1693227542433,14,4,10
18864,1693227542433,1692255278202,1692255278207,1693227542442,9,5,4
18865,1693227542442,1692255278212,1692255278216,1693227542451,9,4,5
18866,1693227542451,1692255278221,1692255278225,1693227542461,10,4,6
18867,1693227542461,1692255278231,1692255278235,1693227542470,9,4,5
18868,1693227542470,1692255278241,1692255278246,1693227542481,11,5,6
18869,1693227542481,1692255278251,1692255278255,1693227542490,9,4,5
18870,1693227542490,1692255278260,1692255278264,1693227542499,9,4,5
18871,1693227542499,1692255278270,1692255278275,1693227542510,11,5,6
18872,1693227542510,1692255278280,1692255278284,1693227542519,9,4,5
18873,1693227542519,1692255278290,1692255278294,1693227542529,10,4,6
18874,1693227542529,1692255278300,1692255278305,1693227542541,12,5,7
18875,1693227542541,1692255278311,1692255278316,1693227542551,10,5,5
18876,1693227542551,1692255278321,1692255278326,1693227542562,11,5,6
18877,1693227542562,1692255278332,1692255278336,1693227542572,10,4,6
18878,1693227542572,1692255278343,1692255278347,1693227542583,11,4,7
18879,1693227542583,1692255278353,1692255278358,1693227542593,10,5,5
18880,1693227542593,1692255278364,1692255278368,1693227542603,10,4,6
18881,1693227542603,1692255278375,1692255278379,1693227542614,11,4,7
18882,1693227542614,1692255278384,1692255278387,1693227542623,9,3,6
18883,1693227542623,1692255278393,1692255278397,1693227542633,10,4,6
18884,1693227542633,1692255278402,1692255278407,1693227542642,9,5,4
18885,1693227542642,1692255278412,1692255278416,1693227542652,10,4,6
18886,1693227542652,1692255278421,1692255278426,1693227542661,9,5,4
18887,1693227542661,1692255278431,1692255278435,1693227542671,10,4,6
18888,1693227542671,1692255278441,1692255278445,1693227542681,10,4,6
18889,1693227542681,1692255278451,1692255278455,1693227542690,9,4,5
18890,1693227542690,1692255278460,1692255278467,1693227542702,12,7,5
18891,1693227542702,1692255278472,1692255278476,1693227542712,10,4,6
18892,1693227542712,1692255278482,1692255278486,1693227542721,9,4,5
18893,1693227542721,1692255278491,1692255278495,1693227542730,9,4,5
18894,1693227542730,1692255278503,1692255278509,1693227542745,15,6,9
18895,1693227542745,1692255278515,1692255278522,1693227542757,12,7,5
18896,1693227542757,1692255278527,1692255278531,1693227542767,10,4,6
18897,1693227542767,1692255278537,1692255278541,1693227542776,9,4,5
18898,1693227542776,1692255278546,1692255278550,1693227542786,10,4,6
18899,1693227542786,1692255278556,1692255278560,1693227542795,9,4,5
18900,1693227542795,1692255278565,1692255278569,1693227542804,9,4,5
18901,1693227542804,1692255278575,1692255278580,1693227542816,12,5,7
18902,1693227542816,1692255278587,1692255278591,1693227542827,11,4,7
18903,1693227542827,1692255278597,1692255278602,1693227542837,10,5,5
18904,1693227542837,1692255278606,1692255278611,1693227542846,9,5,4
18905,1693227542846,1692255278616,1692255278620,1693227542856,10,4,6
18906,1693227542856,1692255278627,1692255278632,1693227542867,11,5,6
18907,1693227542867,1692255278638,1692255278642,1693227542877,10,4,6
18908,1693227542877,1692255278647,1692255278650,1693227542886,9,3,6
18909,1693227542886,1692255278656,1692255278661,1693227542896,10,5,5
18910,1693227542896,1692255278666,1692255278670,1693227542905,9,4,5
18911,1693227542906,1692255278676,1692255278680,1693227542916,10,4,6
18912,1693227542916,1692255278686,1692255278690,1693227542926,10,4,6
18913,1693227542926,1692255278696,1692255278700,1693227542935,9,4,5
18914,1693227542935,1692255278707,1692255278711,1693227542946,11,4,7
18915,1693227542946,1692255278717,1692255278721,1693227542957,11,4,7
18916,1693227542957,1692255278727,1692255278732,1693227542968,11,5,6
18917,1693227542968,1692255278738,1692255278743,1693227542979,11,5,6
18918,1693227542979,1692255278749,1692255278754,1693227542990,11,5,6
18919,1693227542990,1692255278762,1692255278767,1693227543002,12,5,7
18920,1693227543002,1692255278773,1692255278778,1693227543013,11,5,6
18921,1693227543013,1692255278785,1692255278791,1693227543026,13,6,7
18922,1693227543026,1692255278797,1692255278801,1693227543036,10,4,6
18923,1693227543037,1692255278808,1692255278812,1693227543047,10,4,6
18924,1693227543047,1692255278817,1692255278821,1693227543056,9,4,5
18925,1693227543056,1692255278826,1692255278831,1693227543066,10,5,5
18926,1693227543066,1692255278836,1692255278840,1693227543076,10,4,6
18927,1693227543076,1692255278846,1692255278850,1693227543085,9,4,5
18928,1693227543085,1692255278855,1692255278859,1693227543095,10,4,6
18929,1693227543095,1692255278865,1692255278869,1693227543104,9,4,5
18930,1693227543104,1692255278874,1692255278881,1693227543116,12,7,5
18931,1693227543116,1692255278886,1692255278890,1693227543125,9,4,5
18932,1693227543125,1692255278895,1692255278899,1693227543134,9,4,5
18933,1693227543134,1692255278905,1692255278910,1693227543146,12,5,7
18934,1693227543146,1692255278916,1692255278920,1693227543155,9,4,5
18935,1693227543155,1692255278925,1692255278930,1693227543165,10,5,5
18936,1693227543165,1692255278935,1692255278940,1693227543175,10,5,5
18937,1693227543175,1692255278946,1692255278949,1693227543185,10,3,7
18938,1693227543185,1692255278955,1692255278958,1693227543194,9,3,6
18939,1693227543194,1692255278964,1692255278968,1693227543203,9,4,5
18940,1693227543203,1692255278973,1692255278978,1693227543214,11,5,6
18941,1693227543214,1692255278985,1692255278989,1693227543224,10,4,6
18942,1693227543224,1692255278994,1692255278998,1693227543234,10,4,6
18943,1693227543234,1692255279004,1692255279008,1693227543245,11,4,7
18944,1693227543245,1692255279016,1692255279020,1693227543256,11,4,7
18945,1693227543256,1692255279025,1692255279030,1693227543267,11,5,6
18946,1693227543267,1692255279037,1692255279041,1693227543276,9,4,5
18947,1693227543276,1692255279046,1692255279051,1693227543286,10,5,5
18948,1693227543286,1692255279057,1692255279061,1693227543296,10,4,6
18949,1693227543296,1692255279066,1692255279070,1693227543306,10,4,6
18950,1693227543306,1692255279076,1692255279080,1693227543316,10,4,6
18951,1693227543316,1692255279086,1692255279091,1693227543327,11,5,6
18952,1693227543327,1692255279098,1692255279103,1693227543339,12,5,7
18953,1693227543339,1692255279109,1692255279114,1693227543350,11,5,6
18954,1693227543350,1692255279120,1692255279124,1693227543360,10,4,6
18955,1693227543360,1692255279130,1692255279134,1693227543369,9,4,5
18956,1693227543369,1692255279139,1692255279144,1693227543379,10,5,5
18957,1693227543379,1692255279149,1692255279154,1693227543389,10,5,5
18958,1693227543389,1692255279160,1692255279164,1693227543399,10,4,6
18959,1693227543399,1692255279169,1692255279173,1693227543408,9,4,5
18960,1693227543408,1692255279178,1692255279183,1693227543418,10,5,5
18961,1693227543418,1692255279188,1692255279191,1693227543427,9,3,6
18962,1693227543427,1692255279197,1692255279202,1693227543437,10,5,5
18963,1693227543437,1692255279207,1692255279212,1693227543447,10,5,5
18964,1693227543447,1692255279219,1692255279223,1693227543458,11,4,7
18965,1693227543458,1692255279229,1692255279233,1693227543469,11,4,7
18966,1693227543469,1692255279239,1692255279243,1693227543479,10,4,6
18967,1693227543479,1692255279249,1692255279255,1693227543491,12,6,6
18968,1693227543491,1692255279261,1692255279265,1693227543501,10,4,6
18969,1693227543501,1692255279274,1692255279278,1693227543513,12,4,8
18970,1693227543513,1692255279283,1692255279286,1693227543522,9,3,6
18971,1693227543522,1692255279292,1692255279295,1693227543531,9,3,6
18972,1693227543531,1692255279301,1692255279304,1693227543539,8,3,5
18973,1693227543539,1692255279309,1692255279313,1693227543549,10,4,6
18974,1693227543549,1692255279321,1692255279324,1693227543559,10,3,7
18975,1693227543559,1692255279329,1692255279333,1693227543569,10,4,6
18976,1693227543569,1692255279339,1692255279343,1693227543579,10,4,6
18977,1693227543579,1692255279348,1692255279352,1693227543587,8,4,4
18978,1693227543587,1692255279357,1692255279360,1693227543596,9,3,6
18979,1693227543596,1692255279365,1692255279369,1693227543604,8,4,4
18980,1693227543604,1692255279374,1692255279377,1693227543613,9,3,6
18981,1693227543613,1692255279382,1692255279386,1693227543621,8,4,4
18982,1693227543621,1692255279391,1692255279394,1693227543629,8,3,5
18983,1693227543629,1692255279399,1692255279403,1693227543638,9,4,5
18984,1693227543638,1692255279409,1692255279413,1693227543648,10,4,6
18985,1693227543648,1692255279419,1692255279423,1693227543658,10,4,6
18986,1693227543658,1692255279429,1692255279432,1693227543668,10,3,7
18987,1693227543668,1692255279438,1692255279442,1693227543678,10,4,6
18988,1693227543678,1692255279448,1692255279452,1693227543687,9,4,5
18989,1693227543687,1692255279458,1692255279462,1693227543698,11,4,7
18990,1693227543698,1692255279468,1692255279472,1693227543708,10,4,6
18991,1693227543708,1692255279478,1692255279481,1693227543717,9,3,6
18992,1693227543717,1692255279486,1692255279491,1693227543728,11,5,6
18993,1693227543728,1692255279498,1692255279503,1693227543738,10,5,5
18994,1693227543739,1692255279509,1692255279513,1693227543748,9,4,5
18995,1693227543748,1692255279518,1692255279523,1693227543758,10,5,5
18996,1693227543758,1692255279528,1692255279533,1693227543768,10,5,5
18997,1693227543768,1692255279538,1692255279542,1693227543778,10,4,6
18998,1693227543778,1692255279548,1692255279553,1693227543788,10,5,5
18999,1693227543788,1692255279558,1692255279563,1693227543798,10,5,5
19000,1693227543798,1692255279569,1692255279573,1693227543808,10,4,6
19001,1693227543808,1692255279578,1692255279582,1693227543817,9,4,5
19002,1693227543817,1692255279587,1692255279591,1693227543826,9,4,5
19003,1693227543827,1692255279597,1692255279601,1693227543837,10,4,6
19004,1693227543837,1692255279607,1692255279613,1693227543848,11,6,5
19005,1693227543848,1692255279619,1692255279623,1693227543860,12,4,8
19006,1693227543860,1692255279630,1692255279638,1693227543873,13,8,5
19007,1693227543873,1692255279643,1692255279648,1693227543883,10,5,5
19008,1693227543883,1692255279654,1692255279658,1693227543893,10,4,6
19009,1693227543893,1692255279663,1692255279667,1693227543902,9,4,5
19010,1693227543902,1692255279672,1692255279676,1693227543911,9,4,5
19011,1693227543911,1692255279682,1692255279686,1693227543922,11,4,7
19012,1693227543922,1692255279692,1692255279696,1693227543931,9,4,5
19013,1693227543931,1692255279701,1692255279704,1693227543940,9,3,6
19014,1693227543940,1692255279710,1692255279715,1693227543950,10,5,5
19015,1693227543950,1692255279720,1692255279724,1693227543959,9,4,5
19016,1693227543959,1692255279730,1692255279734,1693227543970,11,4,7
19017,1693227543970,1692255279740,1692255279744,1693227543979,9,4,5
19018,1693227543979,1692255279749,1692255279753,1693227543989,10,4,6
19019,1693227543989,1692255279760,1692255279764,1693227544000,11,4,7
19020,1693227544000,1692255279770,1692255279775,1693227544010,10,5,5
19021,1693227544010,1692255279780,1692255279788,1693227544023,13,8,5
19022,1693227544023,1692255279793,1692255279798,1693227544033,10,5,5
19023,1693227544033,1692255279803,1692255279808,1693227544043,10,5,5
19024,1693227544043,1692255279812,1692255279817,1693227544052,9,5,4
19025,1693227544052,1692255279823,1692255279828,1693227544065,13,5,8
19026,1693227544065,1692255279835,1692255279840,1693227544078,13,5,8
19027,1693227544078,1692255279848,1692255279853,1693227544090,12,5,7
19028,1693227544090,1692255279862,1692255279867,1693227544102,12,5,7
19029,1693227544102,1692255279873,1692255279878,1693227544114,12,5,7
19030,1693227544114,1692255279884,1692255279890,1693227544125,11,6,5
19031,1693227544125,1692255279895,1692255279900,1693227544135,10,5,5
19032,1693227544135,1692255279906,1692255279910,1693227544146,11,4,7
19033,1693227544146,1692255279916,1692255279920,1693227544156,10,4,6
19034,1693227544156,1692255279926,1692255279930,1693227544167,11,4,7
19035,1693227544167,1692255279937,1692255279941,1693227544176,9,4,5
19036,1693227544176,1692255279946,1692255279951,1693227544186,10,5,5
19037,1693227544186,1692255279956,1692255279961,1693227544196,10,5,5
19038,1693227544196,1692255279966,1692255279971,1693227544206,10,5,5
19039,1693227544206,1692255279976,1692255279982,1693227544217,11,6,5
19040,1693227544217,1692255279987,1692255279991,1693227544227,10,4,6
19041,1693227544227,1692255279997,1692255280001,1693227544236,9,4,5
19042,1693227544236,1692255280006,1692255280012,1693227544247,11,6,5
19043,1693227544247,1692255280020,1692255280026,1693227544261,14,6,8
19044,1693227544261,1692255280033,1692255280037,1693227544273,12,4,8
19045,1693227544273,1692255280043,1692255280046,1693227544281,8,3,5
19046,1693227544281,1692255280051,1692255280054,1693227544289,8,3,5
19047,1693227544289,1692255280059,1692255280063,1693227544298,9,4,5
19048,1693227544298,1692255280068,1692255280071,1693227544307,9,3,6
19049,1693227544307,1692255280076,1692255280080,1693227544316,9,4,5
19050,1693227544316,1692255280085,1692255280089,1693227544324,8,4,4
19051,1693227544324,1692255280094,1692255280097,1693227544333,9,3,6
19052,1693227544333,1692255280102,1692255280106,1693227544341,8,4,4
19053,1693227544341,1692255280111,1692255280115,1693227544351,10,4,6
19054,1693227544351,1692255280120,1692255280124,1693227544360,9,4,5
19055,1693227544360,1692255280130,1692255280134,1693227544369,9,4,5
19056,1693227544369,1692255280140,1692255280144,1693227544380,11,4,7
19057,1693227544380,1692255280149,1692255280153,1693227544389,9,4,5
19058,1693227544389,1692255280159,1692255280163,1693227544398,9,4,5
19059,1693227544398,1692255280168,1692255280172,1693227544408,10,4,6
19060,1693227544408,1692255280178,1692255280182,1693227544417,9,4,5
19061,1693227544417,1692255280187,1692255280191,1693227544426,9,4,5
19062,1693227544426,1692255280196,1692255280200,1693227544435,9,4,5
19063,1693227544435,1692255280205,1692255280209,1693227544444,9,4,5
19064,1693227544444,1692255280214,1692255280218,1693227544453,9,4,5
19065,1693227544453,1692255280223,1692255280227,1693227544462,9,4,5
19066,1693227544462,1692255280232,1692255280236,1693227544475,13,4,9
19067,1693227544475,1692255280246,1692255280250,1693227544485,10,4,6
19068,1693227544485,1692255280255,1692255280258,1693227544494,9,3,6
19069,1693227544494,1692255280264,1692255280268,1693227544503,9,4,5
19070,1693227544503,1692255280274,1692255280279,1693227544514,11,5,6
19071,1693227544514,1692255280284,1692255280293,1693227544529,15,9,6
19072,1693227544529,1692255280306,1692255280311,1693227544547,18,5,13
19073,1693227544547,1692255280316,1692255280321,1693227544557,10,5,5
19074,1693227544557,1692255280327,1692255280331,1693227544567,10,4,6
19075,1693227544567,1692255280337,1692255280344,1693227544579,12,7,5
19076,1693227544579,1692255280349,1692255280353,1693227544588,9,4,5
19077,1693227544589,1692255280358,1692255280363,1693227544598,9,5,4
19078,1693227544598,1692255280371,1692255280375,1693227544610,12,4,8
19079,1693227544610,1692255280381,1692255280384,1693227544619,9,3,6
19080,1693227544619,1692255280389,1692255280394,1693227544629,10,5,5
19081,1693227544629,1692255280399,1692255280403,1693227544638,9,4,5
19082,1693227544638,1692255280409,1692255280413,1693227544648,10,4,6
19083,1693227544648,1692255280418,1692255280422,1693227544657,9,4,5
19084,1693227544657,1692255280427,1692255280431,1693227544667,10,4,6
19085,1693227544667,1692255280437,1692255280441,1693227544676,9,4,5
19086,1693227544676,1692255280447,1692255280451,1693227544686,10,4,6
19087,1693227544686,1692255280456,1692255280461,1693227544697,11,5,6
19088,1693227544697,1692255280467,1692255280474,1693227544710,13,7,6
19089,1693227544710,1692255280480,1692255280484,1693227544720,10,4,6
19090,1693227544720,1692255280491,1692255280495,1693227544730,10,4,6
19091,1693227544730,1692255280501,1692255280505,1693227544740,10,4,6
19092,1693227544740,1692255280511,1692255280515,1693227544750,10,4,6
19093,1693227544750,1692255280521,1692255280525,1693227544761,11,4,7
19094,1693227544761,1692255280531,1692255280536,1693227544771,10,5,5
19095,1693227544771,1692255280541,1692255280545,1693227544781,10,4,6
19096,1693227544781,1692255280552,1692255280556,1693227544791,10,4,6
19097,1693227544791,1692255280561,1692255280565,1693227544801,10,4,6
19098,1693227544801,1692255280571,1692255280575,1693227544810,9,4,5
19099,1693227544810,1692255280581,1692255280585,1693227544820,10,4,6
19100,1693227544820,1692255280590,1692255280593,1693227544828,8,3,5
19101,1693227544828,1692255280598,1692255280602,1693227544837,9,4,5
19102,1693227544837,1692255280606,1692255280610,1693227544844,7,4,3
19103,1693227544844,1692255280614,1692255280618,1693227544854,10,4,6
19104,1693227544854,1692255280624,1692255280627,1693227544865,11,3,8
19105,1693227544865,1692255280635,1692255280638,1693227544874,9,3,6
19106,1693227544874,1692255280644,1692255280648,1693227544884,10,4,6
19107,1693227544884,1692255280654,1692255280658,1693227544893,9,4,5
19108,1693227544893,1692255280664,1692255280668,1693227544903,10,4,6
19109,1693227544903,1692255280673,1692255280676,1693227544912,9,3,6
19110,1693227544912,1692255280682,1692255280686,1693227544922,10,4,6
19111,1693227544922,1692255280692,1692255280698,1693227544934,12,6,6
19112,1693227544934,1692255280704,1692255280708,1693227544943,9,4,5
19113,1693227544943,1692255280713,1692255280717,1693227544952,9,4,5
19114,1693227544952,1692255280722,1692255280727,1693227544962,10,5,5
19115,1693227544962,1692255280732,1692255280736,1693227544971,9,4,5
19116,1693227544971,1692255280742,1692255280746,1693227544982,11,4,7
19117,1693227544982,1692255280754,1692255280758,1693227544994,12,4,8
19118,1693227544994,1692255280764,1692255280768,1693227545003,9,4,5
19119,1693227545003,1692255280773,1692255280776,1693227545011,8,3,5
19120,1693227545011,1692255280783,1692255280787,1693227545022,11,4,7
19121,1693227545022,1692255280792,1692255280796,1693227545031,9,4,5
19122,1693227545031,1692255280801,1692255280805,1693227545040,9,4,5
19123,1693227545040,1692255280811,1692255280815,1693227545050,10,4,6
19124,1693227545050,1692255280820,1692255280824,1693227545059,9,4,5
19125,1693227545059,1692255280829,1692255280832,1693227545067,8,3,5
19126,1693227545067,1692255280836,1692255280840,1693227545075,8,4,4
19127,1693227545075,1692255280845,1692255280848,1693227545083,8,3,5
19128,1693227545083,1692255280852,1692255280856,1693227545091,8,4,4
19129,1693227545091,1692255280861,1692255280864,1693227545100,9,3,6
19130,1693227545100,1692255280869,1692255280872,1693227545107,7,3,4
19131,1693227545107,1692255280877,1692255280880,1693227545115,8,3,5
19132,1693227545115,1692255280884,1692255280888,1693227545123,8,4,4
19133,1693227545123,1692255280893,1692255280896,1693227545132,9,3,6
19134,1693227545132,1692255280901,1692255280905,1693227545140,8,4,4
19135,1693227545140,1692255280910,1692255280914,1693227545149,9,4,5
19136,1693227545149,1692255280919,1692255280922,1693227545157,8,3,5
19137,1693227545157,1692255280927,1692255280931,1693227545166,9,4,5
19138,1693227545166,1692255280937,1692255280940,1693227545176,10,3,7
19139,1693227545176,1692255280946,1692255280949,1693227545185,9,3,6
19140,1693227545185,1692255280954,1692255280958,1693227545193,8,4,4
19141,1693227545194,1692255280963,1692255280966,1693227545202,8,3,5
19142,1693227545202,1692255280972,1692255280975,1693227545210,8,3,5
19143,1693227545210,1692255280980,1692255280983,1693227545218,8,3,5
19144,1693227545219,1692255280988,1692255280992,1693227545227,8,4,4
19145,1693227545227,1692255280997,1692255281000,1693227545236,9,3,6
19146,1693227545236,1692255281006,1692255281010,1693227545246,10,4,6
19147,1693227545246,1692255281016,1692255281020,1693227545255,9,4,5
19148,1693227545255,1692255281025,1692255281031,1693227545267,12,6,6
19149,1693227545267,1692255281037,1692255281041,1693227545277,10,4,6
19150,1693227545277,1692255281047,1692255281051,1693227545286,9,4,5
19151,1693227545286,1692255281057,1692255281061,1693227545296,10,4,6
19152,1693227545296,1692255281066,1692255281070,1693227545305,9,4,5
19153,1693227545305,1692255281075,1692255281079,1693227545314,9,4,5
19154,1693227545314,1692255281092,1692255281096,1693227545331,17,4,13
19155,1693227545331,1692255281100,1692255281103,1693227545338,7,3,4
19156,1693227545338,1692255281113,1692255281117,1693227545352,14,4,10
19157,1693227545352,1692255281121,1692255281126,1693227545361,9,5,4
19158,1693227545361,1692255281130,1692255281134,1693227545369,8,4,4
19159,1693227545369,1692255281140,1692255281144,1693227545379,10,4,6
19160,1693227545379,1692255281149,1692255281152,1693227545388,9,3,6
19161,1693227545388,1692255281158,1692255281161,1693227545396,8,3,5
19162,1693227545396,1692255281166,1692255281169,1693227545404,8,3,5
19163,1693227545405,1692255281174,1692255281177,1693227545412,7,3,4
19164,1693227545412,1692255281182,1692255281185,1693227545421,9,3,6
19165,1693227545421,1692255281193,1692255281196,1693227545432,11,3,8
19166,1693227545432,1692255281202,1692255281206,1693227545441,9,4,5
19167,1693227545441,1692255281211,1692255281215,1693227545450,9,4,5
19168,1693227545450,1692255281220,1692255281226,1693227545461,11,6,5
19169,1693227545461,1692255281231,1692255281235,1693227545470,9,4,5
19170,1693227545470,1692255281241,1692255281246,1693227545481,11,5,6
19171,1693227545481,1692255281251,1692255281254,1693227545490,9,3,6
19172,1693227545490,1692255281260,1692255281264,1693227545499,9,4,5
19173,1693227545499,1692255281269,1692255281273,1693227545508,9,4,5
19174,1693227545508,1692255281278,1692255281282,1693227545518,10,4,6
19175,1693227545518,1692255281288,1692255281292,1693227545527,9,4,5
19176,1693227545527,1692255281298,1692255281302,1693227545537,10,4,6
19177,1693227545537,1692255281308,1692255281312,1693227545547,10,4,6
19178,1693227545547,1692255281318,1692255281322,1693227545557,10,4,6
19179,1693227545557,1692255281328,1692255281332,1693227545567,10,4,6
19180,1693227545567,1692255281337,1692255281341,1693227545576,9,4,5
19181,1693227545576,1692255281347,1692255281350,1693227545585,9,3,6
19182,1693227545586,1692255281356,1692255281360,1693227545596,10,4,6
19183,1693227545596,1692255281372,1692255281378,1693227545613,17,6,11
19184,1693227545613,1692255281383,1692255281388,1693227545623,10,5,5
19185,1693227545623,1692255281396,1692255281403,1693227545639,16,7,9
19186,1693227545639,1692255281409,1692255281413,1693227545649,10,4,6
19187,1693227545649,1692255281419,1692255281423,1693227545658,9,4,5
19188,1693227545658,1692255281429,1692255281433,1693227545668,10,4,6
19189,1693227545668,1692255281438,1692255281442,1693227545677,9,4,5
19190,1693227545677,1692255281448,1692255281452,1693227545688,11,4,7
19191,1693227545688,1692255281458,1692255281462,1693227545698,10,4,6
19192,1693227545698,1692255281468,1692255281471,1693227545706,8,3,5
19193,1693227545706,1692255281477,1692255281481,1693227545716,10,4,6
19194,1693227545716,1692255281486,1692255281491,1693227545726,10,5,5
19195,1693227545726,1692255281497,1692255281500,1693227545735,9,3,6
19196,1693227545735,1692255281505,1692255281510,1693227545746,11,5,6
19197,1693227545746,1692255281516,1692255281520,1693227545755,9,4,5
19198,1693227545755,1692255281528,1692255281532,1693227545767,12,4,8
19199,1693227545767,1692255281537,1692255281542,1693227545777,10,5,5
19200,1693227545777,1692255281547,1692255281551,1693227545786,9,4,5
19201,1693227545786,1692255281557,1692255281561,1693227545796,10,4,6
19202,1693227545796,1692255281566,1692255281570,1693227545808,12,4,8
19203,1693227545808,1692255281578,1692255281582,1693227545818,10,4,6
19204,1693227545818,1692255281587,1692255281591,1693227545826,8,4,4
19205,1693227545826,1692255281596,1692255281600,1693227545835,9,4,5
19206,1693227545835,1692255281605,1692255281610,1693227545847,12,5,7
19207,1693227545847,1692255281617,1692255281621,1693227545856,9,4,5
19208,1693227545856,1692255281626,1692255281630,1693227545865,9,4,5
19209,1693227545865,1692255281639,1692255281642,1693227545877,12,3,9
19210,1693227545877,1692255281648,1692255281651,1693227545887,10,3,7
19211,1693227545887,1692255281656,1692255281661,1693227545896,9,5,4
19212,1693227545896,1692255281666,1692255281669,1693227545905,9,3,6
19213,1693227545905,1692255281676,1692255281680,1693227545915,10,4,6
19214,1693227545915,1692255281684,1692255281688,1693227545923,8,4,4
19215,1693227545923,1692255281693,1692255281696,1693227545931,8,3,5
19216,1693227545931,1692255281701,1692255281705,1693227545940,9,4,5
19217,1693227545940,1692255281710,1692255281715,1693227545950,10,5,5
19218,1693227545950,1692255281721,1692255281725,1693227545960,10,4,6
19219,1693227545960,1692255281731,1692255281734,1693227545970,10,3,7
19220,1693227545970,1692255281740,1692255281744,1693227545980,10,4,6
19221,1693227545980,1692255281749,1692255281754,1693227545989,9,5,4
19222,1693227545989,1692255281759,1692255281765,1693227546000,11,6,5
19223,1693227546000,1692255281770,1692255281774,1693227546010,10,4,6
19224,1693227546010,1692255281780,1692255281785,1693227546020,10,5,5
19225,1693227546020,1692255281790,1692255281794,1693227546029,9,4,5
19226,1693227546029,1692255281799,1692255281803,1693227546038,9,4,5
19227,1693227546038,1692255281808,1692255281813,1693227546049,11,5,6
19228,1693227546049,1692255281818,1692255281822,1693227546058,9,4,5
19229,1693227546058,1692255281828,1692255281831,1693227546066,8,3,5
19230,1693227546066,1692255281836,1692255281839,1693227546074,8,3,5
19231,1693227546074,1692255281844,1692255281847,1693227546082,8,3,5
19232,1693227546082,1692255281853,1692255281857,1693227546092,10,4,6
19233,1693227546092,1692255281862,1692255281866,1693227546101,9,4,5
19234,1693227546101,1692255281872,1692255281876,1693227546113,12,4,8
19235,1693227546113,1692255281882,1692255281886,1693227546121,8,4,4
19236,1693227546121,1692255281891,1692255281894,1693227546129,8,3,5
19237,1693227546130,1692255281899,1692255281903,1693227546139,9,4,5
19238,1693227546139,1692255281909,1692255281912,1693227546147,8,3,5
19239,1693227546147,1692255281917,1692255281920,1693227546156,9,3,6
19240,1693227546156,1692255281925,1692255281929,1693227546164,8,4,4
19241,1693227546164,1692255281934,1692255281938,1693227546173,9,4,5
19242,1693227546173,1692255281943,1692255281947,1693227546182,9,4,5
19243,1693227546182,1692255281952,1692255281956,1693227546191,9,4,5
19244,1693227546191,1692255281961,1692255281964,1693227546199,8,3,5
19245,1693227546199,1692255281969,1692255281974,1693227546209,10,5,5
19246,1693227546209,1692255281980,1692255281984,1693227546220,11,4,7
19247,1693227546220,1692255281990,1692255281994,1693227546229,9,4,5
19248,1693227546229,1692255281999,1692255282003,1693227546240,11,4,7
19249,1693227546240,1692255282012,1692255282016,1693227546251,11,4,7
19250,1693227546251,1692255282021,1692255282026,1693227546261,10,5,5
19251,1693227546261,1692255282031,1692255282035,1693227546270,9,4,5
19252,1693227546270,1692255282041,1692255282045,1693227546280,10,4,6
19253,1693227546280,1692255282050,1692255282054,1693227546290,10,4,6
19254,1693227546290,1692255282060,1692255282064,1693227546300,10,4,6
19255,1693227546300,1692255282070,1692255282075,1693227546310,10,5,5
19256,1693227546310,1692255282080,1692255282085,1693227546320,10,5,5
19257,1693227546320,1692255282090,1692255282094,1693227546330,10,4,6
19258,1693227546330,1692255282100,1692255282109,1693227546345,15,9,6
19259,1693227546345,1692255282114,1692255282118,1693227546353,8,4,4
19260,1693227546353,1692255282123,1692255282128,1693227546363,10,5,5
19261,1693227546363,1692255282134,1692255282138,1693227546373,10,4,6
19262,1693227546373,1692255282143,1692255282147,1693227546382,9,4,5
19263,1693227546382,1692255282152,1692255282156,1693227546391,9,4,5
19264,1693227546391,1692255282161,1692255282165,1693227546400,9,4,5
19265,1693227546400,1692255282170,1692255282174,1693227546409,9,4,5
19266,1693227546410,1692255282180,1692255282184,1693227546420,10,4,6
19267,1693227546420,1692255282194,1692255282198,1693227546433,13,4,9
19268,1693227546433,1692255282202,1692255282206,1693227546442,9,4,5
19269,1693227546442,1692255282213,1692255282216,1693227546452,10,3,7
19270,1693227546452,1692255282223,1692255282226,1693227546462,10,3,7
19271,1693227546462,1692255282232,1692255282236,1693227546471,9,4,5
19272,1693227546471,1692255282243,1692255282247,1693227546482,11,4,7
19273,1693227546482,1692255282252,1692255282256,1693227546491,9,4,5
19274,1693227546491,1692255282262,1692255282266,1693227546501,10,4,6
19275,1693227546501,1692255282271,1692255282275,1693227546511,10,4,6
19276,1693227546511,1692255282282,1692255282286,1693227546524,13,4,9
19277,1693227546524,1692255282294,1692255282298,1693227546534,10,4,6
19278,1693227546534,1692255282304,1692255282308,1693227546543,9,4,5
19279,1693227546543,1692255282313,1692255282317,1693227546553,10,4,6
19280,1693227546553,1692255282323,1692255282327,1693227546562,9,4,5
19281,1693227546562,1692255282332,1692255282336,1693227546572,10,4,6
19282,1693227546572,1692255282342,1692255282349,1693227546585,13,7,6
19283,1693227546585,1692255282356,1692255282359,1693227546595,10,3,7
19284,1693227546595,1692255282370,1692255282375,1693227546611,16,5,11
19285,1693227546611,1692255282381,1692255282386,1693227546621,10,5,5
19286,1693227546621,1692255282393,1692255282396,1693227546632,11,3,8
19287,1693227546632,1692255282402,1692255282406,1693227546641,9,4,5
19288,1693227546641,1692255282411,1692255282416,1693227546651,10,5,5
19289,1693227546651,1692255282422,1692255282427,1693227546662,11,5,6
19290,1693227546662,1692255282433,1692255282437,1693227546673,11,4,7
19291,1693227546673,1692255282444,1692255282450,1693227546685,12,6,6
19292,1693227546685,1692255282456,1692255282462,1693227546697,12,6,6
19293,1693227546697,1692255282468,1692255282473,1693227546709,12,5,7
19294,1693227546709,1692255282480,1692255282486,1693227546721,12,6,6
19295,1693227546721,1692255282491,1692255282495,1693227546730,9,4,5
19296,1693227546730,1692255282501,1692255282505,1693227546740,10,4,6
19297,1693227546740,1692255282513,1692255282517,1693227546753,13,4,9
19298,1693227546753,1692255282524,1692255282527,1693227546762,9,3,6
19299,1693227546763,1692255282532,1692255282537,1693227546772,9,5,4
19300,1693227546772,1692255282542,1692255282546,1693227546781,9,4,5
19301,1693227546781,1692255282551,1692255282555,1693227546791,10,4,6
19302,1693227546791,1692255282561,1692255282568,1693227546803,12,7,5
19303,1693227546804,1692255282578,1692255282583,1693227546818,14,5,9
19304,1693227546818,1692255282588,1692255282592,1693227546830,12,4,8
19305,1693227546830,1692255282600,1692255282605,1693227546840,10,5,5
19306,1693227546840,1692255282610,1692255282614,1693227546849,9,4,5
19307,1693227546849,1692255282618,1692255282621,1693227546857,8,3,5
19308,1693227546857,1692255282627,1692255282630,1693227546865,8,3,5
19309,1693227546865,1692255282634,1692255282638,1693227546877,12,4,8
19310,1693227549901,1692255285671,1692255285674,1693227549910,9,3,6
19311,1693227549910,1692255285679,1692255285683,1693227549918,8,4,4
19312,1693227549918,1692255285687,1692255285691,1693227549926,8,4,4
19313,1693227549926,1692255285695,1692255285698,1693227549934,8,3,5
19314,1693227549934,1692255285703,1692255285707,1693227549942,8,4,4
19315,1693227549942,1692255285711,1692255285715,1693227549950,8,4,4
19316,1693227549950,1692255285719,1692255285722,1693227549957,7,3,4
19317,1693227549957,1692255285726,1692255285729,1693227549964,7,3,4
19318,1693227549964,1692255285735,1692255285738,1693227549973,9,3,6
19319,1693227549973,1692255285744,1692255285748,1693227549983,10,4,6
19320,1693227549983,1692255285753,1692255285757,1693227549993,10,4,6
19321,1693227549993,1692255285762,1692255285765,1693227550000,7,3,4
19322,1693227550000,1692255285771,1692255285775,1693227550010,10,4,6
19323,1693227550010,1692255285780,1692255285784,1693227550019,9,4,5
19324,1693227550019,1692255285788,1692255285791,1693227550026,7,3,4
19325,1693227550026,1692255285796,1692255285800,1693227550036,10,4,6
19326,1693227550036,1692255285805,1692255285808,1693227550043,7,3,4
19327,1693227550043,1692255285812,1692255285815,1693227550050,7,3,4
19328,1693227550050,1692255285819,1692255285823,1693227550058,8,4,4
19329,1693227550058,1692255285828,1692255285833,1693227550068,10,5,5
19330,1693227550068,1692255285838,1692255285841,1693227550076,8,3,5
19331,1693227550076,1692255285846,1692255285849,1693227550084,8,3,5
19332,1693227550084,1692255285853,1692255285857,1693227550092,8,4,4
19333,1693227550092,1692255285862,1692255285865,1693227550100,8,3,5
19334,1693227550100,1692255285870,1692255285873,1693227550108,8,3,5
19335,1693227550108,1692255285878,1692255285881,1693227550116,8,3,5
19336,1693227550116,1692255285886,1692255285888,1693227550124,8,2,6
19337,1693227550124,1692255285893,1692255285896,1693227550131,7,3,4
19338,1693227550131,1692255285901,1692255285904,1693227550139,8,3,5
19339,1693227550139,1692255285908,1692255285911,1693227550146,7,3,4
19340,1693227550146,1692255285915,1692255285919,1693227550153,7,4,3
19341,1693227550154,1692255285922,1692255285926,1693227550161,7,4,3
19342,1693227550161,1692255285931,1692255285934,1693227550169,8,3,5
19343,1693227550169,1692255285938,1692255285941,1693227550176,7,3,4
19344,1693227550176,1692255285946,1692255285949,1693227550184,8,3,5
19345,1693227550184,1692255285953,1692255285956,1693227550191,7,3,4
19346,1693227550191,1692255285960,1692255285963,1693227550198,7,3,4
19347,1693227550198,1692255285967,1692255285970,1693227550205,7,3,4
19348,1693227550205,1692255285976,1692255285980,1693227550215,10,4,6
19349,1693227550215,1692255285984,1692255285987,1693227550222,7,3,4
19350,1693227550222,1692255285991,1692255285995,1693227550230,8,4,4
19351,1693227550230,1692255286000,1692255286004,1693227550239,9,4,5
19352,1693227550239,1692255286008,1692255286012,1693227550247,8,4,4
19353,1693227550247,1692255286016,1692255286019,1693227550254,7,3,4
19354,1693227550254,1692255286023,1692255286026,1693227550261,7,3,4
19355,1693227550261,1692255286031,1692255286034,1693227550268,7,3,4
19356,1693227550269,1692255286037,1692255286040,1693227550275,6,3,3
19357,1693227550275,1692255286045,1692255286048,1693227550283,8,3,5
19358,1693227550283,1692255286053,1692255286056,1693227550291,8,3,5
19359,1693227550291,1692255286061,1692255286065,1693227550300,9,4,5
19360,1693227550300,1692255286069,1692255286072,1693227550307,7,3,4
19361,1693227550307,1692255286078,1692255286081,1693227550317,10,3,7
19362,1693227550317,1692255286086,1692255286090,1693227550325,8,4,4
19363,1693227550325,1692255286094,1692255286097,1693227550332,7,3,4
19364,1693227550332,1692255286104,1692255286108,1693227550344,12,4,8
19365,1693227550344,1692255286113,1692255286117,1693227550352,8,4,4
19366,1693227550352,1692255286121,1692255286126,1693227550361,9,5,4
19367,1693227550361,1692255286130,1692255286133,1693227550368,7,3,4
19368,1693227550368,1692255286137,1692255286140,1693227550375,7,3,4
19369,1693227550375,1692255286145,1692255286148,1693227550383,8,3,5
19370,1693227550383,1692255286154,1692255286157,1693227550393,10,3,7
19371,1693227550393,1692255286164,1692255286167,1693227550402,9,3,6
19372,1693227550402,1692255286171,1692255286174,1693227550409,7,3,4
19373,1693227550409,1692255286180,1692255286183,1693227550418,9,3,6
19374,1693227550419,1692255286188,1692255286192,1693227550426,7,4,3
19375,1693227550426,1692255286195,1692255286199,1693227550434,8,4,4
19376,1693227550434,1692255286209,1692255286212,1693227550447,13,3,10
19377,1693227550447,1692255286216,1692255286219,1693227550454,7,3,4
19378,1693227550454,1692255286230,1692255286233,1693227550468,14,3,11
19379,1693227550468,1692255286237,1692255286240,1693227550475,7,3,4
19380,1693227550475,1692255286244,1692255286247,1693227550482,7,3,4
19381,1693227550482,1692255286252,1692255286255,1693227550490,8,3,5
19382,1693227550490,1692255286260,1692255286263,1693227550499,9,3,6
19383,1693227550499,1692255286268,1692255286272,1693227550507,8,4,4
19384,1693227550507,1692255286276,1692255286279,1693227550516,9,3,6
19385,1693227550516,1692255286285,1692255286289,1693227550524,8,4,4
19386,1693227550524,1692255286294,1692255286298,1693227550533,9,4,5
19387,1693227550533,1692255286301,1692255286304,1693227550539,6,3,3
19388,1693227550539,1692255286309,1692255286312,1693227550547,8,3,5
19389,1693227550547,1692255286316,1692255286319,1693227550554,7,3,4
19390,1693227550554,1692255286323,1692255286327,1693227550561,7,4,3
19391,1693227550562,1692255286330,1692255286333,1693227550568,6,3,3
19392,1693227550568,1692255286337,1692255286340,1693227550575,7,3,4
19393,1693227550575,1692255286345,1692255286348,1693227550583,8,3,5
19394,1693227550583,1692255286353,1692255286356,1693227550591,8,3,5
19395,1693227550591,1692255286362,1692255286365,1693227550600,9,3,6
19396,1693227550600,1692255286370,1692255286373,1693227550608,8,3,5
19397,1693227550608,1692255286378,1692255286381,1693227550619,11,3,8
19398,1693227550619,1692255286388,1692255286392,1693227550627,8,4,4
19399,1693227550627,1692255286397,1692255286400,1693227550634,7,3,4
19400,1693227550634,1692255286403,1692255286407,1693227550642,8,4,4
19401,1693227550642,1692255286411,1692255286415,1693227550650,8,4,4
19402,1693227550650,1692255286419,1692255286423,1693227550658,8,4,4
19403,1693227550659,1692255286428,1692255286433,1693227550668,9,5,4
19404,1693227550668,1692255286438,1692255286441,1693227550676,8,3,5
19405,1693227550676,1692255286444,1692255286448,1693227550683,7,4,3
19406,1693227550683,1692255286452,1692255286455,1693227550690,7,3,4
19407,1693227550690,1692255286460,1692255286462,1693227550698,8,2,6
19408,1693227550698,1692255286468,1692255286471,1693227550706,8,3,5
19409,1693227550706,1692255286476,1692255286479,1693227550714,8,3,5
19410,1693227550714,1692255286483,1692255286486,1693227550722,8,3,5
19411,1693227550722,1692255286491,1692255286494,1693227550729,7,3,4
19412,1693227550729,1692255286498,1692255286502,1693227550737,8,4,4
19413,1693227550737,1692255286506,1692255286510,1693227550745,8,4,4
19414,1693227550745,1692255286521,1692255286524,1693227550759,14,3,11
19415,1693227550759,1692255286529,1692255286532,1693227550767,8,3,5
19416,1693227550767,1692255286537,1692255286541,1693227550776,9,4,5
19417,1693227550776,1692255286545,1692255286549,1693227550783,7,4,3
19418,1693227550783,1692255286552,1692255286556,1693227550791,8,4,4
19419,1693227550791,1692255286560,1692255286563,1693227550798,7,3,4
19420,1693227550798,1692255286567,1692255286569,1693227550805,7,2,5
19421,1693227550805,1692255286574,1692255286577,1693227550811,6,3,3
19422,1693227550812,1692255286581,1692255286584,1693227550820,8,3,5
19423,1693227550820,1692255286590,1692255286594,1693227550829,9,4,5
19424,1693227550829,1692255286599,1692255286601,1693227550837,8,2,6
19425,1693227550837,1692255286606,1692255286609,1693227550844,7,3,4
19426,1693227550844,1692255286613,1692255286616,1693227550851,7,3,4
19427,1693227550851,1692255286620,1692255286623,1693227550858,7,3,4
19428,1693227550858,1692255286628,1692255286631,1693227550866,8,3,5
19429,1693227550866,1692255286635,1692255286638,1693227550873,7,3,4
19430,1693227550873,1692255286643,1692255286646,1693227550881,8,3,5
19431,1693227550881,1692255286650,1692255286654,1693227550889,8,4,4
19432,1693227550889,1692255286658,1692255286661,1693227550896,7,3,4
19433,1693227550896,1692255286669,1692255286672,1693227550908,12,3,9
19434,1693227550908,1692255286678,1692255286681,1693227550917,9,3,6
19435,1693227550917,1692255286686,1692255286689,1693227550925,8,3,5
19436,1693227550925,1692255286697,1692255286700,1693227550935,10,3,7
19437,1693227550935,1692255286704,1692255286708,1693227550943,8,4,4
19438,1693227550943,1692255286712,1692255286716,1693227550951,8,4,4
19439,1693227550951,1692255286720,1692255286724,1693227550959,8,4,4
19440,1693227550959,1692255286728,1692255286732,1693227550968,9,4,5
19441,1693227550968,1692255286737,1692255286740,1693227550975,7,3,4
19442,1693227550975,1692255286745,1692255286748,1693227550983,8,3,5
19443,1693227550983,1692255286752,1692255286755,1693227550990,7,3,4
19444,1693227550990,1692255286760,1692255286764,1693227550999,9,4,5
19445,1693227550999,1692255286770,1692255286773,1693227551008,9,3,6
19446,1693227551008,1692255286778,1692255286780,1693227551015,7,2,5
19447,1693227551016,1692255286784,1692255286788,1693227551023,7,4,3
19448,1693227551023,1692255286792,1692255286796,1693227551031,8,4,4
19449,1693227551031,1692255286800,1692255286804,1693227551039,8,4,4
19450,1693227551039,1692255286808,1692255286812,1693227551047,8,4,4
19451,1693227551047,1692255286816,1692255286819,1693227551055,8,3,5
19452,1693227551055,1692255286824,1692255286827,1693227551062,7,3,4
19453,1693227551062,1692255286831,1692255286834,1693227551069,7,3,4
19454,1693227551069,1692255286838,1692255286842,1693227551077,8,4,4
19455,1693227551077,1692255286846,1692255286849,1693227551150,73,3,70
19456,1693227551150,1692255286919,1692255286923,1693227551158,8,4,4
19457,1693227551158,1692255286927,1692255286930,1693227551165,7,3,4
19458,1693227551165,1692255286935,1692255286938,1693227551173,8,3,5
19459,1693227551173,1692255286943,1692255286946,1693227551181,8,3,5
19460,1693227551181,1692255286950,1692255286953,1693227551188,7,3,4
19461,1693227551188,1692255286957,1692255286960,1693227551195,7,3,4
19462,1693227551195,1692255286965,1692255286968,1693227551203,8,3,5
19463,1693227551203,1692255286973,1692255286975,1693227551210,7,2,5
19464,1693227551210,1692255286980,1692255286983,1693227551218,8,3,5
19465,1693227551218,1692255286987,1692255286990,1693227551225,7,3,4
19466,1693227551225,1692255286995,1692255286998,1693227551240,15,3,12
19467,1693227551240,1692255287009,1692255287014,1693227551249,9,5,4
19468,1693227551249,1692255287018,1692255287020,1693227551255,6,2,4
19469,1693227551255,1692255287025,1692255287028,1693227551263,8,3,5
19470,1693227551263,1692255287033,1692255287035,1693227551271,8,2,6
19471,1693227551271,1692255287040,1692255287044,1693227551278,7,4,3
19472,1693227551278,1692255287048,1692255287051,1693227551286,8,3,5
19473,1693227551286,1692255287055,1692255287059,1693227551294,8,4,4
19474,1693227551294,1692255287063,1692255287067,1693227551302,8,4,4
19475,1693227551302,1692255287071,1692255287073,1693227551308,6,2,4
19476,1693227551308,1692255287079,1692255287082,1693227551317,9,3,6
19477,1693227551317,1692255287087,1692255287091,1693227551326,9,4,5
19478,1693227551326,1692255287096,1692255287098,1693227551335,9,2,7
19479,1693227551335,1692255287104,1692255287108,1693227551343,8,4,4
19480,1693227551343,1692255287113,1692255287116,1693227551351,8,3,5
19481,1693227551351,1692255287120,1692255287123,1693227551358,7,3,4
19482,1693227551358,1692255287128,1692255287131,1693227551366,8,3,5
19483,1693227551366,1692255287135,1692255287138,1693227551373,7,3,4
19484,1693227551373,1692255287143,1692255287147,1693227551382,9,4,5
19485,1693227551382,1692255287151,1692255287154,1693227551390,8,3,5
19486,1693227551390,1692255287159,1692255287162,1693227551397,7,3,4
19487,1693227551397,1692255287167,1692255287170,1693227551405,8,3,5
19488,1693227551405,1692255287174,1692255287177,1693227551412,7,3,4
19489,1693227551412,1692255287181,1692255287184,1693227551419,7,3,4
19490,1693227551419,1692255287188,1692255287192,1693227551427,8,4,4
19491,1693227551427,1692255287196,1692255287200,1693227551437,10,4,6
19492,1693227551437,1692255287207,1692255287210,1693227551445,8,3,5
19493,1693227551445,1692255287214,1692255287217,1693227551452,7,3,4
19494,1693227551452,1692255287222,1692255287225,1693227551460,8,3,5
19495,1693227551460,1692255287230,1692255287234,1693227551469,9,4,5
19496,1693227551469,1692255287238,1692255287241,1693227551476,7,3,4
19497,1693227551476,1692255287245,1692255287249,1693227551484,8,4,4
19498,1693227551484,1692255287253,1692255287256,1693227551491,7,3,4
19499,1693227551491,1692255287260,1692255287264,1693227551499,8,4,4
19500,1693227551499,1692255287269,1692255287271,1693227551506,7,2,5
19501,1693227551506,1692255287276,1692255287280,1693227551515,9,4,5
19502,1693227551515,1692255287285,1692255287288,1693227551523,8,3,5
19503,1693227551523,1692255287292,1692255287296,1693227551531,8,4,4
19504,1693227551531,1692255287301,1692255287304,1693227551540,9,3,6
19505,1693227551540,1692255287309,1692255287313,1693227551548,8,4,4
19506,1693227551548,1692255287317,1692255287320,1693227551555,7,3,4
19507,1693227551555,1692255287324,1692255287327,1693227551562,7,3,4
19508,1693227551562,1692255287331,1692255287334,1693227551569,7,3,4
19509,1693227551569,1692255287338,1692255287342,1693227551577,8,4,4
19510,1693227551577,1692255287346,1692255287350,1693227551585,8,4,4
19511,1693227551585,1692255287354,1692255287358,1693227551593,8,4,4
19512,1693227551593,1692255287362,1692255287366,1693227551601,8,4,4
19513,1693227551601,1692255287371,1692255287374,1693227551609,8,3,5
19514,1693227551609,1692255287378,1692255287382,1693227551617,8,4,4
19515,1693227551617,1692255287386,1692255287389,1693227551624,7,3,4
19516,1693227551624,1692255287394,1692255287397,1693227551632,8,3,5
19517,1693227551632,1692255287402,1692255287404,1693227551643,11,2,9
19518,1693227551643,1692255287413,1692255287416,1693227551652,9,3,6
19519,1693227551652,1692255287421,1692255287424,1693227551660,8,3,5
19520,1693227551660,1692255287429,1692255287432,1693227551667,7,3,4
19521,1693227551667,1692255287436,1692255287439,1693227551674,7,3,4
19522,1693227551674,1692255287444,1692255287447,1693227551682,8,3,5
19523,1693227551682,1692255287451,1692255287454,1693227551689,7,3,4
19524,1693227551689,1692255287458,1692255287462,1693227551697,8,4,4
19525,1693227551697,1692255287466,1692255287470,1693227551705,8,4,4
19526,1693227551705,1692255287474,1692255287478,1693227551713,8,4,4
19527,1693227551713,1692255287491,1692255287495,1693227551729,16,4,12
19528,1693227551729,1692255287499,1692255287503,1693227551738,9,4,5
19529,1693227551738,1692255287513,1692255287516,1693227551751,13,3,10
19530,1693227551751,1692255287520,1692255287523,1693227551758,7,3,4
19531,1693227551758,1692255287528,1692255287532,1693227551767,9,4,5
19532,1693227551767,1692255287537,1692255287540,1693227551775,8,3,5
19533,1693227551775,1692255287545,1692255287548,1693227551783,8,3,5
19534,1693227551783,1692255287552,1692255287555,1693227551790,7,3,4
19535,1693227551790,1692255287559,1692255287562,1693227551797,7,3,4
19536,1693227551797,1692255287567,1692255287570,1693227551805,8,3,5
19537,1693227551805,1692255287575,1692255287578,1693227551813,8,3,5
19538,1693227551813,1692255287582,1692255287584,1693227551819,6,2,4
19539,1693227551819,1692255287590,1692255287594,1693227551829,10,4,6
19540,1693227551829,1692255287598,1692255287601,1693227551836,7,3,4
19541,1693227551836,1692255287605,1692255287609,1693227551846,10,4,6
19542,1693227551846,1692255287616,1692255287619,1693227551854,8,3,5
19543,1693227551854,1692255287624,1692255287627,1693227551862,8,3,5
19544,1693227551862,1692255287631,1692255287634,1693227551869,7,3,4
19545,1693227551869,1692255287638,1692255287641,1693227551876,7,3,4
19546,1693227551876,1692255287646,1692255287650,1693227551885,9,4,5
19547,1693227551885,1692255287655,1692255287658,1693227551893,8,3,5
19548,1693227551893,1692255287662,1692255287666,1693227551901,8,4,4
19549,1693227551901,1692255287674,1692255287678,1693227551913,12,4,8
19550,1693227551913,1692255287682,1692255287686,1693227551921,8,4,4
19551,1693227551921,1692255287690,1692255287694,1693227551929,8,4,4
19552,1693227551929,1692255287698,1692255287702,1693227551937,8,4,4
19553,1693227551937,1692255287706,1692255287709,1693227551944,7,3,4
19554,1693227551944,1692255287713,1692255287716,1693227551952,8,3,5
19555,1693227551952,1692255287721,1692255287724,1693227551959,7,3,4
19556,1693227551959,1692255287729,1692255287733,1693227551968,9,4,5
19557,1693227551968,1692255287737,1692255287740,1693227551975,7,3,4
19558,1693227551975,1692255287746,1692255287749,1693227551984,9,3,6
19559,1693227551984,1692255287754,1692255287757,1693227551992,8,3,5
19560,1693227551992,1692255287768,1692255287771,1693227552006,14,3,11
19561,1693227552006,1692255287775,1692255287779,1693227552014,8,4,4
19562,1693227552014,1692255287783,1692255287786,1693227552021,7,3,4
19563,1693227552021,1692255287791,1692255287795,1693227552030,9,4,5
19564,1693227552030,1692255287800,1692255287803,1693227552038,8,3,5
19565,1693227552038,1692255287808,1692255287810,1693227552045,7,2,5
19566,1693227552045,1692255287814,1692255287817,1693227552052,7,3,4
19567,1693227552052,1692255287821,1692255287825,1693227552060,8,4,4
19568,1693227552060,1692255287830,1692255287833,1693227552068,8,3,5
19569,1693227552068,1692255287838,1692255287841,1693227552077,9,3,6
19570,1693227552077,1692255287846,1692255287850,1693227552085,8,4,4
19571,1693227552085,1692255287854,1692255287857,1693227552092,7,3,4
19572,1693227552092,1692255287861,1692255287864,1693227552099,7,3,4
19573,1693227552099,1692255287869,1692255287873,1693227552108,9,4,5
19574,1693227552108,1692255287877,1692255287881,1693227552116,8,4,4
19575,1693227552116,1692255287885,1692255287888,1693227552123,7,3,4
19576,1693227552123,1692255287893,1692255287896,1693227552131,8,3,5
19577,1693227552131,1692255287900,1692255287904,1693227552139,8,4,4
19578,1693227552139,1692255287910,1692255287913,1693227552149,10,3,7
19579,1693227552149,1692255287918,1692255287922,1693227552157,8,4,4
19580,1693227552157,1692255287927,1692255287930,1693227552165,8,3,5
19581,1693227552165,1692255287935,1692255287938,1693227552174,9,3,6
19582,1693227552174,1692255287944,1692255287947,1693227552183,9,3,6
19583,1693227552183,1692255287952,1692255287955,1693227552191,8,3,5
19584,1693227552191,1692255287961,1692255287964,1693227552199,8,3,5
19585,1693227552199,1692255287970,1692255287973,1693227552208,9,3,6
19586,1693227552208,1692255287978,1692255287981,1693227552216,8,3,5
19587,1693227552216,1692255287985,1692255287988,1693227552223,7,3,4
19588,1693227552223,1692255287992,1692255287997,1693227552232,9,5,4
19589,1693227552232,1692255288001,1692255288005,1693227552241,9,4,5
19590,1693227552241,1692255288011,1692255288014,1693227552250,9,3,6
19591,1693227552250,1692255288019,1692255288023,1693227552258,8,4,4
19592,1693227552258,1692255288028,1692255288031,1693227552267,9,3,6
19593,1693227552267,1692255288036,1692255288040,1693227552275,8,4,4
19594,1693227552275,1692255288045,1692255288048,1693227552283,8,3,5
19595,1693227552283,1692255288052,1692255288055,1693227552290,7,3,4
19596,1693227552290,1692255288060,1692255288064,1693227552299,9,4,5
19597,1693227552299,1692255288068,1692255288071,1693227552306,7,3,4
19598,1693227552306,1692255288076,1692255288079,1693227552314,8,3,5
19599,1693227552314,1692255288083,1692255288086,1693227552321,7,3,4
19600,1693227552321,1692255288091,1692255288094,1693227552329,8,3,5
19601,1693227552329,1692255288099,1692255288101,1693227552336,7,2,5
19602,1693227552336,1692255288107,1692255288110,1693227552345,9,3,6
19603,1693227552345,1692255288114,1692255288117,1693227552352,7,3,4
19604,1693227552352,1692255288121,1692255288124,1693227552360,8,3,5
19605,1693227552360,1692255288133,1692255288137,1693227552372,12,4,8
19606,1693227552372,1692255288141,1692255288144,1693227552379,7,3,4
19607,1693227552379,1692255288149,1692255288152,1693227552387,8,3,5
19608,1693227552387,1692255288156,1692255288159,1693227552394,7,3,4
19609,1693227552394,1692255288163,1692255288166,1693227552401,7,3,4
19610,1693227552401,1692255288170,1692255288173,1693227552408,7,3,4
19611,1693227552408,1692255288178,1692255288181,1693227552416,8,3,5
19612,1693227552416,1692255288186,1692255288189,1693227552424,8,3,5
19613,1693227552424,1692255288193,1692255288196,1693227552431,7,3,4
19614,1693227552431,1692255288200,1692255288203,1693227552438,7,3,4
19615,1693227552438,1692255288208,1692255288212,1693227552446,8,4,4
19616,1693227552446,1692255288220,1692255288223,1693227552458,12,3,9
19617,1693227552458,1692255288229,1692255288232,1693227552472,14,3,11
19618,1693227552472,1692255288242,1692255288246,1693227552480,8,4,4
19619,1693227552480,1692255288249,1692255288253,1693227552488,8,4,4
19620,1693227552488,1692255288257,1692255288260,1693227552495,7,3,4
19621,1693227552495,1692255288265,1692255288268,1693227552503,8,3,5
19622,1693227552503,1692255288271,1692255288275,1693227552510,7,4,3
19623,1693227552510,1692255288279,1692255288282,1693227552517,7,3,4
19624,1693227552517,1692255288287,1692255288290,1693227552525,8,3,5
19625,1693227552525,1692255288295,1692255288300,1693227552536,11,5,6
19626,1693227552536,1692255288305,1692255288308,1693227552543,7,3,4
19627,1693227552543,1692255288312,1692255288316,1693227552552,9,4,5
19628,1693227552552,1692255288321,1692255288325,1693227552560,8,4,4
19629,1693227552560,1692255288331,1692255288334,1693227552570,10,3,7
19630,1693227552570,1692255288339,1692255288343,1693227552578,8,4,4
19631,1693227552578,1692255288347,1692255288350,1693227552585,7,3,4
19632,1693227552585,1692255288354,1692255288357,1693227552592,7,3,4
19633,1693227552592,1692255288361,1692255288365,1693227552600,8,4,4
19634,1693227552600,1692255288370,1692255288373,1693227552608,8,3,5
19635,1693227552608,1692255288377,1692255288381,1693227552616,8,4,4
19636,1693227552616,1692255288386,1692255288390,1693227552630,14,4,10
19637,1693227552630,1692255288412,1692255288415,1693227552651,21,3,18
19638,1693227552651,1692255288424,1692255288427,1693227552662,11,3,8
19639,1693227552662,1692255288435,1692255288438,1693227552673,11,3,8
19640,1693227552673,1692255288442,1692255288445,1693227552680,7,3,4
19641,1693227552680,1692255288450,1692255288453,1693227552688,8,3,5
19642,1693227552688,1692255288458,1692255288461,1693227552696,8,3,5
19643,1693227552696,1692255288466,1692255288471,1693227552706,10,5,5
19644,1693227552706,1692255288475,1692255288478,1693227552713,7,3,4
19645,1693227552713,1692255288482,1692255288485,1693227552720,7,3,4
19646,1693227552720,1692255288489,1692255288493,1693227552728,8,4,4
19647,1693227552728,1692255288497,1692255288501,1693227552736,8,4,4
19648,1693227552736,1692255288505,1692255288508,1693227552744,8,3,5
19649,1693227552744,1692255288513,1692255288516,1693227552750,6,3,3
19650,1693227552750,1692255288519,1692255288522,1693227552757,7,3,4
19651,1693227552757,1692255288526,1692255288530,1693227552765,8,4,4
19652,1693227552765,1692255288536,1692255288539,1693227552775,10,3,7
19653,1693227552775,1692255288544,1692255288547,1693227552782,7,3,4
19654,1693227552782,1692255288551,1692255288554,1693227552789,7,3,4
19655,1693227552789,1692255288559,1692255288562,1693227552797,8,3,5
19656,1693227552797,1692255288566,1692255288569,1693227552804,7,3,4
19657,1693227552804,1692255288573,1692255288576,1693227552811,7,3,4
19658,1693227552811,1692255288580,1692255288583,1693227552818,7,3,4
19659,1693227552818,1692255288588,1692255288592,1693227552827,9,4,5
19660,1693227552827,1692255288597,1692255288599,1693227552834,7,2,5
19661,1693227552834,1692255288606,1692255288610,1693227552845,11,4,7
19662,1693227552845,1692255288614,1692255288617,1693227552852,7,3,4
19663,1693227552852,1692255288621,1692255288624,1693227552860,8,3,5
19664,1693227552860,1692255288629,1692255288632,1693227552867,7,3,4
19665,1693227552867,1692255288638,1692255288641,1693227552876,9,3,6
19666,1693227552876,1692255288645,1692255288649,1693227552884,8,4,4
19667,1693227552884,1692255288653,1692255288657,1693227552892,8,4,4
19668,1693227552892,1692255288661,1692255288665,1693227552900,8,4,4
19669,1693227552900,1692255288669,1692255288672,1693227552907,7,3,4
19670,1693227552907,1692255288681,1692255288684,1693227552919,12,3,9
19671,1693227552919,1692255288688,1692255288691,1693227552926,7,3,4
19672,1693227552926,1692255288695,1692255288698,1693227552933,7,3,4
19673,1693227552933,1692255288703,1692255288706,1693227552941,8,3,5
19674,1693227552941,1692255288711,1692255288714,1693227552949,8,3,5
19675,1693227552949,1692255288718,1692255288721,1693227552956,7,3,4
19676,1693227552956,1692255288726,1692255288729,1693227552964,8,3,5
19677,1693227552964,1692255288733,1692255288736,1693227552973,9,3,6
19678,1693227552973,1692255288743,1692255288747,1693227552981,8,4,4
19679,1693227552981,1692255288750,1692255288754,1693227552989,8,4,4
19680,1693227552989,1692255288758,1692255288761,1693227552996,7,3,4
19681,1693227552996,1692255288766,1692255288770,1693227553005,9,4,5
19682,1693227553005,1692255288775,1692255288778,1693227553012,7,3,4
19683,1693227553012,1692255288781,1692255288784,1693227553019,7,3,4
19684,1693227553019,1692255288789,1692255288792,1693227553026,7,3,4
19685,1693227553026,1692255288795,1692255288799,1693227553034,8,4,4
19686,1693227553034,1692255288803,1692255288806,1693227553041,7,3,4
19687,1693227553041,1692255288811,1692255288815,1693227553050,9,4,5
19688,1693227553050,1692255288822,1692255288826,1693227553061,11,4,7
19689,1693227553061,1692255288830,1692255288833,1693227553069,8,3,5
19690,1693227553069,1692255288838,1692255288841,1693227553077,8,3,5
19691,1693227553077,1692255288846,1692255288849,1693227553084,7,3,4
19692,1693227553084,1692255288853,1692255288856,1693227553091,7,3,4
19693,1693227553091,1692255288863,1692255288867,1693227553102,11,4,7
19694,1693227553102,1692255288872,1692255288875,1693227553110,8,3,5
19695,1693227553110,1692255288880,1692255288883,1693227553118,8,3,5
19696,1693227553118,1692255288887,1692255288890,1693227553125,7,3,4
19697,1693227553125,1692255288894,1692255288899,1693227553134,9,5,4
19698,1693227553134,1692255288903,1692255288906,1693227553141,7,3,4
19699,1693227553141,1692255288911,1692255288914,1693227553149,8,3,5
19700,1693227553150,1692255288919,1692255288921,1693227553156,6,2,4
19701,1693227553156,1692255288925,1692255288928,1693227553163,7,3,4
19702,1693227553163,1692255288932,1692255288935,1693227553170,7,3,4
19703,1693227553170,1692255288939,1692255288942,1693227553178,8,3,5
19704,1693227553178,1692255288947,1692255288951,1693227553186,8,4,4
19705,1693227553186,1692255288955,1692255288958,1693227553193,7,3,4
19706,1693227553193,1692255288963,1692255288966,1693227553201,8,3,5
19707,1693227553201,1692255288970,1692255288973,1693227553208,7,3,4
19708,1693227553208,1692255288977,1692255288981,1693227553216,8,4,4
19709,1693227553216,1692255288986,1692255288989,1693227553224,8,3,5
19710,1693227553224,1692255288994,1692255288997,1693227553232,8,3,5
19711,1693227553232,1692255289002,1692255289004,1693227553239,7,2,5
19712,1693227553239,1692255289009,1692255289012,1693227553247,8,3,5
19713,1693227553247,1692255289017,1692255289020,1693227553255,8,3,5
19714,1693227553255,1692255289025,1692255289028,1693227553263,8,3,5
19715,1693227553263,1692255289033,1692255289037,1693227553272,9,4,5
19716,1693227553272,1692255289041,1692255289045,1693227553281,9,4,5
19717,1693227553281,1692255289050,1692255289053,1693227553288,7,3,4
19718,1693227553288,1692255289057,1692255289060,1693227553295,7,3,4
19719,1693227553295,1692255289064,1692255289068,1693227553303,8,4,4
19720,1693227553303,1692255289072,1692255289075,1693227553310,7,3,4
19721,1693227553310,1692255289079,1692255289083,1693227553318,8,4,4
19722,1693227553318,1692255289087,1692255289091,1693227553326,8,4,4
19723,1693227553326,1692255289096,1692255289100,1693227553335,9,4,5
19724,1693227553335,1692255289104,1692255289108,1693227553343,8,4,4
19725,1693227553343,1692255289112,1692255289115,1693227553351,8,3,5
19726,1693227553351,1692255289120,1692255289123,1693227553358,7,3,4
19727,1693227553358,1692255289128,1692255289131,1693227553366,8,3,5
19728,1693227553366,1692255289135,1692255289138,1693227553373,7,3,4
19729,1693227553373,1692255289142,1692255289146,1693227553383,10,4,6
19730,1693227553383,1692255289153,1692255289156,1693227553391,8,3,5
19731,1693227553391,1692255289160,1692255289164,1693227553399,8,4,4
19732,1693227553399,1692255289170,1692255289174,1693227553408,9,4,5
19733,1693227553408,1692255289177,1692255289181,1693227553416,8,4,4
19734,1693227553416,1692255289185,1692255289193,1693227553428,12,8,4
19735,1693227553428,1692255289198,1692255289201,1693227553436,8,3,5
19736,1693227553436,1692255289206,1692255289209,1693227553444,8,3,5
19737,1693227553445,1692255289214,1692255289217,1693227553452,7,3,4
19738,1693227553452,1692255289221,1692255289224,1693227553459,7,3,4
19739,1693227553459,1692255289229,1692255289233,1693227553468,9,4,5
19740,1693227553468,1692255289239,1692255289242,1693227553477,9,3,6
19741,1693227553477,1692255289247,1692255289249,1693227553485,8,2,6
19742,1693227553485,1692255289255,1692255289258,1693227553494,9,3,6
19743,1693227553494,1692255289263,1692255289266,1693227553501,7,3,4
19744,1693227553501,1692255289270,1692255289273,1693227553508,7,3,4
19745,1693227553508,1692255289279,1692255289282,1693227553517,9,3,6
19746,1693227553517,1692255289286,1692255289290,1693227553525,8,4,4
19747,1693227553525,1692255289294,1692255289297,1693227553532,7,3,4
19748,1693227553532,1692255289302,1692255289305,1693227553540,8,3,5
19749,1693227553540,1692255289310,1692255289313,1693227553548,8,3,5
19750,1693227553548,1692255289316,1692255289319,1693227553554,6,3,3
19751,1693227553554,1692255289324,1692255289327,1693227553562,8,3,5
19752,1693227553562,1692255289332,1692255289335,1693227553570,8,3,5
19753,1693227553570,1692255289339,1692255289342,1693227553577,7,3,4
19754,1693227553577,1692255289347,1692255289350,1693227553585,8,3,5
19755,1693227553585,1692255289355,1692255289359,1693227553594,9,4,5
19756,1693227553594,1692255289363,1692255289366,1693227553601,7,3,4
19757,1693227553601,1692255289371,1692255289374,1693227553609,8,3,5
19758,1693227553609,1692255289378,1692255289381,1693227553616,7,3,4
19759,1693227553616,1692255289385,1692255289388,1693227553624,8,3,5
19760,1693227553624,1692255289393,1692255289396,1693227553631,7,3,4
19761,1693227553631,1692255289401,1692255289404,1693227553639,8,3,5
19762,1693227553639,1692255289408,1692255289411,1693227553646,7,3,4
19763,1693227553646,1692255289415,1692255289418,1693227553652,6,3,3
19764,1693227553652,1692255289421,1692255289424,1693227553659,7,3,4
19765,1693227553659,1692255289428,1692255289431,1693227553666,7,3,4
19766,1693227553666,1692255289436,1692255289439,1693227553674,8,3,5
19767,1693227553674,1692255289443,1692255289446,1693227553681,7,3,4
19768,1693227553681,1692255289450,1692255289453,1693227553691,10,3,7
19769,1693227553691,1692255289462,1692255289465,1693227553700,9,3,6
19770,1693227553700,1692255289469,1692255289472,1693227553706,6,3,3
19771,1693227553706,1692255289476,1692255289480,1693227553715,9,4,5
19772,1693227553715,1692255289485,1692255289488,1693227553723,8,3,5
19773,1693227553723,1692255289492,1692255289496,1693227553731,8,4,4
19774,1693227553731,1692255289500,1692255289503,1693227553737,6,3,3
19775,1693227553737,1692255289507,1692255289510,1693227553745,8,3,5
19776,1693227553745,1692255289514,1692255289517,1693227553752,7,3,4
19777,1693227553752,1692255289521,1692255289525,1693227553760,8,4,4
19778,1693227553760,1692255289530,1692255289534,1693227553768,8,4,4
19779,1693227553768,1692255289538,1692255289541,1693227553776,8,3,5
19780,1693227553776,1692255289546,1692255289550,1693227553785,9,4,5
19781,1693227553785,1692255289554,1692255289557,1693227553793,8,3,5
19782,1693227553793,1692255289562,1692255289565,1693227553800,7,3,4
19783,1693227553800,1692255289570,1692255289572,1693227553807,7,2,5
19784,1693227553808,1692255289577,1692255289581,1693227553816,8,4,4
19785,1693227553816,1692255289585,1692255289588,1693227553826,10,3,7
19786,1693227553826,1692255289595,1692255289600,1693227553835,9,5,4
19787,1693227553835,1692255289605,1692255289609,1693227553844,9,4,5
19788,1693227553844,1692255289613,1692255289617,1693227553851,7,4,3
19789,1693227553851,1692255289620,1692255289623,1693227553858,7,3,4
19790,1693227553858,1692255289627,1692255289630,1693227553865,7,3,4
19791,1693227553865,1692255289634,1692255289637,1693227553872,7,3,4
19792,1693227553872,1692255289642,1692255289646,1693227553881,9,4,5
19793,1693227553881,1692255289650,1692255289654,1693227553889,8,4,4
19794,1693227553889,1692255289658,1692255289661,1693227553896,7,3,4
19795,1693227553896,1692255289665,1692255289668,1693227553903,7,3,4
19796,1693227553903,1692255289673,1692255289676,1693227553911,8,3,5
19797,1693227553911,1692255289680,1692255289683,1693227553920,9,3,6
19798,1693227553920,1692255289690,1692255289692,1693227553928,8,2,6
19799,1693227553928,1692255289698,1692255289701,1693227553936,8,3,5
19800,1693227553936,1692255289705,1692255289708,1693227553943,7,3,4
19801,1693227553943,1692255289713,1692255289716,1693227553951,8,3,5
19802,1693227553951,1692255289721,1692255289723,1693227553958,7,2,5
19803,1693227553958,1692255289727,1692255289731,1693227553966,8,4,4
19804,1693227553966,1692255289735,1692255289738,1693227553973,7,3,4
19805,1693227553973,1692255289742,1692255289744,1693227553980,7,2,5
19806,1693227553980,1692255289749,1692255289752,1693227553988,8,3,5
19807,1693227553988,1692255289757,1692255289760,1693227553997,9,3,6
19808,1693227553997,1692255289767,1692255289772,1693227554007,10,5,5
19809,1693227554007,1692255289777,1692255289780,1693227554015,8,3,5
19810,1693227554015,1692255289784,1692255289787,1693227554023,8,3,5
19811,1693227554023,1692255289794,1692255289797,1693227554032,9,3,6
19812,1693227554032,1692255289801,1692255289804,1693227554039,7,3,4
19813,1693227554039,1692255289809,1692255289811,1693227554047,8,2,6
19814,1693227554047,1692255289816,1692255289819,1693227554054,7,3,4
19815,1693227554054,1692255289823,1692255289826,1693227554061,7,3,4
19816,1693227554061,1692255289830,1692255289833,1693227554068,7,3,4
19817,1693227554068,1692255289838,1692255289841,1693227554076,8,3,5
19818,1693227554076,1692255289847,1692255289850,1693227554086,10,3,7
19819,1693227554086,1692255289856,1692255289858,1693227554094,8,2,6
19820,1693227554094,1692255289863,1692255289866,1693227554101,7,3,4
19821,1693227554101,1692255289870,1692255289874,1693227554109,8,4,4
19822,1693227554109,1692255289878,1692255289881,1693227554116,7,3,4
19823,1693227554116,1692255289885,1692255289889,1693227554124,8,4,4
19824,1693227554124,1692255289894,1692255289897,1693227554132,8,3,5
19825,1693227554132,1692255289901,1692255289905,1693227554140,8,4,4
19826,1693227554140,1692255289909,1692255289912,1693227554147,7,3,4
19827,1693227554147,1692255289918,1692255289921,1693227554156,9,3,6
19828,1693227554156,1692255289926,1692255289929,1693227554164,8,3,5
19829,1693227554164,1692255289934,1692255289937,1693227554172,8,3,5
19830,1693227554172,1692255289941,1692255289944,1693227554179,7,3,4
19831,1693227554179,1692255289948,1692255289952,1693227554187,8,4,4
19832,1693227554187,1692255289956,1692255289958,1693227554193,6,2,4
19833,1693227554193,1692255289963,1692255289966,1693227554202,9,3,6
19834,1693227554202,1692255289971,1692255289975,1693227554210,8,4,4
19835,1693227554210,1692255289978,1692255289981,1693227554216,6,3,3
19836,1693227554216,1692255289986,1692255289988,1693227554223,7,2,5
19837,1693227554223,1692255289992,1692255289995,1693227554230,7,3,4
19838,1693227554230,1692255289999,1692255290002,1693227554237,7,3,4
19839,1693227554237,1692255290007,1692255290010,1693227554245,8,3,5
19840,1693227554245,1692255290014,1692255290017,1693227554252,7,3,4
19841,1693227554252,1692255290022,1692255290024,1693227554259,7,2,5
19842,1693227554259,1692255290028,1692255290031,1693227554266,7,3,4
19843,1693227554266,1692255290041,1692255290045,1693227554279,13,4,9
19844,1693227554279,1692255290049,1692255290052,1693227554287,8,3,5
19845,1693227554287,1692255290058,1692255290063,1693227554298,11,5,6
19846,1693227554298,1692255290068,1692255290071,1693227554307,9,3,6
19847,1693227554307,1692255290076,1692255290079,1693227554314,7,3,4
19848,1693227554314,1692255290085,1692255290089,1693227554324,10,4,6
19849,1693227554324,1692255290094,1692255290097,1693227554332,8,3,5
19850,1693227554332,1692255290102,1692255290105,1693227554340,8,3,5
19851,1693227554340,1692255290110,1692255290113,1693227554348,8,3,5
19852,1693227554348,1692255290118,1692255290122,1693227554357,9,4,5
19853,1693227554357,1692255290126,1692255290130,1693227554365,8,4,4
19854,1693227554365,1692255290134,1692255290137,1693227554372,7,3,4
19855,1693227554372,1692255290142,1692255290145,1693227554380,8,3,5
19856,1693227554380,1692255290150,1692255290153,1693227554389,9,3,6
19857,1693227554389,1692255290159,1692255290162,1693227554397,8,3,5
19858,1693227554397,1692255290166,1692255290170,1693227554407,10,4,6
19859,1693227554407,1692255290177,1692255290180,1693227554415,8,3,5
19860,1693227554415,1692255290185,1692255290188,1693227554423,8,3,5
19861,1693227554423,1692255290193,1692255290195,1693227554431,8,2,6
19862,1693227554431,1692255290201,1692255290204,1693227554439,8,3,5
19863,1693227554439,1692255290209,1692255290212,1693227554447,8,3,5
19864,1693227554447,1692255290216,1692255290220,1693227554455,8,4,4
19865,1693227554455,1692255290224,1692255290228,1693227554463,8,4,4
19866,1693227554463,1692255290233,1692255290236,1693227554472,9,3,6
19867,1693227554472,1692255290242,1692255290245,1693227554480,8,3,5
19868,1693227554480,1692255290250,1692255290253,1693227554488,8,3,5
19869,1693227554488,1692255290258,1692255290261,1693227554497,9,3,6
19870,1693227554497,1692255290267,1692255290270,1693227554505,8,3,5
19871,1693227554505,1692255290276,1692255290280,1693227554515,10,4,6
19872,1693227554515,1692255290283,1692255290287,1693227554522,7,4,3
19873,1693227554522,1692255290291,1692255290294,1693227554529,7,3,4
19874,1693227554529,1692255290299,1692255290302,1693227554537,8,3,5
19875,1693227554537,1692255290306,1692255290309,1693227554544,7,3,4
19876,1693227554544,1692255290313,1692255290316,1693227554551,7,3,4
19877,1693227554552,1692255290321,1692255290324,1693227554559,7,3,4
19878,1693227554559,1692255290329,1692255290332,1693227554567,8,3,5
19879,1693227554567,1692255290337,1692255290340,1693227554575,8,3,5
19880,1693227554575,1692255290345,1692255290349,1693227554584,9,4,5
19881,1693227554584,1692255290353,1692255290356,1693227554591,7,3,4
19882,1693227554591,1692255290360,1692255290365,1693227554600,9,5,4
19883,1693227554600,1692255290370,1692255290373,1693227554608,8,3,5
19884,1693227554608,1692255290379,1692255290382,1693227554617,9,3,6
19885,1693227554617,1692255290387,1692255290389,1693227554624,7,2,5
19886,1693227554624,1692255290394,1692255290397,1693227554632,8,3,5
19887,1693227554632,1692255290401,1692255290405,1693227554640,8,4,4
19888,1693227554640,1692255290412,1692255290415,1693227554650,10,3,7
19889,1693227554650,1692255290420,1692255290423,1693227554658,8,3,5
19890,1693227554658,1692255290428,1692255290431,1693227554666,8,3,5
19891,1693227554666,1692255290435,1692255290438,1693227554673,7,3,4
19892,1693227554673,1692255290442,1692255290445,1693227554680,7,3,4
19893,1693227554680,1692255290450,1692255290453,1693227554688,8,3,5
19894,1693227554688,1692255290458,1692255290462,1693227554697,9,4,5
19895,1693227554697,1692255290466,1692255290469,1693227554704,7,3,4
19896,1693227554704,1692255290473,1692255290477,1693227554714,10,4,6
19897,1693227554714,1692255290484,1692255290487,1693227554722,8,3,5
19898,1693227554722,1692255290495,1692255290499,1693227554734,12,4,8
19899,1693227554734,1692255290503,1692255290506,1693227554741,7,3,4
19900,1693227554741,1692255290513,1692255290516,1693227554752,11,3,8
19901,1693227554752,1692255290521,1692255290523,1693227554758,6,2,4
19902,1693227554758,1692255290527,1692255290530,1693227554765,7,3,4
19903,1693227554765,1692255290535,1692255290538,1693227554773,8,3,5
19904,1693227554773,1692255290542,1692255290545,1693227554780,7,3,4
19905,1693227554780,1692255290549,1692255290552,1693227554787,7,3,4
19906,1693227554787,1692255290556,1692255290559,1693227554794,7,3,4
19907,1693227554794,1692255290564,1692255290567,1693227554801,7,3,4
19908,1693227554801,1692255290571,1692255290574,1693227554809,8,3,5
19909,1693227554809,1692255290579,1692255290583,1693227554818,9,4,5
19910,1693227554818,1692255290587,1692255290590,1693227554825,7,3,4
19911,1693227554825,1692255290595,1692255290598,1693227554833,8,3,5
19912,1693227554833,1692255290602,1692255290606,1693227554841,8,4,4
19913,1693227554841,1692255290610,1692255290614,1693227554849,8,4,4
19914,1693227554849,1692255290618,1692255290621,1693227554856,7,3,4
19915,1693227554856,1692255290625,1692255290628,1693227554863,7,3,4
19916,1693227554863,1692255290632,1692255290636,1693227554871,8,4,4
19917,1693227554871,1692255290640,1692255290643,1693227554878,7,3,4
19918,1693227554878,1692255290647,1692255290650,1693227554886,8,3,5
19919,1693227554886,1692255290655,1692255290660,1693227554895,9,5,4
19920,1693227554895,1692255290665,1692255290667,1693227554902,7,2,5
19921,1693227554903,1692255290672,1692255290675,1693227554910,7,3,4
19922,1693227554910,1692255290680,1692255290683,1693227554919,9,3,6
19923,1693227554919,1692255290693,1692255290696,1693227554931,12,3,9
19924,1693227554931,1692255290700,1692255290702,1693227554937,6,2,4
19925,1693227554937,1692255290707,1692255290710,1693227554945,8,3,5
19926,1693227554945,1692255290715,1692255290717,1693227554953,8,2,6
19927,1693227554953,1692255290722,1692255290726,1693227554961,8,4,4
19928,1693227554961,1692255290729,1692255290733,1693227554968,7,4,3
19929,1693227554968,1692255290737,1692255290740,1693227554975,7,3,4
19930,1693227554975,1692255290745,1692255290748,1693227554984,9,3,6
19931,1693227554984,1692255290753,1692255290756,1693227554991,7,3,4
19932,1693227554991,1692255290760,1692255290763,1693227554998,7,3,4
19933,1693227554998,1692255290767,1692255290770,1693227555005,7,3,4
19934,1693227555005,1692255290775,1692255290778,1693227555013,8,3,5
19935,1693227555013,1692255290782,1692255290785,1693227555021,8,3,5
19936,1693227555021,1692255290791,1692255290794,1693227555029,8,3,5
19937,1693227555029,1692255290799,1692255290802,1693227555037,8,3,5
19938,1693227555037,1692255290806,1692255290809,1693227555044,7,3,4
19939,1693227555044,1692255290813,1692255290816,1693227555051,7,3,4
19940,1693227555051,1692255290821,1692255290824,1693227555059,8,3,5
19941,1693227555059,1692255290829,1692255290832,1693227555071,12,3,9
19942,1693227555071,1692255290840,1692255290844,1693227555079,8,4,4
19943,1693227555079,1692255290848,1692255290851,1693227555086,7,3,4
19944,1693227555086,1692255290855,1692255290858,1693227555096,10,3,7
19945,1693227555096,1692255290865,1692255290868,1693227555103,7,3,4
19946,1693227555103,1692255290876,1692255290879,1693227555114,11,3,8
19947,1693227555114,1692255290885,1692255290887,1693227555124,10,2,8
19948,1693227555124,1692255290893,1692255290896,1693227555131,7,3,4
19949,1693227555131,1692255290901,1692255290904,1693227555139,8,3,5
19950,1693227555139,1692255290908,1692255290911,1693227555147,8,3,5
19951,1693227555147,1692255290916,1692255290920,1693227555155,8,4,4
19952,1693227555155,1692255290924,1692255290928,1693227555162,7,4,3
19953,1693227555162,1692255290932,1692255290934,1693227555170,8,2,6
19954,1693227555170,1692255290939,1692255290943,1693227555178,8,4,4
19955,1693227555178,1692255290947,1692255290951,1693227555186,8,4,4
19956,1693227555186,1692255290956,1692255290961,1693227555197,11,5,6
19957,1693227555197,1692255290966,1692255290969,1693227555203,6,3,3
19958,1693227555203,1692255290972,1692255290976,1693227555211,8,4,4
19959,1693227555211,1692255290981,1692255290984,1693227555219,8,3,5
19960,1693227555219,1692255290989,1692255290993,1693227555228,9,4,5
19961,1693227555228,1692255290998,1692255291000,1693227555235,7,2,5
19962,1693227555235,1692255291005,1692255291009,1693227555244,9,4,5
19963,1693227555244,1692255291013,1692255291016,1693227555251,7,3,4
19964,1693227555251,1692255291021,1692255291024,1693227555259,8,3,5
19965,1693227555259,1692255291028,1692255291031,1693227555266,7,3,4
19966,1693227555266,1692255291035,1692255291038,1693227555273,7,3,4
19967,1693227555273,1692255291043,1692255291046,1693227555281,8,3,5
19968,1693227555281,1692255291051,1692255291054,1693227555290,9,3,6
19969,1693227555290,1692255291058,1692255291062,1693227555297,7,4,3
19970,1693227555297,1692255291068,1692255291072,1693227555307,10,4,6
19971,1693227555307,1692255291076,1692255291081,1693227555316,9,5,4
19972,1693227555316,1692255291085,1692255291089,1693227555324,8,4,4
19973,1693227555324,1692255291096,1692255291099,1693227555334,10,3,7
19974,1693227555334,1692255291103,1692255291106,1693227555341,7,3,4
19975,1693227555341,1692255291111,1692255291115,1693227555350,9,4,5
19976,1693227555350,1692255291119,1692255291123,1693227555358,8,4,4
19977,1693227555358,1692255291128,1692255291131,1693227555365,7,3,4
19978,1693227555365,1692255291134,1692255291138,1693227555373,8,4,4
19979,1693227555373,1692255291143,1692255291146,1693227555381,8,3,5
19980,1693227555381,1692255291150,1692255291154,1693227555389,8,4,4
19981,1693227555389,1692255291158,1692255291161,1693227555397,8,3,5
19982,1693227555397,1692255291166,1692255291169,1693227555404,7,3,4
19983,1693227555404,1692255291173,1692255291176,1693227555411,7,3,4
19984,1693227555411,1692255291180,1692255291184,1693227555419,8,4,4
19985,1693227555419,1692255291187,1692255291190,1693227555425,6,3,3
19986,1693227555425,1692255291195,1692255291198,1693227555433,8,3,5
19987,1693227555433,1692255291202,1692255291206,1693227555441,8,4,4
19988,1693227555441,1692255291210,1692255291213,1693227555448,7,3,4
19989,1693227555448,1692255291217,1692255291220,1693227555455,7,3,4
19990,1693227555455,1692255291224,1692255291228,1693227555463,8,4,4
19991,1693227555463,1692255291233,1692255291236,1693227555471,8,3,5
19992,1693227555471,1692255291240,1692255291243,1693227555478,7,3,4
19993,1693227555478,1692255291248,1692255291253,1693227555487,9,5,4
19994,1693227555487,1692255291256,1692255291259,1693227555494,7,3,4
19995,1693227555494,1692255291263,1692255291266,1693227555501,7,3,4
19996,1693227555501,1692255291270,1692255291273,1693227555508,7,3,4
19997,1693227555509,1692255291278,1692255291281,1693227555516,7,3,4
19998,1693227555516,1692255291285,1692255291289,1693227555524,8,4,4
19999,1693227555524,1692255291293,1692255291296,1693227555533,9,3,6
20000,1693227555533,1692255291302,1692255291305,1693227555540,7,3,4
20001,1693227555540,1692255291310,1692255291314,1693227555549,9,4,5
20002,1693227555549,1692255291324,1692255291327,1693227555562,13,3,10
20003,1693227555562,1692255291331,1692255291335,1693227555570,8,4,4
20004,1693227555570,1692255291340,1692255291343,1693227555578,8,3,5
20005,1693227555578,1692255291347,1692255291351,1693227555586,8,4,4
20006,1693227555586,1692255291355,1692255291359,1693227555594,8,4,4
20007,1693227555594,1692255291363,1692255291366,1693227555601,7,3,4
20008,1693227555601,1692255291371,1692255291373,1693227555608,7,2,5
20009,1693227555608,1692255291378,1692255291382,1693227555617,9,4,5
20010,1693227555617,1692255291387,1692255291390,1693227555625,8,3,5
20011,1693227555625,1692255291394,1692255291398,1693227555636,11,4,7
20012,1693227555636,1692255291405,1692255291409,1693227555644,8,4,4
20013,1693227555644,1692255291413,1692255291416,1693227555651,7,3,4
20014,1693227555651,1692255291420,1692255291423,1693227555658,7,3,4
20015,1693227555658,1692255291428,1692255291431,1693227555666,8,3,5
20016,1693227555666,1692255291435,1692255291438,1693227555673,7,3,4
20017,1693227555673,1692255291443,1692255291446,1693227555681,8,3,5
20018,1693227555681,1692255291450,1692255291454,1693227555689,8,4,4
20019,1693227555689,1692255291458,1692255291461,1693227555696,7,3,4
20020,1693227555696,1692255291465,1692255291468,1693227555703,7,3,4
20021,1693227555703,1692255291472,1692255291475,1693227555710,7,3,4
20022,1693227555710,1692255291480,1692255291484,1693227555719,9,4,5
20023,1693227555719,1692255291488,1692255291492,1693227555727,8,4,4
20024,1693227555727,1692255291496,1692255291500,1693227555734,7,4,3
20025,1693227555734,1692255291506,1692255291509,1693227555743,9,3,6
20026,1693227555743,1692255291514,1692255291518,1693227555753,10,4,6
20027,1693227555753,1692255291522,1692255291526,1693227555761,8,4,4
20028,1693227555761,1692255291532,1692255291536,1693227555771,10,4,6
20029,1693227555771,1692255291541,1692255291544,1693227555779,8,3,5
20030,1693227555779,1692255291548,1692255291553,1693227555788,9,5,4
20031,1693227555788,1692255291557,1692255291560,1693227555795,7,3,4
20032,1693227555795,1692255291565,1692255291568,1693227555803,8,3,5
20033,1693227555803,1692255291572,1692255291575,1693227555810,7,3,4
20034,1693227555810,1692255291579,1692255291583,1693227555818,8,4,4
20035,1693227555818,1692255291587,1692255291590,1693227555825,7,3,4
20036,1693227555825,1692255291594,1692255291599,1693227555834,9,5,4
20037,1693227555834,1692255291602,1692255291605,1693227555840,6,3,3
20038,1693227555840,1692255291610,1692255291613,1693227555848,8,3,5
20039,1693227555848,1692255291617,1692255291620,1693227555855,7,3,4
20040,1693227555855,1692255291624,1692255291628,1693227555863,8,4,4
20041,1693227555863,1692255291632,1692255291635,1693227555870,7,3,4
20042,1693227555870,1692255291640,1692255291643,1693227555878,8,3,5
20043,1693227555878,1692255291648,1692255291651,1693227555886,8,3,5
20044,1693227555887,1692255291656,1692255291660,1693227555894,7,4,3
20045,1693227555895,1692255291664,1692255291666,1693227555901,6,2,4
20046,1693227555901,1692255291670,1692255291673,1693227555908,7,3,4
20047,1693227555908,1692255291678,1692255291680,1693227555916,8,2,6
20048,1693227555916,1692255291685,1692255291689,1693227555924,8,4,4
20049,1693227555924,1692255291698,1692255291701,1693227555936,12,3,9
20050,1693227555936,1692255291705,1692255291708,1693227555943,7,3,4
20051,1693227555943,1692255291713,1692255291717,1693227555952,9,4,5
20052,1693227555952,1692255291721,1692255291724,1693227555959,7,3,4
20053,1693227555959,1692255291730,1692255291733,1693227555968,9,3,6
20054,1693227555968,1692255291738,1692255291741,1693227555976,8,3,5
20055,1693227555976,1692255291746,1692255291749,1693227555984,8,3,5
20056,1693227555984,1692255291753,1692255291756,1693227555991,7,3,4
20057,1693227555991,1692255291761,1692255291765,1693227556000,9,4,5
20058,1693227556000,1692255291769,1692255291772,1693227556007,7,3,4
20059,1693227556008,1692255291778,1692255291780,1693227556015,7,2,5
20060,1693227556015,1692255291784,1692255291788,1693227556023,8,4,4
20061,1693227556023,1692255291792,1692255291796,1693227556031,8,4,4
20062,1693227556031,1692255291800,1692255291803,1693227556038,7,3,4
20063,1693227556038,1692255291808,1692255291812,1693227556047,9,4,5
20064,1693227556047,1692255291817,1692255291820,1693227556054,7,3,4
20065,1693227556054,1692255291823,1692255291827,1693227556062,8,4,4
20066,1693227556062,1692255291831,1692255291834,1693227556069,7,3,4
20067,1693227556069,1692255291838,1692255291843,1693227556078,9,5,4
20068,1693227556078,1692255291848,1692255291851,1693227556086,8,3,5
20069,1693227556086,1692255291855,1692255291858,1693227556093,7,3,4
20070,1693227556093,1692255291863,1692255291866,1693227556101,8,3,5
20071,1693227556101,1692255291870,1692255291873,1693227556108,7,3,4
20072,1693227556108,1692255291877,1692255291880,1693227556115,7,3,4
20073,1693227556115,1692255291884,1692255291888,1693227556123,8,4,4
20074,1693227556123,1692255291894,1692255291898,1693227556133,10,4,6
20075,1693227556133,1692255291902,1692255291905,1693227556140,7,3,4
20076,1693227556140,1692255291909,1692255291913,1693227556148,8,4,4
20077,1693227556148,1692255291917,1692255291920,1693227556155,7,3,4
20078,1693227556155,1692255291925,1692255291928,1693227556163,8,3,5
20079,1693227556163,1692255291933,1692255291936,1693227556171,8,3,5
20080,1693227556171,1692255291941,1692255291945,1693227556180,9,4,5
20081,1693227556180,1692255291949,1692255291953,1693227556188,8,4,4
20082,1693227556188,1692255291957,1692255291960,1693227556195,7,3,4
20083,1693227556195,1692255291965,1692255291967,1693227556203,8,2,6
20084,1693227556203,1692255291972,1692255291975,1693227556210,7,3,4
20085,1693227556210,1692255291980,1692255291983,1693227556218,8,3,5
20086,1693227556218,1692255291987,1692255291990,1693227556226,8,3,5
20087,1693227556226,1692255291996,1692255291999,1693227556234,8,3,5
20088,1693227556234,1692255292003,1692255292007,1693227556242,8,4,4
20089,1693227556242,1692255292011,1692255292014,1693227556250,8,3,5
20090,1693227556250,1692255292020,1692255292023,1693227556258,8,3,5
20091,1693227556258,1692255292027,1692255292030,1693227556265,7,3,4
20092,1693227556265,1692255292034,1692255292037,1693227556272,7,3,4
20093,1693227556272,1692255292041,1692255292045,1693227556280,8,4,4
20094,1693227556280,1692255292050,1692255292053,1693227556288,8,3,5
20095,1693227556288,1692255292057,1692255292061,1693227556296,8,4,4
20096,1693227556296,1692255292065,1692255292068,1693227556303,7,3,4
20097,1693227556303,1692255292072,1692255292076,1693227556311,8,4,4
20098,1693227556311,1692255292080,1692255292084,1693227556319,8,4,4
20099,1693227556319,1692255292087,1692255292090,1693227556325,6,3,3
20100,1693227556325,1692255292095,1692255292099,1693227556334,9,4,5
20101,1693227556334,1692255292103,1692255292107,1693227556342,8,4,4
20102,1693227556342,1692255292112,1692255292115,1693227556353,11,3,8
20103,1693227556353,1692255292123,1692255292125,1693227556360,7,2,5
20104,1693227556360,1692255292130,1692255292134,1693227556369,9,4,5
20105,1693227556369,1692255292139,1692255292142,1693227556377,8,3,5
20106,1693227556377,1692255292147,1692255292150,1693227556385,8,3,5
20107,1693227556385,1692255292154,1692255292157,1693227556392,7,3,4
20108,1693227556392,1692255292161,1692255292165,1693227556400,8,4,4
20109,1693227556400,1692255292169,1692255292172,1693227556407,7,3,4
20110,1693227556407,1692255292177,1692255292180,1693227556415,8,3,5
20111,1693227556415,1692255292185,1692255292188,1693227556423,8,3,5
20112,1693227556423,1692255292192,1692255292196,1693227556431,8,4,4
20113,1693227556431,1692255292200,1692255292204,1693227556439,8,4,4
20114,1693227556439,1692255292208,1692255292211,1693227556446,7,3,4
20115,1693227556446,1692255292216,1692255292219,1693227556455,9,3,6
20116,1693227556455,1692255292224,1692255292228,1693227556463,8,4,4
20117,1693227556463,1692255292232,1692255292235,1693227556471,8,3,5
20118,1693227556471,1692255292240,1692255292243,1693227556479,8,3,5
20119,1693227556479,1692255292248,1692255292251,1693227556486,7,3,4
20120,1693227556486,1692255292255,1692255292258,1693227556493,7,3,4
20121,1693227556493,1692255292262,1692255292266,1693227556501,8,4,4
20122,1693227556501,1692255292270,1692255292273,1693227556508,7,3,4
20123,1693227556508,1692255292277,1692255292280,1693227556515,7,3,4
20124,1693227556515,1692255292284,1692255292288,1693227556523,8,4,4
20125,1693227556523,1692255292292,1692255292296,1693227556531,8,4,4
20126,1693227556531,1692255292301,1692255292304,1693227556539,8,3,5
20127,1693227556539,1692255292309,1692255292313,1693227556548,9,4,5
20128,1693227556548,1692255292317,1692255292320,1693227556557,9,3,6
20129,1693227556557,1692255292327,1692255292330,1693227556565,8,3,5
20130,1693227556565,1692255292335,1692255292339,1693227556574,9,4,5
20131,1693227556574,1692255292343,1692255292347,1693227556582,8,4,4
20132,1693227556582,1692255292352,1692255292355,1693227556590,8,3,5
20133,1693227556590,1692255292360,1692255292363,1693227556599,9,3,6
20134,1693227556599,1692255292370,1692255292373,1693227556608,9,3,6
20135,1693227556608,1692255292378,1692255292381,1693227556617,9,3,6
20136,1693227556617,1692255292387,1692255292390,1693227556625,8,3,5
20137,1693227556625,1692255292395,1692255292399,1693227556634,9,4,5
20138,1693227556634,1692255292404,1692255292408,1693227556643,9,4,5
20139,1693227556643,1692255292413,1692255292416,1693227556651,8,3,5
20140,1693227556651,1692255292420,1692255292425,1693227556660,9,5,4
20141,1693227556660,1692255292429,1692255292432,1693227556668,8,3,5
20142,1693227556668,1692255292437,1692255292441,1693227556676,8,4,4
20143,1693227556677,1692255292446,1692255292449,1693227556684,7,3,4
20144,1693227556684,1692255292454,1692255292458,1693227556693,9,4,5
20145,1693227556693,1692255292463,1692255292466,1693227556701,8,3,5
20146,1693227556701,1692255292470,1692255292474,1693227556709,8,4,4
20147,1693227556709,1692255292478,1692255292481,1693227556716,7,3,4
20148,1693227556716,1692255292485,1692255292488,1693227556723,7,3,4
20149,1693227556723,1692255292492,1692255292495,1693227556730,7,3,4
20150,1693227556730,1692255292499,1692255292502,1693227556738,8,3,5
20151,1693227556738,1692255292507,1692255292510,1693227556745,7,3,4
20152,1693227556745,1692255292514,1692255292518,1693227556753,8,4,4
20153,1693227556753,1692255292522,1692255292525,1693227556764,11,3,8
20154,1693227556764,1692255292533,1692255292537,1693227556773,9,4,5
20155,1693227556773,1692255292542,1692255292546,1693227556781,8,4,4
20156,1693227556781,1692255292550,1692255292553,1693227556789,8,3,5
20157,1693227556789,1692255292558,1692255292561,1693227556796,7,3,4
20158,1693227556796,1692255292566,1692255292569,1693227556804,8,3,5
20159,1693227556804,1692255292574,1692255292576,1693227556811,7,2,5
20160,1693227556811,1692255292581,1692255292584,1693227556820,9,3,6
20161,1693227556820,1692255292589,1692255292592,1693227556827,7,3,4
20162,1693227556827,1692255292602,1692255292606,1693227556841,14,4,10
20163,1693227556841,1692255292610,1692255292613,1693227556848,7,3,4
20164,1693227556848,1692255292624,1692255292628,1693227556864,16,4,12
20165,1693227556864,1692255292633,1692255292637,1693227556872,8,4,4
20166,1693227556872,1692255292642,1692255292645,1693227556880,8,3,5
20167,1693227556880,1692255292649,1692255292652,1693227556887,7,3,4
20168,1693227556887,1692255292657,1692255292661,1693227556896,9,4,5
20169,1693227556896,1692255292665,1692255292668,1693227556903,7,3,4
20170,1693227556903,1692255292672,1692255292675,1693227556910,7,3,4
20171,1693227556910,1692255292680,1692255292683,1693227556918,8,3,5
20172,1693227556918,1692255292688,1692255292691,1693227556926,8,3,5
20173,1693227556926,1692255292695,1692255292698,1693227556937,11,3,8
20174,1693227556937,1692255292707,1692255292711,1693227556946,9,4,5
20175,1693227556946,1692255292715,1692255292718,1693227556953,7,3,4
20176,1693227556953,1692255292723,1692255292730,1693227556967,14,7,7
20177,1693227556967,1692255292736,1692255292740,1693227556975,8,4,4
20178,1693227556975,1692255292744,1692255292748,1693227556983,8,4,4
20179,1693227556983,1692255292752,1692255292755,1693227556990,7,3,4
20180,1693227556990,1692255292764,1692255292767,1693227557002,12,3,9
20181,1693227557003,1692255292773,1692255292776,1693227557011,8,3,5
20182,1693227557011,1692255292780,1692255292784,1693227557019,8,4,4
20183,1693227557019,1692255292788,1692255292791,1693227557026,7,3,4
20184,1693227557026,1692255292795,1692255292799,1693227557034,8,4,4
20185,1693227557034,1692255292803,1692255292806,1693227557041,7,3,4
20186,1693227557041,1692255292811,1692255292814,1693227557049,8,3,5
20187,1693227557049,1692255292819,1692255292821,1693227557056,7,2,5
20188,1693227557056,1692255292826,1692255292829,1693227557064,8,3,5
20189,1693227557064,1692255292833,1692255292837,1693227557072,8,4,4
20190,1693227557072,1692255292841,1692255292844,1693227557079,7,3,4
20191,1693227557079,1692255292848,1692255292851,1693227557086,7,3,4
20192,1693227557087,1692255292855,1692255292859,1693227557095,8,4,4
20193,1693227557095,1692255292864,1692255292867,1693227557102,7,3,4
20194,1693227557102,1692255292871,1692255292875,1693227557110,8,4,4
20195,1693227557110,1692255292880,1692255292882,1693227557118,8,2,6
20196,1693227557118,1692255292887,1692255292890,1693227557126,8,3,5
20197,1693227557126,1692255292895,1692255292901,1693227557136,10,6,4
20198,1693227557136,1692255292906,1692255292909,1693227557145,9,3,6
20199,1693227557145,1692255292915,1692255292919,1693227557154,9,4,5
20200,1693227557155,1692255292924,1692255292928,1693227557163,8,4,4
20201,1693227557163,1692255292933,1692255292936,1693227557172,9,3,6
20202,1693227557172,1692255292942,1692255292946,1693227557181,9,4,5
20203,1693227557181,1692255292951,1692255292954,1693227557189,8,3,5
20204,1693227557189,1692255292959,1692255292962,1693227557198,9,3,6
20205,1693227557198,1692255292967,1692255292970,1693227557206,8,3,5
20206,1693227557206,1692255292975,1692255292979,1693227557214,8,4,4
20207,1693227557214,1692255292983,1692255292986,1693227557221,7,3,4
20208,1693227557221,1692255292990,1692255292993,1693227557228,7,3,4
20209,1693227557228,1692255292998,1692255293001,1693227557236,8,3,5
20210,1693227557236,1692255293005,1692255293008,1693227557243,7,3,4
20211,1693227557243,1692255293013,1692255293016,1693227557251,8,3,5
20212,1693227557251,1692255293021,1692255293026,1693227557261,10,5,5
20213,1693227557261,1692255293030,1692255293034,1693227557269,8,4,4
20214,1693227557269,1692255293038,1692255293042,1693227557277,8,4,4
20215,1693227557277,1692255293046,1692255293049,1693227557285,8,3,5
20216,1693227557285,1692255293054,1692255293057,1693227557292,7,3,4
20217,1693227557292,1692255293061,1692255293065,1693227557300,8,4,4
20218,1693227557300,1692255293069,1692255293072,1693227557307,7,3,4
20219,1693227557307,1692255293076,1692255293079,1693227557314,7,3,4
20220,1693227557314,1692255293083,1692255293087,1693227557322,8,4,4
20221,1693227557322,1692255293091,1692255293095,1693227557330,8,4,4
20222,1693227557330,1692255293099,1692255293102,1693227557337,7,3,4
20223,1693227557337,1692255293106,1692255293110,1693227557345,8,4,4
20224,1693227557345,1692255293114,1692255293117,1693227557352,7,3,4
20225,1693227557352,1692255293123,1692255293128,1693227557363,11,5,6
20226,1693227557363,1692255293133,1692255293136,1693227557371,8,3,5
20227,1693227557371,1692255293140,1692255293144,1693227557379,8,4,4
20228,1693227557379,1692255293148,1692255293151,1693227557386,7,3,4
20229,1693227557386,1692255293155,1692255293158,1693227557393,7,3,4
20230,1693227557393,1692255293163,1692255293166,1693227557402,9,3,6
20231,1693227557402,1692255293173,1692255293176,1693227557411,9,3,6
20232,1693227557411,1692255293180,1692255293183,1693227557418,7,3,4
20233,1693227557418,1692255293187,1692255293190,1693227557425,7,3,4
20234,1693227557425,1692255293195,1692255293198,1693227557433,8,3,5
20235,1693227557433,1692255293202,1692255293205,1693227557440,7,3,4
20236,1693227557440,1692255293210,1692255293213,1693227557448,8,3,5
20237,1693227557448,1692255293218,1692255293221,1693227557456,8,3,5
20238,1693227557456,1692255293225,1692255293230,1693227557464,8,5,3
20239,1693227557464,1692255293233,1692255293236,1693227557471,7,3,4
20240,1693227557471,1692255293241,1692255293243,1693227557481,10,2,8
20241,1693227557481,1692255293250,1692255293254,1693227557489,8,4,4
20242,1693227557489,1692255293259,1692255293262,1693227557497,8,3,5
20243,1693227557497,1692255293266,1692255293269,1693227557504,7,3,4
20244,1693227557504,1692255293274,1692255293277,1693227557512,8,3,5
20245,1693227557512,1692255293282,1692255293285,1693227557520,8,3,5
20246,1693227557520,1692255293290,1692255293293,1693227557529,9,3,6
20247,1693227557529,1692255293298,1692255293303,1693227557538,9,5,4
20248,1693227557538,1692255293307,1692255293312,1693227557547,9,5,4
20249,1693227557547,1692255293316,1692255293318,1693227557553,6,2,4
20250,1693227557553,1692255293323,1692255293326,1693227557561,8,3,5
20251,1693227557561,1692255293330,1692255293334,1693227557569,8,4,4
20252,1693227557569,1692255293339,1692255293342,1693227557577,8,3,5
20253,1693227557577,1692255293348,1692255293353,1693227557588,11,5,6
20254,1693227557588,1692255293357,1692255293360,1693227557595,7,3,4
20255,1693227557595,1692255293364,1692255293368,1693227557603,8,4,4
20256,1693227557603,1692255293374,1692255293378,1693227557613,10,4,6
20257,1693227557613,1692255293382,1692255293386,1693227557621,8,4,4
20258,1693227557621,1692255293390,1692255293393,1693227557628,7,3,4
20259,1693227557628,1692255293397,1692255293400,1693227557635,7,3,4
20260,1693227557635,1692255293404,1692255293407,1693227557642,7,3,4
20261,1693227557642,1692255293411,1692255293414,1693227557649,7,3,4
20262,1693227557649,1692255293418,1692255293421,1693227557656,7,3,4
20263,1693227557656,1692255293426,1692255293429,1693227557663,7,3,4
20264,1693227557663,1692255293432,1692255293438,1693227557673,10,6,4
20265,1693227557673,1692255293443,1692255293446,1693227557681,8,3,5
20266,1693227557681,1692255293451,1692255293454,1693227557689,8,3,5
20267,1693227557690,1692255293459,1692255293463,1693227557698,8,4,4
20268,1693227557698,1692255293467,1692255293470,1693227557705,7,3,4
20269,1693227557705,1692255293473,1692255293476,1693227557711,6,3,3
20270,1693227557711,1692255293481,1692255293484,1693227557718,7,3,4
20271,1693227557718,1692255293487,1692255293490,1693227557725,7,3,4
20272,1693227557725,1692255293494,1692255293497,1693227557732,7,3,4
20273,1693227557732,1692255293501,1692255293504,1693227557738,6,3,3
20274,1693227557738,1692255293507,1692255293511,1693227557745,7,4,3
20275,1693227557745,1692255293514,1692255293518,1693227557752,7,4,3
20276,1693227557752,1692255293521,1692255293526,1693227557760,8,5,3
20277,1693227557760,1692255293530,1692255293532,1693227557767,7,2,5
20278,1693227557767,1692255293537,1692255293541,1693227557776,9,4,5
20279,1693227557776,1692255293546,1692255293549,1693227557787,11,3,8
20280,1693227557787,1692255293556,1692255293559,1693227557794,7,3,4
20281,1693227557794,1692255293564,1692255293567,1693227557802,8,3,5
20282,1693227557803,1692255293572,1692255293575,1693227557810,7,3,4
20283,1693227557810,1692255293579,1692255293581,1693227557817,7,2,5
20284,1693227557817,1692255293586,1692255293591,1693227557826,9,5,4
20285,1693227557826,1692255293595,1692255293597,1693227557832,6,2,4
20286,1693227557832,1692255293602,1692255293604,1693227557840,8,2,6
20287,1693227557840,1692255293609,1692255293612,1693227557847,7,3,4
20288,1693227557847,1692255293616,1692255293619,1693227557854,7,3,4
20289,1693227557854,1692255293624,1692255293627,1693227557863,9,3,6
20290,1693227557863,1692255293632,1692255293636,1693227557870,7,4,3
20291,1693227557870,1692255293640,1692255293643,1693227557878,8,3,5
20292,1693227557878,1692255293647,1692255293650,1693227557884,6,3,3
20293,1693227557884,1692255293657,1692255293660,1693227557895,11,3,8
20294,1693227557895,1692255293665,1692255293668,1693227557903,8,3,5
20295,1693227557903,1692255293672,1692255293675,1693227557909,6,3,3
20296,1693227557909,1692255293679,1692255293682,1693227557917,8,3,5
20297,1693227557917,1692255293686,1692255293689,1693227557924,7,3,4
20298,1693227557924,1692255293694,1692255293697,1693227557932,8,3,5
20299,1693227557932,1692255293701,1692255293704,1693227557943,11,3,8
20300,1693227557943,1692255293713,1692255293716,1693227557951,8,3,5
20301,1693227557951,1692255293720,1692255293723,1693227557958,7,3,4
20302,1693227557958,1692255293727,1692255293730,1693227557965,7,3,4
20303,1693227557965,1692255293735,1692255293739,1693227557974,9,4,5
20304,1693227557974,1692255293743,1692255293749,1693227557984,10,6,4
20305,1693227557984,1692255293753,1692255293756,1693227557990,6,3,3
20306,1693227557990,1692255293760,1692255293763,1693227557998,8,3,5
20307,1693227557998,1692255293767,1692255293770,1693227558005,7,3,4
20308,1693227558005,1692255293774,1692255293777,1693227558012,7,3,4
20309,1693227558012,1692255293782,1692255293785,1693227558020,8,3,5
20310,1693227558021,1692255293790,1692255293792,1693227558028,7,2,5
20311,1693227558028,1692255293797,1692255293800,1693227558034,6,3,3
20312,1693227558034,1692255293803,1692255293806,1693227558041,7,3,4
20313,1693227558041,1692255293810,1692255293814,1693227558049,8,4,4
20314,1693227558049,1692255293818,1692255293821,1693227558056,7,3,4
20315,1693227558056,1692255293826,1692255293829,1693227558064,8,3,5
20316,1693227558064,1692255293833,1692255293837,1693227558072,8,4,4
20317,1693227558072,1692255293841,1692255293844,1693227558079,7,3,4
20318,1693227558079,1692255293848,1692255293851,1693227558086,7,3,4
20319,1693227558086,1692255293856,1692255293859,1693227558094,8,3,5
20320,1693227558094,1692255293867,1692255293872,1693227558107,13,5,8
20321,1693227558107,1692255293876,1692255293880,1693227558114,7,4,3
20322,1693227558114,1692255293886,1692255293889,1693227558124,10,3,7
20323,1693227558124,1692255293893,1692255293896,1693227558132,8,3,5
20324,1693227558132,1692255293901,1692255293905,1693227558140,8,4,4
20325,1693227558140,1692255293909,1692255293913,1693227558148,8,4,4
20326,1693227558148,1692255293919,1692255293922,1693227558157,9,3,6
20327,1693227558157,1692255293926,1692255293930,1693227558165,8,4,4
20328,1693227558165,1692255293941,1692255293944,1693227558179,14,3,11
20329,1693227558179,1692255293949,1692255293952,1693227558187,8,3,5
20330,1693227558187,1692255293957,1692255293960,1693227558195,8,3,5
20331,1693227558195,1692255293965,1692255293968,1693227558203,8,3,5
20332,1693227558203,1692255293972,1692255293975,1693227558210,7,3,4
20333,1693227558210,1692255293985,1692255293989,1693227558224,14,4,10
20334,1693227558224,1692255293993,1692255293997,1693227558232,8,4,4
20335,1693227558232,1692255294001,1692255294004,1693227558239,7,3,4
20336,1693227558239,1692255294008,1692255294011,1693227558247,8,3,5
20337,1693227558247,1692255294016,1692255294020,1693227558255,8,4,4
20338,1693227558255,1692255294024,1692255294027,1693227558262,7,3,4
20339,1693227558262,1692255294032,1692255294035,1693227558270,8,3,5
20340,1693227558270,1692255294041,1692255294045,1693227558280,10,4,6
20341,1693227558280,1692255294049,1692255294053,1693227558288,8,4,4
20342,1693227558288,1692255294057,1692255294060,1693227558298,10,3,7
20343,1693227558298,1692255294067,1692255294071,1693227558306,8,4,4
20344,1693227558306,1692255294075,1692255294078,1693227558313,7,3,4
20345,1693227558313,1692255294083,1692255294086,1693227558321,8,3,5
20346,1693227558321,1692255294092,1692255294095,1693227558330,9,3,6
20347,1693227558330,1692255294099,1692255294103,1693227558338,8,4,4
20348,1693227558338,1692255294107,1692255294113,1693227558348,10,6,4
20349,1693227558348,1692255294117,1692255294121,1693227558356,8,4,4
20350,1693227558356,1692255294125,1692255294128,1693227558363,7,3,4
20351,1693227558363,1692255294132,1692255294135,1693227558370,7,3,4
20352,1693227558370,1692255294139,1692255294142,1693227558377,7,3,4
20353,1693227558377,1692255294147,1692255294150,1693227558385,8,3,5
20354,1693227558385,1692255294154,1692255294157,1693227558392,7,3,4
20355,1693227558392,1692255294162,1692255294165,1693227558400,8,3,5
20356,1693227558400,1692255294170,1692255294175,1693227558410,10,5,5
20357,1693227558411,1692255294181,1692255294184,1693227558419,8,3,5
20358,1693227558419,1692255294189,1692255294192,1693227558427,8,3,5
20359,1693227558427,1692255294198,1692255294202,1693227558437,10,4,6
20360,1693227558437,1692255294206,1692255294209,1693227558444,7,3,4
20361,1693227558444,1692255294213,1692255294216,1693227558451,7,3,4
20362,1693227558451,1692255294220,1692255294223,1693227558458,7,3,4
20363,1693227558458,1692255294227,1692255294231,1693227558466,8,4,4
20364,1693227558466,1692255294235,1692255294238,1693227558473,7,3,4
20365,1693227558473,1692255294242,1692255294245,1693227558480,7,3,4
20366,1693227558480,1692255294249,1692255294252,1693227558487,7,3,4
20367,1693227558487,1692255294256,1692255294260,1693227558495,8,4,4
20368,1693227558495,1692255294265,1692255294268,1693227558505,10,3,7
20369,1693227558505,1692255294275,1692255294279,1693227558514,9,4,5
20370,1693227558514,1692255294283,1692255294287,1693227558521,7,4,3
20371,1693227558521,1692255294291,1692255294294,1693227558529,8,3,5
20372,1693227558529,1692255294299,1692255294302,1693227558537,8,3,5
20373,1693227558537,1692255294306,1692255294309,1693227558544,7,3,4
20374,1693227558544,1692255294314,1692255294318,1693227558553,9,4,5
20375,1693227558553,1692255294322,1692255294325,1693227558560,7,3,4
20376,1693227558560,1692255294329,1692255294332,1693227558567,7,3,4
20377,1693227558567,1692255294336,1692255294340,1693227558575,8,4,4
20378,1693227558575,1692255294344,1692255294348,1693227558583,8,4,4
20379,1693227558583,1692255294352,1692255294356,1693227558591,8,4,4
20380,1693227558591,1692255294360,1692255294363,1693227558598,7,3,4
20381,1693227558598,1692255294368,1692255294373,1693227558608,10,5,5
20382,1693227558608,1692255294377,1692255294380,1693227558615,7,3,4
20383,1693227558615,1692255294384,1692255294387,1693227558622,7,3,4
20384,1693227558622,1692255294391,1692255294394,1693227558630,8,3,5
20385,1693227558630,1692255294401,1692255294404,1693227558640,10,3,7
20386,1693227558640,1692255294409,1692255294412,1693227558647,7,3,4
20387,1693227558647,1692255294416,1692255294420,1693227558654,7,4,3
20388,1693227558655,1692255294424,1692255294428,1693227558663,8,4,4
20389,1693227558663,1692255294432,1692255294436,1693227558671,8,4,4
20390,1693227558671,1692255294441,1692255294444,1693227558679,8,3,5
20391,1693227558679,1692255294449,1692255294453,1693227558688,9,4,5
20392,1693227558688,1692255294457,1692255294460,1693227558695,7,3,4
20393,1693227558695,1692255294465,1692255294470,1693227558707,12,5,7
20394,1693227558707,1692255294477,1692255294480,1693227558715,8,3,5
20395,1693227558715,1692255294485,1692255294489,1693227558724,9,4,5
20396,1693227558724,1692255294493,1692255294497,1693227558732,8,4,4
20397,1693227558732,1692255294502,1692255294504,1693227558739,7,2,5
20398,1693227558739,1692255294509,1692255294512,1693227558747,8,3,5
20399,1693227558747,1692255294516,1692255294520,1693227558755,8,4,4
20400,1693227558755,1692255294524,1692255294528,1693227558764,9,4,5
20401,1693227558764,1692255294534,1692255294537,1693227558772,8,3,5
20402,1693227558772,1692255294542,1692255294546,1693227558781,9,4,5
20403,1693227558781,1692255294553,1692255294556,1693227558791,10,3,7
20404,1693227558791,1692255294563,1692255294566,1693227558801,10,3,7
20405,1693227558801,1692255294571,1692255294574,1693227558811,10,3,7
20406,1693227558811,1692255294580,1692255294584,1693227558819,8,4,4
20407,1693227558819,1692255294588,1692255294592,1693227558827,8,4,4
20408,1693227558827,1692255294596,1692255294600,1693227558837,10,4,6
20409,1693227558837,1692255294606,1692255294610,1693227558845,8,4,4
20410,1693227558845,1692255294614,1692255294618,1693227558853,8,4,4
20411,1693227558853,1692255294622,1692255294626,1693227558861,8,4,4
20412,1693227558861,1692255294630,1692255294634,1693227558869,8,4,4
20413,1693227558869,1692255294638,1692255294642,1693227558877,8,4,4
20414,1693227558877,1692255294646,1692255294650,1693227558885,8,4,4
20415,1693227558885,1692255294655,1692255294659,1693227558894,9,4,5
20416,1693227558894,1692255294663,1692255294667,1693227558902,8,4,4
20417,1693227558902,1692255294671,1692255294674,1693227558909,7,3,4
20418,1693227558909,1692255294680,1692255294684,1693227558919,10,4,6
20419,1693227558919,1692255294688,1692255294691,1693227558926,7,3,4
20420,1693227558926,1692255294696,1692255294698,1693227558933,7,2,5
20421,1693227558934,1692255294703,1692255294706,1693227558941,7,3,4
20422,1693227558941,1692255294711,1692255294713,1693227558949,8,2,6
20423,1693227558949,1692255294719,1692255294722,1693227558957,8,3,5
20424,1693227558957,1692255294726,1692255294729,1693227558965,8,3,5
20425,1693227558965,1692255294734,1692255294736,1693227558971,6,2,4
20426,1693227558971,1692255294741,1692255294745,1693227558980,9,4,5
20427,1693227558980,1692255294749,1692255294752,1693227558987,7,3,4
20428,1693227558987,1692255294757,1692255294761,1693227558996,9,4,5
20429,1693227558996,1692255294766,1692255294768,1693227559003,7,2,5
20430,1693227559003,1692255294773,1692255294778,1693227559015,12,5,7
20431,1693227559015,1692255294784,1692255294787,1693227559022,7,3,4
20432,1693227559022,1692255294791,1692255294794,1693227559029,7,3,4
20433,1693227559029,1692255294799,1692255294801,1693227559036,7,2,5
20434,1693227559036,1692255294806,1692255294809,1693227559044,8,3,5
20435,1693227559044,1692255294813,1692255294817,1693227559052,8,4,4
20436,1693227559052,1692255294823,1692255294826,1693227559060,8,3,5
20437,1693227559060,1692255294829,1692255294832,1693227559067,7,3,4
20438,1693227559067,1692255294836,1692255294839,1693227559074,7,3,4
20439,1693227559074,1692255294843,1692255294846,1693227559081,7,3,4
20440,1693227559081,1692255294851,1692255294854,1693227559089,8,3,5
20441,1693227559089,1692255294858,1692255294861,1693227559096,7,3,4
20442,1693227559096,1692255294865,1692255294868,1693227559104,8,3,5
20443,1693227559104,1692255294874,1692255294877,1693227559112,8,3,5
20444,1693227559112,1692255294884,1692255294887,1693227559122,10,3,7
20445,1693227559122,1692255294892,1692255294895,1693227559130,8,3,5
20446,1693227559130,1692255294900,1692255294903,1693227559138,8,3,5
20447,1693227559138,1692255294907,1692255294910,1693227559145,7,3,4
20448,1693227559145,1692255294915,1692255294918,1693227559153,8,3,5
20449,1693227559153,1692255294922,1692255294926,1693227559161,8,4,4
20450,1693227559161,1692255294930,1692255294933,1693227559168,7,3,4
20451,1693227559168,1692255294938,1692255294942,1693227559177,9,4,5
20452,1693227559177,1692255294946,1692255294949,1693227559184,7,3,4
20453,1693227559184,1692255294953,1692255294957,1693227559192,8,4,4
20454,1693227559192,1692255294962,1692255294965,1693227559200,8,3,5
20455,1693227559201,1692255294970,1692255294973,1693227559208,7,3,4
20456,1693227559208,1692255294977,1692255294981,1693227559216,8,4,4
20457,1693227559216,1692255294987,1692255294990,1693227559226,10,3,7
20458,1693227559226,1692255294995,1692255294998,1693227559233,7,3,4
20459,1693227559233,1692255295003,1692255295005,1693227559240,7,2,5
20460,1693227559240,1692255295009,1692255295013,1693227559248,8,4,4
20461,1693227559248,1692255295024,1692255295029,1693227559264,16,5,11
20462,1693227559264,1692255295033,1692255295037,1693227559272,8,4,4
20463,1693227559272,1692255295041,1692255295045,1693227559280,8,4,4
20464,1693227559280,1692255295050,1692255295052,1693227559287,7,2,5
20465,1693227559287,1692255295057,1692255295060,1693227559295,8,3,5
20466,1693227559295,1692255295065,1692255295069,1693227559303,8,4,4
20467,1693227559303,1692255295072,1692255295077,1693227559312,9,5,4
20468,1693227559312,1692255295081,1692255295085,1693227559322,10,4,6
20469,1693227559322,1692255295092,1692255295094,1693227559329,7,2,5
20470,1693227559330,1692255295099,1692255295103,1693227559338,8,4,4
20471,1693227559338,1692255295108,1692255295113,1693227559348,10,5,5
20472,1693227559348,1692255295117,1692255295120,1693227559355,7,3,4
20473,1693227559355,1692255295124,1692255295127,1693227559363,8,3,5
20474,1693227559363,1692255295131,1692255295134,1693227559370,7,3,4
20475,1693227559370,1692255295139,1692255295143,1693227559378,8,4,4
20476,1693227559378,1692255295148,1692255295152,1693227559387,9,4,5
20477,1693227559387,1692255295157,1692255295160,1693227559395,8,3,5
20478,1693227559395,1692255295172,1692255295176,1693227559411,16,4,12
20479,1693227559411,1692255295180,1692255295184,1693227559419,8,4,4
20480,1693227559419,1692255295194,1692255295197,1693227559432,13,3,10
20481,1693227559432,1692255295202,1692255295205,1693227559439,7,3,4
20482,1693227559439,1692255295422,1692255295426,1693227559750,311,4,307
20483,1693227559750,1692255295519,1692255295523,1693227559758,8,4,4
20484,1693227559758,1692255295527,1692255295531,1693227559766,8,4,4
20485,1693227559766,1692255295535,1692255295539,1693227559774,8,4,4
20486,1693227559774,1692255295543,1692255295547,1693227559782,8,4,4
20487,1693227559782,1692255295552,1692255295555,1693227559790,8,3,5
20488,1693227559790,1692255295559,1692255295562,1693227559797,7,3,4
20489,1693227559797,1692255295566,1692255295569,1693227559804,7,3,4
20490,1693227559804,1692255295574,1692255295576,1693227559811,7,2,5
20491,1693227559812,1692255295581,1692255295584,1693227559819,7,3,4
20492,1693227559819,1692255295589,1692255295592,1693227559827,8,3,5
20493,1693227559827,1692255295596,1692255295600,1693227559847,20,4,16
20494,1693227559847,1692255295617,1692255295622,1693227559857,10,5,5
20495,1693227559857,1692255295627,1692255295630,1693227559866,9,3,6
20496,1693227559866,1692255295635,1692255295638,1693227559873,7,3,4
20497,1693227559873,1692255295642,1692255295645,1693227559880,7,3,4
20498,1693227559880,1692255295649,1692255295652,1693227559887,7,3,4
20499,1693227559887,1692255295657,1692255295660,1693227559895,8,3,5
20500,1693227559896,1692255295665,1692255295670,1693227559905,9,5,4
20501,1693227559905,1692255295674,1692255295677,1693227559912,7,3,4
20502,1693227559912,1692255295682,1692255295685,1693227559920,8,3,5
20503,1693227559920,1692255295690,1692255295694,1693227559929,9,4,5
20504,1693227559929,1692255295699,1692255295702,1693227559937,8,3,5
20505,1693227559937,1692255295706,1692255295709,1693227559945,8,3,5
20506,1693227559945,1692255295714,1692255295717,1693227559955,10,3,7
20507,1693227559955,1692255295724,1692255295728,1693227559963,8,4,4
20508,1693227559963,1692255295732,1692255295735,1693227559970,7,3,4
20509,1693227559970,1692255295740,1692255295742,1693227559977,7,2,5
20510,1693227559978,1692255295747,1692255295750,1693227559985,7,3,4
20511,1693227559985,1692255295754,1692255295757,1693227559992,7,3,4
20512,1693227559992,1692255295761,1692255295765,1693227560000,8,4,4
20513,1693227560000,1692255295769,1692255295773,1693227560008,8,4,4
20514,1693227560008,1692255295777,1692255295781,1693227560016,8,4,4
20515,1693227560016,1692255295785,1692255295789,1693227560024,8,4,4
20516,1693227560024,1692255295794,1692255295798,1693227560032,8,4,4
20517,1693227560032,1692255295801,1692255295804,1693227560039,7,3,4
20518,1693227560039,1692255295808,1692255295812,1693227560047,8,4,4
20519,1693227560047,1692255295818,1692255295822,1693227560057,10,4,6
20520,1693227560057,1692255295826,1692255295830,1693227560065,8,4,4
20521,1693227560065,1692255295835,1692255295838,1693227560073,8,3,5
20522,1693227560073,1692255295842,1692255295845,1693227560080,7,3,4
20523,1693227560080,1692255295849,1692255295852,1693227560088,8,3,5
20524,1693227560088,1692255295858,1692255295861,1693227560096,8,3,5
20525,1693227560096,1692255295865,1692255295867,1693227560102,6,2,4
20526,1693227560102,1692255295872,1692255295875,1693227560109,7,3,4
20527,1693227560110,1692255295879,1692255295881,1693227560116,6,2,4
20528,1693227560116,1692255295885,1692255295889,1693227560124,8,4,4
20529,1693227560124,1692255295894,1692255295897,1693227560132,8,3,5
20530,1693227560132,1692255295902,1692255295906,1693227560141,9,4,5
20531,1693227560141,1692255295914,1692255295917,1693227560152,11,3,8
20532,1693227560152,1692255295922,1692255295926,1693227560161,9,4,5
20533,1693227560161,1692255295931,1692255295935,1693227560170,9,4,5
20534,1693227560170,1692255295940,1692255295943,1693227560178,8,3,5
20535,1693227560178,1692255295948,1692255295951,1693227560187,9,3,6
20536,1693227560187,1692255295957,1692255295961,1693227560195,8,4,4
20537,1693227560195,1692255295965,1692255295969,1693227560204,9,4,5
20538,1693227560204,1692255295973,1692255295976,1693227560212,8,3,5
20539,1693227560212,1692255295981,1692255295986,1693227560221,9,5,4
20540,1693227560221,1692255295990,1692255295993,1693227560228,7,3,4
20541,1693227560228,1692255295997,1692255296000,1693227560235,7,3,4
20542,1693227560235,1692255296004,1692255296008,1693227560243,8,4,4
20543,1693227560243,1692255296013,1692255296016,1693227560250,7,3,4
20544,1693227560250,1692255296020,1692255296024,1693227560258,8,4,4
20545,1693227560258,1692255296027,1692255296031,1693227560266,8,4,4
20546,1693227560266,1692255296035,1692255296038,1693227560273,7,3,4
20547,1693227560273,1692255296042,1692255296046,1693227560280,7,4,3
20548,1693227560280,1692255296050,1692255296053,1693227560288,8,3,5
20549,1693227560288,1692255296057,1692255296060,1693227560295,7,3,4
20550,1693227560295,1692255296064,1692255296068,1693227560303,8,4,4
20551,1693227560303,1692255296072,1692255296075,1693227560310,7,3,4
20552,1693227560310,1692255296079,1692255296083,1693227560317,7,4,3
20553,1693227560317,1692255296089,1692255296092,1693227560327,10,3,7
20554,1693227560327,1692255296097,1692255296100,1693227560335,8,3,5
20555,1693227560335,1692255296104,1692255296106,1693227560341,6,2,4
20556,1693227560341,1692255296113,1692255296117,1693227560352,11,4,7
20557,1693227560352,1692255296121,1692255296124,1693227560359,7,3,4
20558,1693227560359,1692255296128,1692255296132,1693227560367,8,4,4
20559,1693227560367,1692255296144,1692255296148,1693227560383,16,4,12
20560,1693227560383,1692255296152,1692255296155,1693227560390,7,3,4
20561,1693227560390,1692255296160,1692255296163,1693227560398,8,3,5
20562,1693227560398,1692255296167,1692255296171,1693227560406,8,4,4
20563,1693227560406,1692255296175,1692255296178,1693227560413,7,3,4
20564,1693227560413,1692255296182,1692255296185,1693227560420,7,3,4
20565,1693227560420,1692255296190,1692255296194,1693227560429,9,4,5
20566,1693227560429,1692255296200,1692255296203,1693227560438,9,3,6
20567,1693227560438,1692255296207,1692255296211,1693227560450,12,4,8
20568,1693227560450,1692255296220,1692255296223,1693227560458,8,3,5
20569,1693227560458,1692255296227,1692255296230,1693227560465,7,3,4
20570,1693227560465,1692255296235,1692255296238,1693227560473,8,3,5
20571,1693227560473,1692255296243,1692255296246,1693227560481,8,3,5
20572,1693227560481,1692255296250,1692255296253,1693227560487,6,3,3
20573,1693227560488,1692255296257,1692255296261,1693227560496,8,4,4
20574,1693227560496,1692255296265,1692255296268,1693227560503,7,3,4
20575,1693227560503,1692255296273,1692255296278,1693227560513,10,5,5
20576,1693227560513,1692255296283,1692255296286,1693227560521,8,3,5
20577,1693227560521,1692255296290,1692255296293,1693227560528,7,3,4
20578,1693227560528,1692255296298,1692255296301,1693227560536,8,3,5
20579,1693227560536,1692255296306,1692255296310,1693227560545,9,4,5
20580,1693227560545,1692255296315,1692255296318,1693227560553,8,3,5
20581,1693227560553,1692255296323,1692255296327,1693227560562,9,4,5
20582,1693227560562,1692255296331,1692255296335,1693227560570,8,4,4
20583,1693227560570,1692255296339,1692255296342,1693227560577,7,3,4
20584,1693227560577,1692255296347,1692255296349,1693227560584,7,2,5
20585,1693227560584,1692255296354,1692255296357,1693227560592,8,3,5
20586,1693227560592,1692255296361,1692255296365,1693227560600,8,4,4
20587,1693227560600,1692255296370,1692255296373,1693227560608,8,3,5
20588,1693227560608,1692255296377,1692255296381,1693227560616,8,4,4
20589,1693227560616,1692255296385,1692255296389,1693227560624,8,4,4
20590,1693227560624,1692255296393,1692255296396,1693227560631,7,3,4
20591,1693227560631,1692255296400,1692255296403,1693227560638,7,3,4
20592,1693227560638,1692255296408,1692255296411,1693227560646,8,3,5
20593,1693227560646,1692255296415,1692255296418,1693227560653,7,3,4
20594,1693227560653,1692255296423,1692255296426,1693227560661,8,3,5
20595,1693227560662,1692255296434,1692255296437,1693227560672,10,3,7
20596,1693227560672,1692255296441,1692255296445,1693227560680,8,4,4
20597,1693227560680,1692255296450,1692255296452,1693227560687,7,2,5
20598,1693227560687,1692255296456,1692255296459,1693227560694,7,3,4
20599,1693227560694,1692255296464,1692255296467,1693227560702,8,3,5
20600,1693227560702,1692255296472,1692255296475,1693227560710,8,3,5
20601,1693227560710,1692255296480,1692255296484,1693227560719,9,4,5
20602,1693227560719,1692255296488,1692255296491,1693227560726,7,3,4
20603,1693227560726,1692255296495,1692255296498,1693227560733,7,3,4
20604,1693227560733,1692255296504,1692255296508,1693227560744,11,4,7
20605,1693227560744,1692255296513,1692255296517,1693227560752,8,4,4
20606,1693227560752,1692255296523,1692255296527,1693227560762,10,4,6
20607,1693227560762,1692255296531,1692255296535,1693227560769,7,4,3
20608,1693227560769,1692255296540,1692255296543,1693227560778,9,3,6
20609,1693227560778,1692255296548,1692255296551,1693227560786,8,3,5
20610,1693227560786,1692255296556,1692255296559,1693227560794,8,3,5
20611,1693227560794,1692255296562,1692255296565,1693227560800,6,3,3
20612,1693227560800,1692255296569,1692255296574,1693227560809,9,5,4
20613,1693227560809,1692255296578,1692255296581,1693227560816,7,3,4
20614,1693227560816,1692255296586,1692255296589,1693227560824,8,3,5
20615,1693227560824,1692255296595,1692255296598,1693227560833,9,3,6
20616,1693227560833,1692255296603,1692255296606,1693227560841,8,3,5
20617,1693227560841,1692255296611,1692255296614,1693227560849,8,3,5
20618,1693227560849,1692255296618,1692255296621,1693227560859,10,3,7
20619,1693227560859,1692255296628,1692255296632,1693227560867,8,4,4
20620,1693227560867,1692255296637,1692255296640,1693227560875,8,3,5
20621,1693227560875,1692255296645,1692255296648,1693227560884,9,3,6
20622,1693227560884,1692255296654,1692255296657,1693227560892,8,3,5
20623,1693227560892,1692255296662,1692255296665,1693227560901,9,3,6
20624,1693227560901,1692255296670,1692255296673,1693227560908,7,3,4
20625,1693227560908,1692255296678,1692255296682,1693227560917,9,4,5
20626,1693227560917,1692255296686,1692255296690,1693227560925,8,4,4
20627,1693227560925,1692255296695,1692255296698,1693227560933,8,3,5
20628,1693227560933,1692255296702,1692255296705,1693227560940,7,3,4
20629,1693227560940,1692255296709,1692255296712,1693227560948,8,3,5
20630,1693227560948,1692255296717,1692255296721,1693227560956,8,4,4
20631,1693227560956,1692255296730,1692255296733,1693227560968,12,3,9
20632,1693227560968,1692255296737,1692255296740,1693227560975,7,3,4
20633,1693227560975,1692255296744,1692255296747,1693227560982,7,3,4
20634,1693227560982,1692255296752,1692255296755,1693227560990,8,3,5
20635,1693227560990,1692255296763,1692255296767,1693227561002,12,4,8
20636,1693227561002,1692255296772,1692255296775,1693227561010,8,3,5
20637,1693227561010,1692255296780,1692255296785,1693227561020,10,5,5
20638,1693227561020,1692255296789,1692255296793,1693227561028,8,4,4
20639,1693227561028,1692255296798,1692255296801,1693227561036,8,3,5
20640,1693227561036,1692255296806,1692255296809,1693227561044,8,3,5
20641,1693227561044,1692255296814,1692255296817,1693227561052,8,3,5
20642,1693227561052,1692255296821,1692255296825,1693227561063,11,4,7
20643,1693227561063,1692255296833,1692255296836,1693227561071,8,3,5
20644,1693227561071,1692255296841,1692255296845,1693227561081,10,4,6
20645,1693227561081,1692255296850,1692255296854,1693227561089,8,4,4
20646,1693227561089,1692255296859,1692255296862,1693227561097,8,3,5
20647,1693227561097,1692255296866,1692255296869,1693227561104,7,3,4
20648,1693227561104,1692255296874,1692255296878,1693227561114,10,4,6
20649,1693227561114,1692255296883,1692255296886,1693227561121,7,3,4
20650,1693227561121,1692255296890,1692255296894,1693227561129,8,4,4
20651,1693227561129,1692255296899,1692255296902,1693227561137,8,3,5
20652,1693227561137,1692255296906,1692255296909,1693227561144,7,3,4
20653,1693227561144,1692255296913,1692255296916,1693227561152,8,3,5
20654,1693227561152,1692255296921,1692255296924,1693227561158,6,3,3
20655,1693227561158,1692255296928,1692255296932,1693227561167,9,4,5
20656,1693227561167,1692255296936,1692255296939,1693227561174,7,3,4
20657,1693227561174,1692255296943,1692255296946,1693227561181,7,3,4
20658,1693227561181,1692255296951,1692255296954,1693227561190,9,3,6
20659,1693227561190,1692255296960,1692255296964,1693227561199,9,4,5
20660,1693227561199,1692255296968,1692255296971,1693227561206,7,3,4
20661,1693227561206,1692255296975,1692255296979,1693227561214,8,4,4
20662,1693227561214,1692255296983,1692255296986,1693227561221,7,3,4
20663,1693227561221,1692255296990,1692255296994,1693227561229,8,4,4
20664,1693227561229,1692255296999,1692255297002,1693227561237,8,3,5
20665,1693227561237,1692255297007,1692255297011,1693227561246,9,4,5
20666,1693227561246,1692255297015,1692255297019,1693227561254,8,4,4
20667,1693227561254,1692255297023,1692255297026,1693227561261,7,3,4
20668,1693227561261,1692255297031,1692255297034,1693227561269,8,3,5
20669,1693227561269,1692255297039,1692255297042,1693227561277,8,3,5
20670,1693227561277,1692255297047,1692255297050,1693227561285,8,3,5
20671,1693227561286,1692255297055,1692255297059,1693227561294,8,4,4
20672,1693227561294,1692255297063,1692255297066,1693227561301,7,3,4
20673,1693227561301,1692255297071,1692255297075,1693227561310,9,4,5
20674,1693227561310,1692255297081,1692255297084,1693227561320,10,3,7
20675,1693227561320,1692255297089,1692255297093,1693227561328,8,4,4
20676,1693227561328,1692255297098,1692255297101,1693227561336,8,3,5
20677,1693227561336,1692255297105,1692255297109,1693227561344,8,4,4
20678,1693227561344,1692255297114,1692255297117,1693227561352,8,3,5
20679,1693227561352,1692255297122,1692255297125,1693227561360,8,3,5
20680,1693227561360,1692255297130,1692255297133,1693227561370,10,3,7
20681,1693227561370,1692255297140,1692255297144,1693227561378,8,4,4
20682,1693227561378,1692255297147,1692255297150,1693227561385,7,3,4
20683,1693227561385,1692255297155,1692255297158,1693227561393,8,3,5
20684,1693227561393,1692255297163,1692255297166,1693227561401,8,3,5
20685,1693227561401,1692255297170,1692255297175,1693227561410,9,5,4
20686,1693227561410,1692255297179,1692255297183,1693227561417,7,4,3
20687,1693227561418,1692255297186,1692255297190,1693227561425,7,4,3
20688,1693227561425,1692255297194,1692255297197,1693227561432,7,3,4
20689,1693227561432,1692255297202,1692255297205,1693227561440,8,3,5
20690,1693227561440,1692255297209,1692255297212,1693227561447,7,3,4
20691,1693227561447,1692255297217,1692255297220,1693227561455,8,3,5
20692,1693227561455,1692255297225,1692255297228,1693227561462,7,3,4
20693,1693227561463,1692255297232,1692255297236,1693227561472,9,4,5
20694,1693227561472,1692255297242,1692255297245,1693227561480,8,3,5
20695,1693227561480,1692255297250,1692255297253,1693227561488,8,3,5
20696,1693227561488,1692255297258,1692255297261,1693227561496,8,3,5
20697,1693227561496,1692255297266,1692255297269,1693227561504,8,3,5
20698,1693227561504,1692255297274,1692255297277,1693227561512,8,3,5
20699,1693227561512,1692255297281,1692255297284,1693227561519,7,3,4
20700,1693227561519,1692255297288,1692255297291,1693227561526,7,3,4
20701,1693227561526,1692255297295,1692255297299,1693227561534,8,4,4
20702,1693227561534,1692255297304,1692255297307,1693227561542,8,3,5
20703,1693227561542,1692255297311,1692255297314,1693227561549,7,3,4
20704,1693227561549,1692255297319,1692255297322,1693227561557,8,3,5
20705,1693227561557,1692255297326,1692255297329,1693227561564,7,3,4
20706,1693227561564,1692255297334,1692255297337,1693227561572,8,3,5
20707,1693227561572,1692255297342,1692255297346,1693227561581,9,4,5
20708,1693227561581,1692255297350,1692255297353,1693227561588,7,3,4
20709,1693227561588,1692255297358,1692255297361,1693227561596,8,3,5
20710,1693227561596,1692255297367,1692255297370,1693227561605,9,3,6
20711,1693227561605,1692255297375,1692255297378,1693227561614,9,3,6
20712,1693227561614,1692255297384,1692255297387,1693227561622,8,3,5
20713,1693227561622,1692255297393,1692255297396,1693227561631,9,3,6
20714,1693227561631,1692255297401,1692255297404,1693227561639,8,3,5
20715,1693227561639,1692255297408,1692255297412,1693227561647,8,4,4
20716,1693227561647,1692255297418,1692255297421,1693227561656,9,3,6
20717,1693227561656,1692255297427,1692255297430,1693227561665,9,3,6
20718,1693227561665,1692255297434,1692255297438,1693227561673,8,4,4
20719,1693227561673,1692255297444,1692255297448,1693227561683,10,4,6
20720,1693227561683,1692255297452,1692255297455,1693227561690,7,3,4
20721,1693227561690,1692255297460,1692255297463,1693227561698,8,3,5
20722,1693227561698,1692255297467,1692255297473,1693227561707,9,6,3
20723,1693227561707,1692255297477,1692255297480,1693227561715,8,3,5
20724,1693227561715,1692255297485,1692255297487,1693227561722,7,2,5
20725,1693227561722,1692255297491,1692255297495,1693227561730,8,4,4
20726,1693227561730,1692255297499,1692255297502,1693227561737,7,3,4
20727,1693227561737,1692255297507,1692255297509,1693227561744,7,2,5
20728,1693227561744,1692255297513,1692255297517,1693227561752,8,4,4
20729,1693227561752,1692255297523,1692255297526,1693227561761,9,3,6
20730,1693227561761,1692255297531,1692255297534,1693227561770,9,3,6
20731,1693227561770,1692255297539,1692255297542,1693227561780,10,3,7
20732,1693227561780,1692255297549,1692255297552,1693227561787,7,3,4
20733,1693227561787,1692255297556,1692255297560,1693227561795,8,4,4
20734,1693227561795,1692255297564,1692255297566,1693227561801,6,2,4
20735,1693227561801,1692255297573,1692255297576,1693227561812,11,3,8
20736,1693227561812,1692255297581,1692255297584,1693227561819,7,3,4
20737,1693227561819,1692255297588,1692255297592,1693227561826,7,4,3
20738,1693227561826,1692255297596,1692255297599,1693227561834,8,3,5
20739,1693227561834,1692255297603,1692255297607,1693227561842,8,4,4
20740,1693227561842,1692255297611,1692255297615,1693227561850,8,4,4
20741,1693227561850,1692255297620,1692255297623,1693227561858,8,3,5
20742,1693227561858,1692255297628,1692255297632,1693227561867,9,4,5
20743,1693227561867,1692255297636,1692255297640,1693227561874,7,4,3
20744,1693227561874,1692255297644,1692255297647,1693227561883,9,3,6
20745,1693227561883,1692255297652,1692255297656,1693227561891,8,4,4
20746,1693227561891,1692255297661,1692255297665,1693227561900,9,4,5
20747,1693227561900,1692255297669,1692255297672,1693227561907,7,3,4
20748,1693227561907,1692255297678,1692255297681,1693227561916,9,3,6
20749,1693227561916,1692255297686,1692255297689,1693227561923,7,3,4
20750,1693227561923,1692255297692,1692255297695,1693227561930,7,3,4
20751,1693227561930,1692255297700,1692255297703,1693227561938,8,3,5
20752,1693227561938,1692255297707,1692255297711,1693227561946,8,4,4
20753,1693227561946,1692255297721,1692255297724,1693227561959,13,3,10
20754,1693227561959,1692255297728,1692255297732,1693227561968,9,4,5
20755,1693227561968,1692255297744,1692255297747,1693227561985,17,3,14
20756,1693227561985,1692255297754,1692255297758,1693227561993,8,4,4
20757,1693227561993,1692255297762,1692255297766,1693227562000,7,4,3
20758,1693227562001,1692255297769,1692255297773,1693227562007,6,4,2
20759,1693227562007,1692255297777,1692255297782,1693227562017,10,5,5
20760,1693227562017,1692255297787,1692255297790,1693227562025,8,3,5
20761,1693227562025,1692255297795,1692255297798,1693227562033,8,3,5
20762,1693227562033,1692255297802,1692255297805,1693227562040,7,3,4
20763,1693227562040,1692255297809,1692255297812,1693227562048,8,3,5
20764,1693227562048,1692255297817,1692255297820,1693227562055,7,3,4
20765,1693227562055,1692255297824,1692255297828,1693227562063,8,4,4
20766,1693227562063,1692255297832,1692255297835,1693227562070,7,3,4
20767,1693227562070,1692255297840,1692255297844,1693227562079,9,4,5
20768,1693227562079,1692255297848,1692255297851,1693227562087,8,3,5
20769,1693227562087,1692255297856,1692255297860,1693227562095,8,4,4
20770,1693227562095,1692255297865,1692255297868,1693227562103,8,3,5
20771,1693227562103,1692255297873,1692255297876,1693227562111,8,3,5
20772,1693227562111,1692255297881,1692255297884,1693227562119,8,3,5
20773,1693227562119,1692255297888,1692255297891,1693227562126,7,3,4
20774,1693227562126,1692255297896,1692255297899,1693227562134,8,3,5
20775,1693227562134,1692255297903,1692255297907,1693227562142,8,4,4
20776,1693227562142,1692255297912,1692255297915,1693227562150,8,3,5
20777,1693227562150,1692255297919,1692255297923,1693227562158,8,4,4
20778,1693227562158,1692255297928,1692255297932,1693227562167,9,4,5
20779,1693227562167,1692255297937,1692255297940,1693227562175,8,3,5
20780,1693227562175,1692255297945,1692255297948,1693227562183,8,3,5
20781,1693227562183,1692255297953,1692255297955,1693227562190,7,2,5
20782,1693227562190,1692255297960,1692255297964,1693227562199,9,4,5
20783,1693227562199,1692255297969,1692255297972,1693227562207,8,3,5
20784,1693227562207,1692255297976,1692255297980,1693227562215,8,4,4
20785,1693227562215,1692255297984,1692255297988,1693227562223,8,4,4
20786,1693227562223,1692255297992,1692255297994,1693227562229,6,2,4
20787,1693227562229,1692255297999,1692255298003,1693227562238,9,4,5
20788,1693227562238,1692255298007,1692255298011,1693227562245,7,4,3
20789,1693227562245,1692255298015,1692255298018,1693227562252,7,3,4
20790,1693227562252,1692255298022,1692255298026,1693227562261,9,4,5
20791,1693227562261,1692255298031,1692255298034,1693227562269,8,3,5
20792,1693227562269,1692255298039,1692255298042,1693227562277,8,3,5
20793,1693227562277,1692255298046,1692255298049,1693227562284,7,3,4
20794,1693227562284,1692255298053,1692255298056,1693227562292,8,3,5
20795,1693227562292,1692255298061,1692255298064,1693227562299,7,3,4
20796,1693227562299,1692255298068,1692255298074,1693227562309,10,6,4
20797,1693227562310,1692255298079,1692255298082,1693227562318,8,3,5
20798,1693227562318,1692255298087,1692255298091,1693227562325,7,4,3
20799,1693227562325,1692255298095,1692255298098,1693227562333,8,3,5
20800,1693227562333,1692255298102,1692255298106,1693227562341,8,4,4
20801,1693227562341,1692255298110,1692255298112,1693227562347,6,2,4
20802,1693227562347,1692255298117,1692255298120,1693227562355,8,3,5
20803,1693227562355,1692255298124,1692255298128,1693227562363,8,4,4
20804,1693227562363,1692255298132,1692255298135,1693227562370,7,3,4
20805,1693227562370,1692255298139,1692255298143,1693227562378,8,4,4
20806,1693227562378,1692255298147,1692255298151,1693227562386,8,4,4
20807,1693227562386,1692255298155,1692255298158,1693227562394,8,3,5
20808,1693227562394,1692255298163,1692255298166,1693227562401,7,3,4
20809,1693227562401,1692255298171,1692255298174,1693227562408,7,3,4
20810,1693227562408,1692255298178,1692255298181,1693227562416,8,3,5
20811,1693227562416,1692255298185,1692255298189,1693227562423,7,4,3
20812,1693227562423,1692255298193,1692255298196,1693227562431,8,3,5
20813,1693227562431,1692255298201,1692255298205,1693227562440,9,4,5
20814,1693227562440,1692255298210,1692255298213,1693227562448,8,3,5
20815,1693227562448,1692255298217,1692255298220,1693227562455,7,3,4
20816,1693227562455,1692255298224,1692255298228,1693227562463,8,4,4
20817,1693227562463,1692255298232,1692255298236,1693227562471,8,4,4
20818,1693227562471,1692255298240,1692255298243,1693227562479,8,3,5
20819,1693227562479,1692255298248,1692255298251,1693227562485,6,3,3
20820,1693227562485,1692255298255,1692255298257,1693227562492,7,2,5
20821,1693227562492,1692255298264,1692255298268,1693227562503,11,4,7
20822,1693227562503,1692255298272,1692255298275,1693227562510,7,3,4
20823,1693227562510,1692255298280,1692255298283,1693227562518,8,3,5
20824,1693227562518,1692255298290,1692255298294,1693227562529,11,4,7
20825,1693227562529,1692255298298,1692255298301,1693227562536,7,3,4
20826,1693227562536,1692255298305,1692255298308,1693227562543,7,3,4
20827,1693227562543,1692255298312,1692255298316,1693227562551,8,4,4
20828,1693227562551,1692255298320,1692255298323,1693227562558,7,3,4
20829,1693227562558,1692255298327,1692255298330,1693227562565,7,3,4
20830,1693227562565,1692255298335,1692255298338,1693227562573,8,3,5
20831,1693227562573,1692255298342,1692255298345,1693227562580,7,3,4
20832,1693227562580,1692255298350,1692255298353,1693227562588,8,3,5
20833,1693227562588,1692255298357,1692255298362,1693227562599,11,5,6
20834,1693227562599,1692255298368,1692255298371,1693227562606,7,3,4
20835,1693227562606,1692255298375,1692255298379,1693227562614,8,4,4
20836,1693227562614,1692255298392,1692255298395,1693227562631,17,3,14
20837,1693227562631,1692255298400,1692255298404,1693227562639,8,4,4
20838,1693227562639,1692255298408,1692255298411,1693227562646,7,3,4
20839,1693227562646,1692255298415,1692255298418,1693227562653,7,3,4
20840,1693227562653,1692255298426,1692255298430,1693227562665,12,4,8
20841,1693227562665,1692255298434,1692255298437,1693227562672,7,3,4
20842,1693227562672,1692255298441,1692255298444,1693227562679,7,3,4
20843,1693227562679,1692255298449,1692255298452,1693227562687,8,3,5
20844,1693227562687,1692255298456,1692255298459,1693227562694,7,3,4
20845,1693227562694,1692255298463,1692255298466,1693227562701,7,3,4
20846,1693227562701,1692255298471,1692255298475,1693227562710,9,4,5
20847,1693227562710,1692255298480,1692255298483,1693227562718,8,3,5
20848,1693227562718,1692255298491,1692255298495,1693227562730,12,4,8
20849,1693227562730,1692255298499,1692255298503,1693227562738,8,4,4
20850,1693227562738,1692255298507,1692255298510,1693227562745,7,3,4
20851,1693227562745,1692255298514,1692255298518,1693227562753,8,4,4
20852,1693227562753,1692255298523,1692255298526,1693227562761,8,3,5
20853,1693227562761,1692255298531,1692255298534,1693227562769,8,3,5
20854,1693227562769,1692255298539,1692255298542,1693227562777,8,3,5
20855,1693227562777,1692255298546,1692255298549,1693227562784,7,3,4
20856,1693227562784,1692255298553,1692255298556,1693227562792,8,3,5
20857,1693227562792,1692255298562,1692255298565,1693227562800,8,3,5
20858,1693227562800,1692255298571,1692255298574,1693227562809,9,3,6
20859,1693227562809,1692255298579,1692255298582,1693227562817,8,3,5
20860,1693227562817,1692255298586,1692255298589,1693227562823,6,3,3
20861,1693227562823,1692255298592,1692255298595,1693227562830,7,3,4
20862,1693227562830,1692255298600,1692255298602,1693227562837,7,2,5
20863,1693227562837,1692255298606,1692255298609,1693227562844,7,3,4
20864,1693227562844,1692255298614,1692255298618,1693227562852,8,4,4
20865,1693227562852,1692255298621,1692255298624,1693227562859,7,3,4
20866,1693227562859,1692255298629,1692255298632,1693227562867,8,3,5
20867,1693227562867,1692255298637,1692255298640,1693227562875,8,3,5
20868,1693227562875,1692255298644,1692255298648,1693227562883,8,4,4
20869,1693227562883,1692255298653,1692255298656,1693227562890,7,3,4
20870,1693227562891,1692255298660,1692255298665,1693227562900,9,5,4
20871,1693227562900,1692255298669,1692255298672,1693227562907,7,3,4
20872,1693227562907,1692255298676,1692255298679,1693227562914,7,3,4
20873,1693227562914,1692255298683,1692255298686,1693227562921,7,3,4
20874,1693227562921,1692255298691,1692255298694,1693227562929,8,3,5
20875,1693227562929,1692255298700,1692255298702,1693227562937,8,2,6
20876,1693227562937,1692255298706,1692255298710,1693227562945,8,4,4
20877,1693227562945,1692255298715,1692255298718,1693227562953,8,3,5
20878,1693227562953,1692255298723,1692255298726,1693227562961,8,3,5
20879,1693227562961,1692255298731,1692255298734,1693227562973,12,3,9
20880,1693227562973,1692255298743,1692255298746,1693227562981,8,3,5
20881,1693227562981,1692255298752,1692255298755,1693227562991,10,3,7
20882,1693227562991,1692255298760,1692255298763,1693227562998,7,3,4
20883,1693227562998,1692255298768,1692255298771,1693227563008,10,3,7
20884,1693227563008,1692255298778,1692255298782,1693227563017,9,4,5
20885,1693227563017,1692255298786,1692255298790,1693227563025,8,4,4
20886,1693227563025,1692255298794,1692255298797,1693227563032,7,3,4
20887,1693227563032,1692255298802,1692255298804,1693227563039,7,2,5
20888,1693227563039,1692255298809,1692255298812,1693227563047,8,3,5
20889,1693227563048,1692255298817,1692255298820,1693227563055,7,3,4
20890,1693227563055,1692255298824,1692255298828,1693227563064,9,4,5
20891,1693227563064,1692255298833,1692255298836,1693227563071,7,3,4
20892,1693227563071,1692255298841,1692255298844,1693227563080,9,3,6
20893,1693227563080,1692255298851,1692255298854,1693227563089,9,3,6
20894,1693227563089,1692255298859,1692255298863,1693227563098,9,4,5
20895,1693227563098,1692255298867,1692255298871,1693227563106,8,4,4
20896,1693227563106,1692255298878,1692255298881,1693227563116,10,3,7
20897,1693227563116,1692255298886,1692255298890,1693227563125,9,4,5
20898,1693227563125,1692255298895,1692255298899,1693227563134,9,4,5
20899,1693227563134,1692255298904,1692255298908,1693227563142,8,4,4
20900,1693227563142,1692255298912,1692255298915,1693227563150,8,3,5
20901,1693227563150,1692255298920,1692255298923,1693227563158,8,3,5
20902,1693227563158,1692255298927,1692255298930,1693227563165,7,3,4
20903,1693227563165,1692255298935,1692255298938,1693227563173,8,3,5
20904,1693227563173,1692255298943,1692255298946,1693227563181,8,3,5
20905,1693227563181,1692255298950,1692255298953,1693227563188,7,3,4
20906,1693227563188,1692255298958,1692255298961,1693227563197,9,3,6
20907,1693227563197,1692255298966,1692255298970,1693227563207,10,4,6
20908,1693227563207,1692255298976,1692255298979,1693227563214,7,3,4
20909,1693227563215,1692255298984,1692255298988,1693227563223,8,4,4
20910,1693227563223,1692255299001,1692255299005,1693227563240,17,4,13
20911,1693227563240,1692255299010,1692255299013,1693227563248,8,3,5
20912,1693227563248,1692255299023,1692255299026,1693227563261,13,3,10
20913,1693227563261,1692255299031,1692255299034,1693227563268,7,3,4
20914,1693227563268,1692255299037,1692255299041,1693227563276,8,4,4
20915,1693227563276,1692255299045,1692255299048,1693227563283,7,3,4
20916,1693227563283,1692255299053,1692255299056,1693227563291,8,3,5
20917,1693227563291,1692255299061,1692255299064,1693227563299,8,3,5
20918,1693227563299,1692255299068,1692255299072,1693227563306,7,4,3
20919,1693227563306,1692255299076,1692255299079,1693227563316,10,3,7
20920,1693227563316,1692255299085,1692255299089,1693227563324,8,4,4
20921,1693227563324,1692255299093,1692255299097,1693227563332,8,4,4
20922,1693227563332,1692255299103,1692255299108,1693227563343,11,5,6
20923,1693227563343,1692255299112,1692255299116,1693227563351,8,4,4
20924,1693227563351,1692255299120,1692255299123,1693227563358,7,3,4
20925,1693227563358,1692255299127,1692255299130,1693227563365,7,3,4
20926,1693227563365,1692255299134,1692255299138,1693227563373,8,4,4
20927,1693227563373,1692255299143,1692255299146,1693227563381,8,3,5
20928,1693227563381,1692255299151,1692255299154,1693227563388,7,3,4
20929,1693227563388,1692255299157,1692255299160,1693227563395,7,3,4
20930,1693227563395,1692255299165,1692255299168,1693227563403,8,3,5
20931,1693227563403,1692255299173,1692255299177,1693227563412,9,4,5
20932,1693227563412,1692255299181,1692255299185,1693227563420,8,4,4
20933,1693227563420,1692255299189,1692255299193,1693227563428,8,4,4
20934,1693227563428,1692255299197,1692255299200,1693227563435,7,3,4
20935,1693227563435,1692255299205,1692255299208,1693227563443,8,3,5
20936,1693227563443,1692255299214,1692255299217,1693227563452,9,3,6
20937,1693227563452,1692255299222,1692255299225,1693227563460,8,3,5
20938,1693227563460,1692255299229,1692255299233,1693227563467,7,4,3
20939,1693227563467,1692255299237,1692255299240,1693227563475,8,3,5
20940,1693227563475,1692255299244,1692255299247,1693227563482,7,3,4
20941,1693227563482,1692255299252,1692255299255,1693227563490,8,3,5
20942,1693227563490,1692255299259,1692255299263,1693227563499,9,4,5
20943,1693227563500,1692255299271,1692255299275,1693227563509,9,4,5
20944,1693227563509,1692255299279,1692255299284,1693227563520,11,5,6
20945,1693227563520,1692255299290,1692255299293,1693227563529,9,3,6
20946,1693227563529,1692255299298,1692255299301,1693227563536,7,3,4
20947,1693227563536,1692255299305,1692255299308,1693227563543,7,3,4
20948,1693227563543,1692255299313,1692255299317,1693227563551,8,4,4
20949,1693227563551,1692255299321,1692255299324,1693227563559,8,3,5
20950,1693227563559,1692255299331,1692255299335,1693227563569,10,4,6
20951,1693227563569,1692255299338,1692255299342,1693227563576,7,4,3
20952,1693227563576,1692255299346,1692255299349,1693227563583,7,3,4
20953,1693227563583,1692255299353,1692255299355,1693227563590,7,2,5
20954,1693227563590,1692255299359,1692255299363,1693227563597,7,4,3
20955,1693227563597,1692255299366,1692255299370,1693227563605,8,4,4
20956,1693227563605,1692255299374,1692255299378,1693227563612,7,4,3
20957,1693227563612,1692255299381,1692255299384,1693227563619,7,3,4
20958,1693227563619,1692255299391,1692255299394,1693227563629,10,3,7
20959,1693227563629,1692255299398,1692255299402,1693227563636,7,4,3
20960,1693227563636,1692255299406,1692255299409,1693227563643,7,3,4
20961,1693227563643,1692255299413,1692255299416,1693227563650,7,3,4
20962,1693227563650,1692255299419,1692255299423,1693227563657,7,4,3
20963,1693227563657,1692255299426,1692255299430,1693227563665,8,4,4
20964,1693227563665,1692255299434,1692255299437,1693227563671,6,3,3
20965,1693227563671,1692255299441,1692255299443,1693227563678,7,2,5
20966,1693227563678,1692255299448,1692255299451,1693227563686,8,3,5
20967,1693227563686,1692255299456,1692255299459,1693227563694,8,3,5
20968,1693227563694,1692255299463,1692255299467,1693227563702,8,4,4
20969,1693227563702,1692255299471,1692255299474,1693227563709,7,3,4
20970,1693227563709,1692255299478,1692255299481,1693227563716,7,3,4
20971,1693227563716,1692255299486,1692255299489,1693227563725,9,3,6
20972,1693227563725,1692255299494,1692255299498,1693227563733,8,4,4
20973,1693227563733,1692255299501,1692255299505,1693227563740,7,4,3
20974,1693227563740,1692255299509,1692255299512,1693227563747,7,3,4
20975,1693227563747,1692255299524,1692255299527,1693227563762,15,3,12
20976,1693227563762,1692255299532,1692255299536,1693227563771,9,4,5
20977,1693227563771,1692255299541,1692255299544,1693227563779,8,3,5
20978,1693227563779,1692255299548,1692255299552,1693227563787,8,4,4
20979,1693227563787,1692255299556,1692255299559,1693227563794,7,3,4
20980,1693227563794,1692255299563,1692255299565,1693227563800,6,2,4
20981,1693227563800,1692255299570,1692255299574,1693227563809,9,4,5
20982,1693227563809,1692255299579,1692255299582,1693227563817,8,3,5
20983,1693227563817,1692255299586,1692255299590,1693227563825,8,4,4
20984,1693227563825,1692255299595,1692255299599,1693227563833,8,4,4
20985,1693227563833,1692255299603,1692255299606,1693227563841,8,3,5
20986,1693227563841,1692255299610,1692255299613,1693227563848,7,3,4
20987,1693227563848,1692255299618,1692255299621,1693227563856,8,3,5
20988,1693227563856,1692255299626,1692255299630,1693227563865,9,4,5
20989,1693227563865,1692255299634,1692255299637,1693227563872,7,3,4
20990,1693227563872,1692255299641,1692255299644,1693227563879,7,3,4
20991,1693227563879,1692255299648,1692255299652,1693227563887,8,4,4
20992,1693227563887,1692255299656,1692255299660,1693227563895,8,4,4
20993,1693227563895,1692255299666,1692255299669,1693227563904,9,3,6
20994,1693227563904,1692255299674,1692255299678,1693227563913,9,4,5
20995,1693227563913,1692255299682,1692255299686,1693227563921,8,4,4
20996,1693227563921,1692255299690,1692255299696,1693227563932,11,6,5
20997,1693227563932,1692255299701,1692255299704,1693227563939,7,3,4
20998,1693227563939,1692255299709,1692255299713,1693227563948,9,4,5
20999,1693227563948,1692255299717,1692255299720,1693227563955,7,3,4
21000,1693227563955,1692255299725,1692255299728,1693227563963,8,3,5
21001,1693227563963,1692255299733,1692255299736,1693227563971,8,3,5
21002,1693227563971,1692255299740,1692255299743,1693227563979,8,3,5
21003,1693227563979,1692255299748,1692255299752,1693227563987,8,4,4
21004,1693227563987,1692255299756,1692255299759,1693227563994,7,3,4
21005,1693227563994,1692255299763,1692255299766,1693227564000,6,3,3
21006,1693227564000,1692255299769,1692255299772,1693227564007,7,3,4
21007,1693227564007,1692255299776,1692255299780,1693227564015,8,4,4
21008,1693227564015,1692255299784,1692255299787,1693227564022,7,3,4
21009,1693227564022,1692255299791,1692255299794,1693227564029,7,3,4
21010,1693227564029,1692255299800,1692255299803,1693227564038,9,3,6
21011,1693227564038,1692255299807,1692255299810,1693227564045,7,3,4
21012,1693227564045,1692255299815,1692255299818,1693227564053,8,3,5
21013,1693227564053,1692255299826,1692255299830,1693227564065,12,4,8
21014,1693227564065,1692255299834,1692255299837,1693227564072,7,3,4
21015,1693227564072,1692255299842,1692255299844,1693227564079,7,2,5
21016,1693227564079,1692255299848,1692255299852,1693227564087,8,4,4
21017,1693227564087,1692255299857,1692255299861,1693227564096,9,4,5
21018,1693227564096,1692255299866,1692255299870,1693227564105,9,4,5
21019,1693227564105,1692255299874,1692255299877,1693227564113,8,3,5
21020,1693227564113,1692255299885,1692255299888,1693227564123,10,3,7
21021,1693227564123,1692255299892,1692255299895,1693227564130,7,3,4
21022,1693227564130,1692255299902,1692255299905,1693227564140,10,3,7
21023,1693227564140,1692255299910,1692255299912,1693227564147,7,2,5
21024,1693227564147,1692255299917,1692255299921,1693227564156,9,4,5
21025,1693227564156,1692255299925,1692255299928,1693227564163,7,3,4
21026,1693227564163,1692255299932,1692255299936,1693227564171,8,4,4
21027,1693227564171,1692255299940,1692255299943,1693227564178,7,3,4
21028,1693227564178,1692255299948,1692255299951,1693227564186,8,3,5
21029,1693227564186,1692255299956,1692255299960,1693227564195,9,4,5
21030,1693227564195,1692255299964,1692255299968,1693227564203,8,4,4
21031,1693227564203,1692255299972,1692255299975,1693227564210,7,3,4
21032,1693227564210,1692255299980,1692255299983,1693227564218,8,3,5
21033,1693227564218,1692255299988,1692255299990,1693227564225,7,2,5
21034,1693227564226,1692255299995,1692255299998,1693227564233,7,3,4
21035,1693227564233,1692255300005,1692255300008,1693227564243,10,3,7
21036,1693227564243,1692255300012,1692255300015,1693227564250,7,3,4
21037,1693227564250,1692255300020,1692255300023,1693227564258,8,3,5
21038,1693227564258,1692255300027,1692255300031,1693227564266,8,4,4
21039,1693227564266,1692255300035,1692255300038,1693227564273,7,3,4
21040,1693227564273,1692255300043,1692255300046,1693227564281,8,3,5
21041,1693227564281,1692255300051,1692255300054,1693227564288,7,3,4
21042,1693227564289,1692255300058,1692255300061,1693227564296,7,3,4
21043,1693227564296,1692255300066,1692255300069,1693227564304,8,3,5
21044,1693227564304,1692255300074,1692255300076,1693227564312,8,2,6
21045,1693227564312,1692255300081,1692255300085,1693227564320,8,4,4
21046,1693227564320,1692255300090,1692255300093,1693227564328,8,3,5
21047,1693227564328,1692255300097,1692255300100,1693227564335,7,3,4
21048,1693227564335,1692255300107,1692255300111,1693227564346,11,4,7
21049,1693227564346,1692255300116,1692255300119,1693227564354,8,3,5
21050,1693227564354,1692255300123,1692255300126,1693227564361,7,3,4
21051,1693227564361,1692255300133,1692255300136,1693227564371,10,3,7
21052,1693227564371,1692255300141,1692255300143,1693227564378,7,2,5
21053,1693227564378,1692255300147,1692255300151,1693227564386,8,4,4
21054,1693227564386,1692255300156,1692255300161,1693227564396,10,5,5
21055,1693227564396,1692255300165,1692255300169,1693227564404,8,4,4
21056,1693227564404,1692255300173,1692255300176,1693227564411,7,3,4
21057,1693227564411,1692255300180,1692255300183,1693227564418,7,3,4
21058,1693227564418,1692255300188,1692255300191,1693227564426,8,3,5
21059,1693227564426,1692255300195,1692255300198,1693227564433,7,3,4
21060,1693227564433,1692255300203,1692255300206,1693227564442,9,3,6
21061,1693227564442,1692255300212,1692255300215,1693227564450,8,3,5
21062,1693227564450,1692255300219,1692255300221,1693227564456,6,2,4
21063,1693227564456,1692255300225,1692255300228,1693227564463,7,3,4
21064,1693227564463,1692255300232,1692255300236,1693227564471,8,4,4
21065,1693227564471,1692255300240,1692255300243,1693227564478,7,3,4
21066,1693227564478,1692255300247,1692255300250,1693227564485,7,3,4
21067,1693227564485,1692255300254,1692255300257,1693227564492,7,3,4
21068,1693227564492,1692255300261,1692255300264,1693227564499,7,3,4
21069,1693227564499,1692255300269,1692255300272,1693227564507,8,3,5
21070,1693227564507,1692255300282,1692255300286,1693227564521,14,4,10
21071,1693227564521,1692255300291,1692255300294,1693227564529,8,3,5
21072,1693227564529,1692255300304,1692255300307,1693227564544,15,3,12
21073,1693227564544,1692255300314,1692255300317,1693227564552,8,3,5
21074,1693227564552,1692255300322,1692255300325,1693227564560,8,3,5
21075,1693227564560,1692255300330,1692255300333,1693227564568,8,3,5
21076,1693227564568,1692255300338,1692255300341,1693227564576,8,3,5
21077,1693227564576,1692255300345,1692255300348,1693227564583,7,3,4
21078,1693227564583,1692255300352,1692255300355,1693227564590,7,3,4
21079,1693227564590,1692255300360,1692255300364,1693227564599,9,4,5
21080,1693227564599,1692255300370,1692255300373,1693227564608,9,3,6
21081,1693227564608,1692255300378,1692255300381,1693227564616,8,3,5
21082,1693227564616,1692255300385,1692255300388,1693227564623,7,3,4
21083,1693227564623,1692255300392,1692255300396,1693227564631,8,4,4
21084,1693227564631,1692255300400,1692255300403,1693227564638,7,3,4
21085,1693227564638,1692255300429,1692255300432,1693227564701,63,3,60
21086,1693227564701,1692255300473,1692255300476,1693227564711,10,3,7
21087,1693227564711,1692255300481,1692255300485,1693227564720,9,4,5
21088,1693227564721,1692255300491,1692255300495,1693227564730,9,4,5
21089,1693227564730,1692255300499,1692255300502,1693227564737,7,3,4
21090,1693227564737,1692255300506,1692255300511,1693227564746,9,5,4
21091,1693227564746,1692255300517,1692255300521,1693227564756,10,4,6
21092,1693227564756,1692255300525,1692255300529,1693227564764,8,4,4
21093,1693227564764,1692255300533,1692255300537,1693227564773,9,4,5
21094,1693227564773,1692255300543,1692255300546,1693227564781,8,3,5
21095,1693227564781,1692255300550,1692255300553,1693227564793,12,3,9
21096,1693227564793,1692255300562,1692255300565,1693227564800,7,3,4
21097,1693227564800,1692255300570,1692255300573,1693227564808,8,3,5
21098,1693227564808,1692255300577,1692255300581,1693227564816,8,4,4
21099,1693227564816,1692255300586,1692255300590,1693227564831,15,4,11
21100,1693227564831,1692255300607,1692255300610,1693227564845,14,3,11
21101,1693227564845,1692255300614,1692255300617,1693227564852,7,3,4
21102,1693227564852,1692255300621,1692255300625,1693227564868,16,4,12
21103,1693227564868,1692255300662,1692255300665,1693227564900,32,3,29
21104,1693227564900,1692255300670,1692255300672,1693227564907,7,2,5
21105,1693227564907,1692255300677,1692255300680,1693227564915,8,3,5
21106,1693227564915,1692255300684,1692255300688,1693227564923,8,4,4
21107,1693227564923,1692255300692,1692255300695,1693227564930,7,3,4
21108,1693227564930,1692255300700,1692255300703,1693227564938,8,3,5
21109,1693227564938,1692255300708,1692255300712,1693227564947,9,4,5
21110,1693227564947,1692255300716,1692255300719,1693227564955,8,3,5
21111,1693227564955,1692255300735,1692255300738,1693227564973,18,3,15
21112,1693227564973,1692255300743,1692255300746,1693227564985,12,3,9
21113,1693227564985,1692255300754,1692255300758,1693227564993,8,4,4
21114,1693227564993,1692255300762,1692255300766,1693227565000,7,4,3
21115,1693227565000,1692255300769,1692255300772,1693227565006,6,3,3
21116,1693227565006,1692255300776,1692255300779,1693227565014,8,3,5
21117,1693227565014,1692255300783,1692255300786,1693227565021,7,3,4
21118,1693227565021,1692255300790,1692255300793,1693227565028,7,3,4
21119,1693227565028,1692255300797,1692255300800,1693227565035,7,3,4
21120,1693227565035,1692255300804,1692255300806,1693227565041,6,2,4
21121,1693227565041,1692255300810,1692255300814,1693227565049,8,4,4
21122,1693227565049,1692255300819,1692255300823,1693227565058,9,4,5
21123,1693227565058,1692255300827,1692255300831,1693227565066,8,4,4
21124,1693227565066,1692255300835,1692255300838,1693227565073,7,3,4
21125,1693227565073,1692255300842,1692255300846,1693227565082,9,4,5
21126,1693227565082,1692255300851,1692255300854,1693227565089,7,3,4
21127,1693227565089,1692255300860,1692255300865,1693227565100,11,5,6
21128,1693227565100,1692255300869,1692255300872,1693227565107,7,3,4
21129,1693227565107,1692255300877,1692255300880,1693227565115,8,3,5
21130,1693227565115,1692255300883,1692255300887,1693227565122,7,4,3
21131,1693227565122,1692255300892,1692255300895,1693227565130,8,3,5
21132,1693227565130,1692255300899,1692255300903,1693227565138,8,4,4
21133,1693227565138,1692255300908,1692255300911,1693227565146,8,3,5
21134,1693227565146,1692255300915,1692255300918,1693227565153,7,3,4
21135,1693227565153,1692255300923,1692255300926,1693227565161,8,3,5
21136,1693227565161,1692255300930,1692255300933,1693227565168,7,3,4
21137,1693227565168,1692255300938,1692255300941,1693227565176,8,3,5
21138,1693227565176,1692255300946,1692255300949,1693227565185,9,3,6
21139,1693227565185,1692255300954,1692255300958,1693227565192,7,4,3
21140,1693227565193,1692255300962,1692255300964,1693227565200,7,2,5
21141,1693227565200,1692255300969,1692255300973,1693227565208,8,4,4
21142,1693227565208,1692255300977,1692255300980,1693227565215,7,3,4
21143,1693227565215,1692255300985,1692255300988,1693227565223,8,3,5
21144,1693227565223,1692255300993,1692255300996,1693227565231,8,3,5
21145,1693227565231,1692255301001,1692255301004,1693227565239,8,3,5
21146,1693227565239,1692255301008,1692255301011,1693227565246,7,3,4
21147,1693227565246,1692255301016,1692255301019,1693227565254,8,3,5
21148,1693227565254,1692255301024,1692255301027,1693227565262,8,3,5
21149,1693227565262,1692255301033,1692255301036,1693227565272,10,3,7
21150,1693227565272,1692255301041,1692255301045,1693227565280,8,4,4
21151,1693227565280,1692255301049,1692255301053,1693227565288,8,4,4
21152,1693227565288,1692255301058,1692255301062,1693227565297,9,4,5
21153,1693227565297,1692255301066,1692255301069,1693227565305,8,3,5
21154,1693227565305,1692255301074,1692255301078,1693227565313,8,4,4
21155,1693227565313,1692255301083,1692255301085,1693227565320,7,2,5
21156,1693227565320,1692255301090,1692255301092,1693227565327,7,2,5
21157,1693227565327,1692255301096,1692255301099,1693227565334,7,3,4
21158,1693227565334,1692255301104,1692255301107,1693227565342,8,3,5
21159,1693227565342,1692255301113,1692255301116,1693227565351,9,3,6
21160,1693227565351,1692255301121,1692255301124,1693227565359,8,3,5
21161,1693227565359,1692255301131,1692255301134,1693227565369,10,3,7
21162,1693227565370,1692255301139,1692255301142,1693227565377,7,3,4
21163,1693227565377,1692255301147,1692255301151,1693227565386,9,4,5
21164,1693227565386,1692255301157,1692255301162,1693227565397,11,5,6
21165,1693227565397,1692255301166,1692255301171,1693227565406,9,5,4
21166,1693227565406,1692255301175,1692255301178,1693227565413,7,3,4
21167,1693227565413,1692255301183,1692255301186,1693227565421,8,3,5
21168,1693227565421,1692255301190,1692255301194,1693227565429,8,4,4
21169,1693227565429,1692255301198,1692255301202,1693227565437,8,4,4
21170,1693227565437,1692255301207,1692255301210,1693227565445,8,3,5
21171,1693227565445,1692255301214,1692255301218,1693227565453,8,4,4
21172,1693227565453,1692255301222,1692255301225,1693227565460,7,3,4
21173,1693227565460,1692255301230,1692255301233,1693227565468,8,3,5
21174,1693227565468,1692255301237,1692255301241,1693227565476,8,4,4
21175,1693227565476,1692255301245,1692255301249,1693227565484,8,4,4
21176,1693227565484,1692255301253,1692255301256,1693227565491,7,3,4
21177,1693227565491,1692255301260,1692255301263,1693227565499,8,3,5
21178,1693227565499,1692255301269,1692255301272,1693227565507,8,3,5
21179,1693227565507,1692255301277,1692255301280,1693227565515,8,3,5
21180,1693227565515,1692255301285,1692255301288,1693227565523,8,3,5
21181,1693227565523,1692255301292,1692255301295,1693227565530,7,3,4
21182,1693227565530,1692255301300,1692255301303,1693227565538,8,3,5
21183,1693227565538,1692255301308,1692255301312,1693227565547,9,4,5
21184,1693227565547,1692255301317,1692255301320,1693227565555,8,3,5
21185,1693227565555,1692255301325,1692255301328,1693227565564,9,3,6
21186,1693227565564,1692255301336,1692255301339,1693227565575,11,3,8
21187,1693227565575,1692255301344,1692255301348,1693227565583,8,4,4
21188,1693227565583,1692255301352,1692255301356,1693227565591,8,4,4
21189,1693227565591,1692255301360,1692255301364,1693227565599,8,4,4
21190,1693227565599,1692255301371,1692255301374,1693227565610,11,3,8
21191,1693227565610,1692255301379,1692255301383,1693227565618,8,4,4
21192,1693227565618,1692255301390,1692255301394,1693227565629,11,4,7
21193,1693227565629,1692255301399,1692255301401,1693227565637,8,2,6
21194,1693227565637,1692255301406,1692255301409,1693227565644,7,3,4
21195,1693227565644,1692255301414,1692255301417,1693227565652,8,3,5
21196,1693227565652,1692255301422,1692255301425,1693227565660,8,3,5
21197,1693227565660,1692255301429,1692255301432,1693227565667,7,3,4
21198,1693227565667,1692255301438,1692255301441,1693227565676,9,3,6
21199,1693227565676,1692255301446,1692255301449,1693227565684,8,3,5
21200,1693227565684,1692255301454,1692255301457,1693227565692,8,3,5
21201,1693227565692,1692255301462,1692255301466,1693227565701,9,4,5
21202,1693227565701,1692255301471,1692255301474,1693227565709,8,3,5
21203,1693227565709,1692255301479,1692255301483,1693227565717,8,4,4
21204,1693227565717,1692255301487,1692255301490,1693227565725,8,3,5
21205,1693227565725,1692255301494,1692255301497,1693227565732,7,3,4
21206,1693227565732,1692255301501,1692255301504,1693227565739,7,3,4
21207,1693227565739,1692255301508,1692255301511,1693227565746,7,3,4
21208,1693227565746,1692255301516,1692255301520,1693227565755,9,4,5
21209,1693227565755,1692255301524,1692255301527,1693227565762,7,3,4
21210,1693227565762,1692255301531,1692255301535,1693227565769,7,4,3
21211,1693227565769,1692255301541,1692255301544,1693227565779,10,3,7
21212,1693227565779,1692255301548,1692255301551,1693227565786,7,3,4
21213,1693227565786,1692255301558,1692255301561,1693227565796,10,3,7
21214,1693227565796,1692255301566,1692255301569,1693227565804,8,3,5
21215,1693227565804,1692255301573,1692255301576,1693227565811,7,3,4
21216,1693227565811,1692255301580,1692255301583,1693227565818,7,3,4
21217,1693227565818,1692255301588,1692255301591,1693227565826,8,3,5
21218,1693227565826,1692255301595,1692255301598,1693227565833,7,3,4
21219,1693227565833,1692255301605,1692255301609,1693227565844,11,4,7
21220,1693227565844,1692255301614,1692255301617,1693227565852,8,3,5
21221,1693227565852,1692255301621,1692255301625,1693227565860,8,4,4
21222,1693227565860,1692255301629,1692255301632,1693227565867,7,3,4
21223,1693227565867,1692255301637,1692255301640,1693227565875,8,3,5
21224,1693227565875,1692255301645,1692255301648,1693227565883,8,3,5
21225,1693227565883,1692255301653,1692255301657,1693227565891,8,4,4
21226,1693227565891,1692255301661,1692255301664,1693227565898,7,3,4
21227,1693227565898,1692255301669,1692255301672,1693227565907,9,3,6
21228,1693227565907,1692255301677,1692255301680,1693227565915,8,3,5
21229,1693227565915,1692255301685,1692255301688,1693227565923,8,3,5
21230,1693227565923,1692255301693,1692255301696,1693227565931,8,3,5
21231,1693227565931,1692255301700,1692255301704,1693227565938,7,4,3
21232,1693227565938,1692255301708,1692255301711,1693227565946,8,3,5
21233,1693227565946,1692255301715,1692255301719,1693227565953,7,4,3
21234,1693227565953,1692255301722,1692255301726,1693227565961,8,4,4
21235,1693227565961,1692255301731,1692255301734,1693227565969,8,3,5
21236,1693227565969,1692255301738,1692255301742,1693227565979,10,4,6
21237,1693227565979,1692255301748,1692255301751,1693227565986,7,3,4
21238,1693227565986,1692255301759,1692255301764,1693227565999,13,5,8
21239,1693227565999,1692255301769,1692255301772,1693227566007,8,3,5
21240,1693227566007,1692255301776,1692255301780,1693227566015,8,4,4
21241,1693227566015,1692255301784,1692255301787,1693227566022,7,3,4
21242,1693227566022,1692255301791,1692255301794,1693227566029,7,3,4
21243,1693227566029,1692255301799,1692255301802,1693227566037,8,3,5
21244,1693227566037,1692255301807,1692255301810,1693227566045,8,3,5
21245,1693227566045,1692255301814,1692255301818,1693227566053,8,4,4
21246,1693227566053,1692255301822,1692255301825,1693227566060,7,3,4
21247,1693227566060,1692255301829,1692255301832,1693227566068,8,3,5
21248,1693227566068,1692255301837,1692255301840,1693227566075,7,3,4
21249,1693227566075,1692255301844,1692255301847,1693227566082,7,3,4
21250,1693227566082,1692255301852,1692255301856,1693227566091,9,4,5
21251,1693227566091,1692255301861,1692255301864,1693227566098,7,3,4
21252,1693227566098,1692255301868,1692255301872,1693227566107,9,4,5
21253,1693227566107,1692255301877,1692255301880,1693227566115,8,3,5
21254,1693227566115,1692255301884,1692255301887,1693227566122,7,3,4
21255,1693227566122,1692255301892,1692255301896,1693227566131,9,4,5
21256,1693227566131,1692255301901,1692255301904,1693227566138,7,3,4
21257,1693227566138,1692255301908,1692255301911,1693227566146,8,3,5
21258,1693227566146,1692255301915,1692255301919,1693227566154,8,4,4
21259,1693227566154,1692255301925,1692255301929,1693227566164,10,4,6
21260,1693227566164,1692255301933,1692255301936,1693227566171,7,3,4
21261,1693227566171,1692255301941,1692255301943,1693227566178,7,2,5
21262,1693227566178,1692255301950,1692255301953,1693227566188,10,3,7
21263,1693227566188,1692255301958,1692255301961,1693227566196,8,3,5
21264,1693227566196,1692255301965,1692255301968,1693227566203,7,3,4
21265,1693227566203,1692255301972,1692255301975,1693227566210,7,3,4
21266,1693227566210,1692255301979,1692255301983,1693227566218,8,4,4
21267,1693227566218,1692255301988,1692255301991,1693227566226,8,3,5
21268,1693227566226,1692255301995,1692255301998,1693227566233,7,3,4
21269,1693227566233,1692255302003,1692255302006,1693227566241,8,3,5
21270,1693227566241,1692255302010,1692255302013,1693227566248,7,3,4
21271,1693227566248,1692255302018,1692255302021,1693227566256,8,3,5
21272,1693227566256,1692255302026,1692255302029,1693227566264,8,3,5
21273,1693227566264,1692255302033,1692255302037,1693227566272,8,4,4
21274,1693227566272,1692255302041,1692255302045,1693227566280,8,4,4
21275,1693227566280,1692255302049,1692255302055,1693227566289,9,6,3
21276,1693227566290,1692255302059,1692255302063,1693227566298,8,4,4
21277,1693227566298,1692255302068,1692255302071,1693227566306,8,3,5
21278,1693227566306,1692255302075,1692255302078,1693227566313,7,3,4
21279,1693227566313,1692255302083,1692255302087,1693227566322,9,4,5
21280,1693227566322,1692255302092,1692255302095,1693227566330,8,3,5
21281,1693227566330,1692255302099,1692255302102,1693227566337,7,3,4
21282,1693227566337,1692255302107,1692255302111,1693227566345,8,4,4
21283,1693227566345,1692255302115,1692255302117,1693227566352,7,2,5
21284,1693227566353,1692255302122,1692255302125,1693227566360,7,3,4
21285,1693227566360,1692255302130,1692255302133,1693227566368,8,3,5
21286,1693227566368,1692255302137,1692255302140,1693227566375,7,3,4
21287,1693227566375,1692255302145,1692255302148,1693227566383,8,3,5
21288,1693227566383,1692255302152,1692255302155,1693227566390,7,3,4
21289,1693227566390,1692255302159,1692255302162,1693227566397,7,3,4
21290,1693227566397,1692255302168,1692255302172,1693227566407,10,4,6
21291,1693227566407,1692255302176,1692255302179,1693227566414,7,3,4
21292,1693227566414,1692255302184,1692255302187,1693227566422,8,3,5
21293,1693227566422,1692255302192,1692255302195,1693227566430,8,3,5
21294,1693227566430,1692255302200,1692255302203,1693227566438,8,3,5
21295,1693227566438,1692255302208,1692255302211,1693227566446,8,3,5
21296,1693227566446,1692255302216,1692255302219,1693227566454,8,3,5
21297,1693227566454,1692255302223,1692255302226,1693227566461,7,3,4
21298,1693227566461,1692255302230,1692255302234,1693227566469,8,4,4
21299,1693227566469,1692255302238,1692255302241,1693227566476,7,3,4
21300,1693227566476,1692255302245,1692255302248,1693227566483,7,3,4
21301,1693227566484,1692255302253,1692255302257,1693227566492,8,4,4
21302,1693227566492,1692255302262,1692255302264,1693227566499,7,2,5
21303,1693227566499,1692255302269,1692255302272,1693227566507,8,3,5
21304,1693227566507,1692255302276,1692255302279,1693227566514,7,3,4
21305,1693227566514,1692255302283,1692255302286,1693227566521,7,3,4
21306,1693227566521,1692255302291,1692255302294,1693227566529,8,3,5
21307,1693227566529,1692255302299,1692255302302,1693227566537,8,3,5
21308,1693227566537,1692255302307,1692255302310,1693227566545,8,3,5
21309,1693227566545,1692255302314,1692255302317,1693227566552,7,3,4
21310,1693227566552,1692255302322,1692255302325,1693227566560,8,3,5
21311,1693227566560,1692255302330,1692255302334,1693227566569,9,4,5
21312,1693227566569,1692255302339,1692255302344,1693227566579,10,5,5
21313,1693227566579,1692255302348,1692255302352,1693227566587,8,4,4
21314,1693227566587,1692255302356,1692255302360,1693227566595,8,4,4
21315,1693227566595,1692255302365,1692255302369,1693227566604,9,4,5
21316,1693227566604,1692255302374,1692255302378,1693227566613,9,4,5
21317,1693227566613,1692255302382,1692255302385,1693227566620,7,3,4
21318,1693227566620,1692255302389,1692255302393,1693227566627,7,4,3
21319,1693227566627,1692255302396,1692255302400,1693227566635,8,4,4
21320,1693227566635,1692255302405,1692255302408,1693227566643,8,3,5
21321,1693227566643,1692255302412,1692255302415,1693227566650,7,3,4
21322,1693227566650,1692255302420,1692255302423,1693227566658,8,3,5
21323,1693227566658,1692255302428,1692255302431,1693227566666,8,3,5
21324,1693227566666,1692255302435,1692255302438,1693227566673,7,3,4
21325,1693227566673,1692255302442,1692255302445,1693227566680,7,3,4
21326,1693227566680,1692255302449,1692255302452,1693227566687,7,3,4
21327,1693227566687,1692255302456,1692255302460,1693227566695,8,4,4
21328,1693227566695,1692255302465,1692255302468,1693227566703,8,3,5
21329,1693227566703,1692255302473,1692255302477,1693227566711,8,4,4
21330,1693227566711,1692255302481,1692255302484,1693227566718,7,3,4
21331,1693227566719,1692255302488,1692255302491,1693227566725,6,3,3
21332,1693227566725,1692255302495,1692255302498,1693227566733,8,3,5
21333,1693227566733,1692255302502,1692255302505,1693227566740,7,3,4
21334,1693227566740,1692255302509,1692255302512,1693227566746,6,3,3
21335,1693227566746,1692255302515,1692255302518,1693227566753,7,3,4
21336,1693227566753,1692255302522,1692255302526,1693227566761,8,4,4
21337,1693227566761,1692255302530,1692255302534,1693227566769,8,4,4
21338,1693227566769,1692255302540,1692255302544,1693227566779,10,4,6
21339,1693227566779,1692255302548,1692255302552,1693227566787,8,4,4
21340,1693227566787,1692255302556,1692255302559,1693227566794,7,3,4
21341,1693227566794,1692255302565,1692255302568,1693227566803,9,3,6
21342,1693227566803,1692255302573,1692255302576,1693227566811,8,3,5
21343,1693227566811,1692255302580,1692255302583,1693227566818,7,3,4
21344,1693227566818,1692255302587,1692255302590,1693227566825,7,3,4
21345,1693227566825,1692255302594,1692255302597,1693227566832,7,3,4
21346,1693227566832,1692255302601,1692255302604,1693227566839,7,3,4
21347,1693227566839,1692255302608,1692255302611,1693227566846,7,3,4
21348,1693227566846,1692255302615,1692255302619,1693227566853,7,4,3
21349,1693227566854,1692255302623,1692255302628,1693227566863,9,5,4
21350,1693227566863,1692255302632,1692255302636,1693227566871,8,4,4
21351,1693227566871,1692255302640,1692255302643,1693227566878,7,3,4
21352,1693227566878,1692255302649,1692255302651,1693227566886,8,2,6
21353,1693227566886,1692255302656,1692255302659,1693227566893,7,3,4
21354,1693227566893,1692255302663,1692255302666,1693227566901,8,3,5
21355,1693227566901,1692255302670,1692255302673,1693227566908,7,3,4
21356,1693227566908,1692255302677,1692255302680,1693227566915,7,3,4
21357,1693227566915,1692255302684,1692255302687,1693227566922,7,3,4
21358,1693227566922,1692255302691,1692255302695,1693227566930,8,4,4
21359,1693227566930,1692255302699,1692255302703,1693227566938,8,4,4
21360,1693227566938,1692255302707,1692255302711,1693227566946,8,4,4
21361,1693227566946,1692255302715,1692255302718,1693227566953,7,3,4
21362,1693227566953,1692255302722,1692255302725,1693227566959,6,3,3
21363,1693227566960,1692255302728,1692255302731,1693227566966,6,3,3
21364,1693227566966,1692255302736,1692255302739,1693227566974,8,3,5
21365,1693227566974,1692255302746,1692255302749,1693227566985,11,3,8
21366,1693227566985,1692255302755,1692255302758,1693227566997,12,3,9
21367,1693227566997,1692255302769,1692255302772,1693227567008,11,3,8
21368,1693227567008,1692255302787,1692255302790,1693227567025,17,3,14
21369,1693227567025,1692255302795,1692255302798,1693227567033,8,3,5
21370,1693227567033,1692255302803,1692255302806,1693227567041,8,3,5
21371,1693227567041,1692255302811,1692255302814,1693227567049,8,3,5
21372,1693227567049,1692255302819,1692255302822,1693227567056,7,3,4
21373,1693227567056,1692255302825,1692255302829,1693227567064,8,4,4
21374,1693227567064,1692255302833,1692255302836,1693227567071,7,3,4
21375,1693227567071,1692255302849,1692255302852,1693227567087,16,3,13
21376,1693227567087,1692255302856,1692255302860,1693227567094,7,4,3
21377,1693227567095,1692255302872,1692255302875,1693227567110,15,3,12
21378,1693227567110,1692255302879,1692255302882,1693227567117,7,3,4
21379,1693227567117,1692255302887,1692255302891,1693227567126,9,4,5
21380,1693227567126,1692255302895,1692255302898,1693227567133,7,3,4
21381,1693227567133,1692255302902,1692255302905,1693227567140,7,3,4
21382,1693227567140,1692255302909,1692255302912,1693227567147,7,3,4
21383,1693227567147,1692255302917,1692255302920,1693227567155,8,3,5
21384,1693227567155,1692255302924,1692255302928,1693227567163,8,4,4
21385,1693227567163,1692255302933,1692255302936,1693227567171,8,3,5
21386,1693227567171,1692255302940,1692255302946,1693227567181,10,6,4
21387,1693227567181,1692255302950,1692255302953,1693227567188,7,3,4
21388,1693227567188,1692255302958,1692255302962,1693227567198,10,4,6
21389,1693227567198,1692255302967,1692255302971,1693227567206,8,4,4
21390,1693227567207,1692255302976,1692255302980,1693227567215,8,4,4
21391,1693227567215,1692255302984,1692255302988,1693227567223,8,4,4
21392,1693227567223,1692255302992,1692255302996,1693227567232,9,4,5
21393,1693227567232,1692255303001,1692255303005,1693227567240,8,4,4
21394,1693227567240,1692255303009,1692255303013,1693227567248,8,4,4
21395,1693227567248,1692255303017,1692255303019,1693227567254,6,2,4
21396,1693227567254,1692255303024,1692255303027,1693227567262,8,3,5
21397,1693227567262,1692255303032,1692255303036,1693227567270,8,4,4
21398,1693227567271,1692255303040,1692255303043,1693227567278,7,3,4
21399,1693227567278,1692255303048,1692255303051,1693227567286,8,3,5
21400,1693227567286,1692255303055,1692255303059,1693227567293,7,4,3
21401,1693227567294,1692255303063,1692255303066,1693227567301,7,3,4
21402,1693227567302,1692255303071,1692255303074,1693227567309,7,3,4
21403,1693227567309,1692255303078,1692255303081,1693227567316,7,3,4
21404,1693227567316,1692255303112,1692255303116,1693227567351,35,4,31
21405,1693227567351,1692255303120,1692255303123,1693227567358,7,3,4
21406,1693227567358,1692255303127,1692255303130,1693227567367,9,3,6
21407,1693227567367,1692255303137,1692255303140,1693227567375,8,3,5
21408,1693227567375,1692255303144,1692255303148,1693227567383,8,4,4
21409,1693227567383,1692255303154,1692255303156,1693227567391,8,2,6
21410,1693227567391,1692255303160,1692255303163,1693227567398,7,3,4
21411,1693227567399,1692255303168,1692255303173,1693227567411,12,5,7
21412,1693227567411,1692255303181,1692255303185,1693227567420,9,4,5
21413,1693227567420,1692255303193,1692255303196,1693227567431,11,3,8
21414,1693227567431,1692255303200,1692255303204,1693227567439,8,4,4
21415,1693227567439,1692255303209,1692255303212,1693227567448,9,3,6
21416,1693227567448,1692255303222,1692255303226,1693227567461,13,4,9
21417,1693227567461,1692255303230,1692255303233,1693227567468,7,3,4
21418,1693227567468,1692255303243,1692255303247,1693227567482,14,4,10
21419,1693227567482,1692255303252,1692255303256,1693227567491,9,4,5
21420,1693227567491,1692255303261,1692255303264,1693227567499,8,3,5
21421,1693227567499,1692255303269,1692255303272,1693227567507,8,3,5
21422,1693227567507,1692255303276,1692255303280,1693227567515,8,4,4
21423,1693227567515,1692255303284,1692255303288,1693227567523,8,4,4
21424,1693227567523,1692255303293,1692255303297,1693227567532,9,4,5
21425,1693227567532,1692255303302,1692255303306,1693227567564,32,4,28
21426,1693227567564,1692255303334,1692255303337,1693227567584,20,3,17
21427,1693227567584,1692255303354,1692255303357,1693227567592,8,3,5
21428,1693227567592,1692255303361,1692255303365,1693227567600,8,4,4
21429,1693227567600,1692255303369,1692255303373,1693227567608,8,4,4
21430,1693227567608,1692255303377,1692255303380,1693227567616,8,3,5
21431,1693227567616,1692255303386,1692255303389,1693227567624,8,3,5
21432,1693227567624,1692255303393,1692255303396,1693227567631,7,3,4
21433,1693227567631,1692255303401,1692255303404,1693227567639,8,3,5
21434,1693227567639,1692255303409,1692255303412,1693227567647,8,3,5
21435,1693227567647,1692255303416,1692255303419,1693227567661,14,3,11
21436,1693227567661,1692255303447,1692255303451,1693227567686,25,4,21
21437,1693227567686,1692255303456,1692255303460,1693227567695,9,4,5
21438,1693227567695,1692255303465,1692255303468,1693227567703,8,3,5
21439,1693227567703,1692255303473,1692255303478,1693227567713,10,5,5
21440,1693227567713,1692255303482,1692255303485,1693227567720,7,3,4
21441,1693227567720,1692255303489,1692255303492,1693227567726,6,3,3
21442,1693227567726,1692255303495,1692255303498,1693227567733,7,3,4
21443,1693227567733,1692255303502,1692255303505,1693227567740,7,3,4
21444,1693227567740,1692255303509,1692255303512,1693227567747,7,3,4
21445,1693227567747,1692255303517,1692255303520,1693227567754,7,3,4
21446,1693227567754,1692255303524,1692255303527,1693227567762,8,3,5
21447,1693227567762,1692255303531,1692255303534,1693227567769,7,3,4
21448,1693227567769,1692255303538,1692255303542,1693227567776,7,4,3
21449,1693227567776,1692255303545,1692255303549,1693227567783,7,4,3
21450,1693227567783,1692255303552,1692255303556,1693227567790,7,4,3
21451,1693227567791,1692255303560,1692255303563,1693227567797,6,3,3
21452,1693227567797,1692255303567,1692255303570,1693227567805,8,3,5
21453,1693227567805,1692255303575,1692255303578,1693227567813,8,3,5
21454,1693227567813,1692255303582,1692255303587,1693227567822,9,5,4
21455,1693227567822,1692255303591,1692255303593,1693227567828,6,2,4
21456,1693227567828,1692255303598,1692255303601,1693227567836,8,3,5
21457,1693227567836,1692255303606,1692255303609,1693227567844,8,3,5
21458,1693227567844,1692255303614,1692255303616,1693227567851,7,2,5
21459,1693227567851,1692255303621,1692255303626,1693227567861,10,5,5
21460,1693227567861,1692255303631,1692255303634,1693227567869,8,3,5
21461,1693227567869,1692255303638,1692255303641,1693227567876,7,3,4
21462,1693227567876,1692255303646,1692255303650,1693227567885,9,4,5
21463,1693227567885,1692255303654,1692255303657,1693227567891,6,3,3
21464,1693227567891,1692255303661,1692255303663,1693227567898,7,2,5
21465,1693227567898,1692255303667,1692255303670,1693227567906,8,3,5
21466,1693227567906,1692255303675,1692255303678,1693227567914,8,3,5
21467,1693227567914,1692255303684,1692255303688,1693227567923,9,4,5
21468,1693227567923,1692255303693,1692255303696,1693227567931,8,3,5
21469,1693227567931,1692255303700,1692255303703,1693227567938,7,3,4
21470,1693227567938,1692255303708,1692255303711,1693227567945,7,3,4
21471,1693227567945,1692255303715,1692255303718,1693227567953,8,3,5
21472,1693227567953,1692255303722,1692255303725,1693227567960,7,3,4
21473,1693227567960,1692255303731,1692255303734,1693227567969,9,3,6
21474,1693227567969,1692255303738,1692255303741,1693227567976,7,3,4
21475,1693227567976,1692255303746,1692255303749,1693227567984,8,3,5
21476,1693227567984,1692255303753,1692255303756,1693227567990,6,3,3
21477,1693227567990,1692255303770,1692255303774,1693227568009,19,4,15
21478,1693227568009,1692255303778,1692255303781,1693227568016,7,3,4
21479,1693227568016,1692255303785,1692255303789,1693227568027,11,4,7
21480,1693227568027,1692255303796,1692255303800,1693227568034,7,4,3
21481,1693227568034,1692255303804,1692255303807,1693227568042,8,3,5
21482,1693227568042,1692255303811,1692255303814,1693227568049,7,3,4
21483,1693227568049,1692255303819,1692255303823,1693227568058,9,4,5
21484,1693227568058,1692255303828,1692255303832,1693227568067,9,4,5
21485,1693227568067,1692255303836,1692255303838,1693227568073,6,2,4
21486,1693227568073,1692255303843,1692255303846,1693227568081,8,3,5
21487,1693227568081,1692255303851,1692255303854,1693227568089,8,3,5
21488,1693227568089,1692255303858,1692255303861,1693227568096,7,3,4
21489,1693227568096,1692255303865,1692255303869,1693227568104,8,4,4
21490,1693227568104,1692255303874,1692255303877,1693227568112,8,3,5
21491,1693227568112,1692255303882,1692255303885,1693227568120,8,3,5
21492,1693227568120,1692255303889,1692255303893,1693227568128,8,4,4
21493,1693227568128,1692255303898,1692255303901,1693227568136,8,3,5
21494,1693227568136,1692255303905,1692255303908,1693227568143,7,3,4
21495,1693227568143,1692255303913,1692255303916,1693227568150,7,3,4
21496,1693227568150,1692255303920,1692255303924,1693227568159,9,4,5
21497,1693227568159,1692255303929,1692255303932,1693227568167,8,3,5
21498,1693227568167,1692255303936,1692255303940,1693227568175,8,4,4
21499,1693227568175,1692255303944,1692255303947,1693227568182,7,3,4
21500,1693227568182,1692255303951,1692255303955,1693227568190,8,4,4
21501,1693227568190,1692255303960,1692255303963,1693227568198,8,3,5
21502,1693227568198,1692255303967,1692255303970,1693227568205,7,3,4
21503,1693227568205,1692255303975,1692255303979,1693227568213,8,4,4
21504,1693227568213,1692255303983,1692255303985,1693227568220,7,2,5
21505,1693227568220,1692255303990,1692255303993,1693227568231,11,3,8
21506,1693227568231,1692255304000,1692255304004,1693227568239,8,4,4
21507,1693227568239,1692255304008,1692255304011,1693227568246,7,3,4
21508,1693227568246,1692255304016,1692255304018,1693227568253,7,2,5
21509,1693227568253,1692255304023,1692255304027,1693227568262,9,4,5
21510,1693227568262,1692255304031,1692255304035,1693227568270,8,4,4
21511,1693227568270,1692255304039,1692255304042,1693227568277,7,3,4
21512,1693227568277,1692255304048,1692255304051,1693227568286,9,3,6
21513,1693227568286,1692255304055,1692255304059,1693227568294,8,4,4
21514,1693227568294,1692255304063,1692255304067,1693227568302,8,4,4
21515,1693227568302,1692255304071,1692255304073,1693227568308,6,2,4
21516,1693227568308,1692255304078,1692255304081,1693227568315,7,3,4
21517,1693227568315,1692255304085,1692255304088,1693227568323,8,3,5
21518,1693227568323,1692255304092,1692255304095,1693227568330,7,3,4
21519,1693227568330,1692255304101,1692255304104,1693227568339,9,3,6
21520,1693227568339,1692255304108,1692255304111,1693227568346,7,3,4
21521,1693227568346,1692255304116,1692255304119,1693227568354,8,3,5
21522,1693227568354,1692255304131,1692255304134,1693227568369,15,3,12
21523,1693227568370,1692255304139,1692255304143,1693227568378,8,4,4
21524,1693227568378,1692255304153,1692255304156,1693227568390,12,3,9
21525,1693227568391,1692255304160,1692255304164,1693227568399,8,4,4
21526,1693227568399,1692255304168,1692255304171,1693227568406,7,3,4
21527,1693227568406,1692255304175,1692255304178,1693227568413,7,3,4
21528,1693227568413,1692255304183,1692255304187,1693227568421,8,4,4
21529,1693227568422,1692255304191,1692255304194,1693227568429,7,3,4
21530,1693227568429,1692255304198,1692255304202,1693227568437,8,4,4
21531,1693227568437,1692255304206,1692255304209,1693227568444,7,3,4
21532,1693227568444,1692255304213,1692255304217,1693227568452,8,4,4
21533,1693227568452,1692255304222,1692255304226,1693227568461,9,4,5
21534,1693227568461,1692255304230,1692255304234,1693227568468,7,4,3
21535,1693227568468,1692255304238,1692255304241,1693227568476,8,3,5
21536,1693227568476,1692255304246,1692255304249,1693227568484,8,3,5
21537,1693227568484,1692255304253,1692255304256,1693227568491,7,3,4
21538,1693227568491,1692255304261,1692255304265,1693227568500,9,4,5
21539,1693227568500,1692255304269,1692255304272,1693227568507,7,3,4
21540,1693227568507,1692255304277,1692255304279,1693227568514,7,2,5
21541,1693227568514,1692255304286,1692255304290,1693227568524,10,4,6
21542,1693227568524,1692255304294,1692255304297,1693227568532,8,3,5
21543,1693227568532,1692255304301,1692255304305,1693227568540,8,4,4
21544,1693227568540,1692255304311,1692255304315,1693227568550,10,4,6
21545,1693227568550,1692255304319,1692255304322,1693227568556,6,3,3
21546,1693227568556,1692255304327,1692255304331,1693227568566,10,4,6
21547,1693227568566,1692255304335,1692255304338,1693227568573,7,3,4
21548,1693227568573,1692255304344,1692255304348,1693227568582,9,4,5
21549,1693227568582,1692255304351,1692255304354,1693227568589,7,3,4
21550,1693227568589,1692255304358,1692255304362,1693227568596,7,4,3
21551,1693227568597,1692255304366,1692255304369,1693227568604,7,3,4
21552,1693227568604,1692255304374,1692255304376,1693227568611,7,2,5
21553,1693227568611,1692255304380,1692255304383,1693227568618,7,3,4
21554,1693227568618,1692255304388,1692255304390,1693227568625,7,2,5
21555,1693227568625,1692255304394,1692255304398,1693227568632,7,4,3
21556,1693227568632,1692255304401,1692255304405,1693227568640,8,4,4
21557,1693227568640,1692255304410,1692255304414,1693227568649,9,4,5
21558,1693227568649,1692255304419,1692255304422,1693227568657,8,3,5
21559,1693227568657,1692255304427,1692255304430,1693227568664,7,3,4
21560,1693227568664,1692255304434,1692255304438,1693227568673,9,4,5
21561,1693227568673,1692255304442,1692255304445,1693227568680,7,3,4
21562,1693227568680,1692255304450,1692255304453,1693227568688,8,3,5
21563,1693227568688,1692255304458,1692255304461,1693227568696,8,3,5
21564,1693227568697,1692255304466,1692255304469,1693227568704,7,3,4
21565,1693227568704,1692255304473,1692255304476,1693227568711,7,3,4
21566,1693227568711,1692255304479,1692255304482,1693227568717,6,3,3
21567,1693227568717,1692255304487,1692255304491,1693227568726,9,4,5
21568,1693227568726,1692255304496,1692255304499,1693227568734,8,3,5
21569,1693227568734,1692255304504,1692255304507,1693227568743,9,3,6
21570,1693227568743,1692255304513,1692255304517,1693227568752,9,4,5
21571,1693227568752,1692255304522,1692255304525,1693227568760,8,3,5
21572,1693227568760,1692255304529,1692255304533,1693227568768,8,4,4
21573,1693227568768,1692255304537,1692255304541,1693227568776,8,4,4
21574,1693227568776,1692255304546,1692255304550,1693227568785,9,4,5
21575,1693227568785,1692255304556,1692255304560,1693227568795,10,4,6
21576,1693227568795,1692255304564,1692255304568,1693227568802,7,4,3
21577,1693227568802,1692255304572,1692255304575,1693227568810,8,3,5
21578,1693227568810,1692255304580,1692255304583,1693227568817,7,3,4
21579,1693227568817,1692255304588,1692255304592,1693227568827,10,4,6
21580,1693227568827,1692255304596,1692255304599,1693227568834,7,3,4
21581,1693227568834,1692255304603,1692255304606,1693227568841,7,3,4
21582,1693227568841,1692255304613,1692255304616,1693227568851,10,3,7
21583,1693227568851,1692255304621,1692255304624,1693227568859,8,3,5
21584,1693227568859,1692255304628,1692255304631,1693227568866,7,3,4
21585,1693227568866,1692255304638,1692255304641,1693227568876,10,3,7
21586,1693227568876,1692255304645,1692255304648,1693227568883,7,3,4
21587,1693227568883,1692255304652,1692255304655,1693227568890,7,3,4
21588,1693227568890,1692255304659,1692255304662,1693227568897,7,3,4
21589,1693227568897,1692255304667,1692255304670,1693227568905,8,3,5
21590,1693227568905,1692255304675,1692255304678,1693227568912,7,3,4
21591,1693227568912,1692255304682,1692255304685,1693227568920,8,3,5
21592,1693227568920,1692255304690,1692255304694,1693227568929,9,4,5
21593,1693227568929,1692255304698,1692255304701,1693227568936,7,3,4
21594,1693227568936,1692255304706,1692255304709,1693227568944,8,3,5
21595,1693227568944,1692255304715,1692255304718,1693227568953,9,3,6
21596,1693227568953,1692255304723,1692255304726,1693227568961,8,3,5
21597,1693227568961,1692255304730,1692255304733,1693227568968,7,3,4
21598,1693227568968,1692255304737,1692255304740,1693227568975,7,3,4
21599,1693227568975,1692255304744,1692255304747,1693227568982,7,3,4
21600,1693227568982,1692255304752,1692255304755,1693227568990,8,3,5
21601,1693227568990,1692255304766,1692255304769,1693227569004,14,3,11
21602,1693227569004,1692255304777,1692255304780,1693227569015,11,3,8
21603,1693227569015,1692255304785,1692255304788,1693227569023,8,3,5
21604,1693227569023,1692255304793,1692255304796,1693227569031,8,3,5
21605,1693227569031,1692255304800,1692255304804,1693227569038,7,4,3
21606,1693227569038,1692255304808,1692255304811,1693227569046,8,3,5
21607,1693227569046,1692255304818,1692255304823,1693227569057,11,5,6
21608,1693227569057,1692255304827,1692255304830,1693227569065,8,3,5
21609,1693227569065,1692255304835,1692255304838,1693227569073,8,3,5
21610,1693227569073,1692255304842,1692255304845,1693227569080,7,3,4
21611,1693227569080,1692255304849,1692255304852,1693227569087,7,3,4
21612,1693227569087,1692255304858,1692255304860,1693227569095,8,2,6
21613,1693227569095,1692255304865,1692255304868,1693227569103,8,3,5
21614,1693227569103,1692255304872,1692255304875,1693227569111,8,3,5
21615,1693227569111,1692255304880,1692255304884,1693227569118,7,4,3
21616,1693227569118,1692255304887,1692255304891,1693227569126,8,4,4
21617,1693227569126,1692255304896,1692255304899,1693227569134,8,3,5
21618,1693227569134,1692255304903,1692255304906,1693227569141,7,3,4
21619,1693227569141,1692255304911,1692255304914,1693227569149,8,3,5
21620,1693227569149,1692255304920,1692255304923,1693227569158,9,3,6
21621,1693227569158,1692255304927,1692255304930,1693227569165,7,3,4
21622,1693227569165,1692255304934,1692255304938,1693227569173,8,4,4
21623,1693227569173,1692255304942,1692255304946,1693227569181,8,4,4
21624,1693227569181,1692255304950,1692255304953,1693227569188,7,3,4
21625,1693227569188,1692255304958,1692255304961,1693227569196,8,3,5
21626,1693227569196,1692255304965,1692255304968,1693227569203,7,3,4
21627,1693227569203,1692255304972,1692255304974,1693227569209,6,2,4
21628,1693227569209,1692255304979,1692255304983,1693227569218,9,4,5
21629,1693227569218,1692255304987,1692255304991,1693227569226,8,4,4
21630,1693227569226,1692255304995,1692255304999,1693227569234,8,4,4
21631,1693227569234,1692255305005,1692255305009,1693227569244,10,4,6
21632,1693227569244,1692255305013,1692255305017,1693227569252,8,4,4
21633,1693227569252,1692255305023,1692255305026,1693227569261,9,3,6
21634,1693227569261,1692255305030,1692255305034,1693227569268,7,4,3
21635,1693227569269,1692255305038,1692255305041,1693227569276,7,3,4
21636,1693227569276,1692255305046,1692255305049,1693227569284,8,3,5
21637,1693227569284,1692255305053,1692255305057,1693227569292,8,4,4
21638,1693227569292,1692255305061,1692255305064,1693227569299,7,3,4
21639,1693227569299,1692255305068,1692255305071,1693227569306,7,3,4
21640,1693227569306,1692255305076,1692255305080,1693227569315,9,4,5
21641,1693227569315,1692255305084,1692255305088,1693227569323,8,4,4
21642,1693227569323,1692255305092,1692255305095,1693227569330,7,3,4
21643,1693227569330,1692255305100,1692255305104,1693227569339,9,4,5
21644,1693227569339,1692255305109,1692255305113,1693227569348,9,4,5
21645,1693227569348,1692255305118,1692255305122,1693227569357,9,4,5
21646,1693227569357,1692255305126,1692255305129,1693227569368,11,3,8
21647,1693227569368,1692255305138,1692255305141,1693227569376,8,3,5
21648,1693227569376,1692255305146,1692255305148,1693227569383,7,2,5
21649,1693227569383,1692255305153,1692255305156,1693227569391,8,3,5
21650,1693227569391,1692255305160,1692255305164,1693227569399,8,4,4
21651,1693227569399,1692255305168,1692255305171,1693227569406,7,3,4
21652,1693227569406,1692255305176,1692255305179,1693227569414,8,3,5
21653,1693227569414,1692255305184,1692255305187,1693227569422,8,3,5
21654,1693227569422,1692255305191,1692255305195,1693227569430,8,4,4
21655,1693227569430,1692255305200,1692255305204,1693227569438,8,4,4
21656,1693227569438,1692255305208,1692255305212,1693227569447,9,4,5
21657,1693227569447,1692255305216,1692255305220,1693227569455,8,4,4
21658,1693227569455,1692255305227,1692255305230,1693227569465,10,3,7
21659,1693227569465,1692255305235,1692255305238,1693227569473,8,3,5
21660,1693227569473,1692255305244,1692255305247,1693227569482,9,3,6
21661,1693227569482,1692255305254,1692255305257,1693227569492,10,3,7
21662,1693227569492,1692255305261,1692255305265,1693227569500,8,4,4
21663,1693227569500,1692255305269,1692255305272,1693227569507,7,3,4
21664,1693227569507,1692255305276,1692255305279,1693227569514,7,3,4
21665,1693227569514,1692255305284,1692255305287,1693227569521,7,3,4
21666,1693227569521,1692255305291,1692255305294,1693227569529,8,3,5
21667,1693227569529,1692255305299,1692255305302,1693227569537,8,3,5
21668,1693227569537,1692255305306,1692255305310,1693227569545,8,4,4
21669,1693227569546,1692255305316,1692255305319,1693227569554,8,3,5
21670,1693227569554,1692255305324,1692255305327,1693227569562,8,3,5
21671,1693227569562,1692255305331,1692255305335,1693227569570,8,4,4
21672,1693227569570,1692255305339,1692255305342,1693227569577,7,3,4
21673,1693227569578,1692255305347,1692255305350,1693227569585,7,3,4
21674,1693227569585,1692255305355,1692255305358,1693227569593,8,3,5
21675,1693227569593,1692255305363,1692255305366,1693227569601,8,3,5
21676,1693227569602,1692255305371,1692255305374,1693227569609,7,3,4
21677,1693227569609,1692255305378,1692255305382,1693227569617,8,4,4
21678,1693227569617,1692255305386,1692255305390,1693227569625,8,4,4
21679,1693227569625,1692255305394,1692255305397,1693227569632,7,3,4
21680,1693227569632,1692255305402,1692255305405,1693227569640,8,3,5
21681,1693227569640,1692255305411,1692255305417,1693227569652,12,6,6
21682,1693227569652,1692255305422,1692255305425,1693227569661,9,3,6
21683,1693227569661,1692255305433,1692255305436,1693227569671,10,3,7
21684,1693227569671,1692255305441,1692255305447,1693227569682,11,6,5
21685,1693227569682,1692255305451,1692255305455,1693227569689,7,4,3
21686,1693227569689,1692255305459,1692255305463,1693227569698,9,4,5
21687,1693227569698,1692255305468,1692255305471,1693227569706,8,3,5
21688,1693227569707,1692255305476,1692255305479,1693227569714,7,3,4
21689,1693227569714,1692255305484,1692255305487,1693227569722,8,3,5
21690,1693227569722,1692255305492,1692255305495,1693227569730,8,3,5
21691,1693227569730,1692255305499,1692255305503,1693227569738,8,4,4
21692,1693227569738,1692255305509,1692255305512,1693227569747,9,3,6
21693,1693227569747,1692255305517,1692255305519,1693227569754,7,2,5
21694,1693227569754,1692255305524,1692255305528,1693227569763,9,4,5
21695,1693227569763,1692255305534,1692255305538,1693227569773,10,4,6
21696,1693227569773,1692255305542,1692255305546,1693227569781,8,4,4
21697,1693227569781,1692255305550,1692255305554,1693227569789,8,4,4
21698,1693227569789,1692255305561,1692255305564,1693227569799,10,3,7
21699,1693227569799,1692255305569,1692255305572,1693227569807,8,3,5
21700,1693227569807,1692255305576,1692255305580,1693227569814,7,4,3
21701,1693227569814,1692255305584,1692255305586,1693227569821,7,2,5
21702,1693227569821,1692255305591,1692255305594,1693227569829,8,3,5
21703,1693227569829,1692255305599,1692255305602,1693227569837,8,3,5
21704,1693227569837,1692255305606,1692255305609,1693227569844,7,3,4
21705,1693227569844,1692255305614,1692255305617,1693227569852,8,3,5
21706,1693227569852,1692255305621,1692255305624,1693227569859,7,3,4
21707,1693227569859,1692255305628,1692255305632,1693227569869,10,4,6
21708,1693227569869,1692255305638,1692255305641,1693227569876,7,3,4
21709,1693227569876,1692255305646,1692255305649,1693227569884,8,3,5
21710,1693227569884,1692255305653,1692255305657,1693227569892,8,4,4
21711,1693227569892,1692255305662,1692255305665,1693227569900,8,3,5
21712,1693227569900,1692255305669,1692255305671,1693227569906,6,2,4
21713,1693227569906,1692255305676,1692255305679,1693227569914,8,3,5
21714,1693227569914,1692255305683,1692255305686,1693227569921,7,3,4
21715,1693227569921,1692255305690,1692255305693,1693227569928,7,3,4
21716,1693227569928,1692255305697,1692255305700,1693227569935,7,3,4
21717,1693227569935,1692255305704,1692255305709,1693227569944,9,5,4
21718,1693227569944,1692255305715,1692255305719,1693227569954,10,4,6
21719,1693227569954,1692255305723,1692255305727,1693227569962,8,4,4
21720,1693227569962,1692255305731,1692255305735,1693227569971,9,4,5
21721,1693227569971,1692255305741,1692255305744,1693227569979,8,3,5
21722,1693227569979,1692255305748,1692255305752,1693227569987,8,4,4
21723,1693227569987,1692255305756,1692255305758,1693227569993,6,2,4
21724,1693227569993,1692255305764,1692255305767,1693227570002,9,3,6
21725,1693227570002,1692255305772,1692255305776,1693227570010,8,4,4
21726,1693227570010,1692255305783,1692255305786,1693227570021,11,3,8
21727,1693227570021,1692255305792,1692255305795,1693227570030,9,3,6
21728,1693227570030,1692255305800,1692255305803,1693227570038,8,3,5
21729,1693227570038,1692255305807,1692255305811,1693227570045,7,4,3
21730,1693227570045,1692255305816,1692255305819,1693227570054,9,3,6
21731,1693227570054,1692255305824,1692255305828,1693227570062,8,4,4
21732,1693227570062,1692255305831,1692255305834,1693227570070,8,3,5
21733,1693227570070,1692255305842,1692255305846,1693227570081,11,4,7
21734,1693227570081,1692255305850,1692255305853,1693227570088,7,3,4
21735,1693227570088,1692255305858,1692255305862,1693227570097,9,4,5
21736,1693227570097,1692255305867,1692255305869,1693227570104,7,2,5
21737,1693227570104,1692255305873,1692255305876,1693227570111,7,3,4
21738,1693227570111,1692255305881,1692255305884,1693227570119,8,3,5
21739,1693227570119,1692255305888,1692255305891,1693227570126,7,3,4
21740,1693227570126,1692255305895,1692255305899,1693227570134,8,4,4
21741,1693227570134,1692255305903,1692255305906,1693227570141,7,3,4
21742,1693227570141,1692255305911,1692255305914,1693227570149,8,3,5
21743,1693227570149,1692255305918,1692255305922,1693227570156,7,4,3
21744,1693227570156,1692255305927,1692255305930,1693227570165,9,3,6
21745,1693227570165,1692255305935,1692255305938,1693227570173,8,3,5
21746,1693227570173,1692255305944,1692255305947,1693227570182,9,3,6
21747,1693227570182,1692255305951,1692255305954,1693227570188,6,3,3
21748,1693227570189,1692255305957,1692255305961,1693227570196,7,4,3
21749,1693227570196,1692255305966,1692255305969,1693227570204,8,3,5
21750,1693227570204,1692255305973,1692255305976,1693227570211,7,3,4
21751,1693227570211,1692255305980,1692255305984,1693227570219,8,4,4
21752,1693227570219,1692255305989,1692255305991,1693227570226,7,2,5
21753,1693227570226,1692255305995,1692255305999,1693227570234,8,4,4
21754,1693227570234,1692255306003,1692255306007,1693227570242,8,4,4
21755,1693227570242,1692255306012,1692255306015,1693227570250,8,3,5
21756,1693227570250,1692255306019,1692255306023,1693227570258,8,4,4
21757,1693227570258,1692255306028,1692255306031,1693227570266,8,3,5
21758,1693227570266,1692255306035,1692255306038,1693227570273,7,3,4
21759,1693227570273,1692255306042,1692255306045,1693227570281,8,3,5
21760,1693227570281,1692255306050,1692255306053,1693227570289,8,3,5
21761,1693227570289,1692255306058,1692255306061,1693227570296,7,3,4
21762,1693227570296,1692255306066,1692255306069,1693227570304,8,3,5
21763,1693227570304,1692255306073,1692255306076,1693227570311,7,3,4
21764,1693227570311,1692255306080,1692255306083,1693227570318,7,3,4
21765,1693227570318,1692255306088,1692255306091,1693227570326,8,3,5
21766,1693227570326,1692255306095,1692255306098,1693227570333,7,3,4
21767,1693227570333,1692255306103,1692255306105,1693227570340,7,2,5
21768,1693227570340,1692255306110,1692255306114,1693227570348,8,4,4
21769,1693227570348,1692255306118,1692255306121,1693227570356,8,3,5
21770,1693227570356,1692255306126,1692255306129,1693227570364,8,3,5
21771,1693227570364,1692255306133,1692255306136,1693227570371,7,3,4
21772,1693227570371,1692255306141,1692255306144,1693227570381,10,3,7
21773,1693227570381,1692255306151,1692255306154,1693227570389,8,3,5
21774,1693227570389,1692255306158,1692255306161,1693227570395,6,3,3
21775,1693227570396,1692255306165,1692255306171,1693227570406,10,6,4
21776,1693227570406,1692255306176,1692255306179,1693227570414,8,3,5
21777,1693227570414,1692255306183,1692255306187,1693227570422,8,4,4
21778,1693227570422,1692255306192,1692255306196,1693227570430,8,4,4
21779,1693227570431,1692255306200,1692255306203,1693227570438,7,3,4
21780,1693227570438,1692255306207,1692255306210,1693227570445,7,3,4
21781,1693227570445,1692255306215,1692255306218,1693227570453,8,3,5
21782,1693227570453,1692255306222,1692255306225,1693227570460,7,3,4
21783,1693227570460,1692255306230,1692255306234,1693227570469,9,4,5
21784,1693227570469,1692255306238,1692255306241,1693227570475,6,3,3
21785,1693227570475,1692255306244,1692255306248,1693227570483,8,4,4
21786,1693227570483,1692255306252,1692255306255,1693227570490,7,3,4
21787,1693227570490,1692255306260,1692255306263,1693227570498,8,3,5
21788,1693227570498,1692255306268,1692255306271,1693227570506,8,3,5
21789,1693227570506,1692255306276,1692255306279,1693227570515,9,3,6
21790,1693227570515,1692255306284,1692255306289,1693227570524,9,5,4
21791,1693227570524,1692255306293,1692255306296,1693227570531,7,3,4
21792,1693227570531,1692255306300,1692255306303,1693227570538,7,3,4
21793,1693227570538,1692255306308,1692255306311,1693227570546,8,3,5
21794,1693227570546,1692255306315,1692255306319,1693227570553,7,4,3
21795,1693227570553,1692255306322,1692255306325,1693227570560,7,3,4
21796,1693227570560,1692255306330,1692255306333,1693227570568,8,3,5
21797,1693227570568,1692255306338,1692255306341,1693227570576,8,3,5
21798,1693227570576,1692255306345,1692255306348,1693227570586,10,3,7
21799,1693227570586,1692255306356,1692255306360,1693227570595,9,4,5
21800,1693227570595,1692255306365,1692255306368,1693227570603,8,3,5
21801,1693227570603,1692255306372,1692255306375,1693227570610,7,3,4
21802,1693227570610,1692255306381,1692255306384,1693227570619,9,3,6
21803,1693227570619,1692255306389,1692255306392,1693227570627,8,3,5
21804,1693227570627,1692255306396,1692255306400,1693227570635,8,4,4
21805,1693227570635,1692255306404,1692255306407,1693227570642,7,3,4
21806,1693227570642,1692255306411,1692255306415,1693227570650,8,4,4
21807,1693227570650,1692255306419,1692255306422,1693227570657,7,3,4
21808,1693227570657,1692255306427,1692255306433,1693227570668,11,6,5
21809,1693227570668,1692255306438,1692255306441,1693227570676,8,3,5
21810,1693227570676,1692255306445,1692255306448,1693227570683,7,3,4
21811,1693227570683,1692255306452,1692255306456,1693227570691,8,4,4
21812,1693227570691,1692255306460,1692255306463,1693227570698,7,3,4
21813,1693227570698,1692255306467,1692255306470,1693227570705,7,3,4
21814,1693227570705,1692255306475,1692255306478,1693227570713,8,3,5
21815,1693227570713,1692255306482,1692255306485,1693227570721,8,3,5
21816,1693227570721,1692255306490,1692255306492,1693227570727,6,2,4
21817,1693227570727,1692255306497,1692255306501,1693227570736,9,4,5
21818,1693227570736,1692255306506,1692255306509,1693227570744,8,3,5
21819,1693227570744,1692255306514,1692255306516,1693227570751,7,2,5
21820,1693227570751,1692255306521,1692255306524,1693227570759,8,3,5
21821,1693227570759,1692255306528,1692255306532,1693227570767,8,4,4
21822,1693227570767,1692255306537,1692255306540,1693227570775,8,3,5
21823,1693227570775,1692255306545,1692255306548,1693227570783,8,3,5
21824,1693227570783,1692255306553,1692255306556,1693227570791,8,3,5
21825,1693227570791,1692255306560,1692255306564,1693227570799,8,4,4
21826,1693227570799,1692255306568,1692255306572,1693227570807,8,4,4
21827,1693227570807,1692255306577,1692255306580,1693227570816,9,3,6
21828,1693227570816,1692255306585,1692255306588,1693227570823,7,3,4
21829,1693227570823,1692255306593,1692255306596,1693227570831,8,3,5
21830,1693227570831,1692255306601,1692255306604,1693227570839,8,3,5
21831,1693227570839,1692255306608,1692255306611,1693227570846,7,3,4
21832,1693227570846,1692255306615,1692255306619,1693227570854,8,4,4
21833,1693227570854,1692255306624,1692255306627,1693227570862,8,3,5
21834,1693227570862,1692255306632,1692255306635,1693227570870,8,3,5
21835,1693227570870,1692255306640,1692255306643,1693227570878,8,3,5
21836,1693227570878,1692255306647,1692255306650,1693227570884,6,3,3
21837,1693227570884,1692255306654,1692255306657,1693227570893,9,3,6
21838,1693227570893,1692255306663,1692255306666,1693227570901,8,3,5
21839,1693227570901,1692255306670,1692255306673,1693227570908,7,3,4
21840,1693227570908,1692255306677,1692255306680,1693227570915,7,3,4
21841,1693227570915,1692255306684,1692255306687,1693227570921,6,3,3
21842,1693227570921,1692255306691,1692255306694,1693227570929,8,3,5
21843,1693227570929,1692255306699,1692255306702,1693227570936,7,3,4
21844,1693227570936,1692255306705,1692255306708,1693227570943,7,3,4
21845,1693227570943,1692255306712,1692255306716,1693227570951,8,4,4
21846,1693227570951,1692255306721,1692255306724,1693227570959,8,3,5
21847,1693227570959,1692255306728,1692255306731,1693227570965,6,3,3
21848,1693227570965,1692255306734,1692255306738,1693227570973,8,4,4
21849,1693227570973,1692255306743,1692255306747,1693227570981,8,4,4
21850,1693227570981,1692255306751,1692255306754,1693227570988,7,3,4
21851,1693227570989,1692255306758,1692255306762,1693227570997,8,4,4
21852,1693227570997,1692255306766,1692255306770,1693227571005,8,4,4
21853,1693227571005,1692255306774,1692255306780,1693227571015,10,6,4
21854,1693227571015,1692255306788,1692255306792,1693227571027,12,4,8
21855,1693227571027,1692255306796,1692255306800,1693227571035,8,4,4
21856,1693227571035,1692255306804,1692255306807,1693227571042,7,3,4
21857,1693227571042,1692255306812,1692255306815,1693227571050,8,3,5
21858,1693227571050,1692255306819,1692255306823,1693227571057,7,4,3
21859,1693227571058,1692255306827,1692255306830,1693227571065,7,3,4
21860,1693227571065,1692255306835,1692255306838,1693227571073,8,3,5
21861,1693227571073,1692255306842,1692255306845,1693227571080,7,3,4
21862,1693227571080,1692255306850,1692255306854,1693227571089,9,4,5
21863,1693227571089,1692255306858,1692255306861,1693227571099,10,3,7
21864,1693227571099,1692255306868,1692255306872,1693227571107,8,4,4
21865,1693227571107,1692255306876,1692255306880,1693227571115,8,4,4
21866,1693227571115,1692255306885,1692255306888,1693227571123,8,3,5
21867,1693227571123,1692255306893,1692255306897,1693227571131,8,4,4
21868,1693227571132,1692255306901,1692255306904,1693227571139,7,3,4
21869,1693227571139,1692255306909,1692255306912,1693227571147,8,3,5
21870,1693227571147,1692255306917,1692255306920,1693227571155,8,3,5
21871,1693227571155,1692255306924,1692255306928,1693227571163,8,4,4
21872,1693227571163,1692255306932,1692255306935,1693227571170,7,3,4
21873,1693227571170,1692255306940,1692255306943,1693227571178,8,3,5
21874,1693227571178,1692255306948,1692255306950,1693227571185,7,2,5
21875,1693227571185,1692255306955,1692255306958,1693227571193,8,3,5
21876,1693227571193,1692255306963,1692255306966,1693227571200,7,3,4
21877,1693227571200,1692255306969,1692255306973,1693227571208,8,4,4
21878,1693227571208,1692255306978,1692255306981,1693227571215,7,3,4
21879,1693227571215,1692255306985,1692255306988,1693227571223,8,3,5
21880,1693227571223,1692255306993,1692255306996,1693227571232,9,3,6
21881,1693227571232,1692255307001,1692255307004,1693227571239,7,3,4
21882,1693227571239,1692255307008,1692255307012,1693227571247,8,4,4
21883,1693227571247,1692255307016,1692255307020,1693227571255,8,4,4
21884,1693227571255,1692255307024,1692255307027,1693227571262,7,3,4
21885,1693227571262,1692255307031,1692255307034,1693227571269,7,3,4
21886,1693227571269,1692255307039,1692255307042,1693227571277,8,3,5
21887,1693227571277,1692255307047,1692255307050,1693227571285,8,3,5
21888,1693227571285,1692255307055,1692255307058,1693227571293,8,3,5
21889,1693227571293,1692255307062,1692255307065,1693227571302,9,3,6
21890,1693227571302,1692255307072,1692255307075,1693227571310,8,3,5
21891,1693227571310,1692255307079,1692255307082,1693227571317,7,3,4
21892,1693227571317,1692255307087,1692255307092,1693227571327,10,5,5
21893,1693227571327,1692255307097,1692255307101,1693227571336,9,4,5
21894,1693227571336,1692255307105,1692255307108,1693227571343,7,3,4
21895,1693227571343,1692255307113,1692255307116,1693227571351,8,3,5
21896,1693227571351,1692255307121,1692255307124,1693227571359,8,3,5
21897,1693227571359,1692255307128,1692255307134,1693227571369,10,6,4
21898,1693227571369,1692255307138,1692255307141,1693227571376,7,3,4
21899,1693227571376,1692255307146,1692255307149,1693227571384,8,3,5
21900,1693227571384,1692255307153,1692255307156,1693227571391,7,3,4
21901,1693227571391,1692255307161,1692255307164,1693227571399,8,3,5
21902,1693227571399,1692255307168,1692255307172,1693227571406,7,4,3
21903,1693227571406,1692255307176,1692255307179,1693227571414,8,3,5
21904,1693227571414,1692255307183,1692255307186,1693227571421,7,3,4
21905,1693227571421,1692255307190,1692255307194,1693227571430,9,4,5
21906,1693227571430,1692255307200,1692255307203,1693227571438,8,3,5
21907,1693227571438,1692255307208,1692255307212,1693227571447,9,4,5
21908,1693227571447,1692255307217,1692255307220,1693227571455,8,3,5
21909,1693227571456,1692255307225,1692255307228,1693227571463,7,3,4
21910,1693227571463,1692255307232,1692255307235,1693227571470,7,3,4
21911,1693227571470,1692255307240,1692255307243,1693227571478,8,3,5
21912,1693227571478,1692255307248,1692255307252,1693227571486,8,4,4
21913,1693227571486,1692255307255,1692255307258,1693227571493,7,3,4
21914,1693227571493,1692255307263,1692255307266,1693227571500,7,3,4
21915,1693227571500,1692255307269,1692255307273,1693227571508,8,4,4
21916,1693227571508,1692255307278,1692255307281,1693227571516,8,3,5
21917,1693227571516,1692255307285,1692255307288,1693227571523,7,3,4
21918,1693227571523,1692255307292,1692255307295,1693227571530,7,3,4
21919,1693227571530,1692255307300,1692255307303,1693227571538,8,3,5
21920,1693227571538,1692255307308,1692255307311,1693227571546,8,3,5
21921,1693227571546,1692255307316,1692255307319,1693227571554,8,3,5
21922,1693227571554,1692255307324,1692255307327,1693227571562,8,3,5
21923,1693227571562,1692255307331,1692255307335,1693227571569,7,4,3
21924,1693227571570,1692255307339,1692255307344,1693227571579,9,5,4
21925,1693227571579,1692255307348,1692255307351,1693227571586,7,3,4
21926,1693227571586,1692255307356,1692255307359,1693227571594,8,3,5
21927,1693227571594,1692255307364,1692255307367,1693227571602,8,3,5
21928,1693227571602,1692255307371,1692255307374,1693227571610,8,3,5
21929,1693227571610,1692255307379,1692255307385,1693227571620,10,6,4
21930,1693227571620,1692255307390,1692255307393,1693227571628,8,3,5
21931,1693227571628,1692255307398,1692255307400,1693227571635,7,2,5
21932,1693227571635,1692255307405,1692255307408,1693227571642,7,3,4
21933,1693227571642,1692255307412,1692255307416,1693227571651,9,4,5
21934,1693227571652,1692255307421,1692255307424,1693227571659,7,3,4
21935,1693227571659,1692255307428,1692255307431,1693227571666,7,3,4
21936,1693227571666,1692255307435,1692255307438,1693227571673,7,3,4
21937,1693227571673,1692255307443,1692255307446,1693227571681,8,3,5
21938,1693227571681,1692255307450,1692255307454,1693227571689,8,4,4
21939,1693227571689,1692255307458,1692255307464,1693227571699,10,6,4
21940,1693227571699,1692255307468,1692255307471,1693227571706,7,3,4
21941,1693227571706,1692255307476,1692255307479,1693227571714,8,3,5
21942,1693227571714,1692255307483,1692255307486,1693227571721,7,3,4
21943,1693227571721,1692255307491,1692255307494,1693227571729,8,3,5
21944,1693227571729,1692255307498,1692255307501,1693227571736,7,3,4
21945,1693227571736,1692255307506,1692255307510,1693227571745,9,4,5
21946,1693227571745,1692255307514,1692255307517,1693227571752,7,3,4
21947,1693227571752,1692255307522,1692255307526,1693227571761,9,4,5
21948,1693227571761,1692255307531,1692255307535,1693227571770,9,4,5
21949,1693227571770,1692255307539,1692255307543,1693227571778,8,4,4
21950,1693227571778,1692255307547,1692255307550,1693227571786,8,3,5
21951,1693227571786,1692255307558,1692255307562,1693227571797,11,4,7
21952,1693227571797,1692255307567,1692255307570,1693227571805,8,3,5
21953,1693227571805,1692255307575,1692255307578,1693227571815,10,3,7
21954,1693227571815,1692255307584,1692255307588,1693227571823,8,4,4
21955,1693227571823,1692255307593,1692255307596,1693227571832,9,3,6
21956,1693227571832,1692255307601,1692255307605,1693227571840,8,4,4
21957,1693227571840,1692255307610,1692255307613,1693227571848,8,3,5
21958,1693227571848,1692255307617,1692255307621,1693227571856,8,4,4
21959,1693227571856,1692255307626,1692255307629,1693227571864,8,3,5
21960,1693227571864,1692255307634,1692255307637,1693227571872,8,3,5
21961,1693227571872,1692255307642,1692255307645,1693227571880,8,3,5
21962,1693227571880,1692255307650,1692255307653,1693227571888,8,3,5
21963,1693227571888,1692255307659,1692255307662,1693227571897,9,3,6
21964,1693227571897,1692255307667,1692255307673,1693227571908,11,6,5
21965,1693227571908,1692255307677,1692255307681,1693227571917,9,4,5
21966,1693227571917,1692255307687,1692255307691,1693227571926,9,4,5
21967,1693227571926,1692255307696,1692255307699,1693227571934,8,3,5
21968,1693227571934,1692255307704,1692255307708,1693227571943,9,4,5
21969,1693227571943,1692255307713,1692255307716,1693227571950,7,3,4
21970,1693227571950,1692255307719,1692255307723,1693227571958,8,4,4
21971,1693227571958,1692255307728,1692255307731,1693227571966,8,3,5
21972,1693227571966,1692255307736,1692255307739,1693227571973,7,3,4
21973,1693227571973,1692255307743,1692255307746,1693227571981,8,3,5
21974,1693227571981,1692255307750,1692255307754,1693227571988,7,4,3
21975,1693227571988,1692255307758,1692255307761,1693227571996,8,3,5
21976,1693227571996,1692255307766,1692255307769,1693227572004,8,3,5
21977,1693227572004,1692255307773,1692255307776,1693227572011,7,3,4
21978,1693227572011,1692255307780,1692255307784,1693227572019,8,4,4
21979,1693227572019,1692255307789,1692255307793,1693227572028,9,4,5
21980,1693227572028,1692255307798,1692255307801,1693227572036,8,3,5
21981,1693227572036,1692255307806,1692255307809,1693227572044,8,3,5
21982,1693227572044,1692255307814,1692255307817,1693227572052,8,3,5
21983,1693227572052,1692255307821,1692255307825,1693227572060,8,4,4
21984,1693227572060,1692255307830,1692255307833,1693227572068,8,3,5
21985,1693227572068,1692255307838,1692255307840,1693227572075,7,2,5
21986,1693227572076,1692255307845,1692255307848,1693227572083,7,3,4
21987,1693227572083,1692255307853,1692255307856,1693227572091,8,3,5
21988,1693227572091,1692255307860,1692255307863,1693227572098,7,3,4
21989,1693227572098,1692255307867,1692255307871,1693227572106,8,4,4
21990,1693227572106,1692255307876,1692255307879,1693227572114,8,3,5
21991,1693227572114,1692255307884,1692255307888,1693227572123,9,4,5
21992,1693227572123,1692255307893,1692255307897,1693227572132,9,4,5
21993,1693227572132,1692255307901,1692255307904,1693227572139,7,3,4
21994,1693227572139,1692255307908,1692255307912,1693227572147,8,4,4
21995,1693227572147,1692255307917,1692255307921,1693227572187,40,4,36
21996,1693227572187,1692255307970,1692255307973,1693227572209,22,3,19
21997,1693227572209,1692255307979,1692255307983,1693227572218,9,4,5
21998,1693227572218,1692255307988,1692255307992,1693227572227,9,4,5
21999,1693227572227,1692255307996,1692255308001,1693227572236,9,5,4
22000,1693227572236,1692255308006,1692255308009,1693227572244,8,3,5
22001,1693227572244,1692255308018,1692255308022,1693227572257,13,4,9
22002,1693227572257,1692255308027,1692255308029,1693227572265,8,2,6
22003,1693227572265,1692255308034,1692255308037,1693227572272,7,3,4
22004,1693227572272,1692255308041,1692255308045,1693227572280,8,4,4
22005,1693227572280,1692255308050,1692255308055,1693227572290,10,5,5
22006,1693227572290,1692255308059,1692255308063,1693227572298,8,4,4
22007,1693227572298,1692255308068,1692255308072,1693227572307,9,4,5
22008,1693227572307,1692255308076,1692255308079,1693227572314,7,3,4
22009,1693227572314,1692255308083,1692255308085,1693227572320,6,2,4
22010,1693227572320,1692255308090,1692255308094,1693227572329,9,4,5
22011,1693227572329,1692255308098,1692255308101,1693227572336,7,3,4
22012,1693227572336,1692255308106,1692255308109,1693227572344,8,3,5
22013,1693227572344,1692255308114,1692255308116,1693227572351,7,2,5
22014,1693227572351,1692255308120,1692255308123,1693227572358,7,3,4
22015,1693227572358,1692255308127,1692255308130,1693227572365,7,3,4
22016,1693227572365,1692255308134,1692255308137,1693227572372,7,3,4
22017,1693227572372,1692255308145,1692255308148,1693227572383,11,3,8
22018,1693227572383,1692255308152,1692255308158,1693227572392,9,6,3
22019,1693227572392,1692255308161,1692255308164,1693227572399,7,3,4
22020,1693227572399,1692255308168,1692255308172,1693227572406,7,4,3
22021,1693227572406,1692255308177,1692255308180,1693227572415,9,3,6
22022,1693227572415,1692255308185,1692255308188,1693227572423,8,3,5
22023,1693227572423,1692255308193,1692255308196,1693227572431,8,3,5
22024,1693227572431,1692255308200,1692255308204,1693227572439,8,4,4
22025,1693227572439,1692255308208,1692255308211,1693227572446,7,3,4
22026,1693227572446,1692255308216,1692255308219,1693227572454,8,3,5
22027,1693227572454,1692255308224,1692255308227,1693227572462,8,3,5
22028,1693227572462,1692255308231,1692255308235,1693227572470,8,4,4
22029,1693227572470,1692255308239,1692255308242,1693227572477,7,3,4
22030,1693227572477,1692255308246,1692255308249,1693227572484,7,3,4
22031,1693227572484,1692255308253,1692255308256,1693227572491,7,3,4
22032,1693227572491,1692255308260,1692255308264,1693227572499,8,4,4
22033,1693227572499,1692255308269,1692255308272,1693227572507,8,3,5
22034,1693227572507,1692255308277,1692255308280,1693227572514,7,3,4
22035,1693227572514,1692255308284,1692255308287,1693227572522,8,3,5
22036,1693227572522,1692255308291,1692255308294,1693227572531,9,3,6
22037,1693227572531,1692255308301,1692255308305,1693227572540,9,4,5
22038,1693227572540,1692255308310,1692255308313,1693227572548,8,3,5
22039,1693227572548,1692255308317,1692255308320,1693227572555,7,3,4
22040,1693227572555,1692255308325,1692255308328,1693227572563,8,3,5
22041,1693227572563,1692255308333,1692255308338,1693227572573,10,5,5
22042,1693227572573,1692255308342,1692255308345,1693227572580,7,3,4
22043,1693227572580,1692255308349,1692255308352,1693227572587,7,3,4
22044,1693227572587,1692255308357,1692255308360,1693227572595,8,3,5
22045,1693227572595,1692255308364,1692255308367,1693227572602,7,3,4
22046,1693227572602,1692255308372,1692255308375,1693227572610,8,3,5
22047,1693227572610,1692255308391,1692255308394,1693227572629,19,3,16
22048,1693227572629,1692255308401,1692255308404,1693227572639,10,3,7
22049,1693227572639,1692255308408,1692255308412,1693227572647,8,4,4
22050,1693227572647,1692255308416,1692255308420,1693227572655,8,4,4
22051,1693227572655,1692255308424,1692255308427,1693227572663,8,3,5
22052,1693227572663,1692255308432,1692255308436,1693227572671,8,4,4
22053,1693227572671,1692255308440,1692255308443,1693227572677,6,3,3
22054,1693227572677,1692255308446,1692255308450,1693227572685,8,4,4
22055,1693227572685,1692255308454,1692255308458,1693227572692,7,4,3
22056,1693227572692,1692255308462,1692255308466,1693227572701,9,4,5
22057,1693227572701,1692255308470,1692255308473,1693227572708,7,3,4
22058,1693227572708,1692255308479,1692255308482,1693227572717,9,3,6
22059,1693227572717,1692255308487,1692255308490,1693227572725,8,3,5
22060,1693227572725,1692255308495,1692255308497,1693227572732,7,2,5
22061,1693227572732,1692255308504,1692255308507,1693227572742,10,3,7
22062,1693227572742,1692255308512,1692255308515,1693227572750,8,3,5
22063,1693227572750,1692255308519,1692255308523,1693227572757,7,4,3
22064,1693227572757,1692255308526,1692255308530,1693227572764,7,4,3
22065,1693227572764,1692255308534,1692255308536,1693227572771,7,2,5
22066,1693227572771,1692255308541,1692255308544,1693227572779,8,3,5
22067,1693227572779,1692255308548,1692255308553,1693227572788,9,5,4
22068,1693227572788,1692255308557,1692255308560,1693227572795,7,3,4
22069,1693227572795,1692255308564,1692255308568,1693227572803,8,4,4
22070,1693227572803,1692255308572,1692255308575,1693227572810,7,3,4
22071,1693227572810,1692255308580,1692255308584,1693227572819,9,4,5
22072,1693227572819,1692255308588,1692255308591,1693227572825,6,3,3
22073,1693227572825,1692255308595,1692255308598,1693227572833,8,3,5
22074,1693227572833,1692255308603,1692255308605,1693227572840,7,2,5
22075,1693227572840,1692255308610,1692255308613,1693227572848,8,3,5
22076,1693227572848,1692255308618,1692255308621,1693227572856,8,3,5
22077,1693227572856,1692255308626,1692255308629,1693227572864,8,3,5
22078,1693227572864,1692255308634,1692255308638,1693227572873,9,4,5
22079,1693227572873,1692255308643,1692255308646,1693227572881,8,3,5
22080,1693227572881,1692255308650,1692255308653,1693227572888,7,3,4
22081,1693227572888,1692255308657,1692255308661,1693227572896,8,4,4
22082,1693227572896,1692255308666,1692255308668,1693227572903,7,2,5
22083,1693227572903,1692255308673,1692255308676,1693227572911,8,3,5
22084,1693227572911,1692255308680,1692255308684,1693227572919,8,4,4
22085,1693227572919,1692255308691,1692255308695,1693227572930,11,4,7
22086,1693227572930,1692255308700,1692255308703,1693227572938,8,3,5
22087,1693227572938,1692255308709,1692255308712,1693227572947,9,3,6
22088,1693227572947,1692255308716,1692255308720,1693227572954,7,4,3
22089,1693227572954,1692255308723,1692255308727,1693227572961,7,4,3
22090,1693227572961,1692255308731,1692255308734,1693227572968,7,3,4
22091,1693227572968,1692255308737,1692255308741,1693227572975,7,4,3
22092,1693227572976,1692255308745,1692255308749,1693227572984,8,4,4
22093,1693227572984,1692255308754,1692255308757,1693227572992,8,3,5
22094,1693227572992,1692255308761,1692255308765,1693227573000,8,4,4
22095,1693227573000,1692255308769,1692255308772,1693227573007,7,3,4
22096,1693227573007,1692255308776,1692255308780,1693227573015,8,4,4
22097,1693227573015,1692255308785,1692255308789,1693227573024,9,4,5
22098,1693227573024,1692255308794,1692255308797,1693227573033,9,3,6
22099,1693227573033,1692255308803,1692255308805,1693227573040,7,2,5
22100,1693227573040,1692255308811,1692255308814,1693227573049,9,3,6
22101,1693227573049,1692255308818,1692255308821,1693227573056,7,3,4
22102,1693227573056,1692255308826,1692255308829,1693227573064,8,3,5
22103,1693227573064,1692255308834,1692255308837,1693227573072,8,3,5
22104,1693227573072,1692255308842,1692255308845,1693227573080,8,3,5
22105,1693227573080,1692255308849,1692255308852,1693227573088,8,3,5
22106,1693227573088,1692255308857,1692255308861,1693227573096,8,4,4
22107,1693227573096,1692255308865,1692255308869,1693227573104,8,4,4
22108,1693227573104,1692255308874,1692255308877,1693227573112,8,3,5
22109,1693227573112,1692255308881,1692255308885,1693227573119,7,4,3
22110,1693227573119,1692255308890,1692255308894,1693227573129,10,4,6
22111,1693227573129,1692255308898,1692255308901,1693227573135,6,3,3
22112,1693227573135,1692255308904,1692255308908,1693227573143,8,4,4
22113,1693227573143,1692255308914,1692255308918,1693227573153,10,4,6
22114,1693227573153,1692255308922,1692255308925,1693227573160,7,3,4
22115,1693227573160,1692255308930,1692255308934,1693227573169,9,4,5
22116,1693227573169,1692255308939,1692255308943,1693227573177,8,4,4
22117,1693227573177,1692255308947,1692255308950,1693227573185,8,3,5
22118,1693227573185,1692255308955,1692255308958,1693227573193,8,3,5
22119,1693227573193,1692255308963,1692255308965,1693227573200,7,2,5
22120,1693227573200,1692255308972,1692255308976,1693227573211,11,4,7
22121,1693227573211,1692255308980,1692255308983,1693227573218,7,3,4
22122,1693227573218,1692255308987,1692255308991,1693227573226,8,4,4
22123,1693227573226,1692255308995,1692255308999,1693227573234,8,4,4
22124,1693227573234,1692255309003,1692255309007,1693227573241,7,4,3
22125,1693227573241,1692255309012,1692255309015,1693227573250,9,3,6
22126,1693227573250,1692255309020,1692255309023,1693227573258,8,3,5
22127,1693227573258,1692255309028,1692255309031,1693227573266,8,3,5
22128,1693227573266,1692255309036,1692255309039,1693227573274,8,3,5
22129,1693227573274,1692255309044,1692255309047,1693227573282,8,3,5
22130,1693227573282,1692255309051,1692255309055,1693227573289,7,4,3
22131,1693227573289,1692255309059,1692255309062,1693227573297,8,3,5
22132,1693227573297,1692255309066,1692255309069,1693227573303,6,3,3
22133,1693227573303,1692255309073,1692255309075,1693227573310,7,2,5
22134,1693227573310,1692255309080,1692255309083,1693227573318,8,3,5
22135,1693227573318,1692255309087,1692255309091,1693227573325,7,4,3
22136,1693227573325,1692255309094,1692255309098,1693227573332,7,4,3
22137,1693227573332,1692255309102,1692255309105,1693227573340,8,3,5
22138,1693227573340,1692255309110,1692255309112,1693227573347,7,2,5
22139,1693227573347,1692255309118,1692255309121,1693227573356,9,3,6
22140,1693227573356,1692255309126,1692255309130,1693227573365,9,4,5
22141,1693227573365,1692255309134,1692255309138,1693227573372,7,4,3
22142,1693227573372,1692255309141,1692255309144,1693227573379,7,3,4
22143,1693227573379,1692255309149,1692255309152,1693227573386,7,3,4
22144,1693227573386,1692255309156,1692255309159,1693227573394,8,3,5
22145,1693227573394,1692255309164,1692255309166,1693227573401,7,2,5
22146,1693227573401,1692255309171,1692255309174,1693227573409,8,3,5
22147,1693227573409,1692255309178,1692255309181,1693227573416,7,3,4
22148,1693227573416,1692255309185,1692255309189,1693227573424,8,4,4
22149,1693227573424,1692255309194,1692255309197,1693227573432,8,3,5
22150,1693227573432,1692255309202,1692255309205,1693227573440,8,3,5
22151,1693227573440,1692255309209,1692255309213,1693227573447,7,4,3
22152,1693227573447,1692255309217,1692255309222,1693227573456,9,5,4
22153,1693227573456,1692255309227,1692255309231,1693227573466,10,4,6
22154,1693227573466,1692255309239,1692255309242,1693227573477,11,3,8
22155,1693227573477,1692255309246,1692255309249,1693227573484,7,3,4
22156,1693227573484,1692255309254,1692255309257,1693227573492,8,3,5
22157,1693227573492,1692255309261,1692255309264,1693227573499,7,3,4
22158,1693227573499,1692255309269,1692255309272,1693227573507,8,3,5
22159,1693227573507,1692255309276,1692255309280,1693227573514,7,4,3
22160,1693227573515,1692255309286,1692255309289,1693227573524,9,3,6
22161,1693227573524,1692255309295,1692255309298,1693227573533,9,3,6
22162,1693227573533,1692255309302,1692255309305,1693227573540,7,3,4
22163,1693227573540,1692255309309,1692255309312,1693227573547,7,3,4
22164,1693227573547,1692255309317,1692255309320,1693227573555,8,3,5
22165,1693227573555,1692255309325,1692255309329,1693227573563,8,4,4
22166,1693227573563,1692255309332,1692255309336,1693227573570,7,4,3
22167,1693227573570,1692255309339,1692255309343,1693227573578,8,4,4
22168,1693227573578,1692255309349,1692255309353,1693227573587,9,4,5
22169,1693227573587,1692255309356,1692255309359,1693227573594,7,3,4
22170,1693227573594,1692255309363,1692255309366,1693227573601,7,3,4
22171,1693227573601,1692255309370,1692255309373,1693227573608,7,3,4
22172,1693227573608,1692255309378,1692255309381,1693227573616,8,3,5
22173,1693227573616,1692255309385,1692255309388,1693227573623,7,3,4
22174,1693227573623,1692255309392,1692255309395,1693227573630,7,3,4
22175,1693227573630,1692255309401,1692255309404,1693227573638,8,3,5
22176,1693227573638,1692255309407,1692255309410,1693227573645,7,3,4
22177,1693227573645,1692255309414,1692255309417,1693227573651,6,3,3
22178,1693227573651,1692255309421,1692255309424,1693227573659,8,3,5
22179,1693227573659,1692255309429,1692255309432,1693227573667,8,3,5
22180,1693227573667,1692255309436,1692255309439,1693227573674,7,3,4
22181,1693227573674,1692255309444,1692255309447,1693227573682,8,3,5
22182,1693227573682,1692255309451,1692255309455,1693227573689,7,4,3
22183,1693227573689,1692255309459,1692255309462,1693227573696,7,3,4
22184,1693227573696,1692255309466,1692255309468,1693227573703,7,2,5
22185,1693227573703,1692255309472,1692255309475,1693227573710,7,3,4
22186,1693227573710,1692255309480,1692255309483,1693227573718,8,3,5
22187,1693227573718,1692255309487,1692255309491,1693227573726,8,4,4
22188,1693227573726,1692255309495,1692255309498,1693227573733,7,3,4
22189,1693227573733,1692255309504,1692255309509,1693227573744,11,5,6
22190,1693227573744,1692255309514,1692255309517,1693227573752,8,3,5
22191,1693227573752,1692255309521,1692255309525,1693227573761,9,4,5
22192,1693227573761,1692255309530,1692255309534,1693227573769,8,4,4
22193,1693227573769,1692255309541,1692255309544,1693227573779,10,3,7
22194,1693227573779,1692255309548,1692255309552,1693227573786,7,4,3
22195,1693227573786,1692255309555,1692255309558,1693227573793,7,3,4
22196,1693227573793,1692255309563,1692255309566,1693227573800,7,3,4
22197,1693227573800,1692255309570,1692255309573,1693227573808,8,3,5
22198,1693227573808,1692255309578,1692255309581,1693227573816,8,3,5
22199,1693227573816,1692255309585,1692255309588,1693227573823,7,3,4
22200,1693227573823,1692255309593,1692255309596,1693227573831,8,3,5
22201,1693227573831,1692255309600,1692255309604,1693227573838,7,4,3
22202,1693227573838,1692255309608,1692255309610,1693227573845,7,2,5
22203,1693227573845,1692255309614,1692255309618,1693227573852,7,4,3
22204,1693227573852,1692255309621,1692255309625,1693227573859,7,4,3
22205,1693227573859,1692255309630,1692255309633,1693227573868,9,3,6
22206,1693227573868,1692255309637,1692255309640,1693227573875,7,3,4
22207,1693227573875,1692255309645,1692255309648,1693227573883,8,3,5
22208,1693227573883,1692255309653,1692255309655,1693227573890,7,2,5
22209,1693227573890,1692255309659,1692255309663,1693227573898,8,4,4
22210,1693227573898,1692255309667,1692255309670,1693227573904,6,3,3
22211,1693227573904,1692255309673,1692255309676,1693227573911,7,3,4
22212,1693227573911,1692255309681,1692255309684,1693227573918,7,3,4
22213,1693227573918,1692255309688,1692255309691,1693227573926,8,3,5
22214,1693227573926,1692255309695,1692255309698,1693227573933,7,3,4
22215,1693227573933,1692255309702,1692255309705,1693227573940,7,3,4
22216,1693227573940,1692255309709,1692255309712,1693227573948,8,3,5
22217,1693227573948,1692255309717,1692255309720,1693227573955,7,3,4
22218,1693227573955,1692255309724,1692255309727,1693227573962,7,3,4
22219,1693227573962,1692255309733,1692255309736,1693227573971,9,3,6
22220,1693227573971,1692255309741,1692255309745,1693227573980,9,4,5
22221,1693227573980,1692255309750,1692255309753,1693227573988,8,3,5
22222,1693227573988,1692255309757,1692255309761,1693227573996,8,4,4
22223,1693227573996,1692255309765,1692255309769,1693227574003,7,4,3
22224,1693227574003,1692255309773,1692255309777,1693227574012,9,4,5
22225,1693227574012,1692255309782,1692255309785,1693227574021,9,3,6
22226,1693227574021,1692255309791,1692255309796,1693227574031,10,5,5
22227,1693227574031,1692255309800,1692255309804,1693227574039,8,4,4
22228,1693227574039,1692255309810,1692255309814,1693227574049,10,4,6
22229,1693227574049,1692255309819,1692255309822,1693227574057,8,3,5
22230,1693227574057,1692255309827,1692255309830,1693227574067,10,3,7
22231,1693227574067,1692255309837,1692255309840,1693227574075,8,3,5
22232,1693227574075,1692255309845,1692255309848,1693227574083,8,3,5
22233,1693227574083,1692255309852,1692255309856,1693227574091,8,4,4
22234,1693227574091,1692255309861,1692255309865,1693227574100,9,4,5
22235,1693227574100,1692255309869,1692255309873,1693227574108,8,4,4
22236,1693227574108,1692255309877,1692255309880,1693227574115,7,3,4
22237,1693227574115,1692255309885,1692255309888,1693227574123,8,3,5
22238,1693227574123,1692255309893,1692255309896,1693227574131,8,3,5
22239,1693227574131,1692255309901,1692255309905,1693227574140,9,4,5
22240,1693227574140,1692255309910,1692255309913,1693227574148,8,3,5
22241,1693227574148,1692255309917,1692255309921,1693227574156,8,4,4
22242,1693227574156,1692255309925,1692255309928,1693227574163,7,3,4
22243,1693227574163,1692255309933,1692255309936,1693227574171,8,3,5
22244,1693227574171,1692255309940,1692255309944,1693227574178,7,4,3
22245,1693227574178,1692255309948,1692255309951,1693227574185,7,3,4
22246,1693227574186,1692255309955,1692255309959,1693227574193,7,4,3
22247,1693227574193,1692255309963,1692255309966,1693227574201,8,3,5
22248,1693227574201,1692255309970,1692255309974,1693227574208,7,4,3
22249,1693227574209,1692255309978,1692255309981,1693227574216,7,3,4
22250,1693227574216,1692255309986,1692255309989,1693227574223,7,3,4
22251,1693227574223,1692255309993,1692255309996,1693227574231,8,3,5
22252,1693227574231,1692255310000,1692255310003,1693227574238,7,3,4
22253,1693227574238,1692255310008,1692255310011,1693227574246,8,3,5
22254,1693227574246,1692255310020,1692255310023,1693227574258,12,3,9
22255,1693227574258,1692255310028,1692255310031,1693227574266,8,3,5
22256,1693227574266,1692255310036,1692255310040,1693227574274,8,4,4
22257,1693227574275,1692255310045,1692255310048,1693227574283,8,3,5
22258,1693227574283,1692255310053,1692255310056,1693227574291,8,3,5
22259,1693227574291,1692255310063,1692255310067,1693227574301,10,4,6
22260,1693227574301,1692255310071,1692255310074,1693227574309,8,3,5
22261,1693227574309,1692255310078,1692255310081,1693227574316,7,3,4
22262,1693227574316,1692255310085,1692255310090,1693227574325,9,5,4
22263,1693227574325,1692255310095,1692255310098,1693227574333,8,3,5
22264,1693227574333,1692255310104,1692255310106,1693227574341,8,2,6
22265,1693227574341,1692255310111,1692255310114,1693227574349,8,3,5
22266,1693227574349,1692255310119,1692255310121,1693227574356,7,2,5
22267,1693227574356,1692255310125,1692255310128,1693227574363,7,3,4
22268,1693227574363,1692255310133,1692255310136,1693227574371,8,3,5
22269,1693227574371,1692255310142,1692255310145,1693227574380,9,3,6
22270,1693227574380,1692255310150,1692255310153,1693227574388,8,3,5
22271,1693227574388,1692255310157,1692255310160,1693227574395,7,3,4
22272,1693227574395,1692255310164,1692255310167,1693227574402,7,3,4
22273,1693227574402,1692255310171,1692255310174,1693227574408,6,3,3
22274,1693227574408,1692255310178,1692255310182,1693227574416,8,4,4
22275,1693227574416,1692255310186,1692255310189,1693227574424,8,3,5
22276,1693227574424,1692255310194,1692255310197,1693227574431,7,3,4
22277,1693227574431,1692255310201,1692255310204,1693227574439,8,3,5
22278,1693227574439,1692255310209,1692255310212,1693227574447,8,3,5
22279,1693227574447,1692255310218,1692255310221,1693227574456,9,3,6
22280,1693227574456,1692255310225,1692255310228,1693227574463,7,3,4
22281,1693227574463,1692255310233,1692255310237,1693227574471,8,4,4
22282,1693227574471,1692255310241,1692255310244,1693227574479,8,3,5
22283,1693227574479,1692255310249,1692255310252,1693227574487,8,3,5
22284,1693227574487,1692255310256,1692255310261,1693227574495,8,5,3
22285,1693227574496,1692255310265,1692255310268,1693227574503,7,3,4
22286,1693227574503,1692255310272,1692255310275,1693227574510,7,3,4
22287,1693227574510,1692255310279,1692255310283,1693227574517,7,4,3
22288,1693227574517,1692255310287,1692255310290,1693227574525,8,3,5
22289,1693227574525,1692255310294,1692255310297,1693227574532,7,3,4
22290,1693227574532,1692255310301,1692255310304,1693227574539,7,3,4
22291,1693227574539,1692255310309,1692255310312,1693227574547,8,3,5
22292,1693227574547,1692255310317,1692255310320,1693227574555,8,3,5
22293,1693227574555,1692255310326,1692255310329,1693227574564,9,3,6
22294,1693227574564,1692255310334,1692255310337,1693227574572,8,3,5
22295,1693227574572,1692255310341,1692255310344,1693227574579,7,3,4
22296,1693227574579,1692255310349,1692255310353,1693227574588,9,4,5
22297,1693227574588,1692255310358,1692255310361,1693227574596,8,3,5
22298,1693227574596,1692255310365,1692255310370,1693227574605,9,5,4
22299,1693227574605,1692255310375,1692255310378,1693227574613,8,3,5
22300,1693227574613,1692255310383,1692255310386,1693227574621,8,3,5
22301,1693227574621,1692255310390,1692255310394,1693227574629,8,4,4
22302,1693227574629,1692255310399,1692255310402,1693227574636,7,3,4
22303,1693227574636,1692255310406,1692255310409,1693227574648,12,3,9
22304,1693227574648,1692255310417,1692255310420,1693227574655,7,3,4
22305,1693227574655,1692255310425,1692255310429,1693227574664,9,4,5
22306,1693227574664,1692255310433,1692255310437,1693227574672,8,4,4
22307,1693227574672,1692255310441,1692255310444,1693227574679,7,3,4
22308,1693227574679,1692255310449,1692255310453,1693227574687,8,4,4
22309,1693227574687,1692255310457,1692255310460,1693227574695,8,3,5
22310,1693227574695,1692255310464,1692255310467,1693227574702,7,3,4
22311,1693227574702,1692255310472,1692255310475,1693227574710,8,3,5
22312,1693227574710,1692255310480,1692255310483,1693227574718,8,3,5
22313,1693227574718,1692255310487,1692255310490,1693227574725,7,3,4
22314,1693227574725,1692255310495,1692255310498,1693227574733,8,3,5
22315,1693227574733,1692255310503,1692255310506,1693227574741,8,3,5
22316,1693227574741,1692255310512,1692255310516,1693227574751,10,4,6
22317,1693227574751,1692255310520,1692255310523,1693227574758,7,3,4
22318,1693227574758,1692255310528,1692255310531,1693227574766,8,3,5
22319,1693227574766,1692255310536,1692255310539,1693227574774,8,3,5
22320,1693227574774,1692255310544,1692255310548,1693227574784,10,4,6
22321,1693227574784,1692255310554,1692255310557,1693227574792,8,3,5
22322,1693227574792,1692255310561,1692255310564,1693227574799,7,3,4
22323,1693227574799,1692255310568,1692255310571,1693227574805,6,3,3
22324,1693227574805,1692255310575,1692255310579,1693227574814,9,4,5
22325,1693227574814,1692255310583,1692255310587,1693227574822,8,4,4
22326,1693227574822,1692255310591,1692255310594,1693227574829,7,3,4
22327,1693227574829,1692255310599,1692255310602,1693227574837,8,3,5
22328,1693227574837,1692255310607,1692255310611,1693227574846,9,4,5
22329,1693227574846,1692255310615,1692255310617,1693227574852,6,2,4
22330,1693227574852,1692255310621,1692255310624,1693227574859,7,3,4
22331,1693227574859,1692255310629,1692255310632,1693227574867,8,3,5
22332,1693227574867,1692255310637,1692255310639,1693227574874,7,2,5
22333,1693227574874,1692255310644,1692255310647,1693227574881,7,3,4
22334,1693227574881,1692255310654,1692255310659,1693227574893,12,5,7
22335,1693227574894,1692255310663,1692255310666,1693227574901,7,3,4
22336,1693227574901,1692255310671,1692255310674,1693227574909,8,3,5
22337,1693227574909,1692255310679,1692255310682,1693227574917,8,3,5
22338,1693227574917,1692255310687,1692255310690,1693227574925,8,3,5
22339,1693227574925,1692255310694,1692255310697,1693227574932,7,3,4
22340,1693227574932,1692255310701,1692255310705,1693227574940,8,4,4
22341,1693227574940,1692255310709,1692255310713,1693227574948,8,4,4
22342,1693227574948,1692255310718,1692255310720,1693227574955,7,2,5
22343,1693227574955,1692255310724,1692255310727,1693227574962,7,3,4
22344,1693227574962,1692255310731,1692255310734,1693227574969,7,3,4
22345,1693227574969,1692255310738,1692255310741,1693227574976,7,3,4
22346,1693227574976,1692255310745,1692255310751,1693227574985,9,6,3
22347,1693227574985,1692255310756,1692255310760,1693227574995,10,4,6
22348,1693227574995,1692255310764,1692255310768,1693227575003,8,4,4
22349,1693227575003,1692255310773,1692255310776,1693227575011,8,3,5
22350,1693227575011,1692255310781,1692255310784,1693227575018,7,3,4
22351,1693227575018,1692255310788,1692255310791,1693227575026,8,3,5
22352,1693227575026,1692255310796,1692255310799,1693227575034,8,3,5
22353,1693227575034,1692255310804,1692255310807,1693227575045,11,3,8
22354,1693227575045,1692255310814,1692255310817,1693227575052,7,3,4
22355,1693227575053,1692255310822,1692255310825,1693227575060,7,3,4
22356,1693227575060,1692255310829,1692255310832,1693227575067,7,3,4
22357,1693227575067,1692255310836,1692255310839,1693227575074,7,3,4
22358,1693227575074,1692255310844,1692255310847,1693227575082,8,3,5
22359,1693227575082,1692255310852,1692255310855,1693227575091,9,3,6
22360,1693227575091,1692255310861,1692255310864,1693227575099,8,3,5
22361,1693227575099,1692255310868,1692255310872,1693227575107,8,4,4
22362,1693227575107,1692255310876,1692255310880,1693227575114,7,4,3
22363,1693227575114,1692255310884,1692255310887,1693227575122,8,3,5
22364,1693227575122,1692255310893,1692255310896,1693227575130,8,3,5
22365,1693227575130,1692255310900,1692255310902,1693227575137,7,2,5
22366,1693227575137,1692255310907,1692255310910,1693227575145,8,3,5
22367,1693227575145,1692255310914,1692255310918,1693227575153,8,4,4
22368,1693227575153,1692255310922,1692255310925,1693227575159,6,3,3
22369,1693227575159,1692255310930,1692255310932,1693227575167,8,2,6
22370,1693227575167,1692255310938,1692255310942,1693227575177,10,4,6
22371,1693227575177,1692255310946,1692255310949,1693227575184,7,3,4
22372,1693227575184,1692255310953,1692255310956,1693227575191,7,3,4
22373,1693227575191,1692255310962,1692255310964,1693227575199,8,2,6
22374,1693227575199,1692255310969,1692255310973,1693227575208,9,4,5
22375,1693227575208,1692255310978,1692255310981,1693227575215,7,3,4
22376,1693227575215,1692255310985,1692255310988,1693227575223,8,3,5
22377,1693227575223,1692255310992,1692255310995,1693227575230,7,3,4
22378,1693227575230,1692255311000,1692255311003,1693227575238,8,3,5
22379,1693227575238,1692255311007,1692255311010,1693227575245,7,3,4
22380,1693227575245,1692255311019,1692255311022,1693227575257,12,3,9
22381,1693227575257,1692255311027,1692255311030,1693227575265,8,3,5
22382,1693227575265,1692255311035,1692255311038,1693227575273,8,3,5
22383,1693227575273,1692255311042,1692255311045,1693227575280,7,3,4
22384,1693227575280,1692255311050,1692255311053,1693227575288,8,3,5
22385,1693227575288,1692255311058,1692255311060,1693227575296,8,2,6
22386,1693227575296,1692255311065,1692255311069,1693227575304,8,4,4
22387,1693227575304,1692255311074,1692255311078,1693227575312,8,4,4
22388,1693227575312,1692255311082,1692255311085,1693227575319,7,3,4
22389,1693227575320,1692255311090,1692255311093,1693227575327,7,3,4
22390,1693227575327,1692255311097,1692255311100,1693227575335,8,3,5
22391,1693227575335,1692255311104,1692255311107,1693227575342,7,3,4
22392,1693227575342,1692255311111,1692255311114,1693227575349,7,3,4
22393,1693227575349,1692255311119,1692255311122,1693227575356,7,3,4
22394,1693227575356,1692255311126,1692255311129,1693227575364,8,3,5
22395,1693227575364,1692255311133,1692255311137,1693227575372,8,4,4
22396,1693227575372,1692255311143,1692255311146,1693227575381,9,3,6
22397,1693227575381,1692255311150,1692255311154,1693227575389,8,4,4
22398,1693227575389,1692255311158,1692255311162,1693227575398,9,4,5
22399,1693227575399,1692255311169,1692255311172,1693227575407,8,3,5
22400,1693227575407,1692255311176,1692255311180,1693227575414,7,4,3
22401,1693227575414,1692255311184,1692255311187,1693227575422,8,3,5
22402,1693227575422,1692255311192,1692255311196,1693227575431,9,4,5
22403,1693227575431,1692255311201,1692255311204,1693227575439,8,3,5
22404,1693227575439,1692255311208,1692255311212,1693227575447,8,4,4
22405,1693227575447,1692255311216,1692255311220,1693227575454,7,4,3
22406,1693227575454,1692255311224,1692255311227,1693227575461,7,3,4
22407,1693227575461,1692255311231,1692255311236,1693227575471,10,5,5
22408,1693227575471,1692255311240,1692255311243,1693227575478,7,3,4
22409,1693227575478,1692255311248,1692255311251,1693227575486,8,3,5
22410,1693227575486,1692255311255,1692255311258,1693227575493,7,3,4
22411,1693227575493,1692255311262,1692255311265,1693227575501,8,3,5
22412,1693227575501,1692255311270,1692255311274,1693227575509,8,4,4
22413,1693227575509,1692255311278,1692255311281,1693227575516,7,3,4
22414,1693227575516,1692255311286,1692255311289,1693227575524,8,3,5
22415,1693227575524,1692255311293,1692255311296,1693227575531,7,3,4
22416,1693227575531,1692255311300,1692255311304,1693227575539,8,4,4
22417,1693227575539,1692255311308,1692255311314,1693227575548,9,6,3
22418,1693227575548,1692255311318,1692255311321,1693227575556,8,3,5
22419,1693227575556,1692255311325,1692255311329,1693227575564,8,4,4
22420,1693227575564,1692255311333,1692255311336,1693227575571,7,3,4
22421,1693227575571,1692255311341,1692255311344,1693227575579,8,3,5
22422,1693227575579,1692255311349,1692255311353,1693227575588,9,4,5
22423,1693227575588,1692255311358,1692255311361,1693227575596,8,3,5
22424,1693227575596,1692255311366,1692255311369,1693227575603,7,3,4
22425,1693227575603,1692255311373,1692255311376,1693227575611,8,3,5
22426,1693227575611,1692255311381,1692255311384,1693227575619,8,3,5
22427,1693227575619,1692255311389,1692255311392,1693227575627,8,3,5
22428,1693227575627,1692255311396,1692255311399,1693227575634,7,3,4
22429,1693227575634,1692255311403,1692255311406,1693227575641,7,3,4
22430,1693227575641,1692255311411,1692255311413,1693227575648,7,2,5
22431,1693227575648,1692255311418,1692255311422,1693227575657,9,4,5
22432,1693227575657,1692255311427,1692255311430,1693227575665,8,3,5
22433,1693227575665,1692255311434,1692255311436,1693227575671,6,2,4
22434,1693227575671,1692255311442,1692255311446,1693227575681,10,4,6
22435,1693227575681,1692255311450,1692255311453,1693227575688,7,3,4
22436,1693227575688,1692255311458,1692255311460,1693227575695,7,2,5
22437,1693227575695,1692255311465,1692255311468,1693227575706,11,3,8
22438,1693227575706,1692255311477,1692255311480,1693227575715,9,3,6
22439,1693227575715,1692255311485,1692255311488,1693227575723,8,3,5
22440,1693227575723,1692255311493,1692255311496,1693227575731,8,3,5
22441,1693227575731,1692255311501,1692255311504,1693227575739,8,3,5
22442,1693227575739,1692255311509,1692255311513,1693227575748,9,4,5
22443,1693227575748,1692255311517,1692255311520,1693227575755,7,3,4
22444,1693227575755,1692255311525,1692255311528,1693227575763,8,3,5
22445,1693227575763,1692255311533,1692255311536,1693227575771,8,3,5
22446,1693227575771,1692255311540,1692255311544,1693227575779,8,4,4
22447,1693227575779,1692255311548,1692255311552,1693227575786,7,4,3
22448,1693227575786,1692255311555,1692255311559,1693227575793,7,4,3
22449,1693227575793,1692255311562,1692255311566,1693227575800,7,4,3
22450,1693227575800,1692255311570,1692255311573,1693227575808,8,3,5
22451,1693227575808,1692255311577,1692255311580,1693227575815,7,3,4
22452,1693227575815,1692255311584,1692255311587,1693227575821,6,3,3
22453,1693227575821,1692255311591,1692255311593,1693227575828,7,2,5
22454,1693227575828,1692255311597,1692255311601,1693227575835,7,4,3
22455,1693227575835,1692255311605,1692255311608,1693227575842,7,3,4
22456,1693227575842,1692255311613,1692255311616,1693227575851,9,3,6
22457,1693227575851,1692255311620,1692255311623,1693227575858,7,3,4
22458,1693227575858,1692255311628,1692255311632,1693227575866,8,4,4
22459,1693227575866,1692255311635,1692255311638,1693227575873,7,3,4
22460,1693227575873,1692255311642,1692255311645,1693227575880,7,3,4
22461,1693227575880,1692255311650,1692255311653,1693227575888,8,3,5
22462,1693227575888,1692255311657,1692255311660,1693227575894,6,3,3
22463,1693227575894,1692255311664,1692255311668,1693227575902,8,4,4
22464,1693227575902,1692255311671,1692255311675,1693227575911,9,4,5
22465,1693227575911,1692255311681,1692255311684,1693227575918,7,3,4
22466,1693227575918,1692255311688,1692255311691,1693227575926,8,3,5
22467,1693227575926,1692255311696,1692255311699,1693227575934,8,3,5
22468,1693227575934,1692255311705,1692255311708,1693227575943,9,3,6
22469,1693227575943,1692255311713,1692255311716,1693227575951,8,3,5
22470,1693227575951,1692255311720,1692255311726,1693227575960,9,6,3
22471,1693227575960,1692255311730,1692255311733,1693227575968,8,3,5
22472,1693227575968,1692255311737,1692255311740,1693227575975,7,3,4
22473,1693227575975,1692255311745,1692255311748,1693227575982,7,3,4
22474,1693227575983,1692255311752,1692255311756,1693227575990,7,4,3
22475,1693227575990,1692255311760,1692255311763,1693227575998,8,3,5
22476,1693227575998,1692255311767,1692255311770,1693227576004,6,3,3
22477,1693227576004,1692255311774,1692255311777,1693227576013,9,3,6
22478,1693227576013,1692255311782,1692255311787,1693227576022,9,5,4
22479,1693227576022,1692255311793,1692255311796,1693227576031,9,3,6
22480,1693227576031,1692255311804,1692255311807,1693227576042,11,3,8
22481,1693227576042,1692255311812,1692255311816,1693227576051,9,4,5
22482,1693227576051,1692255311821,1692255311826,1693227576060,9,5,4
22483,1693227576060,1692255311832,1692255311836,1693227576071,11,4,7
22484,1693227576071,1692255311840,1692255311843,1693227576078,7,3,4
22485,1693227576078,1692255311847,1692255311850,1693227576085,7,3,4
22486,1693227576085,1692255311855,1692255311859,1693227576093,8,4,4
22487,1693227576093,1692255311862,1692255311866,1693227576101,8,4,4
22488,1693227576101,1692255311871,1692255311874,1693227576108,7,3,4
22489,1693227576109,1692255311878,1692255311881,1693227576116,7,3,4
22490,1693227576116,1692255311886,1692255311890,1693227576125,9,4,5
22491,1693227576125,1692255311894,1692255311897,1693227576132,7,3,4
22492,1693227576132,1692255311902,1692255311905,1693227576140,8,3,5
22493,1693227576140,1692255311909,1692255311913,1693227576148,8,4,4
22494,1693227576148,1692255311917,1692255311920,1693227576155,7,3,4
22495,1693227576155,1692255311924,1692255311928,1693227576163,8,4,4
22496,1693227576163,1692255311933,1692255311935,1693227576170,7,2,5
22497,1693227576170,1692255311940,1692255311943,1693227576178,8,3,5
22498,1693227576178,1692255311948,1692255311951,1693227576186,8,3,5
22499,1693227576186,1692255311956,1692255311960,1693227576195,9,4,5
22500,1693227576195,1692255311965,1692255311968,1693227576202,7,3,4
22501,1693227576202,1692255311972,1692255311975,1693227576212,10,3,7
22502,1693227576212,1692255311981,1692255311985,1693227576220,8,4,4
22503,1693227576220,1692255311990,1692255311993,1693227576228,8,3,5
22504,1693227576228,1692255311997,1692255312000,1693227576235,7,3,4
22505,1693227576235,1692255312005,1692255312008,1693227576243,8,3,5
22506,1693227576243,1692255312016,1692255312019,1693227576254,11,3,8
22507,1693227576254,1692255312024,1692255312027,1693227576262,8,3,5
22508,1693227576262,1692255312032,1692255312036,1693227576271,9,4,5
22509,1693227576271,1692255312040,1692255312043,1693227576278,7,3,4
22510,1693227576278,1692255312048,1692255312052,1693227576287,9,4,5
22511,1693227576287,1692255312058,1692255312061,1693227576296,9,3,6
22512,1693227576296,1692255312066,1692255312069,1693227576304,8,3,5
22513,1693227576304,1692255312073,1692255312076,1693227576311,7,3,4
22514,1693227576311,1692255312081,1692255312085,1693227576320,9,4,5
22515,1693227576321,1692255312090,1692255312093,1693227576328,7,3,4
22516,1693227576328,1692255312097,1692255312101,1693227576335,7,4,3
22517,1693227576335,1692255312105,1692255312108,1693227576343,8,3,5
22518,1693227576343,1692255312114,1692255312118,1693227576353,10,4,6
22519,1693227576353,1692255312122,1692255312125,1693227576360,7,3,4
22520,1693227576360,1692255312129,1692255312132,1693227576367,7,3,4
22521,1693227576367,1692255312137,1692255312140,1693227576375,8,3,5
22522,1693227576375,1692255312145,1692255312148,1693227576382,7,3,4
22523,1693227576382,1692255312152,1692255312156,1693227576390,8,4,4
22524,1693227576390,1692255312160,1692255312163,1693227576398,8,3,5
22525,1693227576398,1692255312167,1692255312171,1693227576405,7,4,3
22526,1693227576406,1692255312175,1692255312178,1693227576413,7,3,4
22527,1693227576413,1692255312182,1692255312185,1693227576422,9,3,6
22528,1693227576422,1692255312192,1692255312196,1693227576431,9,4,5
22529,1693227576431,1692255312200,1692255312204,1693227576438,7,4,3
22530,1693227576438,1692255312208,1692255312211,1693227576445,7,3,4
22531,1693227576446,1692255312216,1692255312219,1693227576454,8,3,5
22532,1693227576454,1692255312224,1692255312227,1693227576461,7,3,4
22533,1693227576461,1692255312231,1692255312234,1693227576468,7,3,4
22534,1693227576468,1692255312238,1692255312242,1693227576477,9,4,5
22535,1693227576477,1692255312246,1692255312249,1693227576483,6,3,3
22536,1693227576483,1692255312254,1692255312258,1693227576492,9,4,5
22537,1693227576492,1692255312263,1692255312266,1693227576501,9,3,6
22538,1693227576501,1692255312270,1692255312273,1693227576508,7,3,4
22539,1693227576508,1692255312278,1692255312281,1693227576516,8,3,5
22540,1693227576516,1692255312285,1692255312289,1693227576525,9,4,5
22541,1693227576525,1692255312294,1692255312298,1693227576533,8,4,4
22542,1693227576533,1692255312302,1692255312306,1693227576540,7,4,3
22543,1693227576540,1692255312310,1692255312313,1693227576548,8,3,5
22544,1693227576548,1692255312317,1692255312321,1693227576555,7,4,3
22545,1693227576555,1692255312324,1692255312327,1693227576562,7,3,4
22546,1693227576562,1692255312332,1692255312335,1693227576570,8,3,5
22547,1693227576570,1692255312339,1692255312343,1693227576577,7,4,3
22548,1693227576578,1692255312347,1692255312351,1693227576586,8,4,4
22549,1693227576586,1692255312355,1692255312358,1693227576593,7,3,4
22550,1693227576593,1692255312362,1692255312370,1693227576605,12,8,4
22551,1693227576605,1692255312375,1692255312378,1693227576612,7,3,4
22552,1693227576612,1692255312382,1692255312387,1693227576622,10,5,5
22553,1693227576622,1692255312391,1692255312394,1693227576629,7,3,4
22554,1693227576629,1692255312399,1692255312402,1693227576637,8,3,5
22555,1693227576637,1692255312407,1692255312410,1693227576645,8,3,5
22556,1693227576645,1692255312414,1692255312418,1693227576652,7,4,3
22557,1693227576652,1692255312422,1692255312425,1693227576660,8,3,5
22558,1693227576660,1692255312430,1692255312435,1693227576670,10,5,5
22559,1693227576670,1692255312439,1692255312442,1693227576677,7,3,4
22560,1693227576677,1692255312447,1692255312450,1693227576685,8,3,5
22561,1693227576685,1692255312454,1692255312457,1693227576692,7,3,4
22562,1693227576692,1692255312461,1692255312467,1693227576702,10,6,4
22563,1693227576702,1692255312471,1692255312473,1693227576708,6,2,4
22564,1693227576708,1692255312478,1692255312481,1693227576716,8,3,5
22565,1693227576716,1692255312485,1692255312488,1693227576723,7,3,4
22566,1693227576723,1692255312492,1692255312497,1693227576732,9,5,4
22567,1693227576732,1692255312502,1692255312505,1693227576740,8,3,5
22568,1693227576740,1692255312510,1692255312513,1693227576748,8,3,5
22569,1693227576748,1692255312518,1692255312521,1693227576756,8,3,5
22570,1693227576756,1692255312526,1692255312530,1693227576765,9,4,5
22571,1693227576765,1692255312534,1692255312537,1693227576772,7,3,4
22572,1693227576772,1692255312541,1692255312544,1693227576779,7,3,4
22573,1693227576779,1692255312549,1692255312551,1693227576786,7,2,5
22574,1693227576786,1692255312555,1692255312558,1693227576792,6,3,3
22575,1693227576792,1692255312561,1692255312564,1693227576799,7,3,4
22576,1693227576799,1692255312568,1692255312572,1693227576807,8,4,4
22577,1693227576807,1692255312576,1692255312579,1693227576814,7,3,4
22578,1693227576814,1692255312583,1692255312586,1693227576821,7,3,4
22579,1693227576821,1692255312590,1692255312593,1693227576828,7,3,4
22580,1693227576828,1692255312599,1692255312603,1693227576838,10,4,6
22581,1693227576838,1692255312608,1692255312611,1693227576846,8,3,5
22582,1693227576846,1692255312616,1692255312619,1693227576853,7,3,4
22583,1693227576853,1692255312623,1692255312626,1693227576861,8,3,5
22584,1693227576861,1692255312631,1692255312636,1693227576871,10,5,5
22585,1693227576871,1692255312641,1692255312644,1693227576879,8,3,5
22586,1693227576879,1692255312649,1692255312652,1693227576887,8,3,5
22587,1693227576887,1692255312656,1692255312660,1693227576895,8,4,4
22588,1693227576895,1692255312664,1692255312667,1693227576901,6,3,3
22589,1693227576902,1692255312671,1692255312674,1693227576909,7,3,4
22590,1693227576909,1692255312679,1692255312682,1693227576917,8,3,5
22591,1693227576917,1692255312687,1692255312691,1693227576926,9,4,5
22592,1693227576926,1692255312695,1692255312698,1693227576934,8,3,5
22593,1693227576934,1692255312704,1692255312707,1693227576942,8,3,5
22594,1693227576942,1692255312712,1692255312715,1693227576950,8,3,5
22595,1693227576950,1692255312719,1692255312722,1693227576957,7,3,4
22596,1693227576957,1692255312727,1692255312730,1693227576965,8,3,5
22597,1693227576965,1692255312735,1692255312738,1693227576972,7,3,4
22598,1693227576972,1692255312742,1692255312746,1693227576981,9,4,5
22599,1693227576981,1692255312750,1692255312753,1693227576988,7,3,4
22600,1693227576988,1692255312757,1692255312760,1693227576995,7,3,4
22601,1693227576995,1692255312765,1692255312767,1693227577002,7,2,5
22602,1693227577002,1692255312772,1692255312775,1693227577010,8,3,5
22603,1693227577010,1692255312780,1692255312783,1693227577018,8,3,5
22604,1693227577018,1692255312787,1692255312790,1693227577025,7,3,4
22605,1693227577025,1692255312794,1692255312797,1693227577032,7,3,4
22606,1693227577032,1692255312804,1692255312807,1693227577042,10,3,7
22607,1693227577042,1692255312812,1692255312817,1693227577052,10,5,5
22608,1693227577052,1692255312825,1692255312829,1693227577064,12,4,8
22609,1693227577064,1692255312833,1692255312836,1693227577071,7,3,4
22610,1693227577071,1692255312840,1692255312843,1693227577078,7,3,4
22611,1693227577078,1692255312848,1692255312851,1693227577086,8,3,5
22612,1693227577086,1692255312855,1692255312858,1693227577093,7,3,4
22613,1693227577093,1692255312863,1692255312866,1693227577100,7,3,4
22614,1693227577100,1692255312870,1692255312873,1693227577108,8,3,5
22615,1693227577108,1692255312877,1692255312881,1693227577116,8,4,4
22616,1693227577116,1692255312886,1692255312890,1693227577125,9,4,5
22617,1693227577125,1692255312894,1692255312898,1693227577133,8,4,4
22618,1693227577133,1692255312903,1692255312906,1693227577141,8,3,5
22619,1693227577141,1692255312911,1692255312915,1693227577150,9,4,5
22620,1693227577150,1692255312919,1692255312922,1693227577157,7,3,4
22621,1693227577157,1692255312927,1692255312931,1693227577166,9,4,5
22622,1693227577166,1692255312936,1692255312939,1693227577174,8,3,5
22623,1693227577174,1692255312944,1692255312947,1693227577182,8,3,5
22624,1693227577182,1692255312953,1692255312956,1693227577191,9,3,6
22625,1693227577191,1692255312961,1692255312964,1693227577199,8,3,5
22626,1693227577199,1692255312969,1692255312972,1693227577207,8,3,5
22627,1693227577207,1692255312977,1692255312980,1693227577215,8,3,5
22628,1693227577215,1692255312985,1692255312989,1693227577224,9,4,5
22629,1693227577224,1692255312993,1692255312996,1693227577231,7,3,4
22630,1693227577231,1692255313001,1692255313004,1693227577239,8,3,5
22631,1693227577239,1692255313009,1692255313013,1693227577248,9,4,5
22632,1693227577248,1692255313018,1692255313021,1693227577256,8,3,5
22633,1693227577256,1692255313025,1692255313028,1693227577263,7,3,4
22634,1693227577263,1692255313033,1692255313036,1693227577271,8,3,5
22635,1693227577271,1692255313040,1692255313044,1693227577278,7,4,3
22636,1693227577278,1692255313048,1692255313051,1693227577286,8,3,5
22637,1693227577286,1692255313056,1692255313058,1693227577293,7,2,5
22638,1693227577293,1692255313063,1692255313067,1693227577301,8,4,4
22639,1693227577301,1692255313077,1692255313081,1693227577316,15,4,11
22640,1693227577316,1692255313086,1692255313089,1693227577324,8,3,5
22641,1693227577324,1692255313094,1692255313096,1693227577331,7,2,5
22642,1693227577331,1692255313101,1692255313104,1693227577339,8,3,5
22643,1693227577339,1692255313108,1692255313111,1693227577346,7,3,4
22644,1693227577346,1692255313122,1692255313125,1693227577360,14,3,11
22645,1693227577360,1692255313130,1692255313133,1693227577368,8,3,5
22646,1693227577368,1692255313138,1692255313142,1693227577377,9,4,5
22647,1693227577377,1692255313146,1692255313150,1693227577384,7,4,3
22648,1693227577384,1692255313156,1692255313159,1693227577394,10,3,7
22649,1693227577394,1692255313164,1692255313167,1693227577402,8,3,5
22650,1693227577402,1692255313172,1692255313175,1693227577410,8,3,5
22651,1693227577410,1692255313179,1692255313182,1693227577418,8,3,5
22652,1693227577418,1692255313187,1692255313190,1693227577425,7,3,4
22653,1693227577425,1692255313195,1692255313199,1693227577435,10,4,6
22654,1693227577435,1692255313205,1692255313208,1693227577443,8,3,5
22655,1693227577443,1692255313216,1692255313219,1693227577454,11,3,8
22656,1693227577454,1692255313223,1692255313226,1693227577461,7,3,4
22657,1693227577461,1692255313230,1692255313233,1693227577467,6,3,3
22658,1693227577467,1692255313236,1692255313241,1693227577476,9,5,4
22659,1693227577476,1692255313246,1692255313249,1693227577484,8,3,5
22660,1693227577484,1692255313253,1692255313257,1693227577492,8,4,4
22661,1693227577492,1692255313262,1692255313265,1693227577499,7,3,4
22662,1693227577500,1692255313270,1692255313272,1693227577507,7,2,5
22663,1693227577507,1692255313277,1692255313280,1693227577515,8,3,5
22664,1693227577515,1692255313284,1692255313288,1693227577523,8,4,4
22665,1693227577523,1692255313292,1692255313295,1693227577530,7,3,4
22666,1693227577530,1692255313300,1692255313303,1693227577537,7,3,4
22667,1693227577538,1692255313307,1692255313311,1693227577545,7,4,3
22668,1693227577545,1692255313317,1692255313321,1693227577555,10,4,6
22669,1693227577555,1692255313325,1692255313328,1693227577563,8,3,5
22670,1693227577563,1692255313333,1692255313336,1693227577571,8,3,5
22671,1693227577571,1692255313343,1692255313346,1693227577581,10,3,7
22672,1693227577581,1692255313350,1692255313354,1693227577589,8,4,4
22673,1693227577589,1692255313358,1692255313361,1693227577596,7,3,4
22674,1693227577596,1692255313365,1692255313369,1693227577604,8,4,4
22675,1693227577604,1692255313373,1692255313376,1693227577611,7,3,4
22676,1693227577611,1692255313381,1692255313384,1693227577619,8,3,5
22677,1693227577619,1692255313389,1692255313392,1693227577626,7,3,4
22678,1693227577626,1692255313396,1692255313399,1693227577634,8,3,5
22679,1693227577634,1692255313403,1692255313405,1693227577640,6,2,4
22680,1693227577640,1692255313410,1692255313413,1693227577648,8,3,5
22681,1693227577648,1692255313419,1692255313422,1693227577657,9,3,6
22682,1693227577657,1692255313426,1692255313430,1693227577664,7,4,3
22683,1693227577664,1692255313434,1692255313438,1693227577673,9,4,5
22684,1693227577673,1692255313445,1692255313450,1693227577685,12,5,7
22685,1693227577685,1692255313454,1692255313456,1693227577691,6,2,4
22686,1693227577691,1692255313460,1692255313463,1693227577697,6,3,3
22687,1693227577697,1692255313466,1692255313470,1693227577704,7,4,3
22688,1693227577704,1692255313473,1692255313476,1693227577710,6,3,3
22689,1693227577710,1692255313480,1692255313483,1693227577718,8,3,5
22690,1693227577718,1692255313487,1692255313490,1693227577725,7,3,4
22691,1693227577725,1692255313495,1692255313497,1693227577732,7,2,5
22692,1693227577732,1692255313501,1692255313505,1693227577739,7,4,3
22693,1693227577739,1692255313508,1692255313512,1693227577746,7,4,3
22694,1693227577746,1692255313516,1692255313520,1693227577754,8,4,4
22695,1693227577754,1692255313524,1692255313527,1693227577762,8,3,5
22696,1693227577762,1692255313531,1692255313534,1693227577769,7,3,4
22697,1693227577769,1692255313539,1692255313542,1693227577777,8,3,5
22698,1693227577777,1692255313546,1692255313549,1693227577784,7,3,4
22699,1693227577784,1692255313553,1692255313556,1693227577791,7,3,4
22700,1693227577791,1692255313560,1692255313563,1693227577798,7,3,4
22701,1693227577798,1692255313567,1692255313570,1693227577805,7,3,4
22702,1693227577805,1692255313575,1692255313578,1693227577813,8,3,5
22703,1693227577813,1692255313582,1692255313585,1693227577820,7,3,4
22704,1693227577820,1692255313589,1692255313593,1693227577828,8,4,4
22705,1693227577828,1692255313598,1692255313601,1693227577835,7,3,4
22706,1693227577836,1692255313606,1692255313608,1693227577843,7,2,5
22707,1693227577843,1692255313612,1692255313615,1693227577850,7,3,4
22708,1693227577850,1692255313620,1692255313624,1693227577859,9,4,5
22709,1693227577859,1692255313629,1692255313631,1693227577866,7,2,5
22710,1693227577866,1692255313635,1692255313639,1693227577874,8,4,4
22711,1693227577874,1692255313644,1692255313647,1693227577882,8,3,5
22712,1693227577882,1692255313652,1692255313655,1693227577890,8,3,5
22713,1693227577890,1692255313659,1692255313663,1693227577897,7,4,3
22714,1693227577897,1692255313667,1692255313671,1693227577905,8,4,4
22715,1693227577905,1692255313674,1692255313678,1693227577912,7,4,3
22716,1693227577912,1692255313682,1692255313685,1693227577920,8,3,5
22717,1693227577920,1692255313690,1692255313693,1693227577928,8,3,5
22718,1693227577928,1692255313698,1692255313701,1693227577936,8,3,5
22719,1693227577936,1692255313706,1692255313708,1693227577942,6,2,4
22720,1693227577942,1692255313712,1692255313715,1693227577950,8,3,5
22721,1693227577950,1692255313719,1692255313723,1693227577958,8,4,4
22722,1693227577958,1692255313728,1692255313732,1693227577967,9,4,5
22723,1693227577967,1692255313736,1692255313739,1693227577974,7,3,4
22724,1693227577974,1692255313744,1692255313747,1693227577982,8,3,5
22725,1693227577982,1692255313751,1692255313754,1693227577989,7,3,4
22726,1693227577989,1692255313758,1692255313762,1693227577997,8,4,4
22727,1693227577997,1692255313766,1692255313769,1693227578004,7,3,4
22728,1693227578004,1692255313774,1692255313777,1693227578012,8,3,5
22729,1693227578012,1692255313781,1692255313784,1693227578019,7,3,4
22730,1693227578019,1692255313788,1692255313791,1693227578026,7,3,4
22731,1693227578026,1692255313795,1692255313800,1693227578034,8,5,3
22732,1693227578035,1692255313804,1692255313807,1693227578042,7,3,4
22733,1693227578042,1692255313812,1692255313815,1693227578049,7,3,4
22734,1693227578049,1692255313819,1692255313822,1693227578057,8,3,5
22735,1693227578057,1692255313831,1692255313835,1693227578070,13,4,9
22736,1693227578070,1692255313839,1692255313843,1693227578078,8,4,4
22737,1693227578078,1692255313848,1692255313851,1693227578086,8,3,5
22738,1693227578086,1692255313855,1692255313859,1693227578094,8,4,4
22739,1693227578094,1692255313863,1692255313866,1693227578101,7,3,4
22740,1693227578101,1692255313871,1692255313874,1693227578108,7,3,4
22741,1693227578108,1692255313878,1692255313880,1693227578115,7,2,5
22742,1693227578115,1692255313885,1692255313888,1693227578123,8,3,5
22743,1693227578123,1692255313892,1692255313895,1693227578130,7,3,4
22744,1693227578130,1692255313899,1692255313903,1693227578138,8,4,4
22745,1693227578138,1692255313907,1692255313911,1693227578146,8,4,4
22746,1693227578146,1692255313917,1692255313922,1693227578157,11,5,6
22747,1693227578157,1692255313927,1692255313930,1693227578166,9,3,6
22748,1693227578166,1692255313935,1692255313939,1693227578174,8,4,4
22749,1693227578174,1692255313944,1692255313947,1693227578182,8,3,5
22750,1693227578182,1692255313951,1692255313954,1693227578189,7,3,4
22751,1693227578189,1692255313959,1692255313962,1693227578197,8,3,5
22752,1693227578197,1692255313966,1692255313969,1693227578204,7,3,4
22753,1693227578204,1692255313974,1692255313977,1693227578212,8,3,5
22754,1693227578212,1692255313981,1692255313984,1693227578219,7,3,4
22755,1693227578219,1692255313989,1692255313991,1693227578226,7,2,5
22756,1693227578226,1692255313996,1692255313999,1693227578234,8,3,5
22757,1693227578234,1692255314003,1692255314006,1693227578241,7,3,4
22758,1693227578241,1692255314014,1692255314017,1693227578252,11,3,8
22759,1693227578252,1692255314022,1692255314026,1693227578261,9,4,5
22760,1693227578261,1692255314033,1692255314036,1693227578271,10,3,7
22761,1693227578271,1692255314041,1692255314043,1693227578278,7,2,5
22762,1693227578278,1692255314047,1692255314051,1693227578286,8,4,4
22763,1693227578286,1692255314056,1692255314059,1693227578294,8,3,5
22764,1693227578294,1692255314064,1692255314067,1693227578302,8,3,5
22765,1693227578302,1692255314072,1692255314075,1693227578310,8,3,5
22766,1693227578310,1692255314079,1692255314084,1693227578319,9,5,4
22767,1693227578319,1692255314089,1692255314093,1693227578328,9,4,5
22768,1693227578328,1692255314098,1692255314102,1693227578337,9,4,5
22769,1693227578337,1692255314106,1692255314111,1693227578346,9,5,4
22770,1693227578346,1692255314115,1692255314118,1693227578353,7,3,4
22771,1693227578353,1692255314122,1692255314125,1693227578360,7,3,4
22772,1693227578360,1692255314129,1692255314133,1693227578368,8,4,4
22773,1693227578368,1692255314138,1692255314141,1693227578376,8,3,5
22774,1693227578376,1692255314145,1692255314149,1693227578384,8,4,4
22775,1693227578384,1692255314153,1692255314156,1693227578391,7,3,4
22776,1693227578391,1692255314161,1692255314163,1693227578398,7,2,5
22777,1693227578398,1692255314169,1692255314172,1693227578407,9,3,6
22778,1693227578407,1692255314177,1692255314180,1693227578415,8,3,5
22779,1693227578415,1692255314185,1692255314189,1693227578424,9,4,5
22780,1693227578424,1692255314194,1692255314198,1693227578433,9,4,5
22781,1693227578433,1692255314202,1692255314205,1693227578440,7,3,4
22782,1693227578440,1692255314209,1692255314213,1693227578448,8,4,4
22783,1693227578448,1692255314218,1692255314221,1693227578456,8,3,5
22784,1693227578456,1692255314226,1692255314230,1693227578465,9,4,5
22785,1693227578465,1692255314234,1692255314237,1693227578472,7,3,4
22786,1693227578472,1692255314242,1692255314245,1693227578480,8,3,5
22787,1693227578480,1692255314249,1692255314252,1693227578487,7,3,4
22788,1693227578487,1692255314257,1692255314260,1693227578496,9,3,6
22789,1693227578497,1692255314266,1692255314269,1693227578504,7,3,4
22790,1693227578504,1692255314274,1692255314276,1693227578511,7,2,5
22791,1693227578511,1692255314281,1692255314285,1693227578519,8,4,4
22792,1693227578519,1692255314289,1692255314292,1693227578527,8,3,5
22793,1693227578527,1692255314296,1692255314299,1693227578534,7,3,4
22794,1693227578534,1692255314304,1692255314307,1693227578542,8,3,5
22795,1693227578542,1692255314311,1692255314315,1693227578550,8,4,4
22796,1693227578550,1692255314319,1692255314323,1693227578557,7,4,3
22797,1693227578557,1692255314326,1692255314329,1693227578564,7,3,4
22798,1693227578564,1692255314334,1692255314337,1693227578573,9,3,6
22799,1693227578573,1692255314342,1692255314345,1693227578580,7,3,4
22800,1693227578580,1692255314350,1692255314354,1693227578589,9,4,5
22801,1693227578589,1692255314364,1692255314367,1693227578602,13,3,10
22802,1693227578602,1692255314372,1692255314375,1693227578609,7,3,4
22803,1693227578609,1692255314380,1692255314385,1693227578620,11,5,6
22804,1693227578620,1692255314390,1692255314393,1693227578628,8,3,5
22805,1693227578628,1692255314398,1692255314400,1693227578635,7,2,5
22806,1693227578635,1692255314404,1692255314408,1693227578642,7,4,3
22807,1693227578642,1692255314411,1692255314415,1693227578650,8,4,4
22808,1693227578650,1692255314420,1692255314425,1693227578660,10,5,5
22809,1693227578660,1692255314430,1692255314433,1693227578669,9,3,6
22810,1693227578669,1692255314438,1692255314442,1693227578677,8,4,4
22811,1693227578677,1692255314447,1692255314450,1693227578685,8,3,5
22812,1693227578685,1692255314454,1692255314457,1693227578692,7,3,4
22813,1693227578692,1692255314463,1692255314467,1693227578703,11,4,7
22814,1693227578703,1692255314472,1692255314476,1693227578711,8,4,4
22815,1693227578711,1692255314481,1692255314484,1693227578719,8,3,5
22816,1693227578719,1692255314488,1692255314491,1693227578725,6,3,3
22817,1693227578725,1692255314495,1692255314498,1693227578733,8,3,5
22818,1693227578733,1692255314502,1692255314505,1693227578740,7,3,4
22819,1693227578740,1692255314510,1692255314514,1693227578748,8,4,4
22820,1693227578748,1692255314518,1692255314521,1693227578756,8,3,5
22821,1693227578756,1692255314525,1692255314529,1693227578763,7,4,3
22822,1693227578763,1692255314533,1692255314536,1693227578771,8,3,5
22823,1693227578771,1692255314540,1692255314543,1693227578777,6,3,3
22824,1693227578777,1692255314546,1692255314550,1693227578784,7,4,3
22825,1693227578784,1692255314556,1692255314559,1693227578794,10,3,7
22826,1693227578794,1692255314564,1692255314567,1693227578802,8,3,5
22827,1693227578802,1692255314571,1692255314575,1693227578810,8,4,4
22828,1693227578810,1692255314579,1692255314582,1693227578816,6,3,3
22829,1693227578816,1692255314586,1692255314590,1693227578825,9,4,5
22830,1693227578825,1692255314594,1692255314598,1693227578833,8,4,4
22831,1693227578833,1692255314602,1692255314606,1693227578841,8,4,4
22832,1693227578841,1692255314611,1692255314614,1693227578848,7,3,4
22833,1693227578849,1692255314618,1692255314622,1693227578857,8,4,4
22834,1693227578857,1692255314626,1692255314630,1693227578865,8,4,4
22835,1693227578865,1692255314634,1692255314637,1693227578872,7,3,4
22836,1693227578872,1692255314642,1692255314645,1693227578880,8,3,5
22837,1693227578880,1692255314650,1692255314653,1693227578888,8,3,5
22838,1693227578888,1692255314657,1692255314661,1693227578896,8,4,4
22839,1693227578896,1692255314665,1692255314670,1693227578906,10,5,5
22840,1693227578906,1692255314675,1692255314679,1693227578914,8,4,4
22841,1693227578914,1692255314684,1692255314687,1693227578922,8,3,5
22842,1693227578922,1692255314691,1692255314694,1693227578929,7,3,4
22843,1693227578929,1692255314699,1692255314702,1693227578936,7,3,4
22844,1693227578936,1692255314706,1692255314709,1693227578944,8,3,5
22845,1693227578944,1692255314713,1692255314716,1693227578951,7,3,4
22846,1693227578951,1692255314721,1692255314724,1693227578959,8,3,5
22847,1693227578959,1692255314728,1692255314731,1693227578966,7,3,4
22848,1693227578966,1692255314736,1692255314738,1693227578973,7,2,5
22849,1693227578973,1692255314743,1692255314746,1693227578982,9,3,6
22850,1693227578982,1692255314752,1692255314755,1693227578990,8,3,5
22851,1693227578990,1692255314760,1692255314763,1693227578998,8,3,5
22852,1693227578998,1692255314767,1692255314770,1693227579005,7,3,4
22853,1693227579005,1692255314775,1692255314779,1693227579014,9,4,5
22854,1693227579014,1692255314783,1692255314786,1693227579021,7,3,4
22855,1693227579021,1692255314790,1692255314795,1693227579030,9,5,4
22856,1693227579030,1692255314799,1692255314802,1693227579037,7,3,4
22857,1693227579037,1692255314807,1692255314810,1693227579045,8,3,5
22858,1693227579045,1692255314814,1692255314818,1693227579052,7,4,3
22859,1693227579053,1692255314822,1692255314825,1693227579059,6,3,3
22860,1693227579059,1692255314829,1692255314832,1693227579070,11,3,8
22861,1693227579070,1692255314840,1692255314844,1693227579078,8,4,4
22862,1693227579078,1692255314848,1692255314851,1693227579086,8,3,5
22863,1693227579086,1692255314855,1692255314859,1693227579093,7,4,3
22864,1693227579094,1692255314865,1692255314868,1693227579103,9,3,6
22865,1693227579103,1692255314873,1692255314876,1693227579111,8,3,5
22866,1693227579111,1692255314880,1692255314884,1693227579119,8,4,4
22867,1693227579119,1692255314888,1692255314892,1693227579127,8,4,4
22868,1693227579127,1692255314896,1692255314900,1693227579134,7,4,3
22869,1693227579134,1692255314904,1692255314907,1693227579142,8,3,5
22870,1693227579142,1692255314911,1692255314914,1693227579149,7,3,4
22871,1693227579149,1692255314919,1692255314921,1693227579156,7,2,5
22872,1693227579156,1692255314926,1692255314928,1693227579163,7,2,5
22873,1693227579163,1692255314933,1692255314936,1693227579171,8,3,5
22874,1693227579171,1692255314941,1692255314944,1693227579179,8,3,5
22875,1693227579179,1692255314948,1692255314953,1693227579187,8,5,3
22876,1693227579187,1692255314957,1692255314960,1693227579195,8,3,5
22877,1693227579195,1692255314965,1692255314968,1693227579202,7,3,4
22878,1693227579202,1692255314972,1692255314975,1693227579210,8,3,5
22879,1693227579210,1692255314979,1692255314982,1693227579217,7,3,4
22880,1693227579217,1692255314986,1692255314989,1693227579224,7,3,4
22881,1693227579224,1692255314994,1692255314997,1693227579232,8,3,5
22882,1693227579232,1692255315002,1692255315004,1693227579239,7,2,5
22883,1693227579239,1692255315015,1692255315018,1693227579253,14,3,11
22884,1693227579253,1692255315024,1692255315028,1693227579263,10,4,6
22885,1693227579263,1692255315033,1692255315037,1693227579272,9,4,5
22886,1693227579272,1692255315041,1692255315045,1693227579279,7,4,3
22887,1693227579279,1692255315049,1692255315052,1693227579291,12,3,9
22888,1693227579291,1692255315061,1692255315064,1693227579299,8,3,5
22889,1693227579299,1692255315068,1692255315072,1693227579307,8,4,4
22890,1693227579307,1692255315076,1692255315080,1693227579315,8,4,4
22891,1693227579315,1692255315087,1692255315091,1693227579326,11,4,7
22892,1693227579326,1692255315096,1692255315100,1693227579334,8,4,4
22893,1693227579334,1692255315104,1692255315107,1693227579341,7,3,4
22894,1693227579342,1692255315111,1692255315114,1693227579349,7,3,4
22895,1693227579349,1692255315118,1692255315122,1693227579357,8,4,4
22896,1693227579357,1692255315127,1692255315130,1693227579365,8,3,5
22897,1693227579365,1692255315135,1692255315138,1693227579373,8,3,5
22898,1693227579373,1692255315143,1692255315147,1693227579381,8,4,4
22899,1693227579381,1692255315151,1692255315154,1693227579389,8,3,5
22900,1693227579389,1692255315160,1692255315163,1693227579398,9,3,6
22901,1693227579398,1692255315167,1692255315172,1693227579407,9,5,4
22902,1693227579407,1692255315176,1692255315180,1693227579414,7,4,3
22903,1693227579414,1692255315185,1692255315189,1693227579423,9,4,5
22904,1693227579423,1692255315193,1692255315196,1693227579431,8,3,5
22905,1693227579431,1692255315200,1692255315203,1693227579438,7,3,4
22906,1693227579438,1692255315208,1692255315213,1693227579448,10,5,5
22907,1693227579448,1692255315217,1692255315221,1693227579456,8,4,4
22908,1693227579456,1692255315226,1692255315229,1693227579464,8,3,5
22909,1693227579464,1692255315235,1692255315238,1693227579473,9,3,6
22910,1693227579473,1692255315242,1692255315245,1693227579480,7,3,4
22911,1693227579480,1692255315250,1692255315255,1693227579490,10,5,5
22912,1693227579490,1692255315261,1692255315264,1693227579499,9,3,6
22913,1693227579499,1692255315269,1692255315272,1693227579507,8,3,5
22914,1693227579507,1692255315276,1692255315280,1693227579515,8,4,4
22915,1693227579515,1692255315284,1692255315287,1693227579522,7,3,4
22916,1693227579522,1692255315292,1692255315296,1693227579531,9,4,5
22917,1693227579531,1692255315300,1692255315303,1693227579538,7,3,4
22918,1693227579538,1692255315307,1692255315311,1693227579545,7,4,3
22919,1693227579545,1692255315314,1692255315318,1693227579553,8,4,4
22920,1693227579553,1692255315322,1692255315325,1693227579560,7,3,4
22921,1693227579560,1692255315329,1692255315332,1693227579567,7,3,4
22922,1693227579567,1692255315337,1692255315340,1693227579575,8,3,5
22923,1693227579575,1692255315345,1692255315348,1693227579582,7,3,4
22924,1693227579582,1692255315353,1692255315356,1693227579590,8,3,5
22925,1693227579590,1692255315360,1692255315364,1693227579599,9,4,5
22926,1693227579599,1692255315369,1692255315372,1693227579607,8,3,5
22927,1693227579607,1692255315377,1692255315380,1693227579615,8,3,5
22928,1693227579615,1692255315384,1692255315387,1693227579623,8,3,5
22929,1693227579623,1692255315396,1692255315400,1693227579634,11,4,7
22930,1693227579634,1692255315404,1692255315406,1693227579641,7,2,5
22931,1693227579641,1692255315419,1692255315422,1693227579669,28,3,25
22932,1693227579669,1692255315439,1692255315442,1693227579677,8,3,5
22933,1693227579677,1692255315446,1692255315449,1693227579688,11,3,8
22934,1693227579688,1692255315460,1692255315463,1693227579699,11,3,8
22935,1693227579699,1692255315470,1692255315473,1693227579716,17,3,14
22936,1693227579716,1692255315485,1692255315489,1693227579724,8,4,4
22937,1693227579724,1692255315494,1692255315497,1693227579732,8,3,5
22938,1693227579732,1692255315502,1692255315504,1693227579739,7,2,5
22939,1693227579739,1692255315509,1692255315512,1693227579747,8,3,5
22940,1693227579747,1692255315517,1692255315520,1693227579754,7,3,4
22941,1693227579754,1692255315523,1692255315527,1693227579762,8,4,4
22942,1693227579762,1692255315531,1692255315534,1693227579769,7,3,4
22943,1693227579769,1692255315540,1692255315543,1693227579778,9,3,6
22944,1693227579778,1692255315547,1692255315551,1693227579786,8,4,4
22945,1693227579786,1692255315555,1692255315557,1693227579796,10,2,8
22946,1693227579796,1692255315566,1692255315570,1693227579804,8,4,4
22947,1693227579805,1692255315574,1692255315578,1693227579813,8,4,4
22948,1693227579813,1692255315582,1692255315587,1693227579821,8,5,3
22949,1693227579821,1692255315591,1692255315594,1693227579829,8,3,5
22950,1693227579829,1692255315599,1692255315602,1693227579842,13,3,10
22951,1693227579842,1692255315654,1692255315658,1693227579892,50,4,46
22952,1693227579892,1692255315662,1692255315665,1693227579901,9,3,6
22953,1693227579901,1692255315672,1692255315674,1693227579909,8,2,6
22954,1693227580087,1692255315858,1692255315863,1693227580097,10,5,5
22955,1693227580098,1692255315867,1692255315872,1693227580109,11,5,6
22956,1693227580109,1692255315879,1692255315883,1693227580118,9,4,5
22957,1693227580118,1692255315889,1692255315895,1693227580130,12,6,6
22958,1693227580130,1692255315901,1692255315905,1693227580140,10,4,6
22959,1693227580140,1692255315910,1692255315915,1693227580150,10,5,5
22960,1693227580150,1692255315921,1692255315925,1693227580160,10,4,6
22961,1693227580160,1692255315931,1692255315935,1693227580170,10,4,6
22962,1693227580170,1692255315940,1692255315945,1693227580180,10,5,5
22963,1693227580180,1692255315951,1692255315955,1693227580190,10,4,6
22964,1693227580190,1692255315961,1692255315965,1693227580200,10,4,6
22965,1693227580200,1692255315972,1692255315977,1693227580212,12,5,7
22966,1693227580212,1692255315983,1692255315988,1693227580223,11,5,6
22967,1693227580223,1692255315994,1692255316000,1693227580235,12,6,6
22968,1693227580235,1692255316006,1692255316012,1693227580247,12,6,6
22969,1693227580247,1692255316018,1692255316028,1693227580263,16,10,6
22970,1693227580264,1692255316036,1692255316042,1693227580277,13,6,7
22971,1693227580277,1692255316048,1692255316053,1693227580288,11,5,6
22972,1693227580288,1692255316059,1692255316064,1693227580300,12,5,7
22973,1693227580300,1692255316071,1692255316076,1693227580315,15,5,10
22974,1693227580315,1692255316086,1692255316091,1693227580326,11,5,6
22975,1693227580326,1692255316098,1692255316103,1693227580338,12,5,7
22976,1693227580338,1692255316109,1692255316114,1693227580349,11,5,6
22977,1693227580349,1692255316120,1692255316125,1693227580360,11,5,6
22978,1693227580360,1692255316131,1692255316136,1693227580371,11,5,6
22979,1693227580371,1692255316142,1692255316146,1693227580381,10,4,6
22980,1693227580381,1692255316151,1692255316155,1693227580390,9,4,5
22981,1693227580390,1692255316161,1692255316165,1693227580400,10,4,6
22982,1693227580400,1692255316171,1692255316176,1693227580411,11,5,6
22983,1693227580411,1692255316185,1692255316189,1693227580424,13,4,9
22984,1693227580424,1692255316199,1692255316204,1693227580519,95,5,90
22985,1693227580519,1692255316290,1692255316297,1693227580532,13,7,6
22986,1693227580532,1692255316302,1692255316306,1693227580542,10,4,6
22987,1693227580542,1692255316312,1692255316318,1693227580553,11,6,5
22988,1693227580553,1692255316324,1692255316329,1693227580565,12,5,7
22989,1693227580565,1692255316336,1692255316340,1693227580575,10,4,6
22990,1693227580575,1692255316346,1692255316351,1693227580586,11,5,6
22991,1693227580586,1692255316357,1692255316362,1693227580597,11,5,6
22992,1693227580597,1692255316368,1692255316372,1693227580609,12,4,8
22993,1693227580609,1692255316379,1692255316384,1693227580620,11,5,6
22994,1693227580620,1692255316392,1692255316396,1693227580633,13,4,9
22995,1693227580633,1692255316404,1692255316409,1693227580724,91,5,86
22996,1693227580724,1692255316494,1692255316498,1693227580733,9,4,5
22997,1693227580733,1692255316504,1692255316508,1693227580743,10,4,6
22998,1693227580743,1692255316513,1692255316518,1693227580752,9,5,4
22999,1693227580753,1692255316523,1692255316527,1693227580762,9,4,5
23000,1693227580762,1692255316532,1692255316537,1693227580772,10,5,5
23001,1693227580772,1692255316542,1692255316546,1693227580781,9,4,5
23002,1693227580781,1692255316551,1692255316556,1693227580791,10,5,5
23003,1693227580791,1692255316561,1692255316566,1693227580801,10,5,5
23004,1693227580801,1692255316571,1692255316574,1693227580809,8,3,5
23005,1693227580809,1692255316579,1692255316583,1693227580818,9,4,5
23006,1693227580818,1692255316588,1692255316591,1693227580826,8,3,5
23007,1693227580826,1692255316596,1692255316600,1693227580835,9,4,5
23008,1693227580835,1692255316605,1692255316608,1693227580843,8,3,5
23009,1693227580843,1692255316615,1692255316619,1693227580854,11,4,7
23010,1693227580854,1692255316624,1692255316629,1693227580865,11,5,6
23011,1693227580865,1692255316635,1692255316639,1693227580874,9,4,5
23012,1693227580874,1692255316645,1692255316649,1693227580884,10,4,6
23013,1693227580884,1692255316655,1692255316660,1693227580894,10,5,5
23014,1693227580894,1692255316665,1692255316669,1693227580904,10,4,6
23015,1693227580904,1692255316674,1692255316678,1693227580913,9,4,5
23016,1693227580913,1692255316683,1692255316687,1693227580922,9,4,5
23017,1693227580922,1692255316696,1692255316700,1693227580935,13,4,9
23018,1693227580935,1692255316705,1692255316710,1693227580944,9,5,4
23019,1693227580944,1692255316714,1692255316719,1693227580953,9,5,4
23020,1693227580954,1692255316724,1692255316729,1693227580964,10,5,5
23021,1693227580964,1692255316735,1692255316739,1693227580974,10,4,6
23022,1693227580974,1692255316744,1692255316751,1693227580986,12,7,5
23023,1693227580986,1692255316756,1692255316760,1693227580995,9,4,5
23024,1693227580996,1692255316766,1692255316770,1693227581005,9,4,5
23025,1693227581005,1692255316776,1692255316780,1693227581015,10,4,6
23026,1693227581015,1692255316785,1692255316789,1693227581024,9,4,5
23027,1693227581024,1692255316795,1692255316799,1693227581034,10,4,6
23028,1693227581034,1692255316805,1692255316810,1693227581046,12,5,7
23029,1693227581046,1692255316817,1692255316822,1693227581057,11,5,6
23030,1693227581057,1692255316827,1692255316830,1693227581065,8,3,5
23031,1693227581065,1692255316836,1692255316840,1693227581075,10,4,6
23032,1693227581075,1692255316850,1692255316854,1693227581089,14,4,10
23033,1693227581089,1692255316860,1692255316863,1693227581098,9,3,6
23034,1693227581098,1692255316868,1692255316872,1693227581107,9,4,5
23035,1693227581107,1692255316877,1692255316881,1693227581116,9,4,5
23036,1693227581116,1692255316887,1692255316891,1693227581126,10,4,6
23037,1693227581126,1692255316896,1692255316901,1693227581136,10,5,5
23038,1693227581136,1692255316906,1692255316911,1693227581146,10,5,5
23039,1693227581146,1692255316916,1692255316920,1693227581155,9,4,5
23040,1693227581155,1692255316929,1692255316933,1693227581168,13,4,9
23041,1693227581168,1692255316939,1692255316943,1693227581178,10,4,6
23042,1693227581178,1692255316948,1692255316951,1693227581186,8,3,5
23043,1693227581186,1692255316956,1692255316960,1693227581195,9,4,5
23044,1693227581195,1692255316968,1692255316972,1693227581207,12,4,8
23045,1693227581207,1692255316978,1692255316982,1693227581217,10,4,6
23046,1693227581217,1692255316988,1692255316992,1693227581227,10,4,6
23047,1693227581227,1692255316997,1692255317001,1693227581236,9,4,5
23048,1693227581236,1692255317006,1692255317010,1693227581245,9,4,5
23049,1693227581245,1692255317018,1692255317022,1693227581257,12,4,8
23050,1693227581257,1692255317028,1692255317032,1693227581268,11,4,7
23051,1693227581268,1692255317038,1692255317042,1693227581277,9,4,5
23052,1693227581277,1692255317047,1692255317052,1693227581287,10,5,5
23053,1693227581287,1692255317057,1692255317061,1693227581297,10,4,6
23054,1693227581297,1692255317067,1692255317072,1693227581307,10,5,5
23055,1693227581307,1692255317078,1692255317083,1693227581318,11,5,6
23056,1693227581318,1692255317090,1692255317094,1693227581329,11,4,7
23057,1693227581329,1692255317100,1692255317104,1693227581339,10,4,6
23058,1693227581339,1692255317110,1692255317119,1693227581354,15,9,6
23059,1693227581354,1692255317125,1692255317129,1693227581365,11,4,7
23060,1693227581365,1692255317137,1692255317141,1693227581376,11,4,7
23061,1693227581376,1692255317147,1692255317150,1693227581385,9,3,6
23062,1693227581385,1692255317155,1692255317159,1693227581394,9,4,5
23063,1693227581394,1692255317164,1692255317168,1693227581403,9,4,5
23064,1693227581403,1692255317173,1692255317177,1693227581412,9,4,5
23065,1693227581412,1692255317183,1692255317187,1693227581422,10,4,6
23066,1693227581422,1692255317197,1692255317202,1693227581437,15,5,10
23067,1693227581437,1692255317208,1692255317214,1693227581448,11,6,5
23068,1693227581448,1692255317218,1692255317223,1693227581458,10,5,5
23069,1693227581458,1692255317228,1692255317232,1693227581467,9,4,5
23070,1693227581467,1692255317237,1692255317241,1693227581475,8,4,4
23071,1693227581475,1692255317245,1692255317250,1693227581485,10,5,5
23072,1693227581485,1692255317255,1692255317258,1693227581493,8,3,5
23073,1693227581493,1692255317263,1692255317267,1693227581502,9,4,5
23074,1693227581502,1692255317272,1692255317275,1693227581510,8,3,5
23075,1693227581510,1692255317280,1692255317284,1693227581518,8,4,4
23076,1693227581518,1692255317289,1692255317292,1693227581527,9,3,6
23077,1693227581527,1692255317297,1692255317301,1693227581536,9,4,5
23078,1693227581536,1692255317307,1692255317311,1693227581546,10,4,6
23079,1693227581546,1692255317315,1692255317319,1693227581554,8,4,4
23080,1693227581554,1692255317327,1692255317331,1693227581566,12,4,8
23081,1693227581566,1692255317336,1692255317340,1693227581575,9,4,5
23082,1693227581575,1692255317346,1692255317349,1693227581584,9,3,6
23083,1693227581584,1692255317354,1692255317358,1693227581592,8,4,4
23084,1693227581592,1692255317362,1692255317367,1693227581601,9,5,4
23085,1693227581601,1692255317373,1692255317377,1693227581612,11,4,7
23086,1693227581612,1692255317382,1692255317386,1693227581621,9,4,5
23087,1693227581621,1692255317391,1692255317396,1693227581631,10,5,5
23088,1693227581631,1692255317401,1692255317405,1693227581640,9,4,5
23089,1693227581640,1692255317410,1692255317415,1693227581650,10,5,5
23090,1693227581650,1692255317421,1692255317425,1693227581660,10,4,6
23091,1693227581660,1692255317431,1692255317435,1693227581670,10,4,6
23092,1693227581670,1692255317441,1692255317445,1693227581680,10,4,6
23093,1693227581680,1692255317451,1692255317454,1693227581689,9,3,6
23094,1693227581689,1692255317460,1692255317464,1693227581699,10,4,6
23095,1693227581699,1692255317470,1692255317476,1693227581711,12,6,6
23096,1693227581711,1692255317482,1692255317486,1693227581721,10,4,6
23097,1693227581721,1692255317492,1692255317497,1693227581732,11,5,6
23098,1693227581732,1692255317502,1692255317506,1693227581740,8,4,4
23099,1693227581740,1692255317511,1692255317514,1693227581749,9,3,6
23100,1693227581749,1692255317519,1692255317523,1693227581758,9,4,5
23101,1693227581758,1692255317528,1692255317531,1693227581766,8,3,5
23102,1693227581766,1692255317536,1692255317539,1693227581774,8,3,5
23103,1693227581774,1692255317544,1692255317547,1693227581782,8,3,5
23104,1693227581782,1692255317552,1692255317555,1693227581790,8,3,5
23105,1693227581790,1692255317559,1692255317563,1693227581798,8,4,4
23106,1693227581798,1692255317568,1692255317572,1693227581806,8,4,4
23107,1693227581806,1692255317576,1692255317580,1693227581815,9,4,5
23108,1693227581815,1692255317586,1692255317589,1693227581824,9,3,6
23109,1693227581824,1692255317594,1692255317598,1693227581833,9,4,5
23110,1693227581833,1692255317603,1692255317606,1693227581841,8,3,5
23111,1693227581841,1692255317611,1692255317615,1693227581850,9,4,5
23112,1693227581850,1692255317620,1692255317623,1693227581858,8,3,5
23113,1693227581858,1692255317628,1692255317632,1693227581866,8,4,4
23114,1693227581866,1692255317636,1692255317639,1693227581875,9,3,6
23115,1693227581875,1692255317645,1692255317649,1693227581884,9,4,5
23116,1693227581884,1692255317654,1692255317658,1693227581892,8,4,4
23117,1693227581892,1692255317662,1692255317666,1693227581900,8,4,4
23118,1693227581900,1692255317670,1692255317674,1693227581908,8,4,4
23119,1693227581908,1692255317679,1692255317682,1693227581917,9,3,6
23120,1693227581917,1692255317688,1692255317692,1693227581928,11,4,7
23121,1693227581928,1692255317698,1692255317702,1693227581937,9,4,5
23122,1693227581937,1692255317708,1692255317712,1693227581947,10,4,6
23123,1693227581947,1692255317720,1692255317724,1693227581959,12,4,8
23124,1693227581959,1692255317729,1692255317733,1693227581968,9,4,5
23125,1693227581968,1692255317738,1692255317743,1693227581978,10,5,5
23126,1693227581978,1692255317748,1692255317753,1693227581988,10,5,5
23127,1693227581988,1692255317759,1692255317763,1693227581998,10,4,6
23128,1693227581998,1692255317768,1692255317772,1693227582007,9,4,5
23129,1693227582007,1692255317778,1692255317782,1693227582017,10,4,6
23130,1693227582018,1692255317789,1692255317793,1693227582028,10,4,6
23131,1693227582028,1692255317798,1692255317802,1693227582037,9,4,5
23132,1693227582037,1692255317807,1692255317814,1693227582049,12,7,5
23133,1693227582049,1692255317819,1692255317822,1693227582057,8,3,5
23134,1693227582057,1692255317827,1692255317830,1693227582065,8,3,5
23135,1693227582065,1692255317836,1692255317840,1693227582075,10,4,6
23136,1693227582075,1692255317845,1692255317849,1693227582087,12,4,8
23137,1693227582087,1692255317857,1692255317862,1693227582096,9,5,4
23138,1693227582096,1692255317867,1692255317872,1693227582107,11,5,6
23139,1693227582107,1692255317877,1692255317881,1693227582116,9,4,5
23140,1693227582116,1692255317887,1692255317891,1693227582127,11,4,7
23141,1693227582127,1692255317897,1692255317901,1693227582136,9,4,5
23142,1693227582136,1692255317908,1692255317912,1693227582147,11,4,7
23143,1693227582147,1692255317918,1692255317923,1693227582158,11,5,6
23144,1693227582158,1692255317929,1692255317933,1693227582168,10,4,6
23145,1693227582168,1692255317939,1692255317944,1693227582179,11,5,6
23146,1693227582179,1692255317950,1692255317955,1693227582190,11,5,6
23147,1693227582190,1692255317961,1692255317966,1693227582201,11,5,6
23148,1693227582201,1692255317971,1692255317976,1693227582212,11,5,6
23149,1693227582212,1692255317982,1692255317986,1693227582221,9,4,5
23150,1693227582221,1692255317992,1692255317997,1693227582233,12,5,7
23151,1693227582233,1692255318003,1692255318007,1693227582242,9,4,5
23152,1693227582243,1692255318014,1692255318019,1693227582254,11,5,6
23153,1693227582254,1692255318027,1692255318032,1693227582267,13,5,8
23154,1693227582267,1692255318037,1692255318041,1693227582276,9,4,5
23155,1693227582276,1692255318046,1692255318050,1693227582285,9,4,5
23156,1693227582285,1692255318056,1692255318061,1693227582296,11,5,6
23157,1693227582296,1692255318067,1692255318071,1693227582305,9,4,5
23158,1693227582306,1692255318076,1692255318080,1693227582315,9,4,5
23159,1693227582315,1692255318085,1692255318090,1693227582325,10,5,5
23160,1693227582325,1692255318095,1692255318099,1693227582334,9,4,5
23161,1693227582334,1692255318105,1692255318109,1693227582344,10,4,6
23162,1693227582344,1692255318115,1692255318120,1693227582355,11,5,6
23163,1693227582355,1692255318126,1692255318131,1693227582367,12,5,7
23164,1693227582367,1692255318138,1692255318144,1693227582379,12,6,6
23165,1693227582379,1692255318155,1692255318159,1693227582394,15,4,11
23166,1693227582394,1692255318164,1692255318170,1693227582405,11,6,5
23167,1693227582405,1692255318176,1692255318180,1693227582416,11,4,7
23168,1693227582416,1692255318186,1692255318191,1693227582426,10,5,5
23169,1693227582426,1692255318197,1692255318203,1693227582438,12,6,6
23170,1693227582438,1692255318218,1692255318224,1693227582459,21,6,15
23171,1693227582459,1692255318232,1692255318236,1693227582473,14,4,10
23172,1693227582474,1692255318244,1692255318247,1693227582482,8,3,5
23173,1693227582482,1692255318253,1692255318257,1693227582492,10,4,6
23174,1693227582492,1692255318262,1692255318266,1693227582501,9,4,5
23175,1693227582501,1692255318276,1692255318280,1693227582519,18,4,14
23176,1693227582519,1692255318289,1692255318294,1693227582530,11,5,6
23177,1693227582531,1692255318301,1692255318305,1693227582540,9,4,5
23178,1693227582540,1692255318310,1692255318313,1693227582548,8,3,5
23179,1693227582548,1692255318320,1692255318323,1693227582558,10,3,7
23180,1693227582558,1692255318328,1692255318331,1693227582566,8,3,5
23181,1693227582566,1692255318338,1692255318341,1693227582576,10,3,7
23182,1693227582576,1692255318346,1692255318350,1693227582585,9,4,5
23183,1693227582585,1692255318356,1692255318360,1693227582595,10,4,6
23184,1693227582595,1692255318365,1692255318370,1693227582605,10,5,5
23185,1693227582605,1692255318376,1692255318380,1693227582615,10,4,6
23186,1693227582615,1692255318386,1692255318390,1693227582626,11,4,7
23187,1693227582626,1692255318396,1692255318401,1693227582636,10,5,5
23188,1693227582636,1692255318406,1692255318411,1693227582646,10,5,5
23189,1693227582646,1692255318418,1692255318422,1693227582657,11,4,7
23190,1693227582657,1692255318428,1692255318432,1693227582669,12,4,8
23191,1693227582669,1692255318440,1692255318444,1693227582679,10,4,6
23192,1693227582679,1692255318450,1692255318454,1693227582689,10,4,6
23193,1693227582689,1692255318460,1692255318463,1693227582699,10,3,7
23194,1693227582699,1692255318469,1692255318474,1693227582709,10,5,5
23195,1693227582709,1692255318479,1692255318483,1693227582718,9,4,5
23196,1693227582718,1692255318489,1692255318494,1693227582729,11,5,6
23197,1693227582729,1692255318499,1692255318503,1693227582738,9,4,5
23198,1693227582738,1692255318508,1692255318513,1693227582748,10,5,5
23199,1693227582748,1692255318519,1692255318523,1693227582758,10,4,6
23200,1693227582758,1692255318528,1692255318533,1693227582771,13,5,8
23201,1693227582771,1692255318543,1692255318547,1693227582782,11,4,7
23202,1693227582782,1692255318553,1692255318557,1693227582793,11,4,7
23203,1693227582793,1692255318564,1692255318569,1693227582804,11,5,6
23204,1693227582804,1692255318575,1692255318585,1693227582821,17,10,7
23205,1693227582821,1692255318592,1692255318597,1693227582832,11,5,6
23206,1693227582832,1692255318603,1692255318607,1693227582842,10,4,6
23207,1693227582842,1692255318612,1692255318617,1693227582852,10,5,5
23208,1693227582852,1692255318623,1692255318626,1693227582861,9,3,6
23209,1693227582861,1692255318632,1692255318636,1693227582871,10,4,6
23210,1693227582871,1692255318642,1692255318647,1693227582882,11,5,6
23211,1693227582882,1692255318652,1692255318656,1693227582891,9,4,5
23212,1693227582891,1692255318662,1692255318667,1693227582902,11,5,6
23213,1693227582902,1692255318672,1692255318678,1693227582913,11,6,5
23214,1693227582913,1692255318684,1692255318687,1693227582922,9,3,6
23215,1693227582922,1692255318693,1692255318697,1693227582932,10,4,6
23216,1693227582932,1692255318703,1692255318707,1693227582942,10,4,6
23217,1693227582942,1692255318713,1692255318717,1693227582952,10,4,6
23218,1693227582952,1692255318724,1692255318728,1693227582963,11,4,7
23219,1693227582963,1692255318734,1692255318738,1693227582973,10,4,6
23220,1693227582973,1692255318745,1692255318749,1693227582984,11,4,7
23221,1693227582984,1692255318755,1692255318759,1693227582994,10,4,6
23222,1693227582994,1692255318765,1692255318768,1693227583003,9,3,6
23223,1693227583003,1692255318774,1692255318779,1693227583014,11,5,6
23224,1693227583014,1692255318784,1692255318788,1693227583023,9,4,5
23225,1693227583023,1692255318794,1692255318798,1693227583034,11,4,7
23226,1693227583034,1692255318805,1692255318809,1693227583044,10,4,6
23227,1693227583044,1692255318814,1692255318818,1693227583052,8,4,4
23228,1693227583052,1692255318823,1692255318826,1693227583061,9,3,6
23229,1693227583061,1692255318832,1692255318836,1693227583070,9,4,5
23230,1693227583070,1692255318841,1692255318845,1693227583080,10,4,6
23231,1693227583080,1692255318851,1692255318855,1693227583093,13,4,9
23232,1693227583093,1692255318863,1692255318867,1693227583102,9,4,5
23233,1693227583102,1692255318873,1692255318877,1693227583112,10,4,6
23234,1693227583112,1692255318882,1692255318886,1693227583121,9,4,5
23235,1693227583121,1692255318892,1692255318896,1693227583131,10,4,6
23236,1693227583131,1692255318901,1692255318906,1693227583141,10,5,5
23237,1693227583141,1692255318911,1692255318916,1693227583151,10,5,5
23238,1693227583151,1692255318922,1692255318926,1693227583161,10,4,6
23239,1693227583161,1692255318932,1692255318936,1693227583171,10,4,6
23240,1693227583171,1692255318941,1692255318945,1693227583181,10,4,6
23241,1693227583181,1692255318951,1692255318957,1693227583192,11,6,5
23242,1693227583192,1692255318963,1692255318967,1693227583202,10,4,6
23243,1693227583202,1692255318972,1692255318976,1693227583211,9,4,5
23244,1693227583211,1692255318982,1692255318986,1693227583221,10,4,6
23245,1693227583221,1692255318992,1692255318996,1693227583230,9,4,5
23246,1693227583230,1692255319001,1692255319005,1693227583240,10,4,6
23247,1693227583240,1692255319011,1692255319015,1693227583251,11,4,7
23248,1693227583251,1692255319027,1692255319031,1693227583266,15,4,11
23249,1693227583266,1692255319037,1692255319041,1693227583276,10,4,6
23250,1693227583277,1692255319048,1692255319052,1693227583287,10,4,6
23251,1693227583287,1692255319058,1692255319062,1693227583297,10,4,6
23252,1693227583297,1692255319067,1692255319071,1693227583306,9,4,5
23253,1693227583306,1692255319076,1692255319080,1693227583315,9,4,5
23254,1693227583315,1692255319085,1692255319089,1693227583324,9,4,5
23255,1693227583324,1692255319095,1692255319099,1693227583334,10,4,6
23256,1693227583334,1692255319105,1692255319108,1693227583343,9,3,6
23257,1693227583344,1692255319115,1692255319120,1693227583355,11,5,6
23258,1693227583355,1692255319125,1692255319129,1693227583364,9,4,5
23259,1693227583364,1692255319135,1692255319139,1693227583374,10,4,6
23260,1693227583374,1692255319144,1692255319148,1693227583386,12,4,8
23261,1693227583386,1692255319157,1692255319162,1693227583396,10,5,5
23262,1693227583396,1692255319167,1692255319171,1693227583406,10,4,6
23263,1693227583406,1692255319176,1692255319180,1693227583415,9,4,5
23264,1693227583415,1692255319186,1692255319190,1693227583425,10,4,6
23265,1693227583425,1692255319196,1692255319200,1693227583434,9,4,5
23266,1693227583434,1692255319205,1692255319209,1693227583443,9,4,5
23267,1693227583443,1692255319213,1692255319217,1693227583452,9,4,5
23268,1693227583452,1692255319222,1692255319226,1693227583461,9,4,5
23269,1693227583461,1692255319232,1692255319236,1693227583471,10,4,6
23270,1693227583471,1692255319241,1692255319245,1693227583479,8,4,4
23271,1693227583479,1692255319249,1692255319254,1693227583489,10,5,5
23272,1693227583489,1692255319260,1692255319264,1693227583498,9,4,5
23273,1693227583498,1692255319268,1692255319273,1693227583508,10,5,5
23274,1693227583508,1692255319278,1692255319282,1693227583517,9,4,5
23275,1693227583517,1692255319287,1692255319292,1693227583527,10,5,5
23276,1693227583527,1692255319298,1692255319305,1693227583540,13,7,6
23277,1693227583540,1692255319311,1692255319315,1693227583550,10,4,6
23278,1693227583550,1692255319321,1692255319328,1693227583562,12,7,5
23279,1693227583562,1692255319333,1692255319337,1693227583572,10,4,6
23280,1693227583572,1692255319342,1692255319346,1693227583581,9,4,5
23281,1693227583581,1692255319351,1692255319355,1693227583590,9,4,5
23282,1693227583590,1692255319361,1692255319365,1693227583600,10,4,6
23283,1693227583600,1692255319374,1692255319378,1693227583613,13,4,9
23284,1693227583613,1692255319384,1692255319389,1693227583623,10,5,5
23285,1693227583623,1692255319393,1692255319397,1693227583632,9,4,5
23286,1693227583632,1692255319402,1692255319407,1693227583641,9,5,4
23287,1693227583641,1692255319411,1692255319415,1693227583650,9,4,5
23288,1693227583650,1692255319420,1692255319425,1693227583660,10,5,5
23289,1693227583660,1692255319430,1692255319435,1693227583670,10,5,5
23290,1693227583670,1692255319439,1692255319443,1693227583678,8,4,4
23291,1693227583678,1692255319450,1692255319454,1693227583689,11,4,7
23292,1693227583689,1692255319461,1692255319465,1693227583699,10,4,6
23293,1693227583699,1692255319469,1692255319473,1693227583708,9,4,5
23294,1693227583708,1692255319483,1692255319487,1693227583722,14,4,10
23295,1693227583722,1692255319492,1692255319496,1693227583731,9,4,5
23296,1693227583731,1692255319505,1692255319510,1693227583745,14,5,9
23297,1693227583745,1692255319515,1692255319519,1693227583753,8,4,4
23298,1693227583753,1692255319523,1692255319527,1693227583761,8,4,4
23299,1693227583761,1692255319532,1692255319535,1693227583770,9,3,6
23300,1693227583770,1692255319540,1692255319543,1693227583778,8,3,5
23301,1693227583778,1692255319549,1692255319552,1693227583787,9,3,6
23302,1693227583787,1692255319558,1692255319562,1693227583796,9,4,5
23303,1693227583796,1692255319566,1692255319569,1693227583804,8,3,5
23304,1693227583804,1692255319574,1692255319578,1693227583813,9,4,5
23305,1693227583813,1692255319583,1692255319586,1693227583821,8,3,5
23306,1693227583821,1692255319591,1692255319595,1693227583829,8,4,4
23307,1693227583830,1692255319599,1692255319603,1693227583837,7,4,3
23308,1693227583837,1692255319608,1692255319612,1693227583847,10,4,6
23309,1693227583847,1692255319618,1692255319622,1693227583857,10,4,6
23310,1693227583857,1692255319628,1692255319632,1693227583867,10,4,6
23311,1693227583867,1692255319638,1692255319642,1693227583877,10,4,6
23312,1693227583877,1692255319648,1692255319652,1693227583887,10,4,6
23313,1693227583887,1692255319658,1692255319663,1693227583898,11,5,6
23314,1693227583898,1692255319668,1692255319672,1693227583907,9,4,5
23315,1693227583907,1692255319678,1692255319684,1693227583919,12,6,6
23316,1693227583919,1692255319689,1692255319693,1693227583928,9,4,5
23317,1693227583928,1692255319699,1692255319703,1693227583938,10,4,6
23318,1693227583938,1692255319708,1692255319712,1693227583947,9,4,5
23319,1693227583947,1692255319718,1692255319722,1693227583956,9,4,5
23320,1693227583956,1692255319726,1692255319730,1693227583965,9,4,5
23321,1693227583965,1692255319736,1692255319740,1693227583975,10,4,6
23322,1693227583975,1692255319745,1692255319749,1693227583984,9,4,5
23323,1693227583984,1692255319754,1692255319757,1693227583992,8,3,5
23324,1693227583992,1692255319762,1692255319766,1693227584001,9,4,5
23325,1693227584001,1692255319771,1692255319774,1693227584009,8,3,5
23326,1693227584009,1692255319779,1692255319783,1693227584018,9,4,5
23327,1693227584018,1692255319788,1692255319792,1693227584027,9,4,5
23328,1693227584027,1692255319797,1692255319801,1693227584036,9,4,5
23329,1693227584036,1692255319807,1692255319811,1693227584045,9,4,5
23330,1693227584045,1692255319815,1692255319819,1693227584053,8,4,4
23331,1693227584053,1692255319824,1692255319827,1693227584062,9,3,6
23332,1693227584062,1692255319832,1692255319836,1693227584071,9,4,5
23333,1693227584071,1692255319841,1692255319846,1693227584080,9,5,4
23334,1693227584080,1692255319850,1692255319854,1693227584089,9,4,5
23335,1693227584089,1692255319859,1692255319863,1693227584099,10,4,6
23336,1693227584099,1692255319871,1692255319875,1693227584110,11,4,7
23337,1693227584110,1692255319881,1692255319885,1693227584120,10,4,6
23338,1693227584120,1692255319890,1692255319895,1693227584130,10,5,5
23339,1693227584130,1692255319900,1692255319905,1693227584140,10,5,5
23340,1693227584140,1692255319911,1692255319915,1693227584150,10,4,6
23341,1693227584150,1692255319921,1692255319925,1693227584160,10,4,6
23342,1693227584160,1692255319930,1692255319934,1693227584169,9,4,5
23343,1693227584169,1692255319940,1692255319944,1693227584179,10,4,6
23344,1693227584179,1692255319949,1692255319953,1693227584188,9,4,5
23345,1693227584189,1692255319960,1692255319964,1693227584199,10,4,6
23346,1693227584199,1692255319970,1692255319973,1693227584208,9,3,6
23347,1693227584208,1692255319979,1692255319983,1693227584218,10,4,6
23348,1693227584218,1692255319988,1692255319993,1693227584228,10,5,5
23349,1693227584228,1692255320000,1692255320004,1693227584239,11,4,7
23350,1693227584239,1692255320010,1692255320014,1693227584250,11,4,7
23351,1693227584250,1692255320021,1692255320026,1693227584261,11,5,6
23352,1693227584261,1692255320032,1692255320040,1693227584275,14,8,6
23353,1693227584276,1692255320047,1692255320051,1693227584286,10,4,6
23354,1693227584286,1692255320056,1692255320061,1693227584296,10,5,5
23355,1693227584296,1692255320066,1692255320073,1693227584308,12,7,5
23356,1693227584308,1692255320078,1692255320082,1693227584317,9,4,5
23357,1693227584317,1692255320087,1692255320091,1693227584326,9,4,5
23358,1693227584326,1692255320096,1692255320100,1693227584335,9,4,5
23359,1693227584335,1692255320106,1692255320110,1693227584345,10,4,6
23360,1693227584345,1692255320115,1692255320119,1693227584354,9,4,5
23361,1693227584354,1692255320125,1692255320129,1693227584363,9,4,5
23362,1693227584363,1692255320134,1692255320138,1693227584373,10,4,6
23363,1693227584373,1692255320144,1692255320148,1693227584382,9,4,5
23364,1693227584382,1692255320153,1692255320157,1693227584392,10,4,6
23365,1693227584392,1692255320163,1692255320167,1693227584402,10,4,6
23366,1693227584402,1692255320172,1692255320176,1693227584411,9,4,5
23367,1693227584411,1692255320182,1692255320187,1693227584422,11,5,6
23368,1693227584422,1692255320192,1692255320201,1693227584436,14,9,5
23369,1693227584436,1692255320206,1692255320211,1693227584445,9,5,4
23370,1693227584445,1692255320216,1692255320220,1693227584455,10,4,6
23371,1693227584455,1692255320225,1692255320230,1693227584464,9,5,4
23372,1693227584464,1692255320235,1692255320238,1693227584473,9,3,6
23373,1693227584473,1692255320244,1692255320247,1693227584482,9,3,6
23374,1693227584482,1692255320254,1692255320258,1693227584493,11,4,7
23375,1693227584493,1692255320264,1692255320268,1693227584503,10,4,6
23376,1693227584503,1692255320275,1692255320279,1693227584514,11,4,7
23377,1693227584514,1692255320285,1692255320288,1693227584524,10,3,7
23378,1693227584524,1692255320294,1692255320299,1693227584534,10,5,5
23379,1693227584534,1692255320306,1692255320311,1693227584546,12,5,7
23380,1693227584546,1692255320317,1692255320322,1693227584557,11,5,6
23381,1693227584557,1692255320328,1692255320333,1693227584569,12,5,7
23382,1693227584569,1692255320339,1692255320345,1693227584580,11,6,5
23383,1693227584580,1692255320351,1692255320356,1693227584591,11,5,6
23384,1693227584591,1692255320362,1692255320368,1693227584603,12,6,6
23385,1693227584603,1692255320374,1692255320379,1693227584614,11,5,6
23386,1693227584614,1692255320384,1692255320389,1693227584624,10,5,5
23387,1693227584624,1692255320395,1692255320399,1693227584634,10,4,6
23388,1693227584634,1692255320405,1692255320410,1693227584645,11,5,6
23389,1693227584645,1692255320416,1692255320420,1693227584654,9,4,5
23390,1693227584654,1692255320425,1692255320429,1693227584664,10,4,6
23391,1693227584664,1692255320434,1692255320438,1693227584672,8,4,4
23392,1693227584673,1692255320443,1692255320447,1693227584682,9,4,5
23393,1693227584682,1692255320453,1692255320458,1693227584693,11,5,6
23394,1693227584693,1692255320464,1692255320469,1693227584704,11,5,6
23395,1693227584704,1692255320475,1692255320480,1693227584716,12,5,7
23396,1693227584716,1692255320487,1692255320492,1693227584727,11,5,6
23397,1693227584727,1692255320498,1692255320503,1693227584738,11,5,6
23398,1693227584738,1692255320508,1692255320516,1693227584751,13,8,5
23399,1693227584751,1692255320522,1692255320527,1693227584762,11,5,6
23400,1693227584762,1692255320533,1692255320538,1693227584773,11,5,6
23401,1693227584773,1692255320543,1692255320547,1693227584782,9,4,5
23402,1693227584782,1692255320553,1692255320558,1693227584792,10,5,5
23403,1693227584792,1692255320563,1692255320568,1693227584803,11,5,6
23404,1693227584803,1692255320575,1692255320578,1693227584813,10,3,7
23405,1693227584813,1692255320584,1692255320588,1693227584823,10,4,6
23406,1693227584823,1692255320593,1692255320598,1693227584833,10,5,5
23407,1693227584833,1692255320604,1692255320608,1693227584843,10,4,6
23408,1693227584843,1692255320614,1692255320618,1693227584853,10,4,6
23409,1693227584853,1692255320624,1692255320627,1693227584862,9,3,6
23410,1693227584862,1692255320633,1692255320637,1693227584872,10,4,6
23411,1693227584872,1692255320643,1692255320648,1693227584883,11,5,6
23412,1693227584883,1692255320653,1692255320657,1693227584893,10,4,6
23413,1693227584893,1692255320663,1692255320667,1693227584902,9,4,5
23414,1693227584902,1692255320672,1692255320677,1693227584912,10,5,5
23415,1693227584912,1692255320683,1692255320686,1693227584922,10,3,7
23416,1693227584922,1692255320692,1692255320696,1693227584932,10,4,6
23417,1693227584932,1692255320702,1692255320706,1693227584941,9,4,5
23418,1693227584941,1692255320711,1692255320715,1693227584950,9,4,5
23419,1693227584950,1692255320722,1692255320728,1693227584963,13,6,7
23420,1693227584963,1692255320734,1692255320739,1693227584974,11,5,6
23421,1693227584974,1692255320745,1692255320750,1693227584984,10,5,5
23422,1693227584984,1692255320760,1692255320764,1693227585000,16,4,12
23423,1693227585000,1692255320773,1692255320778,1693227585014,14,5,9
23424,1693227585014,1692255320787,1692255320794,1693227585028,14,7,7
23425,1693227585028,1692255320799,1692255320804,1693227585039,11,5,6
23426,1693227585039,1692255320811,1692255320816,1693227585051,12,5,7
23427,1693227585051,1692255320821,1692255320826,1693227585061,10,5,5
23428,1693227585061,1692255320831,1692255320835,1693227585070,9,4,5
23429,1693227585070,1692255320840,1692255320844,1693227585079,9,4,5
23430,1693227585079,1692255320849,1692255320853,1693227585088,9,4,5
23431,1693227585088,1692255320858,1692255320862,1693227585097,9,4,5
23432,1693227585097,1692255320873,1692255320877,1693227585112,15,4,11
23433,1693227585112,1692255320882,1692255320887,1693227585122,10,5,5
23434,1693227585122,1692255320895,1692255320899,1693227585135,13,4,9
23435,1693227585135,1692255320906,1692255320911,1693227585146,11,5,6
23436,1693227585146,1692255320917,1692255320921,1693227585156,10,4,6
23437,1693227585156,1692255320927,1692255320932,1693227585167,11,5,6
23438,1693227585167,1692255320938,1692255320943,1693227585178,11,5,6
23439,1693227585178,1692255320950,1692255320956,1693227585190,12,6,6
23440,1693227585190,1692255320961,1692255320964,1693227585199,9,3,6
23441,1693227585199,1692255320970,1692255320975,1693227585211,12,5,7
23442,1693227585211,1692255320982,1692255320986,1693227585221,10,4,6
23443,1693227585221,1692255320991,1692255320995,1693227585230,9,4,5
23444,1693227585230,1692255321000,1692255321004,1693227585239,9,4,5
23445,1693227585239,1692255321009,1692255321013,1693227585248,9,4,5
23446,1693227585248,1692255321018,1692255321022,1693227585257,9,4,5
23447,1693227585257,1692255321027,1692255321032,1693227585267,10,5,5
23448,1693227585267,1692255321038,1692255321041,1693227585276,9,3,6
23449,1693227585276,1692255321046,1692255321050,1693227585285,9,4,5
23450,1693227585285,1692255321056,1692255321060,1693227585295,10,4,6
23451,1693227585295,1692255321065,1692255321069,1693227585304,9,4,5
23452,1693227585304,1692255321075,1692255321079,1693227585314,10,4,6
23453,1693227585314,1692255321084,1692255321088,1693227585324,10,4,6
23454,1693227585324,1692255321094,1692255321098,1693227585333,9,4,5
23455,1693227585333,1692255321104,1692255321109,1693227585344,11,5,6
23456,1693227585344,1692255321114,1692255321118,1693227585353,9,4,5
23457,1693227585353,1692255321124,1692255321127,1693227585362,9,3,6
23458,1693227585362,1692255321132,1692255321136,1693227585371,9,4,5
23459,1693227585371,1692255321143,1692255321149,1693227585384,13,6,7
23460,1693227585384,1692255321155,1692255321160,1693227585395,11,5,6
23461,1693227585395,1692255321166,1692255321173,1693227585408,13,7,6
23462,1693227585408,1692255321179,1692255321183,1693227585418,10,4,6
23463,1693227585418,1692255321189,1692255321194,1693227585429,11,5,6
23464,1693227585429,1692255321210,1692255321215,1693227585450,21,5,16
23465,1693227585450,1692255321221,1692255321226,1693227585462,12,5,7
23466,1693227585462,1692255321233,1692255321237,1693227585472,10,4,6
23467,1693227585472,1692255321243,1692255321247,1693227585482,10,4,6
23468,1693227585482,1692255321253,1692255321256,1693227585491,9,3,6
23469,1693227585491,1692255321261,1692255321265,1693227585500,9,4,5
23470,1693227585500,1692255321271,1692255321275,1693227585510,10,4,6
23471,1693227585510,1692255321280,1692255321284,1693227585519,9,4,5
23472,1693227585519,1692255321289,1692255321294,1693227585529,10,5,5
23473,1693227585529,1692255321299,1692255321302,1693227585537,8,3,5
23474,1693227585537,1692255321308,1692255321312,1693227585547,10,4,6
23475,1693227585547,1692255321317,1692255321323,1693227585558,11,6,5
23476,1693227585558,1692255321329,1692255321333,1693227585568,10,4,6
23477,1693227585568,1692255321339,1692255321343,1693227585578,10,4,6
23478,1693227585578,1692255321348,1692255321353,1693227585588,10,5,5
23479,1693227585588,1692255321358,1692255321363,1693227585598,10,5,5
23480,1693227585598,1692255321369,1692255321374,1693227585609,11,5,6
23481,1693227585609,1692255321384,1692255321388,1693227585623,14,4,10
23482,1693227585623,1692255321395,1692255321399,1693227585634,11,4,7
23483,1693227585634,1692255321407,1692255321413,1693227585648,14,6,8
23484,1693227585648,1692255321418,1692255321423,1693227585658,10,5,5
23485,1693227585658,1692255321430,1692255321434,1693227585669,11,4,7
23486,1693227585669,1692255321439,1692255321444,1693227585679,10,5,5
23487,1693227585679,1692255321449,1692255321454,1693227585689,10,5,5
23488,1693227585689,1692255321460,1692255321464,1693227585699,10,4,6
23489,1693227585699,1692255321469,1692255321473,1693227585708,9,4,5
23490,1693227585708,1692255321478,1692255321483,1693227585718,10,5,5
23491,1693227585718,1692255321488,1692255321492,1693227585727,9,4,5
23492,1693227585727,1692255321498,1692255321502,1693227585737,10,4,6
23493,1693227585737,1692255321509,1692255321514,1693227585749,12,5,7
23494,1693227585749,1692255321522,1692255321526,1693227585761,12,4,8
23495,1693227585761,1692255321531,1692255321535,1693227585770,9,4,5
23496,1693227585770,1692255321541,1692255321546,1693227585781,11,5,6
23497,1693227585781,1692255321551,1692255321557,1693227585792,11,6,5
23498,1693227585792,1692255321563,1692255321570,1693227585805,13,7,6
23499,1693227585805,1692255321576,1692255321581,1693227585816,11,5,6
23500,1693227585816,1692255321588,1692255321594,1693227585829,13,6,7
23501,1693227585829,1692255321599,1692255321604,1693227585839,10,5,5
23502,1693227585839,1692255321612,1692255321616,1693227585851,12,4,8
23503,1693227585851,1692255321622,1692255321627,1693227585862,11,5,6
23504,1693227585862,1692255321633,1692255321638,1693227585873,11,5,6
23505,1693227585873,1692255321644,1692255321649,1693227585885,12,5,7
23506,1693227585885,1692255321655,1692255321661,1693227585896,11,6,5
23507,1693227585896,1692255321667,1692255321672,1693227585907,11,5,6
23508,1693227585907,1692255321678,1692255321683,1693227585918,11,5,6
23509,1693227585918,1692255321688,1692255321692,1693227585927,9,4,5
23510,1693227585927,1692255321697,1692255321702,1693227585937,10,5,5
23511,1693227585937,1692255321707,1692255321712,1693227585947,10,5,5
23512,1693227585947,1692255321717,1692255321721,1693227585956,9,4,5
23513,1693227585956,1692255321726,1692255321730,1693227585965,9,4,5
23514,1693227585965,1692255321735,1692255321739,1693227585974,9,4,5
23515,1693227585974,1692255321744,1692255321749,1693227585984,10,5,5
23516,1693227585984,1692255321756,1692255321760,1693227585995,11,4,7
23517,1693227585995,1692255321765,1692255321770,1693227586005,10,5,5
23518,1693227586005,1692255321775,1692255321779,1693227586014,9,4,5
23519,1693227586014,1692255321785,1692255321788,1693227586023,9,3,6
23520,1693227586023,1692255321793,1692255321797,1693227586032,9,4,5
23521,1693227586032,1692255321802,1692255321806,1693227586041,9,4,5
23522,1693227586041,1692255321813,1692255321819,1693227586054,13,6,7
23523,1693227586054,1692255321826,1692255321830,1693227586065,11,4,7
23524,1693227586065,1692255321837,1692255321841,1693227586076,11,4,7
23525,1693227586076,1692255321847,1692255321852,1693227586087,11,5,6
23526,1693227586087,1692255321858,1692255321864,1693227586099,12,6,6
23527,1693227586099,1692255321871,1692255321875,1693227586111,12,4,8
23528,1693227586111,1692255321882,1692255321887,1693227586122,11,5,6
23529,1693227586122,1692255321893,1692255321898,1693227586133,11,5,6
23530,1693227586133,1692255321904,1692255321908,1693227586143,10,4,6
23531,1693227586143,1692255321914,1692255321918,1693227586153,10,4,6
23532,1693227586153,1692255321923,1692255321927,1693227586161,8,4,4
23533,1693227586162,1692255321932,1692255321936,1693227586171,9,4,5
23534,1693227586171,1692255321941,1692255321945,1693227586180,9,4,5
23535,1693227586180,1692255321951,1692255321958,1693227586193,13,7,6
23536,1693227586193,1692255321963,1692255321967,1693227586202,9,4,5
23537,1693227586202,1692255321972,1692255321976,1693227586211,9,4,5
23538,1693227586211,1692255321982,1692255321987,1693227586222,11,5,6
23539,1693227586222,1692255321994,1692255321998,1693227586233,11,4,7
23540,1693227586233,1692255322005,1692255322010,1693227586245,12,5,7
23541,1693227586245,1692255322015,1692255322019,1693227586254,9,4,5
23542,1693227586254,1692255322028,1692255322033,1693227586268,14,5,9
23543,1693227586268,1692255322038,1692255322043,1693227586278,10,5,5
23544,1693227586278,1692255322049,1692255322054,1693227586289,11,5,6
23545,1693227586289,1692255322060,1692255322065,1693227586299,10,5,5
23546,1693227586299,1692255322070,1692255322075,1693227586310,11,5,6
23547,1693227586310,1692255322080,1692255322085,1693227586320,10,5,5
23548,1693227586320,1692255322091,1692255322097,1693227586332,12,6,6
23549,1693227586332,1692255322102,1692255322107,1693227586342,10,5,5
23550,1693227586342,1692255322112,1692255322117,1693227586352,10,5,5
23551,1693227586352,1692255322124,1692255322127,1693227586362,10,3,7
23552,1693227586362,1692255322134,1692255322139,1693227586373,11,5,6
23553,1693227586373,1692255322145,1692255322149,1693227586384,11,4,7
23554,1693227586384,1692255322154,1692255322159,1693227586394,10,5,5
23555,1693227586394,1692255322164,1692255322168,1693227586403,9,4,5
23556,1693227586403,1692255322174,1692255322179,1693227586414,11,5,6
23557,1693227586414,1692255322184,1692255322188,1693227586423,9,4,5
23558,1693227586423,1692255322198,1692255322202,1693227586437,14,4,10
23559,1693227586437,1692255322208,1692255322212,1693227586447,10,4,6
23560,1693227586447,1692255322218,1692255322224,1693227586459,12,6,6
23561,1693227586459,1692255322229,1692255322234,1693227586469,10,5,5
23562,1693227586469,1692255322240,1692255322245,1693227586480,11,5,6
23563,1693227586480,1692255322251,1692255322255,1693227586491,11,4,7
23564,1693227586491,1692255322262,1692255322268,1693227586502,11,6,5
23565,1693227586503,1692255322273,1692255322278,1693227586512,9,5,4
23566,1693227586512,1692255322283,1692255322287,1693227586523,11,4,7
23567,1693227586523,1692255322294,1692255322299,1693227586534,11,5,6
23568,1693227586534,1692255322306,1692255322311,1693227586546,12,5,7
23569,1693227586546,1692255322316,1692255322322,1693227586557,11,6,5
23570,1693227586557,1692255322328,1692255322333,1693227586568,11,5,6
23571,1693227586568,1692255322339,1692255322343,1693227586578,10,4,6
23572,1693227586578,1692255322348,1692255322354,1693227586589,11,6,5
23573,1693227586589,1692255322360,1692255322365,1693227586600,11,5,6
23574,1693227586600,1692255322370,1692255322375,1693227586610,10,5,5
23575,1693227586610,1692255322380,1692255322384,1693227586619,9,4,5
23576,1693227586619,1692255322390,1692255322393,1693227586628,9,3,6
23577,1693227586628,1692255322398,1692255322403,1693227586638,10,5,5
23578,1693227586638,1692255322408,1692255322412,1693227586647,9,4,5
23579,1693227586647,1692255322417,1692255322421,1693227586656,9,4,5
23580,1693227586656,1692255322427,1692255322431,1693227586666,10,4,6
23581,1693227586666,1692255322437,1692255322442,1693227586677,11,5,6
23582,1693227586677,1692255322448,1692255322453,1693227586688,11,5,6
23583,1693227586688,1692255322460,1692255322464,1693227586699,11,4,7
23584,1693227586699,1692255322470,1692255322475,1693227586709,10,5,5
23585,1693227586709,1692255322480,1692255322485,1693227586720,11,5,6
23586,1693227586720,1692255322491,1692255322497,1693227586731,11,6,5
23587,1693227586732,1692255322502,1692255322507,1693227586742,10,5,5
23588,1693227586742,1692255322514,1692255322518,1693227586752,10,4,6
23589,1693227586752,1692255322525,1692255322529,1693227586765,13,4,9
23590,1693227586765,1692255322536,1692255322540,1693227586775,10,4,6
23591,1693227586775,1692255322546,1692255322550,1693227586784,9,4,5
23592,1693227586784,1692255322554,1692255322559,1693227586794,10,5,5
23593,1693227586794,1692255322564,1692255322568,1693227586803,9,4,5
23594,1693227586803,1692255322573,1692255322577,1693227586812,9,4,5
23595,1693227586812,1692255322582,1692255322586,1693227586821,9,4,5
23596,1693227586821,1692255322592,1692255322596,1693227586831,10,4,6
23597,1693227586831,1692255322601,1692255322605,1693227586840,9,4,5
23598,1693227586840,1692255322611,1692255322615,1693227586850,10,4,6
23599,1693227586850,1692255322621,1692255322626,1693227586861,11,5,6
23600,1693227586861,1692255322631,1692255322636,1693227586870,9,5,4
23601,1693227586870,1692255322641,1692255322646,1693227586881,11,5,6
23602,1693227586881,1692255322651,1692255322655,1693227586890,9,4,5
23603,1693227586890,1692255322661,1692255322665,1693227586900,10,4,6
23604,1693227586900,1692255322670,1692255322674,1693227586909,9,4,5
23605,1693227586909,1692255322679,1692255322683,1693227586917,8,4,4
23606,1693227586918,1692255322688,1692255322691,1693227586926,8,3,5
23607,1693227586926,1692255322696,1692255322701,1693227586936,10,5,5
23608,1693227586936,1692255322706,1692255322710,1693227586944,8,4,4
23609,1693227586944,1692255322716,1692255322722,1693227586957,13,6,7
23610,1693227586957,1692255322727,1692255322732,1693227586966,9,5,4
23611,1693227586966,1692255322738,1692255322742,1693227586977,11,4,7
23612,1693227586977,1692255322748,1692255322753,1693227586988,11,5,6
23613,1693227586988,1692255322759,1692255322763,1693227586998,10,4,6
23614,1693227586998,1692255322770,1692255322774,1693227587009,11,4,7
23615,1693227587009,1692255322780,1692255322785,1693227587020,11,5,6
23616,1693227587020,1692255322791,1692255322794,1693227587029,9,3,6
23617,1693227587030,1692255322800,1692255322804,1693227587039,9,4,5
23618,1693227587039,1692255322810,1692255322814,1693227587049,10,4,6
23619,1693227587049,1692255322819,1692255322823,1693227587058,9,4,5
23620,1693227587058,1692255322829,1692255322833,1693227587068,10,4,6
23621,1693227587068,1692255322841,1692255322846,1693227587081,13,5,8
23622,1693227587081,1692255322851,1692255322855,1693227587090,9,4,5
23623,1693227587090,1692255322861,1692255322864,1693227587099,9,3,6
23624,1693227587099,1692255322870,1692255322875,1693227587110,11,5,6
23625,1693227587110,1692255322886,1692255322890,1693227587125,15,4,11
23626,1693227587125,1692255322896,1692255322900,1693227587135,10,4,6
23627,1693227587135,1692255322906,1692255322910,1693227587145,10,4,6
23628,1693227587145,1692255322916,1692255322921,1693227587156,11,5,6
23629,1693227587156,1692255322927,1692255322931,1693227587165,9,4,5
23630,1693227587165,1692255322935,1692255322939,1693227587174,9,4,5
23631,1693227587174,1692255322945,1692255322948,1693227587183,9,3,6
23632,1693227587183,1692255322955,1692255322958,1693227587194,11,3,8
23633,1693227587194,1692255322964,1692255322967,1693227587202,8,3,5
23634,1693227587202,1692255322972,1692255322976,1693227587211,9,4,5
23635,1693227587211,1692255322982,1692255322986,1693227587221,10,4,6
23636,1693227587221,1692255322992,1692255322996,1693227587231,10,4,6
23637,1693227587231,1692255323002,1692255323006,1693227587241,10,4,6
23638,1693227587241,1692255323011,1692255323014,1693227587250,9,3,6
23639,1693227587250,1692255323021,1692255323025,1693227587260,10,4,6
23640,1693227587260,1692255323031,1692255323035,1693227587270,10,4,6
23641,1693227587270,1692255323041,1692255323045,1693227587280,10,4,6
23642,1693227587280,1692255323051,1692255323055,1693227587290,10,4,6
23643,1693227587290,1692255323061,1692255323064,1693227587299,9,3,6
23644,1693227587299,1692255323070,1692255323075,1693227587310,11,5,6
23645,1693227587310,1692255323081,1692255323085,1693227587320,10,4,6
23646,1693227587320,1692255323091,1692255323098,1693227587333,13,7,6
23647,1693227587333,1692255323104,1692255323108,1693227587344,11,4,7
23648,1693227587344,1692255323114,1692255323118,1693227587353,9,4,5
23649,1693227587353,1692255323124,1692255323128,1693227587363,10,4,6
23650,1693227587363,1692255323133,1692255323138,1693227587373,10,5,5
23651,1693227587373,1692255323144,1692255323148,1693227587383,10,4,6
23652,1693227587383,1692255323153,1692255323157,1693227587393,10,4,6
23653,1693227587393,1692255323163,1692255323170,1693227587405,12,7,5
23654,1693227587405,1692255323175,1692255323178,1693227587413,8,3,5
23655,1693227587413,1692255323183,1692255323187,1693227587421,8,4,4
23656,1693227587421,1692255323192,1692255323195,1693227587430,9,3,6
23657,1693227587430,1692255323200,1692255323203,1693227587438,8,3,5
23658,1693227587438,1692255323208,1692255323212,1693227587446,8,4,4
23659,1693227587446,1692255323216,1692255323219,1693227587454,8,3,5
23660,1693227587454,1692255323225,1692255323229,1693227587464,10,4,6
23661,1693227587464,1692255323235,1692255323238,1693227587473,9,3,6
23662,1693227587473,1692255323243,1692255323247,1693227587483,10,4,6
23663,1693227587483,1692255323254,1692255323257,1693227587492,9,3,6
23664,1693227587492,1692255323262,1692255323266,1693227587501,9,4,5
23665,1693227587501,1692255323271,1692255323274,1693227587509,8,3,5
23666,1693227587509,1692255323280,1692255323283,1693227587518,9,3,6
23667,1693227587518,1692255323288,1692255323291,1693227587526,8,3,5
23668,1693227587526,1692255323296,1692255323300,1693227587535,9,4,5
23669,1693227587535,1692255323306,1692255323310,1693227587546,11,4,7
23670,1693227587546,1692255323319,1692255323324,1693227587559,13,5,8
23671,1693227587559,1692255323330,1692255323333,1693227587568,9,3,6
23672,1693227587568,1692255323338,1692255323343,1693227587578,10,5,5
23673,1693227587578,1692255323349,1692255323354,1693227587589,11,5,6
23674,1693227587589,1692255323364,1692255323368,1693227587603,14,4,10
23675,1693227587603,1692255323374,1692255323378,1693227587612,9,4,5
23676,1693227587612,1692255323382,1692255323387,1693227587622,10,5,5
23677,1693227587622,1692255323392,1692255323396,1693227587631,9,4,5
23678,1693227587631,1692255323402,1692255323407,1693227587642,11,5,6
23679,1693227587642,1692255323412,1692255323416,1693227587650,8,4,4
23680,1693227587650,1692255323421,1692255323425,1693227587660,10,4,6
23681,1693227587660,1692255323430,1692255323435,1693227587670,10,5,5
23682,1693227587670,1692255323440,1692255323446,1693227587681,11,6,5
23683,1693227587681,1692255323451,1692255323455,1693227587689,8,4,4
23684,1693227587689,1692255323460,1692255323464,1693227587699,10,4,6
23685,1693227587699,1692255323469,1692255323473,1693227587708,9,4,5
23686,1693227587708,1692255323478,1692255323482,1693227587717,9,4,5
23687,1693227587717,1692255323487,1692255323491,1693227587725,8,4,4
23688,1693227587725,1692255323495,1692255323498,1693227587733,8,3,5
23689,1693227587733,1692255323504,1692255323508,1693227587743,10,4,6
23690,1693227587743,1692255323513,1692255323517,1693227587752,9,4,5
23691,1693227587752,1692255323522,1692255323526,1693227587761,9,4,5
23692,1693227587761,1692255323542,1692255323546,1693227587781,20,4,16
23693,1693227587781,1692255323552,1692255323556,1693227587790,9,4,5
23694,1693227587790,1692255323561,1692255323564,1693227587799,9,3,6
23695,1693227587799,1692255323570,1692255323575,1693227587810,11,5,6
23696,1693227587810,1692255323580,1692255323584,1693227587818,8,4,4
23697,1693227587818,1692255323588,1692255323593,1693227587828,10,5,5
23698,1693227587828,1692255323599,1692255323603,1693227587837,9,4,5
23699,1693227587837,1692255323608,1692255323612,1693227587847,10,4,6
23700,1693227587847,1692255323617,1692255323621,1693227587856,9,4,5
23701,1693227587856,1692255323626,1692255323631,1693227587866,10,5,5
23702,1693227587866,1692255323637,1692255323642,1693227587877,11,5,6
23703,1693227587877,1692255323647,1692255323652,1693227587887,10,5,5
23704,1693227587887,1692255323659,1692255323664,1693227587899,12,5,7
23705,1693227587899,1692255323669,1692255323673,1693227587908,9,4,5
23706,1693227587908,1692255323678,1692255323683,1693227587918,10,5,5
23707,1693227587918,1692255323689,1692255323695,1693227587930,12,6,6
23708,1693227587930,1692255323700,1692255323705,1693227587940,10,5,5
23709,1693227587940,1692255323712,1692255323715,1693227587950,10,3,7
23710,1693227587950,1692255323721,1692255323727,1693227587962,12,6,6
23711,1693227587962,1692255323733,1692255323738,1693227587973,11,5,6
23712,1693227587973,1692255323744,1692255323749,1693227587984,11,5,6
23713,1693227587984,1692255323755,1692255323760,1693227587996,12,5,7
23714,1693227587996,1692255323771,1692255323775,1693227588010,14,4,10
23715,1693227588010,1692255323781,1692255323785,1693227588021,11,4,7
23716,1693227588021,1692255323791,1692255323796,1693227588031,10,5,5
23717,1693227588031,1692255323801,1692255323805,1693227588040,9,4,5
23718,1693227588040,1692255323811,1692255323815,1693227588050,10,4,6
23719,1693227588050,1692255323820,1692255323826,1693227588061,11,6,5
23720,1693227588061,1692255323833,1692255323837,1693227588072,11,4,7
23721,1693227588072,1692255323843,1692255323847,1693227588082,10,4,6
23722,1693227588082,1692255323852,1692255323857,1693227588092,10,5,5
23723,1693227588092,1692255323865,1692255323869,1693227588104,12,4,8
23724,1693227588104,1692255323874,1692255323878,1693227588113,9,4,5
23725,1693227588113,1692255323884,1692255323888,1693227588123,10,4,6
23726,1693227588123,1692255323894,1692255323899,1693227588134,11,5,6
23727,1693227588134,1692255323905,1692255323909,1693227588144,10,4,6
23728,1693227588144,1692255323914,1692255323919,1693227588154,10,5,5
23729,1693227588154,1692255323924,1692255323927,1693227588162,8,3,5
23730,1693227588162,1692255323932,1692255323936,1693227588171,9,4,5
23731,1693227588171,1692255323943,1692255323947,1693227588182,11,4,7
23732,1693227588182,1692255323953,1692255323959,1693227588193,11,6,5
23733,1693227588193,1692255323964,1692255323969,1693227588203,10,5,5
23734,1693227588203,1692255323974,1692255323979,1693227588214,11,5,6
23735,1693227588214,1692255323985,1692255323990,1693227588225,11,5,6
23736,1693227588225,1692255323996,1692255324000,1693227588235,10,4,6
23737,1693227588235,1692255324006,1692255324011,1693227588246,11,5,6
23738,1693227588246,1692255324018,1692255324022,1693227588257,11,4,7
23739,1693227588257,1692255324028,1692255324032,1693227588267,10,4,6
23740,1693227588267,1692255324038,1692255324043,1693227588278,11,5,6
23741,1693227588278,1692255324050,1692255324054,1693227588289,11,4,7
23742,1693227588289,1692255324059,1692255324063,1693227588300,11,4,7
23743,1693227588300,1692255324070,1692255324075,1693227588310,10,5,5
23744,1693227588310,1692255324081,1692255324085,1693227588320,10,4,6
23745,1693227588320,1692255324091,1692255324095,1693227588330,10,4,6
23746,1693227588330,1692255324100,1692255324104,1693227588339,9,4,5
23747,1693227588339,1692255324112,1692255324117,1693227588352,13,5,8
23748,1693227588352,1692255324124,1692255324130,1693227588366,14,6,8
23749,1693227588366,1692255324137,1692255324142,1693227588378,12,5,7
23750,1693227588378,1692255324149,1692255324154,1693227588388,10,5,5
23751,1693227588388,1692255324159,1692255324164,1693227588399,11,5,6
23752,1693227588399,1692255324172,1692255324177,1693227588412,13,5,8
23753,1693227588412,1692255324183,1692255324187,1693227588422,10,4,6
23754,1693227588422,1692255324193,1692255324198,1693227588433,11,5,6
23755,1693227588433,1692255324204,1692255324209,1693227588445,12,5,7
23756,1693227588445,1692255324216,1692255324223,1693227588458,13,7,6
23757,1693227588458,1692255324229,1692255324234,1693227588469,11,5,6
23758,1693227588469,1692255324240,1692255324245,1693227588480,11,5,6
23759,1693227588480,1692255324252,1692255324256,1693227588491,11,4,7
23760,1693227588491,1692255324262,1692255324267,1693227588502,11,5,6
23761,1693227588502,1692255324274,1692255324278,1693227588513,11,4,7
23762,1693227588513,1692255324284,1692255324288,1693227588522,9,4,5
23763,1693227588523,1692255324293,1692255324297,1693227588532,9,4,5
23764,1693227588532,1692255324303,1692255324307,1693227588542,10,4,6
23765,1693227588542,1692255324313,1692255324317,1693227588552,10,4,6
23766,1693227588552,1692255324322,1692255324326,1693227588561,9,4,5
23767,1693227588561,1692255324331,1692255324335,1693227588571,10,4,6
23768,1693227588571,1692255324342,1692255324347,1693227588582,11,5,6
23769,1693227588582,1692255324352,1692255324357,1693227588592,10,5,5
23770,1693227588592,1692255324363,1692255324368,1693227588603,11,5,6
23771,1693227588603,1692255324382,1692255324387,1693227588622,19,5,14
23772,1693227588622,1692255324392,1692255324397,1693227588633,11,5,6
23773,1693227588633,1692255324404,1692255324408,1693227588644,11,4,7
23774,1693227588644,1692255324414,1692255324419,1693227588654,10,5,5
23775,1693227588654,1692255324425,1692255324431,1693227588665,11,6,5
23776,1693227588665,1692255324436,1692255324440,1693227588675,10,4,6
23777,1693227588675,1692255324446,1692255324451,1693227588686,11,5,6
23778,1693227588686,1692255324457,1692255324461,1693227588696,10,4,6
23779,1693227588696,1692255324467,1692255324472,1693227588706,10,5,5
23780,1693227588707,1692255324483,1692255324488,1693227588722,15,5,10
23781,1693227588722,1692255324493,1692255324498,1693227588733,11,5,6
23782,1693227588733,1692255324504,1692255324508,1693227588743,10,4,6
23783,1693227588743,1692255324514,1692255324519,1693227588754,11,5,6
23784,1693227588754,1692255324525,1692255324529,1693227588764,10,4,6
23785,1693227588764,1692255324535,1692255324540,1693227588775,11,5,6
23786,1693227588775,1692255324552,1692255324557,1693227588794,19,5,14
23787,1693227588794,1692255324566,1692255324571,1693227588806,12,5,7
23788,1693227588806,1692255324577,1692255324582,1693227588817,11,5,6
23789,1693227588817,1692255324588,1692255324592,1693227588827,10,4,6
23790,1693227588827,1692255324598,1692255324603,1693227588838,11,5,6
23791,1693227588838,1692255324609,1692255324614,1693227588848,10,5,5
23792,1693227588848,1692255324621,1692255324627,1693227588861,13,6,7
23793,1693227588861,1692255324633,1692255324640,1693227588875,14,7,7
23794,1693227588875,1692255324646,1692255324651,1693227588886,11,5,6
23795,1693227588886,1692255324656,1692255324662,1693227588897,11,6,5
23796,1693227588897,1692255324668,1692255324673,1693227588908,11,5,6
23797,1693227588908,1692255324679,1692255324683,1693227588918,10,4,6
23798,1693227588918,1692255324688,1692255324692,1693227588927,9,4,5
23799,1693227588927,1692255324697,1692255324701,1693227588936,9,4,5
23800,1693227588936,1692255324706,1692255324711,1693227588945,9,5,4
23801,1693227588945,1692255324716,1692255324721,1693227588956,11,5,6
23802,1693227588956,1692255324727,1692255324730,1693227588965,9,3,6
23803,1693227588965,1692255324736,1692255324739,1693227588974,9,3,6
23804,1693227588974,1692255324744,1692255324748,1693227588983,9,4,5
23805,1693227588983,1692255324753,1692255324757,1693227588992,9,4,5
23806,1693227588992,1692255324770,1692255324774,1693227589009,17,4,13
23807,1693227589009,1692255324779,1692255324783,1693227589018,9,4,5
23808,1693227589018,1692255324788,1692255324793,1693227589028,10,5,5
23809,1693227589028,1692255324798,1692255324802,1693227589037,9,4,5
23810,1693227589037,1692255324807,1692255324812,1693227589046,9,5,4
23811,1693227589046,1692255324816,1692255324821,1693227589055,9,5,4
23812,1693227589055,1692255324826,1692255324831,1693227589066,11,5,6
23813,1693227589066,1692255324837,1692255324841,1693227589076,10,4,6
23814,1693227589076,1692255324846,1692255324851,1693227589086,10,5,5
23815,1693227589086,1692255324857,1692255324864,1693227589099,13,7,6
23816,1693227589099,1692255324870,1692255324874,1693227589109,10,4,6
23817,1693227589109,1692255324880,1692255324883,1693227589120,11,3,8
23818,1693227589120,1692255324891,1692255324895,1693227589130,10,4,6
23819,1693227589130,1692255324900,1692255324904,1693227589138,8,4,4
23820,1693227589138,1692255324908,1692255324912,1693227589147,9,4,5
23821,1693227589147,1692255324918,1692255324922,1693227589157,10,4,6
23822,1693227589157,1692255324928,1692255324932,1693227589167,10,4,6
23823,1693227589167,1692255324937,1692255324944,1693227589179,12,7,5
23824,1693227589179,1692255324950,1692255324954,1693227589189,10,4,6
23825,1693227589189,1692255324959,1692255324964,1693227589199,10,5,5
23826,1693227589199,1692255324970,1692255324974,1693227589209,10,4,6
23827,1693227589209,1692255324980,1692255324984,1693227589219,10,4,6
23828,1693227589219,1692255324991,1692255324997,1693227589233,14,6,8
23829,1693227589233,1692255325004,1692255325008,1693227589243,10,4,6
23830,1693227589243,1692255325013,1692255325018,1693227589253,10,5,5
23831,1693227589253,1692255325027,1692255325031,1693227589265,12,4,8
23832,1693227589265,1692255325036,1692255325043,1693227589278,13,7,6
23833,1693227589278,1692255325049,1692255325053,1693227589288,10,4,6
23834,1693227589288,1692255325059,1692255325063,1693227589298,10,4,6
23835,1693227589298,1692255325068,1692255325072,1693227589307,9,4,5
23836,1693227589307,1692255325078,1692255325082,1693227589317,10,4,6
23837,1693227589317,1692255325088,1692255325093,1693227589328,11,5,6
23838,1693227589328,1692255325099,1692255325103,1693227589338,10,4,6
23839,1693227589338,1692255325108,1692255325113,1693227589347,9,5,4
23840,1693227589347,1692255325118,1692255325121,1693227589356,9,3,6
23841,1693227589356,1692255325127,1692255325131,1693227589366,10,4,6
23842,1693227589366,1692255325136,1692255325140,1693227589375,9,4,5
23843,1693227589375,1692255325146,1692255325150,1693227589385,10,4,6
23844,1693227589385,1692255325156,1692255325160,1693227589395,10,4,6
23845,1693227589395,1692255325165,1692255325169,1693227589404,9,4,5
23846,1693227589404,1692255325174,1692255325178,1693227589413,9,4,5
23847,1693227589413,1692255325184,1692255325188,1693227589422,9,4,5
23848,1693227589423,1692255325198,1692255325203,1693227589437,14,5,9
23849,1693227589437,1692255325208,1692255325212,1693227589446,9,4,5
23850,1693227589446,1692255325216,1692255325221,1693227589456,10,5,5
23851,1693227589456,1692255325226,1692255325231,1693227589465,9,5,4
23852,1693227589465,1692255325236,1692255325241,1693227589657,192,5,187
23853,1693227589657,1692255325429,1692255325433,1693227589668,11,4,7
23854,1693227589669,1692255325439,1692255325444,1693227589679,10,5,5
23855,1693227589679,1692255325450,1692255325454,1693227589689,10,4,6
23856,1693227589689,1692255325460,1692255325464,1693227589698,9,4,5
23857,1693227589698,1692255325468,1692255325473,1693227589708,10,5,5
23858,1693227589708,1692255325478,1692255325483,1693227589718,10,5,5
23859,1693227589718,1692255325488,1692255325492,1693227589727,9,4,5
23860,1693227589727,1692255325498,1692255325502,1693227589762,35,4,31
23861,1693227589762,1692255325533,1692255325537,1693227589776,14,4,10
23862,1693227589776,1692255325548,1692255325552,1693227589788,12,4,8
23863,1693227589788,1692255325559,1692255325565,1693227589802,14,6,8
23864,1693227589802,1692255325573,1692255325580,1693227589815,13,7,6
23865,1693227589815,1692255325587,1692255325592,1693227589828,13,5,8
23866,1693227589828,1692255325599,1692255325603,1693227589838,10,4,6
23867,1693227589838,1692255325609,1692255325613,1693227589848,10,4,6
23868,1693227589848,1692255325619,1692255325623,1693227589858,10,4,6
23869,1693227589858,1692255325628,1692255325632,1693227589867,9,4,5
23870,1693227589867,1692255325638,1692255325642,1693227589877,10,4,6
23871,1693227589877,1692255325648,1692255325652,1693227589886,9,4,5
23872,1693227589887,1692255325657,1692255325661,1693227589896,9,4,5
23873,1693227589896,1692255325666,1692255325670,1693227589905,9,4,5
23874,1693227589905,1692255325676,1692255325680,1693227589915,10,4,6
23875,1693227589915,1692255325686,1692255325689,1693227589924,9,3,6
23876,1693227589924,1692255325694,1692255325698,1693227589933,9,4,5
23877,1693227589933,1692255325703,1692255325708,1693227589943,10,5,5
23878,1693227589943,1692255325714,1692255325718,1693227589953,10,4,6
23879,1693227589953,1692255325724,1692255325727,1693227589962,9,3,6
23880,1693227589962,1692255325733,1692255325737,1693227589972,10,4,6
23881,1693227589972,1692255325742,1692255325746,1693227589981,9,4,5
23882,1693227589981,1692255325751,1692255325755,1693227589989,8,4,4
23883,1693227589989,1692255325763,1692255325767,1693227590002,13,4,9
23884,1693227590002,1692255325772,1692255325776,1693227590011,9,4,5
23885,1693227590011,1692255325781,1692255325784,1693227590019,8,3,5
23886,1693227590019,1692255325789,1692255325792,1693227590027,8,3,5
23887,1693227590027,1692255325798,1692255325801,1693227590036,9,3,6
23888,1693227590036,1692255325806,1692255325809,1693227590044,8,3,5
23889,1693227590044,1692255325814,1692255325818,1693227590053,9,4,5
23890,1693227590053,1692255325823,1692255325827,1693227590062,9,4,5
23891,1693227590062,1692255325833,1692255325837,1693227590072,10,4,6
23892,1693227590072,1692255325843,1692255325847,1693227590082,10,4,6
23893,1693227590082,1692255325852,1692255325858,1693227590092,10,6,4
23894,1693227590092,1692255325862,1692255325867,1693227590102,10,5,5
23895,1693227590102,1692255325872,1692255325877,1693227590112,10,5,5
23896,1693227590112,1692255325882,1692255325886,1693227590121,9,4,5
23897,1693227590121,1692255325892,1692255325896,1693227590134,13,4,9
23898,1693227590134,1692255325905,1692255325909,1693227590144,10,4,6
23899,1693227590144,1692255325915,1692255325919,1693227590154,10,4,6
23900,1693227590154,1692255325926,1692255325930,1693227590165,11,4,7
23901,1693227590165,1692255325937,1692255325943,1693227590178,13,6,7
23902,1693227590178,1692255325948,1692255325952,1693227590187,9,4,5
23903,1693227590187,1692255325960,1692255325964,1693227590199,12,4,8
23904,1693227590199,1692255325971,1692255325976,1693227590211,12,5,7
23905,1693227590211,1692255325982,1692255325986,1693227590220,9,4,5
23906,1693227590220,1692255325994,1692255325999,1693227590234,14,5,9
23907,1693227590234,1692255326005,1692255326008,1693227590243,9,3,6
23908,1693227590243,1692255326016,1692255326019,1693227590254,11,3,8
23909,1693227590254,1692255326026,1692255326030,1693227590265,11,4,7
23910,1693227590265,1692255326035,1692255326038,1693227590273,8,3,5
23911,1693227590273,1692255326043,1692255326047,1693227590282,9,4,5
23912,1693227590282,1692255326053,1692255326057,1693227590292,10,4,6
23913,1693227590292,1692255326062,1692255326066,1693227590300,8,4,4
23914,1693227590300,1692255326070,1692255326074,1693227590309,9,4,5
23915,1693227590309,1692255326079,1692255326083,1693227590317,8,4,4
23916,1693227590317,1692255326087,1692255326091,1693227590326,9,4,5
23917,1693227590326,1692255326096,1692255326101,1693227590335,9,5,4
23918,1693227590335,1692255326106,1692255326109,1693227590344,9,3,6
23919,1693227590344,1692255326117,1692255326121,1693227590356,12,4,8
23920,1693227590356,1692255326126,1692255326131,1693227590366,10,5,5
23921,1693227590366,1692255326136,1692255326140,1693227590375,9,4,5
23922,1693227590375,1692255326146,1692255326150,1693227590385,10,4,6
23923,1693227590385,1692255326156,1692255326160,1693227590394,9,4,5
23924,1693227590394,1692255326165,1692255326169,1693227590404,10,4,6
23925,1693227590404,1692255326174,1692255326177,1693227590412,8,3,5
23926,1693227590412,1692255326183,1692255326187,1693227590421,9,4,5
23927,1693227590421,1692255326191,1692255326195,1693227590430,9,4,5
23928,1693227590430,1692255326200,1692255326204,1693227590439,9,4,5
23929,1693227590439,1692255326209,1692255326213,1693227590448,9,4,5
23930,1693227590448,1692255326220,1692255326224,1693227590459,11,4,7
23931,1693227590459,1692255326229,1692255326233,1693227590468,9,4,5
23932,1693227590468,1692255326239,1692255326243,1693227590478,10,4,6
23933,1693227590478,1692255326249,1692255326253,1693227590488,10,4,6
23934,1693227590488,1692255326258,1692255326262,1693227590497,9,4,5
23935,1693227590497,1692255326268,1692255326273,1693227590508,11,5,6
23936,1693227590508,1692255326279,1692255326283,1693227590518,10,4,6
23937,1693227590518,1692255326289,1692255326294,1693227590529,11,5,6
23938,1693227590529,1692255326300,1692255326308,1693227590543,14,8,6
23939,1693227590543,1692255326315,1692255326320,1693227590555,12,5,7
23940,1693227590555,1692255326326,1692255326331,1693227590566,11,5,6
23941,1693227590566,1692255326337,1692255326342,1693227590577,11,5,6
23942,1693227590577,1692255326348,1692255326352,1693227590587,10,4,6
23943,1693227590587,1692255326358,1692255326362,1693227590597,10,4,6
23944,1693227590597,1692255326368,1692255326372,1693227590607,10,4,6
23945,1693227590607,1692255326381,1692255326386,1693227590621,14,5,9
23946,1693227590621,1692255326391,1692255326395,1693227590630,9,4,5
23947,1693227590630,1692255326400,1692255326403,1693227590638,8,3,5
23948,1693227590638,1692255326408,1692255326413,1693227590648,10,5,5
23949,1693227590648,1692255326419,1692255326423,1693227590658,10,4,6
23950,1693227590658,1692255326429,1692255326433,1693227590667,9,4,5
23951,1693227590667,1692255326438,1692255326442,1693227590677,10,4,6
23952,1693227590677,1692255326449,1692255326456,1693227590691,14,7,7
23953,1693227590691,1692255326462,1692255326466,1693227590701,10,4,6
23954,1693227590701,1692255326472,1692255326476,1693227590710,9,4,5
23955,1693227590710,1692255326482,1692255326486,1693227590721,11,4,7
23956,1693227590721,1692255326491,1692255326495,1693227590730,9,4,5
23957,1693227590730,1692255326502,1692255326509,1693227590744,14,7,7
23958,1693227590744,1692255326515,1692255326520,1693227590754,10,5,5
23959,1693227590754,1692255326527,1692255326531,1693227590766,12,4,8
23960,1693227590766,1692255326537,1692255326541,1693227590776,10,4,6
23961,1693227590776,1692255326546,1692255326551,1693227590786,10,5,5
23962,1693227590786,1692255326556,1692255326560,1693227590795,9,4,5
23963,1693227590795,1692255326565,1692255326568,1693227590803,8,3,5
23964,1693227590803,1692255326573,1692255326576,1693227590811,8,3,5
23965,1693227590811,1692255326582,1692255326585,1693227590820,9,3,6
23966,1693227590820,1692255326591,1692255326594,1693227590829,9,3,6
23967,1693227590829,1692255326600,1692255326603,1693227590838,9,3,6
23968,1693227590838,1692255326609,1692255326614,1693227590849,11,5,6
23969,1693227590849,1692255326619,1692255326624,1693227590861,12,5,7
23970,1693227590861,1692255326631,1692255326636,1693227590874,13,5,8
23971,1693227590874,1692255326644,1692255326649,1693227590884,10,5,5
23972,1693227590884,1692255326655,1692255326659,1693227590898,14,4,10
23973,1693227590898,1692255326668,1692255326675,1693227590910,12,7,5
23974,1693227590910,1692255326680,1692255326684,1693227590919,9,4,5
23975,1693227590919,1692255326689,1692255326693,1693227590928,9,4,5
23976,1693227590928,1692255326699,1692255326703,1693227590938,10,4,6
23977,1693227590938,1692255326709,1692255326713,1693227590948,10,4,6
23978,1693227590948,1692255326719,1692255326723,1693227590958,10,4,6
23979,1693227590958,1692255326728,1692255326732,1693227590967,9,4,5
23980,1693227590967,1692255326738,1692255326742,1693227590978,11,4,7
23981,1693227590978,1692255326751,1692255326755,1693227590990,12,4,8
23982,1693227590990,1692255326764,1692255326767,1693227591002,12,3,9
23983,1693227591002,1692255326772,1692255326775,1693227591010,8,3,5
23984,1693227591010,1692255326781,1692255326784,1693227591019,9,3,6
23985,1693227591019,1692255326789,1692255326793,1693227591028,9,4,5
23986,1693227591028,1692255326798,1692255326802,1693227591037,9,4,5
23987,1693227591037,1692255326807,1692255326811,1693227591046,9,4,5
23988,1693227591046,1692255326816,1692255326820,1693227591054,8,4,4
23989,1693227591054,1692255326826,1692255326830,1693227591065,11,4,7
23990,1693227591065,1692255326836,1692255326840,1693227591075,10,4,6
23991,1693227591075,1692255326846,1692255326850,1693227591085,10,4,6
23992,1693227591085,1692255326855,1692255326859,1693227591094,9,4,5
23993,1693227591094,1692255326865,1692255326869,1693227591104,10,4,6
23994,1693227591104,1692255326875,1692255326880,1693227591115,11,5,6
23995,1693227591115,1692255326886,1692255326890,1693227591125,10,4,6
23996,1693227591125,1692255326895,1692255326898,1693227591133,8,3,5
23997,1693227591133,1692255326903,1692255326907,1693227591142,9,4,5
23998,1693227591142,1692255326913,1692255326917,1693227591152,10,4,6
23999,1693227591152,1692255326923,1692255326927,1693227591162,10,4,6
24000,1693227591162,1692255326932,1692255326937,1693227591171,9,5,4
24001,1693227591171,1692255326942,1692255326946,1693227591181,10,4,6
24002,1693227591181,1692255326951,1692255326955,1693227591190,9,4,5
24003,1693227591190,1692255326960,1692255326965,1693227591200,10,5,5
24004,1693227591200,1692255326970,1692255326975,1693227591210,10,5,5
24005,1693227591210,1692255326980,1692255326985,1693227591220,10,5,5
24006,1693227591220,1692255326991,1692255326996,1693227591231,11,5,6
24007,1693227591231,1692255327002,1692255327007,1693227591242,11,5,6
24008,1693227591242,1692255327014,1692255327018,1693227591252,10,4,6
24009,1693227591253,1692255327023,1692255327028,1693227591263,10,5,5
24010,1693227591263,1692255327034,1692255327041,1693227591276,13,7,6
24011,1693227591276,1692255327046,1692255327050,1693227591285,9,4,5
24012,1693227591285,1692255327056,1692255327060,1693227591294,9,4,5
24013,1693227591294,1692255327065,1692255327069,1693227591304,10,4,6
24014,1693227591304,1692255327074,1692255327079,1693227591313,9,5,4
24015,1693227591313,1692255327084,1692255327088,1693227591323,10,4,6
24016,1693227591323,1692255327094,1692255327098,1693227591332,9,4,5
24017,1693227591333,1692255327103,1692255327107,1693227591342,9,4,5
24018,1693227591342,1692255327115,1692255327120,1693227591356,14,5,9
24019,1693227591356,1692255327127,1692255327132,1693227591367,11,5,6
24020,1693227591367,1692255327141,1692255327146,1693227591381,14,5,9
24021,1693227591381,1692255327161,1692255327167,1693227591402,21,6,15
24022,1693227591402,1692255327182,1692255327187,1693227591422,20,5,15
24023,1693227591422,1692255327193,1692255327198,1693227591433,11,5,6
24024,1693227591433,1692255327207,1692255327211,1693227591446,13,4,9
24025,1693227591446,1692255327218,1692255327222,1693227591458,12,4,8
24026,1693227591458,1692255327229,1692255327234,1693227591469,11,5,6
24027,1693227591469,1692255327240,1692255327246,1693227591481,12,6,6
24028,1693227591481,1692255327252,1692255327258,1693227591492,11,6,5
24029,1693227591493,1692255327263,1692255327268,1693227591502,9,5,4
24030,1693227591502,1692255327273,1692255327278,1693227591513,11,5,6
24031,1693227591513,1692255327284,1692255327288,1693227591523,10,4,6
24032,1693227591523,1692255327294,1692255327299,1693227591534,11,5,6
24033,1693227591534,1692255327305,1692255327310,1693227591544,10,5,5
24034,1693227591544,1692255327315,1692255327320,1693227591555,11,5,6
24035,1693227591555,1692255327326,1692255327330,1693227591565,10,4,6
24036,1693227591565,1692255327336,1692255327341,1693227591578,13,5,8
24037,1693227591578,1692255327349,1692255327354,1693227591589,11,5,6
24038,1693227591589,1692255327360,1692255327364,1693227591599,10,4,6
24039,1693227591599,1692255327370,1692255327374,1693227591609,10,4,6
24040,1693227591610,1692255327380,1692255327385,1693227591620,10,5,5
24041,1693227591620,1692255327391,1692255327396,1693227591631,11,5,6
24042,1693227591631,1692255327402,1692255327407,1693227591642,11,5,6
24043,1693227591642,1692255327412,1692255327417,1693227591652,10,5,5
24044,1693227591652,1692255327423,1692255327430,1693227591665,13,7,6
24045,1693227591665,1692255327436,1692255327441,1693227591676,11,5,6
24046,1693227591676,1692255327449,1692255327453,1693227591688,12,4,8
24047,1693227591688,1692255327459,1692255327467,1693227591702,14,8,6
24048,1693227591702,1692255327473,1692255327478,1693227591713,11,5,6
24049,1693227591713,1692255327484,1692255327488,1693227591723,10,4,6
24050,1693227591723,1692255327495,1692255327500,1693227591735,12,5,7
24051,1693227591735,1692255327506,1692255327511,1693227591747,12,5,7
24052,1693227591747,1692255327518,1692255327523,1693227591758,11,5,6
24053,1693227591758,1692255327529,1692255327533,1693227591768,10,4,6
24054,1693227591768,1692255327539,1692255327542,1693227591777,9,3,6
24055,1693227591777,1692255327548,1692255327552,1693227591787,10,4,6
24056,1693227591787,1692255327557,1692255327562,1693227591796,9,5,4
24057,1693227591796,1692255327566,1692255327570,1693227591805,9,4,5
24058,1693227591805,1692255327576,1692255327579,1693227591814,9,3,6
24059,1693227591814,1692255327585,1692255327588,1693227591823,9,3,6
24060,1693227591823,1692255327595,1692255327598,1693227591833,10,3,7
24061,1693227591833,1692255327604,1692255327608,1693227591842,9,4,5
24062,1693227591842,1692255327613,1692255327616,1693227591852,10,3,7
24063,1693227591852,1692255327622,1692255327627,1693227591862,10,5,5
24064,1693227591862,1692255327632,1692255327636,1693227591871,9,4,5
24065,1693227591871,1692255327642,1692255327647,1693227591881,10,5,5
24066,1693227591881,1692255327653,1692255327656,1693227591891,10,3,7
24067,1693227591891,1692255327661,1692255327665,1693227591899,8,4,4
24068,1693227591899,1692255327669,1692255327672,1693227591907,8,3,5
24069,1693227591907,1692255327678,1692255327682,1693227591916,9,4,5
24070,1693227591916,1692255327687,1692255327690,1693227591925,9,3,6
24071,1693227591925,1692255327694,1692255327698,1693227591933,8,4,4
24072,1693227591933,1692255327703,1692255327707,1693227591941,8,4,4
24073,1693227591941,1692255327711,1692255327715,1693227591950,9,4,5
24074,1693227591950,1692255327721,1692255327725,1693227591960,10,4,6
24075,1693227591960,1692255327731,1692255327735,1693227591970,10,4,6
24076,1693227591970,1692255327740,1692255327744,1693227591979,9,4,5
24077,1693227591979,1692255327750,1692255327754,1693227591989,10,4,6
24078,1693227591989,1692255327759,1692255327763,1693227591998,9,4,5
24079,1693227591998,1692255327769,1692255327773,1693227592008,10,4,6
24080,1693227592008,1692255327778,1692255327783,1693227592018,10,5,5
24081,1693227592018,1692255327788,1692255327792,1693227592027,9,4,5
24082,1693227592027,1692255327798,1692255327802,1693227592037,10,4,6
24083,1693227592037,1692255327807,1692255327813,1693227592048,11,6,5
24084,1693227592048,1692255327818,1692255327822,1693227592057,9,4,5
24085,1693227592057,1692255327828,1692255327832,1693227592066,9,4,5
24086,1693227592066,1692255327837,1692255327841,1693227592076,10,4,6
24087,1693227592076,1692255327847,1692255327850,1693227592085,9,3,6
24088,1693227592086,1692255327858,1692255327862,1693227592097,11,4,7
24089,1693227592097,1692255327867,1692255327871,1693227592105,8,4,4
24090,1693227592105,1692255327875,1692255327879,1693227592115,10,4,6
24091,1693227592115,1692255327886,1692255327890,1693227592125,10,4,6
24092,1693227592125,1692255327897,1692255327901,1693227592136,11,4,7
24093,1693227592136,1692255327907,1692255327911,1693227592147,11,4,7
24094,1693227592147,1692255327917,1692255327921,1693227592156,9,4,5
24095,1693227592156,1692255327926,1692255327930,1693227592165,9,4,5
24096,1693227592165,1692255327937,1692255327940,1693227592176,11,3,8
24097,1693227592176,1692255327946,1692255327949,1693227592184,8,3,5
24098,1693227592184,1692255327955,1692255327959,1693227592194,10,4,6
24099,1693227592194,1692255327964,1692255327968,1693227592203,9,4,5
24100,1693227592203,1692255327974,1692255327977,1693227592212,9,3,6
24101,1693227592212,1692255327984,1692255327987,1693227592222,10,3,7
24102,1693227592222,1692255327993,1692255327997,1693227592232,10,4,6
24103,1693227592232,1692255328005,1692255328009,1693227592244,12,4,8
24104,1693227592244,1692255328015,1692255328019,1693227592253,9,4,5
24105,1693227592253,1692255328027,1692255328031,1693227592266,13,4,9
24106,1693227592266,1692255328037,1692255328041,1693227592276,10,4,6
24107,1693227592276,1692255328047,1692255328050,1693227592285,9,3,6
24108,1693227592285,1692255328056,1692255328060,1693227592294,9,4,5
24109,1693227592294,1692255328065,1692255328068,1693227592304,10,3,7
24110,1693227592304,1692255328075,1692255328078,1693227592313,9,3,6
24111,1693227592313,1692255328084,1692255328087,1693227592322,9,3,6
24112,1693227592322,1692255328094,1692255328098,1693227592333,11,4,7
24113,1693227592333,1692255328103,1692255328107,1693227592342,9,4,5
24114,1693227592342,1692255328112,1692255328116,1693227592351,9,4,5
24115,1693227592351,1692255328122,1692255328126,1693227592361,10,4,6
24116,1693227592361,1692255328130,1692255328134,1693227592369,8,4,4
24117,1693227592369,1692255328140,1692255328144,1693227592379,10,4,6
24118,1693227592379,1692255328149,1692255328153,1693227592388,9,4,5
24119,1693227592388,1692255328158,1692255328167,1693227592402,14,9,5
24120,1693227592402,1692255328174,1692255328178,1693227592413,11,4,7
24121,1693227592413,1692255328184,1692255328187,1693227592422,9,3,6
24122,1693227592422,1692255328193,1692255328197,1693227592432,10,4,6
24123,1693227592432,1692255328205,1692255328209,1693227592444,12,4,8
24124,1693227592444,1692255328214,1692255328218,1693227592453,9,4,5
24125,1693227592453,1692255328224,1692255328228,1693227592463,10,4,6
24126,1693227592463,1692255328234,1692255328238,1693227592473,10,4,6
24127,1693227592473,1692255328244,1692255328248,1693227592484,11,4,7
24128,1693227592484,1692255328254,1692255328260,1693227592494,10,6,4
24129,1693227592494,1692255328267,1692255328271,1693227592506,12,4,8
24130,1693227592506,1692255328276,1692255328281,1693227592516,10,5,5
24131,1693227592516,1692255328286,1692255328290,1693227592525,9,4,5
24132,1693227592525,1692255328296,1692255328300,1693227592535,10,4,6
24133,1693227592535,1692255328306,1692255328310,1693227592545,10,4,6
24134,1693227592545,1692255328315,1692255328319,1693227592554,9,4,5
24135,1693227592554,1692255328324,1692255328329,1693227592564,10,5,5
24136,1693227592564,1692255328334,1692255328338,1693227592573,9,4,5
24137,1693227592573,1692255328343,1692255328347,1693227592582,9,4,5
24138,1693227592582,1692255328353,1692255328357,1693227592592,10,4,6
24139,1693227592592,1692255328363,1692255328368,1693227592603,11,5,6
24140,1693227592603,1692255328373,1692255328384,1693227592619,16,11,5
24141,1693227592619,1692255328390,1692255328394,1693227592629,10,4,6
24142,1693227592629,1692255328399,1692255328406,1693227592641,12,7,5
24143,1693227592641,1692255328412,1692255328416,1693227592651,10,4,6
24144,1693227592651,1692255328422,1692255328426,1693227592661,10,4,6
24145,1693227592661,1692255328432,1692255328436,1693227592670,9,4,5
24146,1693227592670,1692255328443,1692255328448,1693227592683,13,5,8
24147,1693227592683,1692255328454,1692255328459,1693227592694,11,5,6
24148,1693227592694,1692255328465,1692255328468,1693227592704,10,3,7
24149,1693227592704,1692255328474,1692255328479,1693227592714,10,5,5
24150,1693227592714,1692255328485,1692255328488,1693227592723,9,3,6
24151,1693227592723,1692255328494,1692255328498,1693227592733,10,4,6
24152,1693227592733,1692255328504,1692255328508,1693227592743,10,4,6
24153,1693227592743,1692255328513,1692255328517,1693227592752,9,4,5
24154,1693227592752,1692255328522,1692255328528,1693227592763,11,6,5
24155,1693227592763,1692255328533,1692255328537,1693227592773,10,4,6
24156,1693227592773,1692255328545,1692255328549,1693227592784,11,4,7
24157,1693227592784,1692255328555,1692255328558,1693227592793,9,3,6
24158,1693227592793,1692255328563,1692255328568,1693227592803,10,5,5
24159,1693227592803,1692255328575,1692255328579,1693227592814,11,4,7
24160,1693227592814,1692255328585,1692255328589,1693227592824,10,4,6
24161,1693227592824,1692255328595,1692255328600,1693227592834,10,5,5
24162,1693227592834,1692255328605,1692255328610,1693227592845,11,5,6
24163,1693227592845,1692255328615,1692255328620,1693227592855,10,5,5
24164,1693227592855,1692255328625,1692255328629,1693227592863,8,4,4
24165,1693227592863,1692255328634,1692255328638,1693227592873,10,4,6
24166,1693227592873,1692255328643,1692255328647,1693227592882,9,4,5
24167,1693227592882,1692255328653,1692255328657,1693227592892,10,4,6
24168,1693227592892,1692255328663,1692255328668,1693227592902,10,5,5
24169,1693227592902,1692255328673,1692255328678,1693227592913,11,5,6
24170,1693227592913,1692255328683,1692255328688,1693227592923,10,5,5
24171,1693227592923,1692255328693,1692255328697,1693227592932,9,4,5
24172,1693227592932,1692255328703,1692255328706,1693227592941,9,3,6
24173,1693227592941,1692255328712,1692255328716,1693227592951,10,4,6
24174,1693227592951,1692255328721,1692255328725,1693227592960,9,4,5
24175,1693227592960,1692255328730,1692255328733,1693227592968,8,3,5
24176,1693227592968,1692255328739,1692255328742,1693227592977,9,3,6
24177,1693227592977,1692255328748,1692255328751,1693227592986,9,3,6
24178,1693227592986,1692255328755,1692255328759,1693227592994,8,4,4
24179,1693227592994,1692255328765,1692255328768,1693227593003,9,3,6
24180,1693227593003,1692255328773,1692255328777,1693227593012,9,4,5
24181,1693227593012,1692255328782,1692255328787,1693227593022,10,5,5
24182,1693227593022,1692255328792,1692255328796,1693227593031,9,4,5
24183,1693227593031,1692255328802,1692255328806,1693227593040,9,4,5
24184,1693227593040,1692255328811,1692255328815,1693227593050,10,4,6
24185,1693227593050,1692255328821,1692255328825,1693227593060,10,4,6
24186,1693227593060,1692255328831,1692255328834,1693227593069,9,3,6
24187,1693227593069,1692255328840,1692255328844,1693227593079,10,4,6
24188,1693227593079,1692255328849,1692255328853,1693227593088,9,4,5
24189,1693227593088,1692255328858,1692255328863,1693227593098,10,5,5
24190,1693227593098,1692255328868,1692255328872,1693227593107,9,4,5
24191,1693227593107,1692255328878,1692255328884,1693227593119,12,6,6
24192,1693227593119,1692255328889,1692255328893,1693227593128,9,4,5
24193,1693227593128,1692255328899,1692255328903,1693227593138,10,4,6
24194,1693227593138,1692255328909,1692255328913,1693227593153,15,4,11
24195,1693227593153,1692255328924,1692255328928,1693227593162,9,4,5
24196,1693227593162,1692255328932,1692255328936,1693227593171,9,4,5
24197,1693227593171,1692255328941,1692255328945,1693227593180,9,4,5
24198,1693227593180,1692255328950,1692255328955,1693227593189,9,5,4
24199,1693227593189,1692255328960,1692255328965,1693227593200,11,5,6
24200,1693227593200,1692255328971,1692255328975,1693227593210,10,4,6
24201,1693227593210,1692255328981,1692255328985,1693227593220,10,4,6
24202,1693227593220,1692255328991,1692255328995,1693227593230,10,4,6
24203,1693227593230,1692255329001,1692255329005,1693227593240,10,4,6
24204,1693227593240,1692255329011,1692255329015,1693227593250,10,4,6
24205,1693227593250,1692255329027,1692255329031,1693227593266,16,4,12
24206,1693227593266,1692255329037,1692255329042,1693227593277,11,5,6
24207,1693227593277,1692255329048,1692255329052,1693227593287,10,4,6
24208,1693227593287,1692255329057,1692255329062,1693227593296,9,5,4
24209,1693227593296,1692255329067,1692255329071,1693227593306,10,4,6
24210,1693227593306,1692255329077,1692255329082,1693227593318,12,5,7
24211,1693227593318,1692255329089,1692255329094,1693227593328,10,5,5
24212,1693227593328,1692255329099,1692255329104,1693227593338,10,5,5
24213,1693227593338,1692255329109,1692255329113,1693227593348,10,4,6
24214,1693227593348,1692255329119,1692255329124,1693227593359,11,5,6
24215,1693227593359,1692255329129,1692255329134,1693227593368,9,5,4
24216,1693227593368,1692255329140,1692255329143,1693227593378,10,3,7
24217,1693227593379,1692255329149,1692255329153,1693227593388,9,4,5
24218,1693227593388,1692255329159,1692255329164,1693227593399,11,5,6
24219,1693227593400,1692255329170,1692255329175,1693227593410,10,5,5
24220,1693227593410,1692255329180,1692255329184,1693227593421,11,4,7
24221,1693227593421,1692255329191,1692255329195,1693227593430,9,4,5
24222,1693227593430,1692255329201,1692255329205,1693227593440,10,4,6
24223,1693227593440,1692255329211,1692255329216,1693227593450,10,5,5
24224,1693227593450,1692255329221,1692255329227,1693227593462,12,6,6
24225,1693227593462,1692255329234,1692255329239,1693227593474,12,5,7
24226,1693227593474,1692255329245,1692255329251,1693227593486,12,6,6
24227,1693227593486,1692255329257,1692255329262,1693227593497,11,5,6
24228,1693227593497,1692255329268,1692255329276,1693227593512,15,8,7
24229,1693227593512,1692255329283,1692255329288,1693227593523,11,5,6
24230,1693227593523,1692255329295,1692255329300,1693227593536,13,5,8
24231,1693227593536,1692255329307,1692255329311,1693227593546,10,4,6
24232,1693227593546,1692255329319,1692255329323,1693227593558,12,4,8
24233,1693227593558,1692255329329,1692255329332,1693227593567,9,3,6
24234,1693227593567,1692255329338,1692255329342,1693227593577,10,4,6
24235,1693227593577,1692255329347,1692255329351,1693227593586,9,4,5
24236,1693227593586,1692255329357,1692255329361,1693227593596,10,4,6
24237,1693227593596,1692255329367,1692255329371,1693227593606,10,4,6
24238,1693227593606,1692255329376,1692255329383,1693227593617,11,7,4
24239,1693227593617,1692255329388,1692255329392,1693227593627,10,4,6
24240,1693227593627,1692255329397,1692255329404,1693227593639,12,7,5
24241,1693227593639,1692255329410,1692255329414,1693227593649,10,4,6
24242,1693227593649,1692255329420,1692255329423,1693227593658,9,3,6
24243,1693227593658,1692255329428,1692255329432,1693227593667,9,4,5
24244,1693227593667,1692255329437,1692255329441,1693227593675,8,4,4
24245,1693227593675,1692255329445,1692255329449,1693227593684,9,4,5
24246,1693227593684,1692255329454,1692255329457,1693227593692,8,3,5
24247,1693227593692,1692255329462,1692255329466,1693227593701,9,4,5
24248,1693227593701,1692255329472,1692255329476,1693227593710,9,4,5
24249,1693227593710,1692255329481,1692255329484,1693227593719,9,3,6
24250,1693227593719,1692255329489,1692255329493,1693227593728,9,4,5
24251,1693227593728,1692255329498,1692255329502,1693227593737,9,4,5
24252,1693227593737,1692255329507,1692255329511,1693227593746,9,4,5
24253,1693227593746,1692255329517,1692255329522,1693227593756,10,5,5
24254,1693227593756,1692255329527,1692255329531,1693227593766,10,4,6
24255,1693227593766,1692255329537,1692255329541,1693227593776,10,4,6
24256,1693227593776,1692255329547,1692255329551,1693227593786,10,4,6
24257,1693227593786,1692255329557,1692255329562,1693227593797,11,5,6
24258,1693227593797,1692255329570,1692255329574,1693227593809,12,4,8
24259,1693227593809,1692255329579,1692255329584,1693227593819,10,5,5
24260,1693227593819,1692255329590,1692255329593,1693227593830,11,3,8
24261,1693227593830,1692255329601,1692255329606,1693227593840,10,5,5
24262,1693227593840,1692255329611,1692255329615,1693227593849,9,4,5
24263,1693227593849,1692255329620,1692255329624,1693227593859,10,4,6
24264,1693227593859,1692255329630,1692255329636,1693227593871,12,6,6
24265,1693227593871,1692255329641,1692255329645,1693227593880,9,4,5
24266,1693227593880,1692255329651,1692255329655,1693227593890,10,4,6
24267,1693227593890,1692255329661,1692255329666,1693227593900,10,5,5
24268,1693227593900,1692255329671,1692255329675,1693227593910,10,4,6
24269,1693227593910,1692255329680,1692255329684,1693227593919,9,4,5
24270,1693227593919,1692255329690,1692255329695,1693227593929,10,5,5
24271,1693227593929,1692255329701,1692255329705,1693227593940,11,4,7
24272,1693227593940,1692255329710,1692255329715,1693227593949,9,5,4
24273,1693227593949,1692255329720,1692255329724,1693227593959,10,4,6
24274,1693227593959,1692255329730,1692255329734,1693227593969,10,4,6
24275,1693227593969,1692255329740,1692255329743,1693227593978,9,3,6
24276,1693227593978,1692255329750,1692255329755,1693227593989,11,5,6
24277,1693227593989,1692255329762,1692255329766,1693227594001,12,4,8
24278,1693227594001,1692255329771,1692255329775,1693227594010,9,4,5
24279,1693227594010,1692255329781,1692255329785,1693227594020,10,4,6
24280,1693227594020,1692255329790,1692255329795,1693227594029,9,5,4
24281,1693227594029,1692255329800,1692255329804,1693227594038,9,4,5
24282,1693227594038,1692255329809,1692255329814,1693227594048,10,5,5
24283,1693227594048,1692255329820,1692255329824,1693227594058,10,4,6
24284,1693227594058,1692255329830,1692255329833,1693227594068,10,3,7
24285,1693227594068,1692255329841,1692255329846,1693227594081,13,5,8
24286,1693227594081,1692255329852,1692255329856,1693227594091,10,4,6
24287,1693227594091,1692255329863,1692255329867,1693227594102,11,4,7
24288,1693227594102,1692255329874,1692255329879,1693227594114,12,5,7
24289,1693227594114,1692255329886,1692255329891,1693227594126,12,5,7
24290,1693227594126,1692255329897,1692255329901,1693227594137,11,4,7
24291,1693227594137,1692255329908,1692255329912,1693227594147,10,4,6
24292,1693227594147,1692255329919,1692255329923,1693227594159,12,4,8
24293,1693227594159,1692255329930,1692255329934,1693227594169,10,4,6
24294,1693227594169,1692255329944,1692255329948,1693227594183,14,4,10
24295,1693227594183,1692255329954,1692255329959,1693227594194,11,5,6
24296,1693227594194,1692255329969,1692255329974,1693227594208,14,5,9
24297,1693227594208,1692255329979,1692255329984,1693227594219,11,5,6
24298,1693227594219,1692255329989,1692255329994,1693227594229,10,5,5
24299,1693227594229,1692255330000,1692255330005,1693227594240,11,5,6
24300,1693227594240,1692255330017,1692255330020,1693227594255,15,3,12
24301,1693227594255,1692255330025,1692255330032,1693227594267,12,7,5
24302,1693227594267,1692255330038,1692255330041,1693227594276,9,3,6
24303,1693227594276,1692255330047,1692255330051,1693227594286,10,4,6
24304,1693227594286,1692255330057,1692255330061,1693227594296,10,4,6
24305,1693227594296,1692255330066,1692255330071,1693227594306,10,5,5
24306,1693227594306,1692255330077,1692255330081,1693227594316,10,4,6
24307,1693227594316,1692255330087,1692255330091,1693227594326,10,4,6
24308,1693227594326,1692255330096,1692255330101,1693227594336,10,5,5
24309,1693227594336,1692255330106,1692255330111,1693227594346,10,5,5
24310,1693227594346,1692255330117,1692255330122,1693227594357,11,5,6
24311,1693227594357,1692255330127,1692255330131,1693227594366,9,4,5
24312,1693227594366,1692255330137,1692255330140,1693227594375,9,3,6
24313,1693227594375,1692255330147,1692255330150,1693227594385,10,3,7
24314,1693227594385,1692255330155,1692255330159,1693227594394,9,4,5
24315,1693227594394,1692255330164,1692255330167,1693227594402,8,3,5
24316,1693227594402,1692255330172,1692255330175,1693227594410,8,3,5
24317,1693227594410,1692255330180,1692255330184,1693227594418,8,4,4
24318,1693227594418,1692255330189,1692255330192,1693227594427,9,3,6
24319,1693227594427,1692255330197,1692255330201,1693227594436,9,4,5
24320,1693227594436,1692255330206,1692255330212,1693227594446,10,6,4
24321,1693227594446,1692255330216,1692255330219,1693227594454,8,3,5
24322,1693227594454,1692255330224,1692255330228,1693227594463,9,4,5
24323,1693227594463,1692255330233,1692255330237,1693227594472,9,4,5
24324,1693227594472,1692255330242,1692255330246,1693227594481,9,4,5
24325,1693227594481,1692255330251,1692255330255,1693227594489,8,4,4
24326,1693227594489,1692255330260,1692255330263,1693227594498,9,3,6
24327,1693227594498,1692255330269,1692255330273,1693227594508,10,4,6
24328,1693227594508,1692255330278,1692255330282,1693227594517,9,4,5
24329,1693227594517,1692255330288,1692255330293,1693227594528,11,5,6
24330,1693227594528,1692255330298,1692255330302,1693227594537,9,4,5
24331,1693227594537,1692255330307,1692255330312,1693227594547,10,5,5
24332,1693227594547,1692255330318,1692255330321,1693227594556,9,3,6
24333,1693227594556,1692255330327,1692255330331,1693227594565,9,4,5
24334,1693227594565,1692255330335,1692255330340,1693227594575,10,5,5
24335,1693227594575,1692255330345,1692255330349,1693227594583,8,4,4
24336,1693227594583,1692255330355,1692255330359,1693227594594,11,4,7
24337,1693227594594,1692255330364,1692255330371,1693227594606,12,7,5
24338,1693227594606,1692255330376,1692255330382,1693227594616,10,6,4
24339,1693227594616,1692255330387,1692255330390,1693227594625,9,3,6
24340,1693227594625,1692255330396,1692255330399,1693227594634,9,3,6
24341,1693227594634,1692255330404,1692255330407,1693227594644,10,3,7
24342,1693227594644,1692255330414,1692255330418,1693227594653,9,4,5
24343,1693227594653,1692255330423,1692255330427,1693227594662,9,4,5
24344,1693227594662,1692255330433,1692255330436,1693227594671,9,3,6
24345,1693227594671,1692255330442,1692255330445,1693227594680,9,3,6
24346,1693227594680,1692255330450,1692255330454,1693227594688,8,4,4
24347,1693227594688,1692255330458,1692255330462,1693227594697,9,4,5
24348,1693227594697,1692255330467,1692255330471,1693227594708,11,4,7
24349,1693227594708,1692255330478,1692255330483,1693227594718,10,5,5
24350,1693227594718,1692255330488,1692255330491,1693227594726,8,3,5
24351,1693227594726,1692255330496,1692255330499,1693227594734,8,3,5
24352,1693227594734,1692255330504,1692255330508,1693227594743,9,4,5
24353,1693227594743,1692255330514,1692255330518,1693227594753,10,4,6
24354,1693227594753,1692255330523,1692255330527,1693227594762,9,4,5
24355,1693227594762,1692255330533,1692255330536,1693227594776,14,3,11
24356,1693227594776,1692255330546,1692255330550,1693227594785,9,4,5
24357,1693227594785,1692255330556,1692255330560,1693227594798,13,4,9
24358,1693227594798,1692255330569,1692255330572,1693227594807,9,3,6
24359,1693227594807,1692255330578,1692255330583,1693227594817,10,5,5
24360,1693227594817,1692255330587,1692255330592,1693227594830,13,5,8
24361,1693227594830,1692255330600,1692255330605,1693227594839,9,5,4
24362,1693227594839,1692255330610,1692255330614,1693227594849,10,4,6
24363,1693227594849,1692255330622,1692255330626,1693227594866,17,4,13
24364,1693227594866,1692255330673,1692255330677,1693227594913,47,4,43
24365,1693227594913,1692255330684,1692255330689,1693227594924,11,5,6
24366,1693227594924,1692255330694,1692255330699,1693227594934,10,5,5
24367,1693227594934,1692255330706,1692255330710,1693227594945,11,4,7
24368,1693227594945,1692255330715,1692255330719,1693227594956,11,4,7
24369,1693227594956,1692255330730,1692255330734,1693227594969,13,4,9
24370,1693227594969,1692255330739,1692255330743,1693227594978,9,4,5
24371,1693227594978,1692255330750,1692255330754,1693227594988,10,4,6
24372,1693227594988,1692255330759,1692255330763,1693227594997,9,4,5
24373,1693227594997,1692255330767,1692255330772,1693227595006,9,5,4
24374,1693227595006,1692255330776,1692255330783,1693227595018,12,7,5
24375,1693227595018,1692255330788,1692255330793,1693227595028,10,5,5
24376,1693227595028,1692255330798,1692255330803,1693227595037,9,5,4
24377,1693227595037,1692255330807,1692255330811,1693227595045,8,4,4
24378,1693227595045,1692255330816,1692255330819,1693227595054,9,3,6
24379,1693227595054,1692255330827,1692255330831,1693227595066,12,4,8
24380,1693227595066,1692255330836,1692255330840,1693227595075,9,4,5
24381,1693227595075,1692255330846,1692255330850,1693227595085,10,4,6
24382,1693227595085,1692255330855,1692255330860,1693227595095,10,5,5
24383,1693227595095,1692255330866,1692255330871,1693227595106,11,5,6
24384,1693227595106,1692255330877,1692255330882,1693227595117,11,5,6
24385,1693227595117,1692255330888,1692255330892,1693227595127,10,4,6
24386,1693227595127,1692255330898,1692255330902,1693227595137,10,4,6
24387,1693227595137,1692255330908,1692255330912,1693227595147,10,4,6
24388,1693227595148,1692255330918,1692255330922,1693227595157,9,4,5
24389,1693227595157,1692255330934,1692255330939,1693227595173,16,5,11
24390,1693227595173,1692255330944,1692255330948,1693227595183,10,4,6
24391,1693227595183,1692255330955,1692255330959,1693227595194,11,4,7
24392,1693227595194,1692255330965,1692255330970,1693227595204,10,5,5
24393,1693227595204,1692255330975,1692255330980,1693227595215,11,5,6
24394,1693227595216,1692255330986,1692255330992,1693227595227,11,6,5
24395,1693227595227,1692255331007,1692255331013,1693227595247,20,6,14
24396,1693227595248,1692255331018,1692255331023,1693227595258,10,5,5
24397,1693227595258,1692255331030,1692255331035,1693227595271,13,5,8
24398,1693227595271,1692255331042,1692255331047,1693227595282,11,5,6
24399,1693227595282,1692255331056,1692255331062,1693227595297,15,6,9
24400,1693227595297,1692255331068,1692255331072,1693227595308,11,4,7
24401,1693227595308,1692255331079,1692255331083,1693227595318,10,4,6
24402,1693227595318,1692255331090,1692255331095,1693227595329,11,5,6
24403,1693227595329,1692255331104,1692255331110,1693227595345,16,6,10
24404,1693227595345,1692255331117,1692255331122,1693227595357,12,5,7
24405,1693227595357,1692255331128,1692255331132,1693227595367,10,4,6
24406,1693227595367,1692255331139,1692255331144,1693227595379,12,5,7
24407,1693227595379,1692255331150,1692255331156,1693227595391,12,6,6
24408,1693227595391,1692255331162,1692255331167,1693227595402,11,5,6
24409,1693227595402,1692255331173,1692255331178,1693227595412,10,5,5
24410,1693227595412,1692255331183,1692255331188,1693227595423,11,5,6
24411,1693227595423,1692255331194,1692255331200,1693227595435,12,6,6
24412,1693227595435,1692255331206,1692255331210,1693227595445,10,4,6
24413,1693227595445,1692255331217,1692255331221,1693227595456,11,4,7
24414,1693227595456,1692255331227,1692255331230,1693227595465,9,3,6
24415,1693227595465,1692255331237,1692255331241,1693227595476,11,4,7
24416,1693227595476,1692255331247,1692255331251,1693227595485,9,4,5
24417,1693227595485,1692255331256,1692255331261,1693227595495,10,5,5
24418,1693227595495,1692255331267,1692255331271,1693227595505,10,4,6
24419,1693227595505,1692255331276,1692255331280,1693227595515,10,4,6
24420,1693227595515,1692255331286,1692255331291,1693227595525,10,5,5
24421,1693227595526,1692255331297,1692255331302,1693227595536,10,5,5
24422,1693227595536,1692255331307,1692255331312,1693227595547,11,5,6
24423,1693227595547,1692255331319,1692255331324,1693227595559,12,5,7
24424,1693227595559,1692255331330,1692255331334,1693227595571,12,4,8
24425,1693227595571,1692255331342,1692255331347,1693227595582,11,5,6
24426,1693227595582,1692255331353,1692255331358,1693227595593,11,5,6
24427,1693227595593,1692255331365,1692255331370,1693227595605,12,5,7
24428,1693227595605,1692255331376,1692255331381,1693227595615,10,5,5
24429,1693227595615,1692255331387,1692255331392,1693227595627,12,5,7
24430,1693227595627,1692255331406,1692255331410,1693227595644,17,4,13
24431,1693227595645,1692255331415,1692255331419,1693227595654,9,4,5
24432,1693227595654,1692255331424,1692255331428,1693227595663,9,4,5
24433,1693227595663,1692255331433,1692255331438,1693227595674,11,5,6
24434,1693227595674,1692255331445,1692255331448,1693227595683,9,3,6
24435,1693227595683,1692255331454,1692255331458,1693227595693,10,4,6
24436,1693227595693,1692255331464,1692255331468,1693227595703,10,4,6
24437,1693227595703,1692255331474,1692255331480,1693227595715,12,6,6
24438,1693227595715,1692255331486,1692255331491,1693227595726,11,5,6
24439,1693227595726,1692255331498,1692255331502,1693227595737,11,4,7
24440,1693227595738,1692255331508,1692255331513,1693227595748,10,5,5
24441,1693227595748,1692255331518,1692255331522,1693227595757,9,4,5
24442,1693227595757,1692255331528,1692255331533,1693227595768,11,5,6
24443,1693227595768,1692255331539,1692255331544,1693227595779,11,5,6
24444,1693227595779,1692255331551,1692255331555,1693227595790,11,4,7
24445,1693227595790,1692255331561,1692255331567,1693227595802,12,6,6
24446,1693227595802,1692255331573,1692255331578,1693227595813,11,5,6
24447,1693227595813,1692255331584,1692255331588,1693227595823,10,4,6
24448,1693227595823,1692255331594,1692255331600,1693227595836,13,6,7
24449,1693227595836,1692255331607,1692255331611,1693227595846,10,4,6
24450,1693227595846,1692255331616,1692255331619,1693227595854,8,3,5
24451,1693227595854,1692255331624,1692255331628,1693227595863,9,4,5
24452,1693227595863,1692255331634,1692255331637,1693227595872,9,3,6
24453,1693227595872,1692255331643,1692255331648,1693227595883,11,5,6
24454,1693227595883,1692255331654,1692255331659,1693227595894,11,5,6
24455,1693227595894,1692255331665,1692255331670,1693227595904,10,5,5
24456,1693227595904,1692255331675,1692255331680,1693227595915,11,5,6
24457,1693227595915,1692255331686,1692255331691,1693227595926,11,5,6
24458,1693227595926,1692255331697,1692255331701,1693227595936,10,4,6
24459,1693227595936,1692255331707,1692255331712,1693227595947,11,5,6
24460,1693227595947,1692255331718,1692255331724,1693227595959,12,6,6
24461,1693227595959,1692255331730,1692255331735,1693227595970,11,5,6
24462,1693227595970,1692255331741,1692255331747,1693227595982,12,6,6
24463,1693227595982,1692255331753,1692255331758,1693227595993,11,5,6
24464,1693227595993,1692255331764,1692255331769,1693227596004,11,5,6
24465,1693227596004,1692255331777,1692255331782,1693227596017,13,5,8
24466,1693227596017,1692255331789,1692255331793,1693227596028,11,4,7
24467,1693227596028,1692255331799,1692255331805,1693227596040,12,6,6
24468,1693227596040,1692255331811,1692255331816,1693227596052,12,5,7
24469,1693227596052,1692255331823,1692255331827,1693227596062,10,4,6
24470,1693227596062,1692255331833,1692255331838,1693227596073,11,5,6
24471,1693227596073,1692255331844,1692255331849,1693227596083,10,5,5
24472,1693227596083,1692255331858,1692255331862,1693227596097,14,4,10
24473,1693227596097,1692255331868,1692255331873,1693227596108,11,5,6
24474,1693227596109,1692255331880,1692255331885,1693227596120,11,5,6
24475,1693227596120,1692255331891,1692255331897,1693227596132,12,6,6
24476,1693227596132,1692255331903,1692255331909,1693227596145,13,6,7
24477,1693227596145,1692255331916,1692255331922,1693227596157,12,6,6
24478,1693227596157,1692255331928,1692255331932,1693227596172,15,4,11
24479,1693227596172,1692255331943,1692255331949,1693227596185,13,6,7
24480,1693227596185,1692255331957,1692255331961,1693227596196,11,4,7
24481,1693227596196,1692255331968,1692255331973,1693227596208,12,5,7
24482,1693227596208,1692255331979,1692255331984,1693227596220,12,5,7
24483,1693227596220,1692255331991,1692255331995,1693227596230,10,4,6
24484,1693227596230,1692255332001,1692255332008,1693227596243,13,7,6
24485,1693227596243,1692255332015,1692255332020,1693227596254,11,5,6
24486,1693227596254,1692255332030,1692255332036,1693227596271,17,6,11
24487,1693227596271,1692255332041,1692255332046,1693227596281,10,5,5
24488,1693227596281,1692255332052,1692255332055,1693227596290,9,3,6
24489,1693227596290,1692255332062,1692255332066,1693227596301,11,4,7
24490,1693227596301,1692255332071,1692255332075,1693227596310,9,4,5
24491,1693227596310,1692255332081,1692255332085,1693227596320,10,4,6
24492,1693227596320,1692255332091,1692255332095,1693227596330,10,4,6
24493,1693227596330,1692255332101,1692255332105,1693227596340,10,4,6
24494,1693227596340,1692255332111,1692255332115,1693227596350,10,4,6
24495,1693227596350,1692255332120,1692255332124,1693227596359,9,4,5
24496,1693227596359,1692255332129,1692255332134,1693227596368,9,5,4
24497,1693227596368,1692255332140,1692255332144,1693227596379,11,4,7
24498,1693227596379,1692255332150,1692255332155,1693227596390,11,5,6
24499,1693227596390,1692255332160,1692255332165,1693227596400,10,5,5
24500,1693227596400,1692255332170,1692255332174,1693227596409,9,4,5
24501,1693227596409,1692255332180,1692255332184,1693227596418,9,4,5
24502,1693227596418,1692255332188,1692255332193,1693227596428,10,5,5
24503,1693227596428,1692255332198,1692255332202,1693227596437,9,4,5
24504,1693227596437,1692255332207,1692255332213,1693227596447,10,6,4
24505,1693227596448,1692255332219,1692255332223,1693227596458,10,4,6
24506,1693227596458,1692255332229,1692255332233,1693227596468,10,4,6
24507,1693227596469,1692255332241,1692255332245,1693227596480,11,4,7
24508,1693227596480,1692255332251,1692255332255,1693227596489,9,4,5
24509,1693227596489,1692255332262,1692255332267,1693227596501,12,5,7
24510,1693227596501,1692255332272,1692255332276,1693227596512,11,4,7
24511,1693227596512,1692255332282,1692255332288,1693227596523,11,6,5
24512,1693227596523,1692255332294,1692255332298,1693227596533,10,4,6
24513,1693227596533,1692255332305,1692255332310,1693227596544,11,5,6
24514,1693227596545,1692255332316,1692255332321,1693227596555,10,5,5
24515,1693227596555,1692255332327,1692255332330,1693227596565,10,3,7
24516,1693227596565,1692255332336,1692255332341,1693227596576,11,5,6
24517,1693227596576,1692255332346,1692255332350,1693227596584,8,4,4
24518,1693227596585,1692255332355,1692255332359,1693227596595,10,4,6
24519,1693227596595,1692255332365,1692255332370,1693227596604,9,5,4
24520,1693227596604,1692255332375,1692255332382,1693227596617,13,7,6
24521,1693227596617,1692255332395,1692255332399,1693227596634,17,4,13
24522,1693227596634,1692255332404,1692255332408,1693227596643,9,4,5
24523,1693227596643,1692255332414,1692255332419,1693227596654,11,5,6
24524,1693227596654,1692255332425,1692255332429,1693227596664,10,4,6
24525,1693227596664,1692255332434,1692255332439,1693227596673,9,5,4
24526,1693227596673,1692255332444,1692255332448,1693227596683,10,4,6
24527,1693227596683,1692255332454,1692255332457,1693227596692,9,3,6
24528,1693227596692,1692255332462,1692255332466,1693227596701,9,4,5
24529,1693227596701,1692255332471,1692255332475,1693227596709,8,4,4
24530,1693227596709,1692255332480,1692255332484,1693227596719,10,4,6
24531,1693227596719,1692255332489,1692255332493,1693227596727,8,4,4
24532,1693227596727,1692255332498,1692255332502,1693227596736,9,4,5
24533,1693227596736,1692255332507,1692255332511,1693227596746,10,4,6
24534,1693227596746,1692255332516,1692255332520,1693227596754,8,4,4
24535,1693227596754,1692255332525,1692255332529,1693227596764,10,4,6
24536,1693227596764,1692255332535,1692255332539,1693227596773,9,4,5
24537,1693227596773,1692255332545,1692255332550,1693227596785,12,5,7
24538,1693227596785,1692255332555,1692255332559,1693227596794,9,4,5
24539,1693227596794,1692255332565,1692255332569,1693227596804,10,4,6
24540,1693227596804,1692255332574,1692255332579,1693227596814,10,5,5
24541,1693227596814,1692255332584,1692255332588,1693227596823,9,4,5
24542,1693227596823,1692255332593,1692255332598,1693227596833,10,5,5
24543,1693227596833,1692255332604,1692255332607,1693227596842,9,3,6
24544,1693227596842,1692255332612,1692255332617,1693227596852,10,5,5
24545,1693227596852,1692255332623,1692255332627,1693227596862,10,4,6
24546,1693227596862,1692255332633,1692255332637,1693227596872,10,4,6
24547,1693227596872,1692255332643,1692255332647,1693227596881,9,4,5
24548,1693227596881,1692255332652,1692255332656,1693227596891,10,4,6
24549,1693227596891,1692255332662,1692255332666,1693227596906,15,4,11
24550,1693227596906,1692255332677,1692255332681,1693227596915,9,4,5
24551,1693227596916,1692255332686,1692255332690,1693227596926,10,4,6
24552,1693227596926,1692255332696,1692255332700,1693227596934,8,4,4
24553,1693227596934,1692255332705,1692255332710,1693227596945,11,5,6
24554,1693227596945,1692255332716,1692255332720,1693227596955,10,4,6
24555,1693227596955,1692255332725,1692255332729,1693227596964,9,4,5
24556,1693227596964,1692255332734,1692255332738,1693227596973,9,4,5
24557,1693227596973,1692255332743,1692255332750,1693227596985,12,7,5
24558,1693227596985,1692255332756,1692255332761,1693227596996,11,5,6
24559,1693227596996,1692255332766,1692255332771,1693227597006,10,5,5
24560,1693227597006,1692255332776,1692255332780,1693227597015,9,4,5
24561,1693227597015,1692255332786,1692255332789,1693227597024,9,3,6
24562,1693227597024,1692255332794,1692255332798,1693227597033,9,4,5
24563,1693227597033,1692255332804,1692255332808,1693227597043,10,4,6
24564,1693227597043,1692255332814,1692255332818,1693227597053,10,4,6
24565,1693227597053,1692255332824,1692255332829,1693227597064,11,5,6
24566,1693227597064,1692255332834,1692255332838,1693227597073,9,4,5
24567,1693227597073,1692255332844,1692255332848,1693227597083,10,4,6
24568,1693227597083,1692255332853,1692255332858,1693227597093,10,5,5
24569,1693227597093,1692255332863,1692255332868,1693227597103,10,5,5
24570,1693227597103,1692255332876,1692255332883,1693227597118,15,7,8
24571,1693227597118,1692255332888,1692255332892,1693227597126,8,4,4
24572,1693227597126,1692255332897,1692255332901,1693227597135,9,4,5
24573,1693227597135,1692255332906,1692255332910,1693227597145,10,4,6
24574,1693227597145,1692255332915,1692255332918,1693227597153,8,3,5
24575,1693227597153,1692255332923,1692255332928,1693227597163,10,5,5
24576,1693227597163,1692255332934,1692255332939,1693227597176,13,5,8
24577,1693227597176,1692255332948,1692255332952,1693227597187,11,4,7
24578,1693227597187,1692255332959,1692255332964,1693227597198,11,5,6
24579,1693227597198,1692255332969,1692255332975,1693227597210,12,6,6
24580,1693227597210,1692255332981,1692255332986,1693227597221,11,5,6
24581,1693227597221,1692255332993,1692255332997,1693227597233,12,4,8
24582,1693227597233,1692255333004,1692255333008,1693227597243,10,4,6
24583,1693227597243,1692255333013,1692255333018,1693227597253,10,5,5
24584,1693227597253,1692255333023,1692255333027,1693227597262,9,4,5
24585,1693227597262,1692255333033,1692255333036,1693227597271,9,3,6
24586,1693227597271,1692255333042,1692255333046,1693227597281,10,4,6
24587,1693227597281,1692255333051,1692255333055,1693227597290,9,4,5
24588,1693227597290,1692255333061,1692255333065,1693227597300,10,4,6
24589,1693227597300,1692255333070,1692255333075,1693227597312,12,5,7
24590,1693227597312,1692255333083,1692255333087,1693227597347,35,4,31
24591,1693227597347,1692255333118,1692255333123,1693227597358,11,5,6
24592,1693227597358,1692255333129,1692255333132,1693227597389,31,3,28
24593,1693227597389,1692255333160,1692255333166,1693227597400,11,6,5
24594,1693227597400,1692255333170,1692255333174,1693227597408,8,4,4
24595,1693227597408,1692255333178,1692255333182,1693227597417,9,4,5
24596,1693227597417,1692255333187,1692255333191,1693227597426,9,4,5
24597,1693227597426,1692255333196,1692255333200,1693227597434,8,4,4
24598,1693227597434,1692255333204,1692255333208,1693227597442,8,4,4
24599,1693227597442,1692255333213,1692255333217,1693227597451,9,4,5
24600,1693227597451,1692255333222,1692255333227,1693227597462,11,5,6
24601,1693227597462,1692255333232,1692255333236,1693227597470,8,4,4
24602,1693227597470,1692255333240,1692255333244,1693227597479,9,4,5
24603,1693227597479,1692255333250,1692255333253,1693227597488,9,3,6
24604,1693227597488,1692255333258,1692255333262,1693227597521,33,4,29
24605,1693227597521,1692255333292,1692255333297,1693227597532,11,5,6
24606,1693227597532,1692255333359,1692255333364,1693227597599,67,5,62
24607,1693227597599,1692255333370,1692255333375,1693227597610,11,5,6
24608,1693227597610,1692255333385,1692255333389,1693227597624,14,4,10
24609,1693227597624,1692255333396,1692255333401,1693227597636,12,5,7
24610,1693227597636,1692255333406,1692255333410,1693227597645,9,4,5
24611,1693227597645,1692255333415,1692255333420,1693227597655,10,5,5
24612,1693227597655,1692255333440,1692255333444,1693227597679,24,4,20
24613,1693227597679,1692255333449,1692255333454,1693227597688,9,5,4
24614,1693227597688,1692255333458,1692255333466,1693227597700,12,8,4
24615,1693227597701,1692255333471,1692255333475,1693227597710,9,4,5
24616,1693227597710,1692255333480,1692255333484,1693227597723,13,4,9
24617,1693227597723,1692255333493,1692255333497,1693227597732,9,4,5
24618,1693227597732,1692255333502,1692255333506,1693227597744,12,4,8
24619,1693227597744,1692255333518,1692255333523,1693227597758,14,5,9
24620,1693227597758,1692255333528,1692255333532,1693227597766,8,4,4
24621,1693227597766,1692255333537,1692255333541,1693227597775,9,4,5
24622,1693227597775,1692255333546,1692255333551,1693227597785,10,5,5
24623,1693227597785,1692255333561,1692255333565,1693227597800,15,4,11
24624,1693227597800,1692255333570,1692255333575,1693227597810,10,5,5
24625,1693227597810,1692255333582,1692255333586,1693227597820,10,4,6
24626,1693227597820,1692255333592,1692255333597,1693227597831,11,5,6
24627,1693227597831,1692255333602,1692255333606,1693227597841,10,4,6
24628,1693227597841,1692255333611,1692255333616,1693227597851,10,5,5
24629,1693227597851,1692255333621,1692255333627,1693227597862,11,6,5
24630,1693227597862,1692255333633,1692255333637,1693227597873,11,4,7
24631,1693227597873,1692255333644,1692255333648,1693227597883,10,4,6
24632,1693227597883,1692255333653,1692255333657,1693227597892,9,4,5
24633,1693227597892,1692255333663,1692255333667,1693227597902,10,4,6
24634,1693227597902,1692255333673,1692255333677,1693227597912,10,4,6
24635,1693227597912,1692255333683,1692255333688,1693227597926,14,5,9
24636,1693227597926,1692255333697,1692255333701,1693227597936,10,4,6
24637,1693227597936,1692255333707,1692255333711,1693227597946,10,4,6
24638,1693227597946,1692255333716,1692255333720,1693227597955,9,4,5
24639,1693227597955,1692255333726,1692255333730,1693227597965,10,4,6
24640,1693227597965,1692255333737,1692255333741,1693227597976,11,4,7
24641,1693227597976,1692255333746,1692255333750,1693227597985,9,4,5
24642,1693227597985,1692255333756,1692255333759,1693227597994,9,3,6
24643,1693227597994,1692255333765,1692255333769,1693227598004,10,4,6
24644,1693227598004,1692255333775,1692255333779,1693227598014,10,4,6
24645,1693227598014,1692255333784,1692255333787,1693227598022,8,3,5
24646,1693227598022,1692255333793,1692255333797,1693227598032,10,4,6
24647,1693227598032,1692255333802,1692255333806,1693227598041,9,4,5
24648,1693227598041,1692255333812,1692255333816,1693227598050,9,4,5
24649,1693227598050,1692255333822,1692255333826,1693227598061,11,4,7
24650,1693227598061,1692255333831,1692255333834,1693227598069,8,3,5
24651,1693227598069,1692255333840,1692255333844,1693227598079,10,4,6
24652,1693227598079,1692255333849,1692255333853,1693227598088,9,4,5
24653,1693227598088,1692255333858,1692255333862,1693227598097,9,4,5
24654,1693227598097,1692255333866,1692255333869,1693227598104,7,3,4
24655,1693227598104,1692255333874,1692255333878,1693227598112,8,4,4
24656,1693227598112,1692255333883,1692255333888,1693227598123,11,5,6
24657,1693227598123,1692255333893,1692255333897,1693227598132,9,4,5
24658,1693227598132,1692255333902,1692255333906,1693227598140,8,4,4
24659,1693227598140,1692255333911,1692255333915,1693227598150,10,4,6
24660,1693227598150,1692255333920,1692255333924,1693227598159,9,4,5
24661,1693227598159,1692255333930,1692255333934,1693227598169,10,4,6
24662,1693227598169,1692255333939,1692255333943,1693227598183,14,4,10
24663,1693227598183,1692255333954,1692255333958,1693227598193,10,4,6
24664,1693227598193,1692255333964,1692255333967,1693227598202,9,3,6
24665,1693227598202,1692255333973,1692255333977,1693227598212,10,4,6
24666,1693227598212,1692255333982,1692255333989,1693227598223,11,7,4
24667,1693227598223,1692255333994,1692255333998,1693227598233,10,4,6
24668,1693227598234,1692255334004,1692255334008,1693227598243,9,4,5
24669,1693227598243,1692255334014,1692255334018,1693227598252,9,4,5
24670,1693227598252,1692255334027,1692255334031,1693227598265,13,4,9
24671,1693227598265,1692255334035,1692255334040,1693227598275,10,5,5
24672,1693227598275,1692255334046,1692255334050,1693227598285,10,4,6
24673,1693227598285,1692255334055,1692255334059,1693227598294,9,4,5
24674,1693227598294,1692255334066,1692255334070,1693227598305,11,4,7
24675,1693227598305,1692255334076,1692255334081,1693227598316,11,5,6
24676,1693227598316,1692255334087,1692255334092,1693227598327,11,5,6
24677,1693227598327,1692255334098,1692255334103,1693227598338,11,5,6
24678,1693227598338,1692255334109,1692255334114,1693227598349,11,5,6
24679,1693227598349,1692255334119,1692255334124,1693227598359,10,5,5
24680,1693227598359,1692255334131,1692255334135,1693227598371,12,4,8
24681,1693227598371,1692255334141,1692255334145,1693227598380,9,4,5
24682,1693227598380,1692255334150,1692255334154,1693227598389,9,4,5
24683,1693227598389,1692255334159,1692255334164,1693227598399,10,5,5
24684,1693227598399,1692255334169,1692255334173,1693227598408,9,4,5
24685,1693227598408,1692255334180,1692255334183,1693227598418,10,3,7
24686,1693227598418,1692255334189,1692255334194,1693227598429,11,5,6
24687,1693227598429,1692255334199,1692255334203,1693227598438,9,4,5
24688,1693227598438,1692255334209,1692255334213,1693227598448,10,4,6
24689,1693227598448,1692255334220,1692255334225,1693227598459,11,5,6
24690,1693227598459,1692255334231,1692255334235,1693227598469,10,4,6
24691,1693227598469,1692255334239,1692255334244,1693227598478,9,5,4
24692,1693227598478,1692255334248,1692255334252,1693227598487,9,4,5
24693,1693227598487,1692255334258,1692255334262,1693227598497,10,4,6
24694,1693227598497,1692255334267,1692255334271,1693227598506,9,4,5
24695,1693227598506,1692255334277,1692255334281,1693227598516,10,4,6
24696,1693227598516,1692255334287,1692255334291,1693227598525,9,4,5
24697,1693227598525,1692255334296,1692255334300,1693227598535,10,4,6
24698,1693227598535,1692255334308,1692255334312,1693227598547,12,4,8
24699,1693227598547,1692255334318,1692255334322,1693227598557,10,4,6
24700,1693227598557,1692255334327,1692255334331,1693227598566,9,4,5
24701,1693227598566,1692255334337,1692255334340,1693227598575,9,3,6
24702,1693227598575,1692255334346,1692255334349,1693227598584,9,3,6
24703,1693227598584,1692255334355,1692255334360,1693227598595,11,5,6
24704,1693227598595,1692255334365,1692255334370,1693227598605,10,5,5
24705,1693227598605,1692255334375,1692255334379,1693227598614,9,4,5
24706,1693227598614,1692255334385,1692255334388,1693227598623,9,3,6
24707,1693227598623,1692255334394,1692255334398,1693227598633,10,4,6
24708,1693227598633,1692255334403,1692255334407,1693227598643,10,4,6
24709,1693227598643,1692255334414,1692255334417,1693227598652,9,3,6
24710,1693227598652,1692255334423,1692255334427,1693227598662,10,4,6
24711,1693227598662,1692255334433,1692255334437,1693227598672,10,4,6
24712,1693227598672,1692255334443,1692255334447,1693227598682,10,4,6
24713,1693227598682,1692255334454,1692255334458,1693227598692,10,4,6
24714,1693227598692,1692255334463,1692255334467,1693227598702,10,4,6
24715,1693227598702,1692255334478,1692255334484,1693227598718,16,6,10
24716,1693227598718,1692255334490,1692255334495,1693227598729,11,5,6
24717,1693227598729,1692255334500,1692255334504,1693227598738,9,4,5
24718,1693227598739,1692255334510,1692255334515,1693227598750,11,5,6
24719,1693227598750,1692255334520,1692255334525,1693227598760,10,5,5
24720,1693227598760,1692255334530,1692255334535,1693227598770,10,5,5
24721,1693227598770,1692255334542,1692255334547,1693227598782,12,5,7
24722,1693227598782,1692255334553,1692255334558,1693227598793,11,5,6
24723,1693227598793,1692255334563,1692255334569,1693227598804,11,6,5
24724,1693227598804,1692255334575,1692255334580,1693227598815,11,5,6
24725,1693227598815,1692255334585,1692255334589,1693227598824,9,4,5
24726,1693227598824,1692255334595,1692255334599,1693227598833,9,4,5
24727,1693227598833,1692255334604,1692255334609,1693227598843,10,5,5
24728,1693227598844,1692255334616,1692255334621,1693227598855,11,5,6
24729,1693227598855,1692255334626,1692255334629,1693227598864,9,3,6
24730,1693227598864,1692255334643,1692255334647,1693227598881,17,4,13
24731,1693227598881,1692255334653,1692255334656,1693227598891,10,3,7
24732,1693227598891,1692255334662,1692255334666,1693227598901,10,4,6
24733,1693227598901,1692255334671,1692255334675,1693227598910,9,4,5
24734,1693227598910,1692255334681,1692255334685,1693227598920,10,4,6
24735,1693227598920,1692255334694,1692255334698,1693227598933,13,4,9
24736,1693227598933,1692255334704,1692255334708,1693227598943,10,4,6
24737,1693227598943,1692255334713,1692255334718,1693227598953,10,5,5
24738,1693227598953,1692255334723,1692255334728,1693227598962,9,5,4
24739,1693227598962,1692255334732,1692255334737,1693227598971,9,5,4
24740,1693227598971,1692255334743,1692255334749,1693227598984,13,6,7
24741,1693227598984,1692255334755,1692255334759,1693227598994,10,4,6
24742,1693227598994,1692255334765,1692255334768,1693227599003,9,3,6
24743,1693227599003,1692255334773,1692255334778,1693227599013,10,5,5
24744,1693227599013,1692255334783,1692255334787,1693227599022,9,4,5
24745,1693227599022,1692255334794,1692255334799,1693227599034,12,5,7
24746,1693227599034,1692255334804,1692255334808,1693227599043,9,4,5
24747,1693227599043,1692255334814,1692255334819,1693227599054,11,5,6
24748,1693227599054,1692255334825,1692255334829,1693227599064,10,4,6
24749,1693227599064,1692255334844,1692255334848,1693227599083,19,4,15
24750,1693227599083,1692255334853,1692255334857,1693227599092,9,4,5
24751,1693227599092,1692255334866,1692255334870,1693227599104,12,4,8
24752,1693227599104,1692255334875,1692255334879,1693227599114,10,4,6
24753,1693227599114,1692255334885,1692255334888,1693227599123,9,3,6
24754,1693227599123,1692255334894,1692255334898,1693227599132,9,4,5
24755,1693227599132,1692255334903,1692255334907,1693227599142,10,4,6
24756,1693227599142,1692255334912,1692255334917,1693227599151,9,5,4
24757,1693227599151,1692255334923,1692255334927,1693227599161,10,4,6
24758,1693227599161,1692255334932,1692255334936,1693227599171,10,4,6
24759,1693227599171,1692255334941,1692255334945,1693227599180,9,4,5
24760,1693227599180,1692255334950,1692255334953,1693227599189,9,3,6
24761,1693227599189,1692255334959,1692255334963,1693227599201,12,4,8
24762,1693227599201,1692255334973,1692255334976,1693227599218,17,3,14
24763,1693227599218,1692255334992,1692255334996,1693227599237,19,4,15
24764,1693227599238,1692255335020,1692255335024,1693227599259,21,4,17
24765,1693227599259,1692255335029,1692255335032,1693227599267,8,3,5
24766,1693227599267,1692255335037,1692255335042,1693227599277,10,5,5
24767,1693227599277,1692255335047,1692255335050,1693227599285,8,3,5
24768,1693227599285,1692255335057,1692255335061,1693227599295,10,4,6
24769,1693227599295,1692255335066,1692255335070,1693227599305,10,4,6
24770,1693227599305,1692255335075,1692255335079,1693227599314,9,4,5
24771,1693227599314,1692255335084,1692255335088,1693227599322,8,4,4
24772,1693227599322,1692255335093,1692255335097,1693227599332,10,4,6
24773,1693227599332,1692255335103,1692255335107,1693227599342,10,4,6
24774,1693227599342,1692255335113,1692255335117,1693227599351,9,4,5
24775,1693227599351,1692255335122,1692255335126,1693227599360,9,4,5
24776,1693227599360,1692255335131,1692255335135,1693227599369,9,4,5
24777,1693227599369,1692255335140,1692255335146,1693227599381,12,6,6
24778,1693227599381,1692255335151,1692255335155,1693227599390,9,4,5
24779,1693227599390,1692255335160,1692255335164,1693227599399,9,4,5
24780,1693227599399,1692255335170,1692255335174,1693227599409,10,4,6
24781,1693227599409,1692255335180,1692255335184,1693227599418,9,4,5
24782,1693227599418,1692255335189,1692255335194,1693227599429,11,5,6
24783,1693227599429,1692255335199,1692255335204,1693227599442,13,5,8
24784,1693227599442,1692255335215,1692255335219,1693227599453,11,4,7
24785,1693227599453,1692255335224,1692255335228,1693227599463,10,4,6
24786,1693227599463,1692255335234,1692255335238,1693227599472,9,4,5
24787,1693227599472,1692255335243,1692255335247,1693227599482,10,4,6
24788,1693227599482,1692255335252,1692255335257,1693227599491,9,5,4
24789,1693227599491,1692255335262,1692255335266,1693227599500,9,4,5
24790,1693227599500,1692255335270,1692255335274,1693227599509,9,4,5
24791,1693227599509,1692255335280,1692255335284,1693227599518,9,4,5
24792,1693227599518,1692255335289,1692255335293,1693227599528,10,4,6
24793,1693227599528,1692255335299,1692255335303,1693227599538,10,4,6
24794,1693227599538,1692255335308,1692255335312,1693227599547,9,4,5
24795,1693227599547,1692255335317,1692255335321,1693227599556,9,4,5
24796,1693227599556,1692255335327,1692255335331,1693227599566,10,4,6
24797,1693227599566,1692255335337,1692255335341,1693227599576,10,4,6
24798,1693227599576,1692255335346,1692255335350,1693227599585,9,4,5
24799,1693227599585,1692255335355,1692255335359,1693227599594,9,4,5
24800,1693227599594,1692255335364,1692255335369,1693227599604,10,5,5
24801,1693227599604,1692255335374,1692255335378,1693227599613,9,4,5
24802,1693227599613,1692255335384,1692255335388,1693227599622,9,4,5
24803,1693227599622,1692255335392,1692255335396,1693227599631,9,4,5
24804,1693227599631,1692255335401,1692255335405,1693227599640,9,4,5
24805,1693227599640,1692255335410,1692255335414,1693227599649,9,4,5
24806,1693227599649,1692255335420,1692255335424,1693227599659,10,4,6
24807,1693227599659,1692255335430,1692255335434,1693227599669,10,4,6
24808,1693227599669,1692255335439,1692255335444,1693227599678,9,5,4
24809,1693227599678,1692255335449,1692255335453,1693227599688,10,4,6
24810,1693227599688,1692255335459,1692255335464,1693227599699,11,5,6
24811,1693227599699,1692255335471,1692255335475,1693227599710,11,4,7
24812,1693227599710,1692255335481,1692255335486,1693227599722,12,5,7
24813,1693227599722,1692255335493,1692255335496,1693227599731,9,3,6
24814,1693227599731,1692255335502,1692255335509,1693227599744,13,7,6
24815,1693227599744,1692255335515,1692255335519,1693227599754,10,4,6
24816,1693227599754,1692255335526,1692255335533,1693227599770,16,7,9
24817,1693227599770,1692255335541,1692255335546,1693227599781,11,5,6
24818,1693227599781,1692255335552,1692255335556,1693227599790,9,4,5
24819,1693227599790,1692255335562,1692255335566,1693227599801,11,4,7
24820,1693227599801,1692255335572,1692255335576,1693227599810,9,4,5
24821,1693227599810,1692255335581,1692255335585,1693227599820,10,4,6
24822,1693227599820,1692255335591,1692255335596,1693227599830,10,5,5
24823,1693227599830,1692255335601,1692255335605,1693227599840,10,4,6
24824,1693227599840,1692255335611,1692255335615,1693227599849,9,4,5
24825,1693227599850,1692255335621,1692255335625,1693227599860,10,4,6
24826,1693227599860,1692255335631,1692255335635,1693227599872,12,4,8
24827,1693227599872,1692255335642,1692255335647,1693227599881,9,5,4
24828,1693227599881,1692255335651,1692255335655,1693227599890,9,4,5
24829,1693227599890,1692255335661,1692255335666,1693227599901,11,5,6
24830,1693227599901,1692255335671,1692255335676,1693227599910,9,5,4
24831,1693227599910,1692255335681,1692255335685,1693227599920,10,4,6
24832,1693227599920,1692255335690,1692255335694,1693227599929,9,4,5
24833,1693227599929,1692255335700,1692255335704,1693227599939,10,4,6
24834,1693227599939,1692255335709,1692255335713,1693227599948,9,4,5
24835,1693227599948,1692255335719,1692255335722,1693227599957,9,3,6
24836,1693227599957,1692255335729,1692255335732,1693227599967,10,3,7
24837,1693227599967,1692255335738,1692255335742,1693227599976,9,4,5
24838,1693227599976,1692255335747,1692255335752,1693227599986,10,5,5
24839,1693227599986,1692255335756,1692255335761,1693227599996,10,5,5
24840,1693227599996,1692255335768,1692255335772,1693227600007,11,4,7
24841,1693227600007,1692255335778,1692255335782,1693227600017,10,4,6
24842,1693227600017,1692255335788,1692255335792,1693227600026,9,4,5
24843,1693227600026,1692255335797,1692255335801,1693227600036,10,4,6
24844,1693227600036,1692255335807,1692255335811,1693227600046,10,4,6
24845,1693227600046,1692255335817,1692255335822,1693227600057,11,5,6
24846,1693227600057,1692255335828,1692255335832,1693227600067,10,4,6
24847,1693227600067,1692255335838,1692255335843,1693227600078,11,5,6
24848,1693227600078,1692255335849,1692255335853,1693227600088,10,4,6
24849,1693227600088,1692255335860,1692255335865,1693227600101,13,5,8
24850,1693227600101,1692255335872,1692255335878,1693227600113,12,6,6
24851,1693227600113,1692255335884,1692255335891,1693227600127,14,7,7
24852,1693227600127,1692255335898,1692255335902,1693227600138,11,4,7
24853,1693227600138,1692255335909,1692255335913,1693227600151,13,4,9
24854,1693227600151,1692255335922,1692255335926,1693227600162,11,4,7
24855,1693227600162,1692255335933,1692255335938,1693227600173,11,5,6
24856,1693227600173,1692255335944,1692255335949,1693227600184,11,5,6
24857,1693227600184,1692255335956,1692255335961,1693227600196,12,5,7
24858,1693227600196,1692255335967,1692255335971,1693227600206,10,4,6
24859,1693227600206,1692255335977,1692255335981,1693227600216,10,4,6
24860,1693227600216,1692255335987,1692255335991,1693227600226,10,4,6
24861,1693227600226,1692255335997,1692255336001,1693227600235,9,4,5
24862,1693227600235,1692255336006,1692255336010,1693227600244,9,4,5
24863,1693227600244,1692255336015,1692255336019,1693227600253,9,4,5
24864,1693227600253,1692255336027,1692255336032,1693227600267,14,5,9
24865,1693227600267,1692255336038,1692255336042,1693227600276,9,4,5
24866,1693227600276,1692255336047,1692255336051,1693227600286,10,4,6
24867,1693227600286,1692255336057,1692255336061,1693227600296,10,4,6
24868,1693227600296,1692255336066,1692255336070,1693227600305,9,4,5
24869,1693227600305,1692255336076,1692255336080,1693227600315,10,4,6
24870,1693227600315,1692255336085,1692255336089,1693227600324,9,4,5
24871,1693227600324,1692255336095,1692255336101,1693227600336,12,6,6
24872,1693227600336,1692255336107,1692255336112,1693227600347,11,5,6
24873,1693227600347,1692255336128,1692255336132,1693227600368,21,4,17
24874,1693227600368,1692255336139,1692255336145,1693227600380,12,6,6
24875,1693227600380,1692255336153,1692255336157,1693227600392,12,4,8
24876,1693227600392,1692255336164,1692255336169,1693227600403,11,5,6
24877,1693227600404,1692255336174,1692255336180,1693227600414,10,6,4
24878,1693227600414,1692255336185,1692255336189,1693227600424,10,4,6
24879,1693227600424,1692255336196,1692255336206,1693227600441,17,10,7
24880,1693227600441,1692255336212,1692255336217,1693227600452,11,5,6
24881,1693227600452,1692255336223,1692255336227,1693227600462,10,4,6
24882,1693227600462,1692255336232,1692255336237,1693227600472,10,5,5
24883,1693227600472,1692255336243,1692255336247,1693227600482,10,4,6
24884,1693227600482,1692255336255,1692255336259,1693227600494,12,4,8
24885,1693227600494,1692255336265,1692255336270,1693227600505,11,5,6
24886,1693227600505,1692255336276,1692255336281,1693227600515,10,5,5
24887,1693227600515,1692255336287,1692255336291,1693227600526,11,4,7
24888,1693227600526,1692255336297,1692255336304,1693227600539,13,7,6
24889,1693227600539,1692255336310,1692255336315,1693227600550,11,5,6
24890,1693227600550,1692255336321,1692255336325,1693227600560,10,4,6
24891,1693227600560,1692255336331,1692255336336,1693227600571,11,5,6
24892,1693227600571,1692255336342,1692255336346,1693227600581,10,4,6
24893,1693227600581,1692255336351,1692255336360,1693227600594,13,9,4
24894,1693227600594,1692255336367,1692255336373,1693227600608,14,6,8
24895,1693227600608,1692255336379,1692255336383,1693227600618,10,4,6
24896,1693227600618,1692255336389,1692255336395,1693227600630,12,6,6
24897,1693227600630,1692255336401,1692255336405,1693227600640,10,4,6
24898,1693227600640,1692255336410,1692255336414,1693227600649,9,4,5
24899,1693227600649,1692255336420,1692255336424,1693227600658,9,4,5
24900,1693227600658,1692255336430,1692255336434,1693227600672,14,4,10
24901,1693227600672,1692255336443,1692255336447,1693227600682,10,4,6
24902,1693227600682,1692255336453,1692255336457,1693227600692,10,4,6
24903,1693227600692,1692255336462,1692255336467,1693227600702,10,5,5
24904,1693227600702,1692255336472,1692255336477,1693227600712,10,5,5
24905,1693227600712,1692255336482,1692255336487,1693227600721,9,5,4
24906,1693227600721,1692255336494,1692255336498,1693227600733,12,4,8
24907,1693227600733,1692255336504,1692255336508,1693227600742,9,4,5
24908,1693227600742,1692255336513,1692255336517,1693227600751,9,4,5
24909,1693227600751,1692255336523,1692255336529,1693227600763,12,6,6
24910,1693227600763,1692255336534,1692255336539,1693227600774,11,5,6
24911,1693227600774,1692255336545,1692255336550,1693227600785,11,5,6
24912,1693227600785,1692255336556,1692255336560,1693227600796,11,4,7
24913,1693227600796,1692255336568,1692255336572,1693227600806,10,4,6
24914,1693227600806,1692255336577,1692255336582,1693227600819,13,5,8
24915,1693227600819,1692255336590,1692255336596,1693227600831,12,6,6
24916,1693227600831,1692255336602,1692255336607,1693227600842,11,5,6
24917,1693227600842,1692255336612,1692255336618,1693227600853,11,6,5
24918,1693227600853,1692255336624,1692255336630,1693227600864,11,6,5
24919,1693227600865,1692255336635,1692255336640,1693227600874,9,5,4
24920,1693227600874,1692255336645,1692255336649,1693227600884,10,4,6
24921,1693227600884,1692255336655,1692255336659,1693227600896,12,4,8
24922,1693227600896,1692255336666,1692255336670,1693227600905,9,4,5
24923,1693227600905,1692255336676,1692255336680,1693227600914,9,4,5
24924,1693227600914,1692255336685,1692255336691,1693227600926,12,6,6
24925,1693227600926,1692255336696,1692255336700,1693227600935,9,4,5
24926,1693227600935,1692255336705,1692255336708,1693227600944,9,3,6
24927,1693227600944,1692255336715,1692255336720,1693227600954,10,5,5
24928,1693227600954,1692255336725,1692255336730,1693227600966,12,5,7
24929,1693227600966,1692255336737,1692255336741,1693227600976,10,4,6
24930,1693227600976,1692255336747,1692255336752,1693227600987,11,5,6
24931,1693227600987,1692255336758,1692255336763,1693227600998,11,5,6
24932,1693227600998,1692255336769,1692255336774,1693227601009,11,5,6
24933,1693227601009,1692255336780,1692255336784,1693227601019,10,4,6
24934,1693227601019,1692255336790,1692255336795,1693227601030,11,5,6
24935,1693227601030,1692255336801,1692255336806,1693227601041,11,5,6
24936,1693227601041,1692255336812,1692255336816,1693227601051,10,4,6
24937,1693227601051,1692255336821,1692255336825,1693227601060,9,4,5
24938,1693227601060,1692255336830,1692255336834,1693227601069,9,4,5
24939,1693227601069,1692255336840,1692255336844,1693227601079,10,4,6
24940,1693227601079,1692255336849,1692255336854,1693227601088,9,5,4
24941,1693227601088,1692255336859,1692255336863,1693227601100,12,4,8
24942,1693227601100,1692255336871,1692255336875,1693227601110,10,4,6
24943,1693227601110,1692255336882,1692255336886,1693227601121,11,4,7
24944,1693227601121,1692255336894,1692255336898,1693227601133,12,4,8
24945,1693227601133,1692255336904,1692255336908,1693227601143,10,4,6
24946,1693227601143,1692255336914,1692255336921,1693227601156,13,7,6
24947,1693227601156,1692255336927,1692255336932,1693227601166,10,5,5
24948,1693227601166,1692255336939,1692255336943,1693227601177,11,4,7
24949,1693227601177,1692255336948,1692255336952,1693227601187,10,4,6
24950,1693227601187,1692255336958,1692255336970,1693227601205,18,12,6
24951,1693227601205,1692255336975,1692255336981,1693227601216,11,6,5
24952,1693227601216,1692255336987,1692255336992,1693227601230,14,5,9
24953,1693227601230,1692255337003,1692255337008,1693227601243,13,5,8
24954,1693227601243,1692255337014,1692255337018,1693227601253,10,4,6
24955,1693227601253,1692255337024,1692255337029,1693227601264,11,5,6
24956,1693227601264,1692255337034,1692255337039,1693227601273,9,5,4
24957,1693227601273,1692255337044,1692255337048,1693227601283,10,4,6
24958,1693227601283,1692255337054,1692255337061,1693227601296,13,7,6
24959,1693227601297,1692255337068,1692255337072,1693227601308,11,4,7
24960,1693227601308,1692255337079,1692255337083,1693227601318,10,4,6
24961,1693227601318,1692255337088,1692255337093,1693227601327,9,5,4
24962,1693227601327,1692255337098,1692255337102,1693227601337,10,4,6
24963,1693227601337,1692255337108,1692255337112,1693227601346,9,4,5
24964,1693227601346,1692255337117,1692255337120,1693227601355,9,3,6
24965,1693227601355,1692255337126,1692255337130,1693227601365,10,4,6
24966,1693227601365,1692255337135,1692255337139,1693227601374,9,4,5
24967,1693227601374,1692255337144,1692255337148,1693227601382,8,4,4
24968,1693227601382,1692255337153,1692255337157,1693227601392,10,4,6
24969,1693227601392,1692255337162,1692255337167,1693227601401,9,5,4
24970,1693227601401,1692255337172,1692255337176,1693227601411,10,4,6
24971,1693227601411,1692255337182,1692255337185,1693227601420,9,3,6
24972,1693227601420,1692255337191,1692255337195,1693227601430,10,4,6
24973,1693227601430,1692255337201,1692255337205,1693227601440,10,4,6
24974,1693227601440,1692255337213,1692255337218,1693227601453,13,5,8
24975,1693227601453,1692255337223,1692255337228,1693227601463,10,5,5
24976,1693227601463,1692255337234,1692255337238,1693227601473,10,4,6
24977,1693227601473,1692255337244,1692255337248,1693227601483,10,4,6
24978,1693227601483,1692255337255,1692255337260,1693227601495,12,5,7
24979,1693227601495,1692255337265,1692255337270,1693227601504,9,5,4
24980,1693227601504,1692255337275,1692255337279,1693227601514,10,4,6
24981,1693227601514,1692255337285,1692255337290,1693227601525,11,5,6
24982,1693227601525,1692255337296,1692255337300,1693227601535,10,4,6
24983,1693227601536,1692255337306,1692255337311,1693227601545,9,5,4
24984,1693227601545,1692255337316,1692255337320,1693227601554,9,4,5
24985,1693227601554,1692255337326,1692255337330,1693227601565,11,4,7
24986,1693227601565,1692255337336,1692255337340,1693227601574,9,4,5
24987,1693227601574,1692255337346,1692255337351,1693227601586,12,5,7
24988,1693227601586,1692255337357,1692255337363,1693227601598,12,6,6
24989,1693227601598,1692255337369,1692255337373,1693227601608,10,4,6
24990,1693227601608,1692255337383,1692255337388,1693227601623,15,5,10
24991,1693227601623,1692255337394,1692255337399,1693227601634,11,5,6
24992,1693227601634,1692255337406,1692255337411,1693227601646,12,5,7
24993,1693227601646,1692255337417,1692255337422,1693227601657,11,5,6
24994,1693227601657,1692255337428,1692255337433,1693227601668,11,5,6
24995,1693227601668,1692255337439,1692255337446,1693227601681,13,7,6
24996,1693227601681,1692255337452,1692255337456,1693227601691,10,4,6
24997,1693227601691,1692255337462,1692255337466,1693227601701,10,4,6
24998,1693227601701,1692255337471,1692255337477,1693227601712,11,6,5
24999,1693227601712,1692255337484,1692255337488,1693227601723,11,4,7
25000,1693227601723,1692255337494,1692255337497,1693227601732,9,3,6
25001,1693227601732,1692255337503,1692255337507,1693227601742,10,4,6
25002,1693227601742,1692255337513,1692255337517,1693227601752,10,4,6
25003,1693227601752,1692255337524,1692255337529,1693227601763,11,5,6
25004,1693227601763,1692255337535,1692255337539,1693227601774,11,4,7
25005,1693227601774,1692255337547,1692255337550,1693227601785,11,3,8
25006,1693227601785,1692255337555,1692255337559,1693227601794,9,4,5
25007,1693227601794,1692255337564,1692255337568,1693227601803,9,4,5
25008,1693227601803,1692255337574,1692255337579,1693227601814,11,5,6
25009,1693227601814,1692255337591,1692255337596,1693227601832,18,5,13
25010,1693227601832,1692255337603,1692255337607,1693227601842,10,4,6
25011,1693227601842,1692255337613,1692255337619,1693227601854,12,6,6
25012,1693227601854,1692255337625,1692255337630,1693227601865,11,5,6
25013,1693227601865,1692255337636,1692255337641,1693227601876,11,5,6
25014,1693227601876,1692255337647,1692255337652,1693227601887,11,5,6
25015,1693227601887,1692255337660,1692255337666,1693227601901,14,6,8
25016,1693227601901,1692255337672,1692255337678,1693227601912,11,6,5
25017,1693227601912,1692255337684,1692255337688,1693227601923,11,4,7
25018,1693227601923,1692255337695,1692255337700,1693227601935,12,5,7
25019,1693227601935,1692255337707,1692255337713,1693227601948,13,6,7
25020,1693227601948,1692255337719,1692255337724,1693227601958,10,5,5
25021,1693227601958,1692255337729,1692255337734,1693227601969,11,5,6
25022,1693227601969,1692255337740,1692255337746,1693227601981,12,6,6
25023,1693227601981,1692255337751,1692255337755,1693227601990,9,4,5
25024,1693227601990,1692255337761,1692255337765,1693227602000,10,4,6
25025,1693227602000,1692255337770,1692255337774,1693227602009,9,4,5
25026,1693227602009,1692255337780,1692255337785,1693227602022,13,5,8
25027,1693227602022,1692255337793,1692255337796,1693227602031,9,3,6
25028,1693227602031,1692255337802,1692255337806,1693227602040,9,4,5
25029,1693227602040,1692255337811,1692255337815,1693227602050,10,4,6
25030,1693227602050,1692255337821,1692255337826,1693227602061,11,5,6
25031,1693227602061,1692255337832,1692255337836,1693227602071,10,4,6
25032,1693227602071,1692255337842,1692255337850,1693227602085,14,8,6
25033,1693227602085,1692255337855,1692255337860,1693227602095,10,5,5
25034,1693227602095,1692255337867,1692255337882,1693227602117,22,15,7
25035,1693227602117,1692255337889,1692255337893,1693227602128,11,4,7
25036,1693227602128,1692255337899,1692255337903,1693227602138,10,4,6
25037,1693227602138,1692255337909,1692255337914,1693227602149,11,5,6
25038,1693227602149,1692255337920,1692255337926,1693227602161,12,6,6
25039,1693227602161,1692255337932,1692255337937,1693227602172,11,5,6
25040,1693227602172,1692255337944,1692255337948,1693227602183,11,4,7
25041,1693227602183,1692255337954,1692255337958,1693227602193,10,4,6
25042,1693227602193,1692255337965,1692255337969,1693227602207,14,4,10
25043,1693227602207,1692255337980,1692255337985,1693227602220,13,5,8
25044,1693227602220,1692255337991,1692255337995,1693227602230,10,4,6
25045,1693227602230,1692255338002,1692255338006,1693227602241,11,4,7
25046,1693227602241,1692255338012,1692255338018,1693227602253,12,6,6
25047,1693227602253,1692255338030,1692255338035,1693227602271,18,5,13
25048,1693227602271,1692255338042,1692255338047,1693227602282,11,5,6
25049,1693227602282,1692255338054,1692255338059,1693227602294,12,5,7
25050,1693227602294,1692255338065,1692255338069,1693227602304,10,4,6
25051,1693227602304,1692255338075,1692255338080,1693227602315,11,5,6
25052,1693227602315,1692255338086,1692255338091,1693227602329,14,5,9
25053,1693227602329,1692255338100,1692255338105,1693227602340,11,5,6
25054,1693227602340,1692255338112,1692255338117,1693227602352,12,5,7
25055,1693227602352,1692255338123,1692255338129,1693227602364,12,6,6
25056,1693227602364,1692255338135,1692255338139,1693227602374,10,4,6
25057,1693227602375,1692255338146,1692255338150,1693227602385,10,4,6
25058,1693227602385,1692255338157,1692255338162,1693227602397,12,5,7
25059,1693227602397,1692255338169,1692255338174,1693227602409,12,5,7
25060,1693227602409,1692255338180,1692255338185,1693227602420,11,5,6
25061,1693227602420,1692255338190,1692255338195,1693227602431,11,5,6
25062,1693227602431,1692255338202,1692255338207,1693227602441,10,5,5
25063,1693227602441,1692255338216,1692255338221,1693227602456,15,5,10
25064,1693227602456,1692255338228,1692255338232,1693227602467,11,4,7
25065,1693227602467,1692255338239,1692255338244,1693227602479,12,5,7
25066,1693227602479,1692255338250,1692255338256,1693227602491,12,6,6
25067,1693227602491,1692255338262,1692255338267,1693227602502,11,5,6
25068,1693227602502,1692255338273,1692255338280,1693227602515,13,7,6
25069,1693227602515,1692255338286,1692255338293,1693227602528,13,7,6
25070,1693227602528,1692255338299,1692255338304,1693227602539,11,5,6
25071,1693227602539,1692255338310,1692255338315,1693227602550,11,5,6
25072,1693227602550,1692255338320,1692255338325,1693227602561,11,5,6
25073,1693227602561,1692255338332,1692255338336,1693227602571,10,4,6
25074,1693227602571,1692255338343,1692255338347,1693227602582,11,4,7
25075,1693227602582,1692255338354,1692255338359,1693227602594,12,5,7
25076,1693227602594,1692255338364,1692255338369,1693227602604,10,5,5
25077,1693227602604,1692255338376,1692255338380,1693227602615,11,4,7
25078,1693227602615,1692255338386,1692255338391,1693227602626,11,5,6
25079,1693227602626,1692255338397,1692255338401,1693227602636,10,4,6
25080,1693227602636,1692255338407,1692255338413,1693227602649,13,6,7
25081,1693227602649,1692255338419,1692255338423,1693227602658,9,4,5
25082,1693227602658,1692255338429,1692255338433,1693227602668,10,4,6
25083,1693227602668,1692255338439,1692255338443,1693227602677,9,4,5
25084,1693227602677,1692255338447,1692255338452,1693227602686,9,5,4
25085,1693227602686,1692255338457,1692255338461,1693227602696,10,4,6
25086,1693227602696,1692255338466,1692255338470,1693227602705,9,4,5
25087,1693227602705,1692255338476,1692255338480,1693227602715,10,4,6
25088,1693227602715,1692255338486,1692255338490,1693227602725,10,4,6
25089,1693227602725,1692255338496,1692255338501,1693227602736,11,5,6
25090,1693227602736,1692255338508,1692255338512,1693227602747,11,4,7
25091,1693227602747,1692255338518,1692255338523,1693227602757,10,5,5
25092,1693227602757,1692255338528,1692255338533,1693227602768,11,5,6
25093,1693227602768,1692255338539,1692255338544,1693227602779,11,5,6
25094,1693227602779,1692255338549,1692255338554,1693227602789,10,5,5
25095,1693227602789,1692255338560,1692255338563,1693227602798,9,3,6
25096,1693227602798,1692255338568,1692255338573,1693227602808,10,5,5
25097,1693227602808,1692255338578,1692255338583,1693227602818,10,5,5
25098,1693227602818,1692255338590,1692255338595,1693227602829,11,5,6
25099,1693227602829,1692255338600,1692255338604,1693227602842,13,4,9
25100,1693227602842,1692255338612,1692255338617,1693227602851,9,5,4
25101,1693227602851,1692255338622,1692255338625,1693227602860,9,3,6
25102,1693227602860,1692255338631,1692255338634,1693227602869,9,3,6
25103,1693227602869,1692255338640,1692255338644,1693227602879,10,4,6
25104,1693227602879,1692255338649,1692255338653,1693227602888,9,4,5
25105,1693227602888,1692255338658,1692255338662,1693227602897,9,4,5
25106,1693227602897,1692255338667,1692255338673,1693227602907,10,6,4
25107,1693227602907,1692255338678,1692255338682,1693227602917,10,4,6
25108,1693227602917,1692255338691,1692255338696,1693227602930,13,5,8
25109,1693227602930,1692255338701,1692255338704,1693227602939,9,3,6
25110,1693227602939,1692255338712,1692255338717,1693227602952,13,5,8
25111,1693227602952,1692255338726,1692255338730,1693227602965,13,4,9
25112,1693227602965,1692255338739,1692255338744,1693227602978,13,5,8
25113,1693227602978,1692255338751,1692255338755,1693227602990,12,4,8
25114,1693227602990,1692255338761,1692255338765,1693227603000,10,4,6
25115,1693227603000,1692255338771,1692255338776,1693227603010,10,5,5
25116,1693227603010,1692255338781,1692255338786,1693227603021,11,5,6
25117,1693227603021,1692255338792,1692255338796,1693227603031,10,4,6
25118,1693227603031,1692255338801,1692255338806,1693227603040,9,5,4
25119,1693227603040,1692255338811,1692255338816,1693227603050,10,5,5
25120,1693227603050,1692255338821,1692255338825,1693227603060,10,4,6
25121,1693227603060,1692255338830,1692255338834,1693227603069,9,4,5
25122,1693227603069,1692255338840,1692255338844,1693227603079,10,4,6
25123,1693227603079,1692255338849,1692255338854,1693227603088,9,5,4
25124,1693227603088,1692255338860,1692255338865,1693227603100,12,5,7
25125,1693227603100,1692255338871,1692255338875,1693227603110,10,4,6
25126,1693227603110,1692255338881,1692255338886,1693227603121,11,5,6
25127,1693227603121,1692255338892,1692255338897,1693227603131,10,5,5
25128,1693227603132,1692255338902,1692255338908,1693227603143,11,6,5
25129,1693227603143,1692255338914,1692255338919,1693227603154,11,5,6
25130,1693227603154,1692255338926,1692255338930,1693227603165,11,4,7
25131,1693227603165,1692255338937,1692255338941,1693227603176,11,4,7
25132,1693227603176,1692255338947,1692255338952,1693227603187,11,5,6
25133,1693227603187,1692255338958,1692255338964,1693227603198,11,6,5
25134,1693227603198,1692255338970,1692255338975,1693227603212,14,5,9
25135,1693227603212,1692255338984,1692255338988,1693227603223,11,4,7
25136,1693227603223,1692255338994,1692255338999,1693227603234,11,5,6
25137,1693227603234,1692255339005,1692255339011,1693227603245,11,6,5
25138,1693227603246,1692255339019,1692255339023,1693227603257,11,4,7
25139,1693227603257,1692255339028,1692255339032,1693227603267,10,4,6
25140,1693227603267,1692255339037,1692255339040,1693227603275,8,3,5
25141,1693227603275,1692255339046,1692255339050,1693227603285,10,4,6
25142,1693227603285,1692255339056,1692255339060,1693227603294,9,4,5
25143,1693227603294,1692255339065,1692255339073,1693227603308,14,8,6
25144,1693227603308,1692255339078,1692255339083,1693227603318,10,5,5
25145,1693227603318,1692255339089,1692255339094,1693227603329,11,5,6
25146,1693227603329,1692255339100,1692255339104,1693227603339,10,4,6
25147,1693227603339,1692255339111,1692255339116,1693227603353,14,5,9
25148,1693227603353,1692255339124,1692255339129,1693227603364,11,5,6
25149,1693227603364,1692255339143,1692255339148,1693227603382,18,5,13
25150,1693227603382,1692255339153,1692255339158,1693227603393,11,5,6
25151,1693227603393,1692255339164,1692255339168,1693227603403,10,4,6
25152,1693227603403,1692255339175,1692255339180,1693227603415,12,5,7
25153,1693227603415,1692255339186,1692255339191,1693227603426,11,5,6
25154,1693227603426,1692255339197,1692255339202,1693227603437,11,5,6
25155,1693227603437,1692255339208,1692255339213,1693227603448,11,5,6
25156,1693227603448,1692255339219,1692255339223,1693227603459,11,4,7
25157,1693227603459,1692255339230,1692255339235,1693227603470,11,5,6
25158,1693227603470,1692255339241,1692255339246,1693227603482,12,5,7
25159,1693227603482,1692255339252,1692255339257,1693227603492,10,5,5
25160,1693227603492,1692255339263,1692255339268,1693227603502,10,5,5
25161,1693227603502,1692255339274,1692255339278,1693227603513,11,4,7
25162,1693227603513,1692255339284,1692255339289,1693227603524,11,5,6
25163,1693227603524,1692255339295,1692255339300,1693227603535,11,5,6
25164,1693227603535,1692255339306,1692255339312,1693227603547,12,6,6
25165,1693227603547,1692255339318,1692255339322,1693227603558,11,4,7
25166,1693227603558,1692255339328,1692255339332,1693227603567,9,4,5
25167,1693227603567,1692255339338,1692255339342,1693227603577,10,4,6
25168,1693227603577,1692255339348,1692255339353,1693227603588,11,5,6
25169,1693227603588,1692255339359,1692255339364,1693227603598,10,5,5
25170,1693227603598,1692255339369,1692255339373,1693227603608,10,4,6
25171,1693227603608,1692255339385,1692255339390,1693227603625,17,5,12
25172,1693227603625,1692255339396,1692255339401,1693227603636,11,5,6
25173,1693227603636,1692255339407,1692255339412,1693227603647,11,5,6
25174,1693227603647,1692255339417,1692255339423,1693227603657,10,6,4
25175,1693227603658,1692255339430,1692255339435,1693227603669,11,5,6
25176,1693227603669,1692255339440,1692255339445,1693227603680,11,5,6
25177,1693227603680,1692255339450,1692255339455,1693227603690,10,5,5
25178,1693227603690,1692255339463,1692255339468,1693227603703,13,5,8
25179,1693227603703,1692255339474,1692255339480,1693227603715,12,6,6
25180,1693227603715,1692255339486,1692255339492,1693227603726,11,6,5
25181,1693227603726,1692255339499,1692255339503,1693227603737,11,4,7
25182,1693227603738,1692255339508,1692255339512,1693227603746,8,4,4
25183,1693227603747,1692255339517,1692255339521,1693227603756,9,4,5
25184,1693227603756,1692255339526,1692255339530,1693227603764,8,4,4
25185,1693227603764,1692255339535,1692255339539,1693227603774,10,4,6
25186,1693227603774,1692255339545,1692255339549,1693227603783,9,4,5
25187,1693227603783,1692255339554,1692255339561,1693227603796,13,7,6
25188,1693227603796,1692255339566,1692255339572,1693227603806,10,6,4
25189,1693227603806,1692255339577,1692255339582,1693227603817,11,5,6
25190,1693227603817,1692255339588,1692255339592,1693227603827,10,4,6
25191,1693227603827,1692255339601,1692255339606,1693227603841,14,5,9
25192,1693227603841,1692255339612,1692255339617,1693227603852,11,5,6
25193,1693227603852,1692255339623,1692255339627,1693227603862,10,4,6
25194,1693227603862,1692255339634,1692255339639,1693227603873,11,5,6
25195,1693227603873,1692255339643,1692255339647,1693227603882,9,4,5
25196,1693227603882,1692255339653,1692255339656,1693227603891,9,3,6
25197,1693227603891,1692255339662,1692255339666,1693227603900,9,4,5
25198,1693227603901,1692255339671,1692255339675,1693227603910,9,4,5
25199,1693227603910,1692255339681,1692255339685,1693227603920,10,4,6
25200,1693227603920,1692255339690,1692255339694,1693227603928,8,4,4
25201,1693227603929,1692255339699,1692255339703,1693227603937,8,4,4
25202,1693227603937,1692255339708,1692255339712,1693227603947,10,4,6
25203,1693227603947,1692255339718,1692255339722,1693227603957,10,4,6
25204,1693227603957,1692255339728,1692255339731,1693227603967,10,3,7
25205,1693227603967,1692255339738,1692255339742,1693227603977,10,4,6
25206,1693227603977,1692255339748,1692255339752,1693227603987,10,4,6
25207,1693227603987,1692255339757,1692255339762,1693227603996,9,5,4
25208,1693227603996,1692255339767,1692255339771,1693227604005,9,4,5
25209,1693227604005,1692255339776,1692255339779,1693227604014,9,3,6
25210,1693227604014,1692255339784,1692255339788,1693227604023,9,4,5
25211,1693227604023,1692255339794,1692255339798,1693227604033,10,4,6
25212,1693227604033,1692255339804,1692255339808,1693227604043,10,4,6
25213,1693227604043,1692255339814,1692255339818,1693227604053,10,4,6
25214,1693227604053,1692255339824,1692255339828,1693227604063,10,4,6
25215,1693227604063,1692255339833,1692255339837,1693227604072,9,4,5
25216,1693227604072,1692255339842,1692255339849,1693227604083,11,7,4
25217,1693227604084,1692255339854,1692255339858,1693227604092,8,4,4
25218,1693227604092,1692255339864,1692255339868,1693227604102,10,4,6
25219,1693227604102,1692255339873,1692255339878,1693227604112,10,5,5
25220,1693227604112,1692255339883,1692255339889,1693227604124,12,6,6
25221,1693227604124,1692255339894,1692255339898,1693227604133,9,4,5
25222,1693227604133,1692255339903,1692255339907,1693227604142,9,4,5
25223,1693227604142,1692255339912,1692255339916,1693227604151,9,4,5
25224,1693227604151,1692255339922,1692255339926,1693227604161,10,4,6
25225,1693227604161,1692255339931,1692255339935,1693227604172,11,4,7
25226,1693227604172,1692255339943,1692255339947,1693227604181,9,4,5
25227,1693227604181,1692255339954,1692255339958,1693227604192,11,4,7
25228,1693227604192,1692255339964,1692255339969,1693227604204,12,5,7
25229,1693227604204,1692255339977,1692255339982,1693227604218,14,5,9
25230,1693227604218,1692255339994,1692255339998,1693227604233,15,4,11
25231,1693227604233,1692255340004,1692255340010,1693227604245,12,6,6
25232,1693227604245,1692255340016,1692255340021,1693227604256,11,5,6
25233,1693227604257,1692255340030,1692255340035,1693227604270,13,5,8
25234,1693227604270,1692255340043,1692255340047,1693227604282,12,4,8
25235,1693227604282,1692255340053,1692255340058,1693227604292,10,5,5
25236,1693227604292,1692255340063,1692255340067,1693227604302,10,4,6
25237,1693227604302,1692255340072,1692255340077,1693227604312,10,5,5
25238,1693227604312,1692255340083,1692255340087,1693227604322,10,4,6
25239,1693227604322,1692255340093,1692255340097,1693227604332,10,4,6
25240,1693227604332,1692255340103,1692255340107,1693227604341,9,4,5
25241,1693227604341,1692255340112,1692255340116,1693227604350,9,4,5
25242,1693227604350,1692255340122,1692255340126,1693227604361,11,4,7
25243,1693227604361,1692255340132,1692255340136,1693227604370,9,4,5
25244,1693227604370,1692255340141,1692255340146,1693227604381,11,5,6
25245,1693227604381,1692255340151,1692255340156,1693227604391,10,5,5
25246,1693227604391,1692255340162,1692255340168,1693227604403,12,6,6
25247,1693227604403,1692255340175,1692255340180,1693227604415,12,5,7
25248,1693227604415,1692255340188,1692255340194,1693227604429,14,6,8
25249,1693227604429,1692255340200,1692255340205,1693227604440,11,5,6
25250,1693227604440,1692255340214,1692255340218,1693227604453,13,4,9
25251,1693227604453,1692255340224,1692255340228,1693227604463,10,4,6
25252,1693227604463,1692255340234,1692255340240,1693227604475,12,6,6
25253,1693227604475,1692255340248,1692255340252,1693227604487,12,4,8
25254,1693227604487,1692255340258,1692255340263,1693227604498,11,5,6
25255,1693227604498,1692255340269,1692255340273,1693227604508,10,4,6
25256,1693227604508,1692255340279,1692255340283,1693227604518,10,4,6
25257,1693227604518,1692255340289,1692255340295,1693227604530,12,6,6
25258,1693227604530,1692255340301,1692255340306,1693227604541,11,5,6
25259,1693227604541,1692255340312,1692255340316,1693227604551,10,4,6
25260,1693227604551,1692255340322,1692255340327,1693227604561,10,5,5
25261,1693227604561,1692255340332,1692255340336,1693227604570,9,4,5
25262,1693227604571,1692255340342,1692255340345,1693227604582,11,3,8
25263,1693227604582,1692255340354,1692255340358,1693227604593,11,4,7
25264,1693227604593,1692255340364,1692255340368,1693227604603,10,4,6
25265,1693227604603,1692255340373,1692255340377,1693227604612,9,4,5
25266,1693227604612,1692255340383,1692255340389,1693227604623,11,6,5
25267,1693227604623,1692255340395,1692255340400,1693227604635,12,5,7
25268,1693227604635,1692255340406,1692255340411,1693227604646,11,5,6
25269,1693227604646,1692255340417,1692255340424,1693227604658,12,7,5
25270,1693227604659,1692255340429,1692255340434,1693227604669,10,5,5
25271,1693227604669,1692255340439,1692255340444,1693227604679,10,5,5
25272,1693227604679,1692255340450,1692255340454,1693227604688,9,4,5
25273,1693227604688,1692255340459,1692255340464,1693227604698,10,5,5
25274,1693227604698,1692255340468,1692255340472,1693227604707,9,4,5
25275,1693227604707,1692255340480,1692255340484,1693227604719,12,4,8
25276,1693227604719,1692255340490,1692255340494,1693227604729,10,4,6
25277,1693227604729,1692255340499,1692255340503,1693227604738,9,4,5
25278,1693227604738,1692255340509,1692255340512,1693227604747,9,3,6
25279,1693227604747,1692255340518,1692255340523,1693227604757,10,5,5
25280,1693227604757,1692255340529,1692255340533,1693227604767,10,4,6
25281,1693227604767,1692255340539,1692255340543,1693227604778,11,4,7
25282,1693227604778,1692255340548,1692255340552,1693227604787,9,4,5
25283,1693227604787,1692255340558,1692255340561,1693227604796,9,3,6
25284,1693227604796,1692255340567,1692255340571,1693227604806,10,4,6
25285,1693227604806,1692255340576,1692255340581,1693227604816,10,5,5
25286,1693227604816,1692255340587,1692255340591,1693227604825,9,4,5
25287,1693227604825,1692255340596,1692255340600,1693227604835,10,4,6
25288,1693227604835,1692255340606,1692255340610,1693227604845,10,4,6
25289,1693227604845,1692255340617,1692255340624,1693227604859,14,7,7
25290,1693227604859,1692255340630,1692255340635,1693227604869,10,5,5
25291,1693227604869,1692255340640,1692255340644,1693227604879,10,4,6
25292,1693227604879,1692255340650,1692255340654,1693227604890,11,4,7
25293,1693227604890,1692255340661,1692255340665,1693227604900,10,4,6
25294,1693227604900,1692255340671,1692255340675,1693227604909,9,4,5
25295,1693227604909,1692255340680,1692255340684,1693227604919,10,4,6
25296,1693227604919,1692255340690,1692255340694,1693227604929,10,4,6
25297,1693227604929,1692255340699,1692255340703,1693227604938,9,4,5
25298,1693227604938,1692255340709,1692255340713,1693227604948,10,4,6
25299,1693227604948,1692255340718,1692255340722,1693227604956,8,4,4
25300,1693227604956,1692255340727,1692255340731,1693227604966,10,4,6
25301,1693227604966,1692255340736,1692255340740,1693227604974,8,4,4
25302,1693227604975,1692255340745,1692255340749,1693227604984,9,4,5
25303,1693227604984,1692255340754,1692255340758,1693227604992,8,4,4
25304,1693227604992,1692255340763,1692255340768,1693227605003,11,5,6
25305,1693227605003,1692255340773,1692255340777,1693227605012,9,4,5
25306,1693227605012,1692255340782,1692255340786,1693227605021,9,4,5
25307,1693227605021,1692255340792,1692255340796,1693227605031,10,4,6
25308,1693227605031,1692255340802,1692255340806,1693227605040,9,4,5
25309,1693227605040,1692255340811,1692255340816,1693227605050,10,5,5
25310,1693227605050,1692255340820,1692255340824,1693227605059,9,4,5
25311,1693227605059,1692255340830,1692255340834,1693227605069,10,4,6
25312,1693227605069,1692255340839,1692255340845,1693227605080,11,6,5
25313,1693227605080,1692255340850,1692255340855,1693227605089,9,5,4
25314,1693227605089,1692255340859,1692255340863,1693227605098,9,4,5
25315,1693227605098,1692255340869,1692255340873,1693227605108,10,4,6
25316,1693227605108,1692255340879,1692255340883,1693227605118,10,4,6
25317,1693227605118,1692255340889,1692255340893,1693227605127,9,4,5
25318,1693227605127,1692255340898,1692255340902,1693227605137,10,4,6
25319,1693227605137,1692255340908,1692255340912,1693227605146,9,4,5
25320,1693227605146,1692255340917,1692255340921,1693227605155,9,4,5
25321,1693227605155,1692255340926,1692255340930,1693227605165,10,4,6
25322,1693227605165,1692255340935,1692255340939,1693227605173,8,4,4
25323,1693227605173,1692255340943,1692255340947,1693227605182,9,4,5
25324,1693227605182,1692255340953,1692255340956,1693227605191,9,3,6
25325,1693227605191,1692255340961,1692255340965,1693227605200,9,4,5
25326,1693227605200,1692255340971,1692255340976,1693227605211,11,5,6
25327,1693227605211,1692255340981,1692255340986,1693227605224,13,5,8
25328,1693227605224,1692255340995,1692255340999,1693227605233,9,4,5
25329,1693227605233,1692255341003,1692255341007,1693227605242,9,4,5
25330,1693227605242,1692255341012,1692255341016,1693227605250,8,4,4
25331,1693227605250,1692255341021,1692255341025,1693227605260,10,4,6
25332,1693227605260,1692255341031,1692255341035,1693227605270,10,4,6
25333,1693227605271,1692255341042,1692255341046,1693227605280,9,4,5
25334,1693227605280,1692255341051,1692255341055,1693227605290,10,4,6
25335,1693227605290,1692255341061,1692255341065,1693227605300,10,4,6
25336,1693227605300,1692255341070,1692255341074,1693227605309,9,4,5
25337,1693227605309,1692255341080,1692255341083,1693227605318,9,3,6
25338,1693227605318,1692255341089,1692255341093,1693227605327,9,4,5
25339,1693227605328,1692255341099,1692255341103,1693227605337,9,4,5
25340,1693227605337,1692255341108,1692255341112,1693227605347,10,4,6
25341,1693227605347,1692255341117,1692255341121,1693227605356,9,4,5
25342,1693227605356,1692255341127,1692255341131,1693227605366,10,4,6
25343,1693227605366,1692255341137,1692255341141,1693227605376,10,4,6
25344,1693227605376,1692255341146,1692255341150,1693227605385,9,4,5
25345,1693227605385,1692255341155,1692255341160,1693227605395,10,5,5
25346,1693227605395,1692255341165,1692255341169,1693227605404,9,4,5
25347,1693227605404,1692255341175,1692255341178,1693227605413,9,3,6
25348,1693227605413,1692255341184,1692255341188,1693227605422,9,4,5
25349,1693227605422,1692255341193,1692255341197,1693227605431,9,4,5
25350,1693227605431,1692255341201,1692255341205,1693227605440,9,4,5
25351,1693227605440,1692255341211,1692255341215,1693227605450,10,4,6
25352,1693227605450,1692255341221,1692255341224,1693227605459,9,3,6
25353,1693227605459,1692255341230,1692255341234,1693227605469,10,4,6
25354,1693227605469,1692255341239,1692255341243,1693227605478,9,4,5
25355,1693227605478,1692255341252,1692255341257,1693227605492,14,5,9
25356,1693227605492,1692255341264,1692255341269,1693227605504,12,5,7
25357,1693227605504,1692255341274,1692255341278,1693227605513,9,4,5
25358,1693227605513,1692255341283,1692255341287,1693227605522,9,4,5
25359,1693227605522,1692255341292,1692255341296,1693227605531,9,4,5
25360,1693227605531,1692255341302,1692255341305,1693227605540,9,3,6
25361,1693227605540,1692255341310,1692255341314,1693227605548,8,4,4
25362,1693227605548,1692255341318,1692255341322,1693227605557,9,4,5
25363,1693227605557,1692255341327,1692255341334,1693227605569,12,7,5
25364,1693227605569,1692255341340,1692255341344,1693227605578,9,4,5
25365,1693227605578,1692255341350,1692255341355,1693227605590,12,5,7
25366,1693227605590,1692255341360,1692255341364,1693227605599,9,4,5
25367,1693227605599,1692255341375,1692255341379,1693227605614,15,4,11
25368,1693227605614,1692255341393,1692255341398,1693227605632,18,5,13
25369,1693227605632,1692255341403,1692255341407,1693227605642,10,4,6
25370,1693227605642,1692255341413,1692255341416,1693227605651,9,3,6
25371,1693227605651,1692255341422,1692255341426,1693227605661,10,4,6
25372,1693227605661,1692255341432,1692255341436,1693227605670,9,4,5
25373,1693227605670,1692255341440,1692255341444,1693227605679,9,4,5
25374,1693227605679,1692255341450,1692255341454,1693227605688,9,4,5
25375,1693227605689,1692255341460,1692255341464,1693227605699,10,4,6
25376,1693227605699,1692255341471,1692255341475,1693227605710,11,4,7
25377,1693227605710,1692255341481,1692255341485,1693227605719,9,4,5
25378,1693227605720,1692255341490,1692255341495,1693227605730,10,5,5
25379,1693227605730,1692255341500,1692255341504,1693227605739,9,4,5
25380,1693227605739,1692255341510,1692255341514,1693227605749,10,4,6
25381,1693227605749,1692255341520,1692255341524,1693227605759,10,4,6
25382,1693227605759,1692255341529,1692255341533,1693227605767,8,4,4
25383,1693227605767,1692255341538,1692255341543,1693227605778,11,5,6
25384,1693227605778,1692255341549,1692255341553,1693227605788,10,4,6
25385,1693227605788,1692255341560,1692255341565,1693227605799,11,5,6
25386,1693227605799,1692255341570,1692255341574,1693227605811,12,4,8
25387,1693227605811,1692255341582,1692255341586,1693227605820,9,4,5
25388,1693227605821,1692255341592,1692255341596,1693227605831,10,4,6
25389,1693227605831,1692255341602,1692255341606,1693227605841,10,4,6
25390,1693227605841,1692255341612,1692255341616,1693227605850,9,4,5
25391,1693227605850,1692255341620,1692255341624,1693227605859,9,4,5
25392,1693227605859,1692255341630,1692255341634,1693227605869,10,4,6
25393,1693227605869,1692255341640,1692255341644,1693227605878,9,4,5
25394,1693227605878,1692255341649,1692255341653,1693227605887,9,4,5
25395,1693227605887,1692255341658,1692255341662,1693227605897,10,4,6
25396,1693227605897,1692255341667,1692255341672,1693227605907,10,5,5
25397,1693227605907,1692255341682,1692255341687,1693227605921,14,5,9
25398,1693227605922,1692255341692,1692255341697,1693227605931,9,5,4
25399,1693227605931,1692255341702,1692255341708,1693227605943,12,6,6
25400,1693227605943,1692255341714,1692255341718,1693227605953,10,4,6
25401,1693227605953,1692255341724,1692255341728,1693227605962,9,4,5
25402,1693227605962,1692255341733,1692255341737,1693227605971,9,4,5
25403,1693227605971,1692255341742,1692255341745,1693227605980,9,3,6
25404,1693227605980,1692255341750,1692255341754,1693227605989,9,4,5
25405,1693227605989,1692255341760,1692255341764,1693227605999,10,4,6
25406,1693227605999,1692255341770,1692255341774,1693227606008,9,4,5
25407,1693227606008,1692255341779,1692255341783,1693227606017,9,4,5
25408,1693227606017,1692255341787,1692255341792,1693227606027,10,5,5
25409,1693227606027,1692255341798,1692255341802,1693227606037,10,4,6
25410,1693227606037,1692255341809,1692255341814,1693227606049,12,5,7
25411,1693227606049,1692255341819,1692255341824,1693227606059,10,5,5
25412,1693227606059,1692255341830,1692255341834,1693227606068,9,4,5
25413,1693227606068,1692255341839,1692255341843,1693227606077,9,4,5
25414,1693227606078,1692255341848,1692255341852,1693227606087,9,4,5
25415,1693227606087,1692255341858,1692255341862,1693227606097,10,4,6
25416,1693227606097,1692255341868,1692255341873,1693227606108,11,5,6
25417,1693227606108,1692255341879,1692255341884,1693227606119,11,5,6
25418,1693227606119,1692255341890,1692255341895,1693227606129,10,5,5
25419,1693227606130,1692255341900,1692255341905,1693227606139,9,5,4
25420,1693227606139,1692255341910,1692255341915,1693227606150,11,5,6
25421,1693227606150,1692255341921,1692255341925,1693227606160,10,4,6
25422,1693227606160,1692255341931,1692255341934,1693227606169,9,3,6
25423,1693227606169,1692255341939,1692255341945,1693227606179,10,6,4
25424,1693227606179,1692255341952,1692255341956,1693227606191,12,4,8
25425,1693227606191,1692255341962,1692255341966,1693227606201,10,4,6
25426,1693227606201,1692255341972,1692255341975,1693227606210,9,3,6
25427,1693227606210,1692255341980,1692255341984,1693227606220,10,4,6
25428,1693227606220,1692255341991,1692255341995,1693227606230,10,4,6
25429,1693227606230,1692255342001,1692255342005,1693227606240,10,4,6
25430,1693227606240,1692255342011,1692255342015,1693227606249,9,4,5
25431,1693227606249,1692255342020,1692255342026,1693227606261,12,6,6
25432,1693227606261,1692255342032,1692255342037,1693227606272,11,5,6
25433,1693227606272,1692255342043,1692255342047,1693227606282,10,4,6
25434,1693227606282,1692255342053,1692255342058,1693227606293,11,5,6
25435,1693227606293,1692255342065,1692255342069,1693227606304,11,4,7
25436,1693227606304,1692255342076,1692255342083,1693227606318,14,7,7
25437,1693227606318,1692255342092,1692255342096,1693227606331,13,4,9
25438,1693227606331,1692255342102,1692255342106,1693227606341,10,4,6
25439,1693227606341,1692255342112,1692255342115,1693227606350,9,3,6
25440,1693227606350,1692255342120,1692255342125,1693227606360,10,5,5
25441,1693227606360,1692255342131,1692255342135,1693227606370,10,4,6
25442,1693227606370,1692255342141,1692255342145,1693227606379,9,4,5
25443,1693227606379,1692255342150,1692255342154,1693227606389,10,4,6
25444,1693227606389,1692255342160,1692255342164,1693227606399,10,4,6
25445,1693227606399,1692255342170,1692255342173,1693227606408,9,3,6
25446,1693227606408,1692255342179,1692255342183,1693227606417,9,4,5
25447,1693227606417,1692255342188,1692255342194,1693227606429,12,6,6
25448,1693227606429,1692255342200,1692255342204,1693227606439,10,4,6
25449,1693227606439,1692255342210,1692255342214,1693227606450,11,4,7
25450,1693227606451,1692255342223,1692255342227,1693227606462,11,4,7
25451,1693227606462,1692255342232,1692255342236,1693227606471,9,4,5
25452,1693227606471,1692255342242,1692255342246,1693227606481,10,4,6
25453,1693227606481,1692255342252,1692255342256,1693227606491,10,4,6
25454,1693227606491,1692255342263,1692255342268,1693227606502,11,5,6
25455,1693227606502,1692255342273,1692255342277,1693227606512,10,4,6
25456,1693227606512,1692255342283,1692255342286,1693227606521,9,3,6
25457,1693227606521,1692255342292,1692255342296,1693227606531,10,4,6
25458,1693227606531,1692255342302,1692255342306,1693227606541,10,4,6
25459,1693227606541,1692255342312,1692255342317,1693227606552,11,5,6
25460,1693227606553,1692255342323,1692255342328,1693227606562,9,5,4
25461,1693227606562,1692255342333,1692255342338,1693227606573,11,5,6
25462,1693227606573,1692255342344,1692255342348,1693227606583,10,4,6
25463,1693227606583,1692255342354,1692255342358,1693227606593,10,4,6
25464,1693227606593,1692255342363,1692255342367,1693227606602,9,4,5
25465,1693227606602,1692255342374,1692255342382,1693227606617,15,8,7
25466,1693227606617,1692255342388,1692255342392,1693227606630,13,4,9
25467,1693227606630,1692255342400,1692255342404,1693227606639,9,4,5
25468,1693227606639,1692255342411,1692255342415,1693227606650,11,4,7
25469,1693227606650,1692255342421,1692255342425,1693227606660,10,4,6
25470,1693227606660,1692255342431,1692255342435,1693227606670,10,4,6
25471,1693227606670,1692255342440,1692255342445,1693227606680,10,5,5
25472,1693227606680,1692255342450,1692255342456,1693227606691,11,6,5
25473,1693227606691,1692255342462,1692255342466,1693227606701,10,4,6
25474,1693227606701,1692255342474,1692255342478,1693227606712,11,4,7
25475,1693227606712,1692255342483,1692255342488,1693227606722,10,5,5
25476,1693227606722,1692255342494,1692255342497,1693227606732,10,3,7
25477,1693227606732,1692255342503,1692255342508,1693227606743,11,5,6
25478,1693227606743,1692255342520,1692255342525,1693227606760,17,5,12
25479,1693227606760,1692255342531,1692255342536,1693227606771,11,5,6
25480,1693227606771,1692255342542,1692255342547,1693227606782,11,5,6
25481,1693227606782,1692255342556,1692255342560,1693227606795,13,4,9
25482,1693227606795,1692255342566,1692255342570,1693227606805,10,4,6
25483,1693227606805,1692255342576,1692255342580,1693227606815,10,4,6
25484,1693227606815,1692255342585,1692255342589,1693227606824,9,4,5
25485,1693227606824,1692255342595,1692255342599,1693227606835,11,4,7
25486,1693227606835,1692255342606,1692255342610,1693227606845,10,4,6
25487,1693227606845,1692255342615,1692255342619,1693227606853,8,4,4
25488,1693227606853,1692255342625,1692255342630,1693227606864,11,5,6
25489,1693227606864,1692255342635,1692255342639,1693227606874,10,4,6
25490,1693227606874,1692255342644,1692255342648,1693227606883,9,4,5
25491,1693227606883,1692255342654,1692255342658,1693227606893,10,4,6
25492,1693227606893,1692255342663,1692255342667,1693227606902,9,4,5
25493,1693227606902,1692255342673,1692255342678,1693227606913,11,5,6
25494,1693227606913,1692255342685,1692255342691,1693227606925,12,6,6
25495,1693227606925,1692255342696,1692255342701,1693227606938,13,5,8
25496,1693227606938,1692255342709,1692255342714,1693227606949,11,5,6
25497,1693227606949,1692255342720,1692255342726,1693227606961,12,6,6
25498,1693227606961,1692255342732,1692255342736,1693227606972,11,4,7
25499,1693227606972,1692255342743,1692255342749,1693227606984,12,6,6
25500,1693227606984,1692255342755,1692255342760,1693227606995,11,5,6
25501,1693227606995,1692255342768,1692255342773,1693227607007,12,5,7
25502,1693227607007,1692255342778,1692255342783,1693227607017,10,5,5
25503,1693227607017,1692255342788,1692255342793,1693227607028,11,5,6
25504,1693227607028,1692255342800,1692255342804,1693227607039,11,4,7
25505,1693227607039,1692255342811,1692255342816,1693227607050,11,5,6
25506,1693227607051,1692255342821,1692255342826,1693227607061,10,5,5
25507,1693227607061,1692255342831,1692255342836,1693227607071,10,5,5
25508,1693227607071,1692255342842,1692255342846,1693227607081,10,4,6
25509,1693227607081,1692255342851,1692255342858,1693227607092,11,7,4
25510,1693227607092,1692255342863,1692255342868,1693227607103,11,5,6
25511,1693227607103,1692255342874,1692255342878,1693227607113,10,4,6
25512,1693227607113,1692255342884,1692255342889,1693227607123,10,5,5
25513,1693227607124,1692255342895,1692255342900,1693227607135,11,5,6
25514,1693227607135,1692255342906,1692255342911,1693227607146,11,5,6
25515,1693227607146,1692255342917,1692255342922,1693227607157,11,5,6
25516,1693227607157,1692255342928,1692255342932,1693227607166,9,4,5
25517,1693227607167,1692255342938,1692255342943,1693227607178,11,5,6
25518,1693227607178,1692255342948,1692255342952,1693227607188,10,4,6
25519,1693227607188,1692255342959,1692255342964,1693227607199,11,5,6
25520,1693227607199,1692255342970,1692255342975,1693227607210,11,5,6
25521,1693227607210,1692255342982,1692255342986,1693227607221,11,4,7
25522,1693227607221,1692255342992,1692255342997,1693227607236,15,5,10
25523,1693227607236,1692255343007,1692255343012,1693227607247,11,5,6
25524,1693227607247,1692255343018,1692255343022,1693227607257,10,4,6
25525,1693227607257,1692255343027,1692255343031,1693227607266,9,4,5
25526,1693227607266,1692255343036,1692255343040,1693227607275,9,4,5
25527,1693227607275,1692255343047,1692255343052,1693227607286,11,5,6
25528,1693227607286,1692255343058,1692255343063,1693227607298,12,5,7
25529,1693227607298,1692255343069,1692255343078,1693227607313,15,9,6
25530,1693227607313,1692255343084,1692255343089,1693227607324,11,5,6
25531,1693227607324,1692255343096,1692255343101,1693227607336,12,5,7
25532,1693227607336,1692255343111,1692255343115,1693227607350,14,4,10
25533,1693227607350,1692255343121,1692255343125,1693227607360,10,4,6
25534,1693227607360,1692255343132,1692255343137,1693227607372,12,5,7
25535,1693227607372,1692255343143,1692255343149,1693227607384,12,6,6
25536,1693227607384,1692255343155,1692255343159,1693227607394,10,4,6
25537,1693227607394,1692255343165,1692255343170,1693227607405,11,5,6
25538,1693227607405,1692255343176,1692255343182,1693227607416,11,6,5
25539,1693227607416,1692255343187,1692255343192,1693227607427,11,5,6
25540,1693227607427,1692255343198,1692255343203,1693227607438,11,5,6
25541,1693227607438,1692255343208,1692255343212,1693227607449,11,4,7
25542,1693227607449,1692255343219,1692255343223,1693227607458,9,4,5
25543,1693227607458,1692255343229,1692255343233,1693227607468,10,4,6
25544,1693227607468,1692255343239,1692255343243,1693227607478,10,4,6
25545,1693227607478,1692255343249,1692255343256,1693227607491,13,7,6
25546,1693227607491,1692255343262,1692255343268,1693227607503,12,6,6
25547,1693227607503,1692255343274,1692255343278,1693227607513,10,4,6
25548,1693227607513,1692255343285,1692255343289,1693227607524,11,4,7
25549,1693227607524,1692255343297,1692255343301,1693227607537,13,4,9
25550,1693227607537,1692255343308,1692255343313,1693227607548,11,5,6
25551,1693227607548,1692255343321,1692255343326,1693227607560,12,5,7
25552,1693227607560,1692255343331,1692255343336,1693227607571,11,5,6
25553,1693227607571,1692255343342,1692255343346,1693227607581,10,4,6
25554,1693227607581,1692255343359,1692255343365,1693227607599,18,6,12
25555,1693227607599,1692255343370,1692255343375,1693227607610,11,5,6
25556,1693227607610,1692255343382,1692255343387,1693227607621,11,5,6
25557,1693227607621,1692255343392,1692255343397,1693227607631,10,5,5
25558,1693227607631,1692255343402,1692255343406,1693227607641,10,4,6
25559,1693227607641,1692255343411,1692255343416,1693227607651,10,5,5
25560,1693227607651,1692255343423,1692255343428,1693227607663,12,5,7
25561,1693227607663,1692255343434,1692255343439,1693227607674,11,5,6
25562,1693227607674,1692255343446,1692255343451,1693227607686,12,5,7
25563,1693227607686,1692255343457,1692255343462,1693227607697,11,5,6
25564,1693227607697,1692255343467,1692255343473,1693227607707,10,6,4
25565,1693227607707,1692255343479,1692255343484,1693227607718,11,5,6
25566,1693227607718,1692255343489,1692255343493,1693227607728,10,4,6
25567,1693227607728,1692255343499,1692255343504,1693227607738,10,5,5
25568,1693227607738,1692255343510,1692255343515,1693227607749,11,5,6
25569,1693227607749,1692255343520,1692255343525,1693227607759,10,5,5
25570,1693227607759,1692255343531,1692255343536,1693227607771,12,5,7
25571,1693227607771,1692255343542,1692255343547,1693227607782,11,5,6
25572,1693227607782,1692255343553,1692255343558,1693227607793,11,5,6
25573,1693227607793,1692255343564,1692255343570,1693227607805,12,6,6
25574,1693227607805,1692255343575,1692255343579,1693227607813,8,4,4
25575,1693227607813,1692255343584,1692255343588,1693227607823,10,4,6
25576,1693227607823,1692255343597,1692255343603,1693227607838,15,6,9
25577,1693227607838,1692255343609,1692255343614,1693227607849,11,5,6
25578,1693227607849,1692255343620,1692255343625,1693227607860,11,5,6
25579,1693227607860,1692255343632,1692255343637,1693227607872,12,5,7
25580,1693227607872,1692255343645,1692255343651,1693227607886,14,6,8
25581,1693227607886,1692255343658,1692255343663,1693227607898,12,5,7
25582,1693227607898,1692255343669,1692255343677,1693227607912,14,8,6
25583,1693227607912,1692255343691,1692255343697,1693227607932,20,6,14
25584,1693227607932,1692255343703,1692255343707,1693227607942,10,4,6
25585,1693227607942,1692255343713,1692255343718,1693227607952,10,5,5
25586,1693227607952,1692255343723,1692255343728,1693227607963,11,5,6
25587,1693227607963,1692255343734,1692255343739,1693227607973,10,5,5
25588,1693227607973,1692255343744,1692255343749,1693227607984,11,5,6
25589,1693227607984,1692255343757,1692255343762,1693227607996,12,5,7
25590,1693227607996,1692255343767,1692255343771,1693227608006,10,4,6
25591,1693227608006,1692255343777,1692255343781,1693227608016,10,4,6
25592,1693227608016,1692255343787,1692255343791,1693227608026,10,4,6
25593,1693227608026,1692255343802,1692255343806,1693227608041,15,4,11
25594,1693227608041,1692255343813,1692255343818,1693227608053,12,5,7
25595,1693227608053,1692255343825,1692255343830,1693227608065,12,5,7
25596,1693227608065,1692255343836,1692255343841,1693227608075,10,5,5
25597,1693227608075,1692255343847,1692255343852,1693227608088,13,5,8
25598,1693227608088,1692255343859,1692255343864,1693227608099,11,5,6
25599,1693227608099,1692255343871,1692255343877,1693227608112,13,6,7
25600,1693227608112,1692255343882,1692255343887,1693227608122,10,5,5
25601,1693227608122,1692255343894,1692255343899,1693227608134,12,5,7
25602,1693227608134,1692255343905,1692255343910,1693227608145,11,5,6
25603,1693227608145,1692255343916,1692255343921,1693227608156,11,5,6
25604,1693227608156,1692255343927,1692255343932,1693227608167,11,5,6
25605,1693227608167,1692255343943,1692255343948,1693227608183,16,5,11
25606,1693227608183,1692255343954,1692255343959,1693227608194,11,5,6
25607,1693227608194,1692255343964,1692255343968,1693227608203,9,4,5
25608,1693227608203,1692255343973,1692255343978,1693227608213,10,5,5
25609,1693227608213,1692255343984,1692255343988,1693227608223,10,4,6
25610,1693227608223,1692255343994,1692255344000,1693227608235,12,6,6
25611,1693227608235,1692255344005,1692255344009,1693227608244,9,4,5
25612,1693227608244,1692255344016,1692255344020,1693227608255,11,4,7
25613,1693227608255,1692255344026,1692255344029,1693227608264,9,3,6
25614,1693227608264,1692255344037,1692255344042,1693227608277,13,5,8
25615,1693227608277,1692255344048,1692255344052,1693227608287,10,4,6
25616,1693227608287,1692255344058,1692255344063,1693227608298,11,5,6
25617,1693227608298,1692255344069,1692255344073,1693227608308,10,4,6
25618,1693227608308,1692255344080,1692255344084,1693227608319,11,4,7
25619,1693227608319,1692255344090,1692255344097,1693227608332,13,7,6
25620,1693227608332,1692255344107,1692255344112,1693227608347,15,5,10
25621,1693227608347,1692255344118,1692255344123,1693227608357,10,5,5
25622,1693227608358,1692255344128,1692255344134,1693227608371,13,6,7
25623,1693227608371,1692255344142,1692255344147,1693227608381,10,5,5
25624,1693227608381,1692255344153,1692255344158,1693227608393,12,5,7
25625,1693227608393,1692255344164,1692255344168,1693227608403,10,4,6
25626,1693227608403,1692255344174,1692255344178,1693227608413,10,4,6
25627,1693227608413,1692255344185,1692255344190,1693227608424,11,5,6
25628,1693227608424,1692255344195,1692255344199,1693227608434,10,4,6
25629,1693227608434,1692255344205,1692255344210,1693227608445,11,5,6
25630,1693227608445,1692255344215,1692255344220,1693227608455,10,5,5
25631,1693227608455,1692255344226,1692255344231,1693227608466,11,5,6
25632,1693227608466,1692255344238,1692255344242,1693227608477,11,4,7
25633,1693227608477,1692255344248,1692255344252,1693227608487,10,4,6
25634,1693227608487,1692255344258,1692255344264,1693227608499,12,6,6
25635,1693227608499,1692255344270,1692255344275,1693227608510,11,5,6
25636,1693227608510,1692255344281,1692255344285,1693227608519,9,4,5
25637,1693227608519,1692255344291,1692255344296,1693227608530,11,5,6
25638,1693227608530,1692255344301,1692255344306,1693227608541,11,5,6
25639,1693227608541,1692255344312,1692255344317,1693227608552,11,5,6
25640,1693227608552,1692255344324,1692255344329,1693227608564,12,5,7
25641,1693227608564,1692255344343,1692255344348,1693227608582,18,5,13
25642,1693227608582,1692255344354,1692255344358,1693227608593,11,4,7
25643,1693227608593,1692255344364,1692255344369,1693227608604,11,5,6
25644,1693227608604,1692255344375,1692255344381,1693227608616,12,6,6
25645,1693227608616,1692255344386,1692255344391,1693227608626,10,5,5
25646,1693227608626,1692255344398,1692255344402,1693227608637,11,4,7
25647,1693227608637,1692255344408,1692255344413,1693227608648,11,5,6
25648,1693227608648,1692255344419,1692255344424,1693227608659,11,5,6
25649,1693227608659,1692255344430,1692255344435,1693227608670,11,5,6
25650,1693227608670,1692255344441,1692255344445,1693227608680,10,4,6
25651,1693227608680,1692255344451,1692255344456,1693227608690,10,5,5
25652,1693227608690,1692255344462,1692255344467,1693227608704,14,5,9
25653,1693227608704,1692255344475,1692255344479,1693227608714,10,4,6
25654,1693227608714,1692255344486,1692255344491,1693227608726,12,5,7
25655,1693227608726,1692255344497,1692255344502,1693227608737,11,5,6
25656,1693227608737,1692255344508,1692255344515,1693227608750,13,7,6
25657,1693227608750,1692255344521,1692255344525,1693227608761,11,4,7
25658,1693227608761,1692255344534,1692255344539,1693227608774,13,5,8
25659,1693227608774,1692255344546,1692255344551,1693227608786,12,5,7
25660,1693227608786,1692255344563,1692255344567,1693227608802,16,4,12
25661,1693227608802,1692255344576,1692255344581,1693227608816,14,5,9
25662,1693227608816,1692255344587,1692255344592,1693227608827,11,5,6
25663,1693227608827,1692255344598,1692255344604,1693227608839,12,6,6
25664,1693227608839,1692255344610,1692255344615,1693227608849,10,5,5
25665,1693227608850,1692255344621,1692255344625,1693227608860,10,4,6
25666,1693227608860,1692255344631,1692255344636,1693227608870,10,5,5
25667,1693227608870,1692255344641,1692255344646,1693227608883,13,5,8
25668,1693227608883,1692255344654,1692255344659,1693227608893,10,5,5
25669,1693227608893,1692255344665,1692255344669,1693227608904,11,4,7
25670,1693227608904,1692255344675,1692255344680,1693227608915,11,5,6
25671,1693227608915,1692255344686,1692255344691,1693227608925,10,5,5
25672,1693227608925,1692255344698,1692255344703,1693227608938,13,5,8
25673,1693227608938,1692255344709,1692255344713,1693227608948,10,4,6
25674,1693227608948,1692255344720,1692255344725,1693227608960,12,5,7
25675,1693227608960,1692255344731,1692255344736,1693227608971,11,5,6
25676,1693227608971,1692255344743,1692255344748,1693227608987,16,5,11
25677,1693227608987,1692255344758,1692255344763,1693227608998,11,5,6
25678,1693227608998,1692255344770,1692255344775,1693227609011,13,5,8
25679,1693227609011,1692255344781,1692255344786,1693227609021,10,5,5
25680,1693227609021,1692255344792,1692255344797,1693227609032,11,5,6
25681,1693227609032,1692255344803,1692255344808,1693227609042,10,5,5
25682,1693227609042,1692255344813,1692255344818,1693227609052,10,5,5
25683,1693227609052,1692255344824,1692255344828,1693227609063,11,4,7
25684,1693227609063,1692255344834,1692255344839,1693227609073,10,5,5
25685,1693227609073,1692255344845,1692255344850,1693227609087,14,5,9
25686,1693227609087,1692255344859,1692255344864,1693227609098,11,5,6
25687,1693227609099,1692255344869,1692255344874,1693227609109,10,5,5
25688,1693227609109,1692255344883,1692255344887,1693227609122,13,4,9
25689,1693227609122,1692255344893,1692255344898,1693227609132,10,5,5
25690,1693227609133,1692255344904,1692255344908,1693227609144,11,4,7
25691,1693227609144,1692255344915,1692255344920,1693227609155,11,5,6
25692,1693227609155,1692255344926,1692255344931,1693227609165,10,5,5
25693,1693227609165,1692255344936,1692255344943,1693227609178,13,7,6
25694,1693227609178,1692255344950,1692255344954,1693227609190,12,4,8
25695,1693227609190,1692255344960,1692255344966,1693227609201,11,6,5
25696,1693227609201,1692255344972,1692255344977,1693227609211,10,5,5
25697,1693227609211,1692255344982,1692255344987,1693227609222,11,5,6
25698,1693227609222,1692255344993,1692255344998,1693227609233,11,5,6
25699,1693227609233,1692255345004,1692255345007,1693227609242,9,3,6
25700,1693227609242,1692255345017,1692255345021,1693227609255,13,4,9
25701,1693227609255,1692255345029,1692255345034,1693227609269,14,5,9
25702,1693227609269,1692255345040,1692255345045,1693227609280,11,5,6
25703,1693227609280,1692255345051,1692255345056,1693227609292,12,5,7
25704,1693227609292,1692255345063,1692255345067,1693227609302,10,4,6
25705,1693227609302,1692255345074,1692255345079,1693227609313,11,5,6
25706,1693227609313,1692255345088,1692255345094,1693227609329,16,6,10
25707,1693227609329,1692255345100,1692255345105,1693227609339,10,5,5
25708,1693227609339,1692255345111,1692255345116,1693227609352,13,5,8
25709,1693227609352,1692255345123,1692255345127,1693227609362,10,4,6
25710,1693227609362,1692255345133,1692255345138,1693227609373,11,5,6
25711,1693227609373,1692255345145,1692255345150,1693227609385,12,5,7
25712,1693227609385,1692255345156,1692255345161,1693227609396,11,5,6
25713,1693227609396,1692255345167,1692255345172,1693227609407,11,5,6
25714,1693227609407,1692255345178,1692255345183,1693227609418,11,5,6
25715,1693227609418,1692255345191,1692255345195,1693227609430,12,4,8
25716,1693227609430,1692255345201,1692255345206,1693227609441,11,5,6
25717,1693227609441,1692255345214,1692255345219,1693227609454,13,5,8
25718,1693227609454,1692255345225,1692255345230,1693227609465,11,5,6
25719,1693227609465,1692255345236,1692255345242,1693227609476,11,6,5
25720,1693227609476,1692255345248,1692255345253,1693227609488,12,5,7
25721,1693227609488,1692255345259,1692255345265,1693227609500,12,6,6
25722,1693227609500,1692255345271,1692255345276,1693227609511,11,5,6
25723,1693227609511,1692255345282,1692255345287,1693227609522,11,5,6
25724,1693227609522,1692255345293,1692255345299,1693227609533,11,6,5
25725,1693227609533,1692255345304,1692255345309,1693227609544,11,5,6
25726,1693227609544,1692255345315,1692255345320,1693227609554,10,5,5
25727,1693227609554,1692255345325,1692255345329,1693227609564,10,4,6
25728,1693227609564,1692255345335,1692255345340,1693227609575,11,5,6
25729,1693227609575,1692255345346,1692255345351,1693227609585,10,5,5
25730,1693227609585,1692255345356,1692255345364,1693227609599,14,8,6
25731,1693227609599,1692255345371,1692255345375,1693227609610,11,4,7
25732,1693227609610,1692255345381,1692255345386,1693227609621,11,5,6
25733,1693227609621,1692255345393,1692255345398,1693227609633,12,5,7
25734,1693227609633,1692255345403,1692255345408,1693227609670,37,5,32
25735,1693227609670,1692255345458,1692255345463,1693227609699,29,5,24
25736,1693227609699,1692255345473,1692255345478,1693227609713,14,5,9
25737,1693227609713,1692255345484,1692255345489,1693227609723,10,5,5
25738,1693227609723,1692255345494,1692255345499,1693227609734,11,5,6
25739,1693227609734,1692255345507,1692255345517,1693227609752,18,10,8
25740,1693227609752,1692255345523,1692255345528,1693227609763,11,5,6
25741,1693227609763,1692255345535,1692255345540,1693227609775,12,5,7
25742,1693227609775,1692255345546,1692255345551,1693227609786,11,5,6
25743,1693227609786,1692255345557,1692255345562,1693227609797,11,5,6
25744,1693227609797,1692255345568,1692255345574,1693227609809,12,6,6
25745,1693227609809,1692255345587,1692255345592,1693227609851,42,5,37
25746,1693227609851,1692255345622,1692255345628,1693227609862,11,6,5
25747,1693227609863,1692255345634,1692255345638,1693227609873,10,4,6
25748,1693227609873,1692255345644,1692255345650,1693227609903,30,6,24
25749,1693227609903,1692255345676,1692255345681,1693227609916,13,5,8
25750,1693227609916,1692255345687,1692255345691,1693227609927,11,4,7
25751,1693227609927,1692255345698,1692255345702,1693227609937,10,4,6
25752,1693227609937,1692255345708,1692255345713,1693227609948,11,5,6
25753,1693227609948,1692255345719,1692255345724,1693227609959,11,5,6
25754,1693227609959,1692255345731,1692255345735,1693227609970,11,4,7
25755,1693227609970,1692255345754,1692255345759,1693227609994,24,5,19
25756,1693227609994,1692255345766,1692255345771,1693227610010,16,5,11
25757,1693227610010,1692255345784,1692255345793,1693227610028,18,9,9
25758,1693227610028,1692255345807,1692255345812,1693227610047,19,5,14
25759,1693227610047,1692255345819,1692255345824,1693227610059,12,5,7
25760,1693227610059,1692255345830,1692255345836,1693227610071,12,6,6
25761,1693227610071,1692255345843,1692255345847,1693227610082,11,4,7
25762,1693227610082,1692255345853,1692255345858,1693227610093,11,5,6
25763,1693227613112,1692255348883,1692255348886,1693227613121,9,3,6
25764,1693227613121,1692255348891,1692255348895,1693227613129,8,4,4
25765,1693227613129,1692255348899,1692255348903,1693227613138,9,4,5
25766,1693227613138,1692255348908,1692255348912,1693227613147,9,4,5
25767,1693227613147,1692255348924,1692255348928,1693227613162,15,4,11
25768,1693227613162,1692255348932,1692255348935,1693227613169,7,3,4
25769,1693227613169,1692255348939,1692255348943,1693227613177,8,4,4
25770,1693227613177,1692255348948,1692255348951,1693227613186,9,3,6
25771,1693227613186,1692255348956,1692255348958,1693227613192,6,2,4
25772,1693227613192,1692255348962,1692255348966,1693227613200,8,4,4
25773,1693227613200,1692255348970,1692255348973,1693227613208,8,3,5
25774,1693227613208,1692255348978,1692255348982,1693227613216,8,4,4
25775,1693227613216,1692255348986,1692255348989,1693227613223,7,3,4
25776,1693227613223,1692255348993,1692255348996,1693227613230,7,3,4
25777,1693227613230,1692255349000,1692255349003,1693227613237,7,3,4
25778,1693227613237,1692255349007,1692255349009,1693227613244,7,2,5
25779,1693227613244,1692255349013,1692255349016,1693227613250,6,3,3
25780,1693227613250,1692255349020,1692255349023,1693227613257,7,3,4
25781,1693227613257,1692255349029,1692255349033,1693227613267,10,4,6
25782,1693227613267,1692255349042,1692255349045,1693227613280,13,3,10
25783,1693227613280,1692255349050,1692255349053,1693227613287,7,3,4
25784,1693227613287,1692255349057,1692255349060,1693227613295,8,3,5
25785,1693227613295,1692255349064,1692255349067,1693227613302,7,3,4
25786,1693227613302,1692255349072,1692255349076,1693227613311,9,4,5
25787,1693227613311,1692255349081,1692255349084,1693227613318,7,3,4
25788,1693227613318,1692255349088,1692255349092,1693227613326,8,4,4
25789,1693227613326,1692255349096,1692255349098,1693227613333,7,2,5
25790,1693227613333,1692255349103,1692255349106,1693227613340,7,3,4
25791,1693227613341,1692255349111,1692255349114,1693227613349,8,3,5
25792,1693227613349,1692255349119,1692255349122,1693227613356,7,3,4
25793,1693227613356,1692255349126,1692255349130,1693227613364,8,4,4
25794,1693227613364,1692255349134,1692255349136,1693227613371,7,2,5
25795,1693227613371,1692255349141,1692255349144,1693227613378,7,3,4
25796,1693227613378,1692255349148,1692255349151,1693227613388,10,3,7
25797,1693227613388,1692255349158,1692255349161,1693227613396,8,3,5
25798,1693227613396,1692255349165,1692255349168,1693227613402,6,3,3
25799,1693227613402,1692255349172,1692255349175,1693227613409,7,3,4
25800,1693227613409,1692255349179,1692255349183,1693227613417,8,4,4
25801,1693227613417,1692255349187,1692255349190,1693227613425,8,3,5
25802,1693227613425,1692255349195,1692255349198,1693227613432,7,3,4
25803,1693227613432,1692255349202,1692255349206,1693227613440,8,4,4
25804,1693227613440,1692255349210,1692255349214,1693227613449,9,4,5
25805,1693227613449,1692255349219,1692255349222,1693227613456,7,3,4
25806,1693227613456,1692255349227,1692255349230,1693227613465,9,3,6
25807,1693227613465,1692255349235,1692255349238,1693227613473,8,3,5
25808,1693227613473,1692255349243,1692255349247,1693227613483,10,4,6
25809,1693227613483,1692255349253,1692255349256,1693227613491,8,3,5
25810,1693227613491,1692255349264,1692255349267,1693227613502,11,3,8
25811,1693227613502,1692255349274,1692255349277,1693227613512,10,3,7
25812,1693227613512,1692255349282,1692255349285,1693227613522,10,3,7
25813,1693227613522,1692255349303,1692255349306,1693227613549,27,3,24
25814,1693227613550,1692255349320,1692255349323,1693227613557,7,3,4
25815,1693227613557,1692255349329,1692255349332,1693227613566,9,3,6
25816,1693227613566,1692255349336,1692255349339,1693227613574,8,3,5
25817,1693227613574,1692255349344,1692255349347,1693227613583,9,3,6
25818,1693227613583,1692255349354,1692255349357,1693227613594,11,3,8
25819,1693227613594,1692255349364,1692255349368,1693227613602,8,4,4
25820,1693227613602,1692255349373,1692255349377,1693227613611,9,4,5
25821,1693227613611,1692255349381,1692255349384,1693227613618,7,3,4
25822,1693227613618,1692255349388,1692255349391,1693227613626,8,3,5
25823,1693227613626,1692255349395,1692255349399,1693227613634,8,4,4
25824,1693227613634,1692255349404,1692255349407,1693227613641,7,3,4
25825,1693227613641,1692255349411,1692255349414,1693227613648,7,3,4
25826,1693227613648,1692255349418,1692255349421,1693227613655,7,3,4
25827,1693227613655,1692255349425,1692255349428,1693227613663,8,3,5
25828,1693227613663,1692255349433,1692255349436,1693227613671,8,3,5
25829,1693227613671,1692255349441,1692255349444,1693227613678,7,3,4
25830,1693227613679,1692255349449,1692255349452,1693227613686,7,3,4
25831,1693227613686,1692255349456,1692255349459,1693227613695,9,3,6
25832,1693227613695,1692255349466,1692255349469,1693227613703,8,3,5
25833,1693227613703,1692255349474,1692255349477,1693227613711,8,3,5
25834,1693227613711,1692255349481,1692255349484,1693227613718,7,3,4
25835,1693227613718,1692255349489,1692255349492,1693227613727,9,3,6
25836,1693227613727,1692255349497,1692255349501,1693227613735,8,4,4
25837,1693227613736,1692255349505,1692255349508,1693227613742,6,3,3
25838,1693227613742,1692255349512,1692255349516,1693227613750,8,4,4
25839,1693227613750,1692255349520,1692255349525,1693227613759,9,5,4
25840,1693227613759,1692255349529,1692255349532,1693227613767,8,3,5
25841,1693227613767,1692255349537,1692255349540,1693227613774,7,3,4
25842,1693227613774,1692255349544,1692255349547,1693227613782,8,3,5
25843,1693227613782,1692255349551,1692255349555,1693227613789,7,4,3
25844,1693227613789,1692255349559,1692255349562,1693227613798,9,3,6
25845,1693227613798,1692255349568,1692255349571,1693227613806,8,3,5
25846,1693227613806,1692255349576,1692255349579,1693227613813,7,3,4
25847,1693227613813,1692255349583,1692255349586,1693227613820,7,3,4
25848,1693227613820,1692255349590,1692255349594,1693227613829,9,4,5
25849,1693227613829,1692255349599,1692255349602,1693227613837,8,3,5
25850,1693227613837,1692255349607,1692255349610,1693227613845,8,3,5
25851,1693227613845,1692255349615,1692255349617,1693227613852,7,2,5
25852,1693227613852,1692255349621,1692255349625,1693227613859,7,4,3
25853,1693227613859,1692255349629,1692255349632,1693227613867,8,3,5
25854,1693227613867,1692255349637,1692255349640,1693227613874,7,3,4
25855,1693227613874,1692255349645,1692255349648,1693227613883,9,3,6
25856,1693227613883,1692255349653,1692255349656,1693227613890,7,3,4
25857,1693227613890,1692255349660,1692255349663,1693227613900,10,3,7
25858,1693227613900,1692255349670,1692255349673,1693227613907,7,3,4
25859,1693227613907,1692255349677,1692255349681,1693227613915,8,4,4
25860,1693227613916,1692255349685,1692255349688,1693227613922,6,3,3
25861,1693227613923,1692255349693,1692255349696,1693227613930,7,3,4
25862,1693227613930,1692255349700,1692255349704,1693227613938,8,4,4
25863,1693227613938,1692255349708,1692255349712,1693227613946,8,4,4
25864,1693227613946,1692255349716,1692255349719,1693227613953,7,3,4
25865,1693227613953,1692255349723,1692255349727,1693227613961,8,4,4
25866,1693227613961,1692255349731,1692255349734,1693227613968,7,3,4
25867,1693227613968,1692255349738,1692255349741,1693227613975,7,3,4
25868,1693227613975,1692255349745,1692255349748,1693227613982,7,3,4
25869,1693227613982,1692255349752,1692255349757,1693227613991,9,5,4
25870,1693227613991,1692255349761,1692255349764,1693227613999,8,3,5
25871,1693227613999,1692255349770,1692255349774,1693227614009,10,4,6
25872,1693227614009,1692255349779,1692255349782,1693227614016,7,3,4
25873,1693227614016,1692255349786,1692255349789,1693227614024,8,3,5
25874,1693227614024,1692255349794,1692255349797,1693227614031,7,3,4
25875,1693227614031,1692255349802,1692255349804,1693227614039,8,2,6
25876,1693227614039,1692255349809,1692255349813,1693227614048,9,4,5
25877,1693227614048,1692255349818,1692255349822,1693227614056,8,4,4
25878,1693227614056,1692255349826,1692255349829,1693227614064,8,3,5
25879,1693227614064,1692255349834,1692255349837,1693227614072,8,3,5
25880,1693227614072,1692255349841,1692255349844,1693227614078,6,3,3
25881,1693227614078,1692255349849,1692255349852,1693227614086,8,3,5
25882,1693227614086,1692255349856,1692255349859,1693227614094,8,3,5
25883,1693227614094,1692255349863,1692255349867,1693227614101,7,4,3
25884,1693227614101,1692255349875,1692255349878,1693227614112,11,3,8
25885,1693227614112,1692255349882,1692255349885,1693227614120,8,3,5
25886,1693227614120,1692255349890,1692255349893,1693227614128,8,3,5
25887,1693227614128,1692255349898,1692255349902,1693227614136,8,4,4
25888,1693227614136,1692255349907,1692255349910,1693227614145,9,3,6
25889,1693227614145,1692255349915,1692255349918,1693227614152,7,3,4
25890,1693227614152,1692255349922,1692255349926,1693227614161,9,4,5
25891,1693227614161,1692255349931,1692255349934,1693227614169,8,3,5
25892,1693227614169,1692255349938,1692255349941,1693227614176,7,3,4
25893,1693227614176,1692255349946,1692255349949,1693227614183,7,3,4
25894,1693227614183,1692255349953,1692255349957,1693227614191,8,4,4
25895,1693227614191,1692255349961,1692255349964,1693227614199,8,3,5
25896,1693227614199,1692255349968,1692255349972,1693227614207,8,4,4
25897,1693227614207,1692255349978,1692255349981,1693227614215,8,3,5
25898,1693227614215,1692255349985,1692255349989,1693227614223,8,4,4
25899,1693227614223,1692255349993,1692255349996,1693227614231,8,3,5
25900,1693227614231,1692255350002,1692255350005,1693227614240,9,3,6
25901,1693227614240,1692255350010,1692255350013,1693227614247,7,3,4
25902,1693227614247,1692255350017,1692255350020,1693227614255,8,3,5
25903,1693227614255,1692255350025,1692255350028,1693227614262,7,3,4
25904,1693227614262,1692255350032,1692255350035,1693227614269,7,3,4
25905,1693227614269,1692255350039,1692255350043,1693227614278,9,4,5
25906,1693227614278,1692255350048,1692255350051,1693227614285,7,3,4
25907,1693227614285,1692255350055,1692255350058,1693227614293,8,3,5
25908,1693227614293,1692255350063,1692255350066,1693227614300,7,3,4
25909,1693227614300,1692255350070,1692255350074,1693227614310,10,4,6
25910,1693227614310,1692255350080,1692255350083,1693227614318,8,3,5
25911,1693227614318,1692255350088,1692255350091,1693227614329,11,3,8
25912,1693227614329,1692255350099,1692255350102,1693227614337,8,3,5
25913,1693227614337,1692255350106,1692255350110,1693227614345,8,4,4
25914,1693227614345,1692255350115,1692255350118,1693227614353,8,3,5
25915,1693227614353,1692255350122,1692255350125,1693227614360,7,3,4
25916,1693227614360,1692255350130,1692255350133,1693227614368,8,3,5
25917,1693227614368,1692255350138,1692255350141,1693227614375,7,3,4
25918,1693227614375,1692255350147,1692255350151,1693227614386,11,4,7
25919,1693227614386,1692255350156,1692255350159,1693227614397,11,3,8
25920,1693227614397,1692255350167,1692255350170,1693227614404,7,3,4
25921,1693227614404,1692255350175,1692255350178,1693227614413,9,3,6
25922,1693227614413,1692255350183,1692255350186,1693227614421,8,3,5
25923,1693227614421,1692255350190,1692255350193,1693227614429,8,3,5
25924,1693227614429,1692255350199,1692255350203,1693227614438,9,4,5
25925,1693227614438,1692255350208,1692255350211,1693227614446,8,3,5
25926,1693227614446,1692255350217,1692255350220,1693227614457,11,3,8
25927,1693227614457,1692255350227,1692255350231,1693227614465,8,4,4
25928,1693227614465,1692255350235,1692255350239,1693227614473,8,4,4
25929,1693227614473,1692255350243,1692255350246,1693227614481,8,3,5
25930,1693227614481,1692255350251,1692255350254,1693227614489,8,3,5
25931,1693227614489,1692255350262,1692255350266,1693227614500,11,4,7
25932,1693227614500,1692255350270,1692255350273,1693227614508,8,3,5
25933,1693227614508,1692255350278,1692255350282,1693227614516,8,4,4
25934,1693227614516,1692255350286,1692255350289,1693227614524,8,3,5
25935,1693227614524,1692255350294,1692255350296,1693227614531,7,2,5
25936,1693227614531,1692255350301,1692255350305,1693227614540,9,4,5
25937,1693227614540,1692255350309,1692255350313,1693227614548,8,4,4
25938,1693227614548,1692255350317,1692255350321,1693227614555,7,4,3
25939,1693227614555,1692255350325,1692255350329,1693227614563,8,4,4
25940,1693227614563,1692255350334,1692255350337,1693227614572,9,3,6
25941,1693227614572,1692255350342,1692255350345,1693227614580,8,3,5
25942,1693227614580,1692255350352,1692255350355,1693227614589,9,3,6
25943,1693227614589,1692255350359,1692255350362,1693227614597,8,3,5
25944,1693227614597,1692255350366,1692255350372,1693227614606,9,6,3
25945,1693227614606,1692255350376,1692255350379,1693227614614,8,3,5
25946,1693227614614,1692255350385,1692255350389,1693227614623,9,4,5
25947,1693227614623,1692255350398,1692255350401,1693227614636,13,3,10
25948,1693227614636,1692255350406,1692255350409,1693227614643,7,3,4
25949,1693227614643,1692255350414,1692255350420,1693227614655,12,6,6
25950,1693227614655,1692255350425,1692255350429,1693227614663,8,4,4
25951,1693227614663,1692255350432,1692255350435,1693227614670,7,3,4
25952,1693227614670,1692255350440,1692255350442,1693227614677,7,2,5
25953,1693227614677,1692255350447,1692255350450,1693227614685,8,3,5
25954,1693227614685,1692255350455,1692255350458,1693227614692,7,3,4
25955,1693227614693,1692255350463,1692255350466,1693227614701,8,3,5
25956,1693227614701,1692255350471,1692255350475,1693227614709,8,4,4
25957,1693227614709,1692255350479,1692255350482,1693227614716,7,3,4
25958,1693227614717,1692255350487,1692255350491,1693227614725,8,4,4
25959,1693227614726,1692255350496,1692255350499,1693227614734,8,3,5
25960,1693227614734,1692255350504,1692255350507,1693227614741,7,3,4
25961,1693227614741,1692255350512,1692255350515,1693227614749,8,3,5
25962,1693227614749,1692255350519,1692255350522,1693227614757,8,3,5
25963,1693227614757,1692255350527,1692255350530,1693227614764,7,3,4
25964,1693227614764,1692255350534,1692255350538,1693227614773,9,4,5
25965,1693227614773,1692255350543,1692255350546,1693227614781,8,3,5
25966,1693227614781,1692255350550,1692255350553,1693227614788,7,3,4
25967,1693227614788,1692255350557,1692255350560,1693227614795,7,3,4
25968,1693227614795,1692255350566,1692255350569,1693227614804,9,3,6
25969,1693227614804,1692255350574,1692255350577,1693227614812,8,3,5
25970,1693227614812,1692255350582,1692255350585,1693227614822,10,3,7
25971,1693227614822,1692255350592,1692255350595,1693227614829,7,3,4
25972,1693227614829,1692255350600,1692255350603,1693227614837,8,3,5
25973,1693227614837,1692255350607,1692255350609,1693227614843,6,2,4
25974,1693227614843,1692255350613,1692255350617,1693227614851,8,4,4
25975,1693227614851,1692255350621,1692255350624,1693227614859,8,3,5
25976,1693227614859,1692255350629,1692255350631,1693227614866,7,2,5
25977,1693227614866,1692255350635,1692255350639,1693227614873,7,4,3
25978,1693227614873,1692255350643,1692255350647,1693227614881,8,4,4
25979,1693227614881,1692255350651,1692255350654,1693227614889,8,3,5
25980,1693227614889,1692255350659,1692255350662,1693227614897,8,3,5
25981,1693227614897,1692255350668,1692255350671,1693227614905,8,3,5
25982,1693227614906,1692255350676,1692255350679,1693227614914,8,3,5
25983,1693227614914,1692255350683,1692255350686,1693227614920,6,3,3
25984,1693227614920,1692255350692,1692255350696,1693227614930,10,4,6
25985,1693227614930,1692255350700,1692255350703,1693227614937,7,3,4
25986,1693227614937,1692255350707,1692255350711,1693227614946,9,4,5
25987,1693227614946,1692255350716,1692255350720,1693227614955,9,4,5
25988,1693227614955,1692255350724,1692255350727,1693227614961,6,3,3
25989,1693227614961,1692255350731,1692255350734,1693227614969,8,3,5
25990,1693227614969,1692255350739,1692255350742,1693227614976,7,3,4
25991,1693227614976,1692255350746,1692255350750,1693227614984,8,4,4
25992,1693227614984,1692255350755,1692255350758,1693227614992,8,3,5
25993,1693227614992,1692255350762,1692255350765,1693227614999,7,3,4
25994,1693227614999,1692255350770,1692255350773,1693227615008,9,3,6
25995,1693227615008,1692255350779,1692255350783,1693227615018,10,4,6
25996,1693227615018,1692255350788,1692255350790,1693227615026,8,2,6
25997,1693227615026,1692255350796,1692255350800,1693227615034,8,4,4
25998,1693227615034,1692255350804,1692255350807,1693227615041,7,3,4
25999,1693227615041,1692255350812,1692255350815,1693227615049,8,3,5
26000,1693227615049,1692255350820,1692255350823,1693227615057,8,3,5
26001,1693227615057,1692255350827,1692255350832,1693227615066,9,5,4
26002,1693227615066,1692255350836,1692255350839,1693227615074,8,3,5
26003,1693227615074,1692255350843,1692255350847,1693227615081,7,4,3
26004,1693227615081,1692255350852,1692255350856,1693227615090,9,4,5
26005,1693227615090,1692255350860,1692255350863,1693227615097,7,3,4
26006,1693227615098,1692255350867,1692255350870,1693227615104,6,3,3
26007,1693227615104,1692255350874,1692255350878,1693227615112,8,4,4
26008,1693227615112,1692255350882,1692255350885,1693227615119,7,3,4
26009,1693227615119,1692255350889,1692255350893,1693227615130,11,4,7
26010,1693227615130,1692255350900,1692255350903,1693227615137,7,3,4
26011,1693227615137,1692255350907,1692255350910,1693227615144,7,3,4
26012,1693227615145,1692255350914,1692255350918,1693227615152,7,4,3
26013,1693227615152,1692255350921,1692255350924,1693227615159,7,3,4
26014,1693227615159,1692255350929,1692255350933,1693227615167,8,4,4
26015,1693227615167,1692255350937,1692255350940,1693227615175,8,3,5
26016,1693227615175,1692255350945,1692255350948,1693227615184,9,3,6
26017,1693227615184,1692255350954,1692255350958,1693227615192,8,4,4
26018,1693227615192,1692255350961,1692255350964,1693227615198,6,3,3
26019,1693227615198,1692255350969,1692255350972,1693227615206,8,3,5
26020,1693227615207,1692255350977,1692255350980,1693227615215,8,3,5
26021,1693227615215,1692255350985,1692255350988,1693227615222,7,3,4
26022,1693227615222,1692255350993,1692255350996,1693227615231,9,3,6
26023,1693227615231,1692255351001,1692255351006,1693227615241,10,5,5
26024,1693227615241,1692255351010,1692255351013,1693227615248,7,3,4
26025,1693227615248,1692255351018,1692255351021,1693227615256,8,3,5
26026,1693227615256,1692255351026,1692255351031,1693227615266,10,5,5
26027,1693227615266,1692255351036,1692255351039,1693227615274,8,3,5
26028,1693227615274,1692255351044,1692255351047,1693227615285,11,3,8
26029,1693227615285,1692255351055,1692255351057,1693227615292,7,2,5
26030,1693227615292,1692255351062,1692255351065,1693227615299,7,3,4
26031,1693227615299,1692255351069,1692255351072,1693227615307,8,3,5
26032,1693227615307,1692255351078,1692255351081,1693227615316,9,3,6
26033,1693227615316,1692255351086,1692255351089,1693227615324,8,3,5
26034,1693227615324,1692255351093,1692255351097,1693227615334,10,4,6
26035,1693227615334,1692255351104,1692255351107,1693227615342,8,3,5
26036,1693227615342,1692255351112,1692255351116,1693227615351,9,4,5
26037,1693227615351,1692255351121,1692255351124,1693227615358,7,3,4
26038,1693227615358,1692255351129,1692255351132,1693227615367,9,3,6
26039,1693227615367,1692255351137,1692255351140,1693227615374,7,3,4
26040,1693227615374,1692255351145,1692255351148,1693227615383,9,3,6
26041,1693227615383,1692255351153,1692255351156,1693227615390,7,3,4
26042,1693227615390,1692255351161,1692255351163,1693227615398,8,2,6
26043,1693227615398,1692255351167,1692255351170,1693227615405,7,3,4
26044,1693227615405,1692255351175,1692255351178,1693227615412,7,3,4
26045,1693227615412,1692255351183,1692255351186,1693227615421,9,3,6
26046,1693227615421,1692255351191,1692255351194,1693227615428,7,3,4
26047,1693227615429,1692255351199,1692255351202,1693227615436,7,3,4
26048,1693227615436,1692255351206,1692255351210,1693227615444,8,4,4
26049,1693227615444,1692255351213,1692255351216,1693227615451,7,3,4
26050,1693227615451,1692255351221,1692255351224,1693227615458,7,3,4
26051,1693227615458,1692255351231,1692255351234,1693227615468,10,3,7
26052,1693227615468,1692255351238,1692255351241,1693227615476,8,3,5
26053,1693227615476,1692255351246,1692255351249,1693227615483,7,3,4
26054,1693227615483,1692255351253,1692255351255,1693227615490,7,2,5
26055,1693227615490,1692255351260,1692255351262,1693227615496,6,2,4
26056,1693227615496,1692255351266,1692255351269,1693227615503,7,3,4
26057,1693227615503,1692255351273,1692255351276,1693227615510,7,3,4
26058,1693227615510,1692255351280,1692255351283,1693227615517,7,3,4
26059,1693227615517,1692255351287,1692255351290,1693227615525,8,3,5
26060,1693227615525,1692255351295,1692255351300,1693227615534,9,5,4
26061,1693227615534,1692255351306,1692255351310,1693227615545,11,4,7
26062,1693227615545,1692255351315,1692255351318,1693227615553,8,3,5
26063,1693227615553,1692255351323,1692255351326,1693227615560,7,3,4
26064,1693227615560,1692255351330,1692255351332,1693227615567,7,2,5
26065,1693227615567,1692255351337,1692255351340,1693227615575,8,3,5
26066,1693227615575,1692255351345,1692255351347,1693227615582,7,2,5
26067,1693227615582,1692255351352,1692255351355,1693227615590,8,3,5
26068,1693227615590,1692255351360,1692255351363,1693227615598,8,3,5
26069,1693227615598,1692255351368,1692255351370,1693227615605,7,2,5
26070,1693227615605,1692255351374,1692255351377,1693227615612,7,3,4
26071,1693227615612,1692255351382,1692255351384,1693227615618,6,2,4
26072,1693227615618,1692255351389,1692255351392,1693227615626,8,3,5
26073,1693227615626,1692255351397,1692255351400,1693227615635,9,3,6
26074,1693227615635,1692255351405,1692255351408,1693227615642,7,3,4
26075,1693227615642,1692255351411,1692255351415,1693227615649,7,4,3
26076,1693227615649,1692255351419,1692255351422,1693227615656,7,3,4
26077,1693227615656,1692255351426,1692255351431,1693227615665,9,5,4
26078,1693227615665,1692255351435,1692255351438,1693227615673,8,3,5
26079,1693227615673,1692255351443,1692255351446,1693227615680,7,3,4
26080,1693227615680,1692255351450,1692255351453,1693227615688,8,3,5
26081,1693227615688,1692255351458,1692255351461,1693227615696,8,3,5
26082,1693227615696,1692255351466,1692255351469,1693227615704,8,3,5
26083,1693227615704,1692255351481,1692255351484,1693227615720,16,3,13
26084,1693227615720,1692255351490,1692255351494,1693227615729,9,4,5
26085,1693227615729,1692255351502,1692255351505,1693227615740,11,3,8
26086,1693227615740,1692255351512,1692255351515,1693227615749,9,3,6
26087,1693227615749,1692255351522,1692255351526,1693227615761,12,4,8
26088,1693227615761,1692255351531,1692255351534,1693227615768,7,3,4
26089,1693227615768,1692255351538,1692255351542,1693227615776,8,4,4
26090,1693227615776,1692255351546,1692255351548,1693227615783,7,2,5
26091,1693227615783,1692255351553,1692255351560,1693227615794,11,7,4
26092,1693227615794,1692255351564,1692255351567,1693227615802,8,3,5
26093,1693227615802,1692255351572,1692255351574,1693227615808,6,2,4
26094,1693227615809,1692255351579,1692255351582,1693227615816,7,3,4
26095,1693227615816,1692255351586,1692255351589,1693227615823,7,3,4
26096,1693227615823,1692255351593,1692255351598,1693227615832,9,5,4
26097,1693227615832,1692255351603,1692255351608,1693227615842,10,5,5
26098,1693227615843,1692255351614,1692255351617,1693227615852,9,3,6
26099,1693227615852,1692255351622,1692255351625,1693227615868,16,3,13
26100,1693227615868,1692255351638,1692255351642,1693227615876,8,4,4
26101,1693227615876,1692255351646,1692255351649,1693227615884,8,3,5
26102,1693227615884,1692255351654,1692255351657,1693227615894,10,3,7
26103,1693227615894,1692255351664,1692255351667,1693227615901,7,3,4
26104,1693227615901,1692255351675,1692255351678,1693227615914,13,3,10
26105,1693227615914,1692255351684,1692255351687,1693227615922,8,3,5
26106,1693227615922,1692255351692,1692255351695,1693227615929,7,3,4
26107,1693227615929,1692255351700,1692255351703,1693227615938,9,3,6
26108,1693227615938,1692255351708,1692255351712,1693227615948,10,4,6
26109,1693227615948,1692255351719,1692255351722,1693227615956,8,3,5
26110,1693227615956,1692255351727,1692255351730,1693227615965,9,3,6
26111,1693227615965,1692255351735,1692255351739,1693227615973,8,4,4
26112,1693227615973,1692255351743,1692255351746,1693227615980,7,3,4
26113,1693227615980,1692255351750,1692255351755,1693227615990,10,5,5
26114,1693227615990,1692255351760,1692255351764,1693227615998,8,4,4
26115,1693227615998,1692255351768,1692255351771,1693227616006,8,3,5
26116,1693227616006,1692255351776,1692255351779,1693227616014,8,3,5
26117,1693227616014,1692255351783,1692255351787,1693227616021,7,4,3
26118,1693227616021,1692255351791,1692255351795,1693227616029,8,4,4
26119,1693227616029,1692255351799,1692255351802,1693227616036,7,3,4
26120,1693227616036,1692255351806,1692255351809,1693227616045,9,3,6
26121,1693227616045,1692255351815,1692255351818,1693227616052,7,3,4
26122,1693227616052,1692255351823,1692255351827,1693227616067,15,4,11
26123,1693227616067,1692255351837,1692255351840,1693227616075,8,3,5
26124,1693227616075,1692255351845,1692255351848,1693227616083,8,3,5
26125,1693227616083,1692255351854,1692255351857,1693227616091,8,3,5
26126,1693227616091,1692255351860,1692255351864,1693227616100,9,4,5
26127,1693227616100,1692255351870,1692255351873,1693227616108,8,3,5
26128,1693227616108,1692255351878,1692255351882,1693227616116,8,4,4
26129,1693227616116,1692255351886,1692255351889,1693227616123,7,3,4
26130,1693227616123,1692255351894,1692255351897,1693227616133,10,3,7
26131,1693227616133,1692255351902,1692255351906,1693227616140,7,4,3
26132,1693227616140,1692255351911,1692255351915,1693227616149,9,4,5
26133,1693227616149,1692255351921,1692255351924,1693227616159,10,3,7
26134,1693227616159,1692255351929,1692255351933,1693227616168,9,4,5
26135,1693227616168,1692255351938,1692255351941,1693227616176,8,3,5
26136,1693227616176,1692255351946,1692255351949,1693227616183,7,3,4
26137,1693227616183,1692255351953,1692255351956,1693227616190,7,3,4
26138,1693227616190,1692255351961,1692255351964,1693227616199,9,3,6
26139,1693227616199,1692255351968,1692255351972,1693227616207,8,4,4
26140,1693227616207,1692255351977,1692255351980,1693227616214,7,3,4
26141,1693227616214,1692255351984,1692255351988,1693227616222,8,4,4
26142,1693227616222,1692255351992,1692255351996,1693227616230,8,4,4
26143,1693227616230,1692255352001,1692255352004,1693227616239,9,3,6
26144,1693227616239,1692255352010,1692255352013,1693227616247,8,3,5
26145,1693227616247,1692255352018,1692255352021,1693227616256,9,3,6
26146,1693227616256,1692255352025,1692255352029,1693227616263,7,4,3
26147,1693227616263,1692255352033,1692255352036,1693227616271,8,3,5
26148,1693227616271,1692255352041,1692255352047,1693227616281,10,6,4
26149,1693227616281,1692255352052,1692255352055,1693227616290,9,3,6
26150,1693227616290,1692255352060,1692255352063,1693227616298,8,3,5
26151,1693227616298,1692255352067,1692255352071,1693227616305,7,4,3
26152,1693227616305,1692255352075,1692255352079,1693227616313,8,4,4
26153,1693227616313,1692255352082,1692255352085,1693227616320,7,3,4
26154,1693227616320,1692255352090,1692255352092,1693227616327,7,2,5
26155,1693227616327,1692255352097,1692255352100,1693227616334,7,3,4
26156,1693227616334,1692255352105,1692255352108,1693227616342,8,3,5
26157,1693227616342,1692255352112,1692255352115,1693227616350,8,3,5
26158,1693227616350,1692255352120,1692255352123,1693227616358,8,3,5
26159,1693227616358,1692255352129,1692255352132,1693227616367,9,3,6
26160,1693227616367,1692255352137,1692255352140,1693227616374,7,3,4
26161,1693227616374,1692255352144,1692255352148,1693227616382,8,4,4
26162,1693227616382,1692255352152,1692255352155,1693227616390,8,3,5
26163,1693227616390,1692255352160,1692255352164,1693227616398,8,4,4
26164,1693227616398,1692255352169,1692255352172,1693227616406,8,3,5
26165,1693227616407,1692255352177,1692255352180,1693227616414,7,3,4
26166,1693227616414,1692255352184,1692255352187,1693227616422,8,3,5
26167,1693227616422,1692255352192,1692255352195,1693227616429,7,3,4
26168,1693227616429,1692255352200,1692255352203,1693227616438,9,3,6
26169,1693227616438,1692255352208,1692255352212,1693227616446,8,4,4
26170,1693227616446,1692255352216,1692255352221,1693227616455,9,5,4
26171,1693227616455,1692255352228,1692255352231,1693227616465,10,3,7
26172,1693227616465,1692255352235,1692255352238,1693227616472,7,3,4
26173,1693227616472,1692255352242,1692255352245,1693227616479,7,3,4
26174,1693227616479,1692255352249,1692255352252,1693227616487,8,3,5
26175,1693227616487,1692255352257,1692255352260,1693227616495,8,3,5
26176,1693227616495,1692255352266,1692255352269,1693227616503,8,3,5
26177,1693227616503,1692255352273,1692255352277,1693227616511,8,4,4
26178,1693227616511,1692255352280,1692255352283,1693227616517,6,3,3
26179,1693227616517,1692255352287,1692255352291,1693227616525,8,4,4
26180,1693227616525,1692255352297,1692255352301,1693227616535,10,4,6
26181,1693227616535,1692255352306,1692255352309,1693227616544,9,3,6
26182,1693227616544,1692255352314,1692255352316,1693227616551,7,2,5
26183,1693227616551,1692255352321,1692255352324,1693227616558,7,3,4
26184,1693227616558,1692255352330,1692255352333,1693227616568,10,3,7
26185,1693227616568,1692255352338,1692255352341,1693227616576,8,3,5
26186,1693227616576,1692255352346,1692255352348,1693227616583,7,2,5
26187,1693227616583,1692255352352,1692255352356,1693227616591,8,4,4
26188,1693227616591,1692255352361,1692255352364,1693227616599,8,3,5
26189,1693227616599,1692255352369,1692255352372,1693227616606,7,3,4
26190,1693227616606,1692255352376,1692255352379,1693227616614,8,3,5
26191,1693227616614,1692255352384,1692255352387,1693227616622,8,3,5
26192,1693227616622,1692255352391,1692255352395,1693227616629,7,4,3
26193,1693227616629,1692255352399,1692255352402,1693227616636,7,3,4
26194,1693227616636,1692255352406,1692255352410,1693227616644,8,4,4
26195,1693227616644,1692255352415,1692255352418,1693227616652,8,3,5
26196,1693227616652,1692255352423,1692255352426,1693227616660,8,3,5
26197,1693227616660,1692255352433,1692255352436,1693227616671,11,3,8
26198,1693227616671,1692255352441,1692255352445,1693227616679,8,4,4
26199,1693227616679,1692255352450,1692255352454,1693227616691,12,4,8
26200,1693227616691,1692255352461,1692255352466,1693227616707,16,5,11
26201,1693227616707,1692255352477,1692255352480,1693227616715,8,3,5
26202,1693227616715,1692255352485,1692255352489,1693227616727,12,4,8
26203,1693227616727,1692255352497,1692255352500,1693227616735,8,3,5
26204,1693227616735,1692255352509,1692255352512,1693227616746,11,3,8
26205,1693227616746,1692255352516,1692255352519,1693227616778,32,3,29
26206,1693227616779,1692255352549,1692255352552,1693227616786,7,3,4
26207,1693227616786,1692255352556,1692255352560,1693227616794,8,4,4
26208,1693227616794,1692255352564,1692255352567,1693227616801,7,3,4
26209,1693227616801,1692255352571,1692255352574,1693227616809,8,3,5
26210,1693227616809,1692255352579,1692255352583,1693227616818,9,4,5
26211,1693227616818,1692255352587,1692255352590,1693227616825,7,3,4
26212,1693227616825,1692255352596,1692255352599,1693227616834,9,3,6
26213,1693227616834,1692255352607,1692255352610,1693227616845,11,3,8
26214,1693227616845,1692255352615,1692255352618,1693227616853,8,3,5
26215,1693227616853,1692255352623,1692255352627,1693227616861,8,4,4
26216,1693227616861,1692255352631,1692255352634,1693227616869,8,3,5
26217,1693227616869,1692255352640,1692255352643,1693227616877,8,3,5
26218,1693227616877,1692255352649,1692255352652,1693227616886,9,3,6
26219,1693227616886,1692255352656,1692255352660,1693227616895,9,4,5
26220,1693227616895,1692255352664,1692255352667,1693227616902,7,3,4
26221,1693227616902,1692255352673,1692255352676,1693227616910,8,3,5
26222,1693227616910,1692255352680,1692255352682,1693227616917,7,2,5
26223,1693227616917,1692255352687,1692255352690,1693227616924,7,3,4
26224,1693227616924,1692255352694,1692255352698,1693227616933,9,4,5
26225,1693227616933,1692255352704,1692255352707,1693227616941,8,3,5
26226,1693227616941,1692255352712,1692255352715,1693227616950,9,3,6
26227,1693227616950,1692255352719,1692255352722,1693227616958,8,3,5
26228,1693227616958,1692255352729,1692255352732,1693227616966,8,3,5
26229,1693227616966,1692255352736,1692255352739,1693227616974,8,3,5
26230,1693227616974,1692255352744,1692255352748,1693227616982,8,4,4
26231,1693227616982,1692255352752,1692255352756,1693227616990,8,4,4
26232,1693227616990,1692255352767,1692255352770,1693227617006,16,3,13
26233,1693227617006,1692255352775,1692255352778,1693227617013,7,3,4
26234,1693227617013,1692255352786,1692255352789,1693227617024,11,3,8
26235,1693227617024,1692255352794,1692255352798,1693227617032,8,4,4
26236,1693227617032,1692255352802,1692255352804,1693227617039,7,2,5
26237,1693227617039,1692255352809,1692255352811,1693227617046,7,2,5
26238,1693227617046,1692255352816,1692255352819,1693227617053,7,3,4
26239,1693227617053,1692255352823,1692255352827,1693227617061,8,4,4
26240,1693227617061,1692255352836,1692255352839,1693227617074,13,3,10
26241,1693227617074,1692255352844,1692255352847,1693227617082,8,3,5
26242,1693227617082,1692255352852,1692255352855,1693227617090,8,3,5
26243,1693227617090,1692255352860,1692255352864,1693227617098,8,4,4
26244,1693227617098,1692255352868,1692255352873,1693227617107,9,5,4
26245,1693227617107,1692255352877,1692255352880,1693227617114,7,3,4
26246,1693227617114,1692255352884,1692255352887,1693227617122,8,3,5
26247,1693227617122,1692255352892,1692255352895,1693227617129,7,3,4
26248,1693227617129,1692255352898,1692255352902,1693227617136,7,4,3
26249,1693227617136,1692255352905,1692255352909,1693227617143,7,4,3
26250,1693227617143,1692255352913,1692255352916,1693227617150,7,3,4
26251,1693227617150,1692255352921,1692255352925,1693227617159,9,4,5
26252,1693227617159,1692255352929,1692255352932,1693227617166,7,3,4
26253,1693227617166,1692255352936,1692255352939,1693227617173,7,3,4
26254,1693227617174,1692255352945,1692255352948,1693227617182,8,3,5
26255,1693227617182,1692255352952,1692255352956,1693227617190,8,4,4
26256,1693227617190,1692255352960,1692255352963,1693227617198,8,3,5
26257,1693227617198,1692255352967,1692255352971,1693227617205,7,4,3
26258,1693227617205,1692255352975,1692255352979,1693227617213,8,4,4
26259,1693227617213,1692255352984,1692255352987,1693227617222,9,3,6
26260,1693227617222,1692255352993,1692255352996,1693227617230,8,3,5
26261,1693227617230,1692255353002,1692255353005,1693227617240,10,3,7
26262,1693227617240,1692255353010,1692255353014,1693227617248,8,4,4
26263,1693227617248,1692255353019,1692255353022,1693227617256,8,3,5
26264,1693227617256,1692255353027,1692255353030,1693227617264,8,3,5
26265,1693227617265,1692255353035,1692255353038,1693227617272,7,3,4
26266,1693227617272,1692255353042,1692255353045,1693227617280,8,3,5
26267,1693227617280,1692255353049,1692255353052,1693227617286,6,3,3
26268,1693227617286,1692255353056,1692255353059,1693227617296,10,3,7
26269,1693227617296,1692255353066,1692255353069,1693227617306,10,3,7
26270,1693227617306,1692255353076,1692255353079,1693227617313,7,3,4
26271,1693227617313,1692255353083,1692255353086,1693227617321,8,3,5
26272,1693227617321,1692255353090,1692255353093,1693227617328,7,3,4
26273,1693227617328,1692255353099,1692255353102,1693227617336,8,3,5
26274,1693227617336,1692255353107,1692255353109,1693227617344,8,2,6
26275,1693227617344,1692255353114,1692255353116,1693227617351,7,2,5
26276,1693227617351,1692255353121,1692255353125,1693227617359,8,4,4
26277,1693227617359,1692255353129,1692255353132,1693227617367,8,3,5
26278,1693227617367,1692255353137,1692255353140,1693227617374,7,3,4
26279,1693227617374,1692255353144,1692255353147,1693227617382,8,3,5
26280,1693227617382,1692255353152,1692255353157,1693227617392,10,5,5
26281,1693227617392,1692255353162,1692255353164,1693227617399,7,2,5
26282,1693227617399,1692255353169,1692255353172,1693227617408,9,3,6
26283,1693227617408,1692255353178,1692255353182,1693227617416,8,4,4
26284,1693227617416,1692255353186,1692255353190,1693227617424,8,4,4
26285,1693227617424,1692255353195,1692255353198,1693227617432,8,3,5
26286,1693227617433,1692255353203,1692255353206,1693227617441,8,3,5
26287,1693227617441,1692255353211,1692255353215,1693227617449,8,4,4
26288,1693227617449,1692255353219,1692255353223,1693227617458,9,4,5
26289,1693227617458,1692255353230,1692255353233,1693227617468,10,3,7
26290,1693227617468,1692255353238,1692255353242,1693227617476,8,4,4
26291,1693227617476,1692255353246,1692255353250,1693227617484,8,4,4
26292,1693227617484,1692255353254,1692255353258,1693227617492,8,4,4
26293,1693227617492,1692255353262,1692255353266,1693227617500,8,4,4
26294,1693227617500,1692255353271,1692255353273,1693227617508,8,2,6
26295,1693227617508,1692255353278,1692255353281,1693227617515,7,3,4
26296,1693227617515,1692255353285,1692255353289,1693227617523,8,4,4
26297,1693227617523,1692255353293,1692255353297,1693227617532,9,4,5
26298,1693227617532,1692255353302,1692255353307,1693227617542,10,5,5
26299,1693227617542,1692255353312,1692255353315,1693227617550,8,3,5
26300,1693227617550,1692255353320,1692255353323,1693227617558,8,3,5
26301,1693227617558,1692255353327,1692255353330,1693227617566,8,3,5
26302,1693227617566,1692255353338,1692255353341,1693227617576,10,3,7
26303,1693227617576,1692255353346,1692255353349,1693227617583,7,3,4
26304,1693227617583,1692255353354,1692255353357,1693227617592,9,3,6
26305,1693227617592,1692255353362,1692255353366,1693227617600,8,4,4
26306,1693227617600,1692255353370,1692255353373,1693227617609,9,3,6
26307,1693227617609,1692255353378,1692255353381,1693227617615,6,3,3
26308,1693227617615,1692255353385,1692255353388,1693227617622,7,3,4
26309,1693227617622,1692255353393,1692255353397,1693227617631,9,4,5
26310,1693227617631,1692255353402,1692255353405,1693227617640,9,3,6
26311,1693227617640,1692255353410,1692255353413,1693227617647,7,3,4
26312,1693227617647,1692255353417,1692255353420,1693227617654,7,3,4
26313,1693227617654,1692255353424,1692255353428,1693227617662,8,4,4
26314,1693227617662,1692255353433,1692255353436,1693227617671,9,3,6
26315,1693227617671,1692255353441,1692255353444,1693227617679,8,3,5
26316,1693227617679,1692255353449,1692255353454,1693227617689,10,5,5
26317,1693227617689,1692255353459,1692255353463,1693227617697,8,4,4
26318,1693227617697,1692255353467,1692255353470,1693227617705,8,3,5
26319,1693227617705,1692255353475,1692255353478,1693227617712,7,3,4
26320,1693227617712,1692255353483,1692255353487,1693227617721,9,4,5
26321,1693227617721,1692255353491,1692255353494,1693227617728,7,3,4
26322,1693227617728,1692255353498,1692255353501,1693227617735,7,3,4
26323,1693227617735,1692255353506,1692255353509,1693227617743,8,3,5
26324,1693227617743,1692255353513,1692255353516,1693227617750,7,3,4
26325,1693227617750,1692255353520,1692255353523,1693227617758,8,3,5
26326,1693227617758,1692255353528,1692255353532,1693227617766,8,4,4
26327,1693227617766,1692255353536,1692255353539,1693227617774,8,3,5
26328,1693227617774,1692255353544,1692255353547,1693227617781,7,3,4
26329,1693227617782,1692255353551,1692255353554,1693227617788,6,3,3
26330,1693227617788,1692255353559,1692255353563,1693227617797,9,4,5
26331,1693227617797,1692255353567,1692255353571,1693227617806,9,4,5
26332,1693227617806,1692255353576,1692255353578,1693227617813,7,2,5
26333,1693227617813,1692255353582,1692255353585,1693227617820,7,3,4
26334,1693227617820,1692255353589,1692255353592,1693227617826,6,3,3
26335,1693227617826,1692255353596,1692255353600,1693227617834,8,4,4
26336,1693227617834,1692255353604,1692255353608,1693227617842,8,4,4
26337,1693227617842,1692255353613,1692255353616,1693227617850,8,3,5
26338,1693227617850,1692255353620,1692255353623,1693227617857,7,3,4
26339,1693227617857,1692255353627,1692255353631,1693227617866,9,4,5
26340,1693227617866,1692255353636,1692255353640,1693227617875,9,4,5
26341,1693227617875,1692255353646,1692255353650,1693227617885,10,4,6
26342,1693227617885,1692255353655,1692255353658,1693227617893,8,3,5
26343,1693227617893,1692255353663,1692255353666,1693227617900,7,3,4
26344,1693227617900,1692255353670,1692255353673,1693227617907,7,3,4
26345,1693227617907,1692255353677,1692255353680,1693227617914,7,3,4
26346,1693227617914,1692255353684,1692255353690,1693227617924,10,6,4
26347,1693227617924,1692255353694,1692255353697,1693227617932,8,3,5
26348,1693227617932,1692255353701,1692255353704,1693227617938,6,3,3
26349,1693227617938,1692255353708,1692255353712,1693227617946,8,4,4
26350,1693227617946,1692255353716,1692255353719,1693227617953,7,3,4
26351,1693227617953,1692255353723,1692255353726,1693227617961,8,3,5
26352,1693227617961,1692255353731,1692255353735,1693227617970,9,4,5
26353,1693227617970,1692255353740,1692255353744,1693227617979,9,4,5
26354,1693227617979,1692255353748,1692255353751,1693227617986,7,3,4
26355,1693227617986,1692255353756,1692255353759,1693227617996,10,3,7
26356,1693227617996,1692255353770,1692255353773,1693227618007,11,3,8
26357,1693227618007,1692255353777,1692255353781,1693227618015,8,4,4
26358,1693227618015,1692255353785,1692255353788,1693227618023,8,3,5
26359,1693227618023,1692255353793,1692255353797,1693227618031,8,4,4
26360,1693227618031,1692255353802,1692255353805,1693227618040,9,3,6
26361,1693227618040,1692255353810,1692255353813,1693227618048,8,3,5
26362,1693227618048,1692255353818,1692255353821,1693227618056,8,3,5
26363,1693227618056,1692255353825,1692255353829,1693227618063,7,4,3
26364,1693227618063,1692255353834,1692255353836,1693227618071,8,2,6
26365,1693227618071,1692255353841,1692255353845,1693227618080,9,4,5
26366,1693227618080,1692255353850,1692255353853,1693227618088,8,3,5
26367,1693227618088,1692255353858,1692255353862,1693227618098,10,4,6
26368,1693227618098,1692255353868,1692255353871,1693227618105,7,3,4
26369,1693227618106,1692255353876,1692255353878,1693227618113,7,2,5
26370,1693227618113,1692255353883,1692255353886,1693227618121,8,3,5
26371,1693227618121,1692255353894,1692255353897,1693227618132,11,3,8
26372,1693227618132,1692255353901,1692255353905,1693227618139,7,4,3
26373,1693227618139,1692255353909,1692255353912,1693227618147,8,3,5
26374,1693227618147,1692255353917,1692255353921,1693227618155,8,4,4
26375,1693227618155,1692255353925,1692255353929,1693227618163,8,4,4
26376,1693227618163,1692255353934,1692255353937,1693227618171,8,3,5
26377,1693227618171,1692255353942,1692255353945,1693227618179,8,3,5
26378,1693227618179,1692255353949,1692255353952,1693227618187,8,3,5
26379,1693227618187,1692255353956,1692255353959,1693227618194,7,3,4
26380,1693227618194,1692255353964,1692255353968,1693227618202,8,4,4
26381,1693227618202,1692255353972,1692255353975,1693227618210,8,3,5
26382,1693227618210,1692255353980,1692255353983,1693227618217,7,3,4
26383,1693227618217,1692255353987,1692255353990,1693227618225,8,3,5
26384,1693227618225,1692255353994,1692255353999,1693227618233,8,5,3
26385,1693227618233,1692255354003,1692255354006,1693227618240,7,3,4
26386,1693227618240,1692255354010,1692255354014,1693227618248,8,4,4
26387,1693227618249,1692255354019,1692255354022,1693227618256,7,3,4
26388,1693227618256,1692255354026,1692255354031,1693227618265,9,5,4
26389,1693227618265,1692255354035,1692255354039,1693227618274,9,4,5
26390,1693227618274,1692255354043,1692255354046,1693227618281,7,3,4
26391,1693227618281,1692255354051,1692255354054,1693227618288,7,3,4
26392,1693227618288,1692255354058,1692255354062,1693227618296,8,4,4
26393,1693227618296,1692255354071,1692255354074,1693227618308,12,3,9
26394,1693227618308,1692255354078,1692255354082,1693227618316,8,4,4
26395,1693227618316,1692255354086,1692255354089,1693227618323,7,3,4
26396,1693227618323,1692255354094,1692255354097,1693227618332,9,3,6
26397,1693227618332,1692255354102,1692255354105,1693227618339,7,3,4
26398,1693227618339,1692255354108,1692255354112,1693227618346,7,4,3
26399,1693227618346,1692255354117,1692255354120,1693227618354,8,3,5
26400,1693227618354,1692255354124,1692255354128,1693227618362,8,4,4
26401,1693227618362,1692255354133,1692255354136,1693227618370,8,3,5
26402,1693227618370,1692255354140,1692255354143,1693227618378,8,3,5
26403,1693227618378,1692255354149,1692255354153,1693227618387,9,4,5
26404,1693227618387,1692255354157,1692255354161,1693227618395,8,4,4
26405,1693227618395,1692255354166,1692255354169,1693227618406,11,3,8
26406,1693227618406,1692255354176,1692255354179,1693227618413,7,3,4
26407,1693227618413,1692255354184,1692255354188,1693227618422,9,4,5
26408,1693227618422,1692255354192,1692255354195,1693227618430,8,3,5
26409,1693227618430,1692255354200,1692255354203,1693227618437,7,3,4
26410,1693227618437,1692255354206,1692255354210,1693227618445,8,4,4
26411,1693227618445,1692255354215,1692255354219,1693227618454,9,4,5
26412,1693227618454,1692255354224,1692255354227,1693227618461,7,3,4
26413,1693227618461,1692255354231,1692255354234,1693227618468,7,3,4
26414,1693227618468,1692255354238,1692255354241,1693227618475,7,3,4
26415,1693227618476,1692255354246,1692255354249,1693227618484,8,3,5
26416,1693227618484,1692255354254,1692255354257,1693227618491,7,3,4
26417,1693227618491,1692255354261,1692255354265,1693227618499,8,4,4
26418,1693227618499,1692255354269,1692255354272,1693227618508,9,3,6
26419,1693227618508,1692255354277,1692255354281,1693227618515,7,4,3
26420,1693227618515,1692255354285,1692255354289,1693227618523,8,4,4
26421,1693227618523,1692255354294,1692255354297,1693227618532,9,3,6
26422,1693227618532,1692255354304,1692255354307,1693227618542,10,3,7
26423,1693227618542,1692255354312,1692255354315,1693227618549,7,3,4
26424,1693227618549,1692255354318,1692255354321,1693227618555,6,3,3
26425,1693227618555,1692255354327,1692255354331,1693227618566,11,4,7
26426,1693227618566,1692255354336,1692255354340,1693227618574,8,4,4
26427,1693227618574,1692255354346,1692255354350,1693227618584,10,4,6
26428,1693227618584,1692255354354,1692255354358,1693227618592,8,4,4
26429,1693227618592,1692255354363,1692255354366,1693227618600,8,3,5
26430,1693227618600,1692255354370,1692255354374,1693227618610,10,4,6
26431,1693227618610,1692255354380,1692255354384,1693227618618,8,4,4
26432,1693227618618,1692255354388,1692255354391,1693227618625,7,3,4
26433,1693227618625,1692255354396,1692255354400,1693227618634,9,4,5
26434,1693227618634,1692255354404,1692255354407,1693227618641,7,3,4
26435,1693227618641,1692255354411,1692255354414,1693227618649,8,3,5
26436,1693227618649,1692255354419,1692255354422,1693227618656,7,3,4
26437,1693227618656,1692255354427,1692255354430,1693227618664,8,3,5
26438,1693227618664,1692255354434,1692255354438,1693227618672,8,4,4
26439,1693227618672,1692255354441,1692255354445,1693227618680,8,4,4
26440,1693227618680,1692255354450,1692255354454,1693227618688,8,4,4
26441,1693227618688,1692255354458,1692255354462,1693227618696,8,4,4
26442,1693227618696,1692255354466,1692255354469,1693227618704,8,3,5
26443,1693227618704,1692255354474,1692255354477,1693227618713,9,3,6
26444,1693227618713,1692255354482,1692255354486,1693227618720,7,4,3
26445,1693227618720,1692255354491,1692255354493,1693227618727,7,2,5
26446,1693227618728,1692255354498,1692255354500,1693227618734,6,2,4
26447,1693227618734,1692255354508,1692255354511,1693227618745,11,3,8
26448,1693227618745,1692255354516,1692255354518,1693227618753,8,2,6
26449,1693227618753,1692255354522,1692255354525,1693227618760,7,3,4
26450,1693227618760,1692255354530,1692255354533,1693227618768,8,3,5
26451,1693227618768,1692255354537,1692255354541,1693227618775,7,4,3
26452,1693227618775,1692255354545,1692255354548,1693227618783,8,3,5
26453,1693227618783,1692255354553,1692255354557,1693227618791,8,4,4
26454,1693227618791,1692255354561,1692255354564,1693227618798,7,3,4
26455,1693227618798,1692255354568,1692255354572,1693227618807,9,4,5
26456,1693227618807,1692255354577,1692255354580,1693227618815,8,3,5
26457,1693227618815,1692255354586,1692255354589,1693227618823,8,3,5
26458,1693227618823,1692255354594,1692255354597,1693227618831,8,3,5
26459,1693227618831,1692255354601,1692255354604,1693227618838,7,3,4
26460,1693227618838,1692255354608,1692255354611,1693227618845,7,3,4
26461,1693227618845,1692255354615,1692255354619,1693227618853,8,4,4
26462,1693227618853,1692255354623,1692255354627,1693227618861,8,4,4
26463,1693227618861,1692255354631,1692255354634,1693227618868,7,3,4
26464,1693227618868,1692255354638,1692255354641,1693227618875,7,3,4
26465,1693227618875,1692255354645,1692255354648,1693227618883,8,3,5
26466,1693227618883,1692255354652,1692255354655,1693227618890,7,3,4
26467,1693227618890,1692255354660,1692255354664,1693227618898,8,4,4
26468,1693227618898,1692255354668,1692255354671,1693227618906,8,3,5
26469,1693227618906,1692255354676,1692255354680,1693227618914,8,4,4
26470,1693227618914,1692255354686,1692255354689,1693227618924,10,3,7
26471,1693227618924,1692255354695,1692255354699,1693227618933,9,4,5
26472,1693227618933,1692255354703,1692255354706,1693227618940,7,3,4
26473,1693227618940,1692255354711,1692255354715,1693227618949,9,4,5
26474,1693227618949,1692255354719,1692255354722,1693227618956,7,3,4
26475,1693227618956,1692255354726,1692255354730,1693227618965,9,4,5
26476,1693227618965,1692255354735,1692255354738,1693227618972,7,3,4
26477,1693227618972,1692255354742,1692255354746,1693227618980,8,4,4
26478,1693227618980,1692255354750,1692255354753,1693227618988,8,3,5
26479,1693227618988,1692255354758,1692255354761,1693227618995,7,3,4
26480,1693227618995,1692255354765,1692255354769,1693227619003,8,4,4
26481,1693227619003,1692255354773,1692255354776,1693227619011,8,3,5
26482,1693227619011,1692255354781,1692255354785,1693227619020,9,4,5
26483,1693227619020,1692255354790,1692255354793,1693227619028,8,3,5
26484,1693227619028,1692255354797,1692255354800,1693227619034,6,3,3
26485,1693227619034,1692255354804,1692255354808,1693227619042,8,4,4
26486,1693227619042,1692255354813,1692255354816,1693227619050,8,3,5
26487,1693227619050,1692255354820,1692255354824,1693227619058,8,4,4
26488,1693227619058,1692255354828,1692255354831,1693227619066,8,3,5
26489,1693227619066,1692255354836,1692255354839,1693227619074,8,3,5
26490,1693227619074,1692255354843,1692255354847,1693227619081,7,4,3
26491,1693227619081,1692255354851,1692255354855,1693227619089,8,4,4
26492,1693227619089,1692255354859,1692255354862,1693227619097,8,3,5
26493,1693227619097,1692255354867,1692255354871,1693227619105,8,4,4
26494,1693227619105,1692255354875,1692255354879,1693227619113,8,4,4
26495,1693227619113,1692255354890,1692255354893,1693227619127,14,3,11
26496,1693227619127,1692255354898,1692255354901,1693227619135,8,3,5
26497,1693227619135,1692255354905,1692255354908,1693227619142,7,3,4
26498,1693227619142,1692255354912,1692255354916,1693227619150,8,4,4
26499,1693227619150,1692255354920,1692255354924,1693227619159,9,4,5
26500,1693227619159,1692255354928,1692255354932,1693227619166,7,4,3
26501,1693227619166,1692255354935,1692255354941,1693227619175,9,6,3
26502,1693227619175,1692255354945,1692255354948,1693227619183,8,3,5
26503,1693227619183,1692255354953,1692255354956,1693227619192,9,3,6
26504,1693227619192,1692255354962,1692255354965,1693227619199,7,3,4
26505,1693227619199,1692255354969,1692255354972,1693227619206,7,3,4
26506,1693227619206,1692255354977,1692255354980,1693227619215,9,3,6
26507,1693227619215,1692255354985,1692255354988,1693227619226,11,3,8
26508,1693227619226,1692255354996,1692255355000,1693227619234,8,4,4
26509,1693227619234,1692255355004,1692255355007,1693227619241,7,3,4
26510,1693227619241,1692255355011,1692255355014,1693227619249,8,3,5
26511,1693227619249,1692255355019,1692255355023,1693227619257,8,4,4
26512,1693227619257,1692255355027,1692255355031,1693227619265,8,4,4
26513,1693227619265,1692255355035,1692255355038,1693227619272,7,3,4
26514,1693227619272,1692255355042,1692255355045,1693227619280,8,3,5
26515,1693227619280,1692255355049,1692255355053,1693227619287,7,4,3
26516,1693227619288,1692255355058,1692255355060,1693227619295,7,2,5
26517,1693227619295,1692255355065,1692255355068,1693227619303,8,3,5
26518,1693227619303,1692255355077,1692255355080,1693227619314,11,3,8
26519,1693227619314,1692255355084,1692255355087,1693227619321,7,3,4
26520,1693227619321,1692255355091,1692255355094,1693227619329,8,3,5
26521,1693227619329,1692255355099,1692255355102,1693227619336,7,3,4
26522,1693227619336,1692255355106,1692255355109,1693227619343,7,3,4
26523,1693227619343,1692255355114,1692255355117,1693227619351,8,3,5
26524,1693227619351,1692255355122,1692255355125,1693227619359,8,3,5
26525,1693227619359,1692255355129,1692255355133,1693227619368,9,4,5
26526,1693227619368,1692255355139,1692255355142,1693227619376,8,3,5
26527,1693227619376,1692255355147,1692255355149,1693227619384,8,2,6
26528,1693227619384,1692255355154,1692255355157,1693227619392,8,3,5
26529,1693227619392,1692255355162,1692255355165,1693227619399,7,3,4
26530,1693227619399,1692255355168,1692255355172,1693227619406,7,4,3
26531,1693227619406,1692255355177,1692255355180,1693227619415,9,3,6
26532,1693227619415,1692255355185,1692255355188,1693227619422,7,3,4
26533,1693227619422,1692255355192,1692255355196,1693227619430,8,4,4
26534,1693227619430,1692255355200,1692255355203,1693227619438,8,3,5
26535,1693227619438,1692255355208,1692255355213,1693227619447,9,5,4
26536,1693227619447,1692255355217,1692255355221,1693227619456,9,4,5
26537,1693227619456,1692255355226,1692255355229,1693227619464,8,3,5
26538,1693227619464,1692255355234,1692255355237,1693227619471,7,3,4
26539,1693227619472,1692255355242,1692255355245,1693227619480,8,3,5
26540,1693227619480,1692255355250,1692255355254,1693227619489,9,4,5
26541,1693227619489,1692255355259,1692255355262,1693227619496,7,3,4
26542,1693227619496,1692255355266,1692255355270,1693227619504,8,4,4
26543,1693227619504,1692255355429,1692255355432,1693227619667,163,3,160
26544,1693227619667,1692255355436,1692255355440,1693227619675,8,4,4
26545,1693227619675,1692255355445,1692255355448,1693227619683,8,3,5
26546,1693227619683,1692255355453,1692255355457,1693227619691,8,4,4
26547,1693227619692,1692255355462,1692255355465,1693227619699,7,3,4
26548,1693227619699,1692255355472,1692255355476,1693227619711,12,4,8
26549,1693227619711,1692255355481,1692255355485,1693227619719,8,4,4
26550,1693227619719,1692255355490,1692255355493,1693227619727,8,3,5
26551,1693227619727,1692255355497,1692255355501,1693227619764,37,4,33
26552,1693227619764,1692255355535,1692255355538,1693227619773,9,3,6
26553,1693227619773,1692255355543,1692255355546,1693227619781,8,3,5
26554,1693227619781,1692255355550,1692255355553,1693227619788,7,3,4
26555,1693227619788,1692255355558,1692255355561,1693227619795,7,3,4
26556,1693227619795,1692255355565,1692255355569,1693227619803,8,4,4
26557,1693227619803,1692255355573,1692255355577,1693227619811,8,4,4
26558,1693227619811,1692255355581,1692255355584,1693227619819,8,3,5
26559,1693227619819,1692255355589,1692255355592,1693227619827,8,3,5
26560,1693227619827,1692255355597,1692255355599,1693227619834,7,2,5
26561,1693227619834,1692255355604,1692255355607,1693227619841,7,3,4
26562,1693227619841,1692255355613,1692255355616,1693227619850,9,3,6
26563,1693227619850,1692255355619,1692255355623,1693227619857,7,4,3
26564,1693227619857,1692255355627,1692255355630,1693227619865,8,3,5
26565,1693227619865,1692255355635,1692255355638,1693227619873,8,3,5
26566,1693227619873,1692255355643,1692255355647,1693227619881,8,4,4
26567,1693227619881,1692255355651,1692255355654,1693227619888,7,3,4
26568,1693227619888,1692255355658,1692255355662,1693227619896,8,4,4
26569,1693227619896,1692255355666,1692255355669,1693227619903,7,3,4
26570,1693227619903,1692255355673,1692255355676,1693227619911,8,3,5
26571,1693227619911,1692255355681,1692255355684,1693227619919,8,3,5
26572,1693227619919,1692255355689,1692255355694,1693227619928,9,5,4
26573,1693227619928,1692255355698,1692255355701,1693227619935,7,3,4
26574,1693227619935,1692255355705,1692255355708,1693227619942,7,3,4
26575,1693227619942,1692255355712,1692255355715,1693227619950,8,3,5
26576,1693227619950,1692255355720,1692255355723,1693227619958,8,3,5
26577,1693227619958,1692255355728,1692255355731,1693227619965,7,3,4
26578,1693227619965,1692255355735,1692255355738,1693227619972,7,3,4
26579,1693227619972,1692255355742,1692255355746,1693227619980,8,4,4
26580,1693227619980,1692255355750,1692255355753,1693227619987,7,3,4
26581,1693227619987,1692255355757,1692255355760,1693227619995,8,3,5
26582,1693227619995,1692255355765,1692255355768,1693227620002,7,3,4
26583,1693227620002,1692255355772,1692255355775,1693227620009,7,3,4
26584,1693227620009,1692255355779,1692255355782,1693227620016,7,3,4
26585,1693227620016,1692255355787,1692255355791,1693227620025,9,4,5
26586,1693227620025,1692255355796,1692255355799,1693227620034,9,3,6
26587,1693227620034,1692255355804,1692255355807,1693227620044,10,3,7
26588,1693227620044,1692255355815,1692255355818,1693227620053,9,3,6
26589,1693227620053,1692255355824,1692255355828,1693227620062,9,4,5
26590,1693227620062,1692255355833,1692255355836,1693227620070,8,3,5
26591,1693227620070,1692255355840,1692255355844,1693227620078,8,4,4
26592,1693227620078,1692255355848,1692255355851,1693227620086,8,3,5
26593,1693227620086,1692255355856,1692255355859,1693227620094,8,3,5
26594,1693227620094,1692255355863,1692255355867,1693227620101,7,4,3
26595,1693227620101,1692255355871,1692255355875,1693227620109,8,4,4
26596,1693227620109,1692255355880,1692255355884,1693227620118,9,4,5
26597,1693227620118,1692255355888,1692255355891,1693227620126,8,3,5
26598,1693227620126,1692255355896,1692255355899,1693227620133,7,3,4
26599,1693227620133,1692255355903,1692255355907,1693227620141,8,4,4
26600,1693227620141,1692255355911,1692255355915,1693227620149,8,4,4
26601,1693227620149,1692255355919,1692255355923,1693227620157,8,4,4
26602,1693227620157,1692255355927,1692255355930,1693227620165,8,3,5
26603,1693227620165,1692255355935,1692255355938,1693227620172,7,3,4
26604,1693227620172,1692255355943,1692255355947,1693227620181,9,4,5
26605,1693227620181,1692255355951,1692255355955,1693227620189,8,4,4
26606,1693227620189,1692255355959,1692255355963,1693227620197,8,4,4
26607,1693227620197,1692255355968,1692255355971,1693227620205,8,3,5
26608,1693227620205,1692255355976,1692255355979,1693227620214,9,3,6
26609,1693227620214,1692255355983,1692255355988,1693227620222,8,5,3
26610,1693227620222,1692255355993,1692255355996,1693227620231,9,3,6
26611,1693227620231,1692255356001,1692255356004,1693227620239,8,3,5
26612,1693227620239,1692255356016,1692255356020,1693227620254,15,4,11
26613,1693227620254,1692255356024,1692255356027,1693227620261,7,3,4
26614,1693227620261,1692255356031,1692255356034,1693227620268,7,3,4
26615,1693227620268,1692255356038,1692255356041,1693227620275,7,3,4
26616,1693227620275,1692255356046,1692255356049,1693227620283,8,3,5
26617,1693227620283,1692255356053,1692255356055,1693227620289,6,2,4
26618,1693227620289,1692255356059,1692255356062,1693227620296,7,3,4
26619,1693227620296,1692255356066,1692255356069,1693227620302,6,3,3
26620,1693227620302,1692255356072,1692255356075,1693227620314,12,3,9
26621,1693227620314,1692255356084,1692255356088,1693227620322,8,4,4
26622,1693227620322,1692255356091,1692255356095,1693227620329,7,4,3
26623,1693227620329,1692255356098,1692255356102,1693227620336,7,4,3
26624,1693227620336,1692255356108,1692255356112,1693227620347,11,4,7
26625,1693227620347,1692255356120,1692255356123,1693227620358,11,3,8
26626,1693227620358,1692255356128,1692255356131,1693227620367,9,3,6
26627,1693227620367,1692255356138,1692255356142,1693227620376,9,4,5
26628,1693227620376,1692255356147,1692255356150,1693227620384,8,3,5
26629,1693227620384,1692255356154,1692255356157,1693227620391,7,3,4
26630,1693227620391,1692255356161,1692255356164,1693227620398,7,3,4
26631,1693227620398,1692255356168,1692255356171,1693227620405,7,3,4
26632,1693227620405,1692255356175,1692255356178,1693227620413,8,3,5
26633,1693227620413,1692255356182,1692255356185,1693227620419,6,3,3
26634,1693227620420,1692255356189,1692255356192,1693227620427,7,3,4
26635,1693227620427,1692255356198,1692255356201,1693227620436,9,3,6
26636,1693227620436,1692255356206,1692255356210,1693227620444,8,4,4
26637,1693227620444,1692255356214,1692255356218,1693227620454,10,4,6
26638,1693227620454,1692255356223,1692255356226,1693227620460,6,3,3
26639,1693227620461,1692255356230,1692255356233,1693227620468,7,3,4
26640,1693227620468,1692255356237,1692255356240,1693227620475,7,3,4
26641,1693227620475,1692255356245,1692255356248,1693227620483,8,3,5
26642,1693227620483,1692255356253,1692255356256,1693227620490,7,3,4
26643,1693227620490,1692255356260,1692255356263,1693227620497,7,3,4
26644,1693227620497,1692255356267,1692255356271,1693227620505,8,4,4
26645,1693227620505,1692255356274,1692255356278,1693227620513,8,4,4
26646,1693227620513,1692255356283,1692255356287,1693227620521,8,4,4
26647,1693227620521,1692255356291,1692255356295,1693227620530,9,4,5
26648,1693227620530,1692255356300,1692255356303,1693227620537,7,3,4
26649,1693227620538,1692255356308,1692255356311,1693227620545,7,3,4
26650,1693227620545,1692255356315,1692255356320,1693227620556,11,5,6
26651,1693227620556,1692255356326,1692255356330,1693227620564,8,4,4
26652,1693227620564,1692255356334,1692255356337,1693227620571,7,3,4
26653,1693227620571,1692255356342,1692255356346,1693227620580,9,4,5
26654,1693227620580,1692255356350,1692255356353,1693227620588,8,3,5
26655,1693227620588,1692255356358,1692255356361,1693227620595,7,3,4
26656,1693227620595,1692255356366,1692255356369,1693227620604,9,3,6
26657,1693227620604,1692255356374,1692255356377,1693227620611,7,3,4
26658,1693227620611,1692255356381,1692255356384,1693227620618,7,3,4
26659,1693227620618,1692255356387,1692255356390,1693227620625,7,3,4
26660,1693227620625,1692255356395,1692255356400,1693227620634,9,5,4
26661,1693227620634,1692255356403,1692255356407,1693227620641,7,4,3
26662,1693227620641,1692255356414,1692255356417,1693227620652,11,3,8
26663,1693227620652,1692255356422,1692255356425,1693227620659,7,3,4
26664,1693227620659,1692255356429,1692255356432,1693227620666,7,3,4
26665,1693227620666,1692255356436,1692255356439,1693227620673,7,3,4
26666,1693227620673,1692255356444,1692255356447,1693227620681,8,3,5
26667,1693227620681,1692255356453,1692255356456,1693227620690,9,3,6
26668,1693227620690,1692255356460,1692255356464,1693227620698,8,4,4
26669,1693227620698,1692255356467,1692255356471,1693227620705,7,4,3
26670,1693227620705,1692255356474,1692255356478,1693227620712,7,4,3
26671,1693227620712,1692255356483,1692255356486,1693227620720,8,3,5
26672,1693227620720,1692255356490,1692255356493,1693227620727,7,3,4
26673,1693227620727,1692255356497,1692255356500,1693227620734,7,3,4
26674,1693227620734,1692255356505,1692255356507,1693227620741,7,2,5
26675,1693227620741,1692255356514,1692255356517,1693227620751,10,3,7
26676,1693227620751,1692255356521,1692255356524,1693227620761,10,3,7
26677,1693227620761,1692255356535,1692255356538,1693227620772,11,3,8
26678,1693227620772,1692255356542,1692255356545,1693227620779,7,3,4
26679,1693227620779,1692255356549,1692255356551,1693227620786,7,2,5
26680,1693227620786,1692255356556,1692255356560,1693227620794,8,4,4
26681,1693227620794,1692255356563,1692255356566,1693227620800,6,3,3
26682,1693227620800,1692255356570,1692255356576,1693227620810,10,6,4
26683,1693227620810,1692255356580,1692255356583,1693227620817,7,3,4
26684,1693227620817,1692255356587,1692255356590,1693227620824,7,3,4
26685,1693227620824,1692255356593,1692255356597,1693227620831,7,4,3
26686,1693227620831,1692255356600,1692255356604,1693227620838,7,4,3
26687,1693227620838,1692255356608,1692255356611,1693227620845,7,3,4
26688,1693227620845,1692255356615,1692255356618,1693227620852,7,3,4
26689,1693227620852,1692255356622,1692255356625,1693227620859,7,3,4
26690,1693227620859,1692255356631,1692255356635,1693227620869,10,4,6
26691,1693227620869,1692255356639,1692255356641,1693227620875,6,2,4
26692,1693227620875,1692255356645,1692255356648,1693227620882,7,3,4
26693,1693227620882,1692255356653,1692255356656,1693227620890,8,3,5
26694,1693227620890,1692255356660,1692255356664,1693227620898,8,4,4
26695,1693227620898,1692255356668,1692255356671,1693227620905,7,3,4
26696,1693227620905,1692255356675,1692255356679,1693227620913,8,4,4
26697,1693227620913,1692255356683,1692255356686,1693227620920,7,3,4
26698,1693227620920,1692255356691,1692255356694,1693227620928,8,3,5
26699,1693227620928,1692255356698,1692255356701,1693227620936,8,3,5
26700,1693227620936,1692255356706,1692255356709,1693227620943,7,3,4
26701,1693227620943,1692255356713,1692255356716,1693227620951,8,3,5
26702,1693227620951,1692255356720,1692255356723,1693227620958,7,3,4
26703,1693227620958,1692255356728,1692255356731,1693227620966,8,3,5
26704,1693227620966,1692255356736,1692255356739,1693227620974,8,3,5
26705,1693227620974,1692255356744,1692255356748,1693227620982,8,4,4
26706,1693227620982,1692255356752,1692255356755,1693227620991,9,3,6
26707,1693227620991,1692255356763,1692255356766,1693227621001,10,3,7
26708,1693227621001,1692255356772,1692255356776,1693227621010,9,4,5
26709,1693227621010,1692255356780,1692255356784,1693227621019,9,4,5
26710,1693227621019,1692255356790,1692255356792,1693227621027,8,2,6
26711,1693227621027,1692255356796,1692255356799,1693227621033,6,3,3
26712,1693227621033,1692255356803,1692255356806,1693227621041,8,3,5
26713,1693227621041,1692255356811,1692255356815,1693227621049,8,4,4
26714,1693227621049,1692255356819,1692255356823,1693227621057,8,4,4
26715,1693227621057,1692255356827,1692255356831,1693227621065,8,4,4
26716,1693227621065,1692255356836,1692255356839,1693227621074,9,3,6
26717,1693227621074,1692255356844,1692255356847,1693227621082,8,3,5
26718,1693227621082,1692255356852,1692255356856,1693227621091,9,4,5
26719,1693227621091,1692255356861,1692255356863,1693227621098,7,2,5
26720,1693227621098,1692255356868,1692255356871,1693227621105,7,3,4
26721,1693227621105,1692255356874,1692255356878,1693227621112,7,4,3
26722,1693227621112,1692255356882,1692255356885,1693227621119,7,3,4
26723,1693227621119,1692255356889,1692255356892,1693227621126,7,3,4
26724,1693227621126,1692255356896,1692255356900,1693227621134,8,4,4
26725,1693227621134,1692255356905,1692255356908,1693227621142,8,3,5
26726,1693227621142,1692255356912,1692255356916,1693227621150,8,4,4
26727,1693227621150,1692255356920,1692255356923,1693227621158,8,3,5
26728,1693227621158,1692255356928,1692255356931,1693227621165,7,3,4
26729,1693227621166,1692255356938,1692255356941,1693227621176,10,3,7
26730,1693227621176,1692255356947,1692255356950,1693227621184,8,3,5
26731,1693227621184,1692255356953,1692255356956,1693227621191,7,3,4
26732,1693227621191,1692255356961,1692255356964,1693227621198,7,3,4
26733,1693227621198,1692255356968,1692255356971,1693227621205,7,3,4
26734,1693227621205,1692255356975,1692255356978,1693227621212,7,3,4
26735,1693227621212,1692255356982,1692255356985,1693227621219,7,3,4
26736,1693227621219,1692255356997,1692255357000,1693227621235,16,3,13
26737,1693227621235,1692255357005,1692255357008,1693227621244,9,3,6
26738,1693227621244,1692255357020,1692255357023,1693227621258,14,3,11
26739,1693227621258,1692255357028,1692255357032,1693227621267,9,4,5
26740,1693227621267,1692255357042,1692255357046,1693227621280,13,4,9
26741,1693227621280,1692255357050,1692255357053,1693227621288,8,3,5
26742,1693227621288,1692255357058,1692255357061,1693227621295,7,3,4
26743,1693227621295,1692255357069,1692255357072,1693227621307,12,3,9
26744,1693227621307,1692255357077,1692255357080,1693227621315,8,3,5
26745,1693227621315,1692255357088,1692255357091,1693227621326,11,3,8
26746,1693227621326,1692255357097,1692255357100,1693227621335,9,3,6
26747,1693227621335,1692255357105,1692255357107,1693227621342,7,2,5
26748,1693227621342,1692255357112,1692255357116,1693227621350,8,4,4
26749,1693227621350,1692255357130,1692255357133,1693227621367,17,3,14
26750,1693227621367,1692255357137,1692255357140,1693227621375,8,3,5
26751,1693227621375,1692255357146,1692255357149,1693227621383,8,3,5
26752,1693227621383,1692255357155,1692255357158,1693227621392,9,3,6
26753,1693227621392,1692255357162,1692255357165,1693227621400,8,3,5
26754,1693227621400,1692255357177,1692255357180,1693227621415,15,3,12
26755,1693227621415,1692255357185,1692255357189,1693227621424,9,4,5
26756,1693227621424,1692255357197,1692255357201,1693227621435,11,4,7
26757,1693227621435,1692255357205,1692255357208,1693227621443,8,3,5
26758,1693227621443,1692255357213,1692255357217,1693227621452,9,4,5
26759,1693227621452,1692255357222,1692255357225,1693227621460,8,3,5
26760,1693227621460,1692255357230,1692255357234,1693227621468,8,4,4
26761,1693227621468,1692255357237,1692255357241,1693227621478,10,4,6
26762,1693227621478,1692255357249,1692255357252,1693227621486,8,3,5
26763,1693227621487,1692255357259,1692255357262,1693227621496,9,3,6
26764,1693227621496,1692255357266,1692255357269,1693227621503,7,3,4
26765,1693227621503,1692255357273,1692255357277,1693227621511,8,4,4
26766,1693227621511,1692255357281,1692255357285,1693227621519,8,4,4
26767,1693227621519,1692255357289,1692255357293,1693227621527,8,4,4
26768,1693227621527,1692255357297,1692255357300,1693227621534,7,3,4
26769,1693227621534,1692255357304,1692255357308,1693227621542,8,4,4
26770,1693227621542,1692255357312,1692255357315,1693227621550,8,3,5
26771,1693227621550,1692255357319,1692255357323,1693227621557,7,4,3
26772,1693227621557,1692255357327,1692255357331,1693227621565,8,4,4
26773,1693227621565,1692255357335,1692255357338,1693227621572,7,3,4
26774,1693227621572,1692255357342,1692255357346,1693227621580,8,4,4
26775,1693227621580,1692255357351,1692255357354,1693227621588,8,3,5
26776,1693227621588,1692255357358,1692255357361,1693227621596,8,3,5
26777,1693227621596,1692255357366,1692255357369,1693227621603,7,3,4
26778,1693227621603,1692255357373,1692255357377,1693227621611,8,4,4
26779,1693227621611,1692255357381,1692255357385,1693227621619,8,4,4
26780,1693227621619,1692255357389,1692255357392,1693227621626,7,3,4
26781,1693227621626,1692255357396,1692255357399,1693227621633,7,3,4
26782,1693227621633,1692255357403,1692255357406,1693227621641,8,3,5
26783,1693227621641,1692255357410,1692255357414,1693227621648,7,4,3
26784,1693227621648,1692255357418,1692255357421,1693227621655,7,3,4
26785,1693227621655,1692255357425,1692255357429,1693227621663,8,4,4
26786,1693227621663,1692255357433,1692255357436,1693227621671,8,3,5
26787,1693227621671,1692255357441,1692255357443,1693227621678,7,2,5
26788,1693227621678,1692255357450,1692255357453,1693227621688,10,3,7
26789,1693227621688,1692255357458,1692255357461,1693227621695,7,3,4
26790,1693227621695,1692255357465,1692255357468,1693227621702,7,3,4
26791,1693227621702,1692255357472,1692255357475,1693227621710,8,3,5
26792,1693227621710,1692255357480,1692255357484,1693227621718,8,4,4
26793,1693227621718,1692255357488,1692255357492,1693227621726,8,4,4
26794,1693227621726,1692255357497,1692255357500,1693227621735,9,3,6
26795,1693227621735,1692255357505,1692255357508,1693227621742,7,3,4
26796,1693227621742,1692255357512,1692255357515,1693227621749,7,3,4
26797,1693227621749,1692255357519,1692255357522,1693227621756,7,3,4
26798,1693227621756,1692255357527,1692255357531,1693227621765,9,4,5
26799,1693227621765,1692255357536,1692255357541,1693227621775,10,5,5
26800,1693227621775,1692255357546,1692255357549,1693227621785,10,3,7
26801,1693227621785,1692255357555,1692255357558,1693227621793,8,3,5
26802,1693227621793,1692255357564,1692255357567,1693227621801,8,3,5
26803,1693227621801,1692255357574,1692255357578,1693227621812,11,4,7
26804,1693227621812,1692255357582,1692255357585,1693227621819,7,3,4
26805,1693227621819,1692255357589,1692255357592,1693227621827,8,3,5
26806,1693227621827,1692255357597,1692255357601,1693227621836,9,4,5
26807,1693227621836,1692255357606,1692255357609,1693227621843,7,3,4
26808,1693227621843,1692255357613,1692255357616,1693227621851,8,3,5
26809,1693227621851,1692255357623,1692255357627,1693227621861,10,4,6
26810,1693227621861,1692255357632,1692255357635,1693227621869,8,3,5
26811,1693227621869,1692255357639,1692255357642,1693227621878,9,3,6
26812,1693227621878,1692255357648,1692255357652,1693227621887,9,4,5
26813,1693227621887,1692255357658,1692255357662,1693227621897,10,4,6
26814,1693227621897,1692255357667,1692255357671,1693227621905,8,4,4
26815,1693227621905,1692255357675,1692255357678,1693227621913,8,3,5
26816,1693227621913,1692255357683,1692255357686,1693227621920,7,3,4
26817,1693227621920,1692255357690,1692255357693,1693227621928,8,3,5
26818,1693227621928,1692255357698,1692255357701,1693227621935,7,3,4
26819,1693227621935,1692255357705,1692255357709,1693227621943,8,4,4
26820,1693227621943,1692255357712,1692255357715,1693227621950,7,3,4
26821,1693227621950,1692255357719,1692255357722,1693227621956,6,3,3
26822,1693227621956,1692255357726,1692255357729,1693227621964,8,3,5
26823,1693227621964,1692255357734,1692255357737,1693227621971,7,3,4
26824,1693227621971,1692255357742,1692255357746,1693227621980,9,4,5
26825,1693227621980,1692255357750,1692255357753,1693227621989,9,3,6
26826,1693227621989,1692255357760,1692255357764,1693227621998,9,4,5
26827,1693227621999,1692255357769,1692255357771,1693227622006,7,2,5
26828,1693227622006,1692255357776,1692255357780,1693227622014,8,4,4
26829,1693227622014,1692255357784,1692255357789,1693227622024,10,5,5
26830,1693227622024,1692255357794,1692255357798,1693227622032,8,4,4
26831,1693227622032,1692255357801,1692255357804,1693227622039,7,3,4
26832,1693227622039,1692255357809,1692255357812,1693227622046,7,3,4
26833,1693227622046,1692255357816,1692255357820,1693227622054,8,4,4
26834,1693227622054,1692255357824,1692255357829,1693227622063,9,5,4
26835,1693227622063,1692255357833,1692255357837,1693227622071,8,4,4
26836,1693227622071,1692255357840,1692255357844,1693227622079,8,4,4
26837,1693227622079,1692255357848,1692255357851,1693227622086,7,3,4
26838,1693227622086,1692255357856,1692255357860,1693227622094,8,4,4
26839,1693227622094,1692255357864,1692255357867,1693227622102,8,3,5
26840,1693227622102,1692255357874,1692255357878,1693227622112,10,4,6
26841,1693227622112,1692255357882,1692255357885,1693227622119,7,3,4
26842,1693227622119,1692255357890,1692255357893,1693227622128,9,3,6
26843,1693227622128,1692255357898,1692255357901,1693227622136,8,3,5
26844,1693227622136,1692255357906,1692255357909,1693227622144,8,3,5
26845,1693227622144,1692255357914,1692255357918,1693227622152,8,4,4
26846,1693227622152,1692255357922,1692255357925,1693227622160,8,3,5
26847,1693227622160,1692255357930,1692255357934,1693227622168,8,4,4
26848,1693227622168,1692255357939,1692255357943,1693227622177,9,4,5
26849,1693227622178,1692255357950,1692255357953,1693227622188,10,3,7
26850,1693227622188,1692255357958,1692255357961,1693227622196,8,3,5
26851,1693227622196,1692255357966,1692255357969,1693227622203,7,3,4
26852,1693227622204,1692255357973,1692255357976,1693227622211,7,3,4
26853,1693227622211,1692255357982,1692255357985,1693227622221,10,3,7
26854,1693227622221,1692255357992,1692255357995,1693227622229,8,3,5
26855,1693227622229,1692255358000,1692255358003,1693227622237,8,3,5
26856,1693227622237,1692255358007,1692255358010,1693227622245,8,3,5
26857,1693227622245,1692255358016,1692255358019,1693227622254,9,3,6
26858,1693227622254,1692255358025,1692255358028,1693227622263,9,3,6
26859,1693227622263,1692255358034,1692255358037,1693227622272,9,3,6
26860,1693227622272,1692255358041,1692255358044,1693227622279,7,3,4
26861,1693227622279,1692255358049,1692255358052,1693227622286,7,3,4
26862,1693227622286,1692255358056,1692255358059,1693227622293,7,3,4
26863,1693227622293,1692255358065,1692255358068,1693227622303,10,3,7
26864,1693227622303,1692255358073,1692255358076,1693227622310,7,3,4
26865,1693227622310,1692255358080,1692255358084,1693227622318,8,4,4
26866,1693227622318,1692255358088,1692255358092,1693227622327,9,4,5
26867,1693227622327,1692255358097,1692255358101,1693227622336,9,4,5
26868,1693227622336,1692255358106,1692255358110,1693227622344,8,4,4
26869,1693227622344,1692255358114,1692255358117,1693227622351,7,3,4
26870,1693227622351,1692255358120,1692255358124,1693227622358,7,4,3
26871,1693227622358,1692255358128,1692255358132,1693227622366,8,4,4
26872,1693227622366,1692255358136,1692255358139,1693227622373,7,3,4
26873,1693227622373,1692255358143,1692255358146,1693227622381,8,3,5
26874,1693227622381,1692255358151,1692255358154,1693227622390,9,3,6
26875,1693227622390,1692255358160,1692255358164,1693227622399,9,4,5
26876,1693227622399,1692255358169,1692255358172,1693227622406,7,3,4
26877,1693227622406,1692255358176,1692255358180,1693227622414,8,4,4
26878,1693227622414,1692255358184,1692255358188,1693227622422,8,4,4
26879,1693227622422,1692255358192,1692255358196,1693227622430,8,4,4
26880,1693227622430,1692255358200,1692255358203,1693227622439,9,3,6
26881,1693227622439,1692255358210,1692255358214,1693227622448,9,4,5
26882,1693227622448,1692255358218,1692255358221,1693227622456,8,3,5
26883,1693227622456,1692255358225,1692255358228,1693227622462,6,3,3
26884,1693227622463,1692255358233,1692255358236,1693227622470,7,3,4
26885,1693227622470,1692255358240,1692255358244,1693227622478,8,4,4
26886,1693227622478,1692255358248,1692255358250,1693227622485,7,2,5
26887,1693227622485,1692255358255,1692255358259,1693227622493,8,4,4
26888,1693227622493,1692255358263,1692255358266,1693227622501,8,3,5
26889,1693227622501,1692255358272,1692255358275,1693227622510,9,3,6
26890,1693227622510,1692255358280,1692255358284,1693227622525,15,4,11
26891,1693227622525,1692255358296,1692255358299,1693227622533,8,3,5
26892,1693227622534,1692255358303,1692255358307,1693227622541,7,4,3
26893,1693227622541,1692255358311,1692255358315,1693227622549,8,4,4
26894,1693227622549,1692255358320,1692255358323,1693227622557,8,3,5
26895,1693227622557,1692255358327,1692255358330,1693227622565,8,3,5
26896,1693227622565,1692255358335,1692255358337,1693227622572,7,2,5
26897,1693227622572,1692255358342,1692255358345,1693227622580,8,3,5
26898,1693227622580,1692255358350,1692255358352,1693227622586,6,2,4
26899,1693227622587,1692255358356,1692255358360,1693227622594,7,4,3
26900,1693227622594,1692255358363,1692255358367,1693227622604,10,4,6
26901,1693227622604,1692255358373,1692255358377,1693227622611,7,4,3
26902,1693227622611,1692255358381,1692255358384,1693227622619,8,3,5
26903,1693227622619,1692255358396,1692255358401,1693227622635,16,5,11
26904,1693227622635,1692255358405,1692255358410,1693227622644,9,5,4
26905,1693227622644,1692255358414,1692255358418,1693227622652,8,4,4
26906,1693227622652,1692255358422,1692255358425,1693227622659,7,3,4
26907,1693227622659,1692255358429,1692255358433,1693227622668,9,4,5
26908,1693227622668,1692255358438,1692255358441,1693227622675,7,3,4
26909,1693227622675,1692255358445,1692255358448,1693227622682,7,3,4
26910,1693227622682,1692255358452,1692255358455,1693227622689,7,3,4
26911,1693227622689,1692255358459,1692255358463,1693227622697,8,4,4
26912,1693227622697,1692255358467,1692255358470,1693227622706,9,3,6
26913,1693227622706,1692255358476,1692255358479,1693227622714,8,3,5
26914,1693227622714,1692255358484,1692255358487,1693227622722,8,3,5
26915,1693227622722,1692255358491,1692255358495,1693227622729,7,4,3
26916,1693227622729,1692255358500,1692255358503,1693227622738,9,3,6
26917,1693227622738,1692255358508,1692255358510,1693227622745,7,2,5
26918,1693227622745,1692255358515,1692255358518,1693227622752,7,3,4
26919,1693227622752,1692255358522,1692255358526,1693227622760,8,4,4
26920,1693227622760,1692255358530,1692255358533,1693227622767,7,3,4
26921,1693227622767,1692255358537,1692255358540,1693227622774,7,3,4
26922,1693227622775,1692255358545,1692255358548,1693227622784,9,3,6
26923,1693227622784,1692255358554,1692255358557,1693227622792,8,3,5
26924,1693227622792,1692255358564,1692255358567,1693227622801,9,3,6
26925,1693227622801,1692255358571,1692255358574,1693227622809,8,3,5
26926,1693227622809,1692255358579,1692255358582,1693227622816,7,3,4
26927,1693227622816,1692255358586,1692255358589,1693227622823,7,3,4
26928,1693227622823,1692255358593,1692255358597,1693227622831,8,4,4
26929,1693227622831,1692255358602,1692255358605,1693227622839,8,3,5
26930,1693227622839,1692255358608,1692255358612,1693227622847,8,4,4
26931,1693227622847,1692255358617,1692255358620,1693227622854,7,3,4
26932,1693227622854,1692255358624,1692255358627,1693227622862,8,3,5
26933,1693227622862,1692255358632,1692255358635,1693227622869,7,3,4
26934,1693227622869,1692255358639,1692255358642,1693227622876,7,3,4
26935,1693227622876,1692255358646,1692255358650,1693227622884,8,4,4
26936,1693227622884,1692255358654,1692255358656,1693227622891,7,2,5
26937,1693227622891,1692255358661,1692255358664,1693227622899,8,3,5
26938,1693227622899,1692255358669,1692255358671,1693227622905,6,2,4
26939,1693227622905,1692255358675,1692255358680,1693227622915,10,5,5
26940,1693227622915,1692255358685,1692255358688,1693227622922,7,3,4
26941,1693227622922,1692255358692,1692255358695,1693227622930,8,3,5
26942,1693227622930,1692255358700,1692255358703,1693227622937,7,3,4
26943,1693227622937,1692255358706,1692255358709,1693227622944,7,3,4
26944,1693227622944,1692255358714,1692255358716,1693227622951,7,2,5
26945,1693227622951,1692255358720,1692255358724,1693227622958,7,4,3
26946,1693227622958,1692255358728,1692255358732,1693227622966,8,4,4
26947,1693227622966,1692255358736,1692255358739,1693227622974,8,3,5
26948,1693227622974,1692255358744,1692255358747,1693227622982,8,3,5
26949,1693227622982,1692255358751,1692255358755,1693227622989,7,4,3
26950,1693227622989,1692255358759,1692255358762,1693227622997,8,3,5
26951,1693227622997,1692255358766,1692255358769,1693227623003,6,3,3
26952,1693227623003,1692255358773,1692255358776,1693227623011,8,3,5
26953,1693227623011,1692255358782,1692255358785,1693227623019,8,3,5
26954,1693227623019,1692255358789,1692255358792,1693227623026,7,3,4
26955,1693227623026,1692255358797,1692255358800,1693227623035,9,3,6
26956,1693227623035,1692255358804,1692255358807,1693227623041,6,3,3
26957,1693227623041,1692255358811,1692255358815,1693227623049,8,4,4
26958,1693227623049,1692255358819,1692255358821,1693227623056,7,2,5
26959,1693227623056,1692255358826,1692255358828,1693227623063,7,2,5
26960,1693227623063,1692255358833,1692255358836,1693227623071,8,3,5
26961,1693227623071,1692255358841,1692255358844,1693227623079,8,3,5
26962,1693227623079,1692255358851,1692255358854,1693227623088,9,3,6
26963,1693227623088,1692255358859,1692255358862,1693227623097,9,3,6
26964,1693227623097,1692255358866,1692255358869,1693227623103,6,3,3
26965,1693227623103,1692255358873,1692255358876,1693227623111,8,3,5
26966,1693227623111,1692255358883,1692255358886,1693227623121,10,3,7
26967,1693227623121,1692255358891,1692255358894,1693227623129,8,3,5
26968,1693227623129,1692255358898,1692255358901,1693227623135,6,3,3
26969,1693227623135,1692255358904,1692255358908,1693227623142,7,4,3
26970,1693227623142,1692255358912,1692255358915,1693227623149,7,3,4
26971,1693227623149,1692255358919,1692255358922,1693227623156,7,3,4
26972,1693227623156,1692255358926,1692255358930,1693227623164,8,4,4
26973,1693227623164,1692255358934,1692255358937,1693227623171,7,3,4
26974,1693227623171,1692255358940,1692255358944,1693227623178,7,4,3
26975,1693227623178,1692255358948,1692255358951,1693227623185,7,3,4
26976,1693227623185,1692255358955,1692255358960,1693227623194,9,5,4
26977,1693227623194,1692255358964,1692255358967,1693227623202,8,3,5
26978,1693227623202,1692255358972,1692255358975,1693227623209,7,3,4
26979,1693227623209,1692255358979,1692255358982,1693227623218,9,3,6
26980,1693227623218,1692255358988,1692255358991,1693227623225,7,3,4
26981,1693227623226,1692255358996,1692255358999,1693227623233,7,3,4
26982,1693227623233,1692255359003,1692255359007,1693227623241,8,4,4
26983,1693227623241,1692255359011,1692255359015,1693227623250,9,4,5
26984,1693227623250,1692255359019,1692255359022,1693227623256,6,3,3
26985,1693227623257,1692255359027,1692255359030,1693227623264,7,3,4
26986,1693227623264,1692255359035,1692255359039,1693227623273,9,4,5
26987,1693227623273,1692255359043,1692255359046,1693227623280,7,3,4
26988,1693227623280,1692255359051,1692255359055,1693227623288,8,4,4
26989,1693227623289,1692255359058,1692255359062,1693227623296,7,4,3
26990,1693227623296,1692255359066,1692255359069,1693227623303,7,3,4
26991,1693227623303,1692255359073,1692255359076,1693227623310,7,3,4
26992,1693227623310,1692255359081,1692255359084,1693227623322,12,3,9
26993,1693227623322,1692255359095,1692255359098,1693227623332,10,3,7
26994,1693227623332,1692255359102,1692255359106,1693227623340,8,4,4
26995,1693227623340,1692255359110,1692255359114,1693227623349,9,4,5
26996,1693227623349,1692255359119,1692255359122,1693227623357,8,3,5
26997,1693227623357,1692255359128,1692255359132,1693227623367,10,4,6
26998,1693227623367,1692255359137,1692255359139,1693227623373,6,2,4
26999,1693227623373,1692255359143,1692255359146,1693227623380,7,3,4
27000,1693227623380,1692255359151,1692255359154,1693227623390,10,3,7
27001,1693227623390,1692255359161,1692255359164,1693227623399,9,3,6
27002,1693227623399,1692255359169,1692255359173,1693227623407,8,4,4
27003,1693227623407,1692255359178,1692255359181,1693227623415,8,3,5
27004,1693227623415,1692255359191,1692255359194,1693227623429,14,3,11
27005,1693227623429,1692255359199,1692255359202,1693227623437,8,3,5
27006,1693227623437,1692255359207,1692255359210,1693227623444,7,3,4
27007,1693227623444,1692255359215,1692255359218,1693227623452,8,3,5
27008,1693227623452,1692255359222,1692255359226,1693227623460,8,4,4
27009,1693227623460,1692255359230,1692255359234,1693227623468,8,4,4
27010,1693227623468,1692255359238,1692255359241,1693227623476,8,3,5
27011,1693227623476,1692255359245,1692255359248,1693227623483,7,3,4
27012,1693227623483,1692255359253,1692255359256,1693227623490,7,3,4
27013,1693227623491,1692255359261,1692255359265,1693227623500,9,4,5
27014,1693227623500,1692255359271,1692255359273,1693227623508,8,2,6
27015,1693227623508,1692255359279,1692255359282,1693227623516,8,3,5
27016,1693227623516,1692255359286,1692255359289,1693227623525,9,3,6
27017,1693227623525,1692255359296,1692255359299,1693227623533,8,3,5
27018,1693227623533,1692255359304,1692255359308,1693227623542,9,4,5
27019,1693227623542,1692255359312,1692255359315,1693227623549,7,3,4
27020,1693227623549,1692255359319,1692255359322,1693227623557,8,3,5
27021,1693227623557,1692255359327,1692255359330,1693227623565,8,3,5
27022,1693227623565,1692255359336,1692255359340,1693227623574,9,4,5
27023,1693227623574,1692255359344,1692255359347,1693227623581,7,3,4
27024,1693227623581,1692255359351,1692255359354,1693227623588,7,3,4
27025,1693227623588,1692255359358,1692255359361,1693227623596,8,3,5
27026,1693227623596,1692255359365,1692255359368,1693227623602,6,3,3
27027,1693227623602,1692255359373,1692255359375,1693227623610,8,2,6
27028,1693227623610,1692255359381,1692255359385,1693227623619,9,4,5
27029,1693227623619,1692255359393,1692255359396,1693227623631,12,3,9
27030,1693227623631,1692255359401,1692255359404,1693227623639,8,3,5
27031,1693227623639,1692255359409,1692255359412,1693227623647,8,3,5
27032,1693227623647,1692255359417,1692255359420,1693227623655,8,3,5
27033,1693227623655,1692255359425,1692255359428,1693227623663,8,3,5
27034,1693227623663,1692255359432,1692255359435,1693227623669,6,3,3
27035,1693227623669,1692255359439,1692255359442,1693227623676,7,3,4
27036,1693227623676,1692255359446,1692255359449,1693227623684,8,3,5
27037,1693227623684,1692255359454,1692255359458,1693227623692,8,4,4
27038,1693227623692,1692255359462,1692255359464,1693227623699,7,2,5
27039,1693227623699,1692255359468,1692255359472,1693227623707,8,4,4
27040,1693227623707,1692255359477,1692255359480,1693227623715,8,3,5
27041,1693227623715,1692255359485,1692255359488,1693227623722,7,3,4
27042,1693227623722,1692255359492,1692255359496,1693227623730,8,4,4
27043,1693227623730,1692255359500,1692255359503,1693227623738,8,3,5
27044,1693227623738,1692255359508,1692255359511,1693227623745,7,3,4
27045,1693227623745,1692255359515,1692255359518,1693227623752,7,3,4
27046,1693227623752,1692255359522,1692255359524,1693227623759,7,2,5
27047,1693227623759,1692255359529,1692255359532,1693227623767,8,3,5
27048,1693227623767,1692255359537,1692255359541,1693227623776,9,4,5
27049,1693227623776,1692255359546,1692255359549,1693227623783,7,3,4
27050,1693227623783,1692255359554,1692255359558,1693227623793,10,4,6
27051,1693227623793,1692255359563,1692255359566,1693227623800,7,3,4
27052,1693227623800,1692255359570,1692255359574,1693227623808,8,4,4
27053,1693227623808,1692255359578,1692255359581,1693227623816,8,3,5
27054,1693227623816,1692255359585,1692255359588,1693227623822,6,3,3
27055,1693227623822,1692255359592,1692255359597,1693227623833,11,5,6
27056,1693227623833,1692255359604,1692255359607,1693227623841,8,3,5
27057,1693227623841,1692255359611,1692255359614,1693227623848,7,3,4
27058,1693227623849,1692255359619,1692255359622,1693227623856,7,3,4
27059,1693227623857,1692255359627,1692255359630,1693227623864,7,3,4
27060,1693227623864,1692255359634,1692255359637,1693227623872,8,3,5
27061,1693227623872,1692255359642,1692255359645,1693227623879,7,3,4
27062,1693227623879,1692255359649,1692255359653,1693227623887,8,4,4
27063,1693227623887,1692255359657,1692255359660,1693227623895,8,3,5
27064,1693227623895,1692255359665,1692255359669,1693227623903,8,4,4
27065,1693227623903,1692255359672,1692255359675,1693227623910,7,3,4
27066,1693227623910,1692255359680,1692255359684,1693227623918,8,4,4
27067,1693227623918,1692255359688,1692255359691,1693227623926,8,3,5
27068,1693227623926,1692255359696,1692255359699,1693227623935,9,3,6
27069,1693227623935,1692255359706,1692255359709,1693227623943,8,3,5
27070,1693227623943,1692255359713,1692255359717,1693227623951,8,4,4
27071,1693227623951,1692255359721,1692255359724,1693227623958,7,3,4
27072,1693227623958,1692255359729,1692255359732,1693227623967,9,3,6
27073,1693227623967,1692255359737,1692255359740,1693227623975,8,3,5
27074,1693227623975,1692255359745,1692255359748,1693227623982,7,3,4
27075,1693227623982,1692255359753,1692255359755,1693227623990,8,2,6
27076,1693227623990,1692255359759,1692255359763,1693227623998,8,4,4
27077,1693227623998,1692255359768,1692255359771,1693227624005,7,3,4
27078,1693227624005,1692255359775,1692255359778,1693227624013,8,3,5
27079,1693227624013,1692255359784,1692255359787,1693227624021,8,3,5
27080,1693227624021,1692255359791,1692255359794,1693227624029,8,3,5
27081,1693227624029,1692255359799,1692255359802,1693227624038,9,3,6
27082,1693227624038,1692255359808,1692255359812,1693227624047,9,4,5
27083,1693227624047,1692255359817,1692255359820,1693227624055,8,3,5
27084,1693227624055,1692255359825,1692255359828,1693227624064,9,3,6
27085,1693227624064,1692255359834,1692255359837,1693227624072,8,3,5
27086,1693227624072,1692255359841,1692255359845,1693227624079,7,4,3
27087,1693227624079,1692255359850,1692255359855,1693227624090,11,5,6
27088,1693227624090,1692255359859,1692255359862,1693227624097,7,3,4
27089,1693227624097,1692255359866,1692255359870,1693227624104,7,4,3
27090,1693227624104,1692255359874,1692255359877,1693227624111,7,3,4
27091,1693227624111,1692255359882,1692255359886,1693227624120,9,4,5
27092,1693227624120,1692255359892,1692255359896,1693227624130,10,4,6
27093,1693227624130,1692255359901,1692255359904,1693227624140,10,3,7
27094,1693227624140,1692255359911,1692255359915,1693227624149,9,4,5
27095,1693227624149,1692255359919,1692255359922,1693227624156,7,3,4
27096,1693227624156,1692255359927,1692255359930,1693227624164,8,3,5
27097,1693227624164,1692255359934,1692255359938,1693227624172,8,4,4
27098,1693227624172,1692255359943,1692255359946,1693227624180,8,3,5
27099,1693227624180,1692255359951,1692255359953,1693227624187,7,2,5
27100,1693227624187,1692255359957,1692255359960,1693227624195,8,3,5
27101,1693227624195,1692255359965,1692255359968,1693227624202,7,3,4
27102,1693227624202,1692255359972,1692255359975,1693227624210,8,3,5
27103,1693227624210,1692255359980,1692255359983,1693227624218,8,3,5
27104,1693227624218,1692255359988,1692255359992,1693227624226,8,4,4
27105,1693227624226,1692255359996,1692255359999,1693227624233,7,3,4
27106,1693227624233,1692255360003,1692255360006,1693227624242,9,3,6
27107,1693227624242,1692255360012,1692255360015,1693227624250,8,3,5
27108,1693227624250,1692255360020,1692255360023,1693227624258,8,3,5
27109,1693227624258,1692255360028,1692255360031,1693227624266,8,3,5
27110,1693227624266,1692255360037,1692255360041,1693227624275,9,4,5
27111,1693227624275,1692255360045,1692255360048,1693227624283,8,3,5
27112,1693227624283,1692255360053,1692255360057,1693227624291,8,4,4
27113,1693227624291,1692255360061,1692255360064,1693227624299,8,3,5
27114,1693227624299,1692255360069,1692255360073,1693227624307,8,4,4
27115,1693227624307,1692255360077,1692255360081,1693227624315,8,4,4
27116,1693227624315,1692255360088,1692255360092,1693227624326,11,4,7
27117,1693227624326,1692255360097,1692255360100,1693227624338,12,3,9
27118,1693227624338,1692255360108,1692255360112,1693227624346,8,4,4
27119,1693227624346,1692255360116,1692255360119,1693227624353,7,3,4
27120,1693227624353,1692255360123,1692255360126,1693227624360,7,3,4
27121,1693227624360,1692255360130,1692255360133,1693227624367,7,3,4
27122,1693227624367,1692255360137,1692255360140,1693227624374,7,3,4
27123,1693227624374,1692255360145,1692255360149,1693227624383,9,4,5
27124,1693227624383,1692255360153,1692255360158,1693227624392,9,5,4
27125,1693227624392,1692255360162,1692255360165,1693227624399,7,3,4
27126,1693227624399,1692255360169,1692255360172,1693227624406,7,3,4
27127,1693227624406,1692255360177,1692255360180,1693227624415,9,3,6
27128,1693227624415,1692255360185,1692255360188,1693227624423,8,3,5
27129,1693227624423,1692255360193,1692255360196,1693227624430,7,3,4
27130,1693227624430,1692255360200,1692255360204,1693227624438,8,4,4
27131,1693227624438,1692255360207,1692255360211,1693227624447,9,4,5
27132,1693227624447,1692255360217,1692255360221,1693227624457,10,4,6
27133,1693227624457,1692255360227,1692255360231,1693227624465,8,4,4
27134,1693227624465,1692255360235,1692255360239,1693227624474,9,4,5
27135,1693227624474,1692255360243,1692255360247,1693227624481,7,4,3
27136,1693227624481,1692255360251,1692255360254,1693227624488,7,3,4
27137,1693227624488,1692255360258,1692255360261,1693227624495,7,3,4
27138,1693227624495,1692255360265,1692255360268,1693227624502,7,3,4
27139,1693227624502,1692255360272,1692255360275,1693227624510,8,3,5
27140,1693227624510,1692255360280,1692255360284,1693227624518,8,4,4
27141,1693227624518,1692255360287,1692255360291,1693227624525,7,4,3
27142,1693227624525,1692255360296,1692255360299,1693227624534,9,3,6
27143,1693227624534,1692255360303,1692255360308,1693227624542,8,5,3
27144,1693227624542,1692255360311,1692255360314,1693227624549,7,3,4
27145,1693227624549,1692255360320,1692255360323,1693227624557,8,3,5
27146,1693227624557,1692255360327,1692255360330,1693227624568,11,3,8
27147,1693227624568,1692255360338,1692255360342,1693227624576,8,4,4
27148,1693227624576,1692255360346,1692255360350,1693227624585,9,4,5
27149,1693227624585,1692255360355,1692255360358,1693227624592,7,3,4
27150,1693227624592,1692255360362,1692255360366,1693227624600,8,4,4
27151,1693227624600,1692255360370,1692255360373,1693227624607,7,3,4
27152,1693227624607,1692255360378,1692255360381,1693227624615,8,3,5
27153,1693227624615,1692255360387,1692255360391,1693227624625,10,4,6
27154,1693227624625,1692255360396,1692255360400,1693227624636,11,4,7
27155,1693227624636,1692255360428,1692255360432,1693227624694,58,4,54
27156,1693227624694,1692255360466,1692255360470,1693227624705,11,4,7
27157,1693227624705,1692255360475,1692255360479,1693227624713,8,4,4
27158,1693227624713,1692255360485,1692255360488,1693227624723,10,3,7
27159,1693227624723,1692255360494,1692255360497,1693227624732,9,3,6
27160,1693227624732,1692255360502,1692255360507,1693227624742,10,5,5
27161,1693227624742,1692255360512,1692255360516,1693227624750,8,4,4
27162,1693227624750,1692255360523,1692255360526,1693227624760,10,3,7
27163,1693227624760,1692255360530,1692255360533,1693227624772,12,3,9
27164,1693227624772,1692255360542,1692255360546,1693227624780,8,4,4
27165,1693227624780,1692255360551,1692255360554,1693227624792,12,3,9
27166,1693227624792,1692255360562,1692255360565,1693227624801,9,3,6
27167,1693227624801,1692255360572,1692255360575,1693227624809,8,3,5
27168,1693227624809,1692255360579,1692255360583,1693227624817,8,4,4
27169,1693227624817,1692255360587,1692255360591,1693227624826,9,4,5
27170,1693227624826,1692255360644,1692255360648,1693227624900,74,4,70
27171,1693227624900,1692255360671,1692255360675,1693227624909,9,4,5
27172,1693227624909,1692255360680,1692255360684,1693227624918,9,4,5
27173,1693227624918,1692255360688,1692255360691,1693227624926,8,3,5
27174,1693227624926,1692255360696,1692255360699,1693227624933,7,3,4
27175,1693227624933,1692255360704,1692255360708,1693227624942,9,4,5
27176,1693227624942,1692255360712,1692255360715,1693227624949,7,3,4
27177,1693227624950,1692255360719,1692255360723,1693227624959,9,4,5
27178,1693227624959,1692255360729,1692255360732,1693227624967,8,3,5
27179,1693227624967,1692255360736,1692255360740,1693227624974,7,4,3
27180,1693227624974,1692255360744,1692255360748,1693227624982,8,4,4
27181,1693227624982,1692255360754,1692255360758,1693227624992,10,4,6
27182,1693227624992,1692255360763,1692255360766,1693227625000,8,3,5
27183,1693227625000,1692255360770,1692255360773,1693227625008,8,3,5
27184,1693227625008,1692255360778,1692255360781,1693227625016,8,3,5
27185,1693227625016,1692255360786,1692255360789,1693227625024,8,3,5
27186,1693227625024,1692255360793,1692255360796,1693227625030,6,3,3
27187,1693227625030,1692255360800,1692255360804,1693227625038,8,4,4
27188,1693227625038,1692255360808,1692255360811,1693227625046,8,3,5
27189,1693227625046,1692255360816,1692255360820,1693227625054,8,4,4
27190,1693227625054,1692255360825,1692255360829,1693227625063,9,4,5
27191,1693227625063,1692255360833,1692255360836,1693227625070,7,3,4
27192,1693227625070,1692255360840,1692255360843,1693227625078,8,3,5
27193,1693227625078,1692255360848,1692255360850,1693227625085,7,2,5
27194,1693227625085,1692255360855,1692255360858,1693227625093,8,3,5
27195,1693227625093,1692255360864,1692255360866,1693227625101,8,2,6
27196,1693227625101,1692255360871,1692255360874,1693227625108,7,3,4
27197,1693227625108,1692255360878,1692255360883,1693227625117,9,5,4
27198,1693227625117,1692255360887,1692255360891,1693227625126,9,4,5
27199,1693227625126,1692255360896,1692255360899,1693227625133,7,3,4
27200,1693227625133,1692255360904,1692255360907,1693227625141,8,3,5
27201,1693227625141,1692255360911,1692255360915,1693227625149,8,4,4
27202,1693227625149,1692255360919,1692255360922,1693227625156,7,3,4
27203,1693227625156,1692255360926,1692255360930,1693227625164,8,4,4
27204,1693227625164,1692255360935,1692255360939,1693227625173,9,4,5
27205,1693227625173,1692255360943,1692255360947,1693227625181,8,4,4
27206,1693227625181,1692255360951,1692255360954,1693227625188,7,3,4
27207,1693227625188,1692255360958,1692255360961,1693227625196,8,3,5
27208,1693227625196,1692255360966,1692255360969,1693227625203,7,3,4
27209,1693227625203,1692255360973,1692255360977,1693227625211,8,4,4
27210,1693227625211,1692255360982,1692255360985,1693227625219,8,3,5
27211,1693227625219,1692255360990,1692255360993,1693227625227,8,3,5
27212,1693227625227,1692255360997,1692255360999,1693227625234,7,2,5
27213,1693227625234,1692255361004,1692255361007,1693227625242,8,3,5
27214,1693227625242,1692255361012,1692255361015,1693227625251,9,3,6
27215,1693227625251,1692255361021,1692255361024,1693227625258,7,3,4
27216,1693227625258,1692255361030,1692255361033,1693227625267,9,3,6
27217,1693227625267,1692255361037,1692255361040,1693227625275,8,3,5
27218,1693227625275,1692255361045,1692255361048,1693227625283,8,3,5
27219,1693227625283,1692255361053,1692255361056,1693227625293,10,3,7
27220,1693227625293,1692255361063,1692255361066,1693227625300,7,3,4
27221,1693227625300,1692255361070,1692255361073,1693227625307,7,3,4
27222,1693227625307,1692255361077,1692255361080,1693227625315,8,3,5
27223,1693227625315,1692255361085,1692255361088,1693227625323,8,3,5
27224,1693227625323,1692255361093,1692255361097,1693227625331,8,4,4
27225,1693227625331,1692255361104,1692255361107,1693227625344,13,3,10
27226,1693227625344,1692255361114,1692255361118,1693227625352,8,4,4
27227,1693227625352,1692255361122,1692255361126,1693227625360,8,4,4
27228,1693227625360,1692255361130,1692255361133,1693227625369,9,3,6
27229,1693227625369,1692255361139,1692255361143,1693227625377,8,4,4
27230,1693227625377,1692255361147,1692255361151,1693227625385,8,4,4
27231,1693227625385,1692255361155,1692255361159,1693227625394,9,4,5
27232,1693227625394,1692255361164,1692255361167,1693227625401,7,3,4
27233,1693227625401,1692255361173,1692255361177,1693227625411,10,4,6
27234,1693227625411,1692255361181,1692255361186,1693227625421,10,5,5
27235,1693227625421,1692255361192,1692255361196,1693227625430,9,4,5
27236,1693227625430,1692255361200,1692255361203,1693227625438,8,3,5
27237,1693227625438,1692255361208,1692255361211,1693227625446,8,3,5
27238,1693227625446,1692255361216,1692255361220,1693227625455,9,4,5
27239,1693227625456,1692255361225,1692255361230,1693227625464,8,5,3
27240,1693227625464,1692255361234,1692255361237,1693227625471,7,3,4
27241,1693227625471,1692255361241,1692255361244,1693227625478,7,3,4
27242,1693227625478,1692255361249,1692255361252,1693227625487,9,3,6
27243,1693227625487,1692255361256,1692255361260,1693227625494,7,4,3
27244,1693227625494,1692255361266,1692255361270,1693227625504,10,4,6
27245,1693227625504,1692255361274,1692255361277,1693227625511,7,3,4
27246,1693227625511,1692255361281,1692255361284,1693227625518,7,3,4
27247,1693227625518,1692255361288,1692255361291,1693227625525,7,3,4
27248,1693227625525,1692255361295,1692255361299,1693227625533,8,4,4
27249,1693227625533,1692255361304,1692255361307,1693227625542,9,3,6
27250,1693227625542,1692255361312,1692255361315,1693227625550,8,3,5
27251,1693227625550,1692255361320,1692255361323,1693227625559,9,3,6
27252,1693227625559,1692255361329,1692255361332,1693227625567,8,3,5
27253,1693227625567,1692255361337,1692255361340,1693227625575,8,3,5
27254,1693227625575,1692255361345,1692255361348,1693227625583,8,3,5
27255,1693227625583,1692255361353,1692255361356,1693227625591,8,3,5
27256,1693227625591,1692255361361,1692255361363,1693227625597,6,2,4
27257,1693227625598,1692255361368,1692255361371,1693227625605,7,3,4
27258,1693227625605,1692255361375,1692255361378,1693227625612,7,3,4
27259,1693227625612,1692255361383,1692255361386,1693227625620,8,3,5
27260,1693227625620,1692255361391,1692255361394,1693227625629,9,3,6
27261,1693227625629,1692255361399,1692255361402,1693227625636,7,3,4
27262,1693227625636,1692255361405,1692255361408,1693227625643,7,3,4
27263,1693227625643,1692255361413,1692255361417,1693227625651,8,4,4
27264,1693227625651,1692255361421,1692255361424,1693227625658,7,3,4
27265,1693227625658,1692255361428,1692255361432,1693227625667,9,4,5
27266,1693227625667,1692255361437,1692255361441,1693227625675,8,4,4
27267,1693227625676,1692255361445,1692255361448,1693227625683,7,3,4
27268,1693227625683,1692255361453,1692255361456,1693227625691,8,3,5
27269,1693227625691,1692255361460,1692255361464,1693227625698,7,4,3
27270,1693227625698,1692255361469,1692255361473,1693227625707,9,4,5
27271,1693227625707,1692255361477,1692255361482,1693227625716,9,5,4
27272,1693227625716,1692255361486,1692255361489,1693227625724,8,3,5
27273,1693227625724,1692255361494,1692255361497,1693227625731,7,3,4
27274,1693227625731,1692255361501,1692255361504,1693227625738,7,3,4
27275,1693227625738,1692255361508,1692255361512,1693227625746,8,4,4
27276,1693227625746,1692255361516,1692255361519,1693227625753,7,3,4
27277,1693227625754,1692255361524,1692255361527,1693227625761,7,3,4
27278,1693227625761,1692255361531,1692255361534,1693227625768,7,3,4
27279,1693227625768,1692255361538,1692255361541,1693227625778,10,3,7
27280,1693227625778,1692255361548,1692255361551,1693227625785,7,3,4
27281,1693227625785,1692255361556,1692255361559,1693227625794,9,3,6
27282,1693227625794,1692255361564,1692255361567,1693227625802,8,3,5
27283,1693227625802,1692255361574,1692255361577,1693227625811,9,3,6
27284,1693227625811,1692255361581,1692255361585,1693227625819,8,4,4
27285,1693227625819,1692255361590,1692255361593,1693227625828,9,3,6
27286,1693227625828,1692255361598,1692255361602,1693227625836,8,4,4
27287,1693227625836,1692255361605,1692255361609,1693227625843,7,4,3
27288,1693227625843,1692255361613,1692255361616,1693227625850,7,3,4
27289,1693227625850,1692255361620,1692255361624,1693227625859,9,4,5
27290,1693227625859,1692255361630,1692255361633,1693227625869,10,3,7
27291,1693227625869,1692255361640,1692255361643,1693227625877,8,3,5
27292,1693227625877,1692255361650,1692255361653,1693227625888,11,3,8
27293,1693227625888,1692255361658,1692255361661,1693227625896,8,3,5
27294,1693227625896,1692255361666,1692255361668,1693227625902,6,2,4
27295,1693227625902,1692255361673,1692255361676,1693227625911,9,3,6
27296,1693227625911,1692255361681,1692255361684,1693227625918,7,3,4
27297,1693227625918,1692255361689,1692255361691,1693227625925,7,2,5
27298,1693227625925,1692255361695,1692255361699,1693227625933,8,4,4
27299,1693227625933,1692255361703,1692255361706,1693227625941,8,3,5
27300,1693227625941,1692255361711,1692255361714,1693227625949,8,3,5
27301,1693227625949,1692255361719,1692255361721,1693227625956,7,2,5
27302,1693227625956,1692255361727,1692255361730,1693227625964,8,3,5
27303,1693227625964,1692255361734,1692255361737,1693227625972,8,3,5
27304,1693227625972,1692255361742,1692255361745,1693227625980,8,3,5
27305,1693227625980,1692255361752,1692255361755,1693227625989,9,3,6
27306,1693227625989,1692255361760,1692255361764,1693227625998,9,4,5
27307,1693227625998,1692255361768,1692255361771,1693227626005,7,3,4
27308,1693227626005,1692255361775,1692255361781,1693227626015,10,6,4
27309,1693227626015,1692255361786,1692255361790,1693227626025,10,4,6
27310,1693227626025,1692255361795,1692255361798,1693227626032,7,3,4
27311,1693227626032,1692255361803,1692255361806,1693227626040,8,3,5
27312,1693227626040,1692255361810,1692255361813,1693227626047,7,3,4
27313,1693227626047,1692255361817,1692255361820,1693227626055,8,3,5
27314,1693227626055,1692255361825,1692255361828,1693227626062,7,3,4
27315,1693227626062,1692255361832,1692255361838,1693227626072,10,6,4
27316,1693227626072,1692255361842,1692255361846,1693227626080,8,4,4
27317,1693227626080,1692255361850,1692255361853,1693227626087,7,3,4
27318,1693227626087,1692255361857,1692255361860,1693227626095,8,3,5
27319,1693227626095,1692255361866,1692255361869,1693227626103,8,3,5
27320,1693227626103,1692255361873,1692255361877,1693227626112,9,4,5
27321,1693227626112,1692255361882,1692255361886,1693227626120,8,4,4
27322,1693227626120,1692255361890,1692255361893,1693227626128,8,3,5
27323,1693227626128,1692255361897,1692255361901,1693227626135,7,4,3
27324,1693227626135,1692255361905,1692255361908,1693227626142,7,3,4
27325,1693227626142,1692255361912,1692255361916,1693227626150,8,4,4
27326,1693227626151,1692255361923,1692255361926,1693227626161,10,3,7
27327,1693227626161,1692255361932,1692255361936,1693227626172,11,4,7
27328,1693227626172,1692255361942,1692255361946,1693227626180,8,4,4
27329,1693227626180,1692255361951,1692255361954,1693227626188,8,3,5
27330,1693227626188,1692255361959,1692255361961,1693227626196,8,2,6
27331,1693227626196,1692255361966,1692255361970,1693227626204,8,4,4
27332,1693227626204,1692255361974,1692255361978,1693227626215,11,4,7
27333,1693227626215,1692255361985,1692255361989,1693227626223,8,4,4
27334,1693227626223,1692255361994,1692255361997,1693227626231,8,3,5
27335,1693227626231,1692255362002,1692255362005,1693227626239,8,3,5
27336,1693227626239,1692255362010,1692255362012,1693227626246,7,2,5
27337,1693227626246,1692255362016,1692255362021,1693227626256,10,5,5
27338,1693227626256,1692255362026,1692255362030,1693227626264,8,4,4
27339,1693227626264,1692255362034,1692255362038,1693227626272,8,4,4
27340,1693227626272,1692255362043,1692255362046,1693227626280,8,3,5
27341,1693227626280,1692255362050,1692255362053,1693227626290,10,3,7
27342,1693227626290,1692255362060,1692255362063,1693227626298,8,3,5
27343,1693227626298,1692255362068,1692255362072,1693227626307,9,4,5
27344,1693227626307,1692255362077,1692255362080,1693227626315,8,3,5
27345,1693227626315,1692255362084,1692255362088,1693227626322,7,4,3
27346,1693227626322,1692255362092,1692255362096,1693227626330,8,4,4
27347,1693227626330,1692255362100,1692255362103,1693227626337,7,3,4
27348,1693227626337,1692255362107,1692255362111,1693227626345,8,4,4
27349,1693227626345,1692255362118,1692255362122,1693227626356,11,4,7
27350,1693227626356,1692255362126,1692255362129,1693227626363,7,3,4
27351,1693227626363,1692255362134,1692255362137,1693227626372,9,3,6
27352,1693227626372,1692255362142,1692255362146,1693227626380,8,4,4
27353,1693227626380,1692255362150,1692255362153,1693227626387,7,3,4
27354,1693227626387,1692255362160,1692255362164,1693227626398,11,4,7
27355,1693227626398,1692255362169,1692255362172,1693227626406,8,3,5
27356,1693227626406,1692255362176,1692255362180,1693227626414,8,4,4
27357,1693227626414,1692255362184,1692255362187,1693227626421,7,3,4
27358,1693227626421,1692255362192,1692255362196,1693227626430,9,4,5
27359,1693227626430,1692255362200,1692255362204,1693227626438,8,4,4
27360,1693227626438,1692255362208,1692255362211,1693227626445,7,3,4
27361,1693227626445,1692255362215,1692255362218,1693227626452,7,3,4
27362,1693227626452,1692255362222,1692255362225,1693227626459,7,3,4
27363,1693227626459,1692255362229,1692255362233,1693227626467,8,4,4
27364,1693227626467,1692255362237,1692255362241,1693227626475,8,4,4
27365,1693227626475,1692255362249,1692255362252,1693227626486,11,3,8
27366,1693227626486,1692255362256,1692255362259,1693227626495,9,3,6
27367,1693227626495,1692255362265,1692255362268,1693227626502,7,3,4
27368,1693227626502,1692255362272,1692255362275,1693227626509,7,3,4
27369,1693227626509,1692255362280,1692255362282,1693227626517,8,2,6
27370,1693227626517,1692255362288,1692255362291,1693227626525,8,3,5
27371,1693227626525,1692255362295,1692255362299,1693227626533,8,4,4
27372,1693227626533,1692255362303,1692255362306,1693227626540,7,3,4
27373,1693227626540,1692255362310,1692255362312,1693227626546,6,2,4
27374,1693227626547,1692255362317,1692255362320,1693227626554,7,3,4
27375,1693227626554,1692255362324,1692255362327,1693227626562,8,3,5
27376,1693227626562,1692255362332,1692255362335,1693227626569,7,3,4
27377,1693227626569,1692255362340,1692255362343,1693227626577,8,3,5
27378,1693227626577,1692255362347,1692255362351,1693227626585,8,4,4
27379,1693227626585,1692255362355,1692255362358,1693227626593,8,3,5
27380,1693227626593,1692255362365,1692255362370,1693227626604,11,5,6
27381,1693227626604,1692255362374,1692255362378,1693227626613,9,4,5
27382,1693227626613,1692255362383,1692255362386,1693227626620,7,3,4
27383,1693227626620,1692255362391,1692255362396,1693227626630,10,5,5
27384,1693227626630,1692255362400,1692255362403,1693227626637,7,3,4
27385,1693227626637,1692255362407,1692255362411,1693227626646,9,4,5
27386,1693227626646,1692255362416,1692255362420,1693227626654,8,4,4
27387,1693227626654,1692255362424,1692255362427,1693227626662,8,3,5
27388,1693227626662,1692255362432,1692255362436,1693227626670,8,4,4
27389,1693227626670,1692255362439,1692255362443,1693227626677,7,4,3
27390,1693227626677,1692255362447,1692255362451,1693227626685,8,4,4
27391,1693227626685,1692255362455,1692255362459,1693227626693,8,4,4
27392,1693227626693,1692255362463,1692255362466,1693227626700,7,3,4
27393,1693227626700,1692255362470,1692255362474,1693227626708,8,4,4
27394,1693227626708,1692255362478,1692255362482,1693227626716,8,4,4
27395,1693227626716,1692255362487,1692255362490,1693227626725,9,3,6
27396,1693227626725,1692255362495,1692255362499,1693227626733,8,4,4
27397,1693227626733,1692255362503,1692255362506,1693227626740,7,3,4
27398,1693227626741,1692255362511,1692255362513,1693227626748,7,2,5
27399,1693227626748,1692255362518,1692255362521,1693227626755,7,3,4
27400,1693227626755,1692255362525,1692255362529,1693227626763,8,4,4
27401,1693227626763,1692255362533,1692255362537,1693227626771,8,4,4
27402,1693227626771,1692255362541,1692255362545,1693227626779,8,4,4
27403,1693227626780,1692255362550,1692255362553,1693227626787,7,3,4
27404,1693227626787,1692255362558,1692255362561,1693227626796,9,3,6
27405,1693227626796,1692255362566,1692255362569,1693227626803,7,3,4
27406,1693227626803,1692255362575,1692255362578,1693227626813,10,3,7
27407,1693227626813,1692255362583,1692255362586,1693227626820,7,3,4
27408,1693227626820,1692255362590,1692255362593,1693227626828,8,3,5
27409,1693227626828,1692255362598,1692255362600,1693227626835,7,2,5
27410,1693227626835,1692255362604,1692255362608,1693227626843,8,4,4
27411,1693227626843,1692255362613,1692255362616,1693227626850,7,3,4
27412,1693227626850,1692255362620,1692255362622,1693227626856,6,2,4
27413,1693227626856,1692255362630,1692255362633,1693227626867,11,3,8
27414,1693227626867,1692255362637,1692255362641,1693227626875,8,4,4
27415,1693227626875,1692255362645,1692255362649,1693227626883,8,4,4
27416,1693227626883,1692255362654,1692255362659,1693227626894,11,5,6
27417,1693227626894,1692255362664,1692255362667,1693227626902,8,3,5
27418,1693227626902,1692255362674,1692255362677,1693227626911,9,3,6
27419,1693227626911,1692255362682,1692255362685,1693227626919,8,3,5
27420,1693227626919,1692255362689,1692255362692,1693227626926,7,3,4
27421,1693227626926,1692255362696,1692255362699,1693227626933,7,3,4
27422,1693227626933,1692255362704,1692255362707,1693227626941,8,3,5
27423,1693227626941,1692255362711,1692255362714,1693227626949,8,3,5
27424,1693227626949,1692255362719,1692255362722,1693227626956,7,3,4
27425,1693227626956,1692255362727,1692255362731,1693227626966,10,4,6
27426,1693227626966,1692255362736,1692255362739,1693227626973,7,3,4
27427,1693227626973,1692255362743,1692255362747,1693227626981,8,4,4
27428,1693227626981,1692255362751,1692255362754,1693227626988,7,3,4
27429,1693227626988,1692255362758,1692255362762,1693227626997,9,4,5
27430,1693227626997,1692255362767,1692255362770,1693227627007,10,3,7
27431,1693227627007,1692255362777,1692255362780,1693227627015,8,3,5
27432,1693227627015,1692255362785,1692255362788,1693227627022,7,3,4
27433,1693227627022,1692255362792,1692255362795,1693227627030,8,3,5
27434,1693227627030,1692255362803,1692255362806,1693227627041,11,3,8
27435,1693227627041,1692255362811,1692255362815,1693227627049,8,4,4
27436,1693227627049,1692255362819,1692255362822,1693227627056,7,3,4
27437,1693227627056,1692255362826,1692255362829,1693227627063,7,3,4
27438,1693227627063,1692255362833,1692255362836,1693227627070,7,3,4
27439,1693227627070,1692255362839,1692255362843,1693227627077,7,4,3
27440,1693227627077,1692255362848,1692255362852,1693227627086,9,4,5
27441,1693227627086,1692255362857,1692255362860,1693227627094,8,3,5
27442,1693227627094,1692255362864,1692255362868,1693227627102,8,4,4
27443,1693227627102,1692255362872,1692255362875,1693227627110,8,3,5
27444,1693227627110,1692255362880,1692255362884,1693227627118,8,4,4
27445,1693227627118,1692255362888,1692255362891,1693227627126,8,3,5
27446,1693227627126,1692255362896,1692255362899,1693227627136,10,3,7
27447,1693227627136,1692255362906,1692255362910,1693227627144,8,4,4
27448,1693227627144,1692255362913,1692255362917,1693227627151,7,4,3
27449,1693227627151,1692255362921,1692255362924,1693227627159,8,3,5
27450,1693227627159,1692255362928,1692255362932,1693227627167,8,4,4
27451,1693227627167,1692255362937,1692255362940,1693227627174,7,3,4
27452,1693227627174,1692255362947,1692255362950,1693227627184,10,3,7
27453,1693227627184,1692255362955,1692255362959,1693227627194,10,4,6
27454,1693227627194,1692255362965,1692255362968,1693227627202,8,3,5
27455,1693227627202,1692255362971,1692255362975,1693227627212,10,4,6
27456,1693227627212,1692255362982,1692255362986,1693227627220,8,4,4
27457,1693227627220,1692255363002,1692255363005,1693227627239,19,3,16
27458,1693227627239,1692255363010,1692255363013,1693227627248,9,3,6
27459,1693227627248,1692255363022,1692255363026,1693227627261,13,4,9
27460,1693227627261,1692255363032,1692255363036,1693227627270,9,4,5
27461,1693227627270,1692255363040,1692255363043,1693227627277,7,3,4
27462,1693227627277,1692255363050,1692255363053,1693227627287,10,3,7
27463,1693227627287,1692255363058,1692255363064,1693227627299,12,6,6
27464,1693227627299,1692255363069,1692255363072,1693227627307,8,3,5
27465,1693227627307,1692255363077,1692255363080,1693227627314,7,3,4
27466,1693227627314,1692255363085,1692255363088,1693227627322,8,3,5
27467,1693227627322,1692255363092,1692255363096,1693227627331,9,4,5
27468,1693227627331,1692255363101,1692255363104,1693227627340,9,3,6
27469,1693227627340,1692255363110,1692255363114,1693227627348,8,4,4
27470,1693227627348,1692255363119,1692255363125,1693227627360,12,6,6
27471,1693227627360,1692255363130,1692255363133,1693227627367,7,3,4
27472,1693227627367,1692255363137,1692255363140,1693227627375,8,3,5
27473,1693227627375,1692255363145,1692255363148,1693227627384,9,3,6
27474,1693227627384,1692255363154,1692255363157,1693227627391,7,3,4
27475,1693227627391,1692255363161,1692255363164,1693227627398,7,3,4
27476,1693227627398,1692255363168,1692255363172,1693227627406,8,4,4
27477,1693227627406,1692255363176,1692255363179,1693227627414,8,3,5
27478,1693227627414,1692255363186,1692255363189,1693227627424,10,3,7
27479,1693227627424,1692255363194,1692255363198,1693227627432,8,4,4
27480,1693227627432,1692255363203,1692255363207,1693227627441,9,4,5
27481,1693227627441,1692255363211,1692255363214,1693227627450,9,3,6
27482,1693227627450,1692255363220,1692255363223,1693227627458,8,3,5
27483,1693227627458,1692255363228,1692255363231,1693227627470,12,3,9
27484,1693227627470,1692255363240,1692255363243,1693227627477,7,3,4
27485,1693227627478,1692255363248,1692255363251,1693227627486,8,3,5
27486,1693227627486,1692255363256,1692255363260,1693227627494,8,4,4
27487,1693227627494,1692255363264,1692255363267,1693227627501,7,3,4
27488,1693227627501,1692255363272,1692255363276,1693227627510,9,4,5
27489,1693227627510,1692255363280,1692255363283,1693227627519,9,3,6
27490,1693227627519,1692255363289,1692255363293,1693227627527,8,4,4
27491,1693227627527,1692255363298,1692255363301,1693227627535,8,3,5
27492,1693227627535,1692255363306,1692255363309,1693227627544,9,3,6
27493,1693227627544,1692255363314,1692255363320,1693227627578,34,6,28
27494,1693227627578,1692255363349,1692255363352,1693227627586,8,3,5
27495,1693227627586,1692255363356,1692255363361,1693227627595,9,5,4
27496,1693227627595,1692255363366,1692255363369,1693227627606,11,3,8
27497,1693227627606,1692255363376,1692255363380,1693227627614,8,4,4
27498,1693227627614,1692255363384,1692255363388,1693227627622,8,4,4
27499,1693227627622,1692255363393,1692255363396,1693227627630,8,3,5
27500,1693227627630,1692255363401,1692255363404,1693227627638,8,3,5
27501,1693227627638,1692255363409,1692255363412,1693227627647,9,3,6
27502,1693227627647,1692255363417,1692255363421,1693227627655,8,4,4
27503,1693227627655,1692255363424,1692255363428,1693227627663,8,4,4
27504,1693227627663,1692255363433,1692255363436,1693227627670,7,3,4
27505,1693227627670,1692255363440,1692255363442,1693227627677,7,2,5
27506,1693227627677,1692255363447,1692255363451,1693227627685,8,4,4
27507,1693227627685,1692255363455,1692255363458,1693227627693,8,3,5
27508,1693227627693,1692255363463,1692255363466,1693227627700,7,3,4
27509,1693227627700,1692255363470,1692255363473,1693227627707,7,3,4
27510,1693227627707,1692255363478,1692255363481,1693227627715,8,3,5
27511,1693227627715,1692255363486,1692255363489,1693227627723,8,3,5
27512,1693227627723,1692255363493,1692255363496,1693227627730,7,3,4
27513,1693227627730,1692255363500,1692255363505,1693227627739,9,5,4
27514,1693227627739,1692255363508,1692255363511,1693227627746,7,3,4
27515,1693227627746,1692255363515,1692255363519,1693227627753,7,4,3
27516,1693227627753,1692255363523,1692255363526,1693227627760,7,3,4
27517,1693227627760,1692255363531,1692255363534,1693227627768,8,3,5
27518,1693227627768,1692255363538,1692255363541,1693227627775,7,3,4
27519,1693227627775,1692255363545,1692255363548,1693227627782,7,3,4
27520,1693227627782,1692255363552,1692255363556,1693227627790,8,4,4
27521,1693227627790,1692255363562,1692255363565,1693227627799,9,3,6
27522,1693227627799,1692255363570,1692255363572,1693227627807,8,2,6
27523,1693227627807,1692255363578,1692255363581,1693227627815,8,3,5
27524,1693227627815,1692255363585,1692255363590,1693227627828,13,5,8
27525,1693227627828,1692255363599,1692255363602,1693227627836,8,3,5
27526,1693227627836,1692255363606,1692255363609,1693227627844,8,3,5
27527,1693227627844,1692255363614,1692255363617,1693227627851,7,3,4
27528,1693227627851,1692255363622,1692255363626,1693227627860,9,4,5
27529,1693227627860,1692255363630,1692255363633,1693227627867,7,3,4
27530,1693227627867,1692255363637,1692255363641,1693227627875,8,4,4
27531,1693227627875,1692255363645,1692255363648,1693227627883,8,3,5
27532,1693227627883,1692255363653,1692255363657,1693227627891,8,4,4
27533,1693227627891,1692255363669,1692255363673,1693227627907,16,4,12
27534,1693227627907,1692255363677,1692255363681,1693227627915,8,4,4
27535,1693227627915,1692255363685,1692255363688,1693227627922,7,3,4
27536,1693227627922,1692255363692,1692255363695,1693227627930,8,3,5
27537,1693227627930,1692255363700,1692255363702,1693227627937,7,2,5
27538,1693227627937,1692255363707,1692255363710,1693227627944,7,3,4
27539,1693227627944,1692255363714,1692255363718,1693227627952,8,4,4
27540,1693227627952,1692255363722,1692255363725,1693227627959,7,3,4
27541,1693227627959,1692255363728,1692255363733,1693227627967,8,5,3
27542,1693227627967,1692255363737,1692255363741,1693227627975,8,4,4
27543,1693227627975,1692255363745,1692255363749,1693227627983,8,4,4
27544,1693227627983,1692255363753,1692255363756,1693227627990,7,3,4
27545,1693227627990,1692255363767,1692255363770,1693227628004,14,3,11
27546,1693227628004,1692255363775,1692255363779,1693227628013,9,4,5
27547,1693227628013,1692255363782,1692255363785,1693227628019,6,3,3
27548,1693227628019,1692255363789,1692255363792,1693227628026,7,3,4
27549,1693227628026,1692255363799,1692255363803,1693227628037,11,4,7
27550,1693227628037,1692255363807,1692255363810,1693227628044,7,3,4
27551,1693227628044,1692255363814,1692255363817,1693227628052,8,3,5
27552,1693227628052,1692255363821,1692255363824,1693227628058,6,3,3
27553,1693227628058,1692255363828,1692255363832,1693227628066,8,4,4
27554,1693227628066,1692255363836,1692255363838,1693227628073,7,2,5
27555,1693227628073,1692255363842,1692255363846,1693227628080,7,4,3
27556,1693227628080,1692255363849,1692255363852,1693227628086,6,3,3
27557,1693227628086,1692255363856,1692255363859,1693227628093,7,3,4
27558,1693227628093,1692255363864,1692255363867,1693227628101,8,3,5
27559,1693227628101,1692255363871,1692255363875,1693227628109,8,4,4
27560,1693227628109,1692255363879,1692255363882,1693227628116,7,3,4
27561,1693227628116,1692255363886,1692255363890,1693227628124,8,4,4
27562,1693227628124,1692255363895,1692255363898,1693227628133,9,3,6
27563,1693227628133,1692255363903,1692255363907,1693227628141,8,4,4
27564,1693227628141,1692255363912,1692255363916,1693227628151,10,4,6
27565,1693227628151,1692255363920,1692255363924,1693227628158,7,4,3
27566,1693227628158,1692255363928,1692255363931,1693227628166,8,3,5
27567,1693227628166,1692255363936,1692255363939,1693227628173,7,3,4
27568,1693227628173,1692255363943,1692255363947,1693227628181,8,4,4
27569,1693227628181,1692255363951,1692255363954,1693227628188,7,3,4
27570,1693227628188,1692255363959,1692255363962,1693227628196,8,3,5
27571,1693227628196,1692255363966,1692255363968,1693227628203,7,2,5
27572,1693227628203,1692255363975,1692255363981,1693227628215,12,6,6
27573,1693227628215,1692255363985,1692255363989,1693227628223,8,4,4
27574,1693227628223,1692255363994,1692255363997,1693227628231,8,3,5
27575,1693227628231,1692255364003,1692255364007,1693227628241,10,4,6
27576,1693227628241,1692255364011,1692255364014,1693227628248,7,3,4
27577,1693227628248,1692255364018,1692255364022,1693227628256,8,4,4
27578,1693227628256,1692255364027,1692255364030,1693227628264,8,3,5
27579,1693227628265,1692255364035,1692255364038,1693227628272,7,3,4
27580,1693227628272,1692255364042,1692255364046,1693227628280,8,4,4
27581,1693227628280,1692255364051,1692255364054,1693227628289,9,3,6
27582,1693227628289,1692255364059,1692255364063,1693227628297,8,4,4
27583,1693227628297,1692255364068,1692255364071,1693227628306,9,3,6
27584,1693227628306,1692255364076,1692255364079,1693227628314,8,3,5
27585,1693227628314,1692255364085,1692255364088,1693227628323,9,3,6
27586,1693227628323,1692255364093,1692255364097,1693227628332,9,4,5
27587,1693227628332,1692255364102,1692255364105,1693227628340,8,3,5
27588,1693227628340,1692255364110,1692255364113,1693227628348,8,3,5
27589,1693227628348,1692255364118,1692255364122,1693227628356,8,4,4
27590,1693227628356,1692255364130,1692255364133,1693227628368,12,3,9
27591,1693227628368,1692255364138,1692255364142,1693227628376,8,4,4
27592,1693227628376,1692255364147,1692255364150,1693227628385,9,3,6
27593,1693227628385,1692255364155,1692255364158,1693227628392,7,3,4
27594,1693227628392,1692255364162,1692255364165,1693227628400,8,3,5
27595,1693227628400,1692255364170,1692255364173,1693227628408,8,3,5
27596,1693227628408,1692255364179,1692255364184,1693227628418,10,5,5
27597,1693227628418,1692255364189,1692255364192,1693227628426,8,3,5
27598,1693227628426,1692255364196,1692255364200,1693227628434,8,4,4
27599,1693227628434,1692255364204,1692255364207,1693227628442,8,3,5
27600,1693227628442,1692255364212,1692255364216,1693227628450,8,4,4
27601,1693227628450,1692255364220,1692255364224,1693227628459,9,4,5
27602,1693227628459,1692255364229,1692255364232,1693227628467,8,3,5
27603,1693227628467,1692255364237,1692255364241,1693227628475,8,4,4
27604,1693227628475,1692255364245,1692255364248,1693227628483,8,3,5
27605,1693227628483,1692255364253,1692255364256,1693227628490,7,3,4
27606,1693227628490,1692255364261,1692255364264,1693227628498,8,3,5
27607,1693227628498,1692255364268,1692255364271,1693227628505,7,3,4
27608,1693227628505,1692255364278,1692255364282,1693227628516,11,4,7
27609,1693227628516,1692255364288,1692255364292,1693227628528,12,4,8
27610,1693227628528,1692255364298,1692255364302,1693227628536,8,4,4
27611,1693227628536,1692255364306,1692255364309,1693227628544,8,3,5
27612,1693227628544,1692255364314,1692255364317,1693227628551,7,3,4
27613,1693227628551,1692255364322,1692255364325,1693227628559,8,3,5
27614,1693227628559,1692255364330,1692255364333,1693227628568,9,3,6
27615,1693227628568,1692255364338,1692255364341,1693227628575,7,3,4
27616,1693227628575,1692255364345,1692255364347,1693227628582,7,2,5
27617,1693227628582,1692255364352,1692255364355,1693227628589,7,3,4
27618,1693227628589,1692255364359,1692255364362,1693227628596,7,3,4
27619,1693227628596,1692255364366,1692255364369,1693227628603,7,3,4
27620,1693227628603,1692255364374,1692255364377,1693227628611,8,3,5
27621,1693227628611,1692255364382,1692255364385,1693227628620,9,3,6
27622,1693227628620,1692255364390,1692255364393,1693227628628,8,3,5
27623,1693227628628,1692255364400,1692255364403,1693227628637,9,3,6
27624,1693227628637,1692255364408,1692255364411,1693227628645,8,3,5
27625,1693227628645,1692255364415,1692255364418,1693227628652,7,3,4
27626,1693227628652,1692255364422,1692255364426,1693227628660,8,4,4
27627,1693227628660,1692255364430,1692255364433,1693227628667,7,3,4
27628,1693227628667,1692255364437,1692255364440,1693227628674,7,3,4
27629,1693227628675,1692255364445,1692255364449,1693227628683,8,4,4
27630,1693227628683,1692255364453,1692255364456,1693227628690,7,3,4
27631,1693227628690,1692255364460,1692255364464,1693227628698,8,4,4
27632,1693227628698,1692255364467,1692255364470,1693227628704,6,3,3
27633,1693227628704,1692255364475,1692255364480,1693227628714,10,5,5
27634,1693227628714,1692255364484,1692255364487,1693227628722,8,3,5
27635,1693227628722,1692255364493,1692255364497,1693227628731,9,4,5
27636,1693227628731,1692255364501,1692255364504,1693227628738,7,3,4
27637,1693227628738,1692255364507,1692255364511,1693227628745,7,4,3
27638,1693227628745,1692255364516,1692255364519,1693227628754,9,3,6
27639,1693227628754,1692255364526,1692255364529,1693227628764,10,3,7
27640,1693227628764,1692255364533,1692255364536,1693227628771,7,3,4
27641,1693227628771,1692255364543,1692255364547,1693227628781,10,4,6
27642,1693227628781,1692255364550,1692255364554,1693227628788,7,4,3
27643,1693227628788,1692255364558,1692255364561,1693227628795,7,3,4
27644,1693227628795,1692255364565,1692255364568,1693227628802,7,3,4
27645,1693227628802,1692255364572,1692255364575,1693227628809,7,3,4
27646,1693227628809,1692255364579,1692255364582,1693227628816,7,3,4
27647,1693227628816,1692255364586,1692255364589,1693227628823,7,3,4
27648,1693227628823,1692255364594,1692255364596,1693227628831,8,2,6
27649,1693227628831,1692255364601,1692255364604,1693227628838,7,3,4
27650,1693227628838,1692255364608,1692255364612,1693227628846,8,4,4
27651,1693227628846,1692255364618,1692255364621,1693227628856,10,3,7
27652,1693227628856,1692255364626,1692255364629,1693227628863,7,3,4
27653,1693227628863,1692255364633,1692255364636,1693227628870,7,3,4
27654,1693227628870,1692255364641,1692255364644,1693227628878,8,3,5
27655,1693227628878,1692255364648,1692255364651,1693227628886,8,3,5
27656,1693227628886,1692255364656,1692255364659,1693227628893,7,3,4
27657,1693227628893,1692255364662,1692255364665,1693227628899,6,3,3
27658,1693227628899,1692255364669,1692255364672,1693227628907,8,3,5
27659,1693227628907,1692255364677,1692255364680,1693227628915,8,3,5
27660,1693227628915,1692255364685,1692255364688,1693227628922,7,3,4
27661,1693227628922,1692255364692,1692255364695,1693227628930,8,3,5
27662,1693227628930,1692255364699,1692255364702,1693227628936,6,3,3
27663,1693227628936,1692255364706,1692255364709,1693227628943,7,3,4
27664,1693227628944,1692255364714,1692255364717,1693227628953,9,3,6
27665,1693227628953,1692255364723,1692255364726,1693227628960,7,3,4
27666,1693227628960,1692255364730,1692255364733,1693227628968,8,3,5
27667,1693227628968,1692255364738,1692255364741,1693227628975,7,3,4
27668,1693227628975,1692255364745,1692255364748,1693227628982,7,3,4
27669,1693227628982,1692255364752,1692255364755,1693227628989,7,3,4
27670,1693227628989,1692255364761,1692255364766,1693227629001,12,5,7
27671,1693227629001,1692255364771,1692255364773,1693227629008,7,2,5
27672,1693227629008,1692255364779,1692255364782,1693227629016,8,3,5
27673,1693227629016,1692255364786,1692255364789,1693227629023,7,3,4
27674,1693227629023,1692255364794,1692255364797,1693227629031,8,3,5
27675,1693227629031,1692255364801,1692255364804,1693227629038,7,3,4
27676,1693227629038,1692255364809,1692255364812,1693227629046,8,3,5
27677,1693227629046,1692255364816,1692255364819,1693227629055,9,3,6
27678,1693227629055,1692255364825,1692255364828,1693227629062,7,3,4
27679,1693227629063,1692255364832,1692255364836,1693227629070,7,4,3
27680,1693227629070,1692255364840,1692255364843,1693227629077,7,3,4
27681,1693227629077,1692255364848,1692255364850,1693227629085,8,2,6
27682,1693227629085,1692255364855,1692255364859,1693227629093,8,4,4
27683,1693227629093,1692255364862,1692255364866,1693227629100,7,4,3
27684,1693227629100,1692255364870,1692255364874,1693227629108,8,4,4
27685,1693227629108,1692255364878,1692255364881,1693227629115,7,3,4
27686,1693227629115,1692255364885,1692255364887,1693227629122,7,2,5
27687,1693227629122,1692255364892,1692255364895,1693227629130,8,3,5
27688,1693227629130,1692255364901,1692255364907,1693227629141,11,6,5
27689,1693227629141,1692255364912,1692255364915,1693227629149,8,3,5
27690,1693227629149,1692255364920,1692255364923,1693227629157,8,3,5
27691,1693227629157,1692255364928,1692255364931,1693227629165,8,3,5
27692,1693227629165,1692255364936,1692255364939,1693227629173,8,3,5
27693,1693227629173,1692255364943,1692255364947,1693227629181,8,4,4
27694,1693227629181,1692255364952,1692255364956,1693227629191,10,4,6
27695,1693227629191,1692255364961,1692255364963,1693227629198,7,2,5
27696,1693227629198,1692255364967,1692255364971,1693227629205,7,4,3
27697,1693227629205,1692255364975,1692255364978,1693227629213,8,3,5
27698,1693227629213,1692255364983,1692255364986,1693227629220,7,3,4
27699,1693227629220,1692255364989,1692255364993,1693227629227,7,4,3
27700,1693227629227,1692255364997,1692255365000,1693227629234,7,3,4
27701,1693227629234,1692255365004,1692255365007,1693227629242,8,3,5
27702,1693227629242,1692255365012,1692255365015,1693227629250,8,3,5
27703,1693227629250,1692255365020,1692255365023,1693227629257,7,3,4
27704,1693227629257,1692255365030,1692255365034,1693227629268,11,4,7
27705,1693227629268,1692255365038,1692255365041,1693227629276,8,3,5
27706,1693227629276,1692255365046,1692255365050,1693227629285,9,4,5
27707,1693227629285,1692255365055,1692255365058,1693227629292,7,3,4
27708,1693227629292,1692255365062,1692255365066,1693227629301,9,4,5
27709,1693227629301,1692255365071,1692255365074,1693227629308,7,3,4
27710,1693227629308,1692255365078,1692255365080,1693227629315,7,2,5
27711,1693227629315,1692255365085,1692255365088,1693227629323,8,3,5
27712,1693227629323,1692255365093,1692255365097,1693227629332,9,4,5
27713,1693227629332,1692255365102,1692255365104,1693227629339,7,2,5
27714,1693227629339,1692255365109,1692255365112,1693227629346,7,3,4
27715,1693227629346,1692255365116,1692255365119,1693227629353,7,3,4
27716,1693227629353,1692255365124,1692255365127,1693227629362,9,3,6
27717,1693227629362,1692255365137,1692255365139,1693227629374,12,2,10
27718,1693227629374,1692255365144,1692255365147,1693227629381,7,3,4
27719,1693227629381,1692255365152,1692255365156,1693227629390,9,4,5
27720,1693227629390,1692255365159,1692255365163,1693227629397,7,4,3
27721,1693227629397,1692255365167,1692255365170,1693227629405,8,3,5
27722,1693227629405,1692255365175,1692255365178,1693227629413,8,3,5
27723,1693227629413,1692255365184,1692255365188,1693227629422,9,4,5
27724,1693227629422,1692255365192,1692255365196,1693227629430,8,4,4
27725,1693227629430,1692255365200,1692255365203,1693227629438,8,3,5
27726,1693227629438,1692255365209,1692255365212,1693227629446,8,3,5
27727,1693227629446,1692255365217,1692255365220,1693227629455,9,3,6
27728,1693227629455,1692255365225,1692255365228,1693227629466,11,3,8
27729,1693227629466,1692255365236,1692255365240,1693227629474,8,4,4
27730,1693227629474,1692255365244,1692255365247,1693227629481,7,3,4
27731,1693227629481,1692255365251,1692255365254,1693227629488,7,3,4
27732,1693227629488,1692255365259,1692255365262,1693227629496,8,3,5
27733,1693227629496,1692255365266,1692255365269,1693227629504,8,3,5
27734,1693227629504,1692255365275,1692255365279,1693227629513,9,4,5
27735,1693227629513,1692255365283,1692255365286,1693227629520,7,3,4
27736,1693227629520,1692255365290,1692255365293,1693227629528,8,3,5
27737,1693227629528,1692255365297,1692255365301,1693227629535,7,4,3
27738,1693227629535,1692255365307,1692255365311,1693227629545,10,4,6
27739,1693227629545,1692255365315,1692255365318,1693227629552,7,3,4
27740,1693227629552,1692255365322,1692255365325,1693227629559,7,3,4
27741,1693227629559,1692255365329,1692255365332,1693227629567,8,3,5
27742,1693227629567,1692255365337,1692255365341,1693227629575,8,4,4
27743,1693227629575,1692255365345,1692255365349,1693227629584,9,4,5
27744,1693227629584,1692255365354,1692255365357,1693227629591,7,3,4
27745,1693227629591,1692255365362,1692255365365,1693227629600,9,3,6
27746,1693227629600,1692255365370,1692255365373,1693227629607,7,3,4
27747,1693227629607,1692255365377,1692255365381,1693227629615,8,4,4
27748,1693227629615,1692255365386,1692255365389,1693227629624,9,3,6
27749,1693227629624,1692255365394,1692255365400,1693227629634,10,6,4
27750,1693227629634,1692255365404,1692255365407,1693227629642,8,3,5
27751,1693227629642,1692255365412,1692255365415,1693227629649,7,3,4
27752,1693227629649,1692255365419,1692255365422,1693227629657,8,3,5
27753,1693227629657,1692255365427,1692255365430,1693227629664,7,3,4
27754,1693227629664,1692255365437,1692255365440,1693227629674,10,3,7
27755,1693227629674,1692255365444,1692255365447,1693227629681,7,3,4
27756,1693227629681,1692255365451,1692255365454,1693227629688,7,3,4
27757,1693227629688,1692255365458,1692255365462,1693227629696,8,4,4
27758,1693227629696,1692255365465,1692255365468,1693227629702,6,3,3
27759,1693227629702,1692255365472,1692255365475,1693227629710,8,3,5
27760,1693227629710,1692255365480,1692255365483,1693227629717,7,3,4
27761,1693227629717,1692255365487,1692255365491,1693227629725,8,4,4
27762,1693227629725,1692255365496,1692255365499,1693227629733,8,3,5
27763,1693227629733,1692255365503,1692255365507,1693227629741,8,4,4
27764,1693227629741,1692255365512,1692255365515,1693227629749,8,3,5
27765,1693227629749,1692255365519,1692255365523,1693227629757,8,4,4
27766,1693227629757,1692255365527,1692255365530,1693227629764,7,3,4
27767,1693227629764,1692255365534,1692255365537,1693227629772,8,3,5
27768,1693227629772,1692255365542,1692255365546,1693227629780,8,4,4
27769,1693227629780,1692255365551,1692255365554,1693227629789,9,3,6
27770,1693227629789,1692255365562,1692255365566,1693227629800,11,4,7
27771,1693227629800,1692255365570,1692255365573,1693227629808,8,3,5
27772,1693227629808,1692255365577,1692255365580,1693227629815,7,3,4
27773,1693227629815,1692255365585,1692255365589,1693227629823,8,4,4
27774,1693227629823,1692255365593,1692255365597,1693227629831,8,4,4
27775,1693227629831,1692255365601,1692255365605,1693227629839,8,4,4
27776,1693227629839,1692255365608,1692255365612,1693227629846,7,4,3
27777,1693227629846,1692255365616,1692255365619,1693227629853,7,3,4
27778,1693227629853,1692255365624,1692255365627,1693227629861,8,3,5
27779,1693227629861,1692255365631,1692255365636,1693227629870,9,5,4
27780,1693227629870,1692255365642,1692255365645,1693227629879,9,3,6
27781,1693227629879,1692255365649,1692255365653,1693227629888,9,4,5
27782,1693227629888,1692255365658,1692255365661,1693227629895,7,3,4
27783,1693227629895,1692255365665,1692255365669,1693227629903,8,4,4
27784,1693227629903,1692255365673,1692255365677,1693227629911,8,4,4
27785,1693227629911,1692255365681,1692255365685,1693227629919,8,4,4
27786,1693227629919,1692255365689,1692255365692,1693227629926,7,3,4
27787,1693227629926,1692255365696,1692255365698,1693227629933,7,2,5
27788,1693227629933,1692255365703,1692255365705,1693227629940,7,2,5
27789,1693227629940,1692255365710,1692255365713,1693227629948,8,3,5
27790,1693227629948,1692255365718,1692255365721,1693227629955,7,3,4
27791,1693227629955,1692255365725,1692255365728,1693227629962,7,3,4
27792,1693227629962,1692255365732,1692255365735,1693227629969,7,3,4
27793,1693227629969,1692255365739,1692255365742,1693227629976,7,3,4
27794,1693227629977,1692255365747,1692255365749,1693227629984,7,2,5
27795,1693227629984,1692255365754,1692255365757,1693227629992,8,3,5
27796,1693227629992,1692255365762,1692255365765,1693227630000,8,3,5
27797,1693227630000,1692255365772,1692255365776,1693227630010,10,4,6
27798,1693227630010,1692255365780,1692255365783,1693227630018,8,3,5
27799,1693227630018,1692255365788,1692255365791,1693227630026,8,3,5
27800,1693227630026,1692255365796,1692255365800,1693227630034,8,4,4
27801,1693227630034,1692255365804,1692255365808,1693227630042,8,4,4
27802,1693227630042,1692255365812,1692255365815,1693227630050,8,3,5
27803,1693227630050,1692255365819,1692255365823,1693227630057,7,4,3
27804,1693227630057,1692255365827,1692255365830,1693227630064,7,3,4
27805,1693227630064,1692255365834,1692255365837,1693227630071,7,3,4
27806,1693227630071,1692255365841,1692255365845,1693227630079,8,4,4
27807,1693227630079,1692255365850,1692255365853,1693227630087,8,3,5
27808,1693227630087,1692255365857,1692255365860,1693227630094,7,3,4
27809,1693227630094,1692255365864,1692255365867,1693227630102,8,3,5
27810,1693227630102,1692255365872,1692255365876,1693227630110,8,4,4
27811,1693227630110,1692255365880,1692255365883,1693227630117,7,3,4
27812,1693227630117,1692255365887,1692255365890,1693227630124,7,3,4
27813,1693227630124,1692255365894,1692255365898,1693227630132,8,4,4
27814,1693227630132,1692255365902,1692255365905,1693227630140,8,3,5
27815,1693227630140,1692255365910,1692255365915,1693227630149,9,5,4
27816,1693227630149,1692255365919,1692255365923,1693227630157,8,4,4
27817,1693227630157,1692255365928,1692255365932,1693227630166,9,4,5
27818,1693227630166,1692255365936,1692255365939,1693227630173,7,3,4
27819,1693227630173,1692255365943,1692255365946,1693227630181,8,3,5
27820,1693227630181,1692255365951,1692255365954,1693227630189,8,3,5
27821,1693227630189,1692255365959,1692255365962,1693227630196,7,3,4
27822,1693227630196,1692255365966,1692255365970,1693227630204,8,4,4
27823,1693227630205,1692255365975,1692255365978,1693227630212,7,3,4
27824,1693227630212,1692255365982,1692255365985,1693227630219,7,3,4
27825,1693227630219,1692255365990,1692255365992,1693227630227,8,2,6
27826,1693227630227,1692255365997,1692255366000,1693227630235,8,3,5
27827,1693227630235,1692255366005,1692255366007,1693227630242,7,2,5
27828,1693227630242,1692255366015,1692255366021,1693227630256,14,6,8
27829,1693227630256,1692255366028,1692255366031,1693227630266,10,3,7
27830,1693227630266,1692255366036,1692255366039,1693227630274,8,3,5
27831,1693227630274,1692255366044,1692255366047,1693227630284,10,3,7
27832,1693227630284,1692255366054,1692255366057,1693227630292,8,3,5
27833,1693227630292,1692255366062,1692255366065,1693227630299,7,3,4
27834,1693227630299,1692255366069,1692255366072,1693227630306,7,3,4
27835,1693227630306,1692255366077,1692255366080,1693227630314,8,3,5
27836,1693227630314,1692255366084,1692255366087,1693227630322,8,3,5
27837,1693227630322,1692255366092,1692255366096,1693227630330,8,4,4
27838,1693227630330,1692255366100,1692255366104,1693227630337,7,4,3
27839,1693227630338,1692255366107,1692255366111,1693227630345,7,4,3
27840,1693227630345,1692255366114,1692255366118,1693227630352,7,4,3
27841,1693227630352,1692255366124,1692255366127,1693227630362,10,3,7
27842,1693227630362,1692255366132,1692255366136,1693227630375,13,4,9
27843,1693227630375,1692255366145,1692255366148,1693227630382,7,3,4
27844,1693227630382,1692255366154,1692255366158,1693227630392,10,4,6
27845,1693227630393,1692255366163,1692255366166,1693227630400,7,3,4
27846,1693227630401,1692255366171,1692255366173,1693227630408,7,2,5
27847,1693227630408,1692255366179,1692255366182,1693227630416,8,3,5
27848,1693227630416,1692255366186,1692255366188,1693227630423,7,2,5
27849,1693227630423,1692255366193,1692255366196,1693227630431,8,3,5
27850,1693227630431,1692255366201,1692255366204,1693227630438,7,3,4
27851,1693227630438,1692255366208,1692255366213,1693227630448,10,5,5
27852,1693227630448,1692255366218,1692255366221,1693227630455,7,3,4
27853,1693227630455,1692255366226,1692255366230,1693227630464,9,4,5
27854,1693227630464,1692255366236,1692255366239,1693227630473,9,3,6
27855,1693227630473,1692255366244,1692255366247,1693227630482,9,3,6
27856,1693227630482,1692255366252,1692255366256,1693227630490,8,4,4
27857,1693227630490,1692255366260,1692255366263,1693227630498,8,3,5
27858,1693227630498,1692255366267,1692255366270,1693227630505,7,3,4
27859,1693227630505,1692255366275,1692255366278,1693227630513,8,3,5
27860,1693227630513,1692255366283,1692255366286,1693227630521,8,3,5
27861,1693227630521,1692255366291,1692255366294,1693227630529,8,3,5
27862,1693227630529,1692255366299,1692255366302,1693227630536,7,3,4
27863,1693227630536,1692255366306,1692255366309,1693227630544,8,3,5
27864,1693227630544,1692255366314,1692255366317,1693227630551,7,3,4
27865,1693227630552,1692255366322,1692255366325,1693227630559,7,3,4
27866,1693227630559,1692255366329,1692255366333,1693227630568,9,4,5
27867,1693227630568,1692255366339,1692255366342,1693227630576,8,3,5
27868,1693227630576,1692255366346,1692255366350,1693227630585,9,4,5
27869,1693227630585,1692255366355,1692255366359,1693227630593,8,4,4
27870,1693227630593,1692255366363,1692255366366,1693227630601,8,3,5
27871,1693227630601,1692255366373,1692255366376,1693227630611,10,3,7
27872,1693227630611,1692255366381,1692255366384,1693227630619,8,3,5
27873,1693227630619,1692255366389,1692255366392,1693227630627,8,3,5
27874,1693227630627,1692255366397,1692255366401,1693227630635,8,4,4
27875,1693227630635,1692255366406,1692255366409,1693227630643,8,3,5
27876,1693227630643,1692255366414,1692255366417,1693227630651,8,3,5
27877,1693227630651,1692255366422,1692255366425,1693227630659,8,3,5
27878,1693227630659,1692255366429,1692255366432,1693227630666,7,3,4
27879,1693227630666,1692255366437,1692255366440,1693227630674,8,3,5
27880,1693227630674,1692255366447,1692255366451,1693227630685,11,4,7
27881,1693227630685,1692255366455,1692255366458,1693227630693,8,3,5
27882,1693227630693,1692255366463,1692255366466,1693227630700,7,3,4
27883,1693227630700,1692255366470,1692255366473,1693227630707,7,3,4
27884,1693227630707,1692255366477,1692255366481,1693227630714,7,4,3
27885,1693227630714,1692255366485,1692255366488,1693227630722,8,3,5
27886,1693227630722,1692255366492,1692255366495,1693227630730,8,3,5
27887,1693227630730,1692255366500,1692255366503,1693227630737,7,3,4
27888,1693227630737,1692255366507,1692255366512,1693227630746,9,5,4
27889,1693227630746,1692255366516,1692255366520,1693227630754,8,4,4
27890,1693227630754,1692255366524,1692255366527,1693227630761,7,3,4
27891,1693227630761,1692255366531,1692255366534,1693227630769,8,3,5
27892,1693227630769,1692255366540,1692255366543,1693227630777,8,3,5
27893,1693227630777,1692255366547,1692255366550,1693227630785,8,3,5
27894,1693227630785,1692255366555,1692255366558,1693227630792,7,3,4
27895,1693227630792,1692255366564,1692255366567,1693227630801,9,3,6
27896,1693227630801,1692255366571,1692255366574,1693227630808,7,3,4
27897,1693227630808,1692255366578,1692255366582,1693227630816,8,4,4
27898,1693227630816,1692255366587,1692255366590,1693227630824,8,3,5
27899,1693227630824,1692255366594,1692255366597,1693227630831,7,3,4
27900,1693227630831,1692255366601,1692255366604,1693227630838,7,3,4
27901,1693227630838,1692255366609,1692255366612,1693227630846,8,3,5
27902,1693227630846,1692255366616,1692255366619,1693227630854,8,3,5
27903,1693227630854,1692255366625,1692255366628,1693227630862,8,3,5
27904,1693227630862,1692255366634,1692255366637,1693227630871,9,3,6
27905,1693227630871,1692255366642,1692255366645,1693227630879,8,3,5
27906,1693227630879,1692255366649,1692255366652,1693227630886,7,3,4
27907,1693227630886,1692255366656,1692255366659,1693227630894,8,3,5
27908,1693227630894,1692255366666,1692255366670,1693227630904,10,4,6
27909,1693227630904,1692255366674,1692255366678,1693227630912,8,4,4
27910,1693227630912,1692255366682,1692255366684,1693227630919,7,2,5
27911,1693227630919,1692255366689,1692255366694,1693227630929,10,5,5
27912,1693227630929,1692255366699,1692255366702,1693227630936,7,3,4
27913,1693227630936,1692255366706,1692255366708,1693227630942,6,2,4
27914,1693227630942,1692255366712,1692255366715,1693227630949,7,3,4
27915,1693227630949,1692255366719,1692255366721,1693227630955,6,2,4
27916,1693227630955,1692255366725,1692255366728,1693227630962,7,3,4
27917,1693227630962,1692255366731,1692255366735,1693227630969,7,4,3
27918,1693227630969,1692255366739,1692255366742,1693227630977,8,3,5
27919,1693227630977,1692255366747,1692255366750,1693227630984,7,3,4
27920,1693227630985,1692255366755,1692255366758,1693227630992,7,3,4
27921,1693227630992,1692255366761,1692255366764,1693227631000,8,3,5
27922,1693227631000,1692255366770,1692255366774,1693227631008,8,4,4
27923,1693227631008,1692255366778,1692255366780,1693227631015,7,2,5
27924,1693227631015,1692255366785,1692255366792,1693227631026,11,7,4
27925,1693227631026,1692255366796,1692255366800,1693227631034,8,4,4
27926,1693227631034,1692255366804,1692255366807,1693227631041,7,3,4
27927,1693227631042,1692255366812,1692255366815,1693227631050,8,3,5
27928,1693227631050,1692255366820,1692255366823,1693227631057,7,3,4
27929,1693227631057,1692255366827,1692255366830,1693227631065,8,3,5
27930,1693227631065,1692255366845,1692255366848,1693227631082,17,3,14
27931,1693227631082,1692255366852,1692255366855,1693227631090,8,3,5
27932,1693227631090,1692255366861,1692255366864,1693227631099,9,3,6
27933,1693227631099,1692255366871,1692255366875,1693227631109,10,4,6
27934,1693227631109,1692255366879,1692255366882,1693227631116,7,3,4
27935,1693227631116,1692255366886,1692255366890,1693227631124,8,4,4
27936,1693227631124,1692255366894,1692255366897,1693227631132,8,3,5
27937,1693227631132,1692255366902,1692255366905,1693227631139,7,3,4
27938,1693227631139,1692255366910,1692255366913,1693227631147,8,3,5
27939,1693227631148,1692255366918,1692255366921,1693227631155,7,3,4
27940,1693227631155,1692255366925,1692255366928,1693227631162,7,3,4
27941,1693227631162,1692255366932,1692255366936,1693227631170,8,4,4
27942,1693227631170,1692255366940,1692255366944,1693227631178,8,4,4
27943,1693227631178,1692255366948,1692255366952,1693227631186,8,4,4
27944,1693227631186,1692255366957,1692255366960,1693227631195,9,3,6
27945,1693227631195,1692255366965,1692255366968,1693227631201,6,3,3
27946,1693227631201,1692255366973,1692255366976,1693227631210,9,3,6
27947,1693227631210,1692255366980,1692255366983,1693227631218,8,3,5
27948,1693227631218,1692255366989,1692255366992,1693227631226,8,3,5
27949,1693227631226,1692255366996,1692255366999,1693227631234,8,3,5
27950,1693227631234,1692255367004,1692255367008,1693227631242,8,4,4
27951,1693227631242,1692255367011,1692255367015,1693227631249,7,4,3
27952,1693227631249,1692255367020,1692255367023,1693227631257,8,3,5
27953,1693227631258,1692255367029,1692255367032,1693227631267,9,3,6
27954,1693227631267,1692255367037,1692255367040,1693227631274,7,3,4
27955,1693227631274,1692255367044,1692255367047,1693227631281,7,3,4
27956,1693227631281,1692255367052,1692255367055,1693227631289,8,3,5
27957,1693227631289,1692255367059,1692255367062,1693227631296,7,3,4
27958,1693227631296,1692255367066,1692255367069,1693227631303,7,3,4
27959,1693227631303,1692255367076,1692255367080,1693227631314,11,4,7
27960,1693227631314,1692255367084,1692255367087,1693227631321,7,3,4
27961,1693227631321,1692255367090,1692255367095,1693227631329,8,5,3
27962,1693227631330,1692255367099,1692255367103,1693227631337,7,4,3
27963,1693227631337,1692255367107,1692255367110,1693227631344,7,3,4
27964,1693227631344,1692255367115,1692255367118,1693227631352,8,3,5
27965,1693227631353,1692255367123,1692255367127,1693227631361,8,4,4
27966,1693227631361,1692255367131,1692255367134,1693227631368,7,3,4
27967,1693227631368,1692255367140,1692255367143,1693227631380,12,3,9
27968,1693227631380,1692255367150,1692255367154,1693227631388,8,4,4
27969,1693227631388,1692255367158,1692255367162,1693227631396,8,4,4
27970,1693227631396,1692255367166,1692255367169,1693227631403,7,3,4
27971,1693227631403,1692255367173,1692255367176,1693227631410,7,3,4
27972,1693227631410,1692255367180,1692255367183,1693227631417,7,3,4
27973,1693227631417,1692255367188,1692255367191,1693227631425,8,3,5
27974,1693227631425,1692255367195,1692255367198,1693227631432,7,3,4
27975,1693227631432,1692255367203,1692255367206,1693227631440,8,3,5
27976,1693227631441,1692255367211,1692255367214,1693227631448,7,3,4
27977,1693227631448,1692255367218,1692255367221,1693227631456,8,3,5
27978,1693227631456,1692255367226,1692255367230,1693227631464,8,4,4
27979,1693227631464,1692255367234,1692255367237,1693227631471,7,3,4
27980,1693227631471,1692255367241,1692255367245,1693227631479,8,4,4
27981,1693227631479,1692255367249,1692255367252,1693227631486,7,3,4
27982,1693227631486,1692255367257,1692255367259,1693227631494,8,2,6
27983,1693227631494,1692255367263,1692255367267,1693227631501,7,4,3
27984,1693227631501,1692255367271,1692255367274,1693227631508,7,3,4
27985,1693227631508,1692255367280,1692255367284,1693227631519,11,4,7
27986,1693227631519,1692255367289,1692255367291,1693227631526,7,2,5
27987,1693227631526,1692255367296,1692255367299,1693227631534,8,3,5
27988,1693227631534,1692255367303,1692255367307,1693227631541,7,4,3
27989,1693227631541,1692255367311,1692255367314,1693227631548,7,3,4
27990,1693227631548,1692255367318,1692255367321,1693227631556,8,3,5
27991,1693227631556,1692255367326,1692255367329,1693227631563,7,3,4
27992,1693227631563,1692255367334,1692255367338,1693227631572,9,4,5
27993,1693227631572,1692255367342,1692255367345,1693227631579,7,3,4
27994,1693227631579,1692255367350,1692255367354,1693227631588,9,4,5
27995,1693227631588,1692255367359,1692255367362,1693227631597,9,3,6
27996,1693227631597,1692255367367,1692255367371,1693227631605,8,4,4
27997,1693227631605,1692255367375,1692255367380,1693227631615,10,5,5
27998,1693227631615,1692255367385,1692255367389,1693227631623,8,4,4
27999,1693227631623,1692255367394,1692255367397,1693227631632,9,3,6
28000,1693227631632,1692255367401,1692255367404,1693227631638,6,3,3
28001,1693227631638,1692255367408,1692255367411,1693227631646,8,3,5
28002,1693227631646,1692255367416,1692255367419,1693227631653,7,3,4
28003,1693227631653,1692255367423,1692255367425,1693227631660,7,2,5
28004,1693227631660,1692255367430,1692255367434,1693227631669,9,4,5
28005,1693227631669,1692255367439,1692255367442,1693227631676,7,3,4
28006,1693227631676,1692255367446,1692255367450,1693227631684,8,4,4
28007,1693227631684,1692255367455,1692255367458,1693227631692,8,3,5
28008,1693227631692,1692255367463,1692255367469,1693227631703,11,6,5
28009,1693227631703,1692255367474,1692255367476,1693227631710,7,2,5
28010,1693227631710,1692255367481,1692255367484,1693227631718,8,3,5
28011,1693227631718,1692255367488,1692255367491,1693227631725,7,3,4
28012,1693227631725,1692255367496,1692255367499,1693227631733,8,3,5
28013,1693227631733,1692255367504,1692255367508,1693227631743,10,4,6
28014,1693227631743,1692255367513,1692255367517,1693227631751,8,4,4
28015,1693227631751,1692255367521,1692255367525,1693227631759,8,4,4
28016,1693227631759,1692255367529,1692255367532,1693227631767,8,3,5
28017,1693227631767,1692255367537,1692255367540,1693227631775,8,3,5
28018,1693227631775,1692255367545,1692255367549,1693227631783,8,4,4
28019,1693227631783,1692255367553,1692255367556,1693227631790,7,3,4
28020,1693227631791,1692255367560,1692255367564,1693227631797,6,4,2
28021,1693227631798,1692255367567,1692255367570,1693227631805,7,3,4
28022,1693227631805,1692255367575,1692255367578,1693227631813,8,3,5
28023,1693227631813,1692255367583,1692255367586,1693227631820,7,3,4
28024,1693227631820,1692255367590,1692255367593,1693227631827,7,3,4
28025,1693227631827,1692255367597,1692255367600,1693227631834,7,3,4
28026,1693227631834,1692255367604,1692255367607,1693227631841,7,3,4
28027,1693227631841,1692255367612,1692255367615,1693227631849,8,3,5
28028,1693227631849,1692255367619,1692255367623,1693227631857,8,4,4
28029,1693227631857,1692255367626,1692255367630,1693227631864,7,4,3
28030,1693227631864,1692255367634,1692255367637,1693227631871,7,3,4
28031,1693227631872,1692255367642,1692255367645,1693227631879,7,3,4
28032,1693227631879,1692255367649,1692255367653,1693227631888,9,4,5
28033,1693227631888,1692255367658,1692255367661,1693227631895,7,3,4
28034,1693227631895,1692255367666,1692255367669,1693227631904,9,3,6
28035,1693227631904,1692255367674,1692255367678,1693227631913,9,4,5
28036,1693227631913,1692255367683,1692255367689,1693227631923,10,6,4
28037,1693227631923,1692255367693,1692255367696,1693227631931,8,3,5
28038,1693227631931,1692255367701,1692255367704,1693227631938,7,3,4
28039,1693227631938,1692255367708,1692255367712,1693227631946,8,4,4
28040,1693227631946,1692255367716,1692255367721,1693227631955,9,5,4
28041,1693227631955,1692255367725,1692255367728,1693227631963,8,3,5
28042,1693227631963,1692255367734,1692255367738,1693227631972,9,4,5
28043,1693227631972,1692255367742,1692255367746,1693227631980,8,4,4
28044,1693227631980,1692255367750,1692255367753,1693227631987,7,3,4
28045,1693227631987,1692255367760,1692255367763,1693227631997,10,3,7
28046,1693227631997,1692255367768,1692255367771,1693227632009,12,3,9
28047,1693227632009,1692255367779,1692255367782,1693227632016,7,3,4
28048,1693227632016,1692255367786,1692255367790,1693227632024,8,4,4
28049,1693227632025,1692255367795,1692255367798,1693227632032,7,3,4
28050,1693227632032,1692255367802,1692255367805,1693227632039,7,3,4
28051,1693227632039,1692255367809,1692255367813,1693227632047,8,4,4
28052,1693227632047,1692255367818,1692255367820,1693227632055,8,2,6
28053,1693227632055,1692255367825,1692255367829,1693227632063,8,4,4
28054,1693227632063,1692255367834,1692255367837,1693227632072,9,3,6
28055,1693227632072,1692255367842,1692255367845,1693227632080,8,3,5
28056,1693227632080,1692255367851,1692255367855,1693227632089,9,4,5
28057,1693227632089,1692255367859,1692255367862,1693227632097,8,3,5
28058,1693227632097,1692255367867,1692255367870,1693227632104,7,3,4
28059,1693227632104,1692255367875,1692255367878,1693227632112,8,3,5
28060,1693227632112,1692255367882,1692255367885,1693227632120,8,3,5
28061,1693227632120,1692255367890,1692255367892,1693227632127,7,2,5
28062,1693227632127,1692255367897,1692255367901,1693227632135,8,4,4
28063,1693227632135,1692255367906,1692255367908,1693227632143,8,2,6
28064,1693227632143,1692255367914,1692255367918,1693227632152,9,4,5
28065,1693227632152,1692255367923,1692255367926,1693227632160,8,3,5
28066,1693227632160,1692255367931,1692255367934,1693227632169,9,3,6
28067,1693227632169,1692255367939,1692255367942,1693227632176,7,3,4
28068,1693227632176,1692255367947,1692255367951,1693227632185,9,4,5
28069,1693227632185,1692255367955,1692255367959,1693227632194,9,4,5
28070,1693227632194,1692255367965,1692255367969,1693227632203,9,4,5
28071,1693227632203,1692255367975,1692255367978,1693227632212,9,3,6
28072,1693227632212,1692255367983,1692255367986,1693227632220,8,3,5
28073,1693227632220,1692255367991,1692255367994,1693227632229,9,3,6
28074,1693227632229,1692255368000,1692255368003,1693227632237,8,3,5
28075,1693227632237,1692255368009,1692255368012,1693227632246,9,3,6
28076,1693227632247,1692255368017,1692255368020,1693227632255,8,3,5
28077,1693227632255,1692255368026,1692255368030,1693227632265,10,4,6
28078,1693227632265,1692255368036,1692255368040,1693227632275,10,4,6
28079,1693227632275,1692255368045,1692255368049,1693227632283,8,4,4
28080,1693227632283,1692255368055,1692255368058,1693227632293,10,3,7
28081,1693227632293,1692255368063,1692255368066,1693227632301,8,3,5
28082,1693227632301,1692255368071,1692255368075,1693227632308,7,4,3
28083,1693227632309,1692255368079,1692255368082,1693227632317,8,3,5
28084,1693227632317,1692255368087,1692255368090,1693227632325,8,3,5
28085,1693227632325,1692255368095,1692255368099,1693227632333,8,4,4
28086,1693227632333,1692255368102,1692255368106,1693227632340,7,4,3
28087,1693227632340,1692255368110,1692255368113,1693227632347,7,3,4
28088,1693227632347,1692255368117,1692255368121,1693227632355,8,4,4
28089,1693227632355,1692255368124,1692255368128,1693227632362,7,4,3
28090,1693227632362,1692255368132,1692255368134,1693227632369,7,2,5
28091,1693227632369,1692255368139,1692255368142,1693227632376,7,3,4
28092,1693227632376,1692255368146,1692255368149,1693227632386,10,3,7
28093,1693227632386,1692255368157,1692255368160,1693227632394,8,3,5
28094,1693227632394,1692255368163,1692255368167,1693227632401,7,4,3
28095,1693227632401,1692255368171,1692255368174,1693227632409,8,3,5
28096,1693227632409,1692255368180,1692255368182,1693227632417,8,2,6
28097,1693227632417,1692255368202,1692255368206,1693227632441,24,4,20
28098,1693227632441,1692255368214,1692255368217,1693227632451,10,3,7
28099,1693227632451,1692255368222,1692255368224,1693227632459,8,2,6
28100,1693227632459,1692255368229,1692255368232,1693227632467,8,3,5
28101,1693227632467,1692255368239,1692255368242,1693227632477,10,3,7
28102,1693227632477,1692255368247,1692255368251,1693227632485,8,4,4
28103,1693227632485,1692255368255,1692255368258,1693227632492,7,3,4
28104,1693227632492,1692255368262,1692255368266,1693227632500,8,4,4
28105,1693227632500,1692255368270,1692255368275,1693227632510,10,5,5
28106,1693227632510,1692255368280,1692255368284,1693227632518,8,4,4
28107,1693227632518,1692255368289,1692255368292,1693227632527,9,3,6
28108,1693227632527,1692255368306,1692255368308,1693227632542,15,2,13
28109,1693227632542,1692255368313,1692255368316,1693227632550,8,3,5
28110,1693227632550,1692255368320,1692255368324,1693227632558,8,4,4
28111,1693227632558,1692255368328,1692255368332,1693227632566,8,4,4
28112,1693227632566,1692255368336,1692255368339,1693227632573,7,3,4
28113,1693227632573,1692255368344,1692255368347,1693227632581,8,3,5
28114,1693227632581,1692255368351,1692255368354,1693227632588,7,3,4
28115,1693227632589,1692255368359,1692255368362,1693227632596,7,3,4
28116,1693227632596,1692255368367,1692255368370,1693227632604,8,3,5
28117,1693227632604,1692255368373,1692255368377,1693227632611,7,4,3
28118,1693227632611,1692255368380,1692255368383,1693227632617,6,3,3
28119,1693227632617,1692255368387,1692255368390,1693227632625,8,3,5
28120,1693227632625,1692255368395,1692255368398,1693227632633,8,3,5
28121,1693227632633,1692255368403,1692255368406,1693227632641,8,3,5
28122,1693227632641,1692255368411,1692255368414,1693227632649,8,3,5
28123,1693227632649,1692255368419,1692255368421,1693227632656,7,2,5
28124,1693227632656,1692255368426,1692255368430,1693227632665,9,4,5
28125,1693227632665,1692255368435,1692255368439,1693227632673,8,4,4
28126,1693227632673,1692255368444,1692255368447,1693227632681,8,3,5
28127,1693227632681,1692255368451,1692255368453,1693227632687,6,2,4
28128,1693227632687,1692255368458,1692255368462,1693227632696,9,4,5
28129,1693227632696,1692255368466,1692255368469,1693227632704,8,3,5
28130,1693227632704,1692255368474,1692255368478,1693227632712,8,4,4
28131,1693227632712,1692255368482,1692255368485,1693227632719,7,3,4
28132,1693227632719,1692255368490,1692255368492,1693227632727,8,2,6
28133,1693227632727,1692255368497,1692255368501,1693227632735,8,4,4
28134,1693227632735,1692255368506,1692255368509,1693227632743,8,3,5
28135,1693227632743,1692255368514,1692255368517,1693227632752,9,3,6
28136,1693227632752,1692255368522,1692255368524,1693227632759,7,2,5
28137,1693227632759,1692255368529,1692255368532,1693227632767,8,3,5
28138,1693227632767,1692255368537,1692255368541,1693227632775,8,4,4
28139,1693227632775,1692255368546,1692255368549,1693227632783,8,3,5
28140,1693227632783,1692255368553,1692255368556,1693227632791,8,3,5
28141,1693227632791,1692255368562,1692255368565,1693227632799,8,3,5
28142,1693227632799,1692255368570,1692255368574,1693227632808,9,4,5
28143,1693227632808,1692255368578,1692255368582,1693227632816,8,4,4
28144,1693227632816,1692255368588,1692255368591,1693227632826,10,3,7
28145,1693227632826,1692255368596,1692255368599,1693227632834,8,3,5
28146,1693227632834,1692255368607,1692255368611,1693227632845,11,4,7
28147,1693227632845,1692255368615,1692255368618,1693227632853,8,3,5
28148,1693227632853,1692255368623,1692255368627,1693227632861,8,4,4
28149,1693227632861,1692255368631,1692255368634,1693227632868,7,3,4
28150,1693227632868,1692255368638,1692255368641,1693227632875,7,3,4
28151,1693227632875,1692255368645,1692255368649,1693227632883,8,4,4
28152,1693227632883,1692255368653,1692255368656,1693227632890,7,3,4
28153,1693227632890,1692255368661,1692255368663,1693227632897,7,2,5
28154,1693227632897,1692255368667,1692255368670,1693227632905,8,3,5
28155,1693227632905,1692255368675,1692255368678,1693227632912,7,3,4
28156,1693227632912,1692255368682,1692255368685,1693227632919,7,3,4
28157,1693227632919,1692255368689,1692255368693,1693227632927,8,4,4
28158,1693227632927,1692255368699,1692255368703,1693227632937,10,4,6
28159,1693227632937,1692255368707,1692255368711,1693227632946,9,4,5
28160,1693227632946,1692255368717,1692255368719,1693227632954,8,2,6
28161,1693227632954,1692255368724,1692255368727,1693227632961,7,3,4
28162,1693227632961,1692255368731,1692255368734,1693227632968,7,3,4
28163,1693227632968,1692255368739,1692255368742,1693227632976,8,3,5
28164,1693227632976,1692255368746,1692255368748,1693227632983,7,2,5
28165,1693227632983,1692255368753,1692255368756,1693227632990,7,3,4
28166,1693227632990,1692255368761,1692255368764,1693227632999,9,3,6
28167,1693227632999,1692255368769,1692255368773,1693227633007,8,4,4
28168,1693227633007,1692255368777,1692255368780,1693227633014,7,3,4
28169,1693227633014,1692255368784,1692255368786,1693227633021,7,2,5
28170,1693227633021,1692255368791,1692255368794,1693227633028,7,3,4
28171,1693227633028,1692255368798,1692255368803,1693227633037,9,5,4
28172,1693227633037,1692255368807,1692255368810,1693227633044,7,3,4
28173,1693227633044,1692255368817,1692255368820,1693227633054,10,3,7
28174,1693227633054,1692255368824,1692255368828,1693227633063,9,4,5
28175,1693227633063,1692255368832,1692255368836,1693227633070,7,4,3
28176,1693227633070,1692255368840,1692255368843,1693227633077,7,3,4
28177,1693227633077,1692255368847,1692255368851,1693227633085,8,4,4
28178,1693227633085,1692255368855,1692255368858,1693227633092,7,3,4
28179,1693227633092,1692255368862,1692255368867,1693227633101,9,5,4
28180,1693227633101,1692255368871,1692255368874,1693227633108,7,3,4
28181,1693227633108,1692255368878,1692255368881,1693227633116,8,3,5
28182,1693227633116,1692255368886,1692255368889,1693227633123,7,3,4
28183,1693227633123,1692255368893,1692255368897,1693227633131,8,4,4
28184,1693227633131,1692255368901,1692255368904,1693227633138,7,3,4
28185,1693227633138,1692255368908,1692255368912,1693227633146,8,4,4
28186,1693227633146,1692255368916,1692255368919,1693227633153,7,3,4
28187,1693227633153,1692255368923,1692255368927,1693227633162,9,4,5
28188,1693227633162,1692255368932,1692255368935,1693227633169,7,3,4
28189,1693227633169,1692255368939,1692255368942,1693227633177,8,3,5
28190,1693227633177,1692255368947,1692255368950,1693227633184,7,3,4
28191,1693227633184,1692255368954,1692255368958,1693227633192,8,4,4
28192,1693227633192,1692255368962,1692255368965,1693227633199,7,3,4
28193,1693227633199,1692255368970,1692255368973,1693227633207,8,3,5
28194,1693227633207,1692255368977,1692255368980,1693227633214,7,3,4
28195,1693227633214,1692255368984,1692255368987,1693227633221,7,3,4
28196,1693227633221,1692255368991,1692255368994,1693227633228,7,3,4
28197,1693227633228,1692255368998,1692255369001,1693227633235,7,3,4
28198,1693227633235,1692255369006,1692255369009,1693227633244,9,3,6
28199,1693227633244,1692255369014,1692255369017,1693227633253,9,3,6
28200,1693227633253,1692255369023,1692255369027,1693227633262,9,4,5
28201,1693227633262,1692255369032,1692255369035,1693227633270,8,3,5
28202,1693227633270,1692255369040,1692255369044,1693227633279,9,4,5
28203,1693227633279,1692255369049,1692255369053,1693227633287,8,4,4
28204,1693227633287,1692255369057,1692255369060,1693227633294,7,3,4
28205,1693227633294,1692255369064,1692255369067,1693227633301,7,3,4
28206,1693227633301,1692255369070,1692255369073,1693227633308,7,3,4
28207,1693227633308,1692255369078,1692255369081,1693227633315,7,3,4
28208,1693227633315,1692255369086,1692255369091,1693227633326,11,5,6
28209,1693227633326,1692255369096,1692255369099,1693227633333,7,3,4
28210,1693227633333,1692255369103,1692255369106,1693227633341,8,3,5
28211,1693227633341,1692255369111,1692255369113,1693227633347,6,2,4
28212,1693227633347,1692255369117,1692255369120,1693227633356,9,3,6
28213,1693227633356,1692255369126,1692255369130,1693227633364,8,4,4
28214,1693227633364,1692255369134,1692255369137,1693227633371,7,3,4
28215,1693227633371,1692255369141,1692255369146,1693227633380,9,5,4
28216,1693227633380,1692255369150,1692255369152,1693227633387,7,2,5
28217,1693227633387,1692255369160,1692255369164,1693227633399,12,4,8
28218,1693227633399,1692255369168,1692255369171,1693227633405,6,3,3
28219,1693227633405,1692255369176,1692255369179,1693227633413,8,3,5
28220,1693227633413,1692255369183,1692255369186,1693227633420,7,3,4
28221,1693227633420,1692255369190,1692255369193,1693227633427,7,3,4
28222,1693227633427,1692255369198,1692255369201,1693227633435,8,3,5
28223,1693227633435,1692255369205,1692255369208,1693227633443,8,3,5
28224,1693227633443,1692255369214,1692255369217,1693227633451,8,3,5
28225,1693227633451,1692255369220,1692255369224,1693227633458,7,4,3
28226,1693227633459,1692255369228,1692255369232,1693227633466,7,4,3
28227,1693227633466,1692255369236,1692255369239,1693227633474,8,3,5
28228,1693227633474,1692255369244,1692255369248,1693227633482,8,4,4
28229,1693227633482,1692255369253,1692255369256,1693227633490,8,3,5
28230,1693227633490,1692255369260,1692255369263,1693227633497,7,3,4
28231,1693227633497,1692255369267,1692255369270,1693227633505,8,3,5
28232,1693227633505,1692255369275,1692255369279,1693227633513,8,4,4
28233,1693227633513,1692255369283,1692255369286,1693227633520,7,3,4
28234,1693227633520,1692255369290,1692255369293,1693227633527,7,3,4
28235,1693227633527,1692255369298,1692255369300,1693227633534,7,2,5
28236,1693227633535,1692255369304,1692255369307,1693227633542,7,3,4
28237,1693227633542,1692255369314,1692255369317,1693227633551,9,3,6
28238,1693227633551,1692255369322,1692255369326,1693227633561,10,4,6
28239,1693227633561,1692255369332,1692255369336,1693227633570,9,4,5
28240,1693227633570,1692255369339,1692255369343,1693227633577,7,4,3
28241,1693227633577,1692255369347,1692255369350,1693227633584,7,3,4
28242,1693227633584,1692255369354,1692255369358,1693227633592,8,4,4
28243,1693227633592,1692255369362,1692255369366,1693227633600,8,4,4
28244,1693227633600,1692255369370,1692255369373,1693227633607,7,3,4
28245,1693227633607,1692255369378,1692255369381,1693227633615,8,3,5
28246,1693227633615,1692255369385,1692255369388,1693227633622,7,3,4
28247,1693227633622,1692255369393,1692255369396,1693227633630,8,3,5
28248,1693227633630,1692255369403,1692255369406,1693227633641,11,3,8
28249,1693227633641,1692255369411,1692255369415,1693227633649,8,4,4
28250,1693227633649,1692255369419,1692255369422,1693227633656,7,3,4
28251,1693227633656,1692255369428,1692255369431,1693227633666,10,3,7
28252,1693227633666,1692255369435,1692255369440,1693227633674,8,5,3
28253,1693227633674,1692255369447,1692255369450,1693227633685,11,3,8
28254,1693227633685,1692255369455,1692255369458,1693227633692,7,3,4
28255,1693227633692,1692255369462,1692255369465,1693227633699,7,3,4
28256,1693227633699,1692255369470,1692255369473,1693227633707,8,3,5
28257,1693227633707,1692255369477,1692255369480,1693227633714,7,3,4
28258,1693227633714,1692255369484,1692255369489,1693227633723,9,5,4
28259,1693227633723,1692255369494,1692255369497,1693227633731,8,3,5
28260,1693227633731,1692255369502,1692255369505,1693227633739,8,3,5
28261,1693227633739,1692255369510,1692255369513,1693227633747,8,3,5
28262,1693227633747,1692255369519,1692255369522,1693227633756,9,3,6
28263,1693227633756,1692255369527,1692255369530,1693227633765,9,3,6
28264,1693227633765,1692255369536,1692255369539,1693227633773,8,3,5
28265,1693227633773,1692255369543,1692255369547,1693227633782,9,4,5
28266,1693227633782,1692255369551,1692255369554,1693227633788,6,3,3
28267,1693227633788,1692255369560,1692255369564,1693227633798,10,4,6
28268,1693227633798,1692255369568,1692255369571,1693227633805,7,3,4
28269,1693227633805,1692255369575,1692255369580,1693227633814,9,5,4
28270,1693227633814,1692255369584,1692255369587,1693227633821,7,3,4
28271,1693227633821,1692255369591,1692255369595,1693227633829,8,4,4
28272,1693227633829,1692255369599,1692255369603,1693227633837,8,4,4
28273,1693227633837,1692255369607,1692255369610,1693227633844,7,3,4
28274,1693227633844,1692255369615,1692255369618,1693227633853,9,3,6
28275,1693227633853,1692255369623,1692255369626,1693227633859,6,3,3
28276,1693227633860,1692255369629,1692255369633,1693227633868,8,4,4
28277,1693227633868,1692255369638,1692255369641,1693227633875,7,3,4
28278,1693227633875,1692255369646,1692255369649,1693227633883,8,3,5
28279,1693227633883,1692255369654,1692255369656,1693227633890,7,2,5
28280,1693227633890,1692255369661,1692255369664,1693227633898,8,3,5
28281,1693227633898,1692255369668,1692255369671,1693227633905,7,3,4
28282,1693227633905,1692255369676,1692255369679,1693227633913,8,3,5
28283,1693227633913,1692255369683,1692255369687,1693227633921,8,4,4
28284,1693227633921,1692255369691,1692255369694,1693227633928,7,3,4
28285,1693227633928,1692255369699,1692255369702,1693227633936,8,3,5
28286,1693227633936,1692255369707,1692255369710,1693227633944,8,3,5
28287,1693227633944,1692255369714,1692255369717,1693227633951,7,3,4
28288,1693227633951,1692255369722,1692255369725,1693227633960,9,3,6
28289,1693227633960,1692255369730,1692255369735,1693227633970,10,5,5
28290,1693227633970,1692255369740,1692255369744,1693227633978,8,4,4
28291,1693227633978,1692255369748,1692255369751,1693227633986,8,3,5
28292,1693227633986,1692255369755,1692255369758,1693227633993,7,3,4
28293,1693227633993,1692255369763,1692255369767,1693227634001,8,4,4
28294,1693227634001,1692255369771,1692255369774,1693227634008,7,3,4
28295,1693227634008,1692255369778,1692255369782,1693227634016,8,4,4
28296,1693227634016,1692255369787,1692255369790,1693227634024,8,3,5
28297,1693227634024,1692255369794,1692255369797,1693227634031,7,3,4
28298,1693227634031,1692255369802,1692255369805,1693227634039,8,3,5
28299,1693227634039,1692255369810,1692255369813,1693227634047,8,3,5
28300,1693227634047,1692255369817,1692255369820,1693227634054,7,3,4
28301,1693227634054,1692255369826,1692255369829,1693227634063,9,3,6
28302,1693227634063,1692255369832,1692255369836,1693227634070,7,4,3
28303,1693227634070,1692255369841,1692255369845,1693227634080,10,4,6
28304,1693227634080,1692255369849,1692255369852,1693227634086,6,3,3
28305,1693227634086,1692255369856,1692255369860,1693227634094,8,4,4
28306,1693227634094,1692255369864,1692255369867,1693227634101,7,3,4
28307,1693227634102,1692255369872,1692255369874,1693227634108,6,2,4
28308,1693227634108,1692255369878,1692255369881,1693227634115,7,3,4
28309,1693227634115,1692255369885,1692255369888,1693227634122,7,3,4
28310,1693227634122,1692255369892,1692255369895,1693227634130,8,3,5
28311,1693227634130,1692255369900,1692255369903,1693227634137,7,3,4
28312,1693227634137,1692255369910,1692255369913,1693227634147,10,3,7
28313,1693227634147,1692255369917,1692255369920,1693227634155,8,3,5
28314,1693227634155,1692255369925,1692255369928,1693227634162,7,3,4
28315,1693227634162,1692255369932,1692255369935,1693227634169,7,3,4
28316,1693227634169,1692255369939,1692255369942,1693227634176,7,3,4
28317,1693227634177,1692255369947,1692255369950,1693227634184,7,3,4
28318,1693227634184,1692255369954,1692255369958,1693227634192,8,4,4
28319,1693227634192,1692255369962,1692255369965,1693227634201,9,3,6
28320,1693227634201,1692255369972,1692255369975,1693227634209,8,3,5
28321,1693227634209,1692255369979,1692255369982,1693227634217,8,3,5
28322,1693227634217,1692255369987,1692255369990,1693227634224,7,3,4
28323,1693227634225,1692255369995,1692255369999,1693227634233,8,4,4
28324,1693227634233,1692255370003,1692255370006,1693227634240,7,3,4
28325,1693227634240,1692255370012,1692255370015,1693227634249,9,3,6
28326,1693227634249,1692255370019,1692255370024,1693227634258,9,5,4
28327,1693227634258,1692255370029,1692255370032,1693227634267,9,3,6
28328,1693227634267,1692255370037,1692255370040,1693227634274,7,3,4
28329,1693227634274,1692255370046,1692255370050,1693227634284,10,4,6
28330,1693227634284,1692255370054,1692255370057,1693227634291,7,3,4
28331,1693227634291,1692255370061,1692255370064,1693227634298,7,3,4
28332,1693227634298,1692255370068,1692255370072,1693227634306,8,4,4
28333,1693227634306,1692255370076,1692255370080,1693227634315,9,4,5
28334,1693227634315,1692255370085,1692255370088,1693227634322,7,3,4
28335,1693227634322,1692255370092,1692255370095,1693227634329,7,3,4
28336,1693227634329,1692255370099,1692255370102,1693227634336,7,3,4
28337,1693227634336,1692255370106,1692255370108,1693227634343,7,2,5
28338,1693227634343,1692255370113,1692255370116,1693227634350,7,3,4
28339,1693227634350,1692255370121,1692255370125,1693227634359,9,4,5
28340,1693227634359,1692255370129,1692255370133,1693227634367,8,4,4
28341,1693227634367,1692255370137,1692255370140,1693227634375,8,3,5
28342,1693227634375,1692255370148,1692255370152,1693227634386,11,4,7
28343,1693227634386,1692255370156,1692255370160,1693227634398,12,4,8
28344,1693227634398,1692255370168,1692255370171,1693227634406,8,3,5
28345,1693227634406,1692255370176,1692255370179,1693227634414,8,3,5
28346,1693227634414,1692255370184,1692255370187,1693227634421,7,3,4
28347,1693227634421,1692255370191,1692255370195,1693227634429,8,4,4
28348,1693227634429,1692255370199,1692255370203,1693227634437,8,4,4
28349,1693227634437,1692255370207,1692255370210,1693227634444,7,3,4
28350,1693227634444,1692255370214,1692255370218,1693227634453,9,4,5
28351,1693227634453,1692255370223,1692255370227,1693227634461,8,4,4
28352,1693227634461,1692255370231,1692255370235,1693227634469,8,4,4
28353,1693227634469,1692255370240,1692255370243,1693227634477,8,3,5
28354,1693227634477,1692255370250,1692255370255,1693227634489,12,5,7
28355,1693227634489,1692255370259,1692255370262,1693227634496,7,3,4
28356,1693227634496,1692255370266,1692255370269,1693227634503,7,3,4
28357,1693227634503,1692255370273,1692255370276,1693227634510,7,3,4
28358,1693227634510,1692255370281,1692255370286,1693227634520,10,5,5
28359,1693227634520,1692255370291,1692255370295,1693227634529,9,4,5
28360,1693227634529,1692255370299,1692255370302,1693227634536,7,3,4
28361,1693227634536,1692255370306,1692255370311,1693227634545,9,5,4
28362,1693227634545,1692255370315,1692255370320,1693227634554,9,5,4
28363,1693227634554,1692255370324,1692255370327,1693227634561,7,3,4
28364,1693227634561,1692255370331,1692255370335,1693227634569,8,4,4
28365,1693227634569,1692255370339,1692255370342,1693227634577,8,3,5
28366,1693227634577,1692255370347,1692255370350,1693227634585,8,3,5
28367,1693227634585,1692255370355,1692255370358,1693227634593,8,3,5
28368,1693227634593,1692255370363,1692255370366,1693227634600,7,3,4
28369,1693227634600,1692255370370,1692255370374,1693227634608,8,4,4
28370,1693227634608,1692255370378,1692255370381,1693227634616,8,3,5
28371,1693227634616,1692255370386,1692255370389,1693227634623,7,3,4
28372,1693227634623,1692255370394,1692255370398,1693227634632,9,4,5
28373,1693227634632,1692255370402,1692255370405,1693227634640,8,3,5
28374,1693227634640,1692255370410,1692255370414,1693227634648,8,4,4
28375,1693227634648,1692255370418,1692255370421,1693227634655,7,3,4
28376,1693227634655,1692255370426,1692255370429,1693227634663,8,3,5
28377,1693227634663,1692255370433,1692255370436,1693227634670,7,3,4
28378,1693227634670,1692255370441,1692255370444,1693227634678,8,3,5
28379,1693227634678,1692255370448,1692255370451,1693227634687,9,3,6
28380,1693227634687,1692255370457,1692255370461,1693227634695,8,4,4
28381,1693227634695,1692255370465,1692255370468,1693227634703,8,3,5
28382,1693227634703,1692255370473,1692255370476,1693227634710,7,3,4
28383,1693227634710,1692255370480,1692255370483,1693227634717,7,3,4
28384,1693227634717,1692255370488,1692255370491,1693227634725,8,3,5
28385,1693227634725,1692255370495,1692255370497,1693227634731,6,2,4
28386,1693227634731,1692255370502,1692255370505,1693227634739,8,3,5
28387,1693227634739,1692255370509,1692255370512,1693227634746,7,3,4
28388,1693227634746,1692255370516,1692255370520,1693227634754,8,4,4
28389,1693227634754,1692255370524,1692255370527,1693227634762,8,3,5
28390,1693227634762,1692255370533,1692255370537,1693227634771,9,4,5
28391,1693227634771,1692255370543,1692255370546,1693227634780,9,3,6
28392,1693227634780,1692255370551,1692255370554,1693227634789,9,3,6
28393,1693227634789,1692255370560,1692255370562,1693227634797,8,2,6
28394,1693227634797,1692255370567,1692255370571,1693227634805,8,4,4
28395,1693227634805,1692255370575,1692255370578,1693227634812,7,3,4
28396,1693227634812,1692255370582,1692255370586,1693227634820,8,4,4
28397,1693227634820,1692255370590,1692255370593,1693227634827,7,3,4
28398,1693227634827,1692255370598,1692255370601,1693227634835,8,3,5
28399,1693227634835,1692255370605,1692255370610,1693227634844,9,5,4
28400,1693227634844,1692255370614,1692255370618,1693227634852,8,4,4
28401,1693227634852,1692255370622,1692255370626,1693227634860,8,4,4
28402,1693227634860,1692255370630,1692255370633,1693227634868,8,3,5
28403,1693227634868,1692255370638,1692255370642,1693227634876,8,4,4
28404,1693227634876,1692255370647,1692255370650,1693227634884,8,3,5
28405,1693227634884,1692255370654,1692255370658,1693227634892,8,4,4
28406,1693227634892,1692255370664,1692255370667,1693227634901,9,3,6
28407,1693227634901,1692255370677,1692255370680,1693227634914,13,3,10
28408,1693227634914,1692255370685,1692255370688,1693227634923,9,3,6
28409,1693227634923,1692255370693,1692255370696,1693227634931,8,3,5
28410,1693227634931,1692255370701,1692255370704,1693227634939,8,3,5
28411,1693227634939,1692255370711,1692255370714,1693227634949,10,3,7
28412,1693227634949,1692255370722,1692255370725,1693227634960,11,3,8
28413,1693227634960,1692255370730,1692255370733,1693227634967,7,3,4
28414,1693227634967,1692255370739,1692255370743,1693227634977,10,4,6
28415,1693227634977,1692255370748,1692255370751,1693227634985,8,3,5
28416,1693227634985,1692255370756,1692255370759,1693227634994,9,3,6
28417,1693227634994,1692255370764,1692255370768,1693227635002,8,4,4
28418,1693227635002,1692255370772,1692255370776,1693227635009,7,4,3
28419,1693227635009,1692255370781,1692255370784,1693227635021,12,3,9
28420,1693227635021,1692255370791,1692255370795,1693227635029,8,4,4
28421,1693227635029,1692255370801,1692255370805,1693227635039,10,4,6
28422,1693227635039,1692255370809,1692255370812,1693227635046,7,3,4
28423,1693227635046,1692255370816,1692255370820,1693227635054,8,4,4
28424,1693227635054,1692255370824,1692255370828,1693227635062,8,4,4
28425,1693227635062,1692255370832,1692255370836,1693227635070,8,4,4
28426,1693227635070,1692255370840,1692255370843,1693227635077,7,3,4
28427,1693227635077,1692255370848,1692255370851,1693227635085,8,3,5
28428,1693227635085,1692255370855,1692255370859,1693227635093,8,4,4
28429,1693227635093,1692255370865,1692255370868,1693227635102,9,3,6
28430,1693227635102,1692255370872,1692255370875,1693227635109,7,3,4
28431,1693227635109,1692255370879,1692255370883,1693227635117,8,4,4
28432,1693227635117,1692255370887,1692255370891,1693227635125,8,4,4
28433,1693227635125,1692255370895,1692255370899,1693227635133,8,4,4
28434,1693227635133,1692255370904,1692255370907,1693227635141,8,3,5
28435,1693227635141,1692255370911,1692255370915,1693227635149,8,4,4
28436,1693227635149,1692255370919,1692255370923,1693227635158,9,4,5
28437,1693227635158,1692255370928,1692255370932,1693227635166,8,4,4
28438,1693227635166,1692255370936,1692255370939,1693227635173,7,3,4
28439,1693227635173,1692255370944,1692255370947,1693227635181,8,3,5
28440,1693227635181,1692255370951,1692255370954,1693227635188,7,3,4
28441,1693227635188,1692255370959,1692255370962,1693227635199,11,3,8
28442,1693227635199,1692255370969,1692255370973,1693227635207,8,4,4
28443,1693227635207,1692255370977,1692255370980,1693227635214,7,3,4
28444,1693227635214,1692255370984,1692255370988,1693227635222,8,4,4
28445,1693227635222,1692255370992,1692255370996,1693227635229,7,4,3
28446,1693227635229,1692255370999,1692255371003,1693227635237,8,4,4
28447,1693227635237,1692255371007,1692255371010,1693227635244,7,3,4
28448,1693227635244,1692255371015,1692255371018,1693227635252,8,3,5
28449,1693227635252,1692255371022,1692255371025,1693227635259,7,3,4
28450,1693227635259,1692255371030,1692255371034,1693227635268,9,4,5
28451,1693227635268,1692255371038,1692255371041,1693227635275,7,3,4
28452,1693227635275,1692255371046,1692255371049,1693227635283,8,3,5
28453,1693227635283,1692255371053,1692255371056,1693227635290,7,3,4
28454,1693227635290,1692255371059,1692255371062,1693227635296,6,3,3
28455,1693227635296,1692255371066,1692255371069,1693227635303,7,3,4
28456,1693227635304,1692255371074,1692255371077,1693227635311,7,3,4
28457,1693227635312,1692255371082,1692255371085,1693227635319,7,3,4
28458,1693227635319,1692255371090,1692255371093,1693227635327,8,3,5
28459,1693227635327,1692255371098,1692255371100,1693227635334,7,2,5
28460,1693227635334,1692255371104,1692255371107,1693227635341,7,3,4
28461,1693227635341,1692255371111,1692255371114,1693227635349,8,3,5
28462,1693227635349,1692255371119,1692255371122,1693227635356,7,3,4
28463,1693227635356,1692255371126,1692255371130,1693227635364,8,4,4
28464,1693227635364,1692255371134,1692255371138,1693227635372,8,4,4
28465,1693227635372,1692255371142,1692255371146,1693227635382,10,4,6
28466,1693227635382,1692255371152,1692255371155,1693227635389,7,3,4
28467,1693227635389,1692255371160,1692255371163,1693227635397,8,3,5
28468,1693227635397,1692255371172,1692255371176,1693227635410,13,4,9
28469,1693227635410,1692255371181,1692255371183,1693227635418,8,2,6
28470,1693227635418,1692255371188,1692255371191,1693227635425,7,3,4
28471,1693227635425,1692255371199,1692255371202,1693227635436,11,3,8
28472,1693227635436,1692255371206,1692255371212,1693227635446,10,6,4
28473,1693227635446,1692255371216,1692255371221,1693227635455,9,5,4
28474,1693227635455,1692255371226,1692255371230,1693227635464,9,4,5
28475,1693227635464,1692255371234,1692255371237,1693227635471,7,3,4
28476,1693227635471,1692255371241,1692255371244,1693227635478,7,3,4
28477,1693227635478,1692255371249,1692255371252,1693227635486,8,3,5
28478,1693227635486,1692255371259,1692255371262,1693227635496,10,3,7
28479,1693227635496,1692255371265,1692255371268,1693227635502,6,3,3
28480,1693227635502,1692255371274,1692255371278,1693227635512,10,4,6
28481,1693227635512,1692255371282,1692255371286,1693227635520,8,4,4
28482,1693227635520,1692255371290,1692255371294,1693227635528,8,4,4
28483,1693227635528,1692255371298,1692255371300,1693227635538,10,2,8
28484,1693227635538,1692255371310,1692255371313,1693227635547,9,3,6
28485,1693227635547,1692255371317,1692255371320,1693227635555,8,3,5
28486,1693227635555,1692255371324,1692255371329,1693227635563,8,5,3
28487,1693227635563,1692255371333,1692255371337,1693227635571,8,4,4
28488,1693227635571,1692255371344,1692255371347,1693227635581,10,3,7
28489,1693227635581,1692255371353,1692255371356,1693227635590,9,3,6
28490,1693227635590,1692255371361,1692255371364,1693227635599,9,3,6
28491,1693227635599,1692255371369,1692255371372,1693227635609,10,3,7
28492,1693227635609,1692255371380,1692255371384,1693227635618,9,4,5
28493,1693227635618,1692255371388,1692255371394,1693227635628,10,6,4
28494,1693227635628,1692255371399,1692255371402,1693227635636,8,3,5
28495,1693227635636,1692255371406,1692255371409,1693227635644,8,3,5
28496,1693227635644,1692255371414,1692255371417,1693227635652,8,3,5
28497,1693227635652,1692255371422,1692255371425,1693227635659,7,3,4
28498,1693227635659,1692255371429,1692255371432,1693227635666,7,3,4
28499,1693227635666,1692255371436,1692255371439,1693227635673,7,3,4
28500,1693227635673,1692255371446,1692255371450,1693227635684,11,4,7
28501,1693227635684,1692255371455,1692255371458,1693227635692,8,3,5
28502,1693227635692,1692255371464,1692255371468,1693227635702,10,4,6
28503,1693227635702,1692255371472,1692255371475,1693227635711,9,3,6
28504,1693227635711,1692255371482,1692255371485,1693227635719,8,3,5
28505,1693227635719,1692255371489,1692255371492,1693227635727,8,3,5
28506,1693227635727,1692255371497,1692255371500,1693227635734,7,3,4
28507,1693227635734,1692255371506,1692255371509,1693227635743,9,3,6
28508,1693227635743,1692255371513,1692255371517,1693227635752,9,4,5
28509,1693227635752,1692255371521,1692255371525,1693227635759,7,4,3
28510,1693227635759,1692255371530,1692255371533,1693227635767,8,3,5
28511,1693227635767,1692255371538,1692255371542,1693227635776,9,4,5
28512,1693227635776,1692255371548,1692255371552,1693227635786,10,4,6
28513,1693227635787,1692255371557,1692255371560,1693227635794,7,3,4
28514,1693227635794,1692255371565,1692255371568,1693227635802,8,3,5
28515,1693227635802,1692255371572,1692255371576,1693227635810,8,4,4
28516,1693227635810,1692255371581,1692255371585,1693227635819,9,4,5
28517,1693227635820,1692255371590,1692255371595,1693227635829,9,5,4
28518,1693227635829,1692255371599,1692255371602,1693227635836,7,3,4
28519,1693227635836,1692255371607,1692255371610,1693227635845,9,3,6
28520,1693227635845,1692255371615,1692255371618,1693227635852,7,3,4
28521,1693227635852,1692255371623,1692255371626,1693227635860,8,3,5
28522,1693227635860,1692255371630,1692255371633,1693227635867,7,3,4
28523,1693227635867,1692255371637,1692255371640,1693227635874,7,3,4
28524,1693227635874,1692255371644,1692255371647,1693227635881,7,3,4
28525,1693227635881,1692255371651,1692255371654,1693227635888,7,3,4
28526,1693227635888,1692255371660,1692255371663,1693227635897,9,3,6
28527,1693227635897,1692255371669,1692255371672,1693227635906,9,3,6
28528,1693227635906,1692255371676,1692255371679,1693227635916,10,3,7
28529,1693227635916,1692255371687,1692255371690,1693227635924,8,3,5
28530,1693227635924,1692255371694,1692255371698,1693227635932,8,4,4
28531,1693227635932,1692255371702,1692255371705,1693227635939,7,3,4
28532,1693227635940,1692255371710,1692255371713,1693227635948,8,3,5
28533,1693227635948,1692255371718,1692255371721,1693227635955,7,3,4
28534,1693227635955,1692255371725,1692255371729,1693227635963,8,4,4
28535,1693227635963,1692255371733,1692255371737,1693227635971,8,4,4
28536,1693227635971,1692255371741,1692255371744,1693227635978,7,3,4
28537,1693227635978,1692255371749,1692255371752,1693227635987,9,3,6
28538,1693227635987,1692255371757,1692255371760,1693227635994,7,3,4
28539,1693227635994,1692255371764,1692255371767,1693227636001,7,3,4
28540,1693227636001,1692255371771,1692255371775,1693227636009,8,4,4
28541,1693227636009,1692255371779,1692255371783,1693227636018,9,4,5
28542,1693227636018,1692255371788,1692255371792,1693227636026,8,4,4
28543,1693227636026,1692255371796,1692255371800,1693227636034,8,4,4
28544,1693227636034,1692255371804,1692255371808,1693227636042,8,4,4
28545,1693227636042,1692255371812,1692255371815,1693227636049,7,3,4
28546,1693227636049,1692255371819,1692255371823,1693227636057,8,4,4
28547,1693227636057,1692255371827,1692255371830,1693227636065,8,3,5
28548,1693227636065,1692255371835,1692255371838,1693227636072,7,3,4
28549,1693227636072,1692255371842,1692255371845,1693227636079,7,3,4
28550,1693227636079,1692255371849,1692255371852,1693227636086,7,3,4
28551,1693227636086,1692255371856,1692255371859,1693227636094,8,3,5
28552,1693227636094,1692255371864,1692255371869,1693227636104,10,5,5
28553,1693227636104,1692255371874,1692255371877,1693227636111,7,3,4
28554,1693227636111,1692255371881,1692255371885,1693227636120,9,4,5
28555,1693227636120,1692255371890,1692255371893,1693227636128,8,3,5
28556,1693227636128,1692255371898,1692255371901,1693227636135,7,3,4
28557,1693227636135,1692255371906,1692255371908,1693227636143,8,2,6
28558,1693227636143,1692255371913,1692255371916,1693227636150,7,3,4
28559,1693227636150,1692255371920,1692255371924,1693227636158,8,4,4
28560,1693227636158,1692255371928,1692255371931,1693227636165,7,3,4
28561,1693227636165,1692255371936,1692255371939,1693227636174,9,3,6
28562,1693227636174,1692255371944,1692255371947,1693227636181,7,3,4
28563,1693227636181,1692255371953,1692255371957,1693227636191,10,4,6
28564,1693227636191,1692255371968,1692255371971,1693227636206,15,3,12
28565,1693227636206,1692255371977,1692255371980,1693227636214,8,3,5
28566,1693227636214,1692255371984,1692255371987,1693227636223,9,3,6
28567,1693227636223,1692255371997,1692255372001,1693227636235,12,4,8
28568,1693227636235,1692255372005,1692255372008,1693227636242,7,3,4
28569,1693227636242,1692255372013,1692255372015,1693227636250,8,2,6
28570,1693227636250,1692255372020,1692255372023,1693227636257,7,3,4
28571,1693227636258,1692255372028,1692255372032,1693227636266,8,4,4
28572,1693227636266,1692255372036,1692255372040,1693227636274,8,4,4
28573,1693227636274,1692255372044,1692255372047,1693227636281,7,3,4
28574,1693227636281,1692255372051,1692255372055,1693227636290,9,4,5
28575,1693227636290,1692255372060,1692255372063,1693227636297,7,3,4
28576,1693227636297,1692255372067,1692255372070,1693227636305,8,3,5
28577,1693227636305,1692255372075,1692255372079,1693227636313,8,4,4
28578,1693227636313,1692255372083,1692255372086,1693227636320,7,3,4
28579,1693227636320,1692255372090,1692255372093,1693227636327,7,3,4
28580,1693227636327,1692255372097,1692255372102,1693227636336,9,5,4
28581,1693227636336,1692255372106,1692255372110,1693227636344,8,4,4
28582,1693227636344,1692255372114,1692255372117,1693227636352,8,3,5
28583,1693227636352,1692255372122,1692255372125,1693227636359,7,3,4
28584,1693227636359,1692255372129,1692255372133,1693227636367,8,4,4
28585,1693227636367,1692255372137,1692255372140,1693227636374,7,3,4
28586,1693227636374,1692255372144,1692255372148,1693227636382,8,4,4
28587,1693227636382,1692255372152,1692255372155,1693227636390,8,3,5
28588,1693227636390,1692255372160,1692255372163,1693227636397,7,3,4
28589,1693227636397,1692255372167,1692255372170,1693227636404,7,3,4
28590,1693227636404,1692255372178,1692255372181,1693227636415,11,3,8
28591,1693227636415,1692255372186,1692255372190,1693227636424,9,4,5
28592,1693227636424,1692255372196,1692255372199,1693227636433,9,3,6
28593,1693227636433,1692255372203,1692255372206,1693227636440,7,3,4
28594,1693227636440,1692255372210,1692255372213,1693227636447,7,3,4
28595,1693227636447,1692255372217,1692255372220,1693227636454,7,3,4
28596,1693227636454,1692255372224,1692255372227,1693227636462,8,3,5
28597,1693227636462,1692255372232,1692255372235,1693227636470,8,3,5
28598,1693227636470,1692255372240,1692255372244,1693227636478,8,4,4
28599,1693227636478,1692255372248,1692255372251,1693227636485,7,3,4
28600,1693227636485,1692255372254,1692255372257,1693227636491,6,3,3
28601,1693227636491,1692255372261,1692255372264,1693227636498,7,3,4
28602,1693227636498,1692255372268,1692255372272,1693227636506,8,4,4
28603,1693227636506,1692255372276,1692255372280,1693227636515,9,4,5
28604,1693227636515,1692255372286,1692255372288,1693227636522,7,2,5
28605,1693227636523,1692255372293,1692255372296,1693227636530,7,3,4
28606,1693227636530,1692255372299,1692255372303,1693227636537,7,4,3
28607,1693227636537,1692255372307,1692255372311,1693227636545,8,4,4
28608,1693227636545,1692255372315,1692255372318,1693227636552,7,3,4
28609,1693227636552,1692255372323,1692255372326,1693227636560,8,3,5
28610,1693227636560,1692255372329,1692255372332,1693227636566,6,3,3
28611,1693227636566,1692255372336,1692255372339,1693227636573,7,3,4
28612,1693227636573,1692255372343,1692255372347,1693227636581,8,4,4
28613,1693227636581,1692255372350,1692255372353,1693227636587,6,3,3
28614,1693227636587,1692255372358,1692255372362,1693227636596,9,4,5
28615,1693227636596,1692255372368,1692255372371,1693227636604,8,3,5
28616,1693227636604,1692255372375,1692255372378,1693227636612,8,3,5
28617,1693227636612,1692255372382,1692255372387,1693227636624,12,5,7
28618,1693227636624,1692255372394,1692255372398,1693227636633,9,4,5
28619,1693227636633,1692255372403,1692255372406,1693227636640,7,3,4
28620,1693227636640,1692255372410,1692255372413,1693227636647,7,3,4
28621,1693227636647,1692255372416,1692255372420,1693227636654,7,4,3
28622,1693227636654,1692255372424,1692255372428,1693227636662,8,4,4
28623,1693227636662,1692255372432,1692255372435,1693227636670,8,3,5
28624,1693227636670,1692255372440,1692255372443,1693227636677,7,3,4
28625,1693227636677,1692255372447,1692255372450,1693227636685,8,3,5
28626,1693227636685,1692255372455,1692255372458,1693227636692,7,3,4
28627,1693227636692,1692255372462,1692255372466,1693227636700,8,4,4
28628,1693227636700,1692255372469,1692255372472,1693227636706,6,3,3
28629,1693227636706,1692255372477,1692255372480,1693227636715,9,3,6
28630,1693227636715,1692255372485,1692255372488,1693227636722,7,3,4
28631,1693227636722,1692255372492,1692255372495,1693227636729,7,3,4
28632,1693227636729,1692255372499,1692255372502,1693227636736,7,3,4
28633,1693227636736,1692255372506,1692255372510,1693227636744,8,4,4
28634,1693227636744,1692255372514,1692255372517,1693227636751,7,3,4
28635,1693227636751,1692255372521,1692255372524,1693227636761,10,3,7
28636,1693227636761,1692255372531,1692255372534,1693227636769,8,3,5
28637,1693227636769,1692255372538,1692255372542,1693227636776,7,4,3
28638,1693227636776,1692255372547,1692255372549,1693227636783,7,2,5
28639,1693227636783,1692255372553,1692255372557,1693227636791,8,4,4
28640,1693227636791,1692255372561,1692255372565,1693227636799,8,4,4
28641,1693227636799,1692255372573,1692255372577,1693227636813,14,4,10
28642,1693227636813,1692255372584,1692255372588,1693227636822,9,4,5
28643,1693227636822,1692255372593,1692255372599,1693227636833,11,6,5
28644,1693227636833,1692255372605,1692255372609,1693227636843,10,4,6
28645,1693227636843,1692255372613,1692255372617,1693227636851,8,4,4
28646,1693227636851,1692255372620,1692255372624,1693227636858,7,4,3
28647,1693227636858,1692255372628,1692255372631,1693227636865,7,3,4
28648,1693227636865,1692255372635,1692255372638,1693227636872,7,3,4
28649,1693227636872,1692255372642,1692255372645,1693227636879,7,3,4
28650,1693227636879,1692255372650,1692255372653,1693227636887,8,3,5
28651,1693227636888,1692255372658,1692255372661,1693227636895,7,3,4
28652,1693227636895,1692255372665,1692255372668,1693227636903,8,3,5
28653,1693227636903,1692255372673,1692255372678,1693227636912,9,5,4
28654,1693227636912,1692255372682,1692255372685,1693227636919,7,3,4
28655,1693227636919,1692255372689,1692255372692,1693227636926,7,3,4
28656,1693227636926,1692255372696,1692255372700,1693227636934,8,4,4
28657,1693227636934,1692255372704,1692255372708,1693227636943,9,4,5
28658,1693227636943,1692255372713,1692255372716,1693227636950,7,3,4
28659,1693227636950,1692255372720,1692255372723,1693227636957,7,3,4
28660,1693227636957,1692255372728,1692255372732,1693227636966,9,4,5
28661,1693227636966,1692255372738,1692255372741,1693227636975,9,3,6
28662,1693227636975,1692255372745,1692255372748,1693227636982,7,3,4
28663,1693227636982,1692255372752,1692255372755,1693227636989,7,3,4
28664,1693227636989,1692255372760,1692255372764,1693227636998,9,4,5
28665,1693227636998,1692255372769,1692255372772,1693227637006,8,3,5
28666,1693227637006,1692255372778,1692255372782,1693227637016,10,4,6
28667,1693227637016,1692255372787,1692255372790,1693227637024,8,3,5
28668,1693227637024,1692255372796,1692255372799,1693227637033,9,3,6
28669,1693227637033,1692255372803,1692255372806,1693227637042,9,3,6
28670,1693227637042,1692255372812,1692255372816,1693227637051,9,4,5
28671,1693227637051,1692255372824,1692255372827,1693227637061,10,3,7
28672,1693227637061,1692255372831,1692255372836,1693227637070,9,5,4
28673,1693227637070,1692255372841,1692255372844,1693227637079,9,3,6
28674,1693227637079,1692255372849,1692255372852,1693227637087,8,3,5
28675,1693227637087,1692255372857,1692255372859,1693227637093,6,2,4
28676,1693227637093,1692255372864,1692255372867,1693227637101,8,3,5
28677,1693227637101,1692255372871,1692255372874,1693227637109,8,3,5
28678,1693227637109,1692255372880,1692255372884,1693227637118,9,4,5
28679,1693227637118,1692255372890,1692255372893,1693227637128,10,3,7
28680,1693227637128,1692255372898,1692255372902,1693227637136,8,4,4
28681,1693227637136,1692255372906,1692255372909,1693227637145,9,3,6
28682,1693227637145,1692255372915,1692255372918,1693227637153,8,3,5
28683,1693227637153,1692255372923,1692255372926,1693227637160,7,3,4
28684,1693227637160,1692255372930,1692255372933,1693227637167,7,3,4
28685,1693227637167,1692255372938,1692255372940,1693227637174,7,2,5
28686,1693227637174,1692255372944,1692255372947,1693227637181,7,3,4
28687,1693227637181,1692255372952,1692255372955,1693227637189,8,3,5
28688,1693227637189,1692255372960,1692255372963,1693227637197,8,3,5
28689,1693227637197,1692255372967,1692255372970,1693227637204,7,3,4
28690,1693227637204,1692255372975,1692255372979,1693227637213,9,4,5
28691,1693227637213,1692255372984,1692255372987,1693227637221,8,3,5
28692,1693227637222,1692255372992,1692255372995,1693227637229,7,3,4
28693,1693227637229,1692255373001,1692255373004,1693227637238,9,3,6
28694,1693227637238,1692255373009,1692255373012,1693227637247,9,3,6
28695,1693227637247,1692255373019,1692255373022,1693227637256,9,3,6
28696,1693227637256,1692255373028,1692255373031,1693227637266,10,3,7
28697,1693227637266,1692255373042,1692255373045,1693227637280,14,3,11
28698,1693227637280,1692255373055,1692255373058,1693227637293,13,3,10
28699,1693227637293,1692255373063,1692255373066,1693227637300,7,3,4
28700,1693227637300,1692255373092,1692255373096,1693227637330,30,4,26
28701,1693227637330,1692255373109,1692255373112,1693227637349,19,3,16
28702,1693227637349,1692255373129,1692255373132,1693227637366,17,3,14
28703,1693227637366,1692255373138,1692255373142,1693227637376,10,4,6
28704,1693227637376,1692255373159,1692255373163,1693227637397,21,4,17
28705,1693227637397,1692255373178,1692255373182,1693227637416,19,4,15
28706,1693227637416,1692255373187,1692255373190,1693227637424,8,3,5
28707,1693227637424,1692255373195,1692255373199,1693227637433,9,4,5
28708,1693227637433,1692255373207,1692255373210,1693227637445,12,3,9
28709,1693227637445,1692255373215,1692255373218,1693227637453,8,3,5
28710,1693227637453,1692255373223,1692255373226,1693227637460,7,3,4
28711,1693227637460,1692255373231,1692255373234,1693227637468,8,3,5
28712,1693227637468,1692255373239,1692255373242,1693227637477,9,3,6
28713,1693227637477,1692255373249,1692255373252,1693227637487,10,3,7
28714,1693227637487,1692255373258,1692255373261,1693227637495,8,3,5
28715,1693227637496,1692255373265,1692255373269,1693227637505,9,4,5
28716,1693227637505,1692255373276,1692255373279,1693227637513,8,3,5
28717,1693227637513,1692255373287,1692255373290,1693227637525,12,3,9
28718,1693227637525,1692255373299,1692255373302,1693227637537,12,3,9
28719,1693227637537,1692255373307,1692255373310,1693227637544,7,3,4
28720,1693227637545,1692255373315,1692255373318,1693227637554,9,3,6
28721,1693227637554,1692255373324,1692255373328,1693227637562,8,4,4
28722,1693227637562,1692255373332,1692255373335,1693227637569,7,3,4
28723,1693227637569,1692255373339,1692255373343,1693227637577,8,4,4
28724,1693227637577,1692255373348,1692255373351,1693227637586,9,3,6
28725,1693227637586,1692255373356,1692255373359,1693227637593,7,3,4
28726,1693227637593,1692255373363,1692255373366,1693227637600,7,3,4
28727,1693227637600,1692255373370,1692255373374,1693227637609,9,4,5
28728,1693227637609,1692255373379,1692255373382,1693227637616,7,3,4
28729,1693227637616,1692255373386,1692255373389,1693227637623,7,3,4
28730,1693227637623,1692255373394,1692255373397,1693227637632,9,3,6
28731,1693227637632,1692255373402,1692255373406,1693227637640,8,4,4
28732,1693227637640,1692255373410,1692255373414,1693227637648,8,4,4
28733,1693227637648,1692255373419,1692255373421,1693227637658,10,2,8
28734,1693227637658,1692255373428,1692255373431,1693227637666,8,3,5
28735,1693227637666,1692255373438,1692255373442,1693227637676,10,4,6
28736,1693227637676,1692255373446,1692255373449,1693227637683,7,3,4
28737,1693227637683,1692255373453,1692255373456,1693227637690,7,3,4
28738,1693227637690,1692255373460,1692255373463,1693227637697,7,3,4
28739,1693227637697,1692255373467,1692255373470,1693227637704,7,3,4
28740,1693227637705,1692255373475,1692255373478,1693227637712,7,3,4
28741,1693227637712,1692255373482,1692255373486,1693227637719,7,4,3
28742,1693227637720,1692255373489,1692255373493,1693227637727,7,4,3
28743,1693227637727,1692255373497,1692255373500,1693227637734,7,3,4
28744,1693227637734,1692255373504,1692255373507,1693227637742,8,3,5
28745,1693227637742,1692255373512,1692255373515,1693227637749,7,3,4
28746,1693227637749,1692255373519,1692255373521,1693227637755,6,2,4
28747,1693227637755,1692255373528,1692255373530,1693227637765,10,2,8
28748,1693227637765,1692255373535,1692255373538,1693227637772,7,3,4
28749,1693227637772,1692255373542,1692255373546,1693227637780,8,4,4
28750,1693227637780,1692255373550,1692255373553,1693227637787,7,3,4
28751,1693227637787,1692255373557,1692255373560,1693227637794,7,3,4
28752,1693227637794,1692255373564,1692255373567,1693227637802,8,3,5
28753,1693227637802,1692255373572,1692255373576,1693227637810,8,4,4
28754,1693227637810,1692255373579,1692255373583,1693227637817,7,4,3
28755,1693227637817,1692255373587,1692255373590,1693227637824,7,3,4
28756,1693227637824,1692255373594,1692255373597,1693227637831,7,3,4
28757,1693227637831,1692255373601,1692255373605,1693227637839,8,4,4
28758,1693227637839,1692255373609,1692255373612,1693227637846,7,3,4
28759,1693227637846,1692255373616,1692255373619,1693227637854,8,3,5
28760,1693227637854,1692255373624,1692255373627,1693227637861,7,3,4
28761,1693227637861,1692255373632,1692255373635,1693227637869,8,3,5
28762,1693227637869,1692255373640,1692255373642,1693227637877,8,2,6
28763,1693227637877,1692255373646,1692255373650,1693227637885,8,4,4
28764,1693227637885,1692255373655,1692255373660,1693227637894,9,5,4
28765,1693227637894,1692255373664,1692255373668,1693227637902,8,4,4
28766,1693227637902,1692255373672,1692255373675,1693227637909,7,3,4
28767,1693227637909,1692255373680,1692255373683,1693227637917,8,3,5
28768,1693227637917,1692255373687,1692255373691,1693227637925,8,4,4
28769,1693227637925,1692255373695,1692255373698,1693227637932,7,3,4
28770,1693227637932,1692255373702,1692255373705,1693227637940,8,3,5
28771,1693227637940,1692255373710,1692255373713,1693227637947,7,3,4
28772,1693227637947,1692255373718,1692255373721,1693227637955,8,3,5
28773,1693227637955,1692255373725,1692255373728,1693227637964,9,3,6
28774,1693227637964,1692255373734,1692255373738,1693227637972,8,4,4
28775,1693227637972,1692255373742,1692255373745,1693227637980,8,3,5
28776,1693227637980,1692255373750,1692255373752,1693227637986,6,2,4
28777,1693227637987,1692255373757,1692255373760,1693227637994,7,3,4
28778,1693227637994,1692255373767,1692255373772,1693227638006,12,5,7
28779,1693227638006,1692255373777,1692255373780,1693227638015,9,3,6
28780,1693227638015,1692255373785,1692255373788,1693227638022,7,3,4
28781,1693227638022,1692255373792,1692255373795,1693227638029,7,3,4
28782,1693227638029,1692255373802,1692255373805,1693227638039,10,3,7
28783,1693227638039,1692255373810,1692255373813,1693227638047,8,3,5
28784,1693227638047,1692255373817,1692255373821,1693227638055,8,4,4
28785,1693227638055,1692255373824,1692255373827,1693227638061,6,3,3
28786,1693227638062,1692255373834,1692255373837,1693227638071,9,3,6
28787,1693227638071,1692255373841,1692255373845,1693227638079,8,4,4
28788,1693227638079,1692255373849,1692255373853,1693227638087,8,4,4
28789,1693227638087,1692255373857,1692255373861,1693227638095,8,4,4
28790,1693227638095,1692255373865,1692255373868,1693227638102,7,3,4
28791,1693227638102,1692255373872,1692255373876,1693227638110,8,4,4
28792,1693227638110,1692255373880,1692255373883,1693227638117,7,3,4
28793,1693227638117,1692255373888,1692255373890,1693227638125,8,2,6
28794,1693227638125,1692255373895,1692255373899,1693227638133,8,4,4
28795,1693227638133,1692255373902,1692255373905,1693227638139,6,3,3
28796,1693227638139,1692255373910,1692255373914,1693227638148,9,4,5
28797,1693227638148,1692255373919,1692255373922,1693227638156,8,3,5
28798,1693227638156,1692255373926,1692255373929,1693227638164,8,3,5
28799,1693227638164,1692255373937,1692255373940,1693227638174,10,3,7
28800,1693227638174,1692255373944,1692255373948,1693227638182,8,4,4
28801,1693227638182,1692255373952,1692255373957,1693227638191,9,5,4
28802,1693227638191,1692255373962,1692255373966,1693227638200,9,4,5
28803,1693227638200,1692255373970,1692255373973,1693227638207,7,3,4
28804,1693227638207,1692255373978,1692255373981,1693227638215,8,3,5
28805,1693227638215,1692255373985,1692255373988,1693227638222,7,3,4
28806,1693227638222,1692255373992,1692255373995,1693227638229,7,3,4
28807,1693227638229,1692255373999,1692255374003,1693227638237,8,4,4
28808,1693227638237,1692255374007,1692255374010,1693227638245,8,3,5
28809,1693227638245,1692255374015,1692255374019,1693227638253,8,4,4
28810,1693227638253,1692255374023,1692255374026,1693227638261,8,3,5
28811,1693227638261,1692255374031,1692255374035,1693227638271,10,4,6
28812,1693227638271,1692255374041,1692255374044,1693227638279,8,3,5
28813,1693227638279,1692255374049,1692255374052,1693227638286,7,3,4
28814,1693227638286,1692255374057,1692255374060,1693227638294,8,3,5
28815,1693227638294,1692255374064,1692255374067,1693227638301,7,3,4
28816,1693227638301,1692255374072,1692255374075,1693227638308,7,3,4
28817,1693227638308,1692255374078,1692255374081,1693227638315,7,3,4
28818,1693227638315,1692255374086,1692255374089,1693227638323,8,3,5
28819,1693227638323,1692255374093,1692255374096,1693227638331,8,3,5
28820,1693227638331,1692255374101,1692255374104,1693227638341,10,3,7
28821,1693227638341,1692255374111,1692255374114,1693227638348,7,3,4
28822,1693227638348,1692255374119,1692255374122,1693227638356,8,3,5
28823,1693227638356,1692255374127,1692255374131,1693227638365,9,4,5
28824,1693227638365,1692255374135,1692255374139,1693227638373,8,4,4
28825,1693227638373,1692255374143,1692255374147,1693227638381,8,4,4
28826,1693227638381,1692255374151,1692255374154,1693227638388,7,3,4
28827,1693227638388,1692255374158,1692255374161,1693227638395,7,3,4
28828,1693227638395,1692255374166,1692255374169,1693227638403,8,3,5
28829,1693227638403,1692255374174,1692255374176,1693227638410,7,2,5
28830,1693227638410,1692255374181,1692255374185,1693227638422,12,4,8
28831,1693227638422,1692255374193,1692255374196,1693227638431,9,3,6
28832,1693227638431,1692255374201,1692255374203,1693227638438,7,2,5
28833,1693227638438,1692255374208,1692255374211,1693227638445,7,3,4
28834,1693227638445,1692255374216,1692255374220,1693227638454,9,4,5
28835,1693227638454,1692255374225,1692255374228,1693227638462,8,3,5
28836,1693227638462,1692255374233,1692255374236,1693227638471,9,3,6
28837,1693227638471,1692255374244,1692255374247,1693227638481,10,3,7
28838,1693227638481,1692255374251,1692255374256,1693227638490,9,5,4
28839,1693227638490,1692255374261,1692255374264,1693227638498,8,3,5
28840,1693227638498,1692255374269,1692255374272,1693227638506,8,3,5
28841,1693227638506,1692255374276,1692255374280,1693227638514,8,4,4
28842,1693227638514,1692255374285,1692255374288,1693227638522,8,3,5
28843,1693227638522,1692255374292,1692255374296,1693227638530,8,4,4
28844,1693227638530,1692255374300,1692255374303,1693227638538,8,3,5
28845,1693227638538,1692255374308,1692255374311,1693227638545,7,3,4
28846,1693227638545,1692255374314,1692255374318,1693227638552,7,4,3
28847,1693227638552,1692255374322,1692255374326,1693227638560,8,4,4
28848,1693227638560,1692255374331,1692255374333,1693227638567,7,2,5
28849,1693227638567,1692255374337,1692255374340,1693227638574,7,3,4
28850,1693227638574,1692255374346,1692255374350,1693227638584,10,4,6
28851,1693227638584,1692255374354,1692255374358,1693227638592,8,4,4
28852,1693227638592,1692255374362,1692255374366,1693227638600,8,4,4
28853,1693227638600,1692255374370,1692255374373,1693227638607,7,3,4
28854,1693227638607,1692255374377,1692255374380,1693227638614,7,3,4
28855,1693227638614,1692255374385,1692255374388,1693227638622,8,3,5
28856,1693227638622,1692255374392,1692255374397,1693227638631,9,5,4
28857,1693227638631,1692255374400,1692255374403,1693227638637,6,3,3
28858,1693227638637,1692255374407,1692255374411,1693227638645,8,4,4
28859,1693227638645,1692255374415,1692255374418,1693227638652,7,3,4
28860,1693227638652,1692255374421,1692255374424,1693227638658,6,3,3
28861,1693227638658,1692255374429,1692255374432,1693227638666,8,3,5
28862,1693227638666,1692255374437,1692255374440,1693227638675,9,3,6
28863,1693227638675,1692255374445,1692255374449,1693227638683,8,4,4
28864,1693227638683,1692255374453,1692255374456,1693227638690,7,3,4
28865,1693227638690,1692255374460,1692255374463,1693227638697,7,3,4
28866,1693227638697,1692255374467,1692255374470,1693227638704,7,3,4
28867,1693227638704,1692255374474,1692255374477,1693227638711,7,3,4
28868,1693227638711,1692255374481,1692255374484,1693227638718,7,3,4
28869,1693227638718,1692255374489,1692255374491,1693227638725,7,2,5
28870,1693227638725,1692255374495,1692255374498,1693227638732,7,3,4
28871,1693227638732,1692255374503,1692255374506,1693227638740,8,3,5
28872,1693227638740,1692255374510,1692255374513,1693227638747,7,3,4
28873,1693227638747,1692255374517,1692255374520,1693227638753,6,3,3
28874,1693227638753,1692255374525,1692255374529,1693227638763,10,4,6
28875,1693227638763,1692255374534,1692255374539,1693227638773,10,5,5
28876,1693227638774,1692255374544,1692255374547,1693227638783,9,3,6
28877,1693227638783,1692255374553,1692255374556,1693227638789,6,3,3
28878,1693227638790,1692255374559,1692255374563,1693227638797,7,4,3
28879,1693227638797,1692255374567,1692255374569,1693227638804,7,2,5
28880,1693227638804,1692255374574,1692255374578,1693227638812,8,4,4
28881,1693227638812,1692255374582,1692255374585,1693227638819,7,3,4
28882,1693227638819,1692255374592,1692255374595,1693227638829,10,3,7
28883,1693227638829,1692255374599,1692255374603,1693227638836,7,4,3
28884,1693227638836,1692255374607,1692255374610,1693227638844,8,3,5
28885,1693227638844,1692255374615,1692255374618,1693227638852,8,3,5
28886,1693227638852,1692255374623,1692255374626,1693227638860,8,3,5
28887,1693227638861,1692255374631,1692255374634,1693227638868,7,3,4
28888,1693227638868,1692255374638,1692255374642,1693227638876,8,4,4
28889,1693227638876,1692255374646,1692255374649,1693227638885,9,3,6
28890,1693227638885,1692255374655,1692255374658,1693227638892,7,3,4
28891,1693227638892,1692255374662,1692255374666,1693227638900,8,4,4
28892,1693227638900,1692255374670,1692255374674,1693227638908,8,4,4
28893,1693227638908,1692255374679,1692255374683,1693227638917,9,4,5
28894,1693227638917,1692255374687,1692255374690,1693227638924,7,3,4
28895,1693227638924,1692255374694,1692255374697,1693227638932,8,3,5
28896,1693227638932,1692255374705,1692255374708,1693227638942,10,3,7
28897,1693227638942,1692255374712,1692255374716,1693227638950,8,4,4
28898,1693227638950,1692255374720,1692255374723,1693227638956,6,3,3
28899,1693227638956,1692255374730,1692255374733,1693227638967,11,3,8
28900,1693227638967,1692255374739,1692255374742,1693227638976,9,3,6
28901,1693227638977,1692255374746,1692255374750,1693227638984,7,4,3
28902,1693227638984,1692255374756,1692255374759,1693227638994,10,3,7
28903,1693227638994,1692255374763,1692255374766,1693227639001,7,3,4
28904,1693227639001,1692255374770,1692255374774,1693227639008,7,4,3
28905,1693227639008,1692255374778,1692255374781,1693227639015,7,3,4
28906,1693227639015,1692255374786,1692255374789,1693227639023,8,3,5
28907,1693227639023,1692255374793,1692255374796,1693227639031,8,3,5
28908,1693227639031,1692255374801,1692255374805,1693227639039,8,4,4
28909,1693227639039,1692255374809,1692255374812,1693227639046,7,3,4
28910,1693227639046,1692255374816,1692255374819,1693227639054,8,3,5
28911,1693227639054,1692255374824,1692255374829,1693227639063,9,5,4
28912,1693227639063,1692255374833,1692255374836,1693227639070,7,3,4
28913,1693227639070,1692255374840,1692255374843,1693227639077,7,3,4
28914,1693227639077,1692255374847,1692255374850,1693227639084,7,3,4
28915,1693227639084,1692255374854,1692255374857,1693227639092,8,3,5
28916,1693227639092,1692255374862,1692255374865,1693227639099,7,3,4
28917,1693227639099,1692255374870,1692255374872,1693227639107,8,2,6
28918,1693227639107,1692255374877,1692255374880,1693227639115,8,3,5
28919,1693227639115,1692255374885,1692255374889,1693227639123,8,4,4
28920,1693227639123,1692255374893,1692255374896,1693227639131,8,3,5
28921,1693227639131,1692255374901,1692255374904,1693227639138,7,3,4
28922,1693227639138,1692255374908,1692255374912,1693227639146,8,4,4
28923,1693227639146,1692255374916,1692255374919,1693227639153,7,3,4
28924,1693227639154,1692255374924,1692255374927,1693227639161,7,3,4
28925,1693227639161,1692255374931,1692255374935,1693227639169,8,4,4
28926,1693227639169,1692255374939,1692255374943,1693227639177,8,4,4
28927,1693227639177,1692255374948,1692255374952,1693227639186,9,4,5
28928,1693227639186,1692255374956,1692255374960,1693227639195,9,4,5
28929,1693227639195,1692255374965,1692255374969,1693227639203,8,4,4
28930,1693227639203,1692255374973,1692255374976,1693227639210,7,3,4
28931,1693227639210,1692255374981,1692255374984,1693227639218,8,3,5
28932,1693227639218,1692255374988,1692255374991,1693227639225,7,3,4
28933,1693227639225,1692255374996,1692255374999,1693227639233,8,3,5
28934,1693227639233,1692255375004,1692255375007,1693227639241,8,3,5
28935,1693227639241,1692255375011,1692255375015,1693227639250,9,4,5
28936,1693227639250,1692255375021,1692255375024,1693227639259,9,3,6
28937,1693227639259,1692255375029,1692255375033,1693227639267,8,4,4
28938,1693227639267,1692255375039,1692255375044,1693227639278,11,5,6
28939,1693227639278,1692255375051,1692255375054,1693227639288,10,3,7
28940,1693227639288,1692255375058,1692255375061,1693227639296,8,3,5
28941,1693227639296,1692255375066,1692255375070,1693227639304,8,4,4
28942,1693227639304,1692255375074,1692255375078,1693227639312,8,4,4
28943,1693227639312,1692255375082,1692255375085,1693227639320,8,3,5
28944,1693227639320,1692255375090,1692255375092,1693227639326,6,2,4
28945,1693227639326,1692255375097,1692255375100,1693227639335,9,3,6
28946,1693227639335,1692255375105,1692255375108,1693227639343,8,3,5
28947,1693227639343,1692255375113,1692255375116,1693227639350,7,3,4
28948,1693227639350,1692255375120,1692255375125,1693227639359,9,5,4
28949,1693227639359,1692255375129,1692255375132,1693227639366,7,3,4
28950,1693227639366,1692255375136,1692255375139,1693227639374,8,3,5
28951,1693227639374,1692255375143,1692255375147,1693227639383,9,4,5
28952,1693227639383,1692255375153,1692255375157,1693227639391,8,4,4
28953,1693227639391,1692255375161,1692255375164,1693227639398,7,3,4
28954,1693227639398,1692255375169,1692255375172,1693227639406,8,3,5
28955,1693227639406,1692255375176,1692255375179,1693227639413,7,3,4
28956,1693227639413,1692255375184,1692255375188,1693227639422,9,4,5
28957,1693227639422,1692255375196,1692255375199,1693227639434,12,3,9
28958,1693227639434,1692255375204,1692255375207,1693227639442,8,3,5
28959,1693227639442,1692255375214,1692255375218,1693227639452,10,4,6
28960,1693227639452,1692255375222,1692255375226,1693227639460,8,4,4
28961,1693227639460,1692255375230,1692255375234,1693227639468,8,4,4
28962,1693227639468,1692255375238,1692255375242,1693227639476,8,4,4
28963,1693227639476,1692255375247,1692255375250,1693227639484,8,3,5
28964,1693227639484,1692255375259,1692255375263,1693227639497,13,4,9
28965,1693227639497,1692255375268,1692255375272,1693227639506,9,4,5
28966,1693227639506,1692255375276,1692255375279,1693227639514,8,3,5
28967,1693227639514,1692255375284,1692255375287,1693227639521,7,3,4
28968,1693227639521,1692255375291,1692255375294,1693227639529,8,3,5
28969,1693227639529,1692255375299,1692255375302,1693227639536,7,3,4
28970,1693227639536,1692255375305,1692255375309,1693227639543,7,4,3
28971,1693227639543,1692255375313,1692255375316,1693227639550,7,3,4
28972,1693227639550,1692255375320,1692255375323,1693227639558,8,3,5
28973,1693227639558,1692255375328,1692255375331,1693227639567,9,3,6
28974,1693227639567,1692255375338,1692255375341,1693227639575,8,3,5
28975,1693227639575,1692255375346,1692255375350,1693227639584,9,4,5
28976,1693227639584,1692255375354,1692255375357,1693227639591,7,3,4
28977,1693227639591,1692255375361,1692255375364,1693227639599,8,3,5
28978,1693227639599,1692255375370,1692255375373,1693227639607,8,3,5
28979,1693227639607,1692255375378,1692255375381,1693227639615,8,3,5
28980,1693227639615,1692255375385,1692255375388,1693227639622,7,3,4
28981,1693227639622,1692255375392,1692255375395,1693227639629,7,3,4
28982,1693227639629,1692255375399,1692255375403,1693227639638,9,4,5
28983,1693227639638,1692255375408,1692255375412,1693227639646,8,4,4
28984,1693227639646,1692255375416,1692255375420,1693227639654,8,4,4
28985,1693227639654,1692255375429,1692255375434,1693227639668,14,5,9
28986,1693227639668,1692255375440,1692255375443,1693227639677,9,3,6
28987,1693227639677,1692255375448,1692255375452,1693227639686,9,4,5
28988,1693227639686,1692255375459,1692255375462,1693227639696,10,3,7
28989,1693227639696,1692255375466,1692255375469,1693227639715,19,3,16
28990,1693227639715,1692255375486,1692255375489,1693227639723,8,3,5
28991,1693227639723,1692255375494,1692255375498,1693227639732,9,4,5
28992,1693227639732,1692255375502,1692255375505,1693227639739,7,3,4
28993,1693227639739,1692255375509,1692255375512,1693227639747,8,3,5
28994,1693227639747,1692255375517,1692255375521,1693227639755,8,4,4
28995,1693227639755,1692255375525,1692255375529,1693227639763,8,4,4
28996,1693227639763,1692255375533,1692255375536,1693227639772,9,3,6
28997,1693227639772,1692255375541,1692255375545,1693227639779,7,4,3
28998,1693227639779,1692255375549,1692255375552,1693227639787,8,3,5
28999,1693227639787,1692255375561,1692255375565,1693227639799,12,4,8
29000,1693227639799,1692255375569,1692255375573,1693227639807,8,4,4
29001,1693227639807,1692255375577,1692255375580,1693227639814,7,3,4
29002,1693227639814,1692255375584,1692255375589,1693227639822,8,5,3
29003,1693227639823,1692255375592,1692255375596,1693227639830,7,4,3
29004,1693227639830,1692255375602,1692255375605,1693227639839,9,3,6
29005,1693227639839,1692255375609,1692255375613,1693227639870,31,4,27
29006,1693227639870,1692255375646,1692255375649,1693227639884,14,3,11
29007,1693227639884,1692255375667,1692255375670,1693227639905,21,3,18
29008,1693227639905,1692255375677,1692255375680,1693227639914,9,3,6
29009,1693227639914,1692255375684,1692255375687,1693227639921,7,3,4
29010,1693227639921,1692255375691,1692255375694,1693227639928,7,3,4
29011,1693227639928,1692255375698,1692255375701,1693227639936,8,3,5
29012,1693227639936,1692255375706,1692255375709,1693227639943,7,3,4
29013,1693227639943,1692255375714,1692255375717,1693227639951,8,3,5
29014,1693227639951,1692255375721,1692255375724,1693227639958,7,3,4
29015,1693227639958,1692255375730,1692255375733,1693227639967,9,3,6
29016,1693227639967,1692255375738,1692255375741,1693227639975,8,3,5
29017,1693227639975,1692255375747,1692255375750,1693227639985,10,3,7
29018,1693227639985,1692255375755,1692255375758,1693227639992,7,3,4
29019,1693227639992,1692255375763,1692255375766,1693227640000,8,3,5
29020,1693227640000,1692255375771,1692255375774,1693227640009,9,3,6
29021,1693227640009,1692255375780,1692255375784,1693227640018,9,4,5
29022,1693227640018,1692255375789,1692255375793,1693227640027,9,4,5
29023,1693227640027,1692255375797,1692255375801,1693227640035,8,4,4
29024,1693227640035,1692255375805,1692255375808,1693227640041,6,3,3
29025,1693227640041,1692255375811,1692255375814,1693227640049,8,3,5
29026,1693227640049,1692255375819,1692255375823,1693227640057,8,4,4
29027,1693227640057,1692255375827,1692255375831,1693227640065,8,4,4
29028,1693227640065,1692255375835,1692255375839,1693227640073,8,4,4
29029,1693227640073,1692255375843,1692255375847,1693227640081,8,4,4
29030,1693227640081,1692255375856,1692255375860,1693227640094,13,4,9
29031,1693227640094,1692255375864,1692255375867,1693227640101,7,3,4
29032,1693227640101,1692255375871,1692255375874,1693227640108,7,3,4
29033,1693227640108,1692255375879,1692255375882,1693227640116,8,3,5
29034,1693227640116,1692255375886,1692255375890,1693227640124,8,4,4
29035,1693227640124,1692255375894,1692255375897,1693227640131,7,3,4
29036,1693227640131,1692255375901,1692255375904,1693227640138,7,3,4
29037,1693227640138,1692255375908,1692255375912,1693227640147,9,4,5
29038,1693227640147,1692255375917,1692255375920,1693227640154,7,3,4
29039,1693227640154,1692255375924,1692255375927,1693227640162,8,3,5
29040,1693227640162,1692255375932,1692255375935,1693227640169,7,3,4
29041,1693227640169,1692255375939,1692255375943,1693227640177,8,4,4
29042,1693227640177,1692255375947,1692255375951,1693227640185,8,4,4
29043,1693227640185,1692255375955,1692255375958,1693227640192,7,3,4
29044,1693227640192,1692255375962,1692255375965,1693227640199,7,3,4
29045,1693227640199,1692255375970,1692255375973,1693227640207,8,3,5
29046,1693227640207,1692255375977,1692255375980,1693227640216,9,3,6
29047,1693227640216,1692255375986,1692255375989,1693227640223,7,3,4
29048,1693227640223,1692255375994,1692255375996,1693227640231,8,2,6
29049,1693227640231,1692255376001,1692255376005,1693227640239,8,4,4
29050,1693227640239,1692255376011,1692255376014,1693227640248,9,3,6
29051,1693227640248,1692255376019,1692255376021,1693227640256,8,2,6
29052,1693227640256,1692255376026,1692255376029,1693227640264,8,3,5
29053,1693227640264,1692255376034,1692255376037,1693227640271,7,3,4
29054,1693227640271,1692255376041,1692255376045,1693227640279,8,4,4
29055,1693227640279,1692255376049,1692255376052,1693227640286,7,3,4
29056,1693227640286,1692255376056,1692255376062,1693227640297,11,6,5
29057,1693227640297,1692255376066,1692255376069,1693227640303,6,3,3
29058,1693227640303,1692255376074,1692255376078,1693227640312,9,4,5
29059,1693227640312,1692255376082,1692255376085,1693227640319,7,3,4
29060,1693227640319,1692255376089,1692255376091,1693227640326,7,2,5
29061,1693227640326,1692255376096,1692255376099,1693227640333,7,3,4
29062,1693227640333,1692255376103,1692255376106,1693227640340,7,3,4
29063,1693227640340,1692255376110,1692255376113,1693227640347,7,3,4
29064,1693227640347,1692255376117,1692255376120,1693227640354,7,3,4
29065,1693227640354,1692255376124,1692255376127,1693227640361,7,3,4
29066,1693227640361,1692255376136,1692255376139,1693227640373,12,3,9
29067,1693227640373,1692255376143,1692255376147,1693227640381,8,4,4
29068,1693227640381,1692255376151,1692255376154,1693227640388,7,3,4
29069,1693227640389,1692255376159,1692255376162,1693227640396,7,3,4
29070,1693227640396,1692255376166,1692255376169,1693227640403,7,3,4
29071,1693227640403,1692255376173,1692255376177,1693227640411,8,4,4
29072,1693227640411,1692255376181,1692255376184,1693227640418,7,3,4
29073,1693227640418,1692255376189,1692255376192,1693227640427,9,3,6
29074,1693227640427,1692255376197,1692255376200,1693227640435,8,3,5
29075,1693227640435,1692255376205,1692255376208,1693227640443,8,3,5
29076,1693227640443,1692255376213,1692255376216,1693227640450,7,3,4
29077,1693227640450,1692255376221,1692255376224,1693227640458,8,3,5
29078,1693227640459,1692255376229,1692255376232,1693227640466,7,3,4
29079,1693227640466,1692255376236,1692255376240,1693227640474,8,4,4
29080,1693227640474,1692255376244,1692255376247,1693227640481,7,3,4
29081,1693227640481,1692255376251,1692255376254,1693227640488,7,3,4
29082,1693227640488,1692255376258,1692255376262,1693227640496,8,4,4
29083,1693227640496,1692255376267,1692255376270,1693227640504,8,3,5
29084,1693227640504,1692255376274,1692255376277,1693227640512,8,3,5
29085,1693227640512,1692255376283,1692255376287,1693227640520,8,4,4
29086,1693227640520,1692255376292,1692255376295,1693227640530,10,3,7
29087,1693227640530,1692255376300,1692255376303,1693227640537,7,3,4
29088,1693227640537,1692255376307,1692255376310,1693227640544,7,3,4
29089,1693227640544,1692255376314,1692255376318,1693227640552,8,4,4
29090,1693227640552,1692255376322,1692255376325,1693227640559,7,3,4
29091,1693227640559,1692255376328,1692255376332,1693227640566,7,4,3
29092,1693227640566,1692255376337,1692255376340,1693227640574,8,3,5
29093,1693227640574,1692255376344,1692255376347,1693227640581,7,3,4
29094,1693227640581,1692255376351,1692255376354,1693227640588,7,3,4
29095,1693227640588,1692255376358,1692255376364,1693227640598,10,6,4
29096,1693227640599,1692255376369,1692255376372,1693227640606,7,3,4
29097,1693227640606,1692255376376,1692255376379,1693227640613,7,3,4
29098,1693227640613,1692255376384,1692255376387,1693227640622,9,3,6
29099,1693227640622,1692255376394,1692255376398,1693227640632,10,4,6
29100,1693227640632,1692255376402,1692255376405,1693227640639,7,3,4
29101,1693227640639,1692255376409,1692255376412,1693227640646,7,3,4
29102,1693227640646,1692255376416,1692255376420,1693227640654,8,4,4
29103,1693227640654,1692255376425,1692255376429,1693227640663,9,4,5
29104,1693227640663,1692255376433,1692255376437,1693227640671,8,4,4
29105,1693227640671,1692255376441,1692255376445,1693227640679,8,4,4
29106,1693227640679,1692255376449,1692255376452,1693227640686,7,3,4
29107,1693227640686,1692255376456,1692255376460,1693227640694,8,4,4
29108,1693227640694,1692255376463,1692255376466,1693227640700,6,3,3
29109,1693227640700,1692255376471,1692255376474,1693227640709,9,3,6
29110,1693227640709,1692255376478,1692255376481,1693227640715,6,3,3
29111,1693227640715,1692255376486,1692255376488,1693227640722,7,2,5
29112,1693227640722,1692255376492,1692255376495,1693227640729,7,3,4
29113,1693227640729,1692255376499,1692255376502,1693227640737,8,3,5
29114,1693227640737,1692255376507,1692255376510,1693227640744,7,3,4
29115,1693227640744,1692255376515,1692255376518,1693227640752,8,3,5
29116,1693227640752,1692255376523,1692255376526,1693227640760,8,3,5
29117,1693227640760,1692255376530,1692255376533,1693227640767,7,3,4
29118,1693227640767,1692255376537,1692255376540,1693227640774,7,3,4
29119,1693227640774,1692255376544,1692255376547,1693227640781,7,3,4
29120,1693227640781,1692255376551,1692255376554,1693227640789,8,3,5
29121,1693227640789,1692255376559,1692255376563,1693227640797,8,4,4
29122,1693227640797,1692255376567,1692255376571,1693227640805,8,4,4
29123,1693227640805,1692255376575,1692255376578,1693227640813,8,3,5
29124,1693227640813,1692255376583,1692255376586,1693227640820,7,3,4
29125,1693227640820,1692255376591,1692255376594,1693227640830,10,3,7
29126,1693227640830,1692255376601,1692255376604,1693227640838,8,3,5
29127,1693227640838,1692255376608,1692255376612,1693227640846,8,4,4
29128,1693227640846,1692255376615,1692255376618,1693227640852,6,3,3
29129,1693227640852,1692255376623,1692255376626,1693227640860,8,3,5
29130,1693227640860,1692255376631,1692255376634,1693227640868,8,3,5
29131,1693227640868,1692255376638,1692255376642,1693227640876,8,4,4
29132,1693227640876,1692255376647,1692255376651,1693227640885,9,4,5
29133,1693227640885,1692255376656,1692255376660,1693227640894,9,4,5
29134,1693227640894,1692255376664,1692255376668,1693227640902,8,4,4
29135,1693227640902,1692255376671,1692255376676,1693227640910,8,5,3
29136,1693227640910,1692255376681,1692255376684,1693227640919,9,3,6
29137,1693227640919,1692255376689,1692255376693,1693227640927,8,4,4
29138,1693227640927,1692255376697,1692255376700,1693227640934,7,3,4
29139,1693227640934,1692255376705,1692255376707,1693227640941,7,2,5
29140,1693227640941,1692255376711,1692255376714,1693227640949,8,3,5
29141,1693227640949,1692255376719,1692255376722,1693227640956,7,3,4
29142,1693227640956,1692255376729,1692255376733,1693227640967,11,4,7
29143,1693227640967,1692255376737,1692255376740,1693227640974,7,3,4
29144,1693227640974,1692255376744,1692255376747,1693227640981,7,3,4
29145,1693227640981,1692255376751,1692255376754,1693227640988,7,3,4
29146,1693227640988,1692255376758,1692255376761,1693227640995,7,3,4
29147,1693227640995,1692255376766,1692255376768,1693227641003,8,2,6
29148,1693227641003,1692255376773,1692255376776,1693227641010,7,3,4
29149,1693227641010,1692255376780,1692255376784,1693227641018,8,4,4
29150,1693227641018,1692255376790,1692255376794,1693227641028,10,4,6
29151,1693227641028,1692255376798,1692255376801,1693227641036,8,3,5
29152,1693227641036,1692255376806,1692255376809,1693227641043,7,3,4
29153,1693227641043,1692255376814,1692255376816,1693227641050,7,2,5
29154,1693227641050,1692255376820,1692255376823,1693227641058,8,3,5
29155,1693227641058,1692255376831,1692255376834,1693227641068,10,3,7
29156,1693227641068,1692255376838,1692255376841,1693227641075,7,3,4
29157,1693227641075,1692255376846,1692255376850,1693227641085,10,4,6
29158,1693227641085,1692255376855,1692255376858,1693227641092,7,3,4
29159,1693227641092,1692255376862,1692255376866,1693227641100,8,4,4
29160,1693227641100,1692255376871,1692255376874,1693227641108,8,3,5
29161,1693227641108,1692255376877,1692255376880,1693227641114,6,3,3
29162,1693227641114,1692255376885,1692255376888,1693227641123,9,3,6
29163,1693227641123,1692255376893,1692255376895,1693227641130,7,2,5
29164,1693227641130,1692255376900,1692255376903,1693227641138,8,3,5
29165,1693227641138,1692255376907,1692255376910,1693227641145,7,3,4
29166,1693227641145,1692255376915,1692255376917,1693227641151,6,2,4
29167,1693227641151,1692255376922,1692255376925,1693227641159,8,3,5
29168,1693227641159,1692255376938,1692255376941,1693227641175,16,3,13
29169,1693227641175,1692255376945,1692255376950,1693227641184,9,5,4
29170,1693227641184,1692255376955,1692255376958,1693227641192,8,3,5
29171,1693227641192,1692255376962,1692255376965,1693227641199,7,3,4
29172,1693227641199,1692255376970,1692255376973,1693227641207,8,3,5
29173,1693227641207,1692255376978,1692255376981,1693227641215,8,3,5
29174,1693227641215,1692255376986,1692255376989,1693227641223,8,3,5
29175,1693227641223,1692255376993,1692255376997,1693227641230,7,4,3
29176,1693227641230,1692255377000,1692255377004,1693227641240,10,4,6
29177,1693227641240,1692255377010,1692255377014,1693227641248,8,4,4
29178,1693227641248,1692255377018,1692255377021,1693227641255,7,3,4
29179,1693227641255,1692255377026,1692255377029,1693227641263,8,3,5
29180,1693227641263,1692255377033,1692255377036,1693227641270,7,3,4
29181,1693227641270,1692255377040,1692255377044,1693227641278,8,4,4
29182,1693227641278,1692255377048,1692255377051,1693227641286,8,3,5
29183,1693227641286,1692255377056,1692255377060,1693227641294,8,4,4
29184,1693227641294,1692255377064,1692255377068,1693227641302,8,4,4
29185,1693227641302,1692255377072,1692255377076,1693227641310,8,4,4
29186,1693227641310,1692255377080,1692255377083,1693227641317,7,3,4
29187,1693227641317,1692255377093,1692255377096,1693227641330,13,3,10
29188,1693227641330,1692255377101,1692255377104,1693227641339,9,3,6
29189,1693227641339,1692255377116,1692255377120,1693227641354,15,4,11
29190,1693227641354,1692255377124,1692255377127,1693227641361,7,3,4
29191,1693227641361,1692255377131,1692255377135,1693227641369,8,4,4
29192,1693227641369,1692255377139,1692255377142,1693227641377,8,3,5
29193,1693227641377,1692255377147,1692255377150,1693227641384,7,3,4
29194,1693227641384,1692255377154,1692255377157,1693227641392,8,3,5
29195,1693227641392,1692255377162,1692255377165,1693227641400,8,3,5
29196,1693227641400,1692255377170,1692255377173,1693227641408,8,3,5
29197,1693227641408,1692255377181,1692255377185,1693227641419,11,4,7
29198,1693227641419,1692255377190,1692255377192,1693227641426,7,2,5
29199,1693227641426,1692255377197,1692255377200,1693227641434,8,3,5
29200,1693227641435,1692255377208,1692255377212,1693227641446,11,4,7
29201,1693227641446,1692255377216,1692255377220,1693227641455,9,4,5
29202,1693227641455,1692255377225,1692255377228,1693227641463,8,3,5
29203,1693227641463,1692255377234,1692255377238,1693227641472,9,4,5
29204,1693227641472,1692255377242,1692255377246,1693227641480,8,4,4
29205,1693227641480,1692255377250,1692255377254,1693227641488,8,4,4
29206,1693227641488,1692255377258,1692255377263,1693227641498,10,5,5
29207,1693227641498,1692255377268,1692255377271,1693227641505,7,3,4
29208,1693227641505,1692255377275,1692255377278,1693227641513,8,3,5
29209,1693227641513,1692255377283,1692255377286,1693227641520,7,3,4
29210,1693227641520,1692255377292,1692255377296,1693227641530,10,4,6
29211,1693227641530,1692255377301,1692255377305,1693227641539,9,4,5
29212,1693227641539,1692255377310,1692255377313,1693227641548,9,3,6
29213,1693227641548,1692255377317,1692255377321,1693227641555,7,4,3
29214,1693227641555,1692255377326,1692255377329,1693227641564,9,3,6
29215,1693227641564,1692255377334,1692255377338,1693227641572,8,4,4
29216,1693227641572,1692255377342,1692255377345,1693227641579,7,3,4
29217,1693227641579,1692255377350,1692255377353,1693227641588,9,3,6
29218,1693227641588,1692255377357,1692255377361,1693227641595,7,4,3
29219,1693227641595,1692255377365,1692255377368,1693227641603,8,3,5
29220,1693227641603,1692255377374,1692255377378,1693227641613,10,4,6
29221,1693227641613,1692255377383,1692255377386,1693227641620,7,3,4
29222,1693227641620,1692255377390,1692255377393,1693227641629,9,3,6
29223,1693227641629,1692255377399,1692255377402,1693227641637,8,3,5
29224,1693227641637,1692255377407,1692255377410,1693227641644,7,3,4
29225,1693227641644,1692255377415,1692255377419,1693227641653,9,4,5
29226,1693227641653,1692255377423,1692255377426,1693227641661,8,3,5
29227,1693227641661,1692255377431,1692255377434,1693227641668,7,3,4
29228,1693227641668,1692255377438,1692255377442,1693227641676,8,4,4
29229,1693227641676,1692255377446,1692255377449,1693227641686,10,3,7
29230,1693227641686,1692255377464,1692255377469,1693227641703,17,5,12
29231,1693227641703,1692255377473,1692255377476,1693227641710,7,3,4
29232,1693227641710,1692255377481,1692255377484,1693227641718,8,3,5
29233,1693227641718,1692255377488,1692255377492,1693227641726,8,4,4
29234,1693227641726,1692255377496,1692255377499,1693227641734,8,3,5
29235,1693227641734,1692255377504,1692255377507,1693227641741,7,3,4
29236,1693227641741,1692255377512,1692255377514,1693227641748,7,2,5
29237,1693227641748,1692255377521,1692255377524,1693227641757,9,3,6
29238,1693227641757,1692255377527,1692255377530,1693227641765,8,3,5
29239,1693227641765,1692255377535,1692255377539,1693227641773,8,4,4
29240,1693227641773,1692255377543,1692255377546,1693227641781,8,3,5
29241,1693227641781,1692255377551,1692255377554,1693227641788,7,3,4
29242,1693227641788,1692255377558,1692255377563,1693227641797,9,5,4
29243,1693227641797,1692255377568,1692255377571,1693227641805,8,3,5
29244,1693227641805,1692255377576,1692255377579,1693227641813,8,3,5
29245,1693227641813,1692255377583,1692255377586,1693227641821,8,3,5
29246,1693227641821,1692255377591,1692255377594,1693227641828,7,3,4
29247,1693227641828,1692255377599,1692255377602,1693227641836,8,3,5
29248,1693227641836,1692255377607,1692255377610,1693227641846,10,3,7
29249,1693227641846,1692255377616,1692255377619,1693227641855,9,3,6
29250,1693227641855,1692255377625,1692255377628,1693227641862,7,3,4
29251,1693227641862,1692255377632,1692255377635,1693227641869,7,3,4
29252,1693227641869,1692255377644,1692255377647,1693227641881,12,3,9
29253,1693227641881,1692255377652,1692255377655,1693227641889,8,3,5
29254,1693227641889,1692255377659,1692255377662,1693227641897,8,3,5
29255,1693227641897,1692255377667,1692255377671,1693227641904,7,4,3
29256,1693227641905,1692255377674,1692255377678,1693227641912,7,4,3
29257,1693227641912,1692255377683,1692255377689,1693227641923,11,6,5
29258,1693227641923,1692255377693,1692255377696,1693227641930,7,3,4
29259,1693227641930,1692255377701,1692255377704,1693227641938,8,3,5
29260,1693227641938,1692255377709,1692255377712,1693227641946,8,3,5
29261,1693227641946,1692255377716,1692255377719,1693227641954,8,3,5
29262,1693227641954,1692255377725,1692255377728,1693227641962,8,3,5
29263,1693227641962,1692255377733,1692255377737,1693227641971,9,4,5
29264,1693227641971,1692255377741,1692255377745,1693227641979,8,4,4
29265,1693227641979,1692255377749,1692255377752,1693227641986,7,3,4
29266,1693227641986,1692255377756,1692255377759,1693227641992,6,3,3
29267,1693227641992,1692255377763,1692255377766,1693227642000,8,3,5
29268,1693227642000,1692255377771,1692255377774,1693227642008,8,3,5
29269,1693227642008,1692255377778,1692255377781,1693227642015,7,3,4
29270,1693227642015,1692255377786,1692255377789,1693227642023,8,3,5
29271,1693227642023,1692255377796,1692255377799,1693227642034,11,3,8
29272,1693227642034,1692255377804,1692255377807,1693227642041,7,3,4
29273,1693227642041,1692255377815,1692255377819,1693227642054,13,4,9
29274,1693227642054,1692255377827,1692255377830,1693227642064,10,3,7
29275,1693227642064,1692255377835,1692255377839,1693227642072,8,4,4
29276,1693227642072,1692255377843,1692255377846,1693227642080,8,3,5
29277,1693227642080,1692255377850,1692255377853,1693227642087,7,3,4
29278,1693227642087,1692255377857,1692255377862,1693227642096,9,5,4
29279,1693227642097,1692255377867,1692255377870,1693227642104,7,3,4
29280,1693227642104,1692255377874,1692255377878,1693227642112,8,4,4
29281,1693227642112,1692255377882,1692255377884,1693227642118,6,2,4
29282,1693227642118,1692255377888,1692255377892,1693227642126,8,4,4
29283,1693227642126,1692255377898,1692255377902,1693227642136,10,4,6
29284,1693227642136,1692255377906,1692255377909,1693227642143,7,3,4
29285,1693227642143,1692255377915,1692255377919,1693227642153,10,4,6
29286,1693227642153,1692255377923,1692255377926,1693227642162,9,3,6
29287,1693227642162,1692255377933,1692255377936,1693227642170,8,3,5
29288,1693227642170,1692255377940,1692255377944,1693227642178,8,4,4
29289,1693227642178,1692255377948,1692255377950,1693227642184,6,2,4
29290,1693227642184,1692255377954,1692255377958,1693227642192,8,4,4
29291,1693227642192,1692255377962,1692255377965,1693227642199,7,3,4
29292,1693227642199,1692255377969,1692255377973,1693227642207,8,4,4
29293,1693227642207,1692255377977,1692255377980,1693227642214,7,3,4
29294,1693227642214,1692255377985,1692255377987,1693227642222,8,2,6
29295,1693227642222,1692255377992,1692255377996,1693227642231,9,4,5
29296,1693227642231,1692255378002,1692255378005,1693227642239,8,3,5
29297,1693227642239,1692255378009,1692255378013,1693227642248,9,4,5
29298,1693227642248,1692255378018,1692255378021,1693227642255,7,3,4
29299,1693227642255,1692255378026,1692255378029,1693227642265,10,3,7
29300,1693227642265,1692255378036,1692255378040,1693227642275,10,4,6
29301,1693227642275,1692255378046,1692255378049,1693227642284,9,3,6
29302,1693227642284,1692255378054,1692255378057,1693227642291,7,3,4
29303,1693227642291,1692255378062,1692255378065,1693227642299,8,3,5
29304,1693227642299,1692255378069,1692255378073,1693227642307,8,4,4
29305,1693227642307,1692255378078,1692255378081,1693227642320,13,3,10
29306,1693227642320,1692255378140,1692255378143,1693227642394,74,3,71
29307,1693227642394,1692255378165,1692255378168,1693227642402,8,3,5
29308,1693227642402,1692255378173,1692255378177,1693227642411,9,4,5
29309,1693227642411,1692255378181,1692255378185,1693227642419,8,4,4
29310,1693227642419,1692255378189,1692255378192,1693227642427,8,3,5
29311,1693227642427,1692255378197,1692255378200,1693227642434,7,3,4
29312,1693227642434,1692255378203,1692255378207,1693227642440,6,4,2
29313,1693227642440,1692255378218,1692255378221,1693227642455,15,3,12
29314,1693227642455,1692255378226,1692255378233,1693227642472,17,7,10
29315,1693227642472,1692255378242,1692255378246,1693227642482,10,4,6
29316,1693227642482,1692255378252,1692255378255,1693227642494,12,3,9
29317,1693227642494,1692255378264,1692255378268,1693227642502,8,4,4
29318,1693227642502,1692255378273,1692255378276,1693227642510,8,3,5
29319,1693227642510,1692255378280,1692255378283,1693227642517,7,3,4
29320,1693227642517,1692255378287,1692255378290,1693227642524,7,3,4
29321,1693227642524,1692255378294,1692255378297,1693227642535,11,3,8
29322,1693227642535,1692255378326,1692255378330,1693227642564,29,4,25
29323,1693227642564,1692255378334,1692255378337,1693227642571,7,3,4
29324,1693227642571,1692255378341,1692255378345,1693227642579,8,4,4
29325,1693227642579,1692255378349,1692255378352,1693227642586,7,3,4
29326,1693227642586,1692255378357,1692255378360,1693227642594,8,3,5
29327,1693227642594,1692255378365,1692255378368,1693227642602,8,3,5
29328,1693227642602,1692255378372,1692255378375,1693227642609,7,3,4
29329,1693227642609,1692255378380,1692255378384,1693227642618,9,4,5
29330,1693227642618,1692255378392,1692255378397,1693227642638,20,5,15
29331,1693227642638,1692255378425,1692255378428,1693227642662,24,3,21
29332,1693227642662,1692255378434,1692255378438,1693227642674,12,4,8
29333,1693227642674,1692255378446,1692255378450,1693227642685,11,4,7
29334,1693227642685,1692255378455,1692255378457,1693227642692,7,2,5
29335,1693227642692,1692255378462,1692255378466,1693227642700,8,4,4
29336,1693227642700,1692255378470,1692255378473,1693227642707,7,3,4
29337,1693227642707,1692255378477,1692255378480,1693227642718,11,3,8
29338,1693227642718,1692255378489,1692255378492,1693227642727,9,3,6
29339,1693227642727,1692255378497,1692255378500,1693227642734,7,3,4
29340,1693227642735,1692255378505,1692255378508,1693227642742,7,3,4
29341,1693227642742,1692255378512,1692255378515,1693227642749,7,3,4
29342,1693227642749,1692255378520,1692255378524,1693227642758,9,4,5
29343,1693227642758,1692255378529,1692255378532,1693227642766,8,3,5
29344,1693227642766,1692255378537,1692255378540,1693227642777,11,3,8
29345,1693227642777,1692255378549,1692255378552,1693227642786,9,3,6
29346,1693227642786,1692255378556,1692255378559,1693227642793,7,3,4
29347,1693227642793,1692255378563,1692255378566,1693227642800,7,3,4
29348,1693227642800,1692255378570,1692255378573,1693227642807,7,3,4
29349,1693227642808,1692255378578,1692255378580,1693227642814,6,2,4
29350,1693227642814,1692255378585,1692255378590,1693227642824,10,5,5
29351,1693227642824,1692255378594,1692255378597,1693227642831,7,3,4
29352,1693227642831,1692255378601,1692255378604,1693227642838,7,3,4
29353,1693227642838,1692255378609,1692255378612,1693227642846,8,3,5
29354,1693227642846,1692255378616,1692255378620,1693227642854,8,4,4
29355,1693227642854,1692255378625,1692255378628,1693227642862,8,3,5
29356,1693227642862,1692255378633,1692255378636,1693227642870,8,3,5
29357,1693227642870,1692255378640,1692255378644,1693227642879,9,4,5
29358,1693227642879,1692255378648,1692255378652,1693227642886,7,4,3
29359,1693227642886,1692255378656,1692255378659,1693227642893,7,3,4
29360,1693227642893,1692255378664,1692255378667,1693227642901,8,3,5
29361,1693227642901,1692255378672,1692255378675,1693227642909,8,3,5
29362,1693227642909,1692255378679,1692255378681,1693227642915,6,2,4
29363,1693227642915,1692255378685,1692255378688,1693227642922,7,3,4
29364,1693227642922,1692255378693,1692255378697,1693227642931,9,4,5
29365,1693227642931,1692255378702,1692255378704,1693227642938,7,2,5
29366,1693227642938,1692255378708,1692255378712,1693227642946,8,4,4
29367,1693227642946,1692255378716,1692255378719,1693227642953,7,3,4
29368,1693227642953,1692255378724,1692255378727,1693227642961,8,3,5
29369,1693227642961,1692255378731,1692255378734,1693227642968,7,3,4
29370,1693227642968,1692255378739,1692255378742,1693227642976,8,3,5
29371,1693227642976,1692255378746,1692255378749,1693227642983,7,3,4
29372,1693227642983,1692255378753,1692255378757,1693227642991,8,4,4
29373,1693227642991,1692255378761,1692255378764,1693227642998,7,3,4
29374,1693227642998,1692255378768,1692255378772,1693227643006,8,4,4
29375,1693227643006,1692255378776,1692255378779,1693227643013,7,3,4
29376,1693227643013,1692255378784,1692255378787,1693227643022,9,3,6
29377,1693227643022,1692255378792,1692255378795,1693227643028,6,3,3
29378,1693227643028,1692255378798,1692255378802,1693227643036,8,4,4
29379,1693227643036,1692255378807,1692255378810,1693227643043,7,3,4
29380,1693227643043,1692255378813,1692255378817,1693227643051,8,4,4
29381,1693227643051,1692255378822,1692255378825,1693227643059,8,3,5
29382,1693227643059,1692255378829,1692255378832,1693227643066,7,3,4
29383,1693227643066,1692255378836,1692255378839,1693227643073,7,3,4
29384,1693227643073,1692255378844,1692255378847,1693227643083,10,3,7
29385,1693227643083,1692255378854,1692255378857,1693227643091,8,3,5
29386,1693227643091,1692255378861,1692255378864,1693227643098,7,3,4
29387,1693227643098,1692255378869,1692255378873,1693227643108,10,4,6
29388,1693227643108,1692255378878,1692255378881,1693227643115,7,3,4
29389,1693227643291,1692255379062,1692255379066,1693227643300,9,4,5
29390,1693227643300,1692255379071,1692255379075,1693227643309,9,4,5
29391,1693227643309,1692255379081,1692255379084,1693227643319,10,3,7
29392,1693227643319,1692255379090,1692255379095,1693227643329,10,5,5
29393,1693227643329,1692255379100,1692255379104,1693227643338,9,4,5
29394,1693227643338,1692255379109,1692255379113,1693227643348,10,4,6
29395,1693227643348,1692255379119,1692255379124,1693227643358,10,5,5
29396,1693227643358,1692255379129,1692255379133,1693227643370,12,4,8
29397,1693227643370,1692255379142,1692255379146,1693227643380,10,4,6
29398,1693227643380,1692255379151,1692255379155,1693227643390,10,4,6
29399,1693227643390,1692255379162,1692255379167,1693227643401,11,5,6
29400,1693227643401,1692255379174,1692255379179,1693227643413,12,5,7
29401,1693227643413,1692255379185,1692255379189,1693227643423,10,4,6
29402,1693227643424,1692255379195,1692255379200,1693227643435,11,5,6
29403,1693227643435,1692255379207,1692255379217,1693227643452,17,10,7
29404,1693227643452,1692255379222,1692255379227,1693227643462,10,5,5
29405,1693227643462,1692255379233,1692255379237,1693227643472,10,4,6
29406,1693227643472,1692255379242,1692255379246,1693227643481,9,4,5
29407,1693227643481,1692255379252,1692255379256,1693227643490,9,4,5
29408,1693227643490,1692255379262,1692255379267,1693227643502,12,5,7
29409,1693227643502,1692255379273,1692255379277,1693227643512,10,4,6
29410,1693227643512,1692255379282,1692255379286,1693227643521,9,4,5
29411,1693227643521,1692255379293,1692255379297,1693227643532,11,4,7
29412,1693227643532,1692255379303,1692255379307,1693227643542,10,4,6
29413,1693227643542,1692255379314,1692255379318,1693227643553,11,4,7
29414,1693227643553,1692255379324,1692255379329,1693227643563,10,5,5
29415,1693227643563,1692255379334,1692255379338,1693227643573,10,4,6
29416,1693227643573,1692255379344,1692255379348,1693227643583,10,4,6
29417,1693227643583,1692255379354,1692255379358,1693227643595,12,4,8
29418,1693227643595,1692255379366,1692255379371,1693227643605,10,5,5
29419,1693227643605,1692255379377,1692255379380,1693227643615,10,3,7
29420,1693227643615,1692255379386,1692255379390,1693227643624,9,4,5
29421,1693227643624,1692255379396,1692255379400,1693227643635,11,4,7
29422,1693227643635,1692255379406,1692255379410,1693227643645,10,4,6
29423,1693227643645,1692255379417,1692255379421,1693227643655,10,4,6
29424,1693227643656,1692255379426,1692255379433,1693227643667,11,7,4
29425,1693227643667,1692255379439,1692255379443,1693227643677,10,4,6
29426,1693227643677,1692255379449,1692255379454,1693227643688,11,5,6
29427,1693227643688,1692255379459,1692255379463,1693227643698,10,4,6
29428,1693227643698,1692255379469,1692255379472,1693227643707,9,3,6
29429,1693227643707,1692255379478,1692255379481,1693227643716,9,3,6
29430,1693227643716,1692255379487,1692255379491,1693227643725,9,4,5
29431,1693227643725,1692255379496,1692255379500,1693227643734,9,4,5
29432,1693227643734,1692255379505,1692255379508,1693227643742,8,3,5
29433,1693227643742,1692255379514,1692255379518,1693227643752,10,4,6
29434,1693227643752,1692255379523,1692255379527,1693227643761,9,4,5
29435,1693227643761,1692255379531,1692255379535,1693227643769,8,4,4
29436,1693227643769,1692255379540,1692255379544,1693227643778,9,4,5
29437,1693227643778,1692255379549,1692255379552,1693227643786,8,3,5
29438,1693227643786,1692255379557,1692255379561,1693227643795,9,4,5
29439,1693227643795,1692255379568,1692255379572,1693227643806,11,4,7
29440,1693227643807,1692255379578,1692255379583,1693227643817,10,5,5
29441,1693227643817,1692255379588,1692255379592,1693227643827,10,4,6
29442,1693227643827,1692255379598,1692255379603,1693227643837,10,5,5
29443,1693227643837,1692255379609,1692255379614,1693227643848,11,5,6
29444,1693227643848,1692255379620,1692255379624,1693227643859,11,4,7
29445,1693227643859,1692255379633,1692255379637,1693227643871,12,4,8
29446,1693227643871,1692255379645,1692255379649,1693227643883,12,4,8
29447,1693227643884,1692255379657,1692255379665,1693227643899,15,8,7
29448,1693227643899,1692255379672,1692255379675,1693227643910,11,3,8
29449,1693227643910,1692255379680,1692255379683,1693227643918,8,3,5
29450,1693227643918,1692255379689,1692255379693,1693227643927,9,4,5
29451,1693227643927,1692255379698,1692255379701,1693227643935,8,3,5
29452,1693227643935,1692255379706,1692255379710,1693227643944,9,4,5
29453,1693227643944,1692255379715,1692255379719,1693227643953,9,4,5
29454,1693227643953,1692255379723,1692255379727,1693227643962,9,4,5
29455,1693227643962,1692255379734,1692255379737,1693227643972,10,3,7
29456,1693227643972,1692255379743,1692255379746,1693227643981,9,3,6
29457,1693227643981,1692255379752,1692255379756,1693227643990,9,4,5
29458,1693227643990,1692255379760,1692255379764,1693227643998,8,4,4
29459,1693227643998,1692255379769,1692255379773,1693227644007,9,4,5
29460,1693227644007,1692255379779,1692255379787,1693227644022,15,8,7
29461,1693227644022,1692255379793,1692255379797,1693227644031,9,4,5
29462,1693227644031,1692255379802,1692255379805,1693227644040,9,3,6
29463,1693227644040,1692255379811,1692255379814,1693227644048,8,3,5
29464,1693227644048,1692255379819,1692255379823,1693227644057,9,4,5
29465,1693227644057,1692255379828,1692255379832,1693227644066,9,4,5
29466,1693227644066,1692255379837,1692255379841,1693227644075,9,4,5
29467,1693227644075,1692255379845,1692255379849,1693227644083,8,4,4
29468,1693227644083,1692255379854,1692255379857,1693227644091,8,3,5
29469,1693227644091,1692255379862,1692255379865,1693227644100,9,3,6
29470,1693227644100,1692255379870,1692255379874,1693227644108,8,4,4
29471,1693227644108,1692255379879,1692255379883,1693227644117,9,4,5
29472,1693227644117,1692255379888,1692255379891,1693227644125,8,3,5
29473,1693227644125,1692255379896,1692255379900,1693227644134,9,4,5
29474,1693227644135,1692255379905,1692255379909,1693227644143,8,4,4
29475,1693227644143,1692255379914,1692255379918,1693227644152,9,4,5
29476,1693227644152,1692255379922,1692255379927,1693227644161,9,5,4
29477,1693227644161,1692255379932,1692255379936,1693227644171,10,4,6
29478,1693227644171,1692255379942,1692255379947,1693227644182,11,5,6
29479,1693227644182,1692255379953,1692255379957,1693227644192,10,4,6
29480,1693227644192,1692255379963,1692255379967,1693227644201,9,4,5
29481,1693227644201,1692255379972,1692255379976,1693227644210,9,4,5
29482,1693227644210,1692255379982,1692255379985,1693227644219,9,3,6
29483,1693227644219,1692255379991,1692255379995,1693227644229,10,4,6
29484,1693227644229,1692255380000,1692255380003,1693227644237,8,3,5
29485,1693227644237,1692255380009,1692255380012,1693227644246,9,3,6
29486,1693227644246,1692255380016,1692255380020,1693227644254,8,4,4
29487,1693227644254,1692255380025,1692255380028,1693227644263,9,3,6
29488,1693227644263,1692255380034,1692255380037,1693227644271,8,3,5
29489,1693227644271,1692255380042,1692255380046,1693227644280,9,4,5
29490,1693227644280,1692255380050,1692255380053,1693227644287,7,3,4
29491,1693227644287,1692255380059,1692255380063,1693227644297,10,4,6
29492,1693227644297,1692255380068,1692255380071,1693227644305,8,3,5
29493,1693227644305,1692255380077,1692255380080,1693227644314,9,3,6
29494,1693227644314,1692255380085,1692255380089,1693227644323,9,4,5
29495,1693227644323,1692255380094,1692255380097,1693227644331,8,3,5
29496,1693227644331,1692255380102,1692255380105,1693227644339,8,3,5
29497,1693227644339,1692255380110,1692255380115,1693227644349,10,5,5
29498,1693227644350,1692255380120,1692255380125,1693227644359,9,5,4
29499,1693227644359,1692255380130,1692255380134,1693227644368,9,4,5
29500,1693227644368,1692255380138,1692255380141,1693227644375,7,3,4
29501,1693227644375,1692255380146,1692255380150,1693227644385,10,4,6
29502,1693227644385,1692255380155,1692255380163,1693227644397,12,8,4
29503,1693227644397,1692255380167,1692255380171,1693227644405,8,4,4
29504,1693227644405,1692255380175,1692255380179,1693227644415,10,4,6
29505,1693227644415,1692255380186,1692255380190,1693227644424,9,4,5
29506,1693227644424,1692255380195,1692255380199,1693227644433,9,4,5
29507,1693227644433,1692255380204,1692255380208,1693227644443,10,4,6
29508,1693227644443,1692255380216,1692255380220,1693227644459,16,4,12
29509,1693227644459,1692255380229,1692255380234,1693227644468,9,5,4
29510,1693227644468,1692255380239,1692255380244,1693227644478,10,5,5
29511,1693227644478,1692255380249,1692255380254,1693227644488,10,5,5
29512,1693227644488,1692255380260,1692255380263,1693227644498,10,3,7
29513,1693227644498,1692255380269,1692255380274,1693227644508,10,5,5
29514,1693227644508,1692255380279,1692255380283,1693227644517,9,4,5
29515,1693227644517,1692255380288,1692255380292,1693227644527,10,4,6
29516,1693227644527,1692255380298,1692255380302,1693227644536,9,4,5
29517,1693227644536,1692255380307,1692255380312,1693227644546,10,5,5
29518,1693227644546,1692255380318,1692255380322,1693227644556,10,4,6
29519,1693227644556,1692255380328,1692255380331,1693227644566,10,3,7
29520,1693227644566,1692255380337,1692255380340,1693227644575,9,3,6
29521,1693227644575,1692255380346,1692255380349,1693227644583,8,3,5
29522,1693227644583,1692255380354,1692255380357,1693227644592,9,3,6
29523,1693227644592,1692255380364,1692255380367,1693227644602,10,3,7
29524,1693227644602,1692255380372,1692255380376,1693227644610,8,4,4
29525,1693227644610,1692255380380,1692255380384,1693227644620,10,4,6
29526,1693227644620,1692255380393,1692255380397,1693227644632,12,4,8
29527,1693227644632,1692255380403,1692255380407,1693227644641,9,4,5
29528,1693227644641,1692255380414,1692255380418,1693227644652,11,4,7
29529,1693227644652,1692255380423,1692255380427,1693227644661,9,4,5
29530,1693227644661,1692255380432,1692255380436,1693227644670,9,4,5
29531,1693227644670,1692255380441,1692255380445,1693227644680,10,4,6
29532,1693227644680,1692255380451,1692255380456,1693227644690,10,5,5
29533,1693227644690,1692255380462,1692255380469,1693227644703,13,7,6
29534,1693227644703,1692255380475,1692255380479,1693227644713,10,4,6
29535,1693227644713,1692255380484,1692255380488,1693227644723,10,4,6
29536,1693227644723,1692255380494,1692255380498,1693227644732,9,4,5
29537,1693227644732,1692255380503,1692255380507,1693227644741,9,4,5
29538,1693227644741,1692255380512,1692255380516,1693227644751,10,4,6
29539,1693227644751,1692255380522,1692255380526,1693227644761,10,4,6
29540,1693227644761,1692255380532,1692255380537,1693227644771,10,5,5
29541,1693227644771,1692255380542,1692255380546,1693227644781,10,4,6
29542,1693227644781,1692255380552,1692255380556,1693227644790,9,4,5
29543,1693227644791,1692255380562,1692255380566,1693227644800,9,4,5
29544,1693227644800,1692255380571,1692255380575,1693227644809,9,4,5
29545,1693227644809,1692255380581,1692255380584,1693227644819,10,3,7
29546,1693227644819,1692255380590,1692255380595,1693227644829,10,5,5
29547,1693227644829,1692255380600,1692255380604,1693227644839,10,4,6
29548,1693227644839,1692255380611,1692255380615,1693227644851,12,4,8
29549,1693227644851,1692255380622,1692255380627,1693227644861,10,5,5
29550,1693227644861,1692255380632,1692255380636,1693227644871,10,4,6
29551,1693227644871,1692255380642,1692255380647,1693227644881,10,5,5
29552,1693227644881,1692255380652,1692255380656,1693227644891,10,4,6
29553,1693227644891,1692255380663,1692255380667,1693227644901,10,4,6
29554,1693227644901,1692255380672,1692255380676,1693227644911,10,4,6
29555,1693227644911,1692255380682,1692255380687,1693227644921,10,5,5
29556,1693227644921,1692255380693,1692255380698,1693227644932,11,5,6
29557,1693227644932,1692255380703,1692255380708,1693227644942,10,5,5
29558,1693227644942,1692255380713,1692255380717,1693227644953,11,4,7
29559,1693227644953,1692255380725,1692255380730,1693227644965,12,5,7
29560,1693227644965,1692255380736,1692255380740,1693227644974,9,4,5
29561,1693227644974,1692255380745,1692255380749,1693227644984,10,4,6
29562,1693227644984,1692255380754,1692255380759,1693227644993,9,5,4
29563,1693227644993,1692255380764,1692255380768,1693227645002,9,4,5
29564,1693227645002,1692255380774,1692255380778,1693227645012,10,4,6
29565,1693227645012,1692255380783,1692255380787,1693227645021,9,4,5
29566,1693227645021,1692255380792,1692255380796,1693227645030,9,4,5
29567,1693227645030,1692255380801,1692255380805,1693227645039,9,4,5
29568,1693227645039,1692255380810,1692255380814,1693227645048,9,4,5
29569,1693227645048,1692255380820,1692255380824,1693227645058,10,4,6
29570,1693227645058,1692255380829,1692255380835,1693227645069,11,6,5
29571,1693227645069,1692255380841,1692255380845,1693227645079,10,4,6
29572,1693227645079,1692255380849,1692255380855,1693227645089,10,6,4
29573,1693227645089,1692255380860,1692255380864,1693227645098,9,4,5
29574,1693227645098,1692255380870,1692255380874,1693227645108,10,4,6
29575,1693227645108,1692255380879,1692255380883,1693227645117,9,4,5
29576,1693227645117,1692255380888,1692255380893,1693227645127,10,5,5
29577,1693227645127,1692255380900,1692255380904,1693227645138,11,4,7
29578,1693227645138,1692255380910,1692255380913,1693227645148,10,3,7
29579,1693227645148,1692255380926,1692255380930,1693227645165,17,4,13
29580,1693227645165,1692255380936,1692255380940,1693227645174,9,4,5
29581,1693227645174,1692255380946,1692255380950,1693227645184,10,4,6
29582,1693227645184,1692255380956,1692255380960,1693227645194,10,4,6
29583,1693227645194,1692255380964,1692255380968,1693227645202,8,4,4
29584,1693227645202,1692255380973,1692255380978,1693227645212,10,5,5
29585,1693227645212,1692255380982,1692255380986,1693227645220,8,4,4
29586,1693227645220,1692255380991,1692255380995,1693227645229,9,4,5
29587,1693227645229,1692255381002,1692255381006,1693227645240,11,4,7
29588,1693227645240,1692255381018,1692255381023,1693227645257,17,5,12
29589,1693227645257,1692255381031,1692255381034,1693227645269,12,3,9
29590,1693227645269,1692255381040,1692255381044,1693227645279,10,4,6
29591,1693227645279,1692255381050,1692255381054,1693227645288,9,4,5
29592,1693227645288,1692255381060,1692255381064,1693227645298,10,4,6
29593,1693227645299,1692255381070,1692255381074,1693227645308,9,4,5
29594,1693227645308,1692255381081,1692255381086,1693227645321,13,5,8
29595,1693227645321,1692255381093,1692255381097,1693227645331,10,4,6
29596,1693227645331,1692255381102,1692255381106,1693227645340,9,4,5
29597,1693227645340,1692255381112,1692255381116,1693227645350,10,4,6
29598,1693227645350,1692255381121,1692255381125,1693227645359,9,4,5
29599,1693227645359,1692255381131,1692255381135,1693227645369,10,4,6
29600,1693227645369,1692255381140,1692255381145,1693227645379,10,5,5
29601,1693227645379,1692255381150,1692255381153,1693227645387,8,3,5
29602,1693227645387,1692255381158,1692255381162,1693227645396,9,4,5
29603,1693227645396,1692255381166,1692255381170,1693227645404,8,4,4
29604,1693227645404,1692255381175,1692255381179,1693227645413,9,4,5
29605,1693227645413,1692255381184,1692255381187,1693227645421,8,3,5
29606,1693227645421,1692255381192,1692255381196,1693227645430,9,4,5
29607,1693227645430,1692255381201,1692255381206,1693227645440,10,5,5
29608,1693227645440,1692255381213,1692255381217,1693227645452,12,4,8
29609,1693227645452,1692255381222,1692255381226,1693227645464,12,4,8
29610,1693227645464,1692255381235,1692255381238,1693227645472,8,3,5
29611,1693227645473,1692255381243,1692255381247,1693227645481,8,4,4
29612,1693227645481,1692255381251,1692255381254,1693227645489,8,3,5
29613,1693227645489,1692255381260,1692255381263,1693227645497,8,3,5
29614,1693227645497,1692255381268,1692255381271,1693227645506,9,3,6
29615,1693227645506,1692255381277,1692255381281,1693227645515,9,4,5
29616,1693227645515,1692255381286,1692255381289,1693227645524,9,3,6
29617,1693227645524,1692255381296,1692255381299,1693227645534,10,3,7
29618,1693227645534,1692255381305,1692255381308,1693227645543,9,3,6
29619,1693227645543,1692255381313,1692255381317,1693227645551,8,4,4
29620,1693227645551,1692255381322,1692255381326,1693227645560,9,4,5
29621,1693227645560,1692255381331,1692255381335,1693227645569,9,4,5
29622,1693227645569,1692255381340,1692255381344,1693227645578,9,4,5
29623,1693227645578,1692255381349,1692255381353,1693227645588,10,4,6
29624,1693227645588,1692255381359,1692255381363,1693227645597,9,4,5
29625,1693227645597,1692255381368,1692255381372,1693227645606,9,4,5
29626,1693227645606,1692255381378,1692255381382,1693227645616,10,4,6
29627,1693227645616,1692255381388,1692255381392,1693227645627,11,4,7
29628,1693227645627,1692255381398,1692255381402,1693227645636,9,4,5
29629,1693227645636,1692255381407,1692255381411,1693227645645,9,4,5
29630,1693227645645,1692255381415,1692255381419,1693227645653,8,4,4
29631,1693227645653,1692255381424,1692255381428,1693227645662,9,4,5
29632,1693227645662,1692255381432,1692255381436,1693227645670,8,4,4
29633,1693227645670,1692255381441,1692255381444,1693227645678,8,3,5
29634,1693227645678,1692255381449,1692255381452,1693227645686,8,3,5
29635,1693227645687,1692255381457,1692255381460,1693227645695,8,3,5
29636,1693227645695,1692255381465,1692255381472,1693227645706,11,7,4
29637,1693227645706,1692255381477,1692255381481,1693227645716,10,4,6
29638,1693227645716,1692255381487,1692255381490,1693227645724,8,3,5
29639,1693227645724,1692255381495,1692255381499,1693227645733,9,4,5
29640,1693227645733,1692255381504,1692255381508,1693227645742,9,4,5
29641,1693227645742,1692255381516,1692255381521,1693227645755,13,5,8
29642,1693227645755,1692255381527,1692255381531,1693227645769,14,4,10
29643,1693227645769,1692255381541,1692255381547,1693227645781,12,6,6
29644,1693227645781,1692255381553,1692255381557,1693227645792,11,4,7
29645,1693227645792,1692255381563,1692255381567,1693227645802,10,4,6
29646,1693227645802,1692255381575,1692255381579,1693227645813,11,4,7
29647,1693227645813,1692255381584,1692255381588,1693227645823,10,4,6
29648,1693227645823,1692255381595,1692255381599,1693227645834,11,4,7
29649,1693227645834,1692255381606,1692255381610,1693227645844,10,4,6
29650,1693227645844,1692255381618,1692255381622,1693227645856,12,4,8
29651,1693227645856,1692255381627,1692255381631,1693227645866,10,4,6
29652,1693227645866,1692255381643,1692255381648,1693227645882,16,5,11
29653,1693227645882,1692255381653,1692255381657,1693227645891,9,4,5
29654,1693227645891,1692255381662,1692255381667,1693227645901,10,5,5
29655,1693227645901,1692255381673,1692255381678,1693227645912,11,5,6
29656,1693227645912,1692255381683,1692255381688,1693227645923,11,5,6
29657,1693227645923,1692255381695,1692255381700,1693227645935,12,5,7
29658,1693227645935,1692255381706,1692255381711,1693227645946,11,5,6
29659,1693227645946,1692255381720,1692255381725,1693227645959,13,5,8
29660,1693227645959,1692255381730,1692255381736,1693227645971,12,6,6
29661,1693227645971,1692255381746,1692255381750,1693227645984,13,4,9
29662,1693227645984,1692255381756,1692255381760,1693227645994,10,4,6
29663,1693227645994,1692255381765,1692255381770,1693227646004,10,5,5
29664,1693227646004,1692255381776,1692255381780,1693227646014,10,4,6
29665,1693227646014,1692255381785,1692255381793,1693227646027,13,8,5
29666,1693227646027,1692255381799,1692255381803,1693227646037,10,4,6
29667,1693227646037,1692255381808,1692255381812,1693227646046,9,4,5
29668,1693227646046,1692255381818,1692255381822,1693227646057,11,4,7
29669,1693227646057,1692255381828,1692255381832,1693227646066,9,4,5
29670,1693227646066,1692255381837,1692255381842,1693227646076,10,5,5
29671,1693227646076,1692255381847,1692255381851,1693227646085,9,4,5
29672,1693227646085,1692255381857,1692255381861,1693227646095,10,4,6
29673,1693227646095,1692255381866,1692255381871,1693227646105,10,5,5
29674,1693227646106,1692255381877,1692255381880,1693227646115,9,3,6
29675,1693227646115,1692255381886,1692255381890,1693227646125,10,4,6
29676,1693227646125,1692255381896,1692255381900,1693227646134,9,4,5
29677,1693227646134,1692255381905,1692255381909,1693227646144,10,4,6
29678,1693227646144,1692255381915,1692255381919,1693227646155,11,4,7
29679,1693227646156,1692255381927,1692255381934,1693227646168,12,7,5
29680,1693227646168,1692255381939,1692255381943,1693227646177,9,4,5
29681,1693227646177,1692255381949,1692255381953,1693227646187,10,4,6
29682,1693227646187,1692255381959,1692255381964,1693227646198,11,5,6
29683,1693227646198,1692255381969,1692255381973,1693227646207,9,4,5
29684,1693227646208,1692255381979,1692255381983,1693227646217,9,4,5
29685,1693227646217,1692255381988,1692255381992,1693227646227,10,4,6
29686,1693227646227,1692255382005,1692255382010,1693227646244,17,5,12
29687,1693227646244,1692255382015,1692255382019,1693227646253,9,4,5
29688,1693227646253,1692255382027,1692255382031,1693227646265,12,4,8
29689,1693227646265,1692255382036,1692255382040,1693227646274,9,4,5
29690,1693227646274,1692255382046,1692255382050,1693227646284,10,4,6
29691,1693227646284,1692255382056,1692255382060,1693227646294,10,4,6
29692,1693227646294,1692255382065,1692255382070,1693227646304,10,5,5
29693,1693227646304,1692255382075,1692255382079,1693227646313,9,4,5
29694,1693227646314,1692255382085,1692255382088,1693227646323,9,3,6
29695,1693227646323,1692255382096,1692255382100,1693227646335,12,4,8
29696,1693227646335,1692255382106,1692255382110,1693227646344,9,4,5
29697,1693227646344,1692255382116,1692255382120,1693227646355,11,4,7
29698,1693227646355,1692255382129,1692255382133,1693227646368,13,4,9
29699,1693227646368,1692255382140,1692255382144,1693227646379,11,4,7
29700,1693227646379,1692255382151,1692255382155,1693227646389,10,4,6
29701,1693227646389,1692255382160,1692255382164,1693227646399,10,4,6
29702,1693227646399,1692255382175,1692255382180,1693227646414,15,5,10
29703,1693227646414,1692255382186,1692255382191,1693227646425,11,5,6
29704,1693227646425,1692255382209,1692255382214,1693227646449,24,5,19
29705,1693227646449,1692255382228,1692255382232,1693227646470,21,4,17
29706,1693227646470,1692255382241,1692255382246,1693227646480,10,5,5
29707,1693227646480,1692255382251,1692255382255,1693227646490,10,4,6
29708,1693227646490,1692255382261,1692255382266,1693227646500,10,5,5
29709,1693227646500,1692255382271,1692255382275,1693227646509,9,4,5
29710,1693227646509,1692255382280,1692255382283,1693227646518,9,3,6
29711,1693227646518,1692255382289,1692255382294,1693227646528,10,5,5
29712,1693227646528,1692255382300,1692255382303,1693227646537,9,3,6
29713,1693227646537,1692255382309,1692255382313,1693227646547,10,4,6
29714,1693227646547,1692255382319,1692255382324,1693227646558,11,5,6
29715,1693227646558,1692255382330,1692255382334,1693227646568,10,4,6
29716,1693227646568,1692255382339,1692255382346,1693227646580,12,7,5
29717,1693227646580,1692255382352,1692255382356,1693227646591,11,4,7
29718,1693227646591,1692255382362,1692255382366,1693227646600,9,4,5
29719,1693227646600,1692255382371,1692255382375,1693227646609,9,4,5
29720,1693227646609,1692255382380,1692255382385,1693227646619,10,5,5
29721,1693227646619,1692255382397,1692255382402,1693227646636,17,5,12
29722,1693227646636,1692255382408,1692255382412,1693227646647,11,4,7
29723,1693227646647,1692255382419,1692255382423,1693227646657,10,4,6
29724,1693227646657,1692255382429,1692255382433,1693227646668,11,4,7
29725,1693227646668,1692255382439,1692255382445,1693227646679,11,6,5
29726,1693227646679,1692255382451,1692255382456,1693227646690,11,5,6
29727,1693227646690,1692255382462,1692255382467,1693227646702,12,5,7
29728,1693227646702,1692255382472,1692255382477,1693227646711,9,5,4
29729,1693227646711,1692255382483,1692255382487,1693227646721,10,4,6
29730,1693227646721,1692255382492,1692255382496,1693227646730,9,4,5
29731,1693227646730,1692255382501,1692255382505,1693227646740,10,4,6
29732,1693227646740,1692255382511,1692255382516,1693227646750,10,5,5
29733,1693227646750,1692255382522,1692255382527,1693227646761,11,5,6
29734,1693227646761,1692255382532,1692255382537,1693227646771,10,5,5
29735,1693227646771,1692255382542,1692255382546,1693227646780,9,4,5
29736,1693227646781,1692255382552,1692255382556,1693227646791,10,4,6
29737,1693227646791,1692255382562,1692255382566,1693227646800,9,4,5
29738,1693227646800,1692255382571,1692255382577,1693227646811,11,6,5
29739,1693227646811,1692255382583,1692255382588,1693227646822,11,5,6
29740,1693227646822,1692255382595,1692255382599,1693227646833,11,4,7
29741,1693227646833,1692255382605,1692255382610,1693227646844,11,5,6
29742,1693227646844,1692255382616,1692255382620,1693227646854,10,4,6
29743,1693227646854,1692255382626,1692255382631,1693227646866,12,5,7
29744,1693227646866,1692255382637,1692255382642,1693227646877,11,5,6
29745,1693227646877,1692255382648,1692255382654,1693227646888,11,6,5
29746,1693227646888,1692255382659,1692255382663,1693227646898,10,4,6
29747,1693227646898,1692255382670,1692255382674,1693227646909,11,4,7
29748,1693227646909,1692255382680,1692255382684,1693227646919,10,4,6
29749,1693227646919,1692255382690,1692255382694,1693227646928,9,4,5
29750,1693227646928,1692255382700,1692255382704,1693227646938,10,4,6
29751,1693227646938,1692255382711,1692255382715,1693227646949,11,4,7
29752,1693227646949,1692255382720,1692255382725,1693227646960,11,5,6
29753,1693227646960,1692255382731,1692255382737,1693227646972,12,6,6
29754,1693227646972,1692255382744,1692255382748,1693227646982,10,4,6
29755,1693227646982,1692255382753,1692255382758,1693227646992,10,5,5
29756,1693227646992,1692255382763,1692255382767,1693227647002,10,4,6
29757,1693227647002,1692255382773,1692255382777,1693227647011,9,4,5
29758,1693227647011,1692255382782,1692255382786,1693227647020,9,4,5
29759,1693227647020,1692255382791,1692255382796,1693227647030,10,5,5
29760,1693227647030,1692255382801,1692255382805,1693227647040,10,4,6
29761,1693227647040,1692255382813,1692255382818,1693227647052,12,5,7
29762,1693227647052,1692255382823,1692255382827,1693227647061,9,4,5
29763,1693227647061,1692255382832,1692255382837,1693227647072,11,5,6
29764,1693227647072,1692255382845,1692255382850,1693227647084,12,5,7
29765,1693227647084,1692255382855,1692255382863,1693227647097,13,8,5
29766,1693227647097,1692255382868,1692255382873,1693227647107,10,5,5
29767,1693227647107,1692255382878,1692255382882,1693227647116,9,4,5
29768,1693227647117,1692255382888,1692255382893,1693227647127,10,5,5
29769,1693227647127,1692255382899,1692255382904,1693227647138,11,5,6
29770,1693227647138,1692255382909,1692255382914,1693227647148,10,5,5
29771,1693227647148,1692255382926,1692255382930,1693227647165,17,4,13
29772,1693227647165,1692255382937,1692255382941,1693227647176,11,4,7
29773,1693227647176,1692255382949,1692255382953,1693227647188,12,4,8
29774,1693227647188,1692255382960,1692255382963,1693227647198,10,3,7
29775,1693227647198,1692255382969,1692255382974,1693227647208,10,5,5
29776,1693227647208,1692255382980,1692255382984,1693227647218,10,4,6
29777,1693227647218,1692255382989,1692255382993,1693227647227,9,4,5
29778,1693227647227,1692255382998,1692255383002,1693227647237,10,4,6
29779,1693227647237,1692255383009,1692255383013,1693227647247,10,4,6
29780,1693227647247,1692255383019,1692255383023,1693227647257,10,4,6
29781,1693227647257,1692255383033,1692255383038,1693227647274,17,5,12
29782,1693227647274,1692255383046,1692255383050,1693227647285,11,4,7
29783,1693227647285,1692255383056,1692255383060,1693227647295,10,4,6
29784,1693227647295,1692255383066,1692255383071,1693227647305,10,5,5
29785,1693227647305,1692255383077,1692255383081,1693227647315,10,4,6
29786,1693227647315,1692255383086,1692255383090,1693227647324,9,4,5
29787,1693227647324,1692255383095,1692255383098,1693227647332,8,3,5
29788,1693227647332,1692255383103,1692255383109,1693227647343,11,6,5
29789,1693227647343,1692255383114,1692255383118,1693227647353,10,4,6
29790,1693227647353,1692255383124,1692255383128,1693227647364,11,4,7
29791,1693227647364,1692255383135,1692255383139,1693227647374,10,4,6
29792,1693227647374,1692255383145,1692255383149,1693227647384,10,4,6
29793,1693227647384,1692255383155,1692255383159,1693227647393,9,4,5
29794,1693227647393,1692255383165,1692255383169,1693227647404,11,4,7
29795,1693227647404,1692255383175,1692255383179,1693227647414,10,4,6
29796,1693227647414,1692255383188,1692255383192,1693227647430,16,4,12
29797,1693227647430,1692255383201,1692255383205,1693227647440,10,4,6
29798,1693227647440,1692255383211,1692255383215,1693227647449,9,4,5
29799,1693227647449,1692255383220,1692255383224,1693227647459,10,4,6
29800,1693227647459,1692255383230,1692255383234,1693227647468,9,4,5
29801,1693227647468,1692255383239,1692255383243,1693227647477,9,4,5
29802,1693227647477,1692255383259,1692255383263,1693227647497,20,4,16
29803,1693227647497,1692255383269,1692255383273,1693227647507,10,4,6
29804,1693227647507,1692255383279,1692255383284,1693227647518,11,5,6
29805,1693227647518,1692255383290,1692255383295,1693227647534,16,5,11
29806,1693227647535,1692255383306,1692255383311,1693227647546,11,5,6
29807,1693227647546,1692255383318,1692255383323,1693227647557,11,5,6
29808,1693227647557,1692255383329,1692255383334,1693227647568,11,5,6
29809,1693227647568,1692255383340,1692255383344,1693227647580,12,4,8
29810,1693227647580,1692255383353,1692255383358,1693227647593,13,5,8
29811,1693227647593,1692255383364,1692255383368,1693227647603,10,4,6
29812,1693227647603,1692255383374,1692255383378,1693227647613,10,4,6
29813,1693227647613,1692255383384,1692255383388,1693227647623,10,4,6
29814,1693227647623,1692255383396,1692255383400,1693227647635,12,4,8
29815,1693227647635,1692255383406,1692255383410,1693227647645,10,4,6
29816,1693227647645,1692255383416,1692255383421,1693227647657,12,5,7
29817,1693227647657,1692255383428,1692255383432,1693227647666,9,4,5
29818,1693227647666,1692255383438,1692255383442,1693227647677,11,4,7
29819,1693227647677,1692255383448,1692255383452,1693227647686,9,4,5
29820,1693227647686,1692255383461,1692255383465,1693227647699,13,4,9
29821,1693227647699,1692255383470,1692255383474,1693227647708,9,4,5
29822,1693227647708,1692255383488,1692255383492,1693227647726,18,4,14
29823,1693227647726,1692255383496,1692255383500,1693227647734,8,4,4
29824,1693227647734,1692255383510,1692255383514,1693227647748,14,4,10
29825,1693227647748,1692255383519,1692255383525,1693227647759,11,6,5
29826,1693227647759,1692255383530,1692255383535,1693227647769,10,5,5
29827,1693227647769,1692255383539,1692255383544,1693227647778,9,5,4
29828,1693227647778,1692255383549,1692255383552,1693227647787,9,3,6
29829,1693227647787,1692255383557,1692255383562,1693227647796,9,5,4
29830,1693227647796,1692255383567,1692255383572,1693227647806,10,5,5
29831,1693227647806,1692255383577,1692255383581,1693227647815,9,4,5
29832,1693227647815,1692255383586,1692255383589,1693227647823,8,3,5
29833,1693227647823,1692255383594,1692255383597,1693227647832,9,3,6
29834,1693227647832,1692255383603,1692255383607,1693227647841,9,4,5
29835,1693227647841,1692255383612,1692255383616,1693227647851,10,4,6
29836,1693227647851,1692255383622,1692255383627,1693227647861,10,5,5
29837,1693227647861,1692255383633,1692255383637,1693227647871,10,4,6
29838,1693227647871,1692255383642,1692255383646,1693227647881,10,4,6
29839,1693227647881,1692255383652,1692255383656,1693227647890,9,4,5
29840,1693227647890,1692255383661,1692255383664,1693227647899,9,3,6
29841,1693227647899,1692255383670,1692255383674,1693227647909,10,4,6
29842,1693227647909,1692255383681,1692255383685,1693227647920,11,4,7
29843,1693227647920,1692255383692,1692255383696,1693227647930,10,4,6
29844,1693227647931,1692255383702,1692255383706,1693227647940,9,4,5
29845,1693227647940,1692255383712,1692255383717,1693227647951,11,5,6
29846,1693227647951,1692255383723,1692255383727,1693227647962,11,4,7
29847,1693227647962,1692255383733,1692255383738,1693227647972,10,5,5
29848,1693227647972,1692255383744,1692255383749,1693227647984,12,5,7
29849,1693227647984,1692255383755,1692255383760,1693227647995,11,5,6
29850,1693227647995,1692255383769,1692255383773,1693227648008,13,4,9
29851,1693227648008,1692255383779,1692255383784,1693227648019,11,5,6
29852,1693227648019,1692255383791,1692255383795,1693227648030,11,4,7
29853,1693227648030,1692255383801,1692255383806,1693227648041,11,5,6
29854,1693227648041,1692255383812,1692255383816,1693227648051,10,4,6
29855,1693227648051,1692255383823,1692255383827,1693227648062,11,4,7
29856,1693227648062,1692255383833,1692255383837,1693227648071,9,4,5
29857,1693227648071,1692255383842,1692255383846,1693227648080,9,4,5
29858,1693227648080,1692255383852,1692255383856,1693227648090,10,4,6
29859,1693227648090,1692255383861,1692255383866,1693227648101,11,5,6
29860,1693227648101,1692255383872,1692255383875,1693227648109,8,3,5
29861,1693227648110,1692255383881,1692255383885,1693227648120,10,4,6
29862,1693227648120,1692255383891,1692255383898,1693227648132,12,7,5
29863,1693227648132,1692255383903,1692255383907,1693227648141,9,4,5
29864,1693227648141,1692255383912,1692255383916,1693227648150,9,4,5
29865,1693227648150,1692255383921,1692255383925,1693227648159,9,4,5
29866,1693227648159,1692255383931,1692255383935,1693227648169,10,4,6
29867,1693227648169,1692255383941,1692255383944,1693227648179,10,3,7
29868,1693227648179,1692255383950,1692255383954,1693227648188,9,4,5
29869,1693227648188,1692255383959,1692255383963,1693227648198,10,4,6
29870,1693227648198,1692255383969,1692255383972,1693227648207,9,3,6
29871,1693227648207,1692255383978,1692255383982,1693227648216,9,4,5
29872,1693227648216,1692255383988,1692255383992,1693227648226,10,4,6
29873,1693227648226,1692255383997,1692255384001,1693227648235,9,4,5
29874,1693227648235,1692255384006,1692255384009,1693227648244,9,3,6
29875,1693227648244,1692255384015,1692255384019,1693227648254,10,4,6
29876,1693227648254,1692255384025,1692255384029,1693227648263,9,4,5
29877,1693227648263,1692255384035,1692255384040,1693227648275,12,5,7
29878,1693227648275,1692255384046,1692255384051,1693227648285,10,5,5
29879,1693227648285,1692255384057,1692255384062,1693227648296,11,5,6
29880,1693227648296,1692255384068,1692255384073,1693227648307,11,5,6
29881,1693227648307,1692255384078,1692255384086,1693227648321,14,8,6
29882,1693227648321,1692255384097,1692255384101,1693227648336,15,4,11
29883,1693227648336,1692255384107,1692255384111,1693227648345,9,4,5
29884,1693227648345,1692255384116,1692255384120,1693227648354,9,4,5
29885,1693227648354,1692255384125,1692255384130,1693227648364,10,5,5
29886,1693227648364,1692255384145,1692255384149,1693227648384,20,4,16
29887,1693227648384,1692255384155,1692255384160,1693227648394,10,5,5
29888,1693227648394,1692255384165,1692255384169,1693227648403,9,4,5
29889,1693227648403,1692255384177,1692255384181,1693227648415,12,4,8
29890,1693227648415,1692255384187,1692255384191,1693227648425,10,4,6
29891,1693227648425,1692255384196,1692255384200,1693227648435,10,4,6
29892,1693227648435,1692255384206,1692255384210,1693227648444,9,4,5
29893,1693227648444,1692255384217,1692255384221,1693227648456,12,4,8
29894,1693227648456,1692255384227,1692255384231,1693227648466,10,4,6
29895,1693227648466,1692255384236,1692255384240,1693227648474,8,4,4
29896,1693227648474,1692255384250,1692255384254,1693227648488,14,4,10
29897,1693227648488,1692255384259,1692255384263,1693227648497,9,4,5
29898,1693227648497,1692255384268,1692255384273,1693227648510,13,5,8
29899,1693227648510,1692255384280,1692255384284,1693227648518,8,4,4
29900,1693227648518,1692255384290,1692255384294,1693227648528,10,4,6
29901,1693227648528,1692255384299,1692255384304,1693227648538,10,5,5
29902,1693227648538,1692255384309,1692255384314,1693227648548,10,5,5
29903,1693227648548,1692255384318,1692255384323,1693227648557,9,5,4
29904,1693227648557,1692255384329,1692255384333,1693227648567,10,4,6
29905,1693227648567,1692255384338,1692255384343,1693227648577,10,5,5
29906,1693227648577,1692255384349,1692255384354,1693227648589,12,5,7
29907,1693227648589,1692255384360,1692255384365,1693227648599,10,5,5
29908,1693227648599,1692255384370,1692255384373,1693227648608,9,3,6
29909,1693227648608,1692255384379,1692255384383,1693227648617,9,4,5
29910,1693227648617,1692255384389,1692255384393,1693227648627,10,4,6
29911,1693227648627,1692255384399,1692255384403,1693227648637,10,4,6
29912,1693227648637,1692255384408,1692255384413,1693227648647,10,5,5
29913,1693227648647,1692255384418,1692255384423,1693227648657,10,5,5
29914,1693227648657,1692255384428,1692255384432,1693227648666,9,4,5
29915,1693227648666,1692255384437,1692255384441,1693227648675,9,4,5
29916,1693227648675,1692255384446,1692255384450,1693227648684,9,4,5
29917,1693227648684,1692255384455,1692255384459,1693227648694,10,4,6
29918,1693227648694,1692255384465,1692255384469,1693227648704,10,4,6
29919,1693227648704,1692255384476,1692255384480,1693227648715,11,4,7
29920,1693227648715,1692255384487,1692255384491,1693227648725,10,4,6
29921,1693227648725,1692255384499,1692255384503,1693227648737,12,4,8
29922,1693227648737,1692255384509,1692255384514,1693227648748,11,5,6
29923,1693227648748,1692255384519,1692255384524,1693227648758,10,5,5
29924,1693227648758,1692255384529,1692255384533,1693227648767,9,4,5
29925,1693227648767,1692255384538,1692255384542,1693227648777,10,4,6
29926,1693227648777,1692255384548,1692255384552,1693227648786,9,4,5
29927,1693227648787,1692255384558,1692255384563,1693227648798,11,5,6
29928,1693227648798,1692255384569,1692255384573,1693227648807,9,4,5
29929,1693227648807,1692255384578,1692255384582,1693227648818,11,4,7
29930,1693227648818,1692255384588,1692255384593,1693227648827,9,5,4
29931,1693227648827,1692255384598,1692255384602,1693227648836,9,4,5
29932,1693227648836,1692255384607,1692255384611,1693227648846,10,4,6
29933,1693227648846,1692255384617,1692255384621,1693227648856,10,4,6
29934,1693227648856,1692255384627,1692255384631,1693227648866,10,4,6
29935,1693227648866,1692255384637,1692255384644,1693227648878,12,7,5
29936,1693227648878,1692255384648,1692255384655,1693227648889,11,7,4
29937,1693227648889,1692255384661,1692255384665,1693227648899,10,4,6
29938,1693227648899,1692255384671,1692255384675,1693227648909,10,4,6
29939,1693227648909,1692255384680,1692255384684,1693227648921,12,4,8
29940,1693227648921,1692255384692,1692255384696,1693227648930,9,4,5
29941,1693227648931,1692255384701,1692255384705,1693227648939,8,4,4
29942,1693227648939,1692255384710,1692255384715,1693227648949,10,5,5
29943,1693227648949,1692255384719,1692255384724,1693227648958,9,5,4
29944,1693227648958,1692255384728,1692255384733,1693227648967,9,5,4
29945,1693227648967,1692255384738,1692255384741,1693227648975,8,3,5
29946,1693227648975,1692255384746,1692255384750,1693227648984,9,4,5
29947,1693227648984,1692255384756,1692255384759,1693227648993,9,3,6
29948,1693227648993,1692255384773,1692255384777,1693227649011,18,4,14
29949,1693227649011,1692255384783,1692255384787,1693227649023,12,4,8
29950,1693227649023,1692255384794,1692255384798,1693227649032,9,4,5
29951,1693227649032,1692255384803,1692255384808,1693227649041,9,5,4
29952,1693227649041,1692255384822,1692255384827,1693227649061,20,5,15
29953,1693227649061,1692255384832,1692255384837,1693227649071,10,5,5
29954,1693227649071,1692255384842,1692255384846,1693227649080,9,4,5
29955,1693227649080,1692255384851,1692255384855,1693227649089,9,4,5
29956,1693227649089,1692255384862,1692255384866,1693227649100,11,4,7
29957,1693227649100,1692255384871,1692255384875,1693227649109,9,4,5
29958,1693227649109,1692255384880,1692255384884,1693227649118,9,4,5
29959,1693227649118,1692255384888,1692255384892,1693227649126,8,4,4
29960,1693227649126,1692255384896,1692255384901,1693227649135,9,5,4
29961,1693227649135,1692255384906,1692255384910,1693227649144,9,4,5
29962,1693227649144,1692255384916,1692255384919,1693227649153,9,3,6
29963,1693227649153,1692255384924,1692255384928,1693227649163,10,4,6
29964,1693227649163,1692255384933,1692255384937,1693227649171,8,4,4
29965,1693227649171,1692255384941,1692255384945,1693227649179,8,4,4
29966,1693227649179,1692255384950,1692255384954,1693227649188,9,4,5
29967,1693227649188,1692255384958,1692255384962,1693227649196,8,4,4
29968,1693227649196,1692255384967,1692255384971,1693227649205,9,4,5
29969,1693227649205,1692255384976,1692255384980,1693227649215,10,4,6
29970,1693227649215,1692255384985,1692255384988,1693227649226,11,3,8
29971,1693227649226,1692255384997,1692255385002,1693227649286,60,5,55
29972,1693227649286,1692255385057,1692255385061,1693227649295,9,4,5
29973,1693227649295,1692255385065,1692255385068,1693227649302,7,3,4
29974,1693227649302,1692255385074,1692255385078,1693227649312,10,4,6
29975,1693227649312,1692255385083,1692255385087,1693227649321,9,4,5
29976,1693227649321,1692255385092,1692255385096,1693227649330,9,4,5
29977,1693227649330,1692255385101,1692255385105,1693227649339,9,4,5
29978,1693227649339,1692255385110,1692255385113,1693227649347,8,3,5
29979,1693227649347,1692255385118,1692255385123,1693227649357,10,5,5
29980,1693227649357,1692255385128,1692255385132,1693227649366,9,4,5
29981,1693227649366,1692255385137,1692255385141,1693227649375,9,4,5
29982,1693227649375,1692255385146,1692255385150,1693227649384,9,4,5
29983,1693227649384,1692255385155,1692255385158,1693227649398,14,3,11
29984,1693227649398,1692255385169,1692255385173,1693227649409,11,4,7
29985,1693227649409,1692255385181,1692255385186,1693227649448,39,5,34
29986,1693227649448,1692255385219,1692255385223,1693227649457,9,4,5
29987,1693227649457,1692255385228,1692255385232,1693227649466,9,4,5
29988,1693227649466,1692255385236,1692255385240,1693227649474,8,4,4
29989,1693227649474,1692255385244,1692255385247,1693227649481,7,3,4
29990,1693227649481,1692255385256,1692255385260,1693227649494,13,4,9
29991,1693227649494,1692255385265,1692255385269,1693227649503,9,4,5
29992,1693227649504,1692255385275,1692255385279,1693227649514,10,4,6
29993,1693227649514,1692255385286,1692255385290,1693227649525,11,4,7
29994,1693227649525,1692255385296,1692255385300,1693227649535,10,4,6
29995,1693227649535,1692255385306,1692255385310,1693227649766,231,4,227
29996,1693227649766,1692255385537,1692255385541,1693227649778,12,4,8
29997,1693227649778,1692255385550,1692255385554,1693227649788,10,4,6
29998,1693227649788,1692255385559,1692255385564,1693227649798,10,5,5
29999,1693227649798,1692255385569,1692255385574,1693227649808,10,5,5
30000,1693227649808,1692255385579,1692255385583,1693227649817,9,4,5
30001,1693227649817,1692255385589,1692255385593,1693227649827,10,4,6
30002,1693227649827,1692255385599,1692255385602,1693227649837,10,3,7
30003,1693227649837,1692255385638,1692255385642,1693227649877,40,4,36
30004,1693227649877,1692255385648,1692255385652,1693227649886,9,4,5
30005,1693227649886,1692255385657,1692255385661,1693227649895,9,4,5
30006,1693227649895,1692255385666,1692255385670,1693227649904,9,4,5
30007,1693227649904,1692255385676,1692255385680,1693227649914,10,4,6
30008,1693227649914,1692255385684,1692255385689,1693227649923,9,5,4
30009,1693227649923,1692255385695,1692255385698,1693227649932,9,3,6
30010,1693227649932,1692255385702,1692255385707,1693227649941,9,5,4
30011,1693227649941,1692255385713,1692255385717,1693227649951,10,4,6
30012,1693227649951,1692255385723,1692255385726,1693227649960,9,3,6
30013,1693227649960,1692255385730,1692255385734,1693227649968,8,4,4
30014,1693227649968,1692255385739,1692255385743,1693227649977,9,4,5
30015,1693227649977,1692255385748,1692255385752,1693227649986,9,4,5
30016,1693227649986,1692255385757,1692255385761,1693227649996,10,4,6
30017,1693227649996,1692255385766,1692255385770,1693227650004,8,4,4
30018,1693227650004,1692255385775,1692255385779,1693227650014,10,4,6
30019,1693227650014,1692255385785,1692255385789,1693227650023,9,4,5
30020,1693227650023,1692255385794,1692255385798,1693227650032,9,4,5
30021,1693227650032,1692255385803,1692255385807,1693227650041,9,4,5
30022,1693227650041,1692255385812,1692255385815,1693227650049,8,3,5
30023,1693227650049,1692255385820,1692255385823,1693227650058,9,3,6
30024,1693227650058,1692255385830,1692255385836,1693227650071,13,6,7
30025,1693227650071,1692255385843,1692255385847,1693227650081,10,4,6
30026,1693227650081,1692255385853,1692255385857,1693227650092,11,4,7
30027,1693227650092,1692255385863,1692255385868,1693227650102,10,5,5
30028,1693227650102,1692255385875,1692255385881,1693227650117,15,6,9
30029,1693227650117,1692255385888,1692255385893,1693227650128,11,5,6
30030,1693227650128,1692255385900,1692255385904,1693227650139,11,4,7
30031,1693227650139,1692255385911,1692255385916,1693227650150,11,5,6
30032,1693227650150,1692255385922,1692255385927,1693227650161,11,5,6
30033,1693227650161,1692255385932,1692255385937,1693227650172,11,5,6
30034,1693227650172,1692255385944,1692255385948,1693227650182,10,4,6
30035,1693227650183,1692255385954,1692255385958,1693227650192,9,4,5
30036,1693227650192,1692255385963,1692255385968,1693227650202,10,5,5
30037,1693227650202,1692255385973,1692255385977,1693227650211,9,4,5
30038,1693227650211,1692255385982,1692255385986,1693227650220,9,4,5
30039,1693227650220,1692255385991,1692255385995,1693227650229,9,4,5
30040,1693227650229,1692255386000,1692255386004,1693227650239,10,4,6
30041,1693227650239,1692255386014,1692255386019,1693227650253,14,5,9
30042,1693227650253,1692255386023,1692255386027,1693227650261,8,4,4
30043,1693227650261,1692255386034,1692255386038,1693227650272,11,4,7
30044,1693227650272,1692255386042,1692255386046,1693227650280,8,4,4
30045,1693227650280,1692255386051,1692255386058,1693227650292,12,7,5
30046,1693227650292,1692255386062,1692255386066,1693227650300,8,4,4
30047,1693227650300,1692255386073,1692255386076,1693227650311,11,3,8
30048,1693227650311,1692255386082,1692255386086,1693227650320,9,4,5
30049,1693227650320,1692255386091,1692255386095,1693227650328,8,4,4
30050,1693227650329,1692255386100,1692255386104,1693227650338,9,4,5
30051,1693227650338,1692255386110,1692255386114,1693227650347,9,4,5
30052,1693227650347,1692255386118,1692255386123,1693227650357,10,5,5
30053,1693227650357,1692255386129,1692255386134,1693227650368,11,5,6
30054,1693227650368,1692255386140,1692255386145,1693227650379,11,5,6
30055,1693227650379,1692255386151,1692255386155,1693227650390,11,4,7
30056,1693227650390,1692255386163,1692255386168,1693227650403,13,5,8
30057,1693227650403,1692255386174,1692255386179,1693227650413,10,5,5
30058,1693227650413,1692255386184,1692255386189,1693227650423,10,5,5
30059,1693227650423,1692255386195,1692255386200,1693227650435,12,5,7
30060,1693227650435,1692255386206,1692255386210,1693227650446,11,4,7
30061,1693227650446,1692255386218,1692255386222,1693227650456,10,4,6
30062,1693227650456,1692255386227,1692255386232,1693227650466,10,5,5
30063,1693227650466,1692255386236,1692255386240,1693227650474,8,4,4
30064,1693227650474,1692255386245,1692255386249,1693227650483,9,4,5
30065,1693227650483,1692255386254,1692255386258,1693227650494,11,4,7
30066,1693227650494,1692255386265,1692255386269,1693227650503,9,4,5
30067,1693227650503,1692255386275,1692255386279,1693227650513,10,4,6
30068,1693227650513,1692255386284,1692255386288,1693227650522,9,4,5
30069,1693227650522,1692255386295,1692255386299,1693227650534,12,4,8
30070,1693227650534,1692255386305,1692255386310,1693227650545,11,5,6
30071,1693227650545,1692255386316,1692255386319,1693227650553,8,3,5
30072,1693227650553,1692255386327,1692255386330,1693227650565,12,3,9
30073,1693227650565,1692255386336,1692255386339,1693227650574,9,3,6
30074,1693227650574,1692255386345,1692255386349,1693227650584,10,4,6
30075,1693227650584,1692255386355,1692255386358,1693227650592,8,3,5
30076,1693227650592,1692255386363,1692255386367,1693227650601,9,4,5
30077,1693227650601,1692255386372,1692255386376,1693227650610,9,4,5
30078,1693227650610,1692255386381,1692255386384,1693227650618,8,3,5
30079,1693227650618,1692255386389,1692255386393,1693227650627,9,4,5
30080,1693227650627,1692255386399,1692255386403,1693227650637,10,4,6
30081,1693227650637,1692255386408,1692255386411,1693227650645,8,3,5
30082,1693227650645,1692255386417,1692255386423,1693227650657,12,6,6
30083,1693227650657,1692255386430,1692255386434,1693227650669,12,4,8
30084,1693227650669,1692255386441,1692255386445,1693227650680,11,4,7
30085,1693227650680,1692255386450,1692255386454,1693227650688,8,4,4
30086,1693227650688,1692255386459,1692255386462,1693227650696,8,3,5
30087,1693227650696,1692255386467,1692255386471,1693227650705,9,4,5
30088,1693227650705,1692255386476,1692255386481,1693227650714,9,5,4
30089,1693227650714,1692255386485,1692255386490,1693227650724,10,5,5
30090,1693227650724,1692255386495,1692255386500,1693227650734,10,5,5
30091,1693227650734,1692255386505,1692255386509,1693227650743,9,4,5
30092,1693227650743,1692255386514,1692255386518,1693227650752,9,4,5
30093,1693227650752,1692255386523,1692255386527,1693227650763,11,4,7
30094,1693227650763,1692255386534,1692255386539,1693227650773,10,5,5
30095,1693227650773,1692255386544,1692255386548,1693227650782,9,4,5
30096,1693227650782,1692255386553,1692255386557,1693227650791,9,4,5
30097,1693227650792,1692255386563,1692255386568,1693227650802,10,5,5
30098,1693227650802,1692255386573,1692255386579,1693227650813,11,6,5
30099,1693227650813,1692255386585,1692255386589,1693227650824,11,4,7
30100,1693227650824,1692255386595,1692255386600,1693227650835,11,5,6
30101,1693227650835,1692255386606,1692255386611,1693227650845,10,5,5
30102,1693227650846,1692255386617,1692255386622,1693227650856,10,5,5
30103,1693227650856,1692255386639,1692255386645,1693227650879,23,6,17
30104,1693227650879,1692255386650,1692255386655,1693227650889,10,5,5
30105,1693227650889,1692255386660,1692255386664,1693227650898,9,4,5
30106,1693227650898,1692255386669,1692255386672,1693227650907,9,3,6
30107,1693227650907,1692255386678,1692255386682,1693227650916,9,4,5
30108,1693227650916,1692255386687,1692255386691,1693227650925,9,4,5
30109,1693227650925,1692255386696,1692255386700,1693227650934,9,4,5
30110,1693227650934,1692255386705,1692255386708,1693227650943,9,3,6
30111,1693227650943,1692255386716,1692255386719,1693227650954,11,3,8
30112,1693227650954,1692255386725,1692255386729,1693227650964,10,4,6
30113,1693227650964,1692255386737,1692255386741,1693227650976,12,4,8
30114,1693227650976,1692255386746,1692255386750,1693227650984,8,4,4
30115,1693227650984,1692255386755,1692255386759,1693227650994,10,4,6
30116,1693227650994,1692255386765,1692255386769,1693227651003,9,4,5
30117,1693227651003,1692255386774,1692255386779,1693227651013,10,5,5
30118,1693227651014,1692255386785,1692255386790,1693227651024,10,5,5
30119,1693227651024,1692255386795,1692255386802,1693227651037,13,7,6
30120,1693227651037,1692255386808,1692255386813,1693227651047,10,5,5
30121,1693227651047,1692255386819,1692255386824,1693227651058,11,5,6
30122,1693227651058,1692255386830,1692255386834,1693227651071,13,4,9
30123,1693227651071,1692255386842,1692255386847,1693227651081,10,5,5
30124,1693227651081,1692255386853,1692255386858,1693227651092,11,5,6
30125,1693227651092,1692255386864,1692255386869,1693227651103,11,5,6
30126,1693227651103,1692255386875,1692255386881,1693227651115,12,6,6
30127,1693227651115,1692255386886,1692255386889,1693227651124,9,3,6
30128,1693227651124,1692255386895,1692255386900,1693227651134,10,5,5
30129,1693227651134,1692255386906,1692255386911,1693227651145,11,5,6
30130,1693227651145,1692255386917,1692255386922,1693227651157,12,5,7
30131,1693227651157,1692255386929,1692255386934,1693227651168,11,5,6
30132,1693227651168,1692255386943,1692255386949,1693227651183,15,6,9
30133,1693227651183,1692255386954,1692255386959,1693227651194,11,5,6
30134,1693227651194,1692255386965,1692255386970,1693227651204,10,5,5
30135,1693227651204,1692255386976,1692255386981,1693227651215,11,5,6
30136,1693227651215,1692255386987,1692255386992,1693227651226,11,5,6
30137,1693227651226,1692255386997,1692255387002,1693227651236,10,5,5
30138,1693227651236,1692255387008,1692255387013,1693227651247,11,5,6
30139,1693227651247,1692255387020,1692255387025,1693227651260,13,5,8
30140,1693227651260,1692255387035,1692255387040,1693227651276,16,5,11
30141,1693227651276,1692255387047,1692255387052,1693227651286,10,5,5
30142,1693227651286,1692255387057,1692255387062,1693227651296,10,5,5
30143,1693227651296,1692255387069,1692255387074,1693227651308,12,5,7
30144,1693227651308,1692255387080,1692255387084,1693227651318,10,4,6
30145,1693227651318,1692255387090,1692255387094,1693227651329,11,4,7
30146,1693227651329,1692255387100,1692255387105,1693227651339,10,5,5
30147,1693227651339,1692255387111,1692255387115,1693227651349,10,4,6
30148,1693227651349,1692255387121,1692255387128,1693227651363,14,7,7
30149,1693227651363,1692255387135,1692255387139,1693227651374,11,4,7
30150,1693227651374,1692255387147,1692255387151,1693227651385,11,4,7
30151,1693227651385,1692255387156,1692255387160,1693227651394,9,4,5
30152,1693227651394,1692255387165,1692255387168,1693227651402,8,3,5
30153,1693227651402,1692255387173,1692255387178,1693227651412,10,5,5
30154,1693227651412,1692255387183,1692255387188,1693227651422,10,5,5
30155,1693227651422,1692255387193,1692255387204,1693227651438,16,11,5
30156,1693227651438,1692255387210,1692255387214,1693227651448,10,4,6
30157,1693227651448,1692255387220,1692255387225,1693227651459,11,5,6
30158,1693227651459,1692255387231,1692255387236,1693227651471,12,5,7
30159,1693227651471,1692255387242,1692255387248,1693227651482,11,6,5
30160,1693227651482,1692255387253,1692255387258,1693227651493,11,5,6
30161,1693227651493,1692255387269,1692255387274,1693227651508,15,5,10
30162,1693227651508,1692255387280,1692255387284,1693227651519,11,4,7
30163,1693227651519,1692255387290,1692255387294,1693227651529,10,4,6
30164,1693227651529,1692255387306,1692255387310,1693227651545,16,4,12
30165,1693227651545,1692255387316,1692255387321,1693227651555,10,5,5
30166,1693227651555,1692255387326,1692255387331,1693227651565,10,5,5
30167,1693227651565,1692255387337,1692255387341,1693227651576,11,4,7
30168,1693227651576,1692255387347,1692255387351,1693227651585,9,4,5
30169,1693227651585,1692255387357,1692255387361,1693227651596,11,4,7
30170,1693227651596,1692255387367,1692255387370,1693227651604,8,3,5
30171,1693227651604,1692255387375,1692255387379,1693227651614,10,4,6
30172,1693227651614,1692255387385,1692255387389,1693227651623,9,4,5
30173,1693227651623,1692255387395,1692255387399,1693227651633,10,4,6
30174,1693227651633,1692255387406,1692255387411,1693227651645,12,5,7
30175,1693227651645,1692255387418,1692255387423,1693227651657,12,5,7
30176,1693227651657,1692255387430,1692255387436,1693227651670,13,6,7
30177,1693227651670,1692255387442,1692255387448,1693227651685,15,6,9
30178,1693227651685,1692255387456,1692255387461,1693227651696,11,5,6
30179,1693227651696,1692255387467,1692255387472,1693227651706,10,5,5
30180,1693227651706,1692255387478,1692255387483,1693227651718,12,5,7
30181,1693227651718,1692255387490,1692255387494,1693227651728,10,4,6
30182,1693227651728,1692255387499,1692255387503,1693227651738,10,4,6
30183,1693227651738,1692255387509,1692255387513,1693227651747,9,4,5
30184,1693227651747,1692255387518,1692255387522,1693227651757,10,4,6
30185,1693227651757,1692255387528,1692255387532,1693227651766,9,4,5
30186,1693227651766,1692255387537,1692255387541,1693227651775,9,4,5
30187,1693227651775,1692255387547,1692255387551,1693227651787,12,4,8
30188,1693227651788,1692255387559,1692255387563,1693227651798,10,4,6
30189,1693227651798,1692255387568,1692255387573,1693227651807,9,5,4
30190,1693227651807,1692255387578,1692255387582,1693227651816,9,4,5
30191,1693227651816,1692255387587,1692255387594,1693227651828,12,7,5
30192,1693227651828,1692255387600,1692255387604,1693227651838,10,4,6
30193,1693227651838,1692255387610,1692255387615,1693227651849,11,5,6
30194,1693227651849,1692255387621,1692255387625,1693227651860,11,4,7
30195,1693227651860,1692255387631,1692255387636,1693227651871,11,5,6
30196,1693227651871,1692255387643,1692255387648,1693227651882,11,5,6
30197,1693227651882,1692255387654,1692255387659,1693227651893,11,5,6
30198,1693227651893,1692255387664,1692255387669,1693227651904,11,5,6
30199,1693227651904,1692255387675,1692255387679,1693227651914,10,4,6
30200,1693227651914,1692255387685,1692255387690,1693227651924,10,5,5
30201,1693227651924,1692255387696,1692255387700,1693227651935,11,4,7
30202,1693227651935,1692255387706,1692255387711,1693227651945,10,5,5
30203,1693227651945,1692255387717,1692255387721,1693227651955,10,4,6
30204,1693227651955,1692255387729,1692255387733,1693227651967,12,4,8
30205,1693227651967,1692255387738,1692255387742,1693227651976,9,4,5
30206,1693227651976,1692255387748,1692255387751,1693227651986,10,3,7
30207,1693227651986,1692255387757,1692255387761,1693227651995,9,4,5
30208,1693227651995,1692255387767,1692255387771,1693227652005,10,4,6
30209,1693227652005,1692255387776,1692255387780,1693227652014,9,4,5
30210,1693227652014,1692255387786,1692255387790,1693227652024,10,4,6
30211,1693227652024,1692255387795,1692255387799,1693227652033,9,4,5
30212,1693227652033,1692255387804,1692255387808,1693227652042,9,4,5
30213,1693227652042,1692255387813,1692255387817,1693227652051,9,4,5
30214,1693227652051,1692255387823,1692255387827,1693227652062,11,4,7
30215,1693227652062,1692255387833,1692255387838,1693227652072,10,5,5
30216,1693227652072,1692255387845,1692255387852,1693227652086,14,7,7
30217,1693227652086,1692255387858,1692255387862,1693227652096,10,4,6
30218,1693227652096,1692255387868,1692255387873,1693227652107,11,5,6
30219,1693227652107,1692255387878,1692255387882,1693227652117,10,4,6
30220,1693227652117,1692255387888,1692255387891,1693227652126,9,3,6
30221,1693227652126,1692255387898,1692255387903,1693227652137,11,5,6
30222,1693227652137,1692255387907,1692255387912,1693227652146,9,5,4
30223,1693227652146,1692255387917,1692255387922,1693227652156,10,5,5
30224,1693227652156,1692255387927,1692255387931,1693227652165,9,4,5
30225,1693227652165,1692255387936,1692255387940,1693227652175,10,4,6
30226,1693227652175,1692255387946,1692255387950,1693227652184,9,4,5
30227,1693227652184,1692255387955,1692255387959,1693227652193,9,4,5
30228,1693227652193,1692255387967,1692255387975,1693227652209,16,8,8
30229,1693227652209,1692255387980,1692255387985,1693227652219,10,5,5
30230,1693227652219,1692255387991,1692255387994,1693227652229,10,3,7
30231,1693227652229,1692255388000,1692255388004,1693227652238,9,4,5
30232,1693227652238,1692255388009,1692255388013,1693227652247,9,4,5
30233,1693227652247,1692255388019,1692255388023,1693227652258,11,4,7
30234,1693227652258,1692255388029,1692255388033,1693227652268,10,4,6
30235,1693227652268,1692255388040,1692255388045,1693227652280,12,5,7
30236,1693227652280,1692255388052,1692255388057,1693227652291,11,5,6
30237,1693227652292,1692255388064,1692255388068,1693227652303,11,4,7
30238,1693227652303,1692255388075,1692255388079,1693227652314,11,4,7
30239,1693227652314,1692255388085,1692255388089,1693227652324,10,4,6
30240,1693227652324,1692255388095,1692255388099,1693227652334,10,4,6
30241,1693227652334,1692255388105,1692255388109,1693227652344,10,4,6
30242,1693227652344,1692255388115,1692255388119,1693227652353,9,4,5
30243,1693227652353,1692255388124,1692255388128,1693227652363,10,4,6
30244,1693227652363,1692255388134,1692255388138,1693227652372,9,4,5
30245,1693227652372,1692255388144,1692255388148,1693227652382,10,4,6
30246,1693227652382,1692255388154,1692255388158,1693227652392,10,4,6
30247,1693227652392,1692255388163,1692255388167,1693227652402,10,4,6
30248,1693227652402,1692255388173,1692255388177,1693227652411,9,4,5
30249,1693227652411,1692255388183,1692255388187,1693227652421,10,4,6
30250,1693227652421,1692255388193,1692255388196,1693227652431,10,3,7
30251,1693227652431,1692255388203,1692255388207,1693227652441,10,4,6
30252,1693227652441,1692255388213,1692255388216,1693227652450,9,3,6
30253,1693227652450,1692255388221,1692255388225,1693227652460,10,4,6
30254,1693227652460,1692255388231,1692255388235,1693227652469,9,4,5
30255,1693227652469,1692255388240,1692255388244,1693227652478,9,4,5
30256,1693227652478,1692255388249,1692255388254,1693227652488,10,5,5
30257,1693227652488,1692255388260,1692255388264,1693227652498,10,4,6
30258,1693227652498,1692255388275,1692255388279,1693227652514,16,4,12
30259,1693227652514,1692255388285,1692255388289,1693227652523,9,4,5
30260,1693227652523,1692255388294,1692255388299,1693227652533,10,5,5
30261,1693227652533,1692255388303,1692255388307,1693227652542,9,4,5
30262,1693227652542,1692255388313,1692255388318,1693227652552,10,5,5
30263,1693227652552,1692255388323,1692255388327,1693227652562,10,4,6
30264,1693227652562,1692255388333,1692255388338,1693227652572,10,5,5
30265,1693227652572,1692255388344,1692255388350,1693227652584,12,6,6
30266,1693227652585,1692255388356,1692255388361,1693227652596,11,5,6
30267,1693227652596,1692255388368,1692255388371,1693227652609,13,3,10
30268,1693227652609,1692255388386,1692255388390,1693227652624,15,4,11
30269,1693227652624,1692255388395,1692255388399,1693227652633,9,4,5
30270,1693227652633,1692255388404,1692255388408,1693227652642,9,4,5
30271,1693227652642,1692255388413,1692255388418,1693227652652,10,5,5
30272,1693227652652,1692255388424,1692255388428,1693227652663,11,4,7
30273,1693227652663,1692255388434,1692255388438,1693227652672,9,4,5
30274,1693227652673,1692255388446,1692255388450,1693227652684,11,4,7
30275,1693227652684,1692255388455,1692255388458,1693227652693,9,3,6
30276,1693227652693,1692255388464,1692255388468,1693227652704,11,4,7
30277,1693227652704,1692255388481,1692255388485,1693227652719,15,4,11
30278,1693227652720,1692255388492,1692255388496,1693227652731,11,4,7
30279,1693227652731,1692255388506,1692255388510,1693227652745,14,4,10
30280,1693227652745,1692255388516,1692255388521,1693227652756,11,5,6
30281,1693227652756,1692255388527,1692255388531,1693227652765,9,4,5
30282,1693227652765,1692255388536,1692255388540,1693227652775,10,4,6
30283,1693227652775,1692255388546,1692255388551,1693227652785,10,5,5
30284,1693227652785,1692255388557,1692255388561,1693227652795,10,4,6
30285,1693227652795,1692255388566,1692255388571,1693227652805,10,5,5
30286,1693227652805,1692255388576,1692255388580,1693227652815,10,4,6
30287,1693227652815,1692255388586,1692255388590,1693227652826,11,4,7
30288,1693227652826,1692255388599,1692255388606,1693227652840,14,7,7
30289,1693227652840,1692255388612,1692255388616,1693227652850,10,4,6
30290,1693227652850,1692255388622,1692255388626,1693227652860,10,4,6
30291,1693227652860,1692255388632,1692255388636,1693227652871,11,4,7
30292,1693227652871,1692255388644,1692255388648,1693227652882,11,4,7
30293,1693227652882,1692255388653,1692255388657,1693227652892,10,4,6
30294,1693227652892,1692255388664,1692255388669,1693227652903,11,5,6
30295,1693227652903,1692255388674,1692255388678,1693227652914,11,4,7
30296,1693227652914,1692255388685,1692255388689,1693227652923,9,4,5
30297,1693227652923,1692255388695,1692255388699,1693227652933,10,4,6
30298,1693227652933,1692255388704,1692255388708,1693227652942,9,4,5
30299,1693227652942,1692255388714,1692255388717,1693227652951,9,3,6
30300,1693227652952,1692255388723,1692255388727,1693227652962,10,4,6
30301,1693227652962,1692255388733,1692255388739,1693227652973,11,6,5
30302,1693227652973,1692255388745,1692255388751,1693227652985,12,6,6
30303,1693227652985,1692255388756,1692255388760,1693227652994,9,4,5
30304,1693227652994,1692255388765,1692255388769,1693227653003,9,4,5
30305,1693227653003,1692255388775,1692255388779,1693227653017,14,4,10
30306,1693227653017,1692255388787,1692255388792,1693227653026,9,5,4
30307,1693227653026,1692255388797,1692255388801,1693227653036,10,4,6
30308,1693227653036,1692255388806,1692255388811,1693227653045,9,5,4
30309,1693227653045,1692255388816,1692255388820,1693227653054,9,4,5
30310,1693227653054,1692255388825,1692255388829,1693227653063,9,4,5
30311,1693227653063,1692255388834,1692255388838,1693227653072,9,4,5
30312,1693227653072,1692255388844,1692255388848,1693227653082,10,4,6
30313,1693227653082,1692255388855,1692255388859,1693227653093,11,4,7
30314,1693227653093,1692255388864,1692255388868,1693227653103,10,4,6
30315,1693227653103,1692255388874,1692255388878,1693227653113,10,4,6
30316,1693227653113,1692255388883,1692255388888,1693227653122,9,5,4
30317,1693227653122,1692255388893,1692255388897,1693227653132,10,4,6
30318,1693227653132,1692255388903,1692255388907,1693227653141,9,4,5
30319,1693227653141,1692255388912,1692255388916,1693227653150,9,4,5
30320,1693227653150,1692255388922,1692255388926,1693227653160,10,4,6
30321,1693227653160,1692255388931,1692255388935,1693227653169,9,4,5
30322,1693227653169,1692255388941,1692255388945,1693227653179,10,4,6
30323,1693227653179,1692255388950,1692255388953,1693227653188,9,3,6
30324,1693227653188,1692255388959,1692255388963,1693227653198,10,4,6
30325,1693227653198,1692255388969,1692255388973,1693227653208,10,4,6
30326,1693227653208,1692255388979,1692255388984,1693227653220,12,5,7
30327,1693227653220,1692255388991,1692255388996,1693227653230,10,5,5
30328,1693227653230,1692255389002,1692255389006,1693227653240,10,4,6
30329,1693227653240,1692255389012,1692255389015,1693227653249,9,3,6
30330,1693227653249,1692255389021,1692255389024,1693227653258,9,3,6
30331,1693227653259,1692255389030,1692255389035,1693227653269,10,5,5
30332,1693227653269,1692255389040,1692255389045,1693227653279,10,5,5
30333,1693227653279,1692255389050,1692255389058,1693227653292,13,8,5
30334,1693227653292,1692255389063,1692255389067,1693227653301,9,4,5
30335,1693227653301,1692255389072,1692255389077,1693227653311,10,5,5
30336,1693227653311,1692255389082,1692255389087,1693227653323,12,5,7
30337,1693227653323,1692255389094,1692255389102,1693227653336,13,8,5
30338,1693227653336,1692255389108,1692255389113,1693227653349,13,5,8
30339,1693227653349,1692255389120,1692255389125,1693227653359,10,5,5
30340,1693227653359,1692255389131,1692255389134,1693227653368,9,3,6
30341,1693227653368,1692255389139,1692255389147,1693227653381,13,8,5
30342,1693227653381,1692255389156,1692255389161,1693227653395,14,5,9
30343,1693227653395,1692255389166,1692255389170,1693227653404,9,4,5
30344,1693227653405,1692255389176,1692255389180,1693227653415,10,4,6
30345,1693227653415,1692255389186,1692255389190,1693227653426,11,4,7
30346,1693227653426,1692255389197,1692255389202,1693227653436,10,5,5
30347,1693227653436,1692255389207,1692255389211,1693227653445,9,4,5
30348,1693227653445,1692255389216,1692255389221,1693227653455,10,5,5
30349,1693227653455,1692255389227,1692255389232,1693227653466,11,5,6
30350,1693227653466,1692255389238,1692255389242,1693227653476,10,4,6
30351,1693227653476,1692255389247,1692255389251,1693227653486,10,4,6
30352,1693227653486,1692255389257,1692255389261,1693227653496,10,4,6
30353,1693227653496,1692255389267,1692255389271,1693227653505,9,4,5
30354,1693227653505,1692255389281,1692255389285,1693227653519,14,4,10
30355,1693227653519,1692255389290,1692255389295,1693227653529,10,5,5
30356,1693227653529,1692255389300,1692255389305,1693227653539,10,5,5
30357,1693227653539,1692255389311,1692255389316,1693227653550,11,5,6
30358,1693227653550,1692255389325,1692255389330,1693227653565,15,5,10
30359,1693227653565,1692255389336,1692255389341,1693227653575,10,5,5
30360,1693227653576,1692255389347,1692255389351,1693227653586,10,4,6
30361,1693227653586,1692255389358,1692255389362,1693227653596,10,4,6
30362,1693227653596,1692255389367,1692255389371,1693227653605,9,4,5
30363,1693227653605,1692255389377,1692255389381,1693227653615,10,4,6
30364,1693227653616,1692255389386,1692255389390,1693227653624,8,4,4
30365,1693227653624,1692255389395,1692255389399,1693227653635,11,4,7
30366,1693227653635,1692255389407,1692255389411,1693227653645,10,4,6
30367,1693227653645,1692255389416,1692255389420,1693227653656,11,4,7
30368,1693227653656,1692255389427,1692255389431,1693227653666,10,4,6
30369,1693227653666,1692255389436,1692255389440,1693227653675,9,4,5
30370,1693227653675,1692255389446,1692255389451,1693227653685,10,5,5
30371,1693227653685,1692255389456,1692255389461,1693227653695,10,5,5
30372,1693227653695,1692255389467,1692255389471,1693227653705,10,4,6
30373,1693227653705,1692255389480,1692255389485,1693227653721,16,5,11
30374,1693227653721,1692255389493,1692255389499,1693227653734,13,6,7
30375,1693227653734,1692255389506,1692255389511,1693227653745,11,5,6
30376,1693227653745,1692255389517,1692255389522,1693227653756,11,5,6
30377,1693227653756,1692255389530,1692255389536,1693227653770,14,6,8
30378,1693227653770,1692255389542,1692255389547,1693227653785,15,5,10
30379,1693227653785,1692255389556,1692255389560,1693227653794,9,4,5
30380,1693227653794,1692255389564,1692255389568,1693227653803,9,4,5
30381,1693227653803,1692255389574,1692255389578,1693227653814,11,4,7
30382,1693227653814,1692255389584,1692255389589,1693227653823,9,5,4
30383,1693227653824,1692255389595,1692255389599,1693227653835,11,4,7
30384,1693227653835,1692255389607,1692255389611,1693227653845,10,4,6
30385,1693227653845,1692255389618,1692255389622,1693227653856,11,4,7
30386,1693227653856,1692255389627,1692255389631,1693227653865,9,4,5
30387,1693227653865,1692255389637,1692255389641,1693227653875,10,4,6
30388,1693227653875,1692255389647,1692255389651,1693227653886,11,4,7
30389,1693227653886,1692255389656,1692255389662,1693227653896,10,6,4
30390,1693227653896,1692255389666,1692255389671,1693227653906,10,5,5
30391,1693227653907,1692255389678,1692255389682,1693227653917,10,4,6
30392,1693227653917,1692255389689,1692255389694,1693227653928,11,5,6
30393,1693227653928,1692255389700,1692255389704,1693227653939,11,4,7
30394,1693227653939,1692255389710,1692255389715,1693227653949,10,5,5
30395,1693227653949,1692255389721,1692255389727,1693227653961,12,6,6
30396,1693227653961,1692255389733,1692255389739,1693227653973,12,6,6
30397,1693227653973,1692255389745,1692255389749,1693227653983,10,4,6
30398,1693227653983,1692255389754,1692255389759,1693227653994,11,5,6
30399,1693227653994,1692255389772,1692255389777,1693227654011,17,5,12
30400,1693227654011,1692255389783,1692255389787,1693227654021,10,4,6
30401,1693227654021,1692255389798,1692255389802,1693227654035,14,4,10
30402,1693227654035,1692255389809,1692255389814,1693227654048,13,5,8
30403,1693227654048,1692255389819,1692255389824,1693227654058,10,5,5
30404,1693227654058,1692255389829,1692255389833,1693227654067,9,4,5
30405,1693227654067,1692255389838,1692255389843,1693227654077,10,5,5
30406,1693227654077,1692255389848,1692255389852,1693227654086,9,4,5
30407,1693227654086,1692255389861,1692255389865,1693227654099,13,4,9
30408,1693227654099,1692255389870,1692255389875,1693227654110,11,5,6
30409,1693227654110,1692255389882,1692255389887,1693227654121,11,5,6
30410,1693227654122,1692255389902,1692255389911,1693227654145,23,9,14
30411,1693227654145,1692255389916,1692255389920,1693227654154,9,4,5
30412,1693227654154,1692255389926,1692255389932,1693227654166,12,6,6
30413,1693227654166,1692255389938,1692255389944,1693227654178,12,6,6
30414,1693227654178,1692255389950,1692255389955,1693227654189,11,5,6
30415,1693227654189,1692255389961,1692255389966,1693227654200,11,5,6
30416,1693227654200,1692255389972,1692255389977,1693227654211,11,5,6
30417,1693227654211,1692255389994,1692255389999,1693227654233,22,5,17
30418,1693227654233,1692255390004,1692255390010,1693227654245,12,6,6
30419,1693227654245,1692255390016,1692255390021,1693227654255,10,5,5
30420,1693227654255,1692255390027,1692255390031,1693227654266,11,4,7
30421,1693227654266,1692255390037,1692255390041,1693227654276,10,4,6
30422,1693227654276,1692255390046,1692255390050,1693227654284,8,4,4
30423,1693227654284,1692255390055,1692255390060,1693227654295,11,5,6
30424,1693227654295,1692255390066,1692255390071,1693227654305,10,5,5
30425,1693227654305,1692255390077,1692255390084,1693227654318,13,7,6
30426,1693227654318,1692255390090,1692255390095,1693227654330,12,5,7
30427,1693227654330,1692255390101,1692255390106,1693227654340,10,5,5
30428,1693227654340,1692255390112,1692255390117,1693227654351,11,5,6
30429,1693227654351,1692255390122,1692255390126,1693227654360,9,4,5
30430,1693227654360,1692255390133,1692255390137,1693227654372,12,4,8
30431,1693227654372,1692255390144,1692255390149,1693227654383,11,5,6
30432,1693227654383,1692255390155,1692255390160,1693227654395,12,5,7
30433,1693227654395,1692255390166,1692255390172,1693227654406,11,6,5
30434,1693227654406,1692255390179,1692255390185,1693227654419,13,6,7
30435,1693227654419,1692255390191,1692255390195,1693227654429,10,4,6
30436,1693227654429,1692255390200,1692255390204,1693227654438,9,4,5
30437,1693227654438,1692255390210,1692255390214,1693227654450,12,4,8
30438,1693227654450,1692255390221,1692255390226,1693227654461,11,5,6
30439,1693227654461,1692255390232,1692255390237,1693227654472,11,5,6
30440,1693227654472,1692255390244,1692255390250,1693227654484,12,6,6
30441,1693227654484,1692255390255,1692255390261,1693227654495,11,6,5
30442,1693227654495,1692255390266,1692255390270,1693227654506,11,4,7
30443,1693227654506,1692255390278,1692255390283,1693227654519,13,5,8
30444,1693227654519,1692255390291,1692255390295,1693227654530,11,4,7
30445,1693227654530,1692255390301,1692255390307,1693227654541,11,6,5
30446,1693227654541,1692255390314,1692255390318,1693227654553,12,4,8
30447,1693227654553,1692255390324,1692255390331,1693227654569,16,7,9
30448,1693227654569,1692255390341,1692255390346,1693227654580,11,5,6
30449,1693227654580,1692255390352,1692255390356,1693227654591,11,4,7
30450,1693227654591,1692255390363,1692255390367,1693227654601,10,4,6
30451,1693227654601,1692255390373,1692255390378,1693227654612,11,5,6
30452,1693227654612,1692255390383,1692255390388,1693227654622,10,5,5
30453,1693227654622,1692255390393,1692255390398,1693227654632,10,5,5
30454,1693227654632,1692255390404,1692255390408,1693227654669,37,4,33
30455,1693227654669,1692255390440,1692255390445,1693227654679,10,5,5
30456,1693227654679,1692255390455,1692255390461,1693227654695,16,6,10
30457,1693227654695,1692255390467,1692255390472,1693227654720,25,5,20
30458,1693227654720,1692255390492,1692255390496,1693227654731,11,4,7
30459,1693227654731,1692255390503,1692255390511,1693227654746,15,8,7
30460,1693227654746,1692255390527,1692255390532,1693227654766,20,5,15
30461,1693227654766,1692255390543,1692255390548,1693227654782,16,5,11
30462,1693227654782,1692255390553,1692255390558,1693227654793,11,5,6
30463,1693227654793,1692255390565,1692255390569,1693227654803,10,4,6
30464,1693227654803,1692255390575,1692255390579,1693227654813,10,4,6
30465,1693227654813,1692255390585,1692255390589,1693227654823,10,4,6
30466,1693227654823,1692255390594,1692255390601,1693227654850,27,7,20
30467,1693227654850,1692255390623,1692255390629,1693227654863,13,6,7
30468,1693227654863,1692255390634,1692255390639,1693227654873,10,5,5
30469,1693227654873,1692255390644,1692255390649,1693227654899,26,5,21
30470,1693227654899,1692255390670,1692255390675,1693227654909,10,5,5
30471,1693227654910,1692255390681,1692255390686,1693227654920,10,5,5
30472,1693227654920,1692255390692,1692255390697,1693227654931,11,5,6
30473,1693227654931,1692255390703,1692255390708,1693227654943,12,5,7
30474,1693227654944,1692255390716,1692255390721,1693227654955,11,5,6
30475,1693227654955,1692255390727,1692255390731,1693227654966,11,4,7
30476,1693227654966,1692255390737,1692255390742,1693227654976,10,5,5
30477,1693227654976,1692255390748,1692255390753,1693227654987,11,5,6
30478,1693227654987,1692255390759,1692255390764,1693227654998,11,5,6
30479,1693227654998,1692255390770,1692255390775,1693227655009,11,5,6
30480,1693227655009,1692255390780,1692255390785,1693227655019,10,5,5
30481,1693227655019,1692255390791,1692255390795,1693227655029,10,4,6
30482,1693227655029,1692255390800,1692255390808,1693227655042,13,8,5
30483,1693227655042,1692255390814,1692255390818,1693227655053,11,4,7
30484,1693227655053,1692255390824,1692255390829,1693227655065,12,5,7
30485,1693227655065,1692255390837,1692255390842,1693227655076,11,5,6
30486,1693227655076,1692255390848,1692255390853,1693227655087,11,5,6
30487,1693227655087,1692255390861,1692255390866,1693227655101,14,5,9
30488,1693227655101,1692255390872,1692255390878,1693227655112,11,6,5
30489,1693227655112,1692255390883,1692255390888,1693227655122,10,5,5
30490,1693227655122,1692255390894,1692255390899,1693227655133,11,5,6
30491,1693227655133,1692255390904,1692255390909,1693227655143,10,5,5
30492,1693227655143,1692255390915,1692255390920,1693227655154,11,5,6
30493,1693227655154,1692255390926,1692255390932,1693227655166,12,6,6
30494,1693227655166,1692255390937,1692255390942,1693227655176,10,5,5
30495,1693227655176,1692255390948,1692255390952,1693227655187,11,4,7
30496,1693227655187,1692255390958,1692255390963,1693227655197,10,5,5
30497,1693227655197,1692255390969,1692255390974,1693227655209,12,5,7
30498,1693227655209,1692255390980,1692255390984,1693227655219,10,4,6
30499,1693227655219,1692255390991,1692255390995,1693227655229,10,4,6
30500,1693227655230,1692255391001,1692255391006,1693227655241,11,5,6
30501,1693227655241,1692255391014,1692255391019,1693227655253,12,5,7
30502,1693227655253,1692255391024,1692255391034,1693227655269,16,10,6
30503,1693227655269,1692255391041,1692255391045,1693227655279,10,4,6
30504,1693227655279,1692255391055,1692255391060,1693227655295,16,5,11
30505,1693227655295,1692255391067,1692255391072,1693227655306,11,5,6
30506,1693227655306,1692255391078,1692255391083,1693227655317,11,5,6
30507,1693227655317,1692255391088,1692255391094,1693227655329,12,6,6
30508,1693227655329,1692255391100,1692255391105,1693227655340,11,5,6
30509,1693227655340,1692255391111,1692255391116,1693227655352,12,5,7
30510,1693227655352,1692255391126,1692255391132,1693227655366,14,6,8
30511,1693227655366,1692255391138,1692255391142,1693227655377,11,4,7
30512,1693227655377,1692255391148,1692255391154,1693227655389,12,6,6
30513,1693227655389,1692255391162,1692255391167,1693227655401,12,5,7
30514,1693227655402,1692255391173,1692255391179,1693227655413,11,6,5
30515,1693227655413,1692255391184,1692255391189,1693227655424,11,5,6
30516,1693227655424,1692255391195,1692255391201,1693227655436,12,6,6
30517,1693227655436,1692255391208,1692255391215,1693227655449,13,7,6
30518,1693227655449,1692255391220,1692255391224,1693227655459,10,4,6
30519,1693227655459,1692255391231,1692255391238,1693227655474,15,7,8
30520,1693227655474,1692255391245,1692255391250,1693227655485,11,5,6
30521,1693227655485,1692255391256,1692255391261,1693227655496,11,5,6
30522,1693227655496,1692255391268,1692255391273,1693227655508,12,5,7
30523,1693227655508,1692255391280,1692255391285,1693227655519,11,5,6
30524,1693227655519,1692255391293,1692255391298,1693227655532,13,5,8
30525,1693227655532,1692255391304,1692255391308,1693227655542,10,4,6
30526,1693227655542,1692255391313,1692255391317,1693227655551,9,4,5
30527,1693227655551,1692255391323,1692255391328,1693227655562,11,5,6
30528,1693227655562,1692255391333,1692255391337,1693227655571,9,4,5
30529,1693227655571,1692255391345,1692255391349,1693227655585,14,4,10
30530,1693227655585,1692255391356,1692255391360,1693227655594,9,4,5
30531,1693227655594,1692255391366,1692255391370,1693227655605,11,4,7
30532,1693227655605,1692255391376,1692255391381,1693227655615,10,5,5
30533,1693227655615,1692255391388,1692255391392,1693227655627,12,4,8
30534,1693227655627,1692255391399,1692255391404,1693227655638,11,5,6
30535,1693227655638,1692255391409,1692255391414,1693227655648,10,5,5
30536,1693227655648,1692255391420,1692255391426,1693227655660,12,6,6
30537,1693227655660,1692255391432,1692255391437,1693227655672,12,5,7
30538,1693227655672,1692255391444,1692255391447,1693227655681,9,3,6
30539,1693227655681,1692255391453,1692255391457,1693227655691,10,4,6
30540,1693227655691,1692255391462,1692255391467,1693227655701,10,5,5
30541,1693227655701,1692255391478,1692255391483,1693227655717,16,5,11
30542,1693227655717,1692255391488,1692255391493,1693227655728,11,5,6
30543,1693227655728,1692255391499,1692255391504,1693227655738,10,5,5
30544,1693227655738,1692255391510,1692255391514,1693227655748,10,4,6
30545,1693227655748,1692255391519,1692255391523,1693227655757,9,4,5
30546,1693227655757,1692255391530,1692255391533,1693227655768,11,3,8
30547,1693227655768,1692255391539,1692255391543,1693227655777,9,4,5
30548,1693227655777,1692255391550,1692255391554,1693227655788,11,4,7
30549,1693227655788,1692255391559,1692255391562,1693227655797,9,3,6
30550,1693227655797,1692255391568,1692255391572,1693227655806,9,4,5
30551,1693227655806,1692255391577,1692255391582,1693227655816,10,5,5
30552,1693227655816,1692255391587,1692255391591,1693227655825,9,4,5
30553,1693227655825,1692255391596,1692255391600,1693227655834,9,4,5
30554,1693227655834,1692255391605,1692255391609,1693227655843,9,4,5
30555,1693227655843,1692255391615,1692255391619,1693227655853,10,4,6
30556,1693227655853,1692255391624,1692255391631,1693227655866,13,7,6
30557,1693227655866,1692255391640,1692255391644,1693227655878,12,4,8
30558,1693227655878,1692255391649,1692255391653,1693227655887,9,4,5
30559,1693227655887,1692255391661,1692255391665,1693227655899,12,4,8
30560,1693227655899,1692255391670,1692255391674,1693227655908,9,4,5
30561,1693227655908,1692255391680,1692255391684,1693227655918,10,4,6
30562,1693227655918,1692255391689,1692255391693,1693227655927,9,4,5
30563,1693227655927,1692255391699,1692255391703,1693227655937,10,4,6
30564,1693227655937,1692255391708,1692255391712,1693227655947,10,4,6
30565,1693227655947,1692255391718,1692255391722,1693227655956,9,4,5
30566,1693227655956,1692255391727,1692255391731,1693227655965,9,4,5
30567,1693227655965,1692255391736,1692255391740,1693227655974,9,4,5
30568,1693227655974,1692255391746,1692255391749,1693227655986,12,3,9
30569,1693227655986,1692255391757,1692255391761,1693227655995,9,4,5
30570,1693227655995,1692255391766,1692255391770,1693227656004,9,4,5
30571,1693227656004,1692255391777,1692255391781,1693227656015,11,4,7
30572,1693227656015,1692255391787,1692255391791,1693227656026,11,4,7
30573,1693227656026,1692255391797,1692255391801,1693227656035,9,4,5
30574,1693227656035,1692255391806,1692255391812,1693227656046,11,6,5
30575,1693227656047,1692255391818,1692255391823,1693227656058,11,5,6
30576,1693227656058,1692255391829,1692255391834,1693227656069,11,5,6
30577,1693227656069,1692255391840,1692255391846,1693227656080,11,6,5
30578,1693227656080,1692255391852,1692255391856,1693227656090,10,4,6
30579,1693227656090,1692255391862,1692255391867,1693227656101,11,5,6
30580,1693227656101,1692255391878,1692255391885,1693227656120,19,7,12
30581,1693227656120,1692255391892,1692255391897,1693227656131,11,5,6
30582,1693227656131,1692255391903,1692255391907,1693227656141,10,4,6
30583,1693227656141,1692255391913,1692255391918,1693227656152,11,5,6
30584,1693227656152,1692255391924,1692255391929,1693227656163,11,5,6
30585,1693227656163,1692255391935,1692255391940,1693227656174,11,5,6
30586,1693227656174,1692255391945,1692255391949,1693227656183,9,4,5
30587,1693227656183,1692255391954,1692255391959,1693227656193,10,5,5
30588,1693227656193,1692255391964,1692255391968,1693227656202,9,4,5
30589,1693227656202,1692255391974,1692255391978,1693227656213,11,4,7
30590,1693227656213,1692255391984,1692255391988,1693227656222,9,4,5
30591,1693227656222,1692255391994,1692255391998,1693227656232,10,4,6
30592,1693227656232,1692255392004,1692255392008,1693227656243,11,4,7
30593,1693227656243,1692255392014,1692255392020,1693227656254,11,6,5
30594,1693227656254,1692255392026,1692255392029,1693227656264,10,3,7
30595,1693227656264,1692255392036,1692255392040,1693227656275,11,4,7
30596,1693227656275,1692255392046,1692255392050,1693227656284,9,4,5
30597,1693227656284,1692255392055,1692255392060,1693227656294,10,5,5
30598,1693227656294,1692255392066,1692255392070,1693227656304,10,4,6
30599,1693227656305,1692255392076,1692255392080,1693227656316,11,4,7
30600,1693227656316,1692255392088,1692255392092,1693227656327,11,4,7
30601,1693227656327,1692255392099,1692255392104,1693227656338,11,5,6
30602,1693227656338,1692255392110,1692255392115,1693227656349,11,5,6
30603,1693227656349,1692255392120,1692255392124,1693227656358,9,4,5
30604,1693227656358,1692255392130,1692255392134,1693227656368,10,4,6
30605,1693227656368,1692255392140,1692255392145,1693227656379,11,5,6
30606,1693227656379,1692255392150,1692255392155,1693227656389,10,5,5
30607,1693227656389,1692255392160,1692255392165,1693227656399,10,5,5
30608,1693227656399,1692255392171,1692255392175,1693227656410,11,4,7
30609,1693227656410,1692255392181,1692255392185,1693227656419,9,4,5
30610,1693227656419,1692255392191,1692255392195,1693227656429,10,4,6
30611,1693227656429,1692255392201,1692255392205,1693227656439,10,4,6
30612,1693227656439,1692255392210,1692255392214,1693227656448,9,4,5
30613,1693227656448,1692255392218,1692255392223,1693227656457,9,5,4
30614,1693227656457,1692255392229,1692255392233,1693227656467,10,4,6
30615,1693227656467,1692255392238,1692255392242,1693227656477,10,4,6
30616,1693227656477,1692255392248,1692255392252,1693227656486,9,4,5
30617,1693227656486,1692255392267,1692255392271,1693227656505,19,4,15
30618,1693227656505,1692255392276,1692255392281,1693227656515,10,5,5
30619,1693227656515,1692255392286,1692255392289,1693227656524,9,3,6
30620,1693227656524,1692255392299,1692255392302,1693227656536,12,3,9
30621,1693227656536,1692255392308,1692255392311,1693227656546,10,3,7
30622,1693227656546,1692255392318,1692255392322,1693227656556,10,4,6
30623,1693227656556,1692255392328,1692255392331,1693227656565,9,3,6
30624,1693227656565,1692255392337,1692255392341,1693227656576,11,4,7
30625,1693227656576,1692255392347,1692255392351,1693227656585,9,4,5
30626,1693227656586,1692255392357,1692255392361,1693227656595,9,4,5
30627,1693227656595,1692255392370,1692255392374,1693227656608,13,4,9
30628,1693227656608,1692255392380,1692255392384,1693227656618,10,4,6
30629,1693227656618,1692255392390,1692255392394,1693227656628,10,4,6
30630,1693227656628,1692255392400,1692255392406,1693227656641,13,6,7
30631,1693227656641,1692255392412,1692255392417,1693227656651,10,5,5
30632,1693227656651,1692255392423,1692255392427,1693227656661,10,4,6
30633,1693227656661,1692255392433,1692255392437,1693227656672,11,4,7
30634,1693227656672,1692255392444,1692255392448,1693227656683,11,4,7
30635,1693227656683,1692255392455,1692255392459,1693227656693,10,4,6
30636,1693227656693,1692255392466,1692255392470,1693227656704,11,4,7
30637,1693227656704,1692255392475,1692255392479,1693227656714,10,4,6
30638,1693227656714,1692255392485,1692255392489,1693227656724,10,4,6
30639,1693227656724,1692255392496,1692255392500,1693227656735,11,4,7
30640,1693227656735,1692255392506,1692255392511,1693227656745,10,5,5
30641,1693227656745,1692255392516,1692255392521,1693227656755,10,5,5
30642,1693227656755,1692255392526,1692255392531,1693227656765,10,5,5
30643,1693227656765,1692255392537,1692255392541,1693227656776,11,4,7
30644,1693227656776,1692255392547,1692255392551,1693227656785,9,4,5
30645,1693227656785,1692255392556,1692255392561,1693227656795,10,5,5
30646,1693227656795,1692255392567,1692255392572,1693227656806,11,5,6
30647,1693227656806,1692255392578,1692255392583,1693227656817,11,5,6
30648,1693227656817,1692255392588,1692255392593,1693227656827,10,5,5
30649,1693227656827,1692255392599,1692255392603,1693227656837,10,4,6
30650,1693227656838,1692255392609,1692255392614,1693227656848,10,5,5
30651,1693227656848,1692255392620,1692255392626,1693227656860,12,6,6
30652,1693227656860,1692255392631,1692255392637,1693227656871,11,6,5
30653,1693227656871,1692255392642,1692255392647,1693227656881,10,5,5
30654,1693227656881,1692255392653,1692255392657,1693227656892,11,4,7
30655,1693227656892,1692255392663,1692255392668,1693227656903,11,5,6
30656,1693227656903,1692255392676,1692255392680,1693227656913,10,4,6
30657,1693227656914,1692255392684,1692255392689,1693227656923,9,5,4
30658,1693227656923,1692255392695,1692255392699,1693227656933,10,4,6
30659,1693227656933,1692255392705,1692255392709,1693227656943,10,4,6
30660,1693227656943,1692255392714,1692255392718,1693227656952,9,4,5
30661,1693227656952,1692255392723,1692255392727,1693227656961,9,4,5
30662,1693227656961,1692255392733,1692255392737,1693227656971,10,4,6
30663,1693227656971,1692255392743,1692255392747,1693227656981,10,4,6
30664,1693227656981,1692255392752,1692255392756,1693227656990,9,4,5
30665,1693227656990,1692255392762,1692255392766,1693227657000,10,4,6
30666,1693227657000,1692255392771,1692255392778,1693227657012,12,7,5
30667,1693227657012,1692255392783,1692255392788,1693227657023,11,5,6
30668,1693227657023,1692255392794,1692255392798,1693227657032,9,4,5
30669,1693227657032,1692255392804,1692255392808,1693227657042,10,4,6
30670,1693227657042,1692255392814,1692255392817,1693227657051,9,3,6
30671,1693227657051,1692255392822,1692255392825,1693227657059,8,3,5
30672,1693227657059,1692255392830,1692255392834,1693227657068,9,4,5
30673,1693227657068,1692255392839,1692255392843,1693227657077,9,4,5
30674,1693227657077,1692255392848,1692255392852,1693227657086,9,4,5
30675,1693227657086,1692255392858,1692255392862,1693227657096,10,4,6
30676,1693227657096,1692255392867,1692255392871,1693227657104,8,4,4
30677,1693227657105,1692255392876,1692255392880,1693227657114,9,4,5
30678,1693227657114,1692255392893,1692255392898,1693227657132,18,5,13
30679,1693227657132,1692255392904,1692255392908,1693227657142,10,4,6
30680,1693227657143,1692255392914,1692255392918,1693227657152,9,4,5
30681,1693227657153,1692255392924,1692255392928,1693227657162,9,4,5
30682,1693227657162,1692255392933,1692255392937,1693227657171,9,4,5
30683,1693227657172,1692255392943,1692255392947,1693227657181,9,4,5
30684,1693227657181,1692255392952,1692255392959,1693227657193,12,7,5
30685,1693227657193,1692255392965,1692255392969,1693227657203,10,4,6
30686,1693227657203,1692255392974,1692255392978,1693227657214,11,4,7
30687,1693227657214,1692255392986,1692255392991,1693227657225,11,5,6
30688,1693227657225,1692255392997,1692255393002,1693227657236,11,5,6
30689,1693227657236,1692255393008,1692255393013,1693227657247,11,5,6
30690,1693227657247,1692255393021,1692255393025,1693227657260,13,4,9
30691,1693227657260,1692255393036,1692255393042,1693227657277,17,6,11
30692,1693227657277,1692255393050,1692255393054,1693227657288,11,4,7
30693,1693227657288,1692255393061,1692255393065,1693227657299,11,4,7
30694,1693227657299,1692255393070,1692255393075,1693227657309,10,5,5
30695,1693227657309,1692255393080,1692255393084,1693227657319,10,4,6
30696,1693227657319,1692255393090,1692255393095,1693227657329,10,5,5
30697,1693227657329,1692255393100,1692255393104,1693227657338,9,4,5
30698,1693227657338,1692255393110,1692255393114,1693227657348,10,4,6
30699,1693227657348,1692255393119,1692255393124,1693227657358,10,5,5
30700,1693227657358,1692255393134,1692255393138,1693227657372,14,4,10
30701,1693227657372,1692255393143,1692255393147,1693227657383,11,4,7
30702,1693227657383,1692255393156,1692255393162,1693227657397,14,6,8
30703,1693227657397,1692255393168,1692255393172,1693227657406,9,4,5
30704,1693227657406,1692255393178,1692255393182,1693227657418,12,4,8
30705,1693227657419,1692255393190,1692255393194,1693227657428,9,4,5
30706,1693227657428,1692255393200,1692255393204,1693227657439,11,4,7
30707,1693227657439,1692255393211,1692255393216,1693227657450,11,5,6
30708,1693227657450,1692255393221,1692255393225,1693227657459,9,4,5
30709,1693227657459,1692255393230,1692255393234,1693227657471,12,4,8
30710,1693227657471,1692255393242,1692255393246,1693227657481,10,4,6
30711,1693227657481,1692255393252,1692255393256,1693227657490,9,4,5
30712,1693227657490,1692255393263,1692255393267,1693227657501,11,4,7
30713,1693227657501,1692255393272,1692255393276,1693227657511,10,4,6
30714,1693227657511,1692255393282,1692255393286,1693227657521,10,4,6
30715,1693227657522,1692255393298,1692255393303,1693227657552,30,5,25
30716,1693227657552,1692255393324,1692255393329,1693227657564,12,5,7
30717,1693227657564,1692255393336,1692255393342,1693227657576,12,6,6
30718,1693227657576,1692255393348,1692255393354,1693227657589,13,6,7
30719,1693227657589,1692255393362,1692255393367,1693227657601,12,5,7
30720,1693227657601,1692255393373,1692255393378,1693227657612,11,5,6
30721,1693227657612,1692255393384,1692255393389,1693227657624,12,5,7
30722,1693227657624,1692255393396,1692255393400,1693227657634,10,4,6
30723,1693227657634,1692255393408,1692255393412,1693227657647,13,4,9
30724,1693227657647,1692255393419,1692255393423,1693227657657,10,4,6
30725,1693227657657,1692255393429,1692255393433,1693227657668,11,4,7
30726,1693227657668,1692255393439,1692255393443,1693227657677,9,4,5
30727,1693227657677,1692255393448,1692255393452,1693227657685,8,4,4
30728,1693227657686,1692255393456,1692255393461,1693227657695,9,5,4
30729,1693227657695,1692255393466,1692255393469,1693227657704,9,3,6
30730,1693227657704,1692255393475,1692255393479,1693227657713,9,4,5
30731,1693227657713,1692255393484,1692255393489,1693227657727,14,5,9
30732,1693227657727,1692255393498,1692255393502,1693227657736,9,4,5
30733,1693227657736,1692255393507,1692255393512,1693227657746,10,5,5
30734,1693227657746,1692255393518,1692255393522,1693227657756,10,4,6
30735,1693227657756,1692255393527,1692255393532,1693227657766,10,5,5
30736,1693227657766,1692255393539,1692255393544,1693227657779,13,5,8
30737,1693227657779,1692255393551,1692255393557,1693227657791,12,6,6
30738,1693227657791,1692255393562,1692255393567,1693227657801,10,5,5
30739,1693227657801,1692255393574,1692255393582,1693227657816,15,8,7
30740,1693227657816,1692255393588,1692255393591,1693227657826,10,3,7
30741,1693227657826,1692255393598,1692255393602,1693227657837,11,4,7
30742,1693227657837,1692255393608,1692255393612,1693227657846,9,4,5
30743,1693227657846,1692255393618,1692255393621,1693227657856,10,3,7
30744,1693227657856,1692255393627,1692255393631,1693227657866,10,4,6
30745,1693227657866,1692255393638,1692255393642,1693227657876,10,4,6
30746,1693227657876,1692255393647,1692255393652,1693227657886,10,5,5
30747,1693227657886,1692255393657,1692255393662,1693227657896,10,5,5
30748,1693227657896,1692255393667,1692255393672,1693227657906,10,5,5
30749,1693227657906,1692255393679,1692255393683,1693227657918,12,4,8
30750,1693227657918,1692255393689,1692255393693,1693227657928,10,4,6
30751,1693227657928,1692255393701,1692255393705,1693227657939,11,4,7
30752,1693227657939,1692255393710,1692255393715,1693227657949,10,5,5
30753,1693227657949,1692255393720,1692255393725,1693227657959,10,5,5
30754,1693227657959,1692255393731,1692255393735,1693227657970,11,4,7
30755,1693227657970,1692255393742,1692255393747,1693227657981,11,5,6
30756,1693227657981,1692255393753,1692255393758,1693227657993,12,5,7
30757,1693227657993,1692255393764,1692255393769,1693227658003,10,5,5
30758,1693227658003,1692255393775,1692255393779,1693227658014,11,4,7
30759,1693227658014,1692255393786,1692255393791,1693227658025,11,5,6
30760,1693227658025,1692255393797,1692255393803,1693227658037,12,6,6
30761,1693227658037,1692255393808,1692255393814,1693227658050,13,6,7
30762,1693227658050,1692255393822,1692255393827,1693227658061,11,5,6
30763,1693227658061,1692255393832,1692255393837,1693227658071,10,5,5
30764,1693227658071,1692255393843,1692255393847,1693227658081,10,4,6
30765,1693227658081,1692255393853,1692255393857,1693227658091,10,4,6
30766,1693227658091,1692255393862,1692255393865,1693227658100,9,3,6
30767,1693227658100,1692255393874,1692255393878,1693227658112,12,4,8
30768,1693227658112,1692255393883,1692255393887,1693227658121,9,4,5
30769,1693227658121,1692255393892,1692255393897,1693227658131,10,5,5
30770,1693227658131,1692255393904,1692255393909,1693227658143,12,5,7
30771,1693227658143,1692255393915,1692255393919,1693227658153,10,4,6
30772,1693227658153,1692255393924,1692255393928,1693227658163,10,4,6
30773,1693227658163,1692255393934,1692255393938,1693227658172,9,4,5
30774,1693227658172,1692255393943,1692255393947,1693227658182,10,4,6
30775,1693227658182,1692255393953,1692255393958,1693227658193,11,5,6
30776,1693227658193,1692255393964,1692255393970,1693227658204,11,6,5
30777,1693227658204,1692255393976,1692255393979,1693227658213,9,3,6
30778,1693227658213,1692255393985,1692255393989,1693227658223,10,4,6
30779,1693227658224,1692255393994,1692255393999,1693227658233,9,5,4
30780,1693227658233,1692255394008,1692255394013,1693227658247,14,5,9
30781,1693227658247,1692255394018,1692255394022,1693227658256,9,4,5
30782,1693227658256,1692255394027,1692255394032,1693227658266,10,5,5
30783,1693227658266,1692255394037,1692255394043,1693227658277,11,6,5
30784,1693227658277,1692255394048,1692255394052,1693227658286,9,4,5
30785,1693227658286,1692255394058,1692255394062,1693227658296,10,4,6
30786,1693227658296,1692255394066,1692255394071,1693227658305,9,5,4
30787,1693227658305,1692255394078,1692255394081,1693227658316,11,3,8
30788,1693227658316,1692255394087,1692255394091,1693227658325,9,4,5
30789,1693227658325,1692255394097,1692255394101,1693227658335,10,4,6
30790,1693227658335,1692255394106,1692255394110,1693227658344,9,4,5
30791,1693227658344,1692255394115,1692255394120,1693227658354,10,5,5
30792,1693227658354,1692255394126,1692255394130,1693227658364,10,4,6
30793,1693227658364,1692255394137,1692255394141,1693227658376,12,4,8
30794,1693227658376,1692255394148,1692255394152,1693227658386,10,4,6
30795,1693227658386,1692255394157,1692255394161,1693227658395,9,4,5
30796,1693227658395,1692255394166,1692255394170,1693227658404,9,4,5
30797,1693227658404,1692255394176,1692255394179,1693227658413,9,3,6
30798,1693227658413,1692255394184,1692255394188,1693227658425,12,4,8
30799,1693227658425,1692255394197,1692255394201,1693227658436,11,4,7
30800,1693227658436,1692255394207,1692255394212,1693227658446,10,5,5
30801,1693227658446,1692255394220,1692255394226,1693227658460,14,6,8
30802,1693227658460,1692255394232,1692255394238,1693227658472,12,6,6
30803,1693227658472,1692255394244,1692255394249,1693227658483,11,5,6
30804,1693227658483,1692255394255,1692255394261,1693227658495,12,6,6
30805,1693227658495,1692255394267,1692255394273,1693227658508,13,6,7
30806,1693227658508,1692255394279,1692255394285,1693227658519,11,6,5
30807,1693227658519,1692255394291,1692255394295,1693227658529,10,4,6
30808,1693227658529,1692255394300,1692255394306,1693227658542,13,6,7
30809,1693227658542,1692255394315,1692255394319,1693227658554,12,4,8
30810,1693227658554,1692255394325,1692255394329,1693227658563,9,4,5
30811,1693227658563,1692255394334,1692255394338,1693227658573,10,4,6
30812,1693227658573,1692255394345,1692255394351,1693227658585,12,6,6
30813,1693227658585,1692255394357,1692255394361,1693227658595,10,4,6
30814,1693227658596,1692255394367,1692255394371,1693227658605,9,4,5
30815,1693227658605,1692255394376,1692255394380,1693227658614,9,4,5
30816,1693227658614,1692255394386,1692255394390,1693227658624,10,4,6
30817,1693227658624,1692255394397,1692255394401,1693227658635,11,4,7
30818,1693227658635,1692255394407,1692255394411,1693227658645,10,4,6
30819,1693227658645,1692255394418,1692255394422,1693227658656,11,4,7
30820,1693227658656,1692255394428,1692255394431,1693227658665,9,3,6
30821,1693227658665,1692255394436,1692255394441,1693227658676,11,5,6
30822,1693227658676,1692255394447,1692255394452,1693227658687,11,5,6
30823,1693227658687,1692255394459,1692255394464,1693227658699,12,5,7
30824,1693227658699,1692255394471,1692255394476,1693227658710,11,5,6
30825,1693227658710,1692255394482,1692255394488,1693227658722,12,6,6
30826,1693227658722,1692255394495,1692255394501,1693227658735,13,6,7
30827,1693227658735,1692255394507,1692255394512,1693227658746,11,5,6
30828,1693227658746,1692255394520,1692255394525,1693227658759,13,5,8
30829,1693227658759,1692255394531,1692255394536,1693227658771,12,5,7
30830,1693227658771,1692255394544,1692255394549,1693227658783,12,5,7
30831,1693227658783,1692255394556,1692255394560,1693227658795,12,4,8
30832,1693227658795,1692255394567,1692255394572,1693227658807,12,5,7
30833,1693227658807,1692255394579,1692255394584,1693227658818,11,5,6
30834,1693227658818,1692255394590,1692255394595,1693227658829,11,5,6
30835,1693227658829,1692255394602,1692255394607,1693227658842,13,5,8
30836,1693227658842,1692255394613,1692255394618,1693227658853,11,5,6
30837,1693227658853,1692255394625,1692255394631,1693227658865,12,6,6
30838,1693227658865,1692255394637,1692255394642,1693227658876,11,5,6
30839,1693227658876,1692255394648,1692255394654,1693227658888,12,6,6
30840,1693227658888,1692255394660,1692255394665,1693227658899,11,5,6
30841,1693227658899,1692255394672,1692255394676,1693227658911,12,4,8
30842,1693227658911,1692255394683,1692255394688,1693227658922,11,5,6
30843,1693227658922,1692255394694,1692255394699,1693227658934,12,5,7
30844,1693227658934,1692255394706,1692255394712,1693227658946,12,6,6
30845,1693227658946,1692255394718,1692255394721,1693227658955,9,3,6
30846,1693227658955,1692255394727,1692255394731,1693227658966,11,4,7
30847,1693227658966,1692255394738,1692255394743,1693227658977,11,5,6
30848,1693227658977,1692255394748,1692255394752,1693227658987,10,4,6
30849,1693227658987,1692255394760,1692255394767,1693227659001,14,7,7
30850,1693227659001,1692255394773,1692255394777,1693227659011,10,4,6
30851,1693227659011,1692255394783,1692255394787,1693227659021,10,4,6
30852,1693227659021,1692255394792,1692255394797,1693227659031,10,5,5
30853,1693227659031,1692255394803,1692255394807,1693227659041,10,4,6
30854,1693227659041,1692255394812,1692255394815,1693227659050,9,3,6
30855,1693227659050,1692255394821,1692255394825,1693227659059,9,4,5
30856,1693227659059,1692255394830,1692255394834,1693227659068,9,4,5
30857,1693227659068,1692255394839,1692255394845,1693227659079,11,6,5
30858,1693227659079,1692255394850,1692255394854,1693227659088,9,4,5
30859,1693227659088,1692255394860,1692255394864,1693227659098,10,4,6
30860,1693227659098,1692255394869,1692255394873,1693227659108,10,4,6
30861,1693227659108,1692255394879,1692255394883,1693227659117,9,4,5
30862,1693227659117,1692255394889,1692255394893,1693227659128,11,4,7
30863,1693227659128,1692255394900,1692255394904,1693227659139,11,4,7
30864,1693227659139,1692255394911,1692255394916,1693227659150,11,5,6
30865,1693227659150,1692255394922,1692255394926,1693227659162,12,4,8
30866,1693227659162,1692255394934,1692255394939,1693227659173,11,5,6
30867,1693227659173,1692255394946,1692255394951,1693227659185,12,5,7
30868,1693227659185,1692255394957,1692255394961,1693227659196,11,4,7
30869,1693227659196,1692255394967,1692255394973,1693227659207,11,6,5
30870,1693227659207,1692255394979,1692255394982,1693227659216,9,3,6
30871,1693227659217,1692255394988,1692255394994,1693227659229,12,6,6
30872,1693227659229,1692255395004,1692255395009,1693227659244,15,5,10
30873,1693227659244,1692255395015,1692255395020,1693227659255,11,5,6
30874,1693227659255,1692255395027,1692255395035,1693227659269,14,8,6
30875,1693227659269,1692255395040,1692255395045,1693227659279,10,5,5
30876,1693227659279,1692255395051,1692255395055,1693227659289,10,4,6
30877,1693227659289,1692255395060,1692255395065,1693227659299,10,5,5
30878,1693227659299,1692255395070,1692255395075,1693227659309,10,5,5
30879,1693227659309,1692255395080,1692255395084,1693227659318,9,4,5
30880,1693227659318,1692255395090,1692255395095,1693227659329,11,5,6
30881,1693227659329,1692255395101,1692255395106,1693227659340,11,5,6
30882,1693227659340,1692255395112,1692255395117,1693227659352,12,5,7
30883,1693227659352,1692255395123,1692255395129,1693227659365,13,6,7
30884,1693227659365,1692255395137,1692255395142,1693227659376,11,5,6
30885,1693227659376,1692255395148,1692255395153,1693227659390,14,5,9
30886,1693227659390,1692255395162,1692255395171,1693227659405,15,9,6
30887,1693227659405,1692255395177,1692255395182,1693227659416,11,5,6
30888,1693227659416,1692255395187,1692255395192,1693227659426,10,5,5
30889,1693227659426,1692255395198,1692255395203,1693227659438,12,5,7
30890,1693227659438,1692255395210,1692255395214,1693227659449,11,4,7
30891,1693227659449,1692255395223,1692255395228,1693227659462,13,5,8
30892,1693227659462,1692255395236,1692255395241,1693227659475,13,5,8
30893,1693227659475,1692255395246,1692255395250,1693227659485,10,4,6
30894,1693227659485,1692255395256,1692255395260,1693227659494,9,4,5
30895,1693227659494,1692255395266,1692255395270,1693227659504,10,4,6
30896,1693227659504,1692255395275,1692255395279,1693227659513,9,4,5
30897,1693227659513,1692255395284,1692255395288,1693227659522,9,4,5
30898,1693227659522,1692255395294,1692255395298,1693227659532,10,4,6
30899,1693227659532,1692255395304,1692255395307,1693227659541,9,3,6
30900,1693227659541,1692255395317,1692255395322,1693227659556,15,5,10
30901,1693227659556,1692255395328,1692255395333,1693227659569,13,5,8
30902,1693227659569,1692255395342,1692255395348,1693227659583,14,6,8
30903,1693227659583,1692255395355,1692255395360,1693227659595,12,5,7
30904,1693227659595,1692255395367,1692255395371,1693227659606,11,4,7
30905,1693227659606,1692255395377,1692255395382,1693227659617,11,5,6
30906,1693227659617,1692255395389,1692255395395,1693227659629,12,6,6
30907,1693227659629,1692255395400,1692255395406,1693227659640,11,6,5
30908,1693227659640,1692255395412,1692255395418,1693227659652,12,6,6
30909,1693227659652,1692255395424,1692255395429,1693227659663,11,5,6
30910,1693227659663,1692255395435,1692255395440,1693227659676,13,5,8
30911,1693227659676,1692255395448,1692255395453,1693227659687,11,5,6
30912,1693227659687,1692255395458,1692255395462,1693227659696,9,4,5
30913,1693227659696,1692255395467,1692255395471,1693227659705,9,4,5
30914,1693227659705,1692255395476,1692255395480,1693227659715,10,4,6
30915,1693227659715,1692255395486,1692255395490,1693227659724,9,4,5
30916,1693227659724,1692255395495,1692255395499,1693227659733,9,4,5
30917,1693227659733,1692255395504,1692255395508,1693227659742,9,4,5
30918,1693227659742,1692255395514,1692255395518,1693227659752,10,4,6
30919,1693227659752,1692255395523,1692255395527,1693227659761,9,4,5
30920,1693227659761,1692255395532,1692255395536,1693227659771,10,4,6
30921,1693227659771,1692255395544,1692255395547,1693227659782,11,3,8
30922,1693227659782,1692255395553,1692255395556,1693227659790,8,3,5
30923,1693227659790,1692255395561,1692255395567,1693227659801,11,6,5
30924,1693227659801,1692255395572,1692255395576,1693227659810,9,4,5
30925,1693227659810,1692255395581,1692255395585,1693227659819,9,4,5
30926,1693227659819,1692255395590,1692255395594,1693227659828,9,4,5
30927,1693227659828,1692255395599,1692255395603,1693227659837,9,4,5
30928,1693227659837,1692255395608,1692255395611,1693227659846,9,3,6
30929,1693227659846,1692255395616,1692255395620,1693227659854,8,4,4
30930,1693227659854,1692255395625,1692255395629,1693227659863,9,4,5
30931,1693227659863,1692255395634,1692255395638,1693227659871,8,4,4
30932,1693227659871,1692255395642,1692255395646,1693227659880,9,4,5
30933,1693227659880,1692255395652,1692255395656,1693227659890,10,4,6
30934,1693227659890,1692255395661,1692255395666,1693227659900,10,5,5
30935,1693227659900,1692255395672,1692255395676,1693227659910,10,4,6
30936,1693227659910,1692255395681,1692255395685,1693227659919,9,4,5
30937,1693227659919,1692255395691,1692255395694,1693227659928,9,3,6
30938,1693227659928,1692255395699,1692255395703,1693227659938,10,4,6
30939,1693227659938,1692255395709,1692255395713,1693227659947,9,4,5
30940,1693227659947,1692255395719,1692255395723,1693227659957,10,4,6
30941,1693227659957,1692255395729,1692255395732,1693227659966,9,3,6
30942,1693227659966,1692255395737,1692255395741,1693227659975,9,4,5
30943,1693227659975,1692255395749,1692255395753,1693227659987,12,4,8
30944,1693227659987,1692255395758,1692255395762,1693227659996,9,4,5
30945,1693227659996,1692255395767,1692255395771,1693227660005,9,4,5
30946,1693227660005,1692255395777,1692255395782,1693227660016,11,5,6
30947,1693227660016,1692255395788,1692255395793,1693227660027,11,5,6
30948,1693227660027,1692255395800,1692255395804,1693227660038,11,4,7
30949,1693227660038,1692255395810,1692255395815,1693227660049,11,5,6
30950,1693227660049,1692255395820,1692255395824,1693227660058,9,4,5
30951,1693227660058,1692255395830,1692255395835,1693227660069,11,5,6
30952,1693227660069,1692255395841,1692255395845,1693227660081,12,4,8
30953,1693227660081,1692255395852,1692255395856,1693227660090,9,4,5
30954,1693227660090,1692255395861,1692255395865,1693227660100,10,4,6
30955,1693227660100,1692255395871,1692255395876,1693227660110,10,5,5
30956,1693227660110,1692255395881,1692255395886,1693227660120,10,5,5
30957,1693227660120,1692255395892,1692255395896,1693227660130,10,4,6
30958,1693227660130,1692255395901,1692255395906,1693227660141,11,5,6
30959,1693227660141,1692255395912,1692255395916,1693227660151,10,4,6
30960,1693227660151,1692255395922,1692255395928,1693227660162,11,6,5
30961,1693227660162,1692255395933,1692255395937,1693227660171,9,4,5
30962,1693227660171,1692255395943,1692255395947,1693227660185,14,4,10
30963,1693227660185,1692255395955,1692255395960,1693227660194,9,5,4
30964,1693227660194,1692255395965,1692255395968,1693227660203,9,3,6
30965,1693227660203,1692255395974,1692255395979,1693227660213,10,5,5
30966,1693227660214,1692255395985,1692255395989,1693227660223,9,4,5
30967,1693227660223,1692255395995,1692255395998,1693227660232,9,3,6
30968,1693227660232,1692255396004,1692255396009,1693227660243,11,5,6
30969,1693227660243,1692255396016,1692255396020,1693227660254,11,4,7
30970,1693227660254,1692255396026,1692255396031,1693227660265,11,5,6
30971,1693227660265,1692255396036,1692255396041,1693227660275,10,5,5
30972,1693227660275,1692255396047,1692255396051,1693227660286,11,4,7
30973,1693227660286,1692255396057,1692255396061,1693227660296,10,4,6
30974,1693227660296,1692255396067,1692255396072,1693227660306,10,5,5
30975,1693227660306,1692255396078,1692255396083,1693227660317,11,5,6
30976,1693227660317,1692255396088,1692255396093,1693227660327,10,5,5
30977,1693227660327,1692255396099,1692255396104,1693227660338,11,5,6
30978,1693227660338,1692255396109,1692255396115,1693227660349,11,6,5
30979,1693227660349,1692255396120,1692255396125,1693227660360,11,5,6
30980,1693227660360,1692255396132,1692255396136,1693227660370,10,4,6
30981,1693227660370,1692255396141,1692255396145,1693227660379,9,4,5
30982,1693227660379,1692255396151,1692255396156,1693227660390,11,5,6
30983,1693227660390,1692255396161,1692255396165,1693227660399,9,4,5
30984,1693227660399,1692255396170,1692255396175,1693227660409,10,5,5
30985,1693227660409,1692255396180,1692255396184,1693227660418,9,4,5
30986,1693227660418,1692255396189,1692255396193,1693227660428,10,4,6
30987,1693227660428,1692255396199,1692255396202,1693227660437,9,3,6
30988,1693227660437,1692255396208,1692255396212,1693227660446,9,4,5
30989,1693227660446,1692255396220,1692255396224,1693227660458,12,4,8
30990,1693227660458,1692255396230,1692255396234,1693227660468,10,4,6
30991,1693227660469,1692255396240,1692255396245,1693227660479,10,5,5
30992,1693227660479,1692255396251,1692255396255,1693227660491,12,4,8
30993,1693227660491,1692255396262,1692255396266,1693227660501,10,4,6
30994,1693227660501,1692255396272,1692255396276,1693227660511,10,4,6
30995,1693227660511,1692255396287,1692255396290,1693227660525,14,3,11
30996,1693227660525,1692255396296,1692255396300,1693227660534,9,4,5
30997,1693227660534,1692255396309,1692255396316,1693227660554,20,7,13
30998,1693227660554,1692255396325,1692255396329,1693227660563,9,4,5
30999,1693227660563,1692255396336,1692255396339,1693227660573,10,3,7
31000,1693227660573,1692255396345,1692255396350,1693227660584,11,5,6
31001,1693227660584,1692255396357,1692255396361,1693227660596,12,4,8
31002,1693227660596,1692255396367,1692255396371,1693227660605,9,4,5
31003,1693227660605,1692255396377,1692255396381,1693227660615,10,4,6
31004,1693227660615,1692255396386,1692255396390,1693227660624,9,4,5
31005,1693227660624,1692255396395,1692255396399,1693227660633,9,4,5
31006,1693227660633,1692255396405,1692255396410,1693227660644,11,5,6
31007,1693227660644,1692255396415,1692255396420,1693227660653,9,5,4
31008,1693227660653,1692255396424,1692255396429,1693227660663,10,5,5
31009,1693227660663,1692255396435,1692255396439,1693227660673,10,4,6
31010,1693227660673,1692255396444,1692255396448,1693227660682,9,4,5
31011,1693227660682,1692255396453,1692255396458,1693227660693,11,5,6
31012,1693227660693,1692255396465,1692255396472,1693227660706,13,7,6
31013,1693227660707,1692255396478,1692255396483,1693227660717,10,5,5
31014,1693227660717,1692255396492,1692255396497,1693227660731,14,5,9
31015,1693227660731,1692255396503,1692255396507,1693227660741,10,4,6
31016,1693227660741,1692255396512,1692255396516,1693227660751,10,4,6
31017,1693227660751,1692255396522,1692255396527,1693227660761,10,5,5
31018,1693227660761,1692255396532,1692255396537,1693227660771,10,5,5
31019,1693227660771,1692255396543,1692255396547,1693227660780,9,4,5
31020,1693227660780,1692255396551,1692255396555,1693227660790,10,4,6
31021,1693227660790,1692255396562,1692255396565,1693227660800,10,3,7
31022,1693227660800,1692255396571,1692255396575,1693227660809,9,4,5
31023,1693227660809,1692255396580,1692255396584,1693227660818,9,4,5
31024,1693227660818,1692255396589,1692255396593,1693227660827,9,4,5
31025,1693227660827,1692255396598,1692255396601,1693227660836,9,3,6
31026,1693227660836,1692255396607,1692255396612,1693227660846,10,5,5
31027,1693227660846,1692255396617,1692255396622,1693227660856,10,5,5
31028,1693227660856,1692255396628,1692255396632,1693227660867,11,4,7
31029,1693227660867,1692255396646,1692255396650,1693227660884,17,4,13
31030,1693227660884,1692255396656,1692255396663,1693227660897,13,7,6
31031,1693227660897,1692255396670,1692255396673,1693227660907,10,3,7
31032,1693227660907,1692255396679,1692255396685,1693227660919,12,6,6
31033,1693227660919,1692255396691,1692255396695,1693227660930,11,4,7
31034,1693227660930,1692255396701,1692255396705,1693227660939,9,4,5
31035,1693227660939,1692255396710,1692255396714,1693227660948,9,4,5
31036,1693227660948,1692255396720,1692255396723,1693227660957,9,3,6
31037,1693227660957,1692255396728,1692255396733,1693227660967,10,5,5
31038,1693227660967,1692255396740,1692255396744,1693227660978,11,4,7
31039,1693227660978,1692255396750,1692255396754,1693227660988,10,4,6
31040,1693227660988,1692255396759,1692255396762,1693227660996,8,3,5
31041,1693227660996,1692255396767,1692255396771,1693227661005,9,4,5
31042,1693227661005,1692255396777,1692255396781,1693227661015,10,4,6
31043,1693227661015,1692255396787,1692255396790,1693227661025,10,3,7
31044,1693227661025,1692255396796,1692255396800,1693227661033,8,4,4
31045,1693227661033,1692255396805,1692255396809,1693227661043,10,4,6
31046,1693227661043,1692255396814,1692255396818,1693227661053,10,4,6
31047,1693227661053,1692255396824,1692255396828,1693227661062,9,4,5
31048,1693227661062,1692255396834,1692255396839,1693227661073,11,5,6
31049,1693227661073,1692255396844,1692255396848,1693227661083,10,4,6
31050,1693227661083,1692255396854,1692255396858,1693227661092,9,4,5
31051,1693227661093,1692255396864,1692255396868,1693227661105,12,4,8
31052,1693227661105,1692255396877,1692255396881,1693227661115,10,4,6
31053,1693227661115,1692255396886,1692255396890,1693227661124,9,4,5
31054,1693227661124,1692255396895,1692255396898,1693227661133,9,3,6
31055,1693227661133,1692255396904,1692255396908,1693227661142,9,4,5
31056,1693227661142,1692255396913,1692255396917,1693227661151,9,4,5
31057,1693227661151,1692255396922,1692255396926,1693227661160,9,4,5
31058,1693227661160,1692255396931,1692255396935,1693227661169,9,4,5
31059,1693227661169,1692255396940,1692255396944,1693227661178,9,4,5
31060,1693227661178,1692255396948,1692255396952,1693227661186,8,4,4
31061,1693227661186,1692255396957,1692255396960,1693227661194,8,3,5
31062,1693227661194,1692255396965,1692255396969,1693227661203,9,4,5
31063,1693227661203,1692255396977,1692255396980,1693227661214,11,3,8
31064,1693227661214,1692255396985,1692255396988,1693227661223,9,3,6
31065,1693227661223,1692255396994,1692255396997,1693227661231,8,3,5
31066,1693227661231,1692255397003,1692255397006,1693227661240,9,3,6
31067,1693227661240,1692255397011,1692255397014,1693227661249,9,3,6
31068,1693227661249,1692255397020,1692255397023,1693227661257,8,3,5
31069,1693227661257,1692255397028,1692255397034,1693227661268,11,6,5
31070,1693227661268,1692255397039,1692255397042,1693227661277,9,3,6
31071,1693227661277,1692255397048,1692255397051,1693227661285,8,3,5
31072,1693227661285,1692255397056,1692255397061,1693227661295,10,5,5
31073,1693227661295,1692255397066,1692255397070,1693227661304,9,4,5
31074,1693227661304,1692255397075,1692255397078,1693227661312,8,3,5
31075,1693227661313,1692255397084,1692255397088,1693227661322,9,4,5
31076,1693227661323,1692255397093,1692255397097,1693227661331,8,4,4
31077,1693227661331,1692255397102,1692255397106,1693227661340,9,4,5
31078,1693227661340,1692255397112,1692255397115,1693227661350,10,3,7
31079,1693227661350,1692255397121,1692255397125,1693227661359,9,4,5
31080,1693227661359,1692255397130,1692255397134,1693227661369,10,4,6
31081,1693227661369,1692255397139,1692255397143,1693227661377,8,4,4
31082,1693227661377,1692255397148,1692255397152,1693227661386,9,4,5
31083,1693227661386,1692255397157,1692255397161,1693227661395,9,4,5
31084,1693227661395,1692255397167,1692255397170,1693227661404,9,3,6
31085,1693227661404,1692255397175,1692255397179,1693227661414,10,4,6
31086,1693227661414,1692255397185,1692255397189,1693227661423,9,4,5
31087,1693227661423,1692255397194,1692255397198,1693227661433,10,4,6
31088,1693227661433,1692255397204,1692255397208,1693227661442,9,4,5
31089,1693227661442,1692255397212,1692255397216,1693227661450,8,4,4
31090,1693227661450,1692255397221,1692255397225,1693227661459,9,4,5
31091,1693227661459,1692255397229,1692255397232,1693227661467,8,3,5
31092,1693227661467,1692255397238,1692255397241,1693227661475,8,3,5
31093,1693227661475,1692255397246,1692255397249,1693227661483,8,3,5
31094,1693227661483,1692255397254,1692255397258,1693227661492,9,4,5
31095,1693227661492,1692255397264,1692255397269,1693227661503,11,5,6
31096,1693227661503,1692255397275,1692255397279,1693227661515,12,4,8
31097,1693227661515,1692255397287,1692255397291,1693227661529,14,4,10
31098,1693227661529,1692255397299,1692255397304,1693227661538,9,5,4
31099,1693227661538,1692255397311,1692255397314,1693227661549,11,3,8
31100,1693227661549,1692255397320,1692255397324,1693227661560,11,4,7
31101,1693227661560,1692255397332,1692255397336,1693227661573,13,4,9
31102,1693227661573,1692255397344,1692255397348,1693227661582,9,4,5
31103,1693227661582,1692255397353,1692255397358,1693227661592,10,5,5
31104,1693227661592,1692255397363,1692255397367,1693227661601,9,4,5
31105,1693227661601,1692255397372,1692255397379,1693227661613,12,7,5
31106,1693227661613,1692255397386,1692255397390,1693227661624,11,4,7
31107,1693227661624,1692255397398,1692255397402,1693227661636,12,4,8
31108,1693227661636,1692255397407,1692255397411,1693227661645,9,4,5
31109,1693227661646,1692255397417,1692255397421,1693227661655,9,4,5
31110,1693227661655,1692255397426,1692255397430,1693227661664,9,4,5
31111,1693227661664,1692255397435,1692255397439,1693227661673,9,4,5
31112,1693227661673,1692255397444,1692255397448,1693227661682,9,4,5
31113,1693227661682,1692255397457,1692255397462,1693227661696,14,5,9
31114,1693227661696,1692255397467,1692255397472,1693227661706,10,5,5
31115,1693227661706,1692255397478,1692255397482,1693227661716,10,4,6
31116,1693227661716,1692255397489,1692255397494,1693227661728,12,5,7
31117,1693227661728,1692255397500,1692255397505,1693227661739,11,5,6
31118,1693227661739,1692255397510,1692255397515,1693227661750,11,5,6
31119,1693227661750,1692255397522,1692255397526,1693227661761,11,4,7
31120,1693227661761,1692255397532,1692255397536,1693227661770,9,4,5
31121,1693227661770,1692255397541,1692255397545,1693227661779,9,4,5
31122,1693227661779,1692255397550,1692255397554,1693227661787,8,4,4
31123,1693227661787,1692255397559,1692255397563,1693227661797,10,4,6
31124,1693227661797,1692255397569,1692255397574,1693227661808,11,5,6
31125,1693227661808,1692255397580,1692255397584,1693227661818,10,4,6
31126,1693227661818,1692255397592,1692255397596,1693227661832,14,4,10
31127,1693227661832,1692255397603,1692255397607,1693227661841,9,4,5
31128,1693227661841,1692255397613,1692255397617,1693227661851,10,4,6
31129,1693227661851,1692255397622,1692255397627,1693227661860,9,5,4
31130,1693227661860,1692255397633,1692255397637,1693227661871,11,4,7
31131,1693227661871,1692255397644,1692255397648,1693227661882,11,4,7
31132,1693227661882,1692255397655,1692255397659,1693227661893,11,4,7
31133,1693227661893,1692255397666,1692255397670,1693227661904,11,4,7
31134,1693227661904,1692255397675,1692255397680,1693227661914,10,5,5
31135,1693227661914,1692255397686,1692255397690,1693227661925,11,4,7
31136,1693227661925,1692255397696,1692255397700,1693227661934,9,4,5
31137,1693227661934,1692255397706,1692255397710,1693227661944,10,4,6
31138,1693227661944,1692255397716,1692255397722,1693227661956,12,6,6
31139,1693227661956,1692255397727,1692255397732,1693227661966,10,5,5
31140,1693227661966,1692255397738,1692255397742,1693227661977,11,4,7
31141,1693227661977,1692255397748,1692255397754,1693227661988,11,6,5
31142,1693227661988,1692255397761,1692255397766,1693227662000,12,5,7
31143,1693227662000,1692255397772,1692255397777,1693227662012,12,5,7
31144,1693227662012,1692255397783,1692255397788,1693227662022,10,5,5
31145,1693227662022,1692255397796,1692255397800,1693227662034,12,4,8
31146,1693227662034,1692255397806,1692255397811,1693227662045,11,5,6
31147,1693227662045,1692255397817,1692255397822,1693227662056,11,5,6
31148,1693227662056,1692255397827,1692255397831,1693227662066,10,4,6
31149,1693227662066,1692255397837,1692255397842,1693227662076,10,5,5
31150,1693227662076,1692255397847,1692255397851,1693227662085,9,4,5
31151,1693227662085,1692255397857,1692255397860,1693227662094,9,3,6
31152,1693227662095,1692255397867,1692255397872,1693227662106,11,5,6
31153,1693227662106,1692255397886,1692255397890,1693227662124,18,4,14
31154,1693227662124,1692255397895,1692255397900,1693227662134,10,5,5
31155,1693227662134,1692255397905,1692255397909,1693227662143,9,4,5
31156,1693227662143,1692255397915,1692255397919,1693227662153,10,4,6
31157,1693227662153,1692255397925,1692255397929,1693227662163,10,4,6
31158,1693227662163,1692255397939,1692255397943,1693227662178,15,4,11
31159,1693227662178,1692255397949,1692255397953,1693227662187,9,4,5
31160,1693227662187,1692255397959,1692255397962,1693227662196,9,3,6
31161,1693227662196,1692255397968,1692255397971,1693227662205,9,3,6
31162,1693227662205,1692255397977,1692255397980,1693227662214,9,3,6
31163,1693227662214,1692255397985,1692255397988,1693227662222,8,3,5
31164,1693227662222,1692255397993,1692255397997,1693227662232,10,4,6
31165,1693227662232,1692255398003,1692255398007,1693227662241,9,4,5
31166,1693227662241,1692255398012,1692255398016,1693227662250,9,4,5
31167,1693227662250,1692255398021,1692255398025,1693227662259,9,4,5
31168,1693227662259,1692255398030,1692255398034,1693227662268,9,4,5
31169,1693227662268,1692255398040,1692255398044,1693227662278,10,4,6
31170,1693227662278,1692255398050,1692255398054,1693227662288,10,4,6
31171,1693227662288,1692255398060,1692255398064,1693227662298,10,4,6
31172,1693227662298,1692255398071,1692255398076,1693227662311,13,5,8
31173,1693227662311,1692255398082,1692255398087,1693227662321,10,5,5
31174,1693227662321,1692255398092,1692255398096,1693227662330,9,4,5
31175,1693227662330,1692255398104,1692255398107,1693227662341,11,3,8
31176,1693227662341,1692255398112,1692255398117,1693227662351,10,5,5
31177,1693227662351,1692255398122,1692255398127,1693227662360,9,5,4
31178,1693227662360,1692255398131,1692255398137,1693227662371,11,6,5
31179,1693227662371,1692255398143,1692255398147,1693227662381,10,4,6
31180,1693227662381,1692255398152,1692255398157,1693227662391,10,5,5
31181,1693227662391,1692255398162,1692255398166,1693227662400,9,4,5
31182,1693227662400,1692255398172,1692255398177,1693227662411,11,5,6
31183,1693227662411,1692255398183,1692255398187,1693227662421,10,4,6
31184,1693227662421,1692255398195,1692255398199,1693227662433,12,4,8
31185,1693227662433,1692255398206,1692255398211,1693227662445,12,5,7
31186,1693227662445,1692255398216,1692255398221,1693227662455,10,5,5
31187,1693227662455,1692255398227,1692255398231,1693227662465,10,4,6
31188,1693227662465,1692255398236,1692255398240,1693227662475,10,4,6
31189,1693227662475,1692255398246,1692255398250,1693227662484,9,4,5
31190,1693227662484,1692255398255,1692255398259,1693227662493,9,4,5
31191,1693227662493,1692255398264,1692255398269,1693227662502,9,5,4
31192,1693227662502,1692255398276,1692255398281,1693227662515,13,5,8
31193,1693227662515,1692255398287,1692255398291,1693227662525,10,4,6
31194,1693227662525,1692255398296,1692255398299,1693227662533,8,3,5
31195,1693227662533,1692255398304,1692255398308,1693227662542,9,4,5
31196,1693227662542,1692255398313,1692255398317,1693227662551,9,4,5
31197,1693227662551,1692255398323,1692255398327,1693227662565,14,4,10
31198,1693227662565,1692255398336,1692255398340,1693227662574,9,4,5
31199,1693227662574,1692255398345,1692255398349,1693227662583,9,4,5
31200,1693227662583,1692255398355,1692255398359,1693227662593,10,4,6
31201,1693227662593,1692255398365,1692255398368,1693227662602,9,3,6
31202,1693227662602,1692255398374,1692255398379,1693227662613,11,5,6
31203,1693227662613,1692255398384,1692255398391,1693227662625,12,7,5
31204,1693227662625,1692255398396,1692255398400,1693227662634,9,4,5
31205,1693227662634,1692255398406,1692255398410,1693227662644,10,4,6
31206,1693227662644,1692255398415,1692255398419,1693227662653,9,4,5
31207,1693227662653,1692255398425,1692255398432,1693227662666,13,7,6
31208,1693227662666,1692255398438,1692255398442,1693227662677,11,4,7
31209,1693227662677,1692255398449,1692255398453,1693227662687,10,4,6
31210,1693227662687,1692255398459,1692255398465,1693227662699,12,6,6
31211,1693227662699,1692255398474,1692255398478,1693227662713,14,4,10
31212,1693227662713,1692255398485,1692255398490,1693227662724,11,5,6
31213,1693227662724,1692255398496,1692255398502,1693227662736,12,6,6
31214,1693227662736,1692255398507,1692255398514,1693227662748,12,7,5
31215,1693227662748,1692255398525,1692255398530,1693227662764,16,5,11
31216,1693227662764,1692255398536,1692255398541,1693227662775,11,5,6
31217,1693227662775,1692255398547,1692255398551,1693227662786,11,4,7
31218,1693227662786,1692255398560,1692255398565,1693227662799,13,5,8
31219,1693227662800,1692255398571,1692255398577,1693227662811,11,6,5
31220,1693227662811,1692255398582,1692255398587,1693227662821,10,5,5
31221,1693227662821,1692255398593,1692255398597,1693227662832,11,4,7
31222,1693227662832,1692255398607,1692255398613,1693227662847,15,6,9
31223,1693227662847,1692255398619,1692255398624,1693227662858,11,5,6
31224,1693227662858,1692255398630,1692255398634,1693227662869,11,4,7
31225,1693227662869,1692255398640,1692255398646,1693227662881,12,6,6
31226,1693227662881,1692255398654,1692255398659,1693227662894,13,5,8
31227,1693227662894,1692255398665,1692255398670,1693227662906,12,5,7
31228,1693227662906,1692255398677,1692255398682,1693227662916,10,5,5
31229,1693227662916,1692255398688,1692255398693,1693227662927,11,5,6
31230,1693227662928,1692255398699,1692255398704,1693227662938,10,5,5
31231,1693227662938,1692255398710,1692255398714,1693227662949,11,4,7
31232,1693227662949,1692255398721,1692255398724,1693227662959,10,3,7
31233,1693227662959,1692255398730,1692255398735,1693227662969,10,5,5
31234,1693227662969,1692255398740,1692255398744,1693227662978,9,4,5
31235,1693227662978,1692255398749,1692255398752,1693227662986,8,3,5
31236,1693227662986,1692255398757,1692255398761,1693227662994,8,4,4
31237,1693227662994,1692255398766,1692255398769,1693227663003,9,3,6
31238,1693227663003,1692255398774,1692255398778,1693227663012,9,4,5
31239,1693227663012,1692255398784,1692255398788,1693227663022,10,4,6
31240,1693227663022,1692255398794,1692255398798,1693227663033,11,4,7
31241,1693227663033,1692255398804,1692255398808,1693227663042,9,4,5
31242,1693227663042,1692255398814,1692255398817,1693227663052,10,3,7
31243,1693227663052,1692255398823,1692255398827,1693227663061,9,4,5
31244,1693227663061,1692255398833,1692255398837,1693227663071,10,4,6
31245,1693227663071,1692255398851,1692255398855,1693227663089,18,4,14
31246,1693227663089,1692255398861,1692255398865,1693227663099,10,4,6
31247,1693227663099,1692255398871,1692255398875,1693227663109,10,4,6
31248,1693227663109,1692255398881,1692255398885,1693227663120,11,4,7
31249,1693227663120,1692255398891,1692255398896,1693227663130,10,5,5
31250,1693227663130,1692255398901,1692255398906,1693227663140,10,5,5
31251,1693227663140,1692255398914,1692255398921,1693227663155,15,7,8
31252,1693227663155,1692255398927,1692255398931,1693227663166,11,4,7
31253,1693227663166,1692255398938,1692255398942,1693227663176,10,4,6
31254,1693227663176,1692255398950,1692255398955,1693227663189,13,5,8
31255,1693227663189,1692255398960,1692255398965,1693227663199,10,5,5
31256,1693227663199,1692255398971,1692255398975,1693227663210,11,4,7
31257,1693227663210,1692255398982,1692255398985,1693227663220,10,3,7
31258,1693227663220,1692255398992,1692255398997,1693227663232,12,5,7
31259,1693227663232,1692255399003,1692255399007,1693227663241,9,4,5
31260,1693227663241,1692255399014,1692255399018,1693227663252,11,4,7
31261,1693227663252,1692255399026,1692255399029,1693227663264,12,3,9
31262,1693227663264,1692255399037,1692255399041,1693227663276,12,4,8
31263,1693227663276,1692255399047,1692255399051,1693227663285,9,4,5
31264,1693227663285,1692255399056,1692255399061,1693227663295,10,5,5
31265,1693227663295,1692255399066,1692255399073,1693227663307,12,7,5
31266,1693227663307,1692255399078,1692255399082,1693227663316,9,4,5
31267,1693227663316,1692255399087,1692255399090,1693227663324,8,3,5
31268,1693227663324,1692255399094,1692255399097,1693227663331,7,3,4
31269,1693227663332,1692255399103,1692255399106,1693227663340,8,3,5
31270,1693227663340,1692255399112,1692255399116,1693227663350,10,4,6
31271,1693227663350,1692255399121,1692255399125,1693227663359,9,4,5
31272,1693227663359,1692255399129,1692255399133,1693227663367,8,4,4
31273,1693227663367,1692255399139,1692255399142,1693227663376,9,3,6
31274,1693227663376,1692255399148,1692255399152,1693227663386,10,4,6
31275,1693227663386,1692255399158,1692255399162,1693227663398,12,4,8
31276,1693227663398,1692255399169,1692255399172,1693227663407,9,3,6
31277,1693227663407,1692255399183,1692255399187,1693227663421,14,4,10
31278,1693227663421,1692255399193,1692255399197,1693227663431,10,4,6
31279,1693227663431,1692255399202,1692255399206,1693227663440,9,4,5
31280,1693227663440,1692255399212,1692255399215,1693227663449,9,3,6
31281,1693227663450,1692255399221,1692255399226,1693227663460,10,5,5
31282,1693227663461,1692255399231,1692255399235,1693227663469,8,4,4
31283,1693227663469,1692255399241,1692255399245,1693227663479,10,4,6
31284,1693227663479,1692255399255,1692255399259,1693227663493,14,4,10
31285,1693227663493,1692255399264,1692255399268,1693227663502,9,4,5
31286,1693227663502,1692255399274,1692255399278,1693227663512,10,4,6
31287,1693227663512,1692255399283,1692255399289,1693227663523,11,6,5
31288,1693227663523,1692255399295,1692255399299,1693227663534,11,4,7
31289,1693227663534,1692255399306,1692255399311,1693227663546,12,5,7
31290,1693227663546,1692255399323,1692255399328,1693227663563,17,5,12
31291,1693227663563,1692255399334,1692255399339,1693227663573,10,5,5
31292,1693227663573,1692255399344,1692255399348,1693227663583,10,4,6
31293,1693227663583,1692255399354,1692255399359,1693227663593,10,5,5
31294,1693227663593,1692255399365,1692255399368,1693227663603,10,3,7
31295,1693227663603,1692255399374,1692255399378,1693227663612,9,4,5
31296,1693227663612,1692255399383,1692255399387,1693227663621,9,4,5
31297,1693227663621,1692255399392,1692255399397,1693227663631,10,5,5
31298,1693227663631,1692255399402,1692255399406,1693227663640,9,4,5
31299,1693227663640,1692255399413,1692255399416,1693227663651,11,3,8
31300,1693227663651,1692255399422,1692255399426,1693227663660,9,4,5
31301,1693227663660,1692255399431,1692255399435,1693227663669,9,4,5
31302,1693227663669,1692255399440,1692255399444,1693227663678,9,4,5
31303,1693227663678,1692255399450,1692255399454,1693227663688,10,4,6
31304,1693227663688,1692255399459,1692255399463,1693227663697,9,4,5
31305,1693227663697,1692255399468,1692255399472,1693227663706,9,4,5
31306,1693227663707,1692255399478,1692255399482,1693227663716,9,4,5
31307,1693227663716,1692255399487,1692255399492,1693227663726,10,5,5
31308,1693227663726,1692255399497,1692255399501,1693227663735,9,4,5
31309,1693227663735,1692255399506,1692255399510,1693227663743,8,4,4
31310,1693227663743,1692255399514,1692255399518,1693227663752,9,4,5
31311,1693227663752,1692255399523,1692255399527,1693227663761,9,4,5
31312,1693227663761,1692255399532,1692255399537,1693227663771,10,5,5
31313,1693227663771,1692255399543,1692255399547,1693227663781,10,4,6
31314,1693227663781,1692255399552,1692255399556,1693227663790,9,4,5
31315,1693227663790,1692255399561,1692255399566,1693227663800,10,5,5
31316,1693227663800,1692255399571,1692255399575,1693227663809,9,4,5
31317,1693227663809,1692255399581,1692255399584,1693227663818,9,3,6
31318,1693227663818,1692255399589,1692255399593,1693227663827,9,4,5
31319,1693227663827,1692255399598,1692255399602,1693227663836,9,4,5
31320,1693227663836,1692255399608,1692255399612,1693227663846,10,4,6
31321,1693227663846,1692255399618,1692255399623,1693227663857,11,5,6
31322,1693227663857,1692255399629,1692255399633,1693227663870,13,4,9
31323,1693227663870,1692255399641,1692255399645,1693227663880,10,4,6
31324,1693227663880,1692255399653,1692255399660,1693227663895,15,7,8
31325,1693227663895,1692255399666,1692255399670,1693227663904,9,4,5
31326,1693227663904,1692255399676,1692255399680,1693227663914,10,4,6
31327,1693227663914,1692255399685,1692255399689,1693227663923,9,4,5
31328,1693227663923,1692255399695,1692255399699,1693227663933,10,4,6
31329,1693227663933,1692255399704,1692255399708,1693227663943,10,4,6
31330,1693227663943,1692255399715,1692255399719,1693227663953,10,4,6
31331,1693227663953,1692255399729,1692255399734,1693227663968,15,5,10
31332,1693227663968,1692255399742,1692255399746,1693227663980,12,4,8
31333,1693227663980,1692255399751,1692255399755,1693227663989,9,4,5
31334,1693227663989,1692255399762,1692255399766,1693227664000,11,4,7
31335,1693227664000,1692255399771,1692255399776,1693227664010,10,5,5
31336,1693227664010,1692255399781,1692255399786,1693227664020,10,5,5
31337,1693227664020,1692255399790,1692255399794,1693227664028,8,4,4
31338,1693227664028,1692255399798,1692255399801,1693227664036,8,3,5
31339,1693227664036,1692255399807,1692255399811,1693227664045,9,4,5
31340,1693227664045,1692255399816,1692255399820,1693227664054,9,4,5
31341,1693227664054,1692255399825,1692255399829,1693227664063,9,4,5
31342,1693227664063,1692255399833,1692255399837,1693227664071,8,4,4
31343,1693227664071,1692255399844,1692255399848,1693227664082,11,4,7
31344,1693227664082,1692255399853,1692255399856,1693227664090,8,3,5
31345,1693227664090,1692255399862,1692255399866,1693227664100,10,4,6
31346,1693227664100,1692255399871,1692255399874,1693227664108,8,3,5
31347,1693227664108,1692255399880,1692255399883,1693227664117,9,3,6
31348,1693227664117,1692255399888,1692255399892,1693227664127,10,4,6
31349,1693227664127,1692255399898,1692255399902,1693227664136,9,4,5
31350,1693227664136,1692255399908,1692255399912,1693227664146,10,4,6
31351,1693227664146,1692255399917,1692255399921,1693227664156,10,4,6
31352,1693227664156,1692255399927,1692255399931,1693227664166,10,4,6
31353,1693227664166,1692255399937,1692255399941,1693227664178,12,4,8
31354,1693227664178,1692255399950,1692255399955,1693227664188,10,5,5
31355,1693227664188,1692255399960,1692255399965,1693227664199,11,5,6
31356,1693227664199,1692255399969,1692255399973,1693227664207,8,4,4
31357,1693227664207,1692255399979,1692255399982,1693227664216,9,3,6
31358,1693227664216,1692255399988,1692255399992,1693227664226,10,4,6
31359,1693227664226,1692255399996,1692255400000,1693227664234,8,4,4
31360,1693227664234,1692255400006,1692255400011,1693227664247,13,5,8
31361,1693227664247,1692255400021,1692255400029,1693227664263,16,8,8
31362,1693227664263,1692255400039,1692255400044,1693227664281,18,5,13
31363,1693227664281,1692255400052,1692255400058,1693227664292,11,6,5
31364,1693227664292,1692255400064,1692255400069,1693227664304,12,5,7
31365,1693227664304,1692255400076,1692255400081,1693227664315,11,5,6
31366,1693227664315,1692255400087,1692255400092,1693227664326,11,5,6
31367,1693227664326,1692255400097,1692255400102,1693227664336,10,5,5
31368,1693227664336,1692255400108,1692255400112,1693227664346,10,4,6
31369,1693227664346,1692255400119,1692255400124,1693227664358,12,5,7
31370,1693227664358,1692255400132,1692255400136,1693227664371,13,4,9
31371,1693227664371,1692255400142,1692255400146,1693227664382,11,4,7
31372,1693227664382,1692255400153,1692255400157,1693227664391,9,4,5
31373,1693227664391,1692255400164,1692255400168,1693227664402,11,4,7
31374,1693227664402,1692255400175,1692255400179,1693227664413,11,4,7
31375,1693227664413,1692255400186,1692255400190,1693227664424,11,4,7
31376,1693227664424,1692255400196,1692255400201,1693227664435,11,5,6
31377,1693227664435,1692255400206,1692255400210,1693227664444,9,4,5
31378,1693227664444,1692255400215,1692255400219,1693227664453,9,4,5
31379,1693227664453,1692255400224,1692255400228,1693227664462,9,4,5
31380,1693227664462,1692255400233,1692255400237,1693227664472,10,4,6
31381,1693227664472,1692255400243,1692255400248,1693227664484,12,5,7
31382,1693227664484,1692255400255,1692255400260,1693227664494,10,5,5
31383,1693227664494,1692255400265,1692255400270,1693227664504,10,5,5
31384,1693227664504,1692255400276,1692255400280,1693227664515,11,4,7
31385,1693227664515,1692255400286,1692255400290,1693227664524,9,4,5
31386,1693227664524,1692255400295,1692255400300,1693227664534,10,5,5
31387,1693227664534,1692255400306,1692255400310,1693227664544,10,4,6
31388,1693227664544,1692255400316,1692255400319,1693227664553,9,3,6
31389,1693227664553,1692255400325,1692255400329,1693227664563,10,4,6
31390,1693227664563,1692255400334,1692255400338,1693227664573,10,4,6
31391,1693227664573,1692255400348,1692255400352,1693227664587,14,4,10
31392,1693227664587,1692255400359,1692255400363,1693227664597,10,4,6
31393,1693227664597,1692255400369,1692255400373,1693227664607,10,4,6
31394,1693227664607,1692255400378,1692255400382,1693227664616,9,4,5
31395,1693227664616,1692255400392,1692255400396,1693227664630,14,4,10
31396,1693227664630,1692255400402,1692255400406,1693227664640,10,4,6
31397,1693227664640,1692255400412,1692255400416,1693227664650,10,4,6
31398,1693227664650,1692255400421,1692255400427,1693227664661,11,6,5
31399,1693227664661,1692255400432,1692255400436,1693227664671,10,4,6
31400,1693227664671,1692255400442,1692255400447,1693227664681,10,5,5
31401,1693227664681,1692255400452,1692255400457,1693227664691,10,5,5
31402,1693227664691,1692255400462,1692255400466,1693227664701,10,4,6
31403,1693227664701,1692255400472,1692255400477,1693227664711,10,5,5
31404,1693227664711,1692255400483,1692255400487,1693227664721,10,4,6
31405,1693227664721,1692255400492,1692255400496,1693227664730,9,4,5
31406,1693227664730,1692255400501,1692255400505,1693227664739,9,4,5
31407,1693227664739,1692255400511,1692255400516,1693227664750,11,5,6
31408,1693227664750,1692255400522,1692255400527,1693227664761,11,5,6
31409,1693227664762,1692255400534,1692255400538,1693227664772,10,4,6
31410,1693227664772,1692255400543,1692255400548,1693227664782,10,5,5
31411,1693227664782,1692255400553,1692255400558,1693227664792,10,5,5
31412,1693227664792,1692255400564,1692255400569,1693227664803,11,5,6
31413,1693227664803,1692255400574,1692255400579,1693227664813,10,5,5
31414,1693227664813,1692255400585,1692255400589,1693227664823,10,4,6
31415,1693227664823,1692255400594,1692255400598,1693227664833,10,4,6
31416,1693227664833,1692255400604,1692255400608,1693227664843,10,4,6
31417,1693227664843,1692255400614,1692255400618,1693227664852,9,4,5
31418,1693227664852,1692255400623,1692255400627,1693227664861,9,4,5
31419,1693227664861,1692255400632,1692255400636,1693227664871,10,4,6
31420,1693227664871,1692255400642,1692255400646,1693227664880,9,4,5
31421,1693227664880,1692255400651,1692255400656,1693227664890,10,5,5
31422,1693227664890,1692255400664,1692255400667,1693227664901,11,3,8
31423,1693227664901,1692255400673,1692255400677,1693227664911,10,4,6
31424,1693227664911,1692255400682,1692255400686,1693227664921,10,4,6
31425,1693227664921,1692255400692,1692255400696,1693227664931,10,4,6
31426,1693227664931,1692255400702,1692255400707,1693227664941,10,5,5
31427,1693227664941,1692255400712,1692255400716,1693227664951,10,4,6
31428,1693227664951,1692255400722,1692255400726,1693227664961,10,4,6
31429,1693227664961,1692255400733,1692255400741,1693227664974,13,8,5
31430,1693227664974,1692255400745,1692255400749,1693227664983,9,4,5
31431,1693227664983,1692255400754,1692255400759,1693227664993,10,5,5
31432,1693227664993,1692255400767,1692255400771,1693227665005,12,4,8
31433,1693227665005,1692255400776,1692255400780,1693227665014,9,4,5
31434,1693227665014,1692255400785,1692255400791,1693227665025,11,6,5
31435,1693227665025,1692255400796,1692255400801,1693227665035,10,5,5
31436,1693227665035,1692255400807,1692255400811,1693227665045,10,4,6
31437,1693227665045,1692255400816,1692255400820,1693227665054,9,4,5
31438,1693227665054,1692255400825,1692255400830,1693227665064,10,5,5
31439,1693227665064,1692255400836,1692255400840,1693227665074,10,4,6
31440,1693227665074,1692255400846,1692255400850,1693227665084,10,4,6
31441,1693227665084,1692255400856,1692255400860,1693227665094,10,4,6
31442,1693227665094,1692255400868,1692255400872,1693227665106,12,4,8
31443,1693227665106,1692255400878,1692255400882,1693227665116,10,4,6
31444,1693227665116,1692255400888,1692255400892,1693227665126,10,4,6
31445,1693227665126,1692255400898,1692255400902,1693227665136,10,4,6
31446,1693227665136,1692255400908,1692255400912,1693227665146,10,4,6
31447,1693227665146,1692255400918,1692255400922,1693227665156,10,4,6
31448,1693227665156,1692255400927,1692255400931,1693227665166,10,4,6
31449,1693227665166,1692255400937,1692255400941,1693227665175,9,4,5
31450,1693227665175,1692255400946,1692255400950,1693227665185,10,4,6
31451,1693227665185,1692255400956,1692255400960,1693227665194,9,4,5
31452,1693227665194,1692255400965,1692255400970,1693227665204,10,5,5
31453,1693227665204,1692255400976,1692255400979,1693227665214,10,3,7
31454,1693227665214,1692255400985,1692255400988,1693227665222,8,3,5
31455,1693227665222,1692255400993,1692255400997,1693227665231,9,4,5
31456,1693227665231,1692255401002,1692255401006,1693227665240,9,4,5
31457,1693227665240,1692255401016,1692255401020,1693227665254,14,4,10
31458,1693227665254,1692255401025,1692255401029,1693227665263,9,4,5
31459,1693227665263,1692255401034,1692255401037,1693227665271,8,3,5
31460,1693227665271,1692255401042,1692255401046,1693227665280,9,4,5
31461,1693227665280,1692255401050,1692255401053,1693227665287,7,3,4
31462,1693227665287,1692255401058,1692255401062,1693227665296,9,4,5
31463,1693227665296,1692255401067,1692255401071,1693227665305,9,4,5
31464,1693227665305,1692255401076,1692255401080,1693227665314,9,4,5
31465,1693227665314,1692255401085,1692255401088,1693227665323,9,3,6
31466,1693227665323,1692255401094,1692255401097,1693227665331,8,3,5
31467,1693227665331,1692255401103,1692255401106,1693227665340,9,3,6
31468,1693227665340,1692255401111,1692255401114,1693227665348,8,3,5
31469,1693227665348,1692255401119,1692255401123,1693227665357,9,4,5
31470,1693227665357,1692255401128,1692255401132,1693227665367,10,4,6
31471,1693227665367,1692255401139,1692255401144,1693227665378,11,5,6
31472,1693227665378,1692255401149,1692255401152,1693227665386,8,3,5
31473,1693227665386,1692255401158,1692255401161,1693227665395,9,3,6
31474,1693227665395,1692255401166,1692255401171,1693227665406,11,5,6
31475,1693227665406,1692255401178,1692255401182,1693227665416,10,4,6
31476,1693227665416,1692255401188,1692255401192,1693227665426,10,4,6
31477,1693227665426,1692255401198,1692255401205,1693227665439,13,7,6
31478,1693227665439,1692255401211,1692255401216,1693227665451,12,5,7
31479,1693227665451,1692255401222,1692255401226,1693227665460,9,4,5
31480,1693227665460,1692255401231,1692255401235,1693227665469,9,4,5
31481,1693227665469,1692255401241,1692255401244,1693227665478,9,3,6
31482,1693227665478,1692255401248,1692255401252,1693227665487,9,4,5
31483,1693227665487,1692255401260,1692255401263,1693227665497,10,3,7
31484,1693227665497,1692255401268,1692255401271,1693227665505,8,3,5
31485,1693227665505,1692255401278,1692255401282,1693227665516,11,4,7
31486,1693227665516,1692255401287,1692255401292,1693227665526,10,5,5
31487,1693227665526,1692255401298,1692255401301,1693227665535,9,3,6
31488,1693227665535,1692255401306,1692255401310,1693227665544,9,4,5
31489,1693227665544,1692255401314,1692255401319,1693227665553,9,5,4
31490,1693227665553,1692255401324,1692255401328,1693227665562,9,4,5
31491,1693227665562,1692255401335,1692255401339,1693227665576,14,4,10
31492,1693227665576,1692255401353,1692255401356,1693227665590,14,3,11
31493,1693227665590,1692255401361,1692255401365,1693227665600,10,4,6
31494,1693227665600,1692255401371,1692255401374,1693227665611,11,3,8
31495,1693227665611,1692255401382,1692255401386,1693227665620,9,4,5
31496,1693227665620,1692255401391,1692255401394,1693227665628,8,3,5
31497,1693227665628,1692255401398,1692255401402,1693227665636,8,4,4
31498,1693227665636,1692255401422,1692255401426,1693227665660,24,4,20
31499,1693227665660,1692255401438,1692255401441,1693227665676,16,3,13
31500,1693227665676,1692255401447,1692255401450,1693227665685,9,3,6
31501,1693227665685,1692255401458,1692255401462,1693227665696,11,4,7
31502,1693227665696,1692255401467,1692255401471,1693227665705,9,4,5
31503,1693227665705,1692255401477,1692255401481,1693227665715,10,4,6
31504,1693227665715,1692255401487,1692255401491,1693227665725,10,4,6
31505,1693227665725,1692255401496,1692255401500,1693227665734,9,4,5
31506,1693227665734,1692255401506,1692255401510,1693227665744,10,4,6
31507,1693227665744,1692255401515,1692255401521,1693227665755,11,6,5
31508,1693227665755,1692255401526,1692255401530,1693227665764,9,4,5
31509,1693227665764,1692255401536,1692255401540,1693227665774,10,4,6
31510,1693227665774,1692255401546,1692255401549,1693227665784,10,3,7
31511,1693227665784,1692255401556,1692255401561,1693227665796,12,5,7
31512,1693227665796,1692255401567,1692255401571,1693227665806,10,4,6
31513,1693227665806,1692255401578,1692255401582,1693227665817,11,4,7
31514,1693227665817,1692255401588,1692255401592,1693227665826,9,4,5
31515,1693227665826,1692255401597,1692255401601,1693227665835,9,4,5
31516,1693227665835,1692255401607,1692255401611,1693227665844,9,4,5
31517,1693227665845,1692255401616,1692255401619,1693227665853,8,3,5
31518,1693227665853,1692255401624,1692255401628,1693227665862,9,4,5
31519,1693227665862,1692255401634,1692255401638,1693227665872,10,4,6
31520,1693227665872,1692255401644,1692255401648,1693227665882,10,4,6
31521,1693227665882,1692255401653,1692255401657,1693227665891,9,4,5
31522,1693227665891,1692255401662,1692255401666,1693227665900,9,4,5
31523,1693227665900,1692255401672,1692255401675,1693227665909,9,3,6
31524,1693227665909,1692255401680,1692255401684,1693227665918,9,4,5
31525,1693227665918,1692255401690,1692255401694,1693227665928,10,4,6
31526,1693227665928,1692255401699,1692255401703,1693227665937,9,4,5
31527,1693227665937,1692255401708,1692255401712,1693227665947,10,4,6
31528,1693227665947,1692255401718,1692255401722,1693227665956,9,4,5
31529,1693227665956,1692255401727,1692255401731,1693227665965,9,4,5
31530,1693227665965,1692255401736,1692255401740,1693227665974,9,4,5
31531,1693227665974,1692255401745,1692255401750,1693227665984,10,5,5
31532,1693227665984,1692255401755,1692255401759,1693227665993,9,4,5
31533,1693227665993,1692255401765,1692255401769,1693227666003,10,4,6
31534,1693227666003,1692255401775,1692255401779,1693227666013,10,4,6
31535,1693227666013,1692255401784,1692255401788,1693227666022,9,4,5
31536,1693227666022,1692255401793,1692255401797,1693227666032,10,4,6
31537,1693227666032,1692255401803,1692255401807,1693227666041,9,4,5
31538,1693227666041,1692255401813,1692255401817,1693227666051,10,4,6
31539,1693227666051,1692255401823,1692255401827,1693227666061,10,4,6
31540,1693227666061,1692255401833,1692255401837,1693227666071,10,4,6
31541,1693227666071,1692255401843,1692255401847,1693227666081,10,4,6
31542,1693227666081,1692255401853,1692255401857,1693227666091,10,4,6
31543,1693227666091,1692255401864,1692255401870,1693227666104,13,6,7
31544,1693227666104,1692255401876,1692255401880,1693227666114,10,4,6
31545,1693227666114,1692255401885,1692255401888,1693227666123,9,3,6
31546,1693227666123,1692255401894,1692255401897,1693227666131,8,3,5
31547,1693227666131,1692255401902,1692255401906,1693227666140,9,4,5
31548,1693227666140,1692255401912,1692255401916,1693227666150,10,4,6
31549,1693227666150,1692255401922,1692255401925,1693227666159,9,3,6
31550,1693227666159,1692255401930,1692255401940,1693227666174,15,10,5
31551,1693227666174,1692255401945,1692255401950,1693227666184,10,5,5
31552,1693227666184,1692255401957,1692255401962,1693227666196,12,5,7
31553,1693227666196,1692255401967,1692255401971,1693227666204,8,4,4
31554,1693227666204,1692255401975,1692255401979,1693227666214,10,4,6
31555,1693227666214,1692255401985,1692255401990,1693227666225,11,5,6
31556,1693227666225,1692255401996,1692255402000,1693227666234,9,4,5
31557,1693227666234,1692255402006,1692255402010,1693227666244,10,4,6
31558,1693227666244,1692255402015,1692255402019,1693227666253,9,4,5
31559,1693227666253,1692255402024,1692255402029,1693227666265,12,5,7
31560,1693227666265,1692255402036,1692255402040,1693227666274,9,4,5
31561,1693227666274,1692255402046,1692255402049,1693227666283,9,3,6
31562,1693227666283,1692255402054,1692255402057,1693227666291,8,3,5
31563,1693227666291,1692255402062,1692255402066,1693227666301,10,4,6
31564,1693227666301,1692255402072,1692255402075,1693227666309,8,3,5
31565,1693227666309,1692255402081,1692255402084,1693227666318,9,3,6
31566,1693227666318,1692255402089,1692255402093,1693227666329,11,4,7
31567,1693227666329,1692255402099,1692255402103,1693227666337,8,4,4
31568,1693227666337,1692255402108,1692255402112,1693227666346,9,4,5
31569,1693227666346,1692255402117,1692255402120,1693227666355,9,3,6
31570,1693227666355,1692255402127,1692255402131,1693227666364,9,4,5
31571,1693227666364,1692255402135,1692255402139,1693227666373,9,4,5
31572,1693227666373,1692255402145,1692255402148,1693227666382,9,3,6
31573,1693227666382,1692255402153,1692255402156,1693227666390,8,3,5
31574,1693227666390,1692255402162,1692255402165,1693227666399,9,3,6
31575,1693227666399,1692255402170,1692255402174,1693227666408,9,4,5
31576,1693227666408,1692255402179,1692255402183,1693227666417,9,4,5
31577,1693227666417,1692255402188,1692255402192,1693227666426,9,4,5
31578,1693227666426,1692255402200,1692255402206,1693227666440,14,6,8
31579,1693227666440,1692255402211,1692255402215,1693227666449,9,4,5
31580,1693227666449,1692255402222,1692255402226,1693227666460,11,4,7
31581,1693227666460,1692255402232,1692255402236,1693227666471,11,4,7
31582,1693227666471,1692255402242,1692255402247,1693227666481,10,5,5
31583,1693227666481,1692255402253,1692255402257,1693227666491,10,4,6
31584,1693227666491,1692255402263,1692255402267,1693227666501,10,4,6
31585,1693227666501,1692255402272,1692255402276,1693227666511,10,4,6
31586,1693227666511,1692255402282,1692255402286,1693227666520,9,4,5
31587,1693227666520,1692255402291,1692255402295,1693227666529,9,4,5
31588,1693227666529,1692255402302,1692255402306,1693227666540,11,4,7
31589,1693227666540,1692255402312,1692255402316,1693227666550,10,4,6
31590,1693227666550,1692255402322,1692255402326,1693227666560,10,4,6
31591,1693227666560,1692255402332,1692255402336,1693227666570,10,4,6
31592,1693227666570,1692255402342,1692255402346,1693227666580,10,4,6
31593,1693227666580,1692255402351,1692255402355,1693227666590,10,4,6
31594,1693227666590,1692255402361,1692255402365,1693227666599,9,4,5
31595,1693227666599,1692255402371,1692255402375,1693227666609,10,4,6
31596,1693227666609,1692255402380,1692255402384,1693227666618,9,4,5
31597,1693227666618,1692255402389,1692255402397,1693227666631,13,8,5
31598,1693227666631,1692255402405,1692255402409,1693227666643,12,4,8
31599,1693227666643,1692255402414,1692255402418,1693227666652,9,4,5
31600,1693227666652,1692255402424,1692255402428,1693227666662,10,4,6
31601,1693227666662,1692255402434,1692255402438,1693227666672,10,4,6
31602,1693227666672,1692255402444,1692255402448,1693227666682,10,4,6
31603,1693227666682,1692255402453,1692255402457,1693227666691,9,4,5
31604,1693227666691,1692255402463,1692255402467,1693227666701,10,4,6
31605,1693227666701,1692255402474,1692255402478,1693227666712,11,4,7
31606,1693227666712,1692255402486,1692255402490,1693227666724,12,4,8
31607,1693227666724,1692255402495,1692255402499,1693227666733,9,4,5
31608,1693227666733,1692255402507,1692255402511,1693227666745,12,4,8
31609,1693227666745,1692255402516,1692255402520,1693227666754,9,4,5
31610,1693227666754,1692255402526,1692255402530,1693227666764,10,4,6
31611,1693227666764,1692255402535,1692255402540,1693227666774,10,5,5
31612,1693227666774,1692255402546,1692255402551,1693227666786,12,5,7
31613,1693227666786,1692255402557,1692255402561,1693227666795,9,4,5
31614,1693227666795,1692255402566,1692255402571,1693227666805,10,5,5
31615,1693227666805,1692255402576,1692255402582,1693227666816,11,6,5
31616,1693227666816,1692255402587,1692255402591,1693227666826,10,4,6
31617,1693227666826,1692255402597,1692255402602,1693227666836,10,5,5
31618,1693227666836,1692255402609,1692255402613,1693227666847,11,4,7
31619,1693227666847,1692255402619,1692255402623,1693227666857,10,4,6
31620,1693227666857,1692255402628,1692255402633,1693227666867,10,5,5
31621,1693227666867,1692255402639,1692255402645,1693227666879,12,6,6
31622,1693227666879,1692255402651,1692255402656,1693227666890,11,5,6
31623,1693227666890,1692255402662,1692255402667,1693227666901,11,5,6
31624,1693227666901,1692255402677,1692255402680,1693227666914,13,3,10
31625,1693227666914,1692255402688,1692255402692,1693227666926,12,4,8
31626,1693227666926,1692255402699,1692255402703,1693227666938,12,4,8
31627,1693227666938,1692255402714,1692255402718,1693227666952,14,4,10
31628,1693227666952,1692255402724,1692255402728,1693227666962,10,4,6
31629,1693227666962,1692255402733,1692255402737,1693227666971,9,4,5
31630,1693227666971,1692255402742,1692255402747,1693227666981,10,5,5
31631,1693227666981,1692255402752,1692255402756,1693227666990,9,4,5
31632,1693227666990,1692255402762,1692255402766,1693227667000,10,4,6
31633,1693227667000,1692255402772,1692255402777,1693227667011,11,5,6
31634,1693227667011,1692255402783,1692255402786,1693227667020,9,3,6
31635,1693227667020,1692255402791,1692255402797,1693227667031,11,6,5
31636,1693227667031,1692255402803,1692255402806,1693227667040,9,3,6
31637,1693227667040,1692255402813,1692255402817,1693227667051,11,4,7
31638,1693227667051,1692255402823,1692255402827,1693227667061,10,4,6
31639,1693227667061,1692255402832,1692255402835,1693227667070,9,3,6
31640,1693227667070,1692255402840,1692255402844,1693227667078,8,4,4
31641,1693227667078,1692255402849,1692255402852,1693227667086,8,3,5
31642,1693227667086,1692255402857,1692255402861,1693227667095,9,4,5
31643,1693227667095,1692255402866,1692255402870,1693227667103,8,4,4
31644,1693227667103,1692255402874,1692255402877,1693227667111,8,3,5
31645,1693227667111,1692255402883,1692255402886,1693227667120,9,3,6
31646,1693227667120,1692255402895,1692255402899,1693227667133,13,4,9
31647,1693227667133,1692255402904,1692255402908,1693227667142,9,4,5
31648,1693227667142,1692255402916,1692255402921,1693227667155,13,5,8
31649,1693227667155,1692255402926,1692255402929,1693227667163,8,3,5
31650,1693227667163,1692255402934,1692255402938,1693227667172,9,4,5
31651,1693227667172,1692255402943,1692255402948,1693227667182,10,5,5
31652,1693227667182,1692255402956,1692255402960,1693227667194,12,4,8
31653,1693227667194,1692255402966,1692255402972,1693227667206,12,6,6
31654,1693227667206,1692255402978,1692255402982,1693227667216,10,4,6
31655,1693227667216,1692255402987,1692255402992,1693227667225,9,5,4
31656,1693227667225,1692255402996,1692255403000,1693227667234,9,4,5
31657,1693227667234,1692255403006,1692255403010,1693227667244,10,4,6
31658,1693227667244,1692255403015,1692255403019,1693227667253,9,4,5
31659,1693227667253,1692255403026,1692255403031,1693227667265,12,5,7
31660,1693227667265,1692255403037,1692255403041,1693227667276,11,4,7
31661,1693227667276,1692255403047,1692255403051,1693227667285,9,4,5
31662,1693227667286,1692255403057,1692255403062,1693227667296,10,5,5
31663,1693227667296,1692255403068,1692255403071,1693227667306,10,3,7
31664,1693227667306,1692255403077,1692255403081,1693227667315,9,4,5
31665,1693227667315,1692255403086,1692255403090,1693227667324,9,4,5
31666,1693227667324,1692255403095,1692255403098,1693227667332,8,3,5
31667,1693227667332,1692255403104,1692255403107,1693227667342,10,3,7
31668,1693227667342,1692255403113,1692255403116,1693227667353,11,3,8
31669,1693227667353,1692255403124,1692255403127,1693227667361,8,3,5
31670,1693227667361,1692255403132,1692255403136,1693227667370,9,4,5
31671,1693227667370,1692255403141,1692255403144,1693227667378,8,3,5
31672,1693227667378,1692255403149,1692255403152,1693227667386,8,3,5
31673,1693227667386,1692255403158,1692255403162,1693227667396,10,4,6
31674,1693227667396,1692255403167,1692255403170,1693227667404,8,3,5
31675,1693227667404,1692255403176,1692255403180,1693227667413,9,4,5
31676,1693227667413,1692255403185,1692255403189,1693227667423,10,4,6
31677,1693227667423,1692255403194,1692255403199,1693227667433,10,5,5
31678,1693227667433,1692255403204,1692255403207,1693227667441,8,3,5
31679,1693227667441,1692255403213,1692255403217,1693227667451,10,4,6
31680,1693227667451,1692255403224,1692255403228,1693227667462,11,4,7
31681,1693227667462,1692255403234,1692255403238,1693227667472,10,4,6
31682,1693227667472,1692255403244,1692255403247,1693227667482,10,3,7
31683,1693227667482,1692255403254,1692255403258,1693227667492,10,4,6
31684,1693227667492,1692255403264,1692255403268,1693227667502,10,4,6
31685,1693227667502,1692255403273,1692255403277,1693227667512,10,4,6
31686,1693227667512,1692255403283,1692255403287,1693227667521,9,4,5
31687,1693227667521,1692255403293,1692255403299,1693227667533,12,6,6
31688,1693227667533,1692255403305,1692255403309,1693227667543,10,4,6
31689,1693227667543,1692255403315,1692255403319,1693227667553,10,4,6
31690,1693227667553,1692255403327,1692255403332,1693227667567,14,5,9
31691,1693227667567,1692255403339,1692255403344,1693227667578,11,5,6
31692,1693227667578,1692255403351,1692255403356,1693227667591,13,5,8
31693,1693227667591,1692255403366,1692255403370,1693227667605,14,4,10
31694,1693227667605,1692255403377,1692255403381,1693227667616,11,4,7
31695,1693227667616,1692255403387,1692255403392,1693227667630,14,5,9
31696,1693227667630,1692255403402,1692255403405,1693227667640,10,3,7
31697,1693227667640,1692255403412,1692255403416,1693227667650,10,4,6
31698,1693227667650,1692255403421,1692255403425,1693227667660,10,4,6
31699,1693227667660,1692255403431,1692255403435,1693227667671,11,4,7
31700,1693227667671,1692255403442,1692255403446,1693227667680,9,4,5
31701,1693227667680,1692255403452,1692255403456,1693227667690,10,4,6
31702,1693227667690,1692255403462,1692255403465,1693227667700,10,3,7
31703,1693227667700,1692255403471,1692255403475,1693227667711,11,4,7
31704,1693227667712,1692255403483,1692255403487,1693227667721,9,4,5
31705,1693227667721,1692255403493,1692255403498,1693227667732,11,5,6
31706,1693227667732,1692255403503,1692255403507,1693227667741,9,4,5
31707,1693227667741,1692255403513,1692255403517,1693227667754,13,4,9
31708,1693227667754,1692255403525,1692255403529,1693227667764,10,4,6
31709,1693227667764,1692255403535,1692255403539,1693227667773,9,4,5
31710,1693227667773,1692255403544,1692255403548,1693227667782,9,4,5
31711,1693227667782,1692255403553,1692255403557,1693227667792,10,4,6
31712,1693227667792,1692255403563,1692255403567,1693227667801,9,4,5
31713,1693227667801,1692255403574,1692255403578,1693227667812,11,4,7
31714,1693227667812,1692255403584,1692255403589,1693227667823,11,5,6
31715,1693227667823,1692255403595,1692255403599,1693227667833,10,4,6
31716,1693227667833,1692255403605,1692255403610,1693227667844,11,5,6
31717,1693227667844,1692255403616,1692255403620,1693227667854,10,4,6
31718,1693227667854,1692255403627,1692255403632,1693227667866,12,5,7
31719,1693227667866,1692255403638,1692255403642,1693227667877,11,4,7
31720,1693227667877,1692255403649,1692255403654,1693227667888,11,5,6
31721,1693227667888,1692255403660,1692255403665,1693227667899,11,5,6
31722,1693227667899,1692255403671,1692255403677,1693227667911,12,6,6
31723,1693227667911,1692255403684,1692255403688,1693227667922,11,4,7
31724,1693227667922,1692255403695,1692255403703,1693227667937,15,8,7
31725,1693227667937,1692255403709,1692255403714,1693227667948,11,5,6
31726,1693227667948,1692255403721,1692255403725,1693227667959,11,4,7
31727,1693227667959,1692255403731,1692255403735,1693227667969,10,4,6
31728,1693227667969,1692255403741,1692255403747,1693227667981,12,6,6
31729,1693227667981,1692255403752,1692255403756,1693227667990,9,4,5
31730,1693227667990,1692255403763,1692255403767,1693227668001,11,4,7
31731,1693227668001,1692255403773,1692255403778,1693227668012,11,5,6
31732,1693227668012,1692255403785,1692255403789,1693227668023,11,4,7
31733,1693227668023,1692255403795,1692255403799,1693227668033,10,4,6
31734,1693227668033,1692255403806,1692255403811,1693227668045,12,5,7
31735,1693227668045,1692255403817,1692255403822,1693227668056,11,5,6
31736,1693227668056,1692255403829,1692255403834,1693227668068,12,5,7
31737,1693227668068,1692255403840,1692255403845,1693227668080,12,5,7
31738,1693227668080,1692255403851,1692255403856,1693227668090,10,5,5
31739,1693227668090,1692255403861,1692255403867,1693227668101,11,6,5
31740,1693227668101,1692255403872,1692255403876,1693227668109,8,4,4
31741,1693227668109,1692255403881,1692255403885,1693227668119,10,4,6
31742,1693227668119,1692255403891,1692255403895,1693227668129,10,4,6
31743,1693227668129,1692255403900,1692255403904,1693227668138,9,4,5
31744,1693227668138,1692255403909,1692255403912,1693227668146,8,3,5
31745,1693227668146,1692255403918,1692255403922,1693227668156,10,4,6
31746,1693227668156,1692255403927,1692255403930,1693227668164,8,3,5
31747,1693227668164,1692255403936,1692255403940,1693227668175,11,4,7
31748,1693227668175,1692255403946,1692255403950,1693227668183,8,4,4
31749,1693227668184,1692255403959,1692255403963,1693227668198,14,4,10
31750,1693227668198,1692255403970,1692255403977,1693227668211,13,7,6
31751,1693227668211,1692255403983,1692255403987,1693227668221,10,4,6
31752,1693227668221,1692255403993,1692255403998,1693227668232,11,5,6
31753,1693227668232,1692255404004,1692255404008,1693227668242,10,4,6
31754,1693227668242,1692255404013,1692255404018,1693227668252,10,5,5
31755,1693227668252,1692255404023,1692255404027,1693227668261,9,4,5
31756,1693227668261,1692255404032,1692255404036,1693227668273,12,4,8
31757,1693227668273,1692255404045,1692255404050,1693227668284,11,5,6
31758,1693227668284,1692255404056,1692255404062,1693227668296,12,6,6
31759,1693227668296,1692255404068,1692255404073,1693227668307,11,5,6
31760,1693227668307,1692255404082,1692255404087,1693227668321,14,5,9
31761,1693227668321,1692255404092,1692255404098,1693227668332,11,6,5
31762,1693227668332,1692255404103,1692255404107,1693227668342,10,4,6
31763,1693227668342,1692255404113,1692255404117,1693227668351,9,4,5
31764,1693227668351,1692255404122,1692255404127,1693227668361,10,5,5
31765,1693227668361,1692255404132,1692255404136,1693227668370,9,4,5
31766,1693227668370,1692255404142,1692255404146,1693227668381,11,4,7
31767,1693227668381,1692255404152,1692255404157,1693227668391,10,5,5
31768,1693227668391,1692255404162,1692255404166,1693227668400,9,4,5
31769,1693227668400,1692255404171,1692255404175,1693227668409,9,4,5
31770,1693227668409,1692255404180,1692255404185,1693227668419,10,5,5
31771,1693227668419,1692255404190,1692255404194,1693227668428,9,4,5
31772,1693227668428,1692255404200,1692255404205,1693227668439,11,5,6
31773,1693227668439,1692255404211,1692255404215,1693227668449,10,4,6
31774,1693227668449,1692255404220,1692255404224,1693227668458,9,4,5
31775,1693227668459,1692255404230,1692255404237,1693227668471,12,7,5
31776,1693227668471,1692255404242,1692255404246,1693227668480,9,4,5
31777,1693227668480,1692255404252,1692255404256,1693227668490,10,4,6
31778,1693227668490,1692255404262,1692255404265,1693227668499,9,3,6
31779,1693227668499,1692255404272,1692255404276,1693227668510,11,4,7
31780,1693227668510,1692255404281,1692255404285,1693227668519,9,4,5
31781,1693227668519,1692255404290,1692255404294,1693227668528,9,4,5
31782,1693227668528,1692255404300,1692255404305,1693227668539,11,5,6
31783,1693227668539,1692255404310,1692255404314,1693227668548,9,4,5
31784,1693227668548,1692255404320,1692255404324,1693227668558,10,4,6
31785,1693227668558,1692255404329,1692255404333,1693227668567,9,4,5
31786,1693227668567,1692255404338,1692255404342,1693227668576,9,4,5
31787,1693227668576,1692255404350,1692255404354,1693227668588,12,4,8
31788,1693227668588,1692255404360,1692255404364,1693227668601,13,4,9
31789,1693227668601,1692255404372,1692255404377,1693227668611,10,5,5
31790,1693227668611,1692255404383,1692255404387,1693227668621,10,4,6
31791,1693227668621,1692255404392,1692255404396,1693227668630,9,4,5
31792,1693227668630,1692255404402,1692255404406,1693227668641,11,4,7
31793,1693227668641,1692255404412,1692255404416,1693227668650,9,4,5
31794,1693227668650,1692255404421,1692255404425,1693227668660,10,4,6
31795,1693227668660,1692255404431,1692255404435,1693227668669,9,4,5
31796,1693227668669,1692255404440,1692255404445,1693227668679,10,5,5
31797,1693227668679,1692255404452,1692255404459,1693227668693,14,7,7
31798,1693227668693,1692255404465,1692255404470,1693227668704,11,5,6
31799,1693227668704,1692255404475,1692255404479,1693227668713,9,4,5
31800,1693227668713,1692255404485,1692255404489,1693227668723,10,4,6
31801,1693227668723,1692255404495,1692255404499,1693227668733,10,4,6
31802,1693227668733,1692255404505,1692255404510,1693227668744,11,5,6
31803,1693227668744,1692255404516,1692255404521,1693227668755,11,5,6
31804,1693227668755,1692255404528,1692255404532,1693227668766,11,4,7
31805,1693227668766,1692255404538,1692255404542,1693227668776,10,4,6
31806,1693227668776,1692255404547,1692255404551,1693227668785,9,4,5
31807,1693227668785,1692255404557,1692255404560,1693227668794,9,3,6
31808,1693227668795,1692255404566,1692255404569,1693227668804,9,3,6
31809,1693227668804,1692255404576,1692255404580,1693227668814,10,4,6
31810,1693227668814,1692255404585,1692255404588,1693227668822,8,3,5
31811,1693227668822,1692255404593,1692255404598,1693227668832,10,5,5
31812,1693227668832,1692255404606,1692255404610,1693227668844,12,4,8
31813,1693227668844,1692255404616,1692255404619,1693227668853,9,3,6
31814,1693227668853,1692255404625,1692255404630,1693227668864,11,5,6
31815,1693227668864,1692255404635,1692255404639,1693227668873,9,4,5
31816,1693227668873,1692255404645,1692255404649,1693227668883,10,4,6
31817,1693227668883,1692255404657,1692255404661,1693227668895,12,4,8
31818,1693227668895,1692255404666,1692255404670,1693227668904,9,4,5
31819,1693227668904,1692255404675,1692255404679,1693227668914,10,4,6
31820,1693227668914,1692255404685,1692255404689,1693227668923,9,4,5
31821,1693227668923,1692255404695,1692255404699,1693227668933,10,4,6
31822,1693227668933,1692255404704,1692255404709,1693227668943,10,5,5
31823,1693227668943,1692255404714,1692255404718,1693227668952,9,4,5
31824,1693227668952,1692255404723,1692255404726,1693227668960,8,3,5
31825,1693227668960,1692255404731,1692255404735,1693227668969,9,4,5
31826,1693227668969,1692255404740,1692255404743,1693227668977,8,3,5
31827,1693227668977,1692255404747,1692255404751,1693227668986,9,4,5
31828,1693227668986,1692255404759,1692255404762,1693227668996,10,3,7
31829,1693227668996,1692255404768,1692255404772,1693227669006,10,4,6
31830,1693227669006,1692255404778,1692255404781,1693227669015,9,3,6
31831,1693227669015,1692255404786,1692255404790,1693227669025,10,4,6
31832,1693227669025,1692255404796,1692255404800,1693227669034,9,4,5
31833,1693227669034,1692255404805,1692255404810,1693227669044,10,5,5
31834,1693227669044,1692255404815,1692255404822,1693227669056,12,7,5
31835,1693227669056,1692255404827,1692255404831,1693227669065,9,4,5
31836,1693227669065,1692255404837,1692255404841,1693227669075,10,4,6
31837,1693227669075,1692255404846,1692255404850,1693227669084,9,4,5
31838,1693227669084,1692255404856,1692255404860,1693227669094,10,4,6
31839,1693227669094,1692255404865,1692255404870,1693227669104,10,5,5
31840,1693227669104,1692255404875,1692255404879,1693227669113,9,4,5
31841,1693227669113,1692255404888,1692255404892,1693227669126,13,4,9
31842,1693227669126,1692255404897,1692255404901,1693227669135,9,4,5
31843,1693227669135,1692255404906,1692255404911,1693227669144,9,5,4
31844,1693227669144,1692255404916,1692255404920,1693227669154,10,4,6
31845,1693227669154,1692255404925,1692255404928,1693227669162,8,3,5
31846,1693227669162,1692255404933,1692255404936,1693227669170,8,3,5
31847,1693227669170,1692255404942,1692255404946,1693227669180,10,4,6
31848,1693227669180,1692255404951,1692255404954,1693227669188,8,3,5
31849,1693227669188,1692255404960,1692255404963,1693227669198,10,3,7
31850,1693227669198,1692255404968,1692255404972,1693227669206,8,4,4
31851,1693227669206,1692255404978,1692255404982,1693227669216,10,4,6
31852,1693227669216,1692255404987,1692255404991,1693227669225,9,4,5
31853,1693227669225,1692255404996,1692255405000,1693227669234,9,4,5
31854,1693227669234,1692255405006,1692255405010,1693227669244,10,4,6
31855,1693227669244,1692255405015,1692255405019,1693227669253,9,4,5
31856,1693227669253,1692255405025,1692255405029,1693227669263,10,4,6
31857,1693227669263,1692255405037,1692255405041,1693227669275,12,4,8
31858,1693227669275,1692255405047,1692255405051,1693227669285,10,4,6
31859,1693227669285,1692255405056,1692255405061,1693227669297,12,5,7
31860,1693227669297,1692255405069,1692255405073,1693227669307,10,4,6
31861,1693227669307,1692255405078,1692255405081,1693227669316,9,3,6
31862,1693227669316,1692255405087,1692255405091,1693227669325,9,4,5
31863,1693227669325,1692255405096,1692255405100,1693227669334,9,4,5
31864,1693227669334,1692255405105,1692255405110,1693227669344,10,5,5
31865,1693227669344,1692255405115,1692255405119,1693227669353,9,4,5
31866,1693227669353,1692255405125,1692255405130,1693227669364,11,5,6
31867,1693227669364,1692255405135,1692255405140,1693227669375,11,5,6
31868,1693227669375,1692255405146,1692255405150,1693227669384,9,4,5
31869,1693227669385,1692255405156,1692255405161,1693227669395,10,5,5
31870,1693227669395,1692255405166,1692255405171,1693227669405,10,5,5
31871,1693227669405,1692255405176,1692255405183,1693227669417,12,7,5
31872,1693227669417,1692255405189,1692255405194,1693227669428,11,5,6
31873,1693227669428,1692255405202,1692255405206,1693227669440,12,4,8
31874,1693227669440,1692255405211,1692255405215,1693227669449,9,4,5
31875,1693227669449,1692255405222,1692255405227,1693227669461,12,5,7
31876,1693227669461,1692255405232,1692255405236,1693227669470,9,4,5
31877,1693227669470,1692255405241,1692255405245,1693227669483,13,4,9
31878,1693227669483,1692255405255,1692255405260,1693227669494,11,5,6
31879,1693227669494,1692255405265,1692255405269,1693227669508,14,4,10
31880,1693227669508,1692255405284,1692255405289,1693227669523,15,5,10
31881,1693227669523,1692255405295,1692255405300,1693227669534,11,5,6
31882,1693227669534,1692255405306,1692255405311,1693227669545,11,5,6
31883,1693227669545,1692255405319,1692255405324,1693227669558,13,5,8
31884,1693227669558,1692255405330,1692255405334,1693227669569,11,4,7
31885,1693227669569,1692255405340,1692255405345,1693227669579,10,5,5
31886,1693227669579,1692255405353,1692255405358,1693227669593,14,5,9
31887,1693227669593,1692255405364,1692255405370,1693227669610,17,6,11
31888,1693227669610,1692255405382,1692255405386,1693227669620,10,4,6
31889,1693227669620,1692255405392,1692255405397,1693227669631,11,5,6
31890,1693227669631,1692255405402,1692255405407,1693227669641,10,5,5
31891,1693227669641,1692255405417,1692255405420,1693227669670,29,3,26
31892,1693227669670,1692255405441,1692255405446,1693227669681,11,5,6
31893,1693227669681,1692255405453,1692255405458,1693227669698,17,5,12
31894,1693227669698,1692255405472,1692255405478,1693227669717,19,6,13
31895,1693227669717,1692255405490,1692255405495,1693227669729,12,5,7
31896,1693227669729,1692255405504,1692255405508,1693227669743,14,4,10
31897,1693227669743,1692255405515,1692255405520,1693227669754,11,5,6
31898,1693227669754,1692255405527,1692255405531,1693227669765,11,4,7
31899,1693227669765,1692255405537,1692255405542,1693227669776,11,5,6
31900,1693227669777,1692255405549,1692255405554,1693227669790,13,5,8
31901,1693227669790,1692255405562,1692255405567,1693227669802,12,5,7
31902,1693227669802,1692255405573,1692255405578,1693227669812,10,5,5
31903,1693227669812,1692255405584,1692255405587,1693227669822,10,3,7
31904,1693227669822,1692255405593,1692255405601,1693227669835,13,8,5
31905,1693227669835,1692255405606,1692255405611,1693227669845,10,5,5
31906,1693227669845,1692255405617,1692255405621,1693227669864,19,4,15
31907,1693227669864,1692255405637,1692255405644,1693227669878,14,7,7
31908,1693227669878,1692255405648,1692255405653,1693227669888,10,5,5
31909,1693227669888,1692255405660,1692255405665,1693227669899,11,5,6
31910,1693227669899,1692255405671,1692255405678,1693227669912,13,7,6
31911,1693227669912,1692255405684,1692255405688,1693227669922,10,4,6
31912,1693227669922,1692255405694,1692255405699,1693227669934,12,5,7
31913,1693227669934,1692255405705,1692255405711,1693227669946,12,6,6
31914,1693227669946,1692255405717,1692255405723,1693227669957,11,6,5
31915,1693227669957,1692255405728,1692255405733,1693227669967,10,5,5
31916,1693227669967,1692255405739,1692255405744,1693227669979,12,5,7
31917,1693227669979,1692255405750,1692255405754,1693227669989,10,4,6
31918,1693227669989,1692255405762,1692255405766,1693227670000,11,4,7
31919,1693227670000,1692255405772,1692255405777,1693227670014,14,5,9
31920,1693227670014,1692255405786,1692255405790,1693227670024,10,4,6
31921,1693227670024,1692255405795,1692255405800,1693227670034,10,5,5
31922,1693227670034,1692255405805,1692255405809,1693227670043,9,4,5
31923,1693227670043,1692255405814,1692255405818,1693227670051,8,4,4
31924,1693227670051,1692255405824,1692255405829,1693227670063,12,5,7
31925,1693227670063,1692255405834,1692255405838,1693227670072,9,4,5
31926,1693227670072,1692255405844,1692255405848,1693227670082,10,4,6
31927,1693227670082,1692255405854,1692255405858,1693227670092,10,4,6
31928,1693227670092,1692255405866,1692255405871,1693227670105,13,5,8
31929,1693227670105,1692255405877,1692255405882,1693227670116,11,5,6
31930,1693227670116,1692255405888,1692255405894,1693227670128,12,6,6
31931,1693227670128,1692255405899,1692255405904,1693227670137,9,5,4
31932,1693227670138,1692255405910,1692255405914,1693227670148,10,4,6
31933,1693227670148,1692255405920,1692255405925,1693227670159,11,5,6
31934,1693227670159,1692255405930,1692255405935,1693227670169,10,5,5
31935,1693227670169,1692255405940,1692255405944,1693227670178,9,4,5
31936,1693227670178,1692255405950,1692255405954,1693227670187,9,4,5
31937,1693227670187,1692255405959,1692255405962,1693227670196,9,3,6
31938,1693227670196,1692255405967,1692255405971,1693227670205,9,4,5
31939,1693227670205,1692255405977,1692255405980,1693227670214,9,3,6
31940,1693227670214,1692255405990,1692255405997,1693227670231,17,7,10
31941,1693227670231,1692255406003,1692255406007,1693227670241,10,4,6
31942,1693227670241,1692255406013,1692255406016,1693227670250,9,3,6
31943,1693227670250,1692255406021,1692255406025,1693227670259,9,4,5
31944,1693227670259,1692255406030,1692255406037,1693227670271,12,7,5
31945,1693227670271,1692255406042,1692255406047,1693227670281,10,5,5
31946,1693227670281,1692255406051,1692255406055,1693227670289,8,4,4
31947,1693227670289,1692255406061,1692255406066,1693227670300,11,5,6
31948,1693227670300,1692255406071,1692255406076,1693227670310,10,5,5
31949,1693227670310,1692255406082,1692255406087,1693227670321,11,5,6
31950,1693227670321,1692255406093,1692255406097,1693227670331,10,4,6
31951,1693227670331,1692255406103,1692255406108,1693227670342,11,5,6
31952,1693227670342,1692255406113,1692255406118,1693227670352,10,5,5
31953,1693227670352,1692255406123,1692255406128,1693227670363,11,5,6
31954,1693227670363,1692255406134,1692255406139,1693227670372,9,5,4
31955,1693227670372,1692255406144,1692255406148,1693227670382,10,4,6
31956,1693227670382,1692255406154,1692255406158,1693227670391,9,4,5
31957,1693227670391,1692255406163,1692255406167,1693227670401,10,4,6
31958,1693227670401,1692255406172,1692255406176,1693227670411,10,4,6
31959,1693227670411,1692255406182,1692255406187,1693227670425,14,5,9
31960,1693227670425,1692255406197,1692255406200,1693227670434,9,3,6
31961,1693227670434,1692255406206,1692255406211,1693227670445,11,5,6
31962,1693227670445,1692255406217,1692255406221,1693227670455,10,4,6
31963,1693227670455,1692255406226,1692255406231,1693227670465,10,5,5
31964,1693227670465,1692255406237,1692255406242,1693227670476,11,5,6
31965,1693227670476,1692255406248,1692255406252,1693227670487,11,4,7
31966,1693227670487,1692255406258,1692255406262,1693227670496,9,4,5
31967,1693227670496,1692255406267,1692255406272,1693227670506,10,5,5
31968,1693227670506,1692255406278,1692255406283,1693227670518,12,5,7
31969,1693227670518,1692255406290,1692255406295,1693227670530,12,5,7
31970,1693227670530,1692255406302,1692255406307,1693227670541,11,5,6
31971,1693227670541,1692255406313,1692255406318,1693227670553,12,5,7
31972,1693227670553,1692255406324,1692255406330,1693227670564,11,6,5
31973,1693227670564,1692255406336,1692255406341,1693227670575,11,5,6
31974,1693227670575,1692255406346,1692255406351,1693227670585,10,5,5
31975,1693227670585,1692255406356,1692255406360,1693227670595,10,4,6
31976,1693227670595,1692255406366,1692255406370,1693227670604,9,4,5
31977,1693227670604,1692255406375,1692255406380,1693227670615,11,5,6
31978,1693227670615,1692255406393,1692255406398,1693227670632,17,5,12
31979,1693227670632,1692255406405,1692255406410,1693227670644,12,5,7
31980,1693227670644,1692255406415,1692255406423,1693227670657,13,8,5
31981,1693227670658,1692255406429,1692255406434,1693227670668,10,5,5
31982,1693227670668,1692255406440,1692255406446,1693227670680,12,6,6
31983,1693227670680,1692255406451,1692255406456,1693227670690,10,5,5
31984,1693227670690,1692255406462,1692255406466,1693227670700,10,4,6
31985,1693227670700,1692255406472,1692255406476,1693227670710,10,4,6
31986,1693227670710,1692255406481,1692255406485,1693227670719,9,4,5
31987,1693227670719,1692255406491,1692255406496,1693227670731,12,5,7
31988,1693227670731,1692255406502,1692255406506,1693227670740,9,4,5
31989,1693227670740,1692255406511,1692255406516,1693227670750,10,5,5
31990,1693227670750,1692255406530,1692255406535,1693227670769,19,5,14
31991,1693227670769,1692255406540,1692255406545,1693227670779,10,5,5
31992,1693227670779,1692255406550,1692255406554,1693227670788,9,4,5
31993,1693227670788,1692255406560,1692255406564,1693227670798,10,4,6
31994,1693227670798,1692255406569,1692255406573,1693227670807,9,4,5
31995,1693227670807,1692255406579,1692255406583,1693227670817,10,4,6
31996,1693227670817,1692255406589,1692255406593,1693227670828,11,4,7
31997,1693227670828,1692255406599,1692255406604,1693227670838,10,5,5
31998,1693227670838,1692255406610,1692255406614,1693227670848,10,4,6
31999,1693227670848,1692255406620,1692255406625,1693227670860,12,5,7
32000,1693227670860,1692255406632,1692255406636,1693227670871,11,4,7
32001,1693227670871,1692255406642,1692255406648,1693227670882,11,6,5
32002,1693227670882,1692255406653,1692255406659,1693227670893,11,6,5
32003,1693227670893,1692255406664,1692255406668,1693227670902,9,4,5
32004,1693227670903,1692255406674,1692255406678,1693227670912,9,4,5
32005,1693227670912,1692255406683,1692255406688,1693227670922,10,5,5
32006,1693227670922,1692255406694,1692255406698,1693227670932,10,4,6
32007,1693227670932,1692255406705,1692255406709,1693227670944,12,4,8
32008,1693227670944,1692255406715,1692255406719,1693227670953,9,4,5
32009,1693227670953,1692255406724,1692255406728,1693227670962,9,4,5
32010,1693227670962,1692255406733,1692255406737,1693227670971,9,4,5
32011,1693227670971,1692255406743,1692255406747,1693227670981,10,4,6
32012,1693227670981,1692255406753,1692255406758,1693227670993,12,5,7
32013,1693227670993,1692255406764,1692255406769,1693227671003,10,5,5
32014,1693227671003,1692255406774,1692255406779,1693227671013,10,5,5
32015,1693227671013,1692255406785,1692255406790,1693227671024,11,5,6
32016,1693227671024,1692255406796,1692255406800,1693227671035,11,4,7
32017,1693227671035,1692255406808,1692255406816,1693227671051,16,8,8
32018,1693227671051,1692255406822,1692255406827,1693227671061,10,5,5
32019,1693227671061,1692255406833,1692255406839,1693227671073,12,6,6
32020,1693227671074,1692255406845,1692255406850,1693227671084,10,5,5
32021,1693227671084,1692255406855,1692255406860,1693227671094,10,5,5
32022,1693227671094,1692255406865,1692255406869,1693227671103,9,4,5
32023,1693227671103,1692255406874,1692255406878,1693227671113,10,4,6
32024,1693227671113,1692255406884,1692255406888,1693227671122,9,4,5
32025,1693227671122,1692255406894,1692255406898,1693227671132,10,4,6
32026,1693227671132,1692255406903,1692255406906,1693227671140,8,3,5
32027,1693227671141,1692255406912,1692255406917,1693227671151,10,5,5
32028,1693227671151,1692255406923,1692255406928,1693227671162,11,5,6
32029,1693227671162,1692255406933,1692255406938,1693227671172,10,5,5
32030,1693227671172,1692255406944,1692255406949,1693227671183,11,5,6
32031,1693227671183,1692255406955,1692255406960,1693227671195,12,5,7
32032,1693227671195,1692255406967,1692255406972,1693227671207,12,5,7
32033,1693227671207,1692255406979,1692255406983,1693227671218,11,4,7
32034,1693227671218,1692255406990,1692255406994,1693227671229,11,4,7
32035,1693227671229,1692255407004,1692255407009,1693227671244,15,5,10
32036,1693227671244,1692255407016,1692255407021,1693227671255,11,5,6
32037,1693227671255,1692255407027,1692255407032,1693227671267,12,5,7
32038,1693227671267,1692255407039,1692255407045,1693227671279,12,6,6
32039,1693227671279,1692255407051,1692255407055,1693227671290,11,4,7
32040,1693227671290,1692255407062,1692255407067,1693227671301,11,5,6
32041,1693227671301,1692255407073,1692255407077,1693227671311,10,4,6
32042,1693227671311,1692255407084,1692255407088,1693227671322,11,4,7
32043,1693227671323,1692255407095,1692255407099,1693227671333,10,4,6
32044,1693227671333,1692255407106,1692255407111,1693227671345,12,5,7
32045,1693227671345,1692255407117,1692255407120,1693227671354,9,3,6
32046,1693227671354,1692255407125,1692255407129,1693227671365,11,4,7
32047,1693227671365,1692255407137,1692255407142,1693227671376,11,5,6
32048,1693227671376,1692255407148,1692255407153,1693227671390,14,5,9
32049,1693227671390,1692255407162,1692255407168,1693227671404,14,6,8
32050,1693227671404,1692255407175,1692255407180,1693227671415,11,5,6
32051,1693227671415,1692255407191,1692255407196,1693227671430,15,5,10
32052,1693227671430,1692255407202,1692255407207,1693227671441,11,5,6
32053,1693227671441,1692255407213,1692255407218,1693227671452,11,5,6
32054,1693227671452,1692255407224,1692255407232,1693227671466,14,8,6
32055,1693227671466,1692255407238,1692255407243,1693227671477,11,5,6
32056,1693227671477,1692255407249,1692255407255,1693227671488,11,6,5
32057,1693227671488,1692255407261,1692255407267,1693227671501,13,6,7
32058,1693227671501,1692255407273,1692255407277,1693227671511,10,4,6
32059,1693227671511,1692255407283,1692255407287,1693227671521,10,4,6
32060,1693227671521,1692255407293,1692255407297,1693227671531,10,4,6
32061,1693227671531,1692255407303,1692255407308,1693227671543,12,5,7
32062,1693227671543,1692255407315,1692255407319,1693227671553,10,4,6
32063,1693227671553,1692255407324,1692255407329,1693227671563,10,5,5
32064,1693227671563,1692255407335,1692255407339,1693227671574,11,4,7
32065,1693227671574,1692255407345,1692255407350,1693227671584,10,5,5
32066,1693227671584,1692255407356,1692255407360,1693227671595,11,4,7
32067,1693227671595,1692255407366,1692255407371,1693227671605,10,5,5
32068,1693227671605,1692255407378,1692255407382,1693227671619,14,4,10
32069,1693227671619,1692255407391,1692255407396,1693227671630,11,5,6
32070,1693227671630,1692255407402,1692255407407,1693227671641,11,5,6
32071,1693227671641,1692255407413,1692255407418,1693227671653,12,5,7
32072,1693227671653,1692255407425,1692255407431,1693227671665,12,6,6
32073,1693227671665,1692255407437,1692255407442,1693227671676,11,5,6
32074,1693227671676,1692255407448,1692255407454,1693227671688,12,6,6
32075,1693227671688,1692255407460,1692255407465,1693227671699,11,5,6
32076,1693227671699,1692255407471,1692255407476,1693227671711,12,5,7
32077,1693227671711,1692255407483,1692255407488,1693227671722,11,5,6
32078,1693227671722,1692255407494,1692255407498,1693227671733,11,4,7
32079,1693227671733,1692255407505,1692255407510,1693227671744,11,5,6
32080,1693227671744,1692255407516,1692255407521,1693227671755,11,5,6
32081,1693227671755,1692255407527,1692255407532,1693227671766,11,5,6
32082,1693227671766,1692255407538,1692255407543,1693227671777,11,5,6
32083,1693227671777,1692255407551,1692255407555,1693227671790,13,4,9
32084,1693227671790,1692255407561,1692255407566,1693227671800,10,5,5
32085,1693227671800,1692255407572,1692255407577,1693227671811,11,5,6
32086,1693227671811,1692255407583,1692255407588,1693227671822,11,5,6
32087,1693227671822,1692255407599,1692255407605,1693227671839,17,6,11
32088,1693227671839,1692255407611,1692255407616,1693227671851,12,5,7
32089,1693227671851,1692255407628,1692255407632,1693227671866,15,4,11
32090,1693227671866,1692255407638,1692255407643,1693227671878,12,5,7
32091,1693227671878,1692255407650,1692255407657,1693227671892,14,7,7
32092,1693227671892,1692255407665,1692255407670,1693227671904,12,5,7
32093,1693227671904,1692255407676,1692255407681,1693227671915,11,5,6
32094,1693227671915,1692255407687,1692255407692,1693227671926,11,5,6
32095,1693227671926,1692255407698,1692255407703,1693227671937,11,5,6
32096,1693227671937,1692255407713,1692255407718,1693227671952,15,5,10
32097,1693227671952,1692255407724,1692255407730,1693227671964,12,6,6
32098,1693227671964,1692255407736,1692255407741,1693227671975,11,5,6
32099,1693227671975,1692255407747,1692255407751,1693227671985,10,4,6
32100,1693227671985,1692255407757,1692255407762,1693227671996,11,5,6
32101,1693227671996,1692255407768,1692255407772,1693227672006,10,4,6
32102,1693227672006,1692255407777,1692255407782,1693227672017,11,5,6
32103,1693227672017,1692255407788,1692255407792,1693227672027,10,4,6
32104,1693227672027,1692255407798,1692255407803,1693227672037,10,5,5
32105,1693227672037,1692255407822,1692255407827,1693227672062,25,5,20
32106,1693227672062,1692255407834,1692255407838,1693227672073,11,4,7
32107,1693227672073,1692255407845,1692255407849,1693227672083,10,4,6
32108,1693227672083,1692255407856,1692255407861,1693227672095,12,5,7
32109,1693227672095,1692255407867,1692255407871,1693227672105,10,4,6
32110,1693227672106,1692255407877,1692255407882,1693227672116,10,5,5
32111,1693227672116,1692255407887,1692255407892,1693227672126,10,5,5
32112,1693227672126,1692255407898,1692255407903,1693227672138,12,5,7
32113,1693227672138,1692255407910,1692255407914,1693227672149,11,4,7
32114,1693227672149,1692255407921,1692255407926,1693227672160,11,5,6
32115,1693227672160,1692255407934,1692255407939,1693227672173,13,5,8
32116,1693227672173,1692255407945,1692255407950,1693227672184,11,5,6
32117,1693227672184,1692255407967,1692255407972,1693227672206,22,5,17
32118,1693227672206,1692255407978,1692255407982,1693227672216,10,4,6
32119,1693227672216,1692255407988,1692255407994,1693227672227,11,6,5
32120,1693227672228,1692255407999,1692255408003,1693227672237,9,4,5
32121,1693227672237,1692255408010,1692255408015,1693227672250,13,5,8
32122,1693227672250,1692255408028,1692255408034,1693227672268,18,6,12
32123,1693227672268,1692255408040,1692255408045,1693227672280,12,5,7
32124,1693227672280,1692255408052,1692255408057,1693227672292,12,5,7
32125,1693227672292,1692255408064,1692255408069,1693227672304,12,5,7
32126,1693227672304,1692255408076,1692255408081,1693227672315,11,5,6
32127,1693227672315,1692255408087,1692255408092,1693227672326,11,5,6
32128,1693227672326,1692255408098,1692255408105,1693227672357,31,7,24
32129,1693227672357,1692255408136,1692255408140,1693227672374,17,4,13
32130,1693227672374,1692255408152,1692255408157,1693227672391,17,5,12
32131,1693227672391,1692255408163,1692255408168,1693227672402,11,5,6
32132,1693227672402,1692255408175,1692255408181,1693227672416,14,6,8
32133,1693227672416,1692255408188,1692255408193,1693227672427,11,5,6
32134,1693227672427,1692255408199,1692255408203,1693227672437,10,4,6
32135,1693227672437,1692255408209,1692255408214,1693227672448,11,5,6
32136,1693227672448,1692255408224,1692255408229,1693227672463,15,5,10
32137,1693227672464,1692255408241,1692255408246,1693227672480,16,5,11
32138,1693227672480,1692255408251,1692255408257,1693227672491,11,6,5
32139,1693227672492,1692255408263,1692255408268,1693227672503,11,5,6
32140,1693227672503,1692255408275,1692255408279,1693227672514,11,4,7
32141,1693227672514,1692255408286,1692255408290,1693227672524,10,4,6
32142,1693227672524,1692255408296,1692255408301,1693227672556,32,5,27
32143,1693227672556,1692255408327,1692255408332,1693227672566,10,5,5
32144,1693227672566,1692255408336,1692255408340,1693227672576,10,4,6
32145,1693227672576,1692255408351,1692255408356,1693227672596,20,5,15
32146,1693227672596,1692255408368,1692255408373,1693227672729,133,5,128
32147,1693227672729,1692255408500,1692255408503,1693227672738,9,3,6
32148,1693227672738,1692255408509,1692255408514,1693227672748,10,5,5
32149,1693227672748,1692255408519,1692255408523,1693227672757,9,4,5
32150,1693227672757,1692255408529,1692255408533,1693227672767,10,4,6
32151,1693227672767,1692255408537,1692255408541,1693227672775,8,4,4
32152,1693227672775,1692255408549,1692255408554,1693227672788,13,5,8
32153,1693227672788,1692255408560,1692255408564,1693227672798,10,4,6
32154,1693227672798,1692255408576,1692255408581,1693227672881,83,5,78
32155,1693227672881,1692255408653,1692255408657,1693227672891,10,4,6
32156,1693227672891,1692255408662,1692255408666,1693227672900,9,4,5
32157,1693227672900,1692255408671,1692255408675,1693227672910,10,4,6
32158,1693227672910,1692255408681,1692255408685,1693227672919,9,4,5
32159,1693227672919,1692255408690,1692255408695,1693227672929,10,5,5
32160,1693227672929,1692255408700,1692255408705,1693227672939,10,5,5
32161,1693227672939,1692255408711,1692255408715,1693227672949,10,4,6
32162,1693227672949,1692255408720,1692255408724,1693227672959,10,4,6
32163,1693227672959,1692255408731,1692255408734,1693227672968,9,3,6
32164,1693227672968,1692255408740,1692255408745,1693227672979,11,5,6
32165,1693227672979,1692255408753,1692255408759,1693227672993,14,6,8
32166,1693227672993,1692255408764,1692255408769,1693227673002,9,5,4
32167,1693227673002,1692255408774,1692255408778,1693227673012,10,4,6
32168,1693227673012,1692255408783,1692255408787,1693227673020,8,4,4
32169,1693227673020,1692255408792,1692255408796,1693227673030,10,4,6
32170,1693227673030,1692255408802,1692255408807,1693227673041,11,5,6
32171,1693227673041,1692255408825,1692255408830,1693227673064,23,5,18
32172,1693227673064,1692255408836,1692255408841,1693227673075,11,5,6
32173,1693227673075,1692255408847,1692255408852,1693227673086,11,5,6
32174,1693227673086,1692255408857,1692255408862,1693227673096,10,5,5
32175,1693227673096,1692255408868,1692255408873,1693227673108,12,5,7
32176,1693227673108,1692255408880,1692255408884,1693227673118,10,4,6
32177,1693227673118,1692255408889,1692255408893,1693227673127,9,4,5
32178,1693227673127,1692255408898,1692255408903,1693227673137,10,5,5
32179,1693227673137,1692255408908,1692255408913,1693227673147,10,5,5
32180,1693227673147,1692255408918,1692255408922,1693227673156,9,4,5
32181,1693227673156,1692255408928,1692255408932,1693227673166,10,4,6
32182,1693227673166,1692255408937,1692255408941,1693227673175,9,4,5
32183,1693227673175,1692255408946,1692255408950,1693227673184,9,4,5
32184,1693227673184,1692255408955,1692255408958,1693227673192,8,3,5
32185,1693227673192,1692255408964,1692255408968,1693227673203,11,4,7
32186,1693227673203,1692255408974,1692255408978,1693227673212,9,4,5
32187,1693227673212,1692255408984,1692255408988,1693227673222,10,4,6
32188,1693227673222,1692255408993,1692255408998,1693227673232,10,5,5
32189,1693227673232,1692255409003,1692255409007,1693227673241,9,4,5
32190,1693227673241,1692255409012,1692255409017,1693227673251,10,5,5
32191,1693227673251,1692255409023,1692255409028,1693227673262,11,5,6
32192,1693227673262,1692255409038,1692255409043,1693227673277,15,5,10
32193,1693227673277,1692255409049,1692255409052,1693227673286,9,3,6
32194,1693227673286,1692255409060,1692255409065,1693227673299,13,5,8
32195,1693227676314,1692255412085,1692255412088,1693227676322,8,3,5
32196,1693227676322,1692255412093,1692255412096,1693227676330,8,3,5
32197,1693227676330,1692255412101,1692255412105,1693227676339,9,4,5
32198,1693227676339,1692255412110,1692255412113,1693227676347,8,3,5
32199,1693227676347,1692255412117,1692255412120,1693227676354,7,3,4
32200,1693227676354,1692255412124,1692255412127,1693227676363,9,3,6
32201,1693227676363,1692255412133,1692255412137,1693227676371,8,4,4
32202,1693227676371,1692255412141,1692255412146,1693227676380,9,5,4
32203,1693227676380,1692255412151,1692255412153,1693227676387,7,2,5
32204,1693227676387,1692255412158,1692255412161,1693227676395,8,3,5
32205,1693227676395,1692255412165,1692255412168,1693227676402,7,3,4
32206,1693227676402,1692255412173,1692255412177,1693227676411,9,4,5
32207,1693227676411,1692255412182,1692255412185,1693227676419,8,3,5
32208,1693227676419,1692255412189,1692255412193,1693227676427,8,4,4
32209,1693227676427,1692255412198,1692255412202,1693227676435,8,4,4
32210,1693227676435,1692255412205,1692255412208,1693227676442,7,3,4
32211,1693227676442,1692255412212,1692255412215,1693227676449,7,3,4
32212,1693227676449,1692255412220,1692255412223,1693227676457,8,3,5
32213,1693227676457,1692255412227,1692255412230,1693227676465,8,3,5
32214,1693227676465,1692255412236,1692255412239,1693227676472,7,3,4
32215,1693227676472,1692255412243,1692255412247,1693227676480,8,4,4
32216,1693227676480,1692255412250,1692255412254,1693227676488,8,4,4
32217,1693227676488,1692255412259,1692255412262,1693227676496,8,3,5
32218,1693227676496,1692255412267,1692255412270,1693227676504,8,3,5
32219,1693227676504,1692255412274,1692255412277,1693227676511,7,3,4
32220,1693227676511,1692255412282,1692255412285,1693227676519,8,3,5
32221,1693227676519,1692255412291,1692255412294,1693227676528,9,3,6
32222,1693227676528,1692255412299,1692255412302,1693227676536,8,3,5
32223,1693227676536,1692255412306,1692255412310,1693227676543,7,4,3
32224,1693227676543,1692255412314,1692255412317,1693227676550,7,3,4
32225,1693227676550,1692255412321,1692255412324,1693227676558,8,3,5
32226,1693227676558,1692255412329,1692255412331,1693227676564,6,2,4
32227,1693227676564,1692255412337,1692255412340,1693227676573,9,3,6
32228,1693227676573,1692255412344,1692255412347,1693227676580,7,3,4
32229,1693227676581,1692255412351,1692255412354,1693227676588,7,3,4
32230,1693227676588,1692255412358,1692255412362,1693227676596,8,4,4
32231,1693227676596,1692255412366,1692255412369,1693227676602,6,3,3
32232,1693227676602,1692255412372,1692255412375,1693227676609,7,3,4
32233,1693227676609,1692255412380,1692255412383,1693227676617,8,3,5
32234,1693227676617,1692255412388,1692255412391,1693227676625,8,3,5
32235,1693227676625,1692255412396,1692255412399,1693227676633,8,3,5
32236,1693227676633,1692255412404,1692255412406,1693227676640,7,2,5
32237,1693227676640,1692255412411,1692255412415,1693227676649,9,4,5
32238,1693227676649,1692255412420,1692255412424,1693227676657,8,4,4
32239,1693227676657,1692255412428,1692255412432,1693227676666,9,4,5
32240,1693227676666,1692255412439,1692255412442,1693227676676,10,3,7
32241,1693227676676,1692255412447,1692255412450,1693227676683,7,3,4
32242,1693227676683,1692255412454,1692255412457,1693227676691,8,3,5
32243,1693227676691,1692255412462,1692255412465,1693227676699,8,3,5
32244,1693227676699,1692255412469,1692255412472,1693227676706,7,3,4
32245,1693227676706,1692255412476,1692255412479,1693227676713,7,3,4
32246,1693227676713,1692255412483,1692255412486,1693227676720,7,3,4
32247,1693227676720,1692255412491,1692255412494,1693227676728,8,3,5
32248,1693227676728,1692255412498,1692255412501,1693227676735,7,3,4
32249,1693227676735,1692255412505,1692255412508,1693227676741,6,3,3
32250,1693227676741,1692255412512,1692255412515,1693227676749,8,3,5
32251,1693227676749,1692255412519,1692255412522,1693227676756,7,3,4
32252,1693227676756,1692255412526,1692255412530,1693227676764,8,4,4
32253,1693227676764,1692255412535,1692255412539,1693227676772,8,4,4
32254,1693227676772,1692255412543,1692255412547,1693227676781,9,4,5
32255,1693227676781,1692255412551,1692255412555,1693227676788,7,4,3
32256,1693227676788,1692255412559,1692255412563,1693227676796,8,4,4
32257,1693227676796,1692255412568,1692255412571,1693227676804,8,3,5
32258,1693227676804,1692255412575,1692255412578,1693227676812,8,3,5
32259,1693227676812,1692255412582,1692255412585,1693227676819,7,3,4
32260,1693227676819,1692255412591,1692255412594,1693227676828,9,3,6
32261,1693227676828,1692255412599,1692255412602,1693227676836,8,3,5
32262,1693227676836,1692255412607,1692255412610,1693227676843,7,3,4
32263,1693227676843,1692255412614,1692255412617,1693227676851,8,3,5
32264,1693227676851,1692255412622,1692255412625,1693227676859,8,3,5
32265,1693227676859,1692255412629,1692255412632,1693227676866,7,3,4
32266,1693227676866,1692255412637,1692255412640,1693227676875,9,3,6
32267,1693227676875,1692255412645,1692255412648,1693227676882,7,3,4
32268,1693227676882,1692255412653,1692255412656,1693227676890,8,3,5
32269,1693227676890,1692255412660,1692255412664,1693227676897,7,4,3
32270,1693227676897,1692255412668,1692255412671,1693227676905,8,3,5
32271,1693227676905,1692255412675,1692255412678,1693227676912,7,3,4
32272,1693227676912,1692255412682,1692255412685,1693227676919,7,3,4
32273,1693227676919,1692255412690,1692255412693,1693227676927,8,3,5
32274,1693227676927,1692255412697,1692255412700,1693227676933,6,3,3
32275,1693227676933,1692255412703,1692255412706,1693227676940,7,3,4
32276,1693227676940,1692255412711,1692255412715,1693227676949,9,4,5
32277,1693227676949,1692255412720,1692255412723,1693227676957,8,3,5
32278,1693227676957,1692255412727,1692255412731,1693227676965,8,4,4
32279,1693227676965,1692255412735,1692255412738,1693227676972,7,3,4
32280,1693227676972,1692255412742,1692255412746,1693227676979,7,4,3
32281,1693227676979,1692255412750,1692255412753,1693227676987,8,3,5
32282,1693227676987,1692255412757,1692255412761,1693227676994,7,4,3
32283,1693227676994,1692255412765,1692255412768,1693227677002,8,3,5
32284,1693227677002,1692255412773,1692255412775,1693227677009,7,2,5
32285,1693227677009,1692255412779,1692255412782,1693227677016,7,3,4
32286,1693227677016,1692255412786,1692255412790,1693227677023,7,4,3
32287,1693227677023,1692255412794,1692255412797,1693227677031,8,3,5
32288,1693227677031,1692255412801,1692255412805,1693227677039,8,4,4
32289,1693227677039,1692255412809,1692255412813,1693227677046,7,4,3
32290,1693227677046,1692255412817,1692255412820,1693227677054,8,3,5
32291,1693227677054,1692255412824,1692255412828,1693227677061,7,4,3
32292,1693227677061,1692255412832,1692255412835,1693227677069,8,3,5
32293,1693227677069,1692255412843,1692255412846,1693227677080,11,3,8
32294,1693227677080,1692255412851,1692255412854,1693227677088,8,3,5
32295,1693227677088,1692255412858,1692255412861,1693227677095,7,3,4
32296,1693227677095,1692255412865,1692255412868,1693227677102,7,3,4
32297,1693227677102,1692255412873,1692255412876,1693227677109,7,3,4
32298,1693227677109,1692255412880,1692255412883,1693227677117,8,3,5
32299,1693227677117,1692255412887,1692255412890,1693227677124,7,3,4
32300,1693227677124,1692255412895,1692255412898,1693227677131,7,3,4
32301,1693227677131,1692255412901,1692255412904,1693227677138,7,3,4
32302,1693227677138,1692255412908,1692255412911,1693227677144,6,3,3
32303,1693227677145,1692255412915,1692255412919,1693227677153,8,4,4
32304,1693227677153,1692255412924,1692255412928,1693227677161,8,4,4
32305,1693227677161,1692255412932,1692255412936,1693227677169,8,4,4
32306,1693227677169,1692255412940,1692255412944,1693227677178,9,4,5
32307,1693227677178,1692255412951,1692255412954,1693227677188,10,3,7
32308,1693227677188,1692255412958,1692255412961,1693227677195,7,3,4
32309,1693227677195,1692255412965,1692255412968,1693227677202,7,3,4
32310,1693227677202,1692255412973,1692255412977,1693227677210,8,4,4
32311,1693227677211,1692255412981,1692255412984,1693227677218,7,3,4
32312,1693227677218,1692255412988,1692255412991,1693227677225,7,3,4
32313,1693227677225,1692255412996,1692255413001,1693227677235,10,5,5
32314,1693227677235,1692255413005,1692255413008,1693227677242,7,3,4
32315,1693227677242,1692255413014,1692255413017,1693227677251,9,3,6
32316,1693227677251,1692255413021,1692255413025,1693227677258,7,4,3
32317,1693227677258,1692255413029,1692255413033,1693227677267,9,4,5
32318,1693227677267,1692255413039,1692255413043,1693227677277,10,4,6
32319,1693227677277,1692255413049,1692255413052,1693227677286,9,3,6
32320,1693227677286,1692255413058,1692255413062,1693227677296,10,4,6
32321,1693227677296,1692255413070,1692255413074,1693227677307,11,4,7
32322,1693227677307,1692255413080,1692255413083,1693227677317,10,3,7
32323,1693227677317,1692255413088,1692255413091,1693227677325,8,3,5
32324,1693227677325,1692255413095,1692255413099,1693227677333,8,4,4
32325,1693227677333,1692255413104,1692255413107,1693227677341,8,3,5
32326,1693227677341,1692255413111,1692255413114,1693227677348,7,3,4
32327,1693227677348,1692255413118,1692255413121,1693227677355,7,3,4
32328,1693227677355,1692255413125,1692255413128,1693227677362,7,3,4
32329,1693227677362,1692255413133,1692255413136,1693227677370,8,3,5
32330,1693227677370,1692255413140,1692255413144,1693227677377,7,4,3
32331,1693227677377,1692255413148,1692255413151,1693227677387,10,3,7
32332,1693227677387,1692255413157,1692255413161,1693227677395,8,4,4
32333,1693227677395,1692255413165,1692255413168,1693227677402,7,3,4
32334,1693227677402,1692255413173,1692255413176,1693227677410,8,3,5
32335,1693227677410,1692255413180,1692255413184,1693227677417,7,4,3
32336,1693227677417,1692255413187,1692255413191,1693227677424,7,4,3
32337,1693227677424,1692255413194,1692255413198,1693227677431,7,4,3
32338,1693227677431,1692255413202,1692255413204,1693227677438,7,2,5
32339,1693227677438,1692255413208,1692255413213,1693227677447,9,5,4
32340,1693227677447,1692255413217,1692255413221,1693227677455,8,4,4
32341,1693227677455,1692255413226,1692255413230,1693227677464,9,4,5
32342,1693227677464,1692255413237,1692255413241,1693227677475,11,4,7
32343,1693227677475,1692255413245,1692255413248,1693227677482,7,3,4
32344,1693227677482,1692255413252,1692255413256,1693227677491,9,4,5
32345,1693227677491,1692255413262,1692255413265,1693227677499,8,3,5
32346,1693227677499,1692255413269,1692255413272,1693227677506,7,3,4
32347,1693227677506,1692255413276,1692255413279,1693227677513,7,3,4
32348,1693227677513,1692255413284,1692255413287,1693227677521,8,3,5
32349,1693227677521,1692255413292,1692255413297,1693227677531,10,5,5
32350,1693227677531,1692255413301,1692255413304,1693227677538,7,3,4
32351,1693227677538,1692255413309,1692255413312,1693227677546,8,3,5
32352,1693227677546,1692255413317,1692255413320,1693227677554,8,3,5
32353,1693227677554,1692255413324,1692255413328,1693227677561,7,4,3
32354,1693227677561,1692255413332,1692255413335,1693227677569,8,3,5
32355,1693227677569,1692255413339,1692255413343,1693227677580,11,4,7
32356,1693227677580,1692255413351,1692255413354,1693227677588,8,3,5
32357,1693227677588,1692255413361,1692255413365,1693227677599,11,4,7
32358,1693227677599,1692255413370,1692255413373,1693227677614,15,3,12
32359,1693227677614,1692255413385,1692255413388,1693227677622,8,3,5
32360,1693227677622,1692255413392,1692255413396,1693227677629,7,4,3
32361,1693227677629,1692255413400,1692255413403,1693227677637,8,3,5
32362,1693227677637,1692255413408,1692255413411,1693227677644,7,3,4
32363,1693227677645,1692255413415,1692255413418,1693227677655,10,3,7
32364,1693227677655,1692255413426,1692255413429,1693227677663,8,3,5
32365,1693227677663,1692255413433,1692255413436,1693227677670,7,3,4
32366,1693227677670,1692255413440,1692255413444,1693227677678,8,4,4
32367,1693227677678,1692255413449,1692255413452,1693227677686,8,3,5
32368,1693227677686,1692255413457,1692255413460,1693227677694,8,3,5
32369,1693227677694,1692255413465,1692255413468,1693227677702,8,3,5
32370,1693227677703,1692255413473,1692255413476,1693227677710,7,3,4
32371,1693227677710,1692255413481,1692255413484,1693227677719,9,3,6
32372,1693227677719,1692255413490,1692255413493,1693227677727,8,3,5
32373,1693227677727,1692255413497,1692255413500,1693227677733,6,3,3
32374,1693227677733,1692255413504,1692255413507,1693227677741,8,3,5
32375,1693227677741,1692255413512,1692255413516,1693227677750,9,4,5
32376,1693227677750,1692255413521,1692255413524,1693227677758,8,3,5
32377,1693227677758,1692255413528,1692255413531,1693227677765,7,3,4
32378,1693227677765,1692255413535,1692255413538,1693227677772,7,3,4
32379,1693227677772,1692255413543,1692255413546,1693227677780,8,3,5
32380,1693227677780,1692255413551,1692255413554,1693227677788,8,3,5
32381,1693227677788,1692255413558,1692255413562,1693227677796,8,4,4
32382,1693227677796,1692255413567,1692255413570,1693227677803,7,3,4
32383,1693227677803,1692255413574,1692255413577,1693227677811,8,3,5
32384,1693227677811,1692255413581,1692255413584,1693227677818,7,3,4
32385,1693227677818,1692255413589,1692255413592,1693227677826,8,3,5
32386,1693227677826,1692255413597,1692255413601,1693227677835,9,4,5
32387,1693227677835,1692255413607,1692255413610,1693227677844,9,3,6
32388,1693227677844,1692255413615,1692255413618,1693227677852,8,3,5
32389,1693227677852,1692255413623,1692255413625,1693227677859,7,2,5
32390,1693227677859,1692255413630,1692255413633,1693227677867,8,3,5
32391,1693227677867,1692255413638,1692255413642,1693227677876,9,4,5
32392,1693227677876,1692255413646,1692255413649,1693227677883,7,3,4
32393,1693227677883,1692255413653,1692255413656,1693227677890,7,3,4
32394,1693227677890,1692255413661,1692255413664,1693227677898,8,3,5
32395,1693227677898,1692255413670,1692255413673,1693227677907,9,3,6
32396,1693227677907,1692255413678,1692255413682,1693227677915,8,4,4
32397,1693227677915,1692255413686,1692255413689,1693227677923,8,3,5
32398,1693227677923,1692255413693,1692255413697,1693227677931,8,4,4
32399,1693227677931,1692255413701,1692255413704,1693227677938,7,3,4
32400,1693227677938,1692255413708,1692255413711,1693227677944,6,3,3
32401,1693227677944,1692255413715,1692255413717,1693227677951,7,2,5
32402,1693227677951,1692255413721,1692255413723,1693227677957,6,2,4
32403,1693227677957,1692255413728,1692255413731,1693227677964,7,3,4
32404,1693227677964,1692255413734,1692255413737,1693227677971,7,3,4
32405,1693227677971,1692255413742,1692255413745,1693227677978,7,3,4
32406,1693227677978,1692255413749,1692255413752,1693227677985,7,3,4
32407,1693227677985,1692255413755,1692255413758,1693227677992,7,3,4
32408,1693227677992,1692255413762,1692255413765,1693227678001,9,3,6
32409,1693227678001,1692255413771,1692255413774,1693227678007,6,3,3
32410,1693227678007,1692255413778,1692255413781,1693227678015,8,3,5
32411,1693227678015,1692255413785,1692255413788,1693227678022,7,3,4
32412,1693227678022,1692255413792,1692255413795,1693227678029,7,3,4
32413,1693227678029,1692255413800,1692255413803,1693227678037,8,3,5
32414,1693227678037,1692255413807,1692255413810,1693227678043,6,3,3
32415,1693227678043,1692255413814,1692255413817,1693227678051,8,3,5
32416,1693227678051,1692255413821,1692255413824,1693227678058,7,3,4
32417,1693227678058,1692255413829,1692255413832,1693227678065,7,3,4
32418,1693227678065,1692255413836,1692255413839,1693227678072,7,3,4
32419,1693227678072,1692255413842,1692255413845,1693227678079,7,3,4
32420,1693227678079,1692255413850,1692255413852,1693227678086,7,2,5
32421,1693227678086,1692255413856,1692255413860,1693227678093,7,4,3
32422,1693227678093,1692255413864,1692255413869,1693227678103,10,5,5
32423,1693227678104,1692255413875,1692255413877,1693227678111,7,2,5
32424,1693227678111,1692255413882,1692255413885,1693227678119,8,3,5
32425,1693227678119,1692255413890,1692255413892,1693227678126,7,2,5
32426,1693227678126,1692255413896,1692255413900,1693227678133,7,4,3
32427,1693227678133,1692255413904,1692255413907,1693227678141,8,3,5
32428,1693227678141,1692255413913,1692255413915,1693227678149,8,2,6
32429,1693227678149,1692255413920,1692255413923,1693227678156,7,3,4
32430,1693227678156,1692255413927,1692255413931,1693227678164,8,4,4
32431,1693227678164,1692255413934,1692255413937,1693227678171,7,3,4
32432,1693227678171,1692255413944,1692255413947,1693227678181,10,3,7
32433,1693227678181,1692255413952,1692255413955,1693227678189,8,3,5
32434,1693227678189,1692255413960,1692255413963,1693227678196,7,3,4
32435,1693227678196,1692255413967,1692255413970,1693227678206,10,3,7
32436,1693227678206,1692255413976,1692255413980,1693227678214,8,4,4
32437,1693227678214,1692255413985,1692255413987,1693227678221,7,2,5
32438,1693227678221,1692255413992,1692255413995,1693227678229,8,3,5
32439,1693227678229,1692255413999,1692255414002,1693227678236,7,3,4
32440,1693227678236,1692255414006,1692255414009,1693227678243,7,3,4
32441,1693227678243,1692255414014,1692255414018,1693227678252,9,4,5
32442,1693227678252,1692255414022,1692255414025,1693227678259,7,3,4
32443,1693227678259,1692255414030,1692255414033,1693227678266,7,3,4
32444,1693227678267,1692255414037,1692255414041,1693227678275,8,4,4
32445,1693227678275,1692255414045,1692255414049,1693227678282,7,4,3
32446,1693227678282,1692255414054,1692255414057,1693227678291,9,3,6
32447,1693227678291,1692255414062,1692255414064,1693227678298,7,2,5
32448,1693227678298,1692255414068,1692255414072,1693227678309,11,4,7
32449,1693227678309,1692255414080,1692255414083,1693227678317,8,3,5
32450,1693227678317,1692255414088,1692255414091,1693227678325,8,3,5
32451,1693227678325,1692255414097,1692255414101,1693227678335,10,4,6
32452,1693227678335,1692255414105,1692255414109,1693227678344,9,4,5
32453,1693227678344,1692255414134,1692255414137,1693227678371,27,3,24
32454,1693227678371,1692255414142,1692255414146,1693227678390,19,4,15
32455,1693227678390,1692255414165,1692255414169,1693227678403,13,4,9
32456,1693227678403,1692255414173,1692255414176,1693227678411,8,3,5
32457,1693227678411,1692255414181,1692255414185,1693227678419,8,4,4
32458,1693227678419,1692255414189,1692255414192,1693227678426,7,3,4
32459,1693227678426,1692255414197,1692255414202,1693227678436,10,5,5
32460,1693227678436,1692255414208,1692255414211,1693227678446,10,3,7
32461,1693227678446,1692255414216,1692255414219,1693227678453,7,3,4
32462,1693227678453,1692255414223,1692255414226,1693227678460,7,3,4
32463,1693227678460,1692255414231,1692255414235,1693227678469,9,4,5
32464,1693227678469,1692255414240,1692255414243,1693227678477,8,3,5
32465,1693227678477,1692255414248,1692255414252,1693227678486,9,4,5
32466,1693227678486,1692255414260,1692255414264,1693227678498,12,4,8
32467,1693227678498,1692255414269,1692255414271,1693227678505,7,2,5
32468,1693227678505,1692255414276,1692255414279,1693227678516,11,3,8
32469,1693227678516,1692255414286,1692255414290,1693227678524,8,4,4
32470,1693227678524,1692255414295,1692255414298,1693227678532,8,3,5
32471,1693227678532,1692255414302,1692255414305,1693227678539,7,3,4
32472,1693227678539,1692255414309,1692255414311,1693227678545,6,2,4
32473,1693227678545,1692255414316,1692255414319,1693227678553,8,3,5
32474,1693227678553,1692255414323,1692255414327,1693227678560,7,4,3
32475,1693227678561,1692255414331,1692255414335,1693227678568,7,4,3
32476,1693227678568,1692255414339,1692255414342,1693227678576,8,3,5
32477,1693227678576,1692255414346,1692255414349,1693227678582,6,3,3
32478,1693227678582,1692255414353,1692255414356,1693227678590,8,3,5
32479,1693227678590,1692255414360,1692255414363,1693227678597,7,3,4
32480,1693227678597,1692255414368,1692255414371,1693227678605,8,3,5
32481,1693227678605,1692255414376,1692255414380,1693227678616,11,4,7
32482,1693227678616,1692255414386,1692255414390,1693227678624,8,4,4
32483,1693227678624,1692255414398,1692255414400,1693227678634,10,2,8
32484,1693227678634,1692255414404,1692255414407,1693227678641,7,3,4
32485,1693227678641,1692255414411,1692255414414,1693227678648,7,3,4
32486,1693227678648,1692255414420,1692255414423,1693227678661,13,3,10
32487,1693227678661,1692255414432,1692255414435,1693227678669,8,3,5
32488,1693227678669,1692255414439,1692255414443,1693227678677,8,4,4
32489,1693227678677,1692255414448,1692255414450,1693227678685,8,2,6
32490,1693227678685,1692255414455,1692255414459,1693227678693,8,4,4
32491,1693227678693,1692255414463,1692255414466,1693227678700,7,3,4
32492,1693227678700,1692255414470,1692255414473,1693227678707,7,3,4
32493,1693227678707,1692255414478,1692255414480,1693227678714,7,2,5
32494,1693227678714,1692255414487,1692255414492,1693227678726,12,5,7
32495,1693227678726,1692255414496,1692255414500,1693227678734,8,4,4
32496,1693227678734,1692255414505,1692255414508,1693227678741,7,3,4
32497,1693227678741,1692255414512,1692255414515,1693227678748,7,3,4
32498,1693227678749,1692255414519,1692255414522,1693227678756,7,3,4
32499,1693227678756,1692255414527,1692255414530,1693227678764,8,3,5
32500,1693227678764,1692255414535,1692255414539,1693227678772,8,4,4
32501,1693227678772,1692255414543,1692255414546,1693227678780,8,3,5
32502,1693227678780,1692255414550,1692255414553,1693227678787,7,3,4
32503,1693227678787,1692255414557,1692255414561,1693227678795,8,4,4
32504,1693227678795,1692255414565,1692255414568,1693227678802,7,3,4
32505,1693227678802,1692255414573,1692255414577,1693227678810,8,4,4
32506,1693227678810,1692255414581,1692255414585,1693227678820,10,4,6
32507,1693227678820,1692255414591,1692255414594,1693227678828,8,3,5
32508,1693227678828,1692255414598,1692255414602,1693227678836,8,4,4
32509,1693227678836,1692255414606,1692255414609,1693227678843,7,3,4
32510,1693227678843,1692255414613,1692255414616,1693227678850,7,3,4
32511,1693227678850,1692255414620,1692255414624,1693227678858,8,4,4
32512,1693227678858,1692255414629,1692255414632,1693227678866,8,3,5
32513,1693227678866,1692255414637,1692255414642,1693227678877,11,5,6
32514,1693227678877,1692255414647,1692255414651,1693227678885,8,4,4
32515,1693227678885,1692255414655,1692255414659,1693227678892,7,4,3
32516,1693227678892,1692255414663,1692255414666,1693227678899,7,3,4
32517,1693227678899,1692255414670,1692255414673,1693227678906,7,3,4
32518,1693227678906,1692255414677,1692255414680,1693227678914,8,3,5
32519,1693227678914,1692255414684,1692255414687,1693227678923,9,3,6
32520,1693227678923,1692255414693,1692255414697,1693227678931,8,4,4
32521,1693227678931,1692255414702,1692255414704,1693227678938,7,2,5
32522,1693227678938,1692255414709,1692255414712,1693227678946,8,3,5
32523,1693227678946,1692255414719,1692255414721,1693227678955,9,2,7
32524,1693227678955,1692255414726,1692255414729,1693227678963,8,3,5
32525,1693227678963,1692255414733,1692255414736,1693227678970,7,3,4
32526,1693227678970,1692255414740,1692255414743,1693227678977,7,3,4
32527,1693227678977,1692255414748,1692255414751,1693227678984,7,3,4
32528,1693227678984,1692255414755,1692255414758,1693227678992,8,3,5
32529,1693227678992,1692255414763,1692255414768,1693227679002,10,5,5
32530,1693227679002,1692255414773,1692255414777,1693227679011,9,4,5
32531,1693227679011,1692255414781,1692255414784,1693227679018,7,3,4
32532,1693227679018,1692255414789,1692255414792,1693227679026,8,3,5
32533,1693227679026,1692255414796,1692255414800,1693227679033,7,4,3
32534,1693227679034,1692255414804,1692255414807,1693227679041,7,3,4
32535,1693227679041,1692255414811,1692255414814,1693227679048,7,3,4
32536,1693227679048,1692255414818,1692255414822,1693227679055,7,4,3
32537,1693227679055,1692255414826,1692255414830,1693227679063,8,4,4
32538,1693227679063,1692255414834,1692255414837,1693227679071,8,3,5
32539,1693227679071,1692255414841,1692255414844,1693227679078,7,3,4
32540,1693227679078,1692255414849,1692255414852,1693227679086,8,3,5
32541,1693227679086,1692255414856,1692255414860,1693227679093,7,4,3
32542,1693227679093,1692255414864,1692255414867,1693227679101,8,3,5
32543,1693227679101,1692255414871,1692255414874,1693227679108,7,3,4
32544,1693227679108,1692255414878,1692255414881,1693227679118,10,3,7
32545,1693227679118,1692255414889,1692255414892,1693227679127,9,3,6
32546,1693227679127,1692255414898,1692255414901,1693227679135,8,3,5
32547,1693227679135,1692255414906,1692255414909,1693227679142,7,3,4
32548,1693227679142,1692255414913,1692255414916,1693227679150,8,3,5
32549,1693227679150,1692255414920,1692255414922,1693227679156,6,2,4
32550,1693227679156,1692255414927,1692255414929,1693227679163,7,2,5
32551,1693227679163,1692255414933,1692255414937,1693227679171,8,4,4
32552,1693227679171,1692255414942,1692255414945,1693227679179,8,3,5
32553,1693227679179,1692255414950,1692255414953,1693227679187,8,3,5
32554,1693227679187,1692255414958,1692255414962,1693227679195,8,4,4
32555,1693227679196,1692255414966,1692255414969,1693227679203,7,3,4
32556,1693227679203,1692255414973,1692255414976,1693227679210,7,3,4
32557,1693227679210,1692255414980,1692255414983,1693227679217,7,3,4
32558,1693227679217,1692255414988,1692255414991,1693227679224,7,3,4
32559,1693227679224,1692255414995,1692255414998,1693227679232,8,3,5
32560,1693227679232,1692255415002,1692255415006,1693227679240,8,4,4
32561,1693227679240,1692255415010,1692255415014,1693227679247,7,4,3
32562,1693227679247,1692255415018,1692255415020,1693227679254,7,2,5
32563,1693227679254,1692255415025,1692255415029,1693227679263,9,4,5
32564,1693227679263,1692255415034,1692255415036,1693227679270,7,2,5
32565,1693227679270,1692255415040,1692255415043,1693227679277,7,3,4
32566,1693227679277,1692255415048,1692255415051,1693227679285,8,3,5
32567,1693227679285,1692255415056,1692255415061,1693227679295,10,5,5
32568,1693227679295,1692255415065,1692255415069,1693227679302,7,4,3
32569,1693227679302,1692255415073,1692255415076,1693227679310,8,3,5
32570,1693227679310,1692255415080,1692255415084,1693227679317,7,4,3
32571,1693227679317,1692255415088,1692255415091,1693227679325,8,3,5
32572,1693227679325,1692255415095,1692255415098,1693227679332,7,3,4
32573,1693227679332,1692255415103,1692255415106,1693227679339,7,3,4
32574,1693227679339,1692255415110,1692255415113,1693227679347,8,3,5
32575,1693227679347,1692255415118,1692255415122,1693227679356,9,4,5
32576,1693227679356,1692255415126,1692255415130,1693227679364,8,4,4
32577,1693227679364,1692255415134,1692255415137,1693227679371,7,3,4
32578,1693227679371,1692255415141,1692255415145,1693227679379,8,4,4
32579,1693227679379,1692255415150,1692255415153,1693227679387,8,3,5
32580,1693227679387,1692255415158,1692255415161,1693227679395,8,3,5
32581,1693227679395,1692255415165,1692255415168,1693227679402,7,3,4
32582,1693227679402,1692255415173,1692255415176,1693227679410,8,3,5
32583,1693227679410,1692255415181,1692255415184,1693227679418,8,3,5
32584,1693227679418,1692255415188,1692255415191,1693227679425,7,3,4
32585,1693227679425,1692255415196,1692255415200,1693227679434,9,4,5
32586,1693227679434,1692255415205,1692255415208,1693227679442,8,3,5
32587,1693227679442,1692255415538,1692255415541,1693227679775,333,3,330
32588,1693227679775,1692255415546,1692255415549,1693227679782,7,3,4
32589,1693227679782,1692255415553,1692255415556,1693227679789,7,3,4
32590,1693227679789,1692255415560,1692255415563,1693227679797,8,3,5
32591,1693227679797,1692255415568,1692255415573,1693227679807,10,5,5
32592,1693227679807,1692255415578,1692255415581,1693227679815,8,3,5
32593,1693227679815,1692255415586,1692255415589,1693227679823,8,3,5
32594,1693227679823,1692255415594,1692255415597,1693227679830,7,3,4
32595,1693227679830,1692255415601,1692255415605,1693227679839,9,4,5
32596,1693227679839,1692255415610,1692255415613,1693227679849,10,3,7
32597,1693227679849,1692255415620,1692255415624,1693227679857,8,4,4
32598,1693227679857,1692255415628,1692255415631,1693227679865,8,3,5
32599,1693227679865,1692255415636,1692255415639,1693227679873,8,3,5
32600,1693227679873,1692255415645,1692255415648,1693227679882,9,3,6
32601,1693227679882,1692255415652,1692255415656,1693227679889,7,4,3
32602,1693227679889,1692255415660,1692255415664,1693227679897,8,4,4
32603,1693227679897,1692255415667,1692255415672,1693227679906,9,5,4
32604,1693227679906,1692255415676,1692255415679,1693227679913,7,3,4
32605,1693227679913,1692255415683,1692255415687,1693227679921,8,4,4
32606,1693227679921,1692255415692,1692255415695,1693227679929,8,3,5
32607,1693227679929,1692255415701,1692255415705,1693227679938,9,4,5
32608,1693227679938,1692255415709,1692255415712,1693227679947,9,3,6
32609,1693227679947,1692255415718,1692255415722,1693227679956,9,4,5
32610,1693227679956,1692255415727,1692255415731,1693227679965,9,4,5
32611,1693227679965,1692255415736,1692255415739,1693227679973,8,3,5
32612,1693227679973,1692255415744,1692255415746,1693227679980,7,2,5
32613,1693227679980,1692255415750,1692255415753,1693227679987,7,3,4
32614,1693227679987,1692255415757,1692255415761,1693227679994,7,4,3
32615,1693227679994,1692255415765,1692255415768,1693227680002,8,3,5
32616,1693227680002,1692255415773,1692255415777,1693227680011,9,4,5
32617,1693227680011,1692255415782,1692255415787,1693227680021,10,5,5
32618,1693227680021,1692255415791,1692255415794,1693227680027,6,3,3
32619,1693227680027,1692255415798,1692255415801,1693227680035,8,3,5
32620,1693227680035,1692255415805,1692255415809,1693227680042,7,4,3
32621,1693227680042,1692255415813,1692255415816,1693227680050,8,3,5
32622,1693227680050,1692255415821,1692255415825,1693227680059,9,4,5
32623,1693227680059,1692255415829,1692255415833,1693227680066,7,4,3
32624,1693227680066,1692255415837,1692255415840,1693227680074,8,3,5
32625,1693227680074,1692255415844,1692255415847,1693227680081,7,3,4
32626,1693227680081,1692255415851,1692255415854,1693227680088,7,3,4
32627,1693227680088,1692255415859,1692255415862,1693227680095,7,3,4
32628,1693227680095,1692255415866,1692255415870,1693227680103,8,4,4
32629,1693227680103,1692255415874,1692255415877,1693227680111,8,3,5
32630,1693227680111,1692255415881,1692255415884,1693227680118,7,3,4
32631,1693227680118,1692255415889,1692255415892,1693227680126,8,3,5
32632,1693227680126,1692255415896,1692255415900,1693227680134,8,4,4
32633,1693227680134,1692255415905,1692255415907,1693227680141,7,2,5
32634,1693227680141,1692255415911,1692255415914,1693227680148,7,3,4
32635,1693227680148,1692255415920,1692255415924,1693227680157,9,4,5
32636,1693227680157,1692255415928,1692255415932,1693227680165,8,4,4
32637,1693227680165,1692255415936,1692255415939,1693227680173,8,3,5
32638,1693227680173,1692255415944,1692255415947,1693227680181,8,3,5
32639,1693227680181,1692255415951,1692255415956,1693227680190,9,5,4
32640,1693227680190,1692255415960,1692255415964,1693227680198,8,4,4
32641,1693227680198,1692255415968,1692255415971,1693227680204,6,3,3
32642,1693227680204,1692255415975,1692255415978,1693227680212,8,3,5
32643,1693227680212,1692255415983,1692255415986,1693227680220,8,3,5
32644,1693227680220,1692255415990,1692255415993,1693227680226,6,3,3
32645,1693227680226,1692255415997,1692255416000,1693227680233,7,3,4
32646,1693227680233,1692255416004,1692255416008,1693227680242,9,4,5
32647,1693227680242,1692255416013,1692255416015,1693227680249,7,2,5
32648,1693227680250,1692255416023,1692255416026,1693227680260,10,3,7
32649,1693227680260,1692255416031,1692255416034,1693227680268,8,3,5
32650,1693227680268,1692255416039,1692255416043,1693227680276,8,4,4
32651,1693227680276,1692255416047,1692255416051,1693227680284,8,4,4
32652,1693227680284,1692255416054,1692255416058,1693227680291,7,4,3
32653,1693227680291,1692255416061,1692255416064,1693227680298,7,3,4
32654,1693227680298,1692255416069,1692255416072,1693227680306,8,3,5
32655,1693227680306,1692255416076,1692255416079,1693227680313,7,3,4
32656,1693227680313,1692255416083,1692255416086,1693227680319,6,3,3
32657,1693227680319,1692255416090,1692255416093,1693227680327,8,3,5
32658,1693227680327,1692255416097,1692255416101,1693227680334,7,4,3
32659,1693227680334,1692255416105,1692255416108,1693227680341,7,3,4
32660,1693227680341,1692255416113,1692255416116,1693227680349,8,3,5
32661,1693227680349,1692255416120,1692255416124,1693227680361,12,4,8
32662,1693227680361,1692255416131,1692255416135,1693227680368,7,4,3
32663,1693227680368,1692255416139,1692255416141,1693227680375,7,2,5
32664,1693227680375,1692255416146,1692255416148,1693227680382,7,2,5
32665,1693227680382,1692255416152,1692255416155,1693227680389,7,3,4
32666,1693227680389,1692255416159,1692255416163,1693227680396,7,4,3
32667,1693227680396,1692255416167,1692255416170,1693227680404,8,3,5
32668,1693227680404,1692255416174,1692255416178,1693227680412,8,4,4
32669,1693227680412,1692255416182,1692255416185,1693227680420,8,3,5
32670,1693227680420,1692255416191,1692255416194,1693227680428,8,3,5
32671,1693227680428,1692255416198,1692255416200,1693227680434,6,2,4
32672,1693227680434,1692255416204,1692255416207,1693227680441,7,3,4
32673,1693227680441,1692255416212,1692255416215,1693227680448,7,3,4
32674,1693227680448,1692255416219,1692255416222,1693227680461,13,3,10
32675,1693227680461,1692255416232,1692255416235,1693227680469,8,3,5
32676,1693227680469,1692255416239,1692255416243,1693227680477,8,4,4
32677,1693227680477,1692255416248,1692255416251,1693227680485,8,3,5
32678,1693227680485,1692255416256,1692255416259,1693227680493,8,3,5
32679,1693227680493,1692255416264,1692255416267,1693227680501,8,3,5
32680,1693227680501,1692255416272,1692255416275,1693227680509,8,3,5
32681,1693227680509,1692255416279,1692255416284,1693227680517,8,5,3
32682,1693227680518,1692255416288,1692255416291,1693227680525,7,3,4
32683,1693227680525,1692255416296,1692255416299,1693227680533,8,3,5
32684,1693227680533,1692255416303,1692255416307,1693227680541,8,4,4
32685,1693227680541,1692255416311,1692255416315,1693227680549,8,4,4
32686,1693227680549,1692255416319,1692255416322,1693227680556,7,3,4
32687,1693227680556,1692255416326,1692255416330,1693227680564,8,4,4
32688,1693227680564,1692255416334,1692255416337,1693227680571,7,3,4
32689,1693227680571,1692255416342,1692255416346,1693227680580,9,4,5
32690,1693227680580,1692255416351,1692255416354,1693227680588,8,3,5
32691,1693227680588,1692255416358,1692255416362,1693227680596,8,4,4
32692,1693227680596,1692255416366,1692255416369,1693227680603,7,3,4
32693,1693227680603,1692255416374,1692255416378,1693227680612,9,4,5
32694,1693227680612,1692255416383,1692255416386,1693227680620,8,3,5
32695,1693227680620,1692255416391,1692255416394,1693227680628,8,3,5
32696,1693227680628,1692255416399,1692255416402,1693227680636,8,3,5
32697,1693227680636,1692255416406,1692255416409,1693227680643,7,3,4
32698,1693227680643,1692255416414,1692255416417,1693227680651,8,3,5
32699,1693227680651,1692255416421,1692255416424,1693227680658,7,3,4
32700,1693227680658,1692255416428,1692255416431,1693227680665,7,3,4
32701,1693227680665,1692255416436,1692255416439,1693227680674,9,3,6
32702,1693227680674,1692255416444,1692255416447,1693227680681,7,3,4
32703,1693227680681,1692255416451,1692255416454,1693227680688,7,3,4
32704,1693227680688,1692255416459,1692255416463,1693227680697,9,4,5
32705,1693227680697,1692255416468,1692255416471,1693227680705,8,3,5
32706,1693227680705,1692255416476,1692255416480,1693227680713,8,4,4
32707,1693227680713,1692255416484,1692255416487,1693227680721,8,3,5
32708,1693227680721,1692255416491,1692255416495,1693227680728,7,4,3
32709,1693227680728,1692255416499,1692255416502,1693227680736,8,3,5
32710,1693227680736,1692255416507,1692255416510,1693227680744,8,3,5
32711,1693227680744,1692255416514,1692255416517,1693227680751,7,3,4
32712,1693227680751,1692255416522,1692255416525,1693227680758,7,3,4
32713,1693227680758,1692255416528,1692255416533,1693227680767,9,5,4
32714,1693227680767,1692255416538,1692255416542,1693227680775,8,4,4
32715,1693227680775,1692255416547,1692255416550,1693227680784,9,3,6
32716,1693227680784,1692255416554,1692255416557,1693227680791,7,3,4
32717,1693227680791,1692255416562,1692255416565,1693227680798,7,3,4
32718,1693227680798,1692255416568,1692255416571,1693227680805,7,3,4
32719,1693227680805,1692255416576,1692255416579,1693227680813,8,3,5
32720,1693227680813,1692255416584,1692255416587,1693227680821,8,3,5
32721,1693227680821,1692255416592,1692255416595,1693227680829,8,3,5
32722,1693227680829,1692255416600,1692255416603,1693227680837,8,3,5
32723,1693227680837,1692255416607,1692255416610,1693227680844,7,3,4
32724,1693227680844,1692255416615,1692255416619,1693227680853,9,4,5
32725,1693227680853,1692255416624,1692255416627,1693227680861,8,3,5
32726,1693227680861,1692255416631,1692255416635,1693227680869,8,4,4
32727,1693227680869,1692255416640,1692255416643,1693227680877,8,3,5
32728,1693227680877,1692255416647,1692255416651,1693227680885,8,4,4
32729,1693227680885,1692255416655,1692255416658,1693227680892,7,3,4
32730,1693227680892,1692255416663,1692255416666,1693227680899,7,3,4
32731,1693227680899,1692255416670,1692255416672,1693227680906,7,2,5
32732,1693227680906,1692255416677,1692255416681,1693227680915,9,4,5
32733,1693227680915,1692255416686,1692255416688,1693227680922,7,2,5
32734,1693227680922,1692255416692,1692255416696,1693227680929,7,4,3
32735,1693227680929,1692255416702,1692255416705,1693227680939,10,3,7
32736,1693227680939,1692255416710,1692255416713,1693227680946,7,3,4
32737,1693227680947,1692255416717,1692255416720,1693227680954,7,3,4
32738,1693227680954,1692255416724,1692255416728,1693227680962,8,4,4
32739,1693227680962,1692255416732,1692255416736,1693227680971,9,4,5
32740,1693227680971,1692255416741,1692255416745,1693227680979,8,4,4
32741,1693227680979,1692255416750,1692255416753,1693227680987,8,3,5
32742,1693227680987,1692255416758,1692255416761,1693227680995,8,3,5
32743,1693227680995,1692255416766,1692255416769,1693227681003,8,3,5
32744,1693227681003,1692255416773,1692255416776,1693227681009,6,3,3
32745,1693227681009,1692255416780,1692255416783,1693227681017,8,3,5
32746,1693227681017,1692255416788,1692255416791,1693227681024,7,3,4
32747,1693227681024,1692255416795,1692255416798,1693227681032,8,3,5
32748,1693227681032,1692255416803,1692255416806,1693227681039,7,3,4
32749,1693227681039,1692255416810,1692255416812,1693227681046,7,2,5
32750,1693227681046,1692255416816,1692255416821,1693227681055,9,5,4
32751,1693227681055,1692255416825,1692255416829,1693227681063,8,4,4
32752,1693227681063,1692255416842,1692255416846,1693227681080,17,4,13
32753,1693227681080,1692255416851,1692255416854,1693227681088,8,3,5
32754,1693227681088,1692255416858,1692255416861,1693227681095,7,3,4
32755,1693227681095,1692255416865,1692255416869,1693227681103,8,4,4
32756,1693227681103,1692255416874,1692255416878,1693227681112,9,4,5
32757,1693227681112,1692255416883,1692255416886,1693227681120,8,3,5
32758,1693227681120,1692255416894,1692255416898,1693227681131,11,4,7
32759,1693227681131,1692255416901,1692255416905,1693227681138,7,4,3
32760,1693227681138,1692255416909,1692255416912,1693227681146,8,3,5
32761,1693227681146,1692255416916,1692255416919,1693227681153,7,3,4
32762,1693227681153,1692255416924,1692255416927,1693227681161,8,3,5
32763,1693227681161,1692255416932,1692255416935,1693227681169,8,3,5
32764,1693227681169,1692255416939,1692255416943,1693227681176,7,4,3
32765,1693227681176,1692255416947,1692255416950,1693227681184,8,3,5
32766,1693227681184,1692255416954,1692255416957,1693227681191,7,3,4
32767,1693227681191,1692255416962,1692255416965,1693227681199,8,3,5
32768,1693227681199,1692255416970,1692255416974,1693227681207,8,4,4
32769,1693227681207,1692255416978,1692255416981,1693227681214,7,3,4
32770,1693227681214,1692255416985,1692255416988,1693227681222,8,3,5
32771,1693227681222,1692255416992,1692255416995,1693227681229,7,3,4
32772,1693227681229,1692255417001,1692255417004,1693227681237,8,3,5
32773,1693227681237,1692255417008,1692255417011,1693227681245,8,3,5
32774,1693227681245,1692255417016,1692255417020,1693227681254,9,4,5
32775,1693227681254,1692255417024,1692255417028,1693227681262,8,4,4
32776,1693227681262,1692255417032,1692255417035,1693227681269,7,3,4
32777,1693227681269,1692255417040,1692255417043,1693227681278,9,3,6
32778,1693227681278,1692255417048,1692255417052,1693227681285,7,4,3
32779,1693227681285,1692255417055,1692255417061,1693227681295,10,6,4
32780,1693227681295,1692255417065,1692255417068,1693227681302,7,3,4
32781,1693227681302,1692255417074,1692255417076,1693227681310,8,2,6
32782,1693227681310,1692255417081,1692255417084,1693227681318,8,3,5
32783,1693227681318,1692255417088,1692255417092,1693227681326,8,4,4
32784,1693227681326,1692255417096,1692255417100,1693227681333,7,4,3
32785,1693227681333,1692255417104,1692255417106,1693227681340,7,2,5
32786,1693227681340,1692255417111,1692255417115,1693227681349,9,4,5
32787,1693227681349,1692255417119,1692255417122,1693227681356,7,3,4
32788,1693227681356,1692255417127,1692255417129,1693227681363,7,2,5
32789,1693227681363,1692255417134,1692255417137,1693227681370,7,3,4
32790,1693227681370,1692255417141,1692255417144,1693227681381,11,3,8
32791,1693227681381,1692255417151,1692255417155,1693227681389,8,4,4
32792,1693227681389,1692255417160,1692255417164,1693227681397,8,4,4
32793,1693227681397,1692255417168,1692255417171,1693227681406,9,3,6
32794,1693227681406,1692255417176,1692255417179,1693227681413,7,3,4
32795,1693227681413,1692255417183,1692255417187,1693227681421,8,4,4
32796,1693227681421,1692255417192,1692255417195,1693227681429,8,3,5
32797,1693227681429,1692255417199,1692255417202,1693227681436,7,3,4
32798,1693227681436,1692255417207,1692255417210,1693227681444,8,3,5
32799,1693227681444,1692255417215,1692255417218,1693227681452,8,3,5
32800,1693227681452,1692255417222,1692255417226,1693227681460,8,4,4
32801,1693227681460,1692255417231,1692255417234,1693227681467,7,3,4
32802,1693227681467,1692255417238,1692255417242,1693227681475,8,4,4
32803,1693227681475,1692255417246,1692255417250,1693227681483,8,4,4
32804,1693227681483,1692255417254,1692255417257,1693227681492,9,3,6
32805,1693227681492,1692255417263,1692255417266,1693227681500,8,3,5
32806,1693227681500,1692255417271,1692255417274,1693227681508,8,3,5
32807,1693227681509,1692255417280,1692255417283,1693227681517,8,3,5
32808,1693227681517,1692255417288,1692255417291,1693227681525,8,3,5
32809,1693227681525,1692255417296,1692255417299,1693227681533,8,3,5
32810,1693227681533,1692255417304,1692255417307,1693227681541,8,3,5
32811,1693227681541,1692255417312,1692255417315,1693227681548,7,3,4
32812,1693227681548,1692255417319,1692255417322,1693227681556,8,3,5
32813,1693227681556,1692255417327,1692255417331,1693227681565,9,4,5
32814,1693227681565,1692255417336,1692255417339,1693227681573,8,3,5
32815,1693227681573,1692255417343,1692255417346,1693227681580,7,3,4
32816,1693227681580,1692255417353,1692255417357,1693227681590,10,4,6
32817,1693227681591,1692255417361,1692255417365,1693227681599,8,4,4
32818,1693227681599,1692255417369,1692255417373,1693227681607,8,4,4
32819,1693227681607,1692255417377,1692255417381,1693227681614,7,4,3
32820,1693227681614,1692255417385,1692255417388,1693227681622,8,3,5
32821,1693227681622,1692255417393,1692255417396,1693227681630,8,3,5
32822,1693227681630,1692255417410,1692255417413,1693227681649,19,3,16
32823,1693227681649,1692255417420,1692255417427,1693227681661,12,7,5
32824,1693227681661,1692255417436,1692255417439,1693227681679,18,3,15
32825,1693227681679,1692255417454,1692255417457,1693227681697,18,3,15
32826,1693227681697,1692255417468,1692255417471,1693227681705,8,3,5
32827,1693227681705,1692255417488,1692255417492,1693227681736,31,4,27
32828,1693227681736,1692255417506,1692255417510,1693227681744,8,4,4
32829,1693227681744,1692255417514,1692255417517,1693227681751,7,3,4
32830,1693227681751,1692255417523,1692255417527,1693227681760,9,4,5
32831,1693227681761,1692255417531,1692255417535,1693227681768,7,4,3
32832,1693227681768,1692255417539,1692255417542,1693227681776,8,3,5
32833,1693227681776,1692255417546,1692255417550,1693227681783,7,4,3
32834,1693227681783,1692255417554,1692255417557,1693227681791,8,3,5
32835,1693227681791,1692255417562,1692255417567,1693227681801,10,5,5
32836,1693227681801,1692255417571,1692255417574,1693227681808,7,3,4
32837,1693227681808,1692255417579,1692255417581,1693227681815,7,2,5
32838,1693227681815,1692255417586,1692255417590,1693227681823,8,4,4
32839,1693227681824,1692255417594,1692255417597,1693227681831,7,3,4
32840,1693227681831,1692255417601,1692255417605,1693227681838,7,4,3
32841,1693227681838,1692255417609,1692255417613,1693227681847,9,4,5
32842,1693227681847,1692255417618,1692255417621,1693227681854,7,3,4
32843,1693227681854,1692255417625,1692255417628,1693227681862,8,3,5
32844,1693227681862,1692255417632,1692255417635,1693227681869,7,3,4
32845,1693227681869,1692255417639,1692255417642,1693227681876,7,3,4
32846,1693227681876,1692255417647,1692255417650,1693227681884,8,3,5
32847,1693227681884,1692255417654,1692255417657,1693227681892,8,3,5
32848,1693227681892,1692255417663,1692255417666,1693227681900,8,3,5
32849,1693227681900,1692255417670,1692255417673,1693227681907,7,3,4
32850,1693227681907,1692255417678,1692255417680,1693227681914,7,2,5
32851,1693227681914,1692255417684,1692255417687,1693227681921,7,3,4
32852,1693227681921,1692255417692,1692255417695,1693227681929,8,3,5
32853,1693227681929,1692255417700,1692255417702,1693227681936,7,2,5
32854,1693227681936,1692255417707,1692255417710,1693227681944,8,3,5
32855,1693227681944,1692255417714,1692255417717,1693227681950,6,3,3
32856,1693227681950,1692255417721,1692255417724,1693227681958,8,3,5
32857,1693227681958,1692255417729,1692255417732,1693227681966,8,3,5
32858,1693227681966,1692255417737,1692255417742,1693227681976,10,5,5
32859,1693227681976,1692255417748,1692255417753,1693227681987,11,5,6
32860,1693227681987,1692255417758,1692255417761,1693227681995,8,3,5
32861,1693227681995,1692255417766,1692255417770,1693227682004,9,4,5
32862,1693227682004,1692255417774,1692255417777,1693227682011,7,3,4
32863,1693227682011,1692255417782,1692255417785,1693227682019,8,3,5
32864,1693227682019,1692255417790,1692255417792,1693227682026,7,2,5
32865,1693227682026,1692255417796,1692255417799,1693227682033,7,3,4
32866,1693227682033,1692255417804,1692255417807,1693227682041,8,3,5
32867,1693227682041,1692255417811,1692255417814,1693227682048,7,3,4
32868,1693227682048,1692255417819,1692255417822,1693227682056,8,3,5
32869,1693227682056,1692255417827,1692255417830,1693227682064,8,3,5
32870,1693227682064,1692255417835,1692255417838,1693227682071,7,3,4
32871,1693227682071,1692255417842,1692255417845,1693227682079,8,3,5
32872,1693227682079,1692255417850,1692255417853,1693227682087,8,3,5
32873,1693227682087,1692255417858,1692255417861,1693227682097,10,3,7
32874,1693227682097,1692255417868,1692255417872,1693227682105,8,4,4
32875,1693227682105,1692255417875,1692255417879,1693227682113,8,4,4
32876,1693227682113,1692255417883,1692255417887,1693227682121,8,4,4
32877,1693227682121,1692255417892,1692255417895,1693227682129,8,3,5
32878,1693227682129,1692255417900,1692255417903,1693227682137,8,3,5
32879,1693227682137,1692255417908,1692255417911,1693227682145,8,3,5
32880,1693227682145,1692255417915,1692255417918,1693227682152,7,3,4
32881,1693227682152,1692255417922,1692255417925,1693227682159,7,3,4
32882,1693227682159,1692255417930,1692255417933,1693227682166,7,3,4
32883,1693227682166,1692255417937,1692255417940,1693227682174,8,3,5
32884,1693227682174,1692255417944,1692255417948,1693227682182,8,4,4
32885,1693227682182,1692255417954,1692255417957,1693227682190,8,3,5
32886,1693227682190,1692255417961,1692255417963,1693227682200,10,2,8
32887,1693227682200,1692255417970,1692255417973,1693227682207,7,3,4
32888,1693227682207,1692255417978,1692255417981,1693227682215,8,3,5
32889,1693227682215,1692255417985,1692255417989,1693227682223,8,4,4
32890,1693227682223,1692255417994,1692255417997,1693227682231,8,3,5
32891,1693227682231,1692255418001,1692255418004,1693227682238,7,3,4
32892,1693227682238,1692255418009,1692255418012,1693227682246,8,3,5
32893,1693227682246,1692255418019,1692255418023,1693227682256,10,4,6
32894,1693227682256,1692255418027,1692255418032,1693227682266,10,5,5
32895,1693227682266,1692255418037,1692255418041,1693227682275,9,4,5
32896,1693227682275,1692255418049,1692255418052,1693227682287,12,3,9
32897,1693227682287,1692255418058,1692255418061,1693227682295,8,3,5
32898,1693227682295,1692255418071,1692255418074,1693227682309,14,3,11
32899,1693227682309,1692255418080,1692255418084,1693227682317,8,4,4
32900,1693227682318,1692255418089,1692255418092,1693227682326,8,3,5
32901,1693227682326,1692255418099,1692255418103,1693227682337,11,4,7
32902,1693227682337,1692255418108,1692255418112,1693227682346,9,4,5
32903,1693227682346,1692255418119,1692255418123,1693227682357,11,4,7
32904,1693227682357,1692255418127,1692255418130,1693227682364,7,3,4
32905,1693227682364,1692255418144,1692255418147,1693227682382,18,3,15
32906,1693227682382,1692255418152,1692255418156,1693227682389,7,4,3
32907,1693227682389,1692255418161,1692255418163,1693227682400,11,2,9
32908,1693227682400,1692255418171,1692255418174,1693227682408,8,3,5
32909,1693227682408,1692255418180,1692255418183,1693227682417,9,3,6
32910,1693227682417,1692255418189,1692255418193,1693227682426,9,4,5
32911,1693227682426,1692255418197,1692255418201,1693227682434,8,4,4
32912,1693227682434,1692255418212,1692255418216,1693227682449,15,4,11
32913,1693227682449,1692255418220,1692255418223,1693227682457,8,3,5
32914,1693227682457,1692255418234,1692255418238,1693227682472,15,4,11
32915,1693227682472,1692255418243,1692255418246,1693227682480,8,3,5
32916,1693227682480,1692255418251,1692255418254,1693227682488,8,3,5
32917,1693227682488,1692255418258,1692255418261,1693227682495,7,3,4
32918,1693227682495,1692255418266,1692255418269,1693227682502,7,3,4
32919,1693227682502,1692255418275,1692255418279,1693227682512,10,4,6
32920,1693227682512,1692255418283,1692255418286,1693227682520,8,3,5
32921,1693227682520,1692255418291,1692255418294,1693227682528,8,3,5
32922,1693227682528,1692255418298,1692255418301,1693227682535,7,3,4
32923,1693227682535,1692255418305,1692255418308,1693227682542,7,3,4
32924,1693227682542,1692255418313,1692255418316,1693227682550,8,3,5
32925,1693227682550,1692255418320,1692255418324,1693227682558,8,4,4
32926,1693227682558,1692255418328,1692255418331,1693227682565,7,3,4
32927,1693227682565,1692255418336,1692255418339,1693227682573,8,3,5
32928,1693227682573,1692255418343,1692255418346,1693227682580,7,3,4
32929,1693227682580,1692255418351,1692255418353,1693227682587,7,2,5
32930,1693227682587,1692255418358,1692255418360,1693227682594,7,2,5
32931,1693227682594,1692255418365,1692255418370,1693227682603,9,5,4
32932,1693227682603,1692255418374,1692255418377,1693227682611,8,3,5
32933,1693227682611,1692255418381,1692255418384,1693227682618,7,3,4
32934,1693227682618,1692255418389,1692255418393,1693227682627,9,4,5
32935,1693227682627,1692255418398,1692255418401,1693227682635,8,3,5
32936,1693227682635,1692255418406,1692255418409,1693227682643,8,3,5
32937,1693227682643,1692255418414,1692255418417,1693227682651,8,3,5
32938,1693227682651,1692255418421,1692255418424,1693227682658,7,3,4
32939,1693227682658,1692255418429,1692255418432,1693227682666,8,3,5
32940,1693227682666,1692255418436,1692255418440,1693227682674,8,4,4
32941,1693227682674,1692255418444,1692255418447,1693227682685,11,3,8
32942,1693227682685,1692255418456,1692255418461,1693227682695,10,5,5
32943,1693227682695,1692255418465,1692255418468,1693227682702,7,3,4
32944,1693227682702,1692255418473,1692255418476,1693227682712,10,3,7
32945,1693227682712,1692255418483,1692255418486,1693227682720,8,3,5
32946,1693227682720,1692255418491,1692255418495,1693227682729,9,4,5
32947,1693227682729,1692255418499,1692255418503,1693227682737,8,4,4
32948,1693227682737,1692255418507,1692255418510,1693227682744,7,3,4
32949,1693227682744,1692255418516,1692255418520,1693227682754,10,4,6
32950,1693227682754,1692255418524,1692255418527,1693227682761,7,3,4
32951,1693227682761,1692255418532,1692255418535,1693227682769,8,3,5
32952,1693227682769,1692255418540,1692255418544,1693227682777,8,4,4
32953,1693227682777,1692255418548,1692255418551,1693227682785,8,3,5
32954,1693227682785,1692255418556,1692255418560,1693227682794,9,4,5
32955,1693227682794,1692255418564,1692255418567,1693227682801,7,3,4
32956,1693227682801,1692255418572,1692255418575,1693227682809,8,3,5
32957,1693227682809,1692255418582,1692255418586,1693227682819,10,4,6
32958,1693227682819,1692255418590,1692255418593,1693227682827,8,3,5
32959,1693227682827,1692255418598,1692255418602,1693227682836,9,4,5
32960,1693227682836,1692255418606,1692255418609,1693227682843,7,3,4
32961,1693227682843,1692255418616,1692255418619,1693227682853,10,3,7
32962,1693227682853,1692255418624,1692255418627,1693227682860,7,3,4
32963,1693227682860,1692255418631,1692255418634,1693227682868,8,3,5
32964,1693227682868,1692255418638,1692255418642,1693227682875,7,4,3
32965,1693227682875,1692255418646,1692255418650,1693227682884,9,4,5
32966,1693227682884,1692255418655,1692255418658,1693227682892,8,3,5
32967,1693227682892,1692255418663,1692255418666,1693227682900,8,3,5
32968,1693227682900,1692255418670,1692255418675,1693227682909,9,5,4
32969,1693227682909,1692255418680,1692255418683,1693227682916,7,3,4
32970,1693227682916,1692255418687,1692255418690,1693227682924,8,3,5
32971,1693227682924,1692255418695,1692255418698,1693227682931,7,3,4
32972,1693227682931,1692255418702,1692255418706,1693227682939,8,4,4
32973,1693227682939,1692255418710,1692255418713,1693227682947,8,3,5
32974,1693227682947,1692255418718,1692255418722,1693227682956,9,4,5
32975,1693227682956,1692255418726,1692255418730,1693227682964,8,4,4
32976,1693227682964,1692255418734,1692255418738,1693227682971,7,4,3
32977,1693227682971,1692255418742,1692255418746,1693227682979,8,4,4
32978,1693227682979,1692255418750,1692255418753,1693227682987,8,3,5
32979,1693227682987,1692255418757,1692255418761,1693227682995,8,4,4
32980,1693227682995,1692255418765,1692255418769,1693227683003,8,4,4
32981,1693227683003,1692255418774,1692255418777,1693227683011,8,3,5
32982,1693227683011,1692255418782,1692255418785,1693227683019,8,3,5
32983,1693227683019,1692255418790,1692255418794,1693227683027,8,4,4
32984,1693227683027,1692255418798,1692255418801,1693227683035,8,3,5
32985,1693227683035,1692255418805,1692255418808,1693227683042,7,3,4
32986,1693227683042,1692255418812,1692255418815,1693227683049,7,3,4
32987,1693227683049,1692255418820,1692255418822,1693227683056,7,2,5
32988,1693227683056,1692255418827,1692255418830,1693227683064,8,3,5
32989,1693227683064,1692255418834,1692255418836,1693227683070,6,2,4
32990,1693227683070,1692255418841,1692255418844,1693227683078,8,3,5
32991,1693227683078,1692255418848,1692255418852,1693227683085,7,4,3
32992,1693227683085,1692255418856,1692255418860,1693227683093,8,4,4
32993,1693227683093,1692255418865,1692255418869,1693227683103,10,4,6
32994,1693227683103,1692255418873,1692255418877,1693227683111,8,4,4
32995,1693227683111,1692255418882,1692255418885,1693227683121,10,3,7
32996,1693227683121,1692255418892,1692255418896,1693227683130,9,4,5
32997,1693227683130,1692255418901,1692255418904,1693227683137,7,3,4
32998,1693227683138,1692255418908,1692255418912,1693227683145,7,4,3
32999,1693227683145,1692255418916,1692255418918,1693227683152,7,2,5
33000,1693227683152,1692255418923,1692255418926,1693227683160,8,3,5
33001,1693227683160,1692255418931,1692255418934,1693227683167,7,3,4
33002,1693227683168,1692255418938,1692255418942,1693227683176,8,4,4
33003,1693227683176,1692255418947,1692255418950,1693227683183,7,3,4
33004,1693227683183,1692255418954,1692255418956,1693227683190,7,2,5
33005,1693227683190,1692255418960,1692255418965,1693227683199,9,5,4
33006,1693227683199,1692255418969,1692255418972,1693227683206,7,3,4
33007,1693227683206,1692255418977,1692255418980,1693227683213,7,3,4
33008,1693227683213,1692255418984,1692255418988,1693227683223,10,4,6
33009,1693227683223,1692255418994,1692255418997,1693227683231,8,3,5
33010,1693227683231,1692255419001,1692255419004,1693227683238,7,3,4
33011,1693227683238,1692255419008,1692255419011,1693227683245,7,3,4
33012,1693227683245,1692255419016,1692255419019,1693227683252,7,3,4
33013,1693227683252,1692255419023,1692255419026,1693227683260,8,3,5
33014,1693227683260,1692255419031,1692255419034,1693227683268,8,3,5
33015,1693227683268,1692255419038,1692255419041,1693227683274,6,3,3
33016,1693227683274,1692255419045,1692255419048,1693227683282,8,3,5
33017,1693227683282,1692255419052,1692255419056,1693227683289,7,4,3
33018,1693227683289,1692255419060,1692255419063,1693227683297,8,3,5
33019,1693227683297,1692255419068,1692255419071,1693227683305,8,3,5
33020,1693227683305,1692255419075,1692255419079,1693227683313,8,4,4
33021,1693227683313,1692255419083,1692255419087,1693227683321,8,4,4
33022,1693227683321,1692255419094,1692255419097,1693227683331,10,3,7
33023,1693227683331,1692255419102,1692255419105,1693227683338,7,3,4
33024,1693227683339,1692255419109,1692255419112,1693227683346,7,3,4
33025,1693227683346,1692255419117,1692255419120,1693227683354,8,3,5
33026,1693227683354,1692255419124,1692255419128,1693227683361,7,4,3
33027,1693227683362,1692255419137,1692255419140,1693227683374,12,3,9
33028,1693227683374,1692255419145,1692255419148,1693227683381,7,3,4
33029,1693227683382,1692255419152,1692255419155,1693227683388,6,3,3
33030,1693227683388,1692255419160,1692255419163,1693227683397,9,3,6
33031,1693227683397,1692255419167,1692255419171,1693227683404,7,4,3
33032,1693227683404,1692255419175,1692255419178,1693227683413,9,3,6
33033,1693227683413,1692255419184,1692255419187,1693227683421,8,3,5
33034,1693227683421,1692255419191,1692255419194,1693227683428,7,3,4
33035,1693227683428,1692255419199,1692255419204,1693227683438,10,5,5
33036,1693227683438,1692255419208,1692255419211,1693227683445,7,3,4
33037,1693227683445,1692255419216,1692255419220,1693227683453,8,4,4
33038,1693227683453,1692255419224,1692255419228,1693227683461,8,4,4
33039,1693227683461,1692255419231,1692255419234,1693227683468,7,3,4
33040,1693227683468,1692255419239,1692255419242,1693227683475,7,3,4
33041,1693227683475,1692255419246,1692255419249,1693227683485,10,3,7
33042,1693227683485,1692255419256,1692255419260,1693227683494,9,4,5
33043,1693227683494,1692255419264,1692255419267,1693227683500,6,3,3
33044,1693227683500,1692255419271,1692255419275,1693227683509,9,4,5
33045,1693227683509,1692255419280,1692255419282,1693227683516,7,2,5
33046,1693227683516,1692255419286,1692255419290,1693227683523,7,4,3
33047,1693227683523,1692255419294,1692255419297,1693227683531,8,3,5
33048,1693227683531,1692255419301,1692255419304,1693227683537,6,3,3
33049,1693227683537,1692255419308,1692255419312,1693227683546,9,4,5
33050,1693227683546,1692255419316,1692255419319,1693227683552,6,3,3
33051,1693227683553,1692255419323,1692255419326,1693227683559,6,3,3
33052,1693227683559,1692255419330,1692255419332,1693227683566,7,2,5
33053,1693227683566,1692255419337,1692255419340,1693227683574,8,3,5
33054,1693227683574,1692255419345,1692255419348,1693227683581,7,3,4
33055,1693227683581,1692255419353,1692255419356,1693227683590,9,3,6
33056,1693227683590,1692255419360,1692255419364,1693227683598,8,4,4
33057,1693227683598,1692255419368,1692255419371,1693227683605,7,3,4
33058,1693227683605,1692255419375,1692255419379,1693227683613,8,4,4
33059,1693227683613,1692255419383,1692255419386,1693227683620,7,3,4
33060,1693227683620,1692255419390,1692255419393,1693227683627,7,3,4
33061,1693227683627,1692255419399,1692255419402,1693227683636,9,3,6
33062,1693227683636,1692255419407,1692255419411,1693227683645,9,4,5
33063,1693227683645,1692255419416,1692255419419,1693227683653,8,3,5
33064,1693227683653,1692255419424,1692255419427,1693227683661,8,3,5
33065,1693227683661,1692255419432,1692255419435,1693227683669,8,3,5
33066,1693227683669,1692255419439,1692255419443,1693227683676,7,4,3
33067,1693227683676,1692255419447,1692255419450,1693227683683,7,3,4
33068,1693227683684,1692255419454,1692255419458,1693227683692,8,4,4
33069,1693227683692,1692255419462,1692255419465,1693227683699,7,3,4
33070,1693227683699,1692255419469,1692255419473,1693227683707,8,4,4
33071,1693227683707,1692255419478,1692255419481,1693227683714,7,3,4
33072,1693227683714,1692255419484,1692255419487,1693227683721,7,3,4
33073,1693227683721,1692255419492,1692255419495,1693227683728,7,3,4
33074,1693227683728,1692255419499,1692255419502,1693227683736,8,3,5
33075,1693227683736,1692255419507,1692255419510,1693227683744,8,3,5
33076,1693227683744,1692255419514,1692255419517,1693227683751,7,3,4
33077,1693227683751,1692255419521,1692255419525,1693227683758,7,4,3
33078,1693227683758,1692255419529,1692255419532,1693227683765,7,3,4
33079,1693227683765,1692255419536,1692255419541,1693227683775,10,5,5
33080,1693227683775,1692255419546,1692255419549,1693227683782,7,3,4
33081,1693227683782,1692255419553,1692255419556,1693227683789,7,3,4
33082,1693227683789,1692255419560,1692255419563,1693227683796,7,3,4
33083,1693227683796,1692255419567,1692255419570,1693227683803,7,3,4
33084,1693227683803,1692255419574,1692255419577,1693227683810,7,3,4
33085,1693227683810,1692255419581,1692255419584,1693227683818,8,3,5
33086,1693227683818,1692255419589,1692255419592,1693227683826,8,3,5
33087,1693227683826,1692255419597,1692255419601,1693227683834,8,4,4
33088,1693227683834,1692255419607,1692255419610,1693227683843,9,3,6
33089,1693227683843,1692255419614,1692255419617,1693227683850,7,3,4
33090,1693227683850,1692255419621,1692255419624,1693227683858,8,3,5
33091,1693227683858,1692255419628,1692255419631,1693227683865,7,3,4
33092,1693227683865,1692255419636,1692255419638,1693227683872,7,2,5
33093,1693227683872,1692255419643,1692255419646,1693227683879,7,3,4
33094,1693227683880,1692255419651,1692255419655,1693227683888,8,4,4
33095,1693227683888,1692255419659,1692255419663,1693227683896,8,4,4
33096,1693227683896,1692255419667,1692255419670,1693227683904,8,3,5
33097,1693227683904,1692255419674,1692255419677,1693227683911,7,3,4
33098,1693227683911,1692255419681,1692255419684,1693227683917,6,3,3
33099,1693227683917,1692255419688,1692255419691,1693227683925,8,3,5
33100,1693227683925,1692255419695,1692255419700,1693227683933,8,5,3
33101,1693227683933,1692255419703,1692255419706,1693227683940,7,3,4
33102,1693227683940,1692255419712,1692255419715,1693227683949,9,3,6
33103,1693227683949,1692255419719,1692255419722,1693227683956,7,3,4
33104,1693227683956,1692255419726,1692255419729,1693227683963,7,3,4
33105,1693227683963,1692255419733,1692255419736,1693227683969,6,3,3
33106,1693227683969,1692255419740,1692255419743,1693227683977,8,3,5
33107,1693227683977,1692255419748,1692255419752,1693227683986,9,4,5
33108,1693227683986,1692255419757,1692255419760,1693227683994,8,3,5
33109,1693227683994,1692255419765,1692255419767,1693227684001,7,2,5
33110,1693227684001,1692255419771,1692255419775,1693227684008,7,4,3
33111,1693227684008,1692255419779,1692255419782,1693227684015,7,3,4
33112,1693227684016,1692255419786,1692255419789,1693227684023,7,3,4
33113,1693227684023,1692255419794,1692255419797,1693227684031,8,3,5
33114,1693227684031,1692255419802,1692255419804,1693227684038,7,2,5
33115,1693227684038,1692255419811,1692255419814,1693227684048,10,3,7
33116,1693227684048,1692255419819,1692255419823,1693227684057,9,4,5
33117,1693227684057,1692255419828,1692255419831,1693227684065,8,3,5
33118,1693227684065,1692255419836,1692255419840,1693227684074,9,4,5
33119,1693227684074,1692255419845,1692255419847,1693227684081,7,2,5
33120,1693227684081,1692255419851,1692255419854,1693227684088,7,3,4
33121,1693227684088,1692255419859,1692255419862,1693227684096,8,3,5
33122,1693227684096,1692255419866,1692255419869,1693227684103,7,3,4
33123,1693227684103,1692255419873,1692255419877,1693227684110,7,4,3
33124,1693227684110,1692255419881,1692255419884,1693227684118,8,3,5
33125,1693227684118,1692255419890,1692255419893,1693227684127,9,3,6
33126,1693227684127,1692255419898,1692255419902,1693227684136,9,4,5
33127,1693227684136,1692255419906,1692255419909,1693227684145,9,3,6
33128,1693227684145,1692255419916,1692255419919,1693227684153,8,3,5
33129,1693227684153,1692255419923,1692255419926,1693227684160,7,3,4
33130,1693227684160,1692255419930,1692255419934,1693227684168,8,4,4
33131,1693227684168,1692255419938,1692255419941,1693227684175,7,3,4
33132,1693227684175,1692255419946,1692255419949,1693227684182,7,3,4
33133,1693227684183,1692255419953,1692255419956,1693227684190,7,3,4
33134,1693227684190,1692255419960,1692255419964,1693227684198,8,4,4
33135,1693227684198,1692255419968,1692255419971,1693227684205,7,3,4
33136,1693227684205,1692255419975,1692255419978,1693227684212,7,3,4
33137,1693227684212,1692255419983,1692255419986,1693227684220,8,3,5
33138,1693227684220,1692255419990,1692255419994,1693227684227,7,4,3
33139,1693227684227,1692255419998,1692255420001,1693227684235,8,3,5
33140,1693227684235,1692255420006,1692255420009,1693227684243,8,3,5
33141,1693227684243,1692255420016,1692255420019,1693227684252,9,3,6
33142,1693227684252,1692255420023,1692255420026,1693227684260,8,3,5
33143,1693227684260,1692255420031,1692255420034,1693227684268,8,3,5
33144,1693227684268,1692255420039,1692255420042,1693227684276,8,3,5
33145,1693227684276,1692255420047,1692255420050,1693227684284,8,3,5
33146,1693227684284,1692255420054,1692255420057,1693227684291,7,3,4
33147,1693227684291,1692255420061,1692255420065,1693227684299,8,4,4
33148,1693227684299,1692255420069,1692255420072,1693227684306,7,3,4
33149,1693227684306,1692255420076,1692255420080,1693227684313,7,4,3
33150,1693227684313,1692255420085,1692255420089,1693227684323,10,4,6
33151,1693227684323,1692255420095,1692255420099,1693227684332,9,4,5
33152,1693227684332,1692255420107,1692255420110,1693227684344,12,3,9
33153,1693227684344,1692255420115,1692255420119,1693227684353,9,4,5
33154,1693227684353,1692255420124,1692255420127,1693227684361,8,3,5
33155,1693227684361,1692255420132,1692255420135,1693227684368,7,3,4
33156,1693227684368,1692255420139,1692255420142,1693227684376,8,3,5
33157,1693227684377,1692255420147,1692255420150,1693227684383,6,3,3
33158,1693227684383,1692255420154,1692255420157,1693227684391,8,3,5
33159,1693227684391,1692255420162,1692255420165,1693227684399,8,3,5
33160,1693227684399,1692255420169,1692255420172,1693227684405,6,3,3
33161,1693227684405,1692255420176,1692255420179,1693227684412,7,3,4
33162,1693227684412,1692255420183,1692255420186,1693227684419,7,3,4
33163,1693227684419,1692255420190,1692255420193,1693227684427,8,3,5
33164,1693227684427,1692255420197,1692255420200,1693227684434,7,3,4
33165,1693227684434,1692255420205,1692255420208,1693227684442,8,3,5
33166,1693227684442,1692255420213,1692255420216,1693227684452,10,3,7
33167,1693227684452,1692255420222,1692255420226,1693227684459,7,4,3
33168,1693227684459,1692255420230,1692255420234,1693227684467,8,4,4
33169,1693227684468,1692255420238,1692255420241,1693227684475,7,3,4
33170,1693227684475,1692255420246,1692255420249,1693227684483,8,3,5
33171,1693227684483,1692255420254,1692255420256,1693227684490,7,2,5
33172,1693227684490,1692255420262,1692255420265,1693227684499,9,3,6
33173,1693227684499,1692255420270,1692255420273,1693227684506,7,3,4
33174,1693227684507,1692255420277,1692255420280,1693227684514,7,3,4
33175,1693227684514,1692255420286,1692255420288,1693227684522,8,2,6
33176,1693227684522,1692255420293,1692255420296,1693227684530,8,3,5
33177,1693227684530,1692255420300,1692255420305,1693227684539,9,5,4
33178,1693227684539,1692255420310,1692255420313,1693227684547,8,3,5
33179,1693227684547,1692255420318,1692255420322,1693227684555,8,4,4
33180,1693227684555,1692255420326,1692255420330,1693227684563,8,4,4
33181,1693227684563,1692255420334,1692255420337,1693227684570,7,3,4
33182,1693227684570,1692255420341,1692255420344,1693227684578,8,3,5
33183,1693227684578,1692255420349,1692255420352,1693227684585,7,3,4
33184,1693227684585,1692255420355,1692255420359,1693227684593,8,4,4
33185,1693227684593,1692255420364,1692255420367,1693227684601,8,3,5
33186,1693227684601,1692255420371,1692255420375,1693227684608,7,4,3
33187,1693227684608,1692255420379,1692255420382,1693227684616,8,3,5
33188,1693227684616,1692255420386,1692255420389,1693227684623,7,3,4
33189,1693227684623,1692255420393,1692255420396,1693227684630,7,3,4
33190,1693227684630,1692255420402,1692255420408,1693227684651,21,6,15
33191,1693227684651,1692255420434,1692255420438,1693227684672,21,4,17
33192,1693227684672,1692255420443,1692255420447,1693227684683,11,4,7
33193,1693227684683,1692255420459,1692255420462,1693227684697,14,3,11
33194,1693227684697,1692255420475,1692255420479,1693227684713,16,4,12
33195,1693227684713,1692255420483,1692255420486,1693227684720,7,3,4
33196,1693227684720,1692255420491,1692255420494,1693227684728,8,3,5
33197,1693227684728,1692255420499,1692255420502,1693227684736,8,3,5
33198,1693227684736,1692255420506,1692255420508,1693227684742,6,2,4
33199,1693227684742,1692255420512,1692255420516,1693227684749,7,4,3
33200,1693227684749,1692255420520,1692255420523,1693227684756,7,3,4
33201,1693227684756,1692255420528,1692255420531,1693227684766,10,3,7
33202,1693227684767,1692255420540,1692255420544,1693227684777,10,4,6
33203,1693227684777,1692255420548,1692255420551,1693227684785,8,3,5
33204,1693227684785,1692255420559,1692255420563,1693227684797,12,4,8
33205,1693227684797,1692255420567,1692255420570,1693227684804,7,3,4
33206,1693227684804,1692255420575,1692255420579,1693227684812,8,4,4
33207,1693227684813,1692255420583,1692255420586,1693227684820,7,3,4
33208,1693227684820,1692255420592,1692255420595,1693227684829,9,3,6
33209,1693227684829,1692255420607,1692255420610,1693227684847,18,3,15
33210,1693227684847,1692255420620,1692255420623,1693227684882,35,3,32
33211,1693227684882,1692255420669,1692255420672,1693227684906,24,3,21
33212,1693227684906,1692255420677,1692255420681,1693227684915,9,4,5
33213,1693227684915,1692255420685,1692255420688,1693227684922,7,3,4
33214,1693227684922,1692255420693,1692255420696,1693227684930,8,3,5
33215,1693227684930,1692255420700,1692255420703,1693227684937,7,3,4
33216,1693227684937,1692255420708,1692255420712,1693227684946,9,4,5
33217,1693227684946,1692255420717,1692255420720,1693227684954,8,3,5
33218,1693227684954,1692255420725,1692255420728,1693227684964,10,3,7
33219,1693227684964,1692255420735,1692255420739,1693227684973,9,4,5
33220,1693227684973,1692255420744,1692255420747,1693227684981,8,3,5
33221,1693227684981,1692255420752,1692255420755,1693227684989,8,3,5
33222,1693227684989,1692255420760,1692255420764,1693227684997,8,4,4
33223,1693227684997,1692255420768,1692255420771,1693227685005,8,3,5
33224,1693227685005,1692255420776,1692255420779,1693227685012,7,3,4
33225,1693227685012,1692255420783,1692255420786,1693227685020,8,3,5
33226,1693227685020,1692255420790,1692255420793,1693227685027,7,3,4
33227,1693227685027,1692255420797,1692255420802,1693227685035,8,5,3
33228,1693227685035,1692255420806,1692255420810,1693227685043,8,4,4
33229,1693227685043,1692255420813,1692255420816,1693227685050,7,3,4
33230,1693227685050,1692255420821,1692255420824,1693227685058,8,3,5
33231,1693227685058,1692255420829,1692255420832,1693227685066,8,3,5
33232,1693227685066,1692255420837,1692255420840,1693227685074,8,3,5
33233,1693227685074,1692255420845,1692255420850,1693227685084,10,5,5
33234,1693227685084,1692255420854,1692255420857,1693227685092,8,3,5
33235,1693227685092,1692255420862,1692255420865,1693227685099,7,3,4
33236,1693227685099,1692255420869,1692255420872,1693227685106,7,3,4
33237,1693227685106,1692255420877,1692255420881,1693227685115,9,4,5
33238,1693227685115,1692255420886,1692255420889,1693227685123,8,3,5
33239,1693227685123,1692255420893,1692255420897,1693227685130,7,4,3
33240,1693227685130,1692255420901,1692255420905,1693227685139,9,4,5
33241,1693227685139,1692255420910,1692255420914,1693227685147,8,4,4
33242,1693227685147,1692255420918,1692255420921,1693227685155,8,3,5
33243,1693227685155,1692255420926,1692255420929,1693227685163,8,3,5
33244,1693227685163,1692255420934,1692255420937,1693227685170,7,3,4
33245,1693227685170,1692255420940,1692255420944,1693227685178,8,4,4
33246,1693227685178,1692255420949,1692255420952,1693227685185,7,3,4
33247,1693227685185,1692255420956,1692255420959,1693227685192,7,3,4
33248,1693227685192,1692255420963,1692255420967,1693227685200,8,4,4
33249,1693227685200,1692255420971,1692255420974,1693227685207,7,3,4
33250,1693227685207,1692255420978,1692255420981,1693227685215,8,3,5
33251,1693227685215,1692255420986,1692255420989,1693227685223,8,3,5
33252,1693227685223,1692255420994,1692255420997,1693227685231,8,3,5
33253,1693227685231,1692255421001,1692255421004,1693227685238,7,3,4
33254,1693227685238,1692255421009,1692255421012,1693227685246,8,3,5
33255,1693227685246,1692255421017,1692255421020,1693227685254,8,3,5
33256,1693227685254,1692255421024,1692255421028,1693227685262,8,4,4
33257,1693227685262,1692255421032,1692255421035,1693227685271,9,3,6
33258,1693227685271,1692255421042,1692255421046,1693227685279,8,4,4
33259,1693227685279,1692255421051,1692255421054,1693227685288,9,3,6
33260,1693227685288,1692255421058,1692255421062,1693227685296,8,4,4
33261,1693227685296,1692255421067,1692255421070,1693227685304,8,3,5
33262,1693227685304,1692255421074,1692255421078,1693227685311,7,4,3
33263,1693227685311,1692255421082,1692255421086,1693227685320,9,4,5
33264,1693227685320,1692255421092,1692255421095,1693227685329,9,3,6
33265,1693227685329,1692255421099,1692255421102,1693227685335,6,3,3
33266,1693227685335,1692255421106,1692255421109,1693227685343,8,3,5
33267,1693227685343,1692255421114,1692255421117,1693227685350,7,3,4
33268,1693227685350,1692255421120,1692255421123,1693227685357,7,3,4
33269,1693227685357,1692255421127,1692255421131,1693227685364,7,4,3
33270,1693227685364,1692255421135,1692255421139,1693227685373,9,4,5
33271,1693227685373,1692255421144,1692255421147,1693227685381,8,3,5
33272,1693227685381,1692255421152,1692255421155,1693227685388,7,3,4
33273,1693227685388,1692255421159,1692255421162,1693227685396,8,3,5
33274,1693227685396,1692255421167,1692255421169,1693227685403,7,2,5
33275,1693227685403,1692255421174,1692255421176,1693227685410,7,2,5
33276,1693227685410,1692255421181,1692255421184,1693227685418,8,3,5
33277,1693227685418,1692255421188,1692255421190,1693227685424,6,2,4
33278,1693227685424,1692255421195,1692255421198,1693227685432,8,3,5
33279,1693227685432,1692255421203,1692255421205,1693227685439,7,2,5
33280,1693227685439,1692255421210,1692255421213,1693227685446,7,3,4
33281,1693227685446,1692255421218,1692255421222,1693227685455,9,4,5
33282,1693227685455,1692255421226,1692255421229,1693227685463,8,3,5
33283,1693227685463,1692255421234,1692255421237,1693227685470,7,3,4
33284,1693227685470,1692255421242,1692255421245,1693227685479,9,3,6
33285,1693227685479,1692255421250,1692255421253,1693227685487,8,3,5
33286,1693227685487,1692255421257,1692255421261,1693227685494,7,4,3
33287,1693227685494,1692255421265,1692255421267,1693227685501,7,2,5
33288,1693227685501,1692255421272,1692255421275,1693227685509,8,3,5
33289,1693227685509,1692255421279,1692255421282,1693227685516,7,3,4
33290,1693227685516,1692255421290,1692255421293,1693227685527,11,3,8
33291,1693227685527,1692255421298,1692255421302,1693227685535,8,4,4
33292,1693227685535,1692255421306,1692255421310,1693227685544,9,4,5
33293,1693227685544,1692255421314,1692255421317,1693227685551,7,3,4
33294,1693227685551,1692255421322,1692255421325,1693227685558,7,3,4
33295,1693227685558,1692255421329,1692255421332,1693227685566,8,3,5
33296,1693227685566,1692255421337,1692255421340,1693227685574,8,3,5
33297,1693227685574,1692255421353,1692255421356,1693227685590,16,3,13
33298,1693227685590,1692255421361,1692255421364,1693227685597,7,3,4
33299,1693227685598,1692255421368,1692255421374,1693227685608,10,6,4
33300,1693227685608,1692255421378,1692255421382,1693227685616,8,4,4
33301,1693227685616,1692255421387,1692255421391,1693227685624,8,4,4
33302,1693227685625,1692255421395,1692255421399,1693227685632,7,4,3
33303,1693227685632,1692255421403,1692255421406,1693227685640,8,3,5
33304,1693227685640,1692255421411,1692255421414,1693227685648,8,3,5
33305,1693227685648,1692255421419,1692255421422,1693227685656,8,3,5
33306,1693227685656,1692255421427,1692255421430,1693227685664,8,3,5
33307,1693227685664,1692255421435,1692255421438,1693227685672,8,3,5
33308,1693227685672,1692255421442,1692255421445,1693227685681,9,3,6
33309,1693227685681,1692255421452,1692255421455,1693227685689,8,3,5
33310,1693227685689,1692255421459,1692255421463,1693227685697,8,4,4
33311,1693227685697,1692255421472,1692255421475,1693227685709,12,3,9
33312,1693227685709,1692255421479,1692255421483,1693227685716,7,4,3
33313,1693227685716,1692255421486,1692255421490,1693227685723,7,4,3
33314,1693227685723,1692255421494,1692255421498,1693227685731,8,4,4
33315,1693227685731,1692255421502,1692255421505,1693227685738,7,3,4
33316,1693227685738,1692255421509,1692255421512,1693227685745,7,3,4
33317,1693227685745,1692255421515,1692255421519,1693227685752,7,4,3
33318,1693227685752,1692255421523,1692255421526,1693227685760,8,3,5
33319,1693227685760,1692255421531,1692255421534,1693227685768,8,3,5
33320,1693227685768,1692255421539,1692255421542,1693227685776,8,3,5
33321,1693227685776,1692255421546,1692255421549,1693227685784,8,3,5
33322,1693227685784,1692255421555,1692255421558,1693227685792,8,3,5
33323,1693227685792,1692255421563,1692255421566,1693227685800,8,3,5
33324,1693227685800,1692255421570,1692255421573,1693227685807,7,3,4
33325,1693227685807,1692255421578,1692255421581,1693227685815,8,3,5
33326,1693227685815,1692255421586,1692255421589,1693227685823,8,3,5
33327,1693227685823,1692255421594,1692255421596,1693227685830,7,2,5
33328,1693227685830,1692255421600,1692255421603,1693227685837,7,3,4
33329,1693227685837,1692255421607,1692255421611,1693227685845,8,4,4
33330,1693227685845,1692255421615,1692255421618,1693227685851,6,3,3
33331,1693227685851,1692255421622,1692255421625,1693227685859,8,3,5
33332,1693227685859,1692255421631,1692255421635,1693227685868,9,4,5
33333,1693227685869,1692255421641,1692255421644,1693227685878,9,3,6
33334,1693227685878,1692255421648,1692255421651,1693227685886,8,3,5
33335,1693227685886,1692255421656,1692255421659,1693227685892,6,3,3
33336,1693227685892,1692255421662,1692255421667,1693227685900,8,5,3
33337,1693227685900,1692255421671,1692255421673,1693227685907,7,2,5
33338,1693227685907,1692255421678,1692255421681,1693227685915,8,3,5
33339,1693227685915,1692255421685,1692255421688,1693227685922,7,3,4
33340,1693227685922,1692255421693,1692255421696,1693227685930,8,3,5
33341,1693227685930,1692255421701,1692255421704,1693227685938,8,3,5
33342,1693227685938,1692255421708,1692255421711,1693227685944,6,3,3
33343,1693227685944,1692255421714,1692255421717,1693227685951,7,3,4
33344,1693227685951,1692255421722,1692255421725,1693227685959,8,3,5
33345,1693227685959,1692255421729,1692255421732,1693227685966,7,3,4
33346,1693227685966,1692255421736,1692255421740,1693227685973,7,4,3
33347,1693227685973,1692255421744,1692255421747,1693227685981,8,3,5
33348,1693227685981,1692255421752,1692255421755,1693227685989,8,3,5
33349,1693227685989,1692255421760,1692255421763,1693227685997,8,3,5
33350,1693227685997,1692255421767,1692255421770,1693227686004,7,3,4
33351,1693227686004,1692255421775,1692255421781,1693227686015,11,6,5
33352,1693227686015,1692255421785,1692255421788,1693227686022,7,3,4
33353,1693227686022,1692255421793,1692255421796,1693227686030,8,3,5
33354,1693227686030,1692255421801,1692255421804,1693227686038,8,3,5
33355,1693227686038,1692255421808,1692255421811,1693227686045,7,3,4
33356,1693227686045,1692255421816,1692255421819,1693227686053,8,3,5
33357,1693227686053,1692255421824,1692255421827,1693227686061,8,3,5
33358,1693227686061,1692255421832,1692255421835,1693227686069,8,3,5
33359,1693227686069,1692255421840,1692255421842,1693227686076,7,2,5
33360,1693227686076,1692255421846,1692255421849,1693227686083,7,3,4
33361,1693227686083,1692255421853,1692255421857,1693227686091,8,4,4
33362,1693227686091,1692255421861,1692255421865,1693227686099,8,4,4
33363,1693227686099,1692255421879,1692255421882,1693227686116,17,3,14
33364,1693227686116,1692255421887,1692255421890,1693227686124,8,3,5
33365,1693227686124,1692255421895,1692255421898,1693227686132,8,3,5
33366,1693227686132,1692255421903,1692255421906,1693227686140,8,3,5
33367,1693227686140,1692255421911,1692255421915,1693227686149,9,4,5
33368,1693227686149,1692255421920,1692255421923,1693227686157,8,3,5
33369,1693227686157,1692255421927,1692255421930,1693227686164,7,3,4
33370,1693227686164,1692255421935,1692255421937,1693227686171,7,2,5
33371,1693227686171,1692255421942,1692255421945,1693227686179,8,3,5
33372,1693227686179,1692255421951,1692255421956,1693227686189,10,5,5
33373,1693227686189,1692255421962,1692255421965,1693227686199,10,3,7
33374,1693227686199,1692255421969,1692255421972,1693227686206,7,3,4
33375,1693227686206,1692255421977,1692255421980,1693227686214,8,3,5
33376,1693227686214,1692255421985,1692255421988,1693227686222,8,3,5
33377,1693227686222,1692255421993,1692255421996,1693227686229,7,3,4
33378,1693227686229,1692255422000,1692255422004,1693227686238,9,4,5
33379,1693227686238,1692255422008,1692255422011,1693227686245,7,3,4
33380,1693227686245,1692255422015,1692255422019,1693227686252,7,4,3
33381,1693227686252,1692255422023,1692255422026,1693227686259,7,3,4
33382,1693227686259,1692255422030,1692255422033,1693227686267,8,3,5
33383,1693227686267,1692255422038,1692255422041,1693227686275,8,3,5
33384,1693227686275,1692255422046,1692255422049,1693227686282,7,3,4
33385,1693227686282,1692255422052,1692255422055,1693227686289,7,3,4
33386,1693227686289,1692255422060,1692255422063,1693227686297,8,3,5
33387,1693227686297,1692255422068,1692255422070,1693227686304,7,2,5
33388,1693227686304,1692255422075,1692255422079,1693227686312,8,4,4
33389,1693227686312,1692255422083,1692255422087,1693227686320,8,4,4
33390,1693227686320,1692255422091,1692255422094,1693227686328,8,3,5
33391,1693227686328,1692255422098,1692255422101,1693227686335,7,3,4
33392,1693227686335,1692255422105,1692255422108,1693227686342,7,3,4
33393,1693227686342,1692255422112,1692255422115,1693227686349,7,3,4
33394,1693227686349,1692255422120,1692255422123,1693227686357,8,3,5
33395,1693227686357,1692255422128,1692255422131,1693227686364,7,3,4
33396,1693227686365,1692255422135,1692255422138,1693227686372,7,3,4
33397,1693227686372,1692255422143,1692255422146,1693227686380,8,3,5
33398,1693227686380,1692255422151,1692255422154,1693227686388,8,3,5
33399,1693227686388,1692255422159,1692255422161,1693227686398,10,2,8
33400,1693227686398,1692255422169,1692255422172,1693227686405,7,3,4
33401,1693227686405,1692255422176,1692255422179,1693227686413,8,3,5
33402,1693227686413,1692255422184,1692255422187,1693227686421,8,3,5
33403,1693227686421,1692255422192,1692255422196,1693227686429,8,4,4
33404,1693227686429,1692255422200,1692255422204,1693227686438,9,4,5
33405,1693227686438,1692255422208,1692255422212,1693227686446,8,4,4
33406,1693227686446,1692255422216,1692255422219,1693227686453,7,3,4
33407,1693227686454,1692255422224,1692255422227,1693227686461,7,3,4
33408,1693227686461,1692255422232,1692255422235,1693227686469,8,3,5
33409,1693227686469,1692255422240,1692255422245,1693227686479,10,5,5
33410,1693227686479,1692255422249,1692255422252,1693227686486,7,3,4
33411,1693227686486,1692255422256,1692255422259,1693227686493,7,3,4
33412,1693227686493,1692255422264,1692255422267,1693227686501,8,3,5
33413,1693227686501,1692255422273,1692255422276,1693227686510,9,3,6
33414,1693227686510,1692255422281,1692255422284,1693227686518,8,3,5
33415,1693227686518,1692255422288,1692255422291,1693227686525,7,3,4
33416,1693227686525,1692255422296,1692255422299,1693227686533,8,3,5
33417,1693227686533,1692255422303,1692255422306,1693227686540,7,3,4
33418,1693227686540,1692255422311,1692255422315,1693227686549,9,4,5
33419,1693227686549,1692255422320,1692255422323,1693227686557,8,3,5
33420,1693227686557,1692255422327,1692255422330,1693227686564,7,3,4
33421,1693227686564,1692255422335,1692255422338,1693227686572,8,3,5
33422,1693227686572,1692255422343,1692255422345,1693227686579,7,2,5
33423,1693227686579,1692255422350,1692255422355,1693227686589,10,5,5
33424,1693227686589,1692255422360,1692255422363,1693227686597,8,3,5
33425,1693227686597,1692255422368,1692255422371,1693227686604,7,3,4
33426,1693227686604,1692255422375,1692255422378,1693227686612,8,3,5
33427,1693227686612,1692255422382,1692255422386,1693227686620,8,4,4
33428,1693227686620,1692255422391,1692255422394,1693227686628,8,3,5
33429,1693227686628,1692255422399,1692255422402,1693227686636,8,3,5
33430,1693227686636,1692255422406,1692255422409,1693227686643,7,3,4
33431,1693227686643,1692255422414,1692255422418,1693227686651,8,4,4
33432,1693227686651,1692255422422,1692255422425,1693227686658,7,3,4
33433,1693227686658,1692255422429,1692255422432,1693227686666,8,3,5
33434,1693227686666,1692255422436,1692255422439,1693227686673,7,3,4
33435,1693227686673,1692255422444,1692255422448,1693227686681,8,4,4
33436,1693227686681,1692255422452,1692255422455,1693227686689,8,3,5
33437,1693227686689,1692255422459,1692255422463,1693227686697,8,4,4
33438,1693227686697,1692255422468,1692255422472,1693227686710,13,4,9
33439,1693227686710,1692255422481,1692255422484,1693227686717,7,3,4
33440,1693227686717,1692255422488,1692255422493,1693227686726,9,5,4
33441,1693227686726,1692255422497,1692255422500,1693227686733,7,3,4
33442,1693227686733,1692255422504,1692255422507,1693227686741,8,3,5
33443,1693227686741,1692255422512,1692255422516,1693227686749,8,4,4
33444,1693227686749,1692255422521,1692255422525,1693227686758,9,4,5
33445,1693227686759,1692255422530,1692255422534,1693227686767,8,4,4
33446,1693227686768,1692255422538,1692255422541,1693227686775,7,3,4
33447,1693227686775,1692255422545,1692255422548,1693227686782,7,3,4
33448,1693227686782,1692255422553,1692255422555,1693227686789,7,2,5
33449,1693227686789,1692255422560,1692255422563,1693227686797,8,3,5
33450,1693227686797,1692255422568,1692255422571,1693227686808,11,3,8
33451,1693227686808,1692255422579,1692255422582,1693227686815,7,3,4
33452,1693227686815,1692255422586,1692255422589,1693227686822,7,3,4
33453,1693227686822,1692255422593,1692255422597,1693227686831,9,4,5
33454,1693227686831,1692255422602,1692255422605,1693227686838,7,3,4
33455,1693227686838,1692255422609,1692255422612,1693227686845,7,3,4
33456,1693227686845,1692255422615,1692255422618,1693227686852,7,3,4
33457,1693227686852,1692255422623,1692255422626,1693227686860,8,3,5
33458,1693227686860,1692255422631,1692255422634,1693227686868,8,3,5
33459,1693227686868,1692255422638,1692255422641,1693227686874,6,3,3
33460,1693227686875,1692255422645,1692255422649,1693227686883,8,4,4
33461,1693227686883,1692255422656,1692255422659,1693227686892,9,3,6
33462,1693227686892,1692255422663,1692255422666,1693227686900,8,3,5
33463,1693227686900,1692255422671,1692255422675,1693227686910,10,4,6
33464,1693227686910,1692255422680,1692255422684,1693227686918,8,4,4
33465,1693227686918,1692255422689,1692255422691,1693227686925,7,2,5
33466,1693227686925,1692255422695,1692255422699,1693227686932,7,4,3
33467,1693227686932,1692255422702,1692255422705,1693227686939,7,3,4
33468,1693227686939,1692255422710,1692255422713,1693227686947,8,3,5
33469,1693227686947,1692255422718,1692255422721,1693227686955,8,3,5
33470,1693227686955,1692255422726,1692255422729,1693227686963,8,3,5
33471,1693227686963,1692255422734,1692255422736,1693227686970,7,2,5
33472,1693227686970,1692255422741,1692255422745,1693227686979,9,4,5
33473,1693227686979,1692255422750,1692255422753,1693227686986,7,3,4
33474,1693227686986,1692255422757,1692255422761,1693227686994,8,4,4
33475,1693227686994,1692255422765,1692255422768,1693227687002,8,3,5
33476,1693227687002,1692255422773,1692255422775,1693227687009,7,2,5
33477,1693227687009,1692255422783,1692255422786,1693227687020,11,3,8
33478,1693227687020,1692255422791,1692255422794,1693227687028,8,3,5
33479,1693227687028,1692255422799,1692255422802,1693227687036,8,3,5
33480,1693227687036,1692255422807,1692255422809,1693227687043,7,2,5
33481,1693227687043,1692255422814,1692255422819,1693227687053,10,5,5
33482,1693227687053,1692255422823,1692255422827,1693227687061,8,4,4
33483,1693227687061,1692255422831,1692255422834,1693227687068,7,3,4
33484,1693227687068,1692255422839,1692255422843,1693227687077,9,4,5
33485,1693227687077,1692255422848,1692255422851,1693227687085,8,3,5
33486,1693227687085,1692255422856,1692255422859,1693227687093,8,3,5
33487,1693227687093,1692255422863,1692255422866,1693227687100,7,3,4
33488,1693227687100,1692255422870,1692255422874,1693227687108,8,4,4
33489,1693227687108,1692255422879,1692255422882,1693227687117,9,3,6
33490,1693227687117,1692255422888,1692255422891,1693227687125,8,3,5
33491,1693227687125,1692255422896,1692255422899,1693227687133,8,3,5
33492,1693227687133,1692255422903,1692255422906,1693227687140,7,3,4
33493,1693227687140,1692255422912,1692255422914,1693227687148,8,2,6
33494,1693227687148,1692255422919,1692255422922,1693227687156,8,3,5
33495,1693227687156,1692255422926,1692255422930,1693227687164,8,4,4
33496,1693227687164,1692255422935,1692255422938,1693227687171,7,3,4
33497,1693227687171,1692255422942,1692255422945,1693227687179,8,3,5
33498,1693227687179,1692255422949,1692255422952,1693227687186,7,3,4
33499,1693227687186,1692255422957,1692255422960,1693227687194,8,3,5
33500,1693227687194,1692255422964,1692255422967,1693227687201,7,3,4
33501,1693227687201,1692255422972,1692255422974,1693227687208,7,2,5
33502,1693227687208,1692255422979,1692255422983,1693227687217,9,4,5
33503,1693227687217,1692255422988,1692255422991,1693227687225,8,3,5
33504,1693227687225,1692255422995,1692255422998,1693227687232,7,3,4
33505,1693227687232,1692255423003,1692255423006,1693227687239,7,3,4
33506,1693227687240,1692255423011,1692255423014,1693227687248,8,3,5
33507,1693227687248,1692255423018,1692255423021,1693227687254,6,3,3
33508,1693227687255,1692255423025,1692255423028,1693227687262,7,3,4
33509,1693227687262,1692255423033,1692255423037,1693227687271,9,4,5
33510,1693227687271,1692255423042,1692255423045,1693227687279,8,3,5
33511,1693227687279,1692255423050,1692255423053,1693227687287,8,3,5
33512,1693227687287,1692255423058,1692255423062,1693227687296,9,4,5
33513,1693227687296,1692255423067,1692255423071,1693227687306,10,4,6
33514,1693227687306,1692255423077,1692255423081,1693227687315,9,4,5
33515,1693227687315,1692255423089,1692255423093,1693227687327,12,4,8
33516,1693227687327,1692255423098,1692255423101,1693227687336,9,3,6
33517,1693227687336,1692255423106,1692255423109,1693227687344,8,3,5
33518,1693227687344,1692255423114,1692255423119,1693227687353,9,5,4
33519,1693227687353,1692255423124,1692255423127,1693227687361,8,3,5
33520,1693227687361,1692255423132,1692255423135,1693227687368,7,3,4
33521,1693227687369,1692255423139,1692255423142,1693227687376,7,3,4
33522,1693227687376,1692255423147,1692255423150,1693227687384,8,3,5
33523,1693227687384,1692255423155,1692255423158,1693227687391,7,3,4
33524,1693227687391,1692255423162,1692255423165,1693227687399,8,3,5
33525,1693227687399,1692255423170,1692255423173,1693227687407,8,3,5
33526,1693227687407,1692255423178,1692255423182,1693227687416,9,4,5
33527,1693227687416,1692255423186,1692255423190,1693227687423,7,4,3
33528,1693227687423,1692255423194,1692255423197,1693227687431,8,3,5
33529,1693227687431,1692255423203,1692255423206,1693227687440,9,3,6
33530,1693227687440,1692255423211,1692255423214,1693227687450,10,3,7
33531,1693227687450,1692255423221,1692255423224,1693227687458,8,3,5
33532,1693227687458,1692255423228,1692255423232,1693227687470,12,4,8
33533,1693227687470,1692255423241,1692255423244,1693227687478,8,3,5
33534,1693227687478,1692255423249,1692255423253,1693227687487,9,4,5
33535,1693227687487,1692255423259,1692255423263,1693227687497,10,4,6
33536,1693227687497,1692255423268,1692255423270,1693227687504,7,2,5
33537,1693227687504,1692255423274,1692255423277,1693227687511,7,3,4
33538,1693227687511,1692255423282,1692255423286,1693227687546,35,4,31
33539,1693227687546,1692255423317,1692255423320,1693227687553,7,3,4
33540,1693227687553,1692255423324,1692255423328,1693227687580,27,4,23
33541,1693227687580,1692255423352,1692255423354,1693227687588,8,2,6
33542,1693227687588,1692255423358,1692255423362,1693227687596,8,4,4
33543,1693227687596,1692255423366,1692255423369,1693227687603,7,3,4
33544,1693227687603,1692255423374,1692255423377,1693227687611,8,3,5
33545,1693227687611,1692255423382,1692255423385,1693227687619,8,3,5
33546,1693227687619,1692255423390,1692255423393,1693227687626,7,3,4
33547,1693227687626,1692255423399,1692255423402,1693227687636,10,3,7
33548,1693227687636,1692255423406,1692255423410,1693227687643,7,4,3
33549,1693227687643,1692255423414,1692255423417,1693227687651,8,3,5
33550,1693227687651,1692255423422,1692255423426,1693227687659,8,4,4
33551,1693227687659,1692255423430,1692255423433,1693227687667,8,3,5
33552,1693227687667,1692255423437,1692255423440,1693227687674,7,3,4
33553,1693227687674,1692255423444,1692255423447,1693227687681,7,3,4
33554,1693227687681,1692255423452,1692255423455,1693227687688,7,3,4
33555,1693227687688,1692255423459,1692255423464,1693227687698,10,5,5
33556,1693227687698,1692255423469,1692255423471,1693227687705,7,2,5
33557,1693227687705,1692255423476,1692255423479,1693227687716,11,3,8
33558,1693227687716,1692255423487,1692255423490,1693227687723,7,3,4
33559,1693227687723,1692255423494,1692255423497,1693227687731,8,3,5
33560,1693227687731,1692255423501,1692255423504,1693227687738,7,3,4
33561,1693227687738,1692255423512,1692255423516,1693227687749,11,4,7
33562,1693227687749,1692255423519,1692255423523,1693227687756,7,4,3
33563,1693227687756,1692255423527,1692255423530,1693227687763,7,3,4
33564,1693227687763,1692255423534,1692255423538,1693227687771,8,4,4
33565,1693227687771,1692255423542,1692255423545,1693227687778,7,3,4
33566,1693227687778,1692255423549,1692255423552,1693227687786,8,3,5
33567,1693227687786,1692255423556,1692255423559,1693227687792,6,3,3
33568,1693227687792,1692255423563,1692255423566,1693227687800,8,3,5
33569,1693227687800,1692255423570,1692255423573,1693227687807,7,3,4
33570,1693227687807,1692255423577,1692255423580,1693227687814,7,3,4
33571,1693227687814,1692255423585,1692255423587,1693227687821,7,2,5
33572,1693227687821,1692255423592,1692255423595,1693227687832,11,3,8
33573,1693227687832,1692255423602,1692255423606,1693227687839,7,4,3
33574,1693227687839,1692255423610,1692255423613,1693227687847,8,3,5
33575,1693227687847,1692255423619,1692255423622,1693227687856,9,3,6
33576,1693227687856,1692255423627,1692255423630,1693227687864,8,3,5
33577,1693227687864,1692255423641,1692255423645,1693227687879,15,4,11
33578,1693227687879,1692255423650,1692255423653,1693227687887,8,3,5
33579,1693227687887,1692255423657,1692255423661,1693227687894,7,4,3
33580,1693227687894,1692255423665,1692255423669,1693227687903,9,4,5
33581,1693227687903,1692255423673,1692255423676,1693227687910,7,3,4
33582,1693227687910,1692255423681,1692255423685,1693227687919,9,4,5
33583,1693227687919,1692255423689,1692255423692,1693227687925,6,3,3
33584,1693227687925,1692255423696,1692255423699,1693227687934,9,3,6
33585,1693227687934,1692255423704,1692255423708,1693227687942,8,4,4
33586,1693227687942,1692255423713,1692255423716,1693227687950,8,3,5
33587,1693227687950,1692255423720,1692255423724,1693227687957,7,4,3
33588,1693227687957,1692255423729,1692255423732,1693227687966,9,3,6
33589,1693227687966,1692255423737,1692255423740,1693227687974,8,3,5
33590,1693227687974,1692255423744,1692255423747,1693227687981,7,3,4
33591,1693227687981,1692255423752,1692255423755,1693227687989,8,3,5
33592,1693227687989,1692255423760,1692255423765,1693227687999,10,5,5
33593,1693227687999,1692255423769,1692255423772,1693227688005,6,3,3
33594,1693227688005,1692255423775,1692255423779,1693227688012,7,4,3
33595,1693227688012,1692255423783,1692255423787,1693227688020,8,4,4
33596,1693227688021,1692255423791,1692255423795,1693227688028,7,4,3
33597,1693227688028,1692255423799,1692255423801,1693227688036,8,2,6
33598,1693227688036,1692255423807,1692255423811,1693227688044,8,4,4
33599,1693227688044,1692255423815,1692255423818,1693227688051,7,3,4
33600,1693227688051,1692255423822,1692255423825,1693227688059,8,3,5
33601,1693227688059,1692255423832,1692255423834,1693227688068,9,2,7
33602,1693227688068,1692255423839,1692255423841,1693227688075,7,2,5
33603,1693227688075,1692255423846,1692255423849,1693227688082,7,3,4
33604,1693227688082,1692255423853,1692255423856,1693227688090,8,3,5
33605,1693227688090,1692255423860,1692255423864,1693227688098,8,4,4
33606,1693227688098,1692255423869,1692255423872,1693227688105,7,3,4
33607,1693227688105,1692255423876,1692255423879,1693227688113,8,3,5
33608,1693227688113,1692255423884,1692255423887,1693227688121,8,3,5
33609,1693227688121,1692255423891,1692255423895,1693227688128,7,4,3
33610,1693227688128,1692255423899,1692255423902,1693227688136,8,3,5
33611,1693227688136,1692255423907,1692255423910,1693227688144,8,3,5
33612,1693227688144,1692255423915,1692255423918,1693227688152,8,3,5
33613,1693227688152,1692255423923,1692255423926,1693227688160,8,3,5
33614,1693227688160,1692255423931,1692255423934,1693227688167,7,3,4
33615,1693227688167,1692255423938,1692255423941,1693227688174,7,3,4
33616,1693227688174,1692255423945,1692255423948,1693227688182,8,3,5
33617,1693227688182,1692255423953,1692255423956,1693227688189,7,3,4
33618,1693227688189,1692255423961,1692255423965,1693227688198,9,4,5
33619,1693227688198,1692255423969,1692255423972,1693227688206,8,3,5
33620,1693227688206,1692255423976,1692255423979,1693227688213,7,3,4
33621,1693227688213,1692255423984,1692255423987,1693227688220,7,3,4
33622,1693227688220,1692255423990,1692255423994,1693227688228,8,4,4
33623,1693227688228,1692255423998,1692255424002,1693227688235,7,4,3
33624,1693227688235,1692255424006,1692255424010,1693227688244,9,4,5
33625,1693227688244,1692255424015,1692255424018,1693227688252,8,3,5
33626,1693227688252,1692255424023,1692255424026,1693227688259,7,3,4
33627,1693227688259,1692255424030,1692255424034,1693227688267,8,4,4
33628,1693227688267,1692255424038,1692255424042,1693227688276,9,4,5
33629,1693227688276,1692255424047,1692255424052,1693227688285,9,5,4
33630,1693227688285,1692255424056,1692255424059,1693227688293,8,3,5
33631,1693227688293,1692255424063,1692255424066,1693227688300,7,3,4
33632,1693227688300,1692255424071,1692255424075,1693227688308,8,4,4
33633,1693227688308,1692255424079,1692255424082,1693227688316,8,3,5
33634,1693227688316,1692255424088,1692255424091,1693227688325,9,3,6
33635,1693227688325,1692255424096,1692255424099,1693227688333,8,3,5
33636,1693227688333,1692255424104,1692255424107,1693227688343,10,3,7
33637,1693227688343,1692255424114,1692255424117,1693227688351,8,3,5
33638,1693227688351,1692255424122,1692255424124,1693227688358,7,2,5
33639,1693227688358,1692255424129,1692255424132,1693227688366,8,3,5
33640,1693227688366,1692255424137,1692255424140,1693227688374,8,3,5
33641,1693227688374,1692255424146,1692255424149,1693227688383,9,3,6
33642,1693227688383,1692255424154,1692255424157,1693227688391,8,3,5
33643,1693227688391,1692255424161,1692255424165,1693227688399,8,4,4
33644,1693227688399,1692255424169,1692255424173,1693227688407,8,4,4
33645,1693227688407,1692255424178,1692255424180,1693227688413,6,2,4
33646,1693227688413,1692255424184,1692255424188,1693227688421,8,4,4
33647,1693227688421,1692255424191,1692255424194,1693227688428,7,3,4
33648,1693227688428,1692255424199,1692255424202,1693227688436,8,3,5
33649,1693227688436,1692255424207,1692255424211,1693227688446,10,4,6
33650,1693227688446,1692255424216,1692255424220,1693227688454,8,4,4
33651,1693227688454,1692255424225,1692255424228,1693227688462,8,3,5
33652,1693227688462,1692255424232,1692255424236,1693227688469,7,4,3
33653,1693227688469,1692255424240,1692255424244,1693227688477,8,4,4
33654,1693227688478,1692255424248,1692255424252,1693227688485,7,4,3
33655,1693227688485,1692255424256,1692255424260,1693227688493,8,4,4
33656,1693227688493,1692255424264,1692255424267,1693227688501,8,3,5
33657,1693227688501,1692255424271,1692255424274,1693227688508,7,3,4
33658,1693227688508,1692255424278,1692255424281,1693227688515,7,3,4
33659,1693227688515,1692255424285,1692255424289,1693227688529,14,4,10
33660,1693227688529,1692255424300,1692255424303,1693227688537,8,3,5
33661,1693227688537,1692255424307,1692255424310,1693227688544,7,3,4
33662,1693227688544,1692255424317,1692255424320,1693227688554,10,3,7
33663,1693227688554,1692255424325,1692255424328,1693227688562,8,3,5
33664,1693227688562,1692255424333,1692255424336,1693227688569,7,3,4
33665,1693227688569,1692255424340,1692255424343,1693227688576,7,3,4
33666,1693227688577,1692255424348,1692255424353,1693227688586,9,5,4
33667,1693227688586,1692255424357,1692255424361,1693227688595,9,4,5
33668,1693227688595,1692255424365,1692255424368,1693227688602,7,3,4
33669,1693227688602,1692255424373,1692255424376,1693227688609,7,3,4
33670,1693227688609,1692255424380,1692255424383,1693227688617,8,3,5
33671,1693227688617,1692255424387,1692255424390,1693227688624,7,3,4
33672,1693227688624,1692255424395,1692255424399,1693227688633,9,4,5
33673,1693227688633,1692255424404,1692255424407,1693227688641,8,3,5
33674,1693227688641,1692255424412,1692255424415,1693227688650,9,3,6
33675,1693227688650,1692255424422,1692255424425,1693227688659,9,3,6
33676,1693227688659,1692255424429,1692255424432,1693227688666,7,3,4
33677,1693227688666,1692255424437,1692255424440,1693227688674,8,3,5
33678,1693227688674,1692255424445,1692255424448,1693227688682,8,3,5
33679,1693227688682,1692255424453,1692255424457,1693227688691,9,4,5
33680,1693227688691,1692255424463,1692255424466,1693227688699,8,3,5
33681,1693227688699,1692255424471,1692255424474,1693227688707,8,3,5
33682,1693227688707,1692255424477,1692255424481,1693227688714,7,4,3
33683,1693227688714,1692255424490,1692255424494,1693227688727,13,4,9
33684,1693227688727,1692255424498,1692255424504,1693227688738,11,6,5
33685,1693227688738,1692255424508,1692255424511,1693227688745,7,3,4
33686,1693227688745,1692255424516,1692255424520,1693227688753,8,4,4
33687,1693227688753,1692255424524,1692255424527,1693227688761,8,3,5
33688,1693227688761,1692255424531,1692255424535,1693227688769,8,4,4
33689,1693227688769,1692255424540,1692255424543,1693227688777,8,3,5
33690,1693227688777,1692255424548,1692255424552,1693227688785,8,4,4
33691,1693227688785,1692255424555,1692255424558,1693227688792,7,3,4
33692,1693227688792,1692255424564,1692255424567,1693227688801,9,3,6
33693,1693227688801,1692255424572,1692255424576,1693227688809,8,4,4
33694,1693227688810,1692255424580,1692255424583,1693227688817,7,3,4
33695,1693227688817,1692255424588,1692255424591,1693227688825,8,3,5
33696,1693227688825,1692255424595,1692255424599,1693227688833,8,4,4
33697,1693227688833,1692255424604,1692255424607,1693227688840,7,3,4
33698,1693227688840,1692255424611,1692255424613,1693227688847,7,2,5
33699,1693227688847,1692255424618,1692255424620,1693227688856,9,2,7
33700,1693227688856,1692255424627,1692255424630,1693227688864,8,3,5
33701,1693227688864,1692255424635,1692255424638,1693227688872,8,3,5
33702,1693227688872,1692255424642,1692255424647,1693227688882,10,5,5
33703,1693227688882,1692255424653,1692255424656,1693227688889,7,3,4
33704,1693227688889,1692255424660,1692255424664,1693227688898,9,4,5
33705,1693227688898,1692255424669,1692255424672,1693227688906,8,3,5
33706,1693227688906,1692255424676,1692255424680,1693227688914,8,4,4
33707,1693227688914,1692255424684,1692255424688,1693227688921,7,4,3
33708,1693227688921,1692255424691,1692255424694,1693227688928,7,3,4
33709,1693227688928,1692255424699,1692255424703,1693227688937,9,4,5
33710,1693227688937,1692255424707,1692255424710,1693227688944,7,3,4
33711,1693227688944,1692255424715,1692255424718,1693227688952,8,3,5
33712,1693227688952,1692255424723,1692255424726,1693227688959,7,3,4
33713,1693227688959,1692255424730,1692255424733,1693227688967,8,3,5
33714,1693227688967,1692255424738,1692255424741,1693227688975,8,3,5
33715,1693227688975,1692255424745,1692255424749,1693227688984,9,4,5
33716,1693227688984,1692255424754,1692255424757,1693227688991,7,3,4
33717,1693227688991,1692255424767,1692255424770,1693227689004,13,3,10
33718,1693227689004,1692255424776,1692255424780,1693227689013,9,4,5
33719,1693227689013,1692255424784,1692255424787,1693227689021,8,3,5
33720,1693227689021,1692255424792,1692255424795,1693227689029,8,3,5
33721,1693227689029,1692255424800,1692255424803,1693227689036,7,3,4
33722,1693227689036,1692255424807,1692255424810,1693227689044,8,3,5
33723,1693227689044,1692255424815,1692255424818,1693227689052,8,3,5
33724,1693227689052,1692255424822,1692255424826,1693227689060,8,4,4
33725,1693227689060,1692255424831,1692255424834,1693227689067,7,3,4
33726,1693227689067,1692255424838,1692255424841,1693227689075,8,3,5
33727,1693227689075,1692255424845,1692255424848,1693227689082,7,3,4
33728,1693227689082,1692255424853,1692255424856,1693227689090,8,3,5
33729,1693227689090,1692255424861,1692255424864,1693227689098,8,3,5
33730,1693227689098,1692255424868,1692255424872,1693227689105,7,4,3
33731,1693227689105,1692255424875,1692255424878,1693227689112,7,3,4
33732,1693227689112,1692255424883,1692255424886,1693227689120,8,3,5
33733,1693227689120,1692255424891,1692255424894,1693227689128,8,3,5
33734,1693227689128,1692255424898,1692255424902,1693227689136,8,4,4
33735,1693227689136,1692255424907,1692255424911,1693227689144,8,4,4
33736,1693227689144,1692255424915,1692255424917,1693227689151,7,2,5
33737,1693227689151,1692255424922,1692255424925,1693227689158,7,3,4
33738,1693227689158,1692255424931,1692255424936,1693227689170,12,5,7
33739,1693227689170,1692255424941,1692255424945,1693227689179,9,4,5
33740,1693227689179,1692255424950,1692255424953,1693227689186,7,3,4
33741,1693227689186,1692255424957,1692255424961,1693227689195,9,4,5
33742,1693227689195,1692255424966,1692255424969,1693227689203,8,3,5
33743,1693227689203,1692255424974,1692255424977,1693227689210,7,3,4
33744,1693227689210,1692255424981,1692255424985,1693227689218,8,4,4
33745,1693227689218,1692255424989,1692255424992,1693227689226,8,3,5
33746,1693227689226,1692255424996,1692255424999,1693227689233,7,3,4
33747,1693227689233,1692255425004,1692255425007,1693227689240,7,3,4
33748,1693227689240,1692255425011,1692255425014,1693227689248,8,3,5
33749,1693227689248,1692255425019,1692255425022,1693227689255,7,3,4
33750,1693227689255,1692255425026,1692255425030,1693227689265,10,4,6
33751,1693227689265,1692255425035,1692255425040,1693227689274,9,5,4
33752,1693227689274,1692255425045,1692255425048,1693227689282,8,3,5
33753,1693227689282,1692255425053,1692255425056,1693227689291,9,3,6
33754,1693227689291,1692255425062,1692255425065,1693227689299,8,3,5
33755,1693227689299,1692255425070,1692255425074,1693227689307,8,4,4
33756,1693227689307,1692255425078,1692255425082,1693227689316,9,4,5
33757,1693227689316,1692255425087,1692255425090,1693227689323,7,3,4
33758,1693227689323,1692255425094,1692255425097,1693227689331,8,3,5
33759,1693227689331,1692255425101,1692255425105,1693227689339,8,4,4
33760,1693227689339,1692255425110,1692255425112,1693227689346,7,2,5
33761,1693227689346,1692255425117,1692255425120,1693227689354,8,3,5
33762,1693227689354,1692255425125,1692255425128,1693227689362,8,3,5
33763,1693227689362,1692255425132,1692255425137,1693227689371,9,5,4
33764,1693227689371,1692255425142,1692255425146,1693227689379,8,4,4
33765,1693227689379,1692255425150,1692255425153,1693227689386,7,3,4
33766,1693227689386,1692255425157,1692255425160,1693227689394,8,3,5
33767,1693227689394,1692255425164,1692255425167,1693227689401,7,3,4
33768,1693227689401,1692255425172,1692255425175,1693227689408,7,3,4
33769,1693227689408,1692255425178,1692255425181,1693227689415,7,3,4
33770,1693227689415,1692255425186,1692255425189,1693227689423,8,3,5
33771,1693227689423,1692255425193,1692255425196,1693227689430,7,3,4
33772,1693227689430,1692255425200,1692255425203,1693227689436,6,3,3
33773,1693227689436,1692255425207,1692255425211,1693227689445,9,4,5
33774,1693227689445,1692255425216,1692255425220,1693227689454,9,4,5
33775,1693227689454,1692255425225,1692255425228,1693227689462,8,3,5
33776,1693227689462,1692255425233,1692255425236,1693227689470,8,3,5
33777,1693227689470,1692255425240,1692255425244,1693227689478,8,4,4
33778,1693227689478,1692255425249,1692255425252,1693227689486,8,3,5
33779,1693227689486,1692255425256,1692255425260,1693227689494,8,4,4
33780,1693227689494,1692255425265,1692255425268,1693227689501,7,3,4
33781,1693227689501,1692255425272,1692255425275,1693227689509,8,3,5
33782,1693227689509,1692255425281,1692255425285,1693227689519,10,4,6
33783,1693227689519,1692255425290,1692255425293,1693227689526,7,3,4
33784,1693227689526,1692255425297,1692255425301,1693227689535,9,4,5
33785,1693227689535,1692255425308,1692255425311,1693227689545,10,3,7
33786,1693227689545,1692255425317,1692255425320,1693227689554,9,3,6
33787,1693227689554,1692255425324,1692255425328,1693227689562,8,4,4
33788,1693227689562,1692255425332,1692255425336,1693227689572,10,4,6
33789,1693227689572,1692255425350,1692255425354,1693227689587,15,4,11
33790,1693227689587,1692255425358,1692255425361,1693227689595,8,3,5
33791,1693227689595,1692255425365,1692255425369,1693227689602,7,4,3
33792,1693227689602,1692255425373,1692255425376,1693227689610,8,3,5
33793,1693227689610,1692255425381,1692255425384,1693227689618,8,3,5
33794,1693227689618,1692255425390,1692255425392,1693227689626,8,2,6
33795,1693227689626,1692255425397,1692255425401,1693227689634,8,4,4
33796,1693227689634,1692255425405,1692255425408,1693227689641,7,3,4
33797,1693227689642,1692255425412,1692255425415,1693227689649,7,3,4
33798,1693227689649,1692255425420,1692255425424,1693227689658,9,4,5
33799,1693227689658,1692255425429,1692255425433,1693227689667,9,4,5
33800,1693227689667,1692255425438,1692255425440,1693227689674,7,2,5
33801,1693227689674,1692255425445,1692255425448,1693227689682,8,3,5
33802,1693227689682,1692255425452,1692255425456,1693227689689,7,4,3
33803,1693227689690,1692255425460,1692255425463,1693227689697,7,3,4
33804,1693227689697,1692255425468,1692255425470,1693227689704,7,2,5
33805,1693227689704,1692255425475,1692255425478,1693227689712,8,3,5
33806,1693227689712,1692255425482,1692255425485,1693227689719,7,3,4
33807,1693227689719,1692255425489,1692255425492,1693227689727,8,3,5
33808,1693227689727,1692255425498,1692255425501,1693227689735,8,3,5
33809,1693227689735,1692255425506,1692255425509,1693227689743,8,3,5
33810,1693227689743,1692255425514,1692255425518,1693227689752,9,4,5
33811,1693227689752,1692255425523,1692255425528,1693227689762,10,5,5
33812,1693227689762,1692255425532,1692255425536,1693227689769,7,4,3
33813,1693227689769,1692255425541,1692255425545,1693227689779,10,4,6
33814,1693227689779,1692255425549,1692255425553,1693227689786,7,4,3
33815,1693227689787,1692255425557,1692255425560,1693227689794,7,3,4
33816,1693227689794,1692255425564,1692255425568,1693227689801,7,4,3
33817,1693227689801,1692255425572,1692255425575,1693227689809,8,3,5
33818,1693227689809,1692255425580,1692255425583,1693227689816,7,3,4
33819,1693227689816,1692255425587,1692255425590,1693227689824,8,3,5
33820,1693227689824,1692255425595,1692255425598,1693227689832,8,3,5
33821,1693227689832,1692255425602,1692255425605,1693227689838,6,3,3
33822,1693227689838,1692255425609,1692255425612,1693227689846,8,3,5
33823,1693227689846,1692255425616,1692255425619,1693227689853,7,3,4
33824,1693227689853,1692255425624,1692255425627,1693227689861,8,3,5
33825,1693227689861,1692255425632,1692255425636,1693227689870,9,4,5
33826,1693227689870,1692255425641,1692255425644,1693227689881,11,3,8
33827,1693227689881,1692255425652,1692255425656,1693227689890,9,4,5
33828,1693227689890,1692255425660,1692255425664,1693227689898,8,4,4
33829,1693227689898,1692255425669,1692255425672,1693227689905,7,3,4
33830,1693227689905,1692255425676,1692255425679,1693227689912,7,3,4
33831,1693227689912,1692255425683,1692255425687,1693227689920,8,4,4
33832,1693227689920,1692255425690,1692255425693,1693227689927,7,3,4
33833,1693227689927,1692255425697,1692255425700,1693227689934,7,3,4
33834,1693227689934,1692255425705,1692255425708,1693227689941,7,3,4
33835,1693227689941,1692255425716,1692255425719,1693227689952,11,3,8
33836,1693227689953,1692255425723,1692255425727,1693227689960,7,4,3
33837,1693227689960,1692255425731,1692255425735,1693227689968,8,4,4
33838,1693227689968,1692255425739,1692255425742,1693227689975,7,3,4
33839,1693227689975,1692255425746,1692255425750,1693227689984,9,4,5
33840,1693227689984,1692255425754,1692255425757,1693227689991,7,3,4
33841,1693227689991,1692255425761,1692255425765,1693227689999,8,4,4
33842,1693227689999,1692255425770,1692255425772,1693227690006,7,2,5
33843,1693227690006,1692255425778,1692255425782,1693227690016,10,4,6
33844,1693227690016,1692255425787,1692255425791,1693227690025,9,4,5
33845,1693227690025,1692255425795,1692255425799,1693227690032,7,4,3
33846,1693227690032,1692255425803,1692255425806,1693227690040,8,3,5
33847,1693227690040,1692255425811,1692255425814,1693227690047,7,3,4
33848,1693227690048,1692255425818,1692255425823,1693227690056,8,5,3
33849,1693227690056,1692255425826,1692255425830,1693227690064,8,4,4
33850,1693227690064,1692255425835,1692255425838,1693227690071,7,3,4
33851,1693227690072,1692255425842,1692255425846,1693227690080,8,4,4
33852,1693227690080,1692255425852,1692255425856,1693227690089,9,4,5
33853,1693227690089,1692255425860,1692255425864,1693227690097,8,4,4
33854,1693227690097,1692255425868,1692255425871,1693227690104,7,3,4
33855,1693227690104,1692255425875,1692255425879,1693227690112,8,4,4
33856,1693227690112,1692255425883,1692255425888,1693227690122,10,5,5
33857,1693227690122,1692255425892,1692255425895,1693227690129,7,3,4
33858,1693227690129,1692255425900,1692255425904,1693227690137,8,4,4
33859,1693227690137,1692255425908,1692255425911,1693227690145,8,3,5
33860,1693227690145,1692255425916,1692255425919,1693227690154,9,3,6
33861,1693227690154,1692255425924,1692255425928,1693227690162,8,4,4
33862,1693227690162,1692255425932,1692255425935,1693227690169,7,3,4
33863,1693227690169,1692255425939,1692255425942,1693227690176,7,3,4
33864,1693227690176,1692255425946,1692255425949,1693227690183,7,3,4
33865,1693227690183,1692255425955,1692255425959,1693227690193,10,4,6
33866,1693227690193,1692255425963,1692255425966,1693227690200,7,3,4
33867,1693227690200,1692255425971,1692255425974,1693227690207,7,3,4
33868,1693227690207,1692255425978,1692255425981,1693227690215,8,3,5
33869,1693227690215,1692255425986,1692255425989,1693227690222,7,3,4
33870,1693227690222,1692255425993,1692255425996,1693227690229,7,3,4
33871,1693227690229,1692255426000,1692255426004,1693227690237,8,4,4
33872,1693227690237,1692255426008,1692255426011,1693227690244,7,3,4
33873,1693227690244,1692255426015,1692255426018,1693227690252,8,3,5
33874,1693227690252,1692255426022,1692255426025,1693227690259,7,3,4
33875,1693227690259,1692255426030,1692255426033,1693227690266,7,3,4
33876,1693227690266,1692255426038,1692255426041,1693227690275,9,3,6
33877,1693227690275,1692255426046,1692255426049,1693227690282,7,3,4
33878,1693227690282,1692255426053,1692255426056,1693227690289,7,3,4
33879,1693227690289,1692255426060,1692255426063,1693227690297,8,3,5
33880,1693227690297,1692255426068,1692255426071,1693227690304,7,3,4
33881,1693227690304,1692255426074,1692255426078,1693227690311,7,4,3
33882,1693227690312,1692255426082,1692255426085,1693227690319,7,3,4
33883,1693227690319,1692255426089,1692255426092,1693227690326,7,3,4
33884,1693227690326,1692255426097,1692255426101,1693227690335,9,4,5
33885,1693227690335,1692255426105,1692255426108,1693227690342,7,3,4
33886,1693227690342,1692255426112,1692255426116,1693227690350,8,4,4
33887,1693227690350,1692255426121,1692255426124,1693227690358,8,3,5
33888,1693227690358,1692255426129,1692255426132,1693227690366,8,3,5
33889,1693227690366,1692255426136,1692255426140,1693227690373,7,4,3
33890,1693227690373,1692255426144,1692255426147,1693227690381,8,3,5
33891,1693227690381,1692255426152,1692255426155,1693227690391,10,3,7
33892,1693227690391,1692255426162,1692255426165,1693227690398,7,3,4
33893,1693227690398,1692255426169,1692255426173,1693227690406,8,4,4
33894,1693227690407,1692255426177,1692255426180,1693227690414,7,3,4
33895,1693227690414,1692255426184,1692255426187,1693227690421,7,3,4
33896,1693227690421,1692255426191,1692255426195,1693227690429,8,4,4
33897,1693227690429,1692255426199,1692255426202,1693227690436,7,3,4
33898,1693227690436,1692255426207,1692255426210,1693227690444,8,3,5
33899,1693227690444,1692255426216,1692255426219,1693227690452,8,3,5
33900,1693227690452,1692255426223,1692255426226,1693227690459,7,3,4
33901,1693227690459,1692255426230,1692255426233,1693227690467,8,3,5
33902,1693227690467,1692255426238,1692255426241,1693227690475,8,3,5
33903,1693227690475,1692255426245,1692255426248,1693227690482,7,3,4
33904,1693227690482,1692255426252,1692255426256,1693227690489,7,4,3
33905,1693227690489,1692255426262,1692255426266,1693227690500,11,4,7
33906,1693227690500,1692255426270,1692255426273,1693227690507,7,3,4
33907,1693227690507,1692255426277,1692255426280,1693227690514,7,3,4
33908,1693227690514,1692255426285,1692255426289,1693227690522,8,4,4
33909,1693227690522,1692255426293,1692255426295,1693227690529,7,2,5
33910,1693227690529,1692255426300,1692255426303,1693227690536,7,3,4
33911,1693227690536,1692255426307,1692255426310,1693227690544,8,3,5
33912,1693227690544,1692255426315,1692255426317,1693227690551,7,2,5
33913,1693227690551,1692255426322,1692255426325,1693227690559,8,3,5
33914,1693227690559,1692255426330,1692255426334,1693227690567,8,4,4
33915,1693227690567,1692255426338,1692255426341,1693227690574,7,3,4
33916,1693227690574,1692255426345,1692255426348,1693227690582,8,3,5
33917,1693227690582,1692255426353,1692255426355,1693227690589,7,2,5
33918,1693227690589,1692255426359,1692255426362,1693227690596,7,3,4
33919,1693227690596,1692255426367,1692255426370,1693227690604,8,3,5
33920,1693227690604,1692255426375,1692255426379,1693227690612,8,4,4
33921,1693227690612,1692255426383,1692255426387,1693227690621,9,4,5
33922,1693227690621,1692255426391,1692255426395,1693227690629,8,4,4
33923,1693227690629,1692255426400,1692255426403,1693227690637,8,3,5
33924,1693227690637,1692255426408,1692255426412,1693227690645,8,4,4
33925,1693227690645,1692255426416,1692255426419,1693227690653,8,3,5
33926,1693227690653,1692255426423,1692255426427,1693227690660,7,4,3
33927,1693227690660,1692255426431,1692255426434,1693227690668,8,3,5
33928,1693227690668,1692255426439,1692255426442,1693227690676,8,3,5
33929,1693227690676,1692255426447,1692255426450,1693227690683,7,3,4
33930,1693227690683,1692255426454,1692255426456,1693227690690,7,2,5
33931,1693227690690,1692255426461,1692255426464,1693227690698,8,3,5
33932,1693227690698,1692255426469,1692255426471,1693227690704,6,2,4
33933,1693227690704,1692255426475,1692255426479,1693227690712,8,4,4
33934,1693227690713,1692255426483,1692255426487,1693227690721,8,4,4
33935,1693227690721,1692255426492,1692255426496,1693227690733,12,4,8
33936,1693227690733,1692255426504,1692255426507,1693227690741,8,3,5
33937,1693227690741,1692255426511,1692255426515,1693227690749,8,4,4
33938,1693227690749,1692255426520,1692255426523,1693227690756,7,3,4
33939,1693227690756,1692255426526,1692255426530,1693227690763,7,4,3
33940,1693227690763,1692255426534,1692255426538,1693227690771,8,4,4
33941,1693227690771,1692255426543,1692255426546,1693227690779,8,3,5
33942,1693227690779,1692255426550,1692255426553,1693227690787,8,3,5
33943,1693227690787,1692255426557,1692255426560,1693227690793,6,3,3
33944,1693227690793,1692255426564,1692255426568,1693227690802,9,4,5
33945,1693227690802,1692255426573,1692255426578,1693227690812,10,5,5
33946,1693227690812,1692255426583,1692255426586,1693227690819,7,3,4
33947,1693227690819,1692255426590,1692255426592,1693227690826,7,2,5
33948,1693227690826,1692255426597,1692255426600,1693227690834,8,3,5
33949,1693227690834,1692255426605,1692255426608,1693227690842,8,3,5
33950,1693227690842,1692255426613,1692255426616,1693227690850,8,3,5
33951,1693227690850,1692255426621,1692255426624,1693227690858,8,3,5
33952,1693227690858,1692255426628,1692255426631,1693227690865,7,3,4
33953,1693227690865,1692255426635,1692255426638,1693227690871,6,3,3
33954,1693227690871,1692255426642,1692255426645,1693227690879,8,3,5
33955,1693227690879,1692255426650,1692255426653,1693227690886,7,3,4
33956,1693227690887,1692255426658,1692255426661,1693227690895,8,3,5
33957,1693227690895,1692255426666,1692255426670,1693227690904,9,4,5
33958,1693227690904,1692255426682,1692255426686,1693227690919,15,4,11
33959,1693227690919,1692255426690,1692255426693,1693227690927,8,3,5
33960,1693227690927,1692255426698,1692255426701,1693227690935,8,3,5
33961,1693227690935,1692255426706,1692255426709,1693227690942,7,3,4
33962,1693227690942,1692255426713,1692255426717,1693227690950,8,4,4
33963,1693227690950,1692255426721,1692255426725,1693227690958,8,4,4
33964,1693227690958,1692255426729,1692255426733,1693227690966,8,4,4
33965,1693227690966,1692255426737,1692255426740,1693227690974,8,3,5
33966,1693227690974,1692255426745,1692255426748,1693227690981,7,3,4
33967,1693227690981,1692255426752,1692255426755,1693227690988,7,3,4
33968,1693227690988,1692255426759,1692255426762,1693227690996,8,3,5
33969,1693227690996,1692255426767,1692255426770,1693227691005,9,3,6
33970,1693227691005,1692255426776,1692255426779,1693227691012,7,3,4
33971,1693227691012,1692255426783,1692255426786,1693227691020,8,3,5
33972,1693227691020,1692255426791,1692255426794,1693227691027,7,3,4
33973,1693227691028,1692255426798,1692255426802,1693227691035,7,4,3
33974,1693227691035,1692255426806,1692255426809,1693227691043,8,3,5
33975,1693227691043,1692255426814,1692255426817,1693227691050,7,3,4
33976,1693227691050,1692255426822,1692255426825,1693227691058,8,3,5
33977,1693227691058,1692255426829,1692255426832,1693227691065,7,3,4
33978,1693227691065,1692255426836,1692255426839,1693227691073,8,3,5
33979,1693227691073,1692255426844,1692255426847,1693227691081,8,3,5
33980,1693227691081,1692255426853,1692255426856,1693227691090,9,3,6
33981,1693227691090,1692255426861,1692255426863,1693227691097,7,2,5
33982,1693227691097,1692255426868,1692255426871,1693227691104,7,3,4
33983,1693227691104,1692255426877,1692255426880,1693227691114,10,3,7
33984,1693227691114,1692255426885,1692255426887,1693227691121,7,2,5
33985,1693227691121,1692255426892,1692255426895,1693227691129,8,3,5
33986,1693227691129,1692255426899,1692255426903,1693227691136,7,4,3
33987,1693227691136,1692255426907,1692255426910,1693227691144,8,3,5
33988,1693227691144,1692255426914,1692255426917,1693227691150,6,3,3
33989,1693227691150,1692255426920,1692255426923,1693227691156,6,3,3
33990,1693227691156,1692255426927,1692255426931,1693227691164,8,4,4
33991,1693227691164,1692255426935,1692255426937,1693227691171,7,2,5
33992,1693227691171,1692255426942,1692255426945,1693227691178,7,3,4
33993,1693227691179,1692255426949,1692255426953,1693227691186,7,4,3
33994,1693227691186,1692255426956,1692255426962,1693227691196,10,6,4
33995,1693227691196,1692255426967,1692255426969,1693227691203,7,2,5
33996,1693227691203,1692255426974,1692255426977,1693227691211,8,3,5
33997,1693227691211,1692255426981,1692255426984,1693227691218,7,3,4
33998,1693227691218,1692255426989,1692255426992,1693227691226,8,3,5
33999,1693227691226,1692255426998,1692255427002,1693227691236,10,4,6
34000,1693227691236,1692255427007,1692255427010,1693227691244,8,3,5
34001,1693227691244,1692255427014,1692255427017,1693227691251,7,3,4
34002,1693227691251,1692255427022,1692255427025,1693227691259,8,3,5
34003,1693227691259,1692255427030,1692255427033,1693227691266,7,3,4
34004,1693227691266,1692255427037,1692255427041,1693227691274,8,4,4
34005,1693227691274,1692255427045,1692255427048,1693227691282,8,3,5
34006,1693227691282,1692255427053,1692255427055,1693227691289,7,2,5
34007,1693227691289,1692255427059,1692255427063,1693227691296,7,4,3
34008,1693227691296,1692255427067,1692255427071,1693227691305,9,4,5
34009,1693227691305,1692255427076,1692255427079,1693227691313,8,3,5
34010,1693227691313,1692255427083,1692255427086,1693227691320,7,3,4
34011,1693227691320,1692255427091,1692255427094,1693227691328,8,3,5
34012,1693227691328,1692255427098,1692255427101,1693227691334,6,3,3
34013,1693227691334,1692255427105,1692255427108,1693227691342,8,3,5
34014,1693227691342,1692255427114,1692255427117,1693227691350,8,3,5
34015,1693227691350,1692255427121,1692255427125,1693227691358,8,4,4
34016,1693227691358,1692255427129,1692255427132,1693227691366,8,3,5
34017,1693227691366,1692255427138,1692255427141,1693227691375,9,3,6
34018,1693227691375,1692255427145,1692255427148,1693227691382,7,3,4
34019,1693227691382,1692255427153,1692255427155,1693227691389,7,2,5
34020,1693227691389,1692255427161,1692255427164,1693227691398,9,3,6
34021,1693227691398,1692255427169,1692255427172,1693227691406,8,3,5
34022,1693227691406,1692255427177,1692255427181,1693227691415,9,4,5
34023,1693227691415,1692255427186,1692255427189,1693227691423,8,3,5
34024,1693227691423,1692255427194,1692255427197,1693227691431,8,3,5
34025,1693227691431,1692255427202,1692255427205,1693227691439,8,3,5
34026,1693227691439,1692255427210,1692255427213,1693227691447,8,3,5
34027,1693227691447,1692255427218,1692255427221,1693227691455,8,3,5
34028,1693227691455,1692255427227,1692255427231,1693227691465,10,4,6
34029,1693227691465,1692255427235,1692255427238,1693227691472,7,3,4
34030,1693227691472,1692255427242,1692255427245,1693227691479,7,3,4
34031,1693227691479,1692255427250,1692255427255,1693227691489,10,5,5
34032,1693227691489,1692255427260,1692255427263,1693227691497,8,3,5
34033,1693227691497,1692255427267,1692255427270,1693227691504,7,3,4
34034,1693227691504,1692255427275,1692255427279,1693227691512,8,4,4
34035,1693227691512,1692255427283,1692255427286,1693227691519,7,3,4
34036,1693227691519,1692255427290,1692255427294,1693227691528,9,4,5
34037,1693227691528,1692255427299,1692255427303,1693227691536,8,4,4
34038,1693227691536,1692255427308,1692255427311,1693227691545,9,3,6
34039,1693227691545,1692255427315,1692255427319,1693227691552,7,4,3
34040,1693227691552,1692255427323,1692255427326,1693227691560,8,3,5
34041,1693227691560,1692255427331,1692255427333,1693227691567,7,2,5
34042,1693227691567,1692255427338,1692255427341,1693227691574,7,3,4
34043,1693227691574,1692255427345,1692255427348,1693227691581,7,3,4
34044,1693227691581,1692255427352,1692255427355,1693227691588,7,3,4
34045,1693227691588,1692255427359,1692255427362,1693227691595,7,3,4
34046,1693227691595,1692255427367,1692255427370,1693227691603,8,3,5
34047,1693227691603,1692255427374,1692255427377,1693227691611,8,3,5
34048,1693227691611,1692255427382,1692255427386,1693227691620,9,4,5
34049,1693227691620,1692255427391,1692255427394,1693227691628,8,3,5
34050,1693227691628,1692255427400,1692255427404,1693227691638,10,4,6
34051,1693227691638,1692255427409,1692255427412,1693227691646,8,3,5
34052,1693227691646,1692255427416,1692255427419,1693227691653,7,3,4
34053,1693227691653,1692255427423,1692255427426,1693227691660,7,3,4
34054,1693227691660,1692255427431,1692255427434,1693227691667,7,3,4
34055,1693227691667,1692255427438,1692255427443,1693227691677,10,5,5
34056,1693227691677,1692255427447,1692255427450,1693227691686,9,3,6
34057,1693227691686,1692255427456,1692255427460,1693227691693,7,4,3
34058,1693227691693,1692255427464,1692255427467,1693227691710,17,3,14
34059,1693227691710,1692255427481,1692255427484,1693227691717,7,3,4
34060,1693227691717,1692255427488,1692255427491,1693227691725,8,3,5
34061,1693227691725,1692255427495,1692255427498,1693227691732,7,3,4
34062,1693227691732,1692255427503,1692255427506,1693227691740,8,3,5
34063,1693227691740,1692255427511,1692255427515,1693227691749,9,4,5
34064,1693227691749,1692255427520,1692255427523,1693227691757,8,3,5
34065,1693227691757,1692255427528,1692255427531,1693227691765,8,3,5
34066,1693227691765,1692255427536,1692255427540,1693227691773,8,4,4
34067,1693227691773,1692255427544,1692255427549,1693227691782,9,5,4
34068,1693227691783,1692255427553,1692255427557,1693227691791,8,4,4
34069,1693227691791,1692255427562,1692255427565,1693227691799,8,3,5
34070,1693227691799,1692255427569,1692255427572,1693227691805,6,3,3
34071,1693227691805,1692255427576,1692255427579,1693227691813,8,3,5
34072,1693227691813,1692255427584,1692255427587,1693227691821,8,3,5
34073,1693227691821,1692255427594,1692255427597,1693227691830,9,3,6
34074,1693227691830,1692255427601,1692255427605,1693227691838,8,4,4
34075,1693227691838,1692255427610,1692255427613,1693227691847,9,3,6
34076,1693227691847,1692255427618,1692255427620,1693227691854,7,2,5
34077,1693227691854,1692255427624,1692255427627,1693227691861,7,3,4
34078,1693227691861,1692255427632,1692255427636,1693227691870,9,4,5
34079,1693227691870,1692255427641,1692255427644,1693227691878,8,3,5
34080,1693227691878,1692255427649,1692255427652,1693227691886,8,3,5
34081,1693227691886,1692255427657,1692255427660,1693227691894,8,3,5
34082,1693227691894,1692255427665,1692255427668,1693227691902,8,3,5
34083,1693227691902,1692255427673,1692255427676,1693227691910,8,3,5
34084,1693227691910,1692255427680,1692255427684,1693227691918,8,4,4
34085,1693227691918,1692255427688,1692255427692,1693227691929,11,4,7
34086,1693227691929,1692255427700,1692255427703,1693227691937,8,3,5
34087,1693227691937,1692255427707,1692255427711,1693227691945,8,4,4
34088,1693227691945,1692255427715,1692255427719,1693227691953,8,4,4
34089,1693227691953,1692255427724,1692255427726,1693227691960,7,2,5
34090,1693227691960,1692255427731,1692255427734,1693227691967,7,3,4
34091,1693227691967,1692255427738,1692255427741,1693227691974,7,3,4
34092,1693227691974,1692255427745,1692255427748,1693227691982,8,3,5
34093,1693227691982,1692255427753,1692255427756,1693227691990,8,3,5
34094,1693227691990,1692255427761,1692255427764,1693227691998,8,3,5
34095,1693227691998,1692255427769,1692255427772,1693227692005,7,3,4
34096,1693227692005,1692255427776,1692255427778,1693227692012,7,2,5
34097,1693227692012,1692255427783,1692255427786,1693227692020,8,3,5
34098,1693227692020,1692255427791,1692255427794,1693227692030,10,3,7
34099,1693227692030,1692255427800,1692255427803,1693227692037,7,3,4
34100,1693227692037,1692255427808,1692255427811,1693227692045,8,3,5
34101,1693227692045,1692255427815,1692255427818,1693227692051,6,3,3
34102,1693227692052,1692255427822,1692255427826,1693227692059,7,4,3
34103,1693227692059,1692255427830,1692255427834,1693227692068,9,4,5
34104,1693227692068,1692255427839,1692255427843,1693227692077,9,4,5
34105,1693227692077,1692255427848,1692255427851,1693227692085,8,3,5
34106,1693227692085,1692255427856,1692255427859,1693227692093,8,3,5
34107,1693227692093,1692255427864,1692255427868,1693227692102,9,4,5
34108,1693227692102,1692255427873,1692255427877,1693227692111,9,4,5
34109,1693227692111,1692255427882,1692255427885,1693227692119,8,3,5
34110,1693227692119,1692255427890,1692255427894,1693227692127,8,4,4
34111,1693227692127,1692255427901,1692255427904,1693227692138,11,3,8
34112,1693227692138,1692255427910,1692255427914,1693227692147,9,4,5
34113,1693227692147,1692255427918,1692255427921,1693227692155,8,3,5
34114,1693227692155,1692255427926,1692255427929,1693227692163,8,3,5
34115,1693227692163,1692255427934,1692255427937,1693227692171,8,3,5
34116,1693227692171,1692255427942,1692255427946,1693227692180,9,4,5
34117,1693227692180,1692255427951,1692255427954,1693227692187,7,3,4
34118,1693227692187,1692255427958,1692255427961,1693227692195,8,3,5
34119,1693227692195,1692255427966,1692255427969,1693227692203,8,3,5
34120,1693227692203,1692255427973,1692255427977,1693227692210,7,4,3
34121,1693227692210,1692255427981,1692255427984,1693227692218,8,3,5
34122,1693227692218,1692255427989,1692255427993,1693227692227,9,4,5
34123,1693227692227,1692255427997,1692255428000,1693227692235,8,3,5
34124,1693227692235,1692255428006,1692255428009,1693227692243,8,3,5
34125,1693227692243,1692255428015,1692255428018,1693227692251,8,3,5
34126,1693227692251,1692255428021,1692255428025,1693227692258,7,4,3
34127,1693227692258,1692255428029,1692255428032,1693227692266,8,3,5
34128,1693227692266,1692255428037,1692255428040,1693227692274,8,3,5
34129,1693227692274,1692255428045,1692255428048,1693227692282,8,3,5
34130,1693227692282,1692255428053,1692255428057,1693227692291,9,4,5
34131,1693227692291,1692255428062,1692255428065,1693227692299,8,3,5
34132,1693227692299,1692255428070,1692255428073,1693227692307,8,3,5
34133,1693227692307,1692255428078,1692255428081,1693227692315,8,3,5
34134,1693227692315,1692255428087,1692255428091,1693227692324,9,4,5
34135,1693227692324,1692255428095,1692255428098,1693227692332,8,3,5
34136,1693227692332,1692255428105,1692255428109,1693227692343,11,4,7
34137,1693227692343,1692255428113,1692255428116,1693227692350,7,3,4
34138,1693227692350,1692255428121,1692255428124,1693227692357,7,3,4
34139,1693227692357,1692255428128,1692255428132,1693227692365,8,4,4
34140,1693227692365,1692255428142,1692255428145,1693227692379,14,3,11
34141,1693227692379,1692255428150,1692255428155,1693227692388,9,5,4
34142,1693227692388,1692255428160,1692255428163,1693227692397,9,3,6
34143,1693227692397,1692255428168,1692255428172,1693227692405,8,4,4
34144,1693227692405,1692255428176,1692255428179,1693227692412,7,3,4
34145,1693227692412,1692255428183,1692255428186,1693227692420,8,3,5
34146,1693227692420,1692255428191,1692255428193,1693227692427,7,2,5
34147,1693227692427,1692255428198,1692255428201,1693227692435,8,3,5
34148,1693227692435,1692255428209,1692255428212,1693227692445,10,3,7
34149,1693227692445,1692255428216,1692255428220,1693227692454,9,4,5
34150,1693227692454,1692255428224,1692255428227,1693227692461,7,3,4
34151,1693227692461,1692255428232,1692255428235,1693227692469,8,3,5
34152,1693227692469,1692255428240,1692255428243,1693227692477,8,3,5
34153,1693227692477,1692255428248,1692255428251,1693227692485,8,3,5
34154,1693227692485,1692255428255,1692255428258,1693227692492,7,3,4
34155,1693227692492,1692255428263,1692255428266,1693227692500,8,3,5
34156,1693227692500,1692255428271,1692255428274,1693227692507,7,3,4
34157,1693227692507,1692255428277,1692255428281,1693227692514,7,4,3
34158,1693227692514,1692255428285,1692255428289,1693227692522,8,4,4
34159,1693227692522,1692255428293,1692255428297,1693227692530,8,4,4
34160,1693227692530,1692255428301,1692255428304,1693227692538,8,3,5
34161,1693227692538,1692255428311,1692255428314,1693227692547,9,3,6
34162,1693227692548,1692255428318,1692255428321,1693227692555,7,3,4
34163,1693227692555,1692255428326,1692255428329,1693227692563,8,3,5
34164,1693227692563,1692255428334,1692255428337,1693227692571,8,3,5
34165,1693227692571,1692255428341,1692255428344,1693227692578,7,3,4
34166,1693227692578,1692255428349,1692255428352,1693227692586,8,3,5
34167,1693227692586,1692255428357,1692255428360,1693227692594,8,3,5
34168,1693227692594,1692255428364,1692255428367,1693227692601,7,3,4
34169,1693227692601,1692255428371,1692255428374,1693227692608,7,3,4
34170,1693227692608,1692255428378,1692255428381,1693227692615,7,3,4
34171,1693227692615,1692255428386,1692255428389,1693227692622,7,3,4
34172,1693227692622,1692255428392,1692255428395,1693227692629,7,3,4
34173,1693227692629,1692255428401,1692255428404,1693227692638,9,3,6
34174,1693227692638,1692255428409,1692255428412,1693227692646,8,3,5
34175,1693227692646,1692255428417,1692255428420,1693227692654,8,3,5
34176,1693227692654,1692255428424,1692255428428,1693227692662,8,4,4
34177,1693227692662,1692255428432,1692255428437,1693227692684,22,5,17
34178,1693227692684,1692255428455,1692255428458,1693227692692,8,3,5
34179,1693227692692,1692255428462,1692255428466,1693227692699,7,4,3
34180,1693227692699,1692255428470,1692255428473,1693227692706,7,3,4
34181,1693227692706,1692255428476,1692255428479,1693227692712,6,3,3
34182,1693227692712,1692255428483,1692255428487,1693227692721,9,4,5
34183,1693227692721,1692255428492,1692255428496,1693227692730,9,4,5
34184,1693227692730,1692255428501,1692255428504,1693227692737,7,3,4
34185,1693227692737,1692255428508,1692255428511,1693227692746,9,3,6
34186,1693227692746,1692255428518,1692255428521,1693227692755,9,3,6
34187,1693227692755,1692255428525,1692255428529,1693227692763,8,4,4
34188,1693227692763,1692255428534,1692255428537,1693227692771,8,3,5
34189,1693227692771,1692255428542,1692255428545,1693227692779,8,3,5
34190,1693227692779,1692255428550,1692255428553,1693227692786,7,3,4
34191,1693227692786,1692255428557,1692255428560,1693227692794,8,3,5
34192,1693227692794,1692255428564,1692255428568,1693227692801,7,4,3
34193,1693227692801,1692255428572,1692255428575,1693227692808,7,3,4
34194,1693227692809,1692255428579,1692255428582,1693227692816,7,3,4
34195,1693227692816,1692255428586,1692255428590,1693227692823,7,4,3
34196,1693227692823,1692255428594,1692255428597,1693227692831,8,3,5
34197,1693227692831,1692255428601,1692255428604,1693227692838,7,3,4
34198,1693227692838,1692255428609,1692255428612,1693227692845,7,3,4
34199,1693227692845,1692255428618,1692255428621,1693227692855,10,3,7
34200,1693227692855,1692255428626,1692255428629,1693227692862,7,3,4
34201,1693227692862,1692255428633,1692255428636,1693227692869,7,3,4
34202,1693227692869,1692255428641,1692255428645,1693227692878,9,4,5
34203,1693227692878,1692255428649,1692255428652,1693227692886,8,3,5
34204,1693227692886,1692255428656,1692255428660,1693227692894,8,4,4
34205,1693227692894,1692255428664,1692255428668,1693227692901,7,4,3
34206,1693227692901,1692255428672,1692255428675,1693227692908,7,3,4
34207,1693227692908,1692255428678,1692255428682,1693227692915,7,4,3
34208,1693227692915,1692255428686,1692255428689,1693227692923,8,3,5
34209,1693227692923,1692255428694,1692255428697,1693227692931,8,3,5
34210,1693227692931,1692255428702,1692255428705,1693227692938,7,3,4
34211,1693227692938,1692255428708,1692255428712,1693227692946,8,4,4
34212,1693227692946,1692255428716,1692255428720,1693227692953,7,4,3
34213,1693227692953,1692255428724,1692255428727,1693227692961,8,3,5
34214,1693227692961,1692255428732,1692255428736,1693227692969,8,4,4
34215,1693227692969,1692255428740,1692255428743,1693227692977,8,3,5
34216,1693227692977,1692255428748,1692255428751,1693227692984,7,3,4
34217,1693227692984,1692255428755,1692255428757,1693227692991,7,2,5
34218,1693227692991,1692255428762,1692255428765,1693227692999,8,3,5
34219,1693227692999,1692255428770,1692255428773,1693227693007,8,3,5
34220,1693227693007,1692255428777,1692255428780,1693227693014,7,3,4
34221,1693227693014,1692255428785,1692255428788,1693227693021,7,3,4
34222,1693227693021,1692255428791,1692255428795,1693227693029,8,4,4
34223,1693227693029,1692255428799,1692255428803,1693227693037,8,4,4
34224,1693227693037,1692255428807,1692255428811,1693227693045,8,4,4
34225,1693227693045,1692255428815,1692255428818,1693227693054,9,3,6
34226,1693227693054,1692255428824,1692255428828,1693227693061,7,4,3
34227,1693227693061,1692255428832,1692255428835,1693227693069,8,3,5
34228,1693227693069,1692255428840,1692255428843,1693227693076,7,3,4
34229,1693227693076,1692255428846,1692255428849,1693227693083,7,3,4
34230,1693227693083,1692255428853,1692255428857,1693227693090,7,4,3
34231,1693227693091,1692255428861,1692255428864,1693227693098,7,3,4
34232,1693227693098,1692255428868,1692255428872,1693227693105,7,4,3
34233,1693227693105,1692255428875,1692255428880,1693227693113,8,5,3
34234,1693227693113,1692255428884,1692255428888,1693227693121,8,4,4
34235,1693227693121,1692255428892,1692255428896,1693227693130,9,4,5
34236,1693227693130,1692255428901,1692255428905,1693227693138,8,4,4
34237,1693227693138,1692255428909,1692255428913,1693227693146,8,4,4
34238,1693227693146,1692255428918,1692255428921,1693227693156,10,3,7
34239,1693227693156,1692255428926,1692255428929,1693227693163,7,3,4
34240,1693227693163,1692255428934,1692255428937,1693227693171,8,3,5
34241,1693227693171,1692255428941,1692255428945,1693227693179,8,4,4
34242,1693227693179,1692255428950,1692255428954,1693227693187,8,4,4
34243,1693227693187,1692255428957,1692255428960,1693227693194,7,3,4
34244,1693227693194,1692255428965,1692255428969,1693227693202,8,4,4
34245,1693227693202,1692255428973,1692255428976,1693227693210,8,3,5
34246,1693227693210,1692255428981,1692255428985,1693227693218,8,4,4
34247,1693227693218,1692255428989,1692255428992,1693227693225,7,3,4
34248,1693227693225,1692255428995,1692255428998,1693227693232,7,3,4
34249,1693227693232,1692255429004,1692255429006,1693227693239,7,2,5
34250,1693227693239,1692255429010,1692255429012,1693227693247,8,2,6
34251,1693227693247,1692255429017,1692255429022,1693227693256,9,5,4
34252,1693227693256,1692255429027,1692255429031,1693227693265,9,4,5
34253,1693227693265,1692255429036,1692255429038,1693227693272,7,2,5
34254,1693227693272,1692255429042,1692255429047,1693227693280,8,5,3
34255,1693227693280,1692255429051,1692255429054,1693227693288,8,3,5
34256,1693227693288,1692255429058,1692255429062,1693227693296,8,4,4
34257,1693227693296,1692255429067,1692255429070,1693227693304,8,3,5
34258,1693227693304,1692255429075,1692255429078,1693227693311,7,3,4
34259,1693227693311,1692255429082,1692255429085,1693227693318,7,3,4
34260,1693227693318,1692255429089,1692255429092,1693227693326,8,3,5
34261,1693227693326,1692255429097,1692255429100,1693227693333,7,3,4
34262,1693227693333,1692255429103,1692255429107,1693227693340,7,4,3
34263,1693227693340,1692255429111,1692255429114,1693227693347,7,3,4
34264,1693227693348,1692255429118,1692255429120,1693227693354,6,2,4
34265,1693227693354,1692255429125,1692255429128,1693227693362,8,3,5
34266,1693227693362,1692255429133,1692255429136,1693227693369,7,3,4
34267,1693227693369,1692255429140,1692255429144,1693227693377,8,4,4
34268,1693227693377,1692255429148,1692255429151,1693227693384,7,3,4
34269,1693227693385,1692255429156,1692255429159,1693227693392,7,3,4
34270,1693227693392,1692255429164,1692255429167,1693227693401,9,3,6
34271,1693227693401,1692255429171,1692255429174,1693227693407,6,3,3
34272,1693227693407,1692255429178,1692255429181,1693227693414,7,3,4
34273,1693227693414,1692255429185,1692255429188,1693227693421,7,3,4
34274,1693227693422,1692255429192,1692255429196,1693227693429,7,4,3
34275,1693227693429,1692255429200,1692255429203,1693227693436,7,3,4
34276,1693227693437,1692255429208,1692255429212,1693227693445,8,4,4
34277,1693227693445,1692255429216,1692255429219,1693227693453,8,3,5
34278,1693227693453,1692255429224,1692255429227,1693227693460,7,3,4
34279,1693227693460,1692255429232,1692255429235,1693227693469,9,3,6
34280,1693227693469,1692255429239,1692255429243,1693227693476,7,4,3
34281,1693227693477,1692255429248,1692255429251,1693227693485,8,3,5
34282,1693227693485,1692255429256,1692255429259,1693227693492,7,3,4
34283,1693227693492,1692255429262,1692255429265,1693227693499,7,3,4
34284,1693227693499,1692255429271,1692255429274,1693227693508,9,3,6
34285,1693227693508,1692255429279,1692255429282,1693227693515,7,3,4
34286,1693227693515,1692255429287,1692255429290,1693227693523,8,3,5
34287,1693227693523,1692255429294,1692255429297,1693227693531,8,3,5
34288,1693227693531,1692255429302,1692255429306,1693227693540,9,4,5
34289,1693227693540,1692255429318,1692255429322,1693227693557,17,4,13
34290,1693227693557,1692255429328,1692255429331,1693227693566,9,3,6
34291,1693227693566,1692255429338,1692255429341,1693227693575,9,3,6
34292,1693227693575,1692255429345,1692255429348,1693227693582,7,3,4
34293,1693227693582,1692255429353,1692255429356,1693227693590,8,3,5
34294,1693227693590,1692255429361,1692255429364,1693227693597,7,3,4
34295,1693227693597,1692255429368,1692255429371,1693227693606,9,3,6
34296,1693227693606,1692255429377,1692255429380,1693227693614,8,3,5
34297,1693227693614,1692255429385,1692255429388,1693227693623,9,3,6
34298,1693227693623,1692255429394,1692255429398,1693227693632,9,4,5
34299,1693227693632,1692255429402,1692255429406,1693227693640,8,4,4
34300,1693227693640,1692255429410,1692255429413,1693227693647,7,3,4
34301,1693227693647,1692255429418,1692255429421,1693227693655,8,3,5
34302,1693227693655,1692255429428,1692255429431,1693227693665,10,3,7
34303,1693227693665,1692255429437,1692255429440,1693227693674,9,3,6
34304,1693227693674,1692255429445,1692255429448,1693227693681,7,3,4
34305,1693227693681,1692255429455,1692255429459,1693227693693,12,4,8
34306,1693227693693,1692255429464,1692255429467,1693227693701,8,3,5
34307,1693227693701,1692255429471,1692255429474,1693227693708,7,3,4
34308,1693227693708,1692255429479,1692255429482,1693227693715,7,3,4
34309,1693227693715,1692255429486,1692255429490,1693227693723,8,4,4
34310,1693227693723,1692255429494,1692255429497,1693227693731,8,3,5
34311,1693227693731,1692255429501,1692255429504,1693227693738,7,3,4
34312,1693227693738,1692255429508,1692255429512,1693227693745,7,4,3
34313,1693227693745,1692255429520,1692255429523,1693227693757,12,3,9
34314,1693227693757,1692255429527,1692255429530,1693227693763,6,3,3
34315,1693227693763,1692255429534,1692255429537,1693227693771,8,3,5
34316,1693227693771,1692255429542,1692255429545,1693227693778,7,3,4
34317,1693227693778,1692255429549,1692255429552,1693227693785,7,3,4
34318,1693227693785,1692255429556,1692255429559,1693227693792,7,3,4
34319,1693227693792,1692255429567,1692255429571,1693227693805,13,4,9
34320,1693227693805,1692255429576,1692255429579,1693227693813,8,3,5
34321,1693227693813,1692255429588,1692255429591,1693227693825,12,3,9
34322,1693227693825,1692255429596,1692255429598,1693227693832,7,2,5
34323,1693227693832,1692255429602,1692255429605,1693227693839,7,3,4
34324,1693227693839,1692255429610,1692255429613,1693227693846,7,3,4
34325,1693227693846,1692255429618,1692255429622,1693227693856,10,4,6
34326,1693227693856,1692255429626,1692255429629,1693227693863,7,3,4
34327,1693227693863,1692255429634,1692255429637,1693227693877,14,3,11
34328,1693227693877,1692255429648,1692255429652,1693227693885,8,4,4
34329,1693227693885,1692255429656,1692255429659,1693227693893,8,3,5
34330,1693227693893,1692255429663,1692255429666,1693227693899,6,3,3
34331,1693227693900,1692255429670,1692255429674,1693227693907,7,4,3
34332,1693227693907,1692255429678,1692255429681,1693227693915,8,3,5
34333,1693227693915,1692255429685,1692255429688,1693227693922,7,3,4
34334,1693227693922,1692255429693,1692255429697,1693227693930,8,4,4
34335,1693227693930,1692255429701,1692255429703,1693227693937,7,2,5
34336,1693227693937,1692255429708,1692255429711,1693227693945,8,3,5
34337,1693227693945,1692255429715,1692255429718,1693227693951,6,3,3
34338,1693227693951,1692255429722,1692255429725,1693227693959,8,3,5
34339,1693227693959,1692255429730,1692255429733,1693227693966,7,3,4
34340,1693227693966,1692255429737,1692255429740,1693227693976,10,3,7
34341,1693227693977,1692255429747,1692255429750,1693227693984,7,3,4
34342,1693227693984,1692255429755,1692255429758,1693227693992,8,3,5
34343,1693227693992,1692255429763,1692255429766,1693227693999,7,3,4
34344,1693227693999,1692255429770,1692255429773,1693227694007,8,3,5
34345,1693227694007,1692255429777,1692255429781,1693227694014,7,4,3
34346,1693227694014,1692255429785,1692255429788,1693227694022,8,3,5
34347,1693227694022,1692255429792,1692255429796,1693227694030,8,4,4
34348,1693227694030,1692255429801,1692255429804,1693227694037,7,3,4
34349,1693227694037,1692255429808,1692255429811,1693227694045,8,3,5
34350,1693227694045,1692255429816,1692255429819,1693227694053,8,3,5
34351,1693227694053,1692255429823,1692255429827,1693227694060,7,4,3
34352,1693227694060,1692255429831,1692255429835,1693227694068,8,4,4
34353,1693227694068,1692255429839,1692255429841,1693227694077,9,2,7
34354,1693227694077,1692255429848,1692255429851,1693227694085,8,3,5
34355,1693227694085,1692255429856,1692255429859,1693227694093,8,3,5
34356,1693227694093,1692255429863,1692255429866,1693227694100,7,3,4
34357,1693227694100,1692255429871,1692255429874,1693227694107,7,3,4
34358,1693227694107,1692255429878,1692255429880,1693227694114,7,2,5
34359,1693227694114,1692255429886,1692255429889,1693227694123,9,3,6
34360,1693227694123,1692255429894,1692255429898,1693227694131,8,4,4
34361,1693227694131,1692255429902,1692255429904,1693227694138,7,2,5
34362,1693227694138,1692255429908,1692255429913,1693227694146,8,5,3
34363,1693227694146,1692255429917,1692255429920,1693227694154,8,3,5
34364,1693227694154,1692255429925,1692255429928,1693227694161,7,3,4
34365,1693227694161,1692255429932,1692255429935,1693227694169,8,3,5
34366,1693227694169,1692255429940,1692255429943,1693227694177,8,3,5
34367,1693227694177,1692255429949,1692255429952,1693227694186,9,3,6
34368,1693227694186,1692255429957,1692255429960,1693227694193,7,3,4
34369,1693227694193,1692255429964,1692255429968,1693227694201,8,4,4
34370,1693227694201,1692255429972,1692255429975,1693227694209,8,3,5
34371,1693227694209,1692255429979,1692255429982,1693227694216,7,3,4
34372,1693227694216,1692255429986,1692255429989,1693227694223,7,3,4
34373,1693227694223,1692255429993,1692255429996,1693227694230,7,3,4
34374,1693227694230,1692255430001,1692255430004,1693227694237,7,3,4
34375,1693227694237,1692255430008,1692255430012,1693227694245,8,4,4
34376,1693227694245,1692255430016,1692255430019,1693227694252,7,3,4
34377,1693227694252,1692255430023,1692255430025,1693227694259,7,2,5
34378,1693227694259,1692255430030,1692255430033,1693227694267,8,3,5
34379,1693227694267,1692255430038,1692255430041,1693227694275,8,3,5
34380,1693227694275,1692255430045,1692255430048,1693227694282,7,3,4
34381,1693227694282,1692255430053,1692255430056,1693227694289,7,3,4
34382,1693227694289,1692255430060,1692255430063,1693227694296,7,3,4
34383,1693227694296,1692255430067,1692255430070,1693227694303,7,3,4
34384,1693227694303,1692255430074,1692255430078,1693227694312,9,4,5
34385,1693227694312,1692255430082,1692255430086,1693227694319,7,4,3
34386,1693227694319,1692255430090,1692255430094,1693227694327,8,4,4
34387,1693227694327,1692255430098,1692255430102,1693227694336,9,4,5
34388,1693227694336,1692255430106,1692255430109,1693227694343,7,3,4
34389,1693227694343,1692255430114,1692255430118,1693227694352,9,4,5
34390,1693227694352,1692255430122,1692255430125,1693227694359,7,3,4
34391,1693227694359,1692255430129,1692255430132,1693227694366,7,3,4
34392,1693227694366,1692255430137,1692255430141,1693227694374,8,4,4
34393,1693227694374,1692255430144,1692255430148,1693227694382,8,4,4
34394,1693227694382,1692255430153,1692255430157,1693227694390,8,4,4
34395,1693227694390,1692255430162,1692255430165,1693227694398,8,3,5
34396,1693227694398,1692255430169,1692255430173,1693227694406,8,4,4
34397,1693227694406,1692255430176,1692255430179,1693227694412,6,3,3
34398,1693227694412,1692255430183,1692255430187,1693227694420,8,4,4
34399,1693227694420,1692255430191,1692255430196,1693227694430,10,5,5
34400,1693227694430,1692255430201,1692255430204,1693227694437,7,3,4
34401,1693227694437,1692255430208,1692255430212,1693227694445,8,4,4
34402,1693227694445,1692255430216,1692255430219,1693227694453,8,3,5
34403,1693227694453,1692255430224,1692255430227,1693227694460,7,3,4
34404,1693227694460,1692255430232,1692255430235,1693227694469,9,3,6
34405,1693227694469,1692255430240,1692255430242,1693227694476,7,2,5
34406,1693227694476,1692255430247,1692255430250,1693227694483,7,3,4
34407,1693227694483,1692255430256,1692255430260,1693227694493,10,4,6
34408,1693227694493,1692255430263,1692255430267,1693227694501,8,4,4
34409,1693227694501,1692255430272,1692255430275,1693227694509,8,3,5
34410,1693227694509,1692255430279,1692255430282,1693227694516,7,3,4
34411,1693227694516,1692255430287,1692255430290,1693227694524,8,3,5
34412,1693227694524,1692255430294,1692255430297,1693227694530,6,3,3
34413,1693227694530,1692255430301,1692255430304,1693227694537,7,3,4
34414,1693227694537,1692255430308,1692255430311,1693227694545,8,3,5
34415,1693227694545,1692255430315,1692255430318,1693227694552,7,3,4
34416,1693227694552,1692255430323,1692255430326,1693227694559,7,3,4
34417,1693227694559,1692255430330,1692255430333,1693227694567,8,3,5
34418,1693227694567,1692255430338,1692255430341,1693227694575,8,3,5
34419,1693227694575,1692255430346,1692255430349,1693227694583,8,3,5
34420,1693227694583,1692255430354,1692255430358,1693227694591,8,4,4
34421,1693227694591,1692255430363,1692255430366,1693227694600,9,3,6
34422,1693227694600,1692255430370,1692255430373,1693227694607,7,3,4
34423,1693227694607,1692255430378,1692255430381,1693227694615,8,3,5
34424,1693227694615,1692255430387,1692255430390,1693227694624,9,3,6
34425,1693227694624,1692255430396,1692255430399,1693227694633,9,3,6
34426,1693227694633,1692255430404,1692255430407,1693227694640,7,3,4
34427,1693227694641,1692255430411,1692255430414,1693227694648,7,3,4
34428,1693227694648,1692255430419,1692255430423,1693227694656,8,4,4
34429,1693227694656,1692255430427,1692255430430,1693227694664,8,3,5
34430,1693227694664,1692255430436,1692255430439,1693227694673,9,3,6
34431,1693227694673,1692255430443,1692255430446,1693227694680,7,3,4
34432,1693227694680,1692255430451,1692255430454,1693227694687,7,3,4
34433,1693227694687,1692255430461,1692255430465,1693227694698,11,4,7
34434,1693227694698,1692255430469,1692255430472,1693227694706,8,3,5
34435,1693227694706,1692255430476,1692255430479,1693227694713,7,3,4
34436,1693227694713,1692255430484,1692255430488,1693227694722,9,4,5
34437,1693227694722,1692255430492,1692255430496,1693227694730,8,4,4
34438,1693227694730,1692255430501,1692255430504,1693227694738,8,3,5
34439,1693227694738,1692255430509,1692255430512,1693227694745,7,3,4
34440,1693227694745,1692255430516,1692255430519,1693227694757,12,3,9
34441,1693227694757,1692255430528,1692255430531,1693227694765,8,3,5
34442,1693227694765,1692255430536,1692255430539,1693227694773,8,3,5
34443,1693227694773,1692255430544,1692255430548,1693227694781,8,4,4
34444,1693227694781,1692255430552,1692255430555,1693227694789,8,3,5
34445,1693227694789,1692255430559,1692255430562,1693227694796,7,3,4
34446,1693227694796,1692255430566,1692255430569,1693227694803,7,3,4
34447,1693227694803,1692255430574,1692255430577,1693227694810,7,3,4
34448,1693227694810,1692255430581,1692255430584,1693227694818,8,3,5
34449,1693227694818,1692255430590,1692255430594,1693227694827,9,4,5
34450,1693227694827,1692255430598,1692255430601,1693227694835,8,3,5
34451,1693227694835,1692255430605,1692255430609,1693227694843,8,4,4
34452,1693227694843,1692255430614,1692255430617,1693227694851,8,3,5
34453,1693227694851,1692255430622,1692255430625,1693227694858,7,3,4
34454,1693227694858,1692255430629,1692255430632,1693227694866,8,3,5
34455,1693227694866,1692255430636,1692255430640,1693227694873,7,4,3
34456,1693227694873,1692255430644,1692255430647,1693227694880,7,3,4
34457,1693227694880,1692255430651,1692255430654,1693227694888,8,3,5
34458,1693227694888,1692255430659,1692255430663,1693227694897,9,4,5
34459,1693227694897,1692255430668,1692255430671,1693227694904,7,3,4
34460,1693227694904,1692255430675,1692255430678,1693227694911,7,3,4
34461,1693227694911,1692255430682,1692255430685,1693227694918,7,3,4
34462,1693227694919,1692255430689,1692255430692,1693227694926,7,3,4
34463,1693227694926,1692255430696,1692255430700,1693227694933,7,4,3
34464,1693227694933,1692255430704,1692255430707,1693227694941,8,3,5
34465,1693227694941,1692255430711,1692255430714,1693227694948,7,3,4
34466,1693227694948,1692255430718,1692255430721,1693227694955,7,3,4
34467,1693227694955,1692255430726,1692255430730,1693227694963,8,4,4
34468,1693227694963,1692255430733,1692255430736,1693227694969,6,3,3
34469,1693227694970,1692255430741,1692255430744,1693227694977,7,3,4
34470,1693227694977,1692255430748,1692255430751,1693227694985,8,3,5
34471,1693227694985,1692255430755,1692255430758,1693227694992,7,3,4
34472,1693227694992,1692255430763,1692255430766,1693227695000,8,3,5
34473,1693227695000,1692255430772,1692255430776,1693227695010,10,4,6
34474,1693227695010,1692255430781,1692255430784,1693227695017,7,3,4
34475,1693227695017,1692255430788,1692255430792,1693227695025,8,4,4
34476,1693227695025,1692255430795,1692255430798,1693227695031,6,3,3
34477,1693227695031,1692255430801,1692255430805,1693227695038,7,4,3
34478,1693227695038,1692255430809,1692255430812,1693227695046,8,3,5
34479,1693227695046,1692255430817,1692255430820,1693227695054,8,3,5
34480,1693227695054,1692255430824,1692255430828,1693227695061,7,4,3
34481,1693227695061,1692255430832,1692255430836,1693227695069,8,4,4
34482,1693227695069,1692255430849,1692255430852,1693227695086,17,3,14
34483,1693227695086,1692255430857,1692255430859,1693227695093,7,2,5
34484,1693227695093,1692255430871,1692255430874,1693227695107,14,3,11
34485,1693227695107,1692255430878,1692255430882,1693227695115,8,4,4
34486,1693227695116,1692255430886,1692255430889,1693227695123,7,3,4
34487,1693227695123,1692255430893,1692255430896,1693227695130,7,3,4
34488,1693227695130,1692255430901,1692255430904,1693227695138,8,3,5
34489,1693227695138,1692255430909,1692255430912,1693227695146,8,3,5
34490,1693227695146,1692255430917,1692255430921,1693227695154,8,4,4
34491,1693227695154,1692255430925,1692255430928,1693227695162,8,3,5
34492,1693227695162,1692255430933,1692255430937,1693227695170,8,4,4
34493,1693227695170,1692255430941,1692255430944,1693227695178,8,3,5
34494,1693227695178,1692255430949,1692255430952,1693227695186,8,3,5
34495,1693227695186,1692255430957,1692255430960,1693227695194,8,3,5
34496,1693227695194,1692255430964,1692255430967,1693227695200,6,3,3
34497,1693227695200,1692255430973,1692255430977,1693227695210,10,4,6
34498,1693227695210,1692255430981,1692255430984,1693227695218,8,3,5
34499,1693227695218,1692255430989,1692255430992,1693227695226,8,3,5
34500,1693227695226,1692255430996,1692255431000,1693227695234,8,4,4
34501,1693227695234,1692255431005,1692255431009,1693227695242,8,4,4
34502,1693227695242,1692255431013,1692255431016,1693227695250,8,3,5
34503,1693227695250,1692255431021,1692255431024,1693227695258,8,3,5
34504,1693227695258,1692255431028,1692255431031,1693227695265,7,3,4
34505,1693227695265,1692255431036,1692255431039,1693227695272,7,3,4
34506,1693227695273,1692255431043,1692255431047,1693227695280,7,4,3
34507,1693227695281,1692255431052,1692255431055,1693227695288,7,3,4
34508,1693227695288,1692255431059,1692255431062,1693227695296,8,3,5
34509,1693227695296,1692255431066,1692255431070,1693227695306,10,4,6
34510,1693227695306,1692255431077,1692255431082,1693227695315,9,5,4
34511,1693227695315,1692255431086,1692255431088,1693227695322,7,2,5
34512,1693227695322,1692255431093,1692255431096,1693227695329,7,3,4
34513,1693227695329,1692255431100,1692255431103,1693227695337,8,3,5
34514,1693227695337,1692255431108,1692255431112,1693227695346,9,4,5
34515,1693227695346,1692255431117,1692255431120,1693227695353,7,3,4
34516,1693227695353,1692255431123,1692255431126,1693227695360,7,3,4
34517,1693227695360,1692255431131,1692255431134,1693227695368,8,3,5
34518,1693227695368,1692255431139,1692255431141,1693227695375,7,2,5
34519,1693227695375,1692255431146,1692255431149,1693227695382,7,3,4
34520,1693227695382,1692255431154,1692255431156,1693227695390,8,2,6
34521,1693227695390,1692255431160,1692255431163,1693227695397,7,3,4
34522,1693227695397,1692255431168,1692255431171,1693227695404,7,3,4
34523,1693227695405,1692255431177,1692255431181,1693227695415,10,4,6
34524,1693227695415,1692255431185,1692255431189,1693227695422,7,4,3
34525,1693227695422,1692255431194,1692255431197,1693227695431,9,3,6
34526,1693227695431,1692255431202,1692255431205,1693227695438,7,3,4
34527,1693227695438,1692255431209,1692255431212,1693227695446,8,3,5
34528,1693227695446,1692255431217,1692255431219,1693227695453,7,2,5
34529,1693227695453,1692255431224,1692255431227,1693227695461,8,3,5
34530,1693227695461,1692255431232,1692255431234,1693227695468,7,2,5
34531,1693227695468,1692255431238,1692255431241,1693227695474,6,3,3
34532,1693227695474,1692255431247,1692255431251,1693227695484,10,4,6
34533,1693227695484,1692255431256,1692255431259,1693227695493,9,3,6
34534,1693227695493,1692255431264,1692255431267,1693227695500,7,3,4
34535,1693227695500,1692255431271,1692255431275,1693227695508,8,4,4
34536,1693227695508,1692255431280,1692255431284,1693227695517,9,4,5
34537,1693227695517,1692255431288,1692255431292,1693227695525,8,4,4
34538,1693227695525,1692255431296,1692255431299,1693227695533,8,3,5
34539,1693227695533,1692255431304,1692255431307,1693227695540,7,3,4
34540,1693227695540,1692255431311,1692255431315,1693227695548,8,4,4
34541,1693227695548,1692255431319,1692255431322,1693227695555,7,3,4
34542,1693227695555,1692255431326,1692255431329,1693227695563,8,3,5
34543,1693227695563,1692255431334,1692255431336,1693227695570,7,2,5
34544,1693227695570,1692255431341,1692255431344,1693227695578,8,3,5
34545,1693227695578,1692255431348,1692255431352,1693227695586,8,4,4
34546,1693227695586,1692255431358,1692255431361,1693227695594,8,3,5
34547,1693227695594,1692255431365,1692255431369,1693227695603,9,4,5
34548,1693227695603,1692255431374,1692255431377,1693227695611,8,3,5
34549,1693227695611,1692255431383,1692255431386,1693227695620,9,3,6
34550,1693227695620,1692255431394,1692255431398,1693227695631,11,4,7
34551,1693227695631,1692255431402,1692255431405,1693227695639,8,3,5
34552,1693227695639,1692255431409,1692255431413,1693227695646,7,4,3
34553,1693227695646,1692255431417,1692255431420,1693227695654,8,3,5
34554,1693227695654,1692255431425,1692255431428,1693227695662,8,3,5
34555,1693227695662,1692255431432,1692255431435,1693227695669,7,3,4
34556,1693227695669,1692255431440,1692255431443,1693227695676,7,3,4
34557,1693227695677,1692255431447,1692255431450,1693227695684,7,3,4
34558,1693227695684,1692255431455,1692255431459,1693227695692,8,4,4
34559,1693227695692,1692255431465,1692255431469,1693227695702,10,4,6
34560,1693227695702,1692255431473,1692255431477,1693227695710,8,4,4
34561,1693227695710,1692255431481,1692255431484,1693227695717,7,3,4
34562,1693227695717,1692255431488,1692255431492,1693227695726,9,4,5
34563,1693227695726,1692255431498,1692255431501,1693227695735,9,3,6
34564,1693227695735,1692255431506,1692255431509,1693227695743,8,3,5
34565,1693227695743,1692255431514,1692255431517,1693227695751,8,3,5
34566,1693227695751,1692255431525,1692255431529,1693227695765,14,4,10
34567,1693227695765,1692255431536,1692255431540,1693227695773,8,4,4
34568,1693227695773,1692255431544,1692255431547,1693227695781,8,3,5
34569,1693227695781,1692255431552,1692255431555,1693227695789,8,3,5
34570,1693227695789,1692255431560,1692255431563,1693227695797,8,3,5
34571,1693227695797,1692255431568,1692255431571,1693227695805,8,3,5
34572,1693227695805,1692255431575,1692255431578,1693227695812,7,3,4
34573,1693227695812,1692255431583,1692255431586,1693227695820,8,3,5
34574,1693227695820,1692255431591,1692255431595,1693227695828,8,4,4
34575,1693227695828,1692255431599,1692255431603,1693227695836,8,4,4
34576,1693227695836,1692255431607,1692255431610,1693227695845,9,3,6
34577,1693227695845,1692255431616,1692255431619,1693227695853,8,3,5
34578,1693227695853,1692255431624,1692255431627,1693227695861,8,3,5
34579,1693227695861,1692255431632,1692255431636,1693227695870,9,4,5
34580,1693227695870,1692255431641,1692255431644,1693227695878,8,3,5
34581,1693227695878,1692255431649,1692255431652,1693227695885,7,3,4
34582,1693227695885,1692255431656,1692255431660,1693227695894,9,4,5
34583,1693227695894,1692255431665,1692255431668,1693227695901,7,3,4
34584,1693227695901,1692255431672,1692255431679,1693227695913,12,7,5
34585,1693227695913,1692255431684,1692255431687,1693227695921,8,3,5
34586,1693227695921,1692255431692,1692255431695,1693227695929,8,3,5
34587,1693227695929,1692255431699,1692255431703,1693227695936,7,4,3
34588,1693227695936,1692255431707,1692255431710,1693227695944,8,3,5
34589,1693227695944,1692255431715,1692255431718,1693227695952,8,3,5
34590,1693227695952,1692255431723,1692255431726,1693227695959,7,3,4
34591,1693227695960,1692255431731,1692255431733,1693227695967,7,2,5
34592,1693227695967,1692255431737,1692255431740,1693227695973,6,3,3
34593,1693227695973,1692255431744,1692255431747,1693227695980,7,3,4
34594,1693227695980,1692255431751,1692255431754,1693227695988,8,3,5
34595,1693227695988,1692255431759,1692255431762,1693227695996,8,3,5
34596,1693227695996,1692255431767,1692255431770,1693227696004,8,3,5
34597,1693227696004,1692255431774,1692255431778,1693227696011,7,4,3
34598,1693227696011,1692255431782,1692255431786,1693227696019,8,4,4
34599,1693227696020,1692255431792,1692255431795,1693227696029,9,3,6
34600,1693227696029,1692255431799,1692255431802,1693227696036,7,3,4
34601,1693227696036,1692255431807,1692255431810,1693227696043,7,3,4
34602,1693227696043,1692255431814,1692255431817,1693227696051,8,3,5
34603,1693227696051,1692255431821,1692255431824,1693227696058,7,3,4
34604,1693227696058,1692255431829,1692255431832,1693227696066,8,3,5
34605,1693227696066,1692255431837,1692255431839,1693227696073,7,2,5
34606,1693227696073,1692255431844,1692255431847,1693227696081,8,3,5
34607,1693227696081,1692255431851,1692255431854,1693227696087,6,3,3
34608,1693227696087,1692255431859,1692255431861,1693227696095,8,2,6
34609,1693227696095,1692255431866,1692255431869,1693227696103,8,3,5
34610,1693227696103,1692255431873,1692255431876,1693227696110,7,3,4
34611,1693227696110,1692255431881,1692255431884,1693227696118,8,3,5
34612,1693227696118,1692255431889,1692255431891,1693227696125,7,2,5
34613,1693227696125,1692255431896,1692255431899,1693227696133,8,3,5
34614,1693227696133,1692255431904,1692255431907,1693227696140,7,3,4
34615,1693227696140,1692255431911,1692255431915,1693227696148,8,4,4
34616,1693227696148,1692255431920,1692255431923,1693227696157,9,3,6
34617,1693227696157,1692255431928,1692255431931,1693227696164,7,3,4
34618,1693227696164,1692255431935,1692255431938,1693227696172,8,3,5
34619,1693227696172,1692255431942,1692255431945,1693227696179,7,3,4
34620,1693227696179,1692255431951,1692255431956,1693227696190,11,5,6
34621,1693227696190,1692255431960,1692255431964,1693227696197,7,4,3
34622,1693227696197,1692255431968,1692255431971,1693227696205,8,3,5
34623,1693227696205,1692255431976,1692255431979,1693227696213,8,3,5
34624,1693227696213,1692255431983,1692255431987,1693227696220,7,4,3
34625,1693227696220,1692255431991,1692255431994,1693227696228,8,3,5
34626,1693227696228,1692255431999,1692255432002,1693227696236,8,3,5
34627,1693227696236,1692255432007,1692255432010,1693227696244,8,3,5
34628,1693227696244,1692255432014,1692255432017,1693227696251,7,3,4
34629,1693227696251,1692255432021,1692255432025,1693227696258,7,4,3
34630,1693227696258,1692255432030,1692255432032,1693227696266,8,2,6
34631,1693227696266,1692255432037,1692255432041,1693227696275,9,4,5
34632,1693227696275,1692255432046,1692255432049,1693227696283,8,3,5
34633,1693227696283,1692255432054,1692255432056,1693227696290,7,2,5
34634,1693227696290,1692255432060,1692255432063,1693227696297,7,3,4
34635,1693227696297,1692255432068,1692255432071,1693227696305,8,3,5
34636,1693227696305,1692255432076,1692255432078,1693227696312,7,2,5
34637,1693227696312,1692255432083,1692255432086,1693227696319,7,3,4
34638,1693227696319,1692255432090,1692255432094,1693227696327,8,4,4
34639,1693227696327,1692255432099,1692255432102,1693227696336,9,3,6
34640,1693227696336,1692255432106,1692255432109,1693227696342,6,3,3
34641,1693227696342,1692255432113,1692255432117,1693227696350,8,4,4
34642,1693227696350,1692255432121,1692255432124,1693227696357,7,3,4
34643,1693227696358,1692255432130,1692255432134,1693227696368,10,4,6
34644,1693227696368,1692255432139,1692255432143,1693227696376,8,4,4
34645,1693227696376,1692255432152,1692255432155,1693227696388,12,3,9
34646,1693227696388,1692255432159,1692255432161,1693227696395,7,2,5
34647,1693227696395,1692255432168,1692255432172,1693227696406,11,4,7
34648,1693227696406,1692255432178,1692255432181,1693227696415,9,3,6
34649,1693227696415,1692255432185,1692255432188,1693227696421,6,3,3
34650,1693227696421,1692255432192,1692255432195,1693227696429,8,3,5
34651,1693227696429,1692255432202,1692255432205,1693227696439,10,3,7
34652,1693227696439,1692255432210,1692255432213,1693227696447,8,3,5
34653,1693227696447,1692255432217,1692255432221,1693227696454,7,4,3
34654,1693227696454,1692255432225,1692255432228,1693227696462,8,3,5
34655,1693227696462,1692255432233,1692255432237,1693227696471,9,4,5
34656,1693227696471,1692255432242,1692255432246,1693227696479,8,4,4
34657,1693227696479,1692255432250,1692255432255,1693227696489,10,5,5
34658,1693227696489,1692255432260,1692255432263,1693227696496,7,3,4
34659,1693227696496,1692255432266,1692255432269,1693227696503,7,3,4
34660,1693227696503,1692255432274,1692255432276,1693227696510,7,2,5
34661,1693227696510,1692255432281,1692255432284,1693227696518,8,3,5
34662,1693227696518,1692255432289,1692255432292,1693227696526,8,3,5
34663,1693227696526,1692255432297,1692255432300,1693227696535,9,3,6
34664,1693227696535,1692255432305,1692255432309,1693227696543,8,4,4
34665,1693227696543,1692255432314,1692255432318,1693227696552,9,4,5
34666,1693227696552,1692255432322,1692255432325,1693227696559,7,3,4
34667,1693227696559,1692255432330,1692255432333,1693227696566,7,3,4
34668,1693227696566,1692255432337,1692255432341,1693227696574,8,4,4
34669,1693227696574,1692255432345,1692255432348,1693227696582,8,3,5
34670,1693227696582,1692255432353,1692255432355,1693227696589,7,2,5
34671,1693227696589,1692255432359,1692255432362,1693227696596,7,3,4
34672,1693227696596,1692255432367,1692255432371,1693227696604,8,4,4
34673,1693227696604,1692255432375,1692255432379,1693227696613,9,4,5
34674,1693227696613,1692255432383,1692255432386,1693227696619,6,3,3
34675,1693227696619,1692255432391,1692255432395,1693227696629,10,4,6
34676,1693227696629,1692255432400,1692255432403,1693227696637,8,3,5
34677,1693227696637,1692255432408,1692255432412,1693227696646,9,4,5
34678,1693227696646,1692255432417,1692255432420,1693227696653,7,3,4
34679,1693227696654,1692255432424,1692255432428,1693227696662,8,4,4
34680,1693227696662,1692255432433,1692255432436,1693227696670,8,3,5
34681,1693227696670,1692255432441,1692255432444,1693227696678,8,3,5
34682,1693227696678,1692255432449,1692255432452,1693227696685,7,3,4
34683,1693227696685,1692255432456,1692255432459,1693227696692,7,3,4
34684,1693227696692,1692255432463,1692255432466,1693227696700,8,3,5
34685,1693227696700,1692255432470,1692255432473,1693227696706,6,3,3
34686,1693227696706,1692255432478,1692255432481,1693227696715,9,3,6
34687,1693227696715,1692255432486,1692255432489,1693227696722,7,3,4
34688,1693227696722,1692255432493,1692255432497,1693227696730,8,4,4
34689,1693227696730,1692255432501,1692255432504,1693227696740,10,3,7
34690,1693227696740,1692255432510,1692255432513,1693227696747,7,3,4
34691,1693227696747,1692255432518,1692255432521,1693227696755,8,3,5
34692,1693227696755,1692255432526,1692255432529,1693227696763,8,3,5
34693,1693227696763,1692255432538,1692255432545,1693227696778,15,7,8
34694,1693227696778,1692255432549,1692255432552,1693227696786,8,3,5
34695,1693227696786,1692255432556,1692255432559,1693227696793,7,3,4
34696,1693227696793,1692255432564,1692255432567,1693227696801,8,3,5
34697,1693227696801,1692255432572,1692255432575,1693227696809,8,3,5
34698,1693227696809,1692255432580,1692255432583,1693227696816,7,3,4
34699,1693227696817,1692255432587,1692255432591,1693227696824,7,4,3
34700,1693227696824,1692255432595,1692255432599,1693227696832,8,4,4
34701,1693227696832,1692255432602,1692255432605,1693227696838,6,3,3
34702,1693227696838,1692255432611,1692255432615,1693227696848,10,4,6
34703,1693227696848,1692255432618,1692255432621,1693227696854,6,3,3
34704,1693227696854,1692255432625,1692255432628,1693227696861,7,3,4
34705,1693227696861,1692255432632,1692255432635,1693227696869,8,3,5
34706,1693227696869,1692255432639,1692255432643,1693227696876,7,4,3
34707,1693227696876,1692255432647,1692255432650,1693227696884,8,3,5
34708,1693227696884,1692255432654,1692255432658,1693227696892,8,4,4
34709,1693227696892,1692255432662,1692255432666,1693227696899,7,4,3
34710,1693227696899,1692255432669,1692255432673,1693227696907,8,4,4
34711,1693227696907,1692255432677,1692255432681,1693227696914,7,4,3
34712,1693227696914,1692255432685,1692255432689,1693227696922,8,4,4
34713,1693227696922,1692255432693,1692255432696,1693227696930,8,3,5
34714,1693227696930,1692255432700,1692255432703,1693227696937,7,3,4
34715,1693227696937,1692255432708,1692255432712,1693227696945,8,4,4
34716,1693227696945,1692255432715,1692255432719,1693227696952,7,4,3
34717,1693227696952,1692255432723,1692255432727,1693227696960,8,4,4
34718,1693227696960,1692255432731,1692255432734,1693227696968,8,3,5
34719,1693227696968,1692255432739,1692255432743,1693227696977,9,4,5
34720,1693227696977,1692255432748,1692255432751,1693227696984,7,3,4
34721,1693227696984,1692255432755,1692255432759,1693227696993,9,4,5
34722,1693227696993,1692255432764,1692255432767,1693227697001,8,3,5
34723,1693227697001,1692255432771,1692255432774,1693227697008,7,3,4
34724,1693227697008,1692255432778,1692255432781,1693227697015,7,3,4
34725,1693227697015,1692255432786,1692255432789,1693227697023,8,3,5
34726,1693227697023,1692255432793,1692255432796,1693227697029,6,3,3
34727,1693227697029,1692255432800,1692255432804,1693227697037,8,4,4
34728,1693227697037,1692255432808,1692255432811,1693227697048,11,3,8
34729,1693227697048,1692255432820,1692255432823,1693227697057,9,3,6
34730,1693227697057,1692255432828,1692255432834,1693227697067,10,6,4
34731,1693227697067,1692255432838,1692255432840,1693227697074,7,2,5
34732,1693227697074,1692255432844,1692255432847,1693227697081,7,3,4
34733,1693227697081,1692255432851,1692255432855,1693227697088,7,4,3
34734,1693227697088,1692255432858,1692255432861,1693227697095,7,3,4
34735,1693227697095,1692255432866,1692255432868,1693227697102,7,2,5
34736,1693227697102,1692255432873,1692255432876,1693227697110,8,3,5
34737,1693227697110,1692255432880,1692255432884,1693227697117,7,4,3
34738,1693227697117,1692255432888,1692255432891,1693227697125,8,3,5
34739,1693227697125,1692255432896,1692255432900,1693227697134,9,4,5
34740,1693227697134,1692255432905,1692255432909,1693227697142,8,4,4
34741,1693227697142,1692255432913,1692255432916,1693227697149,7,3,4
34742,1693227697149,1692255432921,1692255432924,1693227697157,8,3,5
34743,1693227697157,1692255432928,1692255432932,1693227697165,8,4,4
34744,1693227697165,1692255432936,1692255432940,1693227697173,8,4,4
34745,1693227697174,1692255432945,1692255432948,1693227697182,8,3,5
34746,1693227697182,1692255432953,1692255432956,1693227697189,7,3,4
34747,1693227697189,1692255432959,1692255432963,1693227697196,7,4,3
34748,1693227697196,1692255432967,1692255432970,1693227697204,8,3,5
34749,1693227697204,1692255432975,1692255432978,1693227697211,7,3,4
34750,1693227697212,1692255432983,1692255432985,1693227697219,7,2,5
34751,1693227697219,1692255432990,1692255432993,1693227697226,7,3,4
34752,1693227697226,1692255432997,1692255433000,1693227697234,8,3,5
34753,1693227697234,1692255433004,1692255433007,1693227697240,6,3,3
34754,1693227697240,1692255433011,1692255433014,1693227697248,8,3,5
34755,1693227697248,1692255433021,1692255433024,1693227697258,10,3,7
34756,1693227697258,1692255433028,1692255433032,1693227697266,8,4,4
34757,1693227697266,1692255433037,1692255433040,1693227697274,8,3,5
34758,1693227697274,1692255433044,1692255433047,1693227697281,7,3,4
34759,1693227697281,1692255433051,1692255433055,1693227697288,7,4,3
34760,1693227697288,1692255433059,1692255433063,1693227697297,9,4,5
34761,1693227697297,1692255433068,1692255433071,1693227697304,7,3,4
34762,1693227697304,1692255433076,1692255433079,1693227697312,8,3,5
34763,1693227697312,1692255433083,1692255433087,1693227697321,9,4,5
34764,1693227697321,1692255433092,1692255433095,1693227697329,8,3,5
34765,1693227697329,1692255433100,1692255433103,1693227697337,8,3,5
34766,1693227697337,1692255433108,1692255433112,1693227697345,8,4,4
34767,1693227697345,1692255433116,1692255433121,1693227697354,9,5,4
34768,1693227697354,1692255433125,1692255433128,1693227697362,8,3,5
34769,1693227697362,1692255433133,1692255433136,1693227697370,8,3,5
34770,1693227697370,1692255433141,1692255433144,1693227697377,7,3,4
34771,1693227697377,1692255433148,1692255433152,1693227697385,8,4,4
34772,1693227697385,1692255433156,1692255433159,1693227697393,8,3,5
34773,1693227697393,1692255433163,1692255433166,1693227697400,7,3,4
34774,1693227697400,1692255433171,1692255433174,1693227697407,7,3,4
34775,1693227697407,1692255433178,1692255433181,1693227697414,7,3,4
34776,1693227697414,1692255433185,1692255433188,1693227697422,8,3,5
34777,1693227697422,1692255433193,1692255433196,1693227697429,7,3,4
34778,1693227697429,1692255433201,1692255433204,1693227697437,8,3,5
34779,1693227697437,1692255433208,1692255433211,1693227697445,8,3,5
34780,1693227697445,1692255433216,1692255433218,1693227697452,7,2,5
34781,1693227697452,1692255433225,1692255433229,1693227697462,10,4,6
34782,1693227697462,1692255433233,1692255433236,1693227697470,8,3,5
34783,1693227697470,1692255433241,1692255433244,1693227697477,7,3,4
34784,1693227697477,1692255433248,1692255433251,1693227697484,7,3,4
34785,1693227697484,1692255433255,1692255433258,1693227697491,7,3,4
34786,1693227697491,1692255433262,1692255433265,1693227697498,7,3,4
34787,1693227697498,1692255433269,1692255433272,1693227697506,8,3,5
34788,1693227697506,1692255433277,1692255433280,1693227697513,7,3,4
34789,1693227697513,1692255433284,1692255433288,1693227697521,8,4,4
34790,1693227697521,1692255433291,1692255433294,1693227697528,7,3,4
34791,1693227697528,1692255433299,1692255433302,1693227697536,8,3,5
34792,1693227697536,1692255433307,1692255433310,1693227697544,8,3,5
34793,1693227697544,1692255433315,1692255433318,1693227697552,8,3,5
34794,1693227697552,1692255433323,1692255433326,1693227697559,7,3,4
34795,1693227697559,1692255433330,1692255433333,1693227697567,8,3,5
34796,1693227697567,1692255433338,1692255433341,1693227697574,7,3,4
34797,1693227697574,1692255433344,1692255433348,1693227697582,8,4,4
34798,1693227697582,1692255433352,1692255433355,1693227697589,7,3,4
34799,1693227697589,1692255433360,1692255433363,1693227697596,7,3,4
34800,1693227697596,1692255433367,1692255433370,1693227697603,7,3,4
34801,1693227697603,1692255433373,1692255433376,1693227697610,7,3,4
34802,1693227697610,1692255433381,1692255433384,1693227697617,7,3,4
34803,1693227697618,1692255433388,1692255433392,1693227697625,7,4,3
34804,1693227697625,1692255433396,1692255433401,1693227697634,9,5,4
34805,1693227697634,1692255433406,1692255433410,1693227697644,10,4,6
34806,1693227697644,1692255433414,1692255433417,1693227697651,7,3,4
34807,1693227697651,1692255433422,1692255433425,1693227697658,7,3,4
34808,1693227697658,1692255433430,1692255433434,1693227697667,9,4,5
34809,1693227697667,1692255433441,1692255433444,1693227697677,10,3,7
34810,1693227697677,1692255433448,1692255433451,1693227697684,7,3,4
34811,1693227697684,1692255433456,1692255433459,1693227697693,9,3,6
34812,1693227697693,1692255433463,1692255433466,1693227697700,7,3,4
34813,1693227697700,1692255433471,1692255433473,1693227697707,7,2,5
34814,1693227697707,1692255433479,1692255433482,1693227697715,8,3,5
34815,1693227697715,1692255433486,1692255433490,1693227697723,8,4,4
34816,1693227697723,1692255433494,1692255433498,1693227697731,8,4,4
34817,1693227697731,1692255433501,1692255433504,1693227697738,7,3,4
34818,1693227697738,1692255433509,1692255433512,1693227697746,8,3,5
34819,1693227697746,1692255433516,1692255433519,1693227697753,7,3,4
34820,1693227697753,1692255433523,1692255433527,1693227697760,7,4,3
34821,1693227697760,1692255433533,1692255433536,1693227697770,10,3,7
34822,1693227697770,1692255433545,1692255433548,1693227697781,11,3,8
34823,1693227697781,1692255433552,1692255433555,1693227697789,8,3,5
34824,1693227697789,1692255433560,1692255433563,1693227697797,8,3,5
34825,1693227697797,1692255433568,1692255433571,1693227697804,7,3,4
34826,1693227697804,1692255433574,1692255433579,1693227697812,8,5,3
34827,1693227697812,1692255433583,1692255433587,1693227697820,8,4,4
34828,1693227697820,1692255433591,1692255433594,1693227697828,8,3,5
34829,1693227697828,1692255433603,1692255433606,1693227697839,11,3,8
34830,1693227697839,1692255433611,1692255433613,1693227697852,13,2,11
34831,1693227697852,1692255433623,1692255433626,1693227697860,8,3,5
34832,1693227697860,1692255433631,1692255433635,1693227697869,9,4,5
34833,1693227697869,1692255433639,1692255433643,1693227697877,8,4,4
34834,1693227697877,1692255433647,1692255433651,1693227697885,8,4,4
34835,1693227697885,1692255433655,1692255433658,1693227697892,7,3,4
34836,1693227697892,1692255433662,1692255433665,1693227697898,6,3,3
34837,1693227697898,1692255433669,1692255433673,1693227697906,8,4,4
34838,1693227697907,1692255433678,1692255433681,1693227697915,8,3,5
34839,1693227697915,1692255433686,1692255433689,1693227697923,8,3,5
34840,1693227697923,1692255433694,1692255433697,1693227697930,7,3,4
34841,1693227697930,1692255433701,1692255433705,1693227697939,9,4,5
34842,1693227697939,1692255433710,1692255433713,1693227697947,8,3,5
34843,1693227697947,1692255433718,1692255433721,1693227697955,8,3,5
34844,1693227697955,1692255433726,1692255433729,1693227697963,8,3,5
34845,1693227697963,1692255433734,1692255433738,1693227697971,8,4,4
34846,1693227697971,1692255433742,1692255433744,1693227697978,7,2,5
34847,1693227697978,1692255433749,1692255433752,1693227697987,9,3,6
34848,1693227697987,1692255433758,1692255433762,1693227697996,9,4,5
34849,1693227697996,1692255433770,1692255433773,1693227698007,11,3,8
34850,1693227698007,1692255433778,1692255433782,1693227698016,9,4,5
34851,1693227698016,1692255433787,1692255433790,1693227698024,8,3,5
34852,1693227698024,1692255433795,1692255433798,1693227698031,7,3,4
34853,1693227698031,1692255433802,1692255433805,1693227698039,8,3,5
34854,1693227698039,1692255433810,1692255433813,1693227698047,8,3,5
34855,1693227698047,1692255433818,1692255433820,1693227698054,7,2,5
34856,1693227698054,1692255433825,1692255433828,1693227698062,8,3,5
34857,1693227698062,1692255433833,1692255433836,1693227698072,10,3,7
34858,1693227698072,1692255433844,1692255433850,1693227698084,12,6,6
34859,1693227698084,1692255433854,1692255433857,1693227698090,6,3,3
34860,1693227698090,1692255433861,1692255433864,1693227698098,8,3,5
34861,1693227698098,1692255433869,1692255433872,1693227698106,8,3,5
34862,1693227698106,1692255433877,1692255433880,1693227698114,8,3,5
34863,1693227698114,1692255433884,1692255433887,1693227698121,7,3,4
34864,1693227698121,1692255433892,1692255433896,1693227698129,8,4,4
34865,1693227698129,1692255433900,1692255433904,1693227698137,8,4,4
34866,1693227698137,1692255433908,1692255433911,1693227698144,7,3,4
34867,1693227698144,1692255433915,1692255433918,1693227698151,7,3,4
34868,1693227698151,1692255433922,1692255433925,1693227698158,7,3,4
34869,1693227698158,1692255433929,1692255433933,1693227698166,8,4,4
34870,1693227698166,1692255433937,1692255433941,1693227698174,8,4,4
34871,1693227698174,1692255433945,1692255433948,1693227698181,7,3,4
34872,1693227698182,1692255433952,1692255433956,1693227698189,7,4,3
34873,1693227698189,1692255433960,1692255433963,1693227698197,8,3,5
34874,1693227698197,1692255433968,1692255433971,1693227698205,8,3,5
34875,1693227698205,1692255433976,1692255433979,1693227698213,8,3,5
34876,1693227698213,1692255433983,1692255433986,1693227698220,7,3,4
34877,1693227698220,1692255433990,1692255433995,1693227698228,8,5,3
34878,1693227698228,1692255434000,1692255434002,1693227698236,8,2,6
34879,1693227698236,1692255434007,1692255434010,1693227698244,8,3,5
34880,1693227698244,1692255434015,1692255434018,1693227698252,8,3,5
34881,1693227698252,1692255434023,1692255434026,1693227698260,8,3,5
34882,1693227698260,1692255434031,1692255434034,1693227698268,8,3,5
34883,1693227698268,1692255434038,1692255434042,1693227698276,8,4,4
34884,1693227698276,1692255434047,1692255434050,1693227698284,8,3,5
34885,1693227698284,1692255434055,1692255434057,1693227698291,7,2,5
34886,1693227698291,1692255434062,1692255434065,1693227698299,8,3,5
34887,1693227698299,1692255434069,1692255434072,1693227698306,7,3,4
34888,1693227698306,1692255434077,1692255434081,1693227698314,8,4,4
34889,1693227698314,1692255434084,1692255434088,1693227698321,7,4,3
34890,1693227698321,1692255434092,1692255434095,1693227698329,8,3,5
34891,1693227698329,1692255434100,1692255434103,1693227698337,8,3,5
34892,1693227698337,1692255434107,1692255434111,1693227698345,8,4,4
34893,1693227698345,1692255434116,1692255434119,1693227698353,8,3,5
34894,1693227698353,1692255434124,1692255434128,1693227698361,8,4,4
34895,1693227698361,1692255434132,1692255434135,1693227698368,7,3,4
34896,1693227698369,1692255434139,1692255434142,1693227698378,9,3,6
34897,1693227698378,1692255434148,1692255434151,1693227698385,7,3,4
34898,1693227698385,1692255434156,1692255434159,1693227698393,8,3,5
34899,1693227698393,1692255434164,1692255434167,1693227698401,8,3,5
34900,1693227698401,1692255434172,1692255434175,1693227698409,8,3,5
34901,1693227698409,1692255434180,1692255434183,1693227698417,8,3,5
34902,1693227698417,1692255434187,1692255434191,1693227698425,8,4,4
34903,1693227698425,1692255434196,1692255434199,1693227698432,7,3,4
34904,1693227698432,1692255434203,1692255434207,1693227698440,8,4,4
34905,1693227698440,1692255434212,1692255434217,1693227698451,11,5,6
34906,1693227698451,1692255434222,1692255434226,1693227698459,8,4,4
34907,1693227698459,1692255434230,1692255434232,1693227698466,7,2,5
34908,1693227698466,1692255434236,1692255434239,1693227698473,7,3,4
34909,1693227698473,1692255434244,1692255434246,1693227698480,7,2,5
34910,1693227698480,1692255434251,1692255434254,1693227698487,7,3,4
34911,1693227698487,1692255434258,1692255434261,1693227698495,8,3,5
34912,1693227698495,1692255434266,1692255434269,1693227698503,8,3,5
34913,1693227698503,1692255434273,1692255434276,1693227698509,6,3,3
34914,1693227698509,1692255434280,1692255434284,1693227698518,9,4,5
34915,1693227698518,1692255434289,1692255434292,1693227698526,8,3,5
34916,1693227698526,1692255434296,1692255434300,1693227698534,8,4,4
34917,1693227698534,1692255434304,1692255434308,1693227698541,7,4,3
34918,1693227698541,1692255434312,1692255434315,1693227698548,7,3,4
34919,1693227698549,1692255434319,1692255434322,1693227698556,7,3,4
34920,1693227698556,1692255434327,1692255434330,1693227698564,8,3,5
34921,1693227698564,1692255434334,1692255434337,1693227698571,7,3,4
34922,1693227698571,1692255434342,1692255434345,1693227698578,7,3,4
34923,1693227698579,1692255434352,1692255434355,1693227698589,10,3,7
34924,1693227698589,1692255434360,1692255434363,1693227698596,7,3,4
34925,1693227698596,1692255434367,1692255434371,1693227698605,9,4,5
34926,1693227698605,1692255434376,1692255434379,1693227698613,8,3,5
34927,1693227698613,1692255434384,1692255434387,1693227698620,7,3,4
34928,1693227698620,1692255434391,1692255434394,1693227698627,7,3,4
34929,1693227698627,1692255434398,1692255434401,1693227698635,8,3,5
34930,1693227698635,1692255434405,1692255434409,1693227698642,7,4,3
34931,1693227698642,1692255434413,1692255434416,1693227698650,8,3,5
34932,1693227698650,1692255434421,1692255434425,1693227698658,8,4,4
34933,1693227698658,1692255434430,1692255434433,1693227698667,9,3,6
34934,1693227698667,1692255434437,1692255434440,1693227698674,7,3,4
34935,1693227698674,1692255434445,1692255434448,1693227698681,7,3,4
34936,1693227698682,1692255434454,1692255434458,1693227698692,10,4,6
34937,1693227698692,1692255434463,1692255434466,1693227698700,8,3,5
34938,1693227698700,1692255434471,1692255434475,1693227698709,9,4,5
34939,1693227698709,1692255434480,1692255434483,1693227698716,7,3,4
34940,1693227698716,1692255434488,1692255434491,1693227698725,9,3,6
34941,1693227698725,1692255434496,1692255434500,1693227698733,8,4,4
34942,1693227698733,1692255434505,1692255434508,1693227698742,9,3,6
34943,1693227698742,1692255434512,1692255434515,1693227698749,7,3,4
34944,1693227698749,1692255434519,1692255434522,1693227698756,7,3,4
34945,1693227698756,1692255434527,1692255434531,1693227698765,9,4,5
34946,1693227698765,1692255434536,1692255434539,1693227698773,8,3,5
34947,1693227698773,1692255434550,1692255434553,1693227698788,15,3,12
34948,1693227698788,1692255434559,1692255434562,1693227698796,8,3,5
34949,1693227698796,1692255434566,1692255434570,1693227698804,8,4,4
34950,1693227698804,1692255434574,1692255434580,1693227698816,12,6,6
34951,1693227698816,1692255434587,1692255434590,1693227698823,7,3,4
34952,1693227698823,1692255434594,1692255434597,1693227698830,7,3,4
34953,1693227698830,1692255434601,1692255434604,1693227698837,7,3,4
34954,1693227698837,1692255434608,1692255434612,1693227698845,8,4,4
34955,1693227698846,1692255434616,1692255434619,1693227698853,7,3,4
34956,1693227698853,1692255434624,1692255434628,1693227698861,8,4,4
34957,1693227698862,1692255434632,1692255434636,1693227698869,7,4,3
34958,1693227698870,1692255434640,1692255434643,1693227698877,7,3,4
34959,1693227698877,1692255434648,1692255434652,1693227698885,8,4,4
34960,1693227698886,1692255434659,1692255434663,1693227698897,11,4,7
34961,1693227698897,1692255434667,1692255434671,1693227698904,7,4,3
34962,1693227698904,1692255434678,1692255434681,1693227698915,11,3,8
34963,1693227698915,1692255434686,1692255434689,1693227698924,9,3,6
34964,1693227698924,1692255434694,1692255434697,1693227698931,7,3,4
34965,1693227698931,1692255434701,1692255434704,1693227698938,7,3,4
34966,1693227698938,1692255434709,1692255434712,1693227698946,8,3,5
34967,1693227698946,1692255434723,1692255434726,1693227698960,14,3,11
34968,1693227698960,1692255434731,1692255434733,1693227698967,7,2,5
34969,1693227698967,1692255434738,1692255434741,1693227698975,8,3,5
34970,1693227698975,1692255434746,1692255434752,1693227698985,10,6,4
34971,1693227698985,1692255434757,1692255434759,1693227698994,9,2,7
34972,1693227698994,1692255434765,1692255434769,1693227699003,9,4,5
34973,1693227699003,1692255434773,1692255434776,1693227699009,6,3,3
34974,1693227699009,1692255434781,1692255434784,1693227699018,9,3,6
34975,1693227699018,1692255434788,1692255434792,1693227699026,8,4,4
34976,1693227699026,1692255434796,1692255434799,1693227699033,7,3,4
34977,1693227699033,1692255434804,1692255434807,1693227699040,7,3,4
34978,1693227699040,1692255434811,1692255434814,1693227699047,7,3,4
34979,1693227699047,1692255434818,1692255434821,1693227699055,8,3,5
34980,1693227699055,1692255434826,1692255434829,1693227699062,7,3,4
34981,1693227699062,1692255434833,1692255434836,1693227699069,7,3,4
34982,1693227699069,1692255434840,1692255434844,1693227699077,8,4,4
34983,1693227699077,1692255434848,1692255434852,1693227699085,8,4,4
34984,1693227699085,1692255434855,1692255434859,1693227699092,7,4,3
34985,1693227699092,1692255434864,1692255434868,1693227699101,9,4,5
34986,1693227699101,1692255434872,1692255434877,1693227699110,9,5,4
34987,1693227699110,1692255434883,1692255434886,1693227699122,12,3,9
34988,1693227699122,1692255434895,1692255434898,1693227699131,9,3,6
34989,1693227699131,1692255434902,1692255434905,1693227699139,8,3,5
34990,1693227699139,1692255434911,1692255434914,1693227699148,9,3,6
34991,1693227699148,1692255434919,1692255434922,1693227699155,7,3,4
34992,1693227699155,1692255434926,1692255434929,1693227699162,7,3,4
34993,1693227699162,1692255434933,1692255434937,1693227699170,8,4,4
34994,1693227699171,1692255434942,1692255434946,1693227699179,8,4,4
34995,1693227699180,1692255434950,1692255434953,1693227699187,7,3,4
34996,1693227699187,1692255434958,1692255434961,1693227699194,7,3,4
34997,1693227699194,1692255434966,1692255434970,1693227699203,9,4,5
34998,1693227699203,1692255434973,1692255434977,1693227699210,7,4,3
34999,1693227699210,1692255434981,1692255434984,1693227699217,7,3,4
35000,1693227699217,1692255434988,1692255434991,1693227699225,8,3,5
35001,1693227699225,1692255434997,1692255435002,1693227699236,11,5,6
35002,1693227699236,1692255435010,1692255435013,1693227699246,10,3,7
35003,1693227699246,1692255435017,1692255435020,1693227699253,7,3,4
35004,1693227699253,1692255435024,1692255435027,1693227699260,7,3,4
35005,1693227699260,1692255435031,1692255435034,1693227699267,7,3,4
35006,1693227699267,1692255435038,1692255435041,1693227699275,8,3,5
35007,1693227699276,1692255435046,1692255435050,1693227699283,7,4,3
35008,1693227699283,1692255435054,1692255435059,1693227699292,9,5,4
35009,1693227699292,1692255435063,1692255435066,1693227699299,7,3,4
35010,1693227699299,1692255435070,1692255435073,1693227699307,8,3,5
35011,1693227699307,1692255435078,1692255435081,1693227699315,8,3,5
35012,1693227699315,1692255435086,1692255435090,1693227699323,8,4,4
35013,1693227699324,1692255435094,1692255435098,1693227699331,7,4,3
35014,1693227699331,1692255435103,1692255435105,1693227699339,8,2,6
35015,1693227699339,1692255435109,1692255435113,1693227699346,7,4,3
35016,1693227699346,1692255435117,1692255435120,1693227699353,7,3,4
35017,1693227699353,1692255435124,1692255435127,1693227699361,8,3,5
35018,1693227699361,1692255435132,1692255435135,1693227699368,7,3,4
35019,1693227699368,1692255435139,1692255435142,1693227699376,8,3,5
35020,1693227699376,1692255435147,1692255435152,1693227699386,10,5,5
35021,1693227699386,1692255435157,1692255435160,1693227699393,7,3,4
35022,1693227699393,1692255435163,1692255435168,1693227699402,9,5,4
35023,1693227699402,1692255435173,1692255435177,1693227699410,8,4,4
35024,1693227699410,1692255435181,1692255435184,1693227699418,8,3,5
35025,1693227699418,1692255435188,1692255435192,1693227699425,7,4,3
35026,1693227699426,1692255435196,1692255435199,1693227699433,7,3,4
35027,1693227699433,1692255435204,1692255435207,1693227699441,8,3,5
35028,1693227699441,1692255435211,1692255435215,1693227699448,7,4,3
35029,1693227699448,1692255435219,1692255435222,1693227699456,8,3,5
35030,1693227699456,1692255435227,1692255435231,1693227699464,8,4,4
35031,1693227699464,1692255435235,1692255435238,1693227699472,8,3,5
35032,1693227699472,1692255435242,1692255435246,1693227699479,7,4,3
35033,1693227699479,1692255435250,1692255435253,1693227699487,8,3,5
35034,1693227699487,1692255435258,1692255435261,1693227699495,8,3,5
35035,1693227699495,1692255435265,1692255435268,1693227699504,9,3,6
35036,1693227699504,1692255435275,1692255435279,1693227699512,8,4,4
35037,1693227699512,1692255435283,1692255435286,1693227699519,7,3,4
35038,1693227699520,1692255435291,1692255435294,1693227699527,7,3,4
35039,1693227699528,1692255435298,1692255435302,1693227699535,7,4,3
35040,1693227699535,1692255435306,1692255435309,1693227699542,7,3,4
35041,1693227699543,1692255435313,1692255435316,1693227699549,6,3,3
35042,1693227699549,1692255435320,1692255435323,1693227699556,7,3,4
35043,1693227699556,1692255435327,1692255435330,1693227699564,8,3,5
35044,1693227699564,1692255435334,1692255435337,1693227699571,7,3,4
35045,1693227699571,1692255435341,1692255435345,1693227699579,8,4,4
35046,1693227699579,1692255435350,1692255435353,1693227699587,8,3,5
35047,1693227699587,1692255435358,1692255435361,1693227699595,8,3,5
35048,1693227699595,1692255435366,1692255435369,1693227699602,7,3,4
35049,1693227699602,1692255435377,1692255435380,1693227699614,12,3,9
35050,1693227699614,1692255435385,1692255435388,1693227699621,7,3,4
35051,1693227699621,1692255435392,1692255435395,1693227699629,8,3,5
35052,1693227699629,1692255435400,1692255435403,1693227699637,8,3,5
35053,1693227699637,1692255435408,1692255435412,1693227699645,8,4,4
35054,1693227699645,1692255435416,1692255435419,1693227699653,8,3,5
35055,1693227699653,1692255435442,1692255435445,1693227699688,35,3,32
35056,1693227699688,1692255435462,1692255435468,1693227699701,13,6,7
35057,1693227699701,1692255435472,1692255435476,1693227699710,9,4,5
35058,1693227699710,1692255435481,1692255435484,1693227699717,7,3,4
35059,1693227699717,1692255435488,1692255435491,1693227699725,8,3,5
35060,1693227699725,1692255435496,1692255435500,1693227699733,8,4,4
35061,1693227699733,1692255435506,1692255435510,1693227699743,10,4,6
35062,1693227699743,1692255435513,1692255435517,1693227699750,7,4,3
35063,1693227699750,1692255435521,1692255435524,1693227699758,8,3,5
35064,1693227699758,1692255435529,1692255435532,1693227699768,10,3,7
35065,1693227699768,1692255435539,1692255435543,1693227699777,9,4,5
35066,1693227699777,1692255435548,1692255435551,1693227699790,13,3,10
35067,1693227699791,1692255435561,1692255435565,1693227699798,7,4,3
35068,1693227699798,1692255435569,1692255435572,1693227699805,7,3,4
35069,1693227699805,1692255435576,1692255435579,1693227699813,8,3,5
35070,1693227699813,1692255435584,1692255435587,1693227699821,8,3,5
35071,1693227699821,1692255435592,1692255435595,1693227699828,7,3,4
35072,1693227699829,1692255435599,1692255435602,1693227699835,6,3,3
35073,1693227699835,1692255435606,1692255435610,1693227699844,9,4,5
35074,1693227699844,1692255435614,1692255435618,1693227699851,7,4,3
35075,1693227699851,1692255435622,1692255435625,1693227699863,12,3,9
35076,1693227699863,1692255435662,1692255435666,1693227699900,37,4,33
35077,1693227699900,1692255435671,1692255435674,1693227699907,7,3,4
35078,1693227699907,1692255435678,1692255435681,1693227699915,8,3,5
35079,1693227699915,1692255435686,1692255435688,1693227699922,7,2,5
35080,1693227699922,1692255435693,1692255435696,1693227699929,7,3,4
35081,1693227699929,1692255435700,1692255435704,1693227699937,8,4,4
35082,1693227699937,1692255435708,1692255435712,1693227699945,8,4,4
35083,1693227699945,1692255435716,1692255435719,1693227699953,8,3,5
35084,1693227699953,1692255435724,1692255435727,1693227699961,8,3,5
35085,1693227699961,1692255435731,1692255435735,1693227699968,7,4,3
35086,1693227699968,1692255435739,1692255435742,1693227699976,8,3,5
35087,1693227699976,1692255435747,1692255435750,1693227699984,8,3,5
35088,1693227699984,1692255435754,1692255435757,1693227699991,7,3,4
35089,1693227699991,1692255435762,1692255435765,1693227699999,8,3,5
35090,1693227699999,1692255435770,1692255435774,1693227700007,8,4,4
35091,1693227700007,1692255435778,1692255435781,1693227700017,10,3,7
35092,1693227700017,1692255435788,1692255435792,1693227700026,9,4,5
35093,1693227700026,1692255435797,1692255435802,1693227700035,9,5,4
35094,1693227700035,1692255435806,1692255435809,1693227700044,9,3,6
35095,1693227700044,1692255435815,1692255435819,1693227700052,8,4,4
35096,1693227700052,1692255435823,1692255435827,1693227700060,8,4,4
35097,1693227700060,1692255435831,1692255435833,1693227700067,7,2,5
35098,1693227700067,1692255435838,1692255435841,1693227700074,7,3,4
35099,1693227700075,1692255435845,1692255435850,1693227700083,8,5,3
35100,1693227700083,1692255435854,1692255435857,1693227700090,7,3,4
35101,1693227700090,1692255435862,1692255435866,1693227700100,10,4,6
35102,1693227700100,1692255435870,1692255435874,1693227700108,8,4,4
35103,1693227700108,1692255435879,1692255435883,1693227700121,13,4,9
35104,1693227700121,1692255435894,1692255435898,1693227700132,11,4,7
35105,1693227700132,1692255435903,1692255435905,1693227700139,7,2,5
35106,1693227700139,1692255435910,1692255435914,1693227700147,8,4,4
35107,1693227700147,1692255435918,1692255435922,1693227700155,8,4,4
35108,1693227700155,1692255435927,1692255435931,1693227700164,9,4,5
35109,1693227700164,1692255435935,1692255435938,1693227700171,7,3,4
35110,1693227700171,1692255435942,1692255435946,1693227700179,8,4,4
35111,1693227700179,1692255435950,1692255435953,1693227700187,8,3,5
35112,1693227700187,1692255435964,1692255435967,1693227700201,14,3,11
35113,1693227700201,1692255435972,1692255435975,1693227700209,8,3,5
35114,1693227700209,1692255435980,1692255435984,1693227700218,9,4,5
35115,1693227700218,1692255435991,1692255435996,1693227700229,11,5,6
35116,1693227700229,1692255436000,1692255436003,1693227700237,8,3,5
35117,1693227700237,1692255436008,1692255436012,1693227700245,8,4,4
35118,1693227700246,1692255436017,1692255436020,1693227700254,8,3,5
35119,1693227700254,1692255436025,1692255436028,1693227700262,8,3,5
35120,1693227700262,1692255436032,1692255436035,1693227700269,7,3,4
35121,1693227700269,1692255436040,1692255436043,1693227700277,8,3,5
35122,1693227700277,1692255436047,1692255436051,1693227700284,7,4,3
35123,1693227700285,1692255436055,1692255436059,1693227700292,7,4,3
35124,1693227700293,1692255436063,1692255436066,1693227700300,7,3,4
35125,1693227700300,1692255436070,1692255436073,1693227700306,6,3,3
35126,1693227700306,1692255436077,1692255436080,1693227700313,7,3,4
35127,1693227700313,1692255436083,1692255436087,1693227700321,8,4,4
35128,1693227700321,1692255436093,1692255436096,1693227700329,8,3,5
35129,1693227700329,1692255436100,1692255436104,1693227700338,9,4,5
35130,1693227700338,1692255436108,1692255436113,1693227700346,8,5,3
35131,1693227700346,1692255436119,1692255436122,1693227700355,9,3,6
35132,1693227700355,1692255436126,1692255436130,1693227700363,8,4,4
35133,1693227700363,1692255436134,1692255436137,1693227700370,7,3,4
35134,1693227700370,1692255436141,1692255436144,1693227700378,8,3,5
35135,1693227700378,1692255436149,1692255436152,1693227700385,7,3,4
35136,1693227700385,1692255436156,1692255436159,1693227700393,8,3,5
35137,1693227700393,1692255436163,1692255436167,1693227700400,7,4,3
35138,1693227700400,1692255436172,1692255436176,1693227700409,9,4,5
35139,1693227700409,1692255436180,1692255436184,1693227700417,8,4,4
35140,1693227700417,1692255436188,1692255436191,1693227700426,9,3,6
35141,1693227700426,1692255436199,1692255436202,1693227700436,10,3,7
35142,1693227700436,1692255436207,1692255436210,1693227700444,8,3,5
35143,1693227700444,1692255436215,1692255436219,1693227700453,9,4,5
35144,1693227700453,1692255436224,1692255436227,1693227700461,8,3,5
35145,1693227700461,1692255436232,1692255436236,1693227700469,8,4,4
35146,1693227700469,1692255436240,1692255436243,1693227700477,8,3,5
35147,1693227700477,1692255436248,1692255436251,1693227700484,7,3,4
35148,1693227700484,1692255436255,1692255436259,1693227700492,8,4,4
35149,1693227700492,1692255436263,1692255436266,1693227700500,8,3,5
35150,1693227700500,1692255436271,1692255436275,1693227700509,9,4,5
35151,1693227700509,1692255436280,1692255436283,1693227700516,7,3,4
35152,1693227700516,1692255436287,1692255436289,1693227700523,7,2,5
35153,1693227700523,1692255436294,1692255436298,1693227700531,8,4,4
35154,1693227700531,1692255436302,1692255436306,1693227700539,8,4,4
35155,1693227700539,1692255436310,1692255436314,1693227700547,8,4,4
35156,1693227700547,1692255436318,1692255436322,1693227700555,8,4,4
35157,1693227700555,1692255436326,1692255436329,1693227700563,8,3,5
35158,1693227700563,1692255436333,1692255436336,1693227700570,7,3,4
35159,1693227700570,1692255436341,1692255436343,1693227700577,7,2,5
35160,1693227700577,1692255436348,1692255436352,1693227700585,8,4,4
35161,1693227700585,1692255436356,1692255436360,1693227700594,9,4,5
35162,1693227700594,1692255436364,1692255436367,1693227700601,7,3,4
35163,1693227700601,1692255436372,1692255436375,1693227700609,8,3,5
35164,1693227700609,1692255436379,1692255436382,1693227700616,7,3,4
35165,1693227700616,1692255436387,1692255436390,1693227700623,7,3,4
35166,1693227700623,1692255436394,1692255436398,1693227700631,8,4,4
35167,1693227700631,1692255436402,1692255436407,1693227700640,9,5,4
35168,1693227700640,1692255436411,1692255436415,1693227700648,8,4,4
35169,1693227700648,1692255436419,1692255436422,1693227700656,8,3,5
35170,1693227700656,1692255436427,1692255436431,1693227700664,8,4,4
35171,1693227700664,1692255436435,1692255436438,1693227700671,7,3,4
35172,1693227700671,1692255436443,1692255436446,1693227700680,9,3,6
35173,1693227700680,1692255436450,1692255436454,1693227700687,7,4,3
35174,1693227700687,1692255436458,1692255436462,1693227700695,8,4,4
35175,1693227700695,1692255436466,1692255436470,1693227700703,8,4,4
35176,1693227700703,1692255436474,1692255436478,1693227700711,8,4,4
35177,1693227700711,1692255436483,1692255436486,1693227700719,8,3,5
35178,1693227700719,1692255436490,1692255436493,1693227700727,8,3,5
35179,1693227700727,1692255436498,1692255436502,1693227700735,8,4,4
35180,1693227700735,1692255436506,1692255436508,1693227700742,7,2,5
35181,1693227700742,1692255436513,1692255436517,1693227700750,8,4,4
35182,1693227700751,1692255436521,1692255436525,1693227700758,7,4,3
35183,1693227700758,1692255436529,1692255436533,1693227700766,8,4,4
35184,1693227700766,1692255436538,1692255436542,1693227700775,9,4,5
35185,1693227700775,1692255436546,1692255436549,1693227700783,8,3,5
35186,1693227700783,1692255436554,1692255436558,1693227700793,10,4,6
35187,1693227700793,1692255436564,1692255436567,1693227700801,8,3,5
35188,1693227700801,1692255436572,1692255436575,1693227700809,8,3,5
35189,1693227700809,1692255436580,1692255436583,1693227700817,8,3,5
35190,1693227700817,1692255436588,1692255436591,1693227700825,8,3,5
35191,1693227700825,1692255436596,1692255436600,1693227700835,10,4,6
35192,1693227700835,1692255436606,1692255436609,1693227700843,8,3,5
35193,1693227700843,1692255436614,1692255436617,1693227700850,7,3,4
35194,1693227700850,1692255436621,1692255436624,1693227700858,8,3,5
35195,1693227700858,1692255436629,1692255436632,1693227700866,8,3,5
35196,1693227700866,1692255436637,1692255436640,1693227700874,8,3,5
35197,1693227700874,1692255436645,1692255436648,1693227700882,8,3,5
35198,1693227700882,1692255436652,1692255436656,1693227700890,8,4,4
35199,1693227700890,1692255436660,1692255436664,1693227700898,8,4,4
35200,1693227700898,1692255436668,1692255436671,1693227700905,7,3,4
35201,1693227700905,1692255436676,1692255436679,1693227700912,7,3,4
35202,1693227700912,1692255436683,1692255436686,1693227700919,7,3,4
35203,1693227700919,1692255436690,1692255436693,1693227700926,7,3,4
35204,1693227700926,1692255436697,1692255436702,1693227700935,9,5,4
35205,1693227700935,1692255436707,1692255436711,1693227700944,9,4,5
35206,1693227700944,1692255436715,1692255436719,1693227700953,9,4,5
35207,1693227700953,1692255436723,1692255436727,1693227700960,7,4,3
35208,1693227700960,1692255436730,1692255436733,1693227700967,7,3,4
35209,1693227700967,1692255436738,1692255436741,1693227700975,8,3,5
35210,1693227700975,1692255436745,1692255436748,1693227700982,7,3,4
35211,1693227700982,1692255436753,1692255436757,1693227700991,9,4,5
35212,1693227700991,1692255436762,1692255436764,1693227700998,7,2,5
35213,1693227700998,1692255436768,1692255436771,1693227701005,7,3,4
35214,1693227701005,1692255436775,1692255436778,1693227701011,6,3,3
35215,1693227701012,1692255436782,1692255436785,1693227701019,7,3,4
35216,1693227701019,1692255436790,1692255436793,1693227701027,8,3,5
35217,1693227701027,1692255436798,1692255436800,1693227701034,7,2,5
35218,1693227701034,1692255436806,1692255436809,1693227701042,8,3,5
35219,1693227701042,1692255436813,1692255436817,1693227701050,8,4,4
35220,1693227701050,1692255436821,1692255436824,1693227701058,8,3,5
35221,1693227701058,1692255436829,1692255436833,1693227701066,8,4,4
35222,1693227701066,1692255436837,1692255436840,1693227701074,8,3,5
35223,1693227701074,1692255436845,1692255436849,1693227701082,8,4,4
35224,1693227701082,1692255436853,1692255436856,1693227701089,7,3,4
35225,1693227701089,1692255436860,1692255436864,1693227701097,8,4,4
35226,1693227701097,1692255436868,1692255436871,1693227701105,8,3,5
35227,1693227701105,1692255436876,1692255436880,1693227701113,8,4,4
35228,1693227701113,1692255436885,1692255436888,1693227701121,8,3,5
35229,1693227701121,1692255436892,1692255436896,1693227701130,9,4,5
35230,1693227701130,1692255436900,1692255436903,1693227701137,7,3,4
35231,1693227701137,1692255436908,1692255436911,1693227701145,8,3,5
35232,1693227701145,1692255436919,1692255436923,1693227701156,11,4,7
35233,1693227701156,1692255436927,1692255436930,1693227701164,8,3,5
35234,1693227701164,1692255436934,1692255436937,1693227701171,7,3,4
35235,1693227701171,1692255436942,1692255436945,1693227701179,8,3,5
35236,1693227701179,1692255436949,1692255436952,1693227701186,7,3,4
35237,1693227701186,1692255436956,1692255436962,1693227701195,9,6,3
35238,1693227701196,1692255436966,1692255436969,1693227701202,6,3,3
35239,1693227701202,1692255436973,1692255436975,1693227701209,7,2,5
35240,1693227701209,1692255436980,1692255436984,1693227701218,9,4,5
35241,1693227701218,1692255436991,1692255436995,1693227701229,11,4,7
35242,1693227701229,1692255436999,1692255437003,1693227701237,8,4,4
35243,1693227701237,1692255437007,1692255437011,1693227701245,8,4,4
35244,1693227701245,1692255437018,1692255437021,1693227701255,10,3,7
35245,1693227701255,1692255437026,1692255437029,1693227701262,7,3,4
35246,1693227701263,1692255437033,1692255437036,1693227701272,9,3,6
35247,1693227701272,1692255437043,1692255437048,1693227701281,9,5,4
35248,1693227701281,1692255437055,1692255437058,1693227701292,11,3,8
35249,1693227701292,1692255437063,1692255437066,1693227701299,7,3,4
35250,1693227701299,1692255437076,1692255437079,1693227701313,14,3,11
35251,1693227701313,1692255437084,1692255437087,1693227701321,8,3,5
35252,1693227701321,1692255437091,1692255437095,1693227701328,7,4,3
35253,1693227701328,1692255437099,1692255437102,1693227701336,8,3,5
35254,1693227701336,1692255437107,1692255437110,1693227701344,8,3,5
35255,1693227701344,1692255437116,1692255437120,1693227701353,9,4,5
35256,1693227701353,1692255437124,1692255437128,1693227701362,9,4,5
35257,1693227701362,1692255437133,1692255437136,1693227701370,8,3,5
35258,1693227701370,1692255437140,1692255437143,1693227701376,6,3,3
35259,1693227701376,1692255437147,1692255437150,1693227701383,7,3,4
35260,1693227701383,1692255437154,1692255437157,1693227701391,8,3,5
35261,1693227701391,1692255437162,1692255437166,1693227701400,9,4,5
35262,1693227701400,1692255437171,1692255437174,1693227701407,7,3,4
35263,1693227701407,1692255437178,1692255437181,1693227701415,8,3,5
35264,1693227701415,1692255437186,1692255437188,1693227701422,7,2,5
35265,1693227701422,1692255437193,1692255437196,1693227701430,8,3,5
35266,1693227701430,1692255437200,1692255437203,1693227701437,7,3,4
35267,1693227701437,1692255437208,1692255437211,1693227701444,7,3,4
35268,1693227701444,1692255437215,1692255437218,1693227701452,8,3,5
35269,1693227701452,1692255437222,1692255437226,1693227701460,8,4,4
35270,1693227701460,1692255437232,1692255437235,1693227701468,8,3,5
35271,1693227701469,1692255437239,1692255437243,1693227701477,8,4,4
35272,1693227701477,1692255437248,1692255437251,1693227701484,7,3,4
35273,1693227701484,1692255437255,1692255437258,1693227701491,7,3,4
35274,1693227701491,1692255437262,1692255437265,1693227701498,7,3,4
35275,1693227701498,1692255437269,1692255437273,1693227701506,8,4,4
35276,1693227701507,1692255437278,1692255437281,1693227701515,8,3,5
35277,1693227701515,1692255437286,1692255437290,1693227701523,8,4,4
35278,1693227701524,1692255437294,1692255437298,1693227701531,7,4,3
35279,1693227701531,1692255437302,1692255437306,1693227701539,8,4,4
35280,1693227701539,1692255437311,1692255437314,1693227701547,8,3,5
35281,1693227701547,1692255437318,1692255437321,1693227701555,8,3,5
35282,1693227701555,1692255437326,1692255437329,1693227701563,8,3,5
35283,1693227701563,1692255437334,1692255437337,1693227701570,7,3,4
35284,1693227701570,1692255437341,1692255437344,1693227701578,8,3,5
35285,1693227701578,1692255437348,1692255437352,1693227701585,7,4,3
35286,1693227701585,1692255437355,1692255437358,1693227701591,6,3,3
35287,1693227701591,1692255437362,1692255437365,1693227701598,7,3,4
35288,1693227701598,1692255437368,1692255437371,1693227701605,7,3,4
35289,1693227701605,1692255437376,1692255437379,1693227701612,7,3,4
35290,1693227701612,1692255437382,1692255437388,1693227701621,9,6,3
35291,1693227701621,1692255437392,1692255437398,1693227701631,10,6,4
35292,1693227701631,1692255437403,1692255437406,1693227701639,8,3,5
35293,1693227701639,1692255437411,1692255437415,1693227701648,9,4,5
35294,1693227701648,1692255437419,1692255437422,1693227701656,8,3,5
35295,1693227701656,1692255437426,1692255437430,1693227701663,7,4,3
35296,1693227701663,1692255437435,1692255437439,1693227701672,9,4,5
35297,1693227701672,1692255437443,1692255437447,1693227701681,9,4,5
35298,1693227701681,1692255437451,1692255437454,1693227701687,6,3,3
35299,1693227701687,1692255437458,1692255437461,1693227701694,7,3,4
35300,1693227701694,1692255437465,1692255437470,1693227701703,9,5,4
35301,1693227701703,1692255437474,1692255437478,1693227701711,8,4,4
35302,1693227701711,1692255437482,1692255437485,1693227701718,7,3,4
35303,1693227701718,1692255437489,1692255437492,1693227701726,8,3,5
35304,1693227701726,1692255437497,1692255437500,1693227701733,7,3,4
35305,1693227701733,1692255437504,1692255437506,1693227701740,7,2,5
35306,1693227701740,1692255437511,1692255437515,1693227701749,9,4,5
35307,1693227701749,1692255437520,1692255437523,1693227701757,8,3,5
35308,1693227701757,1692255437529,1692255437532,1693227701765,8,3,5
35309,1693227701766,1692255437536,1692255437540,1693227701773,7,4,3
35310,1693227701773,1692255437544,1692255437547,1693227701780,7,3,4
35311,1693227701780,1692255437551,1692255437554,1693227701788,8,3,5
35312,1693227701788,1692255437558,1692255437563,1693227701799,11,5,6
35313,1693227701799,1692255437571,1692255437575,1693227701808,9,4,5
35314,1693227701808,1692255437579,1692255437583,1693227701816,8,4,4
35315,1693227701816,1692255437586,1692255437590,1693227701823,7,4,3
35316,1693227701823,1692255437594,1692255437597,1693227701831,8,3,5
35317,1693227701831,1692255437602,1692255437605,1693227701839,8,3,5
35318,1693227701839,1692255437610,1692255437613,1693227701847,8,3,5
35319,1693227701847,1692255437618,1692255437621,1693227701855,8,3,5
35320,1693227701855,1692255437625,1692255437628,1693227701862,7,3,4
35321,1693227701862,1692255437633,1692255437636,1693227701870,8,3,5
35322,1693227701870,1692255437641,1692255437645,1693227701879,9,4,5
35323,1693227701879,1692255437650,1692255437653,1693227701887,8,3,5
35324,1693227701887,1692255437658,1692255437662,1693227701895,8,4,4
35325,1693227701895,1692255437666,1692255437669,1693227701903,8,3,5
35326,1693227701903,1692255437674,1692255437677,1693227701911,8,3,5
35327,1693227701911,1692255437682,1692255437685,1693227701919,8,3,5
35328,1693227701919,1692255437690,1692255437694,1693227701927,8,4,4
35329,1693227701927,1692255437698,1692255437701,1693227701934,7,3,4
35330,1693227701934,1692255437705,1692255437708,1693227701941,7,3,4
35331,1693227701941,1692255437712,1692255437715,1693227701948,7,3,4
35332,1693227701948,1692255437719,1692255437722,1693227701956,8,3,5
35333,1693227701956,1692255437727,1692255437730,1693227701964,8,3,5
35334,1693227701964,1692255437735,1692255437738,1693227701971,7,3,4
35335,1693227701971,1692255437742,1692255437746,1693227701979,8,4,4
35336,1693227701979,1692255437750,1692255437752,1693227701986,7,2,5
35337,1693227701986,1692255437757,1692255437761,1693227701994,8,4,4
35338,1693227701994,1692255437765,1692255437769,1693227702002,8,4,4
35339,1693227702002,1692255437773,1692255437777,1693227702010,8,4,4
35340,1693227702010,1692255437781,1692255437785,1693227702018,8,4,4
35341,1693227702018,1692255437788,1692255437792,1693227702026,8,4,4
35342,1693227702026,1692255437797,1692255437799,1693227702033,7,2,5
35343,1693227702033,1692255437804,1692255437807,1693227702040,7,3,4
35344,1693227702040,1692255437811,1692255437815,1693227702049,9,4,5
35345,1693227702049,1692255437820,1692255437823,1693227702057,8,3,5
35346,1693227702057,1692255437827,1692255437831,1693227702064,7,4,3
35347,1693227702064,1692255437836,1692255437839,1693227702072,8,3,5
35348,1693227702072,1692255437843,1692255437847,1693227702080,8,4,4
35349,1693227702080,1692255437851,1692255437855,1693227702089,9,4,5
35350,1693227702089,1692255437861,1692255437864,1693227702098,9,3,6
35351,1693227702098,1692255437868,1692255437872,1693227702105,7,4,3
35352,1693227702105,1692255437876,1692255437879,1693227702113,8,3,5
35353,1693227702113,1692255437887,1692255437890,1693227702124,11,3,8
35354,1693227702124,1692255437895,1692255437898,1693227702132,8,3,5
35355,1693227702132,1692255437902,1692255437906,1693227702139,7,4,3
35356,1693227702139,1692255437911,1692255437914,1693227702148,9,3,6
35357,1693227702148,1692255437918,1692255437922,1693227702155,7,4,3
35358,1693227702155,1692255437927,1692255437931,1693227702168,13,4,9
35359,1693227702168,1692255437939,1692255437942,1693227702175,7,3,4
35360,1693227702175,1692255437946,1692255437950,1693227702183,8,4,4
35361,1693227702183,1692255437953,1692255437956,1693227702190,7,3,4
35362,1693227702190,1692255437961,1692255437964,1693227702197,7,3,4
35363,1693227702197,1692255437968,1692255437971,1693227702205,8,3,5
35364,1693227702205,1692255437975,1692255437979,1693227702213,8,4,4
35365,1693227702213,1692255437984,1692255437987,1693227702220,7,3,4
35366,1693227702220,1692255437991,1692255437994,1693227702237,17,3,14
35367,1693227702237,1692255438008,1692255438011,1693227702247,10,3,7
35368,1693227702247,1692255438018,1692255438022,1693227702256,9,4,5
35369,1693227702256,1692255438027,1692255438030,1693227702264,8,3,5
35370,1693227702264,1692255438034,1692255438038,1693227702272,8,4,4
35371,1693227702272,1692255438043,1692255438047,1693227702281,9,4,5
35372,1693227702281,1692255438052,1692255438055,1693227702289,8,3,5
35373,1693227702289,1692255438060,1692255438064,1693227702297,8,4,4
35374,1693227702297,1692255438068,1692255438072,1693227702306,9,4,5
35375,1693227702306,1692255438077,1692255438080,1693227702378,72,3,69
35376,1693227702378,1692255438149,1692255438153,1693227702387,9,4,5
35377,1693227702387,1692255438158,1692255438161,1693227702395,8,3,5
35378,1693227702395,1692255438168,1692255438171,1693227702405,10,3,7
35379,1693227702405,1692255438177,1692255438180,1693227702413,8,3,5
35380,1693227702413,1692255438184,1692255438188,1693227702422,9,4,5
35381,1693227702422,1692255438193,1692255438196,1693227702429,7,3,4
35382,1693227702429,1692255438200,1692255438203,1693227702437,8,3,5
35383,1693227702437,1692255438208,1692255438212,1693227702447,10,4,6
35384,1693227702447,1692255438219,1692255438222,1693227702456,9,3,6
35385,1693227702456,1692255438226,1692255438229,1693227702467,11,3,8
35386,1693227702467,1692255438238,1692255438245,1693227702479,12,7,5
35387,1693227702479,1692255438250,1692255438253,1693227702486,7,3,4
35388,1693227702486,1692255438257,1692255438261,1693227702495,9,4,5
35389,1693227702495,1692255438265,1692255438268,1693227702502,7,3,4
35390,1693227702502,1692255438272,1692255438277,1693227702526,24,5,19
35391,1693227702526,1692255438297,1692255438300,1693227702534,8,3,5
35392,1693227702534,1692255438305,1692255438309,1693227702544,10,4,6
35393,1693227702544,1692255438315,1692255438318,1693227702578,34,3,31
35394,1693227702578,1692255438348,1692255438352,1693227702585,7,4,3
35395,1693227702585,1692255438356,1692255438360,1693227702594,9,4,5
35396,1693227702594,1692255438364,1692255438367,1693227702601,7,3,4
35397,1693227702601,1692255438373,1692255438376,1693227702609,8,3,5
35398,1693227702609,1692255438380,1692255438384,1693227702617,8,4,4
35399,1693227702617,1692255438397,1692255438400,1693227702643,26,3,23
35400,1693227702643,1692255438416,1692255438419,1693227702653,10,3,7
35401,1693227702653,1692255438424,1692255438427,1693227702661,8,3,5
35402,1693227702661,1692255438432,1692255438435,1693227702669,8,3,5
35403,1693227702669,1692255438440,1692255438443,1693227702679,10,3,7
35404,1693227702679,1692255438449,1692255438453,1693227702687,8,4,4
35405,1693227702687,1692255438458,1692255438461,1693227702695,8,3,5
35406,1693227702695,1692255438465,1692255438468,1693227702701,6,3,3
35407,1693227702701,1692255438472,1692255438475,1693227702709,8,3,5
35408,1693227702709,1692255438480,1692255438483,1693227702716,7,3,4
35409,1693227702716,1692255438487,1692255438490,1693227702723,7,3,4
35410,1693227702723,1692255438494,1692255438497,1693227702731,8,3,5
35411,1693227702731,1692255438502,1692255438505,1693227702738,7,3,4
35412,1693227702738,1692255438509,1692255438513,1693227702746,8,4,4
35413,1693227702746,1692255438523,1692255438526,1693227702760,14,3,11
35414,1693227702760,1692255438531,1692255438534,1693227702768,8,3,5
35415,1693227702768,1692255438544,1692255438548,1693227702781,13,4,9
35416,1693227702781,1692255438552,1692255438555,1693227702789,8,3,5
35417,1693227702789,1692255438559,1692255438562,1693227702796,7,3,4
35418,1693227702796,1692255438566,1692255438569,1693227702805,9,3,6
35419,1693227702805,1692255438576,1692255438579,1693227702812,7,3,4
35420,1693227702813,1692255438584,1692255438587,1693227702821,8,3,5
35421,1693227702821,1692255438591,1692255438595,1693227702829,8,4,4
35422,1693227702829,1692255438600,1692255438605,1693227702839,10,5,5
35423,1693227702839,1692255438610,1692255438613,1693227702846,7,3,4
35424,1693227702846,1692255438617,1692255438620,1693227702853,7,3,4
35425,1693227702853,1692255438624,1692255438627,1693227702861,8,3,5
35426,1693227702861,1692255438632,1692255438635,1693227702868,7,3,4
35427,1693227702868,1692255438639,1692255438642,1693227702876,8,3,5
35428,1693227702876,1692255438647,1692255438650,1693227702884,8,3,5
35429,1693227702884,1692255438654,1692255438657,1693227702892,8,3,5
35430,1693227702892,1692255438663,1692255438666,1693227702900,8,3,5
35431,1693227702900,1692255438671,1692255438674,1693227702909,9,3,6
35432,1693227702909,1692255438680,1692255438683,1693227702916,7,3,4
35433,1693227702916,1692255438687,1692255438691,1693227702924,8,4,4
35434,1693227702924,1692255438695,1692255438698,1693227702932,8,3,5
35435,1693227702932,1692255438703,1692255438706,1693227702939,7,3,4
35436,1693227702939,1692255438710,1692255438714,1693227702947,8,4,4
35437,1693227702947,1692255438718,1692255438721,1693227702955,8,3,5
35438,1693227702955,1692255438726,1692255438730,1693227702964,9,4,5
35439,1693227702964,1692255438734,1692255438737,1693227702971,7,3,4
35440,1693227702971,1692255438742,1692255438746,1693227702979,8,4,4
35441,1693227702979,1692255438750,1692255438754,1693227702987,8,4,4
35442,1693227702987,1692255438758,1692255438760,1693227702994,7,2,5
35443,1693227702994,1692255438764,1692255438768,1693227703001,7,4,3
35444,1693227703001,1692255438772,1692255438775,1693227703008,7,3,4
35445,1693227703008,1692255438784,1692255438787,1693227703020,12,3,9
35446,1693227703020,1692255438791,1692255438794,1693227703028,8,3,5
35447,1693227703028,1692255438799,1692255438803,1693227703037,9,4,5
35448,1693227703037,1692255438807,1692255438810,1693227703044,7,3,4
35449,1693227703044,1692255438815,1692255438817,1693227703051,7,2,5
35450,1693227703051,1692255438821,1692255438825,1693227703059,8,4,4
35451,1693227703059,1692255438830,1692255438833,1693227703067,8,3,5
35452,1693227703067,1692255438838,1692255438842,1693227703075,8,4,4
35453,1693227703075,1692255438846,1692255438850,1693227703083,8,4,4
35454,1693227703083,1692255438853,1692255438856,1693227703090,7,3,4
35455,1693227703090,1692255438861,1692255438864,1693227703097,7,3,4
35456,1693227703097,1692255438868,1692255438872,1693227703105,8,4,4
35457,1693227703105,1692255438876,1692255438879,1693227703113,8,3,5
35458,1693227703113,1692255438883,1692255438886,1693227703120,7,3,4
35459,1693227703120,1692255438891,1692255438896,1693227703130,10,5,5
35460,1693227703130,1692255438901,1692255438904,1693227703137,7,3,4
35461,1693227703137,1692255438908,1692255438911,1693227703145,8,3,5
35462,1693227703145,1692255438917,1692255438920,1693227703153,8,3,5
35463,1693227703153,1692255438924,1692255438927,1693227703161,8,3,5
35464,1693227703161,1692255438931,1692255438935,1693227703169,8,4,4
35465,1693227703169,1692255438943,1692255438947,1693227703180,11,4,7
35466,1693227703180,1692255438951,1692255438955,1693227703192,12,4,8
35467,1693227703192,1692255438963,1692255438966,1693227703200,8,3,5
35468,1693227703200,1692255438970,1692255438974,1693227703207,7,4,3
35469,1693227703207,1692255438978,1692255438981,1693227703215,8,3,5
35470,1693227703215,1692255438986,1692255438989,1693227703222,7,3,4
35471,1693227703223,1692255438994,1692255438997,1693227703231,8,3,5
35472,1693227703231,1692255439002,1692255439005,1693227703238,7,3,4
35473,1693227703238,1692255439009,1692255439012,1693227703246,8,3,5
35474,1693227703246,1692255439023,1692255439026,1693227703260,14,3,11
35475,1693227703260,1692255439031,1692255439035,1693227703268,8,4,4
35476,1693227703268,1692255439040,1692255439044,1693227703277,9,4,5
35477,1693227703278,1692255439048,1692255439051,1693227703284,6,3,3
35478,1693227703284,1692255439055,1692255439058,1693227703293,9,3,6
35479,1693227703293,1692255439064,1692255439067,1693227703300,7,3,4
35480,1693227703300,1692255439071,1692255439074,1693227703307,7,3,4
35481,1693227703307,1692255439078,1692255439082,1693227703315,8,4,4
35482,1693227703315,1692255439086,1692255439089,1693227703322,7,3,4
35483,1693227703322,1692255439093,1692255439096,1693227703330,8,3,5
35484,1693227703330,1692255439101,1692255439104,1693227703337,7,3,4
35485,1693227703337,1692255439108,1692255439112,1693227703345,8,4,4
35486,1693227703345,1692255439116,1692255439119,1693227703352,7,3,4
35487,1693227703352,1692255439123,1692255439126,1693227703360,8,3,5
35488,1693227703360,1692255439130,1692255439134,1693227703367,7,4,3
35489,1693227703367,1692255439138,1692255439140,1693227703374,7,2,5
35490,1693227703374,1692255439145,1692255439148,1693227703382,8,3,5
35491,1693227703382,1692255439153,1692255439155,1693227703389,7,2,5
35492,1693227703389,1692255439160,1692255439163,1693227703397,8,3,5
35493,1693227703397,1692255439168,1692255439171,1693227703404,7,3,4
35494,1693227703404,1692255439175,1692255439179,1693227703412,8,4,4
35495,1693227703412,1692255439183,1692255439187,1693227703420,8,4,4
35496,1693227703420,1692255439191,1692255439197,1693227703431,11,6,5
35497,1693227703431,1692255439202,1692255439205,1693227703439,8,3,5
35498,1693227703439,1692255439211,1692255439214,1693227703447,8,3,5
35499,1693227703447,1692255439218,1692255439220,1693227703454,7,2,5
35500,1693227703454,1692255439225,1692255439228,1693227703462,8,3,5
35501,1693227703462,1692255439233,1692255439236,1693227703469,7,3,4
35502,1693227703469,1692255439240,1692255439244,1693227703477,8,4,4
35503,1693227703477,1692255439248,1692255439251,1693227703485,8,3,5
35504,1693227703485,1692255439255,1692255439259,1693227703492,7,4,3
35505,1693227703492,1692255439263,1692255439267,1693227703500,8,4,4
35506,1693227703500,1692255439271,1692255439274,1693227703507,7,3,4
35507,1693227703507,1692255439278,1692255439282,1693227703515,8,4,4
35508,1693227703515,1692255439286,1692255439289,1693227703523,8,3,5
35509,1693227703523,1692255439293,1692255439296,1693227703530,7,3,4
35510,1693227703530,1692255439301,1692255439304,1693227703538,8,3,5
35511,1693227703538,1692255439308,1692255439312,1693227703546,8,4,4
35512,1693227703546,1692255439317,1692255439320,1693227703554,8,3,5
35513,1693227703554,1692255439324,1692255439328,1693227703561,7,4,3
35514,1693227703561,1692255439332,1692255439335,1693227703568,7,3,4
35515,1693227703568,1692255439339,1692255439343,1693227703577,9,4,5
35516,1693227703577,1692255439348,1692255439352,1693227703585,8,4,4
35517,1693227703585,1692255439356,1692255439359,1693227703593,8,3,5
35518,1693227703593,1692255439364,1692255439366,1693227703600,7,2,5
35519,1693227703600,1692255439371,1692255439374,1693227703608,8,3,5
35520,1693227703608,1692255439378,1692255439382,1693227703615,7,4,3
35521,1693227703615,1692255439385,1692255439388,1693227703622,7,3,4
35522,1693227703622,1692255439393,1692255439396,1693227703629,7,3,4
35523,1693227703629,1692255439400,1692255439405,1693227703639,10,5,5
35524,1693227703639,1692255439410,1692255439413,1693227703647,8,3,5
35525,1693227703647,1692255439417,1692255439421,1693227703655,8,4,4
35526,1693227703655,1692255439426,1692255439430,1693227703663,8,4,4
35527,1693227703663,1692255439434,1692255439437,1693227703671,8,3,5
35528,1693227703671,1692255439442,1692255439445,1693227703679,8,3,5
35529,1693227703679,1692255439452,1692255439455,1693227703692,13,3,10
35530,1693227703692,1692255439463,1692255439466,1693227703699,7,3,4
35531,1693227703699,1692255439472,1692255439475,1693227703708,9,3,6
35532,1693227703708,1692255439479,1692255439483,1693227703717,9,4,5
35533,1693227703717,1692255439488,1692255439491,1693227703725,8,3,5
35534,1693227703725,1692255439496,1692255439499,1693227703732,7,3,4
35535,1693227703732,1692255439503,1692255439506,1693227703739,7,3,4
35536,1693227703739,1692255439510,1692255439514,1693227703747,8,4,4
35537,1693227703747,1692255439518,1692255439520,1693227703754,7,2,5
35538,1693227703754,1692255439525,1692255439528,1693227703762,8,3,5
35539,1693227703762,1692255439533,1692255439536,1693227703770,8,3,5
35540,1693227703770,1692255439540,1692255439544,1693227703777,7,4,3
35541,1693227703777,1692255439548,1692255439552,1693227703785,8,4,4
35542,1693227703785,1692255439556,1692255439559,1693227703792,7,3,4
35543,1693227703792,1692255439563,1692255439567,1693227703800,8,4,4
35544,1693227703800,1692255439574,1692255439578,1693227703811,11,4,7
35545,1693227703811,1692255439582,1692255439585,1693227703819,8,3,5
35546,1693227703819,1692255439589,1692255439592,1693227703826,7,3,4
35547,1693227703826,1692255439597,1692255439600,1693227703833,7,3,4
35548,1693227703833,1692255439604,1692255439607,1693227703840,7,3,4
35549,1693227703840,1692255439610,1692255439614,1693227703847,7,4,3
35550,1693227703847,1692255439618,1692255439620,1693227703853,6,2,4
35551,1693227703853,1692255439624,1692255439627,1693227703861,8,3,5
35552,1693227703861,1692255439632,1692255439634,1693227703868,7,2,5
35553,1693227703868,1692255439638,1692255439641,1693227703875,7,3,4
35554,1693227703875,1692255439646,1692255439649,1693227703883,8,3,5
35555,1693227703883,1692255439654,1692255439657,1693227703891,8,3,5
35556,1693227703891,1692255439662,1692255439665,1693227703899,8,3,5
35557,1693227703899,1692255439669,1692255439673,1693227703908,9,4,5
35558,1693227703908,1692255439679,1692255439682,1693227703915,7,3,4
35559,1693227703915,1692255439686,1692255439689,1693227703922,7,3,4
35560,1693227703922,1692255439693,1692255439696,1693227703930,8,3,5
35561,1693227703930,1692255439701,1692255439704,1693227703937,7,3,4
35562,1693227703937,1692255439707,1692255439710,1693227703944,7,3,4
35563,1693227703944,1692255439715,1692255439719,1693227703953,9,4,5
35564,1693227703953,1692255439724,1692255439727,1693227703961,8,3,5
35565,1693227703961,1692255439731,1692255439735,1693227703968,7,4,3
35566,1693227703968,1692255439739,1692255439742,1693227703976,8,3,5
35567,1693227703976,1692255439746,1692255439748,1693227703982,6,2,4
35568,1693227703982,1692255439752,1692255439756,1693227703989,7,4,3
35569,1693227703989,1692255439760,1692255439765,1693227703999,10,5,5
35570,1693227703999,1692255439771,1692255439774,1693227704010,11,3,8
35571,1693227704010,1692255439781,1692255439784,1693227704017,7,3,4
35572,1693227704017,1692255439788,1692255439791,1693227704025,8,3,5
35573,1693227704025,1692255439805,1692255439809,1693227704043,18,4,14
35574,1693227704043,1692255439814,1692255439817,1693227704050,7,3,4
35575,1693227704050,1692255439827,1692255439830,1693227704064,14,3,11
35576,1693227704064,1692255439835,1692255439838,1693227704072,8,3,5
35577,1693227704072,1692255439843,1692255439846,1693227704080,8,3,5
35578,1693227704080,1692255439851,1692255439854,1693227704088,8,3,5
35579,1693227704088,1692255439859,1692255439862,1693227704096,8,3,5
35580,1693227704096,1692255439867,1692255439870,1693227704103,7,3,4
35581,1693227704103,1692255439874,1692255439877,1693227704113,10,3,7
35582,1693227704113,1692255439884,1692255439887,1693227704121,8,3,5
35583,1693227704121,1692255439892,1692255439895,1693227704129,8,3,5
35584,1693227704129,1692255439899,1692255439902,1693227704136,7,3,4
35585,1693227704136,1692255439907,1692255439910,1693227704143,7,3,4
35586,1693227704143,1692255439914,1692255439918,1693227704151,8,4,4
35587,1693227704151,1692255439922,1692255439924,1693227704158,7,2,5
35588,1693227704158,1692255439929,1692255439932,1693227704166,8,3,5
35589,1693227704166,1692255439937,1692255439940,1693227704173,7,3,4
35590,1693227704173,1692255439944,1692255439947,1693227704180,7,3,4
35591,1693227704181,1692255439951,1692255439955,1693227704188,7,4,3
35592,1693227704188,1692255439959,1692255439963,1693227704197,9,4,5
35593,1693227704197,1692255439968,1692255439971,1693227704205,8,3,5
35594,1693227704205,1692255439975,1692255439979,1693227704216,11,4,7
35595,1693227704216,1692255439987,1692255439991,1693227704224,8,4,4
35596,1693227704224,1692255439994,1692255439999,1693227704232,8,5,3
35597,1693227704232,1692255440003,1692255440006,1693227704240,8,3,5
35598,1693227704240,1692255440011,1692255440014,1693227704248,8,3,5
35599,1693227704248,1692255440019,1692255440022,1693227704256,8,3,5
35600,1693227704256,1692255440027,1692255440030,1693227704263,7,3,4
35601,1693227704263,1692255440034,1692255440037,1693227704270,7,3,4
35602,1693227704270,1692255440041,1692255440044,1693227704278,8,3,5
35603,1693227704278,1692255440048,1692255440052,1693227704286,8,4,4
35604,1693227704286,1692255440057,1692255440060,1693227704293,7,3,4
35605,1693227704294,1692255440064,1692255440069,1693227704302,8,5,3
35606,1693227704303,1692255440073,1692255440076,1693227704310,7,3,4
35607,1693227704310,1692255440081,1692255440084,1693227704318,8,3,5
35608,1693227704318,1692255440089,1692255440092,1693227704325,7,3,4
35609,1693227704325,1692255440096,1692255440100,1693227704333,8,4,4
35610,1693227704333,1692255440104,1692255440108,1693227704341,8,4,4
35611,1693227704341,1692255440113,1692255440117,1693227704350,9,4,5
35612,1693227704350,1692255440121,1692255440125,1693227704358,8,4,4
35613,1693227704358,1692255440129,1692255440133,1693227704366,8,4,4
35614,1693227704366,1692255440141,1692255440144,1693227704378,12,3,9
35615,1693227704378,1692255440149,1692255440152,1693227704386,8,3,5
35616,1693227704386,1692255440156,1692255440159,1693227704393,7,3,4
35617,1693227704393,1692255440164,1692255440167,1693227704400,7,3,4
35618,1693227704400,1692255440170,1692255440174,1693227704407,7,4,3
35619,1693227704407,1692255440178,1692255440180,1693227704414,7,2,5
35620,1693227704414,1692255440185,1692255440188,1693227704422,8,3,5
35621,1693227704422,1692255440193,1692255440196,1693227704429,7,3,4
35622,1693227704429,1692255440200,1692255440203,1693227704437,8,3,5
35623,1693227704437,1692255440208,1692255440212,1693227704445,8,4,4
35624,1693227704445,1692255440217,1692255440220,1693227704454,9,3,6
35625,1693227704454,1692255440225,1692255440228,1693227704462,8,3,5
35626,1693227704462,1692255440233,1692255440236,1693227704470,8,3,5
35627,1693227704470,1692255440240,1692255440243,1693227704477,7,3,4
35628,1693227704477,1692255440248,1692255440252,1693227704485,8,4,4
35629,1693227704485,1692255440256,1692255440260,1693227704494,9,4,5
35630,1693227704494,1692255440266,1692255440270,1693227704504,10,4,6
35631,1693227704504,1692255440275,1692255440278,1693227704512,8,3,5
35632,1693227704512,1692255440282,1692255440285,1693227704519,7,3,4
35633,1693227704519,1692255440291,1692255440295,1693227704529,10,4,6
35634,1693227704529,1692255440302,1692255440305,1693227704539,10,3,7
35635,1693227704539,1692255440310,1692255440314,1693227704548,9,4,5
35636,1693227704548,1692255440319,1692255440323,1693227704557,9,4,5
35637,1693227704557,1692255440328,1692255440331,1693227704565,8,3,5
35638,1693227704565,1692255440335,1692255440338,1693227704572,7,3,4
35639,1693227704572,1692255440343,1692255440346,1693227704580,8,3,5
35640,1693227704580,1692255440351,1692255440354,1693227704587,7,3,4
35641,1693227704587,1692255440358,1692255440362,1693227704595,8,4,4
35642,1693227704595,1692255440366,1692255440371,1693227704605,10,5,5
35643,1693227704605,1692255440376,1692255440380,1693227704613,8,4,4
35644,1693227704613,1692255440384,1692255440388,1693227704621,8,4,4
35645,1693227704621,1692255440394,1692255440398,1693227704631,10,4,6
35646,1693227704631,1692255440402,1692255440404,1693227704638,7,2,5
35647,1693227704638,1692255440409,1692255440412,1693227704646,8,3,5
35648,1693227704646,1692255440417,1692255440420,1693227704654,8,3,5
35649,1693227704654,1692255440425,1692255440428,1693227704662,8,3,5
35650,1693227704662,1692255440433,1692255440436,1693227704669,7,3,4
35651,1693227704669,1692255440440,1692255440444,1693227704677,8,4,4
35652,1693227704677,1692255440448,1692255440453,1693227704687,10,5,5
35653,1693227704687,1692255440457,1692255440460,1693227704693,6,3,3
35654,1693227704693,1692255440464,1692255440468,1693227704701,8,4,4
35655,1693227704701,1692255440472,1692255440476,1693227704709,8,4,4
35656,1693227704709,1692255440481,1692255440484,1693227704717,8,3,5
35657,1693227704717,1692255440488,1692255440491,1693227704727,10,3,7
35658,1693227704727,1692255440498,1692255440501,1693227704735,8,3,5
35659,1693227704735,1692255440506,1692255440510,1693227704743,8,4,4
35660,1693227704743,1692255440514,1692255440516,1693227704750,7,2,5
35661,1693227704750,1692255440521,1692255440524,1693227704757,7,3,4
35662,1693227704757,1692255440528,1692255440531,1693227704765,8,3,5
35663,1693227704765,1692255440535,1692255440538,1693227704772,7,3,4
35664,1693227704772,1692255440543,1692255440547,1693227704780,8,4,4
35665,1693227704780,1692255440551,1692255440554,1693227704788,8,3,5
35666,1693227704788,1692255440559,1692255440563,1693227704796,8,4,4
35667,1693227704796,1692255440567,1692255440570,1693227704804,8,3,5
35668,1693227704804,1692255440575,1692255440579,1693227704818,14,4,10
35669,1693227704818,1692255440589,1692255440592,1693227704826,8,3,5
35670,1693227704826,1692255440598,1692255440601,1693227704835,9,3,6
35671,1693227704835,1692255440606,1692255440608,1693227704842,7,2,5
35672,1693227704842,1692255440613,1692255440616,1693227704849,7,3,4
35673,1693227704849,1692255440620,1692255440623,1693227704856,7,3,4
35674,1693227704857,1692255440627,1692255440631,1693227704864,7,4,3
35675,1693227704864,1692255440636,1692255440639,1693227704872,8,3,5
35676,1693227704872,1692255440643,1692255440646,1693227704880,8,3,5
35677,1693227704880,1692255440650,1692255440653,1693227704886,6,3,3
35678,1693227704887,1692255440657,1692255440662,1693227704895,8,5,3
35679,1693227704895,1692255440667,1692255440670,1693227704904,9,3,6
35680,1693227704904,1692255440675,1692255440678,1693227704912,8,3,5
35681,1693227704912,1692255440683,1692255440686,1693227704919,7,3,4
35682,1693227704920,1692255440690,1692255440693,1693227704926,6,3,3
35683,1693227704926,1692255440697,1692255440700,1693227704934,8,3,5
35684,1693227704934,1692255440705,1692255440708,1693227704942,8,3,5
35685,1693227704942,1692255440713,1692255440716,1693227704950,8,3,5
35686,1693227704950,1692255440721,1692255440724,1693227704959,9,3,6
35687,1693227704959,1692255440729,1692255440732,1693227704966,7,3,4
35688,1693227704966,1692255440736,1692255440739,1693227704973,7,3,4
35689,1693227704973,1692255440744,1692255440747,1693227704981,8,3,5
35690,1693227704981,1692255440752,1692255440755,1693227704989,8,3,5
35691,1693227704989,1692255440760,1692255440763,1693227704997,8,3,5
35692,1693227704997,1692255440767,1692255440770,1693227705004,7,3,4
35693,1693227705004,1692255440775,1692255440778,1693227705012,8,3,5
35694,1693227705012,1692255440783,1692255440787,1693227705020,8,4,4
35695,1693227705020,1692255440791,1692255440794,1693227705028,8,3,5
35696,1693227705028,1692255440799,1692255440803,1693227705036,8,4,4
35697,1693227705036,1692255440807,1692255440811,1693227705044,8,4,4
35698,1693227705044,1692255440815,1692255440817,1693227705051,7,2,5
35699,1693227705051,1692255440822,1692255440825,1693227705059,8,3,5
35700,1693227705060,1692255440830,1692255440834,1693227705068,8,4,4
35701,1693227705068,1692255440839,1692255440841,1693227705075,7,2,5
35702,1693227705075,1692255440847,1692255440850,1693227705083,8,3,5
35703,1693227705083,1692255440854,1692255440857,1693227705090,7,3,4
35704,1693227705090,1692255440861,1692255440864,1693227705097,7,3,4
35705,1693227705097,1692255440868,1692255440871,1693227705105,8,3,5
35706,1693227705105,1692255440876,1692255440878,1693227705112,7,2,5
35707,1693227705112,1692255440884,1692255440888,1693227705121,9,4,5
35708,1693227705121,1692255440892,1692255440896,1693227705130,9,4,5
35709,1693227705130,1692255440901,1692255440904,1693227705138,8,3,5
35710,1693227705138,1692255440908,1692255440912,1693227705146,8,4,4
35711,1693227705146,1692255440917,1692255440920,1693227705154,8,3,5
35712,1693227705154,1692255440924,1692255440927,1693227705161,7,3,4
35713,1693227705161,1692255440932,1692255440936,1693227705169,8,4,4
35714,1693227705169,1692255440941,1692255440944,1693227705177,8,3,5
35715,1693227705177,1692255440948,1692255440952,1693227705185,8,4,4
35716,1693227705185,1692255440956,1692255440959,1693227705192,7,3,4
35717,1693227705192,1692255440963,1692255440965,1693227705199,7,2,5
35718,1693227705199,1692255440969,1692255440972,1693227705205,6,3,3
35719,1693227705205,1692255440976,1692255440979,1693227705213,8,3,5
35720,1693227705213,1692255440984,1692255440987,1693227705221,8,3,5
35721,1693227705221,1692255440991,1692255440995,1693227705229,8,4,4
35722,1693227705229,1692255441000,1692255441002,1693227705236,7,2,5
35723,1693227705236,1692255441010,1692255441013,1693227705246,10,3,7
35724,1693227705246,1692255441017,1692255441020,1693227705254,8,3,5
35725,1693227705254,1692255441025,1692255441028,1693227705261,7,3,4
35726,1693227705261,1692255441032,1692255441034,1693227705268,7,2,5
35727,1693227705268,1692255441038,1692255441042,1693227705275,7,4,3
35728,1693227705275,1692255441046,1692255441049,1693227705283,8,3,5
35729,1693227705283,1692255441054,1692255441057,1693227705290,7,3,4
35730,1693227705290,1692255441061,1692255441064,1693227705297,7,3,4
35731,1693227705297,1692255441068,1692255441070,1693227705303,6,2,4
35732,1693227705303,1692255441074,1692255441077,1693227705310,7,3,4
35733,1693227705310,1692255441082,1692255441086,1693227705319,9,4,5
35734,1693227705319,1692255441090,1692255441093,1693227705327,8,3,5
35735,1693227705327,1692255441097,1692255441100,1693227705333,6,3,3
35736,1693227705333,1692255441113,1692255441115,1693227705349,16,2,14
35737,1693227705349,1692255441121,1692255441124,1693227705357,8,3,5
35738,1693227705357,1692255441128,1692255441132,1693227705365,8,4,4
35739,1693227705365,1692255441137,1692255441140,1693227705374,9,3,6
35740,1693227705374,1692255441145,1692255441148,1693227705381,7,3,4
35741,1693227705381,1692255441152,1692255441156,1693227705389,8,4,4
35742,1693227705389,1692255441159,1692255441163,1693227705397,8,4,4
35743,1693227705397,1692255441169,1692255441173,1693227705406,9,4,5
35744,1693227705406,1692255441176,1692255441180,1693227705414,8,4,4
35745,1693227705414,1692255441185,1692255441189,1693227705424,10,4,6
35746,1693227705424,1692255441195,1692255441198,1693227705431,7,3,4
35747,1693227705431,1692255441202,1692255441205,1693227705439,8,3,5
35748,1693227705439,1692255441210,1692255441213,1693227705447,8,3,5
35749,1693227705447,1692255441217,1692255441220,1693227705454,7,3,4
35750,1693227705454,1692255441225,1692255441228,1693227705462,8,3,5
35751,1693227705462,1692255441233,1692255441236,1693227705470,8,3,5
35752,1693227705470,1692255441241,1692255441246,1693227705480,10,5,5
35753,1693227705480,1692255441251,1692255441253,1693227705487,7,2,5
35754,1693227705487,1692255441265,1692255441269,1693227705502,15,4,11
35755,1693227705502,1692255441273,1692255441276,1693227705510,8,3,5
35756,1693227705510,1692255441281,1692255441284,1693227705518,8,3,5
35757,1693227705518,1692255441289,1692255441292,1693227705526,8,3,5
35758,1693227705526,1692255441297,1692255441300,1693227705533,7,3,4
35759,1693227705533,1692255441304,1692255441307,1693227705540,7,3,4
35760,1693227705540,1692255441311,1692255441314,1693227705548,8,3,5
35761,1693227705548,1692255441318,1692255441321,1693227705555,7,3,4
35762,1693227705555,1692255441326,1692255441330,1693227705563,8,4,4
35763,1693227705563,1692255441334,1692255441337,1693227705571,8,3,5
35764,1693227705571,1692255441342,1692255441346,1693227705579,8,4,4
35765,1693227705579,1692255441350,1692255441353,1693227705586,7,3,4
35766,1693227705586,1692255441357,1692255441360,1693227705594,8,3,5
35767,1693227705594,1692255441365,1692255441369,1693227705602,8,4,4
35768,1693227705602,1692255441373,1692255441376,1693227705610,8,3,5
35769,1693227705610,1692255441381,1692255441384,1693227705617,7,3,4
35770,1693227705617,1692255441388,1692255441390,1693227705624,7,2,5
35771,1693227705624,1692255441395,1692255441399,1693227705632,8,4,4
35772,1693227705632,1692255441403,1692255441406,1693227705640,8,3,5
35773,1693227705640,1692255441411,1692255441414,1693227705648,8,3,5
35774,1693227705649,1692255441419,1692255441424,1693227705657,8,5,3
35775,1693227705657,1692255441428,1692255441431,1693227705664,7,3,4
35776,1693227705664,1692255441435,1692255441438,1693227705671,7,3,4
35777,1693227705671,1692255441442,1692255441446,1693227705679,8,4,4
35778,1693227705680,1692255441451,1692255441454,1693227705688,8,3,5
35779,1693227705688,1692255441459,1692255441463,1693227705696,8,4,4
35780,1693227705696,1692255441467,1692255441470,1693227705704,8,3,5
35781,1693227705704,1692255441475,1692255441478,1693227705712,8,3,5
35782,1693227705712,1692255441483,1692255441486,1693227705720,8,3,5
35783,1693227705720,1692255441490,1692255441493,1693227705727,7,3,4
35784,1693227705727,1692255441498,1692255441501,1693227705734,7,3,4
35785,1693227705734,1692255441506,1692255441509,1693227705743,9,3,6
35786,1693227705743,1692255441514,1692255441517,1693227705751,8,3,5
35787,1693227705751,1692255441522,1692255441525,1693227705758,7,3,4
35788,1693227705758,1692255441529,1692255441532,1693227705766,8,3,5
35789,1693227705766,1692255441537,1692255441541,1693227705775,9,4,5
35790,1693227705775,1692255441546,1692255441549,1693227705782,7,3,4
35791,1693227705782,1692255441553,1692255441556,1693227705790,8,3,5
35792,1693227705790,1692255441561,1692255441563,1693227705797,7,2,5
35793,1693227705797,1692255441568,1692255441571,1693227705805,8,3,5
35794,1693227705805,1692255441576,1692255441579,1693227705812,7,3,4
35795,1693227705812,1692255441583,1692255441587,1693227705823,11,4,7
35796,1693227705823,1692255441594,1692255441597,1693227705831,8,3,5
35797,1693227705831,1692255441601,1692255441604,1693227705838,7,3,4
35798,1693227705838,1692255441609,1692255441613,1693227705846,8,4,4
35799,1693227705846,1692255441616,1692255441619,1693227705853,7,3,4
35800,1693227705853,1692255441624,1692255441628,1693227705861,8,4,4
35801,1693227705861,1692255441632,1692255441635,1693227705868,7,3,4
35802,1693227705868,1692255441639,1692255441643,1693227705876,8,4,4
35803,1693227705876,1692255441648,1692255441651,1693227705884,8,3,5
35804,1693227705884,1692255441655,1692255441658,1693227705892,8,3,5
35805,1693227705892,1692255441663,1692255441666,1693227705899,7,3,4
35806,1693227705899,1692255441670,1692255441673,1693227705906,7,3,4
35807,1693227705906,1692255441677,1692255441680,1693227705914,8,3,5
35808,1693227705914,1692255441685,1692255441688,1693227705922,8,3,5
35809,1693227705922,1692255441693,1692255441696,1693227705930,8,3,5
35810,1693227705930,1692255441701,1692255441703,1693227705937,7,2,5
35811,1693227705937,1692255441708,1692255441711,1693227705945,8,3,5
35812,1693227705945,1692255441715,1692255441719,1693227705952,7,4,3
35813,1693227705952,1692255441725,1692255441729,1693227705962,10,4,6
35814,1693227705962,1692255441733,1692255441736,1693227705970,8,3,5
35815,1693227705970,1692255441741,1692255441744,1693227705977,7,3,4
35816,1693227705977,1692255441748,1692255441751,1693227705985,8,3,5
35817,1693227705985,1692255441755,1692255441758,1693227705991,6,3,3
35818,1693227705991,1692255441762,1692255441765,1693227705999,8,3,5
35819,1693227705999,1692255441770,1692255441773,1693227706006,7,3,4
35820,1693227706006,1692255441777,1692255441780,1693227706013,7,3,4
35821,1693227706013,1692255441784,1692255441788,1693227706022,9,4,5
35822,1693227706022,1692255441792,1692255441795,1693227706029,7,3,4
35823,1693227706029,1692255441799,1692255441803,1693227706037,8,4,4
35824,1693227706037,1692255441808,1692255441811,1693227706045,8,3,5
35825,1693227706045,1692255441816,1692255441820,1693227706053,8,4,4
35826,1693227706053,1692255441827,1692255441832,1693227706065,12,5,7
35827,1693227706065,1692255441836,1692255441839,1693227706073,8,3,5
35828,1693227706073,1692255441843,1692255441848,1693227706081,8,5,3
35829,1693227706081,1692255441852,1692255441856,1693227706089,8,4,4
35830,1693227706089,1692255441860,1692255441863,1693227706097,8,3,5
35831,1693227706097,1692255441868,1692255441872,1693227706105,8,4,4
35832,1693227706105,1692255441875,1692255441879,1693227706112,7,4,3
35833,1693227706112,1692255441883,1692255441885,1693227706119,7,2,5
35834,1693227706119,1692255441890,1692255441893,1693227706127,8,3,5
35835,1693227706127,1692255441898,1692255441901,1693227706135,8,3,5
35836,1693227706135,1692255441906,1692255441910,1693227706143,8,4,4
35837,1693227706143,1692255441914,1692255441918,1693227706151,8,4,4
35838,1693227706151,1692255441922,1692255441925,1693227706161,10,3,7
35839,1693227706161,1692255441931,1692255441935,1693227706168,7,4,3
35840,1693227706168,1692255441939,1692255441942,1693227706175,7,3,4
35841,1693227706175,1692255441946,1692255441949,1693227706183,8,3,5
35842,1693227706183,1692255441954,1692255441957,1693227706191,8,3,5
35843,1693227706191,1692255441961,1692255441965,1693227706198,7,4,3
35844,1693227706198,1692255441969,1692255441972,1693227706205,7,3,4
35845,1693227706205,1692255441976,1692255441979,1693227706212,7,3,4
35846,1693227706212,1692255441983,1692255441986,1693227706219,7,3,4
35847,1693227706219,1692255441990,1692255441994,1693227706227,8,4,4
35848,1693227706227,1692255441998,1692255442001,1693227706235,8,3,5
35849,1693227706235,1692255442006,1692255442009,1693227706243,8,3,5
35850,1693227706243,1692255442014,1692255442016,1693227706250,7,2,5
35851,1693227706250,1692255442022,1692255442025,1693227706258,8,3,5
35852,1693227706258,1692255442031,1692255442035,1693227706268,10,4,6
35853,1693227706268,1692255442039,1692255442043,1693227706276,8,4,4
35854,1693227706276,1692255442047,1692255442051,1693227706284,8,4,4
35855,1693227706284,1692255442055,1692255442059,1693227706292,8,4,4
35856,1693227706292,1692255442063,1692255442067,1693227706300,8,4,4
35857,1693227706300,1692255442071,1692255442075,1693227706308,8,4,4
35858,1693227706308,1692255442079,1692255442083,1693227706316,8,4,4
35859,1693227706492,1692255442263,1692255442268,1693227706501,9,5,4
35860,1693227706501,1692255442272,1692255442275,1693227706508,7,3,4
35861,1693227706508,1692255442280,1692255442284,1693227706517,9,4,5
35862,1693227706518,1692255442290,1692255442293,1693227706527,9,3,6
35863,1693227706527,1692255442300,1692255442308,1693227706541,14,8,6
35864,1693227706541,1692255442313,1692255442316,1693227706550,9,3,6
35865,1693227706550,1692255442321,1692255442325,1693227706559,9,4,5
35866,1693227706559,1692255442331,1692255442335,1693227706570,11,4,7
35867,1693227706570,1692255442341,1692255442345,1693227706579,9,4,5
35868,1693227706579,1692255442350,1692255442355,1693227706588,9,5,4
35869,1693227706588,1692255442360,1692255442366,1693227706600,12,6,6
35870,1693227706600,1692255442371,1692255442376,1693227706610,10,5,5
35871,1693227706610,1692255442382,1692255442388,1693227706622,12,6,6
35872,1693227706622,1692255442395,1692255442401,1693227706639,17,6,11
35873,1693227706639,1692255442411,1692255442417,1693227706651,12,6,6
35874,1693227706651,1692255442423,1692255442429,1693227706663,12,6,6
35875,1693227706663,1692255442435,1692255442440,1693227706674,11,5,6
35876,1693227706674,1692255442447,1692255442452,1693227706687,13,5,8
35877,1693227706687,1692255442459,1692255442464,1693227706699,12,5,7
35878,1693227706699,1692255442471,1692255442477,1693227706711,12,6,6
35879,1693227706711,1692255442484,1692255442489,1693227706723,12,5,7
35880,1693227706723,1692255442496,1692255442500,1693227706734,11,4,7
35881,1693227706734,1692255442506,1692255442512,1693227706746,12,6,6
35882,1693227706746,1692255442520,1692255442526,1693227706760,14,6,8
35883,1693227706760,1692255442532,1692255442537,1693227706771,11,5,6
35884,1693227706771,1692255442545,1692255442549,1693227706783,12,4,8
35885,1693227706783,1692255442554,1692255442558,1693227706792,9,4,5
35886,1693227706792,1692255442563,1692255442567,1693227706801,9,4,5
35887,1693227706801,1692255442572,1692255442576,1693227706810,9,4,5
35888,1693227706810,1692255442582,1692255442586,1693227706820,10,4,6
35889,1693227706820,1692255442591,1692255442596,1693227706830,10,5,5
35890,1693227706830,1692255442601,1692255442605,1693227706839,9,4,5
35891,1693227706839,1692255442611,1692255442615,1693227706848,9,4,5
35892,1693227706848,1692255442620,1692255442625,1693227706859,11,5,6
35893,1693227706859,1692255442631,1692255442635,1693227706869,10,4,6
35894,1693227706869,1692255442641,1692255442646,1693227706880,11,5,6
35895,1693227706880,1692255442652,1692255442657,1693227706891,11,5,6
35896,1693227706891,1692255442663,1692255442667,1693227706901,10,4,6
35897,1693227706901,1692255442674,1692255442678,1693227706912,11,4,7
35898,1693227706912,1692255442684,1692255442688,1693227706923,11,4,7
35899,1693227706923,1692255442695,1692255442700,1693227706934,11,5,6
35900,1693227706934,1692255442707,1692255442715,1693227706948,14,8,6
35901,1693227706948,1692255442720,1692255442725,1693227706959,11,5,6
35902,1693227706959,1692255442732,1692255442736,1693227706969,10,4,6
35903,1693227706969,1692255442741,1692255442746,1693227706980,11,5,6
35904,1693227706980,1692255442752,1692255442756,1693227706990,10,4,6
35905,1693227706990,1692255442761,1692255442765,1693227706999,9,4,5
35906,1693227706999,1692255442770,1692255442774,1693227707007,8,4,4
35907,1693227707008,1692255442779,1692255442783,1693227707017,9,4,5
35908,1693227707017,1692255442789,1692255442793,1693227707027,10,4,6
35909,1693227707027,1692255442798,1692255442802,1693227707036,9,4,5
35910,1693227707036,1692255442808,1692255442813,1693227707047,11,5,6
35911,1693227707047,1692255442819,1692255442823,1693227707057,10,4,6
35912,1693227707057,1692255442829,1692255442834,1693227707068,11,5,6
35913,1693227707068,1692255442840,1692255442846,1693227707082,14,6,8
35914,1693227707082,1692255442854,1692255442859,1693227707093,11,5,6
35915,1693227707093,1692255442865,1692255442870,1693227707105,12,5,7
35916,1693227707105,1692255442877,1692255442882,1693227707115,10,5,5
35917,1693227707115,1692255442887,1692255442892,1693227707126,11,5,6
35918,1693227707126,1692255442899,1692255442903,1693227707137,11,4,7
35919,1693227707137,1692255442908,1692255442913,1693227707146,9,5,4
35920,1693227707147,1692255442919,1692255442923,1693227707157,10,4,6
35921,1693227707157,1692255442928,1692255442933,1693227707167,10,5,5
35922,1693227707167,1692255442939,1692255442944,1693227707178,11,5,6
35923,1693227707178,1692255442950,1692255442954,1693227707188,10,4,6
35924,1693227707188,1692255442959,1692255442965,1693227707198,10,6,4
35925,1693227707198,1692255442970,1692255442976,1693227707210,12,6,6
35926,1693227707210,1692255442983,1692255442987,1693227707221,11,4,7
35927,1693227707221,1692255442994,1692255442998,1693227707231,10,4,6
35928,1693227707231,1692255443003,1692255443007,1693227707241,10,4,6
35929,1693227707241,1692255443013,1692255443017,1693227707251,10,4,6
35930,1693227707251,1692255443022,1692255443026,1693227707259,8,4,4
35931,1693227707259,1692255443031,1692255443036,1693227707269,10,5,5
35932,1693227707269,1692255443041,1692255443046,1693227707279,10,5,5
35933,1693227707279,1692255443051,1692255443056,1693227707290,11,5,6
35934,1693227707290,1692255443062,1692255443067,1693227707301,11,5,6
35935,1693227707301,1692255443073,1692255443078,1693227707313,12,5,7
35936,1693227707313,1692255443085,1692255443094,1693227707328,15,9,6
35937,1693227707328,1692255443101,1692255443106,1693227707340,12,5,7
35938,1693227707340,1692255443111,1692255443118,1693227707352,12,7,5
35939,1693227707352,1692255443123,1692255443128,1693227707362,10,5,5
35940,1693227707362,1692255443134,1692255443138,1693227707371,9,4,5
35941,1693227707371,1692255443143,1692255443147,1693227707380,9,4,5
35942,1693227707380,1692255443152,1692255443156,1693227707390,10,4,6
35943,1693227707390,1692255443162,1692255443166,1693227707400,10,4,6
35944,1693227707400,1692255443172,1692255443175,1693227707409,9,3,6
35945,1693227707409,1692255443180,1692255443185,1693227707419,10,5,5
35946,1693227707419,1692255443191,1692255443195,1693227707429,10,4,6
35947,1693227707429,1692255443201,1692255443205,1693227707439,10,4,6
35948,1693227707439,1692255443211,1692255443215,1693227707449,10,4,6
35949,1693227707449,1692255443227,1692255443232,1693227707467,18,5,13
35950,1693227707467,1692255443239,1692255443244,1693227707478,11,5,6
35951,1693227707478,1692255443250,1692255443254,1693227707487,9,4,5
35952,1693227707488,1692255443262,1692255443266,1693227707499,11,4,7
35953,1693227707499,1692255443271,1692255443276,1693227707511,12,5,7
35954,1693227707511,1692255443283,1692255443289,1693227707523,12,6,6
35955,1693227707523,1692255443295,1692255443299,1693227707533,10,4,6
35956,1693227707533,1692255443304,1692255443309,1693227707542,9,5,4
35957,1693227707542,1692255443314,1692255443318,1693227707551,9,4,5
35958,1693227707551,1692255443322,1692255443327,1693227707560,9,5,4
35959,1693227707561,1692255443333,1692255443337,1693227707571,10,4,6
35960,1693227707571,1692255443348,1692255443352,1693227707586,15,4,11
35961,1693227707586,1692255443358,1692255443362,1693227707596,10,4,6
35962,1693227707596,1692255443368,1692255443372,1693227707606,10,4,6
35963,1693227707606,1692255443378,1692255443382,1693227707615,9,4,5
35964,1693227707615,1692255443388,1692255443392,1693227707625,10,4,6
35965,1693227707625,1692255443397,1692255443401,1693227707634,9,4,5
35966,1693227707634,1692255443406,1692255443410,1693227707644,10,4,6
35967,1693227707644,1692255443416,1692255443420,1693227707654,10,4,6
35968,1693227707654,1692255443426,1692255443430,1693227707664,10,4,6
35969,1693227707664,1692255443435,1692255443439,1693227707673,9,4,5
35970,1693227707673,1692255443445,1692255443449,1693227707688,15,4,11
35971,1693227707688,1692255443460,1692255443465,1693227707699,11,5,6
35972,1693227707699,1692255443471,1692255443479,1693227707713,14,8,6
35973,1693227707713,1692255443485,1692255443489,1693227707723,10,4,6
35974,1693227707723,1692255443495,1692255443499,1693227707732,9,4,5
35975,1693227707732,1692255443504,1692255443508,1693227707748,16,4,12
35976,1693227707748,1692255443524,1692255443528,1693227707761,13,4,9
35977,1693227707761,1692255443533,1692255443538,1693227707771,10,5,5
35978,1693227707771,1692255443542,1692255443546,1693227707780,9,4,5
35979,1693227707780,1692255443552,1692255443556,1693227707789,9,4,5
35980,1693227707789,1692255443561,1692255443565,1693227707799,10,4,6
35981,1693227707799,1692255443571,1692255443575,1693227707808,9,4,5
35982,1693227707808,1692255443580,1692255443584,1693227707818,10,4,6
35983,1693227707818,1692255443589,1692255443593,1693227707826,8,4,4
35984,1693227707827,1692255443598,1692255443602,1693227707836,9,4,5
35985,1693227707836,1692255443609,1692255443613,1693227707847,11,4,7
35986,1693227707847,1692255443619,1692255443623,1693227707857,10,4,6
35987,1693227707857,1692255443629,1692255443634,1693227707868,11,5,6
35988,1693227707868,1692255443641,1692255443645,1693227707879,11,4,7
35989,1693227707879,1692255443651,1692255443656,1693227707890,11,5,6
35990,1693227707890,1692255443662,1692255443667,1693227707901,11,5,6
35991,1693227707901,1692255443674,1692255443678,1693227707912,11,4,7
35992,1693227707912,1692255443684,1692255443688,1693227707923,11,4,7
35993,1693227707923,1692255443695,1692255443699,1693227707933,10,4,6
35994,1693227707933,1692255443706,1692255443710,1693227707944,11,4,7
35995,1693227707944,1692255443716,1692255443721,1693227707955,11,5,6
35996,1693227707955,1692255443727,1692255443731,1693227707964,9,4,5
35997,1693227707964,1692255443744,1692255443749,1693227707983,19,5,14
35998,1693227707983,1692255443756,1692255443760,1693227707994,11,4,7
35999,1693227707994,1692255443766,1692255443770,1693227708003,9,4,5
36000,1693227708003,1692255443775,1692255443779,1693227708013,10,4,6
36001,1693227708013,1692255443785,1692255443788,1693227708022,9,3,6
36002,1693227708022,1692255443794,1692255443799,1693227708032,10,5,5
36003,1693227708032,1692255443805,1692255443810,1693227708043,11,5,6
36004,1693227708043,1692255443815,1692255443820,1693227708054,11,5,6
36005,1693227708054,1692255443826,1692255443831,1693227708065,11,5,6
36006,1693227708065,1692255443837,1692255443841,1693227708074,9,4,5
36007,1693227708074,1692255443847,1692255443851,1693227708085,11,4,7
36008,1693227708085,1692255443857,1692255443862,1693227708096,11,5,6
36009,1693227708096,1692255443868,1692255443876,1693227708109,13,8,5
36010,1693227708110,1692255443882,1692255443888,1693227708122,12,6,6
36011,1693227708122,1692255443894,1692255443899,1693227708133,11,5,6
36012,1693227708133,1692255443906,1692255443911,1693227708145,12,5,7
36013,1693227708145,1692255443916,1692255443921,1693227708155,10,5,5
36014,1693227708155,1692255443927,1692255443931,1693227708164,9,4,5
36015,1693227708164,1692255443936,1692255443940,1693227708173,9,4,5
36016,1693227708173,1692255443945,1692255443949,1693227708183,10,4,6
36017,1693227708183,1692255443957,1692255443961,1693227708195,12,4,8
36018,1693227708195,1692255443966,1692255443970,1693227708204,9,4,5
36019,1693227708204,1692255443978,1692255443982,1693227708216,12,4,8
36020,1693227708216,1692255443988,1692255443994,1693227708228,12,6,6
36021,1693227708228,1692255444001,1692255444006,1693227708240,12,5,7
36022,1693227708240,1692255444012,1692255444017,1693227708250,10,5,5
36023,1693227708250,1692255444023,1692255444029,1693227708263,13,6,7
36024,1693227708263,1692255444035,1692255444040,1693227708274,11,5,6
36025,1693227708274,1692255444049,1692255444054,1693227708288,14,5,9
36026,1693227708288,1692255444061,1692255444066,1693227708300,12,5,7
36027,1693227708300,1692255444072,1692255444076,1693227708312,12,4,8
36028,1693227708312,1692255444084,1692255444089,1693227708323,11,5,6
36029,1693227708323,1692255444096,1692255444100,1693227708334,11,4,7
36030,1693227708334,1692255444107,1692255444112,1693227708346,12,5,7
36031,1693227708346,1692255444118,1692255444123,1693227708356,10,5,5
36032,1693227708356,1692255444128,1692255444132,1693227708366,10,4,6
36033,1693227708366,1692255444138,1692255444141,1693227708375,9,3,6
36034,1693227708375,1692255444147,1692255444151,1693227708384,9,4,5
36035,1693227708384,1692255444156,1692255444160,1693227708394,10,4,6
36036,1693227708394,1692255444166,1692255444170,1693227708404,10,4,6
36037,1693227708404,1692255444176,1692255444181,1693227708414,10,5,5
36038,1693227708414,1692255444186,1692255444190,1693227708424,10,4,6
36039,1693227708424,1692255444196,1692255444200,1693227708434,10,4,6
36040,1693227708434,1692255444206,1692255444210,1693227708444,10,4,6
36041,1693227708444,1692255444216,1692255444221,1693227708455,11,5,6
36042,1693227708455,1692255444227,1692255444232,1693227708466,11,5,6
36043,1693227708466,1692255444238,1692255444242,1693227708476,10,4,6
36044,1693227708476,1692255444249,1692255444254,1693227708488,12,5,7
36045,1693227708488,1692255444261,1692255444266,1693227708499,11,5,6
36046,1693227708499,1692255444272,1692255444279,1693227708515,16,7,9
36047,1693227708515,1692255444288,1692255444296,1693227708530,15,8,7
36048,1693227708530,1692255444302,1692255444306,1693227708541,11,4,7
36049,1693227708541,1692255444313,1692255444319,1693227708553,12,6,6
36050,1693227708553,1692255444324,1692255444329,1693227708563,10,5,5
36051,1693227708563,1692255444336,1692255444341,1693227708575,12,5,7
36052,1693227708575,1692255444347,1692255444351,1693227708585,10,4,6
36053,1693227708585,1692255444358,1692255444362,1693227708595,10,4,6
36054,1693227708595,1692255444367,1692255444371,1693227708605,10,4,6
36055,1693227708605,1692255444377,1692255444381,1693227708615,10,4,6
36056,1693227708615,1692255444388,1692255444391,1693227708625,10,3,7
36057,1693227708625,1692255444397,1692255444401,1693227708635,10,4,6
36058,1693227708635,1692255444406,1692255444410,1693227708644,9,4,5
36059,1693227708644,1692255444416,1692255444421,1693227708655,11,5,6
36060,1693227708655,1692255444428,1692255444433,1693227708667,12,5,7
36061,1693227708667,1692255444439,1692255444444,1693227708678,11,5,6
36062,1693227708678,1692255444450,1692255444455,1693227708688,10,5,5
36063,1693227708689,1692255444461,1692255444466,1693227708699,10,5,5
36064,1693227708699,1692255444471,1692255444476,1693227708710,11,5,6
36065,1693227708710,1692255444487,1692255444492,1693227708726,16,5,11
36066,1693227708726,1692255444498,1692255444503,1693227708737,11,5,6
36067,1693227708737,1692255444509,1692255444514,1693227708748,11,5,6
36068,1693227708748,1692255444520,1692255444525,1693227708759,11,5,6
36069,1693227708759,1692255444532,1692255444536,1693227708770,11,4,7
36070,1693227708770,1692255444542,1692255444546,1693227708782,12,4,8
36071,1693227708782,1692255444554,1692255444558,1693227708793,11,4,7
36072,1693227708794,1692255444565,1692255444569,1693227708803,9,4,5
36073,1693227708803,1692255444574,1692255444579,1693227708815,12,5,7
36074,1693227708815,1692255444588,1692255444592,1693227708825,10,4,6
36075,1693227708825,1692255444597,1692255444601,1693227708834,9,4,5
36076,1693227708834,1692255444611,1692255444614,1693227708848,14,3,11
36077,1693227708848,1692255444620,1692255444624,1693227708858,10,4,6
36078,1693227708858,1692255444630,1692255444634,1693227708868,10,4,6
36079,1693227708868,1692255444641,1692255444646,1693227708880,12,5,7
36080,1693227708880,1692255444652,1692255444657,1693227708891,11,5,6
36081,1693227708891,1692255444663,1692255444667,1693227708901,10,4,6
36082,1693227708901,1692255444674,1692255444679,1693227708912,11,5,6
36083,1693227708912,1692255444684,1692255444692,1693227708926,14,8,6
36084,1693227708926,1692255444698,1692255444703,1693227708936,10,5,5
36085,1693227708936,1692255444709,1692255444713,1693227708947,11,4,7
36086,1693227708947,1692255444720,1692255444725,1693227708959,12,5,7
36087,1693227708959,1692255444732,1692255444737,1693227708971,12,5,7
36088,1693227708971,1692255444743,1692255444748,1693227708982,11,5,6
36089,1693227708982,1692255444754,1692255444758,1693227708992,10,4,6
36090,1693227708992,1692255444768,1692255444773,1693227709007,15,5,10
36091,1693227709007,1692255444779,1692255444784,1693227709018,11,5,6
36092,1693227709018,1692255444790,1692255444796,1693227709029,11,6,5
36093,1693227709029,1692255444801,1692255444806,1693227709039,10,5,5
36094,1693227709039,1692255444811,1692255444816,1693227709049,10,5,5
36095,1693227709049,1692255444822,1692255444826,1693227709059,10,4,6
36096,1693227709059,1692255444831,1692255444836,1693227709070,11,5,6
36097,1693227709070,1692255444842,1692255444846,1693227709080,10,4,6
36098,1693227709080,1692255444853,1692255444858,1693227709092,12,5,7
36099,1693227709092,1692255444864,1692255444870,1693227709103,11,6,5
36100,1693227709103,1692255444877,1692255444881,1693227709115,12,4,8
36101,1693227709115,1692255444887,1692255444892,1693227709126,11,5,6
36102,1693227709126,1692255444900,1692255444904,1693227709137,11,4,7
36103,1693227709137,1692255444910,1692255444914,1693227709148,11,4,7
36104,1693227709148,1692255444920,1692255444925,1693227709159,11,5,6
36105,1693227709159,1692255444932,1692255444937,1693227709171,12,5,7
36106,1693227709171,1692255444944,1692255444948,1693227709182,11,4,7
36107,1693227709182,1692255444955,1692255444959,1693227709193,11,4,7
36108,1693227709193,1692255444966,1692255444970,1693227709204,11,4,7
36109,1693227709204,1692255444977,1692255444982,1693227709215,11,5,6
36110,1693227709215,1692255444988,1692255444994,1693227709227,12,6,6
36111,1693227709227,1692255444999,1692255445004,1693227709238,11,5,6
36112,1693227709238,1692255445011,1692255445014,1693227709248,10,3,7
36113,1693227709248,1692255445020,1692255445025,1693227709259,11,5,6
36114,1693227709259,1692255445031,1692255445036,1693227709270,11,5,6
36115,1693227709270,1692255445047,1692255445052,1693227709285,15,5,10
36116,1693227709285,1692255445057,1692255445062,1693227709296,11,5,6
36117,1693227709296,1692255445068,1692255445072,1693227709306,10,4,6
36118,1693227709306,1692255445078,1692255445083,1693227709317,11,5,6
36119,1693227709317,1692255445090,1692255445094,1693227709327,10,4,6
36120,1693227709327,1692255445099,1692255445105,1693227709339,12,6,6
36121,1693227709339,1692255445110,1692255445114,1693227709348,9,4,5
36122,1693227709348,1692255445119,1692255445123,1693227709357,9,4,5
36123,1693227709357,1692255445129,1692255445134,1693227709367,10,5,5
36124,1693227709367,1692255445139,1692255445144,1693227709378,11,5,6
36125,1693227709378,1692255445150,1692255445154,1693227709387,9,4,5
36126,1693227709387,1692255445159,1692255445164,1693227709398,11,5,6
36127,1693227709398,1692255445170,1692255445175,1693227709409,11,5,6
36128,1693227709409,1692255445181,1692255445186,1693227709420,11,5,6
36129,1693227709420,1692255445193,1692255445198,1693227709431,11,5,6
36130,1693227709431,1692255445203,1692255445208,1693227709441,10,5,5
36131,1693227709441,1692255445214,1692255445219,1693227709453,12,5,7
36132,1693227709453,1692255445228,1692255445233,1693227709467,14,5,9
36133,1693227709467,1692255445241,1692255445246,1693227709668,201,5,196
36134,1693227709668,1692255445441,1692255445446,1693227709680,12,5,7
36135,1693227709680,1692255445451,1692255445456,1693227709690,10,5,5
36136,1693227709690,1692255445463,1692255445468,1693227709702,12,5,7
36137,1693227709702,1692255445474,1692255445479,1693227709712,10,5,5
36138,1693227709712,1692255445484,1692255445488,1693227709722,10,4,6
36139,1693227709722,1692255445494,1692255445498,1693227709732,10,4,6
36140,1693227709732,1692255445503,1692255445507,1693227709741,9,4,5
36141,1693227709741,1692255445523,1692255445527,1693227709762,21,4,17
36142,1693227709762,1692255445534,1692255445538,1693227709772,10,4,6
36143,1693227709772,1692255445543,1692255445547,1693227709781,9,4,5
36144,1693227709781,1692255445553,1692255445557,1693227709791,10,4,6
36145,1693227709791,1692255445563,1692255445567,1693227709800,9,4,5
36146,1693227709800,1692255445573,1692255445577,1693227709811,11,4,7
36147,1693227709811,1692255445582,1692255445586,1693227709820,9,4,5
36148,1693227709820,1692255445593,1692255445597,1693227709831,11,4,7
36149,1693227709831,1692255445604,1692255445609,1693227709865,34,5,29
36150,1693227709865,1692255445637,1692255445641,1693227709875,10,4,6
36151,1693227709875,1692255445647,1692255445652,1693227709886,11,5,6
36152,1693227709886,1692255445658,1692255445662,1693227709896,10,4,6
36153,1693227709896,1692255445669,1692255445674,1693227709907,11,5,6
36154,1693227709907,1692255445679,1692255445683,1693227709917,10,4,6
36155,1693227709917,1692255445690,1692255445695,1693227709928,11,5,6
36156,1693227709929,1692255445700,1692255445704,1693227709938,9,4,5
36157,1693227709938,1692255445710,1692255445716,1693227709950,12,6,6
36158,1693227709950,1692255445722,1692255445725,1693227709959,9,3,6
36159,1693227709959,1692255445731,1692255445735,1693227709969,10,4,6
36160,1693227709969,1692255445741,1692255445747,1693227709980,11,6,5
36161,1693227709980,1692255445753,1692255445757,1693227709991,11,4,7
36162,1693227709991,1692255445763,1692255445768,1693227710002,11,5,6
36163,1693227710002,1692255445774,1692255445780,1693227710014,12,6,6
36164,1693227710014,1692255445786,1692255445791,1693227710025,11,5,6
36165,1693227710025,1692255445797,1692255445802,1693227710036,11,5,6
36166,1693227710036,1692255445809,1692255445813,1693227710047,11,4,7
36167,1693227710047,1692255445822,1692255445827,1693227710061,14,5,9
36168,1693227710061,1692255445835,1692255445840,1693227710073,12,5,7
36169,1693227710073,1692255445845,1692255445850,1693227710084,11,5,6
36170,1693227710084,1692255445856,1692255445860,1693227710093,9,4,5
36171,1693227710093,1692255445865,1692255445869,1693227710102,9,4,5
36172,1693227710102,1692255445874,1692255445878,1693227710111,9,4,5
36173,1693227710111,1692255445882,1692255445887,1693227710120,9,5,4
36174,1693227710120,1692255445893,1692255445897,1693227710131,11,4,7
36175,1693227710131,1692255445904,1692255445909,1693227710143,12,5,7
36176,1693227710143,1692255445916,1692255445921,1693227710154,11,5,6
36177,1693227710154,1692255445927,1692255445931,1693227710165,11,4,7
36178,1693227710165,1692255445937,1692255445941,1693227710175,10,4,6
36179,1693227710175,1692255445946,1692255445950,1693227710184,9,4,5
36180,1693227710184,1692255445956,1692255445961,1693227710195,11,5,6
36181,1693227710196,1692255445968,1692255445972,1693227710206,10,4,6
36182,1693227710206,1692255445978,1692255445983,1693227710217,11,5,6
36183,1693227710217,1692255445990,1692255445994,1693227710228,11,4,7
36184,1693227710228,1692255446001,1692255446006,1693227710239,11,5,6
36185,1693227710239,1692255446015,1692255446020,1693227710253,14,5,9
36186,1693227710253,1692255446027,1692255446032,1693227710266,13,5,8
36187,1693227710266,1692255446038,1692255446047,1693227710281,15,9,6
36188,1693227710281,1692255446053,1692255446057,1693227710291,10,4,6
36189,1693227710291,1692255446062,1692255446067,1693227710300,9,5,4
36190,1693227710300,1692255446071,1692255446076,1693227710309,9,5,4
36191,1693227710309,1692255446081,1692255446086,1693227710320,11,5,6
36192,1693227710320,1692255446092,1692255446096,1693227710330,10,4,6
36193,1693227710330,1692255446102,1692255446106,1693227710340,10,4,6
36194,1693227710340,1692255446113,1692255446121,1693227710355,15,8,7
36195,1693227710355,1692255446129,1692255446134,1693227710368,13,5,8
36196,1693227710368,1692255446140,1692255446144,1693227710378,10,4,6
36197,1693227710378,1692255446150,1692255446158,1693227710391,13,8,5
36198,1693227710391,1692255446164,1692255446168,1693227710401,10,4,6
36199,1693227710401,1692255446174,1692255446180,1693227710413,12,6,6
36200,1693227710413,1692255446186,1692255446190,1693227710424,11,4,7
36201,1693227710424,1692255446196,1692255446205,1693227710439,15,9,6
36202,1693227710439,1692255446214,1692255446219,1693227710453,14,5,9
36203,1693227710453,1692255446228,1692255446232,1693227710466,13,4,9
36204,1693227710466,1692255446238,1692255446243,1693227710476,10,5,5
36205,1693227710476,1692255446249,1692255446253,1693227710487,11,4,7
36206,1693227710487,1692255446259,1692255446263,1693227710497,10,4,6
36207,1693227710497,1692255446269,1692255446274,1693227710507,10,5,5
36208,1693227710507,1692255446279,1692255446283,1693227710517,10,4,6
36209,1693227710517,1692255446288,1692255446292,1693227710526,9,4,5
36210,1693227710526,1692255446300,1692255446304,1693227710538,12,4,8
36211,1693227710538,1692255446310,1692255446315,1693227710548,10,5,5
36212,1693227710548,1692255446320,1692255446325,1693227710559,11,5,6
36213,1693227710559,1692255446333,1692255446339,1693227710572,13,6,7
36214,1693227710572,1692255446344,1692255446349,1693227710583,11,5,6
36215,1693227710583,1692255446355,1692255446359,1693227710592,9,4,5
36216,1693227710592,1692255446364,1692255446368,1693227710602,10,4,6
36217,1693227710602,1692255446374,1692255446379,1693227710613,11,5,6
36218,1693227710613,1692255446386,1692255446390,1693227710624,11,4,7
36219,1693227710624,1692255446396,1692255446406,1693227710639,15,10,5
36220,1693227710639,1692255446412,1692255446418,1693227710652,13,6,7
36221,1693227710652,1692255446425,1692255446430,1693227710666,14,5,9
36222,1693227710666,1692255446438,1692255446443,1693227710676,10,5,5
36223,1693227710676,1692255446448,1692255446453,1693227710686,10,5,5
36224,1693227710686,1692255446460,1692255446465,1693227710699,13,5,8
36225,1693227710699,1692255446470,1692255446474,1693227710707,8,4,4
36226,1693227710707,1692255446479,1692255446483,1693227710717,10,4,6
36227,1693227710717,1692255446489,1692255446493,1693227710727,10,4,6
36228,1693227710727,1692255446499,1692255446502,1693227710736,9,3,6
36229,1693227710736,1692255446507,1692255446514,1693227710747,11,7,4
36230,1693227710747,1692255446519,1692255446523,1693227710757,10,4,6
36231,1693227710757,1692255446529,1692255446534,1693227710769,12,5,7
36232,1693227710769,1692255446541,1692255446547,1693227710780,11,6,5
36233,1693227710780,1692255446552,1692255446556,1693227710790,10,4,6
36234,1693227710790,1692255446563,1692255446568,1693227710802,12,5,7
36235,1693227710802,1692255446583,1692255446587,1693227710820,18,4,14
36236,1693227710820,1692255446593,1692255446597,1693227710831,11,4,7
36237,1693227710831,1692255446603,1692255446609,1693227710842,11,6,5
36238,1693227710842,1692255446614,1692255446619,1693227710853,11,5,6
36239,1693227710853,1692255446626,1692255446630,1693227710864,11,4,7
36240,1693227710864,1692255446636,1692255446640,1693227710874,10,4,6
36241,1693227710874,1692255446646,1692255446651,1693227710885,11,5,6
36242,1693227710885,1692255446657,1692255446662,1693227710897,12,5,7
36243,1693227710897,1692255446668,1692255446673,1693227710906,9,5,4
36244,1693227710907,1692255446678,1692255446682,1693227710916,9,4,5
36245,1693227710916,1692255446688,1692255446692,1693227710926,10,4,6
36246,1693227710926,1692255446698,1692255446702,1693227710936,10,4,6
36247,1693227710936,1692255446709,1692255446714,1693227710948,12,5,7
36248,1693227710948,1692255446721,1692255446726,1693227710960,12,5,7
36249,1693227710960,1692255446732,1692255446737,1693227710973,13,5,8
36250,1693227710973,1692255446746,1692255446751,1693227710985,12,5,7
36251,1693227710985,1692255446757,1692255446763,1693227710998,13,6,7
36252,1693227710998,1692255446770,1692255446775,1693227711009,11,5,6
36253,1693227711010,1692255446782,1692255446787,1693227711021,11,5,6
36254,1693227711021,1692255446793,1692255446797,1693227711030,9,4,5
36255,1693227711030,1692255446802,1692255446806,1693227711040,10,4,6
36256,1693227711040,1692255446812,1692255446816,1693227711050,10,4,6
36257,1693227711050,1692255446822,1692255446826,1693227711059,9,4,5
36258,1693227711059,1692255446831,1692255446835,1693227711068,9,4,5
36259,1693227711068,1692255446840,1692255446845,1693227711079,11,5,6
36260,1693227711079,1692255446851,1692255446855,1693227711089,10,4,6
36261,1693227711089,1692255446861,1692255446866,1693227711100,11,5,6
36262,1693227711100,1692255446872,1692255446876,1693227711110,10,4,6
36263,1693227711110,1692255446882,1692255446886,1693227711120,10,4,6
36264,1693227711120,1692255446893,1692255446897,1693227711130,10,4,6
36265,1693227711130,1692255446903,1692255446907,1693227711141,11,4,7
36266,1693227711141,1692255446913,1692255446920,1693227711154,13,7,6
36267,1693227711154,1692255446926,1692255446931,1693227711165,11,5,6
36268,1693227711165,1692255446938,1692255446944,1693227711178,13,6,7
36269,1693227711178,1692255446951,1692255446956,1693227711190,12,5,7
36270,1693227711190,1692255446962,1692255446967,1693227711201,11,5,6
36271,1693227711201,1692255446973,1692255446978,1693227711212,11,5,6
36272,1693227711212,1692255446984,1692255446988,1693227711222,10,4,6
36273,1693227711222,1692255446994,1692255446998,1693227711232,10,4,6
36274,1693227711232,1692255447003,1692255447007,1693227711240,8,4,4
36275,1693227711240,1692255447013,1692255447016,1693227711250,10,3,7
36276,1693227711250,1692255447022,1692255447026,1693227711260,10,4,6
36277,1693227711260,1692255447032,1692255447037,1693227711270,10,5,5
36278,1693227711270,1692255447043,1692255447047,1693227711281,11,4,7
36279,1693227711281,1692255447053,1692255447057,1693227711291,10,4,6
36280,1693227711291,1692255447062,1692255447066,1693227711299,8,4,4
36281,1693227711299,1692255447071,1692255447076,1693227711309,10,5,5
36282,1693227711310,1692255447081,1692255447086,1693227711319,9,5,4
36283,1693227711319,1692255447091,1692255447095,1693227711329,10,4,6
36284,1693227711329,1692255447101,1692255447106,1693227711340,11,5,6
36285,1693227711340,1692255447112,1692255447116,1693227711350,10,4,6
36286,1693227711350,1692255447122,1692255447127,1693227711360,10,5,5
36287,1693227711360,1692255447133,1692255447137,1693227711371,11,4,7
36288,1693227711371,1692255447143,1692255447147,1693227711384,13,4,9
36289,1693227711384,1692255447156,1692255447161,1693227711395,11,5,6
36290,1693227711395,1692255447166,1692255447171,1693227711404,9,5,4
36291,1693227711404,1692255447175,1692255447179,1693227711413,9,4,5
36292,1693227711413,1692255447185,1692255447189,1693227711423,10,4,6
36293,1693227711423,1692255447194,1692255447198,1693227711432,9,4,5
36294,1693227711432,1692255447204,1692255447208,1693227711442,10,4,6
36295,1693227711442,1692255447213,1692255447217,1693227711450,8,4,4
36296,1693227711450,1692255447221,1692255447225,1693227711459,9,4,5
36297,1693227711459,1692255447231,1692255447235,1693227711469,10,4,6
36298,1693227711469,1692255447241,1692255447245,1693227711479,10,4,6
36299,1693227711479,1692255447250,1692255447255,1693227711488,9,5,4
36300,1693227711488,1692255447260,1692255447264,1693227711498,10,4,6
36301,1693227711498,1692255447270,1692255447274,1693227711507,9,4,5
36302,1693227711507,1692255447279,1692255447283,1693227711516,9,4,5
36303,1693227711516,1692255447289,1692255447296,1693227711530,14,7,7
36304,1693227711530,1692255447302,1692255447306,1693227711540,10,4,6
36305,1693227711540,1692255447313,1692255447318,1693227711552,12,5,7
36306,1693227711552,1692255447324,1692255447329,1693227711563,11,5,6
36307,1693227711563,1692255447335,1692255447339,1693227711573,10,4,6
36308,1693227711573,1692255447346,1692255447350,1693227711584,11,4,7
36309,1693227711584,1692255447358,1692255447363,1693227711597,13,5,8
36310,1693227711597,1692255447369,1692255447373,1693227711607,10,4,6
36311,1693227711607,1692255447378,1692255447383,1693227711617,10,5,5
36312,1693227711617,1692255447389,1692255447394,1693227711628,11,5,6
36313,1693227711628,1692255447400,1692255447404,1693227711638,10,4,6
36314,1693227711638,1692255447410,1692255447414,1693227711648,10,4,6
36315,1693227711648,1692255447420,1692255447423,1693227711657,9,3,6
36316,1693227711657,1692255447428,1692255447432,1693227711666,9,4,5
36317,1693227711666,1692255447438,1692255447442,1693227711675,9,4,5
36318,1693227711675,1692255447447,1692255447451,1693227711685,10,4,6
36319,1693227711685,1692255447457,1692255447461,1693227711694,9,4,5
36320,1693227711695,1692255447466,1692255447470,1693227711703,8,4,4
36321,1693227711704,1692255447475,1692255447480,1693227711714,10,5,5
36322,1693227711714,1692255447486,1692255447490,1693227711724,10,4,6
36323,1693227711724,1692255447496,1692255447500,1693227711734,10,4,6
36324,1693227711734,1692255447507,1692255447512,1693227711746,12,5,7
36325,1693227711746,1692255447519,1692255447523,1693227711757,11,4,7
36326,1693227711757,1692255447529,1692255447534,1693227711767,10,5,5
36327,1693227711767,1692255447540,1692255447545,1693227711778,11,5,6
36328,1693227711778,1692255447550,1692255447555,1693227711789,11,5,6
36329,1693227711789,1692255447573,1692255447578,1693227711812,23,5,18
36330,1693227711812,1692255447584,1692255447588,1693227711821,9,4,5
36331,1693227711821,1692255447593,1692255447597,1693227711830,9,4,5
36332,1693227711830,1692255447602,1692255447606,1693227711840,10,4,6
36333,1693227711840,1692255447611,1692255447616,1693227711849,9,5,4
36334,1693227711849,1692255447621,1692255447625,1693227711859,10,4,6
36335,1693227711859,1692255447631,1692255447636,1693227711870,11,5,6
36336,1693227711870,1692255447642,1692255447646,1693227711879,9,4,5
36337,1693227711879,1692255447651,1692255447656,1693227711889,10,5,5
36338,1693227711889,1692255447661,1692255447665,1693227711898,9,4,5
36339,1693227711899,1692255447670,1692255447674,1693227711907,8,4,4
36340,1693227711907,1692255447678,1692255447685,1693227711919,12,7,5
36341,1693227711919,1692255447691,1692255447694,1693227711928,9,3,6
36342,1693227711928,1692255447700,1692255447705,1693227711939,11,5,6
36343,1693227711939,1692255447711,1692255447716,1693227711950,11,5,6
36344,1693227711950,1692255447722,1692255447727,1693227711961,11,5,6
36345,1693227711961,1692255447733,1692255447738,1693227711972,11,5,6
36346,1693227711972,1692255447744,1692255447750,1693227711983,11,6,5
36347,1693227711983,1692255447755,1692255447760,1693227711994,11,5,6
36348,1693227711994,1692255447768,1692255447772,1693227712006,12,4,8
36349,1693227712006,1692255447779,1692255447783,1693227712017,11,4,7
36350,1693227712017,1692255447795,1692255447799,1693227712033,16,4,12
36351,1693227712033,1692255447805,1692255447810,1693227712043,10,5,5
36352,1693227712043,1692255447815,1692255447819,1693227712053,10,4,6
36353,1693227712053,1692255447825,1692255447829,1693227712063,10,4,6
36354,1693227712063,1692255447835,1692255447839,1693227712073,10,4,6
36355,1693227712073,1692255447844,1692255447848,1693227712082,9,4,5
36356,1693227712082,1692255447855,1692255447859,1693227712092,10,4,6
36357,1693227712092,1692255447863,1692255447868,1693227712101,9,5,4
36358,1693227712101,1692255447873,1692255447877,1693227712111,10,4,6
36359,1693227712111,1692255447883,1692255447887,1693227712120,9,4,5
36360,1693227712120,1692255447892,1692255447896,1693227712130,10,4,6
36361,1693227712130,1692255447902,1692255447905,1693227712139,9,3,6
36362,1693227712139,1692255447911,1692255447916,1693227712150,11,5,6
36363,1693227712150,1692255447922,1692255447927,1693227712160,10,5,5
36364,1693227712160,1692255447933,1692255447938,1693227712172,12,5,7
36365,1693227712172,1692255447945,1692255447949,1693227712183,11,4,7
36366,1693227712183,1692255447955,1692255447959,1693227712193,10,4,6
36367,1693227712193,1692255447965,1692255447970,1693227712203,10,5,5
36368,1693227712203,1692255447975,1692255447979,1693227712213,10,4,6
36369,1693227712213,1692255447986,1692255447990,1693227712224,11,4,7
36370,1693227712224,1692255447996,1692255448000,1693227712233,9,4,5
36371,1693227712233,1692255448005,1692255448009,1693227712243,10,4,6
36372,1693227712243,1692255448019,1692255448024,1693227712258,15,5,10
36373,1693227712258,1692255448029,1692255448034,1693227712268,10,5,5
36374,1693227712268,1692255448042,1692255448046,1693227712281,13,4,9
36375,1693227712281,1692255448053,1692255448057,1693227712291,10,4,6
36376,1693227712291,1692255448063,1692255448070,1693227712305,14,7,7
36377,1693227712305,1692255448077,1692255448081,1693227712315,10,4,6
36378,1693227712315,1692255448087,1692255448091,1693227712325,10,4,6
36379,1693227712325,1692255448097,1692255448101,1693227712335,10,4,6
36380,1693227712335,1692255448109,1692255448114,1693227712348,13,5,8
36381,1693227712348,1692255448121,1692255448126,1693227712360,12,5,7
36382,1693227712360,1692255448132,1692255448137,1693227712371,11,5,6
36383,1693227712371,1692255448145,1692255448150,1693227712384,13,5,8
36384,1693227712384,1692255448156,1692255448162,1693227712396,12,6,6
36385,1693227712396,1692255448168,1692255448174,1693227712407,11,6,5
36386,1693227712407,1692255448179,1692255448185,1693227712419,12,6,6
36387,1693227712419,1692255448191,1692255448196,1693227712430,11,5,6
36388,1693227712430,1692255448203,1692255448207,1693227712441,11,4,7
36389,1693227712441,1692255448212,1692255448217,1693227712451,10,5,5
36390,1693227712451,1692255448226,1692255448231,1693227712465,14,5,9
36391,1693227712465,1692255448237,1692255448243,1693227712476,11,6,5
36392,1693227712477,1692255448249,1692255448254,1693227712488,11,5,6
36393,1693227712488,1692255448260,1692255448266,1693227712500,12,6,6
36394,1693227712500,1692255448272,1692255448278,1693227712511,11,6,5
36395,1693227712511,1692255448284,1692255448288,1693227712522,11,4,7
36396,1693227712522,1692255448294,1692255448299,1693227712532,10,5,5
36397,1693227712532,1692255448304,1692255448308,1693227712542,10,4,6
36398,1693227712542,1692255448313,1692255448319,1693227712553,11,6,5
36399,1693227712553,1692255448324,1692255448329,1693227712562,9,5,4
36400,1693227712562,1692255448336,1692255448340,1693227712573,11,4,7
36401,1693227712573,1692255448345,1692255448349,1693227712583,10,4,6
36402,1693227712583,1692255448355,1692255448360,1693227712594,11,5,6
36403,1693227712594,1692255448366,1692255448371,1693227712604,10,5,5
36404,1693227712604,1692255448377,1692255448381,1693227712615,11,4,7
36405,1693227712615,1692255448387,1692255448391,1693227712625,10,4,6
36406,1693227712625,1692255448396,1692255448407,1693227712641,16,11,5
36407,1693227712641,1692255448414,1692255448419,1693227712652,11,5,6
36408,1693227712652,1692255448424,1692255448428,1693227712661,9,4,5
36409,1693227712661,1692255448433,1692255448438,1693227712672,11,5,6
36410,1693227712672,1692255448444,1692255448449,1693227712683,11,5,6
36411,1693227712683,1692255448455,1692255448460,1693227712694,11,5,6
36412,1693227712694,1692255448465,1692255448470,1693227712704,10,5,5
36413,1693227712705,1692255448477,1692255448485,1693227712719,14,8,6
36414,1693227712719,1692255448491,1692255448495,1693227712729,10,4,6
36415,1693227712729,1692255448501,1692255448505,1693227712739,10,4,6
36416,1693227712739,1692255448511,1692255448515,1693227712749,10,4,6
36417,1693227712749,1692255448521,1692255448525,1693227712758,9,4,5
36418,1693227712758,1692255448529,1692255448533,1693227712767,9,4,5
36419,1693227712767,1692255448538,1692255448544,1693227712777,10,6,4
36420,1693227712777,1692255448549,1692255448553,1693227712787,10,4,6
36421,1693227712787,1692255448559,1692255448563,1693227712796,9,4,5
36422,1693227712796,1692255448567,1692255448571,1693227712804,8,4,4
36423,1693227712804,1692255448577,1692255448581,1693227712816,12,4,8
36424,1693227712816,1692255448588,1692255448592,1693227712826,10,4,6
36425,1693227712826,1692255448598,1692255448603,1693227712837,11,5,6
36426,1693227712837,1692255448609,1692255448615,1693227712848,11,6,5
36427,1693227712848,1692255448628,1692255448634,1693227712868,20,6,14
36428,1693227712868,1692255448642,1692255448646,1693227712880,12,4,8
36429,1693227712880,1692255448652,1692255448657,1693227712891,11,5,6
36430,1693227712891,1692255448663,1692255448667,1693227712901,10,4,6
36431,1693227712901,1692255448674,1692255448678,1693227712911,10,4,6
36432,1693227712911,1692255448683,1692255448687,1693227712921,10,4,6
36433,1693227712921,1692255448693,1692255448697,1693227712930,9,4,5
36434,1693227712930,1692255448702,1692255448706,1693227712939,9,4,5
36435,1693227712939,1692255448711,1692255448715,1693227712949,10,4,6
36436,1693227712949,1692255448720,1692255448724,1693227712958,9,4,5
36437,1693227712958,1692255448730,1692255448734,1693227712967,9,4,5
36438,1693227712967,1692255448739,1692255448743,1693227712977,10,4,6
36439,1693227712977,1692255448749,1692255448754,1693227712987,10,5,5
36440,1693227712987,1692255448759,1692255448763,1693227712997,10,4,6
36441,1693227712997,1692255448769,1692255448773,1693227713007,10,4,6
36442,1693227713007,1692255448779,1692255448782,1693227713016,9,3,6
36443,1693227713016,1692255448791,1692255448796,1693227713030,14,5,9
36444,1693227713030,1692255448802,1692255448806,1693227713040,10,4,6
36445,1693227713040,1692255448813,1692255448818,1693227713052,12,5,7
36446,1693227713052,1692255448824,1692255448829,1693227713063,11,5,6
36447,1693227713063,1692255448836,1692255448841,1693227713074,11,5,6
36448,1693227713074,1692255448846,1692255448851,1693227713085,11,5,6
36449,1693227713085,1692255448857,1692255448862,1693227713096,11,5,6
36450,1693227713096,1692255448868,1692255448875,1693227713109,13,7,6
36451,1693227713109,1692255448881,1692255448885,1693227713118,9,4,5
36452,1693227713118,1692255448893,1692255448897,1693227713131,13,4,9
36453,1693227713132,1692255448904,1692255448908,1693227713142,10,4,6
36454,1693227713142,1692255448914,1692255448918,1693227713152,10,4,6
36455,1693227713152,1692255448923,1692255448928,1693227713161,9,5,4
36456,1693227713161,1692255448933,1692255448937,1693227713170,9,4,5
36457,1693227713170,1692255448943,1692255448947,1693227713180,10,4,6
36458,1693227713181,1692255448952,1692255448957,1693227713191,10,5,5
36459,1693227713191,1692255448963,1692255448967,1693227713201,10,4,6
36460,1693227713201,1692255448973,1692255448976,1693227713210,9,3,6
36461,1693227713210,1692255448982,1692255448985,1693227713219,9,3,6
36462,1693227713219,1692255448991,1692255448995,1693227713229,10,4,6
36463,1693227713229,1692255449000,1692255449004,1693227713238,9,4,5
36464,1693227713238,1692255449009,1692255449014,1693227713248,10,5,5
36465,1693227713248,1692255449020,1692255449024,1693227713258,10,4,6
36466,1693227713258,1692255449030,1692255449034,1693227713269,11,4,7
36467,1693227713269,1692255449041,1692255449046,1693227713279,10,5,5
36468,1693227713279,1692255449054,1692255449059,1693227713292,13,5,8
36469,1693227713292,1692255449066,1692255449070,1693227713304,12,4,8
36470,1693227713304,1692255449075,1692255449079,1693227713313,9,4,5
36471,1693227713313,1692255449085,1692255449089,1693227713322,9,4,5
36472,1693227713322,1692255449095,1692255449099,1693227713333,11,4,7
36473,1693227713333,1692255449106,1692255449110,1693227713344,11,4,7
36474,1693227713344,1692255449116,1692255449119,1693227713353,9,3,6
36475,1693227713353,1692255449128,1692255449132,1693227713365,12,4,8
36476,1693227713365,1692255449137,1692255449142,1693227713376,11,5,6
36477,1693227713376,1692255449148,1692255449153,1693227713387,11,5,6
36478,1693227713387,1692255449159,1692255449162,1693227713396,9,3,6
36479,1693227713396,1692255449168,1692255449172,1693227713405,9,4,5
36480,1693227713405,1692255449177,1692255449181,1693227713415,10,4,6
36481,1693227713415,1692255449187,1692255449191,1693227713425,10,4,6
36482,1693227713425,1692255449197,1692255449201,1693227713434,9,4,5
36483,1693227713434,1692255449206,1692255449210,1693227713446,12,4,8
36484,1693227713446,1692255449219,1692255449228,1693227713462,16,9,7
36485,1693227713462,1692255449234,1692255449239,1693227713473,11,5,6
36486,1693227713473,1692255449245,1692255449250,1693227713483,10,5,5
36487,1693227713483,1692255449259,1692255449266,1693227713500,17,7,10
36488,1693227713500,1692255449272,1692255449276,1693227713510,10,4,6
36489,1693227713510,1692255449282,1692255449286,1693227713519,9,4,5
36490,1693227713520,1692255449292,1692255449297,1693227713533,13,5,8
36491,1693227713533,1692255449305,1692255449311,1693227713545,12,6,6
36492,1693227713545,1692255449318,1692255449322,1693227713557,12,4,8
36493,1693227713557,1692255449329,1692255449333,1693227713567,10,4,6
36494,1693227713567,1692255449339,1692255449344,1693227713577,10,5,5
36495,1693227713577,1692255449348,1692255449353,1693227713586,9,5,4
36496,1693227713587,1692255449358,1692255449362,1693227713596,9,4,5
36497,1693227713596,1692255449368,1692255449371,1693227713605,9,3,6
36498,1693227713605,1692255449377,1692255449382,1693227713615,10,5,5
36499,1693227713615,1692255449387,1692255449391,1693227713624,9,4,5
36500,1693227713624,1692255449396,1692255449401,1693227713636,12,5,7
36501,1693227713636,1692255449408,1692255449412,1693227713645,9,4,5
36502,1693227713645,1692255449417,1692255449422,1693227713655,10,5,5
36503,1693227713655,1692255449427,1692255449430,1693227713664,9,3,6
36504,1693227713664,1692255449436,1692255449440,1693227713674,10,4,6
36505,1693227713674,1692255449446,1692255449450,1693227713684,10,4,6
36506,1693227713684,1692255449455,1692255449459,1693227713693,9,4,5
36507,1693227713693,1692255449464,1692255449469,1693227713703,10,5,5
36508,1693227713703,1692255449475,1692255449479,1693227713713,10,4,6
36509,1693227713713,1692255449485,1692255449490,1693227713724,11,5,6
36510,1693227713724,1692255449496,1692255449500,1693227713733,9,4,5
36511,1693227713734,1692255449508,1692255449512,1693227713745,11,4,7
36512,1693227713745,1692255449517,1692255449521,1693227713755,10,4,6
36513,1693227713755,1692255449526,1692255449530,1693227713764,9,4,5
36514,1693227713764,1692255449537,1692255449541,1693227713777,13,4,9
36515,1693227713777,1692255449548,1692255449552,1693227713785,8,4,4
36516,1693227713785,1692255449557,1692255449562,1693227713795,10,5,5
36517,1693227713795,1692255449567,1692255449571,1693227713805,10,4,6
36518,1693227713805,1692255449579,1692255449583,1693227713816,11,4,7
36519,1693227713816,1692255449588,1692255449592,1693227713826,10,4,6
36520,1693227713826,1692255449597,1692255449602,1693227713836,10,5,5
36521,1693227713836,1692255449610,1692255449614,1693227713848,12,4,8
36522,1693227713848,1692255449620,1692255449624,1693227713857,9,4,5
36523,1693227713857,1692255449629,1692255449633,1693227713871,14,4,10
36524,1693227713871,1692255449643,1692255449649,1693227713883,12,6,6
36525,1693227713883,1692255449655,1692255449659,1693227713893,10,4,6
36526,1693227713893,1692255449665,1692255449671,1693227713904,11,6,5
36527,1693227713904,1692255449677,1692255449682,1693227713916,12,5,7
36528,1693227713916,1692255449688,1692255449693,1693227713927,11,5,6
36529,1693227713927,1692255449700,1692255449704,1693227713938,11,4,7
36530,1693227713938,1692255449712,1692255449721,1693227713955,17,9,8
36531,1693227713955,1692255449727,1692255449732,1693227713966,11,5,6
36532,1693227713966,1692255449738,1692255449743,1693227713976,10,5,5
36533,1693227713976,1692255449754,1692255449758,1693227713994,18,4,14
36534,1693227713994,1692255449768,1692255449771,1693227714005,11,3,8
36535,1693227714005,1692255449777,1692255449781,1693227714014,9,4,5
36536,1693227714015,1692255449786,1692255449790,1693227714024,9,4,5
36537,1693227714024,1692255449796,1692255449800,1693227714034,10,4,6
36538,1693227714034,1692255449805,1692255449809,1693227714045,11,4,7
36539,1693227714045,1692255449818,1692255449821,1693227714055,10,3,7
36540,1693227714055,1692255449828,1692255449832,1693227714066,11,4,7
36541,1693227714066,1692255449839,1692255449844,1693227714077,11,5,6
36542,1693227714077,1692255449849,1692255449854,1693227714087,10,5,5
36543,1693227714087,1692255449860,1692255449865,1693227714099,12,5,7
36544,1693227714099,1692255449871,1692255449875,1693227714108,9,4,5
36545,1693227714108,1692255449880,1692255449886,1693227714119,11,6,5
36546,1693227714119,1692255449892,1692255449897,1693227714131,12,5,7
36547,1693227714131,1692255449905,1692255449909,1693227714143,12,4,8
36548,1693227714143,1692255449917,1692255449922,1693227714156,13,5,8
36549,1693227714156,1692255449928,1692255449932,1693227714166,10,4,6
36550,1693227714166,1692255449938,1692255449942,1693227714176,10,4,6
36551,1693227714176,1692255449947,1692255449951,1693227714185,9,4,5
36552,1693227714185,1692255449956,1692255449961,1693227714194,9,5,4
36553,1693227714194,1692255449966,1692255449971,1693227714204,10,5,5
36554,1693227714204,1692255449976,1692255449981,1693227714214,10,5,5
36555,1693227714214,1692255449987,1692255449991,1693227714224,10,4,6
36556,1693227714224,1692255449997,1692255450001,1693227714235,11,4,7
36557,1693227714235,1692255450007,1692255450011,1693227714244,9,4,5
36558,1693227714244,1692255450016,1692255450021,1693227714254,10,5,5
36559,1693227714254,1692255450026,1692255450030,1693227714264,10,4,6
36560,1693227714264,1692255450036,1692255450043,1693227714277,13,7,6
36561,1693227714277,1692255450054,1692255450060,1693227714293,16,6,10
36562,1693227714293,1692255450066,1692255450070,1693227714304,11,4,7
36563,1693227714304,1692255450081,1692255450085,1693227714319,15,4,11
36564,1693227714319,1692255450094,1692255450099,1693227714333,14,5,9
36565,1693227714333,1692255450104,1692255450109,1693227714343,10,5,5
36566,1693227714343,1692255450115,1692255450120,1693227714354,11,5,6
36567,1693227714354,1692255450126,1692255450130,1693227714364,10,4,6
36568,1693227714364,1692255450135,1692255450140,1693227714373,9,5,4
36569,1693227714373,1692255450145,1692255450149,1693227714382,9,4,5
36570,1693227714382,1692255450154,1692255450158,1693227714392,10,4,6
36571,1693227714392,1692255450163,1692255450168,1693227714402,10,5,5
36572,1693227714402,1692255450174,1692255450179,1693227714412,10,5,5
36573,1693227714412,1692255450184,1692255450188,1693227714421,9,4,5
36574,1693227714421,1692255450194,1692255450197,1693227714431,10,3,7
36575,1693227714431,1692255450203,1692255450207,1693227714441,10,4,6
36576,1693227714441,1692255450213,1692255450218,1693227714451,10,5,5
36577,1693227714451,1692255450226,1692255450230,1693227714464,13,4,9
36578,1693227714464,1692255450236,1692255450240,1693227714473,9,4,5
36579,1693227714473,1692255450245,1692255450249,1693227714483,10,4,6
36580,1693227714483,1692255450255,1692255450258,1693227714492,9,3,6
36581,1693227714492,1692255450264,1692255450269,1693227714502,10,5,5
36582,1693227714502,1692255450275,1692255450279,1693227714513,11,4,7
36583,1693227714513,1692255450285,1692255450289,1693227714523,10,4,6
36584,1693227714523,1692255450295,1692255450301,1693227714535,12,6,6
36585,1693227714535,1692255450307,1692255450312,1693227714545,10,5,5
36586,1693227714546,1692255450318,1692255450322,1693227714557,11,4,7
36587,1693227714557,1692255450329,1692255450335,1693227714569,12,6,6
36588,1693227714569,1692255450340,1692255450344,1693227714578,9,4,5
36589,1693227714578,1692255450350,1692255450355,1693227714588,10,5,5
36590,1693227714589,1692255450360,1692255450364,1693227714598,9,4,5
36591,1693227714598,1692255450370,1692255450374,1693227714608,10,4,6
36592,1693227714608,1692255450380,1692255450384,1693227714618,10,4,6
36593,1693227714618,1692255450389,1692255450393,1693227714627,9,4,5
36594,1693227714627,1692255450398,1692255450402,1693227714637,10,4,6
36595,1693227714637,1692255450410,1692255450414,1693227714648,11,4,7
36596,1693227714648,1692255450420,1692255450424,1693227714660,12,4,8
36597,1693227714661,1692255450432,1692255450439,1693227714672,11,7,4
36598,1693227714672,1692255450448,1692255450452,1693227714692,20,4,16
36599,1693227714692,1692255450467,1692255450472,1693227714705,13,5,8
36600,1693227714705,1692255450477,1692255450482,1693227714716,11,5,6
36601,1693227714716,1692255450488,1692255450493,1693227714727,11,5,6
36602,1693227714727,1692255450499,1692255450504,1693227714738,11,5,6
36603,1693227714738,1692255450511,1692255450515,1693227714749,11,4,7
36604,1693227714749,1692255450521,1692255450526,1693227714762,13,5,8
36605,1693227714762,1692255450534,1692255450539,1693227714773,11,5,6
36606,1693227714773,1692255450546,1692255450550,1693227714784,11,4,7
36607,1693227714784,1692255450555,1692255450558,1693227714793,9,3,6
36608,1693227714793,1692255450564,1692255450568,1693227714802,9,4,5
36609,1693227714802,1692255450574,1692255450578,1693227714811,9,4,5
36610,1693227714811,1692255450584,1692255450588,1693227714821,10,4,6
36611,1693227714821,1692255450593,1692255450597,1693227714830,9,4,5
36612,1693227714830,1692255450602,1692255450606,1693227714863,33,4,29
36613,1693227714863,1692255450637,1692255450642,1693227714880,17,5,12
36614,1693227714880,1692255450665,1692255450670,1693227714904,24,5,19
36615,1693227714904,1692255450677,1692255450681,1693227714915,11,4,7
36616,1693227714915,1692255450687,1692255450692,1693227714926,11,5,6
36617,1693227714926,1692255450698,1692255450703,1693227714937,11,5,6
36618,1693227714937,1692255450709,1692255450715,1693227714948,11,6,5
36619,1693227714948,1692255450720,1692255450725,1693227714959,11,5,6
36620,1693227714959,1692255450731,1692255450736,1693227714970,11,5,6
36621,1693227714970,1692255450742,1692255450746,1693227714979,9,4,5
36622,1693227714979,1692255450751,1692255450756,1693227714989,10,5,5
36623,1693227714989,1692255450763,1692255450767,1693227715000,11,4,7
36624,1693227715000,1692255450772,1692255450776,1693227715010,10,4,6
36625,1693227715010,1692255450782,1692255450786,1693227715020,10,4,6
36626,1693227715020,1692255450792,1692255450796,1693227715030,10,4,6
36627,1693227715030,1692255450802,1692255450807,1693227715041,11,5,6
36628,1693227715041,1692255450812,1692255450817,1693227715050,9,5,4
36629,1693227715050,1692255450822,1692255450826,1693227715059,9,4,5
36630,1693227715059,1692255450831,1692255450835,1693227715069,10,4,6
36631,1693227715069,1692255450841,1692255450846,1693227715079,10,5,5
36632,1693227715079,1692255450851,1692255450855,1693227715088,9,4,5
36633,1693227715088,1692255450860,1692255450865,1693227715099,11,5,6
36634,1693227715099,1692255450872,1692255450880,1693227715114,15,8,7
36635,1693227715114,1692255450886,1692255450892,1693227715125,11,6,5
36636,1693227715125,1692255450897,1692255450902,1693227715136,11,5,6
36637,1693227715136,1692255450909,1692255450915,1693227715148,12,6,6
36638,1693227715148,1692255450921,1692255450926,1693227715160,12,5,7
36639,1693227715160,1692255450941,1692255450946,1693227715180,20,5,15
36640,1693227715180,1692255450953,1692255450958,1693227715191,11,5,6
36641,1693227715191,1692255450963,1692255450968,1693227715202,11,5,6
36642,1693227715202,1692255450974,1692255450978,1693227715212,10,4,6
36643,1693227715212,1692255450984,1692255450987,1693227715221,9,3,6
36644,1693227715221,1692255450993,1692255450997,1693227715230,9,4,5
36645,1693227715230,1692255451002,1692255451005,1693227715239,9,3,6
36646,1693227715239,1692255451011,1692255451015,1693227715249,10,4,6
36647,1693227715249,1692255451020,1692255451024,1693227715258,9,4,5
36648,1693227715258,1692255451030,1692255451034,1693227715267,9,4,5
36649,1693227715267,1692255451039,1692255451044,1693227715277,10,5,5
36650,1693227715277,1692255451050,1692255451054,1693227715287,10,4,6
36651,1693227715288,1692255451059,1692255451063,1693227715297,9,4,5
36652,1693227715297,1692255451068,1692255451073,1693227715306,9,5,4
36653,1693227715306,1692255451078,1692255451082,1693227715316,10,4,6
36654,1693227715316,1692255451087,1692255451091,1693227715325,9,4,5
36655,1693227715325,1692255451097,1692255451102,1693227715336,11,5,6
36656,1693227715336,1692255451107,1692255451111,1693227715345,9,4,5
36657,1693227715345,1692255451129,1692255451135,1693227715369,24,6,18
36658,1693227715369,1692255451142,1692255451146,1693227715380,11,4,7
36659,1693227715380,1692255451152,1692255451158,1693227715391,11,6,5
36660,1693227715391,1692255451164,1692255451168,1693227715403,12,4,8
36661,1693227715403,1692255451175,1692255451180,1693227715414,11,5,6
36662,1693227715414,1692255451186,1692255451190,1693227715423,9,4,5
36663,1693227715423,1692255451195,1692255451199,1693227715433,10,4,6
36664,1693227715433,1692255451205,1692255451209,1693227715459,26,4,22
36665,1693227715459,1692255451236,1692255451241,1693227715475,16,5,11
36666,1693227715475,1692255451249,1692255451253,1693227715487,12,4,8
36667,1693227715487,1692255451259,1692255451263,1693227715497,10,4,6
36668,1693227715497,1692255451269,1692255451273,1693227715507,10,4,6
36669,1693227715507,1692255451279,1692255451283,1693227715516,9,4,5
36670,1693227715516,1692255451287,1692255451292,1693227715525,9,5,4
36671,1693227715525,1692255451297,1692255451304,1693227715537,12,7,5
36672,1693227715537,1692255451310,1692255451315,1693227715550,13,5,8
36673,1693227715550,1692255451322,1692255451327,1693227715563,13,5,8
36674,1693227715563,1692255451336,1692255451341,1693227715574,11,5,6
36675,1693227715574,1692255451347,1692255451352,1693227715585,11,5,6
36676,1693227715586,1692255451361,1692255451366,1693227715599,13,5,8
36677,1693227715599,1692255451372,1692255451377,1693227715610,11,5,6
36678,1693227715610,1692255451382,1692255451387,1693227715621,11,5,6
36679,1693227715621,1692255451393,1692255451397,1693227715631,10,4,6
36680,1693227715631,1692255451407,1692255451411,1693227715646,15,4,11
36681,1693227715646,1692255451418,1692255451422,1693227715656,10,4,6
36682,1693227715656,1692255451429,1692255451433,1693227715666,10,4,6
36683,1693227715666,1692255451439,1692255451443,1693227715677,11,4,7
36684,1693227715677,1692255451453,1692255451457,1693227715691,14,4,10
36685,1693227715691,1692255451463,1692255451466,1693227715700,9,3,6
36686,1693227715700,1692255451472,1692255451477,1693227715710,10,5,5
36687,1693227715710,1692255451483,1692255451486,1693227715720,10,3,7
36688,1693227715720,1692255451492,1692255451495,1693227715729,9,3,6
36689,1693227715729,1692255451500,1692255451505,1693227715739,10,5,5
36690,1693227715739,1692255451510,1692255451515,1693227715748,9,5,4
36691,1693227715748,1692255451520,1692255451524,1693227715758,10,4,6
36692,1693227715758,1692255451530,1692255451536,1693227715770,12,6,6
36693,1693227715770,1692255451541,1692255451546,1693227715780,10,5,5
36694,1693227715780,1692255451552,1692255451556,1693227715790,10,4,6
36695,1693227715790,1692255451569,1692255451574,1693227715808,18,5,13
36696,1693227715808,1692255451580,1692255451585,1693227715819,11,5,6
36697,1693227715819,1692255451591,1692255451595,1693227715829,10,4,6
36698,1693227715829,1692255451602,1692255451606,1693227715840,11,4,7
36699,1693227715840,1692255451612,1692255451617,1693227715851,11,5,6
36700,1693227715851,1692255451622,1692255451627,1693227715860,9,5,4
36701,1693227715860,1692255451632,1692255451636,1693227715870,10,4,6
36702,1693227715870,1692255451642,1692255451647,1693227715883,13,5,8
36703,1693227715883,1692255451655,1692255451659,1693227715892,9,4,5
36704,1693227715892,1692255451664,1692255451668,1693227715902,10,4,6
36705,1693227715902,1692255451674,1692255451678,1693227715911,9,4,5
36706,1693227715911,1692255451686,1692255451691,1693227715924,13,5,8
36707,1693227715924,1692255451696,1692255451700,1693227715934,10,4,6
36708,1693227715934,1692255451705,1692255451711,1693227715945,11,6,5
36709,1693227715945,1692255451716,1692255451720,1693227715954,9,4,5
36710,1693227715954,1692255451726,1692255451730,1693227715964,10,4,6
36711,1693227715964,1692255451736,1692255451742,1693227715975,11,6,5
36712,1693227715975,1692255451747,1692255451752,1693227715986,11,5,6
36713,1693227715986,1692255451761,1692255451766,1693227716000,14,5,9
36714,1693227716000,1692255451772,1692255451778,1693227716012,12,6,6
36715,1693227716012,1692255451785,1692255451789,1693227716023,11,4,7
36716,1693227716023,1692255451795,1692255451798,1693227716032,9,3,6
36717,1693227716032,1692255451804,1692255451808,1693227716041,9,4,5
36718,1693227716041,1692255451814,1692255451819,1693227716053,12,5,7
36719,1693227716053,1692255451825,1692255451830,1693227716064,11,5,6
36720,1693227716064,1692255451836,1692255451841,1693227716075,11,5,6
36721,1693227716075,1692255451847,1692255451852,1693227716085,10,5,5
36722,1693227716085,1692255451858,1692255451862,1693227716096,11,4,7
36723,1693227716096,1692255451868,1692255451871,1693227716105,9,3,6
36724,1693227716105,1692255451876,1692255451880,1693227716114,9,4,5
36725,1693227716114,1692255451886,1692255451889,1693227716123,9,3,6
36726,1693227716123,1692255451894,1692255451898,1693227716132,9,4,5
36727,1693227716132,1692255451904,1692255451908,1693227716141,9,4,5
36728,1693227716141,1692255451913,1692255451916,1693227716150,9,3,6
36729,1693227716150,1692255451922,1692255451927,1693227716161,11,5,6
36730,1693227716161,1692255451933,1692255451939,1693227716172,11,6,5
36731,1693227716172,1692255451945,1692255451949,1693227716183,11,4,7
36732,1693227716183,1692255451956,1692255451962,1693227716195,12,6,6
36733,1693227716196,1692255451967,1692255451972,1693227716206,10,5,5
36734,1693227716206,1692255451979,1692255451983,1693227716217,11,4,7
36735,1693227716217,1692255451989,1692255451995,1693227716228,11,6,5
36736,1693227716228,1692255451999,1692255452004,1693227716238,10,5,5
36737,1693227716238,1692255452010,1692255452013,1693227716247,9,3,6
36738,1693227716247,1692255452019,1692255452023,1693227716256,9,4,5
36739,1693227716256,1692255452028,1692255452032,1693227716265,9,4,5
36740,1693227716265,1692255452037,1692255452041,1693227716275,10,4,6
36741,1693227716275,1692255452047,1692255452051,1693227716285,10,4,6
36742,1693227716285,1692255452057,1692255452062,1693227716298,13,5,8
36743,1693227716298,1692255452070,1692255452074,1693227716308,10,4,6
36744,1693227716308,1692255452079,1692255452084,1693227716317,9,5,4
36745,1693227716317,1692255452090,1692255452100,1693227716334,17,10,7
36746,1693227716334,1692255452106,1692255452110,1693227716344,10,4,6
36747,1693227716344,1692255452116,1692255452121,1693227716354,10,5,5
36748,1693227716354,1692255452126,1692255452130,1693227716364,10,4,6
36749,1693227716364,1692255452136,1692255452141,1693227716374,10,5,5
36750,1693227716374,1692255452147,1692255452152,1693227716385,11,5,6
36751,1693227716385,1692255452158,1692255452163,1693227716397,12,5,7
36752,1693227716397,1692255452171,1692255452175,1693227716409,12,4,8
36753,1693227716409,1692255452180,1692255452184,1693227716418,9,4,5
36754,1693227716418,1692255452189,1692255452193,1693227716427,9,4,5
36755,1693227716427,1692255452199,1692255452203,1693227716436,9,4,5
36756,1693227716436,1692255452207,1692255452211,1693227716444,8,4,4
36757,1693227716444,1692255452216,1692255452219,1693227716453,9,3,6
36758,1693227716453,1692255452226,1692255452230,1693227716464,11,4,7
36759,1693227716464,1692255452236,1692255452240,1693227716473,9,4,5
36760,1693227716473,1692255452245,1692255452249,1693227716482,9,4,5
36761,1693227716483,1692255452254,1692255452259,1693227716492,9,5,4
36762,1693227716492,1692255452264,1692255452268,1693227716503,11,4,7
36763,1693227716504,1692255452276,1692255452281,1693227716515,11,5,6
36764,1693227716515,1692255452287,1692255452292,1693227716526,11,5,6
36765,1693227716526,1692255452300,1692255452304,1693227716538,12,4,8
36766,1693227716538,1692255452310,1692255452316,1693227716549,11,6,5
36767,1693227716549,1692255452322,1692255452326,1693227716560,11,4,7
36768,1693227716560,1692255452333,1692255452338,1693227716571,11,5,6
36769,1693227716571,1692255452344,1692255452349,1693227716583,12,5,7
36770,1693227716583,1692255452355,1692255452360,1693227716593,10,5,5
36771,1693227716594,1692255452366,1692255452370,1693227716605,11,4,7
36772,1693227716605,1692255452376,1692255452380,1693227716614,9,4,5
36773,1693227716614,1692255452386,1692255452392,1693227716626,12,6,6
36774,1693227716626,1692255452398,1692255452403,1693227716636,10,5,5
36775,1693227716636,1692255452408,1692255452412,1693227716645,9,4,5
36776,1693227716645,1692255452417,1692255452421,1693227716655,10,4,6
36777,1693227716655,1692255452426,1692255452430,1693227716664,9,4,5
36778,1693227716664,1692255452436,1692255452440,1693227716674,10,4,6
36779,1693227716674,1692255452447,1692255452451,1693227716684,10,4,6
36780,1693227716684,1692255452456,1692255452461,1693227716695,11,5,6
36781,1693227716695,1692255452467,1692255452471,1693227716707,12,4,8
36782,1693227716708,1692255452480,1692255452484,1693227716718,10,4,6
36783,1693227716718,1692255452491,1692255452496,1693227716729,11,5,6
36784,1693227716729,1692255452503,1692255452508,1693227716742,13,5,8
36785,1693227716742,1692255452515,1692255452520,1693227716754,12,5,7
36786,1693227716754,1692255452532,1692255452537,1693227716770,16,5,11
36787,1693227716770,1692255452542,1692255452548,1693227716781,11,6,5
36788,1693227716781,1692255452554,1692255452558,1693227716792,11,4,7
36789,1693227716792,1692255452564,1692255452568,1693227716802,10,4,6
36790,1693227716802,1692255452574,1692255452579,1693227716813,11,5,6
36791,1693227716813,1692255452586,1692255452591,1693227716824,11,5,6
36792,1693227716824,1692255452600,1692255452604,1693227716837,13,4,9
36793,1693227716837,1692255452609,1692255452614,1693227716847,10,5,5
36794,1693227716847,1692255452622,1692255452627,1693227716860,13,5,8
36795,1693227716860,1692255452632,1692255452636,1693227716870,10,4,6
36796,1693227716870,1692255452642,1692255452649,1693227716882,12,7,5
36797,1693227716882,1692255452659,1692255452662,1693227716896,14,3,11
36798,1693227716896,1692255452668,1692255452672,1693227716905,9,4,5
36799,1693227716905,1692255452677,1692255452681,1693227716915,10,4,6
36800,1693227716915,1692255452687,1692255452691,1693227716925,10,4,6
36801,1693227716925,1692255452698,1692255452702,1693227716935,10,4,6
36802,1693227716935,1692255452710,1692255452715,1693227716948,13,5,8
36803,1693227716948,1692255452721,1692255452726,1693227716960,12,5,7
36804,1693227716960,1692255452732,1692255452736,1693227716970,10,4,6
36805,1693227716970,1692255452742,1692255452747,1693227716981,11,5,6
36806,1693227716981,1692255452752,1692255452757,1693227716991,10,5,5
36807,1693227716991,1692255452763,1692255452767,1693227717001,10,4,6
36808,1693227717001,1692255452773,1692255452780,1693227717015,14,7,7
36809,1693227717015,1692255452786,1692255452791,1693227717024,9,5,4
36810,1693227717024,1692255452797,1692255452802,1693227717036,12,5,7
36811,1693227717036,1692255452808,1692255452812,1693227717046,10,4,6
36812,1693227717046,1692255452818,1692255452821,1693227717055,9,3,6
36813,1693227717055,1692255452827,1692255452831,1693227717064,9,4,5
36814,1693227717064,1692255452836,1692255452840,1693227717073,9,4,5
36815,1693227717073,1692255452845,1692255452852,1693227717085,12,7,5
36816,1693227717085,1692255452857,1692255452862,1693227717095,10,5,5
36817,1693227717095,1692255452867,1692255452871,1693227717104,9,4,5
36818,1693227717104,1692255452877,1692255452881,1693227717117,13,4,9
36819,1693227717117,1692255452889,1692255452893,1693227717127,10,4,6
36820,1693227717127,1692255452902,1692255452906,1693227717140,13,4,9
36821,1693227717140,1692255452911,1692255452915,1693227717149,9,4,5
36822,1693227717149,1692255452921,1692255452929,1693227717162,13,8,5
36823,1693227717162,1692255452934,1692255452938,1693227717172,10,4,6
36824,1693227717172,1692255452945,1692255452950,1693227717184,12,5,7
36825,1693227717184,1692255452956,1692255452961,1693227717194,10,5,5
36826,1693227717194,1692255452967,1692255452972,1693227717206,12,5,7
36827,1693227717206,1692255452980,1692255452984,1693227717219,13,4,9
36828,1693227717219,1692255452992,1692255452997,1693227717231,12,5,7
36829,1693227717231,1692255453003,1692255453007,1693227717240,9,4,5
36830,1693227717240,1692255453013,1692255453016,1693227717249,9,3,6
36831,1693227717249,1692255453021,1692255453026,1693227717259,10,5,5
36832,1693227717259,1692255453031,1692255453035,1693227717269,10,4,6
36833,1693227717269,1692255453041,1692255453046,1693227717279,10,5,5
36834,1693227717279,1692255453053,1692255453057,1693227717290,11,4,7
36835,1693227717290,1692255453062,1692255453066,1693227717300,10,4,6
36836,1693227717300,1692255453071,1692255453075,1693227717308,8,4,4
36837,1693227717308,1692255453080,1692255453085,1693227717319,11,5,6
36838,1693227717319,1692255453092,1692255453096,1693227717330,11,4,7
36839,1693227717330,1692255453102,1692255453106,1693227717339,9,4,5
36840,1693227717339,1692255453111,1692255453116,1693227717349,10,5,5
36841,1693227717349,1692255453122,1692255453126,1693227717366,17,4,13
36842,1693227717366,1692255453138,1692255453143,1693227717376,10,5,5
36843,1693227717376,1692255453153,1692255453156,1693227717390,14,3,11
36844,1693227717390,1692255453162,1692255453166,1693227717400,10,4,6
36845,1693227717400,1692255453172,1692255453176,1693227717410,10,4,6
36846,1693227717410,1692255453182,1692255453186,1693227717419,9,4,5
36847,1693227717419,1692255453194,1692255453199,1693227717432,13,5,8
36848,1693227717432,1692255453204,1692255453208,1693227717442,10,4,6
36849,1693227717442,1692255453213,1692255453218,1693227717451,9,5,4
36850,1693227717451,1692255453224,1692255453228,1693227717461,10,4,6
36851,1693227717461,1692255453234,1692255453242,1693227717476,15,8,7
36852,1693227717476,1692255453249,1692255453254,1693227717490,14,5,9
36853,1693227717490,1692255453263,1692255453268,1693227717505,15,5,10
36854,1693227717505,1692255453277,1692255453283,1693227717516,11,6,5
36855,1693227717516,1692255453288,1692255453292,1693227717527,11,4,7
36856,1693227717527,1692255453299,1692255453303,1693227717536,9,4,5
36857,1693227717536,1692255453309,1692255453313,1693227717547,11,4,7
36858,1693227717547,1692255453319,1692255453323,1693227717582,35,4,31
36859,1693227717582,1692255453355,1692255453359,1693227717593,11,4,7
36860,1693227717593,1692255453365,1692255453369,1693227717603,10,4,6
36861,1693227717603,1692255453376,1692255453381,1693227717615,12,5,7
36862,1693227717615,1692255453387,1692255453391,1693227717625,10,4,6
36863,1693227717625,1692255453399,1692255453404,1693227717638,13,5,8
36864,1693227717638,1692255453410,1692255453414,1693227717648,10,4,6
36865,1693227717648,1692255453420,1692255453425,1693227717658,10,5,5
36866,1693227717658,1692255453431,1692255453436,1693227717670,12,5,7
36867,1693227717670,1692255453442,1692255453446,1693227717679,9,4,5
36868,1693227717679,1692255453451,1692255453455,1693227717689,10,4,6
36869,1693227717689,1692255453461,1692255453465,1693227717699,10,4,6
36870,1693227717699,1692255453471,1692255453474,1693227717708,9,3,6
36871,1693227717708,1692255453479,1692255453482,1693227717715,7,3,4
36872,1693227717715,1692255453487,1692255453491,1693227717724,9,4,5
36873,1693227717724,1692255453496,1692255453500,1693227717734,10,4,6
36874,1693227717734,1692255453506,1692255453511,1693227717744,10,5,5
36875,1693227717744,1692255453516,1692255453520,1693227717753,9,4,5
36876,1693227717753,1692255453526,1692255453532,1693227717765,12,6,6
36877,1693227717765,1692255453547,1692255453551,1693227717785,20,4,16
36878,1693227717785,1692255453557,1692255453561,1693227717794,9,4,5
36879,1693227717794,1692255453566,1692255453570,1693227717803,9,4,5
36880,1693227717803,1692255453575,1692255453580,1693227717813,10,5,5
36881,1693227717813,1692255453585,1692255453589,1693227717823,10,4,6
36882,1693227717823,1692255453595,1692255453599,1693227717833,10,4,6
36883,1693227717833,1692255453606,1692255453610,1693227717843,10,4,6
36884,1693227717843,1692255453615,1692255453619,1693227717853,10,4,6
36885,1693227717853,1692255453624,1692255453628,1693227717862,9,4,5
36886,1693227717862,1692255453634,1692255453638,1693227717871,9,4,5
36887,1693227717871,1692255453643,1692255453647,1693227717881,10,4,6
36888,1693227717881,1692255453653,1692255453659,1693227717895,14,6,8
36889,1693227717895,1692255453667,1692255453671,1693227717905,10,4,6
36890,1693227717905,1692255453677,1692255453681,1693227717915,10,4,6
36891,1693227717915,1692255453686,1692255453690,1693227717924,9,4,5
36892,1693227717924,1692255453696,1692255453699,1693227717933,9,3,6
36893,1693227717933,1692255453706,1692255453710,1693227717943,10,4,6
36894,1693227717943,1692255453715,1692255453718,1693227717952,9,3,6
36895,1693227717952,1692255453724,1692255453727,1693227717960,8,3,5
36896,1693227717960,1692255453732,1692255453735,1693227717968,8,3,5
36897,1693227717968,1692255453740,1692255453743,1693227717977,9,3,6
36898,1693227717977,1692255453749,1692255453752,1693227717986,9,3,6
36899,1693227717986,1692255453757,1692255453761,1693227717995,9,4,5
36900,1693227717995,1692255453766,1692255453770,1693227718003,8,4,4
36901,1693227718003,1692255453774,1692255453778,1693227718012,9,4,5
36902,1693227718012,1692255453785,1692255453789,1693227718023,11,4,7
36903,1693227718023,1692255453795,1692255453799,1693227718033,10,4,6
36904,1693227718033,1692255453805,1692255453810,1693227718044,11,5,6
36905,1693227718044,1692255453815,1692255453819,1693227718052,8,4,4
36906,1693227718052,1692255453823,1692255453827,1693227718061,9,4,5
36907,1693227718061,1692255453833,1692255453837,1693227718071,10,4,6
36908,1693227718071,1692255453843,1692255453847,1693227718080,9,4,5
36909,1693227718080,1692255453852,1692255453856,1693227718090,10,4,6
36910,1693227718090,1692255453862,1692255453866,1693227718100,10,4,6
36911,1693227718100,1692255453881,1692255453885,1693227718119,19,4,15
36912,1693227718119,1692255453891,1692255453896,1693227718129,10,5,5
36913,1693227718129,1692255453902,1692255453907,1693227718141,12,5,7
36914,1693227718141,1692255453913,1692255453917,1693227718151,10,4,6
36915,1693227718151,1692255453923,1692255453927,1693227718161,10,4,6
36916,1693227718161,1692255453933,1692255453938,1693227718171,10,5,5
36917,1693227718171,1692255453943,1692255453946,1693227718180,9,3,6
36918,1693227718180,1692255453952,1692255453956,1693227718189,9,4,5
36919,1693227718189,1692255453961,1692255453964,1693227718198,9,3,6
36920,1693227718198,1692255453970,1692255453974,1693227718207,9,4,5
36921,1693227718207,1692255453981,1692255453984,1693227718218,11,3,8
36922,1693227718218,1692255453989,1692255453993,1693227718226,8,4,4
36923,1693227718226,1692255453997,1692255454000,1693227718234,8,3,5
36924,1693227718234,1692255454005,1692255454009,1693227718243,9,4,5
36925,1693227718243,1692255454015,1692255454020,1693227718254,11,5,6
36926,1693227718254,1692255454025,1692255454028,1693227718262,8,3,5
36927,1693227718262,1692255454033,1692255454037,1693227718271,9,4,5
36928,1693227718271,1692255454042,1692255454046,1693227718279,8,4,4
36929,1693227718279,1692255454052,1692255454056,1693227718289,10,4,6
36930,1693227718289,1692255454061,1692255454065,1693227718299,10,4,6
36931,1693227718299,1692255454070,1692255454075,1693227718308,9,5,4
36932,1693227718308,1692255454080,1692255454085,1693227718320,12,5,7
36933,1693227718320,1692255454092,1692255454096,1693227718329,9,4,5
36934,1693227718329,1692255454101,1692255454105,1693227718339,10,4,6
36935,1693227718339,1692255454112,1692255454116,1693227718349,10,4,6
36936,1693227718350,1692255454121,1692255454125,1693227718359,9,4,5
36937,1693227718359,1692255454131,1692255454134,1693227718368,9,3,6
36938,1693227718368,1692255454141,1692255454145,1693227718378,10,4,6
36939,1693227718378,1692255454150,1692255454153,1693227718387,9,3,6
36940,1693227718387,1692255454158,1692255454163,1693227718396,9,5,4
36941,1693227718396,1692255454168,1692255454172,1693227718406,10,4,6
36942,1693227718406,1692255454178,1692255454182,1693227718415,9,4,5
36943,1693227718415,1692255454187,1692255454191,1693227718424,9,4,5
36944,1693227718424,1692255454196,1692255454201,1693227718435,11,5,6
36945,1693227718435,1692255454206,1692255454210,1693227718444,9,4,5
36946,1693227718444,1692255454218,1692255454222,1693227718456,12,4,8
36947,1693227718456,1692255454227,1692255454231,1693227718465,9,4,5
36948,1693227718465,1692255454236,1692255454240,1693227718473,8,4,4
36949,1693227718473,1692255454245,1692255454248,1693227718481,8,3,5
36950,1693227718481,1692255454253,1692255454256,1693227718490,9,3,6
36951,1693227718490,1692255454267,1692255454270,1693227718504,14,3,11
36952,1693227718504,1692255454275,1692255454279,1693227718513,9,4,5
36953,1693227718513,1692255454287,1692255454291,1693227718525,12,4,8
36954,1693227718525,1692255454296,1692255454300,1693227718534,9,4,5
36955,1693227718534,1692255454306,1692255454311,1693227718544,10,5,5
36956,1693227718544,1692255454315,1692255454319,1693227718553,9,4,5
36957,1693227718553,1692255454324,1692255454328,1693227718562,9,4,5
36958,1693227718562,1692255454334,1692255454338,1693227718571,9,4,5
36959,1693227718571,1692255454343,1692255454347,1693227718580,9,4,5
36960,1693227718580,1692255454353,1692255454356,1693227718590,10,3,7
36961,1693227718590,1692255454362,1692255454365,1693227718599,9,3,6
36962,1693227718599,1692255454371,1692255454378,1693227718612,13,7,6
36963,1693227718612,1692255454383,1692255454388,1693227718621,9,5,4
36964,1693227718621,1692255454393,1692255454399,1693227718632,11,6,5
36965,1693227718632,1692255454405,1692255454409,1693227718643,11,4,7
36966,1693227718643,1692255454415,1692255454419,1693227718653,10,4,6
36967,1693227718653,1692255454426,1692255454430,1693227718664,11,4,7
36968,1693227718664,1692255454435,1692255454440,1693227718674,10,5,5
36969,1693227718674,1692255454447,1692255454451,1693227718685,11,4,7
36970,1693227718685,1692255454457,1692255454461,1693227718695,10,4,6
36971,1693227718695,1692255454467,1692255454473,1693227718706,11,6,5
36972,1693227718706,1692255454478,1692255454483,1693227718717,11,5,6
36973,1693227718717,1692255454489,1692255454493,1693227718726,9,4,5
36974,1693227718726,1692255454502,1692255454506,1693227718739,13,4,9
36975,1693227718739,1692255454512,1692255454517,1693227718751,12,5,7
36976,1693227718751,1692255454525,1692255454529,1693227718762,11,4,7
36977,1693227718762,1692255454534,1692255454538,1693227718772,10,4,6
36978,1693227718772,1692255454544,1692255454548,1693227718781,9,4,5
36979,1693227718781,1692255454553,1692255454558,1693227718791,10,5,5
36980,1693227718791,1692255454563,1692255454566,1693227718800,9,3,6
36981,1693227718800,1692255454572,1692255454576,1693227718809,9,4,5
36982,1693227718809,1692255454581,1692255454585,1693227718819,10,4,6
36983,1693227718819,1692255454590,1692255454594,1693227718828,9,4,5
36984,1693227718828,1692255454599,1692255454604,1693227718837,9,5,4
36985,1693227718837,1692255454610,1692255454614,1693227718848,11,4,7
36986,1693227718848,1692255454620,1692255454623,1693227718858,10,3,7
36987,1693227718858,1692255454630,1692255454634,1693227718867,9,4,5
36988,1693227718867,1692255454639,1692255454643,1693227718877,10,4,6
36989,1693227718877,1692255454649,1692255454653,1693227718887,10,4,6
36990,1693227718887,1692255454659,1692255454664,1693227718901,14,5,9
36991,1693227718902,1692255454674,1692255454680,1693227718914,12,6,6
36992,1693227718914,1692255454686,1692255454691,1693227718924,10,5,5
36993,1693227718924,1692255454696,1692255454701,1693227718935,11,5,6
36994,1693227718935,1692255454707,1692255454712,1693227718945,10,5,5
36995,1693227718946,1692255454717,1692255454722,1693227718955,9,5,4
36996,1693227718955,1692255454727,1692255454732,1693227718966,11,5,6
36997,1693227718966,1692255454738,1692255454742,1693227718976,10,4,6
36998,1693227718976,1692255454747,1692255454753,1693227718986,10,6,4
36999,1693227718986,1692255454759,1692255454766,1693227719000,14,7,7
37000,1693227719000,1692255454771,1692255454775,1693227719009,9,4,5
37001,1693227719010,1692255454782,1692255454787,1693227719021,11,5,6
37002,1693227719021,1692255454793,1692255454797,1693227719031,10,4,6
37003,1693227719031,1692255454803,1692255454808,1693227719041,10,5,5
37004,1693227719041,1692255454814,1692255454819,1693227719052,11,5,6
37005,1693227719052,1692255454824,1692255454829,1693227719063,11,5,6
37006,1693227719063,1692255454835,1692255454840,1693227719074,11,5,6
37007,1693227719074,1692255454846,1692255454851,1693227719085,11,5,6
37008,1693227719085,1692255454856,1692255454861,1693227719095,10,5,5
37009,1693227719095,1692255454867,1692255454872,1693227719106,11,5,6
37010,1693227719106,1692255454878,1692255454883,1693227719117,11,5,6
37011,1693227719117,1692255454889,1692255454894,1693227719127,10,5,5
37012,1693227719127,1692255454902,1692255454906,1693227719140,13,4,9
37013,1693227719140,1692255454912,1692255454917,1693227719150,10,5,5
37014,1693227719151,1692255454923,1692255454928,1693227719161,10,5,5
37015,1693227719161,1692255454935,1692255454940,1693227719174,13,5,8
37016,1693227719174,1692255454946,1692255454951,1693227719184,10,5,5
37017,1693227719184,1692255454956,1692255454961,1693227719195,11,5,6
37018,1693227719195,1692255454967,1692255454971,1693227719205,10,4,6
37019,1693227719205,1692255454977,1692255454981,1693227719215,10,4,6
37020,1693227719215,1692255454987,1692255454992,1693227719225,10,5,5
37021,1693227719225,1692255454997,1692255455001,1693227719235,10,4,6
37022,1693227719235,1692255455007,1692255455012,1693227719246,11,5,6
37023,1693227719246,1692255455018,1692255455023,1693227719256,10,5,5
37024,1693227719256,1692255455028,1692255455033,1693227719267,11,5,6
37025,1693227719267,1692255455039,1692255455044,1693227719278,11,5,6
37026,1693227719278,1692255455055,1692255455059,1693227719293,15,4,11
37027,1693227719293,1692255455066,1692255455070,1693227719303,10,4,6
37028,1693227719303,1692255455076,1692255455081,1693227719315,12,5,7
37029,1693227719315,1692255455087,1692255455092,1693227719325,10,5,5
37030,1693227719325,1692255455098,1692255455102,1693227719336,11,4,7
37031,1693227719336,1692255455109,1692255455114,1693227719347,11,5,6
37032,1693227719348,1692255455120,1692255455124,1693227719358,10,4,6
37033,1693227719358,1692255455130,1692255455135,1693227719370,12,5,7
37034,1693227719370,1692255455143,1692255455150,1693227719383,13,7,6
37035,1693227719383,1692255455162,1692255455166,1693227719400,17,4,13
37036,1693227719400,1692255455172,1692255455180,1693227719414,14,8,6
37037,1693227719414,1692255455186,1692255455191,1693227719425,11,5,6
37038,1693227719425,1692255455197,1692255455203,1693227719436,11,6,5
37039,1693227719436,1692255455210,1692255455214,1693227719448,12,4,8
37040,1693227719448,1692255455220,1692255455224,1693227719457,9,4,5
37041,1693227719457,1692255455229,1692255455233,1693227719466,9,4,5
37042,1693227719466,1692255455238,1692255455243,1693227719476,10,5,5
37043,1693227719476,1692255455248,1692255455252,1693227719485,9,4,5
37044,1693227719485,1692255455257,1692255455261,1693227719494,9,4,5
37045,1693227719494,1692255455270,1692255455274,1693227719507,13,4,9
37046,1693227719507,1692255455280,1692255455285,1693227719518,11,5,6
37047,1693227719518,1692255455290,1692255455295,1693227719529,11,5,6
37048,1693227719529,1692255455302,1692255455308,1693227719541,12,6,6
37049,1693227719541,1692255455314,1692255455318,1693227719552,11,4,7
37050,1693227719552,1692255455324,1692255455328,1693227719562,10,4,6
37051,1693227719562,1692255455334,1692255455339,1693227719576,14,5,9
37052,1693227719576,1692255455348,1692255455353,1693227719587,11,5,6
37053,1693227719587,1692255455359,1692255455364,1693227719598,11,5,6
37054,1693227719598,1692255455371,1692255455375,1693227719609,11,4,7
37055,1693227719609,1692255455382,1692255455386,1693227719619,10,4,6
37056,1693227719619,1692255455391,1692255455395,1693227719630,11,4,7
37057,1693227719630,1692255455402,1692255455409,1693227719645,15,7,8
37058,1693227719645,1692255455418,1692255455421,1693227719656,11,3,8
37059,1693227719656,1692255455428,1692255455432,1693227719666,10,4,6
37060,1693227719666,1692255455441,1692255455445,1693227719683,17,4,13
37061,1693227719683,1692255455456,1692255455461,1693227719695,12,5,7
37062,1693227719695,1692255455467,1692255455473,1693227719706,11,6,5
37063,1693227719706,1692255455479,1692255455484,1693227719718,12,5,7
37064,1693227719718,1692255455490,1692255455496,1693227719729,11,6,5
37065,1693227719729,1692255455502,1692255455507,1693227719741,12,5,7
37066,1693227719741,1692255455513,1692255455519,1693227719753,12,6,6
37067,1693227719753,1692255455527,1692255455532,1693227719766,13,5,8
37068,1693227719766,1692255455539,1692255455544,1693227719779,13,5,8
37069,1693227719779,1692255455552,1692255455556,1693227719790,11,4,7
37070,1693227719790,1692255455563,1692255455567,1693227719801,11,4,7
37071,1693227719801,1692255455573,1692255455577,1693227719811,10,4,6
37072,1693227719811,1692255455584,1692255455592,1693227719825,14,8,6
37073,1693227719825,1692255455606,1692255455611,1693227719845,20,5,15
37074,1693227719845,1692255455619,1692255455624,1693227719858,13,5,8
37075,1693227719858,1692255455630,1692255455635,1693227719868,10,5,5
37076,1693227719868,1692255455640,1692255455645,1693227719882,14,5,9
37077,1693227719882,1692255455654,1692255455659,1693227719893,11,5,6
37078,1693227719893,1692255455665,1692255455670,1693227719907,14,5,9
37079,1693227719907,1692255455679,1692255455684,1693227719917,10,5,5
37080,1693227719917,1692255455689,1692255455694,1693227719927,10,5,5
37081,1693227719927,1692255455702,1692255455706,1693227719940,13,4,9
37082,1693227719940,1692255455713,1692255455717,1693227719951,11,4,7
37083,1693227719951,1692255455723,1692255455728,1693227719962,11,5,6
37084,1693227719962,1692255455734,1692255455738,1693227719972,10,4,6
37085,1693227719972,1692255455744,1692255455748,1693227719984,12,4,8
37086,1693227719984,1692255455756,1692255455760,1693227719993,9,4,5
37087,1693227719993,1692255455765,1692255455769,1693227720002,9,4,5
37088,1693227720002,1692255455775,1692255455779,1693227720013,11,4,7
37089,1693227720013,1692255455785,1692255455791,1693227720025,12,6,6
37090,1693227720025,1692255455798,1692255455803,1693227720036,11,5,6
37091,1693227720036,1692255455808,1692255455813,1693227720047,11,5,6
37092,1693227720047,1692255455819,1692255455825,1693227720059,12,6,6
37093,1693227720059,1692255455831,1692255455836,1693227720070,11,5,6
37094,1693227720070,1692255455842,1692255455847,1693227720081,11,5,6
37095,1693227720081,1692255455854,1692255455859,1693227720092,11,5,6
37096,1693227720092,1692255455865,1692255455869,1693227720103,11,4,7
37097,1693227720103,1692255455876,1692255455881,1693227720115,12,5,7
37098,1693227720115,1692255455887,1692255455891,1693227720125,10,4,6
37099,1693227720125,1692255455897,1692255455902,1693227720135,10,5,5
37100,1693227720135,1692255455907,1692255455912,1693227720146,11,5,6
37101,1693227720146,1692255455918,1692255455923,1693227720157,11,5,6
37102,1693227720157,1692255455929,1692255455934,1693227720168,11,5,6
37103,1693227720168,1692255455940,1692255455945,1693227720179,11,5,6
37104,1693227720179,1692255455951,1692255455956,1693227720190,11,5,6
37105,1693227720190,1692255455963,1692255455970,1693227720204,14,7,7
37106,1693227720204,1692255455977,1692255455982,1693227720216,12,5,7
37107,1693227720216,1692255455989,1692255455994,1693227720227,11,5,6
37108,1693227720227,1692255456000,1692255456008,1693227720241,14,8,6
37109,1693227720241,1692255456014,1692255456020,1693227720253,12,6,6
37110,1693227720253,1692255456026,1692255456032,1693227720266,13,6,7
37111,1693227720266,1692255456038,1692255456044,1693227720278,12,6,6
37112,1693227720278,1692255456059,1692255456063,1693227720297,19,4,15
37113,1693227720297,1692255456069,1692255456074,1693227720308,11,5,6
37114,1693227720308,1692255456080,1692255456085,1693227720318,10,5,5
37115,1693227720318,1692255456091,1692255456095,1693227720329,11,4,7
37116,1693227720329,1692255456101,1692255456106,1693227720340,11,5,6
37117,1693227720340,1692255456112,1692255456116,1693227720350,10,4,6
37118,1693227720350,1692255456122,1692255456127,1693227720361,11,5,6
37119,1693227720361,1692255456133,1692255456138,1693227720371,10,5,5
37120,1693227720371,1692255456144,1692255456148,1693227720382,11,4,7
37121,1693227720382,1692255456154,1692255456159,1693227720394,12,5,7
37122,1693227720394,1692255456166,1692255456171,1693227720405,11,5,6
37123,1693227720405,1692255456177,1692255456182,1693227720416,11,5,6
37124,1693227720416,1692255456188,1692255456193,1693227720427,11,5,6
37125,1693227720427,1692255456199,1692255456205,1693227720438,11,6,5
37126,1693227720438,1692255456210,1692255456214,1693227720448,10,4,6
37127,1693227720448,1692255456220,1692255456224,1693227720458,10,4,6
37128,1693227720458,1692255456230,1692255456234,1693227720468,10,4,6
37129,1693227720468,1692255456239,1692255456243,1693227720477,9,4,5
37130,1693227720477,1692255456249,1692255456253,1693227720486,9,4,5
37131,1693227720486,1692255456258,1692255456263,1693227720497,11,5,6
37132,1693227720497,1692255456269,1692255456274,1693227720508,11,5,6
37133,1693227720508,1692255456280,1692255456285,1693227720519,11,5,6
37134,1693227720519,1692255456291,1692255456296,1693227720530,11,5,6
37135,1693227720530,1692255456302,1692255456307,1693227720541,11,5,6
37136,1693227720541,1692255456313,1692255456318,1693227720552,11,5,6
37137,1693227720552,1692255456324,1692255456329,1693227720563,11,5,6
37138,1693227720563,1692255456337,1692255456342,1693227720576,13,5,8
37139,1693227720576,1692255456348,1692255456352,1693227720585,9,4,5
37140,1693227720585,1692255456357,1692255456363,1693227720600,15,6,9
37141,1693227720600,1692255456372,1692255456378,1693227720612,12,6,6
37142,1693227720612,1692255456384,1692255456397,1693227720630,18,13,5
37143,1693227720630,1692255456408,1692255456414,1693227720647,17,6,11
37144,1693227720647,1692255456420,1692255456424,1693227720658,11,4,7
37145,1693227720658,1692255456430,1692255456436,1693227720669,11,6,5
37146,1693227720670,1692255456441,1692255456445,1693227720679,9,4,5
37147,1693227720679,1692255456451,1692255456456,1693227720690,11,5,6
37148,1693227720690,1692255456462,1692255456467,1693227720701,11,5,6
37149,1693227720701,1692255456473,1692255456477,1693227720710,9,4,5
37150,1693227720710,1692255456485,1692255456490,1693227720724,14,5,9
37151,1693227720724,1692255456497,1692255456502,1693227720736,12,5,7
37152,1693227720736,1692255456508,1692255456513,1693227720746,10,5,5
37153,1693227720746,1692255456519,1692255456523,1693227720757,11,4,7
37154,1693227720757,1692255456530,1692255456534,1693227720768,11,4,7
37155,1693227720768,1692255456541,1692255456546,1693227720780,12,5,7
37156,1693227720780,1692255456552,1692255456557,1693227720790,10,5,5
37157,1693227720790,1692255456562,1692255456567,1693227720803,13,5,8
37158,1693227720803,1692255456576,1692255456581,1693227720814,11,5,6
37159,1693227720814,1692255456587,1692255456593,1693227720827,13,6,7
37160,1693227720827,1692255456599,1692255456604,1693227720837,10,5,5
37161,1693227720837,1692255456611,1692255456616,1693227720850,13,5,8
37162,1693227720850,1692255456622,1692255456627,1693227720861,11,5,6
37163,1693227720861,1692255456643,1692255456648,1693227720882,21,5,16
37164,1693227720882,1692255456654,1692255456659,1693227720893,11,5,6
37165,1693227720893,1692255456666,1692255456670,1693227720906,13,4,9
37166,1693227720906,1692255456683,1692255456688,1693227720921,15,5,10
37167,1693227720921,1692255456693,1692255456698,1693227720931,10,5,5
37168,1693227720932,1692255456705,1692255456710,1693227720943,11,5,6
37169,1693227720944,1692255456716,1692255456721,1693227720955,11,5,6
37170,1693227720955,1692255456728,1692255456732,1693227720966,11,4,7
37171,1693227720966,1692255456738,1692255456742,1693227720976,10,4,6
37172,1693227720976,1692255456748,1692255456754,1693227720987,11,6,5
37173,1693227720987,1692255456760,1692255456764,1693227720998,11,4,7
37174,1693227720998,1692255456771,1692255456776,1693227721010,12,5,7
37175,1693227721010,1692255456783,1692255456787,1693227721021,11,4,7
37176,1693227721021,1692255456793,1692255456797,1693227721031,10,4,6
37177,1693227721031,1692255456806,1692255456810,1693227721045,14,4,10
37178,1693227721045,1692255456817,1692255456821,1693227721055,10,4,6
37179,1693227721055,1692255456830,1692255456835,1693227721068,13,5,8
37180,1693227721069,1692255456840,1692255456845,1693227721079,10,5,5
37181,1693227721079,1692255456850,1692255456855,1693227721088,9,5,4
37182,1693227721088,1692255456862,1692255456870,1693227721103,15,8,7
37183,1693227721103,1692255456875,1692255456880,1693227721115,12,5,7
37184,1693227721115,1692255456887,1692255456892,1693227721126,11,5,6
37185,1693227721126,1692255456898,1692255456903,1693227721137,11,5,6
37186,1693227721137,1692255456909,1692255456913,1693227721147,10,4,6
37187,1693227721147,1692255456919,1692255456923,1693227721157,10,4,6
37188,1693227721157,1692255456930,1692255456935,1693227721169,12,5,7
37189,1693227721169,1692255456941,1692255456946,1693227721180,11,5,6
37190,1693227721180,1692255456952,1692255456957,1693227721191,11,5,6
37191,1693227721191,1692255456964,1692255456970,1693227721203,12,6,6
37192,1693227721203,1692255456976,1692255456980,1693227721214,11,4,7
37193,1693227721214,1692255456986,1692255456990,1693227721225,11,4,7
37194,1693227721225,1692255456996,1692255457002,1693227721235,10,6,4
37195,1693227721235,1692255457007,1692255457011,1693227721245,10,4,6
37196,1693227721245,1692255457018,1692255457022,1693227721256,11,4,7
37197,1693227721256,1692255457028,1692255457032,1693227721266,10,4,6
37198,1693227721266,1692255457038,1692255457044,1693227721277,11,6,5
37199,1693227721277,1692255457054,1692255457059,1693227721293,16,5,11
37200,1693227721293,1692255457065,1692255457070,1693227721303,10,5,5
37201,1693227721303,1692255457075,1692255457080,1693227721315,12,5,7
37202,1693227721315,1692255457088,1692255457093,1693227721326,11,5,6
37203,1693227721327,1692255457101,1692255457105,1693227721339,12,4,8
37204,1693227721339,1692255457113,1692255457118,1693227721351,12,5,7
37205,1693227721351,1692255457123,1692255457128,1693227721361,10,5,5
37206,1693227721361,1692255457134,1692255457138,1693227721371,10,4,6
37207,1693227721371,1692255457144,1692255457149,1693227721382,11,5,6
37208,1693227721382,1692255457155,1692255457160,1693227721394,12,5,7
37209,1693227721394,1692255457170,1692255457175,1693227721408,14,5,9
37210,1693227721409,1692255457181,1692255457186,1693227721419,10,5,5
37211,1693227721420,1692255457192,1692255457196,1693227721430,10,4,6
37212,1693227721430,1692255457202,1692255457207,1693227721441,11,5,6
37213,1693227721441,1692255457214,1692255457218,1693227721452,11,4,7
37214,1693227721452,1692255457224,1692255457228,1693227721462,10,4,6
37215,1693227721462,1692255457234,1692255457238,1693227721472,10,4,6
37216,1693227721472,1692255457245,1692255457250,1693227721484,12,5,7
37217,1693227721484,1692255457258,1692255457263,1693227721497,13,5,8
37218,1693227721497,1692255457269,1692255457275,1693227721509,12,6,6
37219,1693227721509,1692255457281,1692255457288,1693227721522,13,7,6
37220,1693227721522,1692255457294,1692255457298,1693227721532,10,4,6
37221,1693227721532,1692255457304,1692255457308,1693227721541,9,4,5
37222,1693227721541,1692255457313,1692255457318,1693227721552,11,5,6
37223,1693227721552,1692255457324,1692255457329,1693227721563,11,5,6
37224,1693227721563,1692255457335,1692255457342,1693227721576,13,7,6
37225,1693227721576,1692255457348,1692255457354,1693227721588,12,6,6
37226,1693227721588,1692255457360,1692255457365,1693227721599,11,5,6
37227,1693227721599,1692255457371,1692255457377,1693227721611,12,6,6
37228,1693227721611,1692255457383,1692255457389,1693227721623,12,6,6
37229,1693227721623,1692255457396,1692255457401,1693227721635,12,5,7
37230,1693227721635,1692255457409,1692255457414,1693227721648,13,5,8
37231,1693227721648,1692255457421,1692255457427,1693227721660,12,6,6
37232,1693227721660,1692255457433,1692255457438,1693227721671,11,5,6
37233,1693227721671,1692255457443,1692255457449,1693227721682,11,6,5
37234,1693227721683,1692255457456,1692255457461,1693227721694,11,5,6
37235,1693227721695,1692255457467,1692255457472,1693227721705,10,5,5
37236,1693227721705,1692255457478,1692255457483,1693227721717,12,5,7
37237,1693227721717,1692255457492,1692255457497,1693227721731,14,5,9
37238,1693227721731,1692255457503,1692255457508,1693227721745,14,5,9
37239,1693227721745,1692255457520,1692255457524,1693227721758,13,4,9
37240,1693227721758,1692255457530,1692255457535,1693227721769,11,5,6
37241,1693227721769,1692255457541,1692255457547,1693227721780,11,6,5
37242,1693227721780,1692255457553,1692255457557,1693227721791,11,4,7
37243,1693227721791,1692255457566,1692255457570,1693227721804,13,4,9
37244,1693227721804,1692255457576,1692255457580,1693227721815,11,4,7
37245,1693227721815,1692255457588,1692255457594,1693227721828,13,6,7
37246,1693227721828,1692255457600,1692255457605,1693227721839,11,5,6
37247,1693227721839,1692255457611,1692255457616,1693227721850,11,5,6
37248,1693227721850,1692255457623,1692255457628,1693227721862,12,5,7
37249,1693227721862,1692255457634,1692255457640,1693227721873,11,6,5
37250,1693227721873,1692255457646,1692255457651,1693227721885,12,5,7
37251,1693227721885,1692255457658,1692255457663,1693227721897,12,5,7
37252,1693227721897,1692255457679,1692255457683,1693227721920,23,4,19
37253,1693227721920,1692255457693,1692255457698,1693227721932,12,5,7
37254,1693227721932,1692255457705,1692255457710,1693227721945,13,5,8
37255,1693227721945,1692255457719,1692255457727,1693227721961,16,8,8
37256,1693227721961,1692255457733,1692255457738,1693227721972,11,5,6
37257,1693227721972,1692255457744,1692255457749,1693227721982,10,5,5
37258,1693227721982,1692255457755,1692255457760,1693227721994,12,5,7
37259,1693227721994,1692255457766,1692255457771,1693227722004,10,5,5
37260,1693227722004,1692255457777,1692255457782,1693227722016,12,5,7
37261,1693227722016,1692255457788,1692255457793,1693227722026,10,5,5
37262,1693227722026,1692255457798,1692255457803,1693227722037,11,5,6
37263,1693227722037,1692255457809,1692255457814,1693227722047,10,5,5
37264,1693227722047,1692255457821,1692255457826,1693227722060,13,5,8
37265,1693227722060,1692255457832,1692255457836,1693227722070,10,4,6
37266,1693227722070,1692255457843,1692255457847,1693227722081,11,4,7
37267,1693227722081,1692255457854,1692255457859,1693227722092,11,5,6
37268,1693227722092,1692255457865,1692255457869,1693227722103,11,4,7
37269,1693227722103,1692255457876,1692255457881,1693227722115,12,5,7
37270,1693227722115,1692255457886,1692255457890,1693227722124,9,4,5
37271,1693227722124,1692255457896,1692255457900,1693227722134,10,4,6
37272,1693227722135,1692255457907,1692255457911,1693227722145,10,4,6
37273,1693227722145,1692255457918,1692255457922,1693227722155,10,4,6
37274,1693227722155,1692255457927,1692255457932,1693227722166,11,5,6
37275,1693227722166,1692255457939,1692255457944,1693227722178,12,5,7
37276,1693227722178,1692255457950,1692255457955,1693227722189,11,5,6
37277,1693227722189,1692255457961,1692255457966,1693227722199,10,5,5
37278,1693227722199,1692255457971,1692255457976,1693227722210,11,5,6
37279,1693227722210,1692255457983,1692255457988,1693227722222,12,5,7
37280,1693227722222,1692255457994,1692255457999,1693227722232,10,5,5
37281,1693227722232,1692255458007,1692255458016,1693227722249,17,9,8
37282,1693227722249,1692255458022,1692255458027,1693227722261,12,5,7
37283,1693227722261,1692255458034,1692255458039,1693227722273,12,5,7
37284,1693227722273,1692255458045,1692255458056,1693227722289,16,11,5
37285,1693227722289,1692255458061,1692255458066,1693227722300,11,5,6
37286,1693227722300,1692255458072,1692255458076,1693227722310,10,4,6
37287,1693227722310,1692255458082,1692255458086,1693227722320,10,4,6
37288,1693227722320,1692255458092,1692255458096,1693227722330,10,4,6
37289,1693227722330,1692255458103,1692255458107,1693227722340,10,4,6
37290,1693227722340,1692255458113,1692255458117,1693227722350,10,4,6
37291,1693227722351,1692255458123,1692255458130,1693227722364,13,7,6
37292,1693227722364,1692255458136,1692255458140,1693227722374,10,4,6
37293,1693227722374,1692255458146,1692255458150,1693227722384,10,4,6
37294,1693227722384,1692255458155,1692255458160,1693227722394,10,5,5
37295,1693227722394,1692255458166,1692255458170,1693227722403,9,4,5
37296,1693227722403,1692255458176,1692255458180,1693227722414,11,4,7
37297,1693227722414,1692255458185,1692255458189,1693227722422,8,4,4
37298,1693227722422,1692255458195,1692255458200,1693227722433,11,5,6
37299,1693227722433,1692255458208,1692255458212,1693227722446,13,4,9
37300,1693227722446,1692255458218,1692255458222,1693227722456,10,4,6
37301,1693227722456,1692255458228,1692255458232,1693227722466,10,4,6
37302,1693227722466,1692255458239,1692255458243,1693227722477,11,4,7
37303,1693227722477,1692255458249,1692255458255,1693227722488,11,6,5
37304,1693227722488,1692255458261,1692255458266,1693227722500,12,5,7
37305,1693227722500,1692255458271,1692255458276,1693227722510,10,5,5
37306,1693227722510,1692255458282,1692255458286,1693227722519,9,4,5
37307,1693227722519,1692255458291,1692255458296,1693227722530,11,5,6
37308,1693227722530,1692255458302,1692255458306,1693227722539,9,4,5
37309,1693227722539,1692255458311,1692255458315,1693227722549,10,4,6
37310,1693227722549,1692255458320,1692255458324,1693227722558,9,4,5
37311,1693227722558,1692255458330,1692255458334,1693227722567,9,4,5
37312,1693227722567,1692255458340,1692255458344,1693227722577,10,4,6
37313,1693227722577,1692255458349,1692255458354,1693227722587,10,5,5
37314,1693227722587,1692255458359,1692255458363,1693227722597,10,4,6
37315,1693227722597,1692255458368,1692255458372,1693227722605,8,4,4
37316,1693227722605,1692255458377,1692255458382,1693227722615,10,5,5
37317,1693227722616,1692255458387,1692255458391,1693227722625,9,4,5
37318,1693227722625,1692255458396,1692255458400,1693227722633,8,4,4
37319,1693227722633,1692255458408,1692255458412,1693227722647,14,4,10
37320,1693227722647,1692255458420,1692255458424,1693227722658,11,4,7
37321,1693227722658,1692255458430,1692255458435,1693227722669,11,5,6
37322,1693227722669,1692255458440,1692255458444,1693227722677,8,4,4
37323,1693227722678,1692255458449,1692255458453,1693227722687,9,4,5
37324,1693227722687,1692255458458,1692255458462,1693227722696,9,4,5
37325,1693227722696,1692255458467,1692255458470,1693227722704,8,3,5
37326,1693227722704,1692255458476,1692255458480,1693227722713,9,4,5
37327,1693227722713,1692255458486,1692255458489,1693227722723,10,3,7
37328,1693227722723,1692255458494,1692255458500,1693227722733,10,6,4
37329,1693227722733,1692255458505,1692255458508,1693227722742,9,3,6
37330,1693227722742,1692255458514,1692255458517,1693227722750,8,3,5
37331,1693227722750,1692255458522,1692255458525,1693227722758,8,3,5
37332,1693227722758,1692255458530,1692255458533,1693227722766,8,3,5
37333,1693227722766,1692255458541,1692255458545,1693227722778,12,4,8
37334,1693227722778,1692255458549,1692255458553,1693227722786,8,4,4
37335,1693227722786,1692255458558,1692255458562,1693227722795,9,4,5
37336,1693227722795,1692255458567,1692255458572,1693227722805,10,5,5
37337,1693227722805,1692255458578,1692255458582,1693227722816,11,4,7
37338,1693227722816,1692255458589,1692255458593,1693227722826,10,4,6
37339,1693227722826,1692255458598,1692255458602,1693227722835,9,4,5
37340,1693227722835,1692255458607,1692255458610,1693227722844,9,3,6
37341,1693227722844,1692255458616,1692255458620,1693227722854,10,4,6
37342,1693227722854,1692255458626,1692255458630,1693227722863,9,4,5
37343,1693227722863,1692255458636,1692255458639,1693227722873,10,3,7
37344,1693227722873,1692255458644,1692255458648,1693227722882,9,4,5
37345,1693227722882,1692255458654,1692255458657,1693227722891,9,3,6
37346,1693227722891,1692255458663,1692255458666,1693227722900,9,3,6
37347,1693227722900,1692255458672,1692255458676,1693227722909,9,4,5
37348,1693227722909,1692255458681,1692255458685,1693227722918,9,4,5
37349,1693227722918,1692255458694,1692255458698,1693227722932,14,4,10
37350,1693227722932,1692255458703,1692255458707,1693227722940,8,4,4
37351,1693227722940,1692255458712,1692255458716,1693227722949,9,4,5
37352,1693227722949,1692255458723,1692255458727,1693227722961,12,4,8
37353,1693227722961,1692255458732,1692255458736,1693227722970,9,4,5
37354,1693227722970,1692255458741,1692255458744,1693227722978,8,3,5
37355,1693227722978,1692255458751,1692255458754,1693227722988,10,3,7
37356,1693227722988,1692255458759,1692255458763,1693227722996,8,4,4
37357,1693227722996,1692255458767,1692255458771,1693227723004,8,4,4
37358,1693227723004,1692255458776,1692255458780,1693227723013,9,4,5
37359,1693227723013,1692255458785,1692255458788,1693227723022,9,3,6
37360,1693227723022,1692255458793,1692255458797,1693227723030,8,4,4
37361,1693227723030,1692255458802,1692255458806,1693227723039,9,4,5
37362,1693227723039,1692255458810,1692255458814,1693227723047,8,4,4
37363,1693227723047,1692255458819,1692255458824,1693227723058,11,5,6
37364,1693227723058,1692255458829,1692255458833,1693227723067,9,4,5
37365,1693227723067,1692255458839,1692255458845,1693227723078,11,6,5
37366,1693227723078,1692255458850,1692255458855,1693227723088,10,5,5
37367,1693227723088,1692255458859,1692255458863,1693227723096,8,4,4
37368,1693227723096,1692255458868,1692255458872,1693227723105,9,4,5
37369,1693227723105,1692255458877,1692255458881,1693227723115,10,4,6
37370,1693227723115,1692255458891,1692255458895,1693227723128,13,4,9
37371,1693227723128,1692255458900,1692255458904,1693227723137,9,4,5
37372,1693227723137,1692255458909,1692255458913,1693227723147,10,4,6
37373,1693227723147,1692255458919,1692255458923,1693227723158,11,4,7
37374,1693227723158,1692255458930,1692255458934,1693227723167,9,4,5
37375,1693227723167,1692255458939,1692255458943,1693227723177,10,4,6
37376,1693227723177,1692255458949,1692255458952,1693227723186,9,3,6
37377,1693227723186,1692255458958,1692255458962,1693227723196,10,4,6
37378,1693227723196,1692255458967,1692255458972,1693227723205,9,5,4
37379,1693227723205,1692255458977,1692255458981,1693227723215,10,4,6
37380,1693227723215,1692255458987,1692255458991,1693227723224,9,4,5
37381,1693227723224,1692255458998,1692255459002,1693227723235,11,4,7
37382,1693227723235,1692255459010,1692255459013,1693227723247,12,3,9
37383,1693227723247,1692255459019,1692255459022,1693227723256,9,3,6
37384,1693227723256,1692255459027,1692255459031,1693227723264,8,4,4
37385,1693227723264,1692255459039,1692255459042,1693227723276,12,3,9
37386,1693227723276,1692255459047,1692255459051,1693227723284,8,4,4
37387,1693227723284,1692255459056,1692255459059,1693227723293,9,3,6
37388,1693227723293,1692255459065,1692255459069,1693227723302,9,4,5
37389,1693227723302,1692255459075,1692255459079,1693227723312,10,4,6
37390,1693227723312,1692255459084,1692255459088,1693227723321,9,4,5
37391,1693227723321,1692255459093,1692255459098,1693227723331,10,5,5
37392,1693227723331,1692255459103,1692255459107,1693227723340,9,4,5
37393,1693227723340,1692255459112,1692255459116,1693227723350,10,4,6
37394,1693227723350,1692255459123,1692255459127,1693227723363,13,4,9
37395,1693227723363,1692255459134,1692255459138,1693227723372,9,4,5
37396,1693227723372,1692255459144,1692255459148,1693227723382,10,4,6
37397,1693227723382,1692255459154,1692255459158,1693227723391,9,4,5
37398,1693227723391,1692255459163,1692255459168,1693227723401,10,5,5
37399,1693227723401,1692255459173,1692255459177,1693227723411,10,4,6
37400,1693227723411,1692255459183,1692255459187,1693227723420,9,4,5
37401,1693227723420,1692255459192,1692255459197,1693227723430,10,5,5
37402,1693227723430,1692255459203,1692255459209,1693227723443,13,6,7
37403,1693227723443,1692255459214,1692255459219,1693227723453,10,5,5
37404,1693227723453,1692255459228,1692255459232,1693227723466,13,4,9
37405,1693227723466,1692255459238,1692255459242,1693227723476,10,4,6
37406,1693227723476,1692255459248,1692255459253,1693227723486,10,5,5
37407,1693227723486,1692255459258,1692255459261,1693227723494,8,3,5
37408,1693227723495,1692255459266,1692255459271,1693227723504,9,5,4
37409,1693227723504,1692255459277,1692255459280,1693227723514,10,3,7
37410,1693227723514,1692255459286,1692255459291,1693227723524,10,5,5
37411,1693227723524,1692255459296,1692255459300,1693227723533,9,4,5
37412,1693227723533,1692255459305,1692255459309,1693227723542,9,4,5
37413,1693227723542,1692255459315,1692255459319,1693227723553,11,4,7
37414,1693227723553,1692255459324,1692255459329,1693227723562,9,5,4
37415,1693227723562,1692255459334,1692255459338,1693227723572,10,4,6
37416,1693227723572,1692255459344,1692255459348,1693227723581,9,4,5
37417,1693227723582,1692255459353,1692255459357,1693227723591,9,4,5
37418,1693227723591,1692255459363,1692255459367,1693227723600,9,4,5
37419,1693227723600,1692255459372,1692255459377,1693227723611,11,5,6
37420,1693227723611,1692255459383,1692255459387,1693227723620,9,4,5
37421,1693227723620,1692255459392,1692255459397,1693227723632,12,5,7
37422,1693227723632,1692255459408,1692255459412,1693227723646,14,4,10
37423,1693227723646,1692255459419,1692255459424,1693227723658,12,5,7
37424,1693227723658,1692255459431,1692255459435,1693227723671,13,4,9
37425,1693227723671,1692255459443,1692255459449,1693227723683,12,6,6
37426,1693227723683,1692255459455,1692255459460,1693227723694,11,5,6
37427,1693227723694,1692255459467,1692255459471,1693227723705,11,4,7
37428,1693227723705,1692255459480,1692255459485,1693227723719,14,5,9
37429,1693227723719,1692255459491,1692255459497,1693227723731,12,6,6
37430,1693227723731,1692255459503,1692255459509,1693227723743,12,6,6
37431,1693227723743,1692255459515,1692255459520,1693227723754,11,5,6
37432,1693227723755,1692255459527,1692255459532,1693227723766,11,5,6
37433,1693227723766,1692255459539,1692255459544,1693227723778,12,5,7
37434,1693227723778,1692255459551,1692255459556,1693227723790,12,5,7
37435,1693227723790,1692255459562,1692255459567,1693227723800,10,5,5
37436,1693227723800,1692255459573,1692255459579,1693227723813,13,6,7
37437,1693227723813,1692255459584,1692255459589,1693227723822,9,5,4
37438,1693227723822,1692255459594,1692255459598,1693227723832,10,4,6
37439,1693227723832,1692255459603,1692255459610,1693227723843,11,7,4
37440,1693227723844,1692255459617,1692255459622,1693227723856,12,5,7
37441,1693227723856,1692255459628,1692255459634,1693227723867,11,6,5
37442,1693227723867,1692255459640,1692255459645,1693227723879,12,5,7
37443,1693227723879,1692255459651,1692255459656,1693227723890,11,5,6
37444,1693227723890,1692255459663,1692255459668,1693227723902,12,5,7
37445,1693227723902,1692255459675,1692255459680,1693227723913,11,5,6
37446,1693227723913,1692255459686,1692255459692,1693227723926,13,6,7
37447,1693227723926,1692255459702,1692255459707,1693227723941,15,5,10
37448,1693227723941,1692255459716,1692255459721,1693227723954,13,5,8
37449,1693227723954,1692255459726,1692255459731,1693227723965,11,5,6
37450,1693227723965,1692255459738,1692255459742,1693227723978,13,4,9
37451,1693227723978,1692255459750,1692255459754,1693227723989,11,4,7
37452,1693227723989,1692255459763,1692255459768,1693227724002,13,5,8
37453,1693227724002,1692255459775,1692255459780,1693227724014,12,5,7
37454,1693227724014,1692255459787,1692255459793,1693227724027,13,6,7
37455,1693227724027,1692255459800,1692255459805,1693227724039,12,5,7
37456,1693227724039,1692255459811,1692255459816,1693227724050,11,5,6
37457,1693227724050,1692255459823,1692255459828,1693227724061,11,5,6
37458,1693227724061,1692255459834,1692255459838,1693227724072,11,4,7
37459,1693227724072,1692255459844,1692255459849,1693227724083,11,5,6
37460,1693227724083,1692255459855,1692255459861,1693227724095,12,6,6
37461,1693227724095,1692255459867,1692255459872,1693227724110,15,5,10
37462,1693227724110,1692255459884,1692255459888,1693227724122,12,4,8
37463,1693227724122,1692255459894,1692255459898,1693227724132,10,4,6
37464,1693227724132,1692255459928,1692255459934,1693227724168,36,6,30
37465,1693227724168,1692255459940,1692255459944,1693227724178,10,4,6
37466,1693227724178,1692255459968,1692255459972,1693227724205,27,4,23
37467,1693227724205,1692255459976,1692255459980,1693227724214,9,4,5
37468,1693227724214,1692255459986,1692255459993,1693227724227,13,7,6
37469,1693227724227,1692255459999,1692255460003,1693227724237,10,4,6
37470,1693227724237,1692255460009,1692255460014,1693227724248,11,5,6
37471,1693227724248,1692255460022,1692255460027,1693227724261,13,5,8
37472,1693227724261,1692255460033,1692255460038,1693227724272,11,5,6
37473,1693227724272,1692255460044,1692255460054,1693227724288,16,10,6
37474,1693227724288,1692255460060,1692255460064,1693227724298,10,4,6
37475,1693227724298,1692255460070,1692255460074,1693227724308,10,4,6
37476,1693227724308,1692255460081,1692255460086,1693227724320,12,5,7
37477,1693227724320,1692255460093,1692255460097,1693227724330,10,4,6
37478,1693227724330,1692255460102,1692255460106,1693227724339,9,4,5
37479,1693227724339,1692255460111,1692255460115,1693227724349,10,4,6
37480,1693227724349,1692255460121,1692255460125,1693227724359,10,4,6
37481,1693227724359,1692255460131,1692255460135,1693227724369,10,4,6
37482,1693227724369,1692255460141,1692255460145,1693227724379,10,4,6
37483,1693227724379,1692255460151,1692255460156,1693227724390,11,5,6
37484,1693227724390,1692255460162,1692255460168,1693227724401,11,6,5
37485,1693227724401,1692255460174,1692255460178,1693227724411,10,4,6
37486,1693227724411,1692255460185,1692255460189,1693227724423,12,4,8
37487,1693227724423,1692255460195,1692255460199,1693227724432,9,4,5
37488,1693227724432,1692255460205,1692255460211,1693227724445,13,6,7
37489,1693227724445,1692255460217,1692255460221,1693227724454,9,4,5
37490,1693227724454,1692255460226,1692255460230,1693227724463,9,4,5
37491,1693227724463,1692255460236,1692255460241,1693227724474,11,5,6
37492,1693227724474,1692255460246,1692255460251,1693227724485,11,5,6
37493,1693227724485,1692255460259,1692255460263,1693227724496,11,4,7
37494,1693227724496,1692255460268,1692255460275,1693227724509,13,7,6
37495,1693227724509,1692255460281,1692255460286,1693227724519,10,5,5
37496,1693227724519,1692255460291,1692255460295,1693227724528,9,4,5
37497,1693227724528,1692255460300,1692255460305,1693227724538,10,5,5
37498,1693227724538,1692255460312,1692255460316,1693227724549,11,4,7
37499,1693227724549,1692255460322,1692255460325,1693227724559,10,3,7
37500,1693227724559,1692255460331,1692255460334,1693227724568,9,3,6
37501,1693227724568,1692255460341,1692255460345,1693227724579,11,4,7
37502,1693227724579,1692255460351,1692255460355,1693227724589,10,4,6
37503,1693227724589,1692255460362,1692255460368,1693227724601,12,6,6
37504,1693227724601,1692255460374,1692255460379,1693227724613,12,5,7
37505,1693227724613,1692255460386,1692255460391,1693227724625,12,5,7
37506,1693227724625,1692255460397,1692255460402,1693227724635,10,5,5
37507,1693227724635,1692255460411,1692255460417,1693227724651,16,6,10
37508,1693227724651,1692255460424,1692255460429,1693227724663,12,5,7
37509,1693227724663,1692255460435,1692255460440,1693227724673,10,5,5
37510,1693227724673,1692255460445,1692255460450,1693227724684,11,5,6
37511,1693227724684,1692255460456,1692255460461,1693227724696,12,5,7
37512,1693227724696,1692255460468,1692255460474,1693227724707,11,6,5
37513,1693227724707,1692255460479,1692255460484,1693227724718,11,5,6
37514,1693227724718,1692255460490,1692255460494,1693227724728,10,4,6
37515,1693227724728,1692255460499,1692255460504,1693227724737,9,5,4
37516,1693227724737,1692255460510,1692255460514,1693227724747,10,4,6
37517,1693227724747,1692255460519,1692255460523,1693227724757,10,4,6
37518,1693227724757,1692255460528,1692255460533,1693227724766,9,5,4
37519,1693227724766,1692255460538,1692255460543,1693227724777,11,5,6
37520,1693227724777,1692255460553,1692255460557,1693227724790,13,4,9
37521,1693227724790,1692255460562,1692255460566,1693227724799,9,4,5
37522,1693227724799,1692255460571,1692255460575,1693227724808,9,4,5
37523,1693227724808,1692255460580,1692255460584,1693227724818,10,4,6
37524,1693227724818,1692255460590,1692255460594,1693227724828,10,4,6
37525,1693227724828,1692255460601,1692255460605,1693227724839,11,4,7
37526,1693227724839,1692255460611,1692255460615,1693227724849,10,4,6
37527,1693227724849,1692255460621,1692255460625,1693227724859,10,4,6
37528,1693227724859,1692255460631,1692255460635,1693227724868,9,4,5
37529,1693227724868,1692255460641,1692255460645,1693227724879,11,4,7
37530,1693227724879,1692255460650,1692255460654,1693227724887,8,4,4
37531,1693227724887,1692255460660,1692255460663,1693227724896,9,3,6
37532,1693227724896,1692255460669,1692255460673,1693227724907,11,4,7
37533,1693227724907,1692255460679,1692255460683,1693227724916,9,4,5
37534,1693227724916,1692255460688,1692255460694,1693227724927,11,6,5
37535,1693227724927,1692255460699,1692255460704,1693227724937,10,5,5
37536,1693227724937,1692255460710,1692255460714,1693227724947,10,4,6
37537,1693227724947,1692255460719,1692255460724,1693227724957,10,5,5
37538,1693227724957,1692255460730,1692255460734,1693227724967,10,4,6
37539,1693227724967,1692255460739,1692255460744,1693227724977,10,5,5
37540,1693227724977,1692255460749,1692255460754,1693227724988,11,5,6
37541,1693227724988,1692255460767,1692255460771,1693227725005,17,4,13
37542,1693227725005,1692255460777,1692255460781,1693227725014,9,4,5
37543,1693227725015,1692255460787,1692255460790,1693227725024,9,3,6
37544,1693227725024,1692255460796,1692255460800,1693227725033,9,4,5
37545,1693227725033,1692255460804,1692255460809,1693227725042,9,5,4
37546,1693227725042,1692255460814,1692255460818,1693227725051,9,4,5
37547,1693227725051,1692255460822,1692255460827,1693227725061,10,5,5
37548,1693227725061,1692255460832,1692255460837,1693227725071,10,5,5
37549,1693227725071,1692255460844,1692255460849,1693227725082,11,5,6
37550,1693227725082,1692255460854,1692255460858,1693227725091,9,4,5
37551,1693227725091,1692255460863,1692255460866,1693227725099,8,3,5
37552,1693227725099,1692255460870,1692255460874,1693227725108,9,4,5
37553,1693227725108,1692255460880,1692255460884,1693227725117,9,4,5
37554,1693227725117,1692255460889,1692255460893,1693227725127,10,4,6
37555,1693227725127,1692255460899,1692255460904,1693227725137,10,5,5
37556,1693227725137,1692255460908,1692255460913,1693227725146,9,5,4
37557,1693227725146,1692255460918,1692255460922,1693227725155,9,4,5
37558,1693227725155,1692255460927,1692255460931,1693227725165,10,4,6
37559,1693227725165,1692255460937,1692255460941,1693227725174,9,4,5
37560,1693227725174,1692255460946,1692255460950,1693227725183,9,4,5
37561,1693227725183,1692255460956,1692255460961,1693227725194,11,5,6
37562,1693227725194,1692255460968,1692255460972,1693227725206,12,4,8
37563,1693227725206,1692255460978,1692255460982,1693227725215,9,4,5
37564,1693227725215,1692255460987,1692255460991,1693227725224,9,4,5
37565,1693227725224,1692255460996,1692255461001,1693227725234,10,5,5
37566,1693227725234,1692255461006,1692255461010,1693227725243,9,4,5
37567,1693227725243,1692255461015,1692255461018,1693227725252,9,3,6
37568,1693227725252,1692255461023,1692255461030,1693227725263,11,7,4
37569,1693227725264,1692255461035,1692255461039,1693227725273,9,4,5
37570,1693227725273,1692255461046,1692255461051,1693227725284,11,5,6
37571,1693227725284,1692255461056,1692255461060,1693227725294,10,4,6
37572,1693227725294,1692255461066,1692255461070,1693227725303,9,4,5
37573,1693227725303,1692255461076,1692255461081,1693227725314,11,5,6
37574,1693227725314,1692255461086,1692255461092,1693227725325,11,6,5
37575,1693227725325,1692255461097,1692255461102,1693227725335,10,5,5
37576,1693227725335,1692255461107,1692255461112,1693227725345,10,5,5
37577,1693227725345,1692255461127,1692255461131,1693227725364,19,4,15
37578,1693227725364,1692255461136,1692255461143,1693227725377,13,7,6
37579,1693227725377,1692255461149,1692255461153,1693227725389,12,4,8
37580,1693227725389,1692255461161,1692255461165,1693227725398,9,4,5
37581,1693227725398,1692255461170,1692255461175,1693227725408,10,5,5
37582,1693227725408,1692255461182,1692255461185,1693227725418,10,3,7
37583,1693227725418,1692255461190,1692255461194,1693227725428,10,4,6
37584,1693227725428,1692255461200,1692255461206,1693227725439,11,6,5
37585,1693227725439,1692255461211,1692255461216,1693227725449,10,5,5
37586,1693227725449,1692255461220,1692255461224,1693227725458,9,4,5
37587,1693227725458,1692255461229,1692255461233,1693227725467,9,4,5
37588,1693227725467,1692255461239,1692255461243,1693227725478,11,4,7
37589,1693227725478,1692255461250,1692255461254,1693227725487,9,4,5
37590,1693227725487,1692255461258,1692255461263,1693227725496,9,5,4
37591,1693227725496,1692255461270,1692255461274,1693227725507,11,4,7
37592,1693227725507,1692255461279,1692255461283,1693227725517,10,4,6
37593,1693227725517,1692255461294,1692255461298,1693227725532,15,4,11
37594,1693227725532,1692255461303,1692255461308,1693227725542,10,5,5
37595,1693227725542,1692255461314,1692255461318,1693227725552,10,4,6
37596,1693227725552,1692255461324,1692255461328,1693227725561,9,4,5
37597,1693227725561,1692255461333,1692255461337,1693227725570,9,4,5
37598,1693227725570,1692255461342,1692255461346,1693227725579,9,4,5
37599,1693227725579,1692255461354,1692255461358,1693227725592,13,4,9
37600,1693227725592,1692255461363,1692255461367,1693227725601,9,4,5
37601,1693227725601,1692255461373,1692255461377,1693227725610,9,4,5
37602,1693227725610,1692255461381,1692255461384,1693227725618,8,3,5
37603,1693227725618,1692255461391,1692255461395,1693227725629,11,4,7
37604,1693227725629,1692255461400,1692255461407,1693227725640,11,7,4
37605,1693227725640,1692255461413,1692255461416,1693227725649,9,3,6
37606,1693227725649,1692255461421,1692255461425,1693227725658,9,4,5
37607,1693227725658,1692255461430,1692255461434,1693227725668,10,4,6
37608,1693227725668,1692255461440,1692255461444,1693227725678,10,4,6
37609,1693227725678,1692255461450,1692255461454,1693227725688,10,4,6
37610,1693227725688,1692255461460,1692255461464,1693227725697,9,4,5
37611,1693227725697,1692255461469,1692255461473,1693227725706,9,4,5
37612,1693227725706,1692255461478,1692255461482,1693227725719,13,4,9
37613,1693227725719,1692255461500,1692255461505,1693227725738,19,5,14
37614,1693227725738,1692255461510,1692255461514,1693227725747,9,4,5
37615,1693227725747,1692255461519,1692255461523,1693227725757,10,4,6
37616,1693227725757,1692255461529,1692255461532,1693227725766,9,3,6
37617,1693227725766,1692255461538,1692255461541,1693227725775,9,3,6
37618,1693227725775,1692255461547,1692255461551,1693227725784,9,4,5
37619,1693227725784,1692255461556,1692255461559,1693227725793,9,3,6
37620,1693227725793,1692255461570,1692255461576,1693227725809,16,6,10
37621,1693227725809,1692255461581,1692255461586,1693227725821,12,5,7
37622,1693227725821,1692255461593,1692255461597,1693227725831,10,4,6
37623,1693227725831,1692255461603,1692255461606,1693227725840,9,3,6
37624,1693227725840,1692255461612,1692255461616,1693227725850,10,4,6
37625,1693227725850,1692255461622,1692255461626,1693227725859,9,4,5
37626,1693227725859,1692255461632,1692255461635,1693227725869,10,3,7
37627,1693227725869,1692255461640,1692255461645,1693227725878,9,5,4
37628,1693227725878,1692255461650,1692255461655,1693227725888,10,5,5
37629,1693227725888,1692255461660,1692255461664,1693227725898,10,4,6
37630,1693227725898,1692255461670,1692255461674,1693227725908,10,4,6
37631,1693227725908,1692255461680,1692255461685,1693227725918,10,5,5
37632,1693227725918,1692255461690,1692255461694,1693227725927,9,4,5
37633,1693227725927,1692255461700,1692255461704,1693227725937,10,4,6
37634,1693227725937,1692255461713,1692255461717,1693227725951,14,4,10
37635,1693227725951,1692255461723,1692255461726,1693227725960,9,3,6
37636,1693227725960,1692255461732,1692255461736,1693227725970,10,4,6
37637,1693227725970,1692255461742,1692255461746,1693227725979,9,4,5
37638,1693227725979,1692255461751,1692255461757,1693227725990,11,6,5
37639,1693227725991,1692255461763,1692255461768,1693227726002,11,5,6
37640,1693227726002,1692255461775,1692255461780,1693227726014,12,5,7
37641,1693227726014,1692255461787,1692255461792,1693227726026,12,5,7
37642,1693227726026,1692255461799,1692255461804,1693227726037,11,5,6
37643,1693227726037,1692255461809,1692255461814,1693227726047,10,5,5
37644,1693227726047,1692255461820,1692255461825,1693227726059,12,5,7
37645,1693227726059,1692255461831,1692255461837,1693227726070,11,6,5
37646,1693227726070,1692255461843,1692255461847,1693227726081,11,4,7
37647,1693227726081,1692255461852,1692255461856,1693227726090,9,4,5
37648,1693227726090,1692255461861,1692255461865,1693227726099,9,4,5
37649,1693227726099,1692255461871,1692255461875,1693227726109,10,4,6
37650,1693227726109,1692255461881,1692255461885,1693227726118,9,4,5
37651,1693227726118,1692255461890,1692255461895,1693227726128,10,5,5
37652,1693227726128,1692255461900,1692255461904,1693227726138,10,4,6
37653,1693227726138,1692255461910,1692255461914,1693227726148,10,4,6
37654,1693227726148,1692255461920,1692255461924,1693227726158,10,4,6
37655,1693227726158,1692255461930,1692255461934,1693227726168,10,4,6
37656,1693227726168,1692255461940,1692255461945,1693227726179,11,5,6
37657,1693227726179,1692255461951,1692255461957,1693227726191,12,6,6
37658,1693227726191,1692255461963,1692255461967,1693227726201,10,4,6
37659,1693227726201,1692255461973,1692255461977,1693227726211,10,4,6
37660,1693227726211,1692255461982,1692255461987,1693227726220,9,5,4
37661,1693227726220,1692255461992,1692255461996,1693227726231,11,4,7
37662,1693227726231,1692255462003,1692255462007,1693227726241,10,4,6
37663,1693227726241,1692255462013,1692255462018,1693227726251,10,5,5
37664,1693227726251,1692255462023,1692255462027,1693227726260,9,4,5
37665,1693227726260,1692255462033,1692255462038,1693227726271,11,5,6
37666,1693227726271,1692255462044,1692255462048,1693227726281,10,4,6
37667,1693227726281,1692255462054,1692255462058,1693227726292,11,4,7
37668,1693227726292,1692255462064,1692255462067,1693227726301,9,3,6
37669,1693227726301,1692255462073,1692255462077,1693227726310,9,4,5
37670,1693227726311,1692255462084,1692255462088,1693227726321,10,4,6
37671,1693227726321,1692255462093,1692255462098,1693227726333,12,5,7
37672,1693227726333,1692255462105,1692255462108,1693227726342,9,3,6
37673,1693227726342,1692255462113,1692255462117,1693227726350,8,4,4
37674,1693227726350,1692255462122,1692255462127,1693227726360,10,5,5
37675,1693227726360,1692255462132,1692255462136,1693227726369,9,4,5
37676,1693227726369,1692255462141,1692255462145,1693227726379,10,4,6
37677,1693227726379,1692255462151,1692255462155,1693227726390,11,4,7
37678,1693227726390,1692255462163,1692255462169,1693227726403,13,6,7
37679,1693227726403,1692255462176,1692255462180,1693227726414,11,4,7
37680,1693227726414,1692255462187,1692255462193,1693227726427,13,6,7
37681,1693227726427,1692255462199,1692255462204,1693227726437,10,5,5
37682,1693227726437,1692255462210,1692255462214,1693227726448,11,4,7
37683,1693227726448,1692255462220,1692255462229,1693227726463,15,9,6
37684,1693227726463,1692255462235,1692255462240,1693227726473,10,5,5
37685,1693227726473,1692255462246,1692255462251,1693227726484,11,5,6
37686,1693227726484,1692255462256,1692255462261,1693227726495,11,5,6
37687,1693227726495,1692255462267,1692255462270,1693227726504,9,3,6
37688,1693227726504,1692255462276,1692255462281,1693227726514,10,5,5
37689,1693227726514,1692255462286,1692255462290,1693227726524,10,4,6
37690,1693227726524,1692255462296,1692255462300,1693227726533,9,4,5
37691,1693227726533,1692255462307,1692255462311,1693227726545,12,4,8
37692,1693227726545,1692255462316,1692255462321,1693227726554,9,5,4
37693,1693227726554,1692255462326,1692255462333,1693227726566,12,7,5
37694,1693227726566,1692255462338,1692255462342,1693227726575,9,4,5
37695,1693227726575,1692255462347,1692255462351,1693227726585,10,4,6
37696,1693227726585,1692255462357,1692255462361,1693227726594,9,4,5
37697,1693227726594,1692255462375,1692255462379,1693227726612,18,4,14
37698,1693227726612,1692255462383,1692255462387,1693227726620,8,4,4
37699,1693227726620,1692255462393,1692255462397,1693227726631,11,4,7
37700,1693227726631,1692255462403,1692255462410,1693227726644,13,7,6
37701,1693227726644,1692255462416,1692255462420,1693227726653,9,4,5
37702,1693227726653,1692255462425,1692255462429,1693227726662,9,4,5
37703,1693227726663,1692255462436,1692255462442,1693227726676,13,6,7
37704,1693227726676,1692255462448,1692255462453,1693227726687,11,5,6
37705,1693227726687,1692255462459,1692255462464,1693227726698,11,5,6
37706,1693227726698,1692255462470,1692255462474,1693227726707,9,4,5
37707,1693227726708,1692255462480,1692255462483,1693227726717,9,3,6
37708,1693227726717,1692255462489,1692255462494,1693227726727,10,5,5
37709,1693227726728,1692255462499,1692255462504,1693227726737,9,5,4
37710,1693227726737,1692255462509,1692255462514,1693227726747,10,5,5
37711,1693227726747,1692255462519,1692255462526,1693227726760,13,7,6
37712,1693227726760,1692255462532,1692255462535,1693227726769,9,3,6
37713,1693227726769,1692255462541,1692255462545,1693227726778,9,4,5
37714,1693227726778,1692255462551,1692255462555,1693227726788,10,4,6
37715,1693227726788,1692255462560,1692255462564,1693227726798,10,4,6
37716,1693227726798,1692255462570,1692255462574,1693227726807,9,4,5
37717,1693227726807,1692255462579,1692255462584,1693227726817,10,5,5
37718,1693227726817,1692255462589,1692255462593,1693227726827,10,4,6
37719,1693227726827,1692255462599,1692255462603,1693227726836,9,4,5
37720,1693227726836,1692255462608,1692255462611,1693227726845,9,3,6
37721,1693227726845,1692255462617,1692255462622,1693227726855,10,5,5
37722,1693227726855,1692255462627,1692255462632,1693227726865,10,5,5
37723,1693227726865,1692255462638,1692255462645,1693227726878,13,7,6
37724,1693227726878,1692255462650,1692255462655,1693227726888,10,5,5
37725,1693227726888,1692255462660,1692255462665,1693227726898,10,5,5
37726,1693227726898,1692255462670,1692255462674,1693227726907,9,4,5
37727,1693227726907,1692255462679,1692255462683,1693227726916,9,4,5
37728,1693227726916,1692255462689,1692255462694,1693227726928,12,5,7
37729,1693227726928,1692255462700,1692255462704,1693227726937,9,4,5
37730,1693227726937,1692255462708,1692255462712,1693227726949,12,4,8
37731,1693227726949,1692255462721,1692255462726,1693227726959,10,5,5
37732,1693227726959,1692255462731,1692255462735,1693227726969,10,4,6
37733,1693227726969,1692255462741,1692255462746,1693227726979,10,5,5
37734,1693227726979,1692255462751,1692255462755,1693227726988,9,4,5
37735,1693227726988,1692255462760,1692255462764,1693227726998,10,4,6
37736,1693227726998,1692255462770,1692255462773,1693227727007,9,3,6
37737,1693227727007,1692255462779,1692255462783,1693227727016,9,4,5
37738,1693227727016,1692255462788,1692255462793,1693227727027,11,5,6
37739,1693227727027,1692255462799,1692255462803,1693227727036,9,4,5
37740,1693227727036,1692255462808,1692255462813,1693227727046,10,5,5
37741,1693227727046,1692255462820,1692255462825,1693227727058,12,5,7
37742,1693227727058,1692255462830,1692255462835,1693227727068,10,5,5
37743,1693227727068,1692255462840,1692255462844,1693227727077,9,4,5
37744,1693227727077,1692255462850,1692255462854,1693227727087,10,4,6
37745,1693227727087,1692255462860,1692255462864,1693227727098,11,4,7
37746,1693227727098,1692255462871,1692255462875,1693227727109,11,4,7
37747,1693227727109,1692255462883,1692255462887,1693227727120,11,4,7
37748,1693227727120,1692255462892,1692255462897,1693227727130,10,5,5
37749,1693227727130,1692255462903,1692255462908,1693227727141,11,5,6
37750,1693227727141,1692255462913,1692255462918,1693227727152,11,5,6
37751,1693227727152,1692255462924,1692255462929,1693227727162,10,5,5
37752,1693227727162,1692255462934,1692255462939,1693227727173,11,5,6
37753,1693227727173,1692255462950,1692255462955,1693227727188,15,5,10
37754,1693227727188,1692255462961,1692255462966,1693227727199,11,5,6
37755,1693227727199,1692255462972,1692255462976,1693227727210,11,4,7
37756,1693227727210,1692255462983,1692255462987,1693227727220,10,4,6
37757,1693227727220,1692255462992,1692255462997,1693227727231,11,5,6
37758,1693227727231,1692255463002,1692255463006,1693227727240,9,4,5
37759,1693227727240,1692255463011,1692255463016,1693227727249,9,5,4
37760,1693227727249,1692255463024,1692255463028,1693227727261,12,4,8
37761,1693227727261,1692255463033,1692255463037,1693227727271,10,4,6
37762,1693227727271,1692255463042,1692255463046,1693227727280,9,4,5
37763,1693227727280,1692255463054,1692255463058,1693227727291,11,4,7
37764,1693227727291,1692255463063,1692255463067,1693227727301,10,4,6
37765,1693227727301,1692255463073,1692255463079,1693227727312,11,6,5
37766,1693227727312,1692255463083,1692255463087,1693227727321,9,4,5
37767,1693227727321,1692255463094,1692255463098,1693227727331,10,4,6
37768,1693227727331,1692255463106,1692255463110,1693227727344,13,4,9
37769,1693227727344,1692255463117,1692255463122,1693227727357,13,5,8
37770,1693227727357,1692255463129,1692255463134,1693227727367,10,5,5
37771,1693227727367,1692255463139,1692255463144,1693227727377,10,5,5
37772,1693227727377,1692255463150,1692255463153,1693227727387,10,3,7
37773,1693227727387,1692255463159,1692255463163,1693227727397,10,4,6
37774,1693227727397,1692255463169,1692255463172,1693227727406,9,3,6
37775,1693227727406,1692255463178,1692255463182,1693227727415,9,4,5
37776,1693227727415,1692255463187,1692255463192,1693227727425,10,5,5
37777,1693227727425,1692255463197,1692255463202,1693227727435,10,5,5
37778,1693227727435,1692255463207,1692255463211,1693227727445,10,4,6
37779,1693227727445,1692255463217,1692255463221,1693227727454,9,4,5
37780,1693227727454,1692255463230,1692255463234,1693227727468,14,4,10
37781,1693227727468,1692255463241,1692255463245,1693227727478,10,4,6
37782,1693227727478,1692255463252,1692255463256,1693227727489,11,4,7
37783,1693227727489,1692255463261,1692255463265,1693227727499,10,4,6
37784,1693227727499,1692255463272,1692255463278,1693227727511,12,6,6
37785,1693227727511,1692255463284,1692255463290,1693227727523,12,6,6
37786,1693227727523,1692255463296,1692255463302,1693227727535,12,6,6
37787,1693227727535,1692255463311,1692255463316,1693227727549,14,5,9
37788,1693227727550,1692255463322,1692255463327,1693227727561,11,5,6
37789,1693227727561,1692255463334,1692255463340,1693227727574,13,6,7
37790,1693227727574,1692255463346,1692255463351,1693227727585,11,5,6
37791,1693227727585,1692255463358,1692255463362,1693227727596,11,4,7
37792,1693227727596,1692255463369,1692255463374,1693227727617,21,5,16
37793,1693227727617,1692255463390,1692255463395,1693227727629,12,5,7
37794,1693227727629,1692255463401,1692255463406,1693227727640,11,5,6
37795,1693227727640,1692255463414,1692255463418,1693227727653,13,4,9
37796,1693227727653,1692255463425,1692255463429,1693227727665,12,4,8
37797,1693227727665,1692255463437,1692255463441,1693227727680,15,4,11
37798,1693227727680,1692255463452,1692255463456,1693227727689,9,4,5
37799,1693227727689,1692255463461,1692255463465,1693227727698,9,4,5
37800,1693227727698,1692255463470,1692255463475,1693227727708,10,5,5
37801,1693227727708,1692255463480,1692255463484,1693227727718,10,4,6
37802,1693227727718,1692255463489,1692255463496,1693227727729,11,7,4
37803,1693227727729,1692255463501,1692255463505,1693227727739,10,4,6
37804,1693227727739,1692255463510,1692255463515,1693227727748,9,5,4
37805,1693227727748,1692255463523,1692255463527,1693227727760,12,4,8
37806,1693227727760,1692255463532,1692255463536,1693227727769,9,4,5
37807,1693227727769,1692255463541,1692255463545,1693227727778,9,4,5
37808,1693227727778,1692255463550,1692255463555,1693227727788,10,5,5
37809,1693227727788,1692255463561,1692255463566,1693227727800,12,5,7
37810,1693227727800,1692255463572,1692255463576,1693227727810,10,4,6
37811,1693227727810,1692255463583,1692255463588,1693227727826,16,5,11
37812,1693227727826,1692255463599,1692255463604,1693227727837,11,5,6
37813,1693227727837,1692255463610,1692255463613,1693227727847,10,3,7
37814,1693227727847,1692255463619,1692255463623,1693227727857,10,4,6
37815,1693227727857,1692255463629,1692255463633,1693227727866,9,4,5
37816,1693227727866,1692255463639,1692255463643,1693227727877,11,4,7
37817,1693227727877,1692255463648,1692255463652,1693227727886,9,4,5
37818,1693227727886,1692255463658,1692255463663,1693227727896,10,5,5
37819,1693227727896,1692255463669,1692255463673,1693227727906,10,4,6
37820,1693227727906,1692255463678,1692255463682,1693227727915,9,4,5
37821,1693227727915,1692255463687,1692255463693,1693227727926,11,6,5
37822,1693227727926,1692255463699,1692255463703,1693227727937,11,4,7
37823,1693227727937,1692255463709,1692255463713,1693227727946,9,4,5
37824,1693227727946,1692255463719,1692255463723,1693227727957,11,4,7
37825,1693227727957,1692255463738,1692255463743,1693227727976,19,5,14
37826,1693227727976,1692255463748,1692255463753,1693227727986,10,5,5
37827,1693227727986,1692255463759,1692255463764,1693227727998,12,5,7
37828,1693227727998,1692255463771,1692255463775,1693227728009,11,4,7
37829,1693227728009,1692255463781,1692255463786,1693227728020,11,5,6
37830,1693227728020,1692255463792,1692255463796,1693227728030,10,4,6
37831,1693227728030,1692255463802,1692255463806,1693227728040,10,4,6
37832,1693227728040,1692255463811,1692255463815,1693227728049,9,4,5
37833,1693227728049,1692255463820,1692255463824,1693227728057,8,4,4
37834,1693227728057,1692255463829,1692255463834,1693227728067,10,5,5
37835,1693227728067,1692255463840,1692255463843,1693227728077,10,3,7
37836,1693227728077,1692255463849,1692255463852,1693227728086,9,3,6
37837,1693227728086,1692255463858,1692255463862,1693227728095,9,4,5
37838,1693227728095,1692255463867,1692255463871,1693227728104,9,4,5
37839,1693227728104,1692255463876,1692255463883,1693227728117,13,7,6
37840,1693227728117,1692255463888,1692255463892,1693227728126,9,4,5
37841,1693227728126,1692255463898,1692255463902,1693227728135,9,4,5
37842,1693227728135,1692255463907,1692255463911,1693227728145,10,4,6
37843,1693227728145,1692255463917,1692255463920,1693227728154,9,3,6
37844,1693227728154,1692255463925,1692255463930,1693227728164,10,5,5
37845,1693227728164,1692255463936,1692255463940,1693227728176,12,4,8
37846,1693227728176,1692255463948,1692255463954,1693227728187,11,6,5
37847,1693227728187,1692255463961,1692255463965,1693227728198,11,4,7
37848,1693227728198,1692255463970,1692255463975,1693227728209,11,5,6
37849,1693227728209,1692255463982,1692255463987,1693227728221,12,5,7
37850,1693227728221,1692255463994,1692255463999,1693227728233,12,5,7
37851,1693227728233,1692255464006,1692255464011,1693227728244,11,5,6
37852,1693227728244,1692255464016,1692255464021,1693227728254,10,5,5
37853,1693227728254,1692255464027,1692255464032,1693227728266,12,5,7
37854,1693227728266,1692255464039,1692255464043,1693227728278,12,4,8
37855,1693227728278,1692255464054,1692255464059,1693227728292,14,5,9
37856,1693227728292,1692255464064,1692255464068,1693227728301,9,4,5
37857,1693227728301,1692255464074,1692255464079,1693227728312,11,5,6
37858,1693227728312,1692255464084,1692255464088,1693227728322,10,4,6
37859,1693227728322,1692255464094,1692255464098,1693227728331,9,4,5
37860,1693227728331,1692255464103,1692255464107,1693227728341,10,4,6
37861,1693227728341,1692255464113,1692255464117,1693227728351,10,4,6
37862,1693227728351,1692255464123,1692255464128,1693227728361,10,5,5
37863,1693227728361,1692255464133,1692255464138,1693227728371,10,5,5
37864,1693227728371,1692255464143,1692255464148,1693227728381,10,5,5
37865,1693227728381,1692255464154,1692255464158,1693227728392,11,4,7
37866,1693227728392,1692255464165,1692255464169,1693227728402,10,4,6
37867,1693227728402,1692255464177,1692255464181,1693227728414,12,4,8
37868,1693227728414,1692255464187,1692255464191,1693227728425,11,4,7
37869,1693227728425,1692255464198,1692255464202,1693227728435,10,4,6
37870,1693227728436,1692255464208,1692255464212,1693227728445,9,4,5
37871,1693227728445,1692255464217,1692255464221,1693227728455,10,4,6
37872,1693227728455,1692255464227,1692255464231,1693227728464,9,4,5
37873,1693227728464,1692255464236,1692255464239,1693227728473,9,3,6
37874,1693227728473,1692255464245,1692255464249,1693227728483,10,4,6
37875,1693227728483,1692255464255,1692255464259,1693227728493,10,4,6
37876,1693227728493,1692255464267,1692255464273,1693227728506,13,6,7
37877,1693227728506,1692255464278,1692255464282,1693227728516,10,4,6
37878,1693227728516,1692255464289,1692255464293,1693227728526,10,4,6
37879,1693227728526,1692255464298,1692255464302,1693227728536,10,4,6
37880,1693227728536,1692255464307,1692255464312,1693227728545,9,5,4
37881,1693227728545,1692255464317,1692255464321,1693227728555,10,4,6
37882,1693227728555,1692255464327,1692255464331,1693227728565,10,4,6
37883,1693227728565,1692255464337,1692255464342,1693227728575,10,5,5
37884,1693227728575,1692255464347,1692255464351,1693227728586,11,4,7
37885,1693227728586,1692255464358,1692255464362,1693227728596,10,4,6
37886,1693227728596,1692255464367,1692255464371,1693227728605,9,4,5
37887,1693227728605,1692255464377,1692255464382,1693227728615,10,5,5
37888,1693227728615,1692255464387,1692255464391,1693227728625,10,4,6
37889,1693227728625,1692255464397,1692255464402,1693227728636,11,5,6
37890,1693227728636,1692255464415,1692255464421,1693227728655,19,6,13
37891,1693227728655,1692255464427,1692255464432,1693227728665,10,5,5
37892,1693227728665,1692255464438,1692255464442,1693227728676,11,4,7
37893,1693227728676,1692255464449,1692255464457,1693227728691,15,8,7
37894,1693227728691,1692255464463,1692255464467,1693227728700,9,4,5
37895,1693227728700,1692255464471,1692255464476,1693227728709,9,5,4
37896,1693227728709,1692255464481,1692255464485,1693227728719,10,4,6
37897,1693227728719,1692255464490,1692255464494,1693227728727,8,4,4
37898,1693227728727,1692255464504,1692255464508,1693227728741,14,4,10
37899,1693227728741,1692255464512,1692255464516,1693227728750,9,4,5
37900,1693227728750,1692255464523,1692255464527,1693227728760,10,4,6
37901,1693227728760,1692255464532,1692255464536,1693227728769,9,4,5
37902,1693227728769,1692255464542,1692255464546,1693227728779,10,4,6
37903,1693227728779,1692255464551,1692255464556,1693227728791,12,5,7
37904,1693227728791,1692255464564,1692255464568,1693227728801,10,4,6
37905,1693227728801,1692255464574,1692255464578,1693227728812,11,4,7
37906,1693227728812,1692255464584,1692255464587,1693227728820,8,3,5
37907,1693227728820,1692255464592,1692255464596,1693227728830,10,4,6
37908,1693227728830,1692255464602,1692255464606,1693227728840,10,4,6
37909,1693227728840,1692255464613,1692255464616,1693227728850,10,3,7
37910,1693227728850,1692255464621,1692255464625,1693227728859,9,4,5
37911,1693227728859,1692255464630,1692255464634,1693227728868,9,4,5
37912,1693227728868,1692255464640,1692255464649,1693227728882,14,9,5
37913,1693227728882,1692255464655,1692255464660,1693227728894,12,5,7
37914,1693227728894,1692255464666,1692255464671,1693227728904,10,5,5
37915,1693227728904,1692255464676,1692255464681,1693227728915,11,5,6
37916,1693227728915,1692255464688,1692255464692,1693227728926,11,4,7
37917,1693227728926,1692255464698,1692255464703,1693227728936,10,5,5
37918,1693227728936,1692255464709,1692255464713,1693227728946,10,4,6
37919,1693227728946,1692255464718,1692255464722,1693227728956,10,4,6
37920,1693227728956,1692255464731,1692255464735,1693227728968,12,4,8
37921,1693227728968,1692255464742,1692255464746,1693227728979,11,4,7
37922,1693227728979,1692255464752,1692255464756,1693227728990,11,4,7
37923,1693227728990,1692255464761,1692255464766,1693227728999,9,5,4
37924,1693227728999,1692255464771,1692255464775,1693227729009,10,4,6
37925,1693227729009,1692255464781,1692255464785,1693227729018,9,4,5
37926,1693227729018,1692255464792,1692255464797,1693227729030,12,5,7
37927,1693227729030,1692255464803,1692255464807,1693227729041,11,4,7
37928,1693227729041,1692255464814,1692255464819,1693227729054,13,5,8
37929,1693227729054,1692255464829,1692255464834,1693227729067,13,5,8
37930,1693227729067,1692255464842,1692255464847,1693227729080,13,5,8
37931,1693227729080,1692255464855,1692255464859,1693227729092,12,4,8
37932,1693227729092,1692255464865,1692255464871,1693227729106,14,6,8
37933,1693227729106,1692255464880,1692255464885,1693227729119,13,5,8
37934,1693227729119,1692255464894,1692255464900,1693227729134,15,6,9
37935,1693227729134,1692255464906,1692255464911,1693227729145,11,5,6
37936,1693227729145,1692255464918,1692255464923,1693227729157,12,5,7
37937,1693227729157,1692255464933,1692255464938,1693227729172,15,5,10
37938,1693227729172,1692255464944,1692255464947,1693227729181,9,3,6
37939,1693227729181,1692255464953,1692255464957,1693227729191,10,4,6
37940,1693227729191,1692255464962,1692255464966,1693227729200,9,4,5
37941,1693227729200,1692255464972,1692255464976,1693227729210,10,4,6
37942,1693227729210,1692255464982,1692255464986,1693227729219,9,4,5
37943,1693227729219,1692255464991,1692255464995,1693227729228,9,4,5
37944,1693227729228,1692255465000,1692255465004,1693227729237,9,4,5
37945,1693227729237,1692255465010,1692255465015,1693227729248,11,5,6
37946,1693227729248,1692255465020,1692255465025,1693227729259,11,5,6
37947,1693227729259,1692255465032,1692255465037,1693227729270,11,5,6
37948,1693227729270,1692255465043,1692255465048,1693227729281,11,5,6
37949,1693227729281,1692255465060,1692255465067,1693227729302,21,7,14
37950,1693227729302,1692255465075,1692255465080,1693227729314,12,5,7
37951,1693227729314,1692255465087,1692255465091,1693227729325,11,4,7
37952,1693227729325,1692255465097,1692255465102,1693227729336,11,5,6
37953,1693227729336,1692255465108,1692255465113,1693227729347,11,5,6
37954,1693227729347,1692255465119,1692255465124,1693227729358,11,5,6
37955,1693227729358,1692255465130,1692255465135,1693227729369,11,5,6
37956,1693227729369,1692255465141,1692255465146,1693227729379,10,5,5
37957,1693227729380,1692255465153,1692255465157,1693227729390,10,4,6
37958,1693227729390,1692255465163,1692255465167,1693227729401,11,4,7
37959,1693227729401,1692255465183,1692255465187,1693227729421,20,4,16
37960,1693227729421,1692255465193,1692255465198,1693227729431,10,5,5
37961,1693227729431,1692255465203,1692255465208,1693227729441,10,5,5
37962,1693227729441,1692255465214,1692255465218,1693227729452,11,4,7
37963,1693227729452,1692255465224,1692255465229,1693227729462,10,5,5
37964,1693227729462,1692255465234,1692255465239,1693227729472,10,5,5
37965,1693227729473,1692255465245,1692255465250,1693227729483,10,5,5
37966,1693227729483,1692255465256,1692255465261,1693227729494,11,5,6
37967,1693227729494,1692255465266,1692255465271,1693227729509,15,5,10
37968,1693227729509,1692255465282,1692255465287,1693227729521,12,5,7
37969,1693227729521,1692255465293,1692255465298,1693227729533,12,5,7
37970,1693227729533,1692255465312,1692255465318,1693227729551,18,6,12
37971,1693227729551,1692255465323,1692255465327,1693227729561,10,4,6
37972,1693227729561,1692255465340,1692255465345,1693227729579,18,5,13
37973,1693227729579,1692255465351,1692255465356,1693227729589,10,5,5
37974,1693227729589,1692255465362,1692255465367,1693227729600,11,5,6
37975,1693227729600,1692255465373,1692255465378,1693227729612,12,5,7
37976,1693227729612,1692255465384,1692255465389,1693227729623,11,5,6
37977,1693227729623,1692255465396,1692255465401,1693227729635,12,5,7
37978,1693227729635,1692255465407,1692255465411,1693227729644,9,4,5
37979,1693227729644,1692255465418,1692255465423,1693227729657,13,5,8
37980,1693227729657,1692255465461,1692255465466,1693227729699,42,5,37
37981,1693227729699,1692255465479,1692255465483,1693227729717,18,4,14
37982,1693227729717,1692255465489,1692255465494,1693227729728,11,5,6
37983,1693227729728,1692255465501,1692255465505,1693227729738,10,4,6
37984,1693227729738,1692255465510,1692255465515,1693227729748,10,5,5
37985,1693227729748,1692255465521,1692255465525,1693227729759,11,4,7
37986,1693227729759,1692255465531,1692255465538,1693227729773,14,7,7
37987,1693227729773,1692255465546,1692255465551,1693227729785,12,5,7
37988,1693227729785,1692255465569,1692255465575,1693227729808,23,6,17
37989,1693227729808,1692255465581,1692255465585,1693227729819,11,4,7
37990,1693227729819,1692255465591,1692255465596,1693227729829,10,5,5
37991,1693227729829,1692255465601,1692255465606,1693227729845,16,5,11
37992,1693227729845,1692255465618,1692255465622,1693227729856,11,4,7
37993,1693227729856,1692255465628,1692255465637,1693227729879,23,9,14
37994,1693227729879,1692255465672,1692255465677,1693227729911,32,5,27
37995,1693227729911,1692255465683,1692255465688,1693227729921,10,5,5
37996,1693227729921,1692255465694,1692255465698,1693227729932,11,4,7
37997,1693227729932,1692255465704,1692255465710,1693227729944,12,6,6
37998,1693227729944,1692255465717,1692255465722,1693227729955,11,5,6
37999,1693227729955,1692255465728,1692255465733,1693227729967,12,5,7
38000,1693227729967,1692255465739,1692255465744,1693227729977,10,5,5
38001,1693227729977,1692255465750,1692255465754,1693227729988,11,4,7
38002,1693227729988,1692255465760,1692255465764,1693227729997,9,4,5
38003,1693227729997,1692255465769,1692255465773,1693227730006,9,4,5
38004,1693227730007,1692255465778,1692255465782,1693227730015,8,4,4
38005,1693227730015,1692255465789,1692255465793,1693227730027,12,4,8
38006,1693227730027,1692255465799,1692255465802,1693227730036,9,3,6
38007,1693227730036,1692255465808,1692255465812,1693227730046,10,4,6
38008,1693227730046,1692255465817,1692255465821,1693227730055,9,4,5
38009,1693227730055,1692255465827,1692255465831,1693227730065,10,4,6
38010,1693227730065,1692255465838,1692255465841,1693227730075,10,3,7
38011,1693227730075,1692255465848,1692255465853,1693227730086,11,5,6
38012,1693227730086,1692255465858,1692255465863,1693227730097,11,5,6
38013,1693227730097,1692255465869,1692255465873,1693227730107,10,4,6
38014,1693227730107,1692255465879,1692255465884,1693227730117,10,5,5
38015,1693227730117,1692255465892,1692255465897,1693227730130,13,5,8
38016,1693227730130,1692255465902,1692255465907,1693227730141,11,5,6
38017,1693227730141,1692255465914,1692255465918,1693227730152,11,4,7
38018,1693227730152,1692255465924,1692255465929,1693227730163,11,5,6
38019,1693227730163,1692255465935,1692255465939,1693227730173,10,4,6
38020,1693227730173,1692255465944,1692255465949,1693227730182,9,5,4
38021,1693227730182,1692255465954,1692255465958,1693227730191,9,4,5
38022,1693227730191,1692255465963,1692255465969,1693227730203,12,6,6
38023,1693227730203,1692255465975,1692255465979,1693227730212,9,4,5
38024,1693227730212,1692255465984,1692255465988,1693227730224,12,4,8
38025,1693227730224,1692255465996,1692255466000,1693227730233,9,4,5
38026,1693227730233,1692255466006,1692255466011,1693227730244,11,5,6
38027,1693227730244,1692255466016,1692255466020,1693227730253,9,4,5
38028,1693227730253,1692255466025,1692255466029,1693227730262,9,4,5
38029,1693227730262,1692255466034,1692255466038,1693227730271,9,4,5
38030,1693227730271,1692255466044,1692255466047,1693227730281,10,3,7
38031,1693227730281,1692255466056,1692255466060,1693227730294,13,4,9
38032,1693227730294,1692255466066,1692255466070,1693227730304,10,4,6
38033,1693227730304,1692255466076,1692255466080,1693227730314,10,4,6
38034,1693227730314,1692255466086,1692255466091,1693227730326,12,5,7
38035,1693227730326,1692255466099,1692255466103,1693227730337,11,4,7
38036,1693227730337,1692255466109,1692255466118,1693227730353,16,9,7
38037,1693227730353,1692255466125,1692255466128,1693227730362,9,3,6
38038,1693227730362,1692255466137,1692255466141,1693227730375,13,4,9
38039,1693227730375,1692255466147,1692255466150,1693227730384,9,3,6
38040,1693227730384,1692255466156,1692255466160,1693227730393,9,4,5
38041,1693227730393,1692255466165,1692255466168,1693227730402,9,3,6
38042,1693227730402,1692255466175,1692255466179,1693227730413,11,4,7
38043,1693227730413,1692255466185,1692255466188,1693227730422,9,3,6
38044,1693227730422,1692255466194,1692255466199,1693227730432,10,5,5
38045,1693227730432,1692255466204,1692255466208,1693227730442,10,4,6
38046,1693227730442,1692255466214,1692255466218,1693227730452,10,4,6
38047,1693227730452,1692255466224,1692255466229,1693227730462,10,5,5
38048,1693227730462,1692255466234,1692255466239,1693227730472,10,5,5
38049,1693227730472,1692255466245,1692255466250,1693227730483,11,5,6
38050,1693227730483,1692255466256,1692255466262,1693227730495,12,6,6
38051,1693227730495,1692255466268,1692255466273,1693227730507,12,5,7
38052,1693227730507,1692255466279,1692255466285,1693227730519,12,6,6
38053,1693227730519,1692255466291,1692255466296,1693227730531,12,5,7
38054,1693227730531,1692255466304,1692255466310,1693227730544,13,6,7
38055,1693227730544,1692255466316,1692255466320,1693227730554,10,4,6
38056,1693227730554,1692255466329,1692255466334,1693227730567,13,5,8
38057,1693227730567,1692255466340,1692255466345,1693227730579,12,5,7
38058,1693227730579,1692255466351,1692255466363,1693227730596,17,12,5
38059,1693227730596,1692255466372,1692255466377,1693227730611,15,5,10
38060,1693227730611,1692255466383,1692255466388,1693227730622,11,5,6
38061,1693227730622,1692255466394,1692255466398,1693227730633,11,4,7
38062,1693227730633,1692255466405,1692255466409,1693227730643,10,4,6
38063,1693227730643,1692255466415,1692255466420,1693227730653,10,5,5
38064,1693227730653,1692255466426,1692255466430,1693227730663,10,4,6
38065,1693227730663,1692255466435,1692255466439,1693227730672,9,4,5
38066,1693227730672,1692255466444,1692255466447,1693227730681,9,3,6
38067,1693227730681,1692255466453,1692255466457,1693227730690,9,4,5
38068,1693227730690,1692255466462,1692255466467,1693227730700,10,5,5
38069,1693227730700,1692255466474,1692255466480,1693227730713,13,6,7
38070,1693227730713,1692255466486,1692255466491,1693227730724,11,5,6
38071,1693227730724,1692255466496,1692255466501,1693227730736,12,5,7
38072,1693227730736,1692255466508,1692255466514,1693227730747,11,6,5
38073,1693227730747,1692255466519,1692255466524,1693227730757,10,5,5
38074,1693227730757,1692255466530,1692255466535,1693227730769,12,5,7
38075,1693227730769,1692255466541,1692255466546,1693227730779,10,5,5
38076,1693227730779,1692255466552,1692255466557,1693227730790,11,5,6
38077,1693227730791,1692255466562,1692255466567,1693227730800,9,5,4
38078,1693227730800,1692255466572,1692255466576,1693227730810,10,4,6
38079,1693227730810,1692255466582,1692255466586,1693227730820,10,4,6
38080,1693227730820,1692255466592,1692255466596,1693227730830,10,4,6
38081,1693227730830,1692255466603,1692255466608,1693227730841,11,5,6
38082,1693227730841,1692255466614,1692255466618,1693227730852,11,4,7
38083,1693227730852,1692255466624,1692255466630,1693227730863,11,6,5
38084,1693227730863,1692255466638,1692255466644,1693227730877,14,6,8
38085,1693227730877,1692255466651,1692255466656,1693227730889,12,5,7
38086,1693227730889,1692255466663,1692255466667,1693227730901,12,4,8
38087,1693227730901,1692255466674,1692255466680,1693227730914,13,6,7
38088,1693227730914,1692255466686,1692255466691,1693227730924,10,5,5
38089,1693227730924,1692255466697,1692255466702,1693227730935,11,5,6
38090,1693227730935,1692255466708,1692255466714,1693227730947,12,6,6
38091,1693227730947,1692255466720,1692255466724,1693227730958,11,4,7
38092,1693227730958,1692255466731,1692255466736,1693227730972,14,5,9
38093,1693227730972,1692255466745,1692255466749,1693227730983,11,4,7
38094,1693227730983,1692255466756,1692255466764,1693227730997,14,8,6
38095,1693227730997,1692255466776,1692255466781,1693227731014,17,5,12
38096,1693227731014,1692255466786,1692255466792,1693227731026,12,6,6
38097,1693227731026,1692255466798,1692255466804,1693227731037,11,6,5
38098,1693227731037,1692255466810,1692255466814,1693227731048,11,4,7
38099,1693227731048,1692255466820,1692255466826,1693227731059,11,6,5
38100,1693227731059,1692255466831,1692255466835,1693227731069,10,4,6
38101,1693227731069,1692255466841,1692255466844,1693227731078,9,3,6
38102,1693227731078,1692255466850,1692255466854,1693227731087,9,4,5
38103,1693227731087,1692255466859,1692255466863,1693227731096,9,4,5
38104,1693227731096,1692255466868,1692255466872,1693227731105,9,4,5
38105,1693227731105,1692255466877,1692255466881,1693227731114,9,4,5
38106,1693227731114,1692255466887,1692255466892,1693227731126,12,5,7
38107,1693227731126,1692255466899,1692255466904,1693227731137,11,5,6
38108,1693227731137,1692255466909,1692255466914,1693227731148,11,5,6
38109,1693227731148,1692255466920,1692255466924,1693227731158,10,4,6
38110,1693227731158,1692255466931,1692255466935,1693227731169,11,4,7
38111,1693227731169,1692255466942,1692255466947,1693227731180,11,5,6
38112,1693227731180,1692255466952,1692255466957,1693227731191,11,5,6
38113,1693227731191,1692255466963,1692255466968,1693227731202,11,5,6
38114,1693227731202,1692255466985,1692255466989,1693227731222,20,4,16
38115,1693227731222,1692255466994,1692255466998,1693227731232,10,4,6
38116,1693227731232,1692255467004,1692255467008,1693227731242,10,4,6
38117,1693227731242,1692255467014,1692255467018,1693227731252,10,4,6
38118,1693227731252,1692255467023,1692255467028,1693227731261,9,5,4
38119,1693227731261,1692255467033,1692255467037,1693227731270,9,4,5
38120,1693227731270,1692255467042,1692255467047,1693227731281,11,5,6
38121,1693227731281,1692255467057,1692255467062,1693227731296,15,5,10
38122,1693227731296,1692255467069,1692255467074,1693227731307,11,5,6
38123,1693227731307,1692255467080,1692255467085,1693227731319,12,5,7
38124,1693227731319,1692255467092,1692255467097,1693227731331,12,5,7
38125,1693227731331,1692255467104,1692255467109,1693227731342,11,5,6
38126,1693227731342,1692255467115,1692255467120,1693227731353,11,5,6
38127,1693227731353,1692255467126,1692255467131,1693227731365,12,5,7
38128,1693227731365,1692255467137,1692255467142,1693227731377,12,5,7
38129,1693227731377,1692255467158,1692255467164,1693227731398,21,6,15
38130,1693227731398,1692255467170,1692255467179,1693227731413,15,9,6
38131,1693227731413,1692255467186,1692255467191,1693227731426,13,5,8
38132,1693227731426,1692255467200,1692255467206,1693227731439,13,6,7
38133,1693227731439,1692255467211,1692255467215,1693227731448,9,4,5
38134,1693227731448,1692255467222,1692255467227,1693227731461,13,5,8
38135,1693227731461,1692255467234,1692255467238,1693227731471,10,4,6
38136,1693227731471,1692255467243,1692255467249,1693227731482,11,6,5
38137,1693227731482,1692255467254,1692255467259,1693227731493,11,5,6
38138,1693227731493,1692255467266,1692255467270,1693227731504,11,4,7
38139,1693227731504,1692255467277,1692255467282,1693227731516,12,5,7
38140,1693227731516,1692255467288,1692255467293,1693227731527,11,5,6
38141,1693227731527,1692255467299,1692255467304,1693227731537,10,5,5
38142,1693227731537,1692255467310,1692255467314,1693227731548,11,4,7
38143,1693227731548,1692255467320,1692255467325,1693227731559,11,5,6
38144,1693227731559,1692255467332,1692255467336,1693227731570,11,4,7
38145,1693227731570,1692255467345,1692255467349,1693227731583,13,4,9
38146,1693227731583,1692255467355,1692255467361,1693227731595,12,6,6
38147,1693227731595,1692255467367,1692255467371,1693227731605,10,4,6
38148,1693227731605,1692255467377,1692255467382,1693227731616,11,5,6
38149,1693227731616,1692255467389,1692255467394,1693227731627,11,5,6
38150,1693227731627,1692255467399,1692255467403,1693227731637,10,4,6
38151,1693227731637,1692255467415,1692255467420,1693227731653,16,5,11
38152,1693227731653,1692255467428,1692255467432,1693227731669,16,4,12
38153,1693227731669,1692255467442,1692255467450,1693227731685,16,8,8
38154,1693227731685,1692255467457,1692255467462,1693227731695,10,5,5
38155,1693227731695,1692255467467,1692255467471,1693227731705,10,4,6
38156,1693227731705,1692255467477,1692255467480,1693227731714,9,3,6
38157,1693227731714,1692255467486,1692255467491,1693227731724,10,5,5
38158,1693227731724,1692255467498,1692255467502,1693227731736,12,4,8
38159,1693227731736,1692255467508,1692255467512,1693227731746,10,4,6
38160,1693227731746,1692255467519,1692255467524,1693227731760,14,5,9
38161,1693227731760,1692255467533,1692255467537,1693227731770,10,4,6
38162,1693227731770,1692255467544,1692255467549,1693227731783,13,5,8
38163,1693227731783,1692255467555,1692255467560,1693227731794,11,5,6
38164,1693227731794,1692255467567,1692255467571,1693227731805,11,4,7
38165,1693227731805,1692255467578,1692255467582,1693227731816,11,4,7
38166,1693227731816,1692255467588,1692255467597,1693227731830,14,9,5
38167,1693227731830,1692255467603,1692255467608,1693227731845,15,5,10
38168,1693227731845,1692255467618,1692255467623,1693227731856,11,5,6
38169,1693227731856,1692255467628,1692255467633,1693227731866,10,5,5
38170,1693227731866,1692255467639,1692255467644,1693227731877,11,5,6
38171,1693227731877,1692255467650,1692255467655,1693227731888,11,5,6
38172,1693227731888,1692255467660,1692255467664,1693227731898,10,4,6
38173,1693227731898,1692255467670,1692255467674,1693227731908,10,4,6
38174,1693227731908,1692255467680,1692255467684,1693227731917,9,4,5
38175,1693227731917,1692255467689,1692255467693,1693227731927,10,4,6
38176,1693227731927,1692255467699,1692255467703,1693227731936,9,4,5
38177,1693227731936,1692255467708,1692255467712,1693227731945,9,4,5
38178,1693227731945,1692255467717,1692255467720,1693227731954,9,3,6
38179,1693227731954,1692255467726,1692255467730,1693227731965,11,4,7
38180,1693227731965,1692255467737,1692255467741,1693227731978,13,4,9
38181,1693227731978,1692255467750,1692255467755,1693227731988,10,5,5
38182,1693227731988,1692255467760,1692255467765,1693227731999,11,5,6
38183,1693227731999,1692255467771,1692255467776,1693227732010,11,5,6
38184,1693227732010,1692255467782,1692255467787,1693227732021,11,5,6
38185,1693227732021,1692255467793,1692255467798,1693227732031,10,5,5
38186,1693227732031,1692255467804,1692255467809,1693227732043,12,5,7
38187,1693227732043,1692255467816,1692255467822,1693227732055,12,6,6
38188,1693227732055,1692255467828,1692255467833,1693227732067,12,5,7
38189,1693227732067,1692255467841,1692255467846,1693227732080,13,5,8
38190,1693227732080,1692255467853,1692255467858,1693227732091,11,5,6
38191,1693227732091,1692255467864,1692255467871,1693227732104,13,7,6
38192,1693227732104,1692255467876,1692255467880,1693227732114,10,4,6
38193,1693227732114,1692255467886,1692255467890,1693227732123,9,4,5
38194,1693227732123,1692255467895,1692255467899,1693227732132,9,4,5
38195,1693227732132,1692255467905,1692255467909,1693227732143,11,4,7
38196,1693227732143,1692255467916,1692255467922,1693227732155,12,6,6
38197,1693227732155,1692255467928,1692255467933,1693227732169,14,5,9
38198,1693227732170,1692255467942,1692255467947,1693227732181,11,5,6
38199,1693227732181,1692255467953,1692255467958,1693227732192,11,5,6
38200,1693227732192,1692255467966,1692255467971,1693227732205,13,5,8
38201,1693227732205,1692255467979,1692255467983,1693227732216,11,4,7
38202,1693227732216,1692255467990,1692255467997,1693227732247,31,7,24
38203,1693227732247,1692255468046,1692255468054,1693227732288,41,8,33
38204,1693227732288,1692255468060,1692255468065,1693227732299,11,5,6
38205,1693227732299,1692255468071,1692255468076,1693227732309,10,5,5
38206,1693227732309,1692255468082,1692255468087,1693227732320,11,5,6
38207,1693227732320,1692255468093,1692255468097,1693227732330,10,4,6
38208,1693227732330,1692255468103,1692255468108,1693227732342,12,5,7
38209,1693227732342,1692255468114,1692255468118,1693227732352,10,4,6
38210,1693227732352,1692255468127,1692255468132,1693227732365,13,5,8
38211,1693227732365,1692255468137,1692255468141,1693227732375,10,4,6
38212,1693227732375,1692255468157,1692255468161,1693227732394,19,4,15
38213,1693227732394,1692255468167,1692255468171,1693227732404,10,4,6
38214,1693227732404,1692255468177,1692255468181,1693227732416,12,4,8
38215,1693227732416,1692255468188,1692255468193,1693227732427,11,5,6
38216,1693227732427,1692255468199,1692255468204,1693227732437,10,5,5
38217,1693227732437,1692255468210,1692255468215,1693227732450,13,5,8
38218,1693227732450,1692255468225,1692255468230,1693227732464,14,5,9
38219,1693227732464,1692255468240,1692255468246,1693227732479,15,6,9
38220,1693227732479,1692255468252,1692255468257,1693227732491,12,5,7
38221,1693227732491,1692255468263,1692255468269,1693227732527,36,6,30
38222,1693227732527,1692255468299,1692255468304,1693227732537,10,5,5
38223,1693227732537,1692255468310,1692255468314,1693227732547,10,4,6
38224,1693227732547,1692255468346,1692255468350,1693227732583,36,4,32
38225,1693227732583,1692255468355,1692255468359,1693227732592,9,4,5
38226,1693227732592,1692255468365,1692255468370,1693227732604,12,5,7
38227,1693227732604,1692255468377,1692255468383,1693227732617,13,6,7
38228,1693227732617,1692255468394,1692255468399,1693227732646,29,5,24
38229,1693227732646,1692255468420,1692255468425,1693227732659,13,5,8
38230,1693227732659,1692255468432,1692255468437,1693227732671,12,5,7
38231,1693227732671,1692255468444,1692255468449,1693227732683,12,5,7
38232,1693227732683,1692255468457,1692255468464,1693227732698,15,7,8
38233,1693227732698,1692255468470,1692255468474,1693227732708,10,4,6
38234,1693227732708,1692255468480,1692255468487,1693227732721,13,7,6
38235,1693227732721,1692255468493,1692255468498,1693227732732,11,5,6
38236,1693227732732,1692255468504,1692255468509,1693227732742,10,5,5
38237,1693227732742,1692255468515,1692255468519,1693227732752,10,4,6
38238,1693227732753,1692255468525,1692255468531,1693227732765,12,6,6
38239,1693227732765,1692255468537,1692255468542,1693227732776,11,5,6
38240,1693227732776,1692255468548,1692255468553,1693227732787,11,5,6
38241,1693227732787,1692255468559,1692255468564,1693227732797,10,5,5
38242,1693227732797,1692255468570,1692255468573,1693227732807,10,3,7
38243,1693227732807,1692255468580,1692255468585,1693227732818,11,5,6
38244,1693227732818,1692255468590,1692255468595,1693227732829,11,5,6
38245,1693227732829,1692255468602,1692255468607,1693227732840,11,5,6
38246,1693227732841,1692255468613,1692255468619,1693227732854,13,6,7
38247,1693227732854,1692255468626,1692255468630,1693227732863,9,4,5
38248,1693227732863,1692255468636,1692255468641,1693227732875,12,5,7
38249,1693227732875,1692255468647,1692255468652,1693227732887,12,5,7
38250,1693227732887,1692255468660,1692255468665,1693227732898,11,5,6
38251,1693227732898,1692255468671,1692255468675,1693227732909,11,4,7
38252,1693227732909,1692255468682,1692255468688,1693227732921,12,6,6
38253,1693227732921,1692255468694,1692255468699,1693227732933,12,5,7
38254,1693227732933,1692255468705,1692255468710,1693227732943,10,5,5
38255,1693227732943,1692255468715,1692255468721,1693227732954,11,6,5
38256,1693227732954,1692255468727,1692255468731,1693227732965,11,4,7
38257,1693227732965,1692255468737,1692255468742,1693227732976,11,5,6
38258,1693227732976,1692255468748,1692255468752,1693227732986,10,4,6
38259,1693227732986,1692255468759,1692255468763,1693227732996,10,4,6
38260,1693227732996,1692255468768,1692255468771,1693227733004,8,3,5
38261,1693227733004,1692255468777,1692255468781,1693227733014,10,4,6
38262,1693227733014,1692255468787,1692255468792,1693227733025,11,5,6
38263,1693227733025,1692255468797,1692255468802,1693227733035,10,5,5
38264,1693227733035,1692255468808,1692255468813,1693227733046,11,5,6
38265,1693227733046,1692255468819,1692255468824,1693227733057,11,5,6
38266,1693227733057,1692255468830,1692255468834,1693227733068,11,4,7
38267,1693227733068,1692255468840,1692255468844,1693227733078,10,4,6
38268,1693227733078,1692255468850,1692255468855,1693227733088,10,5,5
38269,1693227733088,1692255468862,1692255468866,1693227733099,11,4,7
38270,1693227733099,1692255468872,1692255468878,1693227733111,12,6,6
38271,1693227733111,1692255468883,1692255468888,1693227733122,11,5,6
38272,1693227733122,1692255468894,1692255468900,1693227733134,12,6,6
38273,1693227733134,1692255468907,1692255468912,1693227733145,11,5,6
38274,1693227733145,1692255468918,1692255468923,1693227733156,11,5,6
38275,1693227733156,1692255468932,1692255468943,1693227733177,21,11,10
38276,1693227733177,1692255468949,1692255468954,1693227733188,11,5,6
38277,1693227733188,1692255468960,1692255468965,1693227733199,11,5,6
38278,1693227733199,1692255468971,1692255468976,1693227733210,11,5,6
38279,1693227733210,1692255468983,1692255468988,1693227733222,12,5,7
38280,1693227733222,1692255468994,1692255468999,1693227733232,10,5,5
38281,1693227733232,1692255469004,1692255469010,1693227733243,11,6,5
38282,1693227733243,1692255469016,1692255469021,1693227733255,12,5,7
38283,1693227733255,1692255469027,1692255469032,1693227733266,11,5,6
38284,1693227733266,1692255469039,1692255469044,1693227733277,11,5,6
38285,1693227733277,1692255469050,1692255469055,1693227733289,12,5,7
38286,1693227733289,1692255469064,1692255469069,1693227733303,14,5,9
38287,1693227733303,1692255469076,1692255469081,1693227733314,11,5,6
38288,1693227733314,1692255469087,1692255469092,1693227733325,11,5,6
38289,1693227733325,1692255469098,1692255469103,1693227733337,12,5,7
38290,1693227733337,1692255469110,1692255469114,1693227733347,10,4,6
38291,1693227733347,1692255469120,1692255469125,1693227733358,11,5,6
38292,1693227733358,1692255469130,1692255469135,1693227733369,11,5,6
38293,1693227733369,1692255469142,1692255469146,1693227733379,10,4,6
38294,1693227733379,1692255469151,1692255469156,1693227733389,10,5,5
38295,1693227733389,1692255469163,1692255469167,1693227733400,11,4,7
38296,1693227733400,1692255469172,1692255469177,1693227733411,11,5,6
38297,1693227733411,1692255469183,1692255469187,1693227733421,10,4,6
38298,1693227733421,1692255469193,1692255469197,1693227733431,10,4,6
38299,1693227733431,1692255469203,1692255469209,1693227733442,11,6,5
38300,1693227733442,1692255469214,1692255469219,1693227733453,11,5,6
38301,1693227733453,1692255469225,1692255469230,1693227733468,15,5,10
38302,1693227733468,1692255469243,1692255469247,1693227733480,12,4,8
38303,1693227733480,1692255469253,1692255469259,1693227733492,12,6,6
38304,1693227733492,1692255469267,1692255469273,1693227733507,15,6,9
38305,1693227733507,1692255469279,1692255469285,1693227733519,12,6,6
38306,1693227733519,1692255469295,1692255469300,1693227733534,15,5,10
38307,1693227733534,1692255469307,1692255469312,1693227733545,11,5,6
38308,1693227733545,1692255469318,1692255469323,1693227733557,12,5,7
38309,1693227733557,1692255469329,1692255469334,1693227733569,12,5,7
38310,1693227733569,1692255469342,1692255469347,1693227733581,12,5,7
38311,1693227733581,1692255469353,1692255469358,1693227733591,10,5,5
38312,1693227733591,1692255469364,1692255469371,1693227733605,14,7,7
38313,1693227733605,1692255469378,1692255469383,1693227733616,11,5,6
38314,1693227733616,1692255469389,1692255469394,1693227733627,11,5,6
38315,1693227733627,1692255469400,1692255469405,1693227733638,11,5,6
38316,1693227733639,1692255469416,1692255469421,1693227733655,16,5,11
38317,1693227733655,1692255469427,1692255469432,1693227733665,10,5,5
38318,1693227733665,1692255469438,1692255469443,1693227733677,12,5,7
38319,1693227733677,1692255469449,1692255469455,1693227733688,11,6,5
38320,1693227733688,1692255469461,1692255469466,1693227733700,12,5,7
38321,1693227733700,1692255469472,1692255469478,1693227733712,12,6,6
38322,1693227733712,1692255469484,1692255469490,1693227733723,11,6,5
38323,1693227733723,1692255469496,1692255469501,1693227733735,12,5,7
38324,1693227733735,1692255469507,1692255469512,1693227733746,11,5,6
38325,1693227733746,1692255469519,1692255469524,1693227733757,11,5,6
38326,1693227733757,1692255469530,1692255469535,1693227733769,12,5,7
38327,1693227733769,1692255469542,1692255469547,1693227733780,11,5,6
38328,1693227733780,1692255469553,1692255469558,1693227733791,11,5,6
38329,1693227733791,1692255469564,1692255469569,1693227733803,12,5,7
38330,1693227733803,1692255469575,1692255469581,1693227733815,12,6,6
38331,1693227733815,1692255469587,1692255469592,1693227733825,10,5,5
38332,1693227733825,1692255469598,1692255469602,1693227733836,11,4,7
38333,1693227733836,1692255469609,1692255469614,1693227733848,12,5,7
38334,1693227733848,1692255469620,1692255469625,1693227733859,11,5,6
38335,1693227733859,1692255469631,1692255469636,1693227733870,11,5,6
38336,1693227733870,1692255469643,1692255469647,1693227733880,10,4,6
38337,1693227733880,1692255469652,1692255469657,1693227733891,11,5,6
38338,1693227733891,1692255469663,1692255469668,1693227733901,10,5,5
38339,1693227733901,1692255469674,1692255469679,1693227733912,11,5,6
38340,1693227733912,1692255469684,1692255469688,1693227733922,10,4,6
38341,1693227733922,1692255469694,1692255469699,1693227733933,11,5,6
38342,1693227733933,1692255469705,1692255469709,1693227733943,10,4,6
38343,1693227733943,1692255469716,1692255469719,1693227733952,9,3,6
38344,1693227733952,1692255469724,1692255469730,1693227733963,11,6,5
38345,1693227733963,1692255469735,1692255469739,1693227733972,9,4,5
38346,1693227733972,1692255469745,1692255469749,1693227733983,11,4,7
38347,1693227733983,1692255469755,1692255469760,1693227733994,11,5,6
38348,1693227733994,1692255469766,1692255469771,1693227734005,11,5,6
38349,1693227734005,1692255469778,1692255469785,1693227734019,14,7,7
38350,1693227734019,1692255469791,1692255469796,1693227734030,11,5,6
38351,1693227734030,1692255469803,1692255469807,1693227734041,11,4,7
38352,1693227734041,1692255469813,1692255469818,1693227734052,11,5,6
38353,1693227734052,1692255469825,1692255469830,1693227734063,11,5,6
38354,1693227734063,1692255469837,1692255469846,1693227734080,17,9,8
38355,1693227734080,1692255469854,1692255469863,1693227734097,17,9,8
38356,1693227734097,1692255469871,1692255469877,1693227734111,14,6,8
38357,1693227734111,1692255469885,1692255469889,1693227734123,12,4,8
38358,1693227734123,1692255469895,1692255469901,1693227734135,12,6,6
38359,1693227734135,1692255469908,1692255469912,1693227734145,10,4,6
38360,1693227734145,1692255469919,1692255469923,1693227734157,12,4,8
38361,1693227734157,1692255469930,1692255469938,1693227734171,14,8,6
38362,1693227734171,1692255469943,1692255469948,1693227734181,10,5,5
38363,1693227734181,1692255469955,1692255469961,1693227734194,13,6,7
38364,1693227734194,1692255469967,1692255469971,1693227734205,11,4,7
38365,1693227734205,1692255469977,1692255469982,1693227734217,12,5,7
38366,1693227734217,1692255469990,1692255469995,1693227734228,11,5,6
38367,1693227734228,1692255470000,1692255470005,1693227734239,11,5,6
38368,1693227734239,1692255470011,1692255470015,1693227734249,10,4,6
38369,1693227734249,1692255470022,1692255470026,1693227734260,11,4,7
38370,1693227734260,1692255470033,1692255470037,1693227734271,11,4,7
38371,1693227734271,1692255470043,1692255470048,1693227734281,10,5,5
38372,1693227734281,1692255470054,1692255470059,1693227734293,12,5,7
38373,1693227734293,1692255470065,1692255470069,1693227734303,10,4,6
38374,1693227734303,1692255470076,1692255470081,1693227734315,12,5,7
38375,1693227734315,1692255470090,1692255470096,1693227734330,15,6,9
38376,1693227734330,1692255470103,1692255470107,1693227734341,11,4,7
38377,1693227734341,1692255470113,1692255470118,1693227734352,11,5,6
38378,1693227734352,1692255470124,1692255470129,1693227734363,11,5,6
38379,1693227734363,1692255470136,1692255470141,1693227734374,11,5,6
38380,1693227734374,1692255470146,1692255470151,1693227734385,11,5,6
38381,1693227734385,1692255470157,1692255470162,1693227734395,10,5,5
38382,1693227734395,1692255470169,1692255470173,1693227734407,12,4,8
38383,1693227734407,1692255470179,1692255470183,1693227734416,9,4,5
38384,1693227734416,1692255470188,1692255470193,1693227734426,10,5,5
38385,1693227734426,1692255470199,1692255470206,1693227734440,14,7,7
38386,1693227734440,1692255470212,1692255470217,1693227734451,11,5,6
38387,1693227734451,1692255470223,1692255470228,1693227734461,10,5,5
38388,1693227734461,1692255470238,1692255470243,1693227734476,15,5,10
38389,1693227734477,1692255470249,1692255470253,1693227734487,10,4,6
38390,1693227734487,1692255470259,1692255470264,1693227734497,10,5,5
38391,1693227734498,1692255470269,1692255470274,1693227734507,9,5,4
38392,1693227734507,1692255470280,1692255470284,1693227734518,11,4,7
38393,1693227734518,1692255470290,1692255470295,1693227734528,10,5,5
38394,1693227734528,1692255470301,1692255470305,1693227734539,11,4,7
38395,1693227734539,1692255470311,1692255470316,1693227734551,12,5,7
38396,1693227734551,1692255470323,1692255470328,1693227734561,10,5,5
38397,1693227734561,1692255470334,1692255470338,1693227734571,10,4,6
38398,1693227734572,1692255470344,1692255470349,1693227734583,11,5,6
38399,1693227734583,1692255470355,1692255470360,1693227734593,10,5,5
38400,1693227734593,1692255470366,1692255470370,1693227734603,10,4,6
38401,1693227734603,1692255470379,1692255470384,1693227734618,15,5,10
38402,1693227734618,1692255470401,1692255470406,1693227734640,22,5,17
38403,1693227734640,1692255470415,1692255470420,1693227734654,14,5,9
38404,1693227734654,1692255470426,1692255470431,1693227734664,10,5,5
38405,1693227734664,1692255470437,1692255470442,1693227734675,11,5,6
38406,1693227734675,1692255470448,1692255470453,1693227734686,11,5,6
38407,1693227734686,1692255470459,1692255470463,1693227734697,11,4,7
38408,1693227734697,1692255470469,1692255470474,1693227734708,11,5,6
38409,1693227734708,1692255470480,1692255470485,1693227734718,10,5,5
38410,1693227734718,1692255470490,1692255470495,1693227734729,11,5,6
38411,1693227734729,1692255470503,1692255470509,1693227734742,13,6,7
38412,1693227734742,1692255470525,1692255470530,1693227734763,21,5,16
38413,1693227734763,1692255470535,1692255470540,1693227734773,10,5,5
38414,1693227734773,1692255470548,1692255470553,1693227734787,14,5,9
38415,1693227734787,1692255470559,1692255470564,1693227734797,10,5,5
38416,1693227734797,1692255470570,1692255470574,1693227734808,11,4,7
38417,1693227734808,1692255470580,1692255470584,1693227734818,10,4,6
38418,1693227734818,1692255470590,1692255470595,1693227734829,11,5,6
38419,1693227734829,1692255470602,1692255470607,1693227734840,11,5,6
38420,1693227734840,1692255470622,1692255470628,1693227734862,22,6,16
38421,1693227734862,1692255470641,1692255470646,1693227734879,17,5,12
38422,1693227734879,1692255470652,1692255470659,1693227734893,14,7,7
38423,1693227734893,1692255470666,1692255470671,1693227734905,12,5,7
38424,1693227734905,1692255470677,1692255470682,1693227734915,10,5,5
38425,1693227734915,1692255470688,1692255470692,1693227734926,11,4,7
38426,1693227734926,1692255470698,1692255470703,1693227734937,11,5,6
38427,1693227734937,1692255470709,1692255470714,1693227734948,11,5,6
38428,1693227734948,1692255470721,1692255470726,1693227734960,12,5,7
38429,1693227734960,1692255470733,1692255470740,1693227734974,14,7,7
38430,1693227734974,1692255470747,1692255470752,1693227734985,11,5,6
38431,1693227734985,1692255470758,1692255470763,1693227734997,12,5,7
38432,1693227734997,1692255470769,1692255470774,1693227735009,12,5,7
38433,1693227735009,1692255470783,1692255470788,1693227735022,13,5,8
38434,1693227735022,1692255470795,1692255470800,1693227735033,11,5,6
38435,1693227735033,1692255470807,1692255470812,1693227735046,13,5,8
38436,1693227735046,1692255470818,1692255470823,1693227735057,11,5,6
38437,1693227735057,1692255470829,1692255470835,1693227735068,11,6,5
38438,1693227735068,1692255470840,1692255470845,1693227735078,10,5,5
38439,1693227735079,1692255470852,1692255470856,1693227735089,10,4,6
38440,1693227735089,1692255470861,1692255470865,1693227735100,11,4,7
38441,1693227735100,1692255470872,1692255470877,1693227735111,11,5,6
38442,1693227735111,1692255470883,1692255470888,1693227735122,11,5,6
38443,1693227735122,1692255470894,1692255470899,1693227735132,10,5,5
38444,1693227735132,1692255470904,1692255470909,1693227735143,11,5,6
38445,1693227735143,1692255470916,1692255470920,1693227735154,11,4,7
38446,1693227735154,1692255470926,1692255470931,1693227735165,11,5,6
38447,1693227735165,1692255470937,1692255470942,1693227735176,11,5,6
38448,1693227735176,1692255470949,1692255470953,1693227735187,11,4,7
38449,1693227735187,1692255470960,1692255470965,1693227735198,11,5,6
38450,1693227735198,1692255470971,1692255470976,1693227735210,12,5,7
38451,1693227735210,1692255470982,1692255470987,1693227735220,10,5,5
38452,1693227735220,1692255470993,1692255470998,1693227735231,11,5,6
38453,1693227735231,1692255471003,1692255471008,1693227735241,10,5,5
38454,1693227735241,1692255471014,1692255471019,1693227735253,12,5,7
38455,1693227735253,1692255471026,1692255471031,1693227735265,12,5,7
38456,1693227735265,1692255471037,1692255471041,1693227735275,10,4,6
38457,1693227735275,1692255471047,1692255471052,1693227735285,10,5,5
38458,1693227735285,1692255471058,1692255471067,1693227735300,15,9,6
38459,1693227735301,1692255471073,1692255471081,1693227735314,13,8,5
38460,1693227735314,1692255471086,1692255471091,1693227735325,11,5,6
38461,1693227735325,1692255471097,1692255471102,1693227735336,11,5,6
38462,1693227735336,1692255471109,1692255471113,1693227735347,11,4,7
38463,1693227735347,1692255471119,1692255471124,1693227735357,10,5,5
38464,1693227735357,1692255471130,1692255471134,1693227735368,11,4,7
38465,1693227735368,1692255471140,1692255471145,1693227735379,11,5,6
38466,1693227735379,1692255471152,1692255471157,1693227735391,12,5,7
38467,1693227735391,1692255471163,1692255471169,1693227735403,12,6,6
38468,1693227735403,1692255471175,1692255471180,1693227735414,11,5,6
38469,1693227735414,1692255471187,1692255471193,1693227735426,12,6,6
38470,1693227735426,1692255471198,1692255471202,1693227735436,10,4,6
38471,1693227735436,1692255471208,1692255471212,1693227735446,10,4,6
38472,1693227735446,1692255471218,1692255471221,1693227735455,9,3,6
38473,1693227735455,1692255471227,1692255471231,1693227735464,9,4,5
38474,1693227735464,1692255471239,1692255471243,1693227735477,13,4,9
38475,1693227735477,1692255471250,1692255471255,1693227735488,11,5,6
38476,1693227735488,1692255471267,1692255471271,1693227735505,17,4,13
38477,1693227735505,1692255471278,1692255471282,1693227735515,10,4,6
38478,1693227735515,1692255471287,1692255471291,1693227735525,10,4,6
38479,1693227735525,1692255471298,1692255471303,1693227735536,11,5,6
38480,1693227735536,1692255471309,1692255471313,1693227735549,13,4,9
38481,1693227735549,1692255471321,1692255471326,1693227735561,12,5,7
38482,1693227735561,1692255471336,1692255471341,1693227735575,14,5,9
38483,1693227735575,1692255471347,1692255471352,1693227735586,11,5,6
38484,1693227735586,1692255471359,1692255471364,1693227735598,12,5,7
38485,1693227735598,1692255471370,1692255471375,1693227735608,10,5,5
38486,1693227735608,1692255471381,1692255471386,1693227735619,11,5,6
38487,1693227735619,1692255471392,1692255471397,1693227735631,12,5,7
38488,1693227735631,1692255471403,1692255471408,1693227735646,15,5,10
38489,1693227735646,1692255471423,1692255471427,1693227735661,15,4,11
38490,1693227735661,1692255471433,1692255471437,1693227735671,10,4,6
38491,1693227735671,1692255471443,1692255471447,1693227735681,10,4,6
38492,1693227735681,1692255471456,1692255471460,1693227735694,13,4,9
38493,1693227735694,1692255471466,1692255471470,1693227735704,10,4,6
38494,1693227735704,1692255471476,1692255471481,1693227735715,11,5,6
38495,1693227735715,1692255471487,1692255471492,1693227735726,11,5,6
38496,1693227735726,1692255471498,1692255471505,1693227735739,13,7,6
38497,1693227735739,1692255471511,1692255471516,1693227735749,10,5,5
38498,1693227735749,1692255471524,1692255471528,1693227735762,13,4,9
38499,1693227735762,1692255471535,1692255471539,1693227735773,11,4,7
38500,1693227735773,1692255471546,1692255471550,1693227735784,11,4,7
38501,1693227735784,1692255471557,1692255471562,1693227735796,12,5,7
38502,1693227735796,1692255471568,1692255471572,1693227735805,9,4,5
38503,1693227735805,1692255471577,1692255471581,1693227735814,9,4,5
38504,1693227735814,1692255471586,1692255471590,1693227735824,10,4,6
38505,1693227735824,1692255471596,1692255471599,1693227735833,9,3,6
38506,1693227735833,1692255471605,1692255471610,1693227735843,10,5,5
38507,1693227735843,1692255471615,1692255471619,1693227735853,10,4,6
38508,1693227735853,1692255471626,1692255471630,1693227735863,10,4,6
38509,1693227735863,1692255471635,1692255471639,1693227735872,9,4,5
38510,1693227735872,1692255471644,1692255471648,1693227735882,10,4,6
38511,1693227735882,1692255471655,1692255471660,1693227735893,11,5,6
38512,1693227735893,1692255471666,1692255471671,1693227735905,12,5,7
38513,1693227735905,1692255471677,1692255471682,1693227735916,11,5,6
38514,1693227735916,1692255471688,1692255471698,1693227735931,15,10,5
38515,1693227735931,1692255471703,1692255471708,1693227735942,11,5,6
38516,1693227735942,1692255471715,1692255471720,1693227735954,12,5,7
38517,1693227735954,1692255471728,1692255471733,1693227735966,12,5,7
38518,1693227735966,1692255471739,1692255471744,1693227735977,11,5,6
38519,1693227735978,1692255471750,1692255471756,1693227735989,11,6,5
38520,1693227735989,1692255471762,1692255471767,1693227736003,14,5,9
38521,1693227736003,1692255471776,1692255471781,1693227736014,11,5,6
38522,1693227736014,1692255471787,1692255471792,1693227736025,11,5,6
38523,1693227736025,1692255471800,1692255471805,1693227736039,14,5,9
38524,1693227736039,1692255471812,1692255471816,1693227736050,11,4,7
38525,1693227736050,1692255471824,1692255471828,1693227736061,11,4,7
38526,1693227736061,1692255471834,1692255471839,1693227736072,11,5,6
38527,1693227736072,1692255471844,1692255471848,1693227736082,10,4,6
38528,1693227736082,1692255471854,1692255471858,1693227736092,10,4,6
38529,1693227736092,1692255471864,1692255471868,1693227736101,9,4,5
38530,1693227736101,1692255471873,1692255471877,1693227736110,9,4,5
38531,1693227736110,1692255471885,1692255471889,1693227736123,13,4,9
38532,1693227736123,1692255471895,1692255471901,1693227736135,12,6,6
38533,1693227736135,1692255471907,1692255471912,1693227736145,10,5,5
38534,1693227736145,1692255471918,1692255471923,1693227736156,11,5,6
38535,1693227736156,1692255471929,1692255471934,1693227736167,11,5,6
38536,1693227736167,1692255471940,1692255471945,1693227736179,12,5,7
38537,1693227736179,1692255471951,1692255471956,1693227736190,11,5,6
38538,1693227736190,1692255471962,1692255471967,1693227736200,10,5,5
38539,1693227736200,1692255471973,1692255471978,1693227736212,12,5,7
38540,1693227736212,1692255471984,1692255471990,1693227736223,11,6,5
38541,1693227736223,1692255471996,1692255472001,1693227736235,12,5,7
38542,1693227736235,1692255472007,1692255472011,1693227736244,9,4,5
38543,1693227736245,1692255472017,1692255472022,1693227736256,11,5,6
38544,1693227736256,1692255472029,1692255472032,1693227736266,10,3,7
38545,1693227736266,1692255472039,1692255472044,1693227736277,11,5,6
38546,1693227736277,1692255472049,1692255472055,1693227736288,11,6,5
38547,1693227736288,1692255472061,1692255472066,1693227736300,12,5,7
38548,1693227736300,1692255472074,1692255472081,1693227736315,15,7,8
38549,1693227736315,1692255472086,1692255472090,1693227736324,9,4,5
38550,1693227736324,1692255472096,1692255472100,1693227736333,9,4,5
38551,1693227736333,1692255472105,1692255472110,1693227736343,10,5,5
38552,1693227736343,1692255472117,1692255472122,1693227736355,12,5,7
38553,1693227736355,1692255472127,1692255472131,1693227736364,9,4,5
38554,1693227736364,1692255472138,1692255472143,1693227736376,12,5,7
38555,1693227736377,1692255472149,1692255472153,1693227736387,10,4,6
38556,1693227736387,1692255472160,1692255472165,1693227736398,11,5,6
38557,1693227736398,1692255472172,1692255472176,1693227736410,12,4,8
38558,1693227736410,1692255472183,1692255472187,1693227736421,11,4,7
38559,1693227736421,1692255472194,1692255472199,1693227736433,12,5,7
38560,1693227736433,1692255472208,1692255472213,1693227736447,14,5,9
38561,1693227736447,1692255472219,1692255472224,1693227736458,11,5,6
38562,1693227736458,1692255472230,1692255472235,1693227736470,12,5,7
38563,1693227736470,1692255472243,1692255472247,1693227736481,11,4,7
38564,1693227736481,1692255472253,1692255472257,1693227736491,10,4,6
38565,1693227736491,1692255472263,1692255472267,1693227736500,9,4,5
38566,1693227739679,1692255475451,1692255475455,1693227739688,9,4,5
38567,1693227739688,1692255475463,1692255475467,1693227739703,15,4,11
38568,1693227739703,1692255475475,1692255475478,1693227739712,9,3,6
38569,1693227739712,1692255475483,1692255475488,1693227739721,9,5,4
38570,1693227739721,1692255475492,1692255475495,1693227739731,10,3,7
38571,1693227739731,1692255475503,1692255475506,1693227739739,8,3,5
38572,1693227739739,1692255475511,1692255475514,1693227739774,35,3,32
38573,1693227739774,1692255475549,1692255475553,1693227739786,12,4,8
38574,1693227739786,1692255475558,1692255475561,1693227739794,8,3,5
38575,1693227739794,1692255475566,1692255475570,1693227739803,9,4,5
38576,1693227739803,1692255475575,1692255475578,1693227739811,8,3,5
38577,1693227739811,1692255475582,1692255475585,1693227739819,8,3,5
38578,1693227739819,1692255475590,1692255475593,1693227739826,7,3,4
38579,1693227739826,1692255475597,1692255475600,1693227739833,7,3,4
38580,1693227739833,1692255475604,1692255475608,1693227739841,8,4,4
38581,1693227739841,1692255475612,1692255475615,1693227739849,8,3,5
38582,1693227739849,1692255475621,1692255475624,1693227739857,8,3,5
38583,1693227739857,1692255475628,1692255475631,1693227739864,7,3,4
38584,1693227739864,1692255475635,1692255475639,1693227739872,8,4,4
38585,1693227739872,1692255475643,1692255475647,1693227739880,8,4,4
38586,1693227739880,1692255475651,1692255475656,1693227739889,9,5,4
38587,1693227739889,1692255475663,1692255475666,1693227739899,10,3,7
38588,1693227739899,1692255475670,1692255475673,1693227739907,8,3,5
38589,1693227739907,1692255475678,1692255475681,1693227739914,7,3,4
38590,1693227739914,1692255475686,1692255475689,1693227739922,8,3,5
38591,1693227739922,1692255475695,1692255475698,1693227739931,9,3,6
38592,1693227739931,1692255475703,1692255475706,1693227739939,8,3,5
38593,1693227739939,1692255475711,1692255475714,1693227739947,8,3,5
38594,1693227739947,1692255475720,1692255475724,1693227739957,10,4,6
38595,1693227739957,1692255475729,1692255475732,1693227739966,9,3,6
38596,1693227739966,1692255475737,1692255475740,1693227739974,8,3,5
38597,1693227739974,1692255475745,1692255475748,1693227739981,7,3,4
38598,1693227739981,1692255475752,1692255475756,1693227739990,9,4,5
38599,1693227739990,1692255475762,1692255475766,1693227739999,9,4,5
38600,1693227739999,1692255475770,1692255475773,1693227740006,7,3,4
38601,1693227740006,1692255475778,1692255475781,1693227740014,8,3,5
38602,1693227740014,1692255475786,1692255475789,1693227740026,12,3,9
38603,1693227740026,1692255475797,1692255475800,1693227740033,7,3,4
38604,1693227740034,1692255475810,1692255475813,1693227740047,13,3,10
38605,1693227740047,1692255475818,1692255475821,1693227740056,9,3,6
38606,1693227740056,1692255475827,1692255475831,1693227740065,9,4,5
38607,1693227740065,1692255475836,1692255475839,1693227740072,7,3,4
38608,1693227740072,1692255475844,1692255475847,1693227740081,9,3,6
38609,1693227740081,1692255475852,1692255475856,1693227740089,8,4,4
38610,1693227740089,1692255475861,1692255475867,1693227740100,11,6,5
38611,1693227740100,1692255475871,1692255475874,1693227740107,7,3,4
38612,1693227740107,1692255475879,1692255475883,1693227740116,9,4,5
38613,1693227740116,1692255475887,1692255475890,1693227740123,7,3,4
38614,1693227740123,1692255475894,1692255475898,1693227740131,8,4,4
38615,1693227740131,1692255475902,1692255475905,1693227740138,7,3,4
38616,1693227740138,1692255475913,1692255475916,1693227740149,11,3,8
38617,1693227740149,1692255475920,1692255475924,1693227740157,8,4,4
38618,1693227740157,1692255475930,1692255475934,1693227740168,11,4,7
38619,1693227740168,1692255475940,1692255475944,1693227740177,9,4,5
38620,1693227740177,1692255475952,1692255475955,1693227740188,11,3,8
38621,1693227740188,1692255475960,1692255475964,1693227740197,9,4,5
38622,1693227740197,1692255475968,1692255475971,1693227740205,8,3,5
38623,1693227740205,1692255475977,1692255475980,1693227740214,9,3,6
38624,1693227740214,1692255475985,1692255475989,1693227740222,8,4,4
38625,1693227740222,1692255475995,1692255475998,1693227740234,12,3,9
38626,1693227740234,1692255476005,1692255476009,1693227740242,8,4,4
38627,1693227740242,1692255476012,1692255476015,1693227740249,7,3,4
38628,1693227740249,1692255476020,1692255476023,1693227740259,10,3,7
38629,1693227740259,1692255476030,1692255476033,1693227740266,7,3,4
38630,1693227740266,1692255476037,1692255476040,1693227740272,6,3,3
38631,1693227740272,1692255476043,1692255476046,1693227740279,7,3,4
38632,1693227740279,1692255476050,1692255476053,1693227740286,7,3,4
38633,1693227740286,1692255476057,1692255476061,1693227740293,7,4,3
38634,1693227740293,1692255476064,1692255476068,1693227740301,8,4,4
38635,1693227740301,1692255476072,1692255476075,1693227740308,7,3,4
38636,1693227740308,1692255476079,1692255476083,1693227740316,8,4,4
38637,1693227740316,1692255476087,1692255476090,1693227740323,7,3,4
38638,1693227740323,1692255476094,1692255476098,1693227740331,8,4,4
38639,1693227740331,1692255476103,1692255476107,1693227740340,9,4,5
38640,1693227740340,1692255476111,1692255476115,1693227740348,8,4,4
38641,1693227740348,1692255476119,1692255476122,1693227740355,7,3,4
38642,1693227740355,1692255476127,1692255476132,1693227740365,10,5,5
38643,1693227740365,1692255476136,1692255476139,1693227740372,7,3,4
38644,1693227740372,1692255476144,1692255476147,1693227740380,8,3,5
38645,1693227740380,1692255476151,1692255476155,1693227740388,8,4,4
38646,1693227740389,1692255476159,1692255476163,1693227740396,7,4,3
38647,1693227740396,1692255476167,1692255476169,1693227740403,7,2,5
38648,1693227740403,1692255476174,1692255476177,1693227740410,7,3,4
38649,1693227740410,1692255476181,1692255476184,1693227740417,7,3,4
38650,1693227740417,1692255476188,1692255476191,1693227740424,7,3,4
38651,1693227740424,1692255476196,1692255476199,1693227740432,8,3,5
38652,1693227740432,1692255476203,1692255476206,1693227740439,7,3,4
38653,1693227740439,1692255476211,1692255476214,1693227740447,8,3,5
38654,1693227740447,1692255476219,1692255476222,1693227740455,8,3,5
38655,1693227740455,1692255476226,1692255476230,1693227740464,9,4,5
38656,1693227740464,1692255476235,1692255476239,1693227740472,8,4,4
38657,1693227740472,1692255476244,1692255476248,1693227740482,10,4,6
38658,1693227740482,1692255476252,1692255476255,1693227740489,7,3,4
38659,1693227740489,1692255476260,1692255476263,1693227740496,7,3,4
38660,1693227740496,1692255476267,1692255476270,1693227740503,7,3,4
38661,1693227740503,1692255476274,1692255476278,1693227740511,8,4,4
38662,1693227740512,1692255476283,1692255476286,1693227740519,7,3,4
38663,1693227740519,1692255476290,1692255476293,1693227740526,7,3,4
38664,1693227740526,1692255476296,1692255476300,1693227740533,7,4,3
38665,1693227740533,1692255476305,1692255476308,1693227740542,9,3,6
38666,1693227740542,1692255476313,1692255476316,1693227740549,7,3,4
38667,1693227740550,1692255476321,1692255476324,1693227740557,7,3,4
38668,1693227740557,1692255476328,1692255476331,1693227740566,9,3,6
38669,1693227740566,1692255476338,1692255476341,1693227740574,8,3,5
38670,1693227740574,1692255476346,1692255476349,1693227740582,8,3,5
38671,1693227740582,1692255476353,1692255476357,1693227740590,8,4,4
38672,1693227740591,1692255476364,1692255476368,1693227740601,10,4,6
38673,1693227740601,1692255476372,1692255476376,1693227740609,8,4,4
38674,1693227740609,1692255476380,1692255476383,1693227740616,7,3,4
38675,1693227740616,1692255476388,1692255476391,1693227740624,8,3,5
38676,1693227740624,1692255476395,1692255476398,1693227740631,7,3,4
38677,1693227740631,1692255476403,1692255476406,1693227740640,9,3,6
38678,1693227740640,1692255476411,1692255476414,1693227740647,7,3,4
38679,1693227740647,1692255476419,1692255476423,1693227740657,10,4,6
38680,1693227740657,1692255476428,1692255476431,1693227740665,8,3,5
38681,1693227740665,1692255476438,1692255476444,1693227740677,12,6,6
38682,1693227740677,1692255476448,1692255476452,1693227740685,8,4,4
38683,1693227740685,1692255476455,1692255476459,1693227740691,6,4,2
38684,1693227740692,1692255476462,1692255476467,1693227740700,8,5,3
38685,1693227740700,1692255476471,1692255476474,1693227740708,8,3,5
38686,1693227740708,1692255476479,1692255476482,1693227740715,7,3,4
38687,1693227740715,1692255476487,1692255476491,1693227740724,9,4,5
38688,1693227740724,1692255476494,1692255476497,1693227740730,6,3,3
38689,1693227740730,1692255476502,1692255476505,1693227740738,8,3,5
38690,1693227740738,1692255476510,1692255476512,1693227740745,7,2,5
38691,1693227740745,1692255476519,1692255476523,1693227740756,11,4,7
38692,1693227740756,1692255476528,1692255476532,1693227740764,8,4,4
38693,1693227740765,1692255476535,1692255476539,1693227740772,7,4,3
38694,1693227740772,1692255476544,1692255476547,1693227740780,8,3,5
38695,1693227740780,1692255476551,1692255476555,1693227740788,8,4,4
38696,1693227740788,1692255476559,1692255476562,1693227740796,8,3,5
38697,1693227740796,1692255476567,1692255476571,1693227740804,8,4,4
38698,1693227740804,1692255476575,1692255476578,1693227740811,7,3,4
38699,1693227740811,1692255476583,1692255476587,1693227740820,9,4,5
38700,1693227740820,1692255476592,1692255476595,1693227740828,8,3,5
38701,1693227740828,1692255476599,1692255476603,1693227740836,8,4,4
38702,1693227740836,1692255476607,1692255476610,1693227740843,7,3,4
38703,1693227740843,1692255476613,1692255476616,1693227740849,6,3,3
38704,1693227740849,1692255476620,1692255476623,1693227740856,7,3,4
38705,1693227740856,1692255476628,1692255476631,1693227740864,8,3,5
38706,1693227740864,1692255476635,1692255476637,1693227740870,6,2,4
38707,1693227740870,1692255476643,1692255476646,1693227740880,10,3,7
38708,1693227740880,1692255476653,1692255476657,1693227740890,10,4,6
38709,1693227740890,1692255476660,1692255476663,1693227740896,6,3,3
38710,1693227740896,1692255476667,1692255476670,1693227740903,7,3,4
38711,1693227740903,1692255476675,1692255476678,1693227740911,8,3,5
38712,1693227740911,1692255476682,1692255476687,1693227740920,9,5,4
38713,1693227740920,1692255476691,1692255476695,1693227740928,8,4,4
38714,1693227740928,1692255476698,1692255476701,1693227740934,6,3,3
38715,1693227740934,1692255476705,1692255476710,1693227740943,9,5,4
38716,1693227740943,1692255476714,1692255476716,1693227740949,6,2,4
38717,1693227740949,1692255476721,1692255476724,1693227740957,8,3,5
38718,1693227740957,1692255476728,1692255476731,1693227740964,7,3,4
38719,1693227740964,1692255476735,1692255476739,1693227740972,8,4,4
38720,1693227740972,1692255476746,1692255476749,1693227740983,11,3,8
38721,1693227740983,1692255476756,1692255476759,1693227740992,9,3,6
38722,1693227740993,1692255476764,1692255476767,1693227741000,7,3,4
38723,1693227741000,1692255476771,1692255476774,1693227741008,8,3,5
38724,1693227741008,1692255476779,1692255476782,1693227741015,7,3,4
38725,1693227741015,1692255476786,1692255476789,1693227741022,7,3,4
38726,1693227741022,1692255476793,1692255476797,1693227741032,10,4,6
38727,1693227741032,1692255476804,1692255476808,1693227741041,9,4,5
38728,1693227741041,1692255476815,1692255476818,1693227741051,10,3,7
38729,1693227741051,1692255476821,1692255476825,1693227741058,7,4,3
38730,1693227741058,1692255476829,1692255476833,1693227741066,8,4,4
38731,1693227741066,1692255476837,1692255476841,1693227741074,8,4,4
38732,1693227741074,1692255476847,1692255476851,1693227741084,10,4,6
38733,1693227741084,1692255476855,1692255476859,1693227741092,8,4,4
38734,1693227741092,1692255476863,1692255476866,1693227741099,7,3,4
38735,1693227741099,1692255476869,1692255476872,1693227741106,7,3,4
38736,1693227741106,1692255476877,1692255476881,1693227741114,8,4,4
38737,1693227741114,1692255476885,1692255476889,1693227741122,8,4,4
38738,1693227741122,1692255476893,1692255476896,1693227741130,8,3,5
38739,1693227741130,1692255476901,1692255476904,1693227741137,7,3,4
38740,1693227741137,1692255476908,1692255476911,1693227741144,7,3,4
38741,1693227741144,1692255476915,1692255476918,1693227741151,7,3,4
38742,1693227741151,1692255476922,1692255476926,1693227741159,8,4,4
38743,1693227741159,1692255476930,1692255476933,1693227741167,8,3,5
38744,1693227741167,1692255476938,1692255476941,1693227741174,7,3,4
38745,1693227741174,1692255476944,1692255476947,1693227741180,6,3,3
38746,1693227741180,1692255476952,1692255476955,1693227741188,8,3,5
38747,1693227741188,1692255476959,1692255476963,1693227741196,8,4,4
38748,1693227741196,1692255476967,1692255476970,1693227741203,7,3,4
38749,1693227741203,1692255476975,1692255476978,1693227741211,8,3,5
38750,1693227741211,1692255476983,1692255476986,1693227741219,8,3,5
38751,1693227741219,1692255476990,1692255476994,1693227741227,8,4,4
38752,1693227741227,1692255476998,1692255477003,1693227741236,9,5,4
38753,1693227741236,1692255477007,1692255477010,1693227741243,7,3,4
38754,1693227741243,1692255477015,1692255477019,1693227741252,9,4,5
38755,1693227741252,1692255477024,1692255477026,1693227741259,7,2,5
38756,1693227741259,1692255477032,1692255477035,1693227741268,9,3,6
38757,1693227741268,1692255477039,1692255477042,1693227741275,7,3,4
38758,1693227741275,1692255477046,1692255477049,1693227741283,8,3,5
38759,1693227741283,1692255477054,1692255477057,1693227741290,7,3,4
38760,1693227741290,1692255477061,1692255477065,1693227741298,8,4,4
38761,1693227741298,1692255477069,1692255477073,1693227741306,8,4,4
38762,1693227741306,1692255477078,1692255477081,1693227741315,9,3,6
38763,1693227741315,1692255477086,1692255477089,1693227741322,7,3,4
38764,1693227741322,1692255477094,1692255477097,1693227741331,9,3,6
38765,1693227741331,1692255477102,1692255477106,1693227741339,8,4,4
38766,1693227741339,1692255477111,1692255477114,1693227741348,9,3,6
38767,1693227741348,1692255477119,1692255477122,1693227741355,7,3,4
38768,1693227741355,1692255477127,1692255477130,1693227741363,8,3,5
38769,1693227741363,1692255477134,1692255477137,1693227741370,7,3,4
38770,1693227741371,1692255477142,1692255477146,1693227741379,8,4,4
38771,1693227741379,1692255477150,1692255477153,1693227741387,8,3,5
38772,1693227741387,1692255477158,1692255477161,1693227741395,8,3,5
38773,1693227741395,1692255477166,1692255477169,1693227741403,8,3,5
38774,1693227741403,1692255477175,1692255477179,1693227741412,9,4,5
38775,1693227741412,1692255477183,1692255477186,1693227741419,7,3,4
38776,1693227741419,1692255477191,1692255477194,1693227741427,8,3,5
38777,1693227741427,1692255477202,1692255477205,1693227741439,12,3,9
38778,1693227741439,1692255477210,1692255477214,1693227741447,8,4,4
38779,1693227741447,1692255477219,1692255477222,1693227741459,12,3,9
38780,1693227741459,1692255477230,1692255477233,1693227741467,8,3,5
38781,1693227741467,1692255477238,1692255477242,1693227741475,8,4,4
38782,1693227741475,1692255477247,1692255477250,1693227741484,9,3,6
38783,1693227741484,1692255477268,1692255477271,1693227741504,20,3,17
38784,1693227741504,1692255477275,1692255477279,1693227741512,8,4,4
38785,1693227741512,1692255477283,1692255477286,1693227741520,8,3,5
38786,1693227741520,1692255477291,1692255477294,1693227741527,7,3,4
38787,1693227741527,1692255477299,1692255477302,1693227741535,8,3,5
38788,1693227741535,1692255477307,1692255477310,1693227741543,8,3,5
38789,1693227741543,1692255477313,1692255477318,1693227741551,8,5,3
38790,1693227741551,1692255477322,1692255477325,1693227741558,7,3,4
38791,1693227741558,1692255477330,1692255477333,1693227741567,9,3,6
38792,1693227741567,1692255477338,1692255477341,1693227741574,7,3,4
38793,1693227741574,1692255477345,1692255477349,1693227741582,8,4,4
38794,1693227741582,1692255477354,1692255477357,1693227741590,8,3,5
38795,1693227741590,1692255477361,1692255477365,1693227741598,8,4,4
38796,1693227741598,1692255477369,1692255477372,1693227741605,7,3,4
38797,1693227741605,1692255477377,1692255477380,1693227741613,8,3,5
38798,1693227741613,1692255477384,1692255477388,1693227741621,8,4,4
38799,1693227741621,1692255477392,1692255477395,1693227741628,7,3,4
38800,1693227741628,1692255477399,1692255477402,1693227741636,8,3,5
38801,1693227741636,1692255477407,1692255477411,1693227741644,8,4,4
38802,1693227741644,1692255477415,1692255477419,1693227741652,8,4,4
38803,1693227741652,1692255477424,1692255477427,1693227741661,9,3,6
38804,1693227741661,1692255477432,1692255477435,1693227741668,7,3,4
38805,1693227741668,1692255477439,1692255477442,1693227741675,7,3,4
38806,1693227741675,1692255477446,1692255477449,1693227741683,8,3,5
38807,1693227741683,1692255477454,1692255477457,1693227741692,9,3,6
38808,1693227741693,1692255477464,1692255477467,1693227741700,7,3,4
38809,1693227741700,1692255477472,1692255477475,1693227741708,8,3,5
38810,1693227741708,1692255477480,1692255477483,1693227741716,8,3,5
38811,1693227741716,1692255477488,1692255477492,1693227741725,9,4,5
38812,1693227741725,1692255477496,1692255477500,1693227741733,8,4,4
38813,1693227741733,1692255477505,1692255477508,1693227741741,8,3,5
38814,1693227741741,1692255477513,1692255477516,1693227741749,8,3,5
38815,1693227741749,1692255477520,1692255477523,1693227741756,7,3,4
38816,1693227741756,1692255477527,1692255477531,1693227741764,8,4,4
38817,1693227741764,1692255477535,1692255477539,1693227741773,9,4,5
38818,1693227741773,1692255477544,1692255477548,1693227741781,8,4,4
38819,1693227741781,1692255477553,1692255477556,1693227741790,9,3,6
38820,1693227741790,1692255477561,1692255477564,1693227741797,7,3,4
38821,1693227741797,1692255477568,1692255477571,1693227741805,8,3,5
38822,1693227741805,1692255477576,1692255477579,1693227741813,8,3,5
38823,1693227741813,1692255477584,1692255477587,1693227741820,7,3,4
38824,1693227741820,1692255477592,1692255477595,1693227741828,8,3,5
38825,1693227741828,1692255477598,1692255477601,1693227741834,6,3,3
38826,1693227741834,1692255477605,1692255477609,1693227741842,8,4,4
38827,1693227741842,1692255477614,1692255477618,1693227741851,9,4,5
38828,1693227741851,1692255477622,1692255477625,1693227741858,7,3,4
38829,1693227741858,1692255477629,1692255477632,1693227741865,7,3,4
38830,1693227741865,1692255477636,1692255477640,1693227741873,8,4,4
38831,1693227741873,1692255477643,1692255477647,1693227741880,7,4,3
38832,1693227741880,1692255477651,1692255477655,1693227741888,8,4,4
38833,1693227741888,1692255477659,1692255477662,1693227741897,9,3,6
38834,1693227741897,1692255477669,1692255477672,1693227741905,8,3,5
38835,1693227741905,1692255477676,1692255477680,1693227741913,8,4,4
38836,1693227741913,1692255477684,1692255477687,1693227741921,8,3,5
38837,1693227741921,1692255477692,1692255477696,1693227741929,8,4,4
38838,1693227741929,1692255477700,1692255477703,1693227741937,8,3,5
38839,1693227741937,1692255477708,1692255477712,1693227741945,8,4,4
38840,1693227741945,1692255477717,1692255477720,1693227741953,8,3,5
38841,1693227741953,1692255477723,1692255477726,1693227741959,6,3,3
38842,1693227741959,1692255477730,1692255477733,1693227741966,7,3,4
38843,1693227741966,1692255477738,1692255477741,1693227741974,8,3,5
38844,1693227741974,1692255477746,1692255477749,1693227741983,9,3,6
38845,1693227741983,1692255477754,1692255477757,1693227741990,7,3,4
38846,1693227741990,1692255477762,1692255477764,1693227742000,10,2,8
38847,1693227742000,1692255477771,1692255477777,1693227742010,10,6,4
38848,1693227742010,1692255477781,1692255477784,1693227742018,8,3,5
38849,1693227742018,1692255477789,1692255477792,1693227742027,9,3,6
38850,1693227742027,1692255477800,1692255477802,1693227742038,11,2,9
38851,1693227742038,1692255477810,1692255477813,1693227742046,8,3,5
38852,1693227742046,1692255477818,1692255477821,1693227742054,8,3,5
38853,1693227742054,1692255477826,1692255477829,1693227742062,8,3,5
38854,1693227742062,1692255477833,1692255477837,1693227742070,8,4,4
38855,1693227742070,1692255477841,1692255477844,1693227742077,7,3,4
38856,1693227742077,1692255477847,1692255477850,1693227742083,6,3,3
38857,1693227742083,1692255477855,1692255477858,1693227742091,8,3,5
38858,1693227742091,1692255477863,1692255477866,1693227742103,12,3,9
38859,1693227742103,1692255477874,1692255477878,1693227742111,8,4,4
38860,1693227742111,1692255477882,1692255477884,1693227742118,7,2,5
38861,1693227742118,1692255477889,1692255477892,1693227742125,7,3,4
38862,1693227742125,1692255477897,1692255477902,1693227742135,10,5,5
38863,1693227742135,1692255477907,1692255477911,1693227742144,9,4,5
38864,1693227742144,1692255477915,1692255477918,1693227742151,7,3,4
38865,1693227742151,1692255477922,1692255477925,1693227742158,7,3,4
38866,1693227742158,1692255477929,1692255477932,1693227742166,8,3,5
38867,1693227742166,1692255477937,1692255477940,1693227742173,7,3,4
38868,1693227742173,1692255477944,1692255477948,1693227742181,8,4,4
38869,1693227742181,1692255477952,1692255477955,1693227742188,7,3,4
38870,1693227742188,1692255477959,1692255477963,1693227742195,7,4,3
38871,1693227742195,1692255477966,1692255477970,1693227742204,9,4,5
38872,1693227742204,1692255477977,1692255477981,1693227742214,10,4,6
38873,1693227742214,1692255477985,1692255477988,1693227742221,7,3,4
38874,1693227742221,1692255477993,1692255477996,1693227742229,8,3,5
38875,1693227742229,1692255478000,1692255478004,1693227742237,8,4,4
38876,1693227742237,1692255478008,1692255478012,1693227742245,8,4,4
38877,1693227742245,1692255478016,1692255478019,1693227742252,7,3,4
38878,1693227742252,1692255478024,1692255478027,1693227742260,8,3,5
38879,1693227742260,1692255478031,1692255478035,1693227742268,8,4,4
38880,1693227742268,1692255478039,1692255478042,1693227742275,7,3,4
38881,1693227742275,1692255478049,1692255478053,1693227742286,11,4,7
38882,1693227742286,1692255478057,1692255478060,1693227742293,7,3,4
38883,1693227742293,1692255478064,1692255478067,1693227742300,7,3,4
38884,1693227742300,1692255478072,1692255478075,1693227742309,9,3,6
38885,1693227742309,1692255478080,1692255478083,1693227742316,7,3,4
38886,1693227742316,1692255478087,1692255478090,1693227742323,7,3,4
38887,1693227742324,1692255478095,1692255478099,1693227742333,9,4,5
38888,1693227742333,1692255478104,1692255478106,1693227742339,6,2,4
38889,1693227742340,1692255478112,1692255478115,1693227742349,9,3,6
38890,1693227742349,1692255478120,1692255478124,1693227742357,8,4,4
38891,1693227742357,1692255478128,1692255478131,1693227742365,8,3,5
38892,1693227742365,1692255478136,1692255478139,1693227742373,8,3,5
38893,1693227742373,1692255478145,1692255478149,1693227742382,9,4,5
38894,1693227742382,1692255478154,1692255478157,1693227742390,8,3,5
38895,1693227742390,1692255478162,1692255478165,1693227742398,8,3,5
38896,1693227742398,1692255478169,1692255478173,1693227742406,8,4,4
38897,1693227742406,1692255478179,1692255478183,1693227742416,10,4,6
38898,1693227742416,1692255478187,1692255478190,1693227742423,7,3,4
38899,1693227742423,1692255478195,1692255478199,1693227742433,10,4,6
38900,1693227742433,1692255478205,1692255478208,1693227742440,7,3,4
38901,1693227742440,1692255478211,1692255478215,1693227742448,8,4,4
38902,1693227742448,1692255478220,1692255478223,1693227742456,8,3,5
38903,1693227742456,1692255478228,1692255478231,1693227742464,8,3,5
38904,1693227742464,1692255478235,1692255478239,1693227742472,8,4,4
38905,1693227742472,1692255478244,1692255478247,1693227742480,8,3,5
38906,1693227742480,1692255478251,1692255478254,1693227742487,7,3,4
38907,1693227742487,1692255478258,1692255478261,1693227742494,7,3,4
38908,1693227742494,1692255478265,1692255478268,1693227742501,7,3,4
38909,1693227742501,1692255478273,1692255478276,1693227742509,8,3,5
38910,1693227742509,1692255478283,1692255478286,1693227742520,11,3,8
38911,1693227742520,1692255478291,1692255478294,1693227742527,7,3,4
38912,1693227742527,1692255478299,1692255478303,1693227742536,9,4,5
38913,1693227742536,1692255478307,1692255478311,1693227742544,8,4,4
38914,1693227742544,1692255478316,1692255478319,1693227742552,8,3,5
38915,1693227742552,1692255478325,1692255478329,1693227742562,10,4,6
38916,1693227742562,1692255478333,1692255478336,1693227742568,6,3,3
38917,1693227742569,1692255478339,1692255478342,1693227742575,6,3,3
38918,1693227742575,1692255478346,1692255478349,1693227742582,7,3,4
38919,1693227742582,1692255478354,1692255478358,1693227742591,9,4,5
38920,1693227742591,1692255478363,1692255478366,1693227742599,8,3,5
38921,1693227742599,1692255478370,1692255478373,1693227742605,6,3,3
38922,1693227742606,1692255478377,1692255478381,1693227742614,8,4,4
38923,1693227742614,1692255478386,1692255478389,1693227742622,8,3,5
38924,1693227742623,1692255478394,1692255478396,1693227742630,7,2,5
38925,1693227742630,1692255478401,1692255478405,1693227742638,8,4,4
38926,1693227742638,1692255478410,1692255478413,1693227742646,8,3,5
38927,1693227742646,1692255478417,1692255478420,1693227742654,8,3,5
38928,1693227742654,1692255478426,1692255478429,1693227742662,8,3,5
38929,1693227742662,1692255478433,1692255478436,1693227742669,7,3,4
38930,1693227742669,1692255478441,1692255478444,1693227742677,8,3,5
38931,1693227742677,1692255478448,1692255478452,1693227742685,8,4,4
38932,1693227742685,1692255478456,1692255478459,1693227742693,8,3,5
38933,1693227742693,1692255478464,1692255478467,1693227742700,7,3,4
38934,1693227742700,1692255478472,1692255478475,1693227742708,8,3,5
38935,1693227742708,1692255478479,1692255478482,1693227742716,8,3,5
38936,1693227742717,1692255478488,1692255478494,1693227742726,9,6,3
38937,1693227742726,1692255478498,1692255478501,1693227742734,8,3,5
38938,1693227742734,1692255478505,1692255478509,1693227742743,9,4,5
38939,1693227742743,1692255478514,1692255478518,1693227742751,8,4,4
38940,1693227742751,1692255478523,1692255478526,1693227742760,9,3,6
38941,1693227742760,1692255478531,1692255478534,1693227742767,7,3,4
38942,1693227742767,1692255478538,1692255478541,1693227742774,7,3,4
38943,1693227742774,1692255478546,1692255478549,1693227742782,8,3,5
38944,1693227742782,1692255478554,1692255478557,1693227742790,8,3,5
38945,1693227742790,1692255478562,1692255478566,1693227742799,9,4,5
38946,1693227742799,1692255478570,1692255478574,1693227742807,8,4,4
38947,1693227742807,1692255478578,1692255478582,1693227742815,8,4,4
38948,1693227742815,1692255478588,1692255478592,1693227742825,10,4,6
38949,1693227742825,1692255478596,1692255478599,1693227742832,7,3,4
38950,1693227742832,1692255478603,1692255478606,1693227742839,7,3,4
38951,1693227742840,1692255478611,1692255478614,1693227742847,7,3,4
38952,1693227742847,1692255478619,1692255478622,1693227742855,8,3,5
38953,1693227742855,1692255478626,1692255478629,1693227742862,7,3,4
38954,1693227742862,1692255478634,1692255478637,1693227742871,9,3,6
38955,1693227742871,1692255478642,1692255478646,1693227742879,8,4,4
38956,1693227742879,1692255478650,1692255478653,1693227742886,7,3,4
38957,1693227742886,1692255478658,1692255478661,1693227742894,8,3,5
38958,1693227742894,1692255478667,1692255478671,1693227742904,10,4,6
38959,1693227742904,1692255478676,1692255478680,1693227742913,9,4,5
38960,1693227742913,1692255478684,1692255478686,1693227742921,8,2,6
38961,1693227742921,1692255478693,1692255478696,1693227742929,8,3,5
38962,1693227742929,1692255478700,1692255478704,1693227742937,8,4,4
38963,1693227742937,1692255478708,1692255478712,1693227742945,8,4,4
38964,1693227742945,1692255478716,1692255478719,1693227742952,7,3,4
38965,1693227742952,1692255478724,1692255478727,1693227742960,8,3,5
38966,1693227742960,1692255478731,1692255478734,1693227742967,7,3,4
38967,1693227742967,1692255478738,1692255478741,1693227742974,7,3,4
38968,1693227742974,1692255478745,1692255478747,1693227742980,6,2,4
38969,1693227742980,1692255478752,1692255478756,1693227742989,9,4,5
38970,1693227742989,1692255478760,1692255478764,1693227742997,8,4,4
38971,1693227742997,1692255478768,1692255478771,1693227743004,7,3,4
38972,1693227743004,1692255478776,1692255478779,1693227743012,8,3,5
38973,1693227743012,1692255478783,1692255478788,1693227743024,12,5,7
38974,1693227743024,1692255478795,1692255478798,1693227743032,8,3,5
38975,1693227743032,1692255478803,1692255478806,1693227743039,7,3,4
38976,1693227743039,1692255478814,1692255478817,1693227743050,11,3,8
38977,1693227743050,1692255478821,1692255478824,1693227743057,7,3,4
38978,1693227743057,1692255478828,1692255478832,1693227743065,8,4,4
38979,1693227743065,1692255478836,1692255478839,1693227743072,7,3,4
38980,1693227743072,1692255478843,1692255478847,1693227743080,8,4,4
38981,1693227743080,1692255478851,1692255478855,1693227743088,8,4,4
38982,1693227743088,1692255478859,1692255478862,1693227743095,7,3,4
38983,1693227743095,1692255478866,1692255478869,1693227743102,7,3,4
38984,1693227743102,1692255478874,1692255478877,1693227743110,8,3,5
38985,1693227743110,1692255478881,1692255478884,1693227743117,7,3,4
38986,1693227743117,1692255478888,1692255478891,1693227743127,10,3,7
38987,1693227743127,1692255478899,1692255478903,1693227743136,9,4,5
38988,1693227743136,1692255478907,1692255478910,1693227743143,7,3,4
38989,1693227743143,1692255478914,1692255478917,1693227743150,7,3,4
38990,1693227743150,1692255478923,1692255478925,1693227743159,9,2,7
38991,1693227743159,1692255478931,1692255478935,1693227743168,9,4,5
38992,1693227743168,1692255478939,1692255478942,1693227743175,7,3,4
38993,1693227743175,1692255478946,1692255478949,1693227743182,7,3,4
38994,1693227743182,1692255478954,1692255478957,1693227743190,8,3,5
38995,1693227743190,1692255478962,1692255478965,1693227743198,8,3,5
38996,1693227743198,1692255478970,1692255478973,1693227743206,8,3,5
38997,1693227743206,1692255478979,1692255478982,1693227743215,9,3,6
38998,1693227743215,1692255478986,1692255478990,1693227743223,8,4,4
38999,1693227743223,1692255478995,1692255478998,1693227743231,8,3,5
39000,1693227743231,1692255479002,1692255479005,1693227743238,7,3,4
39001,1693227743238,1692255479012,1692255479015,1693227743248,10,3,7
39002,1693227743248,1692255479019,1692255479022,1693227743255,7,3,4
39003,1693227743255,1692255479026,1692255479029,1693227743262,7,3,4
39004,1693227743262,1692255479033,1692255479036,1693227743269,7,3,4
39005,1693227743269,1692255479041,1692255479045,1693227743278,9,4,5
39006,1693227743278,1692255479049,1692255479052,1693227743285,7,3,4
39007,1693227743285,1692255479057,1692255479060,1693227743293,8,3,5
39008,1693227743293,1692255479064,1692255479067,1693227743300,7,3,4
39009,1693227743300,1692255479071,1692255479075,1693227743308,8,4,4
39010,1693227743308,1692255479080,1692255479084,1693227743317,9,4,5
39011,1693227743317,1692255479088,1692255479091,1693227743325,8,3,5
39012,1693227743325,1692255479096,1692255479099,1693227743332,7,3,4
39013,1693227743332,1692255479103,1692255479106,1693227743339,7,3,4
39014,1693227743339,1692255479110,1692255479113,1693227743346,7,3,4
39015,1693227743346,1692255479118,1692255479120,1693227743353,7,2,5
39016,1693227743353,1692255479124,1692255479127,1693227743361,8,3,5
39017,1693227743361,1692255479132,1692255479135,1693227743368,7,3,4
39018,1693227743369,1692255479140,1692255479143,1693227743376,7,3,4
39019,1693227743376,1692255479147,1692255479150,1693227743383,7,3,4
39020,1693227743383,1692255479154,1692255479157,1693227743391,8,3,5
39021,1693227743391,1692255479162,1692255479164,1693227743397,6,2,4
39022,1693227743397,1692255479169,1692255479172,1693227743405,8,3,5
39023,1693227743405,1692255479177,1692255479180,1693227743413,8,3,5
39024,1693227743413,1692255479185,1692255479187,1693227743420,7,2,5
39025,1693227743420,1692255479191,1692255479194,1693227743427,7,3,4
39026,1693227743427,1692255479198,1692255479201,1693227743434,7,3,4
39027,1693227743434,1692255479205,1692255479209,1693227743442,8,4,4
39028,1693227743442,1692255479213,1692255479217,1693227743450,8,4,4
39029,1693227743450,1692255479221,1692255479226,1693227743459,9,5,4
39030,1693227743459,1692255479230,1692255479233,1693227743466,7,3,4
39031,1693227743466,1692255479238,1692255479241,1693227743474,8,3,5
39032,1693227743474,1692255479245,1692255479249,1693227743482,8,4,4
39033,1693227743482,1692255479254,1692255479257,1693227743491,9,3,6
39034,1693227743491,1692255479264,1692255479269,1693227743503,12,5,7
39035,1693227743503,1692255479274,1692255479277,1693227743511,8,3,5
39036,1693227743511,1692255479282,1692255479285,1693227743518,7,3,4
39037,1693227743518,1692255479290,1692255479293,1693227743526,8,3,5
39038,1693227743526,1692255479298,1692255479302,1693227743536,10,4,6
39039,1693227743536,1692255479307,1692255479311,1693227743544,8,4,4
39040,1693227743544,1692255479315,1692255479318,1693227743551,7,3,4
39041,1693227743551,1692255479323,1692255479327,1693227743560,9,4,5
39042,1693227743560,1692255479331,1692255479334,1693227743567,7,3,4
39043,1693227743567,1692255479338,1692255479342,1693227743575,8,4,4
39044,1693227743575,1692255479347,1692255479350,1693227743583,8,3,5
39045,1693227743583,1692255479354,1692255479360,1693227743593,10,6,4
39046,1693227743593,1692255479364,1692255479367,1693227743600,7,3,4
39047,1693227743600,1692255479372,1692255479376,1693227743609,9,4,5
39048,1693227743609,1692255479381,1692255479384,1693227743617,8,3,5
39049,1693227743617,1692255479389,1692255479392,1693227743625,8,3,5
39050,1693227743626,1692255479397,1692255479400,1693227743633,7,3,4
39051,1693227743633,1692255479408,1692255479413,1693227743649,16,5,11
39052,1693227743649,1692255479421,1692255479425,1693227743658,9,4,5
39053,1693227743659,1692255479430,1692255479433,1693227743666,7,3,4
39054,1693227743666,1692255479437,1692255479440,1693227743673,7,3,4
39055,1693227743673,1692255479445,1692255479449,1693227743682,9,4,5
39056,1693227743682,1692255479454,1692255479457,1693227743690,8,3,5
39057,1693227743690,1692255479461,1692255479465,1693227743698,8,4,4
39058,1693227743698,1692255479479,1692255479482,1693227743715,17,3,14
39059,1693227743715,1692255479487,1692255479490,1693227743725,10,3,7
39060,1693227743725,1692255479501,1692255479505,1693227743741,16,4,12
39061,1693227743741,1692255479512,1692255479515,1693227743748,7,3,4
39062,1693227743748,1692255479520,1692255479522,1693227743755,7,2,5
39063,1693227743755,1692255479526,1692255479529,1693227743762,7,3,4
39064,1693227743762,1692255479534,1692255479537,1693227743771,9,3,6
39065,1693227743771,1692255479542,1692255479546,1693227743779,8,4,4
39066,1693227743779,1692255479550,1692255479553,1693227743786,7,3,4
39067,1693227743786,1692255479558,1692255479561,1693227743794,8,3,5
39068,1693227743794,1692255479565,1692255479568,1693227743801,7,3,4
39069,1693227743801,1692255479572,1692255479575,1693227743808,7,3,4
39070,1693227743808,1692255479580,1692255479585,1693227743818,10,5,5
39071,1693227743818,1692255479589,1692255479593,1693227743826,8,4,4
39072,1693227743826,1692255479598,1692255479601,1693227743834,8,3,5
39073,1693227743834,1692255479605,1692255479608,1693227743843,9,3,6
39074,1693227743843,1692255479614,1692255479617,1693227743850,7,3,4
39075,1693227743850,1692255479622,1692255479625,1693227743859,9,3,6
39076,1693227743859,1692255479630,1692255479633,1693227743866,7,3,4
39077,1693227743866,1692255479638,1692255479642,1693227743875,9,4,5
39078,1693227743875,1692255479646,1692255479649,1693227743882,7,3,4
39079,1693227743882,1692255479652,1692255479656,1693227743889,7,4,3
39080,1693227743889,1692255479661,1692255479668,1693227743901,12,7,5
39081,1693227743901,1692255479672,1692255479676,1693227743909,8,4,4
39082,1693227743909,1692255479680,1692255479683,1693227743916,7,3,4
39083,1693227743916,1692255479687,1692255479690,1693227743923,7,3,4
39084,1693227743923,1692255479695,1692255479698,1693227743931,8,3,5
39085,1693227743931,1692255479703,1692255479706,1693227743939,8,3,5
39086,1693227743939,1692255479710,1692255479714,1693227743947,8,4,4
39087,1693227743947,1692255479718,1692255479721,1693227743954,7,3,4
39088,1693227743954,1692255479725,1692255479729,1693227743962,8,4,4
39089,1693227743962,1692255479734,1692255479736,1693227743970,8,2,6
39090,1693227743970,1692255479742,1692255479745,1693227743978,8,3,5
39091,1693227743978,1692255479748,1692255479751,1693227743984,6,3,3
39092,1693227743985,1692255479756,1692255479759,1693227743992,7,3,4
39093,1693227743992,1692255479764,1692255479768,1693227744001,9,4,5
39094,1693227744001,1692255479772,1692255479775,1693227744008,7,3,4
39095,1693227744008,1692255479779,1692255479782,1693227744015,7,3,4
39096,1693227744015,1692255479787,1692255479790,1693227744023,8,3,5
39097,1693227744023,1692255479794,1692255479798,1693227744031,8,4,4
39098,1693227744031,1692255479802,1692255479805,1693227744038,7,3,4
39099,1693227744038,1692255479809,1692255479812,1693227744051,13,3,10
39100,1693227744051,1692255479822,1692255479826,1693227744059,8,4,4
39101,1693227744059,1692255479830,1692255479833,1693227744068,9,3,6
39102,1693227744068,1692255479839,1692255479842,1693227744076,8,3,5
39103,1693227744076,1692255479847,1692255479850,1693227744083,7,3,4
39104,1693227744083,1692255479854,1692255479858,1693227744091,8,4,4
39105,1693227744091,1692255479863,1692255479866,1693227744099,8,3,5
39106,1693227744099,1692255479871,1692255479875,1693227744108,9,4,5
39107,1693227744108,1692255479879,1692255479883,1693227744117,9,4,5
39108,1693227744117,1692255479888,1692255479891,1693227744124,7,3,4
39109,1693227744124,1692255479895,1692255479898,1693227744132,8,3,5
39110,1693227744132,1692255479903,1692255479906,1693227744139,7,3,4
39111,1693227744139,1692255479910,1692255479913,1693227744146,7,3,4
39112,1693227744146,1692255479920,1692255479924,1693227744157,11,4,7
39113,1693227744158,1692255479929,1692255479932,1693227744165,7,3,4
39114,1693227744165,1692255479936,1692255479939,1693227744171,6,3,3
39115,1693227744171,1692255479943,1692255479946,1693227744179,8,3,5
39116,1693227744179,1692255479951,1692255479953,1693227744186,7,2,5
39117,1693227744186,1692255479958,1692255479962,1693227744195,9,4,5
39118,1693227744195,1692255479967,1692255479970,1693227744203,8,3,5
39119,1693227744203,1692255479974,1692255479977,1693227744210,7,3,4
39120,1693227744210,1692255479980,1692255479984,1693227744217,7,4,3
39121,1693227744217,1692255479988,1692255479992,1693227744225,8,4,4
39122,1693227744225,1692255479998,1692255480001,1693227744234,9,3,6
39123,1693227744234,1692255480006,1692255480009,1693227744242,8,3,5
39124,1693227744242,1692255480013,1692255480019,1693227744252,10,6,4
39125,1693227744252,1692255480024,1692255480027,1693227744261,9,3,6
39126,1693227744261,1692255480031,1692255480035,1693227744268,7,4,3
39127,1693227744268,1692255480039,1692255480042,1693227744275,7,3,4
39128,1693227744275,1692255480048,1692255480051,1693227744284,9,3,6
39129,1693227744284,1692255480055,1692255480058,1693227744292,8,3,5
39130,1693227744292,1692255480062,1692255480066,1693227744299,7,4,3
39131,1693227744299,1692255480071,1692255480075,1693227744309,10,4,6
39132,1693227744309,1692255480080,1692255480083,1693227744317,8,3,5
39133,1693227744317,1692255480088,1692255480091,1693227744324,7,3,4
39134,1693227744324,1692255480095,1692255480098,1693227744331,7,3,4
39135,1693227744331,1692255480103,1692255480107,1693227744340,9,4,5
39136,1693227744340,1692255480112,1692255480114,1693227744347,7,2,5
39137,1693227744348,1692255480119,1692255480122,1693227744355,7,3,4
39138,1693227744355,1692255480126,1692255480129,1693227744362,7,3,4
39139,1693227744362,1692255480133,1692255480136,1693227744369,7,3,4
39140,1693227744369,1692255480140,1692255480143,1693227744375,6,3,3
39141,1693227744376,1692255480146,1692255480149,1693227744382,6,3,3
39142,1693227744382,1692255480153,1692255480157,1693227744390,8,4,4
39143,1693227744390,1692255480162,1692255480164,1693227744398,8,2,6
39144,1693227744398,1692255480169,1692255480173,1693227744406,8,4,4
39145,1693227744406,1692255480177,1692255480180,1693227744413,7,3,4
39146,1693227744413,1692255480185,1692255480189,1693227744422,9,4,5
39147,1693227744422,1692255480194,1692255480197,1693227744431,9,3,6
39148,1693227744431,1692255480203,1692255480206,1693227744439,8,3,5
39149,1693227744439,1692255480214,1692255480217,1693227744450,11,3,8
39150,1693227744450,1692255480221,1692255480225,1693227744458,8,4,4
39151,1693227744458,1692255480229,1692255480232,1693227744465,7,3,4
39152,1693227744465,1692255480237,1692255480241,1693227744474,9,4,5
39153,1693227744474,1692255480246,1692255480251,1693227744485,11,5,6
39154,1693227744485,1692255480256,1692255480259,1693227744492,7,3,4
39155,1693227744492,1692255480263,1692255480266,1693227744500,8,3,5
39156,1693227744500,1692255480271,1692255480274,1693227744507,7,3,4
39157,1693227744507,1692255480278,1692255480282,1693227744515,8,4,4
39158,1693227744515,1692255480286,1692255480289,1693227744522,7,3,4
39159,1693227744522,1692255480294,1692255480297,1693227744530,8,3,5
39160,1693227744530,1692255480301,1692255480305,1693227744538,8,4,4
39161,1693227744538,1692255480309,1692255480313,1693227744546,8,4,4
39162,1693227744546,1692255480317,1692255480319,1693227744553,7,2,5
39163,1693227744553,1692255480325,1692255480328,1693227744561,8,3,5
39164,1693227744561,1692255480332,1692255480335,1693227744568,7,3,4
39165,1693227744568,1692255480340,1692255480343,1693227744576,8,3,5
39166,1693227744576,1692255480347,1692255480351,1693227744586,10,4,6
39167,1693227744586,1692255480357,1692255480360,1693227744593,7,3,4
39168,1693227744593,1692255480364,1692255480367,1693227744601,8,3,5
39169,1693227744601,1692255480372,1692255480375,1693227744609,8,3,5
39170,1693227744609,1692255480380,1692255480383,1693227744616,7,3,4
39171,1693227744616,1692255480387,1692255480390,1693227744623,7,3,4
39172,1693227744623,1692255480395,1692255480398,1693227744631,8,3,5
39173,1693227744631,1692255480402,1692255480406,1693227744639,8,4,4
39174,1693227744639,1692255480410,1692255480413,1693227744646,7,3,4
39175,1693227744646,1692255480418,1692255480422,1693227744656,10,4,6
39176,1693227744656,1692255480427,1692255480430,1693227744663,7,3,4
39177,1693227744663,1692255480440,1692255480443,1693227744682,19,3,16
39178,1693227744682,1692255480468,1692255480471,1693227744705,23,3,20
39179,1693227744705,1692255480477,1692255480480,1693227744713,8,3,5
39180,1693227744713,1692255480487,1692255480490,1693227744724,11,3,8
39181,1693227744724,1692255480496,1692255480499,1693227744732,8,3,5
39182,1693227744732,1692255480504,1692255480507,1693227744740,8,3,5
39183,1693227744740,1692255480516,1692255480519,1693227744752,12,3,9
39184,1693227744752,1692255480523,1692255480526,1693227744758,6,3,3
39185,1693227744758,1692255480530,1692255480533,1693227744766,8,3,5
39186,1693227744766,1692255480538,1692255480541,1693227744774,8,3,5
39187,1693227744774,1692255480546,1692255480549,1693227744782,8,3,5
39188,1693227744782,1692255480553,1692255480557,1693227744794,12,4,8
39189,1693227744794,1692255480565,1692255480568,1693227744805,11,3,8
39190,1693227744805,1692255480577,1692255480585,1693227744818,13,8,5
39191,1693227744818,1692255480589,1692255480592,1693227744825,7,3,4
39192,1693227744825,1692255480596,1692255480600,1693227744833,8,4,4
39193,1693227744833,1692255480604,1692255480608,1693227744861,28,4,24
39194,1693227744861,1692255480633,1692255480637,1693227744898,37,4,33
39195,1693227744898,1692255480683,1692255480686,1693227744919,21,3,18
39196,1693227744919,1692255480690,1692255480694,1693227744927,8,4,4
39197,1693227744927,1692255480699,1692255480701,1693227744935,8,2,6
39198,1693227744935,1692255480706,1692255480709,1693227744942,7,3,4
39199,1693227744942,1692255480713,1692255480717,1693227744950,8,4,4
39200,1693227744950,1692255480721,1692255480725,1693227744958,8,4,4
39201,1693227744958,1692255480729,1692255480732,1693227744965,7,3,4
39202,1693227744965,1692255480738,1692255480741,1693227744974,9,3,6
39203,1693227744974,1692255480746,1692255480749,1693227744982,8,3,5
39204,1693227744982,1692255480762,1692255480765,1693227744998,16,3,13
39205,1693227744998,1692255480769,1692255480772,1693227745005,7,3,4
39206,1693227745005,1692255480778,1692255480781,1693227745014,9,3,6
39207,1693227745014,1692255480785,1692255480791,1693227745025,11,6,5
39208,1693227745025,1692255480796,1692255480800,1693227745033,8,4,4
39209,1693227745033,1692255480804,1692255480807,1693227745040,7,3,4
39210,1693227745040,1692255480811,1692255480815,1693227745048,8,4,4
39211,1693227745048,1692255480819,1692255480822,1693227745056,8,3,5
39212,1693227745056,1692255480828,1692255480832,1693227745065,9,4,5
39213,1693227745065,1692255480836,1692255480839,1693227745072,7,3,4
39214,1693227745072,1692255480843,1692255480846,1693227745079,7,3,4
39215,1693227745079,1692255480851,1692255480854,1693227745087,8,3,5
39216,1693227745087,1692255480858,1692255480861,1693227745094,7,3,4
39217,1693227745094,1692255480865,1692255480868,1693227745101,7,3,4
39218,1693227745101,1692255480872,1692255480875,1693227745108,7,3,4
39219,1693227745108,1692255480879,1692255480883,1693227745116,8,4,4
39220,1693227745116,1692255480888,1692255480890,1693227745123,7,2,5
39221,1693227745123,1692255480894,1692255480897,1693227745130,7,3,4
39222,1693227745130,1692255480902,1692255480905,1693227745138,8,3,5
39223,1693227745138,1692255480911,1692255480914,1693227745147,9,3,6
39224,1693227745147,1692255480919,1692255480923,1693227745156,9,4,5
39225,1693227745156,1692255480928,1692255480931,1693227745164,8,3,5
39226,1693227745164,1692255480935,1692255480940,1693227745175,11,5,6
39227,1693227745175,1692255480950,1692255480954,1693227745187,12,4,8
39228,1693227745187,1692255480958,1692255480961,1693227745194,7,3,4
39229,1693227745194,1692255480965,1692255480969,1693227745202,8,4,4
39230,1693227745202,1692255480973,1692255480976,1693227745209,7,3,4
39231,1693227745209,1692255480979,1692255480982,1693227745215,6,3,3
39232,1693227745215,1692255480987,1692255480989,1693227745222,7,2,5
39233,1693227745222,1692255480994,1692255480997,1693227745230,8,3,5
39234,1693227745230,1692255481002,1692255481006,1693227745239,9,4,5
39235,1693227745239,1692255481010,1692255481013,1693227745246,7,3,4
39236,1693227745246,1692255481017,1692255481021,1693227745254,8,4,4
39237,1693227745254,1692255481026,1692255481028,1693227745262,8,2,6
39238,1693227745262,1692255481033,1692255481036,1693227745269,7,3,4
39239,1693227745269,1692255481040,1692255481044,1693227745277,8,4,4
39240,1693227745277,1692255481052,1692255481055,1693227745288,11,3,8
39241,1693227745288,1692255481060,1692255481064,1693227745297,9,4,5
39242,1693227745297,1692255481068,1692255481071,1693227745304,7,3,4
39243,1693227745304,1692255481075,1692255481078,1693227745312,8,3,5
39244,1693227745312,1692255481083,1692255481087,1693227745320,8,4,4
39245,1693227745320,1692255481092,1692255481095,1693227745328,8,3,5
39246,1693227745328,1692255481099,1692255481102,1693227745336,8,3,5
39247,1693227745336,1692255481107,1692255481110,1693227745343,7,3,4
39248,1693227745343,1692255481114,1692255481118,1693227745351,8,4,4
39249,1693227745351,1692255481124,1692255481127,1693227745360,9,3,6
39250,1693227745360,1692255481131,1692255481135,1693227745368,8,4,4
39251,1693227745368,1692255481142,1692255481146,1693227745378,10,4,6
39252,1693227745379,1692255481150,1692255481153,1693227745386,7,3,4
39253,1693227745386,1692255481157,1692255481160,1693227745393,7,3,4
39254,1693227745393,1692255481164,1692255481167,1693227745400,7,3,4
39255,1693227745400,1692255481178,1692255481181,1693227745414,14,3,11
39256,1693227745414,1692255481186,1692255481188,1693227745422,8,2,6
39257,1693227745422,1692255481196,1692255481200,1693227745434,12,4,8
39258,1693227745434,1692255481205,1692255481209,1693227745442,8,4,4
39259,1693227745442,1692255481213,1692255481216,1693227745449,7,3,4
39260,1693227745449,1692255481220,1692255481223,1693227745457,8,3,5
39261,1693227745457,1692255481228,1692255481231,1693227745464,7,3,4
39262,1693227745464,1692255481236,1692255481240,1693227745473,9,4,5
39263,1693227745473,1692255481244,1692255481248,1693227745481,8,4,4
39264,1693227745481,1692255481252,1692255481256,1693227745490,9,4,5
39265,1693227745490,1692255481262,1692255481265,1693227745502,12,3,9
39266,1693227745502,1692255481274,1692255481277,1693227745510,8,3,5
39267,1693227745510,1692255481281,1692255481284,1693227745517,7,3,4
39268,1693227745517,1692255481289,1692255481292,1693227745525,8,3,5
39269,1693227745525,1692255481296,1692255481300,1693227745533,8,4,4
39270,1693227745533,1692255481304,1692255481307,1693227745540,7,3,4
39271,1693227745540,1692255481311,1692255481313,1693227745546,6,2,4
39272,1693227745546,1692255481322,1692255481325,1693227745558,12,3,9
39273,1693227745558,1692255481329,1692255481333,1693227745566,8,4,4
39274,1693227745566,1692255481337,1692255481341,1693227745574,8,4,4
39275,1693227745574,1692255481345,1692255481348,1693227745581,7,3,4
39276,1693227745581,1692255481353,1692255481356,1693227745589,8,3,5
39277,1693227745589,1692255481361,1692255481364,1693227745597,8,3,5
39278,1693227745597,1692255481369,1692255481372,1693227745605,8,3,5
39279,1693227745605,1692255481376,1692255481380,1693227745613,8,4,4
39280,1693227745613,1692255481385,1692255481388,1693227745621,8,3,5
39281,1693227745621,1692255481393,1692255481397,1693227745630,9,4,5
39282,1693227745630,1692255481400,1692255481404,1693227745637,7,4,3
39283,1693227745637,1692255481408,1692255481412,1693227745645,8,4,4
39284,1693227745645,1692255481417,1692255481420,1693227745653,8,3,5
39285,1693227745653,1692255481424,1692255481428,1693227745661,8,4,4
39286,1693227745661,1692255481432,1692255481434,1693227745668,7,2,5
39287,1693227745668,1692255481439,1692255481442,1693227745675,7,3,4
39288,1693227745675,1692255481447,1692255481450,1693227745686,11,3,8
39289,1693227745686,1692255481457,1692255481461,1693227745695,9,4,5
39290,1693227745695,1692255481466,1692255481469,1693227745702,7,3,4
39291,1693227745702,1692255481473,1692255481476,1693227745709,7,3,4
39292,1693227745709,1692255481481,1692255481484,1693227745718,9,3,6
39293,1693227745718,1692255481490,1692255481493,1693227745726,8,3,5
39294,1693227745726,1692255481498,1692255481501,1693227745734,8,3,5
39295,1693227745734,1692255481505,1692255481508,1693227745742,8,3,5
39296,1693227745742,1692255481513,1692255481516,1693227745749,7,3,4
39297,1693227745749,1692255481521,1692255481524,1693227745758,9,3,6
39298,1693227745758,1692255481529,1692255481533,1693227745766,8,4,4
39299,1693227745766,1692255481538,1692255481541,1693227745774,8,3,5
39300,1693227745774,1692255481546,1692255481551,1693227745784,10,5,5
39301,1693227745784,1692255481558,1692255481561,1693227745794,10,3,7
39302,1693227745794,1692255481566,1692255481569,1693227745802,8,3,5
39303,1693227745802,1692255481573,1692255481576,1693227745809,7,3,4
39304,1693227745810,1692255481581,1692255481584,1693227745817,7,3,4
39305,1693227745817,1692255481591,1692255481594,1693227745827,10,3,7
39306,1693227745827,1692255481599,1692255481602,1693227745835,8,3,5
39307,1693227745835,1692255481606,1692255481610,1693227745843,8,4,4
39308,1693227745843,1692255481615,1692255481618,1693227745851,8,3,5
39309,1693227745851,1692255481623,1692255481626,1693227745859,8,3,5
39310,1693227745859,1692255481630,1692255481633,1693227745866,7,3,4
39311,1693227745866,1692255481638,1692255481641,1693227745875,9,3,6
39312,1693227745875,1692255481646,1692255481650,1693227745883,8,4,4
39313,1693227745883,1692255481653,1692255481656,1693227745891,8,3,5
39314,1693227745891,1692255481662,1692255481666,1693227745899,8,4,4
39315,1693227745899,1692255481670,1692255481674,1693227745907,8,4,4
39316,1693227745907,1692255481678,1692255481680,1693227745914,7,2,5
39317,1693227745914,1692255481685,1692255481688,1693227745921,7,3,4
39318,1693227745921,1692255481693,1692255481696,1693227745929,8,3,5
39319,1693227745929,1692255481700,1692255481703,1693227745937,8,3,5
39320,1693227745937,1692255481708,1692255481711,1693227745944,7,3,4
39321,1693227745944,1692255481715,1692255481718,1693227745951,7,3,4
39322,1693227745951,1692255481723,1692255481726,1693227745959,8,3,5
39323,1693227745959,1692255481730,1692255481734,1693227745967,8,4,4
39324,1693227745967,1692255481739,1692255481743,1693227745976,9,4,5
39325,1693227745976,1692255481748,1692255481751,1693227745984,8,3,5
39326,1693227745984,1692255481755,1692255481757,1693227745993,9,2,7
39327,1693227745993,1692255481766,1692255481769,1693227746002,9,3,6
39328,1693227746002,1692255481774,1692255481777,1693227746010,8,3,5
39329,1693227746010,1692255481782,1692255481786,1693227746019,9,4,5
39330,1693227746019,1692255481790,1692255481793,1693227746026,7,3,4
39331,1693227746026,1692255481797,1692255481800,1693227746034,8,3,5
39332,1693227746034,1692255481805,1692255481808,1693227746041,7,3,4
39333,1693227746041,1692255481812,1692255481815,1693227746048,7,3,4
39334,1693227746049,1692255481820,1692255481823,1693227746056,7,3,4
39335,1693227746056,1692255481831,1692255481834,1693227746067,11,3,8
39336,1693227746067,1692255481838,1692255481841,1693227746074,7,3,4
39337,1693227746074,1692255481845,1692255481850,1693227746083,9,5,4
39338,1693227746083,1692255481855,1692255481858,1693227746092,9,3,6
39339,1693227746092,1692255481867,1692255481870,1693227746103,11,3,8
39340,1693227746103,1692255481874,1692255481878,1693227746111,8,4,4
39341,1693227746111,1692255481882,1692255481885,1693227746118,7,3,4
39342,1693227746118,1692255481890,1692255481894,1693227746127,9,4,5
39343,1693227746127,1692255481898,1692255481901,1693227746134,7,3,4
39344,1693227746134,1692255481906,1692255481909,1693227746143,9,3,6
39345,1693227746143,1692255481914,1692255481919,1693227746152,9,5,4
39346,1693227746152,1692255481923,1692255481927,1693227746160,8,4,4
39347,1693227746160,1692255481931,1692255481934,1693227746167,7,3,4
39348,1693227746167,1692255481938,1692255481941,1693227746174,7,3,4
39349,1693227746174,1692255481945,1692255481948,1693227746182,8,3,5
39350,1693227746182,1692255481953,1692255481956,1693227746189,7,3,4
39351,1693227746189,1692255481960,1692255481964,1693227746199,10,4,6
39352,1693227746199,1692255481970,1692255481973,1693227746206,7,3,4
39353,1693227746206,1692255481978,1692255481981,1693227746214,8,3,5
39354,1693227746214,1692255481985,1692255481988,1693227746221,7,3,4
39355,1693227746221,1692255481992,1692255481995,1693227746229,8,3,5
39356,1693227746229,1692255482000,1692255482003,1693227746236,7,3,4
39357,1693227746236,1692255482007,1692255482010,1693227746243,7,3,4
39358,1693227746243,1692255482015,1692255482018,1693227746251,8,3,5
39359,1693227746251,1692255482022,1692255482025,1693227746258,7,3,4
39360,1693227746258,1692255482029,1692255482032,1693227746265,7,3,4
39361,1693227746265,1692255482037,1692255482040,1693227746272,7,3,4
39362,1693227746272,1692255482046,1692255482049,1693227746282,10,3,7
39363,1693227746282,1692255482053,1692255482056,1693227746289,7,3,4
39364,1693227746289,1692255482060,1692255482063,1693227746296,7,3,4
39365,1693227746296,1692255482071,1692255482073,1693227746306,10,2,8
39366,1693227746306,1692255482078,1692255482082,1693227746314,8,4,4
39367,1693227746314,1692255482085,1692255482088,1693227746322,8,3,5
39368,1693227746322,1692255482093,1692255482097,1693227746330,8,4,4
39369,1693227746330,1692255482101,1692255482104,1693227746337,7,3,4
39370,1693227746337,1692255482108,1692255482111,1693227746344,7,3,4
39371,1693227746344,1692255482116,1692255482120,1693227746352,8,4,4
39372,1693227746353,1692255482123,1692255482127,1693227746359,6,4,2
39373,1693227746359,1692255482130,1692255482135,1693227746368,9,5,4
39374,1693227746368,1692255482139,1692255482142,1693227746375,7,3,4
39375,1693227746375,1692255482147,1692255482150,1693227746383,8,3,5
39376,1693227746383,1692255482155,1692255482158,1693227746391,8,3,5
39377,1693227746391,1692255482164,1692255482167,1693227746403,12,3,9
39378,1693227746403,1692255482177,1692255482181,1693227746414,11,4,7
39379,1693227746414,1692255482187,1692255482190,1693227746424,10,3,7
39380,1693227746424,1692255482197,1692255482200,1693227746433,9,3,6
39381,1693227746433,1692255482205,1692255482209,1693227746442,9,4,5
39382,1693227746442,1692255482213,1692255482217,1693227746450,8,4,4
39383,1693227746450,1692255482221,1692255482224,1693227746457,7,3,4
39384,1693227746457,1692255482231,1692255482235,1693227746468,11,4,7
39385,1693227746468,1692255482239,1692255482243,1693227746476,8,4,4
39386,1693227746476,1692255482247,1692255482251,1693227746484,8,4,4
39387,1693227746484,1692255482254,1692255482258,1693227746491,7,4,3
39388,1693227746491,1692255482262,1692255482266,1693227746499,8,4,4
39389,1693227746499,1692255482270,1692255482273,1693227746507,8,3,5
39390,1693227746507,1692255482278,1692255482281,1693227746514,7,3,4
39391,1693227746514,1692255482285,1692255482288,1693227746521,7,3,4
39392,1693227746521,1692255482292,1692255482295,1693227746528,7,3,4
39393,1693227746528,1692255482299,1692255482303,1693227746536,8,4,4
39394,1693227746536,1692255482307,1692255482310,1693227746543,7,3,4
39395,1693227746543,1692255482314,1692255482318,1693227746551,8,4,4
39396,1693227746551,1692255482322,1692255482326,1693227746559,8,4,4
39397,1693227746559,1692255482330,1692255482333,1693227746566,7,3,4
39398,1693227746566,1692255482337,1692255482341,1693227746574,8,4,4
39399,1693227746574,1692255482345,1692255482348,1693227746581,7,3,4
39400,1693227746581,1692255482353,1692255482357,1693227746590,9,4,5
39401,1693227746590,1692255482361,1692255482364,1693227746597,7,3,4
39402,1693227746597,1692255482368,1692255482371,1693227746604,7,3,4
39403,1693227746604,1692255482377,1692255482381,1693227746614,10,4,6
39404,1693227746614,1692255482386,1692255482388,1693227746622,8,2,6
39405,1693227746622,1692255482393,1692255482396,1693227746629,7,3,4
39406,1693227746630,1692255482401,1692255482404,1693227746637,7,3,4
39407,1693227746637,1692255482408,1692255482411,1693227746644,7,3,4
39408,1693227746644,1692255482415,1692255482419,1693227746652,8,4,4
39409,1693227746652,1692255482423,1692255482428,1693227746661,9,5,4
39410,1693227746661,1692255482432,1692255482436,1693227746669,8,4,4
39411,1693227746669,1692255482440,1692255482444,1693227746677,8,4,4
39412,1693227746677,1692255482448,1692255482452,1693227746685,8,4,4
39413,1693227746685,1692255482457,1692255482460,1693227746693,8,3,5
39414,1693227746693,1692255482464,1692255482468,1693227746701,8,4,4
39415,1693227746701,1692255482472,1692255482476,1693227746710,9,4,5
39416,1693227746710,1692255482482,1692255482485,1693227746718,8,3,5
39417,1693227746718,1692255482489,1692255482492,1693227746725,7,3,4
39418,1693227746725,1692255482496,1692255482500,1693227746732,7,4,3
39419,1693227746732,1692255482503,1692255482506,1693227746739,7,3,4
39420,1693227746739,1692255482510,1692255482513,1693227746746,7,3,4
39421,1693227746746,1692255482517,1692255482520,1693227746753,7,3,4
39422,1693227746753,1692255482525,1692255482529,1693227746761,8,4,4
39423,1693227746761,1692255482533,1692255482536,1693227746769,8,3,5
39424,1693227746769,1692255482540,1692255482544,1693227746777,8,4,4
39425,1693227746777,1692255482548,1692255482552,1693227746785,8,4,4
39426,1693227746785,1692255482557,1692255482561,1693227746794,9,4,5
39427,1693227746794,1692255482565,1692255482569,1693227746802,8,4,4
39428,1693227746802,1692255482573,1692255482576,1693227746809,7,3,4
39429,1693227746809,1692255482582,1692255482585,1693227746818,9,3,6
39430,1693227746818,1692255482590,1692255482594,1693227746827,9,4,5
39431,1693227746827,1692255482598,1692255482601,1693227746834,7,3,4
39432,1693227746834,1692255482607,1692255482610,1693227746843,9,3,6
39433,1693227746843,1692255482614,1692255482618,1693227746850,7,4,3
39434,1693227746850,1692255482621,1692255482627,1693227746859,9,6,3
39435,1693227746859,1692255482630,1692255482633,1693227746866,7,3,4
39436,1693227746866,1692255482638,1692255482642,1693227746875,9,4,5
39437,1693227746875,1692255482646,1692255482649,1693227746882,7,3,4
39438,1693227746882,1692255482653,1692255482656,1693227746889,7,3,4
39439,1693227746889,1692255482661,1692255482664,1693227746897,8,3,5
39440,1693227746897,1692255482669,1692255482672,1693227746905,8,3,5
39441,1693227746905,1692255482676,1692255482679,1693227746915,10,3,7
39442,1693227746915,1692255482686,1692255482689,1693227746922,7,3,4
39443,1693227746922,1692255482693,1692255482697,1693227746930,8,4,4
39444,1693227746930,1692255482701,1692255482706,1693227746939,9,5,4
39445,1693227746939,1692255482711,1692255482713,1693227746947,8,2,6
39446,1693227746947,1692255482718,1692255482722,1693227746955,8,4,4
39447,1693227746955,1692255482726,1692255482729,1693227746962,7,3,4
39448,1693227746962,1692255482732,1692255482736,1693227746969,7,4,3
39449,1693227746969,1692255482740,1692255482743,1693227746976,7,3,4
39450,1693227746976,1692255482747,1692255482750,1693227746983,7,3,4
39451,1693227746983,1692255482754,1692255482758,1693227746991,8,4,4
39452,1693227746991,1692255482763,1692255482767,1693227747000,9,4,5
39453,1693227747000,1692255482771,1692255482774,1693227747007,7,3,4
39454,1693227747007,1692255482778,1692255482781,1693227747014,7,3,4
39455,1693227747014,1692255482787,1692255482790,1693227747024,10,3,7
39456,1693227747024,1692255482795,1692255482799,1693227747032,8,4,4
39457,1693227747032,1692255482803,1692255482806,1693227747039,7,3,4
39458,1693227747040,1692255482811,1692255482814,1693227747047,7,3,4
39459,1693227747047,1692255482818,1692255482821,1693227747054,7,3,4
39460,1693227747054,1692255482826,1692255482829,1693227747062,8,3,5
39461,1693227747062,1692255482838,1692255482841,1693227747075,13,3,10
39462,1693227747075,1692255482847,1692255482850,1693227747083,8,3,5
39463,1693227747083,1692255482854,1692255482858,1693227747092,9,4,5
39464,1693227747092,1692255482863,1692255482866,1693227747099,7,3,4
39465,1693227747099,1692255482870,1692255482874,1693227747107,8,4,4
39466,1693227747107,1692255482878,1692255482881,1693227747114,7,3,4
39467,1693227747114,1692255482886,1692255482889,1693227747122,8,3,5
39468,1693227747122,1692255482894,1692255482897,1693227747130,8,3,5
39469,1693227747130,1692255482901,1692255482904,1693227747137,7,3,4
39470,1693227747137,1692255482908,1692255482912,1693227747145,8,4,4
39471,1693227747145,1692255482916,1692255482920,1693227747153,8,4,4
39472,1693227747153,1692255482924,1692255482927,1693227747160,7,3,4
39473,1693227747160,1692255482931,1692255482934,1693227747167,7,3,4
39474,1693227747167,1692255482939,1692255482941,1693227747174,7,2,5
39475,1693227747174,1692255482945,1692255482948,1693227747181,7,3,4
39476,1693227747181,1692255482952,1692255482956,1693227747189,8,4,4
39477,1693227747189,1692255482960,1692255482963,1693227747196,7,3,4
39478,1693227747196,1692255482968,1692255482972,1693227747205,9,4,5
39479,1693227747205,1692255482976,1692255482980,1693227747213,8,4,4
39480,1693227747213,1692255482984,1692255482987,1693227747223,10,3,7
39481,1693227747223,1692255482994,1692255482999,1693227747232,9,5,4
39482,1693227747232,1692255483003,1692255483007,1693227747240,8,4,4
39483,1693227747240,1692255483011,1692255483015,1693227747248,8,4,4
39484,1693227747248,1692255483019,1692255483024,1693227747257,9,5,4
39485,1693227747257,1692255483028,1692255483031,1693227747264,7,3,4
39486,1693227747264,1692255483034,1692255483038,1693227747271,7,4,3
39487,1693227747271,1692255483042,1692255483045,1693227747278,7,3,4
39488,1693227747278,1692255483050,1692255483054,1693227747287,9,4,5
39489,1693227747287,1692255483058,1692255483061,1693227747294,7,3,4
39490,1693227747294,1692255483065,1692255483068,1693227747301,7,3,4
39491,1693227747301,1692255483072,1692255483076,1693227747309,8,4,4
39492,1693227747309,1692255483080,1692255483083,1693227747316,7,3,4
39493,1693227747316,1692255483087,1692255483090,1693227747324,8,3,5
39494,1693227747324,1692255483096,1692255483100,1693227747333,9,4,5
39495,1693227747333,1692255483104,1692255483107,1693227747340,7,3,4
39496,1693227747340,1692255483111,1692255483115,1693227747349,9,4,5
39497,1693227747349,1692255483121,1692255483124,1693227747357,8,3,5
39498,1693227747358,1692255483130,1692255483133,1693227747367,9,3,6
39499,1693227747367,1692255483139,1692255483142,1693227747376,9,3,6
39500,1693227747376,1692255483153,1692255483156,1693227747389,13,3,10
39501,1693227747389,1692255483162,1692255483165,1693227747398,9,3,6
39502,1693227747399,1692255483169,1692255483172,1693227747405,6,3,3
39503,1693227747405,1692255483177,1692255483180,1693227747413,8,3,5
39504,1693227747413,1692255483185,1692255483188,1693227747421,8,3,5
39505,1693227747421,1692255483192,1692255483195,1693227747428,7,3,4
39506,1693227747428,1692255483199,1692255483203,1693227747436,8,4,4
39507,1693227747436,1692255483207,1692255483210,1693227747448,12,3,9
39508,1693227747448,1692255483219,1692255483222,1693227747455,7,3,4
39509,1693227747455,1692255483226,1692255483229,1693227747462,7,3,4
39510,1693227747462,1692255483238,1692255483242,1693227747475,13,4,9
39511,1693227747475,1692255483247,1692255483250,1693227747483,8,3,5
39512,1693227747483,1692255483254,1692255483257,1693227747490,7,3,4
39513,1693227747490,1692255483261,1692255483265,1693227747498,8,4,4
39514,1693227747498,1692255483270,1692255483273,1693227747507,9,3,6
39515,1693227747507,1692255483291,1692255483295,1693227747529,22,4,18
39516,1693227747529,1692255483301,1692255483305,1693227747541,12,4,8
39517,1693227747541,1692255483312,1692255483319,1693227747552,11,7,4
39518,1693227747553,1692255483330,1692255483336,1693227747570,17,6,11
39519,1693227747570,1692255483342,1692255483346,1693227747579,9,4,5
39520,1693227747579,1692255483351,1692255483354,1693227747587,8,3,5
39521,1693227747587,1692255483359,1692255483362,1693227747595,8,3,5
39522,1693227747595,1692255483367,1692255483370,1693227747603,8,3,5
39523,1693227747603,1692255483374,1692255483378,1693227747611,8,4,4
39524,1693227747611,1692255483383,1692255483386,1693227747622,11,3,8
39525,1693227747622,1692255483394,1692255483397,1693227747632,10,3,7
39526,1693227747632,1692255483404,1692255483407,1693227747640,8,3,5
39527,1693227747640,1692255483412,1692255483415,1693227747648,8,3,5
39528,1693227747648,1692255483420,1692255483423,1693227747656,8,3,5
39529,1693227747656,1692255483428,1692255483431,1693227747664,8,3,5
39530,1693227747664,1692255483435,1692255483438,1693227747671,7,3,4
39531,1693227747671,1692255483442,1692255483445,1693227747678,7,3,4
39532,1693227747678,1692255483450,1692255483453,1693227747686,8,3,5
39533,1693227747686,1692255483457,1692255483461,1693227747693,7,4,3
39534,1693227747693,1692255483464,1692255483467,1693227747700,7,3,4
39535,1693227747700,1692255483471,1692255483474,1693227747707,7,3,4
39536,1693227747707,1692255483479,1692255483483,1693227747716,9,4,5
39537,1693227747716,1692255483487,1692255483490,1693227747723,7,3,4
39538,1693227747723,1692255483494,1692255483498,1693227747731,8,4,4
39539,1693227747731,1692255483504,1692255483507,1693227747740,9,3,6
39540,1693227747740,1692255483512,1692255483516,1693227747748,8,4,4
39541,1693227747748,1692255483519,1692255483522,1693227747755,7,3,4
39542,1693227747755,1692255483526,1692255483529,1693227747763,8,3,5
39543,1693227747763,1692255483534,1692255483537,1693227747770,7,3,4
39544,1693227747770,1692255483542,1692255483545,1693227747778,8,3,5
39545,1693227747778,1692255483549,1692255483552,1693227747785,7,3,4
39546,1693227747785,1692255483556,1692255483559,1693227747793,8,3,5
39547,1693227747793,1692255483564,1692255483567,1693227747800,7,3,4
39548,1693227747800,1692255483572,1692255483575,1693227747809,9,3,6
39549,1693227747809,1692255483580,1692255483583,1693227747816,7,3,4
39550,1693227747816,1692255483587,1692255483591,1693227747824,8,4,4
39551,1693227747824,1692255483595,1692255483598,1693227747831,7,3,4
39552,1693227747831,1692255483602,1692255483605,1693227747838,7,3,4
39553,1693227747838,1692255483609,1692255483614,1693227747847,9,5,4
39554,1693227747847,1692255483618,1692255483621,1693227747854,7,3,4
39555,1693227747854,1692255483628,1692255483631,1693227747864,10,3,7
39556,1693227747864,1692255483642,1692255483645,1693227747878,14,3,11
39557,1693227747878,1692255483650,1692255483653,1693227747886,8,3,5
39558,1693227747886,1692255483658,1692255483661,1693227747894,8,3,5
39559,1693227747894,1692255483666,1692255483669,1693227747902,8,3,5
39560,1693227747902,1692255483673,1692255483677,1693227747910,8,4,4
39561,1693227747910,1692255483682,1692255483685,1693227747918,8,3,5
39562,1693227747918,1692255483689,1692255483693,1693227747927,9,4,5
39563,1693227747927,1692255483698,1692255483701,1693227747935,8,3,5
39564,1693227747935,1692255483708,1692255483712,1693227747945,10,4,6
39565,1693227747945,1692255483716,1692255483720,1693227747953,8,4,4
39566,1693227747953,1692255483725,1692255483728,1693227747961,8,3,5
39567,1693227747961,1692255483733,1692255483736,1693227747969,8,3,5
39568,1693227747969,1692255483741,1692255483743,1693227747977,8,2,6
39569,1693227747977,1692255483748,1692255483751,1693227747984,7,3,4
39570,1693227747984,1692255483755,1692255483759,1693227747992,8,4,4
39571,1693227747992,1692255483763,1692255483767,1693227748000,8,4,4
39572,1693227748000,1692255483772,1692255483775,1693227748008,8,3,5
39573,1693227748008,1692255483779,1692255483782,1693227748015,7,3,4
39574,1693227748015,1692255483787,1692255483791,1693227748024,9,4,5
39575,1693227748024,1692255483796,1692255483799,1693227748032,8,3,5
39576,1693227748032,1692255483804,1692255483807,1693227748041,9,3,6
39577,1693227748041,1692255483813,1692255483816,1693227748049,8,3,5
39578,1693227748049,1692255483821,1692255483824,1693227748057,8,3,5
39579,1693227748057,1692255483829,1692255483832,1693227748066,9,3,6
39580,1693227748066,1692255483837,1692255483840,1693227748074,8,3,5
39581,1693227748074,1692255483846,1692255483849,1693227748082,8,3,5
39582,1693227748082,1692255483853,1692255483859,1693227748092,10,6,4
39583,1693227748092,1692255483863,1692255483867,1693227748100,8,4,4
39584,1693227748100,1692255483871,1692255483874,1693227748107,7,3,4
39585,1693227748107,1692255483881,1692255483884,1693227748118,11,3,8
39586,1693227748118,1692255483890,1692255483893,1693227748126,8,3,5
39587,1693227748126,1692255483898,1692255483900,1693227748133,7,2,5
39588,1693227748134,1692255483905,1692255483908,1693227748144,10,3,7
39589,1693227748144,1692255483915,1692255483920,1693227748153,9,5,4
39590,1693227748153,1692255483924,1692255483928,1693227748161,8,4,4
39591,1693227748161,1692255483932,1692255483936,1693227748169,8,4,4
39592,1693227748169,1692255483940,1692255483943,1693227748176,7,3,4
39593,1693227748176,1692255483948,1692255483950,1693227748183,7,2,5
39594,1693227748183,1692255483955,1692255483958,1693227748191,8,3,5
39595,1693227748191,1692255483962,1692255483965,1693227748198,7,3,4
39596,1693227748198,1692255483970,1692255483973,1693227748206,8,3,5
39597,1693227748206,1692255483978,1692255483983,1693227748216,10,5,5
39598,1693227748216,1692255483988,1692255483991,1693227748224,8,3,5
39599,1693227748224,1692255483995,1692255483999,1693227748232,8,4,4
39600,1693227748232,1692255484003,1692255484006,1693227748239,7,3,4
39601,1693227748239,1692255484010,1692255484013,1693227748247,8,3,5
39602,1693227748247,1692255484018,1692255484022,1693227748255,8,4,4
39603,1693227748255,1692255484026,1692255484029,1693227748263,8,3,5
39604,1693227748263,1692255484034,1692255484037,1693227748270,7,3,4
39605,1693227748270,1692255484042,1692255484045,1693227748278,8,3,5
39606,1693227748278,1692255484049,1692255484052,1693227748285,7,3,4
39607,1693227748285,1692255484056,1692255484060,1693227748293,8,4,4
39608,1693227748293,1692255484066,1692255484069,1693227748302,9,3,6
39609,1693227748302,1692255484074,1692255484077,1693227748310,8,3,5
39610,1693227748310,1692255484082,1692255484085,1693227748318,8,3,5
39611,1693227748318,1692255484089,1692255484093,1693227748326,8,4,4
39612,1693227748326,1692255484097,1692255484101,1693227748334,8,4,4
39613,1693227748334,1692255484105,1692255484108,1693227748341,7,3,4
39614,1693227748341,1692255484113,1692255484116,1693227748349,8,3,5
39615,1693227748349,1692255484121,1692255484125,1693227748358,9,4,5
39616,1693227748358,1692255484129,1692255484131,1693227748365,7,2,5
39617,1693227748365,1692255484136,1692255484139,1693227748372,7,3,4
39618,1693227748372,1692255484144,1692255484147,1693227748380,8,3,5
39619,1693227748380,1692255484152,1692255484155,1693227748388,8,3,5
39620,1693227748388,1692255484159,1692255484162,1693227748396,8,3,5
39621,1693227748396,1692255484167,1692255484173,1693227748406,10,6,4
39622,1693227748406,1692255484177,1692255484180,1693227748413,7,3,4
39623,1693227748413,1692255484184,1692255484187,1693227748420,7,3,4
39624,1693227748420,1692255484191,1692255484196,1693227748429,9,5,4
39625,1693227748429,1692255484200,1692255484203,1693227748437,8,3,5
39626,1693227748437,1692255484208,1692255484211,1693227748444,7,3,4
39627,1693227748444,1692255484216,1692255484219,1693227748452,8,3,5
39628,1693227748452,1692255484224,1692255484227,1693227748460,8,3,5
39629,1693227748460,1692255484232,1692255484235,1693227748468,8,3,5
39630,1693227748468,1692255484240,1692255484243,1693227748477,9,3,6
39631,1693227748477,1692255484248,1692255484252,1693227748485,8,4,4
39632,1693227748485,1692255484256,1692255484259,1693227748492,7,3,4
39633,1693227748492,1692255484264,1692255484267,1693227748500,8,3,5
39634,1693227748500,1692255484272,1692255484275,1693227748508,8,3,5
39635,1693227748508,1692255484279,1692255484283,1693227748516,8,4,4
39636,1693227748516,1692255484290,1692255484293,1693227748526,10,3,7
39637,1693227748526,1692255484297,1692255484300,1693227748533,7,3,4
39638,1693227748533,1692255484304,1692255484308,1693227748541,8,4,4
39639,1693227748541,1692255484312,1692255484316,1693227748549,8,4,4
39640,1693227748549,1692255484323,1692255484327,1693227748560,11,4,7
39641,1693227748560,1692255484330,1692255484333,1693227748566,6,3,3
39642,1693227748566,1692255484338,1692255484341,1693227748574,8,3,5
39643,1693227748574,1692255484345,1692255484348,1693227748581,7,3,4
39644,1693227748581,1692255484352,1692255484356,1693227748588,7,4,3
39645,1693227748588,1692255484359,1692255484363,1693227748596,8,4,4
39646,1693227748596,1692255484367,1692255484370,1693227748603,7,3,4
39647,1693227748603,1692255484374,1692255484377,1693227748610,7,3,4
39648,1693227748610,1692255484382,1692255484385,1693227748618,8,3,5
39649,1693227748618,1692255484389,1692255484393,1693227748626,8,4,4
39650,1693227748626,1692255484397,1692255484401,1693227748634,8,4,4
39651,1693227748634,1692255484405,1692255484408,1693227748641,7,3,4
39652,1693227748641,1692255484413,1692255484416,1693227748649,8,3,5
39653,1693227748649,1692255484420,1692255484423,1693227748656,7,3,4
39654,1693227748656,1692255484427,1692255484430,1693227748663,7,3,4
39655,1693227748663,1692255484435,1692255484438,1693227748671,8,3,5
39656,1693227748671,1692255484442,1692255484446,1693227748679,8,4,4
39657,1693227748679,1692255484450,1692255484454,1693227748686,7,4,3
39658,1693227748686,1692255484457,1692255484461,1693227748694,8,4,4
39659,1693227748694,1692255484465,1692255484468,1693227748701,7,3,4
39660,1693227748701,1692255484472,1692255484475,1693227748708,7,3,4
39661,1693227748708,1692255484480,1692255484485,1693227748718,10,5,5
39662,1693227748718,1692255484489,1692255484492,1693227748725,7,3,4
39663,1693227748725,1692255484496,1692255484499,1693227748732,7,3,4
39664,1693227748732,1692255484504,1692255484508,1693227748741,9,4,5
39665,1693227748741,1692255484515,1692255484518,1693227748751,10,3,7
39666,1693227748751,1692255484523,1692255484526,1693227748759,8,3,5
39667,1693227748759,1692255484530,1692255484533,1693227748766,7,3,4
39668,1693227748766,1692255484537,1692255484541,1693227748774,8,4,4
39669,1693227748774,1692255484545,1692255484549,1693227748782,8,4,4
39670,1693227748782,1692255484554,1692255484558,1693227748790,8,4,4
39671,1693227748790,1692255484561,1692255484564,1693227748797,7,3,4
39672,1693227748797,1692255484568,1692255484574,1693227748806,9,6,3
39673,1693227748806,1692255484578,1692255484580,1693227748813,7,2,5
39674,1693227748814,1692255484585,1692255484589,1693227748821,7,4,3
39675,1693227748821,1692255484594,1692255484598,1693227748831,10,4,6
39676,1693227748831,1692255484603,1692255484605,1693227748838,7,2,5
39677,1693227748838,1692255484610,1692255484613,1693227748846,8,3,5
39678,1693227748846,1692255484617,1692255484620,1693227748853,7,3,4
39679,1693227748853,1692255484625,1692255484628,1693227748862,9,3,6
39680,1693227748862,1692255484634,1692255484636,1693227748869,7,2,5
39681,1693227748870,1692255484641,1692255484644,1693227748877,7,3,4
39682,1693227748878,1692255484650,1692255484654,1693227748887,9,4,5
39683,1693227748887,1692255484658,1692255484661,1693227748894,7,3,4
39684,1693227748894,1692255484665,1692255484669,1693227748902,8,4,4
39685,1693227748902,1692255484673,1692255484676,1693227748909,7,3,4
39686,1693227748909,1692255484681,1692255484684,1693227748917,8,3,5
39687,1693227748917,1692255484689,1692255484692,1693227748925,8,3,5
39688,1693227748925,1692255484696,1692255484700,1693227748933,8,4,4
39689,1693227748933,1692255484704,1692255484708,1693227748941,8,4,4
39690,1693227748941,1692255484712,1692255484716,1693227748949,8,4,4
39691,1693227748949,1692255484720,1692255484723,1693227748956,7,3,4
39692,1693227748956,1692255484728,1692255484732,1693227748965,9,4,5
39693,1693227748965,1692255484737,1692255484740,1693227748973,8,3,5
39694,1693227748973,1692255484744,1692255484747,1693227748980,7,3,4
39695,1693227748980,1692255484751,1692255484755,1693227748988,8,4,4
39696,1693227748988,1692255484759,1692255484762,1693227748995,7,3,4
39697,1693227748995,1692255484767,1692255484772,1693227749005,10,5,5
39698,1693227749005,1692255484776,1692255484779,1693227749012,7,3,4
39699,1693227749012,1692255484783,1692255484787,1693227749019,7,4,3
39700,1693227749019,1692255484790,1692255484794,1693227749027,8,4,4
39701,1693227749027,1692255484799,1692255484801,1693227749035,8,2,6
39702,1693227749035,1692255484806,1692255484810,1693227749043,8,4,4
39703,1693227749043,1692255484815,1692255484819,1693227749052,9,4,5
39704,1693227749052,1692255484824,1692255484828,1693227749062,10,4,6
39705,1693227749062,1692255484835,1692255484838,1693227749071,9,3,6
39706,1693227749071,1692255484842,1692255484845,1693227749080,9,3,6
39707,1693227749080,1692255484852,1692255484855,1693227749088,8,3,5
39708,1693227749088,1692255484860,1692255484863,1693227749096,8,3,5
39709,1693227749096,1692255484867,1692255484869,1693227749102,6,2,4
39710,1693227749102,1692255484873,1692255484876,1693227749109,7,3,4
39711,1693227749109,1692255484880,1692255484884,1693227749117,8,4,4
39712,1693227749117,1692255484888,1692255484892,1693227749125,8,4,4
39713,1693227749125,1692255484896,1692255484900,1693227749134,9,4,5
39714,1693227749134,1692255484905,1692255484909,1693227749142,8,4,4
39715,1693227749142,1692255484913,1692255484916,1693227749149,7,3,4
39716,1693227749149,1692255484920,1692255484923,1693227749156,7,3,4
39717,1693227749156,1692255484928,1692255484932,1693227749168,12,4,8
39718,1693227749168,1692255484939,1692255484943,1693227749176,8,4,4
39719,1693227749176,1692255484947,1692255484950,1693227749183,7,3,4
39720,1693227749183,1692255484954,1692255484958,1693227749192,9,4,5
39721,1693227749192,1692255484963,1692255484966,1693227749199,7,3,4
39722,1693227749199,1692255484970,1692255484974,1693227749207,8,4,4
39723,1693227749207,1692255484978,1692255484981,1693227749214,7,3,4
39724,1693227749214,1692255484985,1692255484989,1693227749221,7,4,3
39725,1693227749221,1692255484992,1692255484995,1693227749229,8,3,5
39726,1693227749229,1692255485000,1692255485003,1693227749237,8,3,5
39727,1693227749237,1692255485008,1692255485012,1693227749245,8,4,4
39728,1693227749245,1692255485018,1692255485020,1693227749253,8,2,6
39729,1693227749253,1692255485025,1692255485028,1693227749261,8,3,5
39730,1693227749261,1692255485032,1692255485035,1693227749271,10,3,7
39731,1693227749271,1692255485042,1692255485044,1693227749277,6,2,4
39732,1693227749277,1692255485049,1692255485051,1693227749284,7,2,5
39733,1693227749284,1692255485056,1692255485060,1693227749293,9,4,5
39734,1693227749293,1692255485065,1692255485068,1693227749301,8,3,5
39735,1693227749301,1692255485072,1692255485076,1693227749309,8,4,4
39736,1693227749309,1692255485082,1692255485085,1693227749318,9,3,6
39737,1693227749318,1692255485090,1692255485094,1693227749327,9,4,5
39738,1693227749327,1692255485098,1692255485102,1693227749335,8,4,4
39739,1693227749335,1692255485109,1692255485113,1693227749346,11,4,7
39740,1693227749346,1692255485118,1692255485121,1693227749354,8,3,5
39741,1693227749354,1692255485127,1692255485130,1693227749364,10,3,7
39742,1693227749364,1692255485135,1692255485138,1693227749372,8,3,5
39743,1693227749372,1692255485144,1692255485148,1693227749381,9,4,5
39744,1693227749381,1692255485152,1692255485155,1693227749388,7,3,4
39745,1693227749388,1692255485159,1692255485162,1693227749396,8,3,5
39746,1693227749396,1692255485167,1692255485170,1693227749402,6,3,3
39747,1693227749402,1692255485174,1692255485177,1693227749410,8,3,5
39748,1693227749410,1692255485184,1692255485187,1693227749420,10,3,7
39749,1693227749420,1692255485191,1692255485195,1693227749428,8,4,4
39750,1693227749428,1692255485199,1692255485202,1693227749435,7,3,4
39751,1693227749435,1692255485206,1692255485209,1693227749442,7,3,4
39752,1693227749442,1692255485213,1692255485216,1693227749449,7,3,4
39753,1693227749449,1692255485220,1692255485223,1693227749456,7,3,4
39754,1693227749457,1692255485228,1692255485232,1693227749464,7,4,3
39755,1693227749464,1692255485236,1692255485239,1693227749475,11,3,8
39756,1693227749475,1692255485247,1692255485251,1693227749484,9,4,5
39757,1693227749484,1692255485256,1692255485260,1693227749493,9,4,5
39758,1693227749493,1692255485265,1692255485270,1693227749503,10,5,5
39759,1693227749503,1692255485274,1692255485278,1693227749511,8,4,4
39760,1693227749511,1692255485281,1692255485285,1693227749518,7,4,3
39761,1693227749518,1692255485289,1692255485292,1693227749525,7,3,4
39762,1693227749525,1692255485296,1692255485299,1693227749532,7,3,4
39763,1693227749532,1692255485303,1692255485306,1693227749539,7,3,4
39764,1693227749539,1692255485312,1692255485316,1693227749549,10,4,6
39765,1693227749549,1692255485320,1692255485323,1693227749557,8,3,5
39766,1693227749557,1692255485328,1692255485332,1693227749565,8,4,4
39767,1693227749565,1692255485336,1692255485340,1693227749573,8,4,4
39768,1693227749573,1692255485347,1692255485351,1693227749584,11,4,7
39769,1693227749584,1692255485356,1692255485361,1693227749594,10,5,5
39770,1693227749594,1692255485365,1692255485368,1693227749601,7,3,4
39771,1693227749601,1692255485373,1692255485376,1693227749609,8,3,5
39772,1693227749609,1692255485380,1692255485383,1693227749616,7,3,4
39773,1693227749616,1692255485388,1692255485392,1693227749625,9,4,5
39774,1693227749625,1692255485397,1692255485400,1693227749633,8,3,5
39775,1693227749633,1692255485404,1692255485407,1693227749640,7,3,4
39776,1693227749640,1692255485414,1692255485417,1693227749650,10,3,7
39777,1693227749650,1692255485422,1692255485425,1693227749658,8,3,5
39778,1693227749658,1692255485429,1692255485433,1693227749666,8,4,4
39779,1693227749666,1692255485438,1692255485441,1693227749675,9,3,6
39780,1693227749675,1692255485448,1692255485451,1693227749684,9,3,6
39781,1693227749685,1692255485457,1692255485460,1693227749693,8,3,5
39782,1693227749693,1692255485464,1692255485468,1693227749701,8,4,4
39783,1693227749701,1692255485472,1692255485475,1693227749708,7,3,4
39784,1693227749708,1692255485479,1692255485482,1693227749715,7,3,4
39785,1693227749715,1692255485487,1692255485491,1693227749724,9,4,5
39786,1693227749724,1692255485496,1692255485498,1693227749731,7,2,5
39787,1693227749731,1692255485503,1692255485506,1693227749740,9,3,6
39788,1693227749740,1692255485511,1692255485515,1693227749748,8,4,4
39789,1693227749748,1692255485519,1692255485523,1693227749756,8,4,4
39790,1693227749756,1692255485528,1692255485532,1693227749765,9,4,5
39791,1693227749765,1692255485536,1692255485540,1693227749773,8,4,4
39792,1693227749773,1692255485544,1692255485547,1693227749782,9,3,6
39793,1693227749782,1692255485553,1692255485557,1693227749790,8,4,4
39794,1693227749790,1692255485561,1692255485564,1693227749797,7,3,4
39795,1693227749797,1692255485568,1692255485572,1693227749804,7,4,3
39796,1693227749804,1692255485575,1692255485578,1693227749811,7,3,4
39797,1693227749811,1692255485582,1692255485586,1693227749819,8,4,4
39798,1693227749819,1692255485591,1692255485594,1693227749827,8,3,5
39799,1693227749827,1692255485598,1692255485601,1693227749834,7,3,4
39800,1693227749834,1692255485605,1692255485607,1693227749840,6,2,4
39801,1693227749841,1692255485612,1692255485616,1693227749849,8,4,4
39802,1693227749849,1692255485620,1692255485623,1693227749856,7,3,4
39803,1693227749856,1692255485628,1692255485631,1693227749864,8,3,5
39804,1693227749864,1692255485636,1692255485639,1693227749872,8,3,5
39805,1693227749872,1692255485643,1692255485646,1693227749879,7,3,4
39806,1693227749879,1692255485651,1692255485655,1693227749888,9,4,5
39807,1693227749888,1692255485659,1692255485663,1693227749896,8,4,4
39808,1693227749896,1692255485667,1692255485671,1693227749904,8,4,4
39809,1693227749904,1692255485675,1692255485678,1693227749911,7,3,4
39810,1693227749911,1692255485683,1692255485686,1693227749920,9,3,6
39811,1693227749920,1692255485691,1692255485695,1693227749928,8,4,4
39812,1693227749928,1692255485699,1692255485703,1693227749936,8,4,4
39813,1693227749936,1692255485708,1692255485711,1693227749944,8,3,5
39814,1693227749944,1692255485717,1692255485720,1693227749953,9,3,6
39815,1693227749953,1692255485724,1692255485727,1693227749960,7,3,4
39816,1693227749960,1692255485731,1692255485734,1693227749968,8,3,5
39817,1693227749968,1692255485739,1692255485743,1693227749976,8,4,4
39818,1693227749976,1692255485747,1692255485750,1693227749983,7,3,4
39819,1693227749983,1692255485756,1692255485759,1693227749992,9,3,6
39820,1693227749992,1692255485764,1692255485768,1693227750001,9,4,5
39821,1693227750001,1692255485772,1692255485775,1693227750008,7,3,4
39822,1693227750008,1692255485780,1692255485783,1693227750016,8,3,5
39823,1693227750016,1692255485787,1692255485790,1693227750023,7,3,4
39824,1693227750023,1692255485795,1692255485798,1693227750031,8,3,5
39825,1693227750031,1692255485802,1692255485806,1693227750038,7,4,3
39826,1693227750039,1692255485810,1692255485813,1693227750046,7,3,4
39827,1693227750047,1692255485818,1692255485821,1693227750054,7,3,4
39828,1693227750054,1692255485825,1692255485828,1693227750061,7,3,4
39829,1693227750061,1692255485833,1692255485836,1693227750069,8,3,5
39830,1693227750069,1692255485840,1692255485844,1693227750077,8,4,4
39831,1693227750077,1692255485848,1692255485853,1693227750089,12,5,7
39832,1693227750089,1692255485861,1692255485864,1693227750097,8,3,5
39833,1693227750097,1692255485870,1692255485873,1693227750106,9,3,6
39834,1693227750106,1692255485878,1692255485881,1693227750114,8,3,5
39835,1693227750114,1692255485886,1692255485888,1693227750122,8,2,6
39836,1693227750122,1692255485893,1692255485896,1693227750129,7,3,4
39837,1693227750129,1692255485901,1692255485904,1693227750137,8,3,5
39838,1693227750137,1692255485908,1692255485911,1693227750145,8,3,5
39839,1693227750145,1692255485922,1692255485924,1693227750158,13,2,11
39840,1693227750158,1692255485929,1692255485932,1693227750166,8,3,5
39841,1693227750166,1692255485937,1692255485941,1693227750174,8,4,4
39842,1693227750174,1692255485945,1692255485949,1693227750182,8,4,4
39843,1693227750182,1692255485955,1692255485959,1693227750193,11,4,7
39844,1693227750193,1692255485964,1692255485967,1693227750200,7,3,4
39845,1693227750200,1692255485972,1692255485975,1693227750209,9,3,6
39846,1693227750209,1692255485980,1692255485983,1693227750216,7,3,4
39847,1693227750217,1692255485988,1692255485991,1693227750225,8,3,5
39848,1693227750225,1692255485996,1692255486000,1693227750233,8,4,4
39849,1693227750233,1692255486004,1692255486007,1693227750240,7,3,4
39850,1693227750240,1692255486011,1692255486014,1693227750247,7,3,4
39851,1693227750247,1692255486018,1692255486021,1693227750254,7,3,4
39852,1693227750254,1692255486026,1692255486029,1693227750262,8,3,5
39853,1693227750262,1692255486034,1692255486036,1693227750270,8,2,6
39854,1693227750270,1692255486041,1692255486045,1693227750278,8,4,4
39855,1693227750278,1692255486050,1692255486053,1693227750286,8,3,5
39856,1693227750286,1692255486057,1692255486060,1693227750295,9,3,6
39857,1693227750295,1692255486066,1692255486069,1693227750302,7,3,4
39858,1693227750302,1692255486074,1692255486077,1693227750310,8,3,5
39859,1693227750310,1692255486081,1692255486084,1693227750318,8,3,5
39860,1693227750318,1692255486089,1692255486094,1693227750326,8,5,3
39861,1693227750326,1692255486098,1692255486101,1693227750334,8,3,5
39862,1693227750334,1692255486105,1692255486108,1693227750342,8,3,5
39863,1693227750342,1692255486113,1692255486116,1693227750349,7,3,4
39864,1693227750349,1692255486121,1692255486124,1693227750357,8,3,5
39865,1693227750357,1692255486128,1692255486132,1693227750365,8,4,4
39866,1693227750365,1692255486138,1692255486141,1693227750374,9,3,6
39867,1693227750374,1692255486145,1692255486149,1693227750382,8,4,4
39868,1693227750382,1692255486153,1692255486156,1693227750389,7,3,4
39869,1693227750389,1692255486160,1692255486163,1693227750396,7,3,4
39870,1693227750396,1692255486168,1692255486171,1693227750404,8,3,5
39871,1693227750404,1692255486175,1692255486179,1693227750412,8,4,4
39872,1693227750412,1692255486183,1692255486186,1693227750419,7,3,4
39873,1693227750419,1692255486190,1692255486192,1693227750425,6,2,4
39874,1693227750425,1692255486197,1692255486201,1693227750434,9,4,5
39875,1693227750434,1692255486205,1692255486208,1693227750441,7,3,4
39876,1693227750441,1692255486213,1692255486216,1693227750449,8,3,5
39877,1693227750449,1692255486220,1692255486223,1693227750456,7,3,4
39878,1693227750456,1692255486227,1692255486230,1693227750463,7,3,4
39879,1693227750463,1692255486234,1692255486239,1693227750472,9,5,4
39880,1693227750472,1692255486243,1692255486246,1693227750480,8,3,5
39881,1693227750480,1692255486251,1692255486254,1693227750487,7,3,4
39882,1693227750487,1692255486258,1692255486262,1693227750494,7,4,3
39883,1693227750494,1692255486268,1692255486271,1693227750504,10,3,7
39884,1693227750504,1692255486275,1692255486278,1693227750511,7,3,4
39885,1693227750511,1692255486283,1692255486285,1693227750518,7,2,5
39886,1693227750518,1692255486290,1692255486294,1693227750527,9,4,5
39887,1693227750527,1692255486298,1692255486302,1693227750534,7,4,3
39888,1693227750534,1692255486306,1692255486309,1693227750542,8,3,5
39889,1693227750542,1692255486313,1692255486317,1693227750550,8,4,4
39890,1693227750550,1692255486321,1692255486325,1693227750558,8,4,4
39891,1693227750558,1692255486330,1692255486333,1693227750566,8,3,5
39892,1693227750566,1692255486338,1692255486341,1693227750574,8,3,5
39893,1693227750574,1692255486345,1692255486348,1693227750583,9,3,6
39894,1693227750583,1692255486354,1692255486358,1693227750591,8,4,4
39895,1693227750591,1692255486362,1692255486365,1693227750598,7,3,4
39896,1693227750598,1692255486371,1692255486375,1693227750608,10,4,6
39897,1693227750608,1692255486379,1692255486382,1693227750615,7,3,4
39898,1693227750615,1692255486387,1692255486390,1693227750623,8,3,5
39899,1693227750623,1692255486394,1692255486397,1693227750630,7,3,4
39900,1693227750630,1692255486402,1692255486405,1693227750638,8,3,5
39901,1693227750638,1692255486410,1692255486413,1693227750646,8,3,5
39902,1693227750646,1692255486418,1692255486421,1693227750654,8,3,5
39903,1693227750654,1692255486425,1692255486429,1693227750662,8,4,4
39904,1693227750662,1692255486433,1692255486436,1693227750669,7,3,4
39905,1693227750669,1692255486440,1692255486443,1693227750676,7,3,4
39906,1693227750676,1692255486448,1692255486451,1693227750686,10,3,7
39907,1693227750686,1692255486457,1692255486460,1693227750693,7,3,4
39908,1693227750693,1692255486464,1692255486468,1693227750703,10,4,6
39909,1693227750703,1692255486474,1692255486478,1693227750711,8,4,4
39910,1693227750711,1692255486483,1692255486486,1693227750719,8,3,5
39911,1693227750719,1692255486490,1692255486493,1693227750726,7,3,4
39912,1693227750726,1692255486499,1692255486502,1693227750735,9,3,6
39913,1693227750735,1692255486506,1692255486509,1693227750742,7,3,4
39914,1693227750742,1692255486514,1692255486518,1693227750751,9,4,5
39915,1693227750751,1692255486522,1692255486525,1693227750759,8,3,5
39916,1693227750759,1692255486530,1692255486535,1693227750768,9,5,4
39917,1693227750768,1692255486540,1692255486543,1693227750776,8,3,5
39918,1693227750776,1692255486547,1692255486551,1693227750784,8,4,4
39919,1693227750784,1692255486555,1692255486558,1693227750791,7,3,4
39920,1693227750791,1692255486563,1692255486566,1693227750799,8,3,5
39921,1693227750799,1692255486571,1692255486575,1693227750808,9,4,5
39922,1693227750808,1692255486579,1692255486583,1693227750816,8,4,4
39923,1693227750816,1692255486587,1692255486590,1693227750823,7,3,4
39924,1693227750823,1692255486595,1692255486597,1693227750831,8,2,6
39925,1693227750831,1692255486602,1692255486605,1693227750838,7,3,4
39926,1693227750838,1692255486610,1692255486613,1693227750846,8,3,5
39927,1693227750846,1692255486617,1692255486620,1693227750853,7,3,4
39928,1693227750853,1692255486624,1692255486628,1693227750861,8,4,4
39929,1693227750861,1692255486632,1692255486635,1693227750868,7,3,4
39930,1693227750868,1692255486639,1692255486643,1693227750876,8,4,4
39931,1693227750876,1692255486647,1692255486651,1693227750884,8,4,4
39932,1693227750884,1692255486655,1692255486657,1693227750890,6,2,4
39933,1693227750890,1692255486662,1692255486665,1693227750898,8,3,5
39934,1693227750898,1692255486669,1692255486672,1693227750905,7,3,4
39935,1693227750905,1692255486678,1692255486681,1693227750914,9,3,6
39936,1693227750914,1692255486685,1692255486688,1693227750921,7,3,4
39937,1693227750921,1692255486693,1692255486696,1693227750929,8,3,5
39938,1693227750929,1692255486701,1692255486705,1693227750938,9,4,5
39939,1693227750938,1692255486709,1692255486712,1693227750945,7,3,4
39940,1693227750945,1692255486716,1692255486720,1693227750953,8,4,4
39941,1693227750953,1692255486724,1692255486726,1693227750960,7,2,5
39942,1693227750960,1692255486731,1692255486735,1693227750968,8,4,4
39943,1693227750968,1692255486739,1692255486742,1693227750975,7,3,4
39944,1693227750975,1692255486747,1692255486750,1693227750983,8,3,5
39945,1693227750983,1692255486754,1692255486757,1693227750990,7,3,4
39946,1693227750990,1692255486761,1692255486765,1693227750998,8,4,4
39947,1693227750998,1692255486770,1692255486774,1693227751007,9,4,5
39948,1693227751007,1692255486780,1692255486784,1693227751017,10,4,6
39949,1693227751017,1692255486788,1692255486792,1693227751025,8,4,4
39950,1693227751025,1692255486797,1692255486800,1693227751033,8,3,5
39951,1693227751033,1692255486805,1692255486807,1693227751040,7,2,5
39952,1693227751040,1692255486812,1692255486816,1693227751049,9,4,5
39953,1693227751049,1692255486820,1692255486825,1693227751058,9,5,4
39954,1693227751058,1692255486829,1692255486833,1693227751066,8,4,4
39955,1693227751066,1692255486837,1692255486840,1693227751073,7,3,4
39956,1693227751073,1692255486845,1692255486848,1693227751081,8,3,5
39957,1693227751081,1692255486853,1692255486856,1693227751092,11,3,8
39958,1693227751092,1692255486863,1692255486867,1693227751100,8,4,4
39959,1693227751100,1692255486872,1692255486875,1693227751108,8,3,5
39960,1693227751108,1692255486882,1692255486885,1693227751118,10,3,7
39961,1693227751118,1692255486890,1692255486892,1693227751126,8,2,6
39962,1693227751126,1692255486897,1692255486900,1693227751133,7,3,4
39963,1693227751133,1692255486904,1692255486907,1693227751141,8,3,5
39964,1693227751141,1692255486912,1692255486915,1693227751148,7,3,4
39965,1693227751148,1692255486920,1692255486923,1693227751156,8,3,5
39966,1693227751156,1692255486927,1692255486931,1693227751164,8,4,4
39967,1693227751164,1692255486936,1692255486939,1693227751172,8,3,5
39968,1693227751172,1692255486943,1692255486947,1693227751181,9,4,5
39969,1693227751181,1692255486953,1692255486956,1693227751188,7,3,4
39970,1693227751188,1692255486962,1692255486965,1693227751198,10,3,7
39971,1693227751198,1692255486970,1692255486973,1693227751206,8,3,5
39972,1693227751206,1692255486977,1692255486980,1693227751213,7,3,4
39973,1693227751213,1692255486985,1692255486989,1693227751222,9,4,5
39974,1693227751222,1692255486994,1692255486997,1693227751230,8,3,5
39975,1693227751230,1692255487001,1692255487004,1693227751237,7,3,4
39976,1693227751237,1692255487008,1692255487011,1693227751244,7,3,4
39977,1693227751244,1692255487016,1692255487019,1693227751252,8,3,5
39978,1693227751252,1692255487023,1692255487026,1693227751259,7,3,4
39979,1693227751259,1692255487031,1692255487034,1693227751267,8,3,5
39980,1693227751267,1692255487038,1692255487040,1693227751273,6,2,4
39981,1693227751273,1692255487045,1692255487048,1693227751281,8,3,5
39982,1693227751281,1692255487053,1692255487057,1693227751290,9,4,5
39983,1693227751290,1692255487061,1692255487064,1693227751297,7,3,4
39984,1693227751297,1692255487068,1692255487072,1693227751305,8,4,4
39985,1693227751305,1692255487076,1692255487080,1693227751313,8,4,4
39986,1693227751313,1692255487087,1692255487091,1693227751324,11,4,7
39987,1693227751324,1692255487096,1692255487099,1693227751332,8,3,5
39988,1693227751332,1692255487103,1692255487106,1693227751339,7,3,4
39989,1693227751339,1692255487111,1692255487114,1693227751347,8,3,5
39990,1693227751347,1692255487118,1692255487122,1693227751355,8,4,4
39991,1693227751355,1692255487126,1692255487128,1693227751362,7,2,5
39992,1693227751362,1692255487133,1692255487136,1693227751369,7,3,4
39993,1693227751369,1692255487140,1692255487144,1693227751377,8,4,4
39994,1693227751377,1692255487148,1692255487151,1693227751384,7,3,4
39995,1693227751384,1692255487159,1692255487162,1693227751395,11,3,8
39996,1693227751395,1692255487166,1692255487170,1693227751403,8,4,4
39997,1693227751403,1692255487175,1692255487178,1693227751411,8,3,5
39998,1693227751411,1692255487183,1692255487187,1693227751420,9,4,5
39999,1693227751420,1692255487193,1692255487196,1693227751428,8,3,5
40000,1693227751428,1692255487200,1692255487204,1693227751437,9,4,5
40001,1693227751437,1692255487208,1692255487211,1693227751444,7,3,4
40002,1693227751444,1692255487215,1692255487218,1693227751451,7,3,4
40003,1693227751451,1692255487223,1692255487226,1693227751459,8,3,5
40004,1693227751459,1692255487230,1692255487233,1693227751466,7,3,4
40005,1693227751466,1692255487238,1692255487241,1693227751474,8,3,5
40006,1693227751474,1692255487246,1692255487249,1693227751482,8,3,5
40007,1693227751482,1692255487254,1692255487257,1693227751490,8,3,5
40008,1693227751490,1692255487261,1692255487264,1693227751498,8,3,5
40009,1693227751498,1692255487269,1692255487273,1693227751506,8,4,4
40010,1693227751506,1692255487279,1692255487283,1693227751516,10,4,6
40011,1693227751516,1692255487287,1692255487290,1693227751523,7,3,4
40012,1693227751523,1692255487294,1692255487297,1693227751531,8,3,5
40013,1693227751531,1692255487310,1692255487314,1693227751547,16,4,12
40014,1693227751547,1692255487318,1692255487322,1693227751555,8,4,4
40015,1693227751555,1692255487326,1692255487329,1693227751562,7,3,4
40016,1693227751562,1692255487334,1692255487337,1693227751570,8,3,5
40017,1693227751570,1692255487341,1692255487344,1693227751578,8,3,5
40018,1693227751578,1692255487349,1692255487353,1693227751586,8,4,4
40019,1693227751586,1692255487357,1692255487360,1693227751597,11,3,8
40020,1693227751597,1692255487368,1692255487372,1693227751604,7,4,3
40021,1693227751604,1692255487376,1692255487378,1693227751612,8,2,6
40022,1693227751612,1692255487387,1692255487390,1693227751625,13,3,10
40023,1693227751625,1692255487396,1692255487399,1693227751633,8,3,5
40024,1693227751633,1692255487404,1692255487408,1693227751641,8,4,4
40025,1693227751641,1692255487413,1692255487417,1693227751650,9,4,5
40026,1693227751650,1692255487424,1692255487427,1693227751660,10,3,7
40027,1693227751660,1692255487432,1692255487436,1693227751670,10,4,6
40028,1693227751670,1692255487441,1692255487444,1693227751677,7,3,4
40029,1693227751677,1692255487448,1692255487452,1693227751685,8,4,4
40030,1693227751685,1692255487456,1692255487460,1693227751693,8,4,4
40031,1693227751693,1692255487464,1692255487467,1693227751700,7,3,4
40032,1693227751700,1692255487471,1692255487475,1693227751708,8,4,4
40033,1693227751708,1692255487479,1692255487482,1693227751715,7,3,4
40034,1693227751715,1692255487486,1692255487490,1693227751723,8,4,4
40035,1693227751723,1692255487496,1692255487501,1693227751735,12,5,7
40036,1693227751735,1692255487506,1692255487508,1693227751741,6,2,4
40037,1693227751742,1692255487513,1692255487516,1693227751749,7,3,4
40038,1693227751750,1692255487521,1692255487524,1693227751757,7,3,4
40039,1693227751757,1692255487528,1692255487532,1693227751765,8,4,4
40040,1693227751765,1692255487536,1692255487539,1693227751772,7,3,4
40041,1693227751772,1692255487544,1692255487547,1693227751780,8,3,5
40042,1693227751780,1692255487552,1692255487555,1693227751788,8,3,5
40043,1693227751788,1692255487560,1692255487563,1693227751796,8,3,5
40044,1693227751796,1692255487568,1692255487571,1693227751804,8,3,5
40045,1693227751804,1692255487576,1692255487580,1693227751813,9,4,5
40046,1693227751813,1692255487584,1692255487588,1693227751820,7,4,3
40047,1693227751820,1692255487591,1692255487595,1693227751830,10,4,6
40048,1693227751830,1692255487601,1692255487605,1693227751838,8,4,4
40049,1693227751838,1692255487609,1692255487613,1693227751846,8,4,4
40050,1693227751846,1692255487617,1692255487621,1693227751854,8,4,4
40051,1693227751854,1692255487626,1692255487629,1693227751862,8,3,5
40052,1693227751862,1692255487635,1692255487638,1693227751874,12,3,9
40053,1693227751874,1692255487645,1692255487648,1693227751881,7,3,4
40054,1693227751881,1692255487652,1692255487655,1693227751888,7,3,4
40055,1693227751888,1692255487659,1692255487663,1693227751896,8,4,4
40056,1693227751896,1692255487667,1692255487670,1693227751903,7,3,4
40057,1693227751903,1692255487674,1692255487678,1693227751911,8,4,4
40058,1693227751911,1692255487682,1692255487686,1693227751919,8,4,4
40059,1693227751919,1692255487690,1692255487694,1693227751927,8,4,4
40060,1693227751927,1692255487698,1692255487701,1693227751934,7,3,4
40061,1693227751935,1692255487706,1692255487709,1693227751942,7,3,4
40062,1693227751942,1692255487714,1692255487717,1693227751950,8,3,5
40063,1693227751950,1692255487721,1692255487726,1693227751959,9,5,4
40064,1693227751959,1692255487731,1692255487733,1693227751966,7,2,5
40065,1693227751966,1692255487737,1692255487742,1693227751976,10,5,5
40066,1693227751976,1692255487747,1692255487750,1693227751983,7,3,4
40067,1693227751983,1692255487755,1692255487758,1693227751991,8,3,5
40068,1693227751991,1692255487763,1692255487767,1693227752000,9,4,5
40069,1693227752001,1692255487772,1692255487776,1693227752009,8,4,4
40070,1693227752009,1692255487781,1692255487785,1693227752018,9,4,5
40071,1693227752018,1692255487790,1692255487793,1693227752028,10,3,7
40072,1693227752028,1692255487800,1692255487803,1693227752036,8,3,5
40073,1693227752036,1692255487808,1692255487812,1693227752044,8,4,4
40074,1693227752044,1692255487816,1692255487819,1693227752052,8,3,5
40075,1693227752052,1692255487823,1692255487826,1693227752059,7,3,4
40076,1693227752059,1692255487831,1692255487834,1693227752068,9,3,6
40077,1693227752068,1692255487839,1692255487843,1693227752076,8,4,4
40078,1693227752076,1692255487848,1692255487851,1693227752085,9,3,6
40079,1693227752085,1692255487856,1692255487859,1693227752092,7,3,4
40080,1693227752092,1692255487868,1692255487872,1693227752105,13,4,9
40081,1693227752105,1692255487876,1692255487879,1693227752113,8,3,5
40082,1693227752113,1692255487885,1692255487888,1693227752121,8,3,5
40083,1693227752121,1692255487892,1692255487895,1693227752128,7,3,4
40084,1693227752128,1692255487899,1692255487904,1693227752138,10,5,5
40085,1693227752138,1692255487910,1692255487913,1693227752146,8,3,5
40086,1693227752146,1692255487918,1692255487921,1693227752154,8,3,5
40087,1693227752154,1692255487926,1692255487929,1693227752163,9,3,6
40088,1693227752163,1692255487934,1692255487936,1693227752170,7,2,5
40089,1693227752170,1692255487941,1692255487945,1693227752178,8,4,4
40090,1693227752178,1692255487950,1692255487952,1693227752185,7,2,5
40091,1693227752185,1692255487957,1692255487961,1693227752194,9,4,5
40092,1693227752194,1692255487966,1692255487970,1693227752203,9,4,5
40093,1693227752203,1692255487974,1692255487977,1693227752210,7,3,4
40094,1693227752210,1692255487981,1692255487984,1693227752217,7,3,4
40095,1693227752217,1692255487989,1692255487992,1693227752226,9,3,6
40096,1693227752226,1692255487998,1692255488001,1693227752234,8,3,5
40097,1693227752234,1692255488008,1692255488013,1693227752246,12,5,7
40098,1693227752246,1692255488017,1692255488022,1693227752255,9,5,4
40099,1693227752255,1692255488026,1692255488029,1693227752262,7,3,4
40100,1693227752262,1692255488033,1692255488036,1693227752269,7,3,4
40101,1693227752270,1692255488041,1692255488045,1693227752278,8,4,4
40102,1693227752278,1692255488050,1692255488052,1693227752286,8,2,6
40103,1693227752286,1692255488057,1692255488060,1693227752293,7,3,4
40104,1693227752293,1692255488064,1692255488068,1693227752301,8,4,4
40105,1693227752301,1692255488073,1692255488077,1693227752310,9,4,5
40106,1693227752310,1692255488081,1692255488084,1693227752318,8,3,5
40107,1693227752318,1692255488089,1692255488092,1693227752326,8,3,5
40108,1693227752326,1692255488097,1692255488100,1693227752334,8,3,5
40109,1693227752334,1692255488105,1692255488109,1693227752343,9,4,5
40110,1693227752343,1692255488114,1692255488117,1693227752351,8,3,5
40111,1693227752351,1692255488123,1692255488126,1693227752360,9,3,6
40112,1693227752360,1692255488132,1692255488135,1693227752368,8,3,5
40113,1693227752368,1692255488140,1692255488144,1693227752377,9,4,5
40114,1693227752377,1692255488148,1692255488152,1693227752385,8,4,4
40115,1693227752385,1692255488156,1692255488159,1693227752393,8,3,5
40116,1693227752393,1692255488165,1692255488168,1693227752401,8,3,5
40117,1693227752401,1692255488173,1692255488176,1693227752409,8,3,5
40118,1693227752410,1692255488181,1692255488184,1693227752418,8,3,5
40119,1693227752418,1692255488190,1692255488194,1693227752427,9,4,5
40120,1693227752427,1692255488198,1692255488201,1693227752434,7,3,4
40121,1693227752434,1692255488206,1692255488209,1693227752444,10,3,7
40122,1693227752444,1692255488216,1692255488219,1693227752452,8,3,5
40123,1693227752452,1692255488223,1692255488226,1693227752459,7,3,4
40124,1693227752459,1692255488231,1692255488235,1693227752468,9,4,5
40125,1693227752468,1692255488240,1692255488244,1693227752478,10,4,6
40126,1693227752478,1692255488249,1692255488252,1693227752485,7,3,4
40127,1693227752485,1692255488257,1692255488260,1693227752493,8,3,5
40128,1693227752493,1692255488264,1692255488268,1693227752501,8,4,4
40129,1693227752501,1692255488272,1692255488275,1693227752508,7,3,4
40130,1693227752508,1692255488280,1692255488284,1693227752517,9,4,5
40131,1693227752517,1692255488288,1692255488292,1693227752525,8,4,4
40132,1693227752525,1692255488297,1692255488300,1693227752532,7,3,4
40133,1693227752533,1692255488303,1692255488306,1693227752539,6,3,3
40134,1693227752539,1692255488311,1692255488315,1693227752548,9,4,5
40135,1693227752548,1692255488320,1692255488324,1693227752557,9,4,5
40136,1693227752557,1692255488329,1692255488331,1693227752564,7,2,5
40137,1693227752564,1692255488336,1692255488340,1693227752573,9,4,5
40138,1693227752573,1692255488344,1692255488347,1693227752580,7,3,4
40139,1693227752580,1692255488351,1692255488354,1693227752587,7,3,4
40140,1693227752587,1692255488358,1692255488361,1693227752594,7,3,4
40141,1693227752594,1692255488366,1692255488370,1693227752603,9,4,5
40142,1693227752603,1692255488374,1692255488377,1693227752610,7,3,4
40143,1693227752610,1692255488381,1692255488384,1693227752617,7,3,4
40144,1693227752617,1692255488388,1692255488391,1693227752624,7,3,4
40145,1693227752624,1692255488395,1692255488399,1693227752632,8,4,4
40146,1693227752632,1692255488404,1692255488407,1693227752640,8,3,5
40147,1693227752640,1692255488411,1692255488415,1693227752649,9,4,5
40148,1693227752649,1692255488421,1692255488424,1693227752656,7,3,4
40149,1693227752656,1692255488428,1692255488431,1693227752664,8,3,5
40150,1693227752664,1692255488436,1692255488439,1693227752672,8,3,5
40151,1693227752672,1692255488443,1692255488446,1693227752678,6,3,3
40152,1693227752679,1692255488450,1692255488454,1693227752687,8,4,4
40153,1693227752687,1692255488459,1692255488463,1693227752696,9,4,5
40154,1693227752696,1692255488468,1692255488471,1693227752704,8,3,5
40155,1693227752704,1692255488479,1692255488482,1693227752715,11,3,8
40156,1693227752715,1692255488489,1692255488492,1693227752725,10,3,7
40157,1693227752725,1692255488497,1692255488501,1693227752734,9,4,5
40158,1693227752734,1692255488505,1692255488508,1693227752741,7,3,4
40159,1693227752741,1692255488512,1692255488515,1693227752748,7,3,4
40160,1693227752748,1692255488521,1692255488524,1693227752758,10,3,7
40161,1693227752758,1692255488529,1692255488533,1693227752766,8,4,4
40162,1693227752766,1692255488537,1692255488541,1693227752774,8,4,4
40163,1693227752774,1692255488546,1692255488548,1693227752781,7,2,5
40164,1693227752781,1692255488552,1692255488556,1693227752789,8,4,4
40165,1693227752789,1692255488560,1692255488564,1693227752797,8,4,4
40166,1693227752797,1692255488568,1692255488571,1693227752804,7,3,4
40167,1693227752804,1692255488575,1692255488579,1693227752812,8,4,4
40168,1693227752812,1692255488584,1692255488588,1693227752821,9,4,5
40169,1693227752821,1692255488593,1692255488596,1693227752829,8,3,5
40170,1693227752829,1692255488601,1692255488604,1693227752837,8,3,5
40171,1693227752837,1692255488608,1692255488612,1693227752845,8,4,4
40172,1693227752845,1692255488616,1692255488621,1693227752854,9,5,4
40173,1693227752854,1692255488626,1692255488629,1693227752862,8,3,5
40174,1693227752862,1692255488639,1692255488643,1693227752876,14,4,10
40175,1693227752876,1692255488649,1692255488651,1693227752884,8,2,6
40176,1693227752884,1692255488656,1692255488659,1693227752892,8,3,5
40177,1693227752892,1692255488663,1692255488667,1693227752900,8,4,4
40178,1693227752900,1692255488671,1692255488674,1693227752907,7,3,4
40179,1693227752907,1692255488678,1692255488681,1693227752914,7,3,4
40180,1693227752914,1692255488686,1692255488689,1693227752922,8,3,5
40181,1693227752922,1692255488693,1692255488696,1693227752948,26,3,23
40182,1693227752948,1692255488719,1692255488722,1693227752956,8,3,5
40183,1693227752956,1692255488728,1692255488731,1693227752964,8,3,5
40184,1693227752964,1692255488737,1692255488740,1693227752973,9,3,6
40185,1693227752973,1692255488745,1692255488748,1693227752981,8,3,5
40186,1693227752982,1692255488753,1692255488756,1693227752989,7,3,4
40187,1693227752989,1692255488761,1692255488764,1693227752997,8,3,5
40188,1693227752997,1692255488768,1692255488772,1693227753005,8,4,4
40189,1693227753005,1692255488776,1692255488780,1693227753013,8,4,4
40190,1693227753013,1692255488784,1692255488788,1693227753021,8,4,4
40191,1693227753021,1692255488792,1692255488795,1693227753028,7,3,4
40192,1693227753028,1692255488799,1692255488802,1693227753035,7,3,4
40193,1693227753035,1692255488806,1692255488809,1693227753042,7,3,4
40194,1693227753042,1692255488813,1692255488817,1693227753050,8,4,4
40195,1693227753050,1692255488822,1692255488825,1693227753059,9,3,6
40196,1693227753059,1692255488830,1692255488834,1693227753067,8,4,4
40197,1693227753067,1692255488838,1692255488841,1693227753074,7,3,4
40198,1693227753074,1692255488845,1692255488849,1693227753083,9,4,5
40199,1693227753083,1692255488854,1692255488857,1693227753090,7,3,4
40200,1693227753090,1692255488861,1692255488864,1693227753097,7,3,4
40201,1693227753098,1692255488874,1692255488878,1693227753110,12,4,8
40202,1693227753110,1692255488882,1692255488885,1693227753118,8,3,5
40203,1693227753118,1692255488890,1692255488893,1693227753127,9,3,6
40204,1693227753127,1692255488898,1692255488901,1693227753134,7,3,4
40205,1693227753134,1692255488906,1692255488909,1693227753142,8,3,5
40206,1693227753142,1692255488914,1692255488917,1693227753150,8,3,5
40207,1693227753150,1692255488921,1692255488924,1693227753157,7,3,4
40208,1693227753157,1692255488931,1692255488934,1693227753167,10,3,7
40209,1693227753167,1692255488939,1692255488944,1693227753177,10,5,5
40210,1693227753177,1692255488948,1692255488951,1693227753184,7,3,4
40211,1693227753184,1692255488958,1692255488961,1693227753194,10,3,7
40212,1693227753194,1692255488965,1692255488968,1693227753201,7,3,4
40213,1693227753201,1692255488972,1692255488975,1693227753208,7,3,4
40214,1693227753208,1692255488980,1692255488983,1693227753216,8,3,5
40215,1693227753216,1692255488987,1692255488990,1693227753223,7,3,4
40216,1693227753223,1692255488995,1692255488998,1693227753231,8,3,5
40217,1693227753231,1692255489003,1692255489007,1693227753240,9,4,5
40218,1693227753240,1692255489011,1692255489014,1693227753247,7,3,4
40219,1693227753247,1692255489019,1692255489021,1693227753255,8,2,6
40220,1693227753255,1692255489026,1692255489029,1693227753263,8,3,5
40221,1693227753264,1692255489035,1692255489038,1693227753271,7,3,4
40222,1693227753271,1692255489043,1692255489046,1693227753279,8,3,5
40223,1693227753279,1692255489050,1692255489053,1693227753285,6,3,3
40224,1693227753285,1692255489056,1692255489060,1693227753293,8,4,4
40225,1693227753293,1692255489064,1692255489067,1693227753300,7,3,4
40226,1693227753300,1692255489072,1692255489076,1693227753309,9,4,5
40227,1693227753309,1692255489080,1692255489084,1693227753316,7,4,3
40228,1693227753317,1692255489087,1692255489091,1693227753323,6,4,2
40229,1693227753323,1692255489094,1692255489097,1693227753331,8,3,5
40230,1693227753331,1692255489102,1692255489106,1693227753339,8,4,4
40231,1693227753339,1692255489110,1692255489114,1693227753347,8,4,4
40232,1693227753347,1692255489119,1692255489122,1693227753354,7,3,4
40233,1693227753354,1692255489125,1692255489129,1693227753362,8,4,4
40234,1693227753362,1692255489136,1692255489139,1693227753372,10,3,7
40235,1693227753372,1692255489145,1692255489148,1693227753381,9,3,6
40236,1693227753381,1692255489153,1692255489157,1693227753390,9,4,5
40237,1693227753390,1692255489162,1692255489165,1693227753398,8,3,5
40238,1693227753398,1692255489169,1692255489172,1693227753405,7,3,4
40239,1693227753405,1692255489177,1692255489180,1693227753413,8,3,5
40240,1693227753413,1692255489184,1692255489187,1693227753420,7,3,4
40241,1693227753420,1692255489192,1692255489196,1693227753429,9,4,5
40242,1693227753429,1692255489201,1692255489204,1693227753439,10,3,7
40243,1693227753439,1692255489211,1692255489215,1693227753453,14,4,10
40244,1693227753453,1692255489224,1692255489228,1693227753461,8,4,4
40245,1693227753461,1692255489233,1692255489236,1693227753469,8,3,5
40246,1693227753469,1692255489241,1692255489246,1693227753478,9,5,4
40247,1693227753478,1692255489249,1692255489253,1693227753486,8,4,4
40248,1693227753486,1692255489257,1692255489261,1693227753495,9,4,5
40249,1693227753495,1692255489266,1692255489269,1693227753502,7,3,4
40250,1693227753502,1692255489273,1692255489276,1693227753509,7,3,4
40251,1693227753509,1692255489281,1692255489284,1693227753517,8,3,5
40252,1693227753517,1692255489288,1692255489291,1693227753524,7,3,4
40253,1693227753524,1692255489296,1692255489299,1693227753532,8,3,5
40254,1693227753532,1692255489303,1692255489307,1693227753539,7,4,3
40255,1693227753539,1692255489310,1692255489314,1693227753547,8,4,4
40256,1693227753547,1692255489318,1692255489321,1693227753554,7,3,4
40257,1693227753554,1692255489325,1692255489328,1693227753561,7,3,4
40258,1693227753561,1692255489332,1692255489335,1693227753568,7,3,4
40259,1693227753568,1692255489340,1692255489343,1693227753576,8,3,5
40260,1693227753576,1692255489347,1692255489351,1693227753584,8,4,4
40261,1693227753584,1692255489355,1692255489358,1693227753591,7,3,4
40262,1693227753591,1692255489363,1692255489366,1693227753599,8,3,5
40263,1693227753599,1692255489371,1692255489374,1693227753607,8,3,5
40264,1693227753607,1692255489379,1692255489382,1693227753615,8,3,5
40265,1693227753615,1692255489386,1692255489390,1693227753623,8,4,4
40266,1693227753623,1692255489394,1692255489397,1693227753630,7,3,4
40267,1693227753630,1692255489402,1692255489406,1693227753639,9,4,5
40268,1693227753639,1692255489410,1692255489413,1693227753646,7,3,4
40269,1693227753646,1692255489417,1692255489421,1693227753654,8,4,4
40270,1693227753654,1692255489425,1692255489429,1693227753662,8,4,4
40271,1693227753662,1692255489433,1692255489436,1693227753669,7,3,4
40272,1693227753670,1692255489443,1692255489446,1693227753679,9,3,6
40273,1693227753679,1692255489450,1692255489453,1693227753686,7,3,4
40274,1693227753686,1692255489458,1692255489460,1693227753693,7,2,5
40275,1693227753693,1692255489465,1692255489468,1693227753701,8,3,5
40276,1693227753701,1692255489473,1692255489475,1693227753709,8,2,6
40277,1693227753709,1692255489480,1692255489483,1693227753716,7,3,4
40278,1693227753716,1692255489488,1692255489491,1693227753723,7,3,4
40279,1693227753723,1692255489494,1692255489498,1693227753731,8,4,4
40280,1693227753731,1692255489502,1692255489506,1693227753738,7,4,3
40281,1693227753738,1692255489509,1692255489513,1693227753746,8,4,4
40282,1693227753746,1692255489517,1692255489520,1693227753753,7,3,4
40283,1693227753753,1692255489524,1692255489529,1693227753762,9,5,4
40284,1693227753762,1692255489533,1692255489535,1693227753768,6,2,4
40285,1693227753768,1692255489540,1692255489544,1693227753777,9,4,5
40286,1693227753777,1692255489548,1692255489551,1693227753784,7,3,4
40287,1693227753784,1692255489556,1692255489559,1693227753792,8,3,5
40288,1693227753792,1692255489563,1692255489567,1693227753801,9,4,5
40289,1693227753801,1692255489572,1692255489575,1693227753808,7,3,4
40290,1693227753808,1692255489580,1692255489583,1693227753816,8,3,5
40291,1693227753816,1692255489588,1692255489591,1693227753824,8,3,5
40292,1693227753824,1692255489595,1692255489598,1693227753831,7,3,4
40293,1693227753831,1692255489603,1692255489606,1693227753839,8,3,5
40294,1693227753839,1692255489610,1692255489613,1693227753846,7,3,4
40295,1693227753846,1692255489617,1692255489620,1693227753853,7,3,4
40296,1693227753853,1692255489625,1692255489629,1693227753862,9,4,5
40297,1693227753862,1692255489634,1692255489638,1693227753871,9,4,5
40298,1693227753871,1692255489643,1692255489645,1693227753879,8,2,6
40299,1693227753879,1692255489650,1692255489653,1693227753886,7,3,4
40300,1693227753886,1692255489657,1692255489661,1693227753894,8,4,4
40301,1693227753894,1692255489665,1692255489669,1693227753902,8,4,4
40302,1693227753902,1692255489673,1692255489677,1693227753910,8,4,4
40303,1693227753910,1692255489682,1692255489684,1693227753917,7,2,5
40304,1693227753917,1692255489689,1692255489692,1693227753925,8,3,5
40305,1693227753925,1692255489696,1692255489699,1693227753932,7,3,4
40306,1693227753932,1692255489703,1692255489707,1693227753940,8,4,4
40307,1693227753940,1692255489718,1692255489721,1693227753954,14,3,11
40308,1693227753954,1692255489726,1692255489729,1693227753962,8,3,5
40309,1693227753962,1692255489733,1692255489736,1693227753969,7,3,4
40310,1693227753969,1692255489740,1692255489744,1693227753977,8,4,4
40311,1693227753977,1692255489750,1692255489753,1693227753986,9,3,6
40312,1693227753986,1692255489761,1692255489765,1693227753998,12,4,8
40313,1693227753998,1692255489769,1692255489773,1693227754005,7,4,3
40314,1693227754005,1692255489777,1692255489780,1693227754013,8,3,5
40315,1693227754013,1692255489785,1692255489788,1693227754021,8,3,5
40316,1693227754022,1692255489793,1692255489796,1693227754029,7,3,4
40317,1693227754029,1692255489801,1692255489803,1693227754036,7,2,5
40318,1693227754036,1692255489808,1692255489811,1693227754044,8,3,5
40319,1693227754044,1692255489815,1692255489818,1693227754051,7,3,4
40320,1693227754051,1692255489822,1692255489829,1693227754062,11,7,4
40321,1693227754062,1692255489833,1692255489837,1693227754070,8,4,4
40322,1693227754070,1692255489841,1692255489844,1693227754077,7,3,4
40323,1693227754077,1692255489849,1692255489852,1693227754084,7,3,4
40324,1693227754084,1692255489856,1692255489859,1693227754092,8,3,5
40325,1693227754092,1692255489864,1692255489867,1693227754100,8,3,5
40326,1693227754100,1692255489871,1692255489874,1693227754110,10,3,7
40327,1693227754110,1692255489884,1692255489887,1693227754120,10,3,7
40328,1693227754120,1692255489892,1692255489895,1693227754128,8,3,5
40329,1693227754128,1692255489899,1692255489903,1693227754135,7,4,3
40330,1693227754135,1692255489906,1692255489909,1693227754142,7,3,4
40331,1693227754142,1692255489913,1692255489916,1693227754150,8,3,5
40332,1693227754150,1692255489921,1692255489924,1693227754157,7,3,4
40333,1693227754157,1692255489928,1692255489931,1693227754164,7,3,4
40334,1693227754164,1692255489936,1692255489940,1693227754173,9,4,5
40335,1693227754173,1692255489944,1692255489947,1693227754180,7,3,4
40336,1693227754180,1692255489954,1692255489957,1693227754189,9,3,6
40337,1693227754189,1692255489967,1692255489970,1693227754203,14,3,11
40338,1693227754203,1692255489975,1692255489978,1693227754211,8,3,5
40339,1693227754211,1692255489982,1692255489985,1693227754218,7,3,4
40340,1693227754218,1692255489989,1692255489991,1693227754224,6,2,4
40341,1693227754224,1692255489995,1692255489999,1693227754232,8,4,4
40342,1693227754232,1692255490003,1692255490007,1693227754240,8,4,4
40343,1693227754240,1692255490011,1692255490014,1693227754247,7,3,4
40344,1693227754247,1692255490018,1692255490020,1693227754253,6,2,4
40345,1693227754253,1692255490025,1692255490028,1693227754261,8,3,5
40346,1693227754261,1692255490034,1692255490037,1693227754270,9,3,6
40347,1693227754270,1692255490042,1692255490045,1693227754278,8,3,5
40348,1693227754278,1692255490050,1692255490053,1693227754287,9,3,6
40349,1693227754287,1692255490058,1692255490062,1693227754294,7,4,3
40350,1693227754294,1692255490066,1692255490069,1693227754302,8,3,5
40351,1693227754302,1692255490075,1692255490079,1693227754313,11,4,7
40352,1693227754313,1692255490084,1692255490088,1693227754321,8,4,4
40353,1693227754321,1692255490092,1692255490095,1693227754328,7,3,4
40354,1693227754328,1692255490099,1692255490103,1693227754335,7,4,3
40355,1693227754335,1692255490107,1692255490111,1693227754344,9,4,5
40356,1693227754344,1692255490116,1692255490119,1693227754352,8,3,5
40357,1693227754352,1692255490124,1692255490129,1693227754362,10,5,5
40358,1693227754362,1692255490133,1692255490137,1693227754370,8,4,4
40359,1693227754370,1692255490141,1692255490144,1693227754377,7,3,4
40360,1693227754377,1692255490148,1692255490152,1693227754385,8,4,4
40361,1693227754385,1692255490160,1692255490163,1693227754396,11,3,8
40362,1693227754396,1692255490170,1692255490173,1693227754407,11,3,8
40363,1693227754407,1692255490178,1692255490182,1693227754415,8,4,4
40364,1693227754415,1692255490186,1692255490189,1693227754422,7,3,4
40365,1693227754422,1692255490195,1692255490199,1693227754432,10,4,6
40366,1693227754432,1692255490203,1692255490206,1693227754439,7,3,4
40367,1693227754439,1692255490211,1692255490214,1693227754447,8,3,5
40368,1693227754447,1692255490219,1692255490222,1693227754454,7,3,4
40369,1693227754455,1692255490225,1692255490229,1693227754462,7,4,3
40370,1693227754462,1692255490234,1692255490237,1693227754470,8,3,5
40371,1693227754470,1692255490242,1692255490245,1693227754479,9,3,6
40372,1693227754479,1692255490250,1692255490254,1693227754487,8,4,4
40373,1693227754487,1692255490261,1692255490264,1693227754497,10,3,7
40374,1693227754497,1692255490269,1692255490272,1693227754505,8,3,5
40375,1693227754505,1692255490276,1692255490280,1693227754513,8,4,4
40376,1693227754513,1692255490285,1692255490287,1693227754521,8,2,6
40377,1693227754521,1692255490292,1692255490296,1693227754529,8,4,4
40378,1693227754529,1692255490300,1692255490304,1693227754537,8,4,4
40379,1693227754537,1692255490308,1692255490311,1693227754544,7,3,4
40380,1693227754545,1692255490316,1692255490320,1693227754553,8,4,4
40381,1693227754553,1692255490324,1692255490328,1693227754561,8,4,4
40382,1693227754561,1692255490333,1692255490336,1693227754569,8,3,5
40383,1693227754569,1692255490341,1692255490344,1693227754577,8,3,5
40384,1693227754577,1692255490348,1692255490352,1693227754585,8,4,4
40385,1693227754585,1692255490356,1692255490359,1693227754595,10,3,7
40386,1693227754595,1692255490367,1692255490370,1693227754603,8,3,5
40387,1693227754603,1692255490375,1692255490378,1693227754611,8,3,5
40388,1693227754611,1692255490383,1692255490386,1693227754620,9,3,6
40389,1693227754620,1692255490391,1692255490394,1693227754627,7,3,4
40390,1693227754627,1692255490398,1692255490401,1693227754634,7,3,4
40391,1693227754634,1692255490406,1692255490409,1693227754642,8,3,5
40392,1693227754642,1692255490414,1692255490418,1693227754651,9,4,5
40393,1693227754651,1692255490422,1692255490426,1693227754658,7,4,3
40394,1693227754658,1692255490430,1692255490434,1693227754667,9,4,5
40395,1693227754667,1692255490438,1692255490441,1693227754674,7,3,4
40396,1693227754674,1692255490445,1692255490448,1693227754681,7,3,4
40397,1693227754681,1692255490453,1692255490457,1693227754690,9,4,5
40398,1693227754690,1692255490461,1692255490464,1693227754697,7,3,4
40399,1693227754697,1692255490468,1692255490471,1693227754704,7,3,4
40400,1693227754704,1692255490476,1692255490479,1693227754712,8,3,5
40401,1693227754712,1692255490484,1692255490487,1693227754720,8,3,5
40402,1693227754720,1692255490492,1692255490495,1693227754728,8,3,5
40403,1693227754728,1692255490499,1692255490503,1693227754736,8,4,4
40404,1693227754736,1692255490507,1692255490511,1693227754744,8,4,4
40405,1693227754744,1692255490516,1692255490519,1693227754752,8,3,5
40406,1693227754752,1692255490523,1692255490527,1693227754760,8,4,4
40407,1693227754760,1692255490531,1692255490534,1693227754767,7,3,4
40408,1693227754767,1692255490540,1692255490543,1693227754776,9,3,6
40409,1693227754776,1692255490547,1692255490550,1693227754783,7,3,4
40410,1693227754783,1692255490555,1692255490559,1693227754791,8,4,4
40411,1693227754791,1692255490562,1692255490565,1693227754799,8,3,5
40412,1693227754800,1692255490571,1692255490574,1693227754808,8,3,5
40413,1693227754808,1692255490579,1692255490582,1693227754815,7,3,4
40414,1693227754816,1692255490587,1692255490590,1693227754823,7,3,4
40415,1693227754823,1692255490594,1692255490597,1693227754830,7,3,4
40416,1693227754830,1692255490602,1692255490605,1693227754838,8,3,5
40417,1693227754838,1692255490609,1692255490612,1693227754845,7,3,4
40418,1693227754845,1692255490616,1692255490620,1693227754853,8,4,4
40419,1693227754853,1692255490624,1692255490627,1693227754860,7,3,4
40420,1693227754860,1692255490631,1692255490635,1693227754868,8,4,4
40421,1693227754868,1692255490639,1692255490641,1693227754874,6,2,4
40422,1693227754874,1692255490645,1692255490649,1693227754882,8,4,4
40423,1693227754882,1692255490654,1692255490656,1693227754889,7,2,5
40424,1693227754889,1692255490661,1692255490664,1693227754897,8,3,5
40425,1693227754897,1692255490668,1692255490670,1693227754903,6,2,4
40426,1693227754903,1692255490674,1692255490677,1693227754910,7,3,4
40427,1693227754910,1692255490682,1692255490684,1693227754917,7,2,5
40428,1693227754917,1692255490689,1692255490693,1693227754926,9,4,5
40429,1693227754926,1692255490697,1692255490700,1693227754933,7,3,4
40430,1693227754933,1692255490705,1692255490708,1693227754941,8,3,5
40431,1693227754941,1692255490712,1692255490717,1693227754950,9,5,4
40432,1693227754950,1692255490721,1692255490726,1693227754959,9,5,4
40433,1693227754959,1692255490730,1692255490732,1693227754965,6,2,4
40434,1693227754965,1692255490737,1692255490739,1693227754972,7,2,5
40435,1693227754972,1692255490744,1692255490747,1693227754980,8,3,5
40436,1693227754980,1692255490752,1692255490756,1693227754988,8,4,4
40437,1693227754988,1692255490760,1692255490763,1693227754996,8,3,5
40438,1693227754997,1692255490768,1692255490772,1693227755005,8,4,4
40439,1693227755005,1692255490776,1692255490779,1693227755012,7,3,4
40440,1693227755012,1692255490785,1692255490788,1693227755021,9,3,6
40441,1693227755021,1692255490793,1692255490795,1693227755028,7,2,5
40442,1693227755028,1692255490799,1692255490805,1693227755038,10,6,4
40443,1693227755038,1692255490809,1692255490812,1693227755045,7,3,4
40444,1693227755045,1692255490817,1692255490821,1693227755054,9,4,5
40445,1693227755054,1692255490825,1692255490828,1693227755061,7,3,4
40446,1693227755061,1692255490833,1692255490839,1693227755071,10,6,4
40447,1693227755071,1692255490842,1692255490846,1693227755079,8,4,4
40448,1693227755079,1692255490851,1692255490854,1693227755086,7,3,4
40449,1693227755087,1692255490858,1692255490861,1693227755094,7,3,4
40450,1693227755095,1692255490866,1692255490869,1693227755102,7,3,4
40451,1693227755102,1692255490876,1692255490879,1693227755117,15,3,12
40452,1693227755117,1692255490888,1692255490891,1693227755124,7,3,4
40453,1693227755124,1692255490895,1692255490898,1693227755131,7,3,4
40454,1693227755132,1692255490903,1692255490906,1693227755139,7,3,4
40455,1693227755139,1692255490910,1692255490913,1693227755146,7,3,4
40456,1693227755146,1692255490918,1692255490921,1693227755154,8,3,5
40457,1693227755154,1692255490925,1692255490928,1693227755161,7,3,4
40458,1693227755161,1692255490932,1692255490935,1693227755168,7,3,4
40459,1693227755168,1692255490940,1692255490943,1693227755176,8,3,5
40460,1693227755176,1692255490947,1692255490951,1693227755184,8,4,4
40461,1693227755184,1692255490956,1692255490960,1693227755193,9,4,5
40462,1693227755193,1692255490965,1692255490968,1693227755200,7,3,4
40463,1693227755200,1692255490971,1692255490974,1693227755209,9,3,6
40464,1693227755209,1692255490980,1692255490984,1693227755217,8,4,4
40465,1693227755217,1692255490995,1692255491000,1693227755234,17,5,12
40466,1693227755234,1692255491006,1692255491010,1693227755243,9,4,5
40467,1693227755243,1692255491014,1692255491017,1693227755250,7,3,4
40468,1693227755250,1692255491022,1692255491025,1693227755258,8,3,5
40469,1693227755258,1692255491030,1692255491033,1693227755266,8,3,5
40470,1693227755266,1692255491044,1692255491047,1693227755279,13,3,10
40471,1693227755279,1692255491051,1692255491054,1693227755287,8,3,5
40472,1693227755287,1692255491058,1692255491062,1693227755295,8,4,4
40473,1693227755295,1692255491067,1692255491070,1693227755303,8,3,5
40474,1693227755303,1692255491074,1692255491078,1693227755311,8,4,4
40475,1693227755311,1692255491083,1692255491086,1693227755319,8,3,5
40476,1693227755319,1692255491090,1692255491093,1693227755326,7,3,4
40477,1693227755326,1692255491098,1692255491101,1693227755334,8,3,5
40478,1693227755334,1692255491106,1692255491109,1693227755342,8,3,5
40479,1693227755342,1692255491114,1692255491117,1693227755350,8,3,5
40480,1693227755350,1692255491121,1692255491124,1693227755357,7,3,4
40481,1693227755357,1692255491128,1692255491132,1693227755365,8,4,4
40482,1693227755365,1692255491137,1692255491140,1693227755373,8,3,5
40483,1693227755373,1692255491144,1692255491147,1693227755380,7,3,4
40484,1693227755380,1692255491150,1692255491154,1693227755387,7,4,3
40485,1693227755387,1692255491159,1692255491164,1693227755397,10,5,5
40486,1693227755397,1692255491168,1692255491171,1693227755404,7,3,4
40487,1693227755404,1692255491175,1692255491179,1693227755415,11,4,7
40488,1693227755415,1692255491190,1692255491193,1693227755426,11,3,8
40489,1693227755426,1692255491197,1692255491200,1693227755434,8,3,5
40490,1693227755434,1692255491205,1692255491208,1693227755441,7,3,4
40491,1693227755441,1692255491213,1692255491216,1693227755449,8,3,5
40492,1693227755449,1692255491221,1692255491224,1693227755456,7,3,4
40493,1693227755456,1692255491227,1692255491230,1693227755463,7,3,4
40494,1693227755463,1692255491235,1692255491238,1693227755471,8,3,5
40495,1693227755471,1692255491243,1692255491246,1693227755479,8,3,5
40496,1693227755479,1692255491250,1692255491254,1693227755487,8,4,4
40497,1693227755487,1692255491258,1692255491262,1693227755497,10,4,6
40498,1693227755497,1692255491268,1692255491271,1693227755504,7,3,4
40499,1693227755504,1692255491275,1692255491278,1693227755512,8,3,5
40500,1693227755512,1692255491285,1692255491289,1693227755521,9,4,5
40501,1693227755522,1692255491293,1692255491297,1693227755530,8,4,4
40502,1693227755530,1692255491301,1692255491305,1693227755538,8,4,4
40503,1693227755538,1692255491309,1692255491312,1693227755545,7,3,4
40504,1693227755545,1692255491316,1692255491319,1693227755552,7,3,4
40505,1693227755552,1692255491324,1692255491327,1693227755560,8,3,5
40506,1693227755560,1692255491332,1692255491334,1693227755568,8,2,6
40507,1693227755568,1692255491340,1692255491344,1693227755578,10,4,6
40508,1693227755578,1692255491349,1692255491352,1693227755585,7,3,4
40509,1693227755585,1692255491356,1692255491361,1693227755594,9,5,4
40510,1693227755594,1692255491365,1692255491368,1693227755603,9,3,6
40511,1693227755603,1692255491377,1692255491381,1693227755614,11,4,7
40512,1693227755614,1692255491385,1692255491389,1693227755621,7,4,3
40513,1693227755621,1692255491393,1692255491396,1693227755629,8,3,5
40514,1693227755629,1692255491401,1692255491404,1693227755637,8,3,5
40515,1693227755637,1692255491408,1692255491411,1693227755644,7,3,4
40516,1693227755644,1692255491416,1692255491420,1693227755653,9,4,5
40517,1693227755653,1692255491424,1692255491427,1693227755660,7,3,4
40518,1693227755660,1692255491432,1692255491435,1693227755668,8,3,5
40519,1693227755668,1692255491440,1692255491443,1693227755676,8,3,5
40520,1693227755676,1692255491448,1692255491451,1693227755684,8,3,5
40521,1693227755684,1692255491455,1692255491458,1693227755691,7,3,4
40522,1693227755691,1692255491463,1692255491466,1693227755699,8,3,5
40523,1693227755699,1692255491472,1692255491475,1693227755709,10,3,7
40524,1693227755709,1692255491484,1692255491487,1693227755721,12,3,9
40525,1693227755721,1692255491498,1692255491501,1693227755734,13,3,10
40526,1693227755734,1692255491506,1692255491510,1693227755743,9,4,5
40527,1693227755743,1692255491517,1692255491520,1693227755753,10,3,7
40528,1693227755753,1692255491526,1692255491528,1693227755761,8,2,6
40529,1693227755762,1692255491533,1692255491536,1693227755769,7,3,4
40530,1693227755769,1692255491541,1692255491544,1693227755776,7,3,4
40531,1693227755777,1692255491547,1692255491550,1693227755783,6,3,3
40532,1693227755783,1692255491554,1692255491557,1693227755790,7,3,4
40533,1693227755790,1692255491562,1692255491565,1693227755798,8,3,5
40534,1693227755798,1692255491569,1692255491572,1693227755805,7,3,4
40535,1693227755805,1692255491577,1692255491580,1693227755813,8,3,5
40536,1693227755813,1692255491585,1692255491588,1693227755823,10,3,7
40537,1693227755823,1692255491594,1692255491598,1693227755831,8,4,4
40538,1693227755831,1692255491603,1692255491608,1693227755841,10,5,5
40539,1693227755841,1692255491612,1692255491615,1693227755849,8,3,5
40540,1693227755849,1692255491620,1692255491623,1693227755856,7,3,4
40541,1693227755856,1692255491627,1692255491630,1693227755863,7,3,4
40542,1693227755863,1692255491634,1692255491637,1693227755870,7,3,4
40543,1693227755870,1692255491642,1692255491645,1693227755878,8,3,5
40544,1693227755879,1692255491650,1692255491652,1693227755885,6,2,4
40545,1693227755885,1692255491657,1692255491660,1693227755893,8,3,5
40546,1693227755893,1692255491664,1692255491667,1693227755900,7,3,4
40547,1693227755900,1692255491671,1692255491674,1693227755907,7,3,4
40548,1693227755907,1692255491678,1692255491682,1693227755915,8,4,4
40549,1693227755915,1692255491687,1692255491689,1693227755922,7,2,5
40550,1693227755922,1692255491695,1692255491699,1693227755932,10,4,6
40551,1693227755932,1692255491703,1692255491707,1693227755940,8,4,4
40552,1693227755940,1692255491712,1692255491715,1693227755948,8,3,5
40553,1693227755948,1692255491720,1692255491723,1693227755956,8,3,5
40554,1693227755956,1692255491727,1692255491730,1693227755963,7,3,4
40555,1693227755963,1692255491735,1692255491738,1693227755971,8,3,5
40556,1693227755971,1692255491742,1692255491746,1693227755979,8,4,4
40557,1693227755979,1692255491750,1692255491753,1693227755986,7,3,4
40558,1693227755986,1692255491759,1692255491762,1693227755995,9,3,6
40559,1693227755995,1692255491768,1692255491771,1693227756004,9,3,6
40560,1693227756004,1692255491776,1692255491780,1693227756013,9,4,5
40561,1693227756013,1692255491784,1692255491788,1693227756020,7,4,3
40562,1693227756021,1692255491792,1692255491795,1693227756028,7,3,4
40563,1693227756028,1692255491799,1692255491802,1693227756035,7,3,4
40564,1693227756035,1692255491806,1692255491810,1693227756043,8,4,4
40565,1693227756043,1692255491814,1692255491817,1693227756051,8,3,5
40566,1693227756051,1692255491822,1692255491825,1693227756058,7,3,4
40567,1693227756058,1692255491829,1692255491832,1693227756064,6,3,3
40568,1693227756064,1692255491835,1692255491839,1693227756072,8,4,4
40569,1693227756072,1692255491843,1692255491846,1693227756079,7,3,4
40570,1693227756079,1692255491850,1692255491853,1693227756086,7,3,4
40571,1693227756086,1692255491858,1692255491861,1693227756094,8,3,5
40572,1693227756094,1692255491867,1692255491871,1693227756104,10,4,6
40573,1693227756104,1692255491876,1692255491879,1693227756112,8,3,5
40574,1693227756112,1692255491884,1692255491886,1693227756122,10,2,8
40575,1693227756123,1692255491894,1692255491898,1693227756132,9,4,5
40576,1693227756132,1692255491903,1692255491907,1693227756139,7,4,3
40577,1693227756139,1692255491911,1692255491914,1693227756148,9,3,6
40578,1693227756148,1692255491919,1692255491923,1693227756156,8,4,4
40579,1693227756156,1692255491927,1692255491930,1693227756163,7,3,4
40580,1693227756163,1692255491934,1692255491938,1693227756171,8,4,4
40581,1693227756171,1692255491943,1692255491946,1693227756179,8,3,5
40582,1693227756179,1692255491950,1692255491953,1693227756186,7,3,4
40583,1693227756186,1692255491957,1692255491961,1693227756194,8,4,4
40584,1693227756194,1692255491966,1692255491969,1693227756202,8,3,5
40585,1693227756202,1692255491973,1692255491977,1693227756210,8,4,4
40586,1693227756210,1692255491981,1692255491985,1693227756218,8,4,4
40587,1693227756218,1692255491989,1692255491991,1693227756224,6,2,4
40588,1693227756224,1692255491995,1692255491998,1693227756233,9,3,6
40589,1693227756233,1692255492005,1692255492009,1693227756242,9,4,5
40590,1693227756242,1692255492014,1692255492016,1693227756250,8,2,6
40591,1693227756250,1692255492021,1692255492024,1693227756257,7,3,4
40592,1693227756257,1692255492029,1692255492032,1693227756266,9,3,6
40593,1693227756266,1692255492037,1692255492040,1693227756273,7,3,4
40594,1693227756273,1692255492044,1692255492047,1693227756280,7,3,4
40595,1693227756280,1692255492051,1692255492054,1693227756288,8,3,5
40596,1693227756288,1692255492059,1692255492063,1693227756296,8,4,4
40597,1693227756296,1692255492067,1692255492069,1693227756302,6,2,4
40598,1693227756302,1692255492073,1692255492077,1693227756310,8,4,4
40599,1693227756310,1692255492081,1692255492084,1693227756317,7,3,4
40600,1693227756318,1692255492092,1692255492095,1693227756328,10,3,7
40601,1693227756328,1692255492100,1692255492103,1693227756336,8,3,5
40602,1693227756337,1692255492108,1692255492111,1693227756343,6,3,3
40603,1693227756344,1692255492114,1692255492118,1693227756351,7,4,3
40604,1693227756351,1692255492123,1692255492126,1693227756359,8,3,5
40605,1693227756359,1692255492130,1692255492133,1693227756366,7,3,4
40606,1693227756366,1692255492138,1692255492141,1693227756374,8,3,5
40607,1693227756374,1692255492146,1692255492149,1693227756382,8,3,5
40608,1693227756382,1692255492153,1692255492157,1693227756390,8,4,4
40609,1693227756390,1692255492161,1692255492164,1693227756397,7,3,4
40610,1693227756397,1692255492168,1692255492171,1693227756404,7,3,4
40611,1693227756404,1692255492176,1692255492179,1693227756412,8,3,5
40612,1693227756412,1692255492184,1692255492189,1693227756421,9,5,4
40613,1693227756421,1692255492193,1692255492197,1693227756430,9,4,5
40614,1693227756430,1692255492202,1692255492205,1693227756439,9,3,6
40615,1693227756439,1692255492210,1692255492213,1693227756446,7,3,4
40616,1693227756446,1692255492218,1692255492221,1693227756454,8,3,5
40617,1693227756454,1692255492225,1692255492228,1693227756461,7,3,4
40618,1693227756461,1692255492232,1692255492235,1693227756468,7,3,4
40619,1693227756468,1692255492240,1692255492243,1693227756476,8,3,5
40620,1693227756476,1692255492247,1692255492252,1693227756485,9,5,4
40621,1693227756485,1692255492256,1692255492259,1693227756492,7,3,4
40622,1693227756492,1692255492263,1692255492267,1693227756499,7,4,3
40623,1693227756500,1692255492271,1692255492274,1693227756508,8,3,5
40624,1693227756508,1692255492279,1692255492282,1693227756515,7,3,4
40625,1693227756516,1692255492289,1692255492292,1693227756525,9,3,6
40626,1693227756525,1692255492297,1692255492300,1693227756533,8,3,5
40627,1693227756533,1692255492305,1692255492308,1693227756540,7,3,4
40628,1693227756540,1692255492311,1692255492315,1693227756548,8,4,4
40629,1693227756548,1692255492320,1692255492323,1693227756556,8,3,5
40630,1693227756556,1692255492327,1692255492330,1693227756563,7,3,4
40631,1693227756563,1692255492335,1692255492338,1693227756572,9,3,6
40632,1693227756572,1692255492345,1692255492348,1693227756581,9,3,6
40633,1693227756581,1692255492353,1692255492356,1693227756589,8,3,5
40634,1693227756589,1692255492360,1692255492364,1693227756597,8,4,4
40635,1693227756597,1692255492369,1692255492371,1693227756604,7,2,5
40636,1693227756604,1692255492376,1692255492379,1693227756612,8,3,5
40637,1693227756612,1692255492383,1692255492386,1693227756619,7,3,4
40638,1693227756619,1692255492391,1692255492394,1693227756626,7,3,4
40639,1693227756626,1692255492398,1692255492401,1693227756634,8,3,5
40640,1693227756634,1692255492406,1692255492409,1693227756643,9,3,6
40641,1693227756643,1692255492414,1692255492417,1693227756651,8,3,5
40642,1693227756651,1692255492423,1692255492427,1693227756660,9,4,5
40643,1693227756660,1692255492432,1692255492435,1693227756669,9,3,6
40644,1693227756669,1692255492440,1692255492443,1693227756676,7,3,4
40645,1693227756676,1692255492447,1692255492450,1693227756683,7,3,4
40646,1693227756683,1692255492455,1692255492459,1693227756692,9,4,5
40647,1693227756692,1692255492463,1692255492467,1693227756700,8,4,4
40648,1693227756700,1692255492472,1692255492476,1693227756708,8,4,4
40649,1693227756708,1692255492480,1692255492484,1693227756718,10,4,6
40650,1693227756718,1692255492490,1692255492494,1693227756727,9,4,5
40651,1693227756727,1692255492499,1692255492503,1693227756736,9,4,5
40652,1693227756736,1692255492516,1692255492519,1693227756752,16,3,13
40653,1693227756752,1692255492523,1692255492527,1693227756760,8,4,4
40654,1693227756760,1692255492532,1692255492535,1693227756768,8,3,5
40655,1693227756768,1692255492541,1692255492544,1693227756777,9,3,6
40656,1693227756777,1692255492548,1692255492551,1693227756784,7,3,4
40657,1693227756784,1692255492556,1692255492559,1693227756792,8,3,5
40658,1693227756792,1692255492564,1692255492567,1693227756800,8,3,5
40659,1693227756800,1692255492571,1692255492575,1693227756808,8,4,4
40660,1693227756808,1692255492580,1692255492583,1693227756816,8,3,5
40661,1693227756816,1692255492588,1692255492592,1693227756825,9,4,5
40662,1693227756825,1692255492596,1692255492599,1693227756832,7,3,4
40663,1693227756832,1692255492603,1692255492607,1693227756840,8,4,4
40664,1693227756840,1692255492611,1692255492614,1693227756847,7,3,4
40665,1693227756847,1692255492619,1692255492622,1693227756855,8,3,5
40666,1693227756855,1692255492627,1692255492630,1693227756863,8,3,5
40667,1693227756863,1692255492635,1692255492637,1693227756870,7,2,5
40668,1693227756870,1692255492644,1692255492647,1693227756880,10,3,7
40669,1693227756880,1692255492653,1692255492656,1693227756889,9,3,6
40670,1693227756889,1692255492661,1692255492665,1693227756898,9,4,5
40671,1693227756898,1692255492669,1692255492673,1693227756906,8,4,4
40672,1693227756906,1692255492678,1692255492681,1693227756915,9,3,6
40673,1693227756915,1692255492686,1692255492689,1693227756922,7,3,4
40674,1693227756922,1692255492693,1692255492696,1693227756929,7,3,4
40675,1693227756929,1692255492700,1692255492703,1693227756936,7,3,4
40676,1693227756936,1692255492707,1692255492710,1693227756943,7,3,4
40677,1693227756943,1692255492714,1692255492718,1693227756951,8,4,4
40678,1693227756951,1692255492722,1692255492725,1693227756957,6,3,3
40679,1693227756957,1692255492728,1692255492732,1693227756965,8,4,4
40680,1693227756965,1692255492736,1692255492739,1693227756972,7,3,4
40681,1693227756972,1692255492744,1692255492747,1693227756980,8,3,5
40682,1693227756980,1692255492751,1692255492755,1693227756988,8,4,4
40683,1693227756988,1692255492760,1692255492763,1693227756996,8,3,5
40684,1693227756996,1692255492767,1692255492770,1693227757003,7,3,4
40685,1693227757003,1692255492774,1692255492778,1693227757011,8,4,4
40686,1693227757011,1692255492782,1692255492786,1693227757019,8,4,4
40687,1693227757019,1692255492791,1692255492794,1693227757027,8,3,5
40688,1693227757027,1692255492799,1692255492803,1693227757035,8,4,4
40689,1693227757035,1692255492807,1692255492811,1693227757043,8,4,4
40690,1693227757044,1692255492815,1692255492819,1693227757052,8,4,4
40691,1693227757052,1692255492824,1692255492826,1693227757059,7,2,5
40692,1693227757059,1692255492831,1692255492834,1693227757067,8,3,5
40693,1693227757067,1692255492839,1692255492842,1693227757074,7,3,4
40694,1693227757075,1692255492846,1692255492848,1693227757081,6,2,4
40695,1693227757081,1692255492855,1692255492859,1693227757092,11,4,7
40696,1693227757092,1692255492863,1692255492866,1693227757099,7,3,4
40697,1693227757099,1692255492871,1692255492874,1693227757107,8,3,5
40698,1693227757107,1692255492878,1692255492881,1693227757114,7,3,4
40699,1693227757114,1692255492886,1692255492889,1693227757122,8,3,5
40700,1693227757122,1692255492897,1692255492900,1693227757133,11,3,8
40701,1693227757133,1692255492905,1692255492908,1693227757140,7,3,4
40702,1693227757140,1692255492911,1692255492915,1693227757148,8,4,4
40703,1693227757148,1692255492920,1692255492923,1693227757156,8,3,5
40704,1693227757156,1692255492928,1692255492931,1693227757164,8,3,5
40705,1693227757164,1692255492936,1692255492939,1693227757172,8,3,5
40706,1693227757172,1692255492943,1692255492946,1693227757182,10,3,7
40707,1693227757182,1692255492954,1692255492957,1693227757190,8,3,5
40708,1693227757190,1692255492962,1692255492965,1693227757198,8,3,5
40709,1693227757198,1692255492969,1692255492972,1693227757205,7,3,4
40710,1693227757205,1692255492976,1692255492980,1693227757212,7,4,3
40711,1693227757212,1692255492983,1692255492986,1693227757219,7,3,4
40712,1693227757219,1692255492991,1692255492995,1693227757228,9,4,5
40713,1693227757228,1692255493001,1692255493005,1693227757238,10,4,6
40714,1693227757238,1692255493009,1692255493012,1693227757245,7,3,4
40715,1693227757245,1692255493016,1692255493019,1693227757252,7,3,4
40716,1693227757252,1692255493026,1692255493029,1693227757262,10,3,7
40717,1693227757262,1692255493034,1692255493037,1693227757270,8,3,5
40718,1693227757270,1692255493042,1692255493045,1693227757278,8,3,5
40719,1693227757278,1692255493049,1692255493052,1693227757285,7,3,4
40720,1693227757285,1692255493057,1692255493061,1693227757294,9,4,5
40721,1693227757294,1692255493065,1692255493069,1693227757302,8,4,4
40722,1693227757302,1692255493074,1692255493078,1693227757311,9,4,5
40723,1693227757311,1692255493082,1692255493086,1693227757319,8,4,4
40724,1693227757319,1692255493090,1692255493094,1693227757327,8,4,4
40725,1693227757327,1692255493098,1692255493102,1693227757335,8,4,4
40726,1693227757335,1692255493109,1692255493112,1693227757346,11,3,8
40727,1693227757346,1692255493117,1692255493121,1693227757354,8,4,4
40728,1693227757354,1692255493129,1692255493132,1693227757366,12,3,9
40729,1693227757366,1692255493138,1692255493141,1693227757374,8,3,5
40730,1693227757375,1692255493146,1692255493150,1693227757384,9,4,5
40731,1693227757384,1692255493155,1692255493159,1693227757392,8,4,4
40732,1693227757392,1692255493165,1692255493168,1693227757401,9,3,6
40733,1693227757401,1692255493172,1692255493175,1693227757411,10,3,7
40734,1693227757411,1692255493182,1692255493185,1693227757418,7,3,4
40735,1693227757418,1692255493190,1692255493194,1693227757427,9,4,5
40736,1693227757427,1692255493199,1692255493201,1693227757435,8,2,6
40737,1693227757435,1692255493206,1692255493210,1693227757443,8,4,4
40738,1693227757443,1692255493214,1692255493217,1693227757450,7,3,4
40739,1693227757450,1692255493222,1692255493224,1693227757457,7,2,5
40740,1693227757457,1692255493228,1692255493232,1693227757465,8,4,4
40741,1693227757465,1692255493236,1692255493240,1693227757473,8,4,4
40742,1693227757473,1692255493245,1692255493248,1693227757482,9,3,6
40743,1693227757482,1692255493253,1692255493257,1693227757491,9,4,5
40744,1693227757491,1692255493263,1692255493266,1693227757499,8,3,5
40745,1693227757499,1692255493271,1692255493274,1693227757507,8,3,5
40746,1693227757507,1692255493278,1692255493281,1693227757514,7,3,4
40747,1693227757514,1692255493285,1692255493289,1693227757522,8,4,4
40748,1693227757522,1692255493293,1692255493296,1693227757529,7,3,4
40749,1693227757529,1692255493300,1692255493303,1693227757536,7,3,4
40750,1693227757536,1692255493308,1692255493311,1693227757544,8,3,5
40751,1693227757544,1692255493315,1692255493318,1693227757551,7,3,4
40752,1693227757551,1692255493323,1692255493327,1693227757560,9,4,5
40753,1693227757560,1692255493333,1692255493337,1693227757569,9,4,5
40754,1693227757569,1692255493340,1692255493344,1693227757577,8,4,4
40755,1693227757577,1692255493348,1692255493352,1693227757585,8,4,4
40756,1693227757585,1692255493356,1692255493359,1693227757592,7,3,4
40757,1693227757592,1692255493364,1692255493367,1693227757600,8,3,5
40758,1693227757600,1692255493372,1692255493375,1693227757608,8,3,5
40759,1693227757608,1692255493379,1692255493384,1693227757617,9,5,4
40760,1693227757617,1692255493389,1692255493392,1693227757625,8,3,5
40761,1693227757625,1692255493396,1692255493399,1693227757632,7,3,4
40762,1693227757632,1692255493403,1692255493407,1693227757640,8,4,4
40763,1693227757640,1692255493412,1692255493415,1693227757648,8,3,5
40764,1693227757648,1692255493421,1692255493425,1693227757657,9,4,5
40765,1693227757657,1692255493428,1692255493432,1693227757667,10,4,6
40766,1693227757667,1692255493438,1692255493442,1693227757675,8,4,4
40767,1693227757675,1692255493446,1692255493449,1693227757682,7,3,4
40768,1693227757682,1692255493454,1692255493457,1693227757690,8,3,5
40769,1693227757690,1692255493462,1692255493465,1693227757698,8,3,5
40770,1693227757698,1692255493469,1692255493472,1693227757705,7,3,4
40771,1693227757705,1692255493476,1692255493479,1693227757712,7,3,4
40772,1693227757712,1692255493483,1692255493487,1693227757719,7,4,3
40773,1693227757719,1692255493490,1692255493494,1693227757726,7,4,3
40774,1693227757726,1692255493497,1692255493500,1693227757733,7,3,4
40775,1693227757733,1692255493504,1692255493509,1693227757741,8,5,3
40776,1693227757741,1692255493512,1692255493515,1693227757748,7,3,4
40777,1693227757748,1692255493519,1692255493523,1693227757756,8,4,4
40778,1693227757756,1692255493527,1692255493530,1693227757763,7,3,4
40779,1693227757763,1692255493535,1692255493538,1693227757771,8,3,5
40780,1693227757771,1692255493542,1692255493545,1693227757778,7,3,4
40781,1693227757778,1692255493549,1692255493553,1693227757786,8,4,4
40782,1693227757786,1692255493567,1692255493571,1693227757804,18,4,14
40783,1693227757804,1692255493575,1692255493579,1693227757812,8,4,4
40784,1693227757812,1692255493589,1692255493593,1693227757826,14,4,10
40785,1693227757826,1692255493598,1692255493601,1693227757834,8,3,5
40786,1693227757834,1692255493605,1692255493608,1693227757841,7,3,4
40787,1693227757841,1692255493612,1692255493615,1693227757848,7,3,4
40788,1693227757848,1692255493620,1692255493623,1693227757856,8,3,5
40789,1693227757856,1692255493627,1692255493630,1693227757863,7,3,4
40790,1693227757863,1692255493634,1692255493637,1693227757871,8,3,5
40791,1693227757871,1692255493643,1692255493646,1693227757879,8,3,5
40792,1693227757879,1692255493651,1692255493653,1693227757886,7,2,5
40793,1693227757886,1692255493658,1692255493661,1693227757894,8,3,5
40794,1693227757894,1692255493666,1692255493669,1693227757902,8,3,5
40795,1693227757902,1692255493673,1692255493675,1693227757908,6,2,4
40796,1693227757908,1692255493680,1692255493685,1693227757917,9,5,4
40797,1693227757917,1692255493688,1692255493691,1693227757924,7,3,4
40798,1693227757924,1692255493697,1692255493700,1693227757933,9,3,6
40799,1693227757933,1692255493705,1692255493708,1693227757940,7,3,4
40800,1693227757941,1692255493711,1692255493715,1693227757947,6,4,2
40801,1693227757947,1692255493718,1692255493722,1693227757955,8,4,4
40802,1693227757955,1692255493726,1692255493729,1693227757967,12,3,9
40803,1693227757967,1692255493738,1692255493742,1693227757976,9,4,5
40804,1693227757976,1692255493747,1692255493749,1693227757982,6,2,4
40805,1693227757982,1692255493753,1692255493756,1693227757990,8,3,5
40806,1693227757990,1692255493762,1692255493765,1693227758001,11,3,8
40807,1693227758001,1692255493772,1692255493775,1693227758009,8,3,5
40808,1693227758009,1692255493781,1692255493784,1693227758017,8,3,5
40809,1693227758017,1692255493788,1692255493791,1693227758024,7,3,4
40810,1693227758025,1692255493796,1692255493799,1693227758031,6,3,3
40811,1693227758031,1692255493802,1692255493806,1693227758039,8,4,4
40812,1693227758039,1692255493811,1692255493815,1693227758048,9,4,5
40813,1693227758048,1692255493820,1692255493824,1693227758057,9,4,5
40814,1693227758057,1692255493828,1692255493831,1693227758064,7,3,4
40815,1693227758064,1692255493835,1692255493838,1693227758071,7,3,4
40816,1693227758071,1692255493845,1692255493849,1693227758082,11,4,7
40817,1693227758082,1692255493853,1692255493856,1693227758089,7,3,4
40818,1693227758089,1692255493860,1692255493863,1693227758096,7,3,4
40819,1693227758097,1692255493868,1692255493871,1693227758103,6,3,3
40820,1693227758103,1692255493874,1692255493878,1693227758111,8,4,4
40821,1693227758111,1692255493882,1692255493886,1693227758119,8,4,4
40822,1693227758119,1692255493890,1692255493894,1693227758127,8,4,4
40823,1693227758127,1692255493898,1692255493902,1693227758135,8,4,4
40824,1693227758135,1692255493906,1692255493910,1693227758142,7,4,3
40825,1693227758142,1692255493916,1692255493919,1693227758152,10,3,7
40826,1693227758152,1692255493924,1692255493927,1693227758160,8,3,5
40827,1693227758160,1692255493932,1692255493935,1693227758168,8,3,5
40828,1693227758169,1692255493940,1692255493943,1693227758176,7,3,4
40829,1693227758176,1692255493948,1692255493952,1693227758185,9,4,5
40830,1693227758185,1692255493956,1692255493959,1693227758192,7,3,4
40831,1693227758192,1692255493963,1692255493966,1693227758199,7,3,4
40832,1693227758199,1692255493972,1692255493976,1693227758209,10,4,6
40833,1693227758209,1692255493980,1692255493984,1693227758217,8,4,4
40834,1693227758217,1692255493989,1692255493992,1693227758224,7,3,4
40835,1693227758224,1692255493995,1692255493999,1693227758232,8,4,4
40836,1693227758232,1692255494003,1692255494007,1693227758240,8,4,4
40837,1693227758240,1692255494011,1692255494014,1693227758247,7,3,4
40838,1693227758247,1692255494018,1692255494022,1693227758255,8,4,4
40839,1693227758255,1692255494027,1692255494031,1693227758263,8,4,4
40840,1693227758263,1692255494034,1692255494037,1693227758270,7,3,4
40841,1693227758270,1692255494042,1692255494044,1693227758277,7,2,5
40842,1693227758277,1692255494050,1692255494053,1693227758286,9,3,6
40843,1693227758286,1692255494058,1692255494061,1693227758294,8,3,5
40844,1693227758294,1692255494066,1692255494069,1693227758302,8,3,5
40845,1693227758302,1692255494074,1692255494076,1693227758309,7,2,5
40846,1693227758309,1692255494080,1692255494083,1693227758316,7,3,4
40847,1693227758316,1692255494087,1692255494090,1693227758324,8,3,5
40848,1693227758324,1692255494095,1692255494098,1693227758331,7,3,4
40849,1693227758331,1692255494102,1692255494106,1693227758339,8,4,4
40850,1693227758339,1692255494110,1692255494113,1693227758346,7,3,4
40851,1693227758346,1692255494117,1692255494121,1693227758354,8,4,4
40852,1693227758354,1692255494126,1692255494129,1693227758362,8,3,5
40853,1693227758362,1692255494134,1692255494137,1693227758370,8,3,5
40854,1693227758371,1692255494142,1692255494145,1693227758378,7,3,4
40855,1693227758378,1692255494152,1692255494155,1693227758388,10,3,7
40856,1693227758388,1692255494159,1692255494162,1693227758395,7,3,4
40857,1693227758395,1692255494167,1692255494170,1693227758403,8,3,5
40858,1693227758403,1692255494174,1692255494178,1693227758411,8,4,4
40859,1693227758411,1692255494182,1692255494185,1693227758418,7,3,4
40860,1693227758418,1692255494190,1692255494193,1693227758426,8,3,5
40861,1693227758427,1692255494197,1692255494200,1693227758433,6,3,3
40862,1693227758433,1692255494204,1692255494208,1693227758440,7,4,3
40863,1693227758440,1692255494211,1692255494215,1693227758448,8,4,4
40864,1693227758448,1692255494219,1692255494222,1693227758455,7,3,4
40865,1693227758455,1692255494227,1692255494230,1693227758463,8,3,5
40866,1693227758463,1692255494234,1692255494238,1693227758471,8,4,4
40867,1693227758471,1692255494242,1692255494245,1693227758478,7,3,4
40868,1693227758478,1692255494250,1692255494254,1693227758487,9,4,5
40869,1693227758487,1692255494258,1692255494262,1693227758495,8,4,4
40870,1693227758495,1692255494267,1692255494272,1693227758505,10,5,5
40871,1693227758505,1692255494276,1692255494280,1693227758512,7,4,3
40872,1693227758513,1692255494285,1692255494288,1693227758521,8,3,5
40873,1693227758521,1692255494292,1692255494295,1693227758528,7,3,4
40874,1693227758528,1692255494300,1692255494304,1693227758537,9,4,5
40875,1693227758537,1692255494308,1692255494311,1693227758544,7,3,4
40876,1693227758544,1692255494315,1692255494319,1693227758552,8,4,4
40877,1693227758552,1692255494323,1692255494327,1693227758560,8,4,4
40878,1693227758560,1692255494332,1692255494336,1693227758569,9,4,5
40879,1693227758569,1692255494340,1692255494344,1693227758577,8,4,4
40880,1693227758577,1692255494348,1692255494352,1693227758585,8,4,4
40881,1693227758585,1692255494358,1692255494361,1693227758594,9,3,6
40882,1693227758594,1692255494365,1692255494368,1693227758601,7,3,4
40883,1693227758601,1692255494376,1692255494378,1693227758611,10,2,8
40884,1693227758612,1692255494383,1692255494386,1693227758619,7,3,4
40885,1693227758619,1692255494391,1692255494394,1693227758627,8,3,5
40886,1693227758627,1692255494398,1692255494401,1693227758634,7,3,4
40887,1693227758634,1692255494405,1692255494408,1693227758641,7,3,4
40888,1693227758641,1692255494413,1692255494416,1693227758649,8,3,5
40889,1693227758649,1692255494420,1692255494423,1693227758656,7,3,4
40890,1693227758656,1692255494427,1692255494430,1693227758663,7,3,4
40891,1693227758663,1692255494435,1692255494439,1693227758671,8,4,4
40892,1693227758671,1692255494442,1692255494445,1693227758678,7,3,4
40893,1693227758678,1692255494449,1692255494453,1693227758686,8,4,4
40894,1693227758686,1692255494460,1692255494463,1693227758696,10,3,7
40895,1693227758696,1692255494468,1692255494471,1693227758704,8,3,5
40896,1693227758704,1692255494475,1692255494478,1693227758711,7,3,4
40897,1693227758711,1692255494482,1692255494486,1693227758719,8,4,4
40898,1693227758719,1692255494491,1692255494493,1693227758726,7,2,5
40899,1693227758726,1692255494498,1692255494500,1693227758733,7,2,5
40900,1693227758733,1692255494504,1692255494507,1693227758740,7,3,4
40901,1693227758740,1692255494512,1692255494515,1693227758748,8,3,5
40902,1693227758748,1692255494519,1692255494522,1693227758755,7,3,4
40903,1693227758755,1692255494526,1692255494530,1693227758763,8,4,4
40904,1693227758763,1692255494534,1692255494538,1693227758771,8,4,4
40905,1693227758771,1692255494543,1692255494546,1693227758779,8,3,5
40906,1693227758779,1692255494550,1692255494553,1693227758786,7,3,4
40907,1693227758786,1692255494558,1692255494563,1693227758795,9,5,4
40908,1693227758795,1692255494567,1692255494570,1693227758803,8,3,5
40909,1693227758803,1692255494575,1692255494578,1693227758811,8,3,5
40910,1693227758811,1692255494582,1692255494585,1693227758820,9,3,6
40911,1693227758820,1692255494592,1692255494595,1693227758828,8,3,5
40912,1693227758828,1692255494600,1692255494603,1693227758836,8,3,5
40913,1693227758836,1692255494607,1692255494610,1693227758843,7,3,4
40914,1693227758843,1692255494614,1692255494619,1693227758852,9,5,4
40915,1693227758852,1692255494623,1692255494627,1693227758860,8,4,4
40916,1693227758860,1692255494632,1692255494635,1693227758868,8,3,5
40917,1693227758868,1692255494640,1692255494645,1693227758878,10,5,5
40918,1693227758878,1692255494649,1692255494651,1693227758885,7,2,5
40919,1693227758885,1692255494656,1692255494659,1693227758892,7,3,4
40920,1693227758892,1692255494665,1692255494668,1693227758901,9,3,6
40921,1693227758901,1692255494672,1692255494676,1693227758909,8,4,4
40922,1693227758909,1692255494681,1692255494684,1693227758917,8,3,5
40923,1693227758917,1692255494688,1692255494692,1693227758926,9,4,5
40924,1693227758926,1692255494698,1692255494701,1693227758935,9,3,6
40925,1693227758935,1692255494707,1692255494710,1693227758944,9,3,6
40926,1693227758944,1692255494715,1692255494719,1693227758952,8,4,4
40927,1693227758952,1692255494724,1692255494726,1693227758959,7,2,5
40928,1693227758959,1692255494730,1692255494734,1693227758967,8,4,4
40929,1693227758967,1692255494739,1692255494742,1693227758975,8,3,5
40930,1693227758975,1692255494747,1692255494750,1693227758983,8,3,5
40931,1693227758983,1692255494754,1692255494757,1693227758990,7,3,4
40932,1693227758991,1692255494762,1692255494765,1693227758998,7,3,4
40933,1693227758998,1692255494769,1692255494772,1693227759005,7,3,4
40934,1693227759005,1692255494777,1692255494780,1693227759013,8,3,5
40935,1693227759013,1692255494785,1692255494787,1693227759020,7,2,5
40936,1693227759020,1692255494792,1692255494796,1693227759030,10,4,6
40937,1693227759030,1692255494802,1692255494804,1693227759037,7,2,5
40938,1693227759037,1692255494809,1692255494812,1693227759045,8,3,5
40939,1693227759045,1692255494817,1692255494820,1693227759053,8,3,5
40940,1693227759053,1692255494824,1692255494828,1693227759061,8,4,4
40941,1693227759061,1692255494832,1692255494836,1693227759069,8,4,4
40942,1693227759069,1692255494842,1692255494845,1693227759078,9,3,6
40943,1693227759078,1692255494850,1692255494855,1693227759088,10,5,5
40944,1693227759088,1692255494860,1692255494863,1693227759096,8,3,5
40945,1693227759096,1692255494869,1692255494873,1693227759106,10,4,6
40946,1693227759106,1692255494878,1692255494881,1693227759114,8,3,5
40947,1693227759114,1692255494887,1692255494890,1693227759124,10,3,7
40948,1693227759124,1692255494899,1692255494903,1693227759140,16,4,12
40949,1693227759140,1692255494912,1692255494916,1693227759149,9,4,5
40950,1693227759149,1692255494921,1692255494925,1693227759158,9,4,5
40951,1693227759158,1692255494930,1692255494933,1693227759166,8,3,5
40952,1693227759166,1692255494937,1692255494941,1693227759174,8,4,4
40953,1693227759174,1692255494945,1692255494948,1693227759181,7,3,4
40954,1693227759181,1692255494952,1692255494956,1693227759189,8,4,4
40955,1693227759189,1692255494961,1692255494964,1693227759197,8,3,5
40956,1693227759197,1692255494968,1692255494971,1693227759205,8,3,5
40957,1693227759205,1692255494976,1692255494979,1693227759212,7,3,4
40958,1693227759212,1692255494986,1692255494989,1693227759222,10,3,7
40959,1693227759222,1692255494994,1692255494997,1693227759230,8,3,5
40960,1693227759230,1692255495001,1692255495004,1693227759237,7,3,4
40961,1693227759237,1692255495014,1692255495018,1693227759251,14,4,10
40962,1693227759251,1692255495023,1692255495026,1693227759259,8,3,5
40963,1693227759259,1692255495031,1692255495034,1693227759267,8,3,5
40964,1693227759267,1692255495038,1692255495041,1693227759274,7,3,4
40965,1693227759274,1692255495045,1692255495048,1693227759281,7,3,4
40966,1693227759281,1692255495053,1692255495056,1693227759289,8,3,5
40967,1693227759289,1692255495064,1692255495067,1693227759300,11,3,8
40968,1693227759300,1692255495071,1692255495074,1693227759307,7,3,4
40969,1693227759307,1692255495079,1692255495083,1693227759316,9,4,5
40970,1693227759316,1692255495088,1692255495091,1693227759324,8,3,5
40971,1693227759324,1692255495095,1692255495099,1693227759332,8,4,4
40972,1693227759332,1692255495103,1692255495107,1693227759339,7,4,3
40973,1693227759340,1692255495111,1692255495115,1693227759348,8,4,4
40974,1693227759348,1692255495119,1692255495123,1693227759356,8,4,4
40975,1693227759356,1692255495127,1692255495131,1693227759364,8,4,4
40976,1693227759364,1692255495135,1692255495139,1693227759372,8,4,4
40977,1693227759372,1692255495143,1692255495146,1693227759379,7,3,4
40978,1693227759379,1692255495150,1692255495153,1693227759386,7,3,4
40979,1693227759386,1692255495158,1692255495161,1693227759394,8,3,5
40980,1693227759394,1692255495165,1692255495170,1693227759403,9,5,4
40981,1693227759403,1692255495177,1692255495180,1693227759413,10,3,7
40982,1693227759413,1692255495184,1692255495188,1693227759420,7,4,3
40983,1693227759421,1692255495192,1692255495195,1693227759428,7,3,4
40984,1693227759428,1692255495200,1692255495203,1693227759436,8,3,5
40985,1693227759436,1692255495208,1692255495212,1693227759445,9,4,5
40986,1693227759445,1692255495217,1692255495220,1693227759453,8,3,5
40987,1693227759453,1692255495224,1692255495227,1693227759460,7,3,4
40988,1693227759460,1692255495232,1692255495235,1693227759468,8,3,5
40989,1693227759468,1692255495240,1692255495243,1693227759477,9,3,6
40990,1693227759477,1692255495249,1692255495252,1693227759485,8,3,5
40991,1693227759485,1692255495257,1692255495260,1693227759493,8,3,5
40992,1693227759493,1692255495265,1692255495268,1693227759501,8,3,5
40993,1693227759501,1692255495273,1692255495276,1693227759511,10,3,7
40994,1693227759511,1692255495282,1692255495285,1693227759518,7,3,4
40995,1693227759518,1692255495290,1692255495293,1693227759526,8,3,5
40996,1693227759527,1692255495298,1692255495302,1693227759534,7,4,3
40997,1693227759535,1692255495306,1692255495309,1693227759542,7,3,4
40998,1693227759543,1692255495314,1692255495317,1693227759550,7,3,4
40999,1693227759550,1692255495322,1692255495325,1693227759558,8,3,5
41000,1693227759558,1692255495330,1692255495333,1693227759566,8,3,5
41001,1693227759566,1692255495337,1692255495341,1693227759574,8,4,4
41002,1693227759574,1692255495349,1692255495352,1693227759585,11,3,8
41003,1693227759585,1692255495358,1692255495362,1693227759595,10,4,6
41004,1693227759595,1692255495366,1692255495369,1693227759602,7,3,4
41005,1693227759602,1692255495374,1692255495377,1693227759612,10,3,7
41006,1693227759612,1692255495384,1692255495387,1693227759620,8,3,5
41007,1693227759620,1692255495391,1692255495395,1693227759628,8,4,4
41008,1693227759628,1692255495399,1692255495402,1693227759639,11,3,8
41009,1693227759639,1692255495459,1692255495462,1693227759695,56,3,53
41010,1693227759695,1692255495467,1692255495471,1693227759704,9,4,5
41011,1693227759704,1692255495475,1692255495479,1693227759712,8,4,4
41012,1693227759712,1692255495484,1692255495488,1693227759721,9,4,5
41013,1693227759721,1692255495493,1692255495496,1693227759729,8,3,5
41014,1693227759729,1692255495501,1692255495504,1693227759737,8,3,5
41015,1693227759737,1692255495508,1692255495511,1693227759744,7,3,4
41016,1693227759744,1692255495516,1692255495519,1693227759752,8,3,5
41017,1693227759752,1692255495523,1692255495527,1693227759761,9,4,5
41018,1693227759761,1692255495532,1692255495535,1693227759769,8,3,5
41019,1693227759769,1692255495541,1692255495545,1693227759777,8,4,4
41020,1693227759777,1692255495548,1692255495551,1693227759784,7,3,4
41021,1693227759784,1692255495560,1692255495563,1693227759797,13,3,10
41022,1693227759797,1692255495568,1692255495571,1693227759805,8,3,5
41023,1693227759805,1692255495576,1692255495580,1693227759813,8,4,4
41024,1693227759813,1692255495586,1692255495589,1693227759823,10,3,7
41025,1693227759823,1692255495598,1692255495602,1693227759834,11,4,7
41026,1693227759834,1692255495606,1692255495608,1693227759841,7,2,5
41027,1693227759841,1692255495614,1692255495617,1693227759877,36,3,33
41028,1693227759877,1692255495648,1692255495652,1693227759885,8,4,4
41029,1693227759885,1692255495657,1692255495663,1693227759896,11,6,5
41030,1693227759896,1692255495667,1692255495670,1693227759903,7,3,4
41031,1693227759903,1692255495675,1692255495678,1693227759911,8,3,5
41032,1693227759911,1692255495683,1692255495685,1693227759919,8,2,6
41033,1693227759919,1692255495690,1692255495693,1693227759926,7,3,4
41034,1693227759926,1692255495698,1692255495701,1693227759934,8,3,5
41035,1693227759934,1692255495705,1692255495708,1693227759941,7,3,4
41036,1693227759941,1692255495712,1692255495715,1693227759949,8,3,5
41037,1693227759949,1692255495721,1692255495725,1693227759957,8,4,4
41038,1693227759957,1692255495729,1692255495732,1693227759965,8,3,5
41039,1693227759965,1692255495736,1692255495738,1693227759971,6,2,4
41040,1693227759971,1692255495743,1692255495746,1693227759979,8,3,5
41041,1693227759979,1692255495751,1692255495754,1693227759987,8,3,5
41042,1693227759987,1692255495758,1692255495762,1693227759995,8,4,4
41043,1693227759995,1692255495766,1692255495768,1693227760001,6,2,4
41044,1693227760001,1692255495772,1692255495775,1693227760008,7,3,4
41045,1693227760008,1692255495780,1692255495782,1693227760015,7,2,5
41046,1693227760015,1692255495786,1692255495789,1693227760022,7,3,4
41047,1693227760022,1692255495793,1692255495797,1693227760030,8,4,4
41048,1693227760030,1692255495802,1692255495805,1693227760038,8,3,5
41049,1693227760038,1692255495810,1692255495813,1693227760046,8,3,5
41050,1693227760047,1692255495818,1692255495820,1693227760053,6,2,4
41051,1693227760053,1692255495825,1692255495828,1693227760061,8,3,5
41052,1693227760061,1692255495833,1692255495836,1693227760069,8,3,5
41053,1693227760069,1692255495841,1692255495846,1693227760079,10,5,5
41054,1693227760079,1692255495850,1692255495853,1693227760086,7,3,4
41055,1693227760086,1692255495858,1692255495860,1693227760093,7,2,5
41056,1693227760093,1692255495865,1692255495868,1693227760101,8,3,5
41057,1693227760101,1692255495872,1692255495876,1693227760109,8,4,4
41058,1693227760109,1692255495880,1692255495883,1693227760116,7,3,4
41059,1693227760116,1692255495888,1692255495890,1693227760124,8,2,6
41060,1693227760124,1692255495895,1692255495899,1693227760131,7,4,3
41061,1693227760131,1692255495903,1692255495906,1693227760139,8,3,5
41062,1693227760139,1692255495915,1692255495919,1693227760152,13,4,9
41063,1693227760152,1692255495923,1692255495926,1693227760159,7,3,4
41064,1693227760159,1692255495931,1692255495935,1693227760168,9,4,5
41065,1693227760168,1692255495939,1692255495943,1693227760176,8,4,4
41066,1693227760176,1692255495947,1692255495950,1693227760183,7,3,4
41067,1693227760183,1692255495954,1692255495957,1693227760189,6,3,3
41068,1693227760189,1692255495960,1692255495963,1693227760196,7,3,4
41069,1693227760196,1692255495968,1692255495971,1693227760204,8,3,5
41070,1693227760204,1692255495975,1692255495978,1693227760211,7,3,4
41071,1693227760211,1692255495983,1692255495989,1693227760222,11,6,5
41072,1693227760222,1692255496002,1692255496005,1693227760238,16,3,13
41073,1693227760238,1692255496010,1692255496013,1693227760246,8,3,5
41074,1693227760246,1692255496017,1692255496020,1693227760253,7,3,4
41075,1693227760253,1692255496024,1692255496028,1693227760261,8,4,4
41076,1693227760261,1692255496032,1692255496035,1693227760267,6,3,3
41077,1693227760268,1692255496038,1692255496041,1693227760274,6,3,3
41078,1693227760274,1692255496046,1692255496049,1693227760282,8,3,5
41079,1693227760282,1692255496054,1692255496057,1693227760289,7,3,4
41080,1693227760289,1692255496060,1692255496064,1693227760297,8,4,4
41081,1693227760297,1692255496068,1692255496072,1693227760305,8,4,4
41082,1693227760305,1692255496077,1692255496080,1693227760313,8,3,5
41083,1693227760313,1692255496085,1692255496088,1693227760321,8,3,5
41084,1693227760321,1692255496093,1692255496096,1693227760329,8,3,5
41085,1693227760329,1692255496100,1692255496103,1693227760336,7,3,4
41086,1693227760336,1692255496107,1692255496111,1693227760344,8,4,4
41087,1693227760344,1692255496118,1692255496122,1693227760356,12,4,8
41088,1693227760356,1692255496127,1692255496131,1693227760364,8,4,4
41089,1693227760364,1692255496135,1692255496139,1693227760372,8,4,4
41090,1693227760372,1692255496144,1692255496148,1693227760381,9,4,5
41091,1693227760381,1692255496152,1692255496158,1693227760392,11,6,5
41092,1693227760392,1692255496163,1692255496167,1693227760400,8,4,4
41093,1693227760400,1692255496171,1692255496175,1693227760408,8,4,4
41094,1693227760408,1692255496182,1692255496185,1693227760418,10,3,7
41095,1693227760419,1692255496190,1692255496193,1693227760426,7,3,4
41096,1693227760426,1692255496198,1692255496201,1693227760434,8,3,5
41097,1693227760434,1692255496206,1692255496209,1693227760443,9,3,6
41098,1693227760443,1692255496214,1692255496217,1693227760449,6,3,3
41099,1693227760449,1692255496221,1692255496224,1693227760459,10,3,7
41100,1693227760459,1692255496231,1692255496234,1693227760467,8,3,5
41101,1693227760467,1692255496238,1692255496242,1693227760475,8,4,4
41102,1693227760475,1692255496246,1692255496250,1693227760483,8,4,4
41103,1693227760483,1692255496255,1692255496258,1693227760491,8,3,5
41104,1693227760491,1692255496263,1692255496266,1693227760501,10,3,7
41105,1693227760501,1692255496277,1692255496281,1693227760514,13,4,9
41106,1693227760514,1692255496285,1692255496288,1693227760521,7,3,4
41107,1693227760521,1692255496292,1692255496295,1693227760528,7,3,4
41108,1693227760528,1692255496299,1692255496303,1693227760536,8,4,4
41109,1693227760536,1692255496307,1692255496311,1693227760544,8,4,4
41110,1693227760544,1692255496315,1692255496318,1693227760551,7,3,4
41111,1693227760551,1692255496323,1692255496326,1693227760559,8,3,5
41112,1693227760559,1692255496332,1692255496335,1693227760568,9,3,6
41113,1693227760568,1692255496339,1692255496343,1693227760576,8,4,4
41114,1693227760576,1692255496348,1692255496351,1693227760584,8,3,5
41115,1693227760584,1692255496355,1692255496358,1693227760591,7,3,4
41116,1693227760591,1692255496362,1692255496367,1693227760600,9,5,4
41117,1693227760600,1692255496371,1692255496376,1693227760609,9,5,4
41118,1693227760609,1692255496382,1692255496385,1693227760618,9,3,6
41119,1693227760618,1692255496390,1692255496393,1693227760626,8,3,5
41120,1693227760626,1692255496398,1692255496401,1693227760636,10,3,7
41121,1693227760636,1692255496407,1692255496412,1693227760645,9,5,4
41122,1693227760645,1692255496417,1692255496420,1693227760653,8,3,5
41123,1693227760653,1692255496424,1692255496427,1693227760661,8,3,5
41124,1693227760661,1692255496433,1692255496436,1693227760669,8,3,5
41125,1693227760669,1692255496441,1692255496446,1693227760679,10,5,5
41126,1693227760679,1692255496451,1692255496453,1693227760686,7,2,5
41127,1693227760686,1692255496458,1692255496461,1693227760694,8,3,5
41128,1693227760694,1692255496465,1692255496468,1693227760701,7,3,4
41129,1693227760701,1692255496475,1692255496478,1693227760711,10,3,7
41130,1693227760711,1692255496482,1692255496486,1693227760721,10,4,6
41131,1693227760721,1692255496493,1692255496496,1693227760729,8,3,5
41132,1693227760729,1692255496501,1692255496504,1693227760738,9,3,6
41133,1693227760738,1692255496510,1692255496513,1693227760746,8,3,5
41134,1693227760746,1692255496517,1692255496520,1693227760753,7,3,4
41135,1693227760753,1692255496524,1692255496528,1693227760761,8,4,4
41136,1693227760761,1692255496535,1692255496538,1693227760771,10,3,7
41137,1693227760771,1692255496542,1692255496545,1693227760778,7,3,4
41138,1693227760778,1692255496549,1692255496552,1693227760785,7,3,4
41139,1693227760785,1692255496557,1692255496560,1693227760793,8,3,5
41140,1693227760794,1692255496565,1692255496569,1693227760802,8,4,4
41141,1693227760802,1692255496574,1692255496577,1693227760810,8,3,5
41142,1693227760810,1692255496581,1692255496584,1693227760817,7,3,4
41143,1693227760817,1692255496588,1692255496592,1693227760826,9,4,5
41144,1693227760826,1692255496597,1692255496600,1693227760833,7,3,4
41145,1693227760833,1692255496604,1692255496607,1693227760841,8,3,5
41146,1693227760841,1692255496613,1692255496616,1693227760849,8,3,5
41147,1693227760849,1692255496621,1692255496624,1693227760857,8,3,5
41148,1693227760857,1692255496628,1692255496631,1693227760863,6,3,3
41149,1693227760863,1692255496635,1692255496637,1693227760870,7,2,5
41150,1693227760870,1692255496641,1692255496645,1693227760878,8,4,4
41151,1693227760878,1692255496649,1692255496653,1693227760886,8,4,4
41152,1693227760886,1692255496657,1692255496660,1693227760893,7,3,4
41153,1693227760893,1692255496664,1692255496668,1693227760901,8,4,4
41154,1693227760901,1692255496672,1692255496676,1693227760909,8,4,4
41155,1693227760909,1692255496681,1692255496684,1693227760916,7,3,4
41156,1693227760916,1692255496689,1692255496692,1693227760925,9,3,6
41157,1693227760925,1692255496696,1692255496699,1693227760932,7,3,4
41158,1693227760932,1692255496704,1692255496707,1693227760940,8,3,5
41159,1693227760940,1692255496713,1692255496717,1693227760950,10,4,6
41160,1693227760950,1692255496721,1692255496725,1693227760958,8,4,4
41161,1693227760958,1692255496729,1692255496733,1693227760966,8,4,4
41162,1693227760966,1692255496737,1692255496742,1693227760975,9,5,4
41163,1693227760975,1692255496746,1692255496750,1693227760983,8,4,4
41164,1693227760983,1692255496755,1692255496758,1693227760992,9,3,6
41165,1693227760992,1692255496764,1692255496767,1693227761000,8,3,5
41166,1693227761000,1692255496771,1692255496775,1693227761008,8,4,4
41167,1693227761008,1692255496779,1692255496783,1693227761016,8,4,4
41168,1693227761016,1692255496787,1692255496790,1693227761023,7,3,4
41169,1693227761023,1692255496794,1692255496797,1693227761030,7,3,4
41170,1693227761030,1692255496801,1692255496805,1693227761038,8,4,4
41171,1693227761038,1692255496809,1692255496813,1693227761046,8,4,4
41172,1693227761046,1692255496817,1692255496821,1693227761054,8,4,4
41173,1693227761054,1692255496825,1692255496829,1693227761062,8,4,4
41174,1693227761062,1692255496833,1692255496836,1693227761069,7,3,4
41175,1693227761069,1692255496842,1692255496845,1693227761079,10,3,7
41176,1693227761079,1692255496850,1692255496853,1693227761086,7,3,4
41177,1693227761086,1692255496858,1692255496861,1693227761094,8,3,5
41178,1693227761094,1692255496866,1692255496870,1693227761103,9,4,5
41179,1693227761103,1692255496874,1692255496877,1693227761110,7,3,4
41180,1693227761110,1692255496881,1692255496885,1693227761118,8,4,4
41181,1693227761118,1692255496890,1692255496893,1693227761126,8,3,5
41182,1693227761126,1692255496898,1692255496901,1693227761135,9,3,6
41183,1693227761135,1692255496906,1692255496909,1693227761142,7,3,4
41184,1693227761142,1692255496914,1692255496917,1693227761152,10,3,7
41185,1693227761152,1692255496923,1692255496927,1693227761160,8,4,4
41186,1693227761160,1692255496932,1692255496935,1693227761168,8,3,5
41187,1693227761168,1692255496940,1692255496943,1693227761176,8,3,5
41188,1693227761176,1692255496948,1692255496951,1693227761183,7,3,4
41189,1693227761183,1692255496955,1692255496958,1693227761191,8,3,5
41190,1693227761191,1692255496963,1692255496966,1693227761199,8,3,5
41191,1693227761199,1692255496971,1692255496974,1693227761207,8,3,5
41192,1693227761207,1692255496979,1692255496982,1693227761215,8,3,5
41193,1693227761215,1692255496987,1692255496991,1693227761224,9,4,5
41194,1693227761224,1692255496997,1692255497000,1693227761233,9,3,6
41195,1693227761233,1692255497004,1692255497007,1693227761240,7,3,4
41196,1693227761240,1692255497012,1692255497015,1693227761250,10,3,7
41197,1693227761250,1692255497023,1692255497026,1693227761259,9,3,6
41198,1693227761259,1692255497031,1692255497035,1693227761268,9,4,5
41199,1693227761268,1692255497039,1692255497042,1693227761275,7,3,4
41200,1693227761276,1692255497047,1692255497050,1693227761283,7,3,4
41201,1693227761283,1692255497055,1692255497059,1693227761292,9,4,5
41202,1693227761292,1692255497063,1692255497066,1693227761299,7,3,4
41203,1693227761299,1692255497070,1692255497074,1693227761307,8,4,4
41204,1693227761307,1692255497078,1692255497081,1693227761314,7,3,4
41205,1693227761314,1692255497085,1692255497089,1693227761322,8,4,4
41206,1693227761322,1692255497094,1692255497097,1693227761330,8,3,5
41207,1693227761330,1692255497103,1692255497107,1693227761340,10,4,6
41208,1693227761340,1692255497111,1692255497115,1693227761348,8,4,4
41209,1693227761348,1692255497122,1692255497126,1693227761359,11,4,7
41210,1693227761359,1692255497131,1692255497134,1693227761367,8,3,5
41211,1693227761367,1692255497138,1692255497142,1693227761375,8,4,4
41212,1693227761375,1692255497146,1692255497150,1693227761382,7,4,3
41213,1693227761382,1692255497154,1692255497157,1693227761389,7,3,4
41214,1693227761389,1692255497161,1692255497163,1693227761398,9,2,7
41215,1693227761398,1692255497172,1692255497175,1693227761408,10,3,7
41216,1693227761408,1692255497180,1692255497183,1693227761416,8,3,5
41217,1693227761416,1692255497187,1692255497190,1693227761423,7,3,4
41218,1693227761423,1692255497194,1692255497197,1693227761431,8,3,5
41219,1693227761431,1692255497202,1692255497204,1693227761437,6,2,4
41220,1693227761437,1692255497209,1692255497213,1693227761446,9,4,5
41221,1693227761446,1692255497218,1692255497220,1693227761455,9,2,7
41222,1693227761455,1692255497227,1692255497230,1693227761463,8,3,5
41223,1693227761463,1692255497235,1692255497238,1693227761471,8,3,5
41224,1693227761471,1692255497242,1692255497245,1693227761478,7,3,4
41225,1693227761478,1692255497250,1692255497252,1693227761485,7,2,5
41226,1693227761485,1692255497257,1692255497260,1693227761493,8,3,5
41227,1693227761493,1692255497265,1692255497268,1693227761501,8,3,5
41228,1693227761501,1692255497273,1692255497277,1693227761510,9,4,5
41229,1693227761510,1692255497281,1692255497284,1693227761517,7,3,4
41230,1693227761517,1692255497288,1692255497291,1693227761524,7,3,4
41231,1693227761524,1692255497296,1692255497299,1693227761532,8,3,5
41232,1693227761532,1692255497304,1692255497307,1693227761540,8,3,5
41233,1693227761540,1692255497311,1692255497314,1693227761547,7,3,4
41234,1693227761547,1692255497319,1692255497322,1693227761559,12,3,9
41235,1693227761559,1692255497331,1692255497335,1693227761568,9,4,5
41236,1693227761568,1692255497340,1692255497344,1693227761577,9,4,5
41237,1693227761577,1692255497348,1692255497351,1693227761585,8,3,5
41238,1693227761585,1692255497356,1692255497360,1693227761593,8,4,4
41239,1693227761593,1692255497364,1692255497368,1693227761600,7,4,3
41240,1693227761600,1692255497371,1692255497374,1693227761607,7,3,4
41241,1693227761607,1692255497379,1692255497383,1693227761615,8,4,4
41242,1693227761615,1692255497387,1692255497390,1693227761623,8,3,5
41243,1693227761623,1692255497400,1692255497404,1693227761637,14,4,10
41244,1693227761637,1692255497408,1692255497412,1693227761645,8,4,4
41245,1693227761645,1692255497417,1692255497420,1693227761653,8,3,5
41246,1693227761653,1692255497424,1692255497428,1693227761661,8,4,4
41247,1693227761661,1692255497432,1692255497435,1693227761668,7,3,4
41248,1693227761668,1692255497440,1692255497444,1693227761677,9,4,5
41249,1693227761677,1692255497449,1692255497452,1693227761685,8,3,5
41250,1693227761685,1692255497457,1692255497460,1693227761693,8,3,5
41251,1693227761693,1692255497464,1692255497468,1693227761701,8,4,4
41252,1693227761701,1692255497473,1692255497476,1693227761710,9,3,6
41253,1693227761710,1692255497482,1692255497484,1693227761717,7,2,5
41254,1693227761717,1692255497489,1692255497492,1693227761724,7,3,4
41255,1693227761724,1692255497496,1692255497499,1693227761731,7,3,4
41256,1693227761731,1692255497503,1692255497506,1693227761739,8,3,5
41257,1693227761739,1692255497511,1692255497514,1693227761747,8,3,5
41258,1693227761747,1692255497519,1692255497522,1693227761755,8,3,5
41259,1693227761755,1692255497534,1692255497537,1693227761770,15,3,12
41260,1693227761770,1692255497542,1692255497545,1693227761778,8,3,5
41261,1693227761778,1692255497549,1692255497553,1693227761786,8,4,4
41262,1693227761786,1692255497557,1692255497560,1693227761793,7,3,4
41263,1693227761793,1692255497564,1692255497567,1693227761800,7,3,4
41264,1693227761800,1692255497572,1692255497574,1693227761807,7,2,5
41265,1693227761807,1692255497578,1692255497582,1693227761814,7,4,3
41266,1693227761814,1692255497586,1692255497590,1693227761822,8,4,4
41267,1693227761823,1692255497594,1692255497597,1693227761830,7,3,4
41268,1693227761830,1692255497602,1692255497605,1693227761838,8,3,5
41269,1693227761838,1692255497610,1692255497614,1693227761847,9,4,5
41270,1693227761847,1692255497618,1692255497621,1693227761854,7,3,4
41271,1693227761854,1692255497625,1692255497628,1693227761862,8,3,5
41272,1693227761862,1692255497634,1692255497639,1693227761872,10,5,5
41273,1693227761873,1692255497644,1692255497647,1693227761880,7,3,4
41274,1693227761880,1692255497653,1692255497656,1693227761889,9,3,6
41275,1693227761889,1692255497660,1692255497663,1693227761896,7,3,4
41276,1693227761896,1692255497667,1692255497670,1693227761903,7,3,4
41277,1693227761903,1692255497675,1692255497678,1693227761911,8,3,5
41278,1693227761911,1692255497682,1692255497685,1693227761918,7,3,4
41279,1693227761918,1692255497690,1692255497693,1693227761926,8,3,5
41280,1693227761926,1692255497698,1692255497701,1693227761934,8,3,5
41281,1693227761934,1692255497705,1692255497708,1693227761941,7,3,4
41282,1693227761941,1692255497713,1692255497715,1693227761948,7,2,5
41283,1693227761948,1692255497720,1692255497724,1693227761957,9,4,5
41284,1693227761957,1692255497728,1692255497731,1693227761964,7,3,4
41285,1693227761964,1692255497737,1692255497740,1693227761973,9,3,6
41286,1693227761973,1692255497744,1692255497747,1693227761980,7,3,4
41287,1693227761980,1692255497751,1692255497754,1693227761987,7,3,4
41288,1693227761987,1692255497758,1692255497761,1693227761994,7,3,4
41289,1693227761994,1692255497766,1692255497769,1693227762002,8,3,5
41290,1693227762002,1692255497773,1692255497777,1693227762010,8,4,4
41291,1693227762011,1692255497782,1692255497785,1693227762017,6,3,3
41292,1693227762017,1692255497789,1692255497792,1693227762025,8,3,5
41293,1693227762025,1692255497797,1692255497800,1693227762032,7,3,4
41294,1693227762032,1692255497804,1692255497807,1693227762039,7,3,4
41295,1693227762039,1692255497811,1692255497815,1693227762047,8,4,4
41296,1693227762047,1692255497819,1692255497822,1693227762054,7,3,4
41297,1693227762055,1692255497826,1692255497829,1693227762062,7,3,4
41298,1693227762062,1692255497833,1692255497836,1693227762070,8,3,5
41299,1693227762070,1692255497841,1692255497844,1693227762077,7,3,4
41300,1693227762077,1692255497849,1692255497852,1693227762085,8,3,5
41301,1693227762085,1692255497856,1692255497861,1693227762093,8,5,3
41302,1693227762093,1692255497865,1692255497868,1693227762100,7,3,4
41303,1693227762101,1692255497872,1692255497875,1693227762108,7,3,4
41304,1693227762109,1692255497880,1692255497884,1693227762117,8,4,4
41305,1693227762117,1692255497888,1692255497894,1693227762126,9,6,3
41306,1693227762126,1692255497898,1692255497901,1693227762134,8,3,5
41307,1693227762134,1692255497905,1692255497908,1693227762141,7,3,4
41308,1693227762141,1692255497912,1692255497917,1693227762149,8,5,3
41309,1693227762149,1692255497922,1692255497925,1693227762159,10,3,7
41310,1693227762159,1692255497930,1692255497934,1693227762167,8,4,4
41311,1693227762167,1692255497938,1692255497941,1693227762174,7,3,4
41312,1693227762174,1692255497946,1692255497949,1693227762182,8,3,5
41313,1693227762182,1692255497954,1692255497957,1693227762189,7,3,4
41314,1693227762189,1692255497960,1692255497964,1693227762197,8,4,4
41315,1693227762197,1692255497968,1692255497971,1693227762204,7,3,4
41316,1693227762205,1692255497976,1692255497979,1693227762212,7,3,4
41317,1693227762212,1692255497984,1692255497988,1693227762221,9,4,5
41318,1693227762221,1692255497992,1692255497995,1693227762228,7,3,4
41319,1693227762228,1692255498000,1692255498002,1693227762235,7,2,5
41320,1693227762235,1692255498006,1692255498010,1693227762242,7,4,3
41321,1693227762243,1692255498014,1692255498017,1693227762250,7,3,4
41322,1693227762250,1692255498021,1692255498024,1693227762257,7,3,4
41323,1693227762257,1692255498028,1692255498032,1693227762265,8,4,4
41324,1693227762265,1692255498037,1692255498041,1693227762274,9,4,5
41325,1693227762274,1692255498050,1692255498054,1693227762287,13,4,9
41326,1693227762287,1692255498059,1692255498062,1693227762295,8,3,5
41327,1693227762295,1692255498066,1692255498069,1693227762301,6,3,3
41328,1693227762301,1692255498073,1692255498076,1693227762310,9,3,6
41329,1693227762310,1692255498082,1692255498085,1693227762318,8,3,5
41330,1693227762318,1692255498090,1692255498093,1693227762326,8,3,5
41331,1693227762326,1692255498097,1692255498101,1693227762334,8,4,4
41332,1693227762334,1692255498105,1692255498109,1693227762341,7,4,3
41333,1693227762341,1692255498113,1692255498116,1693227762348,7,3,4
41334,1693227762348,1692255498119,1692255498123,1693227762359,11,4,7
41335,1693227762359,1692255498131,1692255498134,1693227762367,8,3,5
41336,1693227762367,1692255498139,1692255498143,1693227762383,16,4,12
41337,1693227762383,1692255498155,1692255498159,1693227762397,14,4,10
41338,1693227762397,1692255498168,1692255498172,1693227762405,8,4,4
41339,1693227762405,1692255498177,1692255498180,1693227762413,8,3,5
41340,1693227762413,1692255498185,1692255498188,1693227762421,8,3,5
41341,1693227762421,1692255498192,1692255498195,1693227762428,7,3,4
41342,1693227762428,1692255498200,1692255498203,1693227762436,8,3,5
41343,1693227762436,1692255498207,1692255498211,1693227762447,11,4,7
41344,1693227762447,1692255498218,1692255498222,1693227762455,8,4,4
41345,1693227762455,1692255498227,1692255498232,1693227762466,11,5,6
41346,1693227762466,1692255498238,1692255498241,1693227762474,8,3,5
41347,1693227762474,1692255498245,1692255498248,1693227762481,7,3,4
41348,1693227762481,1692255498252,1692255498255,1693227762513,32,3,29
41349,1693227762513,1692255498285,1692255498288,1693227762521,8,3,5
41350,1693227762521,1692255498293,1692255498296,1693227762529,8,3,5
41351,1693227762529,1692255498301,1692255498306,1693227762539,10,5,5
41352,1693227762539,1692255498310,1692255498313,1693227762547,8,3,5
41353,1693227762547,1692255498319,1692255498323,1693227762556,9,4,5
41354,1693227762556,1692255498330,1692255498333,1693227762566,10,3,7
41355,1693227762566,1692255498338,1692255498341,1693227762574,8,3,5
41356,1693227762574,1692255498346,1692255498350,1693227762582,8,4,4
41357,1693227762583,1692255498354,1692255498357,1693227762590,7,3,4
41358,1693227762590,1692255498361,1692255498364,1693227762597,7,3,4
41359,1693227762597,1692255498368,1692255498372,1693227762605,8,4,4
41360,1693227762605,1692255498377,1692255498380,1693227762613,8,3,5
41361,1693227762613,1692255498385,1692255498389,1693227762622,9,4,5
41362,1693227762622,1692255498394,1692255498398,1693227762631,9,4,5
41363,1693227762631,1692255498402,1692255498405,1693227762638,7,3,4
41364,1693227762638,1692255498409,1692255498413,1693227762647,9,4,5
41365,1693227762647,1692255498419,1692255498423,1693227762656,9,4,5
41366,1693227762656,1692255498427,1692255498431,1693227762664,8,4,4
41367,1693227762664,1692255498435,1692255498439,1693227762672,8,4,4
41368,1693227762672,1692255498443,1692255498446,1693227762679,7,3,4
41369,1693227762679,1692255498453,1692255498457,1693227762690,11,4,7
41370,1693227762690,1692255498462,1692255498465,1693227762698,8,3,5
41371,1693227762698,1692255498470,1692255498474,1693227762707,9,4,5
41372,1693227762707,1692255498479,1692255498482,1693227762714,7,3,4
41373,1693227762714,1692255498486,1692255498490,1693227762723,9,4,5
41374,1693227762723,1692255498495,1692255498498,1693227762731,8,3,5
41375,1693227762731,1692255498502,1692255498505,1693227762738,7,3,4
41376,1693227762738,1692255498509,1692255498512,1693227762745,7,3,4
41377,1693227762745,1692255498517,1692255498519,1693227762752,7,2,5
41378,1693227762752,1692255498523,1692255498529,1693227762762,10,6,4
41379,1693227762762,1692255498533,1692255498536,1693227762769,7,3,4
41380,1693227762769,1692255498541,1692255498546,1693227762779,10,5,5
41381,1693227762779,1692255498551,1692255498553,1693227762786,7,2,5
41382,1693227762786,1692255498558,1692255498561,1693227762794,8,3,5
41383,1693227762794,1692255498565,1692255498568,1693227762801,7,3,4
41384,1693227762801,1692255498572,1692255498575,1693227762808,7,3,4
41385,1693227762808,1692255498580,1692255498584,1693227762817,9,4,5
41386,1693227762817,1692255498589,1692255498592,1693227762825,8,3,5
41387,1693227762825,1692255498597,1692255498600,1693227762832,7,3,4
41388,1693227762832,1692255498604,1692255498607,1693227762840,8,3,5
41389,1693227762840,1692255498612,1692255498615,1693227762848,8,3,5
41390,1693227762848,1692255498620,1692255498623,1693227762855,7,3,4
41391,1693227762855,1692255498627,1692255498630,1693227762863,8,3,5
41392,1693227762864,1692255498636,1692255498640,1693227762873,9,4,5
41393,1693227762873,1692255498644,1692255498648,1693227762881,8,4,4
41394,1693227762881,1692255498652,1692255498654,1693227762889,8,2,6
41395,1693227762889,1692255498660,1692255498664,1693227762897,8,4,4
41396,1693227762897,1692255498669,1692255498672,1693227762905,8,3,5
41397,1693227762905,1692255498683,1692255498686,1693227762919,14,3,11
41398,1693227762919,1692255498690,1692255498694,1693227762927,8,4,4
41399,1693227762927,1692255498699,1692255498703,1693227762936,9,4,5
41400,1693227762936,1692255498707,1692255498711,1693227762944,8,4,4
41401,1693227762944,1692255498715,1692255498719,1693227762952,8,4,4
41402,1693227762952,1692255498723,1692255498726,1693227762959,7,3,4
41403,1693227762959,1692255498730,1692255498734,1693227762966,7,4,3
41404,1693227762966,1692255498738,1692255498741,1693227762974,8,3,5
41405,1693227762974,1692255498745,1692255498748,1693227762982,8,3,5
41406,1693227762982,1692255498754,1692255498758,1693227762991,9,4,5
41407,1693227762991,1692255498769,1692255498772,1693227763005,14,3,11
41408,1693227763005,1692255498777,1692255498780,1693227763013,8,3,5
41409,1693227763013,1692255498785,1692255498788,1693227763021,8,3,5
41410,1693227763021,1692255498792,1692255498796,1693227763029,8,4,4
41411,1693227763029,1692255498800,1692255498803,1693227763036,7,3,4
41412,1693227763036,1692255498807,1692255498810,1693227763043,7,3,4
41413,1693227763043,1692255498815,1692255498819,1693227763051,8,4,4
41414,1693227763051,1692255498823,1692255498826,1693227763059,8,3,5
41415,1693227763059,1692255498831,1692255498834,1693227763067,8,3,5
41416,1693227763067,1692255498839,1692255498843,1693227763076,9,4,5
41417,1693227763076,1692255498847,1692255498851,1693227763084,8,4,4
41418,1693227763084,1692255498855,1692255498859,1693227763094,10,4,6
41419,1693227763094,1692255498865,1692255498868,1693227763101,7,3,4
41420,1693227763101,1692255498872,1692255498876,1693227763109,8,4,4
41421,1693227763109,1692255498880,1692255498883,1693227763116,7,3,4
41422,1693227763116,1692255498888,1692255498891,1693227763124,8,3,5
41423,1693227763124,1692255498895,1692255498898,1693227763131,7,3,4
41424,1693227763131,1692255498902,1692255498905,1693227763138,7,3,4
41425,1693227763138,1692255498910,1692255498913,1693227763146,8,3,5
41426,1693227763146,1692255498917,1692255498921,1693227763154,8,4,4
41427,1693227763154,1692255498925,1692255498929,1693227763164,10,4,6
41428,1693227763164,1692255498936,1692255498939,1693227763172,8,3,5
41429,1693227763172,1692255498944,1692255498946,1693227763179,7,2,5
41430,1693227763179,1692255498951,1692255498954,1693227763188,9,3,6
41431,1693227763188,1692255498959,1692255498962,1693227763196,8,3,5
41432,1693227763196,1692255498968,1692255498971,1693227763205,9,3,6
41433,1693227763205,1692255498977,1692255498980,1693227763213,8,3,5
41434,1693227763214,1692255498985,1692255498988,1693227763222,8,3,5
41435,1693227763222,1692255498993,1692255498997,1693227763230,8,4,4
41436,1693227763230,1692255499002,1692255499006,1693227763239,9,4,5
41437,1693227763239,1692255499010,1692255499013,1693227763246,7,3,4
41438,1693227763246,1692255499018,1692255499021,1693227763254,8,3,5
41439,1693227763254,1692255499025,1692255499029,1693227763262,8,4,4
41440,1693227763262,1692255499034,1692255499036,1693227763269,7,2,5
41441,1693227763269,1692255499043,1692255499047,1693227763280,11,4,7
41442,1693227763280,1692255499052,1692255499055,1693227763288,8,3,5
41443,1693227763288,1692255499059,1692255499062,1693227763295,7,3,4
41444,1693227763295,1692255499068,1692255499072,1693227763305,10,4,6
41445,1693227763305,1692255499077,1692255499080,1693227763313,8,3,5
41446,1693227763313,1692255499085,1692255499089,1693227763322,9,4,5
41447,1693227763322,1692255499095,1692255499098,1693227763331,9,3,6
41448,1693227763331,1692255499105,1692255499108,1693227763341,10,3,7
41449,1693227763341,1692255499113,1692255499116,1693227763349,8,3,5
41450,1693227763349,1692255499120,1692255499123,1693227763356,7,3,4
41451,1693227763356,1692255499128,1692255499132,1693227763365,9,4,5
41452,1693227763365,1692255499136,1692255499140,1693227763372,7,4,3
41453,1693227763372,1692255499145,1692255499149,1693227763382,10,4,6
41454,1693227763382,1692255499154,1692255499158,1693227763391,9,4,5
41455,1693227763391,1692255499162,1692255499166,1693227763401,10,4,6
41456,1693227763401,1692255499172,1692255499175,1693227763408,7,3,4
41457,1693227763408,1692255499180,1692255499183,1693227763415,7,3,4
41458,1693227763415,1692255499186,1692255499189,1693227763422,7,3,4
41459,1693227763422,1692255499196,1692255499198,1693227763431,9,2,7
41460,1693227763431,1692255499203,1692255499206,1693227763439,8,3,5
41461,1693227763439,1692255499211,1692255499214,1693227763447,8,3,5
41462,1693227763447,1692255499218,1692255499222,1693227763455,8,4,4
41463,1693227763455,1692255499227,1692255499231,1693227763464,9,4,5
41464,1693227763464,1692255499235,1692255499239,1693227763472,8,4,4
41465,1693227763472,1692255499244,1692255499246,1693227763479,7,2,5
41466,1693227763479,1692255499254,1692255499257,1693227763490,11,3,8
41467,1693227763490,1692255499261,1692255499265,1693227763498,8,4,4
41468,1693227763498,1692255499269,1692255499273,1693227763506,8,4,4
41469,1693227763506,1692255499277,1692255499281,1693227763514,8,4,4
41470,1693227763514,1692255499286,1692255499288,1693227763521,7,2,5
41471,1693227763521,1692255499293,1692255499296,1693227763529,8,3,5
41472,1693227763529,1692255499302,1692255499305,1693227763538,9,3,6
41473,1693227763538,1692255499309,1692255499312,1693227763545,7,3,4
41474,1693227763545,1692255499316,1692255499319,1693227763552,7,3,4
41475,1693227763552,1692255499323,1692255499326,1693227763559,7,3,4
41476,1693227763559,1692255499335,1692255499338,1693227763572,13,3,10
41477,1693227763572,1692255499344,1692255499347,1693227763580,8,3,5
41478,1693227763580,1692255499352,1692255499356,1693227763589,9,4,5
41479,1693227763589,1692255499360,1692255499363,1693227763597,8,3,5
41480,1693227763597,1692255499372,1692255499375,1693227763609,12,3,9
41481,1693227763609,1692255499380,1692255499383,1693227763616,7,3,4
41482,1693227763616,1692255499387,1692255499390,1693227763623,7,3,4
41483,1693227763623,1692255499394,1692255499397,1693227763631,8,3,5
41484,1693227763631,1692255499403,1692255499406,1693227763639,8,3,5
41485,1693227763639,1692255499411,1692255499415,1693227763648,9,4,5
41486,1693227763648,1692255499420,1692255499423,1693227763656,8,3,5
41487,1693227763656,1692255499427,1692255499431,1693227763664,8,4,4
41488,1693227763664,1692255499435,1692255499439,1693227763672,8,4,4
41489,1693227763673,1692255499445,1692255499449,1693227763682,9,4,5
41490,1693227763682,1692255499454,1692255499457,1693227763690,8,3,5
41491,1693227763690,1692255499462,1692255499467,1693227763700,10,5,5
41492,1693227763700,1692255499473,1692255499477,1693227763710,10,4,6
41493,1693227763710,1692255499482,1692255499484,1693227763717,7,2,5
41494,1693227763718,1692255499489,1692255499493,1693227763726,8,4,4
41495,1693227763726,1692255499497,1692255499500,1693227763733,7,3,4
41496,1693227763733,1692255499505,1692255499508,1693227763741,8,3,5
41497,1693227763741,1692255499513,1692255499516,1693227763749,8,3,5
41498,1693227763749,1692255499520,1692255499524,1693227763757,8,4,4
41499,1693227763757,1692255499528,1692255499532,1693227763764,7,4,3
41500,1693227763765,1692255499536,1692255499540,1693227763772,7,4,3
41501,1693227763773,1692255499544,1692255499547,1693227763780,7,3,4
41502,1693227763780,1692255499551,1692255499555,1693227763788,8,4,4
41503,1693227763788,1692255499560,1692255499564,1693227763797,9,4,5
41504,1693227763797,1692255499568,1692255499572,1693227763805,8,4,4
41505,1693227763805,1692255499577,1692255499580,1693227763813,8,3,5
41506,1693227763813,1692255499588,1692255499592,1693227763825,12,4,8
41507,1693227763825,1692255499596,1692255499600,1693227763832,7,4,3
41508,1693227763832,1692255499604,1692255499607,1693227763840,8,3,5
41509,1693227763840,1692255499611,1692255499615,1693227763848,8,4,4
41510,1693227763848,1692255499619,1692255499623,1693227763856,8,4,4
41511,1693227763856,1692255499627,1692255499630,1693227763862,6,3,3
41512,1693227763862,1692255499633,1692255499637,1693227763869,7,4,3
41513,1693227763869,1692255499641,1692255499644,1693227763877,8,3,5
41514,1693227763877,1692255499650,1692255499653,1693227763886,9,3,6
41515,1693227763886,1692255499658,1692255499661,1693227763894,8,3,5
41516,1693227763894,1692255499665,1692255499669,1693227763902,8,4,4
41517,1693227763902,1692255499673,1692255499675,1693227763908,6,2,4
41518,1693227763908,1692255499682,1692255499685,1693227763918,10,3,7
41519,1693227763918,1692255499690,1692255499693,1693227763926,8,3,5
41520,1693227763926,1692255499698,1692255499701,1693227763934,8,3,5
41521,1693227763934,1692255499705,1692255499707,1693227763940,6,2,4
41522,1693227763940,1692255499712,1692255499715,1693227763948,8,3,5
41523,1693227763948,1692255499719,1692255499722,1693227763955,7,3,4
41524,1693227763955,1692255499727,1692255499730,1693227763963,8,3,5
41525,1693227763963,1692255499735,1692255499738,1693227763971,8,3,5
41526,1693227763971,1692255499742,1692255499745,1693227763978,7,3,4
41527,1693227763978,1692255499749,1692255499753,1693227763986,8,4,4
41528,1693227763986,1692255499758,1692255499762,1693227763995,9,4,5
41529,1693227763995,1692255499767,1692255499770,1693227764003,8,3,5
41530,1693227764003,1692255499774,1692255499778,1693227764011,8,4,4
41531,1693227764011,1692255499784,1692255499788,1693227764021,10,4,6
41532,1693227764021,1692255499792,1692255499795,1693227764028,7,3,4
41533,1693227764028,1692255499799,1692255499803,1693227764035,7,4,3
41534,1693227764035,1692255499806,1692255499810,1693227764043,8,4,4
41535,1693227764043,1692255499815,1692255499818,1693227764051,8,3,5
41536,1693227764051,1692255499823,1692255499825,1693227764058,7,2,5
41537,1693227764058,1692255499830,1692255499833,1693227764066,8,3,5
41538,1693227764066,1692255499837,1692255499840,1693227764073,7,3,4
41539,1693227764073,1692255499845,1692255499850,1693227764083,10,5,5
41540,1693227764083,1692255499855,1692255499858,1693227764091,8,3,5
41541,1693227764091,1692255499863,1692255499866,1693227764099,8,3,5
41542,1693227764099,1692255499870,1692255499873,1693227764106,7,3,4
41543,1693227764106,1692255499877,1692255499881,1693227764114,8,4,4
41544,1693227764114,1692255499887,1692255499890,1693227764123,9,3,6
41545,1693227764123,1692255499894,1692255499898,1693227764131,8,4,4
41546,1693227764131,1692255499902,1692255499905,1693227764138,7,3,4
41547,1693227764138,1692255499910,1692255499913,1693227764146,8,3,5
41548,1693227764146,1692255499917,1692255499921,1693227764153,7,4,3
41549,1693227764153,1692255499925,1692255499928,1693227764161,8,3,5
41550,1693227764161,1692255499933,1692255499936,1693227764170,9,3,6
41551,1693227764170,1692255499941,1692255499945,1693227764178,8,4,4
41552,1693227764178,1692255499949,1692255499952,1693227764185,7,3,4
41553,1693227764185,1692255499956,1692255499958,1693227764191,6,2,4
41554,1693227764191,1692255499963,1692255499967,1693227764199,8,4,4
41555,1693227764199,1692255499971,1692255499974,1693227764207,8,3,5
41556,1693227764207,1692255499978,1692255499981,1693227764214,7,3,4
41557,1693227764214,1692255499986,1692255499989,1693227764222,8,3,5
41558,1693227764222,1692255499993,1692255499997,1693227764229,7,4,3
41559,1693227764229,1692255500001,1692255500003,1693227764236,7,2,5
41560,1693227764236,1692255500007,1692255500010,1693227764243,7,3,4
41561,1693227764243,1692255500018,1692255500020,1693227764253,10,2,8
41562,1693227764254,1692255500025,1692255500029,1693227764262,8,4,4
41563,1693227764262,1692255500033,1692255500037,1693227764270,8,4,4
41564,1693227764270,1692255500041,1692255500046,1693227764279,9,5,4
41565,1693227764279,1692255500051,1692255500054,1693227764287,8,3,5
41566,1693227764287,1692255500062,1692255500065,1693227764298,11,3,8
41567,1693227764298,1692255500070,1692255500073,1693227764306,8,3,5
41568,1693227764306,1692255500078,1692255500081,1693227764314,8,3,5
41569,1693227764314,1692255500086,1692255500089,1693227764322,8,3,5
41570,1693227764322,1692255500094,1692255500097,1693227764330,8,3,5
41571,1693227764330,1692255500102,1692255500105,1693227764337,7,3,4
41572,1693227764338,1692255500109,1692255500113,1693227764345,7,4,3
41573,1693227764345,1692255500118,1692255500120,1693227764353,8,2,6
41574,1693227764353,1692255500125,1692255500128,1693227764361,8,3,5
41575,1693227764361,1692255500132,1692255500136,1693227764368,7,4,3
41576,1693227764368,1692255500139,1692255500142,1693227764375,7,3,4
41577,1693227764375,1692255500146,1692255500150,1693227764383,8,4,4
41578,1693227764383,1692255500154,1692255500156,1693227764388,5,2,3
41579,1693227764389,1692255500160,1692255500163,1693227764396,7,3,4
41580,1693227764396,1692255500167,1692255500169,1693227764402,6,2,4
41581,1693227764402,1692255500174,1692255500177,1693227764410,8,3,5
41582,1693227764410,1692255500182,1692255500186,1693227764418,8,4,4
41583,1693227764419,1692255500190,1692255500194,1693227764427,8,4,4
41584,1693227764427,1692255500198,1692255500201,1693227764433,6,3,3
41585,1693227764433,1692255500205,1692255500208,1693227764440,7,3,4
41586,1693227764440,1692255500212,1692255500215,1693227764447,7,3,4
41587,1693227764447,1692255500219,1692255500222,1693227764455,8,3,5
41588,1693227764455,1692255500226,1692255500229,1693227764462,7,3,4
41589,1693227764462,1692255500233,1692255500236,1693227764469,7,3,4
41590,1693227764469,1692255500240,1692255500244,1693227764477,8,4,4
41591,1693227764477,1692255500249,1692255500252,1693227764485,8,3,5
41592,1693227764485,1692255500256,1692255500260,1693227764493,8,4,4
41593,1693227764493,1692255500264,1692255500267,1693227764500,7,3,4
41594,1693227764500,1692255500272,1692255500275,1693227764508,8,3,5
41595,1693227764508,1692255500279,1692255500282,1693227764515,7,3,4
41596,1693227764515,1692255500287,1692255500289,1693227764522,7,2,5
41597,1693227764522,1692255500296,1692255500299,1693227764532,10,3,7
41598,1693227764532,1692255500304,1692255500307,1693227764540,8,3,5
41599,1693227764540,1692255500312,1692255500316,1693227764548,8,4,4
41600,1693227764548,1692255500320,1692255500323,1693227764556,8,3,5
41601,1693227764556,1692255500327,1692255500332,1693227764565,9,5,4
41602,1693227764565,1692255500337,1692255500340,1693227764573,8,3,5
41603,1693227764573,1692255500344,1692255500348,1693227764581,8,4,4
41604,1693227764581,1692255500352,1692255500356,1693227764588,7,4,3
41605,1693227764588,1692255500361,1692255500364,1693227764597,9,3,6
41606,1693227764597,1692255500369,1692255500371,1693227764604,7,2,5
41607,1693227764604,1692255500375,1692255500378,1693227764611,7,3,4
41608,1693227764611,1692255500383,1692255500386,1693227764619,8,3,5
41609,1693227764619,1692255500390,1692255500394,1693227764630,11,4,7
41610,1693227764630,1692255500402,1692255500405,1693227764638,8,3,5
41611,1693227764638,1692255500410,1692255500415,1693227764648,10,5,5
41612,1693227764648,1692255500419,1692255500423,1693227764656,8,4,4
41613,1693227764656,1692255500427,1692255500430,1693227764663,7,3,4
41614,1693227764663,1692255500435,1692255500438,1693227764671,8,3,5
41615,1693227764671,1692255500442,1692255500445,1693227764678,7,3,4
41616,1693227764678,1692255500450,1692255500453,1693227764685,7,3,4
41617,1693227764685,1692255500456,1692255500460,1693227764693,8,4,4
41618,1693227764693,1692255500464,1692255500467,1693227764700,7,3,4
41619,1693227764700,1692255500471,1692255500474,1693227764707,7,3,4
41620,1693227764707,1692255500479,1692255500481,1693227764714,7,2,5
41621,1693227764714,1692255500486,1692255500489,1693227764722,8,3,5
41622,1693227764722,1692255500494,1692255500498,1693227764734,12,4,8
41623,1693227764734,1692255500509,1692255500512,1693227764753,19,3,16
41624,1693227764753,1692255500524,1692255500528,1693227764840,87,4,83
41625,1693227764840,1692255500612,1692255500615,1693227764848,8,3,5
41626,1693227764848,1692255500620,1692255500623,1693227764856,8,3,5
41627,1693227764856,1692255500627,1692255500631,1693227764864,8,4,4
41628,1693227764864,1692255500636,1692255500639,1693227764872,8,3,5
41629,1693227764872,1692255500643,1692255500647,1693227764879,7,4,3
41630,1693227764879,1692255500651,1692255500654,1693227764886,7,3,4
41631,1693227764886,1692255500658,1692255500663,1693227764896,10,5,5
41632,1693227764896,1692255500668,1692255500671,1693227764904,8,3,5
41633,1693227764904,1692255500675,1692255500678,1693227764911,7,3,4
41634,1693227764911,1692255500683,1692255500686,1693227764918,7,3,4
41635,1693227764918,1692255500690,1692255500693,1693227764927,9,3,6
41636,1693227764927,1692255500698,1692255500703,1693227764937,10,5,5
41637,1693227764937,1692255500708,1692255500712,1693227764945,8,4,4
41638,1693227764945,1692255500716,1692255500720,1693227764953,8,4,4
41639,1693227764953,1692255500725,1692255500728,1693227764961,8,3,5
41640,1693227764961,1692255500732,1692255500735,1693227764968,7,3,4
41641,1693227764968,1692255500740,1692255500744,1693227764977,9,4,5
41642,1693227764977,1692255500748,1692255500751,1693227764984,7,3,4
41643,1693227764984,1692255500755,1692255500757,1693227764990,6,2,4
41644,1693227764990,1692255500762,1692255500765,1693227764998,8,3,5
41645,1693227764998,1692255500770,1692255500774,1693227765007,9,4,5
41646,1693227765007,1692255500778,1692255500781,1693227765014,7,3,4
41647,1693227765014,1692255500787,1692255500789,1693227765022,8,2,6
41648,1693227765022,1692255500794,1692255500798,1693227765031,9,4,5
41649,1693227765031,1692255500803,1692255500806,1693227765039,8,3,5
41650,1693227765039,1692255500811,1692255500815,1693227765048,9,4,5
41651,1693227765048,1692255500819,1692255500822,1693227765055,7,3,4
41652,1693227765055,1692255500827,1692255500829,1693227765063,8,2,6
41653,1693227765063,1692255500836,1692255500840,1693227765073,10,4,6
41654,1693227765073,1692255500844,1692255500848,1693227765081,8,4,4
41655,1693227765081,1692255500853,1692255500856,1693227765089,8,3,5
41656,1693227765089,1692255500860,1692255500863,1693227765096,7,3,4
41657,1693227765096,1692255500868,1692255500871,1693227765104,8,3,5
41658,1693227765104,1692255500877,1692255500880,1693227765113,9,3,6
41659,1693227765113,1692255500885,1692255500888,1693227765121,8,3,5
41660,1693227765121,1692255500892,1692255500895,1693227765128,7,3,4
41661,1693227765128,1692255500900,1692255500903,1693227765136,8,3,5
41662,1693227765136,1692255500907,1692255500910,1693227765143,7,3,4
41663,1693227765143,1692255500915,1692255500917,1693227765150,7,2,5
41664,1693227765150,1692255500922,1692255500925,1693227765158,8,3,5
41665,1693227765158,1692255500930,1692255500933,1693227765166,8,3,5
41666,1693227765166,1692255500937,1692255500940,1693227765176,10,3,7
41667,1693227765176,1692255500948,1692255500951,1693227765184,8,3,5
41668,1693227765184,1692255500955,1692255500959,1693227765192,8,4,4
41669,1693227765192,1692255500964,1692255500967,1693227765200,8,3,5
41670,1693227765200,1692255500972,1692255500975,1693227765208,8,3,5
41671,1693227765208,1692255500981,1692255500984,1693227765217,9,3,6
41672,1693227765217,1692255500991,1692255500994,1693227765227,10,3,7
41673,1693227765227,1692255500999,1692255501003,1693227765236,9,4,5
41674,1693227765236,1692255501007,1692255501010,1693227765244,8,3,5
41675,1693227765244,1692255501017,1692255501020,1693227765253,9,3,6
41676,1693227765253,1692255501024,1692255501028,1693227765261,8,4,4
41677,1693227765261,1692255501033,1692255501036,1693227765270,9,3,6
41678,1693227765270,1692255501041,1692255501044,1693227765277,7,3,4
41679,1693227765277,1692255501049,1692255501052,1693227765285,8,3,5
41680,1693227765285,1692255501057,1692255501060,1693227765293,8,3,5
41681,1693227765293,1692255501064,1692255501068,1693227765300,7,4,3
41682,1693227765300,1692255501072,1692255501075,1693227765308,8,3,5
41683,1693227765308,1692255501080,1692255501083,1693227765316,8,3,5
41684,1693227765316,1692255501087,1692255501090,1693227765323,7,3,4
41685,1693227765323,1692255501095,1692255501098,1693227765331,8,3,5
41686,1693227765331,1692255501103,1692255501106,1693227765338,7,3,4
41687,1693227765338,1692255501110,1692255501113,1693227765347,9,3,6
41688,1693227765347,1692255501118,1692255501122,1693227765355,8,4,4
41689,1693227765355,1692255501127,1692255501130,1693227765363,8,3,5
41690,1693227765363,1692255501141,1692255501144,1693227765377,14,3,11
41691,1693227765377,1692255501148,1692255501154,1693227765387,10,6,4
41692,1693227765387,1692255501159,1692255501162,1693227765397,10,3,7
41693,1693227765397,1692255501169,1692255501172,1693227765405,8,3,5
41694,1693227765405,1692255501176,1692255501180,1693227765413,8,4,4
41695,1693227765413,1692255501184,1692255501187,1693227765420,7,3,4
41696,1693227765420,1692255501192,1692255501196,1693227765429,9,4,5
41697,1693227765429,1692255501201,1692255501204,1693227765437,8,3,5
41698,1693227765437,1692255501209,1692255501212,1693227765445,8,3,5
41699,1693227765445,1692255501219,1692255501222,1693227765455,10,3,7
41700,1693227765455,1692255501226,1692255501230,1693227765463,8,4,4
41701,1693227765463,1692255501235,1692255501238,1693227765472,9,3,6
41702,1693227765472,1692255501251,1692255501255,1693227765488,16,4,12
41703,1693227765488,1692255501260,1692255501263,1693227765496,8,3,5
41704,1693227765496,1692255501275,1692255501278,1693227765511,15,3,12
41705,1693227765511,1692255501283,1692255501287,1693227765520,9,4,5
41706,1693227765520,1692255501291,1692255501294,1693227765527,7,3,4
41707,1693227765527,1692255501299,1692255501302,1693227765535,8,3,5
41708,1693227765535,1692255501306,1692255501310,1693227765542,7,4,3
41709,1693227765542,1692255501313,1692255501318,1693227765551,9,5,4
41710,1693227765551,1692255501322,1692255501325,1693227765558,7,3,4
41711,1693227765558,1692255501329,1692255501332,1693227765565,7,3,4
41712,1693227765565,1692255501336,1692255501340,1693227765573,8,4,4
41713,1693227765573,1692255501345,1692255501348,1693227765581,8,3,5
41714,1693227765581,1692255501353,1692255501356,1693227765589,8,3,5
41715,1693227765589,1692255501361,1692255501364,1693227765597,8,3,5
41716,1693227765597,1692255501369,1692255501372,1693227765605,8,3,5
41717,1693227765606,1692255501378,1692255501381,1693227765614,8,3,5
41718,1693227765614,1692255501386,1692255501388,1693227765621,7,2,5
41719,1693227765621,1692255501392,1692255501395,1693227765628,7,3,4
41720,1693227765628,1692255501399,1692255501402,1693227765635,7,3,4
41721,1693227765635,1692255501406,1692255501409,1693227765642,7,3,4
41722,1693227765642,1692255501414,1692255501418,1693227765651,9,4,5
41723,1693227765651,1692255501424,1692255501428,1693227765660,9,4,5
41724,1693227765660,1692255501432,1692255501435,1693227765668,8,3,5
41725,1693227765668,1692255501440,1692255501443,1693227765676,8,3,5
41726,1693227765676,1692255501448,1692255501452,1693227765684,8,4,4
41727,1693227765684,1692255501455,1692255501459,1693227765692,8,4,4
41728,1693227765692,1692255501464,1692255501467,1693227765700,8,3,5
41729,1693227765700,1692255501472,1692255501475,1693227765708,8,3,5
41730,1693227765708,1692255501479,1692255501482,1693227765715,7,3,4
41731,1693227765715,1692255501487,1692255501490,1693227765723,8,3,5
41732,1693227765723,1692255501494,1692255501498,1693227765731,8,4,4
41733,1693227765731,1692255501503,1692255501507,1693227765740,9,4,5
41734,1693227765740,1692255501511,1692255501515,1693227765748,8,4,4
41735,1693227765748,1692255501520,1692255501523,1693227765756,8,3,5
41736,1693227765756,1692255501528,1692255501532,1693227765765,9,4,5
41737,1693227765765,1692255501537,1692255501540,1693227765773,8,3,5
41738,1693227765773,1692255501545,1692255501548,1693227765782,9,3,6
41739,1693227765782,1692255501553,1692255501558,1693227765791,9,5,4
41740,1693227765791,1692255501563,1692255501566,1693227765799,8,3,5
41741,1693227765799,1692255501570,1692255501574,1693227765807,8,4,4
41742,1693227765807,1692255501579,1692255501583,1693227765816,9,4,5
41743,1693227765816,1692255501587,1692255501590,1693227765823,7,3,4
41744,1693227765823,1692255501594,1692255501598,1693227765831,8,4,4
41745,1693227765831,1692255501603,1692255501608,1693227765841,10,5,5
41746,1693227765841,1692255501612,1692255501616,1693227765849,8,4,4
41747,1693227765849,1692255501620,1692255501623,1693227765858,9,3,6
41748,1693227765858,1692255501630,1692255501634,1693227765866,8,4,4
41749,1693227765866,1692255501637,1692255501641,1693227765874,8,4,4
41750,1693227765874,1692255501645,1692255501649,1693227765882,8,4,4
41751,1693227765882,1692255501654,1692255501657,1693227765890,8,3,5
41752,1693227765890,1692255501662,1692255501665,1693227765898,8,3,5
41753,1693227765898,1692255501670,1692255501673,1693227765906,8,3,5
41754,1693227765906,1692255501677,1692255501680,1693227765913,7,3,4
41755,1693227765913,1692255501684,1692255501687,1693227765920,7,3,4
41756,1693227765920,1692255501691,1692255501695,1693227765928,8,4,4
41757,1693227765928,1692255501700,1692255501704,1693227765937,9,4,5
41758,1693227765937,1692255501709,1692255501712,1693227765945,8,3,5
41759,1693227765945,1692255501716,1692255501719,1693227765952,7,3,4
41760,1693227765952,1692255501723,1692255501726,1693227765961,9,3,6
41761,1693227765961,1692255501732,1692255501735,1693227765968,7,3,4
41762,1693227765968,1692255501739,1692255501742,1693227765975,7,3,4
41763,1693227765975,1692255501747,1692255501750,1693227765986,11,3,8
41764,1693227765986,1692255501758,1692255501761,1693227765994,8,3,5
41765,1693227765994,1692255501766,1692255501770,1693227766003,9,4,5
41766,1693227766003,1692255501775,1692255501778,1693227766011,8,3,5
41767,1693227766011,1692255501783,1692255501787,1693227766021,10,4,6
41768,1693227766021,1692255501792,1692255501795,1693227766028,7,3,4
41769,1693227766028,1692255501800,1692255501803,1693227766036,8,3,5
41770,1693227766036,1692255501807,1692255501810,1693227766043,7,3,4
41771,1693227766043,1692255501815,1692255501818,1693227766050,7,3,4
41772,1693227766050,1692255501822,1692255501826,1693227766059,9,4,5
41773,1693227766059,1692255501832,1692255501836,1693227766068,9,4,5
41774,1693227766068,1692255501839,1692255501842,1693227766075,7,3,4
41775,1693227766075,1692255501846,1692255501850,1693227766083,8,4,4
41776,1693227766083,1692255501854,1692255501857,1693227766090,7,3,4
41777,1693227766090,1692255501862,1692255501865,1693227766098,8,3,5
41778,1693227766098,1692255501869,1692255501873,1693227766106,8,4,4
41779,1693227766106,1692255501877,1692255501880,1693227766113,7,3,4
41780,1693227766113,1692255501884,1692255501888,1693227766120,7,4,3
41781,1693227766120,1692255501892,1692255501895,1693227766128,8,3,5
41782,1693227766128,1692255501902,1692255501906,1693227766139,11,4,7
41783,1693227766139,1692255501912,1692255501915,1693227766148,9,3,6
41784,1693227766148,1692255501919,1692255501923,1693227766156,8,4,4
41785,1693227766156,1692255501927,1692255501930,1693227766166,10,3,7
41786,1693227766166,1692255501938,1692255501942,1693227766175,9,4,5
41787,1693227766175,1692255501946,1692255501950,1693227766183,8,4,4
41788,1693227766183,1692255501954,1692255501957,1693227766190,7,3,4
41789,1693227766190,1692255501962,1692255501965,1693227766197,7,3,4
41790,1693227766197,1692255501968,1692255501972,1693227766204,7,4,3
41791,1693227766204,1692255501976,1692255501979,1693227766212,8,3,5
41792,1693227766212,1692255501984,1692255501988,1693227766221,9,4,5
41793,1693227766221,1692255501992,1692255501996,1693227766229,8,4,4
41794,1693227766229,1692255502001,1692255502004,1693227766236,7,3,4
41795,1693227766236,1692255502008,1692255502011,1693227766244,8,3,5
41796,1693227766244,1692255502016,1692255502020,1693227766252,8,4,4
41797,1693227766252,1692255502024,1692255502028,1693227766261,9,4,5
41798,1693227766261,1692255502032,1692255502035,1693227766268,7,3,4
41799,1693227766268,1692255502040,1692255502043,1693227766276,8,3,5
41800,1693227766276,1692255502048,1692255502051,1693227766284,8,3,5
41801,1693227766284,1692255502055,1692255502058,1693227766291,7,3,4
41802,1693227766291,1692255502063,1692255502066,1693227766299,8,3,5
41803,1693227766299,1692255502070,1692255502073,1693227766306,7,3,4
41804,1693227766306,1692255502078,1692255502081,1693227766314,8,3,5
41805,1693227766314,1692255502085,1692255502089,1693227766322,8,4,4
41806,1693227766322,1692255502094,1692255502097,1693227766330,8,3,5
41807,1693227766330,1692255502102,1692255502106,1693227766339,9,4,5
41808,1693227766339,1692255502111,1692255502114,1693227766347,8,3,5
41809,1693227766347,1692255502119,1692255502123,1693227766355,8,4,4
41810,1693227766355,1692255502127,1692255502130,1693227766363,8,3,5
41811,1693227766363,1692255502135,1692255502138,1693227766371,8,3,5
41812,1693227766371,1692255502142,1692255502146,1693227766379,8,4,4
41813,1693227766379,1692255502150,1692255502153,1693227766386,7,3,4
41814,1693227766386,1692255502157,1692255502160,1693227766393,7,3,4
41815,1693227766393,1692255502164,1692255502167,1693227766400,7,3,4
41816,1693227766400,1692255502171,1692255502174,1693227766407,7,3,4
41817,1693227766407,1692255502179,1692255502181,1693227766414,7,2,5
41818,1693227766414,1692255502186,1692255502193,1693227766426,12,7,5
41819,1693227766426,1692255502197,1692255502200,1693227766433,7,3,4
41820,1693227766433,1692255502205,1692255502208,1693227766441,8,3,5
41821,1693227766441,1692255502214,1692255502218,1693227766450,9,4,5
41822,1693227766450,1692255502221,1692255502225,1693227766458,8,4,4
41823,1693227766458,1692255502229,1692255502232,1693227766465,7,3,4
41824,1693227766465,1692255502236,1692255502240,1693227766473,8,4,4
41825,1693227766473,1692255502244,1692255502248,1693227766481,8,4,4
41826,1693227766481,1692255502253,1692255502256,1693227766489,8,3,5
41827,1693227766489,1692255502266,1692255502269,1693227766502,13,3,10
41828,1693227766502,1692255502274,1692255502277,1693227766510,8,3,5
41829,1693227766510,1692255502282,1692255502285,1693227766517,7,3,4
41830,1693227766517,1692255502288,1692255502291,1693227766524,7,3,4
41831,1693227766524,1692255502296,1692255502299,1693227766532,8,3,5
41832,1693227766532,1692255502313,1692255502317,1693227766550,18,4,14
41833,1693227766550,1692255502321,1692255502324,1693227766557,7,3,4
41834,1693227766557,1692255502328,1692255502332,1693227766565,8,4,4
41835,1693227766565,1692255502336,1692255502339,1693227766572,7,3,4
41836,1693227766572,1692255502345,1692255502349,1693227766582,10,4,6
41837,1693227766582,1692255502353,1692255502356,1693227766589,7,3,4
41838,1693227766589,1692255502360,1692255502364,1693227766597,8,4,4
41839,1693227766597,1692255502368,1692255502371,1693227766604,7,3,4
41840,1693227766604,1692255502376,1692255502380,1693227766612,8,4,4
41841,1693227766613,1692255502384,1692255502387,1693227766620,7,3,4
41842,1693227766620,1692255502391,1692255502394,1693227766627,7,3,4
41843,1693227766627,1692255502398,1692255502402,1693227766634,7,4,3
41844,1693227766635,1692255502406,1692255502409,1693227766642,7,3,4
41845,1693227766642,1692255502413,1692255502417,1693227766649,7,4,3
41846,1693227766649,1692255502421,1692255502424,1693227766657,8,3,5
41847,1693227766657,1692255502429,1692255502432,1693227766665,8,3,5
41848,1693227766665,1692255502437,1692255502440,1693227766673,8,3,5
41849,1693227766673,1692255502447,1692255502450,1693227766683,10,3,7
41850,1693227766683,1692255502454,1692255502457,1693227766690,7,3,4
41851,1693227766690,1692255502461,1692255502465,1693227766698,8,4,4
41852,1693227766698,1692255502469,1692255502473,1693227766706,8,4,4
41853,1693227766706,1692255502478,1692255502481,1693227766714,8,3,5
41854,1693227766714,1692255502486,1692255502489,1693227766722,8,3,5
41855,1693227766722,1692255502495,1692255502500,1693227766733,11,5,6
41856,1693227766733,1692255502504,1692255502507,1693227766739,6,3,3
41857,1693227766740,1692255502515,1692255502519,1693227766751,11,4,7
41858,1693227766751,1692255502530,1692255502534,1693227766767,16,4,12
41859,1693227766767,1692255502538,1692255502541,1693227766774,7,3,4
41860,1693227766774,1692255502546,1692255502549,1693227766782,8,3,5
41861,1693227766782,1692255502553,1692255502557,1693227766790,8,4,4
41862,1693227766790,1692255502561,1692255502565,1693227766798,8,4,4
41863,1693227766798,1692255502569,1692255502572,1693227766805,7,3,4
41864,1693227766805,1692255502576,1692255502580,1693227766813,8,4,4
41865,1693227766813,1692255502584,1692255502587,1693227766820,7,3,4
41866,1693227766820,1692255502592,1692255502596,1693227766828,8,4,4
41867,1693227766829,1692255502600,1692255502604,1693227766837,8,4,4
41868,1693227766837,1692255502609,1692255502613,1693227766846,9,4,5
41869,1693227766846,1692255502617,1692255502619,1693227766852,6,2,4
41870,1693227766852,1692255502623,1692255502627,1693227766860,8,4,4
41871,1693227766860,1692255502631,1692255502634,1693227766867,7,3,4
41872,1693227766867,1692255502638,1692255502642,1693227766875,8,4,4
41873,1693227766875,1692255502646,1692255502650,1693227766883,8,4,4
41874,1693227766883,1692255502655,1692255502658,1693227766891,8,3,5
41875,1693227766891,1692255502662,1692255502664,1693227766897,6,2,4
41876,1693227766897,1692255502669,1692255502672,1693227766905,8,3,5
41877,1693227766905,1692255502678,1692255502681,1693227766914,9,3,6
41878,1693227766914,1692255502685,1692255502688,1693227766921,7,3,4
41879,1693227766921,1692255502693,1692255502696,1693227766929,8,3,5
41880,1693227766929,1692255502700,1692255502703,1693227766936,7,3,4
41881,1693227766936,1692255502707,1692255502710,1693227766943,7,3,4
41882,1693227766943,1692255502715,1692255502718,1693227766951,8,3,5
41883,1693227766951,1692255502722,1692255502725,1693227766958,7,3,4
41884,1693227766958,1692255502730,1692255502735,1693227766968,10,5,5
41885,1693227766968,1692255502739,1692255502742,1693227766974,6,3,3
41886,1693227766974,1692255502746,1692255502749,1693227766984,10,3,7
41887,1693227766984,1692255502756,1692255502759,1693227766991,7,3,4
41888,1693227766991,1692255502763,1692255502766,1693227766999,8,3,5
41889,1693227766999,1692255502771,1692255502775,1693227767008,9,4,5
41890,1693227767008,1692255502779,1692255502783,1693227767016,8,4,4
41891,1693227767016,1692255502788,1692255502791,1693227767024,8,3,5
41892,1693227767024,1692255502796,1692255502801,1693227767034,10,5,5
41893,1693227767034,1692255502806,1692255502808,1693227767041,7,2,5
41894,1693227767041,1692255502813,1692255502816,1693227767049,8,3,5
41895,1693227767049,1692255502820,1692255502823,1693227767056,7,3,4
41896,1693227767056,1692255502827,1692255502830,1693227767063,7,3,4
41897,1693227767063,1692255502834,1692255502837,1693227767070,7,3,4
41898,1693227767070,1692255502842,1692255502846,1693227767078,8,4,4
41899,1693227767078,1692255502850,1692255502853,1693227767087,9,3,6
41900,1693227767087,1692255502859,1692255502862,1693227767095,8,3,5
41901,1693227767095,1692255502866,1692255502869,1693227767102,7,3,4
41902,1693227767102,1692255502873,1692255502876,1693227767109,7,3,4
41903,1693227767109,1692255502880,1692255502884,1693227767117,8,4,4
41904,1693227767117,1692255502888,1692255502892,1693227767125,8,4,4
41905,1693227767125,1692255502897,1692255502900,1693227767133,8,3,5
41906,1693227767133,1692255502904,1692255502907,1693227767139,6,3,3
41907,1693227767139,1692255502911,1692255502916,1693227767148,9,5,4
41908,1693227767148,1692255502920,1692255502923,1693227767156,8,3,5
41909,1693227767156,1692255502928,1692255502932,1693227767165,9,4,5
41910,1693227767165,1692255502936,1692255502939,1693227767172,7,3,4
41911,1693227767172,1692255502943,1692255502946,1693227767179,7,3,4
41912,1693227767179,1692255502951,1692255502955,1693227767190,11,4,7
41913,1693227767190,1692255502961,1692255502965,1693227767198,8,4,4
41914,1693227767198,1692255502970,1692255502973,1693227767206,8,3,5
41915,1693227767206,1692255502977,1692255502980,1693227767212,6,3,3
41916,1693227767212,1692255502984,1692255502987,1693227767220,8,3,5
41917,1693227767220,1692255502992,1692255502995,1693227767228,8,3,5
41918,1693227767228,1692255503000,1692255503003,1693227767236,8,3,5
41919,1693227767236,1692255503008,1692255503011,1693227767244,8,3,5
41920,1693227767244,1692255503017,1692255503019,1693227767252,8,2,6
41921,1693227767252,1692255503025,1692255503027,1693227767260,8,2,6
41922,1693227767260,1692255503031,1692255503034,1693227767267,7,3,4
41923,1693227767267,1692255503039,1692255503042,1693227767275,8,3,5
41924,1693227767275,1692255503046,1692255503049,1693227767282,7,3,4
41925,1693227767282,1692255503054,1692255503057,1693227767292,10,3,7
41926,1693227767292,1692255503063,1692255503066,1693227767299,7,3,4
41927,1693227767299,1692255503070,1692255503073,1693227767306,7,3,4
41928,1693227767306,1692255503078,1692255503082,1693227767315,9,4,5
41929,1693227767315,1692255503087,1692255503092,1693227767325,10,5,5
41930,1693227767325,1692255503097,1692255503100,1693227767333,8,3,5
41931,1693227767333,1692255503105,1692255503108,1693227767341,8,3,5
41932,1693227767341,1692255503113,1692255503116,1693227767349,8,3,5
41933,1693227767349,1692255503120,1692255503123,1693227767356,7,3,4
41934,1693227767356,1692255503128,1692255503131,1693227767364,8,3,5
41935,1693227767364,1692255503137,1692255503140,1693227767373,9,3,6
41936,1693227767373,1692255503145,1692255503148,1693227767382,9,3,6
41937,1693227767382,1692255503154,1692255503158,1693227767391,9,4,5
41938,1693227767391,1692255503164,1692255503167,1693227767400,9,3,6
41939,1693227767400,1692255503172,1692255503176,1693227767409,9,4,5
41940,1693227767409,1692255503180,1692255503184,1693227767417,8,4,4
41941,1693227767417,1692255503190,1692255503193,1693227767426,9,3,6
41942,1693227767426,1692255503198,1692255503202,1693227767435,9,4,5
41943,1693227767435,1692255503206,1692255503209,1693227767442,7,3,4
41944,1693227767442,1692255503214,1692255503217,1693227767450,8,3,5
41945,1693227767450,1692255503222,1692255503225,1693227767458,8,3,5
41946,1693227767458,1692255503230,1692255503233,1693227767465,7,3,4
41947,1693227767465,1692255503237,1692255503240,1693227767473,8,3,5
41948,1693227767473,1692255503245,1692255503248,1693227767481,8,3,5
41949,1693227767481,1692255503252,1692255503255,1693227767488,7,3,4
41950,1693227767488,1692255503260,1692255503263,1693227767496,8,3,5
41951,1693227767496,1692255503268,1692255503272,1693227767506,10,4,6
41952,1693227767506,1692255503278,1692255503281,1693227767514,8,3,5
41953,1693227767514,1692255503286,1692255503289,1693227767522,8,3,5
41954,1693227767522,1692255503294,1692255503297,1693227767530,8,3,5
41955,1693227767530,1692255503302,1692255503305,1693227767537,7,3,4
41956,1693227767537,1692255503309,1692255503312,1693227767545,8,3,5
41957,1693227767545,1692255503318,1692255503322,1693227767555,10,4,6
41958,1693227767555,1692255503327,1692255503330,1693227767566,11,3,8
41959,1693227767566,1692255503338,1692255503341,1693227767574,8,3,5
41960,1693227767574,1692255503347,1692255503350,1693227767583,9,3,6
41961,1693227767583,1692255503355,1692255503361,1693227767594,11,6,5
41962,1693227767594,1692255503369,1692255503372,1693227767613,19,3,16
41963,1693227767613,1692255503391,1692255503394,1693227767628,15,3,12
41964,1693227767628,1692255503399,1692255503404,1693227767637,9,5,4
41965,1693227767637,1692255503409,1692255503412,1693227767645,8,3,5
41966,1693227767645,1692255503417,1692255503421,1693227767654,9,4,5
41967,1693227767654,1692255503426,1692255503429,1693227767662,8,3,5
41968,1693227767662,1692255503434,1692255503437,1693227767670,8,3,5
41969,1693227767670,1692255503442,1692255503445,1693227767678,8,3,5
41970,1693227767678,1692255503450,1692255503452,1693227767685,7,2,5
41971,1693227767685,1692255503458,1692255503461,1693227767694,9,3,6
41972,1693227767694,1692255503465,1692255503468,1693227767702,8,3,5
41973,1693227767702,1692255503486,1692255503489,1693227767722,20,3,17
41974,1693227767722,1692255503493,1692255503496,1693227767729,7,3,4
41975,1693227767729,1692255503500,1692255503503,1693227767736,7,3,4
41976,1693227767736,1692255503508,1692255503511,1693227767744,8,3,5
41977,1693227767744,1692255503516,1692255503519,1693227767752,8,3,5
41978,1693227767752,1692255503523,1692255503526,1693227767758,6,3,3
41979,1693227767758,1692255503530,1692255503532,1693227767765,7,2,5
41980,1693227767765,1692255503537,1692255503540,1693227767773,8,3,5
41981,1693227767773,1692255503544,1692255503548,1693227767781,8,4,4
41982,1693227767781,1692255503552,1692255503556,1693227767788,7,4,3
41983,1693227767788,1692255503561,1692255503565,1693227767797,9,4,5
41984,1693227767798,1692255503569,1692255503572,1693227767805,7,3,4
41985,1693227767805,1692255503577,1692255503580,1693227767812,7,3,4
41986,1693227767812,1692255503584,1692255503587,1693227767820,8,3,5
41987,1693227767820,1692255503591,1692255503595,1693227767828,8,4,4
41988,1693227767828,1692255503600,1692255503603,1693227767836,8,3,5
41989,1693227767836,1692255503607,1692255503610,1693227767843,7,3,4
41990,1693227767843,1692255503614,1692255503618,1693227767850,7,4,3
41991,1693227767850,1692255503622,1692255503626,1693227767859,9,4,5
41992,1693227767859,1692255503630,1692255503633,1693227767866,7,3,4
41993,1693227767866,1692255503637,1692255503640,1693227767873,7,3,4
41994,1693227767873,1692255503645,1692255503649,1693227767882,9,4,5
41995,1693227767882,1692255503653,1692255503657,1693227767889,7,4,3
41996,1693227767889,1692255503662,1692255503666,1693227767899,10,4,6
41997,1693227767899,1692255503670,1692255503673,1693227767906,7,3,4
41998,1693227767906,1692255503678,1692255503681,1693227767914,8,3,5
41999,1693227767914,1692255503685,1692255503688,1693227767921,7,3,4
42000,1693227767921,1692255503693,1692255503696,1693227767929,8,3,5
42001,1693227767929,1692255503701,1692255503706,1693227767939,10,5,5
42002,1693227767939,1692255503710,1692255503714,1693227767946,7,4,3
42003,1693227767946,1692255503717,1692255503720,1693227767953,7,3,4
42004,1693227767953,1692255503724,1692255503727,1693227767960,7,3,4
42005,1693227767960,1692255503731,1692255503734,1693227767967,7,3,4
42006,1693227767967,1692255503739,1692255503743,1693227767975,8,4,4
42007,1693227767976,1692255503747,1692255503750,1693227767983,7,3,4
42008,1693227767983,1692255503755,1692255503758,1693227767991,8,3,5
42009,1693227767991,1692255503762,1692255503765,1693227767998,7,3,4
42010,1693227767998,1692255503769,1692255503773,1693227768006,8,4,4
42011,1693227768006,1692255503778,1692255503781,1693227768014,8,3,5
42012,1693227768014,1692255503786,1692255503789,1693227768022,8,3,5
42013,1693227768022,1692255503799,1692255503802,1693227768035,13,3,10
42014,1693227768035,1692255503807,1692255503810,1693227768043,8,3,5
42015,1693227768043,1692255503821,1692255503824,1693227768057,14,3,11
42016,1693227768057,1692255503830,1692255503833,1693227768066,9,3,6
42017,1693227768066,1692255503837,1692255503840,1693227768073,7,3,4
42018,1693227768073,1692255503844,1692255503847,1693227768080,7,3,4
42019,1693227768080,1692255503851,1692255503856,1693227768089,9,5,4
42020,1693227768089,1692255503861,1692255503864,1693227768097,8,3,5
42021,1693227768097,1692255503869,1692255503872,1693227768106,9,3,6
42022,1693227768106,1692255503878,1692255503881,1693227768114,8,3,5
42023,1693227768114,1692255503885,1692255503889,1693227768122,8,4,4
42024,1693227768122,1692255503894,1692255503897,1693227768130,8,3,5
42025,1693227768130,1692255503901,1692255503904,1693227768137,7,3,4
42026,1693227768137,1692255503909,1692255503912,1693227768145,8,3,5
42027,1693227768145,1692255503916,1692255503920,1693227768152,7,4,3
42028,1693227768152,1692255503924,1692255503927,1693227768160,8,3,5
42029,1693227768160,1692255503931,1692255503934,1693227768167,7,3,4
42030,1693227768167,1692255503938,1692255503942,1693227768175,8,4,4
42031,1693227768175,1692255503946,1692255503949,1693227768182,7,3,4
42032,1693227768182,1692255503954,1692255503957,1693227768194,12,3,9
42033,1693227768194,1692255503965,1692255503969,1693227768202,8,4,4
42034,1693227768202,1692255503974,1692255503977,1693227768210,8,3,5
42035,1693227768210,1692255503984,1692255503987,1693227768220,10,3,7
42036,1693227768220,1692255503992,1692255503997,1693227768230,10,5,5
42037,1693227768230,1692255504002,1692255504005,1693227768238,8,3,5
42038,1693227768238,1692255504010,1692255504013,1693227768246,8,3,5
42039,1693227768246,1692255504018,1692255504022,1693227768255,9,4,5
42040,1693227768255,1692255504026,1692255504029,1693227768262,7,3,4
42041,1693227768262,1692255504034,1692255504038,1693227768271,9,4,5
42042,1693227768271,1692255504042,1692255504045,1693227768278,7,3,4
42043,1693227768278,1692255504049,1692255504053,1693227768285,7,4,3
42044,1693227768285,1692255504057,1692255504060,1693227768293,8,3,5
42045,1693227768293,1692255504064,1692255504068,1693227768300,7,4,3
42046,1693227768300,1692255504072,1692255504076,1693227768309,9,4,5
42047,1693227768309,1692255504081,1692255504084,1693227768317,8,3,5
42048,1693227768317,1692255504088,1692255504092,1693227768324,7,4,3
42049,1693227768324,1692255504095,1692255504098,1693227768331,7,3,4
42050,1693227768331,1692255504103,1692255504106,1693227768339,8,3,5
42051,1693227768339,1692255504110,1692255504114,1693227768347,8,4,4
42052,1693227768347,1692255504119,1692255504122,1693227768355,8,3,5
42053,1693227768355,1692255504126,1692255504129,1693227768362,7,3,4
42054,1693227768362,1692255504133,1692255504136,1693227768369,7,3,4
42055,1693227768369,1692255504141,1692255504145,1693227768377,8,4,4
42056,1693227768377,1692255504149,1692255504153,1693227768386,9,4,5
42057,1693227768386,1692255504157,1692255504160,1693227768393,7,3,4
42058,1693227768393,1692255504165,1692255504168,1693227768401,8,3,5
42059,1693227768401,1692255504172,1692255504175,1693227768408,7,3,4
42060,1693227768408,1692255504179,1692255504183,1693227768416,8,4,4
42061,1693227768416,1692255504188,1692255504191,1693227768424,8,3,5
42062,1693227768424,1692255504196,1692255504199,1693227768432,8,3,5
42063,1693227768432,1692255504203,1692255504206,1693227768439,7,3,4
42064,1693227768439,1692255504211,1692255504215,1693227768448,9,4,5
42065,1693227768448,1692255504219,1692255504223,1693227768456,8,4,4
42066,1693227768456,1692255504227,1692255504231,1693227768464,8,4,4
42067,1693227768464,1692255504236,1692255504239,1693227768472,8,3,5
42068,1693227768472,1692255504244,1692255504247,1693227768480,8,3,5
42069,1693227768480,1692255504251,1692255504255,1693227768488,8,4,4
42070,1693227768488,1692255504260,1692255504263,1693227768496,8,3,5
42071,1693227768496,1692255504268,1692255504270,1693227768503,7,2,5
42072,1693227768503,1692255504275,1692255504280,1693227768513,10,5,5
42073,1693227768513,1692255504284,1692255504287,1693227768520,7,3,4
42074,1693227768520,1692255504292,1692255504294,1693227768527,7,2,5
42075,1693227768527,1692255504298,1692255504302,1693227768535,8,4,4
42076,1693227768535,1692255504307,1692255504310,1693227768543,8,3,5
42077,1693227768543,1692255504314,1692255504317,1693227768550,7,3,4
42078,1693227768550,1692255504321,1692255504324,1693227768557,7,3,4
42079,1693227768557,1692255504329,1692255504333,1693227768566,9,4,5
42080,1693227768566,1692255504337,1692255504341,1693227768574,8,4,4
42081,1693227768574,1692255504345,1692255504349,1693227768582,8,4,4
42082,1693227768582,1692255504354,1692255504357,1693227768589,7,3,4
42083,1693227768589,1692255504361,1692255504364,1693227768597,8,3,5
42084,1693227768597,1692255504370,1692255504373,1693227768606,9,3,6
42085,1693227768606,1692255504377,1692255504380,1693227768613,7,3,4
42086,1693227768613,1692255504384,1692255504387,1693227768620,7,3,4
42087,1693227768620,1692255504393,1692255504396,1693227768629,9,3,6
42088,1693227768629,1692255504401,1692255504404,1693227768636,7,3,4
42089,1693227768636,1692255504408,1692255504412,1693227768645,9,4,5
42090,1693227768645,1692255504416,1692255504419,1693227768652,7,3,4
42091,1693227768652,1692255504424,1692255504427,1693227768660,8,3,5
42092,1693227768660,1692255504432,1692255504435,1693227768668,8,3,5
42093,1693227768668,1692255504440,1692255504442,1693227768675,7,2,5
42094,1693227768675,1692255504447,1692255504450,1693227768683,8,3,5
42095,1693227768683,1692255504454,1692255504457,1693227768690,7,3,4
42096,1693227768690,1692255504461,1692255504465,1693227768698,8,4,4
42097,1693227768698,1692255504471,1692255504474,1693227768706,8,3,5
42098,1693227768706,1692255504478,1692255504484,1693227768717,11,6,5
42099,1693227768717,1692255504488,1692255504491,1693227768726,9,3,6
42100,1693227768726,1692255504498,1692255504501,1693227768734,8,3,5
42101,1693227768734,1692255504505,1692255504509,1693227768742,8,4,4
42102,1693227768742,1692255504516,1692255504519,1693227768752,10,3,7
42103,1693227768752,1692255504523,1692255504527,1693227768760,8,4,4
42104,1693227768760,1692255504532,1692255504535,1693227768768,8,3,5
42105,1693227768768,1692255504539,1692255504543,1693227768785,17,4,13
42106,1693227768785,1692255504557,1692255504560,1693227768793,8,3,5
42107,1693227768793,1692255504564,1692255504568,1693227768801,8,4,4
42108,1693227768801,1692255504573,1692255504577,1693227768810,9,4,5
42109,1693227768810,1692255504581,1692255504584,1693227768817,7,3,4
42110,1693227768817,1692255504589,1692255504592,1693227768824,7,3,4
42111,1693227768824,1692255504598,1692255504601,1693227768834,10,3,7
42112,1693227768834,1692255504606,1692255504609,1693227768842,8,3,5
42113,1693227768842,1692255504614,1692255504618,1693227768850,8,4,4
42114,1693227768850,1692255504622,1692255504624,1693227768857,7,2,5
42115,1693227768857,1692255504629,1692255504632,1693227768865,8,3,5
42116,1693227768865,1692255504636,1692255504640,1693227768873,8,4,4
42117,1693227768873,1692255504644,1692255504648,1693227768880,7,4,3
42118,1693227768881,1692255504652,1692255504655,1693227768888,7,3,4
42119,1693227768888,1692255504659,1692255504662,1693227768895,7,3,4
42120,1693227768895,1692255504667,1692255504670,1693227768903,8,3,5
42121,1693227768903,1692255504675,1692255504678,1693227768911,8,3,5
42122,1693227768911,1692255504683,1692255504687,1693227768920,9,4,5
42123,1693227768920,1692255504692,1692255504695,1693227768930,10,3,7
42124,1693227768930,1692255504704,1692255504708,1693227768941,11,4,7
42125,1693227768941,1692255504712,1692255504715,1693227768948,7,3,4
42126,1693227768948,1692255504720,1692255504723,1693227768957,9,3,6
42127,1693227768957,1692255504728,1692255504732,1693227768965,8,4,4
42128,1693227768965,1692255504737,1692255504740,1693227768973,8,3,5
42129,1693227768973,1692255504744,1692255504747,1693227768980,7,3,4
42130,1693227768980,1692255504751,1692255504755,1693227768988,8,4,4
42131,1693227768988,1692255504759,1692255504763,1693227768996,8,4,4
42132,1693227768996,1692255504768,1692255504774,1693227769007,11,6,5
42133,1693227769007,1692255504779,1692255504782,1693227769015,8,3,5
42134,1693227769015,1692255504786,1692255504789,1693227769022,7,3,4
42135,1693227769022,1692255504794,1692255504797,1693227769030,8,3,5
42136,1693227769030,1692255504802,1692255504805,1693227769038,8,3,5
42137,1693227769038,1692255504810,1692255504814,1693227769047,9,4,5
42138,1693227769047,1692255504818,1692255504821,1693227769054,7,3,4
42139,1693227769054,1692255504825,1692255504829,1693227769062,8,4,4
42140,1693227769062,1692255504834,1692255504837,1693227769070,8,3,5
42141,1693227769070,1692255504841,1692255504845,1693227769078,8,4,4
42142,1693227769078,1692255504850,1692255504853,1693227769086,8,3,5
42143,1693227769086,1692255504857,1692255504860,1693227769092,6,3,3
42144,1693227769092,1692255504864,1692255504867,1693227769100,8,3,5
42145,1693227769100,1692255504872,1692255504877,1693227769109,9,5,4
42146,1693227769109,1692255504882,1692255504885,1693227769117,8,3,5
42147,1693227769117,1692255504889,1692255504892,1693227769125,8,3,5
42148,1693227769125,1692255504896,1692255504899,1693227769132,7,3,4
42149,1693227769132,1692255504905,1692255504909,1693227769142,10,4,6
42150,1693227769142,1692255504913,1692255504916,1693227769149,7,3,4
42151,1693227769149,1692255504921,1692255504924,1693227769157,8,3,5
42152,1693227769157,1692255504929,1692255504932,1693227769164,7,3,4
42153,1693227769164,1692255504936,1692255504939,1693227769171,7,3,4
42154,1693227769171,1692255504943,1692255504945,1693227769178,7,2,5
42155,1693227769178,1692255504949,1692255504952,1693227769185,7,3,4
42156,1693227769185,1692255504956,1692255504959,1693227769192,7,3,4
42157,1693227769192,1692255504964,1692255504967,1693227769200,8,3,5
42158,1693227769200,1692255504972,1692255504975,1693227769208,8,3,5
42159,1693227769208,1692255504980,1692255504983,1693227769216,8,3,5
42160,1693227769216,1692255504987,1692255504990,1693227769223,7,3,4
42161,1693227769223,1692255504995,1692255504998,1693227769231,8,3,5
42162,1693227769231,1692255505003,1692255505006,1693227769239,8,3,5
42163,1693227769239,1692255505011,1692255505015,1693227769247,8,4,4
42164,1693227769248,1692255505019,1692255505021,1693227769254,6,2,4
42165,1693227769254,1692255505025,1692255505028,1693227769261,7,3,4
42166,1693227769261,1692255505032,1692255505035,1693227769268,7,3,4
42167,1693227769268,1692255505040,1692255505043,1693227769276,8,3,5
42168,1693227769276,1692255505047,1692255505051,1693227769284,8,4,4
42169,1693227769284,1692255505056,1692255505060,1693227769292,8,4,4
42170,1693227769292,1692255505063,1692255505067,1693227769300,8,4,4
42171,1693227769300,1692255505072,1692255505075,1693227769308,8,3,5
42172,1693227769308,1692255505080,1692255505083,1693227769316,8,3,5
42173,1693227769316,1692255505088,1692255505091,1693227769324,8,3,5
42174,1693227769324,1692255505096,1692255505099,1693227769332,8,3,5
42175,1693227769332,1692255505111,1692255505114,1693227769347,15,3,12
42176,1693227769347,1692255505118,1692255505121,1693227769354,7,3,4
42177,1693227769354,1692255505125,1692255505129,1693227769362,8,4,4
42178,1693227769362,1692255505136,1692255505139,1693227769373,11,3,8
42179,1693227769373,1692255505144,1692255505148,1693227769383,10,4,6
42180,1693227769383,1692255505155,1692255505158,1693227769391,8,3,5
42181,1693227769391,1692255505162,1692255505165,1693227769398,7,3,4
42182,1693227769398,1692255505170,1692255505174,1693227769407,9,4,5
42183,1693227769407,1692255505179,1692255505182,1693227769414,7,3,4
42184,1693227769414,1692255505185,1692255505188,1693227769421,7,3,4
42185,1693227769421,1692255505193,1692255505196,1693227769428,7,3,4
42186,1693227769428,1692255505200,1692255505203,1693227769436,8,3,5
42187,1693227769436,1692255505208,1692255505211,1693227769445,9,3,6
42188,1693227769445,1692255505216,1692255505219,1693227769452,7,3,4
42189,1693227769452,1692255505223,1692255505226,1693227769459,7,3,4
42190,1693227769459,1692255505231,1692255505234,1693227769467,8,3,5
42191,1693227769467,1692255505238,1692255505241,1693227769474,7,3,4
42192,1693227769474,1692255505247,1692255505250,1693227769483,9,3,6
42193,1693227769483,1692255505256,1692255505259,1693227769492,9,3,6
42194,1693227769492,1692255505263,1692255505266,1693227769499,7,3,4
42195,1693227769499,1692255505271,1692255505276,1693227769509,10,5,5
42196,1693227769509,1692255505282,1692255505285,1693227769518,9,3,6
42197,1693227769518,1692255505289,1692255505292,1693227769525,7,3,4
42198,1693227769525,1692255505296,1692255505299,1693227769532,7,3,4
42199,1693227769532,1692255505303,1692255505306,1693227769541,9,3,6
42200,1693227769541,1692255505546,1692255505549,1693227769782,241,3,238
42201,1693227769960,1692255505732,1692255505737,1693227769970,10,5,5
42202,1693227769970,1692255505743,1692255505748,1693227769982,12,5,7
42203,1693227769982,1692255505754,1692255505759,1693227769992,10,5,5
42204,1693227769992,1692255505764,1692255505772,1693227770005,13,8,5
42205,1693227770005,1692255505778,1692255505783,1693227770016,11,5,6
42206,1693227770016,1692255505788,1692255505794,1693227770028,12,6,6
42207,1693227770028,1692255505801,1692255505806,1693227770039,11,5,6
42208,1693227770039,1692255505811,1692255505815,1693227770047,8,4,4
42209,1693227770047,1692255505820,1692255505825,1693227770058,11,5,6
42210,1693227770058,1692255505832,1692255505836,1693227770070,12,4,8
42211,1693227770070,1692255505843,1692255505848,1693227770081,11,5,6
42212,1693227770081,1692255505855,1692255505860,1693227770093,12,5,7
42213,1693227770093,1692255505865,1692255505870,1693227770103,10,5,5
42214,1693227770103,1692255505876,1692255505881,1693227770114,11,5,6
42215,1693227770114,1692255505887,1692255505892,1693227770125,11,5,6
42216,1693227770125,1692255505898,1692255505903,1693227770136,11,5,6
42217,1693227770136,1692255505909,1692255505915,1693227770148,12,6,6
42218,1693227770148,1692255505922,1692255505930,1693227770163,15,8,7
42219,1693227770163,1692255505935,1692255505940,1693227770173,10,5,5
42220,1693227770173,1692255505946,1692255505949,1693227770182,9,3,6
42221,1693227770182,1692255505956,1692255505960,1693227770193,11,4,7
42222,1693227770193,1692255505965,1692255505969,1693227770206,13,4,9
42223,1693227770206,1692255505978,1692255505981,1693227770214,8,3,5
42224,1693227770214,1692255505986,1692255505990,1693227770222,8,4,4
42225,1693227770223,1692255505995,1692255505999,1693227770232,9,4,5
42226,1693227770232,1692255506004,1692255506007,1693227770240,8,3,5
42227,1693227770240,1692255506013,1692255506016,1693227770249,9,3,6
42228,1693227770249,1692255506021,1692255506024,1693227770257,8,3,5
42229,1693227770257,1692255506031,1692255506035,1693227770268,11,4,7
42230,1693227770268,1692255506040,1692255506043,1693227770276,8,3,5
42231,1693227770276,1692255506048,1692255506051,1693227770284,8,3,5
42232,1693227770284,1692255506056,1692255506060,1693227770293,9,4,5
42233,1693227770293,1692255506064,1692255506068,1693227770300,7,4,3
42234,1693227770300,1692255506074,1692255506078,1693227770311,11,4,7
42235,1693227770311,1692255506083,1692255506087,1693227770320,9,4,5
42236,1693227770320,1692255506091,1692255506095,1693227770328,8,4,4
42237,1693227770328,1692255506102,1692255506105,1693227770338,10,3,7
42238,1693227770338,1692255506111,1692255506114,1693227770347,9,3,6
42239,1693227770347,1692255506120,1692255506126,1693227770359,12,6,6
42240,1693227770359,1692255506131,1692255506134,1693227770367,8,3,5
42241,1693227770367,1692255506139,1692255506143,1693227770376,9,4,5
42242,1693227770376,1692255506147,1692255506151,1693227770384,8,4,4
42243,1693227770384,1692255506157,1692255506160,1693227770393,9,3,6
42244,1693227770393,1692255506165,1692255506168,1693227770401,8,3,5
42245,1693227770401,1692255506173,1692255506177,1693227770410,9,4,5
42246,1693227770410,1692255506183,1692255506186,1693227770420,10,3,7
42247,1693227770420,1692255506192,1692255506195,1693227770428,8,3,5
42248,1693227770428,1692255506200,1692255506204,1693227770437,9,4,5
42249,1693227770437,1692255506210,1692255506213,1693227770446,9,3,6
42250,1693227770446,1692255506219,1692255506222,1693227770455,9,3,6
42251,1693227770455,1692255506227,1692255506231,1693227770467,12,4,8
42252,1693227770467,1692255506239,1692255506243,1693227770476,9,4,5
42253,1693227770476,1692255506249,1692255506252,1693227770486,10,3,7
42254,1693227770486,1692255506259,1692255506265,1693227770498,12,6,6
42255,1693227770498,1692255506270,1692255506274,1693227770507,9,4,5
42256,1693227770507,1692255506279,1692255506283,1693227770516,9,4,5
42257,1693227770516,1692255506288,1692255506292,1693227770525,9,4,5
42258,1693227770525,1692255506297,1692255506300,1693227770533,8,3,5
42259,1693227770533,1692255506305,1692255506309,1693227770542,9,4,5
42260,1693227770542,1692255506316,1692255506320,1693227770553,11,4,7
42261,1693227770553,1692255506326,1692255506331,1693227770564,11,5,6
42262,1693227770564,1692255506339,1692255506343,1693227770576,12,4,8
42263,1693227770576,1692255506349,1692255506353,1693227770586,10,4,6
42264,1693227770586,1692255506363,1692255506367,1693227770600,14,4,10
42265,1693227770600,1692255506372,1692255506377,1693227770610,10,5,5
42266,1693227770610,1692255506383,1692255506387,1693227770619,9,4,5
42267,1693227770619,1692255506392,1692255506395,1693227770628,9,3,6
42268,1693227770628,1692255506401,1692255506405,1693227770638,10,4,6
42269,1693227770638,1692255506411,1692255506414,1693227770648,10,3,7
42270,1693227770648,1692255506420,1692255506425,1693227770658,10,5,5
42271,1693227770658,1692255506430,1692255506434,1693227770667,9,4,5
42272,1693227770667,1692255506442,1692255506447,1693227770680,13,5,8
42273,1693227770680,1692255506452,1692255506456,1693227770689,9,4,5
42274,1693227770689,1692255506462,1692255506467,1693227770699,10,5,5
42275,1693227770700,1692255506472,1692255506476,1693227770709,9,4,5
42276,1693227770709,1692255506481,1692255506486,1693227770719,10,5,5
42277,1693227770719,1692255506492,1692255506496,1693227770729,10,4,6
42278,1693227770729,1692255506502,1692255506505,1693227770738,9,3,6
42279,1693227770738,1692255506511,1692255506515,1693227770748,10,4,6
42280,1693227770748,1692255506521,1692255506526,1693227770759,11,5,6
42281,1693227770759,1692255506531,1692255506535,1693227770768,9,4,5
42282,1693227770768,1692255506540,1692255506545,1693227770778,10,5,5
42283,1693227770778,1692255506550,1692255506554,1693227770787,9,4,5
42284,1693227770787,1692255506560,1692255506564,1693227770797,10,4,6
42285,1693227770797,1692255506570,1692255506574,1693227770807,10,4,6
42286,1693227770807,1692255506580,1692255506584,1693227770817,10,4,6
42287,1693227770817,1692255506590,1692255506594,1693227770827,10,4,6
42288,1693227770827,1692255506599,1692255506603,1693227770836,9,4,5
42289,1693227770836,1692255506608,1692255506613,1693227770846,10,5,5
42290,1693227770846,1692255506618,1692255506622,1693227770855,9,4,5
42291,1693227770855,1692255506627,1692255506633,1693227770866,11,6,5
42292,1693227770866,1692255506640,1692255506645,1693227770878,12,5,7
42293,1693227770878,1692255506651,1692255506654,1693227770887,9,3,6
42294,1693227770887,1692255506660,1692255506664,1693227770897,10,4,6
42295,1693227770897,1692255506670,1692255506674,1693227770907,10,4,6
42296,1693227770907,1692255506679,1692255506683,1693227770916,9,4,5
42297,1693227770916,1692255506689,1692255506693,1693227770926,10,4,6
42298,1693227770926,1692255506698,1692255506702,1693227770935,9,4,5
42299,1693227770935,1692255506707,1692255506711,1693227770944,9,4,5
42300,1693227770944,1692255506716,1692255506720,1693227770953,9,4,5
42301,1693227770953,1692255506726,1692255506731,1693227770964,11,5,6
42302,1693227770964,1692255506736,1692255506741,1693227770974,10,5,5
42303,1693227770974,1692255506748,1692255506752,1693227770985,11,4,7
42304,1693227770985,1692255506757,1692255506760,1693227770993,8,3,5
42305,1693227770993,1692255506766,1692255506770,1693227771003,10,4,6
42306,1693227771003,1692255506775,1692255506780,1693227771014,11,5,6
42307,1693227771014,1692255506786,1692255506793,1693227771025,11,7,4
42308,1693227771025,1692255506797,1692255506801,1693227771033,8,4,4
42309,1693227771033,1692255506805,1692255506809,1693227771042,9,4,5
42310,1693227771042,1692255506814,1692255506818,1693227771050,8,4,4
42311,1693227771050,1692255506822,1692255506826,1693227771059,9,4,5
42312,1693227771059,1692255506831,1692255506834,1693227771067,8,3,5
42313,1693227771067,1692255506839,1692255506843,1693227771075,8,4,4
42314,1693227771075,1692255506847,1692255506853,1693227771086,11,6,5
42315,1693227771086,1692255506859,1692255506862,1693227771095,9,3,6
42316,1693227771095,1692255506867,1692255506870,1693227771103,8,3,5
42317,1693227771103,1692255506875,1692255506879,1693227771111,8,4,4
42318,1693227771111,1692255506885,1692255506888,1693227771121,10,3,7
42319,1693227771121,1692255506893,1692255506896,1693227771129,8,3,5
42320,1693227771129,1692255506901,1692255506905,1693227771138,9,4,5
42321,1693227771138,1692255506911,1692255506914,1693227771147,9,3,6
42322,1693227771147,1692255506921,1692255506924,1693227771157,10,3,7
42323,1693227771157,1692255506930,1692255506934,1693227771167,10,4,6
42324,1693227771167,1692255506939,1692255506943,1693227771176,9,4,5
42325,1693227771176,1692255506948,1692255506951,1693227771184,8,3,5
42326,1693227771184,1692255506957,1692255506963,1693227771196,12,6,6
42327,1693227771196,1692255506968,1692255506971,1693227771204,8,3,5
42328,1693227771204,1692255506982,1692255506985,1693227771218,14,3,11
42329,1693227771218,1692255506991,1692255506995,1693227771228,10,4,6
42330,1693227771228,1692255507001,1692255507005,1693227771239,11,4,7
42331,1693227771239,1692255507011,1692255507015,1693227771248,9,4,5
42332,1693227771248,1692255507022,1692255507025,1693227771259,11,3,8
42333,1693227771259,1692255507030,1692255507034,1693227771267,8,4,4
42334,1693227771267,1692255507039,1692255507042,1693227771276,9,3,6
42335,1693227771276,1692255507047,1692255507051,1693227771285,9,4,5
42336,1693227771285,1692255507058,1692255507062,1693227771295,10,4,6
42337,1693227771295,1692255507068,1692255507072,1693227771305,10,4,6
42338,1693227771305,1692255507077,1692255507081,1693227771314,9,4,5
42339,1693227771314,1692255507086,1692255507090,1693227771323,9,4,5
42340,1693227771323,1692255507095,1692255507098,1693227771331,8,3,5
42341,1693227771331,1692255507103,1692255507106,1693227771339,8,3,5
42342,1693227771339,1692255507112,1692255507115,1693227771348,9,3,6
42343,1693227771348,1692255507122,1692255507126,1693227771359,11,4,7
42344,1693227771359,1692255507131,1692255507134,1693227771368,9,3,6
42345,1693227771368,1692255507140,1692255507143,1693227771376,8,3,5
42346,1693227771376,1692255507148,1692255507152,1693227771385,9,4,5
42347,1693227771385,1692255507158,1692255507162,1693227771395,10,4,6
42348,1693227771395,1692255507167,1692255507172,1693227771404,9,5,4
42349,1693227771404,1692255507177,1692255507181,1693227771414,10,4,6
42350,1693227771414,1692255507186,1692255507189,1693227771422,8,3,5
42351,1693227771422,1692255507194,1692255507198,1693227771431,9,4,5
42352,1693227771431,1692255507204,1692255507208,1693227771441,10,4,6
42353,1693227771441,1692255507214,1692255507218,1693227771451,10,4,6
42354,1693227771451,1692255507223,1692255507228,1693227771461,10,5,5
42355,1693227771461,1692255507233,1692255507237,1693227771470,9,4,5
42356,1693227771470,1692255507243,1692255507247,1693227771480,10,4,6
42357,1693227771480,1692255507252,1692255507257,1693227771490,10,5,5
42358,1693227771490,1692255507263,1692255507267,1693227771500,10,4,6
42359,1693227771500,1692255507272,1692255507276,1693227771509,9,4,5
42360,1693227771509,1692255507282,1692255507286,1693227771519,10,4,6
42361,1693227771519,1692255507292,1692255507296,1693227771529,10,4,6
42362,1693227771529,1692255507301,1692255507306,1693227771539,10,5,5
42363,1693227771539,1692255507311,1692255507318,1693227771551,12,7,5
42364,1693227771551,1692255507324,1692255507327,1693227771560,9,3,6
42365,1693227771560,1692255507333,1692255507337,1693227771570,10,4,6
42366,1693227771570,1692255507343,1692255507347,1693227771580,10,4,6
42367,1693227771580,1692255507353,1692255507359,1693227771593,13,6,7
42368,1693227771593,1692255507366,1692255507370,1693227771603,10,4,6
42369,1693227771603,1692255507376,1692255507380,1693227771613,10,4,6
42370,1693227771613,1692255507385,1692255507389,1693227771622,9,4,5
42371,1693227771622,1692255507394,1692255507399,1693227771632,10,5,5
42372,1693227771632,1692255507405,1692255507409,1693227771642,10,4,6
42373,1693227771642,1692255507416,1692255507420,1693227771653,11,4,7
42374,1693227771653,1692255507426,1692255507433,1693227771666,13,7,6
42375,1693227771666,1692255507439,1692255507443,1693227771676,10,4,6
42376,1693227771676,1692255507450,1692255507454,1693227771687,11,4,7
42377,1693227771687,1692255507459,1692255507464,1693227771696,9,5,4
42378,1693227771696,1692255507468,1692255507472,1693227771705,9,4,5
42379,1693227771705,1692255507477,1692255507482,1693227771715,10,5,5
42380,1693227771715,1692255507488,1692255507491,1693227771724,9,3,6
42381,1693227771724,1692255507497,1692255507501,1693227771734,10,4,6
42382,1693227771734,1692255507507,1692255507510,1693227771743,9,3,6
42383,1693227771743,1692255507515,1692255507519,1693227771752,9,4,5
42384,1693227771752,1692255507524,1692255507528,1693227771761,9,4,5
42385,1693227771761,1692255507534,1692255507538,1693227771771,10,4,6
42386,1693227771771,1692255507544,1692255507548,1693227771781,10,4,6
42387,1693227771781,1692255507553,1692255507557,1693227771790,9,4,5
42388,1693227771790,1692255507562,1692255507566,1693227771799,9,4,5
42389,1693227771799,1692255507572,1692255507575,1693227771808,9,3,6
42390,1693227771808,1692255507583,1692255507587,1693227771819,11,4,7
42391,1693227771819,1692255507591,1692255507596,1693227771829,10,5,5
42392,1693227771829,1692255507602,1692255507606,1693227771839,10,4,6
42393,1693227771840,1692255507612,1692255507616,1693227771849,9,4,5
42394,1693227771849,1692255507622,1692255507626,1693227771859,10,4,6
42395,1693227771859,1692255507632,1692255507635,1693227771868,9,3,6
42396,1693227771868,1692255507644,1692255507648,1693227771881,13,4,9
42397,1693227771881,1692255507654,1692255507658,1693227771892,11,4,7
42398,1693227771892,1692255507665,1692255507670,1693227771903,11,5,6
42399,1693227771903,1692255507677,1692255507683,1693227771917,14,6,8
42400,1693227771917,1692255507690,1692255507693,1693227771926,9,3,6
42401,1693227771926,1692255507699,1692255507703,1693227771936,10,4,6
42402,1693227771936,1692255507708,1692255507712,1693227771945,9,4,5
42403,1693227771945,1692255507717,1692255507721,1693227771954,9,4,5
42404,1693227771954,1692255507731,1692255507735,1693227771968,14,4,10
42405,1693227771969,1692255507741,1692255507745,1693227771980,11,4,7
42406,1693227771980,1692255507752,1692255507756,1693227771989,9,4,5
42407,1693227771989,1692255507762,1692255507767,1693227772002,13,5,8
42408,1693227772002,1692255507774,1692255507778,1693227772011,9,4,5
42409,1693227772011,1692255507784,1692255507789,1693227772022,11,5,6
42410,1693227772022,1692255507794,1692255507798,1693227772031,9,4,5
42411,1693227772031,1692255507803,1692255507807,1693227772040,9,4,5
42412,1693227772040,1692255507813,1692255507816,1693227772049,9,3,6
42413,1693227772049,1692255507821,1692255507825,1693227772058,9,4,5
42414,1693227772058,1692255507830,1692255507833,1693227772066,8,3,5
42415,1693227772066,1692255507838,1692255507842,1693227772075,9,4,5
42416,1693227772075,1692255507846,1692255507850,1693227772083,8,4,4
42417,1693227772083,1692255507855,1692255507859,1693227772091,8,4,4
42418,1693227772091,1692255507863,1692255507867,1693227772099,8,4,4
42419,1693227772099,1692255507871,1692255507875,1693227772108,9,4,5
42420,1693227772108,1692255507880,1692255507884,1693227772117,9,4,5
42421,1693227772117,1692255507889,1692255507893,1693227772126,9,4,5
42422,1693227772126,1692255507899,1692255507903,1693227772136,10,4,6
42423,1693227772136,1692255507908,1692255507912,1693227772146,10,4,6
42424,1693227772146,1692255507918,1692255507923,1693227772156,10,5,5
42425,1693227772156,1692255507929,1692255507933,1693227772166,10,4,6
42426,1693227772166,1692255507938,1692255507942,1693227772176,10,4,6
42427,1693227772176,1692255507948,1692255507952,1693227772185,9,4,5
42428,1693227772185,1692255507957,1692255507961,1693227772195,10,4,6
42429,1693227772195,1692255507967,1692255507971,1693227772207,12,4,8
42430,1693227772207,1692255507983,1692255507987,1693227772220,13,4,9
42431,1693227772220,1692255507993,1692255507997,1693227772230,10,4,6
42432,1693227772230,1692255508003,1692255508007,1693227772240,10,4,6
42433,1693227772240,1692255508012,1692255508016,1693227772249,9,4,5
42434,1693227772249,1692255508022,1692255508026,1693227772259,10,4,6
42435,1693227772259,1692255508033,1692255508037,1693227772270,11,4,7
42436,1693227772270,1692255508043,1692255508049,1693227772282,12,6,6
42437,1693227772282,1692255508055,1692255508060,1693227772293,11,5,6
42438,1693227772293,1692255508065,1692255508069,1693227772302,9,4,5
42439,1693227772302,1692255508078,1692255508083,1693227772316,14,5,9
42440,1693227772316,1692255508089,1692255508093,1693227772326,10,4,6
42441,1693227772326,1692255508098,1692255508102,1693227772335,9,4,5
42442,1693227772335,1692255508107,1692255508111,1693227772344,9,4,5
42443,1693227772344,1692255508117,1692255508122,1693227772355,11,5,6
42444,1693227772355,1692255508127,1692255508132,1693227772366,11,5,6
42445,1693227772366,1692255508138,1692255508142,1693227772375,9,4,5
42446,1693227772375,1692255508148,1692255508152,1693227772386,11,4,7
42447,1693227772386,1692255508161,1692255508166,1693227772398,12,5,7
42448,1693227772399,1692255508172,1692255508176,1693227772412,13,4,9
42449,1693227772412,1692255508184,1692255508188,1693227772421,9,4,5
42450,1693227772421,1692255508194,1692255508198,1693227772431,10,4,6
42451,1693227772431,1692255508204,1692255508208,1693227772441,10,4,6
42452,1693227772441,1692255508213,1692255508217,1693227772450,9,4,5
42453,1693227772450,1692255508223,1692255508227,1693227772460,10,4,6
42454,1693227772460,1692255508233,1692255508236,1693227772469,9,3,6
42455,1693227772469,1692255508243,1692255508247,1693227772480,11,4,7
42456,1693227772480,1692255508252,1692255508256,1693227772490,10,4,6
42457,1693227772490,1692255508262,1692255508267,1693227772500,10,5,5
42458,1693227772500,1692255508273,1692255508277,1693227772510,10,4,6
42459,1693227772510,1692255508284,1692255508288,1693227772521,11,4,7
42460,1693227772521,1692255508293,1692255508297,1693227772530,9,4,5
42461,1693227772531,1692255508303,1692255508307,1693227772540,9,4,5
42462,1693227772540,1692255508313,1692255508317,1693227772550,10,4,6
42463,1693227772550,1692255508322,1692255508326,1693227772559,9,4,5
42464,1693227772559,1692255508331,1692255508335,1693227772568,9,4,5
42465,1693227772568,1692255508341,1692255508346,1693227772579,11,5,6
42466,1693227772579,1692255508352,1692255508356,1693227772589,10,4,6
42467,1693227772589,1692255508361,1692255508365,1693227772598,9,4,5
42468,1693227772598,1692255508370,1692255508375,1693227772607,9,5,4
42469,1693227772607,1692255508380,1692255508384,1693227772617,10,4,6
42470,1693227772617,1692255508389,1692255508394,1693227772627,10,5,5
42471,1693227772627,1692255508399,1692255508404,1693227772637,10,5,5
42472,1693227772637,1692255508409,1692255508413,1693227772646,9,4,5
42473,1693227772646,1692255508419,1692255508425,1693227772658,12,6,6
42474,1693227772658,1692255508431,1692255508434,1693227772667,9,3,6
42475,1693227772667,1692255508439,1692255508443,1693227772676,9,4,5
42476,1693227772676,1692255508449,1692255508453,1693227772686,10,4,6
42477,1693227772686,1692255508458,1692255508462,1693227772695,9,4,5
42478,1693227772695,1692255508467,1692255508471,1693227772704,9,4,5
42479,1693227772704,1692255508477,1692255508481,1693227772714,10,4,6
42480,1693227772714,1692255508486,1692255508491,1693227772724,10,5,5
42481,1693227772724,1692255508496,1692255508500,1693227772733,9,4,5
42482,1693227772733,1692255508505,1692255508510,1693227772743,10,5,5
42483,1693227772743,1692255508516,1692255508520,1693227772753,10,4,6
42484,1693227772753,1692255508526,1692255508529,1693227772762,9,3,6
42485,1693227772762,1692255508535,1692255508538,1693227772772,10,3,7
42486,1693227772772,1692255508544,1692255508548,1693227772780,8,4,4
42487,1693227772780,1692255508552,1692255508557,1693227772789,9,5,4
42488,1693227772789,1692255508561,1692255508564,1693227772797,8,3,5
42489,1693227772797,1692255508569,1692255508573,1693227772806,9,4,5
42490,1693227772806,1692255508578,1692255508582,1693227772815,9,4,5
42491,1693227772815,1692255508594,1692255508598,1693227772831,16,4,12
42492,1693227772831,1692255508603,1692255508606,1693227772839,8,3,5
42493,1693227772839,1692255508612,1692255508616,1693227772849,10,4,6
42494,1693227772849,1692255508623,1692255508627,1693227772860,11,4,7
42495,1693227772860,1692255508639,1692255508642,1693227772875,15,3,12
42496,1693227772875,1692255508648,1692255508652,1693227772885,10,4,6
42497,1693227772885,1692255508657,1692255508661,1693227772893,8,4,4
42498,1693227772893,1692255508666,1692255508670,1693227772903,10,4,6
42499,1693227772903,1692255508675,1692255508679,1693227772912,9,4,5
42500,1693227772912,1692255508685,1692255508688,1693227772924,12,3,9
42501,1693227772924,1692255508697,1692255508701,1693227772934,10,4,6
42502,1693227772934,1692255508707,1692255508710,1693227772943,9,3,6
42503,1693227772943,1692255508715,1692255508719,1693227772952,9,4,5
42504,1693227772952,1692255508725,1692255508729,1693227772962,10,4,6
42505,1693227772962,1692255508734,1692255508738,1693227772971,9,4,5
42506,1693227772971,1692255508743,1692255508747,1693227772980,9,4,5
42507,1693227772980,1692255508752,1692255508757,1693227772990,10,5,5
42508,1693227772990,1692255508763,1692255508767,1693227773001,11,4,7
42509,1693227773001,1692255508774,1692255508779,1693227773011,10,5,5
42510,1693227773011,1692255508784,1692255508792,1693227773027,16,8,8
42511,1693227773027,1692255508801,1692255508805,1693227773039,12,4,8
42512,1693227773039,1692255508812,1692255508816,1693227773051,12,4,8
42513,1693227773051,1692255508826,1692255508830,1693227773063,12,4,8
42514,1693227773063,1692255508835,1692255508840,1693227773073,10,5,5
42515,1693227773073,1692255508846,1692255508850,1693227773083,10,4,6
42516,1693227773083,1692255508856,1692255508860,1693227773093,10,4,6
42517,1693227773093,1692255508865,1692255508869,1693227773102,9,4,5
42518,1693227773102,1692255508875,1692255508879,1693227773112,10,4,6
42519,1693227773112,1692255508885,1692255508889,1693227773122,10,4,6
42520,1693227773122,1692255508894,1692255508899,1693227773132,10,5,5
42521,1693227773132,1692255508904,1692255508908,1693227773142,10,4,6
42522,1693227773142,1692255508917,1692255508920,1693227773154,12,3,9
42523,1693227773154,1692255508926,1692255508930,1693227773163,9,4,5
42524,1693227773163,1692255508936,1692255508939,1693227773172,9,3,6
42525,1693227773172,1692255508945,1692255508949,1693227773182,10,4,6
42526,1693227773182,1692255508954,1692255508958,1693227773191,9,4,5
42527,1693227773191,1692255508963,1692255508968,1693227773201,10,5,5
42528,1693227773201,1692255508974,1692255508978,1693227773211,10,4,6
42529,1693227773211,1692255508984,1692255508988,1693227773224,13,4,9
42530,1693227773224,1692255508996,1692255509003,1693227773236,12,7,5
42531,1693227773236,1692255509008,1692255509012,1693227773245,9,4,5
42532,1693227773245,1692255509018,1692255509022,1693227773258,13,4,9
42533,1693227773258,1692255509030,1692255509035,1693227773268,10,5,5
42534,1693227773268,1692255509041,1692255509044,1693227773277,9,3,6
42535,1693227773277,1692255509049,1692255509053,1693227773286,9,4,5
42536,1693227773286,1692255509059,1692255509063,1693227773296,10,4,6
42537,1693227773297,1692255509072,1692255509075,1693227773309,12,3,9
42538,1693227773309,1692255509082,1692255509086,1693227773319,10,4,6
42539,1693227773319,1692255509091,1692255509095,1693227773328,9,4,5
42540,1693227773328,1692255509100,1692255509104,1693227773337,9,4,5
42541,1693227773338,1692255509110,1692255509114,1693227773347,9,4,5
42542,1693227773347,1692255509119,1692255509122,1693227773355,8,3,5
42543,1693227773356,1692255509129,1692255509133,1693227773366,10,4,6
42544,1693227773366,1692255509138,1692255509142,1693227773375,9,4,5
42545,1693227773375,1692255509148,1692255509152,1693227773385,10,4,6
42546,1693227773385,1692255509157,1692255509163,1693227773396,11,6,5
42547,1693227773396,1692255509168,1692255509172,1693227773405,9,4,5
42548,1693227773405,1692255509177,1692255509181,1693227773415,10,4,6
42549,1693227773415,1692255509187,1692255509191,1693227773424,9,4,5
42550,1693227773424,1692255509197,1692255509201,1693227773436,12,4,8
42551,1693227773436,1692255509208,1692255509213,1693227773446,10,5,5
42552,1693227773446,1692255509218,1692255509222,1693227773455,9,4,5
42553,1693227773455,1692255509228,1692255509231,1693227773464,9,3,6
42554,1693227773465,1692255509241,1692255509245,1693227773478,13,4,9
42555,1693227773478,1692255509250,1692255509253,1693227773486,8,3,5
42556,1693227773486,1692255509259,1692255509262,1693227773495,9,3,6
42557,1693227773495,1692255509266,1692255509270,1693227773503,8,4,4
42558,1693227773503,1692255509275,1692255509279,1693227773512,9,4,5
42559,1693227773512,1692255509285,1692255509288,1693227773521,9,3,6
42560,1693227773521,1692255509293,1692255509297,1693227773530,9,4,5
42561,1693227773530,1692255509303,1692255509307,1693227773539,9,4,5
42562,1693227773539,1692255509312,1692255509315,1693227773548,9,3,6
42563,1693227773548,1692255509320,1692255509324,1693227773557,9,4,5
42564,1693227773557,1692255509330,1692255509333,1693227773566,9,3,6
42565,1693227773566,1692255509339,1692255509342,1693227773575,9,3,6
42566,1693227773575,1692255509348,1692255509352,1693227773584,9,4,5
42567,1693227773585,1692255509357,1692255509361,1693227773594,9,4,5
42568,1693227773594,1692255509367,1692255509371,1693227773603,9,4,5
42569,1693227773603,1692255509376,1692255509380,1693227773613,10,4,6
42570,1693227773613,1692255509385,1692255509389,1693227773622,9,4,5
42571,1693227773623,1692255509395,1692255509399,1693227773632,9,4,5
42572,1693227773632,1692255509405,1692255509409,1693227773642,10,4,6
42573,1693227773642,1692255509415,1692255509419,1693227773652,10,4,6
42574,1693227773652,1692255509424,1692255509430,1693227773662,10,6,4
42575,1693227773662,1692255509435,1692255509439,1693227773672,10,4,6
42576,1693227773672,1692255509445,1692255509448,1693227773681,9,3,6
42577,1693227773681,1692255509454,1692255509458,1693227773691,10,4,6
42578,1693227773691,1692255509463,1692255509467,1693227773700,9,4,5
42579,1693227773700,1692255509473,1692255509477,1693227773715,15,4,11
42580,1693227773715,1692255509488,1692255509492,1693227773725,10,4,6
42581,1693227773725,1692255509497,1692255509501,1693227773734,9,4,5
42582,1693227773734,1692255509507,1692255509512,1693227773744,10,5,5
42583,1693227773744,1692255509516,1692255509521,1693227773754,10,5,5
42584,1693227773755,1692255509529,1692255509533,1693227773765,10,4,6
42585,1693227773765,1692255509537,1692255509540,1693227773773,8,3,5
42586,1693227773773,1692255509546,1692255509549,1693227773782,9,3,6
42587,1693227773782,1692255509555,1692255509561,1693227773794,12,6,6
42588,1693227773794,1692255509566,1692255509571,1693227773804,10,5,5
42589,1693227773804,1692255509576,1692255509580,1693227773812,8,4,4
42590,1693227773812,1692255509585,1692255509589,1693227773822,10,4,6
42591,1693227773822,1692255509594,1692255509598,1693227773831,9,4,5
42592,1693227773831,1692255509604,1692255509608,1693227773841,10,4,6
42593,1693227773841,1692255509615,1692255509620,1693227773852,11,5,6
42594,1693227773852,1692255509625,1692255509629,1693227773862,10,4,6
42595,1693227773862,1692255509635,1692255509639,1693227773872,10,4,6
42596,1693227773872,1692255509644,1692255509648,1693227773881,9,4,5
42597,1693227773881,1692255509655,1692255509659,1693227773891,10,4,6
42598,1693227773891,1692255509664,1692255509667,1693227773900,9,3,6
42599,1693227773900,1692255509673,1692255509677,1693227773910,10,4,6
42600,1693227773910,1692255509682,1692255509686,1693227773919,9,4,5
42601,1693227773919,1692255509692,1692255509696,1693227773929,10,4,6
42602,1693227773929,1692255509701,1692255509706,1693227773939,10,5,5
42603,1693227773939,1692255509712,1692255509716,1693227773949,10,4,6
42604,1693227773949,1692255509722,1692255509726,1693227773959,10,4,6
42605,1693227773960,1692255509732,1692255509737,1693227773970,10,5,5
42606,1693227773970,1692255509742,1692255509748,1693227773981,11,6,5
42607,1693227773981,1692255509754,1692255509759,1693227773992,11,5,6
42608,1693227773992,1692255509765,1692255509769,1693227774003,11,4,7
42609,1693227774003,1692255509776,1692255509780,1693227774013,10,4,6
42610,1693227774013,1692255509786,1692255509791,1693227774024,11,5,6
42611,1693227774024,1692255509806,1692255509810,1693227774043,19,4,15
42612,1693227774043,1692255509816,1692255509822,1693227774055,12,6,6
42613,1693227774055,1692255509827,1692255509831,1693227774065,10,4,6
42614,1693227774065,1692255509837,1692255509842,1693227774075,10,5,5
42615,1693227774075,1692255509848,1692255509852,1693227774085,10,4,6
42616,1693227774085,1692255509858,1692255509861,1693227774094,9,3,6
42617,1693227774094,1692255509866,1692255509871,1693227774104,10,5,5
42618,1693227774104,1692255509876,1692255509881,1693227774114,10,5,5
42619,1693227774114,1692255509886,1692255509893,1693227774126,12,7,5
42620,1693227774126,1692255509899,1692255509903,1693227774136,10,4,6
42621,1693227774136,1692255509909,1692255509913,1693227774146,10,4,6
42622,1693227774146,1692255509918,1692255509922,1693227774155,9,4,5
42623,1693227774155,1692255509929,1692255509933,1693227774166,11,4,7
42624,1693227774166,1692255509939,1692255509944,1693227774177,11,5,6
42625,1693227774177,1692255509950,1692255509954,1693227774188,11,4,7
42626,1693227774188,1692255509961,1692255509965,1693227774199,11,4,7
42627,1693227774199,1692255509971,1692255509975,1693227774208,9,4,5
42628,1693227774208,1692255509981,1692255509985,1693227774218,10,4,6
42629,1693227774218,1692255509990,1692255509993,1693227774229,11,3,8
42630,1693227774229,1692255510002,1692255510006,1693227774239,10,4,6
42631,1693227774239,1692255510012,1692255510016,1693227774249,10,4,6
42632,1693227774249,1692255510022,1692255510026,1693227774259,10,4,6
42633,1693227774259,1692255510032,1692255510036,1693227774270,11,4,7
42634,1693227774270,1692255510043,1692255510047,1693227774281,11,4,7
42635,1693227774281,1692255510054,1692255510059,1693227774292,11,5,6
42636,1693227774292,1692255510065,1692255510070,1693227774303,11,5,6
42637,1693227774303,1692255510075,1692255510079,1693227774312,9,4,5
42638,1693227774312,1692255510084,1692255510088,1693227774321,9,4,5
42639,1693227774321,1692255510093,1692255510097,1693227774330,9,4,5
42640,1693227774330,1692255510103,1692255510108,1693227774340,10,5,5
42641,1693227774340,1692255510113,1692255510116,1693227774349,9,3,6
42642,1693227774349,1692255510121,1692255510125,1693227774358,9,4,5
42643,1693227774358,1692255510131,1692255510139,1693227774372,14,8,6
42644,1693227774372,1692255510144,1692255510148,1693227774381,9,4,5
42645,1693227774381,1692255510154,1692255510159,1693227774392,11,5,6
42646,1693227774392,1692255510164,1692255510169,1693227774402,10,5,5
42647,1693227774402,1692255510175,1692255510179,1693227774412,10,4,6
42648,1693227774412,1692255510185,1692255510190,1693227774422,10,5,5
42649,1693227774422,1692255510195,1692255510199,1693227774433,11,4,7
42650,1693227774433,1692255510206,1692255510211,1693227774444,11,5,6
42651,1693227774444,1692255510217,1692255510222,1693227774455,11,5,6
42652,1693227774455,1692255510227,1692255510231,1693227774464,9,4,5
42653,1693227774464,1692255510236,1692255510245,1693227774478,14,9,5
42654,1693227774478,1692255510250,1692255510255,1693227774488,10,5,5
42655,1693227774488,1692255510261,1692255510266,1693227774499,11,5,6
42656,1693227774499,1692255510272,1692255510276,1693227774509,10,4,6
42657,1693227774509,1692255510282,1692255510286,1693227774519,10,4,6
42658,1693227774519,1692255510291,1692255510296,1693227774529,10,5,5
42659,1693227774529,1692255510302,1692255510306,1693227774539,10,4,6
42660,1693227774539,1692255510312,1692255510316,1693227774549,10,4,6
42661,1693227774549,1692255510321,1692255510325,1693227774558,9,4,5
42662,1693227774558,1692255510332,1692255510336,1693227774569,11,4,7
42663,1693227774569,1692255510342,1692255510347,1693227774580,11,5,6
42664,1693227774580,1692255510352,1692255510356,1693227774589,9,4,5
42665,1693227774589,1692255510361,1692255510365,1693227774598,9,4,5
42666,1693227774598,1692255510371,1692255510375,1693227774608,10,4,6
42667,1693227774608,1692255510381,1692255510385,1693227774618,10,4,6
42668,1693227774618,1692255510390,1692255510394,1693227774627,9,4,5
42669,1693227774627,1692255510399,1692255510403,1693227774636,9,4,5
42670,1693227774636,1692255510408,1692255510412,1693227774645,9,4,5
42671,1693227774645,1692255510418,1692255510423,1693227774656,11,5,6
42672,1693227774656,1692255510428,1692255510432,1693227774665,9,4,5
42673,1693227774665,1692255510438,1692255510442,1693227774678,13,4,9
42674,1693227774678,1692255510450,1692255510455,1693227774688,10,5,5
42675,1693227774688,1692255510461,1692255510466,1693227774699,11,5,6
42676,1693227774699,1692255510472,1692255510478,1693227774711,12,6,6
42677,1693227774711,1692255510484,1692255510489,1693227774722,11,5,6
42678,1693227774722,1692255510495,1692255510501,1693227774734,12,6,6
42679,1693227774734,1692255510507,1692255510511,1693227774745,11,4,7
42680,1693227774745,1692255510518,1692255510523,1693227774756,11,5,6
42681,1693227774756,1692255510528,1692255510533,1693227774768,12,5,7
42682,1693227774768,1692255510542,1692255510547,1693227774779,11,5,6
42683,1693227774779,1692255510558,1692255510562,1693227774795,16,4,12
42684,1693227774795,1692255510568,1692255510573,1693227774807,12,5,7
42685,1693227774807,1692255510579,1692255510583,1693227774816,9,4,5
42686,1693227774816,1692255510588,1692255510593,1693227774826,10,5,5
42687,1693227774826,1692255510599,1692255510603,1693227774888,62,4,58
42688,1693227774888,1692255510663,1692255510667,1693227774900,12,4,8
42689,1693227774900,1692255510672,1692255510677,1693227774910,10,5,5
42690,1693227774910,1692255510683,1692255510687,1693227774920,10,4,6
42691,1693227774920,1692255510693,1692255510698,1693227774931,11,5,6
42692,1693227774931,1692255510704,1692255510711,1693227774943,12,7,5
42693,1693227774943,1692255510715,1692255510719,1693227774952,9,4,5
42694,1693227774952,1692255510724,1692255510729,1693227774962,10,5,5
42695,1693227774962,1692255510734,1692255510738,1693227774971,9,4,5
42696,1693227774971,1692255510744,1692255510748,1693227774981,10,4,6
42697,1693227774981,1692255510754,1692255510757,1693227774990,9,3,6
42698,1693227774990,1692255510765,1692255510769,1693227775002,12,4,8
42699,1693227775002,1692255510775,1692255510779,1693227775012,10,4,6
42700,1693227775012,1692255510784,1692255510788,1693227775021,9,4,5
42701,1693227775021,1692255510794,1692255510798,1693227775031,10,4,6
42702,1693227775031,1692255510803,1692255510807,1693227775040,9,4,5
42703,1693227775040,1692255510813,1692255510817,1693227775050,10,4,6
42704,1693227775050,1692255510822,1692255510827,1693227775059,9,5,4
42705,1693227775059,1692255510831,1692255510836,1693227775069,10,5,5
42706,1693227775069,1692255510842,1692255510846,1693227775078,9,4,5
42707,1693227775078,1692255510851,1692255510855,1693227775088,10,4,6
42708,1693227775088,1692255510861,1692255510865,1693227775098,10,4,6
42709,1693227775098,1692255510870,1692255510874,1693227775107,9,4,5
42710,1693227775107,1692255510880,1692255510884,1693227775117,10,4,6
42711,1693227775117,1692255510890,1692255510893,1693227775126,9,3,6
42712,1693227775126,1692255510899,1692255510903,1693227775136,10,4,6
42713,1693227775136,1692255510908,1692255510914,1693227775147,11,6,5
42714,1693227775147,1692255510920,1692255510924,1693227775157,10,4,6
42715,1693227775157,1692255510930,1692255510935,1693227775168,11,5,6
42716,1693227775168,1692255510941,1692255510947,1693227775180,12,6,6
42717,1693227775180,1692255510953,1692255510957,1693227775190,10,4,6
42718,1693227775190,1692255510964,1692255510968,1693227775202,12,4,8
42719,1693227775202,1692255510975,1692255510980,1693227775214,12,5,7
42720,1693227775214,1692255510987,1692255510991,1693227775224,10,4,6
42721,1693227775224,1692255510997,1692255511000,1693227775236,12,3,9
42722,1693227775236,1692255511009,1692255511013,1693227775246,10,4,6
42723,1693227775246,1692255511018,1692255511022,1693227775255,9,4,5
42724,1693227775255,1692255511027,1692255511031,1693227775264,9,4,5
42725,1693227775264,1692255511037,1692255511040,1693227775274,10,3,7
42726,1693227775274,1692255511046,1692255511050,1693227775283,9,4,5
42727,1693227775283,1692255511056,1692255511060,1693227775293,10,4,6
42728,1693227775293,1692255511066,1692255511070,1693227775303,10,4,6
42729,1693227775303,1692255511077,1692255511083,1693227775316,13,6,7
42730,1693227775316,1692255511089,1692255511093,1693227775326,10,4,6
42731,1693227775326,1692255511099,1692255511104,1693227775337,11,5,6
42732,1693227775337,1692255511110,1692255511114,1693227775347,10,4,6
42733,1693227775347,1692255511119,1692255511123,1693227775357,10,4,6
42734,1693227775357,1692255511129,1692255511133,1693227775367,10,4,6
42735,1693227775367,1692255511139,1692255511143,1693227775376,9,4,5
42736,1693227775376,1692255511149,1692255511152,1693227775385,9,3,6
42737,1693227775385,1692255511157,1692255511161,1693227775394,9,4,5
42738,1693227775394,1692255511166,1692255511170,1693227775403,9,4,5
42739,1693227775403,1692255511177,1692255511181,1693227775414,11,4,7
42740,1693227775414,1692255511187,1692255511191,1693227775424,10,4,6
42741,1693227775424,1692255511196,1692255511200,1693227775434,10,4,6
42742,1693227775434,1692255511206,1692255511210,1693227775443,9,4,5
42743,1693227775443,1692255511215,1692255511219,1693227775452,9,4,5
42744,1693227775452,1692255511224,1692255511229,1693227775462,10,5,5
42745,1693227775462,1692255511237,1692255511241,1693227775474,12,4,8
42746,1693227775474,1692255511246,1692255511250,1693227775484,10,4,6
42747,1693227775484,1692255511256,1692255511263,1693227775496,12,7,5
42748,1693227775496,1692255511269,1692255511273,1693227775506,10,4,6
42749,1693227775506,1692255511279,1692255511283,1693227775516,10,4,6
42750,1693227775516,1692255511288,1692255511293,1693227775526,10,5,5
42751,1693227775526,1692255511298,1692255511302,1693227775535,9,4,5
42752,1693227775536,1692255511309,1692255511313,1693227775546,10,4,6
42753,1693227775546,1692255511319,1692255511323,1693227775559,13,4,9
42754,1693227775559,1692255511331,1692255511335,1693227775568,9,4,5
42755,1693227775568,1692255511340,1692255511345,1693227775578,10,5,5
42756,1693227775579,1692255511351,1692255511355,1693227775588,9,4,5
42757,1693227775588,1692255511361,1692255511364,1693227775597,9,3,6
42758,1693227775597,1692255511370,1692255511373,1693227775606,9,3,6
42759,1693227775606,1692255511379,1692255511383,1693227775616,10,4,6
42760,1693227775616,1692255511388,1692255511393,1693227775626,10,5,5
42761,1693227775626,1692255511399,1692255511402,1693227775635,9,3,6
42762,1693227775635,1692255511410,1692255511418,1693227775651,16,8,8
42763,1693227775651,1692255511424,1692255511427,1693227775660,9,3,6
42764,1693227775660,1692255511434,1692255511438,1693227775671,11,4,7
42765,1693227775671,1692255511443,1692255511449,1693227775682,11,6,5
42766,1693227775682,1692255511454,1692255511458,1693227775691,9,4,5
42767,1693227775691,1692255511464,1692255511468,1693227775701,10,4,6
42768,1693227775701,1692255511474,1692255511478,1693227775711,10,4,6
42769,1693227775711,1692255511484,1692255511489,1693227775722,11,5,6
42770,1693227775722,1692255511494,1692255511498,1693227775731,9,4,5
42771,1693227775731,1692255511504,1692255511508,1693227775741,10,4,6
42772,1693227775741,1692255511513,1692255511517,1693227775750,9,4,5
42773,1693227775750,1692255511523,1692255511527,1693227775759,9,4,5
42774,1693227775759,1692255511532,1692255511536,1693227775769,10,4,6
42775,1693227775769,1692255511541,1692255511547,1693227775780,11,6,5
42776,1693227775780,1692255511552,1692255511556,1693227775791,11,4,7
42777,1693227775791,1692255511563,1692255511568,1693227775800,9,5,4
42778,1693227775800,1692255511572,1692255511576,1693227775809,9,4,5
42779,1693227775809,1692255511583,1692255511588,1693227775821,12,5,7
42780,1693227775821,1692255511595,1692255511599,1693227775832,11,4,7
42781,1693227775832,1692255511605,1692255511609,1693227775842,10,4,6
42782,1693227775842,1692255511614,1692255511618,1693227775851,9,4,5
42783,1693227775851,1692255511623,1692255511627,1693227775860,9,4,5
42784,1693227775860,1692255511633,1692255511636,1693227775869,9,3,6
42785,1693227775869,1692255511642,1692255511646,1693227775878,9,4,5
42786,1693227775879,1692255511651,1692255511654,1693227775887,8,3,5
42787,1693227775887,1692255511660,1692255511664,1693227775897,10,4,6
42788,1693227775897,1692255511671,1692255511676,1693227775909,12,5,7
42789,1693227775909,1692255511682,1692255511686,1693227775920,11,4,7
42790,1693227775920,1692255511692,1692255511697,1693227775930,10,5,5
42791,1693227775930,1692255511703,1692255511708,1693227775941,11,5,6
42792,1693227775941,1692255511714,1692255511718,1693227775951,10,4,6
42793,1693227775952,1692255511724,1692255511728,1693227775961,9,4,5
42794,1693227775961,1692255511733,1692255511737,1693227775970,9,4,5
42795,1693227775970,1692255511743,1692255511747,1693227775980,10,4,6
42796,1693227775980,1692255511752,1692255511756,1693227775989,9,4,5
42797,1693227775989,1692255511766,1692255511771,1693227776004,15,5,10
42798,1693227776004,1692255511777,1692255511781,1693227776014,10,4,6
42799,1693227776014,1692255511787,1692255511791,1693227776024,10,4,6
42800,1693227776024,1692255511797,1692255511801,1693227776034,10,4,6
42801,1693227776034,1692255511807,1692255511813,1693227776046,12,6,6
42802,1693227776046,1692255511819,1692255511823,1693227776056,10,4,6
42803,1693227776056,1692255511829,1692255511833,1693227776066,10,4,6
42804,1693227776066,1692255511839,1692255511844,1693227776077,11,5,6
42805,1693227776077,1692255511849,1692255511853,1693227776086,9,4,5
42806,1693227776086,1692255511858,1692255511862,1693227776095,9,4,5
42807,1693227776096,1692255511869,1692255511873,1693227776106,10,4,6
42808,1693227776106,1692255511878,1692255511882,1693227776115,9,4,5
42809,1693227776115,1692255511887,1692255511890,1693227776124,9,3,6
42810,1693227776124,1692255511896,1692255511901,1693227776134,10,5,5
42811,1693227776134,1692255511906,1692255511910,1693227776143,9,4,5
42812,1693227776143,1692255511915,1692255511919,1693227776152,9,4,5
42813,1693227776152,1692255511924,1692255511929,1693227776162,10,5,5
42814,1693227776162,1692255511934,1692255511939,1693227776171,9,5,4
42815,1693227776172,1692255511944,1692255511948,1693227776181,9,4,5
42816,1693227776181,1692255511953,1692255511957,1693227776190,9,4,5
42817,1693227776190,1692255511963,1692255511966,1693227776201,11,3,8
42818,1693227776201,1692255511973,1692255511977,1693227776210,9,4,5
42819,1693227776210,1692255511983,1692255511987,1693227776221,11,4,7
42820,1693227776221,1692255511993,1692255511997,1693227776230,9,4,5
42821,1693227776230,1692255512002,1692255512007,1693227776242,12,5,7
42822,1693227776242,1692255512015,1692255512019,1693227776252,10,4,6
42823,1693227776252,1692255512025,1692255512029,1693227776262,10,4,6
42824,1693227776262,1692255512034,1692255512038,1693227776271,9,4,5
42825,1693227776271,1692255512044,1692255512048,1693227776281,10,4,6
42826,1693227776281,1692255512054,1692255512059,1693227776292,11,5,6
42827,1693227776293,1692255512066,1692255512071,1693227776309,16,5,11
42828,1693227776309,1692255512083,1692255512087,1693227776321,12,4,8
42829,1693227776321,1692255512103,1692255512108,1693227776341,20,5,15
42830,1693227776341,1692255512114,1692255512119,1693227776352,11,5,6
42831,1693227776352,1692255512127,1692255512131,1693227776364,12,4,8
42832,1693227776364,1692255512138,1692255512142,1693227776376,12,4,8
42833,1693227776376,1692255512149,1692255512154,1693227776387,11,5,6
42834,1693227776387,1692255512160,1692255512165,1693227776398,11,5,6
42835,1693227776398,1692255512171,1692255512175,1693227776408,10,4,6
42836,1693227776408,1692255512181,1692255512186,1693227776419,11,5,6
42837,1693227776419,1692255512191,1692255512195,1693227776427,8,4,4
42838,1693227776427,1692255512200,1692255512206,1693227776439,12,6,6
42839,1693227776439,1692255512211,1692255512215,1693227776448,9,4,5
42840,1693227776448,1692255512221,1692255512225,1693227776458,10,4,6
42841,1693227776458,1692255512231,1692255512235,1693227776468,10,4,6
42842,1693227776468,1692255512241,1692255512246,1693227776479,11,5,6
42843,1693227776479,1692255512250,1692255512254,1693227776487,8,4,4
42844,1693227776487,1692255512260,1692255512264,1693227776497,10,4,6
42845,1693227776497,1692255512269,1692255512274,1693227776508,11,5,6
42846,1693227776508,1692255512280,1692255512284,1693227776517,9,4,5
42847,1693227776517,1692255512290,1692255512294,1693227776527,10,4,6
42848,1693227776527,1692255512300,1692255512304,1693227776537,10,4,6
42849,1693227776537,1692255512309,1692255512314,1693227776546,9,5,4
42850,1693227776546,1692255512318,1692255512322,1693227776555,9,4,5
42851,1693227776555,1692255512328,1692255512332,1693227776565,10,4,6
42852,1693227776565,1692255512338,1692255512343,1693227776576,11,5,6
42853,1693227776576,1692255512350,1692255512354,1693227776587,11,4,7
42854,1693227776587,1692255512359,1692255512364,1693227776597,10,5,5
42855,1693227776597,1692255512369,1692255512374,1693227776607,10,5,5
42856,1693227776607,1692255512381,1692255512384,1693227776620,13,3,10
42857,1693227776620,1692255512393,1692255512397,1693227776630,10,4,6
42858,1693227776630,1692255512403,1692255512408,1693227776641,11,5,6
42859,1693227776641,1692255512417,1692255512421,1693227776654,13,4,9
42860,1693227776654,1692255512427,1692255512431,1693227776664,10,4,6
42861,1693227776664,1692255512436,1692255512440,1693227776673,9,4,5
42862,1693227776673,1692255512445,1692255512449,1693227776682,9,4,5
42863,1693227776682,1692255512454,1692255512458,1693227776691,9,4,5
42864,1693227776691,1692255512464,1692255512468,1693227776701,10,4,6
42865,1693227776701,1692255512474,1692255512478,1693227776712,11,4,7
42866,1693227776712,1692255512486,1692255512491,1693227776724,12,5,7
42867,1693227776724,1692255512502,1692255512507,1693227776741,17,5,12
42868,1693227776741,1692255512514,1692255512518,1693227776751,10,4,6
42869,1693227776751,1692255512523,1692255512532,1693227776765,14,9,5
42870,1693227776765,1692255512541,1692255512547,1693227776780,15,6,9
42871,1693227776780,1692255512553,1692255512558,1693227776791,11,5,6
42872,1693227776791,1692255512564,1692255512568,1693227776802,11,4,7
42873,1693227776802,1692255512575,1692255512580,1693227776815,13,5,8
42874,1693227776815,1692255512588,1692255512599,1693227776832,17,11,6
42875,1693227776832,1692255512604,1692255512609,1693227776843,11,5,6
42876,1693227776843,1692255512616,1692255512619,1693227776853,10,3,7
42877,1693227776853,1692255512625,1692255512629,1693227776862,9,4,5
42878,1693227776862,1692255512634,1692255512638,1693227776871,9,4,5
42879,1693227776871,1692255512644,1692255512648,1693227776881,10,4,6
42880,1693227776881,1692255512655,1692255512662,1693227776896,15,7,8
42881,1693227776896,1692255512669,1692255512673,1693227776906,10,4,6
42882,1693227776906,1692255512679,1692255512682,1693227776918,12,3,9
42883,1693227776918,1692255512690,1692255512694,1693227776927,9,4,5
42884,1693227776927,1692255512699,1692255512703,1693227776936,9,4,5
42885,1693227776936,1692255512708,1692255512712,1693227776945,9,4,5
42886,1693227776945,1692255512718,1692255512722,1693227776955,10,4,6
42887,1693227776955,1692255512728,1692255512733,1693227776966,11,5,6
42888,1693227776966,1692255512739,1692255512743,1693227776976,10,4,6
42889,1693227776976,1692255512748,1692255512754,1693227776987,11,6,5
42890,1693227776987,1692255512763,1692255512768,1693227777001,14,5,9
42891,1693227777001,1692255512774,1692255512779,1693227777012,11,5,6
42892,1693227777012,1692255512784,1692255512789,1693227777022,10,5,5
42893,1693227777022,1692255512795,1692255512800,1693227777033,11,5,6
42894,1693227777033,1692255512810,1692255512814,1693227777047,14,4,10
42895,1693227777047,1692255512822,1692255512827,1693227777060,13,5,8
42896,1693227777060,1692255512833,1692255512842,1693227777075,15,9,6
42897,1693227777075,1692255512848,1692255512853,1693227777086,11,5,6
42898,1693227777086,1692255512859,1692255512865,1693227777099,13,6,7
42899,1693227777099,1692255512871,1692255512876,1693227777109,10,5,5
42900,1693227777109,1692255512881,1692255512886,1693227777119,10,5,5
42901,1693227777119,1692255512893,1692255512897,1693227777130,11,4,7
42902,1693227777130,1692255512903,1692255512908,1693227777141,11,5,6
42903,1693227777141,1692255512915,1692255512919,1693227777152,11,4,7
42904,1693227777152,1692255512924,1692255512929,1693227777162,10,5,5
42905,1693227777162,1692255512935,1692255512938,1693227777171,9,3,6
42906,1693227777171,1692255512943,1692255512948,1693227777180,9,5,4
42907,1693227777180,1692255512953,1692255512957,1693227777190,10,4,6
42908,1693227777190,1692255512962,1692255512966,1693227777199,9,4,5
42909,1693227777199,1692255512972,1692255512978,1693227777211,12,6,6
42910,1693227777211,1692255512983,1692255512988,1693227777221,10,5,5
42911,1693227777221,1692255512996,1692255513000,1693227777233,12,4,8
42912,1693227777233,1692255513005,1692255513009,1693227777242,9,4,5
42913,1693227777242,1692255513018,1692255513021,1693227777254,12,3,9
42914,1693227777254,1692255513026,1692255513029,1693227777262,8,3,5
42915,1693227777262,1692255513034,1692255513037,1693227777270,8,3,5
42916,1693227777270,1692255513043,1692255513047,1693227777280,10,4,6
42917,1693227777280,1692255513052,1692255513056,1693227777289,9,4,5
42918,1693227777289,1692255513062,1692255513066,1693227777299,10,4,6
42919,1693227777299,1692255513076,1692255513080,1693227777313,14,4,10
42920,1693227777313,1692255513087,1692255513090,1693227777323,10,3,7
42921,1693227777323,1692255513098,1692255513102,1693227777335,12,4,8
42922,1693227777335,1692255513107,1692255513111,1693227777344,9,4,5
42923,1693227777344,1692255513116,1692255513120,1693227777354,10,4,6
42924,1693227777354,1692255513128,1692255513132,1693227777365,11,4,7
42925,1693227777365,1692255513139,1692255513143,1693227777376,11,4,7
42926,1693227777376,1692255513154,1692255513158,1693227777392,16,4,12
42927,1693227777392,1692255513165,1692255513169,1693227777402,10,4,6
42928,1693227777402,1692255513177,1692255513182,1693227777415,13,5,8
42929,1693227777415,1692255513187,1692255513191,1693227777425,10,4,6
42930,1693227777425,1692255513200,1692255513205,1693227777438,13,5,8
42931,1693227777438,1692255513211,1692255513217,1693227777450,12,6,6
42932,1693227777450,1692255513223,1692255513228,1693227777461,11,5,6
42933,1693227777461,1692255513234,1692255513239,1693227777472,11,5,6
42934,1693227777472,1692255513248,1692255513252,1693227777485,13,4,9
42935,1693227777485,1692255513258,1692255513262,1693227777496,11,4,7
42936,1693227777496,1692255513268,1692255513273,1693227777526,30,5,25
42937,1693227777526,1692255513299,1692255513303,1693227777536,10,4,6
42938,1693227777536,1692255513308,1692255513312,1693227777545,9,4,5
42939,1693227777545,1692255513317,1692255513322,1693227777555,10,5,5
42940,1693227777555,1692255513331,1692255513335,1693227777569,14,4,10
42941,1693227777569,1692255513343,1692255513347,1693227777579,10,4,6
42942,1693227777579,1692255513352,1692255513356,1693227777589,10,4,6
42943,1693227777589,1692255513361,1692255513365,1693227777598,9,4,5
42944,1693227777598,1692255513370,1692255513374,1693227777609,11,4,7
42945,1693227777609,1692255513383,1692255513386,1693227777619,10,3,7
42946,1693227777619,1692255513392,1692255513399,1693227777634,15,7,8
42947,1693227777634,1692255513407,1692255513411,1693227777644,10,4,6
42948,1693227777644,1692255513418,1692255513422,1693227777655,11,4,7
42949,1693227777655,1692255513428,1692255513432,1693227777665,10,4,6
42950,1693227777665,1692255513437,1692255513441,1693227777674,9,4,5
42951,1693227777674,1692255513448,1692255513452,1693227777685,11,4,7
42952,1693227777685,1692255513458,1692255513461,1693227777696,11,3,8
42953,1693227777696,1692255513468,1692255513472,1693227777709,13,4,9
42954,1693227777709,1692255513482,1692255513486,1693227777727,18,4,14
42955,1693227777727,1692255513500,1692255513505,1693227777738,11,5,6
42956,1693227777738,1692255513510,1692255513515,1693227777748,10,5,5
42957,1693227777748,1692255513521,1692255513527,1693227777760,12,6,6
42958,1693227777760,1692255513533,1692255513538,1693227777771,11,5,6
42959,1693227777771,1692255513543,1692255513547,1693227777780,9,4,5
42960,1693227777780,1692255513553,1692255513559,1693227777792,12,6,6
42961,1693227777792,1692255513564,1692255513569,1693227777802,10,5,5
42962,1693227777802,1692255513574,1692255513578,1693227777811,9,4,5
42963,1693227777811,1692255513582,1692255513586,1693227777819,8,4,4
42964,1693227777819,1692255513592,1692255513596,1693227777828,9,4,5
42965,1693227777828,1692255513601,1692255513606,1693227777839,11,5,6
42966,1693227777839,1692255513611,1692255513615,1693227777848,9,4,5
42967,1693227777848,1692255513620,1692255513624,1693227777857,9,4,5
42968,1693227777857,1692255513630,1692255513634,1693227777867,10,4,6
42969,1693227777867,1692255513640,1692255513644,1693227777876,9,4,5
42970,1693227777876,1692255513650,1692255513654,1693227777887,11,4,7
42971,1693227777887,1692255513660,1692255513665,1693227777898,11,5,6
42972,1693227777898,1692255513671,1692255513675,1693227777908,10,4,6
42973,1693227777908,1692255513680,1692255513685,1693227777918,10,5,5
42974,1693227777918,1692255513690,1692255513695,1693227777928,10,5,5
42975,1693227777928,1692255513701,1692255513705,1693227777938,10,4,6
42976,1693227777938,1692255513712,1692255513717,1693227777949,11,5,6
42977,1693227777949,1692255513722,1692255513726,1693227777959,10,4,6
42978,1693227777959,1692255513732,1692255513735,1693227777968,9,3,6
42979,1693227777968,1692255513740,1692255513744,1693227777977,9,4,5
42980,1693227777977,1692255513749,1692255513753,1693227777985,8,4,4
42981,1693227777985,1692255513757,1692255513761,1693227777994,9,4,5
42982,1693227777994,1692255513769,1692255513774,1693227778007,13,5,8
42983,1693227778007,1692255513779,1692255513786,1693227778019,12,7,5
42984,1693227778019,1692255513791,1692255513795,1693227778028,9,4,5
42985,1693227778028,1692255513800,1692255513805,1693227778038,10,5,5
42986,1693227778038,1692255513810,1692255513814,1693227778047,9,4,5
42987,1693227778047,1692255513819,1692255513824,1693227778057,10,5,5
42988,1693227778057,1692255513830,1692255513834,1693227778067,10,4,6
42989,1693227778067,1692255513841,1692255513846,1693227778079,12,5,7
42990,1693227778079,1692255513851,1692255513855,1693227778088,9,4,5
42991,1693227778088,1692255513861,1692255513865,1693227778099,11,4,7
42992,1693227778099,1692255513871,1692255513876,1693227778109,10,5,5
42993,1693227778109,1692255513881,1692255513885,1693227778118,9,4,5
42994,1693227778118,1692255513890,1692255513894,1693227778127,9,4,5
42995,1693227778127,1692255513900,1692255513904,1693227778137,10,4,6
42996,1693227778137,1692255513909,1692255513913,1693227778146,9,4,5
42997,1693227778147,1692255513919,1692255513924,1693227778156,9,5,4
42998,1693227778156,1692255513928,1692255513933,1693227778166,10,5,5
42999,1693227778166,1692255513939,1692255513943,1693227778176,10,4,6
43000,1693227778176,1692255513948,1692255513952,1693227778186,10,4,6
43001,1693227778186,1692255513958,1692255513962,1693227778195,9,4,5
43002,1693227778195,1692255513967,1692255513972,1693227778205,10,5,5
43003,1693227778205,1692255513978,1692255513983,1693227778216,11,5,6
43004,1693227778216,1692255513989,1692255513993,1693227778226,10,4,6
43005,1693227778226,1692255513999,1692255514003,1693227778236,10,4,6
43006,1693227778236,1692255514009,1692255514013,1693227778254,18,4,14
43007,1693227778254,1692255514027,1692255514031,1693227778264,10,4,6
43008,1693227778264,1692255514040,1692255514047,1693227778280,16,7,9
43009,1693227778280,1692255514052,1692255514057,1693227778290,10,5,5
43010,1693227778290,1692255514062,1692255514066,1693227778299,9,4,5
43011,1693227778299,1692255514072,1692255514076,1693227778309,10,4,6
43012,1693227778309,1692255514081,1692255514085,1693227778318,9,4,5
43013,1693227778318,1692255514092,1692255514096,1693227778329,11,4,7
43014,1693227778329,1692255514107,1692255514111,1693227778344,15,4,11
43015,1693227778344,1692255514117,1692255514121,1693227778354,10,4,6
43016,1693227778354,1692255514127,1692255514131,1693227778364,10,4,6
43017,1693227778364,1692255514138,1692255514143,1693227778377,13,5,8
43018,1693227778377,1692255514151,1692255514155,1693227778388,11,4,7
43019,1693227778388,1692255514162,1692255514171,1693227778404,16,9,7
43020,1693227778404,1692255514177,1692255514182,1693227778415,11,5,6
43021,1693227778415,1692255514188,1692255514193,1693227778427,12,5,7
43022,1693227778427,1692255514200,1692255514205,1693227778438,11,5,6
43023,1693227778438,1692255514211,1692255514217,1693227778453,15,6,9
43024,1693227778453,1692255514226,1692255514231,1693227778464,11,5,6
43025,1693227778464,1692255514237,1692255514247,1693227778481,17,10,7
43026,1693227778481,1692255514254,1692255514259,1693227778494,13,5,8
43027,1693227778494,1692255514267,1692255514272,1693227778505,11,5,6
43028,1693227778505,1692255514278,1692255514283,1693227778516,11,5,6
43029,1693227778516,1692255514289,1692255514294,1693227778527,11,5,6
43030,1693227778527,1692255514300,1692255514304,1693227778537,10,4,6
43031,1693227778537,1692255514310,1692255514315,1693227778548,11,5,6
43032,1693227778548,1692255514321,1692255514326,1693227778559,11,5,6
43033,1693227778559,1692255514332,1692255514336,1693227778570,11,4,7
43034,1693227778570,1692255514342,1692255514347,1693227778580,10,5,5
43035,1693227778580,1692255514353,1692255514359,1693227778592,12,6,6
43036,1693227778592,1692255514364,1692255514370,1693227778603,11,6,5
43037,1693227778603,1692255514376,1692255514380,1693227778614,11,4,7
43038,1693227778614,1692255514388,1692255514392,1693227778626,12,4,8
43039,1693227778626,1692255514399,1692255514403,1693227778636,10,4,6
43040,1693227778636,1692255514408,1692255514412,1693227778646,10,4,6
43041,1693227778646,1692255514420,1692255514425,1693227778658,12,5,7
43042,1693227778658,1692255514431,1692255514437,1693227778670,12,6,6
43043,1693227778670,1692255514443,1692255514447,1693227778680,10,4,6
43044,1693227778681,1692255514454,1692255514458,1693227778691,10,4,6
43045,1693227778691,1692255514464,1692255514468,1693227778702,11,4,7
43046,1693227778702,1692255514475,1692255514479,1693227778712,10,4,6
43047,1693227778712,1692255514485,1692255514490,1693227778723,11,5,6
43048,1693227778723,1692255514495,1692255514501,1693227778734,11,6,5
43049,1693227778734,1692255514508,1692255514514,1693227778747,13,6,7
43050,1693227778747,1692255514519,1692255514523,1693227778756,9,4,5
43051,1693227778756,1692255514528,1692255514533,1693227778766,10,5,5
43052,1693227778766,1692255514539,1692255514544,1693227778777,11,5,6
43053,1693227778777,1692255514549,1692255514554,1693227778788,11,5,6
43054,1693227778788,1692255514561,1692255514566,1693227778799,11,5,6
43055,1693227778799,1692255514571,1692255514575,1693227778809,10,4,6
43056,1693227778809,1692255514581,1692255514588,1693227778820,11,7,4
43057,1693227778820,1692255514593,1692255514597,1693227778829,9,4,5
43058,1693227778829,1692255514602,1692255514607,1693227778840,11,5,6
43059,1693227778840,1692255514613,1692255514619,1693227778852,12,6,6
43060,1693227778852,1692255514625,1692255514630,1693227778863,11,5,6
43061,1693227778864,1692255514636,1692255514641,1693227778874,10,5,5
43062,1693227778874,1692255514646,1692255514651,1693227778884,10,5,5
43063,1693227778884,1692255514657,1692255514662,1693227778895,11,5,6
43064,1693227778895,1692255514667,1692255514673,1693227778906,11,6,5
43065,1693227778906,1692255514679,1692255514684,1693227778917,11,5,6
43066,1693227778917,1692255514690,1692255514695,1693227778928,11,5,6
43067,1693227778928,1692255514701,1692255514706,1693227778939,11,5,6
43068,1693227778939,1692255514712,1692255514715,1693227778948,9,3,6
43069,1693227778948,1692255514721,1692255514725,1693227778957,9,4,5
43070,1693227778957,1692255514730,1692255514733,1693227778966,9,3,6
43071,1693227778966,1692255514739,1692255514743,1693227778975,9,4,5
43072,1693227778975,1692255514748,1692255514751,1693227778984,9,3,6
43073,1693227778984,1692255514761,1692255514765,1693227778998,14,4,10
43074,1693227778998,1692255514770,1692255514774,1693227779007,9,4,5
43075,1693227779007,1692255514779,1692255514783,1693227779016,9,4,5
43076,1693227779016,1692255514789,1692255514793,1693227779026,10,4,6
43077,1693227779026,1692255514798,1692255514803,1693227779036,10,5,5
43078,1693227779036,1692255514808,1692255514812,1693227779045,9,4,5
43079,1693227779045,1692255514818,1692255514821,1693227779054,9,3,6
43080,1693227779054,1692255514826,1692255514831,1693227779064,10,5,5
43081,1693227779064,1692255514839,1692255514843,1693227779076,12,4,8
43082,1693227779076,1692255514849,1692255514856,1693227779089,13,7,6
43083,1693227779089,1692255514863,1692255514867,1693227779100,11,4,7
43084,1693227779100,1692255514872,1692255514876,1693227779109,9,4,5
43085,1693227779109,1692255514881,1692255514885,1693227779118,9,4,5
43086,1693227779118,1692255514890,1692255514894,1693227779127,9,4,5
43087,1693227779127,1692255514900,1692255514903,1693227779136,9,3,6
43088,1693227779136,1692255514908,1692255514912,1693227779145,9,4,5
43089,1693227779145,1692255514918,1692255514922,1693227779155,10,4,6
43090,1693227779155,1692255514928,1692255514931,1693227779164,9,3,6
43091,1693227779164,1692255514936,1692255514941,1693227779174,10,5,5
43092,1693227779174,1692255514947,1692255514951,1693227779185,11,4,7
43093,1693227779185,1692255514958,1692255514964,1693227779197,12,6,6
43094,1693227779197,1692255514970,1692255514974,1693227779207,10,4,6
43095,1693227779207,1692255514979,1692255514983,1693227779216,9,4,5
43096,1693227779216,1692255514989,1692255514993,1693227779226,10,4,6
43097,1693227779226,1692255514999,1692255515003,1693227779236,10,4,6
43098,1693227779236,1692255515010,1692255515014,1693227779247,11,4,7
43099,1693227779247,1692255515021,1692255515025,1693227779260,13,4,9
43100,1693227779261,1692255515033,1692255515038,1693227779273,12,5,7
43101,1693227779273,1692255515045,1692255515050,1693227779283,10,5,5
43102,1693227779283,1692255515056,1692255515060,1693227779293,10,4,6
43103,1693227779293,1692255515065,1692255515069,1693227779302,9,4,5
43104,1693227779302,1692255515079,1692255515085,1693227779318,16,6,10
43105,1693227779318,1692255515091,1692255515096,1693227779328,10,5,5
43106,1693227779328,1692255515101,1692255515105,1693227779338,10,4,6
43107,1693227779338,1692255515113,1692255515118,1693227779350,12,5,7
43108,1693227779351,1692255515123,1692255515127,1693227779360,9,4,5
43109,1693227779360,1692255515133,1692255515137,1693227779370,10,4,6
43110,1693227779370,1692255515145,1692255515149,1693227779383,13,4,9
43111,1693227779383,1692255515156,1692255515160,1693227779393,10,4,6
43112,1693227779393,1692255515166,1692255515169,1693227779402,9,3,6
43113,1693227779402,1692255515175,1692255515179,1693227779412,10,4,6
43114,1693227779412,1692255515185,1692255515189,1693227779422,10,4,6
43115,1693227779422,1692255515195,1692255515199,1693227779432,10,4,6
43116,1693227779432,1692255515205,1692255515209,1693227779441,9,4,5
43117,1693227779442,1692255515214,1692255515219,1693227779452,10,5,5
43118,1693227779452,1692255515225,1692255515229,1693227779462,10,4,6
43119,1693227779462,1692255515237,1692255515241,1693227779474,12,4,8
43120,1693227779474,1692255515249,1692255515254,1693227779487,13,5,8
43121,1693227779487,1692255515260,1692255515265,1693227779498,11,5,6
43122,1693227779498,1692255515271,1692255515276,1693227779510,12,5,7
43123,1693227779510,1692255515282,1692255515288,1693227779521,11,6,5
43124,1693227779521,1692255515294,1692255515299,1693227779532,11,5,6
43125,1693227779532,1692255515304,1692255515309,1693227779542,10,5,5
43126,1693227779542,1692255515316,1692255515320,1693227779554,12,4,8
43127,1693227779554,1692255515327,1692255515331,1693227779564,10,4,6
43128,1693227779564,1692255515337,1692255515341,1693227779574,10,4,6
43129,1693227779574,1692255515347,1692255515351,1693227779584,10,4,6
43130,1693227779584,1692255515357,1692255515364,1693227779597,13,7,6
43131,1693227779597,1692255515370,1692255515374,1693227779607,10,4,6
43132,1693227779607,1692255515380,1692255515384,1693227779617,10,4,6
43133,1693227779617,1692255515395,1692255515399,1693227779632,15,4,11
43134,1693227779632,1692255515405,1692255515410,1693227779642,10,5,5
43135,1693227779643,1692255515420,1692255515425,1693227779657,14,5,9
43136,1693227779657,1692255515431,1692255515437,1693227779670,13,6,7
43137,1693227779670,1692255515442,1692255515447,1693227779685,15,5,10
43138,1693227779685,1692255515458,1692255515462,1693227779695,10,4,6
43139,1693227779695,1692255515468,1692255515473,1693227779707,12,5,7
43140,1693227779707,1692255515480,1692255515484,1693227779718,11,4,7
43141,1693227779718,1692255515490,1692255515496,1693227779730,12,6,6
43142,1693227779730,1692255515503,1692255515507,1693227779740,10,4,6
43143,1693227779740,1692255515512,1692255515517,1693227779750,10,5,5
43144,1693227779750,1692255515523,1692255515528,1693227779761,11,5,6
43145,1693227779762,1692255515534,1692255515539,1693227779773,11,5,6
43146,1693227779773,1692255515546,1692255515551,1693227779784,11,5,6
43147,1693227779785,1692255515557,1692255515561,1693227779794,9,4,5
43148,1693227779794,1692255515567,1692255515572,1693227779805,11,5,6
43149,1693227779805,1692255515578,1692255515583,1693227779816,11,5,6
43150,1693227779816,1692255515590,1692255515594,1693227779827,11,4,7
43151,1693227779827,1692255515600,1692255515604,1693227779837,10,4,6
43152,1693227779837,1692255515609,1692255515615,1693227779848,11,6,5
43153,1693227779848,1692255515621,1692255515625,1693227779858,10,4,6
43154,1693227779858,1692255515631,1692255515636,1693227779869,11,5,6
43155,1693227779869,1692255515643,1692255515647,1693227779880,11,4,7
43156,1693227779880,1692255515653,1692255515657,1693227779890,10,4,6
43157,1693227779890,1692255515663,1692255515668,1693227779901,11,5,6
43158,1693227779902,1692255515675,1692255515680,1693227779914,12,5,7
43159,1693227779914,1692255515687,1692255515691,1693227779925,11,4,7
43160,1693227779925,1692255515698,1692255515703,1693227779936,11,5,6
43161,1693227779936,1692255515710,1692255515715,1693227779947,11,5,6
43162,1693227779947,1692255515720,1692255515724,1693227779958,11,4,7
43163,1693227779958,1692255515730,1692255515734,1693227779968,10,4,6
43164,1693227779968,1692255515740,1692255515746,1693227779979,11,6,5
43165,1693227779979,1692255515752,1692255515756,1693227779990,11,4,7
43166,1693227779990,1692255515763,1692255515768,1693227780000,10,5,5
43167,1693227780001,1692255515773,1692255515779,1693227780012,11,6,5
43168,1693227780012,1692255515785,1692255515790,1693227780023,11,5,6
43169,1693227780023,1692255515796,1692255515800,1693227780033,10,4,6
43170,1693227780033,1692255515806,1692255515811,1693227780044,11,5,6
43171,1693227780044,1692255515822,1692255515826,1693227780059,15,4,11
43172,1693227780059,1692255515832,1692255515837,1693227780070,11,5,6
43173,1693227780070,1692255515843,1692255515848,1693227780080,10,5,5
43174,1693227780080,1692255515853,1692255515858,1693227780091,11,5,6
43175,1693227780091,1692255515864,1692255515869,1693227780101,10,5,5
43176,1693227780101,1692255515874,1692255515878,1693227780111,10,4,6
43177,1693227780111,1692255515884,1692255515889,1693227780122,11,5,6
43178,1693227780122,1692255515895,1692255515900,1693227780133,11,5,6
43179,1693227780133,1692255515905,1692255515910,1693227780142,9,5,4
43180,1693227780142,1692255515915,1692255515920,1693227780153,11,5,6
43181,1693227780153,1692255515926,1692255515930,1693227780163,10,4,6
43182,1693227780163,1692255515935,1692255515940,1693227780173,10,5,5
43183,1693227780173,1692255515946,1692255515950,1693227780183,10,4,6
43184,1693227780183,1692255515957,1692255515961,1693227780194,11,4,7
43185,1693227780195,1692255515967,1692255515972,1693227780205,10,5,5
43186,1693227780205,1692255515978,1692255515983,1693227780216,11,5,6
43187,1693227780216,1692255515989,1692255515993,1693227780226,10,4,6
43188,1693227780226,1692255515999,1692255516003,1693227780236,10,4,6
43189,1693227780236,1692255516009,1692255516013,1693227780245,9,4,5
43190,1693227780245,1692255516017,1692255516022,1693227780254,9,5,4
43191,1693227780254,1692255516026,1692255516030,1693227780265,11,4,7
43192,1693227780265,1692255516038,1692255516043,1693227780276,11,5,6
43193,1693227780276,1692255516048,1692255516052,1693227780285,9,4,5
43194,1693227780285,1692255516058,1692255516062,1693227780297,12,4,8
43195,1693227780297,1692255516069,1692255516078,1693227780311,14,9,5
43196,1693227780311,1692255516084,1692255516088,1693227780321,10,4,6
43197,1693227780321,1692255516094,1692255516098,1693227780330,9,4,5
43198,1693227780330,1692255516102,1692255516107,1693227780340,10,5,5
43199,1693227780340,1692255516112,1692255516115,1693227780348,8,3,5
43200,1693227780348,1692255516121,1692255516125,1693227780359,11,4,7
43201,1693227780359,1692255516131,1692255516135,1693227780368,9,4,5
43202,1693227780368,1692255516140,1692255516145,1693227780378,10,5,5
43203,1693227780378,1692255516150,1692255516154,1693227780387,9,4,5
43204,1693227780387,1692255516160,1692255516166,1693227780399,12,6,6
43205,1693227780399,1692255516171,1692255516175,1693227780408,9,4,5
43206,1693227780408,1692255516180,1692255516184,1693227780417,9,4,5
43207,1693227780417,1692255516189,1692255516193,1693227780426,9,4,5
43208,1693227780426,1692255516199,1692255516203,1693227780436,10,4,6
43209,1693227780436,1692255516208,1692255516212,1693227780445,9,4,5
43210,1693227780446,1692255516218,1692255516222,1693227780455,9,4,5
43211,1693227780455,1692255516227,1692255516231,1693227780464,9,4,5
43212,1693227780464,1692255516236,1692255516240,1693227780473,9,4,5
43213,1693227780473,1692255516245,1692255516249,1693227780482,9,4,5
43214,1693227780482,1692255516255,1692255516259,1693227780492,10,4,6
43215,1693227780492,1692255516266,1692255516270,1693227780503,11,4,7
43216,1693227780503,1692255516276,1692255516280,1693227780513,10,4,6
43217,1693227780513,1692255516286,1692255516290,1693227780523,10,4,6
43218,1693227780523,1692255516296,1692255516300,1693227780533,10,4,6
43219,1693227780533,1692255516306,1692255516313,1693227780546,13,7,6
43220,1693227780547,1692255516319,1692255516323,1693227780557,10,4,6
43221,1693227780557,1692255516330,1692255516334,1693227780567,10,4,6
43222,1693227780568,1692255516340,1692255516343,1693227780576,8,3,5
43223,1693227780576,1692255516348,1692255516352,1693227780585,9,4,5
43224,1693227780585,1692255516357,1692255516362,1693227780595,10,5,5
43225,1693227780595,1692255516368,1692255516372,1693227780605,10,4,6
43226,1693227780605,1692255516378,1692255516383,1693227780616,11,5,6
43227,1693227780616,1692255516388,1692255516391,1693227780625,9,3,6
43228,1693227780625,1692255516397,1692255516401,1693227780634,9,4,5
43229,1693227780634,1692255516407,1692255516411,1693227780644,10,4,6
43230,1693227780644,1692255516417,1692255516421,1693227780654,10,4,6
43231,1693227780654,1692255516426,1692255516430,1693227780663,9,4,5
43232,1693227780663,1692255516435,1692255516439,1693227780672,9,4,5
43233,1693227780672,1692255516445,1692255516449,1693227780682,10,4,6
43234,1693227780682,1692255516455,1692255516459,1693227780693,11,4,7
43235,1693227780693,1692255516465,1692255516469,1693227780702,9,4,5
43236,1693227780702,1692255516477,1692255516481,1693227780714,12,4,8
43237,1693227780714,1692255516487,1692255516493,1693227780726,12,6,6
43238,1693227780726,1692255516499,1692255516503,1693227780736,10,4,6
43239,1693227780736,1692255516510,1692255516514,1693227780748,12,4,8
43240,1693227780748,1692255516521,1692255516529,1693227780761,13,8,5
43241,1693227780762,1692255516535,1692255516539,1693227780772,10,4,6
43242,1693227780773,1692255516547,1692255516552,1693227780785,12,5,7
43243,1693227780785,1692255516558,1692255516563,1693227780796,11,5,6
43244,1693227780796,1692255516569,1692255516574,1693227780808,12,5,7
43245,1693227780809,1692255516582,1692255516587,1693227780820,11,5,6
43246,1693227780820,1692255516594,1692255516599,1693227780832,12,5,7
43247,1693227780832,1692255516606,1692255516611,1693227780844,12,5,7
43248,1693227780844,1692255516620,1692255516624,1693227780857,13,4,9
43249,1693227780857,1692255516629,1692255516635,1693227780868,11,6,5
43250,1693227780868,1692255516640,1692255516644,1693227780877,9,4,5
43251,1693227780877,1692255516650,1692255516654,1693227780887,10,4,6
43252,1693227780887,1692255516660,1692255516665,1693227780898,11,5,6
43253,1693227780899,1692255516672,1692255516677,1693227780911,12,5,7
43254,1693227780911,1692255516684,1692255516688,1693227780921,10,4,6
43255,1693227780921,1692255516694,1692255516699,1693227780932,11,5,6
43256,1693227780932,1692255516706,1692255516711,1693227780944,12,5,7
43257,1693227780944,1692255516717,1692255516722,1693227780954,10,5,5
43258,1693227780954,1692255516727,1692255516733,1693227780966,12,6,6
43259,1693227780966,1692255516739,1692255516745,1693227780978,12,6,6
43260,1693227780978,1692255516751,1692255516755,1693227780990,12,4,8
43261,1693227780990,1692255516763,1692255516768,1693227781001,11,5,6
43262,1693227781001,1692255516774,1692255516780,1693227781014,13,6,7
43263,1693227781014,1692255516787,1692255516791,1693227781024,10,4,6
43264,1693227781024,1692255516797,1692255516802,1693227781035,11,5,6
43265,1693227781035,1692255516808,1692255516812,1693227781045,10,4,6
43266,1693227781045,1692255516818,1692255516822,1693227781055,10,4,6
43267,1693227781055,1692255516829,1692255516834,1693227781067,12,5,7
43268,1693227781067,1692255516840,1692255516845,1693227781078,11,5,6
43269,1693227781078,1692255516850,1692255516854,1693227781087,9,4,5
43270,1693227781087,1692255516860,1692255516864,1693227781097,10,4,6
43271,1693227781097,1692255516869,1692255516874,1693227781107,10,5,5
43272,1693227781107,1692255516880,1692255516885,1693227781118,11,5,6
43273,1693227781118,1692255516890,1692255516895,1693227781128,10,5,5
43274,1693227781128,1692255516901,1692255516906,1693227781140,12,5,7
43275,1693227781140,1692255516913,1692255516917,1693227781150,10,4,6
43276,1693227781150,1692255516924,1692255516928,1693227781161,11,4,7
43277,1693227781161,1692255516933,1692255516941,1693227781174,13,8,5
43278,1693227781174,1692255516946,1692255516951,1693227781184,10,5,5
43279,1693227781184,1692255516957,1692255516962,1693227781195,11,5,6
43280,1693227781195,1692255516967,1692255516971,1693227781203,8,4,4
43281,1693227781203,1692255516975,1692255516980,1693227781213,10,5,5
43282,1693227781213,1692255516985,1692255516990,1693227781223,10,5,5
43283,1693227781223,1692255516996,1692255517002,1693227781235,12,6,6
43284,1693227781235,1692255517008,1692255517013,1693227781246,11,5,6
43285,1693227781246,1692255517019,1692255517024,1693227781257,11,5,6
43286,1693227781257,1692255517029,1692255517034,1693227781267,10,5,5
43287,1693227781267,1692255517043,1692255517048,1693227781281,14,5,9
43288,1693227781281,1692255517054,1692255517058,1693227781291,10,4,6
43289,1693227781291,1692255517064,1692255517070,1693227781302,11,6,5
43290,1693227781302,1692255517075,1692255517079,1693227781312,10,4,6
43291,1693227781312,1692255517085,1692255517090,1693227781323,11,5,6
43292,1693227781323,1692255517095,1692255517100,1693227781333,10,5,5
43293,1693227781333,1692255517106,1692255517111,1693227781344,11,5,6
43294,1693227781345,1692255517118,1692255517123,1693227781356,11,5,6
43295,1693227781356,1692255517129,1692255517134,1693227781367,11,5,6
43296,1693227781367,1692255517139,1692255517145,1693227781383,16,6,10
43297,1693227781383,1692255517156,1692255517161,1693227781395,12,5,7
43298,1693227781395,1692255517168,1692255517173,1693227781406,11,5,6
43299,1693227781406,1692255517181,1692255517186,1693227781419,13,5,8
43300,1693227781419,1692255517194,1692255517199,1693227781432,13,5,8
43301,1693227781432,1692255517205,1692255517212,1693227781445,13,7,6
43302,1693227781445,1692255517218,1692255517224,1693227781457,12,6,6
43303,1693227781457,1692255517230,1692255517235,1693227781468,11,5,6
43304,1693227781468,1692255517247,1692255517252,1693227781485,17,5,12
43305,1693227781485,1692255517258,1692255517263,1693227781496,11,5,6
43306,1693227781496,1692255517270,1692255517275,1693227781508,12,5,7
43307,1693227781508,1692255517281,1692255517286,1693227781519,11,5,6
43308,1693227781519,1692255517292,1692255517298,1693227781530,11,6,5
43309,1693227781530,1692255517303,1692255517308,1693227781541,11,5,6
43310,1693227781541,1692255517314,1692255517319,1693227781553,12,5,7
43311,1693227781553,1692255517326,1692255517330,1693227781563,10,4,6
43312,1693227781563,1692255517336,1692255517341,1693227781574,11,5,6
43313,1693227781574,1692255517346,1692255517351,1693227781584,10,5,5
43314,1693227781584,1692255517357,1692255517364,1693227781597,13,7,6
43315,1693227781597,1692255517370,1692255517375,1693227781608,11,5,6
43316,1693227781608,1692255517381,1692255517386,1693227781619,11,5,6
43317,1693227781619,1692255517391,1692255517397,1693227781630,11,6,5
43318,1693227781630,1692255517404,1692255517409,1693227781642,12,5,7
43319,1693227781642,1692255517419,1692255517424,1693227781656,14,5,9
43320,1693227781657,1692255517429,1692255517434,1693227781667,10,5,5
43321,1693227781667,1692255517441,1692255517446,1693227781679,12,5,7
43322,1693227781679,1692255517452,1692255517457,1693227781690,11,5,6
43323,1693227781690,1692255517464,1692255517468,1693227781701,11,4,7
43324,1693227781701,1692255517474,1692255517478,1693227781712,11,4,7
43325,1693227781712,1692255517491,1692255517495,1693227781730,18,4,14
43326,1693227781730,1692255517503,1692255517508,1693227781741,11,5,6
43327,1693227781741,1692255517515,1692255517520,1693227781753,12,5,7
43328,1693227781753,1692255517525,1692255517530,1693227781763,10,5,5
43329,1693227781763,1692255517535,1692255517539,1693227781772,9,4,5
43330,1693227781772,1692255517545,1692255517549,1693227781782,10,4,6
43331,1693227781782,1692255517554,1692255517559,1693227781792,10,5,5
43332,1693227781792,1692255517565,1692255517569,1693227781802,10,4,6
43333,1693227781802,1692255517574,1692255517578,1693227781812,10,4,6
43334,1693227781812,1692255517584,1692255517589,1693227781822,10,5,5
43335,1693227781822,1692255517595,1692255517599,1693227781832,10,4,6
43336,1693227781832,1692255517605,1692255517610,1693227781843,11,5,6
43337,1693227781843,1692255517616,1692255517622,1693227781856,13,6,7
43338,1693227781856,1692255517629,1692255517634,1693227781867,11,5,6
43339,1693227781867,1692255517639,1692255517644,1693227781877,10,5,5
43340,1693227781878,1692255517650,1692255517654,1693227781887,9,4,5
43341,1693227781887,1692255517671,1692255517675,1693227781908,21,4,17
43342,1693227781908,1692255517682,1692255517686,1693227781919,11,4,7
43343,1693227781919,1692255517692,1692255517697,1693227781930,11,5,6
43344,1693227781930,1692255517706,1692255517710,1693227781943,13,4,9
43345,1693227781943,1692255517716,1692255517721,1693227781954,11,5,6
43346,1693227781954,1692255517727,1692255517732,1693227781965,11,5,6
43347,1693227781965,1692255517738,1692255517743,1693227781976,11,5,6
43348,1693227781976,1692255517749,1692255517753,1693227781986,10,4,6
43349,1693227781986,1692255517758,1692255517763,1693227781996,10,5,5
43350,1693227781996,1692255517769,1692255517773,1693227782006,10,4,6
43351,1693227782006,1692255517779,1692255517787,1693227782020,14,8,6
43352,1693227782020,1692255517793,1692255517798,1693227782030,10,5,5
43353,1693227782030,1692255517803,1692255517807,1693227782040,10,4,6
43354,1693227782040,1692255517813,1692255517818,1693227782051,11,5,6
43355,1693227782051,1692255517824,1692255517828,1693227782062,11,4,7
43356,1693227782062,1692255517834,1692255517839,1693227782072,10,5,5
43357,1693227782072,1692255517844,1692255517849,1693227782082,10,5,5
43358,1693227782082,1692255517854,1692255517859,1693227782092,10,5,5
43359,1693227782092,1692255517865,1692255517870,1693227782103,11,5,6
43360,1693227782103,1692255517876,1692255517881,1693227782114,11,5,6
43361,1693227782114,1692255517887,1692255517891,1693227782124,10,4,6
43362,1693227782124,1692255517897,1692255517902,1693227782135,11,5,6
43363,1693227782135,1692255517910,1692255517914,1693227782147,12,4,8
43364,1693227782147,1692255517919,1692255517923,1693227782156,9,4,5
43365,1693227782156,1692255517928,1692255517932,1693227782165,9,4,5
43366,1693227782165,1692255517940,1692255517944,1693227782177,12,4,8
43367,1693227782177,1692255517949,1692255517955,1693227782189,12,6,6
43368,1693227782189,1692255517962,1692255517967,1693227782200,11,5,6
43369,1693227782200,1692255517973,1692255517978,1693227782211,11,5,6
43370,1693227782211,1692255517985,1692255517989,1693227782222,11,4,7
43371,1693227782222,1692255517995,1692255518000,1693227782233,11,5,6
43372,1693227782233,1692255518006,1692255518011,1693227782243,10,5,5
43373,1693227782243,1692255518016,1692255518020,1693227782253,10,4,6
43374,1693227782253,1692255518025,1692255518030,1693227782263,10,5,5
43375,1693227782264,1692255518037,1692255518041,1693227782278,14,4,10
43376,1693227782278,1692255518050,1692255518055,1693227782288,10,5,5
43377,1693227782288,1692255518061,1692255518066,1693227782299,11,5,6
43378,1693227782299,1692255518073,1692255518076,1693227782309,10,3,7
43379,1693227782309,1692255518083,1692255518087,1693227782320,11,4,7
43380,1693227782320,1692255518093,1692255518097,1693227782329,9,4,5
43381,1693227782329,1692255518101,1692255518105,1693227782337,8,4,4
43382,1693227782338,1692255518110,1692255518113,1693227782346,8,3,5
43383,1693227782346,1692255518119,1692255518122,1693227782355,9,3,6
43384,1693227782355,1692255518129,1692255518133,1693227782366,11,4,7
43385,1693227782366,1692255518139,1692255518144,1693227782376,10,5,5
43386,1693227782377,1692255518150,1692255518154,1693227782387,10,4,6
43387,1693227782387,1692255518160,1692255518166,1693227782399,12,6,6
43388,1693227782399,1692255518172,1692255518177,1693227782411,12,5,7
43389,1693227782411,1692255518184,1692255518187,1693227782420,9,3,6
43390,1693227782420,1692255518195,1692255518199,1693227782431,11,4,7
43391,1693227782431,1692255518204,1692255518208,1693227782441,10,4,6
43392,1693227782441,1692255518218,1692255518222,1693227782455,14,4,10
43393,1693227782456,1692255518229,1692255518234,1693227782467,11,5,6
43394,1693227782467,1692255518245,1692255518249,1693227782482,15,4,11
43395,1693227782482,1692255518255,1692255518258,1693227782491,9,3,6
43396,1693227782491,1692255518264,1692255518268,1693227782501,10,4,6
43397,1693227782501,1692255518273,1692255518278,1693227782511,10,5,5
43398,1693227782511,1692255518283,1692255518287,1693227782520,9,4,5
43399,1693227782520,1692255518293,1692255518297,1693227782530,10,4,6
43400,1693227782530,1692255518303,1692255518307,1693227782540,10,4,6
43401,1693227782540,1692255518312,1692255518316,1693227782550,10,4,6
43402,1693227782550,1692255518323,1692255518326,1693227782559,9,3,6
43403,1693227782559,1692255518332,1692255518336,1693227782569,10,4,6
43404,1693227782569,1692255518341,1692255518345,1693227782578,9,4,5
43405,1693227782578,1692255518350,1692255518354,1693227782587,9,4,5
43406,1693227782587,1692255518359,1692255518363,1693227782596,9,4,5
43407,1693227782596,1692255518369,1692255518374,1693227782607,11,5,6
43408,1693227782607,1692255518380,1692255518386,1693227782618,11,6,5
43409,1693227782618,1692255518391,1692255518396,1693227782630,12,5,7
43410,1693227782630,1692255518403,1692255518408,1693227782641,11,5,6
43411,1693227782641,1692255518420,1692255518426,1693227782658,17,6,11
43412,1693227782658,1692255518431,1692255518435,1693227782668,10,4,6
43413,1693227782668,1692255518442,1692255518446,1693227782679,11,4,7
43414,1693227782679,1692255518455,1692255518460,1693227782693,14,5,9
43415,1693227782693,1692255518467,1692255518471,1693227782704,11,4,7
43416,1693227782704,1692255518476,1692255518481,1693227782714,10,5,5
43417,1693227782714,1692255518491,1692255518496,1693227782729,15,5,10
43418,1693227782729,1692255518502,1692255518507,1693227782740,11,5,6
43419,1693227782740,1692255518512,1692255518516,1693227782750,10,4,6
43420,1693227782750,1692255518524,1692255518528,1693227782761,11,4,7
43421,1693227782761,1692255518534,1692255518538,1693227782772,11,4,7
43422,1693227782772,1692255518546,1692255518551,1693227782784,12,5,7
43423,1693227782784,1692255518557,1692255518563,1693227782796,12,6,6
43424,1693227782796,1692255518570,1692255518578,1693227782811,15,8,7
43425,1693227782811,1692255518585,1692255518592,1693227782825,14,7,7
43426,1693227782825,1692255518598,1692255518603,1693227782836,11,5,6
43427,1693227782836,1692255518610,1692255518615,1693227782848,12,5,7
43428,1693227782848,1692255518621,1692255518625,1693227782858,10,4,6
43429,1693227782858,1692255518632,1692255518637,1693227782869,11,5,6
43430,1693227782869,1692255518643,1692255518648,1693227782881,12,5,7
43431,1693227782881,1692255518655,1692255518659,1693227782892,11,4,7
43432,1693227782892,1692255518664,1692255518668,1693227782901,9,4,5
43433,1693227782901,1692255518674,1692255518678,1693227782910,9,4,5
43434,1693227782910,1692255518683,1692255518687,1693227782920,10,4,6
43435,1693227782920,1692255518692,1692255518696,1693227782929,9,4,5
43436,1693227782929,1692255518702,1692255518706,1693227782939,10,4,6
43437,1693227782939,1692255518711,1692255518715,1693227782948,9,4,5
43438,1693227782948,1692255518720,1692255518725,1693227782959,11,5,6
43439,1693227782959,1692255518731,1692255518736,1693227782969,10,5,5
43440,1693227782969,1692255518743,1692255518751,1693227782985,16,8,8
43441,1693227782985,1692255518757,1692255518761,1693227782994,9,4,5
43442,1693227782994,1692255518767,1692255518772,1693227783005,11,5,6
43443,1693227783005,1692255518777,1692255518783,1693227783016,11,6,5
43444,1693227783016,1692255518789,1692255518794,1693227783027,11,5,6
43445,1693227783028,1692255518801,1692255518805,1693227783038,10,4,6
43446,1693227783038,1692255518811,1692255518816,1693227783049,11,5,6
43447,1693227783049,1692255518822,1692255518828,1693227783062,13,6,7
43448,1693227783062,1692255518835,1692255518841,1693227783074,12,6,6
43449,1693227783074,1692255518847,1692255518853,1693227783086,12,6,6
43450,1693227783086,1692255518859,1692255518863,1693227783096,10,4,6
43451,1693227783096,1692255518868,1692255518872,1693227783105,9,4,5
43452,1693227783105,1692255518878,1692255518885,1693227783118,13,7,6
43453,1693227783118,1692255518890,1692255518894,1693227783127,9,4,5
43454,1693227783127,1692255518900,1692255518904,1693227783137,10,4,6
43455,1693227783137,1692255518910,1692255518915,1693227783148,11,5,6
43456,1693227783148,1692255518920,1692255518925,1693227783158,10,5,5
43457,1693227783158,1692255518930,1692255518934,1693227783168,10,4,6
43458,1693227783168,1692255518940,1692255518945,1693227783178,10,5,5
43459,1693227783178,1692255518950,1692255518954,1693227783187,9,4,5
43460,1693227783187,1692255518960,1692255518967,1693227783199,12,7,5
43461,1693227783199,1692255518971,1692255518975,1693227783208,9,4,5
43462,1693227783208,1692255518981,1692255518985,1693227783218,10,4,6
43463,1693227783218,1692255518991,1692255518996,1693227783229,11,5,6
43464,1693227783229,1692255519002,1692255519007,1693227783240,11,5,6
43465,1693227783240,1692255519012,1692255519016,1693227783249,9,4,5
43466,1693227783249,1692255519022,1692255519026,1693227783259,10,4,6
43467,1693227783259,1692255519032,1692255519036,1693227783269,10,4,6
43468,1693227783269,1692255519042,1692255519046,1693227783283,14,4,10
43469,1693227783283,1692255519055,1692255519059,1693227783292,9,4,5
43470,1693227783293,1692255519065,1692255519069,1693227783302,9,4,5
43471,1693227783302,1692255519074,1692255519079,1693227783311,9,5,4
43472,1693227783311,1692255519084,1692255519088,1693227783321,10,4,6
43473,1693227783321,1692255519093,1692255519097,1693227783330,9,4,5
43474,1693227783330,1692255519103,1692255519106,1693227783339,9,3,6
43475,1693227783339,1692255519111,1692255519115,1693227783348,9,4,5
43476,1693227783348,1692255519121,1692255519125,1693227783358,10,4,6
43477,1693227783358,1692255519130,1692255519135,1693227783368,10,5,5
43478,1693227783368,1692255519141,1692255519145,1693227783378,10,4,6
43479,1693227783378,1692255519151,1692255519155,1693227783388,10,4,6
43480,1693227783388,1692255519161,1692255519164,1693227783398,10,3,7
43481,1693227783398,1692255519170,1692255519174,1693227783406,8,4,4
43482,1693227783406,1692255519179,1692255519183,1693227783416,10,4,6
43483,1693227783416,1692255519189,1692255519195,1693227783428,12,6,6
43484,1693227783428,1692255519200,1692255519205,1693227783438,10,5,5
43485,1693227783438,1692255519211,1692255519216,1693227783448,10,5,5
43486,1693227783448,1692255519222,1692255519227,1693227783460,12,5,7
43487,1693227783460,1692255519233,1692255519237,1693227783471,11,4,7
43488,1693227783471,1692255519249,1692255519253,1693227783486,15,4,11
43489,1693227783486,1692255519259,1692255519263,1693227783498,12,4,8
43490,1693227783498,1692255519271,1692255519275,1693227783509,11,4,7
43491,1693227783509,1692255519286,1692255519290,1693227783523,14,4,10
43492,1693227783523,1692255519298,1692255519302,1693227783535,12,4,8
43493,1693227783535,1692255519307,1692255519312,1693227783545,10,5,5
43494,1693227783545,1692255519318,1692255519322,1693227783555,10,4,6
43495,1693227783555,1692255519328,1692255519332,1693227783565,10,4,6
43496,1693227783565,1692255519339,1692255519343,1693227783576,11,4,7
43497,1693227783576,1692255519349,1692255519355,1693227783587,11,6,5
43498,1693227783587,1692255519359,1692255519363,1693227783596,9,4,5
43499,1693227783596,1692255519368,1692255519373,1693227783606,10,5,5
43500,1693227783606,1692255519379,1692255519383,1693227783616,10,4,6
43501,1693227783616,1692255519388,1692255519393,1693227783626,10,5,5
43502,1693227783626,1692255519400,1692255519405,1693227783638,12,5,7
43503,1693227783638,1692255519411,1692255519416,1693227783649,11,5,6
43504,1693227783649,1692255519425,1692255519430,1693227783663,14,5,9
43505,1693227783663,1692255519439,1692255519443,1693227783676,13,4,9
43506,1693227783676,1692255519448,1692255519452,1693227783685,9,4,5
43507,1693227783685,1692255519458,1692255519462,1693227783695,10,4,6
43508,1693227783695,1692255519468,1692255519473,1693227783706,11,5,6
43509,1693227783706,1692255519479,1692255519483,1693227783716,10,4,6
43510,1693227783716,1692255519489,1692255519493,1693227783726,10,4,6
43511,1693227783726,1692255519499,1692255519503,1693227783736,10,4,6
43512,1693227783736,1692255519509,1692255519513,1693227783746,10,4,6
43513,1693227783746,1692255519518,1692255519522,1693227783754,8,4,4
43514,1693227783754,1692255519527,1692255519530,1693227783763,9,3,6
43515,1693227783763,1692255519536,1692255519539,1693227783772,9,3,6
43516,1693227783772,1692255519545,1692255519549,1693227783781,9,4,5
43517,1693227783781,1692255519554,1692255519558,1693227783791,10,4,6
43518,1693227783791,1692255519563,1692255519567,1693227783800,9,4,5
43519,1693227783800,1692255519572,1692255519576,1693227783809,9,4,5
43520,1693227783809,1692255519581,1692255519585,1693227783817,8,4,4
43521,1693227783817,1692255519590,1692255519594,1693227783826,9,4,5
43522,1693227783826,1692255519598,1692255519602,1693227783835,9,4,5
43523,1693227783835,1692255519607,1692255519612,1693227783845,10,5,5
43524,1693227783845,1692255519619,1692255519623,1693227783856,11,4,7
43525,1693227783856,1692255519629,1692255519633,1693227783866,10,4,6
43526,1693227783866,1692255519638,1692255519643,1693227783876,10,5,5
43527,1693227783876,1692255519651,1692255519655,1693227783888,12,4,8
43528,1693227783888,1692255519660,1692255519665,1693227783898,10,5,5
43529,1693227783898,1692255519670,1692255519674,1693227783907,9,4,5
43530,1693227783907,1692255519680,1692255519683,1693227783916,9,3,6
43531,1693227783916,1692255519689,1692255519692,1693227783926,10,3,7
43532,1693227783926,1692255519698,1692255519702,1693227783935,9,4,5
43533,1693227783935,1692255519708,1692255519712,1693227783945,10,4,6
43534,1693227783945,1692255519717,1692255519725,1693227783958,13,8,5
43535,1693227783958,1692255519731,1692255519734,1693227783967,9,3,6
43536,1693227783967,1692255519740,1692255519744,1693227783977,10,4,6
43537,1693227783977,1692255519749,1692255519753,1693227783986,9,4,5
43538,1693227783986,1692255519760,1692255519764,1693227783997,11,4,7
43539,1693227783997,1692255519769,1692255519773,1693227784006,9,4,5
43540,1693227784006,1692255519778,1692255519782,1693227784015,9,4,5
43541,1693227784015,1692255519788,1692255519792,1693227784025,10,4,6
43542,1693227784025,1692255519797,1692255519801,1693227784034,9,4,5
43543,1693227784034,1692255519806,1692255519810,1693227784043,9,4,5
43544,1693227784043,1692255519815,1692255519819,1693227784052,9,4,5
43545,1693227784052,1692255519825,1692255519829,1693227784062,10,4,6
43546,1693227784062,1692255519835,1692255519842,1693227784075,13,7,6
43547,1693227784075,1692255519848,1692255519852,1693227784087,12,4,8
43548,1693227784087,1692255519860,1692255519864,1693227784096,9,4,5
43549,1693227784096,1692255519868,1692255519872,1693227784105,9,4,5
43550,1693227784105,1692255519877,1692255519881,1693227784113,8,4,4
43551,1693227784114,1692255519886,1692255519890,1693227784122,8,4,4
43552,1693227784122,1692255519894,1692255519898,1693227784131,9,4,5
43553,1693227784131,1692255519903,1692255519907,1693227784140,9,4,5
43554,1693227784140,1692255519913,1692255519917,1693227784150,10,4,6
43555,1693227784150,1692255519922,1692255519927,1693227784159,9,5,4
43556,1693227784160,1692255519932,1692255519936,1693227784169,9,4,5
43557,1693227784169,1692255519942,1692255519946,1693227784179,10,4,6
43558,1693227784179,1692255519952,1692255519956,1693227784189,10,4,6
43559,1693227784189,1692255519961,1692255519966,1693227784198,9,5,4
43560,1693227784198,1692255519971,1692255519974,1693227784207,9,3,6
43561,1693227784207,1692255519980,1692255519983,1693227784216,9,3,6
43562,1693227784216,1692255519989,1692255519992,1693227784225,9,3,6
43563,1693227784225,1692255519998,1692255520002,1693227784235,10,4,6
43564,1693227784235,1692255520008,1692255520011,1693227784244,9,3,6
43565,1693227784244,1692255520018,1692255520022,1693227784254,10,4,6
43566,1693227784254,1692255520027,1692255520031,1693227784263,9,4,5
43567,1693227784263,1692255520036,1692255520039,1693227784272,9,3,6
43568,1693227784272,1692255520045,1692255520049,1693227784282,10,4,6
43569,1693227784282,1692255520054,1692255520058,1693227784291,9,4,5
43570,1693227784291,1692255520063,1692255520069,1693227784302,11,6,5
43571,1693227784302,1692255520075,1692255520079,1693227784312,10,4,6
43572,1693227784312,1692255520084,1692255520088,1693227784320,8,4,4
43573,1693227784320,1692255520092,1692255520096,1693227784329,9,4,5
43574,1693227784329,1692255520102,1692255520106,1693227784338,9,4,5
43575,1693227784338,1692255520110,1692255520115,1693227784348,10,5,5
43576,1693227784348,1692255520120,1692255520124,1693227784357,9,4,5
43577,1693227784357,1692255520130,1692255520134,1693227784366,9,4,5
43578,1693227784366,1692255520140,1692255520144,1693227784377,11,4,7
43579,1693227784377,1692255520150,1692255520154,1693227784386,9,4,5
43580,1693227784386,1692255520159,1692255520163,1693227784396,10,4,6
43581,1693227784396,1692255520169,1692255520173,1693227784406,10,4,6
43582,1693227784406,1692255520178,1692255520182,1693227784415,9,4,5
43583,1693227784415,1692255520188,1692255520192,1693227784425,10,4,6
43584,1693227784425,1692255520197,1692255520202,1693227784435,10,5,5
43585,1693227784435,1692255520208,1692255520212,1693227784445,10,4,6
43586,1693227784445,1692255520219,1692255520223,1693227784455,10,4,6
43587,1693227784455,1692255520228,1692255520233,1693227784466,11,5,6
43588,1693227784466,1692255520239,1692255520242,1693227784475,9,3,6
43589,1693227784475,1692255520248,1692255520253,1693227784486,11,5,6
43590,1693227784486,1692255520258,1692255520263,1693227784496,10,5,5
43591,1693227784496,1692255520269,1692255520274,1693227784506,10,5,5
43592,1693227784506,1692255520279,1692255520287,1693227784520,14,8,6
43593,1693227784520,1692255520293,1692255520297,1693227784530,10,4,6
43594,1693227784530,1692255520302,1692255520306,1693227784539,9,4,5
43595,1693227784539,1692255520311,1692255520315,1693227784548,9,4,5
43596,1693227784548,1692255520320,1692255520324,1693227784556,8,4,4
43597,1693227784556,1692255520329,1692255520334,1693227784566,10,5,5
43598,1693227784566,1692255520338,1692255520343,1693227784576,10,5,5
43599,1693227784576,1692255520349,1692255520353,1693227784586,10,4,6
43600,1693227784586,1692255520358,1692255520363,1693227784597,11,5,6
43601,1693227784597,1692255520370,1692255520374,1693227784607,10,4,6
43602,1693227784607,1692255520379,1692255520383,1693227784616,9,4,5
43603,1693227784616,1692255520388,1692255520392,1693227784625,9,4,5
43604,1693227784625,1692255520399,1692255520403,1693227784636,11,4,7
43605,1693227784636,1692255520409,1692255520413,1693227784646,10,4,6
43606,1693227784646,1692255520422,1692255520428,1693227784662,16,6,10
43607,1693227784662,1692255520435,1692255520439,1693227784672,10,4,6
43608,1693227784672,1692255520446,1692255520451,1693227784684,12,5,7
43609,1693227784684,1692255520457,1692255520461,1693227784694,10,4,6
43610,1693227784694,1692255520467,1692255520471,1693227784704,10,4,6
43611,1693227784704,1692255520476,1692255520481,1693227784714,10,5,5
43612,1693227784714,1692255520494,1692255520499,1693227784732,18,5,13
43613,1693227784732,1692255520506,1692255520510,1693227784743,11,4,7
43614,1693227784744,1692255520517,1692255520521,1693227784754,10,4,6
43615,1693227784754,1692255520527,1692255520532,1693227784765,11,5,6
43616,1693227784765,1692255520537,1692255520542,1693227784775,10,5,5
43617,1693227784775,1692255520548,1692255520552,1693227784785,10,4,6
43618,1693227784785,1692255520558,1692255520563,1693227784796,11,5,6
43619,1693227784796,1692255520569,1692255520573,1693227784806,10,4,6
43620,1693227784806,1692255520579,1692255520583,1693227784816,10,4,6
43621,1693227784816,1692255520589,1692255520593,1693227784826,10,4,6
43622,1693227784826,1692255520599,1692255520603,1693227784836,10,4,6
43623,1693227784836,1692255520608,1692255520612,1693227784845,9,4,5
43624,1693227784845,1692255520618,1692255520621,1693227784854,9,3,6
43625,1693227784854,1692255520627,1692255520631,1693227784864,10,4,6
43626,1693227784864,1692255520638,1692255520642,1693227784875,11,4,7
43627,1693227784875,1692255520648,1692255520653,1693227784886,11,5,6
43628,1693227784886,1692255520659,1692255520663,1693227784896,10,4,6
43629,1693227784896,1692255520669,1692255520674,1693227784906,10,5,5
43630,1693227784906,1692255520679,1692255520683,1693227784916,10,4,6
43631,1693227784916,1692255520689,1692255520694,1693227784927,11,5,6
43632,1693227784927,1692255520700,1692255520704,1693227784937,10,4,6
43633,1693227784937,1692255520710,1692255520715,1693227784947,10,5,5
43634,1693227784947,1692255520720,1692255520724,1693227784958,11,4,7
43635,1693227784958,1692255520731,1692255520736,1693227784969,11,5,6
43636,1693227784969,1692255520741,1692255520745,1693227784978,9,4,5
43637,1693227784978,1692255520751,1692255520755,1693227784988,10,4,6
43638,1693227784988,1692255520761,1692255520764,1693227784997,9,3,6
43639,1693227784998,1692255520770,1692255520774,1693227785007,9,4,5
43640,1693227785007,1692255520780,1692255520784,1693227785017,10,4,6
43641,1693227785017,1692255520790,1692255520794,1693227785028,11,4,7
43642,1693227785028,1692255520800,1692255520805,1693227785038,10,5,5
43643,1693227785038,1692255520811,1692255520816,1693227785050,12,5,7
43644,1693227785050,1692255520822,1692255520827,1693227785060,10,5,5
43645,1693227785060,1692255520833,1692255520837,1693227785070,10,4,6
43646,1693227785070,1692255520842,1692255520847,1693227785079,9,5,4
43647,1693227785079,1692255520852,1692255520856,1693227785089,10,4,6
43648,1693227785089,1692255520862,1692255520866,1693227785099,10,4,6
43649,1693227785099,1692255520872,1692255520876,1693227785110,11,4,7
43650,1693227785110,1692255520883,1692255520888,1693227785121,11,5,6
43651,1693227785121,1692255520893,1692255520898,1693227785131,10,5,5
43652,1693227785131,1692255520903,1692255520907,1693227785140,9,4,5
43653,1693227785140,1692255520913,1692255520918,1693227785151,11,5,6
43654,1693227785151,1692255520924,1692255520928,1693227785161,10,4,6
43655,1693227785161,1692255520933,1692255520937,1693227785170,9,4,5
43656,1693227785170,1692255520943,1692255520947,1693227785180,10,4,6
43657,1693227785180,1692255520952,1692255520956,1693227785189,9,4,5
43658,1693227785189,1692255520961,1692255520965,1693227785198,9,4,5
43659,1693227785198,1692255520970,1692255520974,1693227785207,9,4,5
43660,1693227785207,1692255520982,1692255520986,1693227785219,12,4,8
43661,1693227785219,1692255520992,1692255520995,1693227785228,9,3,6
43662,1693227785228,1692255521000,1692255521004,1693227785237,9,4,5
43663,1693227785237,1692255521009,1692255521013,1693227785245,8,4,4
43664,1693227785245,1692255521018,1692255521022,1693227785254,9,4,5
43665,1693227785255,1692255521027,1692255521030,1693227785263,8,3,5
43666,1693227785263,1692255521036,1692255521040,1693227785273,10,4,6
43667,1693227785273,1692255521045,1692255521049,1693227785282,9,4,5
43668,1693227785282,1692255521054,1692255521058,1693227785295,13,4,9
43669,1693227785295,1692255521068,1692255521072,1693227785305,10,4,6
43670,1693227785305,1692255521078,1692255521082,1693227785315,10,4,6
43671,1693227785315,1692255521088,1692255521092,1693227785324,9,4,5
43672,1693227785324,1692255521097,1692255521101,1693227785334,10,4,6
43673,1693227785334,1692255521106,1692255521110,1693227785343,9,4,5
43674,1693227785343,1692255521116,1692255521120,1693227785354,11,4,7
43675,1693227785354,1692255521128,1692255521132,1693227785365,11,4,7
43676,1693227785365,1692255521137,1692255521140,1693227785373,8,3,5
43677,1693227785373,1692255521146,1692255521150,1693227785383,10,4,6
43678,1693227785383,1692255521155,1692255521160,1693227785392,9,5,4
43679,1693227785392,1692255521165,1692255521169,1693227785402,10,4,6
43680,1693227785402,1692255521175,1692255521181,1693227785416,14,6,8
43681,1693227785416,1692255521189,1692255521194,1693227785427,11,5,6
43682,1693227785427,1692255521199,1692255521204,1693227785436,9,5,4
43683,1693227785436,1692255521209,1692255521214,1693227785447,11,5,6
43684,1693227785447,1692255521219,1692255521223,1693227785456,9,4,5
43685,1693227785456,1692255521228,1692255521233,1693227785466,10,5,5
43686,1693227785466,1692255521239,1692255521243,1693227785476,10,4,6
43687,1693227785476,1692255521248,1692255521253,1693227785486,10,5,5
43688,1693227785486,1692255521261,1692255521265,1693227785498,12,4,8
43689,1693227785498,1692255521271,1692255521275,1693227785507,9,4,5
43690,1693227785507,1692255521280,1692255521284,1693227785519,12,4,8
43691,1693227785519,1692255521292,1692255521296,1693227785528,9,4,5
43692,1693227785528,1692255521301,1692255521305,1693227785538,10,4,6
43693,1693227785538,1692255521311,1692255521315,1693227785548,10,4,6
43694,1693227785548,1692255521321,1692255521325,1693227785557,9,4,5
43695,1693227785557,1692255521330,1692255521334,1693227785567,10,4,6
43696,1693227785567,1692255521339,1692255521343,1693227785576,9,4,5
43697,1693227785576,1692255521349,1692255521354,1693227785587,11,5,6
43698,1693227785587,1692255521359,1692255521363,1693227785596,9,4,5
43699,1693227785596,1692255521368,1692255521373,1693227785606,10,5,5
43700,1693227785606,1692255521379,1692255521383,1693227785616,10,4,6
43701,1693227785616,1692255521389,1692255521393,1693227785626,10,4,6
43702,1693227785626,1692255521399,1692255521403,1693227785636,10,4,6
43703,1693227785636,1692255521408,1692255521413,1693227785646,10,5,5
43704,1693227785646,1692255521418,1692255521422,1693227785655,9,4,5
43705,1693227785655,1692255521427,1692255521431,1693227785664,9,4,5
43706,1693227785664,1692255521437,1692255521441,1693227785674,10,4,6
43707,1693227785674,1692255521447,1692255521451,1693227785684,10,4,6
43708,1693227785684,1692255521464,1692255521470,1693227785703,19,6,13
43709,1693227785703,1692255521476,1692255521480,1693227785713,10,4,6
43710,1693227785714,1692255521487,1692255521492,1693227785725,11,5,6
43711,1693227785725,1692255521498,1692255521502,1693227785735,10,4,6
43712,1693227785735,1692255521508,1692255521512,1693227785745,10,4,6
43713,1693227785745,1692255521518,1692255521524,1693227785757,12,6,6
43714,1693227785757,1692255521529,1692255521534,1693227785767,10,5,5
43715,1693227785767,1692255521541,1692255521546,1693227785778,11,5,6
43716,1693227785778,1692255521551,1692255521556,1693227785789,11,5,6
43717,1693227785789,1692255521562,1692255521571,1693227785804,15,9,6
43718,1693227785804,1692255521577,1692255521581,1693227785814,10,4,6
43719,1693227785814,1692255521586,1692255521590,1693227785826,12,4,8
43720,1693227785826,1692255521599,1692255521603,1693227785836,10,4,6
43721,1693227785836,1692255521608,1692255521613,1693227785846,10,5,5
43722,1693227785846,1692255521619,1692255521623,1693227785856,10,4,6
43723,1693227785856,1692255521629,1692255521632,1693227785865,9,3,6
43724,1693227785865,1692255521638,1692255521642,1693227785874,9,4,5
43725,1693227785874,1692255521647,1692255521651,1693227785884,10,4,6
43726,1693227785884,1692255521656,1692255521660,1693227785893,9,4,5
43727,1693227785893,1692255521666,1692255521670,1693227785903,10,4,6
43728,1693227785903,1692255521676,1692255521680,1693227785913,10,4,6
43729,1693227785913,1692255521686,1692255521690,1693227785922,9,4,5
43730,1693227785922,1692255521695,1692255521699,1693227785932,10,4,6
43731,1693227785932,1692255521704,1692255521708,1693227785941,9,4,5
43732,1693227785941,1692255521714,1692255521718,1693227785951,10,4,6
43733,1693227785951,1692255521729,1692255521734,1693227785967,16,5,11
43734,1693227785967,1692255521740,1692255521744,1693227785977,10,4,6
43735,1693227785977,1692255521750,1692255521755,1693227785988,11,5,6
43736,1693227785988,1692255521761,1692255521766,1693227785999,11,5,6
43737,1693227785999,1692255521772,1692255521777,1693227786010,11,5,6
43738,1693227786010,1692255521783,1692255521787,1693227786020,10,4,6
43739,1693227786020,1692255521793,1692255521799,1693227786031,11,6,5
43740,1693227786031,1692255521804,1692255521808,1693227786041,10,4,6
43741,1693227786041,1692255521814,1692255521819,1693227786052,11,5,6
43742,1693227786052,1692255521825,1692255521829,1693227786062,10,4,6
43743,1693227786062,1692255521835,1692255521839,1693227786071,9,4,5
43744,1693227786071,1692255521845,1692255521849,1693227786082,11,4,7
43745,1693227786082,1692255521854,1692255521859,1693227786092,10,5,5
43746,1693227786092,1692255521866,1692255521870,1693227786103,11,4,7
43747,1693227786103,1692255521875,1692255521879,1693227786112,9,4,5
43748,1693227786112,1692255521890,1692255521894,1693227786127,15,4,11
43749,1693227786127,1692255521900,1692255521906,1693227786139,12,6,6
43750,1693227786139,1692255521912,1692255521917,1693227786150,11,5,6
43751,1693227786150,1692255521923,1692255521927,1693227786160,10,4,6
43752,1693227786160,1692255521933,1692255521937,1693227786170,10,4,6
43753,1693227786170,1692255521943,1692255521947,1693227786180,10,4,6
43754,1693227786180,1692255521954,1692255521962,1693227786195,15,8,7
43755,1693227786195,1692255521968,1692255521972,1693227786205,10,4,6
43756,1693227786205,1692255521978,1692255521983,1693227786216,11,5,6
43757,1693227786216,1692255521989,1692255521994,1693227786226,10,5,5
43758,1693227786227,1692255521999,1692255522004,1693227786237,10,5,5
43759,1693227786237,1692255522010,1692255522015,1693227786248,11,5,6
43760,1693227786248,1692255522021,1692255522026,1693227786260,12,5,7
43761,1693227786260,1692255522034,1692255522039,1693227786272,12,5,7
43762,1693227786272,1692255522045,1692255522049,1693227786282,10,4,6
43763,1693227786282,1692255522054,1692255522059,1693227786291,9,5,4
43764,1693227786291,1692255522064,1692255522069,1693227786302,11,5,6
43765,1693227786302,1692255522074,1692255522079,1693227786312,10,5,5
43766,1693227786312,1692255522084,1692255522089,1693227786322,10,5,5
43767,1693227786322,1692255522095,1692255522099,1693227786332,10,4,6
43768,1693227786332,1692255522104,1692255522108,1693227786341,9,4,5
43769,1693227786341,1692255522113,1692255522117,1693227786350,9,4,5
43770,1693227786350,1692255522123,1692255522127,1693227786360,10,4,6
43771,1693227786360,1692255522133,1692255522137,1693227786370,10,4,6
43772,1693227786370,1692255522144,1692255522149,1693227786382,12,5,7
43773,1693227786382,1692255522155,1692255522159,1693227786392,10,4,6
43774,1693227786392,1692255522164,1692255522169,1693227786401,9,5,4
43775,1693227786401,1692255522174,1692255522179,1693227786412,11,5,6
43776,1693227786412,1692255522185,1692255522190,1693227786423,11,5,6
43777,1693227786423,1692255522196,1692255522201,1693227786434,11,5,6
43778,1693227786434,1692255522208,1692255522214,1693227786446,12,6,6
43779,1693227786446,1692255522219,1692255522224,1693227786457,11,5,6
43780,1693227786457,1692255522231,1692255522235,1693227786469,12,4,8
43781,1693227786469,1692255522242,1692255522246,1693227786479,10,4,6
43782,1693227786479,1692255522255,1692255522259,1693227786492,13,4,9
43783,1693227786492,1692255522265,1692255522270,1693227786503,11,5,6
43784,1693227786503,1692255522276,1692255522280,1693227786514,11,4,7
43785,1693227786514,1692255522286,1692255522291,1693227786524,10,5,5
43786,1693227786524,1692255522298,1692255522303,1693227786536,12,5,7
43787,1693227786536,1692255522309,1692255522313,1693227786547,11,4,7
43788,1693227786547,1692255522320,1692255522324,1693227786557,10,4,6
43789,1693227786557,1692255522331,1692255522335,1693227786568,11,4,7
43790,1693227786568,1692255522340,1692255522344,1693227786577,9,4,5
43791,1693227786577,1692255522349,1692255522356,1693227786589,12,7,5
43792,1693227786589,1692255522361,1692255522364,1693227786598,9,3,6
43793,1693227786598,1692255522371,1692255522375,1693227786608,10,4,6
43794,1693227786608,1692255522380,1692255522385,1693227786617,9,5,4
43795,1693227786617,1692255522390,1692255522395,1693227786628,11,5,6
43796,1693227786628,1692255522401,1692255522406,1693227786639,11,5,6
43797,1693227786639,1692255522411,1692255522415,1693227786648,9,4,5
43798,1693227786648,1692255522421,1692255522426,1693227786659,11,5,6
43799,1693227786659,1692255522431,1692255522436,1693227786669,10,5,5
43800,1693227786669,1692255522442,1692255522447,1693227786680,11,5,6
43801,1693227786680,1692255522452,1692255522458,1693227786691,11,6,5
43802,1693227786691,1692255522465,1692255522469,1693227786702,11,4,7
43803,1693227786702,1692255522474,1692255522478,1693227786711,9,4,5
43804,1693227786711,1692255522486,1692255522490,1693227786722,11,4,7
43805,1693227786722,1692255522495,1692255522498,1693227786731,9,3,6
43806,1693227786731,1692255522504,1692255522508,1693227786741,10,4,6
43807,1693227786741,1692255522519,1692255522522,1693227786755,14,3,11
43808,1693227786755,1692255522527,1692255522531,1693227786764,9,4,5
43809,1693227786764,1692255522537,1692255522541,1693227786773,9,4,5
43810,1693227786774,1692255522546,1692255522551,1693227786783,9,5,4
43811,1693227786783,1692255522555,1692255522560,1693227786793,10,5,5
43812,1693227786793,1692255522565,1692255522569,1693227786802,9,4,5
43813,1693227786802,1692255522575,1692255522580,1693227786813,11,5,6
43814,1693227786813,1692255522587,1692255522592,1693227786825,12,5,7
43815,1693227786825,1692255522598,1692255522603,1693227786836,11,5,6
43816,1693227786836,1692255522609,1692255522618,1693227786851,15,9,6
43817,1693227786851,1692255522624,1692255522628,1693227786862,11,4,7
43818,1693227786862,1692255522635,1692255522640,1693227786873,11,5,6
43819,1693227786873,1692255522646,1692255522651,1693227786884,11,5,6
43820,1693227786884,1692255522657,1692255522663,1693227786896,12,6,6
43821,1693227786896,1692255522669,1692255522674,1693227786907,11,5,6
43822,1693227786907,1692255522680,1692255522686,1693227786919,12,6,6
43823,1693227786919,1692255522692,1692255522697,1693227786930,11,5,6
43824,1693227786930,1692255522703,1692255522708,1693227786941,11,5,6
43825,1693227786941,1692255522714,1692255522718,1693227786952,11,4,7
43826,1693227786952,1692255522725,1692255522732,1693227786965,13,7,6
43827,1693227786965,1692255522738,1692255522742,1693227786975,10,4,6
43828,1693227786975,1692255522747,1692255522751,1693227786984,9,4,5
43829,1693227786984,1692255522757,1692255522760,1693227786993,9,3,6
43830,1693227786993,1692255522765,1692255522769,1693227787002,9,4,5
43831,1693227787002,1692255522775,1692255522779,1693227787012,10,4,6
43832,1693227787012,1692255522785,1692255522788,1693227787021,9,3,6
43833,1693227787021,1692255522794,1692255522799,1693227787031,10,5,5
43834,1693227787031,1692255522804,1692255522808,1693227787041,10,4,6
43835,1693227787041,1692255522814,1692255522818,1693227787051,10,4,6
43836,1693227787051,1692255522826,1692255522831,1693227787064,13,5,8
43837,1693227787064,1692255522838,1692255522843,1693227787076,12,5,7
43838,1693227787076,1692255522849,1692255522854,1693227787087,11,5,6
43839,1693227787087,1692255522861,1692255522865,1693227787099,12,4,8
43840,1693227787099,1692255522872,1692255522878,1693227787111,12,6,6
43841,1693227787111,1692255522884,1692255522889,1693227787122,11,5,6
43842,1693227787122,1692255522895,1692255522900,1693227787133,11,5,6
43843,1693227787133,1692255522906,1692255522910,1693227787144,11,4,7
43844,1693227787144,1692255522919,1692255522926,1693227787159,15,7,8
43845,1693227787159,1692255522932,1692255522937,1693227787170,11,5,6
43846,1693227787170,1692255522943,1692255522948,1693227787181,11,5,6
43847,1693227787181,1692255522955,1692255522959,1693227787192,11,4,7
43848,1693227787192,1692255522964,1692255522969,1693227787202,10,5,5
43849,1693227787202,1692255522975,1692255522979,1693227787212,10,4,6
43850,1693227787212,1692255522984,1692255522988,1693227787221,9,4,5
43851,1693227787221,1692255522994,1692255522998,1693227787231,10,4,6
43852,1693227787231,1692255523003,1692255523008,1693227787241,10,5,5
43853,1693227787241,1692255523014,1692255523018,1693227787251,10,4,6
43854,1693227787251,1692255523024,1692255523028,1693227787261,10,4,6
43855,1693227787261,1692255523035,1692255523039,1693227787272,11,4,7
43856,1693227787272,1692255523045,1692255523049,1693227787281,9,4,5
43857,1693227787281,1692255523053,1692255523058,1693227787291,10,5,5
43858,1693227787291,1692255523063,1692255523067,1693227787300,9,4,5
43859,1693227787300,1692255523072,1692255523076,1693227787309,9,4,5
43860,1693227787309,1692255523082,1692255523086,1693227787319,10,4,6
43861,1693227787319,1692255523092,1692255523098,1693227787331,12,6,6
43862,1693227787331,1692255523104,1692255523108,1693227787340,9,4,5
43863,1693227787340,1692255523114,1692255523121,1693227787354,14,7,7
43864,1693227787354,1692255523126,1692255523130,1693227787363,9,4,5
43865,1693227787363,1692255523137,1692255523141,1693227787374,11,4,7
43866,1693227787374,1692255523148,1692255523153,1693227787385,11,5,6
43867,1693227787385,1692255523159,1692255523163,1693227787396,11,4,7
43868,1693227787396,1692255523169,1692255523173,1693227787406,10,4,6
43869,1693227787406,1692255523179,1692255523183,1693227787416,10,4,6
43870,1693227787416,1692255523191,1692255523195,1693227787428,12,4,8
43871,1693227787428,1692255523201,1692255523205,1693227787438,10,4,6
43872,1693227787438,1692255523212,1692255523216,1693227787448,10,4,6
43873,1693227787448,1692255523221,1692255523225,1693227787458,10,4,6
43874,1693227787458,1692255523231,1692255523236,1693227787468,10,5,5
43875,1693227787468,1692255523242,1692255523246,1693227787479,11,4,7
43876,1693227787479,1692255523252,1692255523257,1693227787489,10,5,5
43877,1693227787489,1692255523262,1692255523266,1693227787499,10,4,6
43878,1693227787499,1692255523271,1692255523276,1693227787509,10,5,5
43879,1693227787509,1692255523282,1692255523286,1693227787519,10,4,6
43880,1693227787519,1692255523292,1692255523296,1693227787528,9,4,5
43881,1693227787528,1692255523302,1692255523306,1693227787538,10,4,6
43882,1693227787539,1692255523311,1692255523315,1693227787548,9,4,5
43883,1693227787548,1692255523321,1692255523325,1693227787558,10,4,6
43884,1693227787558,1692255523330,1692255523334,1693227787567,9,4,5
43885,1693227787567,1692255523339,1692255523344,1693227787576,9,5,4
43886,1693227787576,1692255523349,1692255523353,1693227787586,10,4,6
43887,1693227787586,1692255523358,1692255523362,1693227787595,9,4,5
43888,1693227787595,1692255523367,1692255523371,1693227787604,9,4,5
43889,1693227787604,1692255523376,1692255523380,1693227787613,9,4,5
43890,1693227787613,1692255523386,1692255523390,1693227787623,10,4,6
43891,1693227787623,1692255523395,1692255523398,1693227787631,8,3,5
43892,1693227787631,1692255523403,1692255523407,1693227787640,9,4,5
43893,1693227787640,1692255523412,1692255523416,1693227787649,9,4,5
43894,1693227787649,1692255523423,1692255523427,1693227787659,10,4,6
43895,1693227787659,1692255523432,1692255523436,1693227787669,10,4,6
43896,1693227787669,1692255523442,1692255523446,1693227787679,10,4,6
43897,1693227787679,1692255523452,1692255523456,1693227787689,10,4,6
43898,1693227787689,1692255523461,1692255523465,1693227787698,9,4,5
43899,1693227787698,1692255523471,1692255523475,1693227787708,10,4,6
43900,1693227787708,1692255523481,1692255523487,1693227787719,11,6,5
43901,1693227787719,1692255523492,1692255523495,1693227787728,9,3,6
43902,1693227787728,1692255523500,1692255523504,1693227787737,9,4,5
43903,1693227787737,1692255523510,1692255523514,1693227787747,10,4,6
43904,1693227787747,1692255523519,1692255523523,1693227787756,9,4,5
43905,1693227787756,1692255523528,1692255523535,1693227787768,12,7,5
43906,1693227787768,1692255523542,1692255523546,1693227787778,10,4,6
43907,1693227787778,1692255523551,1692255523554,1693227787787,9,3,6
43908,1693227787787,1692255523560,1692255523563,1693227787796,9,3,6
43909,1693227787796,1692255523569,1692255523572,1693227787805,9,3,6
43910,1693227787805,1692255523577,1692255523581,1693227787814,9,4,5
43911,1693227787814,1692255523586,1692255523590,1693227787823,9,4,5
43912,1693227787823,1692255523595,1692255523598,1693227787830,7,3,4
43913,1693227787831,1692255523603,1692255523607,1693227787840,9,4,5
43914,1693227787840,1692255523613,1692255523617,1693227787851,11,4,7
43915,1693227787851,1692255523623,1692255523627,1693227787860,9,4,5
43916,1693227787860,1692255523632,1692255523637,1693227787870,10,5,5
43917,1693227787870,1692255523645,1692255523648,1693227787881,11,3,8
43918,1693227787881,1692255523654,1692255523658,1693227787891,10,4,6
43919,1693227787891,1692255523664,1692255523667,1693227787901,10,3,7
43920,1693227787901,1692255523674,1692255523679,1693227787912,11,5,6
43921,1693227787912,1692255523685,1692255523690,1693227787923,11,5,6
43922,1693227787923,1692255523695,1692255523699,1693227787932,9,4,5
43923,1693227787932,1692255523704,1692255523709,1693227787942,10,5,5
43924,1693227787942,1692255523714,1692255523718,1693227787951,9,4,5
43925,1693227787951,1692255523724,1692255523728,1693227787961,10,4,6
43926,1693227787961,1692255523734,1692255523738,1693227787971,10,4,6
43927,1693227787971,1692255523743,1692255523748,1693227787980,9,5,4
43928,1693227787980,1692255523753,1692255523757,1693227787990,10,4,6
43929,1693227787990,1692255523764,1692255523767,1693227788000,10,3,7
43930,1693227788000,1692255523773,1692255523776,1693227788009,9,3,6
43931,1693227788009,1692255523783,1692255523786,1693227788019,10,3,7
43932,1693227788019,1692255523792,1692255523796,1693227788029,10,4,6
43933,1693227788029,1692255523801,1692255523805,1693227788037,8,4,4
43934,1693227788037,1692255523810,1692255523814,1693227788047,10,4,6
43935,1693227788047,1692255523819,1692255523824,1693227788057,10,5,5
43936,1693227788057,1692255523829,1692255523835,1693227788068,11,6,5
43937,1693227788068,1692255523840,1692255523845,1693227788078,10,5,5
43938,1693227788078,1692255523850,1692255523854,1693227788088,10,4,6
43939,1693227788088,1692255523861,1692255523865,1693227788098,10,4,6
43940,1693227788098,1692255523871,1692255523874,1693227788107,9,3,6
43941,1693227788107,1692255523879,1692255523883,1693227788116,9,4,5
43942,1693227788116,1692255523888,1692255523892,1693227788125,9,4,5
43943,1693227788125,1692255523897,1692255523902,1693227788135,10,5,5
43944,1693227788135,1692255523907,1692255523911,1693227788144,9,4,5
43945,1693227788144,1692255523919,1692255523923,1693227788155,11,4,7
43946,1693227788155,1692255523928,1692255523932,1693227788165,10,4,6
43947,1693227788165,1692255523938,1692255523941,1693227788174,9,3,6
43948,1693227788174,1692255523947,1692255523951,1693227788184,10,4,6
43949,1693227788184,1692255523956,1692255523961,1693227788193,9,5,4
43950,1693227788193,1692255523966,1692255523970,1693227788203,10,4,6
43951,1693227788203,1692255523975,1692255523980,1693227788213,10,5,5
43952,1693227788213,1692255523986,1692255523989,1693227788222,9,3,6
43953,1693227788222,1692255523995,1692255524000,1693227788232,10,5,5
43954,1693227788232,1692255524005,1692255524009,1693227788242,10,4,6
43955,1693227788242,1692255524015,1692255524018,1693227788251,9,3,6
43956,1693227788251,1692255524023,1692255524027,1693227788260,9,4,5
43957,1693227788260,1692255524034,1692255524038,1693227788271,11,4,7
43958,1693227788271,1692255524044,1692255524048,1693227788280,9,4,5
43959,1693227788280,1692255524054,1692255524058,1693227788291,11,4,7
43960,1693227788291,1692255524064,1692255524067,1693227788300,9,3,6
43961,1693227788300,1692255524073,1692255524077,1693227788313,13,4,9
43962,1693227788313,1692255524086,1692255524090,1693227788323,10,4,6
43963,1693227788323,1692255524096,1692255524100,1693227788333,10,4,6
43964,1693227788333,1692255524106,1692255524109,1693227788342,9,3,6
43965,1693227788342,1692255524114,1692255524118,1693227788351,9,4,5
43966,1693227788351,1692255524124,1692255524128,1693227788360,9,4,5
43967,1693227788360,1692255524134,1692255524138,1693227788371,11,4,7
43968,1693227788371,1692255524143,1692255524148,1693227788380,9,5,4
43969,1693227788380,1692255524153,1692255524156,1693227788389,9,3,6
43970,1693227788389,1692255524162,1692255524167,1693227788399,10,5,5
43971,1693227788399,1692255524171,1692255524175,1693227788408,9,4,5
43972,1693227788408,1692255524183,1692255524187,1693227788420,12,4,8
43973,1693227788420,1692255524193,1692255524199,1693227788432,12,6,6
43974,1693227788432,1692255524204,1692255524208,1693227788440,8,4,4
43975,1693227788440,1692255524214,1692255524218,1693227788451,11,4,7
43976,1693227788451,1692255524223,1692255524228,1693227788461,10,5,5
43977,1693227788461,1692255524233,1692255524237,1693227788470,9,4,5
43978,1693227788470,1692255524243,1692255524247,1693227788480,10,4,6
43979,1693227788480,1692255524252,1692255524256,1693227788489,9,4,5
43980,1693227788489,1692255524262,1692255524267,1693227788499,10,5,5
43981,1693227788499,1692255524273,1692255524278,1693227788510,11,5,6
43982,1693227788510,1692255524284,1692255524288,1693227788521,11,4,7
43983,1693227788521,1692255524292,1692255524296,1693227788528,7,4,3
43984,1693227788528,1692255524300,1692255524303,1693227788536,8,3,5
43985,1693227788536,1692255524309,1692255524312,1693227788545,9,3,6
43986,1693227788545,1692255524318,1692255524322,1693227788555,10,4,6
43987,1693227788555,1692255524327,1692255524331,1693227788564,9,4,5
43988,1693227788564,1692255524341,1692255524345,1693227788577,13,4,9
43989,1693227788577,1692255524349,1692255524352,1693227788585,8,3,5
43990,1693227788585,1692255524358,1692255524362,1693227788594,9,4,5
43991,1693227788594,1692255524367,1692255524374,1693227788607,13,7,6
43992,1693227788607,1692255524379,1692255524383,1693227788616,9,4,5
43993,1693227788616,1692255524389,1692255524392,1693227788624,8,3,5
43994,1693227788624,1692255524397,1692255524400,1693227788633,9,3,6
43995,1693227788633,1692255524406,1692255524409,1693227788642,9,3,6
43996,1693227788642,1692255524414,1692255524418,1693227788650,8,4,4
43997,1693227788650,1692255524422,1692255524426,1693227788659,9,4,5
43998,1693227788659,1692255524431,1692255524435,1693227788668,9,4,5
43999,1693227788668,1692255524441,1692255524444,1693227788677,9,3,6
44000,1693227788677,1692255524450,1692255524454,1693227788686,9,4,5
44001,1693227788686,1692255524458,1692255524462,1693227788695,9,4,5
44002,1693227788695,1692255524467,1692255524472,1693227788705,10,5,5
44003,1693227788705,1692255524478,1692255524482,1693227788715,10,4,6
44004,1693227788715,1692255524490,1692255524494,1693227788727,12,4,8
44005,1693227788727,1692255524499,1692255524503,1693227788736,9,4,5
44006,1693227788736,1692255524508,1692255524512,1693227788745,9,4,5
44007,1693227788745,1692255524517,1692255524522,1693227788755,10,5,5
44008,1693227788755,1692255524527,1692255524531,1693227788764,9,4,5
44009,1693227788764,1692255524536,1692255524542,1693227788775,11,6,5
44010,1693227788775,1692255524547,1692255524551,1693227788784,9,4,5
44011,1693227788784,1692255524556,1692255524559,1693227788792,8,3,5
44012,1693227788792,1692255524566,1692255524570,1693227788803,11,4,7
44013,1693227788803,1692255524575,1692255524579,1693227788812,9,4,5
44014,1693227788812,1692255524584,1692255524588,1693227788823,11,4,7
44015,1693227788823,1692255524595,1692255524600,1693227788833,10,5,5
44016,1693227788833,1692255524606,1692255524610,1693227788843,10,4,6
44017,1693227788843,1692255524616,1692255524620,1693227788852,9,4,5
44018,1693227788852,1692255524625,1692255524629,1693227788862,10,4,6
44019,1693227788862,1692255524636,1692255524640,1693227788873,11,4,7
44020,1693227788873,1692255524646,1692255524651,1693227788884,11,5,6
44021,1693227788884,1692255524656,1692255524661,1693227788894,10,5,5
44022,1693227788894,1692255524668,1692255524672,1693227788905,11,4,7
44023,1693227788905,1692255524678,1692255524683,1693227788916,11,5,6
44024,1693227788916,1692255524688,1692255524692,1693227788925,9,4,5
44025,1693227788925,1692255524698,1692255524703,1693227788935,10,5,5
44026,1693227788935,1692255524707,1692255524712,1693227788945,10,5,5
44027,1693227788945,1692255524719,1692255524722,1693227788955,10,3,7
44028,1693227788955,1692255524727,1692255524732,1693227788965,10,5,5
44029,1693227788965,1692255524738,1692255524742,1693227788975,10,4,6
44030,1693227788975,1692255524748,1692255524751,1693227788984,9,3,6
44031,1693227788984,1692255524757,1692255524761,1693227788993,9,4,5
44032,1693227788993,1692255524765,1692255524769,1693227789002,9,4,5
44033,1693227789002,1692255524775,1692255524778,1693227789011,9,3,6
44034,1693227789011,1692255524784,1692255524789,1693227789022,11,5,6
44035,1693227789022,1692255524794,1692255524798,1693227789030,8,4,4
44036,1693227789030,1692255524803,1692255524806,1693227789039,9,3,6
44037,1693227789039,1692255524813,1692255524817,1693227789051,12,4,8
44038,1693227789051,1692255524824,1692255524828,1693227789060,9,4,5
44039,1693227789060,1692255524832,1692255524836,1693227789069,9,4,5
44040,1693227789069,1692255524842,1692255524847,1693227789080,11,5,6
44041,1693227789080,1692255524853,1692255524858,1693227789091,11,5,6
44042,1693227789091,1692255524864,1692255524868,1693227789102,11,4,7
44043,1693227789102,1692255524875,1692255524880,1693227789113,11,5,6
44044,1693227789113,1692255524886,1692255524891,1693227789124,11,5,6
44045,1693227789124,1692255524897,1692255524901,1693227789134,10,4,6
44046,1693227789134,1692255524906,1692255524912,1693227789145,11,6,5
44047,1693227789145,1692255524917,1692255524922,1693227789155,10,5,5
44048,1693227789155,1692255524927,1692255524936,1693227789169,14,9,5
44049,1693227789169,1692255524942,1692255524947,1693227789180,11,5,6
44050,1693227789180,1692255524953,1692255524957,1693227789189,9,4,5
44051,1693227789190,1692255524962,1692255524967,1693227789200,10,5,5
44052,1693227789200,1692255524973,1692255524977,1693227789210,10,4,6
44053,1693227789210,1692255524983,1692255524987,1693227789220,10,4,6
44054,1693227789220,1692255524993,1692255524997,1693227789231,11,4,7
44055,1693227789231,1692255525004,1692255525008,1693227789242,11,4,7
44056,1693227789242,1692255525019,1692255525024,1693227789257,15,5,10
44057,1693227789257,1692255525029,1692255525033,1693227789266,9,4,5
44058,1693227789266,1692255525039,1692255525043,1693227789276,10,4,6
44059,1693227789276,1692255525048,1692255525052,1693227789285,9,4,5
44060,1693227789285,1692255525057,1692255525061,1693227789294,9,4,5
44061,1693227789294,1692255525066,1692255525070,1693227789303,9,4,5
44062,1693227789303,1692255525078,1692255525082,1693227789320,17,4,13
44063,1693227789320,1692255525092,1692255525096,1693227789329,9,4,5
44064,1693227789329,1692255525102,1692255525106,1693227789339,10,4,6
44065,1693227789339,1692255525111,1692255525114,1693227789347,8,3,5
44066,1693227789347,1692255525119,1692255525123,1693227789356,9,4,5
44067,1693227789356,1692255525129,1692255525132,1693227789365,9,3,6
44068,1693227789365,1692255525138,1692255525141,1693227789375,10,3,7
44069,1693227789375,1692255525148,1692255525151,1693227789384,9,3,6
44070,1693227789384,1692255525157,1692255525161,1693227789398,14,4,10
44071,1693227789398,1692255525171,1692255525175,1693227789410,12,4,8
44072,1693227789410,1692255525183,1692255525187,1693227789419,9,4,5
44073,1693227789419,1692255525193,1692255525197,1693227789430,11,4,7
44074,1693227789430,1692255525202,1692255525207,1693227789440,10,5,5
44075,1693227789440,1692255525213,1692255525217,1693227789450,10,4,6
44076,1693227789450,1692255525223,1692255525228,1693227789461,11,5,6
44077,1693227789461,1692255525234,1692255525238,1693227789471,10,4,6
44078,1693227789471,1692255525244,1692255525248,1693227789481,10,4,6
44079,1693227789481,1692255525254,1692255525257,1693227789490,9,3,6
44080,1693227789490,1692255525263,1692255525267,1693227789501,11,4,7
44081,1693227789501,1692255525273,1692255525277,1693227789512,11,4,7
44082,1693227789512,1692255525284,1692255525289,1693227789522,10,5,5
44083,1693227789522,1692255525295,1692255525300,1693227789533,11,5,6
44084,1693227789533,1692255525306,1692255525311,1693227789544,11,5,6
44085,1693227789544,1692255525317,1692255525321,1693227789553,9,4,5
44086,1693227789554,1692255525326,1692255525330,1693227789563,9,4,5
44087,1693227789563,1692255525335,1692255525343,1693227789575,12,8,4
44088,1693227789576,1692255525348,1692255525352,1693227789585,9,4,5
44089,1693227789585,1692255525359,1692255525363,1693227789595,10,4,6
44090,1693227789595,1692255525368,1692255525372,1693227789605,10,4,6
44091,1693227789605,1692255525377,1692255525382,1693227789615,10,5,5
44092,1693227789615,1692255525392,1692255525396,1693227789629,14,4,10
44093,1693227789629,1692255525401,1692255525406,1693227789639,10,5,5
44094,1693227789639,1692255525412,1692255525416,1693227789649,10,4,6
44095,1693227789649,1692255525423,1692255525427,1693227789660,11,4,7
44096,1693227789660,1692255525432,1692255525437,1693227789670,10,5,5
44097,1693227789670,1692255525443,1692255525447,1693227789689,19,4,15
44098,1693227789689,1692255525465,1692255525468,1693227789701,12,3,9
44099,1693227789701,1692255525475,1692255525479,1693227789712,11,4,7
44100,1693227789712,1692255525487,1692255525491,1693227789724,12,4,8
44101,1693227789724,1692255525497,1692255525500,1693227789733,9,3,6
44102,1693227789733,1692255525506,1692255525510,1693227789743,10,4,6
44103,1693227789743,1692255525515,1692255525520,1693227789753,10,5,5
44104,1693227789753,1692255525526,1692255525531,1693227789766,13,5,8
44105,1693227789766,1692255525538,1692255525542,1693227789775,9,4,5
44106,1693227789775,1692255525547,1692255525551,1693227789784,9,4,5
44107,1693227789784,1692255525558,1692255525562,1693227789795,11,4,7
44108,1693227789795,1692255525568,1692255525571,1693227789804,9,3,6
44109,1693227789804,1692255525578,1692255525581,1693227789814,10,3,7
44110,1693227789814,1692255525586,1692255525590,1693227789823,9,4,5
44111,1693227789823,1692255525596,1692255525600,1693227789833,10,4,6
44112,1693227789833,1692255525606,1692255525612,1693227789845,12,6,6
44113,1693227789845,1692255525619,1692255525625,1693227789859,14,6,8
44114,1693227789859,1692255525632,1692255525636,1693227789870,11,4,7
44115,1693227789870,1692255525646,1692255525651,1693227789884,14,5,9
44116,1693227789884,1692255525657,1692255525661,1693227789894,10,4,6
44117,1693227789894,1692255525666,1692255525670,1693227789903,9,4,5
44118,1693227789903,1692255525676,1692255525680,1693227789912,9,4,5
44119,1693227789912,1692255525684,1692255525691,1693227789924,12,7,5
44120,1693227789924,1692255525696,1692255525700,1693227789933,9,4,5
44121,1693227789933,1692255525707,1692255525710,1693227789943,10,3,7
44122,1693227789943,1692255525715,1692255525719,1693227789952,9,4,5
44123,1693227789952,1692255525725,1692255525729,1693227789962,10,4,6
44124,1693227789962,1692255525734,1692255525738,1693227789971,9,4,5
44125,1693227789971,1692255525743,1692255525748,1693227789980,9,5,4
44126,1693227789980,1692255525752,1692255525756,1693227789989,9,4,5
44127,1693227789989,1692255525762,1692255525766,1693227789999,10,4,6
44128,1693227789999,1692255525772,1692255525776,1693227790009,10,4,6
44129,1693227790009,1692255525784,1692255525787,1693227790020,11,3,8
44130,1693227790020,1692255525795,1692255525798,1693227790031,11,3,8
44131,1693227790031,1692255525804,1692255525808,1693227790041,10,4,6
44132,1693227790041,1692255525813,1692255525816,1693227790050,9,3,6
44133,1693227790050,1692255525822,1692255525826,1693227790058,8,4,4
44134,1693227790058,1692255525830,1692255525834,1693227790066,8,4,4
44135,1693227790066,1692255525839,1692255525843,1693227790075,9,4,5
44136,1693227790075,1692255525848,1692255525851,1693227790083,8,3,5
44137,1693227790083,1692255525855,1692255525860,1693227790093,10,5,5
44138,1693227790093,1692255525866,1692255525870,1693227790102,9,4,5
44139,1693227790102,1692255525874,1692255525878,1693227790111,9,4,5
44140,1693227790111,1692255525883,1692255525887,1693227790120,9,4,5
44141,1693227790120,1692255525893,1692255525899,1693227790132,12,6,6
44142,1693227790132,1692255525904,1692255525908,1693227790140,8,4,4
44143,1693227790140,1692255525913,1692255525917,1693227790150,10,4,6
44144,1693227790150,1692255525922,1692255525927,1693227790160,10,5,5
44145,1693227790160,1692255525932,1692255525936,1693227790169,9,4,5
44146,1693227790169,1692255525942,1692255525945,1693227790178,9,3,6
44147,1693227790178,1692255525950,1692255525954,1693227790187,9,4,5
44148,1693227790187,1692255525960,1692255525964,1693227790197,10,4,6
44149,1693227790197,1692255525970,1692255525974,1693227790344,147,4,143
44150,1693227790345,1692255526117,1692255526121,1693227790354,9,4,5
44151,1693227790354,1692255526127,1692255526131,1693227790364,10,4,6
44152,1693227790364,1692255526136,1692255526140,1693227790373,9,4,5
44153,1693227790373,1692255526146,1692255526149,1693227790382,9,3,6
44154,1693227790382,1692255526154,1692255526158,1693227790526,144,4,140
44155,1693227790526,1692255526299,1692255526305,1693227790538,12,6,6
44156,1693227790538,1692255526311,1692255526315,1693227790548,10,4,6
44157,1693227790548,1692255526321,1692255526324,1693227790557,9,3,6
44158,1693227790557,1692255526330,1692255526333,1693227790566,9,3,6
44159,1693227790566,1692255526338,1692255526343,1693227790710,144,5,139
44160,1693227790710,1692255526483,1692255526487,1693227790719,9,4,5
44161,1693227790719,1692255526492,1692255526496,1693227790729,10,4,6
44162,1693227790729,1692255526502,1692255526507,1693227790741,12,5,7
44163,1693227790741,1692255526513,1692255526517,1693227790750,9,4,5
44164,1693227790750,1692255526522,1692255526526,1693227790759,9,4,5
44165,1693227790759,1692255526531,1692255526536,1693227790769,10,5,5
44166,1693227790769,1692255526541,1692255526546,1693227790778,9,5,4
44167,1693227790779,1692255526551,1692255526555,1693227790787,8,4,4
44168,1693227790787,1692255526561,1692255526565,1693227790797,10,4,6
44169,1693227790797,1692255526570,1692255526573,1693227790806,9,3,6
44170,1693227790806,1692255526579,1692255526583,1693227790815,9,4,5
44171,1693227790815,1692255526588,1692255526592,1693227790825,10,4,6
44172,1693227790825,1692255526598,1692255526602,1693227790835,10,4,6
44173,1693227790835,1692255526607,1692255526612,1693227790844,9,5,4
44174,1693227790844,1692255526616,1692255526620,1693227790853,9,4,5
44175,1693227790853,1692255526626,1692255526630,1693227790863,10,4,6
44176,1693227790863,1692255526635,1692255526639,1693227790872,9,4,5
44177,1693227790872,1692255526644,1692255526648,1693227790880,8,4,4
44178,1693227790881,1692255526653,1692255526657,1693227790890,9,4,5
44179,1693227790890,1692255526662,1692255526667,1693227790900,10,5,5
44180,1693227790900,1692255526674,1692255526677,1693227790910,10,3,7
44181,1693227790910,1692255526684,1692255526688,1693227790922,12,4,8
44182,1693227790922,1692255526695,1692255526699,1693227790932,10,4,6
44183,1693227790932,1692255526705,1692255526709,1693227790942,10,4,6
44184,1693227790942,1692255526717,1692255526720,1693227790953,11,3,8
44185,1693227790953,1692255526725,1692255526730,1693227790963,10,5,5
44186,1693227790963,1692255526735,1692255526743,1693227790976,13,8,5
44187,1693227790976,1692255526748,1692255526752,1693227790985,9,4,5
44188,1693227790985,1692255526758,1692255526761,1693227790994,9,3,6
44189,1693227790994,1692255526767,1692255526772,1693227791005,11,5,6
44190,1693227791005,1692255526778,1692255526782,1693227791015,10,4,6
44191,1693227791015,1692255526787,1692255526793,1693227791026,11,6,5
44192,1693227791026,1692255526799,1692255526803,1693227791035,9,4,5
44193,1693227791035,1692255526807,1692255526812,1693227791044,9,5,4
44194,1693227791044,1692255526819,1692255526823,1693227791056,12,4,8
44195,1693227791056,1692255526828,1692255526832,1693227791065,9,4,5
44196,1693227791065,1692255526839,1692255526843,1693227791075,10,4,6
44197,1693227791075,1692255526847,1692255526852,1693227791085,10,5,5
44198,1693227791085,1692255526857,1692255526864,1693227791097,12,7,5
44199,1693227791097,1692255526869,1692255526874,1693227791107,10,5,5
44200,1693227791107,1692255526880,1692255526884,1693227791117,10,4,6
44201,1693227791117,1692255526889,1692255526894,1693227791127,10,5,5
44202,1693227791127,1692255526899,1692255526903,1693227791135,8,4,4
44203,1693227791136,1692255526908,1692255526912,1693227791145,9,4,5
44204,1693227791145,1692255526918,1692255526921,1693227791154,9,3,6
44205,1693227791154,1692255526926,1692255526931,1693227791163,9,5,4
44206,1693227791163,1692255526935,1692255526938,1693227791171,8,3,5
44207,1693227791171,1692255526943,1692255526950,1693227791183,12,7,5
44208,1693227791183,1692255526955,1692255526959,1693227791192,9,4,5
44209,1693227791192,1692255526964,1692255526968,1693227791201,9,4,5
44210,1693227791201,1692255526972,1692255526976,1693227791209,8,4,4
44211,1693227791209,1692255526981,1692255526985,1693227791218,9,4,5
44212,1693227791218,1692255526991,1692255526995,1693227791227,9,4,5
44213,1693227791228,1692255527000,1692255527004,1693227791237,9,4,5
44214,1693227791237,1692255527012,1692255527015,1693227791248,11,3,8
44215,1693227791248,1692255527024,1692255527027,1693227791260,12,3,9
44216,1693227791260,1692255527032,1692255527035,1693227791268,8,3,5
44217,1693227791268,1692255527040,1692255527044,1693227791277,9,4,5
44218,1693227791277,1692255527049,1692255527053,1693227791286,9,4,5
44219,1693227791286,1692255527058,1692255527062,1693227791294,8,4,4
44220,1693227791294,1692255527067,1692255527071,1693227791304,10,4,6
44221,1693227791304,1692255527079,1692255527083,1693227791315,11,4,7
44222,1693227791315,1692255527088,1692255527092,1693227791324,9,4,5
44223,1693227791324,1692255527102,1692255527105,1693227791338,14,3,11
44224,1693227791338,1692255527111,1692255527114,1693227791347,9,3,6
44225,1693227791347,1692255527120,1692255527123,1693227791356,9,3,6
44226,1693227791356,1692255527129,1692255527133,1693227791365,9,4,5
44227,1693227791365,1692255527138,1692255527144,1693227791377,12,6,6
44228,1693227791377,1692255527149,1692255527153,1693227791386,9,4,5
44229,1693227791386,1692255527158,1692255527162,1693227791395,9,4,5
44230,1693227791395,1692255527167,1692255527171,1693227791403,8,4,4
44231,1693227791403,1692255527175,1692255527179,1693227791412,9,4,5
44232,1693227791412,1692255527185,1692255527188,1693227791421,9,3,6
44233,1693227791421,1692255527194,1692255527198,1693227791431,10,4,6
44234,1693227791431,1692255527203,1692255527206,1693227791439,8,3,5
44235,1693227791439,1692255527212,1692255527215,1693227791448,9,3,6
44236,1693227791448,1692255527220,1692255527223,1693227791458,10,3,7
44237,1693227791458,1692255527231,1692255527234,1693227791468,10,3,7
44238,1693227791468,1692255527240,1692255527244,1693227791477,9,4,5
44239,1693227791477,1692255527249,1692255527253,1693227791486,9,4,5
44240,1693227791486,1692255527258,1692255527261,1693227791494,8,3,5
44241,1693227791494,1692255527266,1692255527270,1693227791505,11,4,7
44242,1693227791505,1692255527277,1692255527281,1693227791514,9,4,5
44243,1693227791514,1692255527286,1692255527290,1693227791523,9,4,5
44244,1693227791523,1692255527300,1692255527304,1693227791540,17,4,13
44245,1693227791540,1692255527313,1692255527318,1693227791551,11,5,6
44246,1693227791552,1692255527325,1692255527329,1693227791562,10,4,6
44247,1693227791562,1692255527336,1692255527340,1693227791573,11,4,7
44248,1693227791573,1692255527346,1692255527350,1693227791583,10,4,6
44249,1693227791583,1692255527358,1692255527362,1693227791595,12,4,8
44250,1693227791595,1692255527368,1692255527371,1693227791605,10,3,7
44251,1693227791605,1692255527377,1692255527381,1693227791614,9,4,5
44252,1693227791614,1692255527386,1692255527390,1693227791623,9,4,5
44253,1693227791623,1692255527396,1692255527400,1693227791634,11,4,7
44254,1693227791634,1692255527406,1692255527411,1693227791644,10,5,5
44255,1693227791644,1692255527417,1692255527421,1693227791654,10,4,6
44256,1693227791654,1692255527428,1692255527432,1693227791665,11,4,7
44257,1693227791665,1692255527438,1692255527442,1693227791675,10,4,6
44258,1693227791675,1692255527448,1692255527452,1693227791684,9,4,5
44259,1693227791685,1692255527460,1692255527465,1693227791697,12,5,7
44260,1693227791698,1692255527470,1692255527474,1693227791707,9,4,5
44261,1693227791707,1692255527480,1692255527485,1693227791718,11,5,6
44262,1693227791718,1692255527494,1692255527498,1693227791731,13,4,9
44263,1693227791731,1692255527504,1692255527516,1693227791749,18,12,6
44264,1693227791749,1692255527522,1692255527526,1693227791759,10,4,6
44265,1693227791759,1692255527531,1692255527535,1693227791768,9,4,5
44266,1693227791768,1692255527540,1692255527545,1693227791778,10,5,5
44267,1693227791778,1692255527550,1692255527554,1693227791787,9,4,5
44268,1693227791787,1692255527559,1692255527563,1693227791795,8,4,4
44269,1693227791795,1692255527568,1692255527572,1693227791805,10,4,6
44270,1693227791805,1692255527577,1692255527582,1693227791814,9,5,4
44271,1693227791814,1692255527587,1692255527591,1693227791824,10,4,6
44272,1693227791824,1692255527596,1692255527600,1693227791833,9,4,5
44273,1693227791833,1692255527606,1692255527609,1693227791842,9,3,6
44274,1693227791842,1692255527615,1692255527619,1693227791852,10,4,6
44275,1693227791852,1692255527625,1692255527629,1693227791862,10,4,6
44276,1693227791862,1692255527640,1692255527644,1693227791876,14,4,10
44277,1693227791876,1692255527648,1692255527652,1693227791885,9,4,5
44278,1693227791885,1692255527658,1692255527662,1693227791895,10,4,6
44279,1693227791895,1692255527667,1692255527671,1693227791904,9,4,5
44280,1693227791904,1692255527677,1692255527681,1693227791914,10,4,6
44281,1693227791914,1692255527686,1692255527690,1693227791923,9,4,5
44282,1693227791923,1692255527696,1692255527700,1693227791933,10,4,6
44283,1693227791933,1692255527706,1692255527710,1693227791943,10,4,6
44284,1693227791943,1692255527717,1692255527722,1693227791954,11,5,6
44285,1693227791954,1692255527727,1692255527732,1693227791965,11,5,6
44286,1693227791965,1692255527737,1692255527740,1693227791973,8,3,5
44287,1693227791973,1692255527746,1692255527750,1693227791982,9,4,5
44288,1693227791982,1692255527755,1692255527759,1693227791991,9,4,5
44289,1693227791991,1692255527764,1692255527768,1693227792001,10,4,6
44290,1693227792001,1692255527774,1692255527778,1693227792010,9,4,5
44291,1693227792010,1692255527782,1692255527786,1693227792019,9,4,5
44292,1693227792019,1692255527791,1692255527794,1693227792027,8,3,5
44293,1693227792027,1692255527799,1692255527802,1693227792035,8,3,5
44294,1693227792035,1692255527807,1692255527810,1693227792043,8,3,5
44295,1693227792043,1692255527814,1692255527818,1693227792050,7,4,3
44296,1693227792051,1692255527823,1692255527827,1693227792060,9,4,5
44297,1693227792060,1692255527832,1692255527836,1693227792072,12,4,8
44298,1693227792072,1692255527846,1692255527850,1693227792083,11,4,7
44299,1693227792083,1692255527856,1692255527860,1693227792092,9,4,5
44300,1693227792092,1692255527865,1692255527872,1693227792104,12,7,5
44301,1693227792105,1692255527877,1692255527882,1693227792115,10,5,5
44302,1693227792115,1692255527887,1692255527891,1693227792124,9,4,5
44303,1693227792124,1692255527897,1692255527901,1693227792134,10,4,6
44304,1693227792134,1692255527907,1692255527911,1693227792143,9,4,5
44305,1693227792144,1692255527916,1692255527920,1693227792153,9,4,5
44306,1693227792153,1692255527926,1692255527930,1693227792163,10,4,6
44307,1693227792163,1692255527935,1692255527939,1693227792172,9,4,5
44308,1693227792172,1692255527945,1692255527948,1693227792181,9,3,6
44309,1693227792181,1692255527954,1692255527957,1693227792190,9,3,6
44310,1693227792190,1692255527962,1692255527966,1693227792198,8,4,4
44311,1693227792198,1692255527970,1692255527974,1693227792207,9,4,5
44312,1693227792207,1692255527979,1692255527983,1693227792216,9,4,5
44313,1693227792216,1692255527988,1692255527992,1693227792225,9,4,5
44314,1693227792225,1692255527997,1692255528001,1693227792234,9,4,5
44315,1693227792234,1692255528006,1692255528010,1693227792242,8,4,4
44316,1693227792242,1692255528014,1692255528018,1693227792251,9,4,5
44317,1693227792251,1692255528023,1692255528026,1693227792259,8,3,5
44318,1693227792259,1692255528031,1692255528035,1693227792268,9,4,5
44319,1693227792268,1692255528040,1692255528044,1693227792278,10,4,6
44320,1693227792279,1692255528051,1692255528054,1693227792286,7,3,4
44321,1693227792286,1692255528058,1692255528063,1693227792295,9,5,4
44322,1693227792295,1692255528067,1692255528070,1693227792303,8,3,5
44323,1693227792303,1692255528075,1692255528079,1693227792312,9,4,5
44324,1693227792312,1692255528095,1692255528099,1693227792367,55,4,51
44325,1693227792368,1692255528140,1692255528145,1693227792383,15,5,10
44326,1693227792383,1692255528158,1692255528162,1693227792395,12,4,8
44327,1693227792395,1692255528168,1692255528172,1693227792406,11,4,7
44328,1693227792406,1692255528179,1692255528182,1693227792416,10,3,7
44329,1693227792416,1692255528189,1692255528193,1693227792426,10,4,6
44330,1693227792426,1692255528199,1692255528203,1693227792436,10,4,6
44331,1693227792436,1692255528208,1692255528212,1693227792447,11,4,7
44332,1693227792447,1692255528219,1692255528223,1693227792456,9,4,5
44333,1693227792456,1692255528228,1692255528232,1693227792469,13,4,9
44334,1693227792469,1692255528241,1692255528245,1693227792478,9,4,5
44335,1693227792478,1692255528252,1692255528256,1693227792488,10,4,6
44336,1693227792488,1692255528266,1692255528269,1693227792501,13,3,10
44337,1693227792501,1692255528285,1692255528291,1693227792527,26,6,20
44338,1693227792527,1692255528300,1692255528304,1693227792537,10,4,6
44339,1693227792537,1692255528309,1692255528313,1693227792545,8,4,4
44340,1693227792546,1692255528318,1692255528321,1693227792554,8,3,5
44341,1693227792554,1692255528327,1692255528330,1693227792563,9,3,6
44342,1693227792563,1692255528336,1692255528339,1693227792572,9,3,6
44343,1693227792572,1692255528344,1692255528347,1693227792580,8,3,5
44344,1693227792580,1692255528355,1692255528358,1693227792591,11,3,8
44345,1693227792591,1692255528363,1692255528367,1693227792599,8,4,4
44346,1693227792599,1692255528372,1692255528375,1693227792608,9,3,6
44347,1693227792608,1692255528380,1692255528383,1693227792616,8,3,5
44348,1693227792616,1692255528392,1692255528396,1693227792629,13,4,9
44349,1693227792629,1692255528402,1692255528406,1693227792639,10,4,6
44350,1693227792639,1692255528411,1692255528415,1693227792648,9,4,5
44351,1693227792648,1692255528420,1692255528425,1693227792658,10,5,5
44352,1693227792658,1692255528431,1692255528435,1693227792668,10,4,6
44353,1693227792668,1692255528440,1692255528444,1693227792677,9,4,5
44354,1693227792677,1692255528450,1692255528453,1693227792687,10,3,7
44355,1693227792687,1692255528459,1692255528463,1693227792696,9,4,5
44356,1693227792696,1692255528469,1692255528474,1693227792706,10,5,5
44357,1693227792707,1692255528479,1692255528484,1693227792717,10,5,5
44358,1693227792717,1692255528490,1692255528495,1693227792727,10,5,5
44359,1693227792727,1692255528500,1692255528505,1693227792737,10,5,5
44360,1693227792737,1692255528510,1692255528514,1693227792746,9,4,5
44361,1693227792746,1692255528518,1692255528522,1693227792755,9,4,5
44362,1693227792755,1692255528527,1692255528531,1693227792763,8,4,4
44363,1693227792764,1692255528536,1692255528540,1693227792772,8,4,4
44364,1693227792772,1692255528545,1692255528549,1693227792781,9,4,5
44365,1693227792781,1692255528553,1692255528556,1693227792789,8,3,5
44366,1693227792789,1692255528562,1692255528565,1693227792798,9,3,6
44367,1693227792798,1692255528571,1692255528575,1693227792807,9,4,5
44368,1693227792807,1692255528580,1692255528583,1693227792816,9,3,6
44369,1693227792816,1692255528588,1692255528591,1693227792824,8,3,5
44370,1693227792824,1692255528597,1692255528601,1693227792834,10,4,6
44371,1693227792834,1692255528606,1692255528611,1693227792844,10,5,5
44372,1693227792844,1692255528617,1692255528621,1693227792854,10,4,6
44373,1693227792854,1692255528626,1692255528630,1693227792863,9,4,5
44374,1693227792863,1692255528635,1692255528641,1693227792874,11,6,5
44375,1693227792874,1692255528647,1692255528651,1693227792883,9,4,5
44376,1693227792883,1692255528656,1692255528660,1693227792894,11,4,7
44377,1693227792894,1692255528666,1692255528670,1693227792903,9,4,5
44378,1693227792903,1692255528675,1692255528679,1693227792912,9,4,5
44379,1693227792912,1692255528684,1692255528688,1693227792921,9,4,5
44380,1693227792921,1692255528693,1692255528698,1693227792931,10,5,5
44381,1693227792931,1692255528704,1692255528711,1693227792944,13,7,6
44382,1693227792944,1692255528716,1692255528720,1693227792952,8,4,4
44383,1693227792952,1692255528725,1692255528729,1693227792962,10,4,6
44384,1693227792962,1692255528735,1692255528738,1693227792971,9,3,6
44385,1693227792971,1692255528744,1692255528748,1693227792980,9,4,5
44386,1693227792981,1692255528753,1692255528757,1693227792990,9,4,5
44387,1693227792990,1692255528764,1692255528768,1693227793001,11,4,7
44388,1693227793001,1692255528773,1692255528777,1693227793010,9,4,5
44389,1693227793010,1692255528783,1692255528786,1693227793019,9,3,6
44390,1693227793019,1692255528793,1692255528796,1693227793029,10,3,7
44391,1693227793029,1692255528801,1692255528808,1693227793040,11,7,4
44392,1693227793040,1692255528813,1692255528816,1693227793048,8,3,5
44393,1693227793049,1692255528821,1692255528826,1693227793059,10,5,5
44394,1693227793059,1692255528832,1692255528836,1693227793069,10,4,6
44395,1693227793069,1692255528841,1692255528846,1693227793079,10,5,5
44396,1693227793079,1692255528852,1692255528856,1693227793089,10,4,6
44397,1693227793089,1692255528862,1692255528867,1693227793100,11,5,6
44398,1693227793100,1692255528873,1692255528877,1693227793109,9,4,5
44399,1693227793109,1692255528882,1692255528886,1693227793119,10,4,6
44400,1693227793119,1692255528893,1692255528896,1693227793129,10,3,7
44401,1693227793129,1692255528902,1692255528907,1693227793139,10,5,5
44402,1693227793139,1692255528912,1692255528917,1693227793150,11,5,6
44403,1693227793150,1692255528922,1692255528926,1693227793159,9,4,5
44404,1693227793159,1692255528932,1692255528938,1693227793170,11,6,5
44405,1693227793170,1692255528943,1692255528947,1693227793180,10,4,6
44406,1693227793180,1692255528953,1692255528956,1693227793189,9,3,6
44407,1693227793189,1692255528962,1692255528967,1693227793199,10,5,5
44408,1693227793199,1692255528972,1692255528977,1693227793209,10,5,5
44409,1693227793209,1692255528982,1692255528989,1693227793222,13,7,6
44410,1693227793222,1692255529001,1692255529006,1693227793239,17,5,12
44411,1693227793239,1692255529011,1692255529015,1693227793248,9,4,5
44412,1693227793248,1692255529020,1692255529024,1693227793257,9,4,5
44413,1693227793257,1692255529030,1692255529034,1693227793267,10,4,6
44414,1693227793267,1692255529040,1692255529044,1693227793277,10,4,6
44415,1693227793277,1692255529050,1692255529054,1693227793287,10,4,6
44416,1693227793287,1692255529059,1692255529067,1693227793302,15,8,7
44417,1693227793302,1692255529074,1692255529078,1693227793311,9,4,5
44418,1693227793311,1692255529083,1692255529087,1693227793320,9,4,5
44419,1693227793320,1692255529092,1692255529096,1693227793329,9,4,5
44420,1693227793329,1692255529101,1692255529105,1693227793339,10,4,6
44421,1693227793339,1692255529114,1692255529118,1693227793351,12,4,8
44422,1693227793351,1692255529123,1692255529126,1693227793359,8,3,5
44423,1693227793359,1692255529131,1692255529135,1693227793368,9,4,5
44424,1693227793368,1692255529140,1692255529144,1693227793377,9,4,5
44425,1693227793377,1692255529149,1692255529153,1693227793386,9,4,5
44426,1693227793386,1692255529159,1692255529162,1693227793395,9,3,6
44427,1693227793395,1692255529168,1692255529172,1693227793405,10,4,6
44428,1693227793405,1692255529178,1692255529182,1693227793414,9,4,5
44429,1693227793414,1692255529187,1692255529191,1693227793424,10,4,6
44430,1693227793424,1692255529197,1692255529201,1693227793434,10,4,6
44431,1693227793434,1692255529207,1692255529210,1693227793443,9,3,6
44432,1693227793443,1692255529215,1692255529220,1693227793453,10,5,5
44433,1693227793453,1692255529225,1692255529230,1693227793462,9,5,4
44434,1693227793462,1692255529235,1692255529239,1693227793472,10,4,6
44435,1693227793472,1692255529245,1692255529255,1693227793487,15,10,5
44436,1693227793487,1692255529260,1692255529265,1693227793498,11,5,6
44437,1693227793498,1692255529271,1692255529276,1693227793508,10,5,5
44438,1693227793509,1692255529282,1692255529286,1693227793519,10,4,6
44439,1693227793519,1692255529292,1692255529298,1693227793530,11,6,5
44440,1693227793530,1692255529303,1692255529308,1693227793541,11,5,6
44441,1693227793541,1692255529314,1692255529319,1693227793552,11,5,6
44442,1693227793552,1692255529325,1692255529330,1693227793563,11,5,6
44443,1693227793563,1692255529336,1692255529341,1693227793574,11,5,6
44444,1693227793574,1692255529346,1692255529350,1693227793583,9,4,5
44445,1693227793583,1692255529357,1692255529363,1693227793595,12,6,6
44446,1693227793595,1692255529369,1692255529373,1693227793608,13,4,9
44447,1693227793608,1692255529382,1692255529386,1693227793619,11,4,7
44448,1693227793619,1692255529393,1692255529396,1693227793629,10,3,7
44449,1693227793629,1692255529401,1692255529405,1693227793638,9,4,5
44450,1693227793638,1692255529411,1692255529415,1693227793648,10,4,6
44451,1693227793648,1692255529421,1692255529425,1693227793658,10,4,6
44452,1693227793658,1692255529431,1692255529436,1693227793669,11,5,6
44453,1693227793669,1692255529442,1692255529446,1693227793679,10,4,6
44454,1693227793679,1692255529451,1692255529455,1693227793688,9,4,5
44455,1693227793688,1692255529461,1692255529464,1693227793697,9,3,6
44456,1693227793697,1692255529471,1692255529475,1693227793711,14,4,10
44457,1693227793711,1692255529483,1692255529487,1693227793720,9,4,5
44458,1693227793720,1692255529493,1692255529498,1693227793731,11,5,6
44459,1693227793732,1692255529505,1692255529509,1693227793741,9,4,5
44460,1693227793742,1692255529515,1692255529520,1693227793752,10,5,5
44461,1693227793752,1692255529525,1692255529529,1693227793762,10,4,6
44462,1693227793762,1692255529535,1692255529539,1693227793772,10,4,6
44463,1693227793772,1692255529545,1692255529550,1693227793783,11,5,6
44464,1693227793783,1692255529556,1692255529561,1693227793793,10,5,5
44465,1693227793793,1692255529567,1692255529572,1693227793805,12,5,7
44466,1693227793805,1692255529579,1692255529583,1693227793815,10,4,6
44467,1693227793816,1692255529588,1692255529593,1693227793826,10,5,5
44468,1693227793826,1692255529598,1692255529603,1693227793835,9,5,4
44469,1693227793836,1692255529609,1692255529612,1693227793845,9,3,6
44470,1693227793845,1692255529618,1692255529623,1693227793856,11,5,6
44471,1693227793856,1692255529628,1692255529633,1693227793866,10,5,5
44472,1693227793866,1692255529638,1692255529642,1693227793875,9,4,5
44473,1693227793875,1692255529648,1692255529652,1693227793885,10,4,6
44474,1693227793885,1692255529658,1692255529662,1693227793894,9,4,5
44475,1693227793894,1692255529667,1692255529671,1693227793904,10,4,6
44476,1693227793904,1692255529677,1692255529681,1693227793915,11,4,7
44477,1693227793915,1692255529688,1692255529693,1693227793925,10,5,5
44478,1693227793925,1692255529698,1692255529702,1693227793935,10,4,6
44479,1693227793935,1692255529708,1692255529712,1693227793945,10,4,6
44480,1693227793945,1692255529717,1692255529721,1693227793954,9,4,5
44481,1693227793954,1692255529727,1692255529731,1693227793964,10,4,6
44482,1693227793964,1692255529738,1692255529744,1693227793977,13,6,7
44483,1693227793977,1692255529750,1692255529754,1693227793986,9,4,5
44484,1693227793986,1692255529760,1692255529764,1693227793997,11,4,7
44485,1693227793997,1692255529770,1692255529774,1693227794007,10,4,6
44486,1693227794007,1692255529780,1692255529784,1693227794018,11,4,7
44487,1693227794018,1692255529790,1692255529795,1693227794028,10,5,5
44488,1693227794028,1692255529800,1692255529804,1693227794037,9,4,5
44489,1693227794037,1692255529810,1692255529814,1693227794047,10,4,6
44490,1693227794047,1692255529824,1692255529829,1693227794062,15,5,10
44491,1693227794062,1692255529834,1692255529839,1693227794071,9,5,4
44492,1693227794071,1692255529847,1692255529851,1693227794084,13,4,9
44493,1693227794084,1692255529857,1692255529861,1693227794094,10,4,6
44494,1693227794094,1692255529867,1692255529871,1693227794103,9,4,5
44495,1693227794103,1692255529876,1692255529880,1693227794113,10,4,6
44496,1693227794113,1692255529885,1692255529890,1693227794123,10,5,5
44497,1693227794123,1692255529896,1692255529899,1693227794132,9,3,6
44498,1693227794132,1692255529905,1692255529910,1693227794142,10,5,5
44499,1693227794142,1692255529914,1692255529918,1693227794151,9,4,5
44500,1693227794151,1692255529924,1692255529927,1693227794160,9,3,6
44501,1693227794160,1692255529933,1692255529937,1693227794170,10,4,6
44502,1693227794170,1692255529943,1692255529947,1693227794180,10,4,6
44503,1693227794180,1692255529953,1692255529957,1693227794190,10,4,6
44504,1693227794190,1692255529963,1692255529967,1693227794199,9,4,5
44505,1693227794199,1692255529972,1692255529976,1693227794208,9,4,5
44506,1693227794208,1692255529981,1692255529986,1693227794219,11,5,6
44507,1693227794219,1692255529993,1692255529998,1693227794230,11,5,6
44508,1693227794230,1692255530002,1692255530007,1693227794239,9,5,4
44509,1693227794239,1692255530012,1692255530017,1693227794250,11,5,6
44510,1693227794250,1692255530023,1692255530027,1693227794260,10,4,6
44511,1693227794260,1692255530033,1692255530038,1693227794270,10,5,5
44512,1693227794270,1692255530044,1692255530048,1693227794281,11,4,7
44513,1693227794281,1692255530054,1692255530060,1693227794293,12,6,6
44514,1693227794293,1692255530067,1692255530071,1693227794304,11,4,7
44515,1693227794304,1692255530083,1692255530088,1693227794321,17,5,12
44516,1693227794321,1692255530096,1692255530100,1693227794333,12,4,8
44517,1693227794333,1692255530105,1692255530110,1693227794343,10,5,5
44518,1693227794343,1692255530120,1692255530124,1693227794357,14,4,10
44519,1693227794357,1692255530130,1692255530136,1693227794369,12,6,6
44520,1693227794369,1692255530143,1692255530147,1693227794379,10,4,6
44521,1693227794379,1692255530152,1692255530156,1693227794389,10,4,6
44522,1693227794389,1692255530161,1692255530165,1693227794398,9,4,5
44523,1693227794398,1692255530170,1692255530174,1693227794407,9,4,5
44524,1693227794407,1692255530180,1692255530184,1693227794417,10,4,6
44525,1693227794417,1692255530190,1692255530193,1693227794427,10,3,7
44526,1693227794427,1692255530200,1692255530204,1693227794437,10,4,6
44527,1693227794437,1692255530210,1692255530214,1693227794447,10,4,6
44528,1693227794447,1692255530227,1692255530231,1693227794467,20,4,16
44529,1693227794467,1692255530240,1692255530244,1693227794477,10,4,6
44530,1693227794477,1692255530250,1692255530254,1693227794486,9,4,5
44531,1693227794487,1692255530261,1692255530265,1693227794498,11,4,7
44532,1693227794498,1692255530270,1692255530274,1693227794507,9,4,5
44533,1693227794507,1692255530280,1692255530284,1693227794517,10,4,6
44534,1693227794517,1692255530289,1692255530293,1693227794526,9,4,5
44535,1693227794526,1692255530301,1692255530304,1693227794537,11,3,8
44536,1693227794537,1692255530309,1692255530313,1693227794546,9,4,5
44537,1693227794546,1692255530319,1692255530322,1693227794555,9,3,6
44538,1693227794555,1692255530327,1692255530331,1693227794563,8,4,4
44539,1693227794563,1692255530336,1692255530340,1693227794573,10,4,6
44540,1693227794573,1692255530346,1692255530350,1693227794582,9,4,5
44541,1693227794582,1692255530355,1692255530359,1693227794592,10,4,6
44542,1693227794592,1692255530364,1692255530368,1693227794601,9,4,5
44543,1693227794601,1692255530374,1692255530378,1693227794611,10,4,6
44544,1693227794611,1692255530383,1692255530388,1693227794621,10,5,5
44545,1693227794621,1692255530393,1692255530397,1693227794632,11,4,7
44546,1693227794632,1692255530405,1692255530409,1693227794642,10,4,6
44547,1693227794642,1692255530414,1692255530418,1693227794651,9,4,5
44548,1693227794651,1692255530424,1692255530428,1693227794661,10,4,6
44549,1693227794661,1692255530433,1692255530438,1693227794670,9,5,4
44550,1693227794670,1692255530443,1692255530447,1693227794680,10,4,6
44551,1693227794680,1692255530453,1692255530457,1693227794690,10,4,6
44552,1693227794690,1692255530463,1692255530468,1693227794701,11,5,6
44553,1693227794701,1692255530474,1692255530478,1693227794711,10,4,6
44554,1693227794711,1692255530484,1692255530488,1693227794720,9,4,5
44555,1693227794720,1692255530494,1692255530498,1693227794730,10,4,6
44556,1693227794730,1692255530506,1692255530513,1693227794746,16,7,9
44557,1693227794746,1692255530519,1692255530525,1693227794758,12,6,6
44558,1693227794758,1692255530531,1692255530536,1693227794769,11,5,6
44559,1693227794769,1692255530541,1692255530546,1693227794779,10,5,5
44560,1693227794779,1692255530552,1692255530557,1693227794789,10,5,5
44561,1693227794789,1692255530561,1692255530565,1693227794798,9,4,5
44562,1693227794798,1692255530570,1692255530575,1693227794808,10,5,5
44563,1693227794808,1692255530580,1692255530584,1693227794816,8,4,4
44564,1693227794816,1692255530588,1692255530592,1693227794825,9,4,5
44565,1693227794825,1692255530598,1692255530602,1693227794837,12,4,8
44566,1693227794837,1692255530609,1692255530613,1693227794845,8,4,4
44567,1693227794845,1692255530618,1692255530622,1693227794854,9,4,5
44568,1693227794854,1692255530627,1692255530631,1693227794864,10,4,6
44569,1693227794864,1692255530636,1692255530640,1693227794873,9,4,5
44570,1693227794873,1692255530646,1692255530649,1693227794882,9,3,6
44571,1693227794882,1692255530654,1692255530658,1693227794891,9,4,5
44572,1693227794891,1692255530663,1692255530667,1693227794900,9,4,5
44573,1693227794900,1692255530678,1692255530682,1693227794915,15,4,11
44574,1693227794915,1692255530688,1692255530692,1693227794925,10,4,6
44575,1693227794925,1692255530697,1692255530701,1693227794934,9,4,5
44576,1693227794934,1692255530710,1692255530714,1693227794947,13,4,9
44577,1693227794947,1692255530723,1692255530727,1693227794960,13,4,9
44578,1693227794960,1692255530733,1692255530737,1693227794970,10,4,6
44579,1693227794970,1692255530742,1692255530746,1693227794979,9,4,5
44580,1693227794979,1692255530752,1692255530756,1693227794989,10,4,6
44581,1693227794989,1692255530761,1692255530766,1693227794998,9,5,4
44582,1693227794998,1692255530771,1692255530777,1693227795010,12,6,6
44583,1693227795010,1692255530782,1692255530788,1693227795020,10,6,4
44584,1693227795020,1692255530794,1692255530798,1693227795031,11,4,7
44585,1693227795031,1692255530805,1692255530809,1693227795042,11,4,7
44586,1693227795042,1692255530815,1692255530821,1693227795053,11,6,5
44587,1693227795053,1692255530826,1692255530831,1693227795064,11,5,6
44588,1693227795064,1692255530837,1692255530842,1693227795075,11,5,6
44589,1693227795075,1692255530849,1692255530854,1693227795087,12,5,7
44590,1693227795087,1692255530863,1692255530866,1693227795099,12,3,9
44591,1693227795099,1692255530872,1692255530877,1693227795110,11,5,6
44592,1693227795110,1692255530883,1692255530890,1693227795123,13,7,6
44593,1693227795123,1692255530896,1692255530899,1693227795132,9,3,6
44594,1693227795132,1692255530905,1692255530909,1693227795144,12,4,8
44595,1693227795144,1692255530916,1692255530920,1693227795153,9,4,5
44596,1693227795153,1692255530926,1692255530931,1693227795163,10,5,5
44597,1693227795163,1692255530936,1692255530940,1693227795173,10,4,6
44598,1693227795173,1692255530946,1692255530950,1693227795183,10,4,6
44599,1693227795183,1692255530955,1692255530959,1693227795192,9,4,5
44600,1693227795192,1692255530964,1692255530969,1693227795202,10,5,5
44601,1693227795202,1692255530975,1692255530981,1693227795215,13,6,7
44602,1693227795215,1692255530987,1692255530991,1693227795224,9,4,5
44603,1693227795224,1692255530996,1692255531001,1693227795234,10,5,5
44604,1693227795234,1692255531007,1692255531011,1693227795243,9,4,5
44605,1693227795243,1692255531017,1692255531021,1693227795254,11,4,7
44606,1693227795254,1692255531028,1692255531032,1693227795265,11,4,7
44607,1693227795265,1692255531037,1692255531042,1693227795275,10,5,5
44608,1693227795275,1692255531048,1692255531052,1693227795285,10,4,6
44609,1693227795285,1692255531058,1692255531062,1693227795295,10,4,6
44610,1693227795295,1692255531067,1692255531072,1693227795305,10,5,5
44611,1693227795305,1692255531079,1692255531084,1693227795317,12,5,7
44612,1693227795317,1692255531089,1692255531096,1693227795328,11,7,4
44613,1693227795328,1692255531100,1692255531105,1693227795338,10,5,5
44614,1693227795338,1692255531111,1692255531115,1693227795350,12,4,8
44615,1693227795350,1692255531128,1692255531131,1693227795364,14,3,11
44616,1693227795364,1692255531138,1692255531141,1693227795374,10,3,7
44617,1693227795374,1692255531150,1692255531154,1693227795387,13,4,9
44618,1693227795387,1692255531160,1692255531164,1693227795403,16,4,12
44619,1693227795403,1692255531176,1692255531180,1693227795413,10,4,6
44620,1693227795413,1692255531186,1692255531190,1693227795423,10,4,6
44621,1693227795423,1692255531196,1692255531200,1693227795433,10,4,6
44622,1693227795433,1692255531206,1692255531211,1693227795444,11,5,6
44623,1693227795444,1692255531217,1692255531221,1693227795454,10,4,6
44624,1693227795454,1692255531228,1692255531232,1693227795465,11,4,7
44625,1693227795465,1692255531238,1692255531243,1693227795476,11,5,6
44626,1693227795476,1692255531254,1692255531259,1693227795492,16,5,11
44627,1693227795492,1692255531265,1692255531270,1693227795503,11,5,6
44628,1693227795503,1692255531276,1692255531284,1693227795516,13,8,5
44629,1693227795516,1692255531289,1692255531293,1693227795525,9,4,5
44630,1693227795525,1692255531299,1692255531303,1693227795536,11,4,7
44631,1693227795536,1692255531309,1692255531313,1693227795546,10,4,6
44632,1693227795546,1692255531318,1692255531322,1693227795554,8,4,4
44633,1693227795554,1692255531327,1692255531331,1693227795564,10,4,6
44634,1693227795564,1692255531336,1692255531340,1693227795573,9,4,5
44635,1693227795573,1692255531345,1692255531348,1693227795581,8,3,5
44636,1693227795581,1692255531354,1692255531358,1693227795591,10,4,6
44637,1693227795591,1692255531363,1692255531367,1693227795600,9,4,5
44638,1693227795600,1692255531372,1692255531376,1693227795609,9,4,5
44639,1693227795609,1692255531382,1692255531386,1693227795618,9,4,5
44640,1693227795618,1692255531391,1692255531396,1693227795628,10,5,5
44641,1693227795628,1692255531401,1692255531406,1693227795638,10,5,5
44642,1693227795638,1692255531413,1692255531417,1693227795650,12,4,8
44643,1693227795650,1692255531422,1692255531426,1693227795659,9,4,5
44644,1693227795659,1692255531433,1692255531438,1693227795671,12,5,7
44645,1693227795671,1692255531444,1692255531449,1693227795681,10,5,5
44646,1693227795681,1692255531454,1692255531462,1693227795695,14,8,6
44647,1693227795695,1692255531468,1692255531472,1693227795705,10,4,6
44648,1693227795705,1692255531478,1692255531481,1693227795714,9,3,6
44649,1693227795714,1692255531486,1692255531490,1693227795723,9,4,5
44650,1693227795723,1692255531495,1692255531499,1693227795732,9,4,5
44651,1693227795732,1692255531505,1692255531509,1693227795742,10,4,6
44652,1693227795742,1692255531515,1692255531519,1693227795752,10,4,6
44653,1693227795752,1692255531524,1692255531528,1693227795761,9,4,5
44654,1693227795761,1692255531534,1692255531537,1693227795771,10,3,7
44655,1693227795771,1692255531544,1692255531548,1693227795781,10,4,6
44656,1693227795781,1692255531554,1692255531558,1693227795791,10,4,6
44657,1693227795791,1692255531564,1692255531567,1693227795800,9,3,6
44658,1693227795800,1692255531574,1692255531578,1693227795811,11,4,7
44659,1693227795811,1692255531583,1692255531587,1693227795820,9,4,5
44660,1693227795820,1692255531592,1692255531597,1693227795830,10,5,5
44661,1693227795830,1692255531603,1692255531607,1693227795840,10,4,6
44662,1693227795840,1692255531613,1692255531616,1693227795850,10,3,7
44663,1693227795850,1692255531622,1692255531627,1693227795861,11,5,6
44664,1693227795861,1692255531634,1692255531640,1693227795872,11,6,5
44665,1693227795873,1692255531646,1692255531651,1693227795884,11,5,6
44666,1693227795884,1692255531658,1692255531663,1693227795896,12,5,7
44667,1693227795896,1692255531668,1692255531672,1693227795905,9,4,5
44668,1693227795905,1692255531677,1692255531681,1693227795914,9,4,5
44669,1693227795914,1692255531687,1692255531690,1693227795923,9,3,6
44670,1693227795923,1692255531695,1692255531699,1693227795932,9,4,5
44671,1693227795932,1692255531705,1692255531708,1693227795941,9,3,6
44672,1693227795941,1692255531714,1692255531718,1693227795951,10,4,6
44673,1693227795951,1692255531724,1692255531728,1693227795963,12,4,8
44674,1693227795963,1692255531736,1692255531740,1693227795972,9,4,5
44675,1693227795973,1692255531746,1692255531749,1693227795982,9,3,6
44676,1693227795982,1692255531755,1692255531759,1693227795992,10,4,6
44677,1693227795992,1692255531767,1692255531771,1693227796003,11,4,7
44678,1693227796003,1692255531775,1692255531779,1693227796012,9,4,5
44679,1693227796012,1692255531784,1692255531788,1693227796020,8,4,4
44680,1693227796020,1692255531793,1692255531797,1693227796030,10,4,6
44681,1693227796030,1692255531803,1692255531807,1693227796040,10,4,6
44682,1693227796040,1692255531814,1692255531818,1693227796051,11,4,7
44683,1693227796051,1692255531823,1692255531827,1693227796060,9,4,5
44684,1693227796060,1692255531832,1692255531836,1693227796069,9,4,5
44685,1693227796069,1692255531841,1692255531845,1693227796078,9,4,5
44686,1693227796078,1692255531851,1692255531855,1693227796087,9,4,5
44687,1693227796087,1692255531860,1692255531865,1693227796098,11,5,6
44688,1693227796098,1692255531871,1692255531876,1693227796109,11,5,6
44689,1693227796109,1692255531883,1692255531887,1693227796120,11,4,7
44690,1693227796120,1692255531894,1692255531898,1693227796131,11,4,7
44691,1693227796131,1692255531904,1692255531908,1693227796141,10,4,6
44692,1693227796141,1692255531916,1692255531921,1693227796155,14,5,9
44693,1693227796155,1692255531928,1692255531932,1693227796165,10,4,6
44694,1693227796165,1692255531939,1692255531943,1693227796176,11,4,7
44695,1693227796176,1692255531950,1692255531955,1693227796187,11,5,6
44696,1693227796187,1692255531961,1692255531965,1693227796198,11,4,7
44697,1693227796198,1692255531971,1692255531975,1693227796208,10,4,6
44698,1693227796208,1692255531983,1692255531987,1693227796220,12,4,8
44699,1693227796220,1692255531993,1692255531997,1693227796229,9,4,5
44700,1693227796229,1692255532006,1692255532012,1693227796245,16,6,10
44701,1693227796245,1692255532018,1692255532023,1693227796256,11,5,6
44702,1693227796256,1692255532029,1692255532032,1693227796265,9,3,6
44703,1693227796265,1692255532038,1692255532042,1693227796275,10,4,6
44704,1693227796275,1692255532048,1692255532052,1693227796285,10,4,6
44705,1693227796285,1692255532058,1692255532063,1693227796297,12,5,7
44706,1693227796297,1692255532069,1692255532074,1693227796307,10,5,5
44707,1693227796307,1692255532080,1692255532086,1693227796319,12,6,6
44708,1693227796319,1692255532092,1692255532096,1693227796329,10,4,6
44709,1693227796329,1692255532103,1692255532108,1693227796341,12,5,7
44710,1693227796341,1692255532114,1692255532119,1693227796352,11,5,6
44711,1693227796352,1692255532126,1692255532130,1693227796363,11,4,7
44712,1693227796363,1692255532136,1692255532141,1693227796374,11,5,6
44713,1693227796374,1692255532147,1692255532152,1693227796385,11,5,6
44714,1693227796385,1692255532158,1692255532163,1693227796395,10,5,5
44715,1693227796395,1692255532169,1692255532174,1693227796407,12,5,7
44716,1693227796407,1692255532180,1692255532185,1693227796418,11,5,6
44717,1693227796418,1692255532191,1692255532196,1693227796428,10,5,5
44718,1693227796428,1692255532201,1692255532206,1693227796439,11,5,6
44719,1693227796439,1692255532214,1692255532218,1693227796450,11,4,7
44720,1693227796451,1692255532223,1692255532227,1693227796460,9,4,5
44721,1693227796460,1692255532232,1692255532236,1693227796469,9,4,5
44722,1693227796469,1692255532243,1692255532248,1693227796480,11,5,6
44723,1693227796480,1692255532254,1692255532258,1693227796490,10,4,6
44724,1693227796490,1692255532264,1692255532268,1693227796502,12,4,8
44725,1693227796502,1692255532275,1692255532280,1693227796513,11,5,6
44726,1693227796513,1692255532286,1692255532291,1693227796524,11,5,6
44727,1693227796524,1692255532297,1692255532302,1693227796535,11,5,6
44728,1693227796535,1692255532309,1692255532314,1693227796547,12,5,7
44729,1693227796547,1692255532320,1692255532325,1693227796558,11,5,6
44730,1693227796558,1692255532331,1692255532335,1693227796568,10,4,6
44731,1693227796568,1692255532340,1692255532346,1693227796578,10,6,4
44732,1693227796578,1692255532352,1692255532356,1693227796589,11,4,7
44733,1693227796589,1692255532362,1692255532368,1693227796601,12,6,6
44734,1693227796601,1692255532374,1692255532379,1693227796612,11,5,6
44735,1693227796612,1692255532384,1692255532389,1693227796622,10,5,5
44736,1693227796622,1692255532395,1692255532400,1693227796632,10,5,5
44737,1693227796632,1692255532405,1692255532412,1693227796645,13,7,6
44738,1693227796645,1692255532418,1692255532422,1693227796654,9,4,5
44739,1693227796654,1692255532428,1692255532432,1693227796665,11,4,7
44740,1693227796665,1692255532438,1692255532441,1693227796674,9,3,6
44741,1693227796674,1692255532446,1692255532450,1693227796684,10,4,6
44742,1693227796684,1692255532456,1692255532460,1693227796693,9,4,5
44743,1693227796693,1692255532466,1692255532470,1693227796703,10,4,6
44744,1693227796703,1692255532476,1692255532480,1693227796713,10,4,6
44745,1693227796713,1692255532486,1692255532490,1693227796723,10,4,6
44746,1693227796723,1692255532496,1692255532500,1693227796734,11,4,7
44747,1693227796734,1692255532507,1692255532511,1693227796744,10,4,6
44748,1693227796744,1692255532522,1692255532527,1693227796760,16,5,11
44749,1693227796760,1692255532533,1692255532538,1693227796771,11,5,6
44750,1693227796771,1692255532544,1692255532549,1693227796782,11,5,6
44751,1693227796783,1692255532556,1692255532561,1693227796794,11,5,6
44752,1693227796794,1692255532567,1692255532572,1693227796805,11,5,6
44753,1693227796805,1692255532578,1692255532582,1693227796814,9,4,5
44754,1693227796814,1692255532587,1692255532592,1693227796825,11,5,6
44755,1693227796825,1692255532598,1692255532602,1693227796835,10,4,6
44756,1693227796835,1692255532608,1692255532614,1693227796847,12,6,6
44757,1693227796847,1692255532620,1692255532625,1693227796858,11,5,6
44758,1693227796858,1692255532632,1692255532637,1693227796870,12,5,7
44759,1693227796870,1692255532643,1692255532648,1693227796880,10,5,5
44760,1693227796880,1692255532655,1692255532660,1693227796893,13,5,8
44761,1693227796893,1692255532666,1692255532672,1693227796905,12,6,6
44762,1693227796905,1692255532678,1692255532683,1693227796916,11,5,6
44763,1693227796916,1692255532689,1692255532694,1693227796927,11,5,6
44764,1693227796927,1692255532700,1692255532705,1693227796938,11,5,6
44765,1693227796938,1692255532711,1692255532716,1693227796949,11,5,6
44766,1693227796949,1692255532722,1692255532728,1693227796961,12,6,6
44767,1693227796961,1692255532735,1692255532740,1693227796973,12,5,7
44768,1693227796973,1692255532747,1692255532752,1693227796987,14,5,9
44769,1693227796987,1692255532761,1692255532766,1693227796999,12,5,7
44770,1693227796999,1692255532772,1692255532778,1693227797011,12,6,6
44771,1693227797011,1692255532787,1692255532792,1693227797025,14,5,9
44772,1693227797025,1692255532799,1692255532803,1693227797035,10,4,6
44773,1693227797036,1692255532809,1692255532815,1693227797048,12,6,6
44774,1693227797048,1692255532821,1692255532828,1693227797061,13,7,6
44775,1693227797061,1692255532834,1692255532838,1693227797071,10,4,6
44776,1693227797071,1692255532844,1692255532850,1693227797083,12,6,6
44777,1693227797083,1692255532856,1692255532862,1693227797095,12,6,6
44778,1693227797095,1692255532868,1692255532872,1693227797105,10,4,6
44779,1693227797105,1692255532877,1692255532882,1693227797115,10,5,5
44780,1693227797115,1692255532889,1692255532893,1693227797126,11,4,7
44781,1693227797126,1692255532899,1692255532904,1693227797137,11,5,6
44782,1693227797137,1692255532910,1692255532915,1693227797148,11,5,6
44783,1693227797148,1692255532920,1692255532925,1693227797158,10,5,5
44784,1693227797158,1692255532931,1692255532935,1693227797168,10,4,6
44785,1693227797168,1692255532942,1692255532947,1693227797180,12,5,7
44786,1693227797180,1692255532954,1692255532960,1693227797193,13,6,7
44787,1693227797193,1692255532966,1692255532972,1693227797205,12,6,6
44788,1693227797205,1692255532978,1692255532983,1693227797217,12,5,7
44789,1693227797217,1692255532991,1692255532996,1693227797228,11,5,6
44790,1693227797228,1692255533002,1692255533007,1693227797240,12,5,7
44791,1693227797240,1692255533013,1692255533019,1693227797252,12,6,6
44792,1693227797252,1692255533026,1692255533030,1693227797263,11,4,7
44793,1693227797263,1692255533036,1692255533040,1693227797273,10,4,6
44794,1693227797273,1692255533046,1692255533052,1693227797285,12,6,6
44795,1693227797285,1692255533059,1692255533064,1693227797297,12,5,7
44796,1693227797297,1692255533070,1692255533078,1693227797311,14,8,6
44797,1693227797311,1692255533084,1692255533089,1693227797322,11,5,6
44798,1693227797322,1692255533095,1692255533099,1693227797332,10,4,6
44799,1693227797332,1692255533104,1692255533108,1693227797341,9,4,5
44800,1693227797341,1692255533114,1692255533119,1693227797351,10,5,5
44801,1693227797352,1692255533125,1692255533130,1693227797362,10,5,5
44802,1693227797363,1692255533139,1692255533144,1693227797377,14,5,9
44803,1693227797377,1692255533150,1692255533155,1693227797389,12,5,7
44804,1693227797389,1692255533162,1692255533167,1693227797401,12,5,7
44805,1693227797401,1692255533174,1692255533179,1693227797412,11,5,6
44806,1693227797412,1692255533185,1692255533190,1693227797424,12,5,7
44807,1693227797424,1692255533197,1692255533202,1693227797435,11,5,6
44808,1693227797435,1692255533209,1692255533214,1693227797447,12,5,7
44809,1693227797447,1692255533226,1692255533232,1693227797465,18,6,12
44810,1693227797465,1692255533240,1692255533245,1693227797478,13,5,8
44811,1693227797478,1692255533252,1692255533260,1693227797493,15,8,7
44812,1693227797493,1692255533267,1692255533271,1693227797504,11,4,7
44813,1693227797504,1692255533278,1692255533283,1693227797516,12,5,7
44814,1693227797516,1692255533290,1692255533296,1693227797529,13,6,7
44815,1693227797529,1692255533302,1692255533307,1693227797540,11,5,6
44816,1693227797540,1692255533313,1692255533317,1693227797550,10,4,6
44817,1693227797550,1692255533325,1692255533329,1693227797562,12,4,8
44818,1693227797562,1692255533335,1692255533339,1693227797572,10,4,6
44819,1693227797572,1692255533345,1692255533349,1693227797582,10,4,6
44820,1693227797582,1692255533355,1692255533359,1693227797592,10,4,6
44821,1693227797592,1692255533365,1692255533369,1693227797602,10,4,6
44822,1693227797602,1692255533375,1692255533380,1693227797614,12,5,7
44823,1693227797614,1692255533388,1692255533393,1693227797626,12,5,7
44824,1693227797626,1692255533400,1692255533404,1693227797637,11,4,7
44825,1693227797637,1692255533414,1692255533418,1693227797652,15,4,11
44826,1693227797652,1692255533424,1692255533429,1693227797662,10,5,5
44827,1693227797662,1692255533435,1692255533439,1693227797672,10,4,6
44828,1693227797672,1692255533445,1692255533450,1693227797686,14,5,9
44829,1693227797686,1692255533459,1692255533464,1693227797697,11,5,6
44830,1693227797697,1692255533471,1692255533475,1693227797708,11,4,7
44831,1693227797708,1692255533482,1692255533486,1693227797719,11,4,7
44832,1693227797719,1692255533492,1692255533498,1693227797731,12,6,6
44833,1693227797731,1692255533504,1692255533508,1693227797741,10,4,6
44834,1693227797741,1692255533515,1692255533520,1693227797752,11,5,6
44835,1693227797753,1692255533526,1692255533530,1693227797763,10,4,6
44836,1693227797763,1692255533536,1692255533542,1693227797774,11,6,5
44837,1693227797774,1692255533547,1692255533552,1693227797785,11,5,6
44838,1693227797785,1692255533557,1692255533562,1693227797795,10,5,5
44839,1693227797795,1692255533567,1692255533572,1693227797806,11,5,6
44840,1693227797806,1692255533579,1692255533584,1693227797817,11,5,6
44841,1693227797817,1692255533590,1692255533596,1693227797829,12,6,6
44842,1693227797829,1692255533602,1692255533607,1693227797840,11,5,6
44843,1693227797840,1692255533613,1692255533618,1693227797851,11,5,6
44844,1693227797851,1692255533624,1692255533630,1693227797863,12,6,6
44845,1693227797863,1692255533636,1692255533641,1693227797874,11,5,6
44846,1693227797874,1692255533647,1692255533651,1693227797884,10,4,6
44847,1693227797884,1692255533657,1692255533662,1693227797895,11,5,6
44848,1693227797895,1692255533667,1692255533676,1693227797909,14,9,5
44849,1693227797909,1692255533682,1692255533687,1693227797920,11,5,6
44850,1693227797920,1692255533695,1692255533700,1693227797933,13,5,8
44851,1693227797933,1692255533706,1692255533711,1693227797944,11,5,6
44852,1693227797944,1692255533717,1692255533723,1693227797956,12,6,6
44853,1693227797956,1692255533729,1692255533734,1693227797967,11,5,6
44854,1693227797967,1692255533740,1692255533745,1693227797978,11,5,6
44855,1693227797978,1692255533751,1692255533755,1693227797988,10,4,6
44856,1693227797988,1692255533762,1692255533767,1693227798000,12,5,7
44857,1693227798000,1692255533774,1692255533778,1693227798011,11,4,7
44858,1693227798011,1692255533785,1692255533789,1693227798022,11,4,7
44859,1693227798022,1692255533795,1692255533799,1693227798032,10,4,6
44860,1693227798032,1692255533804,1692255533808,1693227798041,9,4,5
44861,1693227798041,1692255533814,1692255533818,1693227798051,10,4,6
44862,1693227798051,1692255533824,1692255533828,1693227798060,9,4,5
44863,1693227798060,1692255533833,1692255533837,1693227798070,10,4,6
44864,1693227798070,1692255533844,1692255533848,1693227798080,10,4,6
44865,1693227798080,1692255533853,1692255533857,1693227798090,10,4,6
44866,1693227798090,1692255533862,1692255533867,1693227798100,10,5,5
44867,1693227798100,1692255533873,1692255533877,1693227798110,10,4,6
44868,1693227798110,1692255533885,1692255533889,1693227798123,13,4,9
44869,1693227798123,1692255533898,1692255533904,1693227798137,14,6,8
44870,1693227798137,1692255533911,1692255533916,1693227798148,11,5,6
44871,1693227798148,1692255533922,1692255533927,1693227798159,11,5,6
44872,1693227798159,1692255533932,1692255533938,1693227798171,12,6,6
44873,1693227798171,1692255533943,1692255533949,1693227798182,11,6,5
44874,1693227798182,1692255533955,1692255533960,1693227798193,11,5,6
44875,1693227798193,1692255533966,1692255533971,1693227798204,11,5,6
44876,1693227798204,1692255533977,1692255533982,1693227798216,12,5,7
44877,1693227798216,1692255533990,1692255533995,1693227798228,12,5,7
44878,1693227798228,1692255534002,1692255534006,1693227798239,11,4,7
44879,1693227798239,1692255534012,1692255534017,1693227798250,11,5,6
44880,1693227798250,1692255534023,1692255534028,1693227798261,11,5,6
44881,1693227798261,1692255534033,1692255534037,1693227798270,9,4,5
44882,1693227798270,1692255534044,1692255534047,1693227798280,10,3,7
44883,1693227798280,1692255534054,1692255534057,1693227798290,10,3,7
44884,1693227798290,1692255534062,1692255534066,1693227798299,9,4,5
44885,1693227798299,1692255534072,1692255534078,1693227798311,12,6,6
44886,1693227798311,1692255534084,1692255534088,1693227798321,10,4,6
44887,1693227798321,1692255534094,1692255534099,1693227798331,10,5,5
44888,1693227798331,1692255534103,1692255534107,1693227798340,9,4,5
44889,1693227798340,1692255534114,1692255534118,1693227798351,11,4,7
44890,1693227798351,1692255534123,1692255534131,1693227798364,13,8,5
44891,1693227798364,1692255534136,1692255534141,1693227798373,9,5,4
44892,1693227798373,1692255534146,1692255534150,1693227798383,10,4,6
44893,1693227798384,1692255534157,1692255534162,1693227798395,11,5,6
44894,1693227798395,1692255534168,1692255534172,1693227798405,10,4,6
44895,1693227798405,1692255534178,1692255534181,1693227798414,9,3,6
44896,1693227798414,1692255534187,1692255534191,1693227798424,10,4,6
44897,1693227798424,1692255534196,1692255534200,1693227798432,8,4,4
44898,1693227798432,1692255534205,1692255534209,1693227798442,10,4,6
44899,1693227798442,1692255534215,1692255534219,1693227798452,10,4,6
44900,1693227798452,1692255534224,1692255534228,1693227798461,9,4,5
44901,1693227798461,1692255534234,1692255534238,1693227798471,10,4,6
44902,1693227798471,1692255534243,1692255534247,1693227798480,9,4,5
44903,1693227798480,1692255534252,1692255534257,1693227798489,9,5,4
44904,1693227798489,1692255534261,1692255534266,1693227798498,9,5,4
44905,1693227798498,1692255534272,1692255534277,1693227798510,12,5,7
44906,1693227798510,1692255534283,1692255534288,1693227798525,15,5,10
44907,1693227798525,1692255534298,1692255534303,1693227798536,11,5,6
44908,1693227798536,1692255534310,1692255534315,1693227798548,12,5,7
44909,1693227798548,1692255534322,1692255534327,1693227798560,12,5,7
44910,1693227798561,1692255534334,1692255534339,1693227798572,11,5,6
44911,1693227798572,1692255534345,1692255534350,1693227798583,11,5,6
44912,1693227798583,1692255534361,1692255534365,1693227798597,14,4,10
44913,1693227798598,1692255534371,1692255534375,1693227798608,10,4,6
44914,1693227798608,1692255534382,1692255534386,1693227798619,11,4,7
44915,1693227798619,1692255534393,1692255534398,1693227798631,12,5,7
44916,1693227798631,1692255534404,1692255534408,1693227798642,11,4,7
44917,1693227798642,1692255534415,1692255534420,1693227798652,10,5,5
44918,1693227798652,1692255534428,1692255534432,1693227798665,13,4,9
44919,1693227798665,1692255534437,1692255534441,1693227798674,9,4,5
44920,1693227798674,1692255534447,1692255534451,1693227798684,10,4,6
44921,1693227798684,1692255534457,1692255534464,1693227798696,12,7,5
44922,1693227798696,1692255534469,1692255534472,1693227798705,9,3,6
44923,1693227798705,1692255534478,1692255534483,1693227798716,11,5,6
44924,1693227798716,1692255534489,1692255534493,1693227798728,12,4,8
44925,1693227798728,1692255534502,1692255534507,1693227798739,11,5,6
44926,1693227798739,1692255534512,1692255534516,1693227798749,10,4,6
44927,1693227798749,1692255534525,1692255534530,1693227798763,14,5,9
44928,1693227798763,1692255534537,1692255534541,1693227798774,11,4,7
44929,1693227798774,1692255534547,1692255534551,1693227798784,10,4,6
44930,1693227798784,1692255534557,1692255534564,1693227798798,14,7,7
44931,1693227798798,1692255534571,1692255534576,1693227798809,11,5,6
44932,1693227798809,1692255534583,1692255534588,1693227798821,12,5,7
44933,1693227798821,1692255534594,1692255534598,1693227798831,10,4,6
44934,1693227798831,1692255534604,1692255534608,1693227798841,10,4,6
44935,1693227798841,1692255534614,1692255534619,1693227798852,11,5,6
44936,1693227798852,1692255534625,1692255534630,1693227798863,11,5,6
44937,1693227798863,1692255534636,1692255534640,1693227798873,10,4,6
44938,1693227798873,1692255534647,1692255534652,1693227798885,12,5,7
44939,1693227798885,1692255534671,1692255534676,1693227798909,24,5,19
44940,1693227798909,1692255534682,1692255534687,1693227798920,11,5,6
44941,1693227798920,1692255534693,1692255534698,1693227798933,13,5,8
44942,1693227798933,1692255534707,1692255534711,1693227798944,11,4,7
44943,1693227798944,1692255534717,1692255534722,1693227798955,11,5,6
44944,1693227798955,1692255534728,1692255534733,1693227798966,11,5,6
44945,1693227798966,1692255534739,1692255534744,1693227798977,11,5,6
44946,1693227798977,1692255534751,1692255534756,1693227798989,12,5,7
44947,1693227798989,1692255534762,1692255534766,1693227798999,10,4,6
44948,1693227798999,1692255534774,1692255534779,1693227799012,13,5,8
44949,1693227799012,1692255534785,1692255534790,1693227799023,11,5,6
44950,1693227799023,1692255534796,1692255534801,1693227799035,12,5,7
44951,1693227799035,1692255534808,1692255534813,1693227799047,12,5,7
44952,1693227799047,1692255534819,1692255534824,1693227799057,10,5,5
44953,1693227799057,1692255534831,1692255534835,1693227799068,11,4,7
44954,1693227799068,1692255534841,1692255534847,1693227799080,12,6,6
44955,1693227799080,1692255534856,1692255534861,1693227799094,14,5,9
44956,1693227799094,1692255534866,1692255534871,1693227799104,10,5,5
44957,1693227799104,1692255534883,1692255534887,1693227799119,15,4,11
44958,1693227799120,1692255534896,1692255534902,1693227799135,15,6,9
44959,1693227799135,1692255534909,1692255534913,1693227799146,11,4,7
44960,1693227799146,1692255534919,1692255534923,1693227799156,10,4,6
44961,1693227799156,1692255534929,1692255534934,1693227799167,11,5,6
44962,1693227799167,1692255534940,1692255534945,1693227799178,11,5,6
44963,1693227799178,1692255534951,1692255534956,1693227799188,10,5,5
44964,1693227799189,1692255534968,1692255534972,1693227799205,16,4,12
44965,1693227799205,1692255534979,1692255534984,1693227799217,12,5,7
44966,1693227799217,1692255534990,1692255534994,1693227799227,10,4,6
44967,1693227799227,1692255535000,1692255535005,1693227799240,13,5,8
44968,1693227799240,1692255535015,1692255535020,1693227799253,13,5,8
44969,1693227799253,1692255535027,1692255535032,1693227799265,12,5,7
44970,1693227799265,1692255535038,1692255535043,1693227799276,11,5,6
44971,1693227799276,1692255535048,1692255535052,1693227799285,9,4,5
44972,1693227799285,1692255535057,1692255535061,1693227799294,9,4,5
44973,1693227799294,1692255535067,1692255535070,1693227799303,9,3,6
44974,1693227799303,1692255535081,1692255535086,1693227799319,16,5,11
44975,1693227799319,1692255535092,1692255535098,1693227799331,12,6,6
44976,1693227799331,1692255535104,1692255535109,1693227799342,11,5,6
44977,1693227799342,1692255535116,1692255535122,1693227799355,13,6,7
44978,1693227799355,1692255535128,1692255535132,1693227799365,10,4,6
44979,1693227799365,1692255535139,1692255535144,1693227799380,15,5,10
44980,1693227799380,1692255535153,1692255535158,1693227799391,11,5,6
44981,1693227799391,1692255535164,1692255535168,1693227799401,10,4,6
44982,1693227799401,1692255535174,1692255535179,1693227799411,10,5,5
44983,1693227799411,1692255535184,1692255535189,1693227799422,11,5,6
44984,1693227799422,1692255535195,1692255535199,1693227799432,10,4,6
44985,1693227799432,1692255535206,1692255535210,1693227799446,14,4,10
44986,1693227799446,1692255535219,1692255535224,1693227799779,333,5,328
44987,1693227799779,1692255535553,1692255535558,1693227799791,12,5,7
44988,1693227799791,1692255535564,1692255535569,1693227799802,11,5,6
44989,1693227799802,1692255535575,1692255535580,1693227799813,11,5,6
44990,1693227799813,1692255535586,1692255535591,1693227799824,11,5,6
44991,1693227799824,1692255535597,1692255535601,1693227799834,10,4,6
44992,1693227799834,1692255535608,1692255535612,1693227799845,11,4,7
44993,1693227799845,1692255535618,1692255535623,1693227799859,14,5,9
44994,1693227799859,1692255535633,1692255535637,1693227799870,11,4,7
44995,1693227799870,1692255535643,1692255535650,1693227799883,13,7,6
44996,1693227799883,1692255535656,1692255535661,1693227799894,11,5,6
44997,1693227799894,1692255535667,1692255535672,1693227799905,11,5,6
44998,1693227799905,1692255535678,1692255535682,1693227799915,10,4,6
44999,1693227799915,1692255535688,1692255535693,1693227799925,10,5,5
45000,1693227799925,1692255535698,1692255535702,1693227799935,10,4,6
45001,1693227799935,1692255535708,1692255535712,1693227799945,10,4,6
45002,1693227799945,1692255535717,1692255535721,1693227799954,9,4,5
45003,1693227799954,1692255535728,1692255535731,1693227799964,10,3,7
45004,1693227802981,1692255538753,1692255538757,1693227802990,9,4,5
45005,1693227802990,1692255538762,1692255538765,1693227802997,7,3,4
45006,1693227802997,1692255538770,1692255538774,1693227803006,9,4,5
45007,1693227803006,1692255538778,1692255538782,1693227803014,8,4,4
45008,1693227803014,1692255538787,1692255538790,1693227803022,8,3,5
45009,1693227803022,1692255538794,1692255538797,1693227803029,7,3,4
45010,1693227803029,1692255538801,1692255538805,1693227803037,8,4,4
45011,1693227803037,1692255538810,1692255538814,1693227803046,9,4,5
45012,1693227803046,1692255538818,1692255538821,1693227803054,8,3,5
45013,1693227803054,1692255538827,1692255538831,1693227803063,9,4,5
45014,1693227803063,1692255538835,1692255538838,1693227803071,8,3,5
45015,1693227803071,1692255538842,1692255538846,1693227803078,7,4,3
45016,1693227803078,1692255538850,1692255538853,1693227803086,8,3,5
45017,1693227803086,1692255538858,1692255538864,1693227803096,10,6,4
45018,1693227803096,1692255538868,1692255538871,1693227803104,8,3,5
45019,1693227803104,1692255538876,1692255538879,1693227803111,7,3,4
45020,1693227803112,1692255538883,1692255538887,1693227803119,7,4,3
45021,1693227803119,1692255538891,1692255538895,1693227803127,8,4,4
45022,1693227803127,1692255538901,1692255538904,1693227803137,10,3,7
45023,1693227803137,1692255538910,1692255538914,1693227803147,10,4,6
45024,1693227803147,1692255538918,1692255538921,1693227803154,7,3,4
45025,1693227803154,1692255538926,1692255538932,1693227803165,11,6,5
45026,1693227803165,1692255538936,1692255538939,1693227803172,7,3,4
45027,1693227803172,1692255538944,1692255538947,1693227803180,8,3,5
45028,1693227803180,1692255538952,1692255538955,1693227803187,7,3,4
45029,1693227803187,1692255538959,1692255538963,1693227803196,9,4,5
45030,1693227803196,1692255538967,1692255538970,1693227803202,6,3,3
45031,1693227803202,1692255538974,1692255538977,1693227803209,7,3,4
45032,1693227803209,1692255538981,1692255538984,1693227803217,8,3,5
45033,1693227803217,1692255538989,1692255538992,1693227803225,8,3,5
45034,1693227803225,1692255538996,1692255539000,1693227803233,8,4,4
45035,1693227803233,1692255539005,1692255539009,1693227803241,8,4,4
45036,1693227803241,1692255539013,1692255539016,1693227803249,8,3,5
45037,1693227803249,1692255539020,1692255539024,1693227803256,7,4,3
45038,1693227803256,1692255539027,1692255539031,1693227803263,7,4,3
45039,1693227803263,1692255539035,1692255539039,1693227803271,8,4,4
45040,1693227803271,1692255539043,1692255539046,1693227803278,7,3,4
45041,1693227803278,1692255539050,1692255539053,1693227803285,7,3,4
45042,1693227803285,1692255539057,1692255539060,1693227803292,7,3,4
45043,1693227803292,1692255539063,1692255539066,1693227803298,6,3,3
45044,1693227803298,1692255539070,1692255539073,1693227803305,7,3,4
45045,1693227803305,1692255539077,1692255539080,1693227803312,7,3,4
45046,1693227803312,1692255539084,1692255539087,1693227803319,7,3,4
45047,1693227803319,1692255539091,1692255539094,1693227803326,7,3,4
45048,1693227803326,1692255539098,1692255539101,1693227803333,7,3,4
45049,1693227803333,1692255539106,1692255539110,1693227803343,10,4,6
45050,1693227803343,1692255539114,1692255539118,1693227803350,7,4,3
45051,1693227803350,1692255539121,1692255539125,1693227803357,7,4,3
45052,1693227803357,1692255539129,1692255539132,1693227803364,7,3,4
45053,1693227803364,1692255539136,1692255539138,1693227803370,6,2,4
45054,1693227803370,1692255539142,1692255539145,1693227803377,7,3,4
45055,1693227803377,1692255539149,1692255539152,1693227803384,7,3,4
45056,1693227803384,1692255539156,1692255539159,1693227803391,7,3,4
45057,1693227803391,1692255539162,1692255539165,1693227803397,6,3,3
45058,1693227803397,1692255539173,1692255539176,1693227803409,12,3,9
45059,1693227803409,1692255539180,1692255539183,1693227803416,7,3,4
45060,1693227803416,1692255539192,1692255539195,1693227803427,11,3,8
45061,1693227803427,1692255539200,1692255539203,1693227803438,11,3,8
45062,1693227803438,1692255539210,1692255539213,1693227803445,7,3,4
45063,1693227803445,1692255539218,1692255539221,1693227803453,8,3,5
45064,1693227803453,1692255539225,1692255539228,1693227803460,7,3,4
45065,1693227803460,1692255539233,1692255539236,1693227803468,8,3,5
45066,1693227803468,1692255539240,1692255539245,1693227803477,9,5,4
45067,1693227803477,1692255539249,1692255539253,1693227803485,8,4,4
45068,1693227803485,1692255539256,1692255539260,1693227803496,11,4,7
45069,1693227803496,1692255539267,1692255539271,1693227803503,7,4,3
45070,1693227803503,1692255539275,1692255539278,1693227803510,7,3,4
45071,1693227803510,1692255539282,1692255539285,1693227803517,7,3,4
45072,1693227803517,1692255539289,1692255539292,1693227803524,7,3,4
45073,1693227803524,1692255539297,1692255539300,1693227803532,8,3,5
45074,1693227803532,1692255539304,1692255539307,1693227803541,9,3,6
45075,1693227803541,1692255539313,1692255539317,1693227803549,8,4,4
45076,1693227803549,1692255539320,1692255539323,1693227803555,6,3,3
45077,1693227803555,1692255539327,1692255539330,1693227803562,7,3,4
45078,1693227803562,1692255539333,1692255539336,1693227803568,6,3,3
45079,1693227803568,1692255539340,1692255539343,1693227803575,7,3,4
45080,1693227803575,1692255539347,1692255539350,1693227803582,7,3,4
45081,1693227803582,1692255539358,1692255539361,1693227803593,11,3,8
45082,1693227803593,1692255539365,1692255539368,1693227803599,6,3,3
45083,1693227803599,1692255539371,1692255539374,1693227803606,7,3,4
45084,1693227803606,1692255539378,1692255539381,1693227803613,7,3,4
45085,1693227803613,1692255539385,1692255539388,1693227803621,8,3,5
45086,1693227803621,1692255539393,1692255539396,1693227803628,7,3,4
45087,1693227803628,1692255539400,1692255539403,1693227803636,8,3,5
45088,1693227803636,1692255539408,1692255539411,1693227803644,8,3,5
45089,1693227803644,1692255539416,1692255539419,1693227803652,8,3,5
45090,1693227803652,1692255539426,1692255539429,1693227803662,10,3,7
45091,1693227803662,1692255539433,1692255539436,1693227803669,7,3,4
45092,1693227803669,1692255539441,1692255539444,1693227803676,7,3,4
45093,1693227803676,1692255539448,1692255539453,1693227803685,9,5,4
45094,1693227803685,1692255539457,1692255539461,1693227803693,8,4,4
45095,1693227803693,1692255539468,1692255539472,1693227803704,11,4,7
45096,1693227803705,1692255539476,1692255539480,1693227803712,7,4,3
45097,1693227803712,1692255539483,1692255539486,1693227803719,7,3,4
45098,1693227803719,1692255539492,1692255539495,1693227803727,8,3,5
45099,1693227803727,1692255539499,1692255539502,1693227803735,8,3,5
45100,1693227803735,1692255539507,1692255539510,1693227803743,8,3,5
45101,1693227803743,1692255539516,1692255539518,1693227803751,8,2,6
45102,1693227803751,1692255539522,1692255539527,1693227803759,8,5,3
45103,1693227803759,1692255539531,1692255539533,1693227803765,6,2,4
45104,1693227803765,1692255539537,1692255539541,1693227803773,8,4,4
45105,1693227803773,1692255539545,1692255539548,1693227803780,7,3,4
45106,1693227803780,1692255539552,1692255539556,1693227803788,8,4,4
45107,1693227803788,1692255539563,1692255539567,1693227803799,11,4,7
45108,1693227803799,1692255539571,1692255539574,1693227803806,7,3,4
45109,1693227803806,1692255539577,1692255539581,1693227803813,7,4,3
45110,1693227803813,1692255539585,1692255539588,1693227803820,7,3,4
45111,1693227803820,1692255539592,1692255539595,1693227803827,7,3,4
45112,1693227803827,1692255539599,1692255539601,1693227803833,6,2,4
45113,1693227803833,1692255539606,1692255539609,1693227803842,9,3,6
45114,1693227803842,1692255539614,1692255539617,1693227803849,7,3,4
45115,1693227803849,1692255539621,1692255539624,1693227803857,8,3,5
45116,1693227803857,1692255539629,1692255539632,1693227803864,7,3,4
45117,1693227803864,1692255539644,1692255539647,1693227803880,16,3,13
45118,1693227803880,1692255539651,1692255539655,1693227803887,7,4,3
45119,1693227803887,1692255539660,1692255539663,1693227803895,8,3,5
45120,1693227803896,1692255539667,1692255539671,1693227803903,7,4,3
45121,1693227803903,1692255539675,1692255539679,1693227803911,8,4,4
45122,1693227803911,1692255539683,1692255539688,1693227803921,10,5,5
45123,1693227803921,1692255539692,1692255539695,1693227803928,7,3,4
45124,1693227803928,1692255539699,1692255539702,1693227803935,7,3,4
45125,1693227803935,1692255539710,1692255539713,1693227803945,10,3,7
45126,1693227803945,1692255539717,1692255539720,1693227803953,8,3,5
45127,1693227803953,1692255539725,1692255539728,1693227803960,7,3,4
45128,1693227803960,1692255539732,1692255539735,1693227803967,7,3,4
45129,1693227803967,1692255539739,1692255539743,1693227803975,8,4,4
45130,1693227803975,1692255539747,1692255539750,1693227803984,9,3,6
45131,1693227803984,1692255539755,1692255539758,1693227803991,7,3,4
45132,1693227803991,1692255539762,1692255539766,1693227803998,7,4,3
45133,1693227803998,1692255539770,1692255539774,1693227804006,8,4,4
45134,1693227804006,1692255539778,1692255539782,1693227804014,8,4,4
45135,1693227804014,1692255539786,1692255539790,1693227804022,8,4,4
45136,1693227804022,1692255539794,1692255539796,1693227804028,6,2,4
45137,1693227804028,1692255539800,1692255539803,1693227804036,8,3,5
45138,1693227804036,1692255539808,1692255539814,1693227804046,10,6,4
45139,1693227804046,1692255539818,1692255539820,1693227804053,7,2,5
45140,1693227804053,1692255539825,1692255539828,1693227804061,8,3,5
45141,1693227804061,1692255539833,1692255539836,1693227804069,8,3,5
45142,1693227804069,1692255539840,1692255539843,1693227804075,6,3,3
45143,1693227804075,1692255539847,1692255539851,1693227804083,8,4,4
45144,1693227804083,1692255539855,1692255539858,1693227804090,7,3,4
45145,1693227804090,1692255539862,1692255539865,1693227804097,7,3,4
45146,1693227804097,1692255539869,1692255539872,1693227804104,7,3,4
45147,1693227804104,1692255539876,1692255539879,1693227804111,7,3,4
45148,1693227804111,1692255539883,1692255539886,1693227804118,7,3,4
45149,1693227804118,1692255539889,1692255539892,1693227804125,7,3,4
45150,1693227804125,1692255539897,1692255539900,1693227804132,7,3,4
45151,1693227804132,1692255539904,1692255539908,1693227804140,8,4,4
45152,1693227804141,1692255539914,1692255539917,1693227804149,8,3,5
45153,1693227804149,1692255539921,1692255539924,1693227804156,7,3,4
45154,1693227804156,1692255539929,1692255539932,1693227804165,9,3,6
45155,1693227804165,1692255539937,1692255539941,1693227804174,9,4,5
45156,1693227804174,1692255539946,1692255539950,1693227804182,8,4,4
45157,1693227804182,1692255539954,1692255539957,1693227804189,7,3,4
45158,1693227804189,1692255539961,1692255539964,1693227804196,7,3,4
45159,1693227804196,1692255539968,1692255539971,1693227804203,7,3,4
45160,1693227804203,1692255539975,1692255539978,1693227804211,8,3,5
45161,1693227804211,1692255539983,1692255539986,1693227804218,7,3,4
45162,1693227804218,1692255539990,1692255539993,1693227804225,7,3,4
45163,1693227804225,1692255539997,1692255540000,1693227804232,7,3,4
45164,1693227804232,1692255540005,1692255540009,1693227804242,10,4,6
45165,1693227804242,1692255540014,1692255540017,1693227804249,7,3,4
45166,1693227804249,1692255540021,1692255540024,1693227804258,9,3,6
45167,1693227804258,1692255540031,1692255540034,1693227804266,8,3,5
45168,1693227804266,1692255540038,1692255540041,1693227804273,7,3,4
45169,1693227804273,1692255540045,1692255540049,1693227804282,9,4,5
45170,1693227804282,1692255540054,1692255540057,1693227804290,8,3,5
45171,1693227804290,1692255540061,1692255540064,1693227804297,7,3,4
45172,1693227804297,1692255540069,1692255540071,1693227804304,7,2,5
45173,1693227804304,1692255540076,1692255540080,1693227804312,8,4,4
45174,1693227804312,1692255540084,1692255540088,1693227804321,9,4,5
45175,1693227804321,1692255540093,1692255540098,1693227804330,9,5,4
45176,1693227804330,1692255540103,1692255540106,1693227804339,9,3,6
45177,1693227804339,1692255540111,1692255540115,1693227804348,9,4,5
45178,1693227804348,1692255540120,1692255540123,1693227804355,7,3,4
45179,1693227804355,1692255540129,1692255540132,1693227804365,10,3,7
45180,1693227804365,1692255540139,1692255540142,1693227804374,9,3,6
45181,1693227804374,1692255540146,1692255540149,1693227804382,8,3,5
45182,1693227804382,1692255540154,1692255540156,1693227804389,7,2,5
45183,1693227804389,1692255540161,1692255540164,1693227804397,8,3,5
45184,1693227804397,1692255540168,1692255540172,1693227804404,7,4,3
45185,1693227804404,1692255540180,1692255540184,1693227804417,13,4,9
45186,1693227804417,1692255540190,1692255540194,1693227804426,9,4,5
45187,1693227804426,1692255540200,1692255540204,1693227804436,10,4,6
45188,1693227804436,1692255540208,1692255540212,1693227804444,8,4,4
45189,1693227804444,1692255540216,1692255540218,1693227804451,7,2,5
45190,1693227804451,1692255540223,1692255540227,1693227804459,8,4,4
45191,1693227804460,1692255540234,1692255540237,1693227804470,10,3,7
45192,1693227804470,1692255540242,1692255540245,1693227804478,8,3,5
45193,1693227804478,1692255540250,1692255540253,1693227804486,8,3,5
45194,1693227804486,1692255540259,1692255540263,1693227804496,10,4,6
45195,1693227804496,1692255540268,1692255540272,1693227804505,9,4,5
45196,1693227804505,1692255540276,1692255540280,1693227804512,7,4,3
45197,1693227804512,1692255540284,1692255540287,1693227804520,8,3,5
45198,1693227804520,1692255540292,1692255540296,1693227804528,8,4,4
45199,1693227804528,1692255540300,1692255540303,1693227804536,8,3,5
45200,1693227804536,1692255540308,1692255540312,1693227804544,8,4,4
45201,1693227804545,1692255540317,1692255540320,1693227804552,7,3,4
45202,1693227804552,1692255540324,1692255540327,1693227804560,8,3,5
45203,1693227804560,1692255540334,1692255540338,1693227804571,11,4,7
45204,1693227804571,1692255540343,1692255540347,1693227804579,8,4,4
45205,1693227804579,1692255540351,1692255540355,1693227804588,9,4,5
45206,1693227804588,1692255540360,1692255540363,1693227804596,8,3,5
45207,1693227804596,1692255540368,1692255540371,1693227804603,7,3,4
45208,1693227804604,1692255540375,1692255540378,1693227804611,7,3,4
45209,1693227804611,1692255540382,1692255540386,1693227804618,7,4,3
45210,1693227804618,1692255540391,1692255540394,1693227804626,8,3,5
45211,1693227804626,1692255540398,1692255540401,1693227804637,11,3,8
45212,1693227804637,1692255540430,1692255540435,1693227804667,30,5,25
45213,1693227804667,1692255540440,1692255540443,1693227804675,8,3,5
45214,1693227804675,1692255540447,1692255540451,1693227804683,8,4,4
45215,1693227804683,1692255540455,1692255540458,1693227804691,8,3,5
45216,1693227804691,1692255540463,1692255540466,1693227804700,9,3,6
45217,1693227804700,1692255540473,1692255540476,1693227804709,9,3,6
45218,1693227804709,1692255540481,1692255540485,1693227804717,8,4,4
45219,1693227804717,1692255540491,1692255540494,1693227804726,9,3,6
45220,1693227804726,1692255540498,1692255540501,1693227804734,8,3,5
45221,1693227804734,1692255540507,1692255540510,1693227804743,9,3,6
45222,1693227804743,1692255540515,1692255540518,1693227804751,8,3,5
45223,1693227804751,1692255540523,1692255540527,1693227804759,8,4,4
45224,1693227804759,1692255540530,1692255540534,1693227804767,8,4,4
45225,1693227804767,1692255540541,1692255540545,1693227804777,10,4,6
45226,1693227804777,1692255540549,1692255540553,1693227804787,10,4,6
45227,1693227804787,1692255540559,1692255540563,1693227804796,9,4,5
45228,1693227804796,1692255540568,1692255540572,1693227804805,9,4,5
45229,1693227804805,1692255540578,1692255540581,1693227804814,9,3,6
45230,1693227804814,1692255540586,1692255540590,1693227804822,8,4,4
45231,1693227804822,1692255540594,1692255540598,1693227804830,8,4,4
45232,1693227804830,1692255540602,1692255540605,1693227804838,8,3,5
45233,1693227804838,1692255540610,1692255540613,1693227804849,11,3,8
45234,1693227804849,1692255540620,1692255540624,1693227804856,7,4,3
45235,1693227804856,1692255540628,1692255540632,1693227804865,9,4,5
45236,1693227804865,1692255540637,1692255540640,1693227804872,7,3,4
45237,1693227804872,1692255540649,1692255540652,1693227804891,19,3,16
45238,1693227804891,1692255540670,1692255540674,1693227804907,16,4,12
45239,1693227804907,1692255540680,1692255540683,1693227804916,9,3,6
45240,1693227804916,1692255540687,1692255540691,1693227804923,7,4,3
45241,1693227804923,1692255540695,1692255540699,1693227804931,8,4,4
45242,1693227804931,1692255540702,1692255540706,1693227804938,7,4,3
45243,1693227804938,1692255540712,1692255540715,1693227804948,10,3,7
45244,1693227804948,1692255540720,1692255540723,1693227804955,7,3,4
45245,1693227804955,1692255540727,1692255540730,1693227804963,8,3,5
45246,1693227804963,1692255540735,1692255540739,1693227804974,11,4,7
45247,1693227804974,1692255540746,1692255540748,1693227804981,7,2,5
45248,1693227804981,1692255540754,1692255540759,1693227804991,10,5,5
45249,1693227804991,1692255540765,1692255540769,1693227805001,10,4,6
45250,1693227805002,1692255540774,1692255540778,1693227805011,9,4,5
45251,1693227805011,1692255540782,1692255540785,1693227805017,6,3,3
45252,1693227805018,1692255540789,1692255540793,1693227805025,7,4,3
45253,1693227805026,1692255540797,1692255540801,1693227805033,7,4,3
45254,1693227805033,1692255540805,1692255540808,1693227805041,8,3,5
45255,1693227805041,1692255540813,1692255540816,1693227805048,7,3,4
45256,1693227805048,1692255540820,1692255540823,1693227805056,8,3,5
45257,1693227805056,1692255540827,1692255540831,1693227805063,7,4,3
45258,1693227805063,1692255540835,1692255540838,1693227805070,7,3,4
45259,1693227805070,1692255540842,1692255540846,1693227805078,8,4,4
45260,1693227805078,1692255540850,1692255540853,1693227805086,8,3,5
45261,1693227805086,1692255540858,1692255540863,1693227805095,9,5,4
45262,1693227805096,1692255540867,1692255540870,1693227805102,6,3,3
45263,1693227805102,1692255540874,1692255540877,1693227805109,7,3,4
45264,1693227805109,1692255540884,1692255540888,1693227805120,11,4,7
45265,1693227805120,1692255540892,1692255540895,1693227805128,8,3,5
45266,1693227805128,1692255540900,1692255540904,1693227805136,8,4,4
45267,1693227805136,1692255540908,1692255540912,1693227805145,9,4,5
45268,1693227805145,1692255540920,1692255540923,1693227805156,11,3,8
45269,1693227805156,1692255540928,1692255540931,1693227805164,8,3,5
45270,1693227805164,1692255540936,1692255540940,1693227805172,8,4,4
45271,1693227805172,1692255540949,1692255540952,1693227805185,13,3,10
45272,1693227805185,1692255540956,1692255540960,1693227805192,7,4,3
45273,1693227805192,1692255540964,1692255540966,1693227805199,7,2,5
45274,1693227805199,1692255540971,1692255540973,1693227805206,7,2,5
45275,1693227805207,1692255540978,1692255540982,1693227805215,8,4,4
45276,1693227805215,1692255540987,1692255540990,1693227805222,7,3,4
45277,1693227805222,1692255540994,1692255540998,1693227805230,8,4,4
45278,1693227805230,1692255541002,1692255541006,1693227805238,8,4,4
45279,1693227805238,1692255541010,1692255541013,1693227805245,7,3,4
45280,1693227805245,1692255541017,1692255541020,1693227805253,8,3,5
45281,1693227805253,1692255541025,1692255541028,1693227805261,8,3,5
45282,1693227805261,1692255541033,1692255541036,1693227805268,7,3,4
45283,1693227805268,1692255541040,1692255541043,1693227805275,7,3,4
45284,1693227805275,1692255541047,1692255541051,1693227805284,9,4,5
45285,1693227805284,1692255541056,1692255541059,1693227805292,8,3,5
45286,1693227805292,1692255541064,1692255541067,1693227805300,8,3,5
45287,1693227805300,1692255541072,1692255541076,1693227805308,8,4,4
45288,1693227805308,1692255541080,1692255541084,1693227805316,8,4,4
45289,1693227805316,1692255541088,1692255541091,1693227805324,8,3,5
45290,1693227805324,1692255541096,1692255541099,1693227805332,8,3,5
45291,1693227805332,1692255541104,1692255541107,1693227805339,7,3,4
45292,1693227805339,1692255541112,1692255541115,1693227805347,8,3,5
45293,1693227805347,1692255541119,1692255541122,1693227805354,7,3,4
45294,1693227805355,1692255541126,1692255541129,1693227805361,6,3,3
45295,1693227805361,1692255541134,1692255541137,1693227805369,8,3,5
45296,1693227805369,1692255541141,1692255541144,1693227805377,8,3,5
45297,1693227805377,1692255541149,1692255541151,1693227805384,7,2,5
45298,1693227805384,1692255541156,1692255541159,1693227805391,7,3,4
45299,1693227805391,1692255541163,1692255541167,1693227805399,8,4,4
45300,1693227805399,1692255541171,1692255541174,1693227805407,8,3,5
45301,1693227805407,1692255541185,1692255541188,1693227805421,14,3,11
45302,1693227805421,1692255541193,1692255541197,1693227805429,8,4,4
45303,1693227805429,1692255541201,1692255541204,1693227805436,7,3,4
45304,1693227805436,1692255541208,1692255541212,1693227805444,8,4,4
45305,1693227805444,1692255541215,1692255541218,1693227805451,7,3,4
45306,1693227805451,1692255541223,1692255541227,1693227805460,9,4,5
45307,1693227805460,1692255541232,1692255541234,1693227805467,7,2,5
45308,1693227805467,1692255541238,1692255541241,1693227805474,7,3,4
45309,1693227805474,1692255541246,1692255541249,1693227805481,7,3,4
45310,1693227805481,1692255541256,1692255541259,1693227805492,11,3,8
45311,1693227805492,1692255541264,1692255541268,1693227805500,8,4,4
45312,1693227805500,1692255541272,1692255541275,1693227805508,8,3,5
45313,1693227805508,1692255541279,1692255541282,1693227805515,7,3,4
45314,1693227805515,1692255541287,1692255541290,1693227805523,8,3,5
45315,1693227805523,1692255541295,1692255541299,1693227805531,8,4,4
45316,1693227805531,1692255541303,1692255541307,1693227805540,9,4,5
45317,1693227805540,1692255541312,1692255541315,1693227805547,7,3,4
45318,1693227805547,1692255541319,1692255541322,1693227805555,8,3,5
45319,1693227805555,1692255541326,1692255541330,1693227805563,8,4,4
45320,1693227805563,1692255541337,1692255541340,1693227805573,10,3,7
45321,1693227805573,1692255541345,1692255541350,1693227805582,9,5,4
45322,1693227805583,1692255541355,1692255541358,1693227805590,7,3,4
45323,1693227805590,1692255541362,1692255541365,1693227805598,8,3,5
45324,1693227805598,1692255541370,1692255541373,1693227805605,7,3,4
45325,1693227805605,1692255541378,1692255541381,1693227805614,9,3,6
45326,1693227805614,1692255541386,1692255541390,1693227805622,8,4,4
45327,1693227805622,1692255541395,1692255541398,1693227805631,9,3,6
45328,1693227805631,1692255541403,1692255541406,1693227805639,8,3,5
45329,1693227805639,1692255541411,1692255541413,1693227805646,7,2,5
45330,1693227805646,1692255541426,1692255541429,1693227805665,19,3,16
45331,1693227805665,1692255541438,1692255541442,1693227805674,9,4,5
45332,1693227805674,1692255541446,1692255541449,1693227805681,7,3,4
45333,1693227805681,1692255541453,1692255541456,1693227805691,10,3,7
45334,1693227805691,1692255541463,1692255541467,1693227805699,8,4,4
45335,1693227805699,1692255541471,1692255541474,1693227805707,8,3,5
45336,1693227805707,1692255541479,1692255541482,1693227805715,8,3,5
45337,1693227805715,1692255541487,1692255541490,1693227805725,10,3,7
45338,1693227805725,1692255541497,1692255541500,1693227805733,8,3,5
45339,1693227805733,1692255541505,1692255541508,1693227805741,8,3,5
45340,1693227805741,1692255541513,1692255541516,1693227805748,7,3,4
45341,1693227805748,1692255541520,1692255541524,1693227805756,8,4,4
45342,1693227805756,1692255541528,1692255541531,1693227805763,7,3,4
45343,1693227805763,1692255541535,1692255541538,1693227805770,7,3,4
45344,1693227805770,1692255541542,1692255541546,1693227805778,8,4,4
45345,1693227805778,1692255541551,1692255541554,1693227805787,9,3,6
45346,1693227805787,1692255541559,1692255541563,1693227805796,9,4,5
45347,1693227805796,1692255541568,1692255541571,1693227805803,7,3,4
45348,1693227805803,1692255541575,1692255541579,1693227805812,9,4,5
45349,1693227805812,1692255541584,1692255541586,1693227805819,7,2,5
45350,1693227805819,1692255541591,1692255541594,1693227805827,8,3,5
45351,1693227805827,1692255541598,1692255541601,1693227805834,7,3,4
45352,1693227805834,1692255541606,1692255541609,1693227805841,7,3,4
45353,1693227805841,1692255541613,1692255541617,1693227805849,8,4,4
45354,1693227805849,1692255541621,1692255541624,1693227805856,7,3,4
45355,1693227805856,1692255541629,1692255541632,1693227805864,8,3,5
45356,1693227805864,1692255541640,1692255541644,1693227805876,12,4,8
45357,1693227805876,1692255541648,1692255541651,1693227805884,8,3,5
45358,1693227805884,1692255541655,1692255541659,1693227805892,8,4,4
45359,1693227805892,1692255541666,1692255541669,1693227805902,10,3,7
45360,1693227805902,1692255541674,1692255541677,1693227805910,8,3,5
45361,1693227805910,1692255541682,1692255541685,1693227805917,7,3,4
45362,1693227805917,1692255541689,1692255541692,1693227805925,8,3,5
45363,1693227805925,1692255541698,1692255541701,1693227805933,8,3,5
45364,1693227805933,1692255541705,1692255541709,1693227805941,8,4,4
45365,1693227805941,1692255541713,1692255541716,1693227805949,8,3,5
45366,1693227805949,1692255541721,1692255541724,1693227805957,8,3,5
45367,1693227805957,1692255541729,1692255541732,1693227805964,7,3,4
45368,1693227805964,1692255541736,1692255541739,1693227805972,8,3,5
45369,1693227805972,1692255541744,1692255541748,1693227805980,8,4,4
45370,1693227805980,1692255541752,1692255541755,1693227805987,7,3,4
45371,1693227805987,1692255541759,1692255541763,1693227805995,8,4,4
45372,1693227805995,1692255541768,1692255541772,1693227806004,9,4,5
45373,1693227806004,1692255541776,1692255541779,1693227806012,8,3,5
45374,1693227806012,1692255541783,1692255541786,1693227806018,6,3,3
45375,1693227806018,1692255541790,1692255541795,1693227806028,10,5,5
45376,1693227806028,1692255541800,1692255541803,1693227806036,8,3,5
45377,1693227806036,1692255541808,1692255541811,1693227806043,7,3,4
45378,1693227806043,1692255541815,1692255541818,1693227806051,8,3,5
45379,1693227806051,1692255541823,1692255541827,1693227806059,8,4,4
45380,1693227806059,1692255541831,1692255541834,1693227806066,7,3,4
45381,1693227806066,1692255541838,1692255541842,1693227806074,8,4,4
45382,1693227806074,1692255541846,1692255541849,1693227806082,8,3,5
45383,1693227806082,1692255541854,1692255541857,1693227806090,8,3,5
45384,1693227806090,1692255541861,1692255541864,1693227806097,7,3,4
45385,1693227806097,1692255541874,1692255541878,1693227806111,14,4,10
45386,1693227806111,1692255541883,1692255541885,1693227806118,7,2,5
45387,1693227806118,1692255541890,1692255541893,1693227806126,8,3,5
45388,1693227806126,1692255541898,1692255541901,1693227806134,8,3,5
45389,1693227806134,1692255541906,1692255541908,1693227806141,7,2,5
45390,1693227806141,1692255541912,1692255541915,1693227806148,7,3,4
45391,1693227806148,1692255541921,1692255541925,1693227806158,10,4,6
45392,1693227806158,1692255541930,1692255541932,1693227806165,7,2,5
45393,1693227806165,1692255541936,1692255541939,1693227806171,6,3,3
45394,1693227806171,1692255541943,1692255541948,1693227806180,9,5,4
45395,1693227806180,1692255541953,1692255541956,1693227806188,8,3,5
45396,1693227806188,1692255541960,1692255541964,1693227806197,9,4,5
45397,1693227806197,1692255541968,1692255541971,1693227806203,6,3,3
45398,1693227806203,1692255541976,1692255541979,1693227806211,8,3,5
45399,1693227806211,1692255541983,1692255541986,1693227806219,8,3,5
45400,1693227806219,1692255541991,1692255541994,1693227806226,7,3,4
45401,1693227806226,1692255541997,1692255542000,1693227806233,7,3,4
45402,1693227806233,1692255542005,1692255542008,1693227806241,8,3,5
45403,1693227806241,1692255542013,1692255542016,1693227806249,8,3,5
45404,1693227806249,1692255542020,1692255542023,1693227806256,7,3,4
45405,1693227806256,1692255542028,1692255542032,1693227806264,8,4,4
45406,1693227806264,1692255542036,1692255542039,1693227806272,8,3,5
45407,1693227806272,1692255542044,1692255542047,1693227806280,8,3,5
45408,1693227806280,1692255542051,1692255542055,1693227806287,7,4,3
45409,1693227806287,1692255542059,1692255542062,1693227806295,8,3,5
45410,1693227806295,1692255542068,1692255542071,1693227806305,10,3,7
45411,1693227806306,1692255542078,1692255542081,1693227806314,8,3,5
45412,1693227806314,1692255542086,1692255542089,1693227806321,7,3,4
45413,1693227806321,1692255542093,1692255542096,1693227806329,8,3,5
45414,1693227806329,1692255542101,1692255542104,1693227806337,8,3,5
45415,1693227806337,1692255542109,1692255542112,1693227806344,7,3,4
45416,1693227806344,1692255542115,1692255542119,1693227806351,7,4,3
45417,1693227806351,1692255542123,1692255542127,1693227806359,8,4,4
45418,1693227806359,1692255542131,1692255542135,1693227806367,8,4,4
45419,1693227806368,1692255542139,1692255542142,1693227806375,7,3,4
45420,1693227806375,1692255542146,1692255542149,1693227806382,7,3,4
45421,1693227806382,1692255542154,1692255542157,1693227806390,8,3,5
45422,1693227806390,1692255542162,1692255542165,1693227806398,8,3,5
45423,1693227806398,1692255542170,1692255542173,1693227806408,10,3,7
45424,1693227806408,1692255542180,1692255542183,1693227806416,8,3,5
45425,1693227806416,1692255542192,1692255542195,1693227806427,11,3,8
45426,1693227806427,1692255542203,1692255542206,1693227806438,11,3,8
45427,1693227806438,1692255542210,1692255542214,1693227806446,8,4,4
45428,1693227806447,1692255542218,1692255542221,1693227806453,6,3,3
45429,1693227806453,1692255542225,1692255542228,1693227806461,8,3,5
45430,1693227806461,1692255542233,1692255542236,1693227806468,7,3,4
45431,1693227806468,1692255542240,1692255542245,1693227806478,10,5,5
45432,1693227806478,1692255542250,1692255542253,1693227806487,9,3,6
45433,1693227806487,1692255542259,1692255542262,1693227806495,8,3,5
45434,1693227806495,1692255542267,1692255542270,1693227806502,7,3,4
45435,1693227806502,1692255542274,1692255542278,1693227806510,8,4,4
45436,1693227806510,1692255542282,1692255542285,1693227806517,7,3,4
45437,1693227806517,1692255542289,1692255542292,1693227806524,7,3,4
45438,1693227806525,1692255542296,1692255542300,1693227806532,7,4,3
45439,1693227806532,1692255542304,1692255542307,1693227806540,8,3,5
45440,1693227806540,1692255542311,1692255542315,1693227806547,7,4,3
45441,1693227806547,1692255542319,1692255542323,1693227806555,8,4,4
45442,1693227806555,1692255542328,1692255542331,1693227806564,9,3,6
45443,1693227806564,1692255542336,1692255542338,1693227806571,7,2,5
45444,1693227806571,1692255542343,1692255542346,1693227806578,7,3,4
45445,1693227806578,1692255542350,1692255542354,1693227806586,8,4,4
45446,1693227806586,1692255542359,1692255542363,1693227806595,9,4,5
45447,1693227806595,1692255542367,1692255542370,1693227806603,8,3,5
45448,1693227806603,1692255542375,1692255542379,1693227806613,10,4,6
45449,1693227806613,1692255542391,1692255542394,1693227806626,13,3,10
45450,1693227806626,1692255542398,1692255542401,1693227806634,8,3,5
45451,1693227806634,1692255542406,1692255542409,1693227806642,8,3,5
45452,1693227806642,1692255542414,1692255542418,1693227806650,8,4,4
45453,1693227806650,1692255542422,1692255542425,1693227806658,8,3,5
45454,1693227806658,1692255542430,1692255542433,1693227806666,8,3,5
45455,1693227806666,1692255542438,1692255542442,1693227806674,8,4,4
45456,1693227806674,1692255542447,1692255542450,1693227806682,8,3,5
45457,1693227806682,1692255542454,1692255542457,1693227806690,8,3,5
45458,1693227806690,1692255542462,1692255542466,1693227806698,8,4,4
45459,1693227806698,1692255542470,1692255542473,1693227806706,8,3,5
45460,1693227806706,1692255542478,1692255542481,1693227806715,9,3,6
45461,1693227806715,1692255542488,1692255542491,1693227806724,9,3,6
45462,1693227806724,1692255542496,1692255542499,1693227806732,8,3,5
45463,1693227806732,1692255542503,1692255542507,1693227806740,8,4,4
45464,1693227806740,1692255542513,1692255542516,1693227806749,9,3,6
45465,1693227806749,1692255542521,1692255542524,1693227806757,8,3,5
45466,1693227806757,1692255542529,1692255542532,1693227806765,8,3,5
45467,1693227806765,1692255542537,1692255542540,1693227806773,8,3,5
45468,1693227806773,1692255542545,1692255542549,1693227806781,8,4,4
45469,1693227806781,1692255542555,1692255542558,1693227806791,10,3,7
45470,1693227806791,1692255542564,1692255542567,1693227806800,9,3,6
45471,1693227806800,1692255542573,1692255542576,1693227806808,8,3,5
45472,1693227806808,1692255542581,1692255542584,1693227806818,10,3,7
45473,1693227806818,1692255542589,1692255542592,1693227806824,6,3,3
45474,1693227806824,1692255542597,1692255542600,1693227806833,9,3,6
45475,1693227806833,1692255542605,1692255542608,1693227806840,7,3,4
45476,1693227806840,1692255542613,1692255542616,1693227806848,8,3,5
45477,1693227806849,1692255542620,1692255542624,1693227806856,7,4,3
45478,1693227806856,1692255542628,1692255542632,1693227806864,8,4,4
45479,1693227806864,1692255542635,1692255542639,1693227806871,7,4,3
45480,1693227806871,1692255542643,1692255542646,1693227806879,8,3,5
45481,1693227806879,1692255542651,1692255542654,1693227806887,8,3,5
45482,1693227806887,1692255542659,1692255542662,1693227806895,8,3,5
45483,1693227806895,1692255542667,1692255542670,1693227806902,7,3,4
45484,1693227806902,1692255542674,1692255542677,1693227806909,7,3,4
45485,1693227806909,1692255542681,1692255542684,1693227806917,8,3,5
45486,1693227806917,1692255542692,1692255542695,1693227806927,10,3,7
45487,1693227806927,1692255542699,1692255542703,1693227806935,8,4,4
45488,1693227806935,1692255542707,1692255542710,1693227806942,7,3,4
45489,1693227806942,1692255542714,1692255542717,1693227806949,7,3,4
45490,1693227806950,1692255542721,1692255542724,1693227806957,7,3,4
45491,1693227806957,1692255542729,1692255542733,1693227806965,8,4,4
45492,1693227806965,1692255542738,1692255542741,1693227806974,9,3,6
45493,1693227806974,1692255542746,1692255542749,1693227806981,7,3,4
45494,1693227806981,1692255542754,1692255542757,1693227806989,8,3,5
45495,1693227806989,1692255542760,1692255542764,1693227806996,7,4,3
45496,1693227806996,1692255542768,1692255542772,1693227807004,8,4,4
45497,1693227807004,1692255542776,1692255542779,1693227807012,8,3,5
45498,1693227807012,1692255542783,1692255542786,1693227807019,7,3,4
45499,1693227807019,1692255542793,1692255542796,1693227807029,10,3,7
45500,1693227807029,1692255542801,1692255542804,1693227807037,8,3,5
45501,1693227807037,1692255542809,1692255542812,1693227807044,7,3,4
45502,1693227807044,1692255542816,1692255542819,1693227807052,8,3,5
45503,1693227807052,1692255542823,1692255542827,1693227807060,8,4,4
45504,1693227807060,1692255542832,1692255542835,1693227807067,7,3,4
45505,1693227807067,1692255542839,1692255542844,1693227807076,9,5,4
45506,1693227807076,1692255542847,1692255542850,1693227807083,7,3,4
45507,1693227807083,1692255542854,1692255542857,1693227807089,6,3,3
45508,1693227807089,1692255542861,1692255542865,1693227807097,8,4,4
45509,1693227807097,1692255542869,1692255542873,1693227807105,8,4,4
45510,1693227807105,1692255542877,1692255542880,1693227807113,8,3,5
45511,1693227807113,1692255542884,1692255542887,1693227807120,7,3,4
45512,1693227807120,1692255542894,1692255542897,1693227807130,10,3,7
45513,1693227807130,1692255542902,1692255542905,1693227807137,7,3,4
45514,1693227807137,1692255542909,1692255542912,1693227807145,8,3,5
45515,1693227807145,1692255542917,1692255542921,1693227807153,8,4,4
45516,1693227807153,1692255542926,1692255542928,1693227807161,8,2,6
45517,1693227807161,1692255542933,1692255542936,1693227807168,7,3,4
45518,1693227807168,1692255542940,1692255542944,1693227807176,8,4,4
45519,1693227807176,1692255542948,1692255542951,1693227807184,8,3,5
45520,1693227807184,1692255542956,1692255542959,1693227807192,8,3,5
45521,1693227807192,1692255542964,1692255542968,1693227807200,8,4,4
45522,1693227807200,1692255542973,1692255542976,1693227807209,9,3,6
45523,1693227807209,1692255542980,1692255542983,1693227807216,7,3,4
45524,1693227807216,1692255542988,1692255542991,1693227807223,7,3,4
45525,1693227807223,1692255542997,1692255543001,1693227807233,10,4,6
45526,1693227807233,1692255543005,1692255543008,1693227807240,7,3,4
45527,1693227807240,1692255543012,1692255543015,1693227807248,8,3,5
45528,1693227807248,1692255543019,1692255543022,1693227807254,6,3,3
45529,1693227807254,1692255543026,1692255543029,1693227807261,7,3,4
45530,1693227807261,1692255543033,1692255543036,1693227807268,7,3,4
45531,1693227807268,1692255543040,1692255543044,1693227807276,8,4,4
45532,1693227807276,1692255543047,1692255543050,1693227807282,6,3,3
45533,1693227807282,1692255543054,1692255543058,1693227807289,7,4,3
45534,1693227807289,1692255543061,1692255543064,1693227807296,7,3,4
45535,1693227807296,1692255543068,1692255543071,1693227807303,7,3,4
45536,1693227807303,1692255543076,1692255543079,1693227807338,35,3,32
45537,1693227807338,1692255543110,1692255543114,1693227807346,8,4,4
45538,1693227807346,1692255543118,1692255543121,1693227807360,14,3,11
45539,1693227807360,1692255543134,1692255543137,1693227807370,10,3,7
45540,1693227807370,1692255543143,1692255543146,1693227807392,22,3,19
45541,1693227807392,1692255543163,1692255543166,1693227807398,6,3,3
45542,1693227807398,1692255543170,1692255543175,1693227807408,10,5,5
45543,1693227807409,1692255543181,1692255543185,1693227807418,9,4,5
45544,1693227807418,1692255543191,1692255543195,1693227807428,10,4,6
45545,1693227807428,1692255543205,1692255543209,1693227807445,17,4,13
45546,1693227807445,1692255543218,1692255543221,1693227807454,9,3,6
45547,1693227807454,1692255543227,1692255543230,1693227807466,12,3,9
45548,1693227807466,1692255543239,1692255543243,1693227807477,11,4,7
45549,1693227807477,1692255543250,1692255543253,1693227807487,10,3,7
45550,1693227807487,1692255543272,1692255543275,1693227807509,22,3,19
45551,1693227807509,1692255543281,1692255543285,1693227807517,8,4,4
45552,1693227807517,1692255543290,1692255543294,1693227807527,10,4,6
45553,1693227807527,1692255543299,1692255543303,1693227807535,8,4,4
45554,1693227807535,1692255543307,1692255543310,1693227807543,8,3,5
45555,1693227807543,1692255543318,1692255543320,1693227807553,10,2,8
45556,1693227807553,1692255543330,1692255543333,1693227807565,12,3,9
45557,1693227807565,1692255543338,1692255543341,1693227807573,8,3,5
45558,1693227807574,1692255543346,1692255543349,1693227807581,7,3,4
45559,1693227807581,1692255543353,1692255543356,1693227807588,7,3,4
45560,1693227807588,1692255543361,1692255543364,1693227807598,10,3,7
45561,1693227807598,1692255543370,1692255543373,1693227807608,10,3,7
45562,1693227807608,1692255543380,1692255543384,1693227807616,8,4,4
45563,1693227807616,1692255543391,1692255543394,1693227807627,11,3,8
45564,1693227807627,1692255543399,1692255543403,1693227807638,11,4,7
45565,1693227807638,1692255543414,1692255543417,1693227807650,12,3,9
45566,1693227807650,1692255543422,1692255543426,1693227807659,9,4,5
45567,1693227807659,1692255543431,1692255543434,1693227807667,8,3,5
45568,1693227807667,1692255543440,1692255543443,1693227807676,9,3,6
45569,1693227807676,1692255543447,1692255543450,1693227807682,6,3,3
45570,1693227807682,1692255543454,1692255543458,1693227807690,8,4,4
45571,1693227807690,1692255543462,1692255543466,1693227807699,9,4,5
45572,1693227807699,1692255543470,1692255543474,1693227807706,7,4,3
45573,1693227807706,1692255543478,1692255543481,1693227807714,8,3,5
45574,1693227807714,1692255543491,1692255543494,1693227807727,13,3,10
45575,1693227807727,1692255543499,1692255543503,1693227807735,8,4,4
45576,1693227807735,1692255543509,1692255543513,1693227807745,10,4,6
45577,1693227807745,1692255543517,1692255543520,1693227807753,8,3,5
45578,1693227807753,1692255543525,1692255543531,1693227807763,10,6,4
45579,1693227807763,1692255543536,1692255543540,1693227807772,9,4,5
45580,1693227807772,1692255543544,1692255543548,1693227807780,8,4,4
45581,1693227807780,1692255543554,1692255543557,1693227807789,9,3,6
45582,1693227807789,1692255543561,1692255543564,1693227807796,7,3,4
45583,1693227807796,1692255543568,1692255543571,1693227807804,8,3,5
45584,1693227807804,1692255543575,1692255543579,1693227807811,7,4,3
45585,1693227807811,1692255543582,1692255543586,1693227807822,11,4,7
45586,1693227807822,1692255543594,1692255543598,1693227807830,8,4,4
45587,1693227807830,1692255543602,1692255543606,1693227807839,9,4,5
45588,1693227807839,1692255543612,1692255543615,1693227807847,8,3,5
45589,1693227807847,1692255543619,1692255543622,1693227807854,7,3,4
45590,1693227807854,1692255543627,1692255543630,1693227807863,9,3,6
45591,1693227807863,1692255543635,1692255543638,1693227807871,8,3,5
45592,1693227807871,1692255543642,1692255543645,1693227807878,7,3,4
45593,1693227807878,1692255543650,1692255543652,1693227807885,7,2,5
45594,1693227807885,1692255543657,1692255543661,1693227807893,8,4,4
45595,1693227807893,1692255543665,1692255543668,1693227807900,7,3,4
45596,1693227807900,1692255543672,1692255543675,1693227807907,7,3,4
45597,1693227807907,1692255543679,1692255543683,1693227807915,8,4,4
45598,1693227807915,1692255543687,1692255543690,1693227807922,7,3,4
45599,1693227807923,1692255543697,1692255543700,1693227807932,9,3,6
45600,1693227807932,1692255543704,1692255543707,1693227807940,8,3,5
45601,1693227807940,1692255543714,1692255543717,1693227807950,10,3,7
45602,1693227807950,1692255543721,1692255543724,1693227807957,7,3,4
45603,1693227807957,1692255543729,1692255543732,1693227807965,8,3,5
45604,1693227807965,1692255543737,1692255543740,1693227807972,7,3,4
45605,1693227807972,1692255543744,1692255543747,1693227807979,7,3,4
45606,1693227807979,1692255543751,1692255543753,1693227807986,7,2,5
45607,1693227807986,1692255543758,1692255543762,1693227807994,8,4,4
45608,1693227807994,1692255543766,1692255543769,1693227808002,8,3,5
45609,1693227808002,1692255543774,1692255543777,1693227808009,7,3,4
45610,1693227808009,1692255543781,1692255543783,1693227808016,7,2,5
45611,1693227808016,1692255543788,1692255543790,1693227808023,7,2,5
45612,1693227808023,1692255543796,1692255543799,1693227808032,9,3,6
45613,1693227808032,1692255543803,1692255543807,1693227808039,7,4,3
45614,1693227808039,1692255543811,1692255543814,1693227808047,8,3,5
45615,1693227808047,1692255543819,1692255543823,1693227808056,9,4,5
45616,1693227808056,1692255543827,1692255543831,1693227808064,8,4,4
45617,1693227808064,1692255543836,1692255543839,1693227808071,7,3,4
45618,1693227808071,1692255543843,1692255543847,1693227808080,9,4,5
45619,1693227808080,1692255543852,1692255543855,1693227808088,8,3,5
45620,1693227808088,1692255543860,1692255543863,1693227808095,7,3,4
45621,1693227808095,1692255543867,1692255543869,1693227808102,7,2,5
45622,1693227808102,1692255543874,1692255543880,1693227808112,10,6,4
45623,1693227808112,1692255543890,1692255543894,1693227808127,15,4,11
45624,1693227808127,1692255543899,1692255543903,1693227808135,8,4,4
45625,1693227808135,1692255543907,1692255543911,1693227808143,8,4,4
45626,1693227808143,1692255543915,1692255543919,1693227808151,8,4,4
45627,1693227808151,1692255543924,1692255543928,1693227808161,10,4,6
45628,1693227808161,1692255543932,1692255543936,1693227808168,7,4,3
45629,1693227808168,1692255543940,1692255543944,1693227808176,8,4,4
45630,1693227808176,1692255543948,1692255543951,1693227808183,7,3,4
45631,1693227808183,1692255543954,1692255543958,1693227808190,7,4,3
45632,1693227808190,1692255543962,1692255543966,1693227808199,9,4,5
45633,1693227808199,1692255543971,1692255543974,1693227808207,8,3,5
45634,1693227808207,1692255543978,1692255543982,1693227808214,7,4,3
45635,1693227808214,1692255543987,1692255543990,1693227808223,9,3,6
45636,1693227808223,1692255543994,1692255543998,1693227808230,7,4,3
45637,1693227808230,1692255544002,1692255544006,1693227808238,8,4,4
45638,1693227808238,1692255544015,1692255544018,1693227808252,14,3,11
45639,1693227808252,1692255544027,1692255544030,1693227808264,12,3,9
45640,1693227808264,1692255544036,1692255544039,1693227808271,7,3,4
45641,1693227808272,1692255544043,1692255544047,1693227808279,7,4,3
45642,1693227808279,1692255544051,1692255544054,1693227808287,8,3,5
45643,1693227808287,1692255544059,1692255544062,1693227808294,7,3,4
45644,1693227808294,1692255544066,1692255544069,1693227808302,8,3,5
45645,1693227808302,1692255544074,1692255544078,1693227808311,9,4,5
45646,1693227808311,1692255544083,1692255544087,1693227808320,9,4,5
45647,1693227808320,1692255544093,1692255544096,1693227808329,9,3,6
45648,1693227808329,1692255544102,1692255544105,1693227808337,8,3,5
45649,1693227808337,1692255544109,1692255544112,1693227808345,8,3,5
45650,1693227808345,1692255544117,1692255544120,1693227808353,8,3,5
45651,1693227808353,1692255544125,1692255544129,1693227808362,9,4,5
45652,1693227808362,1692255544134,1692255544137,1693227808369,7,3,4
45653,1693227808369,1692255544142,1692255544145,1693227808378,9,3,6
45654,1693227808378,1692255544150,1692255544153,1693227808385,7,3,4
45655,1693227808385,1692255544157,1692255544160,1693227808392,7,3,4
45656,1693227808392,1692255544164,1692255544168,1693227808400,8,4,4
45657,1693227808400,1692255544172,1692255544175,1693227808408,8,3,5
45658,1693227808408,1692255544180,1692255544183,1693227808415,7,3,4
45659,1693227808415,1692255544187,1692255544190,1693227808422,7,3,4
45660,1693227808422,1692255544194,1692255544197,1693227808433,11,3,8
45661,1693227808433,1692255544205,1692255544208,1693227808440,7,3,4
45662,1693227808440,1692255544212,1692255544216,1693227808449,9,4,5
45663,1693227808449,1692255544221,1692255544223,1693227808456,7,2,5
45664,1693227808456,1692255544227,1692255544231,1693227808463,7,4,3
45665,1693227808463,1692255544235,1692255544238,1693227808471,8,3,5
45666,1693227808471,1692255544243,1692255544247,1693227808479,8,4,4
45667,1693227808479,1692255544252,1692255544255,1693227808487,8,3,5
45668,1693227808487,1692255544259,1692255544262,1693227808495,8,3,5
45669,1693227808495,1692255544268,1692255544272,1693227808504,9,4,5
45670,1693227808504,1692255544276,1692255544280,1693227808512,8,4,4
45671,1693227808512,1692255544284,1692255544288,1693227808521,9,4,5
45672,1693227808521,1692255544293,1692255544296,1693227808529,8,3,5
45673,1693227808529,1692255544301,1692255544303,1693227808536,7,2,5
45674,1693227808536,1692255544307,1692255544310,1693227808542,6,3,3
45675,1693227808542,1692255544314,1692255544317,1693227808549,7,3,4
45676,1693227808549,1692255544321,1692255544324,1693227808558,9,3,6
45677,1693227808558,1692255544330,1692255544334,1693227808566,8,4,4
45678,1693227808566,1692255544339,1692255544342,1693227808575,9,3,6
45679,1693227808575,1692255544347,1692255544350,1693227808583,8,3,5
45680,1693227808583,1692255544355,1692255544358,1693227808591,8,3,5
45681,1693227808591,1692255544363,1692255544365,1693227808598,7,2,5
45682,1693227808598,1692255544369,1692255544372,1693227808605,7,3,4
45683,1693227808605,1692255544377,1692255544381,1693227808613,8,4,4
45684,1693227808613,1692255544385,1692255544388,1693227808620,7,3,4
45685,1693227808620,1692255544392,1692255544395,1693227808628,8,3,5
45686,1693227808628,1692255544400,1692255544403,1693227808636,8,3,5
45687,1693227808636,1692255544409,1692255544413,1693227808648,12,4,8
45688,1693227808648,1692255544420,1692255544425,1693227808657,9,5,4
45689,1693227808657,1692255544432,1692255544435,1693227808667,10,3,7
45690,1693227808667,1692255544439,1692255544442,1693227808674,7,3,4
45691,1693227808674,1692255544446,1692255544449,1693227808682,8,3,5
45692,1693227808682,1692255544454,1692255544457,1693227808689,7,3,4
45693,1693227808689,1692255544461,1692255544464,1693227808697,8,3,5
45694,1693227808697,1692255544469,1692255544472,1693227808704,7,3,4
45695,1693227808704,1692255544476,1692255544479,1693227808712,8,3,5
45696,1693227808712,1692255544485,1692255544488,1693227808721,9,3,6
45697,1693227808721,1692255544494,1692255544497,1693227808729,8,3,5
45698,1693227808729,1692255544500,1692255544503,1693227808735,6,3,3
45699,1693227808735,1692255544507,1692255544511,1693227808743,8,4,4
45700,1693227808743,1692255544515,1692255544518,1693227808750,7,3,4
45701,1693227808750,1692255544522,1692255544525,1693227808758,8,3,5
45702,1693227808758,1692255544530,1692255544533,1693227808765,7,3,4
45703,1693227808765,1692255544537,1692255544540,1693227808773,8,3,5
45704,1693227808773,1692255544545,1692255544548,1693227808781,8,3,5
45705,1693227808781,1692255544552,1692255544555,1693227808789,8,3,5
45706,1693227808789,1692255544562,1692255544565,1693227808797,8,3,5
45707,1693227808797,1692255544569,1692255544573,1693227808805,8,4,4
45708,1693227808805,1692255544577,1692255544580,1693227808812,7,3,4
45709,1693227808812,1692255544585,1692255544588,1693227808820,8,3,5
45710,1693227808820,1692255544592,1692255544595,1693227808828,8,3,5
45711,1693227808828,1692255544600,1692255544603,1693227808836,8,3,5
45712,1693227808836,1692255544607,1692255544610,1693227808843,7,3,4
45713,1693227808843,1692255544614,1692255544618,1693227808853,10,4,6
45714,1693227808853,1692255544625,1692255544628,1693227808860,7,3,4
45715,1693227808860,1692255544632,1692255544635,1693227808867,7,3,4
45716,1693227808867,1692255544639,1692255544643,1693227808875,8,4,4
45717,1693227808875,1692255544649,1692255544653,1693227808885,10,4,6
45718,1693227808885,1692255544658,1692255544661,1693227808894,9,3,6
45719,1693227808894,1692255544666,1692255544668,1693227808901,7,2,5
45720,1693227808901,1692255544673,1692255544676,1693227808909,8,3,5
45721,1693227808909,1692255544681,1692255544684,1693227808916,7,3,4
45722,1693227808916,1692255544688,1692255544692,1693227808924,8,4,4
45723,1693227808924,1692255544696,1692255544700,1693227808933,9,4,5
45724,1693227808933,1692255544704,1692255544707,1693227808940,7,3,4
45725,1693227808940,1692255544712,1692255544716,1693227808948,8,4,4
45726,1693227808948,1692255544722,1692255544726,1693227808958,10,4,6
45727,1693227808958,1692255544730,1692255544733,1693227808968,10,3,7
45728,1693227808968,1692255544740,1692255544743,1693227808976,8,3,5
45729,1693227808976,1692255544748,1692255544751,1693227808983,7,3,4
45730,1693227808983,1692255544759,1692255544762,1693227808995,12,3,9
45731,1693227808995,1692255544767,1692255544770,1693227809002,7,3,4
45732,1693227809002,1692255544774,1692255544778,1693227809010,8,4,4
45733,1693227809010,1692255544782,1692255544786,1693227809018,8,4,4
45734,1693227809018,1692255544790,1692255544794,1693227809026,8,4,4
45735,1693227809026,1692255544804,1692255544807,1693227809039,13,3,10
45736,1693227809039,1692255544816,1692255544820,1693227809053,14,4,10
45737,1693227809053,1692255544826,1692255544832,1693227809064,11,6,5
45738,1693227809064,1692255544837,1692255544840,1693227809072,8,3,5
45739,1693227809072,1692255544844,1692255544847,1693227809079,7,3,4
45740,1693227809079,1692255544851,1692255544855,1693227809087,8,4,4
45741,1693227809087,1692255544859,1692255544862,1693227809095,8,3,5
45742,1693227809095,1692255544867,1692255544870,1693227809103,8,3,5
45743,1693227809103,1692255544875,1692255544879,1693227809111,8,4,4
45744,1693227809111,1692255544883,1692255544887,1693227809119,8,4,4
45745,1693227809119,1692255544891,1692255544894,1693227809126,7,3,4
45746,1693227809126,1692255544898,1692255544901,1693227809133,7,3,4
45747,1693227809133,1692255544908,1692255544912,1693227809155,22,4,18
45748,1693227809155,1692255544927,1692255544931,1693227809625,470,4,466
45749,1693227809625,1692255545399,1692255545403,1693227809635,10,4,6
45750,1693227809635,1692255545407,1692255545410,1693227809643,8,3,5
45751,1693227809643,1692255545415,1692255545419,1693227809651,8,4,4
45752,1693227809652,1692255545430,1692255545433,1693227809665,13,3,10
45753,1693227809665,1692255545438,1692255545441,1693227809675,10,3,7
45754,1693227809675,1692255545447,1692255545451,1693227809688,13,4,9
45755,1693227809688,1692255545460,1692255545464,1693227809696,8,4,4
45756,1693227809696,1692255545468,1692255545472,1693227809704,8,4,4
45757,1693227809704,1692255545498,1692255545503,1693227810150,446,5,441
45758,1693227810150,1692255545924,1692255545928,1693227810160,10,4,6
45759,1693227810160,1692255545933,1692255545936,1693227810190,30,3,27
45760,1693227810190,1692255545963,1692255545966,1693227810203,13,3,10
45761,1693227810203,1692255545975,1692255545980,1693227810212,9,5,4
45762,1693227810212,1692255545984,1692255545987,1693227810222,10,3,7
45763,1693227810222,1692255545994,1692255545998,1693227810232,10,4,6
45764,1693227810232,1692255546004,1692255546007,1693227810241,9,3,6
45765,1693227810241,1692255546014,1692255546017,1693227810249,8,3,5
45766,1693227810249,1692255546036,1692255546039,1693227810601,352,3,349
45767,1693227810601,1692255546377,1692255546381,1693227810613,12,4,8
45768,1693227810613,1692255546385,1692255546387,1693227810640,27,2,25
45769,1693227810640,1692255546413,1692255546416,1693227810649,9,3,6
45770,1693227810649,1692255546428,1692255546432,1693227810664,15,4,11
45771,1693227810664,1692255546436,1692255546439,1693227810671,7,3,4
45772,1693227810671,1692255546442,1692255546445,1693227810677,6,3,3
45773,1693227810677,1692255546449,1692255546452,1693227810684,7,3,4
45774,1693227810684,1692255546456,1692255546460,1693227810692,8,4,4
45775,1693227810692,1692255546464,1692255546467,1693227810699,7,3,4
45776,1693227810699,1692255546470,1692255546473,1693227810705,6,3,3
45777,1693227810705,1692255546479,1692255546483,1693227811126,421,4,417
45778,1693227811126,1692255546899,1692255546903,1693227811135,9,4,5
45779,1693227811135,1692255546907,1692255546911,1693227811143,8,4,4
45780,1693227811143,1692255546916,1692255546919,1693227811151,8,3,5
45781,1693227811151,1692255546923,1692255546926,1693227811158,7,3,4
45782,1693227811158,1692255546930,1692255546934,1693227811166,8,4,4
45783,1693227811166,1692255546938,1692255546941,1693227811173,7,3,4
45784,1693227811173,1692255546944,1692255546947,1693227811179,6,3,3
45785,1693227811179,1692255546952,1692255546955,1693227811187,8,3,5
45786,1693227811187,1692255546959,1692255546962,1693227811194,7,3,4
45787,1693227811194,1692255546966,1692255546969,1693227811201,7,3,4
45788,1693227811201,1692255546972,1692255546975,1693227811207,6,3,3
45789,1693227811207,1692255546981,1692255546985,1693227811217,10,4,6
45790,1693227811217,1692255546991,1692255546994,1693227811226,9,3,6
45791,1693227811226,1692255546998,1692255547001,1693227811233,7,3,4
45792,1693227811233,1692255547004,1692255547008,1693227811648,415,4,411
45793,1693227811648,1692255547421,1692255547424,1693227811656,8,3,5
45794,1693227811656,1692255547428,1692255547431,1693227811663,7,3,4
45795,1693227811663,1692255547435,1692255547438,1693227811670,7,3,4
45796,1693227811670,1692255547442,1692255547445,1693227811677,7,3,4
45797,1693227811677,1692255547449,1692255547453,1693227811685,8,4,4
45798,1693227811685,1692255547457,1692255547461,1693227811693,8,4,4
45799,1693227811693,1692255547465,1692255547468,1693227811700,7,3,4
45800,1693227811700,1692255547471,1692255547474,1693227811706,6,3,3
45801,1693227811706,1692255547479,1692255547483,1693227811715,9,4,5
45802,1693227811715,1692255547487,1692255547490,1693227811722,7,3,4
45803,1693227811722,1692255547493,1692255547497,1693227811729,7,4,3
45804,1693227811729,1692255547503,1692255547506,1693227811738,9,3,6
45805,1693227811738,1692255547509,1692255547513,1693227811745,7,4,3
45806,1693227811745,1692255547517,1692255547520,1693227811752,7,3,4
45807,1693227811752,1692255547524,1692255547527,1693227811759,7,3,4
45808,1693227811759,1692255547947,1692255547950,1693227812183,424,3,421
45809,1693227812183,1692255547954,1692255547957,1693227812190,7,3,4
45810,1693227812190,1692255547962,1692255547965,1693227812198,8,3,5
45811,1693227812198,1692255547970,1692255547973,1693227812206,8,3,5
45812,1693227812206,1692255547978,1692255547982,1693227812215,9,4,5
45813,1693227812215,1692255547987,1692255547990,1693227812222,7,3,4
45814,1693227812222,1692255547994,1692255547997,1693227812229,7,3,4
45815,1693227812229,1692255548002,1692255548004,1693227812237,8,2,6
45816,1693227812237,1692255548009,1692255548012,1693227812245,8,3,5
45817,1693227812245,1692255548017,1692255548021,1693227812253,8,4,4
45818,1693227812253,1692255548026,1692255548030,1693227812263,10,4,6
45819,1693227812263,1692255548035,1692255548038,1693227812271,8,3,5
45820,1693227812271,1692255548043,1692255548046,1693227812279,8,3,5
45821,1693227812279,1692255548051,1692255548054,1693227812699,420,3,417
45822,1693227812699,1692255548472,1692255548476,1693227812708,9,4,5
45823,1693227812708,1692255548481,1692255548484,1693227812716,8,3,5
45824,1693227812716,1692255548488,1692255548492,1693227812725,9,4,5
45825,1693227812725,1692255548496,1692255548500,1693227812732,7,4,3
45826,1693227812732,1692255548504,1692255548507,1693227812739,7,3,4
45827,1693227812739,1692255548511,1692255548514,1693227812746,7,3,4
45828,1693227812746,1692255548518,1692255548521,1693227812753,7,3,4
45829,1693227812753,1692255548527,1692255548531,1693227812763,10,4,6
45830,1693227812763,1692255548535,1692255548539,1693227812771,8,4,4
45831,1693227812771,1692255548543,1692255548546,1693227812801,30,3,27
45832,1693227812801,1692255548573,1692255548577,1693227812809,8,4,4
45833,1693227812809,1692255549003,1692255549007,1693227813253,444,4,440
45834,1693227813253,1692255549026,1692255549030,1693227813262,9,4,5
45835,1693227813262,1692255549035,1692255549039,1693227813272,10,4,6
45836,1693227813272,1692255549044,1692255549047,1693227813280,8,3,5
45837,1693227813280,1692255549052,1692255549055,1693227813287,7,3,4
45838,1693227813287,1692255549059,1692255549062,1693227813296,9,3,6
45839,1693227813296,1692255549068,1692255549071,1693227813304,8,3,5
45840,1693227813304,1692255549076,1692255549080,1693227813313,9,4,5
45841,1693227813313,1692255549085,1692255549088,1693227813320,7,3,4
45842,1693227813320,1692255549092,1692255549096,1693227813328,8,4,4
45843,1693227813328,1692255549100,1692255549104,1693227813747,419,4,415
45844,1693227813747,1692255549520,1692255549523,1693227813756,9,3,6
45845,1693227813756,1692255549528,1692255549532,1693227813764,8,4,4
45846,1693227813764,1692255549536,1692255549539,1693227813772,8,3,5
45847,1693227813772,1692255549566,1692255549569,1693227813801,29,3,26
45848,1693227813801,1692255549573,1692255549576,1693227813810,9,3,6
45849,1693227813810,1692255549583,1692255549587,1693227813819,9,4,5
45850,1693227813819,1692255549591,1692255549595,1693227813828,9,4,5
45851,1693227813828,1692255549600,1692255549604,1693227813836,8,4,4
45852,1693227813836,1692255549608,1692255549611,1693227813843,7,3,4
45853,1693227813843,1692255549615,1692255549619,1693227813851,8,4,4
45854,1693227813851,1692255549623,1692255549627,1693227814272,421,4,417
45855,1693227814272,1692255550044,1692255550048,1693227814280,8,4,4
45856,1693227814280,1692255550052,1692255550055,1693227814289,9,3,6
45857,1693227814289,1692255550063,1692255550067,1693227814299,10,4,6
45858,1693227814299,1692255550072,1692255550075,1693227814307,8,3,5
45859,1693227814307,1692255550080,1692255550084,1693227814318,11,4,7
45860,1693227814318,1692255550091,1692255550095,1693227814327,9,4,5
45861,1693227814327,1692255550099,1692255550103,1693227814336,9,4,5
45862,1693227814336,1692255550108,1692255550112,1693227814344,8,4,4
45863,1693227814344,1692255550116,1692255550119,1693227814372,28,3,25
45864,1693227814372,1692255550144,1692255550148,1693227814380,8,4,4
45865,1693227814380,1692255550153,1692255550157,1693227814797,417,4,413
45866,1693227814797,1692255550570,1692255550573,1693227814806,9,3,6
45867,1693227814806,1692255550578,1692255550582,1693227814830,24,4,20
45868,1693227814830,1692255550603,1692255550606,1693227814839,9,3,6
45869,1693227814839,1692255550610,1692255550614,1693227814847,8,4,4
45870,1693227814847,1692255550619,1692255550622,1693227814855,8,3,5
45871,1693227814855,1692255550628,1692255550632,1693227814864,9,4,5
45872,1693227814864,1692255550636,1692255550641,1693227814873,9,5,4
45873,1693227814873,1692255550645,1692255550648,1693227814881,8,3,5
45874,1693227814881,1692255550653,1692255550657,1693227814889,8,4,4
45875,1693227814889,1692255550661,1692255550664,1693227814897,8,3,5
45876,1693227814897,1692255550669,1692255550672,1693227814907,10,3,7
45877,1693227814907,1692255551091,1692255551095,1693227815328,421,4,417
45878,1693227815328,1692255551100,1692255551104,1693227815336,8,4,4
45879,1693227815336,1692255551108,1692255551112,1693227815365,29,4,25
45880,1693227815365,1692255551137,1692255551141,1693227815373,8,4,4
45881,1693227815373,1692255551146,1692255551149,1693227815381,8,3,5
45882,1693227815381,1692255551154,1692255551157,1693227815390,9,3,6
45883,1693227815390,1692255551162,1692255551164,1693227815397,7,2,5
45884,1693227815397,1692255551177,1692255551181,1693227815413,16,4,12
45885,1693227815413,1692255551185,1692255551188,1693227815420,7,3,4
45886,1693227815420,1692255551196,1692255551199,1693227815846,426,3,423
45887,1693227815846,1692255551619,1692255551623,1693227815855,9,4,5
45888,1693227815855,1692255551627,1692255551631,1693227815863,8,4,4
45889,1693227815863,1692255551636,1692255551640,1693227815873,10,4,6
45890,1693227815873,1692255551648,1692255551651,1693227815883,10,3,7
45891,1693227815883,1692255551655,1692255551658,1693227815890,7,3,4
45892,1693227815890,1692255551663,1692255551666,1693227815898,8,3,5
45893,1693227815898,1692255551670,1692255551673,1693227815906,8,3,5
45894,1693227815906,1692255551678,1692255551682,1693227815914,8,4,4
45895,1693227815914,1692255551686,1692255551689,1693227815922,8,3,5
45896,1693227815922,1692255551694,1692255551697,1693227815931,9,3,6
45897,1693227815931,1692255551703,1692255551706,1693227815938,7,3,4
45898,1693227815938,1692255551710,1692255551714,1693227815946,8,4,4
45899,1693227815946,1692255551718,1692255551721,1693227815954,8,3,5
45900,1693227815954,1692255552142,1692255552146,1693227816378,424,4,420
45901,1693227816378,1692255552150,1692255552153,1693227816385,7,3,4
45902,1693227816385,1692255552158,1692255552161,1693227816393,8,3,5
45903,1693227816393,1692255552165,1692255552169,1693227816401,8,4,4
45904,1693227816401,1692255552173,1692255552177,1693227816410,9,4,5
45905,1693227816410,1692255552182,1692255552185,1693227816417,7,3,4
45906,1693227816417,1692255552188,1692255552191,1693227816423,6,3,3
45907,1693227816423,1692255552195,1692255552198,1693227816431,8,3,5
45908,1693227816431,1692255552203,1692255552206,1693227816438,7,3,4
45909,1693227816439,1692255552212,1692255552218,1693227816450,11,6,5
45910,1693227816450,1692255552222,1692255552225,1693227816458,8,3,5
45911,1693227816458,1692255552229,1692255552232,1693227816464,6,3,3
45912,1693227816464,1692255552237,1692255552241,1693227816473,9,4,5
45913,1693227816473,1692255552246,1692255552249,1693227816891,418,3,415
45914,1693227816891,1692255552663,1692255552666,1693227816899,8,3,5
45915,1693227816899,1692255552671,1692255552674,1693227816906,7,3,4
45916,1693227816906,1692255552678,1692255552682,1693227816914,8,4,4
45917,1693227816914,1692255552686,1692255552689,1693227816922,8,3,5
45918,1693227816922,1692255552694,1692255552697,1693227816929,7,3,4
45919,1693227816929,1692255552701,1692255552704,1693227816936,7,3,4
45920,1693227816936,1692255552708,1692255552712,1693227816944,8,4,4
45921,1693227816944,1692255552716,1692255552720,1693227816952,8,4,4
45922,1693227816952,1692255552731,1692255552734,1693227816966,14,3,11
45923,1693227816966,1692255552746,1692255552749,1693227816982,16,3,13
45924,1693227816982,1692255552754,1692255552756,1693227816988,6,2,4
45925,1693227816989,1692255552762,1692255552764,1693227816998,9,2,7
45926,1693227816998,1692255552773,1692255552776,1693227817417,419,3,416
45927,1693227817417,1692255553192,1692255553196,1693227817429,12,4,8
45928,1693227817429,1692255553201,1692255553204,1693227817436,7,3,4
45929,1693227817436,1692255553210,1692255553214,1693227817446,10,4,6
45930,1693227817446,1692255553219,1692255553222,1693227817455,9,3,6
45931,1693227817455,1692255553227,1692255553231,1693227817469,14,4,10
45932,1693227817469,1692255553241,1692255553245,1693227817478,9,4,5
45933,1693227817478,1692255553251,1692255553255,1693227817488,10,4,6
45934,1693227817488,1692255553262,1692255553266,1693227817498,10,4,6
45935,1693227817498,1692255553270,1692255553273,1693227817505,7,3,4
45936,1693227817505,1692255553277,1692255553281,1693227817513,8,4,4
45937,1693227817513,1692255553285,1692255553288,1693227817521,8,3,5
45938,1693227817521,1692255553294,1692255553297,1693227817747,226,3,223
45939,1693227817747,1692255553523,1692255553527,1693227817761,14,4,10
45940,1693227817761,1692255553533,1692255553536,1693227817768,7,3,4
45941,1693227817768,1692255553540,1692255553544,1693227817776,8,4,4
45942,1693227817776,1692255553548,1692255553552,1693227817784,8,4,4
45943,1693227817784,1692255553556,1692255553559,1693227817792,8,3,5
45944,1693227817792,1692255553564,1692255553567,1693227817800,8,3,5
45945,1693227817800,1692255553572,1692255553575,1693227817808,8,3,5
45946,1693227817808,1692255553604,1692255553609,1693227817841,33,5,28
45947,1693227817841,1692255553613,1692255553616,1693227817848,7,3,4
45948,1693227817848,1692255553620,1692255553624,1693227817857,9,4,5
45949,1693227817857,1692255553629,1692255553632,1693227817864,7,3,4
45950,1693227817864,1692255553636,1692255553639,1693227817871,7,3,4
45951,1693227817871,1692255553643,1692255553646,1693227817878,7,3,4
45952,1693227817879,1692255553651,1692255553654,1693227817887,8,3,5
45953,1693227817887,1692255553659,1692255553662,1693227817894,7,3,4
45954,1693227817894,1692255553665,1692255553668,1693227817900,6,3,3
45955,1693227817900,1692255553673,1692255553676,1693227817908,8,3,5
45956,1693227817908,1692255553680,1692255553683,1693227817915,7,3,4
45957,1693227817915,1692255553687,1692255553690,1693227817922,7,3,4
45958,1693227817922,1692255553694,1692255553697,1693227817930,8,3,5
45959,1693227817930,1692255553702,1692255553705,1693227817937,7,3,4
45960,1693227817937,1692255553709,1692255553712,1693227817945,8,3,5
45961,1693227817945,1692255553717,1692255553720,1693227817952,7,3,4
45962,1693227817952,1692255553726,1692255553729,1693227817961,9,3,6
45963,1693227817961,1692255553733,1692255553736,1693227817968,7,3,4
45964,1693227817968,1692255553741,1692255553744,1693227817976,8,3,5
45965,1693227817976,1692255553749,1692255553753,1693227817985,9,4,5
45966,1693227817985,1692255553758,1692255553761,1693227817994,9,3,6
45967,1693227817994,1692255553766,1692255553769,1693227818002,8,3,5
45968,1693227818002,1692255553774,1692255553777,1693227818010,8,3,5
45969,1693227818010,1692255553781,1692255553785,1693227818017,7,4,3
45970,1693227818017,1692255553792,1692255553796,1693227818029,12,4,8
45971,1693227818029,1692255553801,1692255553804,1693227818037,8,3,5
45972,1693227818037,1692255553809,1692255553812,1693227818044,7,3,4
45973,1693227818044,1692255553816,1692255553819,1693227818274,230,3,227
45974,1693227818274,1692255554046,1692255554050,1693227818282,8,4,4
45975,1693227818282,1692255554056,1692255554060,1693227818292,10,4,6
45976,1693227818292,1692255554064,1692255554067,1693227818300,8,3,5
45977,1693227818300,1692255554072,1692255554075,1693227818308,8,3,5
45978,1693227818308,1692255554080,1692255554084,1693227818316,8,4,4
45979,1693227818316,1692255554089,1692255554092,1693227818324,8,3,5
45980,1693227818324,1692255554096,1692255554099,1693227818332,8,3,5
45981,1693227818332,1692255554104,1692255554107,1693227818340,8,3,5
45982,1693227818340,1692255554112,1692255554115,1693227818348,8,3,5
45983,1693227818348,1692255554120,1692255554125,1693227818357,9,5,4
45984,1693227818357,1692255554129,1692255554132,1693227818365,8,3,5
45985,1693227818365,1692255554138,1692255554141,1693227818373,8,3,5
45986,1693227818373,1692255554146,1692255554149,1693227818381,8,3,5
45987,1693227818381,1692255554154,1692255554157,1693227818389,8,3,5
45988,1693227818389,1692255554162,1692255554165,1693227818397,8,3,5
45989,1693227818397,1692255554169,1692255554172,1693227818405,8,3,5
45990,1693227818405,1692255554177,1692255554180,1693227818414,9,3,6
45991,1693227818414,1692255554186,1692255554190,1693227818422,8,4,4
45992,1693227818422,1692255554195,1692255554199,1693227818432,10,4,6
45993,1693227818432,1692255554203,1692255554207,1693227818439,7,4,3
45994,1693227818439,1692255554211,1692255554214,1693227818446,7,3,4
45995,1693227818446,1692255554218,1692255554222,1693227818454,8,4,4
45996,1693227818454,1692255554226,1692255554229,1693227818463,9,3,6
45997,1693227818463,1692255554235,1692255554238,1693227818470,7,3,4
45998,1693227818471,1692255554243,1692255554246,1693227818478,7,3,4
45999,1693227818478,1692255554249,1692255554253,1693227818505,27,4,23
46000,1693227818505,1692255554278,1692255554282,1693227818515,10,4,6
46001,1693227818515,1692255554287,1692255554289,1693227818521,6,2,4
46002,1693227818521,1692255554293,1692255554296,1693227818529,8,3,5
46003,1693227818529,1692255554300,1692255554303,1693227818536,7,3,4
46004,1693227818536,1692255554308,1692255554311,1693227818543,7,3,4
46005,1693227818543,1692255554315,1692255554318,1693227818551,8,3,5
46006,1693227818551,1692255554323,1692255554326,1693227818558,7,3,4
46007,1693227818558,1692255554330,1692255554334,1693227818567,9,4,5
46008,1693227818567,1692255554340,1692255554344,1693227818576,9,4,5
46009,1693227818576,1692255554574,1692255554578,1693227818810,234,4,230
46010,1693227818810,1692255554582,1692255554585,1693227818817,7,3,4
46011,1693227818817,1692255554589,1692255554591,1693227818823,6,2,4
46012,1693227818823,1692255554595,1692255554598,1693227818830,7,3,4
46013,1693227818830,1692255554602,1692255554605,1693227818837,7,3,4
46014,1693227818837,1692255554609,1692255554613,1693227818846,9,4,5
46015,1693227818846,1692255554617,1692255554620,1693227818852,6,3,3
46016,1693227818852,1692255554625,1692255554628,1693227818861,9,3,6
46017,1693227818861,1692255554632,1692255554635,1693227818868,7,3,4
46018,1693227818868,1692255554640,1692255554642,1693227818875,7,2,5
46019,1693227818875,1692255554648,1692255554653,1693227818886,11,5,6
46020,1693227818886,1692255554673,1692255554676,1693227818909,23,3,20
46021,1693227818909,1692255554681,1692255554684,1693227818917,8,3,5
46022,1693227818917,1692255554689,1692255554693,1693227818925,8,4,4
46023,1693227818925,1692255554697,1692255554700,1693227818955,30,3,27
46024,1693227818955,1692255554727,1692255554731,1693227818963,8,4,4
46025,1693227818963,1692255554735,1692255554738,1693227818970,7,3,4
46026,1693227818970,1692255554743,1692255554746,1693227818979,9,3,6
46027,1693227818979,1692255554751,1692255554754,1693227818987,8,3,5
46028,1693227818987,1692255554759,1692255554762,1693227818994,7,3,4
46029,1693227818994,1692255554766,1692255554768,1693227819004,10,2,8
46030,1693227819004,1692255554776,1692255554779,1693227819012,8,3,5
46031,1693227819012,1692255554784,1692255554787,1693227819019,7,3,4
46032,1693227819019,1692255554791,1692255554794,1693227819027,8,3,5
46033,1693227819027,1692255554801,1692255554805,1693227819037,10,4,6
46034,1693227819037,1692255554810,1692255554813,1693227819045,8,3,5
46035,1693227819045,1692255554816,1692255554821,1693227819053,8,5,3
46036,1693227819053,1692255554825,1692255554828,1693227819060,7,3,4
46037,1693227819060,1692255554832,1692255554835,1693227819067,7,3,4
46038,1693227819067,1692255554839,1692255554842,1693227819074,7,3,4
46039,1693227819074,1692255554846,1692255554848,1693227819081,7,2,5
46040,1693227819081,1692255554853,1692255554857,1693227819088,7,4,3
46041,1693227819088,1692255554860,1692255554864,1693227819096,8,4,4
46042,1693227819096,1692255554868,1692255554871,1693227819322,226,3,223
46043,1693227819322,1692255555095,1692255555098,1693227819331,9,3,6
46044,1693227819331,1692255555102,1692255555106,1693227819338,7,4,3
46045,1693227819338,1692255555110,1692255555113,1693227819345,7,3,4
46046,1693227819345,1692255555117,1692255555120,1693227819353,8,3,5
46047,1693227819353,1692255555125,1692255555129,1693227819362,9,4,5
46048,1693227819362,1692255555138,1692255555141,1693227819373,11,3,8
46049,1693227819373,1692255555146,1692255555150,1693227819402,29,4,25
46050,1693227819402,1692255555175,1692255555177,1693227819412,10,2,8
46051,1693227819412,1692255555184,1692255555187,1693227819419,7,3,4
46052,1693227819419,1692255555197,1692255555200,1693227819432,13,3,10
46053,1693227819432,1692255555205,1692255555208,1693227819440,8,3,5
46054,1693227819440,1692255555212,1692255555215,1693227819452,12,3,9
46055,1693227819452,1692255555224,1692255555227,1693227819460,8,3,5
46056,1693227819460,1692255555231,1692255555236,1693227819470,10,5,5
46057,1693227819471,1692255555243,1692255555246,1693227819480,9,3,6
46058,1693227819480,1692255555253,1692255555257,1693227819489,9,4,5
46059,1693227819489,1692255555262,1692255555265,1693227819499,10,3,7
46060,1693227819499,1692255555271,1692255555275,1693227819507,8,4,4
46061,1693227819507,1692255555280,1692255555283,1693227819519,12,3,9
46062,1693227819519,1692255555291,1692255555294,1693227819530,11,3,8
46063,1693227819530,1692255555302,1692255555305,1693227819537,7,3,4
46064,1693227819537,1692255555310,1692255555313,1693227819546,9,3,6
46065,1693227819546,1692255555318,1692255555320,1693227819553,7,2,5
46066,1693227819553,1692255555326,1692255555329,1693227819561,8,3,5
46067,1693227819561,1692255555333,1692255555336,1693227819568,7,3,4
46068,1693227819568,1692255555340,1692255555343,1693227819575,7,3,4
46069,1693227819575,1692255555347,1692255555351,1693227819583,8,4,4
46070,1693227819583,1692255555355,1692255555358,1693227819591,8,3,5
46071,1693227819591,1692255555363,1692255555367,1693227819600,9,4,5
46072,1693227819600,1692255555372,1692255555375,1693227819608,8,3,5
46073,1693227819608,1692255555380,1692255555383,1693227819618,10,3,7
46074,1693227819618,1692255555390,1692255555393,1693227819626,8,3,5
46075,1693227819626,1692255555622,1692255555625,1693227819858,232,3,229
46076,1693227819858,1692255555630,1692255555633,1693227819866,8,3,5
46077,1693227819866,1692255555677,1692255555680,1693227819912,46,3,43
46078,1693227819912,1692255555685,1692255555688,1693227819921,9,3,6
46079,1693227819921,1692255555695,1692255555698,1693227819932,11,3,8
46080,1693227819932,1692255555708,1692255555711,1693227819943,11,3,8
46081,1693227819943,1692255555715,1692255555718,1693227819950,7,3,4
46082,1693227819950,1692255555722,1692255555726,1693227819958,8,4,4
46083,1693227819958,1692255555730,1692255555734,1693227819967,9,4,5
46084,1693227819967,1692255555739,1692255555742,1693227819974,7,3,4
46085,1693227819974,1692255555746,1692255555749,1693227819982,8,3,5
46086,1693227819982,1692255555754,1692255555758,1693227819990,8,4,4
46087,1693227819990,1692255555762,1692255555765,1693227819999,9,3,6
46088,1693227819999,1692255555771,1692255555774,1693227820008,9,3,6
46089,1693227820008,1692255555780,1692255555783,1693227820015,7,3,4
46090,1693227820015,1692255555788,1692255555790,1693227820023,8,2,6
46091,1693227820023,1692255555802,1692255555805,1693227820038,15,3,12
46092,1693227820038,1692255555810,1692255555813,1693227820045,7,3,4
46093,1693227820045,1692255555817,1692255555821,1693227820054,9,4,5
46094,1693227820054,1692255555848,1692255555851,1693227820084,30,3,27
46095,1693227820084,1692255555856,1692255555859,1693227820091,7,3,4
46096,1693227820092,1692255555864,1692255555870,1693227820102,10,6,4
46097,1693227820102,1692255555874,1692255555878,1693227820110,8,4,4
46098,1693227820110,1692255555882,1692255555885,1693227820118,8,3,5
46099,1693227820118,1692255555890,1692255555893,1693227820125,7,3,4
46100,1693227820125,1692255555899,1692255555902,1693227820135,10,3,7
46101,1693227820135,1692255555907,1692255555910,1693227820142,7,3,4
46102,1693227820143,1692255555915,1692255555919,1693227820371,228,4,224
46103,1693227820371,1692255556144,1692255556147,1693227820392,21,3,18
46104,1693227820392,1692255556164,1692255556168,1693227820400,8,4,4
46105,1693227820400,1692255556172,1692255556175,1693227820408,8,3,5
46106,1693227820408,1692255556180,1692255556184,1693227820417,9,4,5
46107,1693227820417,1692255556190,1692255556193,1693227820426,9,3,6
46108,1693227820426,1692255556198,1692255556201,1693227820433,7,3,4
46109,1693227820433,1692255556207,1692255556210,1693227820442,9,3,6
46110,1693227820443,1692255556215,1692255556218,1693227820450,7,3,4
46111,1693227820450,1692255556222,1692255556224,1693227820457,7,2,5
46112,1693227820457,1692255556228,1692255556232,1693227820464,7,4,3
46113,1693227820464,1692255556238,1692255556241,1693227820474,10,3,7
46114,1693227820474,1692255556246,1692255556249,1693227820481,7,3,4
46115,1693227820481,1692255556254,1692255556258,1693227820490,9,4,5
46116,1693227820490,1692255556263,1692255556267,1693227820500,10,4,6
46117,1693227820500,1692255556275,1692255556278,1693227820528,28,3,25
46118,1693227820528,1692255556305,1692255556309,1693227820541,13,4,9
46119,1693227820542,1692255556314,1692255556317,1693227820549,7,3,4
46120,1693227820550,1692255556326,1692255556329,1693227820561,11,3,8
46121,1693227820561,1692255556334,1692255556337,1693227820569,8,3,5
46122,1693227820569,1692255556341,1692255556345,1693227820577,8,4,4
46123,1693227820577,1692255556349,1692255556353,1693227820585,8,4,4
46124,1693227820585,1692255556357,1692255556360,1693227820592,7,3,4
46125,1693227820592,1692255556364,1692255556367,1693227820599,7,3,4
46126,1693227820599,1692255556372,1692255556375,1693227820608,9,3,6
46127,1693227820608,1692255556380,1692255556384,1693227820616,8,4,4
46128,1693227820616,1692255556389,1692255556392,1693227820624,8,3,5
46129,1693227820625,1692255556396,1692255556401,1693227820633,8,5,3
46130,1693227820633,1692255556406,1692255556410,1693227820645,12,4,8
46131,1693227820645,1692255556416,1692255556419,1693227820652,7,3,4
46132,1693227820652,1692255556424,1692255556427,1693227820659,7,3,4
46133,1693227820659,1692255556431,1692255556434,1693227820666,7,3,4
46134,1693227820666,1692255556439,1692255556443,1693227820894,228,4,224
46135,1693227820894,1692255556667,1692255556671,1693227820904,10,4,6
46136,1693227820904,1692255556677,1692255556680,1693227820912,8,3,5
46137,1693227820912,1692255556687,1692255556690,1693227820922,10,3,7
46138,1693227820922,1692255556695,1692255556698,1693227820932,10,3,7
46139,1693227820932,1692255556704,1692255556707,1693227820941,9,3,6
46140,1693227820941,1692255556713,1692255556717,1693227820950,9,4,5
46141,1693227820950,1692255556744,1692255556748,1693227820980,30,4,26
46142,1693227820980,1692255556752,1692255556755,1693227820988,8,3,5
46143,1693227820988,1692255556760,1692255556763,1693227820995,7,3,4
46144,1693227820995,1692255556767,1692255556770,1693227821002,7,3,4
46145,1693227821002,1692255556774,1692255556777,1693227821010,8,3,5
46146,1693227821010,1692255556782,1692255556785,1693227821019,9,3,6
46147,1693227821019,1692255556790,1692255556793,1693227821025,6,3,3
46148,1693227821025,1692255556798,1692255556801,1693227821035,10,3,7
46149,1693227821035,1692255556808,1692255556811,1693227821043,8,3,5
46150,1693227821043,1692255556816,1692255556819,1693227821051,8,3,5
46151,1693227821051,1692255556824,1692255556827,1693227821059,8,3,5
46152,1693227821059,1692255556832,1692255556835,1693227821067,8,3,5
46153,1693227821067,1692255556839,1692255556842,1693227821075,8,3,5
46154,1693227821075,1692255556847,1692255556850,1693227821083,8,3,5
46155,1693227821083,1692255556856,1692255556860,1693227821092,9,4,5
46156,1693227821092,1692255556864,1692255556868,1693227821102,10,4,6
46157,1693227821102,1692255556874,1692255556877,1693227821109,7,3,4
46158,1693227821109,1692255556881,1692255556884,1693227821122,13,3,10
46159,1693227821122,1692255556894,1692255556898,1693227821130,8,4,4
46160,1693227821130,1692255556902,1692255556905,1693227821138,8,3,5
46161,1693227821138,1692255556910,1692255556913,1693227821146,8,3,5
46162,1693227821146,1692255556917,1692255556920,1693227821153,7,3,4
46163,1693227821153,1692255556925,1692255556928,1693227821161,8,3,5
46164,1693227821161,1692255556932,1692255556935,1693227821168,7,3,4
46165,1693227821168,1692255556940,1692255556943,1693227821175,7,3,4
46166,1693227821176,1692255556970,1692255556975,1693227821423,247,5,242
46167,1693227821424,1692255557196,1692255557200,1693227821432,8,4,4
46168,1693227821432,1692255557206,1692255557209,1693227821442,10,3,7
46169,1693227821442,1692255557214,1692255557217,1693227821449,7,3,4
46170,1693227821449,1692255557221,1692255557224,1693227821457,8,3,5
46171,1693227821457,1692255557231,1692255557234,1693227821466,9,3,6
46172,1693227821466,1692255557239,1692255557242,1693227821474,8,3,5
46173,1693227821474,1692255557247,1692255557250,1693227821483,9,3,6
46174,1693227821483,1692255557255,1692255557259,1693227821491,8,4,4
46175,1693227821491,1692255557263,1692255557266,1693227821498,7,3,4
46176,1693227821498,1692255557270,1692255557273,1693227821506,8,3,5
46177,1693227821506,1692255557281,1692255557285,1693227821517,11,4,7
46178,1693227821517,1692255557289,1692255557292,1693227821524,7,3,4
46179,1693227821524,1692255557296,1692255557300,1693227821533,9,4,5
46180,1693227821533,1692255557305,1692255557307,1693227821539,6,2,4
46181,1693227821540,1692255557312,1692255557316,1693227821548,8,4,4
46182,1693227821548,1692255557319,1692255557322,1693227821554,6,3,3
46183,1693227821554,1692255557327,1692255557330,1693227821563,9,3,6
46184,1693227821563,1692255557335,1692255557338,1693227821571,8,3,5
46185,1693227821571,1692255557343,1692255557346,1693227821579,8,3,5
46186,1693227821579,1692255557351,1692255557356,1693227821588,9,5,4
46187,1693227821588,1692255557360,1692255557364,1693227821596,8,4,4
46188,1693227821596,1692255557367,1692255557371,1693227821603,7,4,3
46189,1693227821603,1692255557375,1692255557378,1693227821611,8,3,5
46190,1693227821611,1692255557389,1692255557392,1693227821624,13,3,10
46191,1693227821624,1692255557425,1692255557428,1693227821661,37,3,34
46192,1693227821661,1692255557435,1692255557438,1693227821671,10,3,7
46193,1693227821671,1692255557443,1692255557447,1693227821679,8,4,4
46194,1693227821679,1692255557451,1692255557454,1693227821687,8,3,5
46195,1693227821687,1692255557461,1692255557464,1693227821697,10,3,7
46196,1693227821697,1692255557469,1692255557473,1693227821705,8,4,4
46197,1693227821705,1692255557478,1692255557481,1693227821713,8,3,5
46198,1693227821713,1692255557485,1692255557489,1693227821943,230,4,226
46199,1693227821943,1692255557716,1692255557720,1693227821952,9,4,5
46200,1693227821952,1692255557724,1692255557728,1693227821961,9,4,5
46201,1693227821961,1692255557733,1692255557736,1693227821969,8,3,5
46202,1693227821969,1692255557743,1692255557746,1693227821978,9,3,6
46203,1693227821978,1692255557750,1692255557755,1693227821987,9,5,4
46204,1693227821987,1692255557759,1692255557762,1693227821994,7,3,4
46205,1693227821994,1692255557766,1692255557769,1693227822003,9,3,6
46206,1693227822003,1692255557775,1692255557778,1693227822011,8,3,5
46207,1693227822011,1692255557783,1692255557787,1693227822019,8,4,4
46208,1693227822019,1692255557791,1692255557794,1693227822027,8,3,5
46209,1693227822027,1692255557798,1692255557802,1693227822034,7,4,3
46210,1693227822034,1692255557806,1692255557809,1693227822041,7,3,4
46211,1693227822041,1692255557813,1692255557817,1693227822049,8,4,4
46212,1693227822049,1692255557821,1692255557823,1693227822056,7,2,5
46213,1693227822056,1692255557829,1692255557832,1693227822064,8,3,5
46214,1693227822064,1692255557837,1692255557841,1693227822075,11,4,7
46215,1693227822075,1692255557847,1692255557851,1693227822104,29,4,25
46216,1693227822104,1692255557876,1692255557879,1693227822111,7,3,4
46217,1693227822111,1692255557883,1692255557887,1693227822119,8,4,4
46218,1693227822119,1692255557891,1692255557893,1693227822126,7,2,5
46219,1693227822126,1692255557898,1692255557901,1693227822133,7,3,4
46220,1693227822133,1692255557905,1692255557908,1693227822141,8,3,5
46221,1693227822141,1692255557915,1692255557919,1693227822151,10,4,6
46222,1693227822151,1692255557923,1692255557926,1693227822159,8,3,5
46223,1693227822159,1692255557931,1692255557934,1693227822167,8,3,5
46224,1693227822167,1692255557939,1692255557942,1693227822177,10,3,7
46225,1693227822177,1692255557949,1692255557952,1693227822185,8,3,5
46226,1693227822185,1692255557957,1692255557961,1693227822193,8,4,4
46227,1693227822193,1692255557965,1692255557968,1693227822201,8,3,5
46228,1693227822201,1692255557973,1692255557977,1693227822209,8,4,4
46229,1693227822209,1692255557981,1692255557985,1693227822217,8,4,4
46230,1693227822218,1692255557990,1692255557992,1693227822225,7,2,5
46231,1693227822225,1692255557997,1692255558000,1693227822233,8,3,5
46232,1693227822233,1692255558005,1692255558009,1693227822242,9,4,5
46233,1693227822242,1692255558014,1692255558017,1693227822467,225,3,222
46234,1693227822467,1692255558241,1692255558245,1693227822477,10,4,6
46235,1693227822477,1692255558249,1692255558252,1693227822485,8,3,5
46236,1693227822485,1692255558257,1692255558261,1693227822493,8,4,4
46237,1693227822493,1692255558266,1692255558269,1693227822501,8,3,5
46238,1693227822501,1692255558274,1692255558277,1693227822509,8,3,5
46239,1693227822509,1692255558290,1692255558293,1693227822525,16,3,13
46240,1693227822525,1692255558321,1692255558325,1693227822558,33,4,29
46241,1693227822558,1692255558330,1692255558333,1693227822565,7,3,4
46242,1693227822565,1692255558337,1692255558340,1693227822573,8,3,5
46243,1693227822573,1692255558345,1692255558348,1693227822581,8,3,5
46244,1693227822581,1692255558353,1692255558356,1693227822588,7,3,4
46245,1693227822588,1692255558361,1692255558364,1693227822596,8,3,5
46246,1693227822596,1692255558368,1692255558372,1693227822604,8,4,4
46247,1693227822604,1692255558376,1692255558379,1693227822611,7,3,4
46248,1693227822611,1692255558384,1692255558388,1693227822626,15,4,11
46249,1693227822626,1692255558415,1692255558418,1693227822650,24,3,21
46250,1693227822650,1692255558423,1692255558426,1693227822658,8,3,5
46251,1693227822658,1692255558432,1692255558435,1693227822667,9,3,6
46252,1693227822667,1692255558440,1692255558443,1693227822675,8,3,5
46253,1693227822675,1692255558447,1692255558450,1693227822683,8,3,5
46254,1693227822683,1692255558455,1692255558458,1693227822690,7,3,4
46255,1693227822690,1692255558463,1692255558466,1693227822698,8,3,5
46256,1693227822698,1692255558470,1692255558474,1693227822706,8,4,4
46257,1693227822706,1692255558478,1692255558481,1693227822713,7,3,4
46258,1693227822713,1692255558486,1692255558489,1693227822722,9,3,6
46259,1693227822722,1692255558494,1692255558498,1693227822730,8,4,4
46260,1693227822730,1692255558502,1692255558504,1693227822736,6,2,4
46261,1693227822736,1692255558514,1692255558518,1693227822751,15,4,11
46262,1693227822751,1692255558523,1692255558526,1693227822758,7,3,4
46263,1693227822758,1692255558531,1692255558533,1693227822766,8,2,6
46264,1693227822766,1692255558539,1692255558542,1693227822995,229,3,226
46265,1693227822995,1692255558770,1692255558773,1693227823006,11,3,8
46266,1693227823006,1692255558778,1692255558780,1693227823013,7,2,5
46267,1693227823013,1692255558785,1692255558787,1693227823020,7,2,5
46268,1693227823020,1692255558792,1692255558795,1693227823028,8,3,5
46269,1693227823028,1692255558800,1692255558802,1693227823035,7,2,5
46270,1693227823035,1692255558806,1692255558810,1693227823042,7,4,3
46271,1693227823042,1692255558814,1692255558818,1693227823050,8,4,4
46272,1693227823050,1692255558822,1692255558824,1693227823057,7,2,5
46273,1693227823057,1692255558829,1692255558832,1693227823064,7,3,4
46274,1693227823064,1692255558836,1692255558839,1693227823071,7,3,4
46275,1693227823071,1692255558843,1692255558847,1693227823079,8,4,4
46276,1693227823079,1692255558851,1692255558855,1693227823088,9,4,5
46277,1693227823088,1692255558860,1692255558865,1693227823099,11,5,6
46278,1693227823099,1692255558871,1692255558874,1693227823107,8,3,5
46279,1693227823107,1692255558879,1692255558883,1693227823115,8,4,4
46280,1693227823115,1692255558886,1692255558889,1693227823122,7,3,4
46281,1693227823122,1692255558894,1692255558897,1693227823131,9,3,6
46282,1693227823131,1692255558902,1692255558906,1693227823138,7,4,3
46283,1693227823138,1692255558910,1692255558913,1693227823145,7,3,4
46284,1693227823145,1692255558918,1692255558922,1693227823154,9,4,5
46285,1693227823154,1692255558926,1692255558930,1693227823162,8,4,4
46286,1693227823162,1692255558934,1692255558937,1693227823169,7,3,4
46287,1693227823169,1692255558942,1692255558946,1693227823178,9,4,5
46288,1693227823178,1692255558950,1692255558953,1693227823191,13,3,10
46289,1693227823191,1692255558964,1692255558967,1693227823222,31,3,28
46290,1693227823222,1692255558996,1692255559000,1693227823232,10,4,6
46291,1693227823232,1692255559004,1692255559007,1693227823239,7,3,4
46292,1693227823239,1692255559012,1692255559015,1693227823247,8,3,5
46293,1693227823247,1692255559020,1692255559022,1693227823255,8,2,6
46294,1693227823255,1692255559027,1692255559029,1693227823261,6,2,4
46295,1693227823262,1692255559033,1692255559036,1693227823268,6,3,3
46296,1693227823268,1692255559040,1692255559043,1693227823275,7,3,4
46297,1693227823275,1692255559047,1692255559050,1693227823282,7,3,4
46298,1693227823282,1692255559061,1692255559064,1693227823523,241,3,238
46299,1693227823523,1692255559296,1692255559299,1693227823533,10,3,7
46300,1693227823533,1692255559307,1692255559310,1693227823542,9,3,6
46301,1693227823542,1692255559314,1692255559317,1693227823549,7,3,4
46302,1693227823549,1692255559322,1692255559325,1693227823558,9,3,6
46303,1693227823558,1692255559330,1692255559333,1693227823568,10,3,7
46304,1693227823568,1692255559340,1692255559343,1693227823575,7,3,4
46305,1693227823575,1692255559347,1692255559349,1693227823581,6,2,4
46306,1693227823581,1692255559353,1692255559356,1693227823589,8,3,5
46307,1693227823589,1692255559361,1692255559364,1693227823596,7,3,4
46308,1693227823596,1692255559369,1692255559372,1693227823604,8,3,5
46309,1693227823604,1692255559376,1692255559379,1693227823611,7,3,4
46310,1693227823611,1692255559383,1692255559387,1693227823619,8,4,4
46311,1693227823619,1692255559392,1692255559395,1693227823627,8,3,5
46312,1693227823627,1692255559399,1692255559403,1693227823635,8,4,4
46313,1693227823635,1692255559407,1692255559410,1693227823642,7,3,4
46314,1693227823642,1692255559413,1692255559418,1693227823671,29,5,24
46315,1693227823671,1692255559444,1692255559448,1693227823680,9,4,5
46316,1693227823680,1692255559453,1692255559456,1693227823688,8,3,5
46317,1693227823688,1692255559460,1692255559463,1693227823696,8,3,5
46318,1693227823696,1692255559468,1692255559471,1693227823704,8,3,5
46319,1693227823704,1692255559476,1692255559479,1693227823713,9,3,6
46320,1693227823713,1692255559485,1692255559489,1693227823721,8,4,4
46321,1693227823721,1692255559494,1692255559497,1693227823729,8,3,5
46322,1693227823729,1692255559501,1692255559504,1693227823737,8,3,5
46323,1693227823737,1692255559511,1692255559515,1693227823747,10,4,6
46324,1693227823747,1692255559519,1692255559523,1693227823755,8,4,4
46325,1693227823755,1692255559527,1692255559531,1693227823763,8,4,4
46326,1693227823763,1692255559535,1692255559538,1693227823771,8,3,5
46327,1693227823771,1692255559543,1692255559546,1693227823778,7,3,4
46328,1693227823778,1692255559550,1692255559553,1693227823785,7,3,4
46329,1693227823785,1692255559557,1692255559560,1693227823793,8,3,5
46330,1693227823793,1692255559565,1692255559568,1693227823801,8,3,5
46331,1693227823801,1692255559573,1692255559576,1693227823808,7,3,4
46332,1693227823808,1692255559581,1692255559584,1693227823816,8,3,5
46333,1693227823816,1692255559589,1692255559592,1693227823908,92,3,89
46334,1693227823908,1692255559681,1692255559685,1693227823918,10,4,6
46335,1693227823918,1692255559691,1692255559695,1693227823927,9,4,5
46336,1693227823927,1692255559699,1692255559702,1693227823934,7,3,4
46337,1693227823934,1692255559706,1692255559710,1693227823943,9,4,5
46338,1693227823943,1692255559714,1692255559718,1693227823950,7,4,3
46339,1693227823950,1692255559722,1692255559725,1693227823957,7,3,4
46340,1693227823957,1692255559730,1692255559733,1693227823966,9,3,6
46341,1693227823966,1692255559738,1692255559742,1693227823974,8,4,4
46342,1693227823974,1692255559746,1692255559749,1693227823981,7,3,4
46343,1693227823981,1692255559754,1692255559757,1693227824007,26,3,23
46344,1693227824007,1692255559780,1692255559784,1693227824016,9,4,5
46345,1693227824016,1692255559791,1692255559794,1693227824027,11,3,8
46346,1693227824027,1692255559799,1692255559801,1693227824034,7,2,5
46347,1693227824034,1692255559806,1692255559809,1693227824041,7,3,4
46348,1693227824041,1692255559813,1692255559816,1693227824049,8,3,5
46349,1693227824049,1692255559820,1692255559824,1693227824057,8,4,4
46350,1693227824057,1692255559829,1692255559832,1693227824064,7,3,4
46351,1693227824064,1692255559838,1692255559842,1693227824075,11,4,7
46352,1693227824075,1692255559846,1692255559849,1693227824084,9,3,6
46353,1693227824084,1692255559856,1692255559859,1693227824092,8,3,5
46354,1693227824092,1692255559864,1692255559867,1693227824123,31,3,28
46355,1693227824123,1692255559895,1692255559898,1693227824131,8,3,5
46356,1693227824131,1692255559902,1692255559906,1693227824138,7,4,3
46357,1693227824138,1692255559910,1692255559913,1693227824145,7,3,4
46358,1693227824145,1692255559917,1692255559920,1693227824152,7,3,4
46359,1693227824152,1692255559925,1692255559928,1693227824160,8,3,5
46360,1693227824160,1692255559933,1692255559936,1693227824169,9,3,6
46361,1693227824169,1692255559940,1692255559944,1693227824176,7,4,3
46362,1693227824176,1692255559948,1692255559951,1693227824183,7,3,4
46363,1693227824183,1692255559955,1692255559958,1693227824191,8,3,5
46364,1693227824191,1692255559963,1692255559966,1693227824201,10,3,7
46365,1693227824201,1692255559973,1692255559977,1693227824209,8,4,4
46366,1693227824209,1692255559980,1692255559983,1693227824216,7,3,4
46367,1693227824216,1692255559988,1692255559991,1693227824225,9,3,6
46368,1693227824225,1692255559998,1692255560001,1693227824234,9,3,6
46369,1693227824234,1692255560006,1692255560010,1693227824242,8,4,4
46370,1693227824242,1692255560014,1692255560017,1693227824250,8,3,5
46371,1693227824250,1692255560022,1692255560026,1693227824258,8,4,4
46372,1693227824258,1692255560030,1692255560034,1693227824266,8,4,4
46373,1693227824266,1692255560037,1692255560040,1693227824272,6,3,3
46374,1693227824272,1692255560045,1692255560048,1693227824280,8,3,5
46375,1693227824280,1692255560052,1692255560055,1693227824288,8,3,5
46376,1693227824288,1692255560059,1692255560062,1693227824295,7,3,4
46377,1693227824295,1692255560067,1692255560070,1693227824302,7,3,4
46378,1693227824302,1692255560074,1692255560077,1693227824310,8,3,5
46379,1693227824310,1692255560083,1692255560086,1693227824319,9,3,6
46380,1693227824319,1692255560115,1692255560118,1693227824566,247,3,244
46381,1693227824566,1692255560338,1692255560342,1693227824574,8,4,4
46382,1693227824575,1692255560346,1692255560349,1693227824581,6,3,3
46383,1693227824582,1692255560354,1692255560356,1693227824590,8,2,6
46384,1693227824590,1692255560362,1692255560366,1693227824598,8,4,4
46385,1693227824598,1692255560370,1692255560373,1693227824605,7,3,4
46386,1693227824605,1692255560377,1692255560381,1693227824613,8,4,4
46387,1693227824613,1692255560385,1692255560387,1693227824621,8,2,6
46388,1693227824621,1692255560394,1692255560399,1693227824631,10,5,5
46389,1693227824631,1692255560405,1692255560408,1693227824640,9,3,6
46390,1693227824640,1692255560412,1692255560415,1693227824647,7,3,4
46391,1693227824647,1692255560419,1692255560422,1693227824654,7,3,4
46392,1693227824654,1692255560426,1692255560429,1693227824663,9,3,6
46393,1693227824663,1692255560435,1692255560438,1693227824670,7,3,4
46394,1693227824670,1692255560442,1692255560446,1693227824678,8,4,4
46395,1693227824678,1692255560450,1692255560453,1693227824687,9,3,6
46396,1693227824687,1692255560458,1692255560462,1693227824694,7,4,3
46397,1693227824694,1692255560466,1692255560470,1693227824702,8,4,4
46398,1693227824702,1692255560475,1692255560478,1693227824710,8,3,5
46399,1693227824710,1692255560483,1692255560486,1693227824718,8,3,5
46400,1693227824718,1692255560491,1692255560494,1693227824727,9,3,6
46401,1693227824727,1692255560498,1692255560501,1693227824734,7,3,4
46402,1693227824734,1692255560511,1692255560515,1693227824747,13,4,9
46403,1693227824747,1692255560519,1692255560522,1693227824755,8,3,5
46404,1693227824755,1692255560527,1692255560531,1693227824765,10,4,6
46405,1693227824765,1692255560563,1692255560566,1693227824798,33,3,30
46406,1693227824798,1692255560571,1692255560574,1693227824806,8,3,5
46407,1693227824806,1692255560579,1692255560582,1693227824814,8,3,5
46408,1693227824814,1692255560586,1692255560589,1693227824821,7,3,4
46409,1693227824821,1692255560594,1692255560597,1693227824829,8,3,5
46410,1693227824829,1692255560602,1692255560605,1693227824840,11,3,8
46411,1693227824840,1692255560612,1692255560615,1693227824849,9,3,6
46412,1693227824849,1692255560621,1692255560623,1693227824855,6,2,4
46413,1693227824855,1692255560627,1692255560630,1693227824862,7,3,4
46414,1693227824862,1692255560634,1692255560637,1693227824958,96,3,93
46415,1693227824958,1692255560731,1692255560734,1693227824967,9,3,6
46416,1693227824967,1692255560739,1692255560743,1693227824975,8,4,4
46417,1693227824975,1692255560747,1692255560750,1693227824983,8,3,5
46418,1693227824983,1692255560754,1692255560757,1693227824989,6,3,3
46419,1693227824989,1692255560761,1692255560765,1693227824997,8,4,4
46420,1693227824997,1692255560769,1692255560772,1693227825004,7,3,4
46421,1693227825004,1692255560776,1692255560781,1693227825014,10,5,5
46422,1693227825014,1692255560786,1692255560789,1693227825021,7,3,4
46423,1693227825021,1692255560794,1692255560797,1693227825029,8,3,5
46424,1693227825029,1692255560801,1692255560804,1693227825036,7,3,4
46425,1693227825036,1692255560808,1692255560812,1693227825045,9,4,5
46426,1693227825045,1692255560817,1692255560821,1693227825053,8,4,4
46427,1693227825053,1692255560825,1692255560828,1693227825061,8,3,5
46428,1693227825061,1692255560833,1692255560836,1693227825069,8,3,5
46429,1693227825069,1692255560843,1692255560846,1693227825078,9,3,6
46430,1693227825078,1692255560851,1692255560854,1693227825086,8,3,5
46431,1693227825086,1692255560858,1692255560861,1693227825093,7,3,4
46432,1693227825093,1692255560866,1692255560868,1693227825101,8,2,6
46433,1693227825101,1692255560873,1692255560877,1693227825109,8,4,4
46434,1693227825109,1692255560883,1692255560887,1693227825119,10,4,6
46435,1693227825119,1692255560893,1692255560897,1693227825129,10,4,6
46436,1693227825129,1692255560901,1692255560905,1693227825137,8,4,4
46437,1693227825137,1692255560909,1692255560912,1693227825147,10,3,7
46438,1693227825147,1692255560919,1692255560922,1693227825154,7,3,4
46439,1693227825154,1692255560926,1692255560930,1693227825162,8,4,4
46440,1693227825162,1692255560934,1692255560937,1693227825169,7,3,4
46441,1693227825169,1692255560941,1692255560944,1693227825176,7,3,4
46442,1693227825177,1692255560949,1692255560952,1693227825187,10,3,7
46443,1693227825187,1692255560959,1692255560962,1693227825195,8,3,5
46444,1693227825195,1692255560967,1692255560970,1693227825202,7,3,4
46445,1693227825202,1692255560975,1692255560981,1693227825213,11,6,5
46446,1693227825213,1692255560986,1692255560990,1693227825225,12,4,8
46447,1693227825225,1692255560998,1692255561000,1693227825233,8,2,6
46448,1693227825233,1692255561005,1692255561009,1693227825241,8,4,4
46449,1693227825241,1692255561013,1692255561016,1693227825249,8,3,5
46450,1693227825249,1692255561022,1692255561025,1693227825257,8,3,5
46451,1693227825257,1692255561029,1692255561032,1693227825269,12,3,9
46452,1693227825269,1692255561041,1692255561044,1693227825277,8,3,5
46453,1693227825277,1692255561049,1692255561052,1693227825285,8,3,5
46454,1693227825285,1692255561056,1692255561060,1693227825292,7,4,3
46455,1693227825292,1692255561064,1692255561067,1693227825300,8,3,5
46456,1693227825300,1692255561098,1692255561102,1693227825334,34,4,30
46457,1693227825334,1692255561107,1692255561110,1693227825342,8,3,5
46458,1693227825342,1692255561114,1692255561117,1693227825351,9,3,6
46459,1693227825351,1692255561123,1692255561127,1693227825360,9,4,5
46460,1693227825360,1692255561132,1692255561137,1693227825369,9,5,4
46461,1693227825369,1692255561141,1692255561144,1693227825377,8,3,5
46462,1693227825377,1692255561149,1692255561153,1693227825385,8,4,4
46463,1693227825385,1692255561157,1692255561160,1693227825614,229,3,226
46464,1693227825614,1692255561387,1692255561391,1693227825624,10,4,6
46465,1693227825624,1692255561401,1692255561404,1693227825636,12,3,9
46466,1693227825636,1692255561409,1692255561413,1693227825650,14,4,10
46467,1693227825650,1692255561423,1692255561427,1693227825659,9,4,5
46468,1693227825659,1692255561431,1692255561434,1693227825667,8,3,5
46469,1693227825667,1692255561438,1692255561442,1693227825674,7,4,3
46470,1693227825674,1692255561446,1692255561449,1693227825682,8,3,5
46471,1693227825682,1692255561454,1692255561457,1693227825689,7,3,4
46472,1693227825689,1692255561461,1692255561465,1693227825697,8,4,4
46473,1693227825697,1692255561468,1692255561472,1693227825704,7,4,3
46474,1693227825704,1692255561476,1692255561479,1693227825712,8,3,5
46475,1693227825712,1692255561484,1692255561487,1693227825720,8,3,5
46476,1693227825720,1692255561493,1692255561497,1693227825730,10,4,6
46477,1693227825730,1692255561502,1692255561505,1693227825738,8,3,5
46478,1693227825738,1692255561510,1692255561513,1693227825745,7,3,4
46479,1693227825745,1692255561517,1692255561521,1693227825769,24,4,20
46480,1693227825769,1692255561541,1692255561545,1693227825777,8,4,4
46481,1693227825777,1692255561548,1692255561553,1693227825785,8,5,3
46482,1693227825785,1692255561559,1692255561562,1693227825795,10,3,7
46483,1693227825795,1692255561567,1692255561570,1693227825802,7,3,4
46484,1693227825802,1692255561575,1692255561578,1693227825811,9,3,6
46485,1693227825811,1692255561583,1692255561586,1693227825818,7,3,4
46486,1693227825818,1692255561590,1692255561593,1693227825826,8,3,5
46487,1693227825826,1692255561598,1692255561602,1693227825834,8,4,4
46488,1693227825834,1692255561606,1692255561609,1693227825842,8,3,5
46489,1693227825842,1692255561614,1692255561617,1693227825849,7,3,4
46490,1693227825849,1692255561622,1692255561624,1693227825856,7,2,5
46491,1693227825857,1692255561628,1692255561632,1693227825864,7,4,3
46492,1693227825864,1692255561637,1692255561640,1693227825873,9,3,6
46493,1693227825873,1692255561645,1692255561648,1693227825880,7,3,4
46494,1693227825880,1692255561652,1692255561655,1693227825887,7,3,4
46495,1693227825887,1692255561660,1692255561664,1693227825896,9,4,5
46496,1693227825896,1692255561668,1692255561671,1693227825903,7,3,4
46497,1693227825903,1692255561675,1692255561679,1693227825912,9,4,5
46498,1693227825912,1692255561684,1692255561687,1693227826006,94,3,91
46499,1693227826006,1692255561778,1692255561782,1693227826016,10,4,6
46500,1693227826016,1692255561788,1692255561791,1693227826024,8,3,5
46501,1693227826024,1692255561796,1692255561799,1693227826032,8,3,5
46502,1693227826032,1692255561804,1692255561808,1693227826040,8,4,4
46503,1693227826040,1692255561812,1692255561816,1693227826048,8,4,4
46504,1693227826048,1692255561820,1692255561823,1693227826056,8,3,5
46505,1693227826056,1692255561829,1692255561833,1693227826065,9,4,5
46506,1693227826065,1692255561840,1692255561846,1693227826078,13,6,7
46507,1693227826078,1692255561851,1692255561855,1693227826106,28,4,24
46508,1693227826106,1692255561878,1692255561882,1693227826116,10,4,6
46509,1693227826116,1692255561887,1692255561891,1693227826123,7,4,3
46510,1693227826123,1692255561895,1692255561898,1693227826131,8,3,5
46511,1693227826131,1692255561903,1692255561906,1693227826138,7,3,4
46512,1693227826138,1692255561910,1692255561913,1693227826145,7,3,4
46513,1693227826145,1692255561917,1692255561921,1693227826153,8,4,4
46514,1693227826153,1692255561925,1692255561928,1693227826160,7,3,4
46515,1693227826160,1692255561932,1692255561936,1693227826171,11,4,7
46516,1693227826171,1692255561943,1692255561947,1693227826179,8,4,4
46517,1693227826179,1692255561951,1692255561954,1693227826186,7,3,4
46518,1693227826186,1692255561958,1692255561962,1693227826194,8,4,4
46519,1693227826194,1692255561993,1692255561997,1693227826230,36,4,32
46520,1693227826230,1692255562001,1692255562004,1693227826237,7,3,4
46521,1693227826237,1692255562009,1692255562012,1693227826244,7,3,4
46522,1693227826244,1692255562016,1692255562019,1693227826251,7,3,4
46523,1693227826251,1692255562023,1692255562027,1693227826260,9,4,5
46524,1693227826260,1692255562032,1692255562035,1693227826267,7,3,4
46525,1693227826267,1692255562039,1692255562043,1693227826275,8,4,4
46526,1693227826275,1692255562048,1692255562051,1693227826283,8,3,5
46527,1693227826283,1692255562056,1692255562059,1693227826291,8,3,5
46528,1693227826291,1692255562065,1692255562068,1693227826300,9,3,6
46529,1693227826300,1692255562072,1692255562075,1693227826307,7,3,4
46530,1693227826307,1692255562080,1692255562083,1693227826315,8,3,5
46531,1693227826315,1692255562087,1692255562089,1693227826322,7,2,5
46532,1693227826322,1692255562095,1692255562099,1693227826332,10,4,6
46533,1693227826332,1692255562103,1692255562108,1693227826340,8,5,3
46534,1693227826340,1692255562112,1692255562116,1693227826348,8,4,4
46535,1693227826348,1692255562120,1692255562124,1693227826356,8,4,4
46536,1693227826356,1692255562128,1692255562131,1693227826363,7,3,4
46537,1693227826363,1692255562135,1692255562139,1693227826371,8,4,4
46538,1693227826371,1692255562146,1692255562150,1693227826382,11,4,7
46539,1693227826382,1692255562154,1692255562157,1693227826390,8,3,5
46540,1693227826390,1692255562162,1692255562168,1693227826400,10,6,4
46541,1693227826400,1692255562172,1692255562175,1693227826407,7,3,4
46542,1693227826407,1692255562180,1692255562183,1693227826415,8,3,5
46543,1693227826415,1692255562187,1692255562190,1693227826422,7,3,4
46544,1693227826422,1692255562194,1692255562197,1693227826429,7,3,4
46545,1693227826429,1692255562202,1692255562205,1693227826437,8,3,5
46546,1693227826437,1692255562435,1692255562438,1693227826671,234,3,231
46547,1693227826671,1692255562443,1692255562446,1693227826679,8,3,5
46548,1693227826679,1692255562453,1692255562456,1693227826688,9,3,6
46549,1693227826688,1692255562461,1692255562464,1693227826696,8,3,5
46550,1693227826696,1692255562468,1692255562471,1693227826704,8,3,5
46551,1693227826704,1692255562475,1692255562478,1693227826711,7,3,4
46552,1693227826711,1692255562482,1692255562485,1693227826719,8,3,5
46553,1693227826719,1692255562491,1692255562494,1693227826726,7,3,4
46554,1693227826726,1692255562498,1692255562501,1693227826733,7,3,4
46555,1693227826733,1692255562506,1692255562509,1693227826741,8,3,5
46556,1693227826741,1692255562514,1692255562517,1693227826749,8,3,5
46557,1693227826749,1692255562523,1692255562526,1693227826758,9,3,6
46558,1693227826759,1692255562532,1692255562535,1693227826767,8,3,5
46559,1693227826767,1692255562539,1692255562542,1693227826775,8,3,5
46560,1693227826775,1692255562546,1692255562550,1693227826782,7,4,3
46561,1693227826782,1692255562556,1692255562559,1693227826791,9,3,6
46562,1693227826791,1692255562563,1692255562567,1693227826799,8,4,4
46563,1693227826799,1692255562571,1692255562575,1693227826807,8,4,4
46564,1693227826807,1692255562579,1692255562582,1693227826815,8,3,5
46565,1693227826815,1692255562587,1692255562591,1693227826823,8,4,4
46566,1693227826823,1692255562595,1692255562598,1693227826830,7,3,4
46567,1693227826830,1692255562602,1692255562604,1693227826836,6,2,4
46568,1693227826836,1692255562609,1692255562612,1693227826844,8,3,5
46569,1693227826844,1692255562616,1692255562621,1693227826853,9,5,4
46570,1693227826853,1692255562625,1692255562629,1693227826861,8,4,4
46571,1693227826861,1692255562633,1692255562636,1693227826876,15,3,12
46572,1693227826877,1692255562662,1692255562666,1693227826898,21,4,17
46573,1693227826898,1692255562672,1692255562675,1693227826908,10,3,7
46574,1693227826908,1692255562680,1692255562683,1693227826915,7,3,4
46575,1693227826915,1692255562688,1692255562691,1693227826923,8,3,5
46576,1693227826923,1692255562695,1692255562698,1693227826930,7,3,4
46577,1693227826930,1692255562703,1692255562706,1693227826938,8,3,5
46578,1693227826938,1692255562710,1692255562713,1693227826946,8,3,5
46579,1693227826946,1692255562718,1692255562721,1693227826953,7,3,4
46580,1693227826953,1692255562728,1692255562731,1693227826963,10,3,7
46581,1693227826963,1692255562826,1692255562829,1693227827061,98,3,95
46582,1693227827061,1692255562834,1692255562838,1693227827070,9,4,5
46583,1693227827070,1692255562842,1692255562845,1693227827078,8,3,5
46584,1693227827078,1692255562850,1692255562853,1693227827085,7,3,4
46585,1693227827085,1692255562857,1692255562861,1693227827093,8,4,4
46586,1693227827093,1692255562865,1692255562869,1693227827101,8,4,4
46587,1693227827101,1692255562873,1692255562876,1693227827109,8,3,5
46588,1693227827109,1692255562882,1692255562885,1693227827118,9,3,6
46589,1693227827118,1692255562890,1692255562893,1693227827125,7,3,4
46590,1693227827125,1692255562898,1692255562901,1693227827133,8,3,5
46591,1693227827133,1692255562906,1692255562908,1693227827140,7,2,5
46592,1693227827140,1692255562912,1692255562915,1693227827147,7,3,4
46593,1693227827147,1692255562919,1692255562922,1693227827155,8,3,5
46594,1693227827155,1692255562927,1692255562930,1693227827162,7,3,4
46595,1693227827162,1692255562934,1692255562939,1693227827171,9,5,4
46596,1693227827171,1692255562943,1692255562946,1693227827178,7,3,4
46597,1693227827178,1692255562950,1692255562954,1693227827186,8,4,4
46598,1693227827186,1692255562958,1692255562961,1693227827195,9,3,6
46599,1693227827195,1692255562967,1692255562970,1693227827203,8,3,5
46600,1693227827203,1692255562975,1692255562978,1693227827211,8,3,5
46601,1693227827211,1692255562983,1692255562986,1693227827218,7,3,4
46602,1693227827218,1692255562993,1692255562996,1693227827228,10,3,7
46603,1693227827228,1692255563000,1692255563003,1693227827235,7,3,4
46604,1693227827235,1692255563007,1692255563009,1693227827243,8,2,6
46605,1693227827243,1692255563015,1692255563018,1693227827251,8,3,5
46606,1693227827251,1692255563023,1692255563027,1693227827260,9,4,5
46607,1693227827260,1692255563032,1692255563034,1693227827267,7,2,5
46608,1693227827267,1692255563038,1692255563041,1693227827273,6,3,3
46609,1693227827273,1692255563045,1692255563049,1693227827281,8,4,4
46610,1693227827281,1692255563053,1692255563057,1693227827289,8,4,4
46611,1693227827289,1692255563061,1692255563064,1693227827297,8,3,5
46612,1693227827297,1692255563069,1692255563072,1693227827304,7,3,4
46613,1693227827304,1692255563076,1692255563081,1693227827313,9,5,4
46614,1693227827313,1692255563085,1692255563088,1693227827341,28,3,25
46615,1693227827341,1692255563114,1692255563118,1693227827350,9,4,5
46616,1693227827350,1692255563122,1692255563125,1693227827357,7,3,4
46617,1693227827357,1692255563131,1692255563134,1693227827366,9,3,6
46618,1693227827366,1692255563138,1692255563140,1693227827374,8,2,6
46619,1693227827374,1692255563149,1692255563152,1693227827384,10,3,7
46620,1693227827384,1692255563157,1692255563161,1693227827395,11,4,7
46621,1693227827395,1692255563168,1692255563171,1693227827404,9,3,6
46622,1693227827404,1692255563176,1692255563180,1693227827412,8,4,4
46623,1693227827412,1692255563184,1692255563188,1693227827420,8,4,4
46624,1693227827420,1692255563193,1692255563196,1693227827428,8,3,5
46625,1693227827428,1692255563200,1692255563204,1693227827436,8,4,4
46626,1693227827436,1692255563210,1692255563214,1693227827446,10,4,6
46627,1693227827446,1692255563219,1692255563222,1693227827455,9,3,6
46628,1693227827455,1692255563227,1692255563231,1693227827463,8,4,4
46629,1693227827463,1692255563236,1692255563239,1693227827472,9,3,6
46630,1693227827472,1692255563244,1692255563248,1693227827480,8,4,4
46631,1693227827480,1692255563252,1692255563255,1693227827488,8,3,5
46632,1693227827488,1692255563483,1692255563486,1693227827718,230,3,227
46633,1693227827718,1692255563490,1692255563494,1693227827726,8,4,4
46634,1693227827726,1692255563497,1692255563501,1693227827733,7,4,3
46635,1693227827733,1692255563505,1692255563508,1693227827740,7,3,4
46636,1693227827740,1692255563513,1692255563517,1693227827749,9,4,5
46637,1693227827749,1692255563521,1692255563524,1693227827757,8,3,5
46638,1693227827757,1692255563528,1692255563532,1693227827764,7,4,3
46639,1693227827764,1692255563536,1692255563539,1693227827790,26,3,23
46640,1693227827790,1692255563562,1692255563565,1693227827798,8,3,5
46641,1693227827798,1692255563569,1692255563572,1693227827805,7,3,4
46642,1693227827805,1692255563579,1692255563583,1693227827815,10,4,6
46643,1693227827815,1692255563588,1692255563592,1693227827824,9,4,5
46644,1693227827824,1692255563596,1692255563600,1693227827832,8,4,4
46645,1693227827832,1692255563607,1692255563610,1693227827842,10,3,7
46646,1693227827842,1692255563614,1692255563617,1693227827849,7,3,4
46647,1693227827849,1692255563621,1692255563624,1693227827856,7,3,4
46648,1693227827856,1692255563628,1692255563631,1693227827864,8,3,5
46649,1693227827864,1692255563636,1692255563640,1693227827872,8,4,4
46650,1693227827872,1692255563645,1692255563648,1693227827880,8,3,5
46651,1693227827880,1692255563652,1692255563655,1693227827888,8,3,5
46652,1693227827888,1692255563660,1692255563663,1693227827895,7,3,4
46653,1693227827895,1692255563669,1692255563672,1693227827905,10,3,7
46654,1693227827905,1692255563677,1692255563680,1693227827912,7,3,4
46655,1693227827912,1692255563685,1692255563688,1693227827920,8,3,5
46656,1693227827920,1692255563692,1692255563695,1693227827927,7,3,4
46657,1693227827927,1692255563699,1692255563702,1693227827934,7,3,4
46658,1693227827934,1692255563706,1692255563709,1693227827941,7,3,4
46659,1693227827941,1692255563713,1692255563716,1693227827948,7,3,4
46660,1693227827948,1692255563720,1692255563723,1693227827955,7,3,4
46661,1693227827955,1692255563728,1692255563731,1693227827964,9,3,6
46662,1693227827964,1692255563736,1692255563739,1693227827971,7,3,4
46663,1693227827971,1692255563743,1692255563746,1693227827979,8,3,5
46664,1693227827979,1692255563750,1692255563753,1693227827985,6,3,3
46665,1693227827986,1692255563758,1692255563761,1693227827993,7,3,4
46666,1693227827993,1692255563765,1692255563768,1693227828000,7,3,4
46667,1693227828000,1692255563772,1692255563775,1693227828008,8,3,5
46668,1693227828008,1692255563779,1692255563782,1693227828100,92,3,89
46669,1693227828100,1692255563873,1692255563876,1693227828125,25,3,22
46670,1693227828126,1692255563899,1692255563902,1693227828135,9,3,6
46671,1693227828135,1692255563907,1692255563910,1693227828144,9,3,6
46672,1693227828144,1692255563916,1692255563919,1693227828151,7,3,4
46673,1693227828151,1692255563924,1692255563927,1693227828161,10,3,7
46674,1693227828161,1692255563933,1692255563936,1693227828169,8,3,5
46675,1693227828169,1692255563941,1692255563945,1693227828177,8,4,4
46676,1693227828177,1692255563955,1692255563958,1693227828190,13,3,10
46677,1693227828190,1692255563962,1692255563965,1693227828197,7,3,4
46678,1693227828197,1692255563971,1692255563975,1693227828208,11,4,7
46679,1693227828208,1692255563980,1692255563983,1693227828216,8,3,5
46680,1693227828216,1692255563989,1692255563994,1693227828227,11,5,6
46681,1693227828227,1692255564000,1692255564003,1693227828235,8,3,5
46682,1693227828235,1692255564008,1692255564011,1693227828244,9,3,6
46683,1693227828244,1692255564017,1692255564021,1693227828253,9,4,5
46684,1693227828253,1692255564026,1692255564029,1693227828261,8,3,5
46685,1693227828261,1692255564032,1692255564036,1693227828268,7,4,3
46686,1693227828268,1692255564040,1692255564043,1693227828275,7,3,4
46687,1693227828275,1692255564047,1692255564050,1693227828282,7,3,4
46688,1693227828282,1692255564054,1692255564057,1693227828289,7,3,4
46689,1693227828289,1692255564062,1692255564065,1693227828297,8,3,5
46690,1693227828297,1692255564069,1692255564072,1693227828303,6,3,3
46691,1693227828304,1692255564077,1692255564081,1693227828313,9,4,5
46692,1693227828313,1692255564086,1692255564089,1693227828321,8,3,5
46693,1693227828321,1692255564094,1692255564098,1693227828330,9,4,5
46694,1693227828330,1692255564102,1692255564106,1693227828338,8,4,4
46695,1693227828338,1692255564110,1692255564115,1693227828347,9,5,4
46696,1693227828347,1692255564119,1692255564123,1693227828356,9,4,5
46697,1693227828356,1692255564128,1692255564132,1693227828364,8,4,4
46698,1693227828364,1692255564137,1692255564140,1693227828372,8,3,5
46699,1693227828372,1692255564144,1692255564147,1693227828380,8,3,5
46700,1693227828380,1692255564152,1692255564154,1693227828386,6,2,4
46701,1693227828386,1692255564158,1692255564161,1693227828393,7,3,4
46702,1693227828393,1692255564166,1692255564169,1693227828402,9,3,6
46703,1693227828402,1692255564174,1692255564178,1693227828410,8,4,4
46704,1693227828410,1692255564183,1692255564186,1693227828418,8,3,5
46705,1693227828418,1692255564193,1692255564196,1693227828429,11,3,8
46706,1693227828429,1692255564201,1692255564204,1693227828437,8,3,5
46707,1693227828437,1692255564208,1692255564212,1693227828465,28,4,24
46708,1693227828465,1692255564238,1692255564241,1693227828473,8,3,5
46709,1693227828473,1692255564246,1692255564249,1693227828481,8,3,5
46710,1693227828481,1692255564253,1692255564257,1693227828489,8,4,4
46711,1693227828489,1692255564262,1692255564265,1693227828497,8,3,5
46712,1693227828497,1692255564269,1692255564272,1693227828504,7,3,4
46713,1693227828504,1692255564277,1692255564280,1693227828512,8,3,5
46714,1693227828512,1692255564284,1692255564287,1693227828520,8,3,5
46715,1693227828520,1692255564292,1692255564295,1693227828528,8,3,5
46716,1693227828528,1692255564300,1692255564303,1693227828536,8,3,5
46717,1693227828536,1692255564530,1692255564535,1693227828767,231,5,226
46718,1693227828767,1692255564540,1692255564543,1693227828779,12,3,9
46719,1693227828779,1692255564551,1692255564554,1693227828788,9,3,6
46720,1693227828788,1692255564559,1692255564562,1693227828794,6,3,3
46721,1693227828794,1692255564566,1692255564569,1693227828801,7,3,4
46722,1693227828801,1692255564574,1692255564577,1693227828809,8,3,5
46723,1693227828809,1692255564580,1692255564584,1693227828816,7,4,3
46724,1693227828816,1692255564587,1692255564591,1693227828823,7,4,3
46725,1693227828823,1692255564595,1692255564598,1693227828830,7,3,4
46726,1693227828830,1692255564603,1692255564606,1693227828839,9,3,6
46727,1693227828839,1692255564611,1692255564614,1693227828846,7,3,4
46728,1693227828846,1692255564618,1692255564621,1693227828854,8,3,5
46729,1693227828854,1692255564626,1692255564629,1693227828861,7,3,4
46730,1693227828861,1692255564634,1692255564636,1693227828868,7,2,5
46731,1693227828868,1692255564640,1692255564643,1693227828876,8,3,5
46732,1693227828876,1692255564648,1692255564652,1693227828884,8,4,4
46733,1693227828884,1692255564656,1692255564660,1693227828915,31,4,27
46734,1693227828915,1692255564687,1692255564690,1693227828923,8,3,5
46735,1693227828923,1692255564695,1692255564699,1693227828932,9,4,5
46736,1693227828932,1692255564706,1692255564709,1693227828942,10,3,7
46737,1693227828942,1692255564714,1692255564716,1693227828949,7,2,5
46738,1693227828949,1692255564721,1692255564725,1693227828957,8,4,4
46739,1693227828957,1692255564729,1692255564732,1693227828964,7,3,4
46740,1693227828964,1692255564737,1692255564739,1693227828972,8,2,6
46741,1693227828972,1692255564744,1692255564747,1693227828980,8,3,5
46742,1693227828980,1692255564752,1692255564755,1693227828987,7,3,4
46743,1693227828987,1692255564760,1692255564763,1693227828995,8,3,5
46744,1693227828995,1692255564767,1692255564770,1693227829002,7,3,4
46745,1693227829003,1692255564775,1692255564778,1693227829011,8,3,5
46746,1693227829011,1692255564784,1692255564787,1693227829019,8,3,5
46747,1693227829020,1692255564792,1692255564795,1693227829028,8,3,5
46748,1693227829028,1692255564800,1692255564803,1693227829038,10,3,7
46749,1693227829038,1692255564810,1692255564814,1693227829046,8,4,4
46750,1693227829046,1692255564818,1692255564821,1693227829053,7,3,4
46751,1693227829053,1692255564826,1692255564829,1693227829152,99,3,96
46752,1693227829152,1692255564925,1692255564928,1693227829160,8,3,5
46753,1693227829160,1692255564932,1692255564936,1693227829168,8,4,4
46754,1693227829168,1692255564940,1692255564944,1693227829176,8,4,4
46755,1693227829176,1692255564949,1692255564952,1693227829185,9,3,6
46756,1693227829185,1692255564958,1692255564961,1693227829193,8,3,5
46757,1693227829193,1692255564965,1692255564968,1693227829200,7,3,4
46758,1693227829200,1692255564973,1692255564976,1693227829209,9,3,6
46759,1693227829209,1692255564981,1692255564984,1693227829217,8,3,5
46760,1693227829217,1692255564989,1692255564992,1693227829225,8,3,5
46761,1693227829225,1692255564997,1692255565000,1693227829250,25,3,22
46762,1693227829250,1692255565022,1692255565025,1693227829258,8,3,5
46763,1693227829258,1692255565030,1692255565033,1693227829265,7,3,4
46764,1693227829265,1692255565037,1692255565041,1693227829274,9,4,5
46765,1693227829274,1692255565046,1692255565050,1693227829282,8,4,4
46766,1693227829282,1692255565054,1692255565057,1693227829289,7,3,4
46767,1693227829289,1692255565061,1692255565064,1693227829296,7,3,4
46768,1693227829296,1692255565069,1692255565072,1693227829304,8,3,5
46769,1693227829304,1692255565077,1692255565081,1693227829313,9,4,5
46770,1693227829313,1692255565085,1692255565089,1693227829321,8,4,4
46771,1693227829321,1692255565094,1692255565098,1693227829330,9,4,5
46772,1693227829330,1692255565103,1692255565106,1693227829339,9,3,6
46773,1693227829339,1692255565132,1692255565135,1693227829368,29,3,26
46774,1693227829368,1692255565140,1692255565143,1693227829375,7,3,4
46775,1693227829375,1692255565147,1692255565151,1693227829383,8,4,4
46776,1693227829383,1692255565155,1692255565158,1693227829390,7,3,4
46777,1693227829390,1692255565163,1692255565167,1693227829399,9,4,5
46778,1693227829399,1692255565171,1692255565174,1693227829407,8,3,5
46779,1693227829407,1692255565179,1692255565182,1693227829414,7,3,4
46780,1693227829414,1692255565185,1692255565188,1693227829420,6,3,3
46781,1693227829421,1692255565193,1692255565196,1693227829428,7,3,4
46782,1693227829428,1692255565200,1692255565203,1693227829436,8,3,5
46783,1693227829436,1692255565208,1692255565211,1693227829443,7,3,4
46784,1693227829443,1692255565214,1692255565217,1693227829449,6,3,3
46785,1693227829449,1692255565221,1692255565224,1693227829456,7,3,4
46786,1693227829456,1692255565228,1692255565233,1693227829465,9,5,4
46787,1693227829465,1692255565238,1692255565240,1693227829473,8,2,6
46788,1693227829473,1692255565245,1692255565248,1693227829808,335,3,332
46789,1693227829808,1692255565580,1692255565584,1693227829816,8,4,4
46790,1693227829816,1692255565589,1692255565595,1693227829827,11,6,5
46791,1693227829827,1692255565599,1692255565603,1693227829835,8,4,4
46792,1693227829835,1692255565607,1692255565610,1693227829843,8,3,5
46793,1693227829843,1692255565615,1692255565618,1693227829850,7,3,4
46794,1693227829850,1692255565621,1692255565625,1693227829857,7,4,3
46795,1693227829857,1692255565629,1692255565632,1693227829865,8,3,5
46796,1693227829865,1692255565637,1692255565640,1693227829872,7,3,4
46797,1693227829872,1692255565644,1692255565648,1693227829880,8,4,4
46798,1693227829880,1692255565653,1692255565656,1693227829888,8,3,5
46799,1693227829888,1692255565660,1692255565663,1693227829896,8,3,5
46800,1693227829896,1692255565668,1692255565671,1693227829903,7,3,4
46801,1693227829903,1692255565676,1692255565680,1693227829912,9,4,5
46802,1693227829912,1692255565684,1692255565687,1693227829920,8,3,5
46803,1693227829920,1692255565692,1692255565695,1693227829927,7,3,4
46804,1693227829927,1692255565700,1692255565702,1693227829935,8,2,6
46805,1693227829935,1692255565707,1692255565710,1693227829943,8,3,5
46806,1693227829943,1692255565715,1692255565717,1693227829950,7,2,5
46807,1693227829950,1692255565722,1692255565724,1693227829959,9,2,7
46808,1693227829959,1692255565731,1692255565735,1693227829967,8,4,4
46809,1693227829967,1692255565739,1692255565742,1693227829973,6,3,3
46810,1693227829974,1692255565745,1692255565748,1693227829980,6,3,3
46811,1693227829980,1692255565753,1692255565756,1693227829988,8,3,5
46812,1693227829988,1692255565761,1692255565765,1693227829997,9,4,5
46813,1693227829997,1692255565769,1692255565773,1693227830005,8,4,4
46814,1693227830005,1692255565778,1692255565780,1693227830021,16,2,14
46815,1693227830021,1692255565806,1692255565809,1693227830042,21,3,18
46816,1693227830042,1692255565814,1692255565817,1693227830049,7,3,4
46817,1693227830049,1692255565821,1692255565824,1693227830056,7,3,4
46818,1693227830056,1692255565827,1692255565831,1693227830063,7,4,3
46819,1693227830063,1692255565835,1692255565841,1693227830073,10,6,4
46820,1693227830073,1692255565845,1692255565849,1693227830081,8,4,4
46821,1693227830081,1692255565852,1692255565855,1693227830087,6,3,3
46822,1693227830087,1692255565860,1692255565863,1693227830095,8,3,5
46823,1693227830095,1692255565867,1692255565870,1693227830102,7,3,4
46824,1693227830102,1692255565874,1692255565877,1693227830199,97,3,94
46825,1693227830200,1692255565973,1692255565976,1693227830208,8,3,5
46826,1693227830208,1692255565980,1692255565984,1693227830217,9,4,5
46827,1693227830217,1692255565988,1692255565991,1693227830223,6,3,3
46828,1693227830223,1692255565996,1692255565999,1693227830231,8,3,5
46829,1693227830231,1692255566003,1692255566007,1693227830239,8,4,4
46830,1693227830239,1692255566011,1692255566014,1693227830246,7,3,4
46831,1693227830246,1692255566018,1692255566020,1693227830253,7,2,5
46832,1693227830253,1692255566025,1692255566028,1693227830261,8,3,5
46833,1693227830261,1692255566033,1692255566036,1693227830268,7,3,4
46834,1693227830268,1692255566040,1692255566043,1693227830275,7,3,4
46835,1693227830275,1692255566048,1692255566051,1693227830283,8,3,5
46836,1693227830284,1692255566056,1692255566059,1693227830291,7,3,4
46837,1693227830291,1692255566065,1692255566068,1693227830301,10,3,7
46838,1693227830301,1692255566073,1692255566076,1693227830308,7,3,4
46839,1693227830308,1692255566081,1692255566086,1693227830319,11,5,6
46840,1693227830319,1692255566091,1692255566094,1693227830327,8,3,5
46841,1693227830327,1692255566100,1692255566103,1693227830336,9,3,6
46842,1693227830336,1692255566108,1692255566111,1693227830344,8,3,5
46843,1693227830344,1692255566117,1692255566120,1693227830353,9,3,6
46844,1693227830353,1692255566126,1692255566130,1693227830362,9,4,5
46845,1693227830362,1692255566134,1692255566137,1693227830370,8,3,5
46846,1693227830370,1692255566142,1692255566146,1693227830378,8,4,4
46847,1693227830378,1692255566150,1692255566153,1693227830385,7,3,4
46848,1693227830385,1692255566158,1692255566162,1693227830394,9,4,5
46849,1693227830394,1692255566167,1692255566171,1693227830403,9,4,5
46850,1693227830403,1692255566176,1692255566181,1693227830413,10,5,5
46851,1693227830414,1692255566186,1692255566190,1693227830422,8,4,4
46852,1693227830422,1692255566194,1692255566197,1693227830429,7,3,4
46853,1693227830429,1692255566202,1692255566205,1693227830438,9,3,6
46854,1693227830438,1692255566210,1692255566212,1693227830444,6,2,4
46855,1693227830444,1692255566216,1692255566220,1693227830452,8,4,4
46856,1693227830452,1692255566225,1692255566228,1693227830460,8,3,5
46857,1693227830460,1692255566232,1692255566235,1693227830485,25,3,22
46858,1693227830485,1692255566261,1692255566265,1693227830497,12,4,8
46859,1693227830497,1692255566270,1692255566273,1693227830505,8,3,5
46860,1693227830505,1692255566277,1692255566281,1693227830513,8,4,4
46861,1693227830514,1692255566286,1692255566290,1693227830522,8,4,4
46862,1693227830522,1692255566293,1692255566298,1693227830531,9,5,4
46863,1693227830531,1692255566303,1692255566306,1693227830539,8,3,5
46864,1693227830539,1692255566311,1692255566314,1693227830547,8,3,5
46865,1693227830547,1692255566318,1692255566321,1693227830553,6,3,3
46866,1693227830553,1692255566326,1692255566329,1693227830566,13,3,10
46867,1693227830566,1692255566338,1692255566341,1693227830574,8,3,5
46868,1693227830574,1692255566346,1692255566350,1693227830582,8,4,4
46869,1693227830582,1692255566355,1692255566358,1693227830591,9,3,6
46870,1693227830591,1692255566363,1692255566367,1693227830599,8,4,4
46871,1693227830599,1692255566372,1692255566375,1693227830606,7,3,4
46872,1693227830606,1692255566378,1692255566381,1693227830613,7,3,4
46873,1693227830613,1692255566385,1692255566388,1693227830620,7,3,4
46874,1693227830620,1692255566393,1692255566396,1693227830628,8,3,5
46875,1693227830628,1692255566400,1692255566403,1693227830855,227,3,224
46876,1693227830855,1692255566634,1692255566637,1693227830869,14,3,11
46877,1693227830869,1692255566642,1692255566645,1693227830877,8,3,5
46878,1693227830877,1692255566651,1692255566654,1693227830887,10,3,7
46879,1693227830887,1692255566659,1692255566662,1693227830894,7,3,4
46880,1693227830894,1692255566666,1692255566669,1693227830902,8,3,5
46881,1693227830902,1692255566674,1692255566677,1693227830909,7,3,4
46882,1693227830909,1692255566681,1692255566685,1693227830935,26,4,22
46883,1693227830935,1692255566707,1692255566711,1693227830943,8,4,4
46884,1693227830943,1692255566715,1692255566718,1693227830950,7,3,4
46885,1693227830950,1692255566723,1692255566725,1693227830957,7,2,5
46886,1693227830958,1692255566730,1692255566734,1693227830966,8,4,4
46887,1693227830966,1692255566738,1692255566741,1693227830973,7,3,4
46888,1693227830973,1692255566745,1692255566747,1693227830979,6,2,4
46889,1693227830979,1692255566754,1692255566757,1693227830989,10,3,7
46890,1693227830989,1692255566761,1692255566765,1693227830997,8,4,4
46891,1693227830997,1692255566769,1692255566773,1693227831005,8,4,4
46892,1693227831005,1692255566778,1692255566781,1693227831013,8,3,5
46893,1693227831013,1692255566785,1692255566788,1693227831019,6,3,3
46894,1693227831019,1692255566791,1692255566794,1693227831026,7,3,4
46895,1693227831026,1692255566799,1692255566801,1693227831033,7,2,5
46896,1693227831034,1692255566806,1692255566810,1693227831043,9,4,5
46897,1693227831043,1692255566815,1692255566818,1693227831050,7,3,4
46898,1693227831051,1692255566823,1692255566828,1693227831060,9,5,4
46899,1693227831060,1692255566833,1692255566836,1693227831068,8,3,5
46900,1693227831068,1692255566840,1692255566844,1693227831076,8,4,4
46901,1693227831076,1692255566850,1692255566853,1693227831086,10,3,7
46902,1693227831086,1692255566858,1692255566861,1693227831093,7,3,4
46903,1693227831093,1692255566866,1692255566869,1693227831101,8,3,5
46904,1693227831101,1692255566873,1692255566876,1693227831110,9,3,6
46905,1693227831110,1692255566888,1692255566891,1693227831123,13,3,10
46906,1693227831124,1692255566896,1692255566899,1693227831131,7,3,4
46907,1693227831131,1692255566903,1692255566907,1693227831139,8,4,4
46908,1693227831139,1692255566911,1692255566914,1693227831146,7,3,4
46909,1693227831146,1692255566919,1692255566922,1693227831154,8,3,5
46910,1693227831154,1692255566926,1692255566929,1693227831246,92,3,89
46911,1693227831246,1692255567018,1692255567022,1693227831273,27,4,23
46912,1693227831274,1692255567046,1692255567049,1693227831282,8,3,5
46913,1693227831282,1692255567053,1692255567057,1693227831290,8,4,4
46914,1693227831291,1692255567063,1692255567066,1693227831298,7,3,4
46915,1693227831298,1692255567070,1692255567073,1693227831306,8,3,5
46916,1693227831306,1692255567078,1692255567081,1693227831314,8,3,5
46917,1693227831314,1692255567086,1692255567088,1693227831321,7,2,5
46918,1693227831321,1692255567094,1692255567097,1693227831329,8,3,5
46919,1693227831329,1692255567101,1692255567105,1693227831337,8,4,4
46920,1693227831338,1692255567110,1692255567113,1693227831346,8,3,5
46921,1693227831346,1692255567118,1692255567121,1693227831353,7,3,4
46922,1693227831353,1692255567126,1692255567128,1693227831360,7,2,5
46923,1693227831360,1692255567133,1692255567136,1693227831368,8,3,5
46924,1693227831368,1692255567140,1692255567143,1693227831375,7,3,4
46925,1693227831375,1692255567147,1692255567150,1693227831382,7,3,4
46926,1693227831382,1692255567154,1692255567158,1693227831393,11,4,7
46927,1693227831393,1692255567166,1692255567168,1693227831401,8,2,6
46928,1693227831401,1692255567173,1692255567176,1693227831408,7,3,4
46929,1693227831408,1692255567179,1692255567182,1693227831414,6,3,3
46930,1693227831415,1692255567187,1692255567190,1693227831422,7,3,4
46931,1693227831422,1692255567195,1692255567198,1693227831430,8,3,5
46932,1693227831431,1692255567203,1692255567206,1693227831438,7,3,4
46933,1693227831438,1692255567210,1692255567213,1693227831445,7,3,4
46934,1693227831445,1692255567218,1692255567221,1693227831453,8,3,5
46935,1693227831453,1692255567224,1692255567229,1693227831462,9,5,4
46936,1693227831462,1692255567234,1692255567237,1693227831469,7,3,4
46937,1693227831469,1692255567242,1692255567246,1693227831478,9,4,5
46938,1693227831478,1692255567251,1692255567255,1693227831487,9,4,5
46939,1693227831487,1692255567259,1692255567263,1693227831496,9,4,5
46940,1693227831496,1692255567268,1692255567271,1693227831503,7,3,4
46941,1693227831503,1692255567275,1692255567279,1693227831511,8,4,4
46942,1693227831511,1692255567284,1692255567287,1693227831520,9,3,6
46943,1693227831520,1692255567292,1692255567295,1693227831527,7,3,4
46944,1693227831527,1692255567300,1692255567303,1693227831535,8,3,5
46945,1693227831535,1692255567307,1692255567310,1693227831542,7,3,4
46946,1693227831542,1692255567314,1692255567317,1693227831549,7,3,4
46947,1693227831549,1692255567321,1692255567324,1693227831556,7,3,4
46948,1693227831556,1692255567328,1692255567332,1693227831564,8,4,4
46949,1693227831564,1692255567341,1692255567344,1693227831576,12,3,9
46950,1693227831576,1692255567348,1692255567351,1693227831584,8,3,5
46951,1693227831584,1692255567378,1692255567381,1693227831613,29,3,26
46952,1693227831613,1692255567385,1692255567388,1693227831620,7,3,4
46953,1693227831620,1692255567393,1692255567396,1693227831628,8,3,5
46954,1693227831628,1692255567400,1692255567404,1693227831636,8,4,4
46955,1693227831636,1692255567409,1692255567412,1693227831644,8,3,5
46956,1693227831644,1692255567417,1692255567420,1693227831653,9,3,6
46957,1693227831653,1692255567425,1692255567429,1693227831661,8,4,4
46958,1693227831661,1692255567433,1692255567436,1693227831668,7,3,4
46959,1693227831668,1692255567440,1692255567445,1693227831677,9,5,4
46960,1693227831677,1692255567449,1692255567452,1693227831905,228,3,225
46961,1693227831905,1692255567679,1692255567683,1693227831916,11,4,7
46962,1693227831916,1692255567688,1692255567692,1693227831924,8,4,4
46963,1693227831924,1692255567696,1692255567699,1693227831932,8,3,5
46964,1693227831932,1692255567703,1692255567707,1693227831939,7,4,3
46965,1693227831939,1692255567711,1692255567715,1693227831947,8,4,4
46966,1693227831947,1692255567719,1692255567722,1693227831955,8,3,5
46967,1693227831955,1692255567727,1692255567730,1693227831962,7,3,4
46968,1693227831963,1692255567735,1692255567738,1693227831970,7,3,4
46969,1693227831970,1692255567742,1692255567745,1693227831978,8,3,5
46970,1693227831978,1692255567750,1692255567753,1693227831985,7,3,4
46971,1693227831985,1692255567757,1692255567759,1693227831992,7,2,5
46972,1693227831992,1692255567764,1692255567769,1693227832004,12,5,7
46973,1693227832004,1692255567778,1692255567781,1693227832014,10,3,7
46974,1693227832014,1692255567787,1692255567790,1693227832022,8,3,5
46975,1693227832022,1692255567794,1692255567798,1693227832030,8,4,4
46976,1693227832030,1692255567803,1692255567806,1693227832060,30,3,27
46977,1693227832060,1692255567833,1692255567836,1693227832068,8,3,5
46978,1693227832068,1692255567840,1692255567844,1693227832076,8,4,4
46979,1693227832076,1692255567848,1692255567851,1693227832083,7,3,4
46980,1693227832083,1692255567855,1692255567857,1693227832090,7,2,5
46981,1693227832090,1692255567862,1692255567865,1693227832098,8,3,5
46982,1693227832098,1692255567871,1692255567874,1693227832106,8,3,5
46983,1693227832106,1692255567880,1692255567883,1693227832116,10,3,7
46984,1693227832116,1692255567889,1692255567892,1693227832124,8,3,5
46985,1693227832124,1692255567896,1692255567899,1693227832131,7,3,4
46986,1693227832131,1692255567904,1692255567907,1693227832140,9,3,6
46987,1693227832140,1692255567912,1692255567915,1693227832147,7,3,4
46988,1693227832147,1692255567919,1692255567922,1693227832155,8,3,5
46989,1693227832155,1692255567927,1692255567930,1693227832162,7,3,4
46990,1693227832162,1692255567934,1692255567937,1693227832169,7,3,4
46991,1693227832169,1692255567942,1692255567946,1693227832178,9,4,5
46992,1693227832178,1692255567950,1692255567953,1693227832185,7,3,4
46993,1693227832185,1692255567959,1692255567962,1693227832194,9,3,6
46994,1693227832194,1692255567968,1692255567971,1693227832204,10,3,7
46995,1693227832204,1692255567976,1692255567979,1693227832297,93,3,90
46996,1693227832297,1692255568069,1692255568072,1693227832305,8,3,5
46997,1693227832305,1692255568076,1692255568080,1693227832314,9,4,5
46998,1693227832314,1692255568088,1692255568092,1693227832324,10,4,6
46999,1693227832324,1692255568096,1692255568099,1693227832332,8,3,5
47000,1693227832332,1692255568103,1692255568106,1693227832339,7,3,4
47001,1693227832339,1692255568110,1692255568114,1693227832346,7,4,3
47002,1693227832346,1692255568118,1692255568121,1693227832354,8,3,5
47003,1693227832354,1692255568127,1692255568130,1693227832362,8,3,5
47004,1693227832362,1692255568139,1692255568142,1693227832395,33,3,30
47005,1693227832395,1692255568167,1692255568171,1693227832404,9,4,5
47006,1693227832404,1692255568177,1692255568180,1693227832412,8,3,5
47007,1693227832412,1692255568187,1692255568190,1693227832423,11,3,8
47008,1693227832423,1692255568195,1692255568199,1693227832431,8,4,4
47009,1693227832431,1692255568203,1692255568209,1693227832442,11,6,5
47010,1693227832442,1692255568215,1692255568218,1693227832450,8,3,5
47011,1693227832450,1692255568223,1692255568226,1693227832458,8,3,5
47012,1693227832458,1692255568231,1692255568235,1693227832468,10,4,6
47013,1693227832468,1692255568240,1692255568243,1693227832476,8,3,5
47014,1693227832476,1692255568249,1692255568252,1693227832493,17,3,14
47015,1693227832493,1692255568280,1692255568283,1693227832515,22,3,19
47016,1693227832515,1692255568290,1692255568293,1693227832525,10,3,7
47017,1693227832525,1692255568297,1692255568300,1693227832532,7,3,4
47018,1693227832532,1692255568305,1692255568307,1693227832540,8,2,6
47019,1693227832540,1692255568313,1692255568316,1693227832548,8,3,5
47020,1693227832548,1692255568321,1692255568324,1693227832557,9,3,6
47021,1693227832557,1692255568329,1692255568331,1693227832564,7,2,5
47022,1693227832564,1692255568336,1692255568340,1693227832577,13,4,9
47023,1693227832577,1692255568349,1692255568352,1693227832584,7,3,4
47024,1693227832584,1692255568358,1692255568360,1693227832593,9,2,7
47025,1693227832593,1692255568365,1692255568368,1693227832607,14,3,11
47026,1693227832607,1692255568379,1692255568383,1693227832616,9,4,5
47027,1693227832616,1692255568388,1692255568392,1693227832624,8,4,4
47028,1693227832624,1692255568396,1692255568399,1693227832632,8,3,5
47029,1693227832632,1692255568404,1692255568407,1693227832639,7,3,4
47030,1693227832639,1692255568412,1692255568414,1693227832646,7,2,5
47031,1693227832646,1692255568421,1692255568424,1693227832656,10,3,7
47032,1693227832656,1692255568428,1692255568432,1693227832664,8,4,4
47033,1693227832664,1692255568437,1692255568439,1693227832672,8,2,6
47034,1693227832672,1692255568444,1692255568447,1693227832680,8,3,5
47035,1693227832680,1692255568453,1692255568457,1693227832689,9,4,5
47036,1693227832689,1692255568460,1692255568464,1693227832696,7,4,3
47037,1693227832696,1692255568468,1692255568471,1693227832703,7,3,4
47038,1693227832703,1692255568476,1692255568479,1693227832731,28,3,25
47039,1693227832731,1692255568503,1692255568506,1693227832952,221,3,218
47040,1693227832952,1692255568727,1692255568731,1693227832963,11,4,7
47041,1693227832963,1692255568735,1692255568738,1693227832971,8,3,5
47042,1693227832971,1692255568744,1692255568748,1693227832980,9,4,5
47043,1693227832980,1692255568752,1692255568756,1693227832987,7,4,3
47044,1693227833180,1692255568953,1692255568958,1693227833191,11,5,6
47045,1693227833191,1692255568964,1692255568970,1693227833209,18,6,12
47046,1693227833209,1692255568982,1692255568987,1693227833219,10,5,5
47047,1693227833219,1692255569000,1692255569004,1693227833238,19,4,15
47048,1693227833238,1692255569011,1692255569015,1693227833248,10,4,6
47049,1693227833248,1692255569023,1692255569027,1693227833346,98,4,94
47050,1693227833346,1692255569120,1692255569125,1693227833358,12,5,7
47051,1693227833358,1692255569131,1692255569136,1693227833369,11,5,6
47052,1693227833369,1692255569142,1692255569147,1693227833380,11,5,6
47053,1693227833380,1692255569152,1692255569156,1693227833388,8,4,4
47054,1693227833388,1692255569162,1692255569166,1693227833399,11,4,7
47055,1693227833399,1692255569172,1692255569175,1693227833408,9,3,6
47056,1693227833408,1692255569181,1692255569187,1693227833420,12,6,6
47057,1693227833420,1692255569193,1692255569197,1693227833429,9,4,5
47058,1693227833429,1692255569202,1692255569207,1693227833441,12,5,7
47059,1693227833441,1692255569214,1692255569218,1693227833451,10,4,6
47060,1693227833451,1692255569225,1692255569229,1693227833461,10,4,6
47061,1693227833461,1692255569234,1692255569238,1693227833470,9,4,5
47062,1693227833470,1692255569244,1692255569247,1693227833480,10,3,7
47063,1693227833480,1692255569256,1692255569261,1693227833494,14,5,9
47064,1693227833494,1692255569269,1692255569274,1693227833507,13,5,8
47065,1693227833507,1692255569280,1692255569293,1693227833525,18,13,5
47066,1693227833525,1692255569299,1692255569303,1693227833536,11,4,7
47067,1693227833536,1692255569310,1692255569315,1693227833547,11,5,6
47068,1693227833547,1692255569321,1692255569326,1693227833559,12,5,7
47069,1693227833559,1692255569332,1692255569336,1693227833569,10,4,6
47070,1693227833569,1692255569343,1692255569349,1693227833583,14,6,8
47071,1693227833583,1692255569357,1692255569362,1693227833595,12,5,7
47072,1693227833595,1692255569369,1692255569374,1693227833607,12,5,7
47073,1693227833607,1692255569381,1692255569386,1693227833635,28,5,23
47074,1693227833635,1692255569409,1692255569414,1693227833647,12,5,7
47075,1693227833647,1692255569421,1692255569426,1693227833658,11,5,6
47076,1693227833658,1692255569434,1692255569439,1693227833672,14,5,9
47077,1693227833672,1692255569446,1692255569450,1693227833682,10,4,6
47078,1693227833682,1692255569456,1692255569461,1693227833693,11,5,6
47079,1693227833693,1692255569467,1692255569472,1693227833704,11,5,6
47080,1693227833704,1692255569483,1692255569487,1693227833719,15,4,11
47081,1693227833719,1692255569493,1692255569498,1693227833731,12,5,7
47082,1693227833731,1692255569505,1692255569510,1693227833743,12,5,7
47083,1693227833743,1692255569517,1692255569526,1693227833758,15,9,6
47084,1693227833758,1692255569532,1692255569537,1693227833769,11,5,6
47085,1693227833769,1692255569544,1692255569549,1693227834002,233,5,228
47086,1693227834002,1692255569776,1692255569781,1693227834014,12,5,7
47087,1693227834014,1692255569787,1692255569792,1693227834024,10,5,5
47088,1693227834024,1692255569797,1692255569802,1693227834034,10,5,5
47089,1693227834034,1692255569807,1692255569811,1693227834043,9,4,5
47090,1693227834043,1692255569816,1692255569820,1693227834052,9,4,5
47091,1693227834052,1692255569827,1692255569831,1693227834080,28,4,24
47092,1693227834080,1692255569855,1692255569859,1693227834092,12,4,8
47093,1693227834092,1692255569865,1692255569868,1693227834101,9,3,6
47094,1693227834101,1692255569875,1692255569882,1693227834115,14,7,7
47095,1693227834115,1692255569888,1692255569891,1693227834125,10,3,7
47096,1693227834125,1692255569897,1692255569902,1693227834134,9,5,4
47097,1693227834134,1692255569907,1692255569911,1693227834143,9,4,5
47098,1693227834143,1692255569918,1692255569922,1693227834155,12,4,8
47099,1693227834155,1692255569929,1692255569934,1693227834166,11,5,6
47100,1693227834166,1692255569939,1692255569944,1693227834177,11,5,6
47101,1693227834177,1692255569950,1692255569954,1693227834187,10,4,6
47102,1693227834187,1692255569961,1692255569966,1693227834198,11,5,6
47103,1693227834198,1692255569971,1692255569976,1693227834208,10,5,5
47104,1693227834208,1692255569981,1692255569985,1693227834218,10,4,6
47105,1693227834218,1692255569992,1692255569996,1693227834229,11,4,7
47106,1693227834229,1692255570002,1692255570006,1693227834239,10,4,6
47107,1693227834239,1692255570018,1692255570022,1693227834255,16,4,12
47108,1693227834255,1692255570028,1692255570033,1693227834265,10,5,5
47109,1693227834265,1692255570038,1692255570043,1693227834276,11,5,6
47110,1693227834276,1692255570050,1692255570054,1693227834288,12,4,8
47111,1693227834288,1692255570061,1692255570066,1693227834298,10,5,5
47112,1693227834298,1692255570071,1692255570074,1693227834391,93,3,90
47113,1693227834391,1692255570189,1692255570193,1693227834426,35,4,31
47114,1693227834426,1692255570199,1692255570203,1693227834435,9,4,5
47115,1693227834435,1692255570208,1692255570212,1693227834444,9,4,5
47116,1693227834444,1692255570217,1692255570221,1693227834454,10,4,6
47117,1693227834454,1692255570227,1692255570231,1693227834465,11,4,7
47118,1693227834465,1692255570239,1692255570243,1693227834476,11,4,7
47119,1693227834476,1692255570249,1692255570257,1693227834490,14,8,6
47120,1693227834490,1692255570265,1692255570270,1693227834503,13,5,8
47121,1693227834503,1692255570276,1692255570280,1693227834513,10,4,6
47122,1693227834513,1692255570286,1692255570293,1693227834525,12,7,5
47123,1693227834525,1692255570298,1692255570303,1693227834535,10,5,5
47124,1693227834535,1692255570308,1692255570312,1693227834545,10,4,6
47125,1693227834545,1692255570318,1692255570322,1693227834555,10,4,6
47126,1693227834555,1692255570327,1692255570332,1693227834564,9,5,4
47127,1693227834564,1692255570339,1692255570343,1693227834576,12,4,8
47128,1693227834576,1692255570348,1692255570353,1693227834589,13,5,8
47129,1693227834589,1692255570362,1692255570366,1693227834606,17,4,13
47130,1693227834606,1692255570383,1692255570387,1693227834619,13,4,9
47131,1693227834619,1692255570392,1692255570397,1693227834630,11,5,6
47132,1693227834630,1692255570404,1692255570409,1693227834642,12,5,7
47133,1693227834642,1692255570415,1692255570419,1693227834652,10,4,6
47134,1693227834652,1692255570426,1692255570430,1693227834662,10,4,6
47135,1693227834662,1692255570435,1692255570439,1693227834671,9,4,5
47136,1693227834671,1692255570444,1692255570448,1693227834680,9,4,5
47137,1693227834680,1692255570453,1692255570456,1693227834689,9,3,6
47138,1693227834689,1692255570462,1692255570465,1693227834699,10,3,7
47139,1693227834699,1692255570472,1692255570475,1693227834708,9,3,6
47140,1693227834708,1692255570481,1692255570485,1693227834717,9,4,5
47141,1693227834717,1692255570490,1692255570493,1693227834725,8,3,5
47142,1693227834725,1692255570498,1692255570502,1693227834755,30,4,26
47143,1693227834755,1692255570529,1692255570533,1693227834766,11,4,7
47144,1693227834766,1692255570539,1692255570543,1693227834775,9,4,5
47145,1693227834775,1692255570547,1692255570551,1693227834787,12,4,8
47146,1693227834787,1692255570560,1692255570563,1693227834796,9,3,6
47147,1693227834796,1692255570571,1692255570574,1693227834807,11,3,8
47148,1693227834807,1692255570579,1692255570582,1693227834814,7,3,4
47149,1693227834814,1692255570587,1692255570591,1693227834823,9,4,5
47150,1693227834824,1692255570597,1692255570600,1693227835049,225,3,222
47151,1693227835049,1692255570823,1692255570827,1693227835059,10,4,6
47152,1693227835059,1692255570832,1692255570835,1693227835067,8,3,5
47153,1693227835067,1692255570840,1692255570843,1693227835076,9,3,6
47154,1693227835076,1692255570850,1692255570854,1693227835086,10,4,6
47155,1693227835086,1692255570858,1692255570863,1693227835095,9,5,4
47156,1693227835095,1692255570867,1692255570871,1693227835103,8,4,4
47157,1693227835103,1692255570878,1692255570883,1693227835116,13,5,8
47158,1693227835116,1692255570888,1692255570893,1693227835125,9,5,4
47159,1693227835125,1692255570899,1692255570903,1693227835135,10,4,6
47160,1693227835135,1692255570908,1692255570912,1693227835144,9,4,5
47161,1693227835144,1692255570917,1692255570920,1693227835153,9,3,6
47162,1693227835153,1692255570926,1692255570930,1693227835162,9,4,5
47163,1693227835162,1692255570936,1692255570939,1693227835172,10,3,7
47164,1693227835172,1692255570945,1692255570948,1693227835190,18,3,15
47165,1693227835190,1692255570976,1692255570980,1693227835212,22,4,18
47166,1693227835212,1692255570984,1692255570987,1693227835220,8,3,5
47167,1693227835220,1692255570992,1692255570996,1693227835228,8,4,4
47168,1693227835228,1692255571001,1692255571005,1693227835238,10,4,6
47169,1693227835238,1692255571011,1692255571014,1693227835246,8,3,5
47170,1693227835246,1692255571019,1692255571023,1693227835255,9,4,5
47171,1693227835255,1692255571027,1692255571030,1693227835262,7,3,4
47172,1693227835262,1692255571035,1692255571038,1693227835271,9,3,6
47173,1693227835271,1692255571043,1692255571047,1693227835279,8,4,4
47174,1693227835279,1692255571055,1692255571059,1693227835291,12,4,8
47175,1693227835291,1692255571066,1692255571070,1693227835303,12,4,8
47176,1693227835303,1692255571076,1692255571081,1693227835313,10,5,5
47177,1693227835313,1692255571087,1692255571091,1693227835323,10,4,6
47178,1693227835323,1692255571096,1692255571100,1693227835332,9,4,5
47179,1693227835332,1692255571104,1692255571108,1693227835340,8,4,4
47180,1693227835340,1692255571113,1692255571116,1693227835348,8,3,5
47181,1693227835348,1692255571121,1692255571125,1693227835442,94,4,90
47182,1693227835442,1692255571215,1692255571219,1693227835452,10,4,6
47183,1693227835452,1692255571225,1692255571228,1693227835464,12,3,9
47184,1693227835464,1692255571238,1692255571241,1693227835474,10,3,7
47185,1693227835474,1692255571247,1692255571251,1693227835485,11,4,7
47186,1693227835485,1692255571263,1692255571267,1693227835499,14,4,10
47187,1693227835500,1692255571273,1692255571276,1693227835509,9,3,6
47188,1693227835509,1692255571282,1692255571285,1693227835518,9,3,6
47189,1693227835518,1692255571325,1692255571329,1693227835561,43,4,39
47190,1693227835561,1692255571334,1692255571337,1693227835570,9,3,6
47191,1693227835570,1692255571343,1692255571347,1693227835579,9,4,5
47192,1693227835579,1692255571352,1692255571358,1693227835595,16,6,10
47193,1693227835595,1692255571369,1692255571373,1693227835606,11,4,7
47194,1693227835606,1692255571379,1692255571383,1693227835616,10,4,6
47195,1693227835616,1692255571389,1692255571393,1693227835625,9,4,5
47196,1693227835625,1692255571398,1692255571403,1693227835654,29,5,24
47197,1693227835654,1692255571427,1692255571431,1693227835664,10,4,6
47198,1693227835664,1692255571437,1692255571442,1693227835674,10,5,5
47199,1693227835674,1692255571447,1692255571451,1693227835684,10,4,6
47200,1693227835684,1692255571457,1692255571461,1693227835693,9,4,5
47201,1693227835693,1692255571466,1692255571471,1693227835703,10,5,5
47202,1693227835703,1692255571476,1692255571480,1693227835713,10,4,6
47203,1693227835713,1692255571486,1692255571490,1693227835723,10,4,6
47204,1693227835723,1692255571495,1692255571500,1693227835732,9,5,4
47205,1693227835732,1692255571504,1692255571508,1693227835741,9,4,5
47206,1693227835741,1692255571514,1692255571518,1693227835751,10,4,6
47207,1693227835751,1692255571524,1692255571528,1693227835760,9,4,5
47208,1693227835760,1692255571535,1692255571540,1693227835772,12,5,7
47209,1693227835772,1692255571544,1692255571548,1693227835781,9,4,5
47210,1693227835781,1692255571554,1692255571557,1693227835790,9,3,6
47211,1693227835790,1692255571562,1692255571565,1693227835797,7,3,4
47212,1693227835797,1692255571570,1692255571574,1693227835807,10,4,6
47213,1693227835807,1692255571579,1692255571583,1693227835815,8,4,4
47214,1693227835815,1692255571588,1692255571592,1693227835824,9,4,5
47215,1693227835824,1692255571598,1692255571602,1693227835834,10,4,6
47216,1693227835834,1692255571607,1692255571611,1693227835844,10,4,6
47217,1693227835844,1692255571616,1692255571621,1693227835853,9,5,4
47218,1693227835853,1692255571649,1692255571653,1693227836098,245,4,241
47219,1693227836098,1692255571876,1692255571881,1693227836113,15,5,10
47220,1693227836113,1692255571886,1692255571891,1693227836123,10,5,5
47221,1693227836123,1692255571896,1692255571901,1693227836133,10,5,5
47222,1693227836133,1692255571907,1692255571912,1693227836144,11,5,6
47223,1693227836144,1692255571917,1692255571921,1693227836154,10,4,6
47224,1693227836154,1692255571932,1692255571937,1693227836170,16,5,11
47225,1693227836170,1692255571943,1692255571947,1693227836179,9,4,5
47226,1693227836179,1692255571953,1692255571957,1693227836189,10,4,6
47227,1693227836189,1692255571965,1692255571969,1693227836201,12,4,8
47228,1693227836201,1692255571977,1692255571980,1693227836212,11,3,8
47229,1693227836212,1692255571985,1692255571992,1693227836224,12,7,5
47230,1693227836224,1692255571997,1692255572001,1693227836233,9,4,5
47231,1693227836233,1692255572006,1692255572011,1693227836243,10,5,5
47232,1693227836243,1692255572016,1692255572021,1693227836253,10,5,5
47233,1693227836253,1692255572027,1692255572032,1693227836264,11,5,6
47234,1693227836264,1692255572039,1692255572044,1693227836276,12,5,7
47235,1693227836276,1692255572050,1692255572055,1693227836287,11,5,6
47236,1693227836287,1692255572061,1692255572066,1693227836298,11,5,6
47237,1693227836298,1692255572072,1692255572079,1693227836326,28,7,21
47238,1693227836326,1692255572101,1692255572107,1693227836339,13,6,7
47239,1693227836339,1692255572112,1692255572117,1693227836349,10,5,5
47240,1693227836349,1692255572122,1692255572126,1693227836357,8,4,4
47241,1693227836357,1692255572131,1692255572135,1693227836367,10,4,6
47242,1693227836367,1692255572140,1692255572145,1693227836377,10,5,5
47243,1693227836377,1692255572151,1692255572156,1693227836388,11,5,6
47244,1693227836388,1692255572161,1692255572165,1693227836396,8,4,4
47245,1693227836396,1692255572169,1692255572173,1693227836491,95,4,91
47246,1693227836491,1692255572265,1692255572271,1693227836503,12,6,6
47247,1693227836503,1692255572277,1692255572282,1693227836514,11,5,6
47248,1693227836514,1692255572287,1692255572291,1693227836524,10,4,6
47249,1693227836524,1692255572296,1692255572300,1693227836532,8,4,4
47250,1693227836532,1692255572305,1692255572309,1693227836540,8,4,4
47251,1693227836541,1692255572314,1692255572317,1693227836549,8,3,5
47252,1693227836549,1692255572322,1692255572326,1693227836558,9,4,5
47253,1693227836558,1692255572331,1692255572336,1693227836567,9,5,4
47254,1693227836567,1692255572340,1692255572344,1693227836576,9,4,5
47255,1693227836576,1692255572349,1692255572353,1693227836585,9,4,5
47256,1693227836585,1692255572359,1692255572362,1693227836594,9,3,6
47257,1693227836594,1692255572372,1692255572375,1693227836607,13,3,10
47258,1693227836607,1692255572380,1692255572384,1693227836616,9,4,5
47259,1693227836616,1692255572389,1692255572394,1693227836626,10,5,5
47260,1693227836626,1692255572399,1692255572403,1693227836635,9,4,5
47261,1693227836635,1692255572409,1692255572414,1693227836646,11,5,6
47262,1693227836646,1692255572420,1692255572425,1693227836657,11,5,6
47263,1693227836657,1692255572433,1692255572438,1693227836670,13,5,8
47264,1693227836670,1692255572444,1692255572449,1693227836681,11,5,6
47265,1693227836681,1692255572454,1692255572459,1693227836691,10,5,5
47266,1693227836691,1692255572464,1692255572470,1693227836702,11,6,5
47267,1693227836702,1692255572475,1692255572479,1693227836711,9,4,5
47268,1693227836711,1692255572484,1692255572487,1693227836719,8,3,5
47269,1693227836719,1692255572492,1692255572496,1693227836728,9,4,5
47270,1693227836728,1692255572501,1692255572505,1693227836737,9,4,5
47271,1693227836737,1692255572510,1692255572514,1693227836746,9,4,5
47272,1693227836746,1692255572522,1692255572527,1693227836778,32,5,27
47273,1693227836778,1692255572552,1692255572556,1693227836788,10,4,6
47274,1693227836788,1692255572561,1692255572565,1693227836797,9,4,5
47275,1693227836797,1692255572570,1692255572573,1693227836805,8,3,5
47276,1693227836805,1692255572579,1692255572583,1693227836815,10,4,6
47277,1693227836815,1692255572588,1692255572592,1693227836824,9,4,5
47278,1693227836824,1692255572597,1692255572601,1693227836833,9,4,5
47279,1693227836833,1692255572606,1692255572611,1693227836843,10,5,5
47280,1693227836843,1692255572616,1692255572620,1693227836852,9,4,5
47281,1693227836852,1692255572625,1692255572629,1693227836861,9,4,5
47282,1693227836861,1692255572634,1692255572638,1693227836870,9,4,5
47283,1693227836870,1692255572644,1692255572648,1693227836880,10,4,6
47284,1693227836880,1692255572653,1692255572657,1693227836889,9,4,5
47285,1693227836889,1692255572663,1692255572668,1693227836900,11,5,6
47286,1693227836900,1692255572675,1692255572679,1693227836911,11,4,7
47287,1693227836911,1692255572684,1692255572689,1693227836922,11,5,6
47288,1693227836922,1692255572927,1692255572931,1693227837163,241,4,237
47289,1693227837163,1692255572936,1692255572940,1693227837172,9,4,5
47290,1693227837172,1692255572948,1692255572952,1693227837184,12,4,8
47291,1693227837184,1692255572957,1692255572961,1693227837193,9,4,5
47292,1693227837193,1692255572966,1692255572971,1693227837203,10,5,5
47293,1693227837203,1692255573002,1692255573006,1693227837238,35,4,31
47294,1693227837238,1692255573011,1692255573016,1693227837248,10,5,5
47295,1693227837248,1692255573021,1692255573026,1693227837258,10,5,5
47296,1693227837258,1692255573031,1692255573036,1693227837269,11,5,6
47297,1693227837269,1692255573043,1692255573048,1693227837280,11,5,6
47298,1693227837280,1692255573053,1692255573058,1693227837290,10,5,5
47299,1693227837290,1692255573063,1692255573068,1693227837300,10,5,5
47300,1693227837300,1692255573073,1692255573078,1693227837310,10,5,5
47301,1693227837310,1692255573085,1692255573090,1693227837322,12,5,7
47302,1693227837322,1692255573095,1692255573100,1693227837333,11,5,6
47303,1693227837333,1692255573107,1692255573114,1693227837346,13,7,6
47304,1693227837346,1692255573122,1692255573127,1693227837359,13,5,8
47305,1693227837359,1692255573136,1692255573140,1693227837375,16,4,12
47306,1693227837375,1692255573149,1692255573154,1693227837386,11,5,6
47307,1693227837386,1692255573160,1692255573165,1693227837397,11,5,6
47308,1693227837397,1692255573170,1692255573176,1693227837408,11,6,5
47309,1693227837408,1692255573182,1692255573188,1693227837420,12,6,6
47310,1693227837420,1692255573193,1692255573198,1693227837431,11,5,6
47311,1693227837431,1692255573206,1692255573212,1693227837444,13,6,7
47312,1693227837444,1692255573219,1692255573223,1693227837537,93,4,89
47313,1693227837537,1692255573311,1692255573319,1693227837563,26,8,18
47314,1693227837563,1692255573338,1692255573343,1693227837575,12,5,7
47315,1693227837575,1692255573348,1692255573354,1693227837586,11,6,5
47316,1693227837586,1692255573359,1692255573364,1693227837597,11,5,6
47317,1693227837597,1692255573370,1692255573375,1693227837608,11,5,6
47318,1693227837608,1692255573385,1692255573389,1693227837621,13,4,9
47319,1693227837621,1692255573395,1692255573400,1693227837632,11,5,6
47320,1693227837632,1692255573405,1692255573409,1693227837641,9,4,5
47321,1693227837641,1692255573414,1692255573419,1693227837651,10,5,5
47322,1693227837651,1692255573425,1692255573429,1693227837662,11,4,7
47323,1693227837662,1692255573436,1692255573441,1693227837673,11,5,6
47324,1693227837673,1692255573446,1692255573450,1693227837682,9,4,5
47325,1693227837682,1692255573456,1692255573460,1693227837692,10,4,6
47326,1693227837692,1692255573465,1692255573470,1693227837702,10,5,5
47327,1693227837702,1692255573474,1692255573478,1693227837710,8,4,4
47328,1693227837710,1692255573483,1692255573490,1693227837722,12,7,5
47329,1693227837722,1692255573495,1692255573499,1693227837730,8,4,4
47330,1693227837731,1692255573503,1692255573507,1693227837741,10,4,6
47331,1693227837741,1692255573514,1692255573518,1693227837750,9,4,5
47332,1693227837750,1692255573523,1692255573528,1693227837760,10,5,5
47333,1693227837760,1692255573538,1692255573543,1693227837775,15,5,10
47334,1693227837775,1692255573548,1692255573554,1693227837786,11,6,5
47335,1693227837786,1692255573559,1692255573564,1693227837796,10,5,5
47336,1693227837796,1692255573571,1692255573575,1693227837807,11,4,7
47337,1693227837807,1692255573588,1692255573593,1693227837825,18,5,13
47338,1693227837825,1692255573598,1692255573607,1693227837839,14,9,5
47339,1693227837839,1692255573612,1692255573617,1693227837849,10,5,5
47340,1693227837849,1692255573622,1692255573627,1693227837859,10,5,5
47341,1693227837859,1692255573633,1692255573637,1693227837870,11,4,7
47342,1693227837870,1692255573644,1692255573649,1693227837903,33,5,28
47343,1693227837903,1692255573677,1692255573682,1693227837914,11,5,6
47344,1693227837914,1692255573688,1692255573693,1693227837925,11,5,6
47345,1693227837925,1692255573698,1692255573702,1693227837934,9,4,5
47346,1693227837934,1692255573707,1692255573712,1693227837946,12,5,7
47347,1693227837946,1692255573719,1692255573725,1693227837957,11,6,5
47348,1693227837957,1692255573731,1692255573735,1693227837967,10,4,6
47349,1693227837967,1692255573741,1692255573746,1693227838194,227,5,222
47350,1693227838194,1692255573969,1692255573973,1693227838205,11,4,7
47351,1693227838205,1692255573978,1692255573982,1693227838214,9,4,5
47352,1693227838214,1692255573987,1692255573991,1693227838223,9,4,5
47353,1693227838223,1692255573996,1692255574000,1693227838233,10,4,6
47354,1693227838233,1692255574006,1692255574011,1693227838243,10,5,5
47355,1693227838243,1692255574016,1692255574020,1693227838253,10,4,6
47356,1693227838253,1692255574026,1692255574031,1693227838263,10,5,5
47357,1693227838263,1692255574036,1692255574041,1693227838273,10,5,5
47358,1693227838273,1692255574046,1692255574051,1693227838284,11,5,6
47359,1693227838284,1692255574057,1692255574061,1693227838293,9,4,5
47360,1693227838293,1692255574065,1692255574069,1693227838301,8,4,4
47361,1693227838301,1692255574074,1692255574081,1693227838313,12,7,5
47362,1693227838313,1692255574086,1692255574089,1693227838321,8,3,5
47363,1693227838321,1692255574094,1692255574098,1693227838349,28,4,24
47364,1693227838349,1692255574123,1692255574129,1693227838361,12,6,6
47365,1693227838361,1692255574143,1692255574147,1693227838379,18,4,14
47366,1693227838379,1692255574154,1692255574159,1693227838391,12,5,7
47367,1693227838391,1692255574164,1692255574168,1693227838400,9,4,5
47368,1693227838400,1692255574174,1692255574178,1693227838410,10,4,6
47369,1693227838410,1692255574183,1692255574188,1693227838420,10,5,5
47370,1693227838420,1692255574194,1692255574198,1693227838430,10,4,6
47371,1693227838430,1692255574204,1692255574210,1693227838442,12,6,6
47372,1693227838442,1692255574215,1692255574219,1693227838451,9,4,5
47373,1693227838451,1692255574224,1692255574229,1693227838461,10,5,5
47374,1693227838461,1692255574235,1692255574239,1693227838471,10,4,6
47375,1693227838471,1692255574246,1692255574253,1693227838486,15,7,8
47376,1693227838486,1692255574258,1692255574262,1693227838494,8,4,4
47377,1693227838494,1692255574268,1692255574272,1693227838588,94,4,90
47378,1693227838588,1692255574362,1692255574368,1693227838599,11,6,5
47379,1693227838599,1692255574373,1692255574378,1693227838612,13,5,8
47380,1693227838612,1692255574387,1692255574392,1693227838625,13,5,8
47381,1693227838625,1692255574398,1692255574402,1693227838634,9,4,5
47382,1693227838634,1692255574408,1692255574412,1693227838645,11,4,7
47383,1693227838645,1692255574418,1692255574423,1693227838655,10,5,5
47384,1693227838655,1692255574428,1692255574432,1693227838671,16,4,12
47385,1693227838671,1692255574458,1692255574463,1693227838695,24,5,19
47386,1693227838695,1692255574468,1692255574471,1693227838703,8,3,5
47387,1693227838703,1692255574476,1692255574481,1693227838712,9,5,4
47388,1693227838712,1692255574485,1692255574490,1693227838722,10,5,5
47389,1693227838722,1692255574495,1692255574500,1693227838732,10,5,5
47390,1693227838732,1692255574505,1692255574509,1693227838741,9,4,5
47391,1693227838741,1692255574515,1692255574519,1693227838751,10,4,6
47392,1693227838751,1692255574524,1692255574528,1693227838760,9,4,5
47393,1693227838760,1692255574534,1692255574538,1693227838770,10,4,6
47394,1693227838770,1692255574543,1692255574548,1693227838800,30,5,25
47395,1693227838800,1692255574574,1692255574578,1693227838810,10,4,6
47396,1693227838810,1692255574583,1692255574587,1693227838819,9,4,5
47397,1693227838819,1692255574592,1692255574596,1693227838828,9,4,5
47398,1693227838828,1692255574601,1692255574606,1693227838838,10,5,5
47399,1693227838838,1692255574612,1692255574616,1693227838849,11,4,7
47400,1693227838849,1692255574622,1692255574626,1693227838858,9,4,5
47401,1693227838858,1692255574632,1692255574636,1693227838868,10,4,6
47402,1693227838868,1692255574642,1692255574646,1693227838879,11,4,7
47403,1693227838879,1692255574653,1692255574657,1693227838889,10,4,6
47404,1693227838889,1692255574662,1692255574667,1693227838898,9,5,4
47405,1693227838898,1692255574673,1692255574677,1693227838909,11,4,7
47406,1693227838909,1692255574683,1692255574687,1693227838919,10,4,6
47407,1693227838919,1692255574693,1692255574698,1693227838931,12,5,7
47408,1693227838931,1692255574704,1692255574709,1693227838942,11,5,6
47409,1693227838942,1692255574715,1692255574720,1693227838952,10,5,5
47410,1693227838952,1692255574725,1692255574729,1693227838961,9,4,5
47411,1693227838961,1692255574735,1692255574739,1693227838972,11,4,7
47412,1693227838972,1692255574746,1692255574753,1693227838985,13,7,6
47413,1693227838985,1692255574758,1692255574762,1693227838994,9,4,5
47414,1693227838994,1692255574767,1692255574771,1693227839022,28,4,24
47415,1693227839022,1692255574796,1692255574800,1693227839244,222,4,218
47416,1693227839244,1692255575018,1692255575022,1693227839255,11,4,7
47417,1693227839255,1692255575028,1692255575034,1693227839266,11,6,5
47418,1693227839266,1692255575040,1692255575044,1693227839277,11,4,7
47419,1693227839277,1692255575051,1692255575056,1693227839288,11,5,6
47420,1693227839288,1692255575061,1692255575065,1693227839297,9,4,5
47421,1693227839297,1692255575070,1692255575075,1693227839306,9,5,4
47422,1693227839306,1692255575080,1692255575084,1693227839315,9,4,5
47423,1693227839315,1692255575089,1692255575093,1693227839325,10,4,6
47424,1693227839325,1692255575098,1692255575103,1693227839334,9,5,4
47425,1693227839334,1692255575109,1692255575113,1693227839345,11,4,7
47426,1693227839345,1692255575118,1692255575123,1693227839355,10,5,5
47427,1693227839355,1692255575128,1692255575132,1693227839364,9,4,5
47428,1693227839364,1692255575138,1692255575145,1693227839380,16,7,9
47429,1693227839380,1692255575154,1692255575159,1693227839391,11,5,6
47430,1693227839391,1692255575163,1692255575167,1693227839399,8,4,4
47431,1693227839399,1692255575172,1692255575176,1693227839408,9,4,5
47432,1693227839408,1692255575181,1692255575185,1693227839417,9,4,5
47433,1693227839417,1692255575190,1692255575194,1693227839427,10,4,6
47434,1693227839427,1692255575200,1692255575204,1693227839436,9,4,5
47435,1693227839436,1692255575211,1692255575215,1693227839447,11,4,7
47436,1693227839447,1692255575241,1692255575246,1693227839478,31,5,26
47437,1693227839478,1692255575254,1692255575259,1693227839491,13,5,8
47438,1693227839491,1692255575264,1692255575269,1693227839501,10,5,5
47439,1693227839501,1692255575275,1692255575279,1693227839511,10,4,6
47440,1693227839511,1692255575284,1692255575288,1693227839520,9,4,5
47441,1693227839520,1692255575294,1692255575298,1693227839530,10,4,6
47442,1693227839530,1692255575303,1692255575307,1693227839539,9,4,5
47443,1693227839539,1692255575313,1692255575317,1693227839637,98,4,94
47444,1693227839637,1692255575410,1692255575414,1693227839646,9,4,5
47445,1693227839646,1692255575420,1692255575424,1693227839656,10,4,6
47446,1693227839656,1692255575435,1692255575440,1693227839672,16,5,11
47447,1693227839672,1692255575445,1692255575450,1693227839682,10,5,5
47448,1693227839682,1692255575455,1692255575463,1693227839695,13,8,5
47449,1693227839695,1692255575468,1692255575472,1693227839704,9,4,5
47450,1693227839704,1692255575478,1692255575483,1693227839715,11,5,6
47451,1693227839715,1692255575488,1692255575492,1693227839724,9,4,5
47452,1693227839724,1692255575498,1692255575502,1693227839734,10,4,6
47453,1693227839734,1692255575507,1692255575512,1693227839744,10,5,5
47454,1693227839744,1692255575517,1692255575521,1693227839753,9,4,5
47455,1693227839753,1692255575526,1692255575531,1693227839762,9,5,4
47456,1693227839762,1692255575536,1692255575541,1693227839773,11,5,6
47457,1693227839773,1692255575546,1692255575550,1693227839782,9,4,5
47458,1693227839782,1692255575556,1692255575561,1693227839793,11,5,6
47459,1693227839793,1692255575566,1692255575570,1693227839802,9,4,5
47460,1693227839802,1692255575576,1692255575580,1693227839812,10,4,6
47461,1693227839812,1692255575587,1692255575591,1693227839823,11,4,7
47462,1693227839823,1692255575598,1692255575602,1693227839834,11,4,7
47463,1693227839834,1692255575607,1692255575611,1693227839843,9,4,5
47464,1693227839843,1692255575618,1692255575622,1693227839854,11,4,7
47465,1693227839854,1692255575627,1692255575632,1693227839863,9,5,4
47466,1693227839863,1692255575637,1692255575641,1693227839873,10,4,6
47467,1693227839873,1692255575646,1692255575650,1693227839882,9,4,5
47468,1693227839882,1692255575655,1692255575660,1693227839892,10,5,5
47469,1693227839892,1692255575665,1692255575671,1693227839910,18,6,12
47470,1693227839910,1692255575698,1692255575702,1693227839934,24,4,20
47471,1693227839934,1692255575708,1692255575713,1693227839945,11,5,6
47472,1693227839945,1692255575718,1692255575723,1693227839956,11,5,6
47473,1693227839956,1692255575729,1692255575734,1693227839966,10,5,5
47474,1693227839966,1692255575740,1692255575744,1693227839976,10,4,6
47475,1693227839976,1692255575751,1692255575756,1693227839988,12,5,7
47476,1693227839988,1692255575761,1692255575766,1693227839998,10,5,5
47477,1693227839998,1692255575771,1692255575776,1693227840008,10,5,5
47478,1693227840008,1692255575782,1692255575787,1693227840019,11,5,6
47479,1693227840019,1692255575794,1692255575799,1693227840030,11,5,6
47480,1693227840030,1692255575804,1692255575808,1693227840040,10,4,6
47481,1693227840040,1692255575813,1692255575817,1693227840049,9,4,5
47482,1693227840049,1692255575822,1692255575827,1693227840059,10,5,5
47483,1693227840059,1692255575832,1692255575837,1693227840068,9,5,4
47484,1693227840068,1692255576063,1692255576068,1693227840301,233,5,228
47485,1693227840301,1692255576075,1692255576082,1693227840314,13,7,6
47486,1693227840314,1692255576087,1692255576091,1693227840323,9,4,5
47487,1693227840323,1692255576096,1692255576100,1693227840332,9,4,5
47488,1693227840332,1692255576105,1692255576110,1693227840342,10,5,5
47489,1693227840342,1692255576115,1692255576120,1693227840352,10,5,5
47490,1693227840352,1692255576148,1692255576152,1693227840385,33,4,29
47491,1693227840385,1692255576158,1692255576163,1693227840395,10,5,5
47492,1693227840395,1692255576168,1692255576172,1693227840405,10,4,6
47493,1693227840405,1692255576179,1692255576183,1693227840415,10,4,6
47494,1693227840415,1692255576188,1692255576192,1693227840424,9,4,5
47495,1693227840424,1692255576197,1692255576201,1693227840433,9,4,5
47496,1693227840433,1692255576206,1692255576209,1693227840441,8,3,5
47497,1693227840441,1692255576214,1692255576218,1693227840450,9,4,5
47498,1693227840450,1692255576223,1692255576227,1693227840459,9,4,5
47499,1693227840459,1692255576232,1692255576236,1693227840468,9,4,5
47500,1693227840468,1692255576241,1692255576246,1693227840478,10,5,5
47501,1693227840478,1692255576251,1692255576256,1693227840487,9,5,4
47502,1693227840487,1692255576267,1692255576271,1693227840506,19,4,15
47503,1693227840506,1692255576279,1692255576284,1693227840516,10,5,5
47504,1693227840516,1692255576289,1692255576294,1693227840526,10,5,5
47505,1693227840526,1692255576300,1692255576305,1693227840537,11,5,6
47506,1693227840537,1692255576310,1692255576315,1693227840547,10,5,5
47507,1693227840547,1692255576321,1692255576325,1693227840557,10,4,6
47508,1693227840557,1692255576331,1692255576335,1693227840567,10,4,6
47509,1693227840567,1692255576341,1692255576345,1693227840577,10,4,6
47510,1693227840577,1692255576351,1692255576355,1693227840587,10,4,6
47511,1693227840587,1692255576361,1692255576366,1693227840682,95,5,90
47512,1693227840682,1692255576456,1692255576461,1693227840711,29,5,24
47513,1693227840711,1692255576485,1692255576489,1693227840721,10,4,6
47514,1693227840721,1692255576495,1692255576499,1693227840731,10,4,6
47515,1693227840731,1692255576504,1692255576509,1693227840742,11,5,6
47516,1693227840742,1692255576516,1692255576520,1693227840752,10,4,6
47517,1693227840752,1692255576526,1692255576530,1693227840762,10,4,6
47518,1693227840762,1692255576536,1692255576541,1693227840773,11,5,6
47519,1693227840773,1692255576546,1692255576551,1693227840783,10,5,5
47520,1693227840783,1692255576557,1692255576560,1693227840792,9,3,6
47521,1693227840792,1692255576566,1692255576571,1693227840803,11,5,6
47522,1693227840803,1692255576577,1692255576584,1693227840817,14,7,7
47523,1693227840817,1692255576591,1692255576597,1693227840829,12,6,6
47524,1693227840829,1692255576603,1692255576609,1693227840841,12,6,6
47525,1693227840841,1692255576615,1692255576620,1693227840851,10,5,5
47526,1693227840851,1692255576626,1692255576631,1693227840863,12,5,7
47527,1693227840863,1692255576637,1692255576642,1693227840874,11,5,6
47528,1693227840874,1692255576648,1692255576653,1693227840885,11,5,6
47529,1693227840885,1692255576658,1692255576663,1693227840895,10,5,5
47530,1693227840895,1692255576669,1692255576673,1693227840905,10,4,6
47531,1693227840905,1692255576679,1692255576683,1693227840915,10,4,6
47532,1693227840915,1692255576688,1692255576692,1693227840924,9,4,5
47533,1693227840924,1692255576698,1692255576701,1693227840933,9,3,6
47534,1693227840933,1692255576706,1692255576710,1693227840942,9,4,5
47535,1693227840942,1692255576716,1692255576720,1693227840952,10,4,6
47536,1693227840952,1692255576726,1692255576729,1693227840961,9,3,6
47537,1693227840961,1692255576734,1692255576738,1693227840970,9,4,5
47538,1693227840970,1692255576743,1692255576747,1693227840979,9,4,5
47539,1693227840979,1692255576755,1692255576759,1693227840991,12,4,8
47540,1693227840991,1692255576766,1692255576770,1693227841002,11,4,7
47541,1693227841002,1692255576775,1692255576779,1693227841012,10,4,6
47542,1693227841012,1692255576786,1692255576790,1693227841022,10,4,6
47543,1693227841022,1692255576820,1692255576825,1693227841057,35,5,30
47544,1693227841057,1692255576831,1692255576836,1693227841070,13,5,8
47545,1693227841070,1692255576845,1692255576850,1693227841082,12,5,7
47546,1693227841082,1692255576856,1692255576859,1693227841091,9,3,6
47547,1693227841091,1692255576864,1692255576868,1693227841100,9,4,5
47548,1693227841100,1692255576873,1692255576877,1693227841109,9,4,5
47549,1693227841109,1692255576882,1692255576886,1693227841340,231,4,227
47550,1693227841340,1692255577113,1692255577117,1693227841350,10,4,6
47551,1693227841350,1692255577124,1692255577128,1693227841360,10,4,6
47552,1693227841360,1692255577133,1692255577137,1693227841369,9,4,5
47553,1693227841369,1692255577142,1692255577146,1693227841378,9,4,5
47554,1693227841378,1692255577151,1692255577155,1693227841387,9,4,5
47555,1693227841387,1692255577161,1692255577166,1693227841398,11,5,6
47556,1693227841398,1692255577171,1692255577175,1693227841407,9,4,5
47557,1693227841407,1692255577179,1692255577183,1693227841415,8,4,4
47558,1693227841415,1692255577188,1692255577193,1693227841429,14,5,9
47559,1693227841429,1692255577202,1692255577209,1693227841442,13,7,6
47560,1693227841442,1692255577215,1692255577219,1693227841451,9,4,5
47561,1693227841452,1692255577225,1692255577230,1693227841463,11,5,6
47562,1693227841463,1692255577236,1692255577241,1693227841474,11,5,6
47563,1693227841474,1692255577270,1692255577273,1693227841506,32,3,29
47564,1693227841506,1692255577278,1692255577283,1693227841516,10,5,5
47565,1693227841516,1692255577289,1692255577293,1693227841526,10,4,6
47566,1693227841526,1692255577301,1692255577305,1693227841537,11,4,7
47567,1693227841537,1692255577311,1692255577314,1693227841547,10,3,7
47568,1693227841547,1692255577321,1692255577325,1693227841557,10,4,6
47569,1693227841557,1692255577331,1692255577334,1693227841567,10,3,7
47570,1693227841567,1692255577340,1692255577343,1693227841576,9,3,6
47571,1693227841576,1692255577349,1692255577355,1693227841587,11,6,5
47572,1693227841587,1692255577360,1692255577363,1693227841596,9,3,6
47573,1693227841596,1692255577371,1692255577375,1693227841607,11,4,7
47574,1693227841607,1692255577380,1692255577384,1693227841616,9,4,5
47575,1693227841616,1692255577390,1692255577394,1693227841626,10,4,6
47576,1693227841626,1692255577403,1692255577407,1693227841640,14,4,10
47577,1693227841640,1692255577413,1692255577418,1693227841740,100,5,95
47578,1693227841740,1692255577515,1692255577521,1693227841754,14,6,8
47579,1693227841754,1692255577527,1692255577533,1693227841765,11,6,5
47580,1693227841765,1692255577539,1692255577544,1693227841777,12,5,7
47581,1693227841777,1692255577549,1692255577554,1693227841786,9,5,4
47582,1693227841786,1692255577559,1692255577565,1693227841797,11,6,5
47583,1693227841797,1692255577571,1692255577575,1693227841808,11,4,7
47584,1693227841808,1692255577581,1692255577585,1693227841843,35,4,31
47585,1693227841843,1692255577617,1692255577621,1693227841853,10,4,6
47586,1693227841853,1692255577627,1692255577631,1693227841864,11,4,7
47587,1693227841864,1692255577637,1692255577642,1693227841875,11,5,6
47588,1693227841875,1692255577648,1692255577652,1693227841885,10,4,6
47589,1693227841885,1692255577660,1692255577665,1693227841897,12,5,7
47590,1693227841897,1692255577671,1692255577676,1693227841909,12,5,7
47591,1693227841909,1692255577683,1692255577688,1693227841922,13,5,8
47592,1693227841922,1692255577716,1692255577721,1693227841954,32,5,27
47593,1693227841954,1692255577727,1692255577731,1693227841964,10,4,6
47594,1693227841964,1692255577737,1692255577741,1693227841974,10,4,6
47595,1693227841974,1692255577747,1692255577753,1693227841985,11,6,5
47596,1693227841985,1692255577760,1692255577764,1693227841996,11,4,7
47597,1693227841996,1692255577769,1692255577773,1693227842005,9,4,5
47598,1693227842005,1692255577778,1692255577782,1693227842015,10,4,6
47599,1693227842015,1692255577788,1692255577792,1693227842025,10,4,6
47600,1693227842025,1692255577798,1692255577802,1693227842034,9,4,5
47601,1693227842034,1692255577808,1692255577813,1693227842046,12,5,7
47602,1693227842046,1692255577819,1692255577823,1693227842055,9,4,5
47603,1693227842055,1692255577828,1692255577832,1693227842064,9,4,5
47604,1693227842064,1692255577838,1692255577842,1693227842074,10,4,6
47605,1693227842075,1692255577848,1692255577851,1693227842084,9,3,6
47606,1693227842084,1692255577857,1692255577862,1693227842095,11,5,6
47607,1693227842095,1692255577868,1692255577874,1693227842106,11,6,5
47608,1693227842106,1692255577880,1692255577885,1693227842117,11,5,6
47609,1693227842117,1692255577891,1692255577896,1693227842129,12,5,7
47610,1693227842129,1692255577902,1692255577907,1693227842139,10,5,5
47611,1693227842139,1692255577913,1692255577917,1693227842169,30,4,26
47612,1693227842169,1692255577944,1692255577949,1693227842391,222,5,217
47613,1693227842391,1692255578166,1692255578171,1693227842403,12,5,7
47614,1693227842403,1692255578176,1692255578180,1693227842413,10,4,6
47615,1693227842413,1692255578186,1692255578190,1693227842422,9,4,5
47616,1693227842422,1692255578195,1692255578200,1693227842432,10,5,5
47617,1693227842432,1692255578205,1692255578209,1693227842442,10,4,6
47618,1693227842442,1692255578215,1692255578219,1693227842453,11,4,7
47619,1693227842453,1692255578227,1692255578230,1693227842463,10,3,7
47620,1693227842463,1692255578237,1692255578240,1693227842473,10,3,7
47621,1693227842473,1692255578246,1692255578250,1693227842483,10,4,6
47622,1693227842483,1692255578257,1692255578260,1693227842493,10,3,7
47623,1693227842493,1692255578266,1692255578270,1693227842502,9,4,5
47624,1693227842502,1692255578276,1692255578279,1693227842512,10,3,7
47625,1693227842512,1692255578284,1692255578289,1693227842521,9,5,4
47626,1693227842521,1692255578294,1692255578298,1693227842530,9,4,5
47627,1693227842531,1692255578304,1692255578308,1693227842541,10,4,6
47628,1693227842541,1692255578314,1692255578319,1693227842551,10,5,5
47629,1693227842551,1692255578327,1692255578332,1693227842564,13,5,8
47630,1693227842564,1692255578337,1692255578340,1693227842572,8,3,5
47631,1693227842572,1692255578345,1692255578349,1693227842581,9,4,5
47632,1693227842581,1692255578354,1692255578359,1693227842592,11,5,6
47633,1693227842592,1692255578364,1692255578367,1693227842617,25,3,22
47634,1693227842617,1692255578390,1692255578394,1693227842626,9,4,5
47635,1693227842626,1692255578400,1692255578404,1693227842636,10,4,6
47636,1693227842636,1692255578409,1692255578414,1693227842646,10,5,5
47637,1693227842646,1692255578419,1692255578423,1693227842657,11,4,7
47638,1693227842657,1692255578433,1692255578437,1693227842669,12,4,8
47639,1693227842669,1692255578443,1692255578447,1693227842679,10,4,6
47640,1693227842679,1692255578451,1692255578456,1693227842688,9,5,4
47641,1693227842688,1692255578462,1692255578465,1693227842782,94,3,91
47642,1693227842782,1692255578556,1692255578561,1693227842793,11,5,6
47643,1693227842793,1692255578568,1692255578573,1693227842805,12,5,7
47644,1693227842805,1692255578579,1692255578584,1693227842816,11,5,6
47645,1693227842816,1692255578589,1692255578594,1693227842826,10,5,5
47646,1693227842826,1692255578603,1692255578607,1693227842840,14,4,10
47647,1693227842840,1692255578613,1692255578618,1693227842850,10,5,5
47648,1693227842850,1692255578623,1692255578627,1693227842861,11,4,7
47649,1693227842861,1692255578634,1692255578639,1693227842872,11,5,6
47650,1693227842872,1692255578644,1692255578648,1693227842880,8,4,4
47651,1693227842880,1692255578653,1692255578658,1693227842890,10,5,5
47652,1693227842890,1692255578664,1692255578667,1693227842899,9,3,6
47653,1693227842899,1692255578672,1692255578677,1693227842909,10,5,5
47654,1693227842909,1692255578683,1692255578687,1693227842919,10,4,6
47655,1693227842919,1692255578692,1692255578697,1693227842930,11,5,6
47656,1693227842930,1692255578703,1692255578708,1693227842941,11,5,6
47657,1693227842941,1692255578715,1692255578719,1693227842952,11,4,7
47658,1693227842952,1692255578726,1692255578731,1693227842964,12,5,7
47659,1693227842964,1692255578738,1692255578742,1693227842974,10,4,6
47660,1693227842974,1692255578748,1692255578753,1693227842985,11,5,6
47661,1693227842985,1692255578765,1692255578770,1693227843003,18,5,13
47662,1693227843003,1692255578777,1692255578782,1693227843014,11,5,6
47663,1693227843014,1692255578788,1692255578794,1693227843026,12,6,6
47664,1693227843026,1692255578799,1692255578803,1693227843036,10,4,6
47665,1693227843036,1692255578810,1692255578814,1693227843055,19,4,15
47666,1693227843055,1692255578841,1692255578846,1693227843078,23,5,18
47667,1693227843078,1692255578851,1692255578855,1693227843087,9,4,5
47668,1693227843087,1692255578860,1692255578863,1693227843095,8,3,5
47669,1693227843096,1692255578868,1692255578875,1693227843108,12,7,5
47670,1693227843108,1692255578881,1692255578885,1693227843117,9,4,5
47671,1693227843117,1692255578890,1692255578894,1693227843126,9,4,5
47672,1693227843126,1692255578900,1692255578905,1693227843137,11,5,6
47673,1693227843137,1692255578911,1692255578916,1693227843149,12,5,7
47674,1693227843149,1692255578923,1692255578928,1693227843161,12,5,7
47675,1693227843161,1692255578934,1692255578939,1693227843172,11,5,6
47676,1693227843172,1692255578946,1692255578950,1693227843182,10,4,6
47677,1693227843182,1692255578956,1692255578961,1693227843194,12,5,7
47678,1693227843194,1692255578967,1692255578971,1693227843203,9,4,5
47679,1693227843203,1692255578977,1692255578981,1693227843213,10,4,6
47680,1693227843213,1692255578987,1692255578991,1693227843438,225,4,221
47681,1693227843438,1692255579217,1692255579221,1693227843453,15,4,11
47682,1693227843453,1692255579229,1692255579234,1693227843466,13,5,8
47683,1693227843466,1692255579239,1692255579245,1693227843477,11,6,5
47684,1693227843477,1692255579250,1692255579261,1693227843493,16,11,5
47685,1693227843493,1692255579295,1692255579300,1693227843533,40,5,35
47686,1693227843533,1692255579308,1692255579313,1693227843546,13,5,8
47687,1693227843546,1692255579328,1692255579332,1693227843565,19,4,15
47688,1693227843565,1692255579339,1692255579345,1693227843578,13,6,7
47689,1693227843578,1692255579352,1692255579356,1693227843588,10,4,6
47690,1693227843588,1692255579361,1692255579366,1693227843598,10,5,5
47691,1693227843598,1692255579371,1692255579375,1693227843608,10,4,6
47692,1693227843608,1692255579381,1692255579384,1693227843617,9,3,6
47693,1693227843617,1692255579389,1692255579393,1693227843626,9,4,5
47694,1693227843626,1692255579400,1692255579405,1693227843637,11,5,6
47695,1693227843637,1692255579415,1692255579420,1693227843653,16,5,11
47696,1693227843653,1692255579427,1692255579431,1693227843664,11,4,7
47697,1693227843664,1692255579437,1692255579442,1693227843674,10,5,5
47698,1693227843674,1692255579448,1692255579452,1693227843685,11,4,7
47699,1693227843685,1692255579459,1692255579463,1693227843695,10,4,6
47700,1693227843695,1692255579468,1692255579473,1693227843705,10,5,5
47701,1693227843706,1692255579479,1692255579483,1693227843715,9,4,5
47702,1693227843715,1692255579488,1692255579493,1693227843725,10,5,5
47703,1693227843725,1692255579499,1692255579503,1693227843735,10,4,6
47704,1693227843736,1692255579509,1692255579514,1693227843828,92,5,87
47705,1693227843829,1692255579602,1692255579608,1693227843853,24,6,18
47706,1693227843854,1692255579627,1692255579631,1693227843863,9,4,5
47707,1693227843863,1692255579636,1692255579641,1693227843873,10,5,5
47708,1693227843874,1692255579647,1692255579652,1693227843885,11,5,6
47709,1693227843885,1692255579659,1692255579664,1693227843897,12,5,7
47710,1693227843897,1692255579671,1692255579676,1693227843908,11,5,6
47711,1693227843909,1692255579682,1692255579687,1693227843919,10,5,5
47712,1693227843919,1692255579693,1692255579698,1693227843930,11,5,6
47713,1693227843930,1692255579704,1692255579708,1693227843941,11,4,7
47714,1693227843941,1692255579715,1692255579719,1693227843951,10,4,6
47715,1693227843951,1692255579726,1692255579731,1693227843964,13,5,8
47716,1693227843964,1692255579737,1692255579742,1693227843974,10,5,5
47717,1693227843975,1692255579748,1692255579752,1693227843984,9,4,5
47718,1693227843984,1692255579760,1692255579765,1693227843997,13,5,8
47719,1693227843997,1692255579771,1692255579775,1693227844008,11,4,7
47720,1693227844008,1692255579781,1692255579785,1693227844017,9,4,5
47721,1693227844017,1692255579791,1692255579795,1693227844028,11,4,7
47722,1693227844028,1692255579801,1692255579805,1693227844037,9,4,5
47723,1693227844037,1692255579810,1692255579814,1693227844046,9,4,5
47724,1693227844046,1692255579819,1692255579823,1693227844056,10,4,6
47725,1693227844056,1692255579828,1692255579833,1693227844065,9,5,4
47726,1693227844065,1692255579839,1692255579842,1693227844075,10,3,7
47727,1693227844075,1692255579847,1692255579852,1693227844085,10,5,5
47728,1693227844085,1692255579858,1692255579862,1693227844095,10,4,6
47729,1693227844095,1692255579868,1692255579872,1693227844104,9,4,5
47730,1693227844104,1692255579877,1692255579882,1693227844114,10,5,5
47731,1693227844114,1692255579890,1692255579895,1693227844127,13,5,8
47732,1693227844127,1692255579901,1692255579906,1693227844139,12,5,7
47733,1693227844139,1692255579913,1692255579918,1693227844151,12,5,7
47734,1693227844151,1692255579924,1692255579933,1693227844165,14,9,5
47735,1693227844165,1692255579940,1692255579945,1693227844194,29,5,24
47736,1693227844194,1692255579967,1692255579972,1693227844204,10,5,5
47737,1693227844204,1692255579978,1692255579982,1693227844215,11,4,7
47738,1693227844215,1692255579989,1692255579993,1693227844226,11,4,7
47739,1693227844226,1692255579999,1692255580004,1693227844236,10,5,5
47740,1693227844236,1692255580010,1692255580014,1693227844247,11,4,7
47741,1693227844247,1692255580021,1692255580027,1693227844259,12,6,6
47742,1693227844259,1692255580032,1692255580036,1693227844487,228,4,224
47743,1693227844487,1692255580261,1692255580264,1693227844501,14,3,11
47744,1693227844501,1692255580275,1692255580278,1693227844511,10,3,7
47745,1693227844511,1692255580283,1692255580287,1693227844523,12,4,8
47746,1693227844523,1692255580297,1692255580301,1693227844533,10,4,6
47747,1693227844533,1692255580307,1692255580311,1693227844544,11,4,7
47748,1693227844544,1692255580321,1692255580326,1693227844558,14,5,9
47749,1693227844558,1692255580332,1692255580337,1693227844569,11,5,6
47750,1693227844569,1692255580342,1692255580347,1693227844579,10,5,5
47751,1693227844579,1692255580353,1692255580358,1693227844591,12,5,7
47752,1693227844591,1692255580365,1692255580371,1693227844603,12,6,6
47753,1693227844603,1692255580377,1692255580382,1693227844614,11,5,6
47754,1693227844614,1692255580388,1692255580394,1693227844648,34,6,28
47755,1693227844648,1692255580421,1692255580425,1693227844657,9,4,5
47756,1693227844657,1692255580433,1692255580438,1693227844670,13,5,8
47757,1693227844670,1692255580443,1692255580447,1693227844679,9,4,5
47758,1693227844679,1692255580453,1692255580457,1693227844689,10,4,6
47759,1693227844689,1692255580462,1692255580466,1693227844698,9,4,5
47760,1693227844698,1692255580472,1692255580475,1693227844708,10,3,7
47761,1693227844708,1692255580482,1692255580486,1693227844719,11,4,7
47762,1693227844719,1692255580492,1692255580496,1693227844728,9,4,5
47763,1693227844728,1692255580501,1692255580505,1693227844737,9,4,5
47764,1693227844737,1692255580511,1692255580515,1693227844748,11,4,7
47765,1693227844748,1692255580521,1692255580525,1693227844757,9,4,5
47766,1693227844757,1692255580531,1692255580535,1693227844768,11,4,7
47767,1693227844768,1692255580541,1692255580545,1693227844777,9,4,5
47768,1693227844777,1692255580550,1692255580554,1693227844786,9,4,5
47769,1693227844786,1692255580559,1692255580567,1693227844880,94,8,86
47770,1693227844880,1692255580654,1692255580658,1693227844891,11,4,7
47771,1693227844891,1692255580664,1692255580668,1693227844901,10,4,6
47772,1693227844901,1692255580674,1692255580678,1693227844910,9,4,5
47773,1693227844910,1692255580684,1692255580689,1693227844921,11,5,6
47774,1693227844921,1692255580694,1692255580698,1693227844930,9,4,5
47775,1693227844930,1692255580703,1692255580707,1693227844939,9,4,5
47776,1693227844939,1692255580712,1692255580719,1693227844951,12,7,5
47777,1693227844951,1692255580724,1692255580728,1693227844980,29,4,25
47778,1693227844980,1692255580753,1692255580757,1693227844990,10,4,6
47779,1693227844990,1692255580763,1692255580767,1693227845000,10,4,6
47780,1693227845000,1692255580773,1692255580777,1693227845012,12,4,8
47781,1693227845012,1692255580786,1692255580790,1693227845022,10,4,6
47782,1693227845022,1692255580796,1692255580804,1693227845036,14,8,6
47783,1693227845036,1692255580809,1692255580813,1693227845046,10,4,6
47784,1693227845046,1692255580819,1692255580823,1693227845055,9,4,5
47785,1693227845055,1692255580828,1692255580833,1693227845065,10,5,5
47786,1693227845065,1692255580838,1692255580841,1693227845090,25,3,22
47787,1693227845090,1692255580867,1692255580871,1693227845103,13,4,9
47788,1693227845103,1692255580876,1692255580881,1693227845114,11,5,6
47789,1693227845114,1692255580891,1692255580896,1693227845129,15,5,10
47790,1693227845129,1692255580902,1692255580906,1693227845138,9,4,5
47791,1693227845138,1692255580914,1692255580918,1693227845150,12,4,8
47792,1693227845150,1692255580923,1692255580928,1693227845160,10,5,5
47793,1693227845160,1692255580933,1692255580937,1693227845169,9,4,5
47794,1693227845169,1692255580942,1692255580946,1693227845180,11,4,7
47795,1693227845180,1692255580965,1692255580969,1693227845201,21,4,17
47796,1693227845201,1692255580976,1692255580981,1693227845213,12,5,7
47797,1693227845213,1692255580988,1692255580994,1693227845226,13,6,7
47798,1693227845226,1692255581000,1692255581005,1693227845237,11,5,6
47799,1693227845237,1692255581011,1692255581016,1693227845248,11,5,6
47800,1693227845248,1692255581023,1692255581028,1693227845260,12,5,7
47801,1693227845260,1692255581034,1692255581040,1693227845272,12,6,6
47802,1693227845272,1692255581046,1692255581050,1693227845283,11,4,7
47803,1693227845283,1692255581057,1692255581061,1693227845315,32,4,28
47804,1693227845315,1692255581091,1692255581096,1693227845538,223,5,218
47805,1693227845538,1692255581312,1692255581317,1693227845549,11,5,6
47806,1693227845549,1692255581323,1692255581327,1693227845560,11,4,7
47807,1693227845560,1692255581334,1692255581338,1693227845571,11,4,7
47808,1693227845571,1692255581344,1692255581348,1693227845580,9,4,5
47809,1693227845580,1692255581354,1692255581359,1693227845591,11,5,6
47810,1693227845591,1692255581365,1692255581369,1693227845601,10,4,6
47811,1693227845601,1692255581375,1692255581379,1693227845611,10,4,6
47812,1693227845611,1692255581384,1692255581390,1693227845622,11,6,5
47813,1693227845622,1692255581397,1692255581402,1693227845634,12,5,7
47814,1693227845634,1692255581407,1692255581411,1693227845644,10,4,6
47815,1693227845644,1692255581417,1692255581421,1693227845654,10,4,6
47816,1693227845654,1692255581428,1692255581432,1693227845664,10,4,6
47817,1693227845664,1692255581438,1692255581442,1693227845675,11,4,7
47818,1693227845675,1692255581448,1692255581454,1693227845686,11,6,5
47819,1693227845686,1692255581460,1692255581465,1693227845697,11,5,6
47820,1693227845697,1692255581471,1692255581476,1693227845709,12,5,7
47821,1693227845709,1692255581482,1692255581486,1693227845719,10,4,6
47822,1693227845719,1692255581494,1692255581498,1693227845731,12,4,8
47823,1693227845731,1692255581504,1692255581510,1693227845763,32,6,26
47824,1693227845763,1692255581537,1692255581542,1693227845774,11,5,6
47825,1693227845774,1692255581547,1692255581552,1693227845785,11,5,6
47826,1693227845785,1692255581558,1692255581562,1693227845794,9,4,5
47827,1693227845794,1692255581570,1692255581573,1693227845806,12,3,9
47828,1693227845806,1692255581579,1692255581583,1693227845816,10,4,6
47829,1693227845816,1692255581590,1692255581593,1693227845826,10,3,7
47830,1693227845826,1692255581599,1692255581603,1693227845835,9,4,5
47831,1693227845835,1692255581701,1692255581706,1693227845939,104,5,99
47832,1693227845939,1692255581713,1692255581718,1693227845950,11,5,6
47833,1693227845950,1692255581724,1692255581728,1693227845962,12,4,8
47834,1693227845962,1692255581735,1692255581740,1693227845973,11,5,6
47835,1693227845973,1692255581746,1692255581751,1693227845983,10,5,5
47836,1693227845983,1692255581757,1692255581761,1693227845994,11,4,7
47837,1693227845994,1692255581767,1692255581771,1693227846003,9,4,5
47838,1693227846003,1692255581776,1692255581781,1693227846013,10,5,5
47839,1693227846013,1692255581787,1692255581791,1693227846023,10,4,6
47840,1693227846023,1692255581796,1692255581800,1693227846032,9,4,5
47841,1693227846032,1692255581808,1692255581812,1693227846045,13,4,9
47842,1693227846045,1692255581818,1692255581822,1693227846054,9,4,5
47843,1693227846054,1692255581828,1692255581832,1693227846064,10,4,6
47844,1693227846064,1692255581838,1692255581842,1693227846075,11,4,7
47845,1693227846075,1692255581848,1692255581853,1693227846086,11,5,6
47846,1693227846086,1692255581859,1692255581864,1693227846096,10,5,5
47847,1693227846096,1692255581873,1692255581878,1693227846110,14,5,9
47848,1693227846110,1692255581889,1692255581894,1693227846127,17,5,12
47849,1693227846127,1692255581900,1692255581907,1693227846140,13,7,6
47850,1693227846140,1692255581914,1692255581918,1693227846151,11,4,7
47851,1693227846151,1692255581925,1692255581930,1693227846163,12,5,7
47852,1693227846163,1692255581937,1692255581941,1693227846173,10,4,6
47853,1693227846174,1692255581947,1692255581952,1693227846184,10,5,5
47854,1693227846184,1692255581958,1692255581963,1693227846215,31,5,26
47855,1693227846215,1692255581990,1692255581994,1693227846226,11,4,7
47856,1693227846226,1692255582000,1692255582003,1693227846236,10,3,7
47857,1693227846236,1692255582011,1692255582016,1693227846248,12,5,7
47858,1693227846248,1692255582021,1692255582026,1693227846258,10,5,5
47859,1693227846259,1692255582032,1692255582037,1693227846269,10,5,5
47860,1693227846269,1692255582044,1692255582049,1693227846281,12,5,7
47861,1693227846281,1692255582055,1692255582060,1693227846293,12,5,7
47862,1693227846293,1692255582067,1692255582072,1693227846304,11,5,6
47863,1693227846304,1692255582077,1692255582082,1693227846314,10,5,5
47864,1693227846314,1692255582088,1692255582093,1693227846326,12,5,7
47865,1693227846326,1692255582099,1692255582104,1693227846336,10,5,5
47866,1693227846336,1692255582110,1692255582114,1693227846347,11,4,7
47867,1693227846347,1692255582123,1692255582128,1693227846360,13,5,8
47868,1693227846360,1692255582355,1692255582360,1693227846593,233,5,228
47869,1693227846593,1692255582367,1692255582371,1693227846604,11,4,7
47870,1693227846604,1692255582378,1692255582383,1693227846615,11,5,6
47871,1693227846615,1692255582389,1692255582393,1693227846626,11,4,7
47872,1693227846626,1692255582399,1692255582404,1693227846637,11,5,6
47873,1693227846637,1692255582411,1692255582415,1693227846663,26,4,22
47874,1693227846664,1692255582438,1692255582443,1693227846675,11,5,6
47875,1693227846675,1692255582448,1692255582453,1693227846685,10,5,5
47876,1693227846685,1692255582458,1692255582462,1693227846694,9,4,5
47877,1693227846694,1692255582467,1692255582472,1693227846705,11,5,6
47878,1693227846705,1692255582479,1692255582484,1693227846716,11,5,6
47879,1693227846716,1692255582491,1692255582496,1693227846728,12,5,7
47880,1693227846728,1692255582502,1692255582507,1693227846739,11,5,6
47881,1693227846739,1692255582519,1692255582524,1693227846756,17,5,12
47882,1693227846756,1692255582530,1692255582534,1693227846767,11,4,7
47883,1693227846767,1692255582540,1692255582546,1693227846779,12,6,6
47884,1693227846779,1692255582552,1692255582557,1693227846789,10,5,5
47885,1693227846789,1692255582563,1692255582569,1693227846801,12,6,6
47886,1693227846801,1692255582575,1692255582583,1693227846816,15,8,7
47887,1693227846816,1692255582589,1692255582594,1693227846826,10,5,5
47888,1693227846826,1692255582599,1692255582603,1693227846836,10,4,6
47889,1693227846836,1692255582609,1692255582613,1693227846845,9,4,5
47890,1693227846845,1692255582619,1692255582623,1693227846855,10,4,6
47891,1693227846855,1692255582635,1692255582640,1693227846889,34,5,29
47892,1693227846889,1692255582663,1692255582669,1693227846973,84,6,78
47893,1693227846974,1692255582747,1692255582752,1693227846999,25,5,20
47894,1693227846999,1692255582774,1692255582779,1693227847011,12,5,7
47895,1693227847011,1692255582784,1692255582788,1693227847021,10,4,6
47896,1693227847021,1692255582794,1692255582798,1693227847030,9,4,5
47897,1693227847030,1692255582804,1692255582807,1693227847040,10,3,7
47898,1693227847040,1692255582813,1692255582817,1693227847049,9,4,5
47899,1693227847049,1692255582823,1692255582827,1693227847060,11,4,7
47900,1693227847060,1692255582834,1692255582839,1693227847071,11,5,6
47901,1693227847071,1692255582847,1692255582852,1693227847084,13,5,8
47902,1693227847084,1692255582858,1692255582863,1693227847095,11,5,6
47903,1693227847095,1692255582868,1692255582874,1693227847106,11,6,5
47904,1693227847106,1692255582880,1692255582885,1693227847118,12,5,7
47905,1693227847118,1692255582891,1692255582896,1693227847129,11,5,6
47906,1693227847129,1692255582907,1692255582912,1693227847144,15,5,10
47907,1693227847145,1692255582918,1692255582923,1693227847155,10,5,5
47908,1693227847155,1692255582928,1692255582933,1693227847166,11,5,6
47909,1693227847166,1692255582940,1692255582946,1693227847178,12,6,6
47910,1693227847178,1692255582952,1692255582956,1693227847189,11,4,7
47911,1693227847189,1692255582962,1692255582967,1693227847199,10,5,5
47912,1693227847199,1692255582972,1692255582976,1693227847209,10,4,6
47913,1693227847209,1692255582982,1692255582986,1693227847219,10,4,6
47914,1693227847219,1692255582991,1692255582999,1693227847232,13,8,5
47915,1693227847232,1692255583005,1692255583009,1693227847242,10,4,6
47916,1693227847242,1692255583015,1692255583018,1693227847251,9,3,6
47917,1693227847251,1692255583024,1692255583028,1693227847261,10,4,6
47918,1693227847261,1692255583036,1692255583041,1693227847273,12,5,7
47919,1693227847273,1692255583047,1692255583051,1693227847284,11,4,7
47920,1693227847284,1692255583058,1692255583062,1693227847295,11,4,7
47921,1693227847295,1692255583069,1692255583074,1693227847306,11,5,6
47922,1693227847306,1692255583080,1692255583087,1693227847337,31,7,24
47923,1693227847337,1692255583110,1692255583115,1693227847348,11,5,6
47924,1693227847348,1692255583122,1692255583127,1693227847360,12,5,7
47925,1693227847360,1692255583140,1692255583145,1693227847378,18,5,13
47926,1693227847378,1692255583156,1692255583160,1693227847394,16,4,12
47927,1693227847394,1692255583167,1692255583172,1693227847404,10,5,5
47928,1693227847405,1692255583179,1692255583184,1693227847631,226,5,221
47929,1693227847631,1692255583405,1692255583410,1693227847643,12,5,7
47930,1693227847643,1692255583416,1692255583420,1693227847653,10,4,6
47931,1693227847653,1692255583426,1692255583430,1693227847667,14,4,10
47932,1693227847667,1692255583441,1692255583446,1693227847678,11,5,6
47933,1693227847678,1692255583452,1692255583457,1693227847690,12,5,7
47934,1693227847690,1692255583464,1692255583468,1693227847700,10,4,6
47935,1693227847700,1692255583477,1692255583482,1693227847714,14,5,9
47936,1693227847714,1692255583490,1692255583495,1693227847727,13,5,8
47937,1693227847727,1692255583501,1692255583506,1693227847738,11,5,6
47938,1693227847738,1692255583511,1692255583516,1693227847748,10,5,5
47939,1693227847748,1692255583522,1692255583543,1693227847787,39,21,18
47940,1693227847787,1692255583561,1692255583568,1693227847801,14,7,7
47941,1693227847801,1692255583575,1692255583580,1693227847812,11,5,6
47942,1693227847812,1692255583586,1692255583591,1693227847823,11,5,6
47943,1693227847823,1692255583596,1692255583601,1693227847834,11,5,6
47944,1693227847834,1692255583607,1692255583612,1693227847844,10,5,5
47945,1693227847844,1692255583617,1692255583622,1693227847855,11,5,6
47946,1693227847855,1692255583629,1692255583633,1693227847865,10,4,6
47947,1693227847865,1692255583639,1692255583644,1693227847876,11,5,6
47948,1693227847876,1692255583651,1692255583655,1693227847887,11,4,7
47949,1693227847887,1692255583661,1692255583666,1693227847899,12,5,7
47950,1693227847899,1692255583673,1692255583678,1693227847910,11,5,6
47951,1693227847910,1692255583684,1692255583688,1693227847921,11,4,7
47952,1693227847921,1692255583694,1692255583699,1693227847931,10,5,5
47953,1693227847931,1692255583705,1692255583709,1693227848024,93,4,89
47954,1693227848025,1692255583798,1692255583804,1693227848037,12,6,6
47955,1693227848037,1692255583810,1692255583815,1693227848048,11,5,6
47956,1693227848048,1692255583822,1692255583826,1693227848058,10,4,6
47957,1693227848058,1692255583831,1692255583836,1693227848069,11,5,6
47958,1693227848069,1692255583842,1692255583847,1693227848079,10,5,5
47959,1693227848079,1692255583852,1692255583859,1693227848091,12,7,5
47960,1693227848091,1692255583865,1692255583869,1693227848102,11,4,7
47961,1693227848102,1692255583902,1692255583908,1693227848140,38,6,32
47962,1693227848141,1692255583914,1692255583918,1693227848151,10,4,6
47963,1693227848151,1692255583926,1692255583931,1693227848164,13,5,8
47964,1693227848164,1692255583937,1692255583942,1693227848174,10,5,5
47965,1693227848174,1692255583948,1692255583952,1693227848186,12,4,8
47966,1693227848186,1692255583960,1692255583965,1693227848197,11,5,6
47967,1693227848197,1692255583971,1692255583975,1693227848208,11,4,7
47968,1693227848208,1692255583982,1692255583986,1693227848239,31,4,27
47969,1693227848239,1692255584013,1692255584017,1693227848250,11,4,7
47970,1693227848250,1692255584023,1692255584029,1693227848261,11,6,5
47971,1693227848261,1692255584036,1692255584041,1693227848274,13,5,8
47972,1693227848274,1692255584047,1692255584052,1693227848284,10,5,5
47973,1693227848284,1692255584059,1692255584064,1693227848296,12,5,7
47974,1693227848296,1692255584069,1692255584073,1693227848305,9,4,5
47975,1693227848305,1692255584078,1692255584083,1693227848316,11,5,6
47976,1693227848316,1692255584089,1692255584093,1693227848325,9,4,5
47977,1693227848326,1692255584098,1692255584103,1693227848335,9,5,4
47978,1693227848335,1692255584108,1692255584113,1693227848346,11,5,6
47979,1693227848346,1692255584119,1692255584124,1693227848356,10,5,5
47980,1693227848356,1692255584129,1692255584134,1693227848366,10,5,5
47981,1693227848366,1692255584141,1692255584145,1693227848377,11,4,7
47982,1693227848377,1692255584152,1692255584157,1693227848391,14,5,9
47983,1693227848391,1692255584165,1692255584169,1693227848401,10,4,6
47984,1693227848401,1692255584174,1692255584178,1693227848410,9,4,5
47985,1693227848410,1692255584184,1692255584188,1693227848421,11,4,7
47986,1693227848421,1692255584195,1692255584199,1693227848431,10,4,6
47987,1693227848432,1692255584205,1692255584210,1693227848463,31,5,26
47988,1693227848463,1692255584456,1692255584460,1693227848692,229,4,225
47989,1693227848692,1692255584465,1692255584470,1693227848702,10,5,5
47990,1693227848702,1692255584476,1692255584481,1693227848713,11,5,6
47991,1693227848713,1692255584486,1692255584490,1693227848723,10,4,6
47992,1693227848723,1692255584496,1692255584500,1693227848732,9,4,5
47993,1693227848732,1692255584506,1692255584511,1693227848743,11,5,6
47994,1693227848743,1692255584517,1692255584524,1693227848757,14,7,7
47995,1693227848757,1692255584530,1692255584536,1693227848768,11,6,5
47996,1693227848768,1692255584542,1692255584546,1693227848778,10,4,6
47997,1693227848778,1692255584551,1692255584556,1693227848788,10,5,5
47998,1693227848788,1692255584562,1692255584566,1693227848801,13,4,9
47999,1693227848801,1692255584574,1692255584578,1693227848811,10,4,6
48000,1693227848811,1692255584584,1692255584588,1693227848821,10,4,6
48001,1693227848821,1692255584594,1692255584598,1693227848830,9,4,5
48002,1693227848830,1692255584603,1692255584607,1693227848839,9,4,5
48003,1693227848839,1692255584612,1692255584616,1693227848848,9,4,5
48004,1693227848848,1692255584621,1692255584625,1693227848857,9,4,5
48005,1693227848857,1692255584629,1692255584633,1693227848865,8,4,4
48006,1693227848865,1692255584637,1692255584640,1693227848873,8,3,5
48007,1693227848873,1692255584646,1692255584650,1693227848882,9,4,5
48008,1693227848882,1692255584654,1692255584657,1693227848897,15,3,12
48009,1693227848897,1692255584683,1692255584687,1693227848919,22,4,18
48010,1693227848919,1692255584693,1692255584696,1693227848929,10,3,7
48011,1693227848929,1692255584703,1692255584707,1693227848939,10,4,6
48012,1693227848939,1692255584712,1692255584716,1693227848948,9,4,5
48013,1693227848948,1692255584721,1692255584725,1693227848957,9,4,5
48014,1693227848957,1692255584730,1692255584734,1693227848967,10,4,6
48015,1693227848967,1692255584740,1692255584744,1693227848976,9,4,5
48016,1693227848976,1692255584748,1692255584752,1693227849076,100,4,96
48017,1693227849076,1692255584850,1692255584854,1693227849086,10,4,6
48018,1693227849086,1692255584859,1692255584863,1693227849095,9,4,5
48019,1693227849095,1692255584869,1692255584873,1693227849105,10,4,6
48020,1693227849105,1692255584879,1692255584883,1693227849115,10,4,6
48021,1693227849115,1692255584891,1692255584895,1693227849127,12,4,8
48022,1693227849127,1692255584900,1692255584904,1693227849136,9,4,5
48023,1693227849136,1692255584910,1692255584915,1693227849147,11,5,6
48024,1693227849147,1692255584920,1692255584924,1693227849156,9,4,5
48025,1693227849156,1692255584929,1692255584932,1693227849165,9,3,6
48026,1693227849165,1692255584938,1692255584942,1693227849174,9,4,5
48027,1693227849175,1692255584949,1692255584954,1693227849186,11,5,6
48028,1693227849186,1692255584959,1692255584963,1693227849196,10,4,6
48029,1693227849196,1692255584969,1692255584973,1693227849205,9,4,5
48030,1693227849205,1692255584981,1692255584985,1693227849218,13,4,9
48031,1693227849218,1692255584991,1692255584995,1693227849228,10,4,6
48032,1693227849228,1692255585001,1692255585008,1693227849240,12,7,5
48033,1693227849240,1692255585013,1692255585017,1693227849249,9,4,5
48034,1693227849249,1692255585022,1692255585027,1693227849259,10,5,5
48035,1693227849259,1692255585032,1692255585036,1693227849268,9,4,5
48036,1693227849268,1692255585042,1692255585045,1693227849278,10,3,7
48037,1693227849278,1692255585052,1692255585056,1693227849288,10,4,6
48038,1693227849288,1692255585061,1692255585065,1693227849297,9,4,5
48039,1693227849297,1692255585071,1692255585075,1693227849308,11,4,7
48040,1693227849308,1692255585085,1692255585090,1693227849322,14,5,9
48041,1693227849322,1692255585095,1692255585098,1693227849330,8,3,5
48042,1693227849330,1692255585103,1692255585107,1693227849341,11,4,7
48043,1693227849341,1692255585136,1692255585139,1693227849371,30,3,27
48044,1693227849371,1692255585144,1692255585147,1693227849379,8,3,5
48045,1693227849379,1692255585153,1692255585157,1693227849389,10,4,6
48046,1693227849389,1692255585162,1692255585166,1693227849398,9,4,5
48047,1693227849398,1692255585173,1692255585177,1693227849409,11,4,7
48048,1693227849409,1692255585182,1692255585186,1693227849418,9,4,5
48049,1693227849419,1692255585192,1692255585196,1693227849428,9,4,5
48050,1693227849428,1692255585201,1692255585204,1693227849437,9,3,6
48051,1693227849437,1692255585209,1692255585213,1693227849445,8,4,4
48052,1693227849445,1692255585218,1692255585222,1693227849454,9,4,5
48053,1693227849454,1692255585227,1692255585231,1693227849463,9,4,5
48054,1693227849463,1692255585236,1692255585240,1693227849472,9,4,5
48055,1693227849472,1692255585245,1692255585249,1693227849481,9,4,5
48056,1693227849481,1692255585255,1692255585259,1693227849491,10,4,6
48057,1693227849491,1692255585264,1692255585268,1693227849501,10,4,6
48058,1693227849501,1692255585275,1692255585278,1693227849729,228,3,225
48059,1693227849729,1692255585503,1692255585510,1693227849742,13,7,6
48060,1693227849742,1692255585516,1692255585521,1693227849753,11,5,6
48061,1693227849753,1692255585527,1692255585532,1693227849764,11,5,6
48062,1693227849764,1692255585540,1692255585545,1693227849777,13,5,8
48063,1693227849777,1692255585555,1692255585560,1693227849809,32,5,27
48064,1693227849809,1692255585583,1692255585587,1693227849820,11,4,7
48065,1693227849820,1692255585599,1692255585604,1693227849836,16,5,11
48066,1693227849836,1692255585610,1692255585615,1693227849847,11,5,6
48067,1693227849847,1692255585621,1692255585626,1693227849881,34,5,29
48068,1693227849881,1692255585655,1692255585660,1693227849897,16,5,11
48069,1693227849897,1692255585670,1692255585677,1693227849909,12,7,5
48070,1693227849909,1692255585684,1692255585689,1693227849921,12,5,7
48071,1693227849922,1692255585695,1692255585701,1693227849933,11,6,5
48072,1693227849933,1692255585707,1692255585712,1693227849945,12,5,7
48073,1693227849945,1692255585718,1692255585722,1693227849955,10,4,6
48074,1693227849955,1692255585728,1692255585734,1693227849966,11,6,5
48075,1693227849966,1692255585739,1692255585744,1693227849976,10,5,5
48076,1693227849976,1692255585749,1692255585755,1693227849987,11,6,5
48077,1693227849987,1692255585761,1692255585766,1693227849998,11,5,6
48078,1693227849998,1692255585772,1692255585780,1693227850012,14,8,6
48079,1693227850012,1692255585786,1692255585791,1693227850023,11,5,6
48080,1693227850023,1692255585801,1692255585805,1693227850121,98,4,94
48081,1693227850121,1692255585894,1692255585898,1693227850147,26,4,22
48082,1693227850147,1692255585920,1692255585925,1693227850157,10,5,5
48083,1693227850157,1692255585931,1692255585936,1693227850168,11,5,6
48084,1693227850168,1692255585943,1692255585947,1693227850180,12,4,8
48085,1693227850180,1692255585953,1692255585957,1693227850190,10,4,6
48086,1693227850190,1692255585963,1692255585968,1693227850201,11,5,6
48087,1693227850201,1692255585976,1692255585981,1693227850213,12,5,7
48088,1693227850213,1692255585986,1692255585991,1693227850224,11,5,6
48089,1693227850224,1692255585999,1692255586003,1693227850236,12,4,8
48090,1693227850236,1692255586010,1692255586015,1693227850247,11,5,6
48091,1693227850247,1692255586021,1692255586026,1693227850258,11,5,6
48092,1693227850258,1692255586032,1692255586037,1693227850269,11,5,6
48093,1693227850269,1692255586043,1692255586048,1693227850280,11,5,6
48094,1693227850280,1692255586053,1692255586057,1693227850289,9,4,5
48095,1693227850289,1692255586062,1692255586066,1693227850298,9,4,5
48096,1693227850298,1692255586071,1692255586075,1693227850307,9,4,5
48097,1693227850307,1692255586080,1692255586085,1693227850317,10,5,5
48098,1693227850317,1692255586090,1692255586093,1693227850325,8,3,5
48099,1693227850325,1692255586098,1692255586102,1693227850337,12,4,8
48100,1693227850337,1692255586110,1692255586115,1693227850347,10,5,5
48101,1693227850347,1692255586119,1692255586123,1693227850356,9,4,5
48102,1693227850356,1692255586130,1692255586133,1693227850365,9,3,6
48103,1693227850365,1692255586138,1692255586143,1693227850375,10,5,5
48104,1693227850375,1692255586149,1692255586153,1693227850385,10,4,6
48105,1693227850385,1692255586158,1692255586165,1693227850397,12,7,5
48106,1693227850397,1692255586171,1692255586175,1693227850407,10,4,6
48107,1693227850407,1692255586180,1692255586184,1693227850416,9,4,5
48108,1693227850416,1692255586190,1692255586194,1693227850427,11,4,7
48109,1693227850427,1692255586201,1692255586204,1693227850439,12,3,9
48110,1693227850439,1692255586213,1692255586216,1693227850448,9,3,6
48111,1693227850448,1692255586221,1692255586225,1693227850457,9,4,5
48112,1693227850457,1692255586230,1692255586234,1693227850482,25,4,21
48113,1693227850482,1692255586255,1692255586259,1693227850491,9,4,5
48114,1693227850491,1692255586264,1692255586268,1693227850500,9,4,5
48115,1693227850500,1692255586274,1692255586278,1693227850510,10,4,6
48116,1693227850510,1692255586283,1692255586287,1693227850519,9,4,5
48117,1693227850519,1692255586292,1692255586296,1693227850528,9,4,5
48118,1693227850528,1692255586301,1692255586306,1693227850538,10,5,5
48119,1693227850538,1692255586314,1692255586317,1693227850550,12,3,9
48120,1693227850550,1692255586323,1692255586327,1693227850778,228,4,224
48121,1693227850778,1692255586552,1692255586556,1693227850788,10,4,6
48122,1693227850788,1692255586561,1692255586565,1693227850797,9,4,5
48123,1693227850797,1692255586570,1692255586574,1693227850806,9,4,5
48124,1693227850806,1692255586579,1692255586586,1693227850818,12,7,5
48125,1693227850818,1692255586591,1692255586595,1693227850827,9,4,5
48126,1693227850827,1692255586600,1692255586604,1693227850836,9,4,5
48127,1693227850836,1692255586609,1692255586614,1693227850848,12,5,7
48128,1693227850848,1692255586621,1692255586625,1693227850857,9,4,5
48129,1693227850857,1692255586631,1692255586636,1693227850868,11,5,6
48130,1693227850868,1692255586641,1692255586646,1693227850878,10,5,5
48131,1693227850879,1692255586652,1692255586657,1693227850890,11,5,6
48132,1693227850890,1692255586664,1692255586668,1693227850901,11,4,7
48133,1693227850901,1692255586675,1692255586680,1693227850932,31,5,26
48134,1693227850932,1692255586705,1692255586710,1693227850942,10,5,5
48135,1693227850942,1692255586715,1692255586719,1693227850951,9,4,5
48136,1693227850951,1692255586725,1692255586729,1693227850962,11,4,7
48137,1693227850962,1692255586736,1692255586740,1693227850972,10,4,6
48138,1693227850972,1692255586745,1692255586749,1693227850981,9,4,5
48139,1693227850981,1692255586754,1692255586759,1693227850991,10,5,5
48140,1693227850991,1692255586764,1692255586768,1693227851000,9,4,5
48141,1693227851000,1692255586774,1692255586780,1693227851013,13,6,7
48142,1693227851013,1692255586786,1692255586791,1693227851023,10,5,5
48143,1693227851023,1692255586796,1692255586801,1693227851034,11,5,6
48144,1693227851034,1692255586807,1692255586811,1693227851043,9,4,5
48145,1693227851043,1692255586817,1692255586820,1693227851053,10,3,7
48146,1693227851053,1692255586827,1692255586832,1693227851064,11,5,6
48147,1693227851064,1692255586837,1692255586841,1693227851073,9,4,5
48148,1693227851073,1692255586846,1692255586851,1693227851170,97,5,92
48149,1693227851170,1692255586944,1692255586949,1693227851181,11,5,6
48150,1693227851181,1692255586955,1692255586960,1693227851192,11,5,6
48151,1693227851192,1692255586966,1692255586971,1693227851203,11,5,6
48152,1693227851203,1692255586976,1692255586980,1693227851212,9,4,5
48153,1693227851212,1692255586985,1692255586989,1693227851221,9,4,5
48154,1693227851221,1692255587000,1692255587005,1693227851237,16,5,11
48155,1693227851237,1692255587011,1692255587015,1693227851247,10,4,6
48156,1693227851247,1692255587044,1692255587048,1693227851280,33,4,29
48157,1693227851281,1692255587056,1692255587060,1693227851294,13,4,9
48158,1693227851294,1692255587067,1692255587072,1693227851304,10,5,5
48159,1693227851304,1692255587077,1692255587085,1693227851317,13,8,5
48160,1693227851317,1692255587091,1692255587095,1693227851328,11,4,7
48161,1693227851328,1692255587102,1692255587106,1693227851338,10,4,6
48162,1693227851338,1692255587112,1692255587116,1693227851348,10,4,6
48163,1693227851348,1692255587121,1692255587125,1693227851357,9,4,5
48164,1693227851357,1692255587156,1692255587160,1693227851392,35,4,31
48165,1693227851392,1692255587166,1692255587172,1693227851405,13,6,7
48166,1693227851405,1692255587178,1692255587182,1693227851414,9,4,5
48167,1693227851414,1692255587188,1692255587192,1693227851425,11,4,7
48168,1693227851425,1692255587198,1692255587202,1693227851434,9,4,5
48169,1693227851434,1692255587206,1692255587211,1693227851447,13,5,8
48170,1693227851447,1692255587220,1692255587224,1693227851457,10,4,6
48171,1693227851457,1692255587230,1692255587234,1693227851467,10,4,6
48172,1693227851467,1692255587240,1692255587244,1693227851476,9,4,5
48173,1693227851476,1692255587249,1692255587254,1693227851487,11,5,6
48174,1693227851487,1692255587262,1692255587266,1693227851498,11,4,7
48175,1693227851498,1692255587272,1692255587276,1693227851508,10,4,6
48176,1693227851508,1692255587281,1692255587285,1693227851517,9,4,5
48177,1693227851517,1692255587290,1692255587297,1693227851529,12,7,5
48178,1693227851529,1692255587303,1692255587307,1693227851539,10,4,6
48179,1693227851539,1692255587313,1692255587317,1693227851554,15,4,11
48180,1693227851555,1692255587331,1692255587336,1693227851569,14,5,9
48181,1693227851569,1692255587343,1692255587347,1693227851580,11,4,7
48182,1693227851580,1692255587353,1692255587359,1693227851608,28,6,22
48183,1693227851608,1692255587381,1692255587387,1693227851826,218,6,212
48184,1693227851826,1692255587601,1692255587605,1693227851837,11,4,7
48185,1693227851837,1692255587610,1692255587614,1693227851847,10,4,6
48186,1693227851847,1692255587620,1692255587624,1693227851857,10,4,6
48187,1693227851857,1692255587630,1692255587634,1693227851866,9,4,5
48188,1693227851866,1692255587639,1692255587644,1693227851876,10,5,5
48189,1693227851876,1692255587649,1692255587654,1693227851886,10,5,5
48190,1693227851886,1692255587660,1692255587663,1693227851896,10,3,7
48191,1693227851896,1692255587670,1692255587673,1693227851906,10,3,7
48192,1693227851906,1692255587679,1692255587683,1693227851915,9,4,5
48193,1693227851915,1692255587690,1692255587695,1693227851927,12,5,7
48194,1693227851927,1692255587700,1692255587704,1693227851937,10,4,6
48195,1693227851937,1692255587710,1692255587714,1693227851946,9,4,5
48196,1693227851946,1692255587720,1692255587724,1693227851956,10,4,6
48197,1693227851956,1692255587729,1692255587733,1693227851965,9,4,5
48198,1693227851966,1692255587739,1692255587743,1693227851975,9,4,5
48199,1693227851975,1692255587748,1692255587753,1693227851985,10,5,5
48200,1693227851985,1692255587759,1692255587764,1693227851997,12,5,7
48201,1693227851997,1692255587770,1692255587775,1693227852008,11,5,6
48202,1693227852008,1692255587781,1692255587786,1693227852018,10,5,5
48203,1693227852018,1692255587792,1692255587797,1693227852029,11,5,6
48204,1693227852029,1692255587803,1692255587807,1693227852055,26,4,22
48205,1693227852055,1692255587829,1692255587834,1693227852066,11,5,6
48206,1693227852066,1692255587840,1692255587846,1693227852078,12,6,6
48207,1693227852078,1692255587853,1692255587857,1693227852089,11,4,7
48208,1693227852089,1692255587862,1692255587867,1693227852099,10,5,5
48209,1693227852099,1692255587872,1692255587877,1693227852109,10,5,5
48210,1693227852109,1692255587883,1692255587887,1693227852119,10,4,6
48211,1693227852120,1692255587893,1692255587898,1693227852219,99,5,94
48212,1693227852219,1692255587991,1692255587995,1693227852227,8,4,4
48213,1693227852227,1692255588001,1692255588007,1693227852239,12,6,6
48214,1693227852239,1692255588013,1692255588017,1693227852250,11,4,7
48215,1693227852250,1692255588023,1692255588027,1693227852260,10,4,6
48216,1693227852260,1692255588033,1692255588037,1693227852270,10,4,6
48217,1693227852270,1692255588043,1692255588051,1693227852283,13,8,5
48218,1693227852283,1692255588056,1692255588060,1693227852293,10,4,6
48219,1693227852293,1692255588067,1692255588071,1693227852303,10,4,6
48220,1693227852303,1692255588077,1692255588081,1693227852314,11,4,7
48221,1693227852314,1692255588087,1692255588092,1693227852324,10,5,5
48222,1693227852324,1692255588097,1692255588101,1693227852334,10,4,6
48223,1693227852334,1692255588107,1692255588111,1693227852343,9,4,5
48224,1693227852343,1692255588116,1692255588120,1693227852357,14,4,10
48225,1693227852357,1692255588131,1692255588135,1693227852367,10,4,6
48226,1693227852367,1692255588153,1692255588156,1693227852389,22,3,19
48227,1693227852389,1692255588162,1692255588167,1693227852399,10,5,5
48228,1693227852399,1692255588172,1692255588176,1693227852408,9,4,5
48229,1693227852408,1692255588184,1692255588188,1693227852420,12,4,8
48230,1693227852420,1692255588195,1692255588200,1693227852432,12,5,7
48231,1693227852432,1692255588206,1692255588211,1693227852444,12,5,7
48232,1693227852444,1692255588217,1692255588222,1693227852455,11,5,6
48233,1693227852455,1692255588233,1692255588238,1693227852470,15,5,10
48234,1693227852470,1692255588246,1692255588251,1693227852573,103,5,98
48235,1693227852573,1692255588347,1692255588351,1693227852583,10,4,6
48236,1693227852583,1692255588357,1692255588361,1693227852594,11,4,7
48237,1693227852594,1692255588367,1692255588371,1693227852605,11,4,7
48238,1693227852605,1692255588378,1692255588383,1693227852615,10,5,5
48239,1693227852615,1692255588390,1692255588394,1693227852626,11,4,7
48240,1693227852626,1692255588400,1692255588403,1693227852646,20,3,17
48241,1693227852646,1692255588435,1692255588440,1693227852874,228,5,223
48242,1693227852874,1692255588649,1692255588655,1693227852887,13,6,7
48243,1693227852887,1692255588661,1692255588666,1693227852898,11,5,6
48244,1693227852898,1692255588673,1692255588678,1693227852911,13,5,8
48245,1693227852911,1692255588684,1692255588689,1693227852923,12,5,7
48246,1693227852923,1692255588698,1692255588704,1693227852955,32,6,26
48247,1693227852955,1692255588730,1692255588734,1693227852966,11,4,7
48248,1693227852966,1692255588738,1692255588742,1693227852974,8,4,4
48249,1693227852974,1692255588747,1692255588753,1693227852985,11,6,5
48250,1693227852985,1692255588759,1692255588763,1693227852995,10,4,6
48251,1693227852995,1692255588770,1692255588774,1693227853006,11,4,7
48252,1693227853006,1692255588779,1692255588784,1693227853016,10,5,5
48253,1693227853016,1692255588789,1692255588793,1693227853025,9,4,5
48254,1693227853025,1692255588799,1692255588803,1693227853035,10,4,6
48255,1693227853035,1692255588809,1692255588813,1693227853045,10,4,6
48256,1693227853045,1692255588818,1692255588823,1693227853054,9,5,4
48257,1693227853054,1692255588828,1692255588832,1693227853063,9,4,5
48258,1693227853063,1692255588836,1692255588840,1693227853072,9,4,5
48259,1693227853072,1692255588845,1692255588849,1693227853080,8,4,4
48260,1693227853081,1692255588853,1692255588857,1693227853089,8,4,4
48261,1693227853089,1692255588863,1692255588866,1693227853098,9,3,6
48262,1693227853099,1692255588873,1692255588878,1693227853110,11,5,6
48263,1693227853110,1692255588888,1692255588892,1693227853125,15,4,11
48264,1693227853125,1692255588899,1692255588903,1693227853135,10,4,6
48265,1693227853135,1692255588909,1692255588914,1693227853146,11,5,6
48266,1693227853146,1692255588919,1692255588923,1693227853155,9,4,5
48267,1693227853155,1692255588950,1692255588955,1693227853265,110,5,105
48268,1693227853265,1692255589038,1692255589042,1693227853290,25,4,21
48269,1693227853290,1692255589064,1692255589067,1693227853300,10,3,7
48270,1693227853300,1692255589073,1692255589076,1693227853308,8,3,5
48271,1693227853308,1692255589080,1692255589084,1693227853316,8,4,4
48272,1693227853316,1692255589090,1692255589093,1693227853325,9,3,6
48273,1693227853325,1692255589102,1692255589106,1693227853339,14,4,10
48274,1693227853339,1692255589112,1692255589115,1693227853347,8,3,5
48275,1693227853347,1692255589119,1692255589123,1693227853355,8,4,4
48276,1693227853355,1692255589128,1692255589132,1693227853364,9,4,5
48277,1693227853364,1692255589136,1692255589140,1693227853372,8,4,4
48278,1693227853372,1692255589146,1692255589150,1693227853382,10,4,6
48279,1693227853382,1692255589155,1692255589158,1693227853391,9,3,6
48280,1693227853391,1692255589163,1692255589169,1693227853401,10,6,4
48281,1693227853401,1692255589174,1692255589178,1693227853410,9,4,5
48282,1693227853410,1692255589183,1692255589188,1693227853420,10,5,5
48283,1693227853420,1692255589193,1692255589196,1693227853428,8,3,5
48284,1693227853428,1692255589201,1692255589204,1693227853437,9,3,6
48285,1693227853437,1692255589210,1692255589215,1693227853447,10,5,5
48286,1693227853447,1692255589220,1692255589224,1693227853457,10,4,6
48287,1693227853457,1692255589231,1692255589234,1693227853466,9,3,6
48288,1693227853466,1692255589239,1692255589243,1693227853476,10,4,6
48289,1693227853476,1692255589249,1692255589253,1693227853485,9,4,5
48290,1693227853485,1692255589259,1692255589263,1693227853497,12,4,8
48291,1693227853497,1692255589270,1692255589275,1693227853507,10,5,5
48292,1693227853507,1692255589282,1692255589287,1693227853519,12,5,7
48293,1693227853519,1692255589293,1692255589296,1693227853530,11,3,8
48294,1693227853530,1692255589303,1692255589306,1693227853539,9,3,6
48295,1693227853539,1692255589312,1692255589316,1693227853548,9,4,5
48296,1693227853548,1692255589320,1692255589323,1693227853556,8,3,5
48297,1693227853556,1692255589329,1692255589333,1693227853565,9,4,5
48298,1693227853565,1692255589338,1692255589342,1693227853574,9,4,5
48299,1693227853574,1692255589347,1692255589350,1693227853582,8,3,5
48300,1693227853582,1692255589355,1692255589359,1693227853591,9,4,5
48301,1693227853591,1692255589364,1692255589367,1693227853599,8,3,5
48302,1693227853599,1692255589373,1692255589377,1693227853628,29,4,25
48303,1693227853628,1692255589401,1692255589405,1693227853638,10,4,6
48304,1693227853638,1692255589413,1692255589416,1693227853648,10,3,7
48305,1693227853648,1692255589421,1692255589425,1693227853657,9,4,5
48306,1693227853657,1692255589430,1692255589433,1693227853666,9,3,6
48307,1693227853666,1692255589439,1692255589442,1693227853674,8,3,5
48308,1693227853674,1692255589446,1692255589450,1693227853682,8,4,4
48309,1693227853682,1692255589454,1692255589458,1693227853690,8,4,4
48310,1693227853690,1692255589465,1692255589468,1693227853703,13,3,10
48311,1693227853703,1692255589696,1692255589700,1693227853932,229,4,225
48312,1693227853932,1692255589706,1692255589710,1693227853942,10,4,6
48313,1693227853942,1692255589737,1692255589740,1693227853972,30,3,27
48314,1693227853972,1692255589745,1692255589748,1693227853981,9,3,6
48315,1693227853981,1692255589754,1692255589758,1693227853990,9,4,5
48316,1693227853990,1692255589763,1692255589767,1693227854000,10,4,6
48317,1693227854000,1692255589773,1692255589777,1693227854009,9,4,5
48318,1693227854009,1692255589783,1692255589787,1693227854019,10,4,6
48319,1693227854019,1692255589794,1692255589798,1693227854030,11,4,7
48320,1693227854030,1692255589803,1692255589806,1693227854039,9,3,6
48321,1693227854039,1692255589812,1692255589816,1693227854049,10,4,6
48322,1693227854049,1692255589822,1692255589829,1693227854078,29,7,22
48323,1693227854078,1692255589852,1692255589855,1693227854088,10,3,7
48324,1693227854088,1692255589861,1692255589864,1693227854096,8,3,5
48325,1693227854096,1692255589868,1692255589872,1693227854104,8,4,4
48326,1693227854104,1692255589877,1692255589880,1693227854112,8,3,5
48327,1693227854113,1692255589885,1692255589888,1693227854121,8,3,5
48328,1693227854121,1692255589896,1692255589899,1693227854132,11,3,8
48329,1693227854132,1692255589904,1692255589908,1693227854140,8,4,4
48330,1693227854140,1692255589913,1692255589916,1693227854148,8,3,5
48331,1693227854148,1692255589921,1692255589925,1693227854158,10,4,6
48332,1693227854158,1692255589931,1692255589934,1693227854166,8,3,5
48333,1693227854167,1692255589939,1692255589942,1693227854174,7,3,4
48334,1693227854174,1692255589947,1692255589950,1693227854183,9,3,6
48335,1693227854183,1692255589955,1692255589959,1693227854191,8,4,4
48336,1693227854191,1692255589964,1692255589968,1693227854200,9,4,5
48337,1693227854200,1692255589973,1692255589976,1693227854208,8,3,5
48338,1693227854208,1692255589981,1692255589985,1693227854217,9,4,5
48339,1693227854217,1692255589990,1692255589993,1693227854316,99,3,96
48340,1693227854316,1692255590090,1692255590094,1693227854326,10,4,6
48341,1693227854326,1692255590102,1692255590105,1693227854337,11,3,8
48342,1693227854338,1692255590111,1692255590115,1693227854347,9,4,5
48343,1693227854347,1692255590121,1692255590125,1693227854358,11,4,7
48344,1693227854358,1692255590131,1692255590136,1693227854368,10,5,5
48345,1693227854368,1692255590141,1692255590145,1693227854377,9,4,5
48346,1693227854377,1692255590150,1692255590154,1693227854386,9,4,5
48347,1693227854386,1692255590159,1692255590163,1693227854425,39,4,35
48348,1693227854425,1692255590198,1692255590202,1693227854434,9,4,5
48349,1693227854434,1692255590207,1692255590211,1693227854443,9,4,5
48350,1693227854443,1692255590216,1692255590220,1693227854452,9,4,5
48351,1693227854452,1692255590225,1692255590230,1693227854462,10,5,5
48352,1693227854462,1692255590235,1692255590239,1693227854471,9,4,5
48353,1693227854471,1692255590244,1692255590248,1693227854480,9,4,5
48354,1693227854480,1692255590253,1692255590257,1693227854489,9,4,5
48355,1693227854489,1692255590262,1692255590266,1693227854498,9,4,5
48356,1693227854498,1692255590272,1692255590277,1693227854527,29,5,24
48357,1693227854527,1692255590301,1692255590305,1693227854537,10,4,6
48358,1693227854537,1692255590311,1692255590314,1693227854547,10,3,7
48359,1693227854547,1692255590320,1692255590326,1693227854558,11,6,5
48360,1693227854558,1692255590331,1692255590335,1693227854567,9,4,5
48361,1693227854567,1692255590340,1692255590344,1693227854577,10,4,6
48362,1693227854577,1692255590350,1692255590354,1693227854586,9,4,5
48363,1693227854586,1692255590359,1692255590363,1693227854595,9,4,5
48364,1693227854595,1692255590369,1692255590374,1693227854606,11,5,6
48365,1693227854606,1692255590379,1692255590384,1693227854616,10,5,5
48366,1693227854616,1692255590390,1692255590394,1693227854627,11,4,7
48367,1693227854627,1692255590401,1692255590405,1693227854638,11,4,7
48368,1693227854638,1692255590411,1692255590416,1693227854648,10,5,5
48369,1693227854648,1692255590421,1692255590427,1693227854659,11,6,5
48370,1693227854659,1692255590437,1692255590442,1693227854674,15,5,10
48371,1693227854675,1692255590448,1692255590452,1693227854684,9,4,5
48372,1693227854684,1692255590458,1692255590463,1693227854697,13,5,8
48373,1693227854697,1692255590470,1692255590473,1693227854709,12,3,9
48374,1693227854709,1692255590482,1692255590486,1693227854718,9,4,5
48375,1693227854718,1692255590491,1692255590496,1693227854729,11,5,6
48376,1693227854729,1692255590746,1692255590750,1693227854982,253,4,249
48377,1693227854982,1692255590755,1692255590761,1693227854993,11,6,5
48378,1693227854993,1692255590767,1692255590771,1693227855003,10,4,6
48379,1693227855004,1692255590777,1692255590782,1693227855014,10,5,5
48380,1693227855014,1692255590787,1692255590792,1693227855024,10,5,5
48381,1693227855024,1692255590798,1692255590802,1693227855035,11,4,7
48382,1693227855035,1692255590808,1692255590813,1693227855047,12,5,7
48383,1693227855047,1692255590821,1692255590826,1693227855059,12,5,7
48384,1693227855059,1692255590833,1692255590838,1693227855070,11,5,6
48385,1693227855070,1692255590847,1692255590852,1693227855084,14,5,9
48386,1693227855084,1692255590858,1692255590863,1693227855095,11,5,6
48387,1693227855095,1692255590869,1692255590874,1693227855106,11,5,6
48388,1693227855106,1692255590880,1692255590885,1693227855117,11,5,6
48389,1693227855117,1692255590892,1692255590897,1693227855129,12,5,7
48390,1693227855129,1692255590904,1692255590909,1693227855141,12,5,7
48391,1693227855141,1692255590915,1692255590920,1693227855152,11,5,6
48392,1693227855152,1692255590925,1692255590929,1693227855162,10,4,6
48393,1693227855162,1692255590936,1692255590940,1693227855172,10,4,6
48394,1693227855172,1692255590946,1692255590950,1693227855199,27,4,23
48395,1693227855199,1692255590973,1692255590976,1693227855209,10,3,7
48396,1693227855209,1692255590982,1692255590988,1693227855221,12,6,6
48397,1693227855221,1692255590994,1692255590998,1693227855230,9,4,5
48398,1693227855230,1692255591003,1692255591008,1693227855240,10,5,5
48399,1693227855240,1692255591013,1692255591018,1693227855252,12,5,7
48400,1693227855252,1692255591025,1692255591030,1693227855263,11,5,6
48401,1693227855263,1692255591036,1692255591041,1693227855273,10,5,5
48402,1693227855273,1692255591136,1692255591140,1693227855372,99,4,95
48403,1693227855372,1692255591146,1692255591150,1693227855382,10,4,6
48404,1693227855382,1692255591156,1692255591160,1693227855392,10,4,6
48405,1693227855392,1692255591167,1692255591171,1693227855403,11,4,7
48406,1693227855403,1692255591177,1692255591183,1693227855415,12,6,6
48407,1693227855415,1692255591188,1692255591193,1693227855426,11,5,6
48408,1693227855426,1692255591200,1692255591204,1693227855437,11,4,7
48409,1693227855437,1692255591211,1692255591216,1693227855448,11,5,6
48410,1693227855448,1692255591222,1692255591228,1693227855460,12,6,6
48411,1693227855460,1692255591234,1692255591239,1693227855471,11,5,6
48412,1693227855471,1692255591245,1692255591250,1693227855482,11,5,6
48413,1693227855482,1692255591256,1692255591261,1693227855493,11,5,6
48414,1693227855493,1692255591267,1692255591272,1693227855505,12,5,7
48415,1693227855505,1692255591279,1692255591284,1693227855517,12,5,7
48416,1693227855517,1692255591290,1692255591295,1693227855527,10,5,5
48417,1693227855528,1692255591302,1692255591305,1693227855538,10,3,7
48418,1693227855538,1692255591311,1692255591315,1693227855547,9,4,5
48419,1693227855547,1692255591320,1692255591324,1693227855559,12,4,8
48420,1693227855559,1692255591332,1692255591336,1693227855568,9,4,5
48421,1693227855568,1692255591342,1692255591345,1693227855578,10,3,7
48422,1693227855578,1692255591351,1692255591355,1693227855587,9,4,5
48423,1693227855587,1692255591361,1692255591365,1693227855597,10,4,6
48424,1693227855597,1692255591370,1692255591374,1693227855606,9,4,5
48425,1693227855607,1692255591380,1692255591385,1693227855618,11,5,6
48426,1693227855618,1692255591391,1692255591396,1693227855628,10,5,5
48427,1693227855628,1692255591425,1692255591429,1693227855662,34,4,30
48428,1693227855662,1692255591436,1692255591442,1693227855674,12,6,6
48429,1693227855674,1692255591448,1692255591452,1693227855685,11,4,7
48430,1693227855685,1692255591458,1692255591463,1693227855695,10,5,5
48431,1693227855695,1692255591476,1692255591482,1693227855714,19,6,13
48432,1693227855714,1692255591488,1692255591493,1693227855727,13,5,8
48433,1693227855727,1692255591501,1692255591508,1693227855741,14,7,7
48434,1693227855741,1692255591517,1692255591522,1693227855754,13,5,8
48435,1693227855754,1692255591528,1692255591533,1693227855772,18,5,13
48436,1693227855772,1692255591546,1692255591551,1693227855783,11,5,6
48437,1693227855783,1692255591556,1692255591561,1693227855793,10,5,5
48438,1693227855793,1692255591567,1692255591572,1693227856021,228,5,223
48439,1693227856021,1692255591795,1692255591799,1693227856032,11,4,7
48440,1693227856032,1692255591805,1692255591809,1693227856042,10,4,6
48441,1693227856042,1692255591815,1692255591819,1693227856051,9,4,5
48442,1693227856051,1692255591824,1692255591828,1693227856061,10,4,6
48443,1693227856061,1692255591834,1692255591838,1693227856071,10,4,6
48444,1693227856071,1692255591845,1692255591850,1693227856101,30,5,25
48445,1693227856101,1692255591874,1692255591879,1693227856112,11,5,6
48446,1693227856112,1692255591889,1692255591894,1693227856126,14,5,9
48447,1693227856126,1692255591900,1692255591905,1693227856137,11,5,6
48448,1693227856137,1692255591913,1692255591918,1693227856151,14,5,9
48449,1693227856151,1692255591924,1692255591930,1693227856162,11,6,5
48450,1693227856162,1692255591935,1692255591940,1693227856173,11,5,6
48451,1693227856173,1692255591947,1692255591951,1693227856183,10,4,6
48452,1693227856183,1692255591956,1692255591960,1693227856192,9,4,5
48453,1693227856192,1692255591966,1692255591969,1693227856202,10,3,7
48454,1693227856202,1692255591974,1692255591979,1693227856211,9,5,4
48455,1693227856211,1692255591984,1692255591988,1693227856221,10,4,6
48456,1693227856221,1692255591995,1692255591998,1693227856231,10,3,7
48457,1693227856231,1692255592004,1692255592008,1693227856240,9,4,5
48458,1693227856240,1692255592015,1692255592019,1693227856251,11,4,7
48459,1693227856251,1692255592025,1692255592030,1693227856262,11,5,6
48460,1693227856262,1692255592035,1692255592039,1693227856271,9,4,5
48461,1693227856271,1692255592047,1692255592051,1693227856283,12,4,8
48462,1693227856283,1692255592056,1692255592059,1693227856292,9,3,6
48463,1693227856292,1692255592065,1692255592069,1693227856301,9,4,5
48464,1693227856301,1692255592096,1692255592099,1693227856411,110,3,107
48465,1693227856411,1692255592184,1692255592188,1693227856435,24,4,20
48466,1693227856435,1692255592209,1692255592214,1693227856446,11,5,6
48467,1693227856446,1692255592218,1692255592223,1693227856455,9,5,4
48468,1693227856455,1692255592228,1692255592232,1693227856464,9,4,5
48469,1693227856464,1692255592237,1692255592241,1693227856473,9,4,5
48470,1693227856473,1692255592247,1692255592254,1693227856487,14,7,7
48471,1693227856487,1692255592260,1692255592264,1693227856497,10,4,6
48472,1693227856497,1692255592270,1692255592275,1693227856507,10,5,5
48473,1693227856507,1692255592281,1692255592286,1693227856518,11,5,6
48474,1693227856518,1692255592294,1692255592299,1693227856531,13,5,8
48475,1693227856531,1692255592304,1692255592309,1693227856541,10,5,5
48476,1693227856542,1692255592315,1692255592320,1693227856552,10,5,5
48477,1693227856552,1692255592326,1692255592331,1693227856563,11,5,6
48478,1693227856563,1692255592337,1692255592341,1693227856574,11,4,7
48479,1693227856574,1692255592347,1692255592351,1693227856584,10,4,6
48480,1693227856584,1692255592358,1692255592363,1693227856596,12,5,7
48481,1693227856596,1692255592370,1692255592376,1693227856610,14,6,8
48482,1693227856610,1692255592384,1692255592388,1693227856621,11,4,7
48483,1693227856621,1692255592395,1692255592399,1693227856631,10,4,6
48484,1693227856631,1692255592405,1692255592409,1693227856641,10,4,6
48485,1693227856641,1692255592414,1692255592420,1693227856652,11,6,5
48486,1693227856652,1692255592425,1692255592430,1693227856662,10,5,5
48487,1693227856662,1692255592436,1692255592440,1693227856672,10,4,6
48488,1693227856672,1692255592446,1692255592450,1693227856685,13,4,9
48489,1693227856685,1692255592458,1692255592462,1693227856694,9,4,5
48490,1693227856694,1692255592467,1692255592471,1693227856704,10,4,6
48491,1693227856704,1692255592477,1692255592482,1693227856714,10,5,5
48492,1693227856714,1692255592486,1692255592491,1693227856723,9,5,4
48493,1693227856723,1692255592496,1692255592500,1693227856733,10,4,6
48494,1693227856733,1692255592506,1692255592513,1693227856746,13,7,6
48495,1693227856746,1692255592518,1692255592523,1693227856773,27,5,22
48496,1693227856773,1692255592547,1692255592551,1693227856784,11,4,7
48497,1693227856784,1692255592560,1692255592565,1693227856798,14,5,9
48498,1693227856798,1692255592571,1692255592575,1693227856807,9,4,5
48499,1693227856807,1692255592580,1692255592584,1693227856816,9,4,5
48500,1693227856816,1692255592589,1692255592592,1693227856824,8,3,5
48501,1693227856824,1692255592597,1692255592601,1693227856833,9,4,5
48502,1693227856833,1692255592606,1692255592609,1693227856841,8,3,5
48503,1693227856841,1692255592614,1692255592619,1693227857070,229,5,224
48504,1693227857070,1692255592845,1692255592849,1693227857081,11,4,7
48505,1693227857081,1692255592855,1692255592859,1693227857091,10,4,6
48506,1693227857091,1692255592866,1692255592873,1693227857105,14,7,7
48507,1693227857105,1692255592879,1692255592884,1693227857117,12,5,7
48508,1693227857117,1692255592890,1692255592894,1693227857198,81,4,77
48509,1693227857198,1692255592971,1692255592977,1693227857267,69,6,63
48510,1693227857267,1692255593041,1692255593045,1693227857277,10,4,6
48511,1693227857277,1692255593051,1692255593055,1693227857287,10,4,6
48512,1693227857287,1692255593060,1692255593064,1693227857296,9,4,5
48513,1693227857296,1692255593071,1692255593075,1693227857307,11,4,7
48514,1693227857307,1692255593081,1692255593084,1693227857316,9,3,6
48515,1693227857316,1692255593089,1692255593093,1693227857325,9,4,5
48516,1693227857325,1692255593098,1692255593103,1693227857335,10,5,5
48517,1693227857335,1692255593108,1692255593112,1693227857345,10,4,6
48518,1693227857345,1692255593118,1692255593122,1693227857354,9,4,5
48519,1693227857354,1692255593128,1692255593132,1693227857364,10,4,6
48520,1693227857364,1692255593137,1692255593141,1693227857462,98,4,94
48521,1693227857462,1692255593237,1692255593241,1693227857474,12,4,8
48522,1693227857474,1692255593248,1692255593253,1693227857490,16,5,11
48523,1693227857490,1692255593264,1692255593268,1693227857501,11,4,7
48524,1693227857501,1692255593278,1692255593282,1693227857515,14,4,10
48525,1693227857515,1692255593289,1692255593293,1693227857525,10,4,6
48526,1693227857525,1692255593299,1692255593303,1693227857536,11,4,7
48527,1693227857536,1692255593310,1692255593314,1693227857563,27,4,23
48528,1693227857563,1692255593339,1692255593344,1693227857577,14,5,9
48529,1693227857577,1692255593351,1692255593355,1693227857587,10,4,6
48530,1693227857587,1692255593361,1692255593365,1693227857597,10,4,6
48531,1693227857597,1692255593372,1692255593377,1693227857609,12,5,7
48532,1693227857609,1692255593383,1692255593387,1693227857619,10,4,6
48533,1693227857619,1692255593397,1692255593402,1693227857635,16,5,11
48534,1693227857635,1692255593411,1692255593415,1693227857647,12,4,8
48535,1693227857647,1692255593420,1692255593426,1693227857675,28,6,22
48536,1693227857675,1692255593450,1692255593454,1693227857686,11,4,7
48537,1693227857686,1692255593461,1692255593470,1693227857702,16,9,7
48538,1693227857702,1692255593477,1692255593483,1693227857716,14,6,8
48539,1693227857716,1692255593489,1692255593496,1693227857728,12,7,5
48540,1693227857728,1692255593501,1692255593507,1693227857739,11,6,5
48541,1693227857739,1692255593517,1692255593521,1693227857753,14,4,10
48542,1693227857753,1692255593528,1692255593535,1693227857767,14,7,7
48543,1693227857767,1692255593541,1692255593545,1693227857779,12,4,8
48544,1693227857779,1692255593553,1692255593558,1693227857790,11,5,6
48545,1693227857790,1692255593564,1692255593568,1693227857800,10,4,6
48546,1693227857800,1692255593574,1692255593578,1693227857812,12,4,8
48547,1693227857812,1692255593585,1692255593590,1693227857822,10,5,5
48548,1693227857822,1692255593596,1692255593600,1693227857833,11,4,7
48549,1693227857833,1692255593607,1692255593611,1693227857844,11,4,7
48550,1693227857844,1692255593619,1692255593623,1693227857855,11,4,7
48551,1693227857855,1692255593628,1692255593632,1693227857865,10,4,6
48552,1693227857865,1692255593639,1692255593644,1693227857876,11,5,6
48553,1693227857876,1692255593650,1692255593655,1693227857887,11,5,6
48554,1693227857887,1692255593661,1692255593665,1693227858120,233,4,229
48555,1693227858120,1692255593895,1692255593900,1693227858132,12,5,7
48556,1693227858132,1692255593906,1692255593912,1693227858145,13,6,7
48557,1693227858145,1692255593919,1692255593924,1693227858156,11,5,6
48558,1693227858156,1692255593931,1692255593936,1693227858168,12,5,7
48559,1693227858169,1692255593943,1692255593949,1693227858181,12,6,6
48560,1693227858181,1692255593955,1692255593960,1693227858193,12,5,7
48561,1693227858193,1692255593967,1692255593973,1693227858205,12,6,6
48562,1693227858205,1692255593979,1692255593984,1693227858216,11,5,6
48563,1693227858216,1692255593994,1692255594000,1693227858232,16,6,10
48564,1693227858232,1692255594007,1692255594012,1693227858245,13,5,8
48565,1693227858245,1692255594018,1692255594022,1693227858254,9,4,5
48566,1693227858254,1692255594028,1692255594034,1693227858267,13,6,7
48567,1693227858267,1692255594041,1692255594045,1693227858277,10,4,6
48568,1693227858277,1692255594051,1692255594055,1693227858287,10,4,6
48569,1693227858287,1692255594062,1692255594067,1693227858299,12,5,7
48570,1693227858300,1692255594073,1692255594079,1693227858311,11,6,5
48571,1693227858311,1692255594085,1692255594090,1693227858324,13,5,8
48572,1693227858324,1692255594118,1692255594124,1693227858357,33,6,27
48573,1693227858357,1692255594130,1692255594135,1693227858367,10,5,5
48574,1693227858367,1692255594140,1692255594145,1693227858377,10,5,5
48575,1693227858378,1692255594155,1692255594159,1693227858392,14,4,10
48576,1693227858392,1692255594166,1692255594170,1693227858402,10,4,6
48577,1693227858402,1692255594177,1692255594181,1693227858414,12,4,8
48578,1693227858414,1692255594187,1692255594192,1693227858512,98,5,93
48579,1693227858512,1692255594285,1692255594292,1693227858525,13,7,6
48580,1693227858525,1692255594300,1692255594304,1693227858537,12,4,8
48581,1693227858537,1692255594311,1692255594315,1693227858548,11,4,7
48582,1693227858548,1692255594321,1692255594325,1693227858557,9,4,5
48583,1693227858557,1692255594331,1692255594336,1693227858569,12,5,7
48584,1693227858569,1692255594343,1692255594346,1693227858579,10,3,7
48585,1693227858579,1692255594352,1692255594356,1693227858588,9,4,5
48586,1693227858588,1692255594362,1692255594366,1693227858598,10,4,6
48587,1693227858598,1692255594371,1692255594376,1693227858609,11,5,6
48588,1693227858609,1692255594383,1692255594387,1693227858619,10,4,6
48589,1693227858619,1692255594393,1692255594398,1693227858631,12,5,7
48590,1693227858631,1692255594404,1692255594408,1693227858641,10,4,6
48591,1693227858641,1692255594414,1692255594419,1693227858651,10,5,5
48592,1693227858651,1692255594426,1692255594431,1693227858663,12,5,7
48593,1693227858663,1692255594437,1692255594442,1693227858674,11,5,6
48594,1693227858674,1692255594447,1692255594452,1693227858684,10,5,5
48595,1693227858684,1692255594457,1692255594462,1693227858694,10,5,5
48596,1693227858694,1692255594468,1692255594472,1693227858705,11,4,7
48597,1693227858705,1692255594478,1692255594483,1693227858720,15,5,10
48598,1693227858720,1692255594493,1692255594498,1693227858733,13,5,8
48599,1693227858733,1692255594507,1692255594511,1693227858744,11,4,7
48600,1693227858744,1692255594518,1692255594522,1693227858755,11,4,7
48601,1693227858755,1692255594537,1692255594542,1693227858777,22,5,17
48602,1693227858777,1692255594569,1692255594579,1693227858812,35,10,25
48603,1693227858812,1692255594586,1692255594591,1693227858823,11,5,6
48604,1693227858823,1692255594597,1692255594603,1693227858836,13,6,7
48605,1693227858837,1692255594610,1692255594615,1693227858847,10,5,5
48606,1693227858847,1692255594620,1692255594624,1693227858856,9,4,5
48607,1693227858856,1692255594630,1692255594634,1693227858866,10,4,6
48608,1693227858866,1692255594640,1692255594646,1693227858878,12,6,6
48609,1693227858878,1692255594652,1692255594656,1693227858889,11,4,7
48610,1693227858889,1692255594662,1692255594667,1693227858899,10,5,5
48611,1693227858899,1692255594676,1692255594680,1693227858912,13,4,9
48612,1693227858912,1692255594687,1692255594693,1693227858925,13,6,7
48613,1693227858925,1692255594698,1692255594703,1693227858938,13,5,8
48614,1693227858938,1692255594711,1692255594716,1693227859165,227,5,222
48615,1693227859165,1692255594940,1692255594948,1693227859180,15,8,7
48616,1693227859180,1692255594963,1692255594968,1693227859200,20,5,15
48617,1693227859200,1692255594974,1692255594979,1693227859212,12,5,7
48618,1693227859212,1692255594986,1692255594990,1693227859224,12,4,8
48619,1693227859224,1692255595018,1692255595023,1693227859255,31,5,26
48620,1693227859255,1692255595028,1692255595033,1693227859265,10,5,5
48621,1693227859265,1692255595040,1692255595045,1693227859278,13,5,8
48622,1693227859278,1692255595051,1692255595056,1693227859289,11,5,6
48623,1693227859289,1692255595063,1692255595067,1693227859300,11,4,7
48624,1693227859300,1692255595073,1692255595079,1693227859311,11,6,5
48625,1693227859311,1692255595088,1692255595094,1693227859326,15,6,9
48626,1693227859326,1692255595102,1692255595106,1693227859339,13,4,9
48627,1693227859339,1692255595112,1692255595117,1693227859349,10,5,5
48628,1693227859349,1692255595124,1692255595129,1693227859361,12,5,7
48629,1693227859361,1692255595135,1692255595140,1693227859372,11,5,6
48630,1693227859372,1692255595146,1692255595151,1693227859384,12,5,7
48631,1693227859384,1692255595158,1692255595163,1693227859395,11,5,6
48632,1693227859395,1692255595169,1692255595174,1693227859406,11,5,6
48633,1693227859406,1692255595180,1692255595185,1693227859417,11,5,6
48634,1693227859417,1692255595199,1692255595203,1693227859435,18,4,14
48635,1693227859435,1692255595209,1692255595214,1693227859447,12,5,7
48636,1693227859447,1692255595243,1692255595253,1693227859588,141,10,131
48637,1693227859588,1692255595453,1692255595458,1693227859690,102,5,97
48638,1693227859690,1692255595465,1692255595470,1693227859703,13,5,8
48639,1693227859703,1692255595476,1692255595482,1693227859714,11,6,5
48640,1693227859714,1692255595488,1692255595493,1693227859725,11,5,6
48641,1693227859725,1692255595509,1692255595517,1693227859749,24,8,16
48642,1693227859749,1692255595523,1692255595528,1693227859784,35,5,30
48643,1693227859784,1692255595558,1692255595563,1693227859795,11,5,6
48644,1693227859795,1692255595569,1692255595574,1693227859806,11,5,6
48645,1693227859806,1692255595580,1692255595584,1693227859817,11,4,7
48646,1693227859817,1692255595591,1692255595596,1693227859828,11,5,6
48647,1693227859828,1692255595602,1692255595607,1693227859840,12,5,7
48648,1693227859840,1692255595613,1692255595618,1693227859850,10,5,5
48649,1693227859850,1692255595625,1692255595631,1693227859863,13,6,7
48650,1693227859863,1692255595637,1692255595645,1693227859879,16,8,8
48651,1693227859879,1692255595653,1692255595658,1693227859890,11,5,6
48652,1693227859890,1692255595664,1692255595668,1693227859919,29,4,25
48653,1693227859919,1692255595693,1692255595698,1693227859930,11,5,6
48654,1693227859930,1692255595704,1692255595708,1693227859940,10,4,6
48655,1693227859940,1692255595714,1692255595718,1693227859951,11,4,7
48656,1693227859951,1692255595725,1692255595729,1693227859962,11,4,7
48657,1693227859962,1692255595738,1692255595742,1693227859975,13,4,9
48658,1693227859975,1692255595749,1692255595753,1693227859986,11,4,7
48659,1693227859986,1692255595760,1692255595764,1693227860215,229,4,225
48660,1693227860215,1692255595990,1692255595998,1693227860230,15,8,7
48661,1693227860230,1692255596006,1692255596011,1693227860243,13,5,8
48662,1693227860243,1692255596018,1692255596023,1693227860255,12,5,7
48663,1693227860255,1692255596031,1692255596035,1693227860269,14,4,10
48664,1693227860269,1692255596044,1692255596049,1693227860281,12,5,7
48665,1693227860281,1692255596056,1692255596061,1693227860293,12,5,7
48666,1693227860293,1692255596067,1692255596071,1693227860303,10,4,6
48667,1693227860303,1692255596077,1692255596081,1693227860313,10,4,6
48668,1693227860313,1692255596087,1692255596090,1693227860323,10,3,7
48669,1693227860323,1692255596096,1692255596100,1693227860332,9,4,5
48670,1693227860332,1692255596105,1692255596109,1693227860341,9,4,5
48671,1693227860341,1692255596114,1692255596118,1693227860372,31,4,27
48672,1693227860372,1692255596146,1692255596150,1693227860382,10,4,6
48673,1693227860382,1692255596155,1692255596159,1693227860391,9,4,5
48674,1693227860391,1692255596165,1692255596169,1693227860401,10,4,6
48675,1693227860401,1692255596175,1692255596180,1693227860412,11,5,6
48676,1693227860412,1692255596186,1692255596190,1693227860422,10,4,6
48677,1693227860422,1692255596196,1692255596200,1693227860433,11,4,7
48678,1693227860433,1692255596207,1692255596211,1693227860444,11,4,7
48679,1693227860444,1692255596217,1692255596222,1693227860454,10,5,5
48680,1693227860454,1692255596228,1692255596232,1693227860464,10,4,6
48681,1693227860464,1692255596238,1692255596243,1693227860475,11,5,6
48682,1693227860475,1692255596249,1692255596254,1693227860486,11,5,6
48683,1693227860486,1692255596260,1692255596264,1693227860496,10,4,6
48684,1693227860496,1692255596270,1692255596274,1693227860506,10,4,6
48685,1693227860506,1692255596279,1692255596284,1693227860516,10,5,5
48686,1693227860516,1692255596290,1692255596296,1693227860608,92,6,86
48687,1693227860608,1692255596382,1692255596386,1693227860618,10,4,6
48688,1693227860618,1692255596392,1692255596396,1693227860628,10,4,6
48689,1693227860628,1692255596401,1692255596405,1693227860637,9,4,5
48690,1693227860637,1692255596410,1692255596414,1693227860646,9,4,5
48691,1693227860646,1692255596419,1692255596426,1693227860658,12,7,5
48692,1693227860659,1692255596436,1692255596440,1693227860672,13,4,9
48693,1693227860672,1692255596445,1692255596450,1693227860683,11,5,6
48694,1693227860683,1692255596479,1692255596484,1693227860717,34,5,29
48695,1693227860717,1692255596490,1692255596495,1693227860727,10,5,5
48696,1693227860727,1692255596500,1692255596504,1693227860736,9,4,5
48697,1693227860736,1692255596510,1692255596514,1693227860747,11,4,7
48698,1693227860747,1692255596520,1692255596524,1693227860756,9,4,5
48699,1693227860756,1692255596531,1692255596535,1693227860767,11,4,7
48700,1693227860767,1692255596541,1692255596546,1693227860781,14,5,9
48701,1693227860781,1692255596554,1692255596559,1693227860791,10,5,5
48702,1693227860791,1692255596564,1692255596568,1693227860819,28,4,24
48703,1693227860819,1692255596593,1692255596597,1693227860829,10,4,6
48704,1693227860829,1692255596602,1692255596607,1693227860839,10,5,5
48705,1693227860839,1692255596612,1692255596616,1693227860848,9,4,5
48706,1693227860848,1692255596621,1692255596625,1693227860857,9,4,5
48707,1693227860857,1692255596631,1692255596636,1693227860868,11,5,6
48708,1693227860868,1692255596642,1692255596646,1693227860878,10,4,6
48709,1693227860878,1692255596652,1692255596655,1693227860887,9,3,6
48710,1693227860887,1692255596659,1692255596663,1693227860895,8,4,4
48711,1693227860895,1692255596668,1692255596671,1693227860903,8,3,5
48712,1693227860904,1692255596677,1692255596680,1693227860913,9,3,6
48713,1693227860913,1692255596686,1692255596690,1693227860922,9,4,5
48714,1693227860922,1692255596695,1692255596698,1693227860930,8,3,5
48715,1693227860930,1692255596704,1692255596708,1693227860940,10,4,6
48716,1693227860940,1692255596713,1692255596717,1693227860949,9,4,5
48717,1693227860949,1692255596722,1692255596726,1693227860959,10,4,6
48718,1693227860959,1692255596732,1692255596737,1693227860969,10,5,5
48719,1693227860969,1692255596743,1692255596747,1693227860979,10,4,6
48720,1693227860979,1692255596752,1692255596757,1693227860989,10,5,5
48721,1693227860989,1692255596763,1692255596766,1693227860999,10,3,7
48722,1693227860999,1692255596772,1692255596778,1693227861011,12,6,6
48723,1693227861011,1692255596784,1692255596789,1693227861021,10,5,5
48724,1693227861021,1692255596794,1692255596799,1693227861031,10,5,5
48725,1693227861031,1692255596805,1692255596809,1693227861042,11,4,7
48726,1693227861042,1692255597036,1692255597040,1693227861272,230,4,226
48727,1693227861272,1692255597046,1692255597051,1693227861284,12,5,7
48728,1693227861284,1692255597058,1692255597063,1693227861295,11,5,6
48729,1693227861295,1692255597069,1692255597074,1693227861306,11,5,6
48730,1693227861306,1692255597080,1692255597090,1693227861322,16,10,6
48731,1693227861322,1692255597096,1692255597101,1693227861334,12,5,7
48732,1693227861334,1692255597108,1692255597113,1693227861345,11,5,6
48733,1693227861345,1692255597119,1692255597123,1693227861355,10,4,6
48734,1693227861355,1692255597130,1692255597135,1693227861367,12,5,7
48735,1693227861367,1692255597141,1692255597146,1693227861378,11,5,6
48736,1693227861378,1692255597154,1692255597160,1693227861395,17,6,11
48737,1693227861395,1692255597169,1692255597174,1693227861406,11,5,6
48738,1693227861406,1692255597179,1692255597184,1693227861417,11,5,6
48739,1693227861417,1692255597191,1692255597196,1693227861428,11,5,6
48740,1693227861428,1692255597202,1692255597207,1693227861439,11,5,6
48741,1693227861439,1692255597213,1692255597218,1693227861450,11,5,6
48742,1693227861450,1692255597227,1692255597232,1693227861464,14,5,9
48743,1693227861464,1692255597239,1692255597244,1693227861493,29,5,24
48744,1693227861493,1692255597267,1692255597271,1693227861504,11,4,7
48745,1693227861504,1692255597276,1692255597280,1693227861513,9,4,5
48746,1693227861513,1692255597286,1692255597291,1693227861523,10,5,5
48747,1693227861523,1692255597297,1692255597303,1693227861535,12,6,6
48748,1693227861535,1692255597308,1692255597313,1693227861545,10,5,5
48749,1693227861545,1692255597319,1692255597325,1693227861557,12,6,6
48750,1693227861557,1692255597331,1692255597336,1693227861656,99,5,94
48751,1693227861656,1692255597430,1692255597435,1693227861667,11,5,6
48752,1693227861667,1692255597441,1692255597445,1693227861677,10,4,6
48753,1693227861677,1692255597452,1692255597455,1693227861688,11,3,8
48754,1693227861688,1692255597461,1692255597464,1693227861696,8,3,5
48755,1693227861696,1692255597469,1692255597473,1693227861705,9,4,5
48756,1693227861705,1692255597478,1692255597482,1693227861715,10,4,6
48757,1693227861715,1692255597488,1692255597492,1693227861725,10,4,6
48758,1693227861725,1692255597498,1692255597502,1693227861734,9,4,5
48759,1693227861734,1692255597508,1692255597516,1693227861751,17,8,9
48760,1693227861751,1692255597524,1692255597528,1693227861760,9,4,5
48761,1693227861760,1692255597534,1692255597538,1693227861770,10,4,6
48762,1693227861770,1692255597544,1692255597549,1693227861781,11,5,6
48763,1693227861781,1692255597554,1692255597558,1693227861790,9,4,5
48764,1693227861790,1692255597564,1692255597569,1693227861801,11,5,6
48765,1693227861801,1692255597577,1692255597580,1693227861813,12,3,9
48766,1693227861813,1692255597586,1692255597590,1693227861822,9,4,5
48767,1693227861822,1692255597594,1692255597598,1693227861830,8,4,4
48768,1693227861830,1692255597604,1692255597607,1693227861839,9,3,6
48769,1693227861839,1692255597612,1692255597616,1693227861848,9,4,5
48770,1693227861848,1692255597622,1692255597626,1693227861858,10,4,6
48771,1693227861858,1692255597631,1692255597635,1693227861867,9,4,5
48772,1693227861867,1692255597640,1692255597645,1693227861877,10,5,5
48773,1693227861877,1692255597651,1692255597655,1693227861887,10,4,6
48774,1693227861887,1692255597660,1692255597664,1693227861896,9,4,5
48775,1693227861896,1692255597670,1692255597674,1693227861908,12,4,8
48776,1693227861909,1692255597682,1692255597687,1693227861919,10,5,5
48777,1693227861919,1692255597692,1692255597696,1693227861949,30,4,26
48778,1693227861949,1692255597723,1692255597727,1693227861959,10,4,6
48779,1693227861959,1692255597733,1692255597737,1693227861969,10,4,6
48780,1693227861969,1692255597743,1692255597747,1693227861979,10,4,6
48781,1693227861979,1692255597753,1692255597757,1693227861989,10,4,6
48782,1693227861989,1692255597762,1692255597765,1693227861998,9,3,6
48783,1693227861998,1692255597771,1692255597775,1693227862007,9,4,5
48784,1693227862007,1692255597781,1692255597784,1693227862017,10,3,7
48785,1693227862017,1692255597790,1692255597793,1693227862026,9,3,6
48786,1693227862026,1692255597799,1692255597802,1693227862034,8,3,5
48787,1693227862034,1692255597809,1692255597813,1693227862046,12,4,8
48788,1693227862046,1692255597819,1692255597823,1693227862055,9,4,5
48789,1693227862055,1692255597828,1692255597831,1693227862063,8,3,5
48790,1693227862063,1692255597836,1692255597840,1693227862072,9,4,5
48791,1693227862072,1692255597844,1692255597847,1693227862080,8,3,5
48792,1693227862080,1692255597853,1692255597857,1693227862088,8,4,4
48793,1693227862088,1692255597861,1692255597865,1693227862311,223,4,219
48794,1693227862311,1692255598085,1692255598089,1693227862321,10,4,6
48795,1693227862321,1692255598094,1692255598099,1693227862330,9,5,4
48796,1693227862331,1692255598104,1692255598111,1693227862343,12,7,5
48797,1693227862343,1692255598116,1692255598120,1693227862352,9,4,5
48798,1693227862352,1692255598126,1692255598130,1693227862363,11,4,7
48799,1693227862363,1692255598136,1692255598140,1693227862392,29,4,25
48800,1693227862392,1692255598166,1692255598170,1693227862402,10,4,6
48801,1693227862402,1692255598175,1692255598179,1693227862412,10,4,6
48802,1693227862412,1692255598184,1692255598188,1693227862420,8,4,4
48803,1693227862420,1692255598194,1692255598198,1693227862430,10,4,6
48804,1693227862430,1692255598203,1692255598206,1693227862438,8,3,5
48805,1693227862438,1692255598212,1692255598216,1693227862448,10,4,6
48806,1693227862448,1692255598221,1692255598225,1693227862456,8,4,4
48807,1693227862456,1692255598230,1692255598234,1693227862466,10,4,6
48808,1693227862466,1692255598239,1692255598243,1693227862475,9,4,5
48809,1693227862475,1692255598249,1692255598253,1693227862485,10,4,6
48810,1693227862485,1692255598261,1692255598264,1693227862497,12,3,9
48811,1693227862497,1692255598271,1692255598276,1693227862508,11,5,6
48812,1693227862508,1692255598283,1692255598287,1693227862521,13,4,9
48813,1693227862521,1692255598295,1692255598299,1693227862531,10,4,6
48814,1693227862531,1692255598305,1692255598311,1693227862543,12,6,6
48815,1693227862543,1692255598318,1692255598322,1693227862555,12,4,8
48816,1693227862555,1692255598328,1692255598332,1693227862564,9,4,5
48817,1693227862564,1692255598339,1692255598343,1693227862575,11,4,7
48818,1693227862575,1692255598348,1692255598352,1693227862584,9,4,5
48819,1693227862584,1692255598358,1692255598362,1693227862594,10,4,6
48820,1693227862594,1692255598368,1692255598372,1693227862604,10,4,6
48821,1693227862604,1692255598378,1692255598382,1693227862614,10,4,6
48822,1693227862614,1692255598475,1692255598478,1693227862727,113,3,110
48823,1693227862727,1692255598501,1692255598505,1693227862737,10,4,6
48824,1693227862737,1692255598511,1692255598515,1693227862747,10,4,6
48825,1693227862747,1692255598520,1692255598524,1693227862757,10,4,6
48826,1693227862757,1692255598530,1692255598534,1693227862766,9,4,5
48827,1693227862766,1692255598538,1692255598542,1693227862774,8,4,4
48828,1693227862774,1692255598547,1692255598550,1693227862782,8,3,5
48829,1693227862782,1692255598556,1692255598562,1693227862794,12,6,6
48830,1693227862794,1692255598568,1692255598571,1693227862803,9,3,6
48831,1693227862803,1692255598577,1692255598580,1693227862812,9,3,6
48832,1693227862812,1692255598586,1692255598591,1693227862823,11,5,6
48833,1693227862823,1692255598595,1692255598599,1693227862831,8,4,4
48834,1693227862831,1692255598605,1692255598609,1693227862841,10,4,6
48835,1693227862841,1692255598614,1692255598618,1693227862850,9,4,5
48836,1693227862850,1692255598625,1692255598629,1693227862861,11,4,7
48837,1693227862861,1692255598635,1692255598639,1693227862871,10,4,6
48838,1693227862871,1692255598644,1692255598649,1693227862881,10,5,5
48839,1693227862881,1692255598654,1692255598658,1693227862890,9,4,5
48840,1693227862890,1692255598663,1692255598667,1693227862899,9,4,5
48841,1693227862899,1692255598673,1692255598676,1693227862909,10,3,7
48842,1693227862909,1692255598682,1692255598686,1693227862918,9,4,5
48843,1693227862918,1692255598692,1692255598696,1693227862928,10,4,6
48844,1693227862928,1692255598703,1692255598707,1693227862939,11,4,7
48845,1693227862939,1692255598712,1692255598716,1693227862948,9,4,5
48846,1693227862948,1692255598720,1692255598723,1693227862955,7,3,4
48847,1693227862955,1692255598731,1692255598734,1693227862967,12,3,9
48848,1693227862967,1692255598740,1692255598743,1693227862975,8,3,5
48849,1693227862975,1692255598748,1692255598752,1693227862984,9,4,5
48850,1693227862984,1692255598757,1692255598761,1693227862993,9,4,5
48851,1693227862993,1692255598766,1692255598770,1693227863002,9,4,5
48852,1693227863002,1692255598774,1692255598778,1693227863010,8,4,4
48853,1693227863010,1692255598783,1692255598787,1693227863019,9,4,5
48854,1693227863019,1692255598792,1692255598796,1693227863029,10,4,6
48855,1693227863029,1692255598813,1692255598818,1693227863067,38,5,33
48856,1693227863067,1692255598840,1692255598845,1693227863077,10,5,5
48857,1693227863077,1692255598850,1692255598854,1693227863086,9,4,5
48858,1693227863086,1692255598860,1692255598864,1693227863096,10,4,6
48859,1693227863096,1692255598869,1692255598874,1693227863106,10,5,5
48860,1693227863106,1692255598879,1692255598882,1693227863115,9,3,6
48861,1693227863115,1692255598888,1692255598892,1693227863124,9,4,5
48862,1693227863124,1692255598898,1692255598902,1693227863137,13,4,9
48863,1693227863137,1692255599133,1692255599136,1693227863368,231,3,228
48864,1693227863374,1692255599146,1692255599151,1693227863383,9,5,4
48865,1693227863383,1692255599156,1692255599161,1693227863396,13,5,8
48866,1693227863396,1692255599169,1692255599173,1693227863405,9,4,5
48867,1693227863405,1692255599177,1692255599181,1693227863413,8,4,4
48868,1693227863413,1692255599186,1692255599190,1693227863422,9,4,5
48869,1693227863422,1692255599194,1692255599199,1693227863439,17,5,12
48870,1693227863439,1692255599214,1692255599220,1693227863451,12,6,6
48871,1693227863451,1692255599224,1692255599226,1693227863458,7,2,5
48872,1693227863458,1692255599231,1692255599234,1693227863465,7,3,4
48873,1693227863465,1692255599238,1692255599241,1693227863473,8,3,5
48874,1693227863473,1692255599245,1692255599249,1693227863481,8,4,4
48875,1693227863481,1692255599254,1692255599257,1693227863489,8,3,5
48876,1693227863489,1692255599261,1692255599266,1693227863517,28,5,23
48877,1693227863517,1692255599290,1692255599294,1693227863526,9,4,5
48878,1693227863526,1692255599298,1692255599301,1693227863533,7,3,4
48879,1693227863533,1692255599306,1692255599308,1693227863540,7,2,5
48880,1693227863540,1692255599313,1692255599316,1693227863549,9,3,6
48881,1693227863549,1692255599321,1692255599324,1693227863556,7,3,4
48882,1693227863556,1692255599329,1692255599331,1693227863563,7,2,5
48883,1693227863563,1692255599336,1692255599340,1693227863571,8,4,4
48884,1693227863571,1692255599344,1692255599348,1693227863580,9,4,5
48885,1693227863580,1692255599353,1692255599355,1693227863587,7,2,5
48886,1693227863587,1692255599360,1692255599363,1693227863595,8,3,5
48887,1693227863595,1692255599367,1692255599370,1693227863603,8,3,5
48888,1693227863603,1692255599376,1692255599379,1693227863611,8,3,5
48889,1693227863611,1692255599383,1692255599386,1693227863618,7,3,4
48890,1693227863618,1692255599391,1692255599394,1693227863626,8,3,5
48891,1693227863626,1692255599398,1692255599402,1693227863633,7,4,3
48892,1693227863634,1692255599406,1692255599409,1693227863641,7,3,4
48893,1693227863641,1692255599413,1692255599416,1693227863648,7,3,4
48894,1693227863648,1692255599421,1692255599424,1693227863656,8,3,5
48895,1693227863656,1692255599428,1692255599431,1693227863753,97,3,94
48896,1693227863753,1692255599526,1692255599530,1693227863764,11,4,7
48897,1693227863764,1692255599536,1692255599539,1693227863771,7,3,4
48898,1693227863771,1692255599544,1692255599547,1693227863779,8,3,5
48899,1693227863779,1692255599551,1692255599555,1693227863787,8,4,4
48900,1693227863787,1692255599560,1692255599563,1693227863795,8,3,5
48901,1693227863795,1692255599567,1692255599571,1693227863803,8,4,4
48902,1693227863803,1692255599575,1692255599579,1693227863811,8,4,4
48903,1693227863811,1692255599584,1692255599587,1693227863819,8,3,5
48904,1693227863819,1692255599591,1692255599596,1693227863828,9,5,4
48905,1693227863828,1692255599624,1692255599628,1693227863860,32,4,28
48906,1693227863860,1692255599633,1692255599636,1693227863867,7,3,4
48907,1693227863867,1692255599640,1692255599643,1693227863875,8,3,5
48908,1693227863875,1692255599648,1692255599651,1693227863883,8,3,5
48909,1693227863883,1692255599656,1692255599659,1693227863891,8,3,5
48910,1693227863891,1692255599664,1692255599667,1693227863899,8,3,5
48911,1693227863899,1692255599671,1692255599675,1693227863906,7,4,3
48912,1693227863906,1692255599678,1692255599681,1693227863913,7,3,4
48913,1693227863913,1692255599688,1692255599692,1693227863924,11,4,7
48914,1693227863924,1692255599696,1692255599700,1693227863932,8,4,4
48915,1693227863932,1692255599704,1692255599707,1693227863939,7,3,4
48916,1693227863939,1692255599712,1692255599715,1693227863963,24,3,21
48917,1693227863963,1692255599736,1692255599739,1693227863971,8,3,5
48918,1693227863971,1692255599744,1692255599748,1693227863980,9,4,5
48919,1693227863980,1692255599753,1692255599756,1693227863988,8,3,5
48920,1693227863988,1692255599761,1692255599764,1693227863995,7,3,4
48921,1693227863995,1692255599768,1692255599771,1693227864003,8,3,5
48922,1693227864003,1692255599775,1692255599779,1693227864011,8,4,4
48923,1693227864011,1692255599783,1692255599786,1693227864018,7,3,4
48924,1693227864018,1692255599793,1692255599797,1693227864029,11,4,7
48925,1693227864029,1692255599802,1692255599805,1693227864037,8,3,5
48926,1693227864037,1692255599809,1692255599813,1693227864045,8,4,4
48927,1693227864045,1692255599818,1692255599821,1693227864053,8,3,5
48928,1693227864053,1692255599828,1692255599832,1693227864064,11,4,7
48929,1693227864064,1692255599838,1692255599842,1693227864073,9,4,5
48930,1693227864073,1692255599846,1692255599849,1693227864081,8,3,5
48931,1693227864081,1692255599853,1692255599856,1693227864088,7,3,4
48932,1693227864088,1692255599861,1692255599865,1693227864097,9,4,5
48933,1693227864097,1692255599869,1692255599872,1693227864104,7,3,4
48934,1693227864104,1692255599876,1692255599879,1693227864111,7,3,4
48935,1693227864111,1692255599884,1692255599887,1693227864119,8,3,5
48936,1693227864119,1692255599892,1692255599895,1693227864127,8,3,5
48937,1693227864127,1692255599900,1692255599904,1693227864136,9,4,5
48938,1693227864136,1692255599909,1692255599912,1693227864144,8,3,5
48939,1693227864144,1692255599917,1692255599919,1693227864151,7,2,5
48940,1693227864151,1692255599923,1692255599926,1693227864160,9,3,6
48941,1693227864160,1692255599933,1692255599938,1693227864170,10,5,5
48942,1693227864170,1692255599944,1692255599947,1693227864179,9,3,6
48943,1693227864179,1692255599951,1692255599955,1693227864186,7,4,3
48944,1693227864186,1692255600182,1692255600185,1693227864417,231,3,228
48945,1693227864417,1692255600191,1692255600195,1693227864427,10,4,6
48946,1693227864427,1692255600200,1692255600203,1693227864434,7,3,4
48947,1693227864434,1692255600207,1692255600210,1693227864442,8,3,5
48948,1693227864442,1692255600215,1692255600218,1693227864450,8,3,5
48949,1693227864450,1692255600222,1692255600226,1693227864458,8,4,4
48950,1693227864458,1692255600230,1692255600233,1693227864468,10,3,7
48951,1693227864468,1692255600242,1692255600244,1693227864476,8,2,6
48952,1693227864476,1692255600248,1692255600252,1693227864484,8,4,4
48953,1693227864485,1692255600258,1692255600261,1693227864494,9,3,6
48954,1693227864494,1692255600267,1692255600270,1693227864502,8,3,5
48955,1693227864502,1692255600275,1692255600278,1693227864510,8,3,5
48956,1693227864510,1692255600282,1692255600286,1693227864518,8,4,4
48957,1693227864518,1692255600291,1692255600294,1693227864526,8,3,5
48958,1693227864526,1692255600299,1692255600302,1693227864534,8,3,5
48959,1693227864534,1692255600307,1692255600310,1693227864542,8,3,5
48960,1693227864542,1692255600314,1692255600317,1693227864549,7,3,4
48961,1693227864549,1692255600321,1692255600324,1693227864555,6,3,3
48962,1693227864555,1692255600328,1692255600331,1693227864563,8,3,5
48963,1693227864563,1692255600336,1692255600339,1693227864571,8,3,5
48964,1693227864571,1692255600344,1692255600347,1693227864578,7,3,4
48965,1693227864578,1692255600351,1692255600354,1693227864586,8,3,5
48966,1693227864586,1692255600359,1692255600361,1693227864593,7,2,5
48967,1693227864593,1692255600365,1692255600368,1693227864600,7,3,4
48968,1693227864600,1692255600373,1692255600376,1693227864608,8,3,5
48969,1693227864608,1692255600380,1692255600383,1693227864617,9,3,6
48970,1693227864617,1692255600458,1692255600461,1693227864693,76,3,73
48971,1693227864693,1692255600478,1692255600482,1693227864802,109,4,105
48972,1693227864802,1692255600575,1692255600579,1693227864811,9,4,5
48973,1693227864811,1692255600583,1692255600587,1693227864825,14,4,10
48974,1693227864825,1692255600618,1692255600621,1693227864853,28,3,25
48975,1693227864853,1692255600626,1692255600629,1693227864861,8,3,5
48976,1693227864861,1692255600634,1692255600638,1693227864874,13,4,9
48977,1693227864874,1692255600665,1692255600669,1693227864901,27,4,23
48978,1693227864901,1692255600678,1692255600683,1693227864915,14,5,9
48979,1693227864915,1692255600688,1692255600691,1693227864924,9,3,6
48980,1693227864924,1692255600696,1692255600699,1693227864931,7,3,4
48981,1693227864931,1692255600704,1692255600707,1693227864938,7,3,4
48982,1693227864938,1692255600711,1692255600714,1693227864946,8,3,5
48983,1693227864946,1692255600719,1692255600722,1693227864954,8,3,5
48984,1693227864954,1692255600727,1692255600730,1693227864962,8,3,5
48985,1693227864962,1692255600735,1692255600738,1693227864970,8,3,5
48986,1693227864970,1692255600743,1692255600746,1693227864980,10,3,7
48987,1693227864980,1692255600754,1692255600757,1693227864990,10,3,7
48988,1693227864990,1692255600763,1692255600767,1693227864998,8,4,4
48989,1693227864998,1692255600771,1692255600774,1693227865006,8,3,5
48990,1693227865006,1692255600779,1692255600782,1693227865014,8,3,5
48991,1693227865014,1692255600787,1692255600790,1693227865022,8,3,5
48992,1693227865022,1692255600794,1692255600798,1693227865031,9,4,5
48993,1693227865031,1692255600804,1692255600807,1693227865039,8,3,5
48994,1693227865039,1692255600811,1692255600814,1693227865046,7,3,4
48995,1693227865046,1692255600818,1692255600821,1693227865053,7,3,4
48996,1693227865053,1692255600826,1692255600830,1693227865062,9,4,5
48997,1693227865062,1692255600834,1692255600837,1693227865088,26,3,23
48998,1693227865088,1692255600860,1692255600864,1693227865096,8,4,4
48999,1693227865096,1692255600868,1692255600872,1693227865103,7,4,3
49000,1693227865103,1692255600875,1692255600879,1693227865110,7,4,3
49001,1693227865110,1692255600887,1692255600891,1693227865122,12,4,8
49002,1693227865122,1692255600895,1692255600898,1693227865129,7,3,4
49003,1693227865129,1692255600902,1692255600905,1693227865137,8,3,5
49004,1693227865137,1692255600909,1692255600913,1693227865144,7,4,3
49005,1693227865144,1692255600916,1692255600920,1693227865152,8,4,4
49006,1693227865152,1692255600924,1692255600927,1693227865159,7,3,4
49007,1693227865159,1692255600932,1692255600936,1693227865168,9,4,5
49008,1693227865168,1692255600941,1692255600944,1693227865176,8,3,5
49009,1693227865176,1692255600949,1692255600953,1693227865184,8,4,4
49010,1693227865184,1692255600957,1692255600961,1693227865193,9,4,5
49011,1693227865193,1692255600966,1692255600970,1693227865202,9,4,5
49012,1693227865202,1692255600974,1692255600977,1693227865209,7,3,4
49013,1693227865209,1692255600982,1692255600986,1693227865218,9,4,5
49014,1693227865218,1692255600990,1692255600994,1693227865226,8,4,4
49015,1693227865226,1692255600999,1692255601004,1693227865236,10,5,5
49016,1693227865236,1692255601230,1692255601233,1693227865465,229,3,226
49017,1693227865465,1692255601239,1692255601242,1693227865474,9,3,6
49018,1693227865474,1692255601247,1692255601251,1693227865482,8,4,4
49019,1693227865482,1692255601255,1692255601258,1693227865492,10,3,7
49020,1693227865492,1692255601264,1692255601268,1693227865499,7,4,3
49021,1693227865500,1692255601277,1692255601280,1693227865512,12,3,9
49022,1693227865512,1692255601313,1692255601317,1693227865548,36,4,32
49023,1693227865549,1692255601321,1692255601324,1693227865556,7,3,4
49024,1693227865556,1692255601328,1692255601332,1693227865564,8,4,4
49025,1693227865564,1692255601336,1692255601341,1693227865573,9,5,4
49026,1693227865573,1692255601345,1692255601348,1693227865580,7,3,4
49027,1693227865580,1692255601353,1692255601356,1693227865588,8,3,5
49028,1693227865588,1692255601360,1692255601364,1693227865596,8,4,4
49029,1693227865596,1692255601369,1692255601372,1693227865604,8,3,5
49030,1693227865604,1692255601380,1692255601383,1693227865615,11,3,8
49031,1693227865615,1692255601388,1692255601391,1693227865623,8,3,5
49032,1693227865623,1692255601396,1692255601398,1693227865630,7,2,5
49033,1693227865630,1692255601402,1692255601405,1693227865637,7,3,4
49034,1693227865637,1692255601410,1692255601413,1693227865646,9,3,6
49035,1693227865646,1692255601419,1692255601422,1693227865654,8,3,5
49036,1693227865654,1692255601426,1692255601429,1693227865661,7,3,4
49037,1693227865661,1692255601434,1692255601437,1693227865668,7,3,4
49038,1693227865668,1692255601441,1692255601443,1693227865675,7,2,5
49039,1693227865675,1692255601447,1692255601451,1693227865683,8,4,4
49040,1693227865683,1692255601456,1692255601460,1693227865692,9,4,5
49041,1693227865692,1692255601467,1692255601471,1693227865703,11,4,7
49042,1693227865703,1692255601476,1692255601480,1693227865711,8,4,4
49043,1693227865712,1692255601484,1692255601487,1693227865719,7,3,4
49044,1693227865719,1692255601491,1692255601494,1693227865726,7,3,4
49045,1693227865726,1692255601499,1692255601502,1693227865734,8,3,5
49046,1693227865734,1692255601506,1692255601510,1693227865761,27,4,23
49047,1693227865761,1692255601534,1692255601537,1693227865848,87,3,84
49048,1693227865848,1692255601643,1692255601647,1693227865879,31,4,27
49049,1693227865879,1692255601652,1692255601655,1693227865887,8,3,5
49050,1693227865887,1692255601659,1692255601662,1693227865894,7,3,4
49051,1693227865894,1692255601667,1692255601672,1693227865904,10,5,5
49052,1693227865904,1692255601676,1692255601679,1693227865911,7,3,4
49053,1693227865911,1692255601684,1692255601688,1693227865920,9,4,5
49054,1693227865920,1692255601693,1692255601696,1693227865928,8,3,5
49055,1693227865928,1692255601700,1692255601703,1693227865934,6,3,3
49056,1693227865934,1692255601707,1692255601709,1693227865941,7,2,5
49057,1693227865941,1692255601714,1692255601717,1693227865949,8,3,5
49058,1693227865949,1692255601722,1692255601726,1693227865958,9,4,5
49059,1693227865958,1692255601730,1692255601733,1693227865964,6,3,3
49060,1693227865965,1692255601737,1692255601741,1693227865973,8,4,4
49061,1693227865973,1692255601745,1692255601748,1693227865980,7,3,4
49062,1693227865980,1692255601753,1692255601756,1693227865988,8,3,5
49063,1693227865988,1692255601761,1692255601764,1693227865996,8,3,5
49064,1693227865996,1692255601768,1692255601771,1693227866004,8,3,5
49065,1693227866004,1692255601782,1692255601784,1693227866016,12,2,10
49066,1693227866017,1692255601789,1692255601792,1693227866023,6,3,3
49067,1693227866023,1692255601796,1692255601799,1693227866031,8,3,5
49068,1693227866031,1692255601804,1692255601807,1693227866040,9,3,6
49069,1693227866040,1692255601812,1692255601816,1693227866048,8,4,4
49070,1693227866048,1692255601820,1692255601824,1693227866056,8,4,4
49071,1693227866056,1692255601828,1692255601831,1693227866063,7,3,4
49072,1693227866063,1692255601835,1692255601838,1693227866070,7,3,4
49073,1693227866070,1692255601843,1692255601846,1693227866078,8,3,5
49074,1693227866078,1692255601851,1692255601854,1693227866086,8,3,5
49075,1693227866086,1692255601859,1692255601862,1693227866094,8,3,5
49076,1693227866094,1692255601866,1692255601869,1693227866101,7,3,4
49077,1693227866101,1692255601877,1692255601880,1693227866112,11,3,8
49078,1693227866112,1692255601884,1692255601888,1693227866120,8,4,4
49079,1693227866120,1692255601893,1692255601896,1693227866128,8,3,5
49080,1693227866128,1692255601901,1692255601903,1693227866135,7,2,5
49081,1693227866135,1692255601907,1692255601910,1693227866142,7,3,4
49082,1693227866142,1692255601915,1692255601917,1693227866149,7,2,5
49083,1693227866149,1692255601922,1692255601926,1693227866158,9,4,5
49084,1693227866158,1692255601930,1692255601934,1693227866166,8,4,4
49085,1693227866166,1692255601938,1692255601941,1693227866173,7,3,4
49086,1693227866173,1692255601945,1692255601948,1693227866180,7,3,4
49087,1693227866180,1692255601952,1692255601958,1693227866210,30,6,24
49088,1693227866210,1692255601983,1692255601986,1693227866218,8,3,5
49089,1693227866218,1692255601990,1692255601994,1693227866225,7,4,3
49090,1693227866225,1692255601998,1692255602001,1693227866233,8,3,5
49091,1693227866233,1692255602006,1692255602010,1693227866241,8,4,4
49092,1693227866241,1692255602016,1692255602019,1693227866251,10,3,7
49093,1693227866251,1692255602024,1692255602027,1693227866259,8,3,5
49094,1693227866259,1692255602031,1692255602035,1693227866266,7,4,3
49095,1693227866267,1692255602039,1692255602041,1693227866273,6,2,4
49096,1693227866273,1692255602045,1692255602049,1693227866281,8,4,4
49097,1693227866281,1692255602053,1692255602057,1693227866506,225,4,221
49098,1693227866506,1692255602279,1692255602283,1693227866515,9,4,5
49099,1693227866515,1692255602288,1692255602291,1693227866523,8,3,5
49100,1693227866523,1692255602296,1692255602299,1693227866531,8,3,5
49101,1693227866531,1692255602303,1692255602306,1693227866537,6,3,3
49102,1693227866537,1692255602309,1692255602312,1693227866544,7,3,4
49103,1693227866544,1692255602316,1692255602320,1693227866552,8,4,4
49104,1693227866552,1692255602324,1692255602327,1693227866559,7,3,4
49105,1693227866559,1692255602331,1692255602334,1693227866566,7,3,4
49106,1693227866566,1692255602339,1692255602342,1693227866574,8,3,5
49107,1693227866574,1692255602347,1692255602351,1693227866582,8,4,4
49108,1693227866582,1692255602354,1692255602357,1693227866589,7,3,4
49109,1693227866589,1692255602362,1692255602365,1693227866597,8,3,5
49110,1693227866597,1692255602369,1692255602373,1693227866605,8,4,4
49111,1693227866605,1692255602377,1692255602381,1693227866613,8,4,4
49112,1693227866613,1692255602388,1692255602391,1693227866623,10,3,7
49113,1693227866623,1692255602396,1692255602399,1693227866631,8,3,5
49114,1693227866631,1692255602403,1692255602407,1693227866640,9,4,5
49115,1693227866640,1692255602433,1692255602436,1693227866668,28,3,25
49116,1693227866668,1692255602441,1692255602444,1693227866676,8,3,5
49117,1693227866676,1692255602448,1692255602451,1693227866683,7,3,4
49118,1693227866683,1692255602455,1692255602458,1693227866689,6,3,3
49119,1693227866689,1692255602462,1692255602465,1693227866697,8,3,5
49120,1693227866697,1692255602475,1692255602478,1693227866710,13,3,10
49121,1693227866710,1692255602482,1692255602486,1693227866720,10,4,6
49122,1693227866720,1692255602493,1692255602497,1693227866729,9,4,5
49123,1693227866729,1692255602502,1692255602505,1693227866737,8,3,5
49124,1693227866737,1692255602510,1692255602514,1693227866746,9,4,5
49125,1693227866746,1692255602520,1692255602523,1693227866755,9,3,6
49126,1693227866755,1692255602527,1692255602531,1693227866762,7,4,3
49127,1693227866762,1692255602542,1692255602545,1693227866780,18,3,15
49128,1693227866780,1692255602554,1692255602556,1693227866788,8,2,6
49129,1693227866788,1692255602565,1692255602569,1693227866800,12,4,8
49130,1693227866800,1692255602573,1692255602577,1693227866809,9,4,5
49131,1693227866809,1692255602677,1692255602681,1693227866913,104,4,100
49132,1693227866913,1692255602686,1692255602689,1693227866921,8,3,5
49133,1693227866921,1692255602696,1692255602699,1693227866931,10,3,7
49134,1693227866931,1692255602704,1692255602708,1693227866940,9,4,5
49135,1693227866940,1692255602713,1692255602716,1693227866949,9,3,6
49136,1693227866949,1692255602721,1692255602724,1693227866956,7,3,4
49137,1693227866956,1692255602728,1692255602732,1693227866964,8,4,4
49138,1693227866964,1692255602738,1692255602740,1693227866972,8,2,6
49139,1693227866972,1692255602745,1692255602748,1693227866997,25,3,22
49140,1693227866997,1692255602770,1692255602773,1693227867005,8,3,5
49141,1693227867005,1692255602778,1692255602781,1693227867012,7,3,4
49142,1693227867013,1692255602785,1692255602788,1693227867020,7,3,4
49143,1693227867020,1692255602794,1692255602797,1693227867029,9,3,6
49144,1693227867029,1692255602801,1692255602804,1693227867036,7,3,4
49145,1693227867036,1692255602808,1692255602811,1693227867043,7,3,4
49146,1693227867043,1692255602816,1692255602819,1693227867051,8,3,5
49147,1693227867051,1692255602824,1692255602828,1693227867059,8,4,4
49148,1693227867059,1692255602832,1692255602835,1693227867066,7,3,4
49149,1693227867067,1692255602839,1692255602842,1693227867074,7,3,4
49150,1693227867074,1692255602847,1692255602850,1693227867081,7,3,4
49151,1693227867082,1692255602854,1692255602857,1693227867110,28,3,25
49152,1693227867110,1692255602883,1692255602886,1693227867118,8,3,5
49153,1693227867118,1692255602890,1692255602894,1693227867126,8,4,4
49154,1693227867126,1692255602900,1692255602903,1693227867135,9,3,6
49155,1693227867135,1692255602908,1692255602911,1693227867143,8,3,5
49156,1693227867143,1692255602916,1692255602919,1693227867150,7,3,4
49157,1693227867150,1692255602924,1692255602927,1693227867159,9,3,6
49158,1693227867159,1692255602931,1692255602935,1693227867167,8,4,4
49159,1693227867167,1692255602939,1692255602942,1693227867174,7,3,4
49160,1693227867174,1692255602946,1692255602949,1693227867182,8,3,5
49161,1693227867182,1692255602954,1692255602959,1693227867191,9,5,4
49162,1693227867191,1692255602963,1692255602966,1693227867198,7,3,4
49163,1693227867198,1692255602970,1692255602973,1693227867205,7,3,4
49164,1693227867205,1692255602977,1692255602980,1693227867212,7,3,4
49165,1693227867212,1692255602984,1692255602988,1693227867220,8,4,4
49166,1693227867220,1692255602993,1692255602997,1693227867229,9,4,5
49167,1693227867229,1692255603003,1692255603006,1693227867238,9,3,6
49168,1693227867238,1692255603012,1692255603015,1693227867247,9,3,6
49169,1693227867247,1692255603020,1692255603023,1693227867255,8,3,5
49170,1693227867255,1692255603028,1692255603032,1693227867264,9,4,5
49171,1693227867264,1692255603036,1692255603040,1693227867272,8,4,4
49172,1693227867272,1692255603044,1692255603047,1693227867279,7,3,4
49173,1693227867279,1692255603051,1692255603055,1693227867287,8,4,4
49174,1693227867287,1692255603059,1692255603062,1693227867294,7,3,4
49175,1693227867294,1692255603067,1692255603070,1693227867302,8,3,5
49176,1693227867302,1692255603075,1692255603078,1693227867732,430,3,427
49177,1693227867732,1692255603505,1692255603508,1693227867740,8,3,5
49178,1693227867740,1692255603515,1692255603518,1693227867750,10,3,7
49179,1693227867750,1692255603522,1692255603525,1693227867757,7,3,4
49180,1693227867757,1692255603529,1692255603532,1693227867786,29,3,26
49181,1693227867786,1692255603560,1692255603564,1693227867796,10,4,6
49182,1693227867796,1692255603569,1692255603572,1693227867804,8,3,5
49183,1693227867804,1692255603577,1692255603580,1693227867812,8,3,5
49184,1693227867812,1692255603584,1692255603588,1693227867819,7,4,3
49185,1693227867820,1692255603592,1692255603595,1693227867827,7,3,4
49186,1693227867827,1692255603599,1692255603602,1693227867834,7,3,4
49187,1693227867834,1692255603607,1692255603611,1693227867843,9,4,5
49188,1693227867843,1692255603620,1692255603624,1693227867855,12,4,8
49189,1693227867855,1692255603724,1692255603728,1693227867960,105,4,101
49190,1693227867960,1692255603732,1692255603736,1693227867968,8,4,4
49191,1693227867968,1692255603740,1692255603744,1693227867976,8,4,4
49192,1693227867976,1692255603748,1692255603751,1693227867983,7,3,4
49193,1693227867983,1692255603756,1692255603760,1693227867991,8,4,4
49194,1693227867992,1692255603764,1692255603767,1693227867998,6,3,3
49195,1693227867999,1692255603771,1692255603774,1693227868006,7,3,4
49196,1693227868006,1692255603778,1692255603781,1693227868013,7,3,4
49197,1693227868013,1692255603786,1692255603789,1693227868021,8,3,5
49198,1693227868021,1692255603793,1692255603798,1693227868030,9,5,4
49199,1693227868030,1692255603802,1692255603805,1693227868037,7,3,4
49200,1693227868037,1692255603810,1692255603813,1693227868045,8,3,5
49201,1693227868045,1692255603818,1692255603821,1693227868053,8,3,5
49202,1693227868053,1692255603826,1692255603829,1693227868061,8,3,5
49203,1693227868061,1692255603833,1692255603836,1693227868068,7,3,4
49204,1693227868068,1692255603841,1692255603844,1693227868076,8,3,5
49205,1693227868076,1692255603849,1692255603852,1693227868084,8,3,5
49206,1693227868084,1692255603856,1692255603859,1693227868091,7,3,4
49207,1693227868091,1692255603864,1692255603867,1693227868098,7,3,4
49208,1693227868098,1692255603871,1692255603874,1693227868106,8,3,5
49209,1693227868106,1692255603879,1692255603882,1693227868114,8,3,5
49210,1693227868114,1692255603886,1692255603890,1693227868121,7,4,3
49211,1693227868121,1692255603893,1692255603896,1693227868128,7,3,4
49212,1693227868128,1692255603902,1692255603906,1693227868138,10,4,6
49213,1693227868138,1692255603910,1692255603913,1693227868145,7,3,4
49214,1693227868145,1692255603917,1692255603921,1693227868154,9,4,5
49215,1693227868154,1692255603927,1692255603930,1693227868161,7,3,4
49216,1693227868161,1692255603934,1692255603936,1693227868168,7,2,5
49217,1693227868168,1692255603940,1692255603943,1693227868175,7,3,4
49218,1693227868175,1692255603949,1692255603951,1693227868183,8,2,6
49219,1693227868183,1692255603955,1692255603958,1693227868190,7,3,4
49220,1693227868190,1692255603962,1692255603965,1693227868198,8,3,5
49221,1693227868198,1692255603971,1692255603974,1693227868206,8,3,5
49222,1693227868206,1692255603978,1692255603982,1693227868214,8,4,4
49223,1693227868214,1692255604009,1692255604012,1693227868244,30,3,27
49224,1693227868244,1692255604016,1692255604019,1693227868251,7,3,4
49225,1693227868251,1692255604023,1692255604026,1693227868258,7,3,4
49226,1693227868258,1692255604031,1692255604034,1693227868267,9,3,6
49227,1693227868267,1692255604040,1692255604043,1693227868275,8,3,5
49228,1693227868275,1692255604048,1692255604051,1693227868284,9,3,6
49229,1693227868284,1692255604056,1692255604059,1693227868291,7,3,4
49230,1693227868291,1692255604064,1692255604067,1693227868299,8,3,5
49231,1693227868299,1692255604072,1692255604075,1693227868307,8,3,5
49232,1693227868307,1692255604080,1692255604083,1693227868315,8,3,5
49233,1693227868315,1692255604088,1692255604091,1693227868323,8,3,5
49234,1693227868323,1692255604097,1692255604100,1693227868332,9,3,6
49235,1693227868332,1692255604104,1692255604109,1693227868341,9,5,4
49236,1693227868341,1692255604114,1692255604117,1693227868349,8,3,5
49237,1693227868349,1692255604122,1692255604125,1693227868359,10,3,7
49238,1693227868359,1692255604131,1692255604135,1693227868367,8,4,4
49239,1693227868367,1692255604139,1692255604143,1693227868374,7,4,3
49240,1693227868374,1692255604146,1692255604150,1693227868603,229,4,225
49241,1693227868603,1692255604377,1692255604381,1693227868613,10,4,6
49242,1693227868613,1692255604386,1692255604389,1693227868621,8,3,5
49243,1693227868621,1692255604394,1692255604399,1693227868631,10,5,5
49244,1693227868631,1692255604403,1692255604407,1693227868639,8,4,4
49245,1693227868639,1692255604411,1692255604414,1693227868646,7,3,4
49246,1693227868646,1692255604418,1692255604421,1693227868653,7,3,4
49247,1693227868653,1692255604425,1692255604428,1693227868661,8,3,5
49248,1693227868661,1692255604454,1692255604457,1693227868689,28,3,25
49249,1693227868689,1692255604462,1692255604465,1693227868697,8,3,5
49250,1693227868697,1692255604470,1692255604472,1693227868704,7,2,5
49251,1693227868704,1692255604477,1692255604480,1693227868712,8,3,5
49252,1693227868712,1692255604485,1692255604489,1693227868721,9,4,5
49253,1693227868721,1692255604493,1692255604497,1693227868729,8,4,4
49254,1693227868729,1692255604501,1692255604504,1693227868736,7,3,4
49255,1693227868736,1692255604508,1692255604512,1693227868744,8,4,4
49256,1693227868744,1692255604516,1692255604519,1693227868751,7,3,4
49257,1693227868751,1692255604524,1692255604526,1693227868758,7,2,5
49258,1693227868758,1692255604531,1692255604534,1693227868765,7,3,4
49259,1693227868766,1692255604539,1692255604543,1693227868774,8,4,4
49260,1693227868774,1692255604547,1692255604550,1693227868782,8,3,5
49261,1693227868782,1692255604555,1692255604558,1693227868792,10,3,7
49262,1693227868792,1692255604564,1692255604568,1693227868800,8,4,4
49263,1693227868800,1692255604572,1692255604576,1693227868808,8,4,4
49264,1693227868808,1692255604580,1692255604583,1693227868815,7,3,4
49265,1693227868815,1692255604588,1692255604592,1693227868824,9,4,5
49266,1693227868824,1692255604596,1692255604599,1693227868831,7,3,4
49267,1693227868831,1692255604604,1692255604607,1693227868839,8,3,5
49268,1693227868839,1692255604612,1692255604615,1693227868847,8,3,5
49269,1693227868847,1692255604620,1692255604624,1693227868857,10,4,6
49270,1693227868857,1692255604630,1692255604634,1693227868866,9,4,5
49271,1693227868866,1692255604638,1692255604642,1693227868874,8,4,4
49272,1693227868874,1692255604647,1692255604650,1693227868882,8,3,5
49273,1693227868882,1692255604656,1692255604659,1693227868891,9,3,6
49274,1693227868891,1692255604663,1692255604666,1693227868898,7,3,4
49275,1693227868898,1692255604670,1692255604673,1693227868906,8,3,5
49276,1693227868906,1692255604766,1692255604769,1693227869020,114,3,111
49277,1693227869020,1692255604793,1692255604796,1693227869028,8,3,5
49278,1693227869028,1692255604801,1692255604804,1693227869035,7,3,4
49279,1693227869035,1692255604808,1692255604812,1693227869044,9,4,5
49280,1693227869044,1692255604816,1692255604819,1693227869051,7,3,4
49281,1693227869051,1692255604825,1692255604828,1693227869060,9,3,6
49282,1693227869060,1692255604832,1692255604835,1693227869067,7,3,4
49283,1693227869067,1692255604839,1692255604843,1693227869076,9,4,5
49284,1693227869076,1692255604849,1692255604853,1693227869085,9,4,5
49285,1693227869085,1692255604858,1692255604861,1693227869093,8,3,5
49286,1693227869093,1692255604866,1692255604868,1693227869100,7,2,5
49287,1693227869100,1692255604872,1692255604876,1693227869108,8,4,4
49288,1693227869108,1692255604880,1692255604883,1693227869115,7,3,4
49289,1693227869115,1692255604888,1692255604891,1693227869122,7,3,4
49290,1693227869122,1692255604895,1692255604899,1693227869131,9,4,5
49291,1693227869131,1692255604904,1692255604907,1693227869139,8,3,5
49292,1693227869139,1692255604912,1692255604916,1693227869148,9,4,5
49293,1693227869148,1692255604921,1692255604924,1693227869156,8,3,5
49294,1693227869156,1692255604931,1692255604935,1693227869167,11,4,7
49295,1693227869167,1692255604949,1692255604952,1693227869185,18,3,15
49296,1693227869185,1692255604959,1692255604962,1693227869193,8,3,5
49297,1693227869193,1692255604966,1692255604969,1693227869207,14,3,11
49298,1693227869207,1692255604980,1692255604982,1693227869214,7,2,5
49299,1693227869214,1692255604987,1692255604990,1693227869222,8,3,5
49300,1693227869222,1692255604994,1692255604997,1693227869229,7,3,4
49301,1693227869229,1692255605001,1692255605005,1693227869237,8,4,4
49302,1693227869237,1692255605010,1692255605013,1693227869245,8,3,5
49303,1693227869245,1692255605018,1692255605021,1693227869253,8,3,5
49304,1693227869253,1692255605026,1692255605028,1693227869260,7,2,5
49305,1693227869260,1692255605033,1692255605036,1693227869268,8,3,5
49306,1693227869268,1692255605040,1692255605044,1693227869276,8,4,4
49307,1693227869276,1692255605051,1692255605054,1693227869286,10,3,7
49308,1693227869286,1692255605058,1692255605063,1693227869295,9,5,4
49309,1693227869295,1692255605068,1692255605071,1693227869303,8,3,5
49310,1693227869303,1692255605076,1692255605079,1693227869311,8,3,5
49311,1693227869311,1692255605084,1692255605087,1693227869319,8,3,5
49312,1693227869319,1692255605092,1692255605096,1693227869328,9,4,5
49313,1693227869328,1692255605100,1692255605104,1693227869357,29,4,25
49314,1693227869357,1692255605129,1692255605132,1693227869366,9,3,6
49315,1693227869366,1692255605139,1692255605142,1693227869374,8,3,5
49316,1693227869374,1692255605147,1692255605150,1693227869383,9,3,6
49317,1693227869383,1692255605155,1692255605158,1693227869390,7,3,4
49318,1693227869390,1692255605163,1692255605166,1693227869398,8,3,5
49319,1693227869398,1692255605170,1692255605173,1693227869405,7,3,4
49320,1693227869405,1692255605179,1692255605182,1693227869414,9,3,6
49321,1693227869414,1692255605190,1692255605194,1693227869425,11,4,7
49322,1693227869425,1692255605198,1692255605201,1693227869651,226,3,223
49323,1693227869651,1692255605424,1692255605427,1693227869659,8,3,5
49324,1693227869659,1692255605432,1692255605435,1693227869667,8,3,5
49325,1693227869667,1692255605440,1692255605443,1693227869675,8,3,5
49326,1693227869675,1692255605449,1692255605452,1693227869684,9,3,6
49327,1693227869684,1692255605457,1692255605460,1693227869692,8,3,5
49328,1693227869692,1692255605464,1692255605467,1693227869699,7,3,4
49329,1693227869699,1692255605472,1692255605475,1693227869707,8,3,5
49330,1693227869707,1692255605480,1692255605483,1693227869715,8,3,5
49331,1693227869715,1692255605488,1692255605491,1693227869723,8,3,5
49332,1693227869723,1692255605495,1692255605499,1693227869730,7,4,3
49333,1693227869730,1692255605502,1692255605506,1693227869737,7,4,3
49334,1693227869737,1692255605510,1692255605512,1693227869744,7,2,5
49335,1693227869744,1692255605518,1692255605522,1693227869753,9,4,5
49336,1693227869753,1692255605526,1692255605528,1693227869760,7,2,5
49337,1693227869760,1692255605533,1692255605536,1693227869770,10,3,7
49338,1693227869770,1692255605542,1692255605545,1693227869777,7,3,4
49339,1693227869777,1692255605550,1692255605553,1693227869785,8,3,5
49340,1693227869785,1692255605578,1692255605582,1693227869813,28,4,24
49341,1693227869813,1692255605586,1692255605589,1693227869821,8,3,5
49342,1693227869821,1692255605593,1692255605596,1693227869828,7,3,4
49343,1693227869828,1692255605601,1692255605604,1693227869836,8,3,5
49344,1693227869836,1692255605608,1692255605611,1693227869843,7,3,4
49345,1693227869843,1692255605615,1692255605620,1693227869852,9,5,4
49346,1693227869852,1692255605624,1692255605628,1693227869860,8,4,4
49347,1693227869860,1692255605632,1692255605635,1693227869867,7,3,4
49348,1693227869867,1692255605639,1692255605643,1693227869874,7,4,3
49349,1693227869874,1692255605647,1692255605650,1693227869881,7,3,4
49350,1693227869882,1692255605654,1692255605658,1693227869889,7,4,3
49351,1693227869890,1692255605665,1692255605668,1693227869899,9,3,6
49352,1693227869899,1692255605672,1692255605675,1693227869907,8,3,5
49353,1693227869907,1692255605680,1692255605683,1693227869915,8,3,5
49354,1693227869915,1692255605688,1692255605692,1693227869923,8,4,4
49355,1693227869923,1692255605696,1692255605699,1693227869931,8,3,5
49356,1693227869931,1692255605703,1692255605706,1693227869938,7,3,4
49357,1693227869938,1692255605711,1692255605714,1693227869946,8,3,5
49358,1693227869946,1692255605719,1692255605722,1693227869954,8,3,5
49359,1693227869954,1692255605815,1692255605818,1693227870050,96,3,93
49360,1693227870050,1692255605823,1692255605826,1693227870058,8,3,5
49361,1693227870058,1692255605831,1692255605834,1693227870066,8,3,5
49362,1693227870066,1692255605839,1692255605843,1693227870075,9,4,5
49363,1693227870075,1692255605848,1692255605851,1693227870083,8,3,5
49364,1693227870083,1692255605855,1692255605859,1693227870091,8,4,4
49365,1693227870091,1692255605864,1692255605867,1693227870100,9,3,6
49366,1693227870101,1692255605874,1692255605877,1693227870109,8,3,5
49367,1693227870109,1692255605881,1692255605884,1693227870116,7,3,4
49368,1693227870116,1692255605889,1692255605892,1693227870144,28,3,25
49369,1693227870144,1692255605918,1692255605921,1693227870152,8,3,5
49370,1693227870152,1692255605925,1692255605928,1693227870160,8,3,5
49371,1693227870160,1692255605933,1692255605936,1693227870169,9,3,6
49372,1693227870169,1692255605941,1692255605944,1693227870176,7,3,4
49373,1693227870176,1692255605949,1692255605952,1693227870184,8,3,5
49374,1693227870184,1692255605956,1692255605959,1693227870191,7,3,4
49375,1693227870191,1692255605963,1692255605966,1693227870198,7,3,4
49376,1693227870198,1692255605973,1692255605976,1693227870208,10,3,7
49377,1693227870208,1692255605980,1692255605983,1693227870215,7,3,4
49378,1693227870215,1692255605988,1692255605991,1693227870223,8,3,5
49379,1693227870223,1692255605996,1692255605999,1693227870230,7,3,4
49380,1693227870230,1692255606028,1692255606031,1693227870262,32,3,29
49381,1693227870262,1692255606035,1692255606038,1693227870270,8,3,5
49382,1693227870270,1692255606042,1692255606047,1693227870279,9,5,4
49383,1693227870279,1692255606052,1692255606057,1693227870289,10,5,5
49384,1693227870289,1692255606062,1692255606065,1693227870297,8,3,5
49385,1693227870297,1692255606071,1692255606074,1693227870306,9,3,6
49386,1693227870306,1692255606078,1692255606082,1693227870313,7,4,3
49387,1693227870313,1692255606086,1692255606089,1693227870320,7,3,4
49388,1693227870320,1692255606093,1692255606096,1693227870328,8,3,5
49389,1693227870328,1692255606101,1692255606105,1693227870336,8,4,4
49390,1693227870336,1692255606109,1692255606113,1693227870344,8,4,4
49391,1693227870344,1692255606117,1692255606121,1693227870352,8,4,4
49392,1693227870352,1692255606126,1692255606129,1693227870361,9,3,6
49393,1693227870361,1692255606134,1692255606137,1693227870369,8,3,5
49394,1693227870369,1692255606142,1692255606145,1693227870377,8,3,5
49395,1693227870377,1692255606150,1692255606153,1693227870385,8,3,5
49396,1693227870385,1692255606157,1692255606161,1693227870392,7,4,3
49397,1693227870393,1692255606165,1692255606168,1693227870400,7,3,4
49398,1693227870400,1692255606172,1692255606175,1693227870407,7,3,4
49399,1693227870407,1692255606179,1692255606182,1693227870414,7,3,4
49400,1693227870414,1692255606187,1692255606190,1693227870422,8,3,5
49401,1693227870422,1692255606195,1692255606198,1693227870430,8,3,5
49402,1693227870430,1692255606202,1692255606206,1693227870438,8,4,4
49403,1693227870438,1692255606210,1692255606213,1693227870446,8,3,5
49404,1693227870446,1692255606218,1692255606221,1693227870453,7,3,4
49405,1693227870453,1692255606226,1692255606229,1693227870461,8,3,5
49406,1693227870461,1692255606473,1692255606477,1693227870709,248,4,244
49407,1693227870709,1692255606485,1692255606488,1693227870721,12,3,9
49408,1693227870721,1692255606494,1692255606499,1693227870731,10,5,5
49409,1693227870731,1692255606504,1692255606507,1693227870739,8,3,5
49410,1693227870739,1692255606513,1692255606516,1693227870748,9,3,6
49411,1693227870748,1692255606520,1692255606523,1693227870755,7,3,4
49412,1693227870755,1692255606529,1692255606532,1693227870763,8,3,5
49413,1693227870763,1692255606536,1692255606539,1693227870771,8,3,5
49414,1693227870771,1692255606544,1692255606547,1693227870779,8,3,5
49415,1693227870779,1692255606551,1692255606553,1693227870785,6,2,4
49416,1693227870785,1692255606558,1692255606562,1693227870794,9,4,5
49417,1693227870794,1692255606567,1692255606572,1693227870804,10,5,5
49418,1693227870805,1692255606577,1692255606581,1693227870813,8,4,4
49419,1693227870813,1692255606587,1692255606591,1693227870823,10,4,6
49420,1693227870823,1692255606596,1692255606600,1693227870831,8,4,4
49421,1693227870831,1692255606604,1692255606607,1693227870839,8,3,5
49422,1693227870839,1692255606612,1692255606615,1693227870847,8,3,5
49423,1693227870847,1692255606619,1692255606622,1693227870854,7,3,4
49424,1693227870854,1692255606627,1692255606631,1693227870863,9,4,5
49425,1693227870863,1692255606635,1692255606638,1693227870870,7,3,4
49426,1693227870870,1692255606642,1692255606646,1693227870878,8,4,4
49427,1693227870878,1692255606650,1692255606654,1693227870885,7,4,3
49428,1693227870885,1692255606658,1692255606662,1693227870893,8,4,4
49429,1693227870893,1692255606666,1692255606669,1693227870901,8,3,5
49430,1693227870901,1692255606673,1692255606676,1693227870909,8,3,5
49431,1693227870909,1692255606707,1692255606711,1693227870943,34,4,30
49432,1693227870943,1692255606716,1692255606720,1693227870951,8,4,4
49433,1693227870951,1692255606725,1692255606728,1693227870960,9,3,6
49434,1693227870960,1692255606732,1692255606736,1693227870967,7,4,3
49435,1693227870967,1692255606740,1692255606743,1693227870975,8,3,5
49436,1693227870975,1692255606747,1692255606750,1693227870982,7,3,4
49437,1693227870982,1692255606755,1692255606757,1693227870989,7,2,5
49438,1693227870989,1692255606762,1692255606765,1693227870997,8,3,5
49439,1693227870997,1692255606770,1692255606773,1693227871093,96,3,93
49440,1693227871093,1692255606866,1692255606872,1693227871104,11,6,5
49441,1693227871104,1692255606877,1692255606880,1693227871113,9,3,6
49442,1693227871113,1692255606885,1692255606889,1693227871124,11,4,7
49443,1693227871124,1692255606898,1692255606901,1693227871133,9,3,6
49444,1693227871133,1692255606905,1692255606908,1693227871140,7,3,4
49445,1693227871140,1692255606913,1692255606917,1693227871149,9,4,5
49446,1693227871149,1692255606923,1692255606928,1693227871160,11,5,6
49447,1693227871160,1692255606933,1692255606936,1693227871168,8,3,5
49448,1693227871168,1692255606941,1692255606944,1693227871176,8,3,5
49449,1693227871176,1692255606948,1692255606951,1693227871183,7,3,4
49450,1693227871183,1692255606955,1692255606958,1693227871190,7,3,4
49451,1693227871190,1692255606965,1692255606968,1693227871200,10,3,7
49452,1693227871200,1692255606973,1692255606978,1693227871210,10,5,5
49453,1693227871210,1692255606982,1692255606986,1693227871218,8,4,4
49454,1693227871218,1692255606991,1692255606995,1693227871227,9,4,5
49455,1693227871227,1692255606999,1692255607003,1693227871235,8,4,4
49456,1693227871235,1692255607009,1692255607012,1693227871244,9,3,6
49457,1693227871244,1692255607016,1692255607019,1693227871251,7,3,4
49458,1693227871251,1692255607024,1692255607027,1693227871259,8,3,5
49459,1693227871259,1692255607032,1692255607036,1693227871267,8,4,4
49460,1693227871267,1692255607039,1692255607043,1693227871275,8,4,4
49461,1693227871275,1692255607047,1692255607050,1693227871282,7,3,4
49462,1693227871282,1692255607055,1692255607058,1693227871290,8,3,5
49463,1693227871290,1692255607062,1692255607065,1693227871296,6,3,3
49464,1693227871296,1692255607069,1692255607072,1693227871304,8,3,5
49465,1693227871304,1692255607077,1692255607080,1693227871312,8,3,5
49466,1693227871312,1692255607084,1692255607088,1693227871320,8,4,4
49467,1693227871320,1692255607093,1692255607096,1693227871328,8,3,5
49468,1693227871328,1692255607101,1692255607104,1693227871336,8,3,5
49469,1693227871336,1692255607108,1692255607112,1693227871344,8,4,4
49470,1693227871344,1692255607117,1692255607119,1693227871351,7,2,5
49471,1693227871351,1692255607126,1692255607128,1693227871382,31,2,29
49472,1693227871382,1692255607155,1692255607158,1693227871390,8,3,5
49473,1693227871390,1692255607163,1692255607166,1693227871398,8,3,5
49474,1693227871398,1692255607171,1692255607173,1693227871405,7,2,5
49475,1693227871405,1692255607178,1692255607180,1693227871413,8,2,6
49476,1693227871413,1692255607186,1692255607190,1693227871421,8,4,4
49477,1693227871422,1692255607194,1692255607197,1693227871431,9,3,6
49478,1693227871431,1692255607203,1692255607207,1693227871439,8,4,4
49479,1693227871439,1692255607212,1692255607215,1693227871448,9,3,6
49480,1693227871448,1692255607220,1692255607224,1693227871456,8,4,4
49481,1693227871456,1692255607228,1692255607232,1693227871463,7,4,3
49482,1693227871463,1692255607236,1692255607239,1693227871470,7,3,4
49483,1693227871470,1692255607243,1692255607245,1693227871478,8,2,6
49484,1693227871478,1692255607251,1692255607254,1693227871486,8,3,5
49485,1693227871486,1692255607259,1692255607262,1693227871494,8,3,5
49486,1693227871494,1692255607267,1692255607270,1693227871501,7,3,4
49487,1693227871501,1692255607273,1692255607276,1693227871508,7,3,4
49488,1693227871508,1692255607282,1692255607285,1693227871516,8,3,5
49489,1693227871516,1692255607289,1692255607293,1693227871525,9,4,5
49490,1693227871525,1692255607298,1692255607301,1693227871748,223,3,220
49491,1693227871748,1692255607521,1692255607525,1693227871757,9,4,5
49492,1693227871757,1692255607530,1692255607535,1693227871767,10,5,5
49493,1693227871767,1692255607540,1692255607543,1693227871775,8,3,5
49494,1693227871775,1692255607548,1692255607551,1693227871783,8,3,5
49495,1693227871783,1692255607556,1692255607559,1693227871791,8,3,5
49496,1693227871791,1692255607563,1692255607567,1693227871799,8,4,4
49497,1693227871799,1692255607572,1692255607575,1693227871829,30,3,27
49498,1693227871829,1692255607601,1692255607605,1693227871837,8,4,4
49499,1693227871837,1692255607615,1692255607618,1693227871850,13,3,10
49500,1693227871850,1692255607623,1692255607626,1693227871858,8,3,5
49501,1693227871858,1692255607631,1692255607634,1693227871866,8,3,5
49502,1693227871866,1692255607639,1692255607641,1693227871873,7,2,5
49503,1693227871873,1692255607645,1692255607649,1693227871880,7,4,3
49504,1693227871880,1692255607653,1692255607656,1693227871888,8,3,5
49505,1693227871888,1692255607661,1692255607664,1693227871896,8,3,5
49506,1693227871896,1692255607669,1692255607672,1693227871904,8,3,5
49507,1693227871904,1692255607677,1692255607680,1693227871912,8,3,5
49508,1693227871912,1692255607684,1692255607687,1693227871919,7,3,4
49509,1693227871919,1692255607691,1692255607695,1693227871927,8,4,4
49510,1693227871927,1692255607699,1692255607703,1693227871935,8,4,4
49511,1693227871935,1692255607709,1692255607712,1693227871944,9,3,6
49512,1693227871944,1692255607717,1692255607721,1693227871953,9,4,5
49513,1693227871953,1692255607725,1692255607729,1693227871961,8,4,4
49514,1693227871961,1692255607734,1692255607736,1693227871968,7,2,5
49515,1693227871968,1692255607741,1692255607744,1693227871976,8,3,5
49516,1693227871976,1692255607748,1692255607752,1693227871983,7,4,3
49517,1693227871984,1692255607756,1692255607760,1693227871992,8,4,4
49518,1693227871992,1692255607764,1692255607767,1693227871999,7,3,4
49519,1693227871999,1692255607771,1692255607774,1693227872006,7,3,4
49520,1693227872006,1692255607779,1692255607782,1693227872013,7,3,4
49521,1693227872013,1692255607786,1692255607789,1693227872021,8,3,5
49522,1693227872021,1692255607794,1692255607798,1693227872030,9,4,5
49523,1693227872030,1692255607823,1692255607827,1693227872140,110,4,106
49524,1693227872140,1692255607912,1692255607918,1693227872169,29,6,23
49525,1693227872169,1692255607943,1692255607946,1693227872178,9,3,6
49526,1693227872178,1692255607952,1692255607955,1693227872187,9,3,6
49527,1693227872187,1692255607960,1692255607963,1693227872195,8,3,5
49528,1693227872195,1692255607968,1692255607972,1693227872204,9,4,5
49529,1693227872204,1692255607976,1692255607979,1693227872211,7,3,4
49530,1693227872211,1692255607989,1692255607992,1693227872223,12,3,9
49531,1693227872223,1692255607997,1692255608001,1693227872232,9,4,5
49532,1693227872232,1692255608005,1692255608008,1693227872240,8,3,5
49533,1693227872240,1692255608012,1692255608015,1693227872246,6,3,3
49534,1693227872246,1692255608020,1692255608024,1693227872256,10,4,6
49535,1693227872256,1692255608029,1692255608032,1693227872264,8,3,5
49536,1693227872264,1692255608037,1692255608039,1693227872271,7,2,5
49537,1693227872271,1692255608044,1692255608047,1693227872279,8,3,5
49538,1693227872279,1692255608051,1692255608054,1693227872286,7,3,4
49539,1693227872286,1692255608058,1692255608061,1693227872293,7,3,4
49540,1693227872293,1692255608067,1692255608070,1693227872301,8,3,5
49541,1693227872301,1692255608073,1692255608076,1693227872307,6,3,3
49542,1693227872307,1692255608080,1692255608083,1693227872314,7,3,4
49543,1693227872314,1692255608087,1692255608090,1693227872322,8,3,5
49544,1693227872322,1692255608095,1692255608098,1693227872330,8,3,5
49545,1693227872330,1692255608103,1692255608106,1693227872340,10,3,7
49546,1693227872340,1692255608112,1692255608115,1693227872347,7,3,4
49547,1693227872347,1692255608119,1692255608122,1693227872354,7,3,4
49548,1693227872354,1692255608127,1692255608130,1693227872362,8,3,5
49549,1693227872362,1692255608134,1692255608139,1693227872370,8,5,3
49550,1693227872370,1692255608143,1692255608147,1693227872378,8,4,4
49551,1693227872378,1692255608151,1692255608154,1693227872385,7,3,4
49552,1693227872385,1692255608157,1692255608160,1693227872392,7,3,4
49553,1693227872392,1692255608164,1692255608167,1693227872399,7,3,4
49554,1693227872399,1692255608171,1692255608175,1693227872407,8,4,4
49555,1693227872407,1692255608180,1692255608183,1693227872415,8,3,5
49556,1693227872415,1692255608188,1692255608191,1693227872423,8,3,5
49557,1693227872423,1692255608195,1692255608198,1693227872430,7,3,4
49558,1693227872430,1692255608202,1692255608205,1693227872436,6,3,3
49559,1693227872436,1692255608209,1692255608212,1693227872444,8,3,5
49560,1693227872444,1692255608217,1692255608219,1693227872451,7,2,5
49561,1693227872451,1692255608226,1692255608231,1693227872463,12,5,7
49562,1693227872463,1692255608235,1692255608238,1693227872470,7,3,4
49563,1693227872470,1692255608242,1692255608246,1693227872478,8,4,4
49564,1693227872478,1692255608274,1692255608278,1693227872510,32,4,28
49565,1693227872510,1692255608283,1692255608287,1693227872520,10,4,6
49566,1693227872520,1692255608292,1692255608296,1693227872527,7,4,3
49567,1693227872527,1692255608300,1692255608303,1693227872534,7,3,4
49568,1693227872534,1692255608306,1692255608309,1693227872541,7,3,4
49569,1693227872541,1692255608314,1692255608317,1693227872549,8,3,5
49570,1693227872549,1692255608322,1692255608326,1693227872558,9,4,5
49571,1693227872558,1692255608330,1692255608333,1693227872565,7,3,4
49572,1693227872565,1692255608338,1692255608341,1693227872573,8,3,5
49573,1693227872573,1692255608346,1692255608349,1693227872797,224,3,221
49574,1693227872797,1692255608570,1692255608574,1693227872806,9,4,5
49575,1693227872806,1692255608579,1692255608582,1693227872816,10,3,7
49576,1693227872816,1692255608594,1692255608597,1693227872829,13,3,10
49577,1693227872829,1692255608601,1692255608605,1693227872836,7,4,3
49578,1693227872836,1692255608609,1692255608612,1693227872844,8,3,5
49579,1693227872844,1692255608618,1692255608621,1693227872852,8,3,5
49580,1693227872852,1692255608625,1692255608628,1693227872860,8,3,5
49581,1693227872860,1692255608635,1692255608638,1693227872870,10,3,7
49582,1693227872870,1692255608643,1692255608647,1693227872879,9,4,5
49583,1693227872879,1692255608651,1692255608654,1693227872885,6,3,3
49584,1693227872885,1692255608658,1692255608662,1693227872894,9,4,5
49585,1693227872894,1692255608666,1692255608670,1693227872902,8,4,4
49586,1693227872902,1692255608674,1692255608677,1693227872909,7,3,4
49587,1693227872909,1692255608682,1692255608685,1693227872917,8,3,5
49588,1693227872917,1692255608689,1692255608692,1693227872924,7,3,4
49589,1693227872924,1692255608698,1692255608701,1693227872955,31,3,28
49590,1693227872955,1692255608727,1692255608730,1693227872963,8,3,5
49591,1693227872963,1692255608738,1692255608743,1693227872974,11,5,6
49592,1693227872974,1692255608749,1692255608751,1693227872983,9,2,7
49593,1693227872983,1692255608762,1692255608765,1693227872997,14,3,11
49594,1693227872997,1692255608771,1692255608774,1693227873006,9,3,6
49595,1693227873006,1692255608779,1692255608782,1693227873013,7,3,4
49596,1693227873013,1692255608786,1692255608790,1693227873021,8,4,4
49597,1693227873021,1692255608793,1692255608797,1693227873029,8,4,4
49598,1693227873029,1692255608801,1692255608806,1693227873038,9,5,4
49599,1693227873038,1692255608816,1692255608819,1693227873051,13,3,10
49600,1693227873051,1692255608825,1692255608829,1693227873061,10,4,6
49601,1693227873061,1692255608834,1692255608837,1693227873069,8,3,5
49602,1693227873069,1692255608842,1692255608845,1693227873077,8,3,5
49603,1693227873077,1692255608850,1692255608853,1693227873084,7,3,4
49604,1693227873084,1692255608856,1692255608859,1693227873091,7,3,4
49605,1693227873091,1692255608863,1692255608867,1693227873098,7,4,3
49606,1693227873098,1692255608871,1692255608875,1693227873190,92,4,88
49607,1693227873190,1692255608963,1692255608967,1693227873199,9,4,5
49608,1693227873199,1692255608972,1692255608975,1693227873207,8,3,5
49609,1693227873207,1692255608980,1692255608983,1693227873215,8,3,5
49610,1693227873215,1692255608988,1692255608990,1693227873222,7,2,5
49611,1693227873222,1692255608995,1692255608999,1693227873230,8,4,4
49612,1693227873230,1692255609003,1692255609006,1693227873238,8,3,5
49613,1693227873238,1692255609010,1692255609014,1693227873246,8,4,4
49614,1693227873246,1692255609019,1692255609022,1693227873254,8,3,5
49615,1693227873254,1692255609027,1692255609031,1693227873263,9,4,5
49616,1693227873263,1692255609036,1692255609038,1693227873288,25,2,23
49617,1693227873288,1692255609061,1692255609065,1693227873296,8,4,4
49618,1693227873296,1692255609069,1692255609073,1693227873304,8,4,4
49619,1693227873304,1692255609077,1692255609080,1693227873312,8,3,5
49620,1693227873312,1692255609085,1692255609089,1693227873321,9,4,5
49621,1693227873321,1692255609095,1692255609097,1693227873329,8,2,6
49622,1693227873329,1692255609101,1692255609105,1693227873336,7,4,3
49623,1693227873336,1692255609108,1692255609112,1693227873344,8,4,4
49624,1693227873344,1692255609117,1692255609120,1693227873352,8,3,5
49625,1693227873352,1692255609124,1692255609128,1693227873360,8,4,4
49626,1693227873360,1692255609133,1692255609135,1693227873367,7,2,5
49627,1693227873367,1692255609139,1692255609142,1693227873376,9,3,6
49628,1693227873376,1692255609148,1692255609151,1693227873406,30,3,27
49629,1693227873406,1692255609179,1692255609183,1693227873415,9,4,5
49630,1693227873415,1692255609187,1692255609190,1693227873422,7,3,4
49631,1693227873422,1692255609195,1692255609198,1693227873429,7,3,4
49632,1693227873429,1692255609215,1692255609219,1693227873450,21,4,17
49633,1693227873450,1692255609224,1692255609227,1693227873459,9,3,6
49634,1693227873459,1692255609232,1692255609235,1693227873466,7,3,4
49635,1693227873466,1692255609239,1692255609244,1693227873475,9,5,4
49636,1693227873475,1692255609249,1692255609252,1693227873484,9,3,6
49637,1693227873484,1692255609259,1692255609262,1693227873494,10,3,7
49638,1693227873494,1692255609266,1692255609269,1693227873501,7,3,4
49639,1693227873501,1692255609274,1692255609277,1693227873510,9,3,6
49640,1693227873510,1692255609282,1692255609286,1693227873521,11,4,7
49641,1693227873521,1692255609294,1692255609297,1693227873528,7,3,4
49642,1693227873529,1692255609301,1692255609304,1693227873536,7,3,4
49643,1693227873536,1692255609308,1692255609312,1693227873546,10,4,6
49644,1693227873546,1692255609319,1692255609322,1693227873554,8,3,5
49645,1693227873554,1692255609326,1692255609330,1693227873564,10,4,6
49646,1693227873564,1692255609337,1692255609340,1693227873572,8,3,5
49647,1693227873572,1692255609344,1692255609348,1693227873581,9,4,5
49648,1693227873581,1692255609354,1692255609357,1693227873589,8,3,5
49649,1693227873589,1692255609361,1692255609364,1693227873596,7,3,4
49650,1693227873596,1692255609369,1692255609372,1693227873604,8,3,5
49651,1693227873604,1692255609618,1692255609622,1693227873854,250,4,246
49652,1693227873854,1692255609627,1692255609630,1693227873862,8,3,5
49653,1693227873862,1692255609636,1692255609639,1693227873871,9,3,6
49654,1693227873871,1692255609644,1692255609647,1693227873879,8,3,5
49655,1693227873879,1692255609652,1692255609655,1693227873888,9,3,6
49656,1693227873888,1692255609661,1692255609664,1693227873896,8,3,5
49657,1693227873896,1692255609668,1692255609671,1693227873903,7,3,4
49658,1693227873903,1692255609675,1692255609678,1693227873910,7,3,4
49659,1693227873910,1692255609683,1692255609686,1693227873918,8,3,5
49660,1693227873918,1692255609690,1692255609694,1693227873926,8,4,4
49661,1693227873926,1692255609698,1692255609702,1693227873933,7,4,3
49662,1693227873933,1692255609705,1692255609709,1693227873941,8,4,4
49663,1693227873941,1692255609713,1692255609716,1693227873948,7,3,4
49664,1693227873948,1692255609720,1692255609724,1693227873956,8,4,4
49665,1693227873956,1692255609729,1692255609732,1693227873964,8,3,5
49666,1693227873964,1692255609738,1692255609741,1693227873973,9,3,6
49667,1693227873973,1692255609745,1692255609748,1693227873980,7,3,4
49668,1693227873980,1692255609752,1692255609755,1693227873987,7,3,4
49669,1693227873987,1692255609762,1692255609765,1693227873997,10,3,7
49670,1693227873997,1692255609770,1692255609773,1693227874005,8,3,5
49671,1693227874005,1692255609778,1692255609781,1693227874013,8,3,5
49672,1693227874013,1692255609786,1692255609790,1693227874022,9,4,5
49673,1693227874022,1692255609795,1692255609798,1693227874030,8,3,5
49674,1693227874030,1692255609803,1692255609806,1693227874037,7,3,4
49675,1693227874037,1692255609810,1692255609813,1693227874045,8,3,5
49676,1693227874045,1692255609818,1692255609821,1693227874060,15,3,12
49677,1693227874060,1692255609846,1692255609849,1693227874081,21,3,18
49678,1693227874081,1692255609854,1692255609857,1693227874089,8,3,5
49679,1693227874089,1692255609863,1692255609867,1693227874099,10,4,6
49680,1693227874099,1692255609871,1692255609875,1693227874111,12,4,8
49681,1693227874111,1692255609884,1692255609887,1693227874120,9,3,6
49682,1693227874120,1692255609895,1692255609898,1693227874130,10,3,7
49683,1693227874130,1692255609902,1692255609905,1693227874137,7,3,4
49684,1693227874137,1692255609910,1692255609912,1693227874144,7,2,5
49685,1693227874144,1692255609916,1692255609920,1693227874244,100,4,96
49686,1693227874244,1692255610016,1692255610020,1693227874252,8,4,4
49687,1693227874252,1692255610034,1692255610038,1693227874270,18,4,14
49688,1693227874270,1692255610043,1692255610046,1693227874278,8,3,5
49689,1693227874278,1692255610051,1692255610054,1693227874286,8,3,5
49690,1693227874286,1692255610059,1692255610062,1693227874294,8,3,5
49691,1693227874294,1692255610068,1692255610072,1693227874303,9,4,5
49692,1693227874303,1692255610076,1692255610078,1693227874310,7,2,5
49693,1693227874310,1692255610083,1692255610086,1693227874318,8,3,5
49694,1693227874318,1692255610092,1692255610096,1693227874327,9,4,5
49695,1693227874327,1692255610099,1692255610103,1693227874334,7,4,3
49696,1693227874334,1692255610107,1692255610111,1693227874343,9,4,5
49697,1693227874343,1692255610116,1692255610119,1693227874351,8,3,5
49698,1693227874351,1692255610124,1692255610127,1693227874359,8,3,5
49699,1693227874359,1692255610132,1692255610136,1693227874367,8,4,4
49700,1693227874367,1692255610139,1692255610143,1693227874374,7,4,3
49701,1693227874374,1692255610147,1692255610150,1693227874384,10,3,7
49702,1693227874385,1692255610157,1692255610162,1693227874394,9,5,4
49703,1693227874394,1692255610167,1692255610170,1693227874401,7,3,4
49704,1693227874401,1692255610174,1692255610177,1693227874409,8,3,5
49705,1693227874409,1692255610181,1692255610184,1693227874416,7,3,4
49706,1693227874416,1692255610195,1692255610198,1693227874430,14,3,11
49707,1693227874430,1692255610202,1692255610206,1693227874437,7,4,3
49708,1693227874437,1692255610210,1692255610214,1693227874446,9,4,5
49709,1693227874446,1692255610218,1692255610222,1693227874454,8,4,4
49710,1693227874454,1692255610226,1692255610230,1693227874461,7,4,3
49711,1693227874461,1692255610234,1692255610237,1693227874469,8,3,5
49712,1693227874469,1692255610242,1692255610245,1693227874477,8,3,5
49713,1693227874477,1692255610250,1692255610252,1693227874484,7,2,5
49714,1693227874484,1692255610256,1692255610260,1693227874492,8,4,4
49715,1693227874492,1692255610265,1692255610268,1693227874499,7,3,4
49716,1693227874499,1692255610273,1692255610277,1693227874530,31,4,27
49717,1693227874530,1692255610303,1692255610306,1693227874538,8,3,5
49718,1693227874538,1692255610311,1692255610316,1693227874548,10,5,5
49719,1693227874548,1692255610321,1692255610324,1693227874569,21,3,18
49720,1693227874569,1692255610342,1692255610346,1693227874577,8,4,4
49721,1693227874577,1692255610350,1692255610352,1693227874584,7,2,5
49722,1693227874584,1692255610356,1692255610359,1693227874591,7,3,4
49723,1693227874591,1692255610364,1692255610367,1693227874605,14,3,11
49724,1693227874605,1692255610377,1692255610381,1693227874612,7,4,3
49725,1693227874612,1692255610384,1692255610387,1693227874619,7,3,4
49726,1693227874619,1692255610391,1692255610395,1693227874626,7,4,3
49727,1693227874626,1692255610399,1692255610402,1693227874633,7,3,4
49728,1693227874633,1692255610406,1692255610409,1693227874641,8,3,5
49729,1693227874641,1692255610413,1692255610417,1693227874648,7,4,3
49730,1693227874648,1692255610422,1692255610425,1693227874657,9,3,6
49731,1693227874657,1692255610429,1692255610432,1693227874664,7,3,4
49732,1693227874664,1692255610436,1692255610440,1693227874672,8,4,4
49733,1693227874672,1692255610666,1692255610669,1693227874901,229,3,226
49734,1693227874901,1692255610674,1692255610677,1693227874909,8,3,5
49735,1693227874909,1692255610683,1692255610686,1693227874918,9,3,6
49736,1693227874918,1692255610691,1692255610695,1693227874928,10,4,6
49737,1693227874928,1692255610702,1692255610706,1693227874943,15,4,11
49738,1693227874943,1692255610715,1692255610719,1693227874953,10,4,6
49739,1693227874953,1692255610746,1692255610749,1693227874981,28,3,25
49740,1693227874981,1692255610753,1692255610757,1693227874988,7,4,3
49741,1693227874988,1692255610762,1692255610766,1693227874997,9,4,5
49742,1693227874997,1692255610770,1692255610775,1693227875007,10,5,5
49743,1693227875007,1692255610780,1692255610784,1693227875016,9,4,5
49744,1693227875016,1692255610789,1692255610792,1693227875024,8,3,5
49745,1693227875024,1692255610796,1692255610799,1693227875030,6,3,3
49746,1693227875031,1692255610803,1692255610807,1693227875038,7,4,3
49747,1693227875038,1692255610811,1692255610815,1693227875047,9,4,5
49748,1693227875047,1692255610820,1692255610823,1693227875056,9,3,6
49749,1693227875056,1692255610829,1692255610832,1693227875064,8,3,5
49750,1693227875064,1692255610836,1692255610840,1693227875072,8,4,4
49751,1693227875072,1692255610844,1692255610847,1693227875079,7,3,4
49752,1693227875079,1692255610852,1692255610855,1693227875086,7,3,4
49753,1693227875086,1692255610858,1692255610861,1693227875093,7,3,4
49754,1693227875093,1692255610866,1692255610869,1693227875102,9,3,6
49755,1693227875102,1692255610874,1692255610878,1693227875109,7,4,3
49756,1693227875109,1692255610882,1692255610884,1693227875117,8,2,6
49757,1693227875117,1692255610890,1692255610893,1693227875124,7,3,4
49758,1693227875125,1692255610897,1692255610899,1693227875131,6,2,4
49759,1693227875131,1692255610904,1692255610908,1693227875139,8,4,4
49760,1693227875139,1692255610916,1692255610919,1693227875151,12,3,9
49761,1693227875151,1692255610924,1692255610926,1693227875158,7,2,5
49762,1693227875158,1692255610931,1692255610934,1693227875166,8,3,5
49763,1693227875166,1692255610939,1692255610942,1693227875174,8,3,5
49764,1693227875174,1692255610969,1692255610972,1693227875284,110,3,107
49765,1693227875284,1692255611057,1692255611060,1693227875309,25,3,22
49766,1693227875309,1692255611082,1692255611086,1693227875318,9,4,5
49767,1693227875318,1692255611093,1692255611096,1693227875328,10,3,7
49768,1693227875328,1692255611100,1692255611103,1693227875335,7,3,4
49769,1693227875335,1692255611108,1692255611111,1693227875343,8,3,5
49770,1693227875343,1692255611117,1692255611120,1693227875352,9,3,6
49771,1693227875352,1692255611124,1692255611128,1693227875360,8,4,4
49772,1693227875360,1692255611133,1692255611136,1693227875368,8,3,5
49773,1693227875368,1692255611140,1692255611144,1693227875376,8,4,4
49774,1693227875376,1692255611149,1692255611151,1693227875383,7,2,5
49775,1693227875383,1692255611156,1692255611159,1693227875391,8,3,5
49776,1693227875391,1692255611163,1692255611167,1693227875399,8,4,4
49777,1693227875399,1692255611172,1692255611175,1693227875407,8,3,5
49778,1693227875407,1692255611179,1692255611182,1693227875414,7,3,4
49779,1693227875414,1692255611187,1692255611190,1693227875424,10,3,7
49780,1693227875424,1692255611197,1692255611202,1693227875434,10,5,5
49781,1693227875435,1692255611207,1692255611210,1693227875442,7,3,4
49782,1693227875442,1692255611215,1692255611218,1693227875450,8,3,5
49783,1693227875450,1692255611223,1692255611226,1693227875458,8,3,5
49784,1693227875458,1692255611231,1692255611234,1693227875466,8,3,5
49785,1693227875466,1692255611239,1692255611241,1693227875473,7,2,5
49786,1693227875473,1692255611247,1692255611251,1693227875483,10,4,6
49787,1693227875483,1692255611255,1692255611258,1693227875490,7,3,4
49788,1693227875490,1692255611264,1692255611268,1693227875500,10,4,6
49789,1693227875500,1692255611273,1692255611276,1693227875508,8,3,5
49790,1693227875508,1692255611281,1692255611284,1693227875516,8,3,5
49791,1693227875516,1692255611289,1692255611292,1693227875526,10,3,7
49792,1693227875526,1692255611299,1692255611303,1693227875535,9,4,5
49793,1693227875535,1692255611307,1692255611310,1693227875943,408,3,405
49794,1693227875943,1692255611718,1692255611721,1693227875953,10,3,7
49795,1693227875953,1692255611725,1692255611729,1693227875961,8,4,4
49796,1693227875961,1692255611734,1692255611737,1693227875969,8,3,5
49797,1693227875969,1692255611742,1692255611745,1693227875977,8,3,5
49798,1693227875977,1692255611749,1692255611753,1693227875984,7,4,3
49799,1693227875984,1692255611757,1692255611760,1693227875991,7,3,4
49800,1693227875991,1692255611763,1692255611766,1693227875998,7,3,4
49801,1693227875998,1692255611771,1692255611774,1693227876005,7,3,4
49802,1693227876005,1692255611778,1692255611780,1693227876011,6,2,4
49803,1693227876011,1692255611784,1692255611786,1693227876018,7,2,5
49804,1693227876018,1692255611790,1692255611794,1693227876025,7,4,3
49805,1693227876025,1692255611798,1692255611800,1693227876032,7,2,5
49806,1693227876032,1692255611804,1692255611807,1693227876038,6,3,3
49807,1693227876038,1692255611810,1692255611814,1693227876045,7,4,3
49808,1693227876045,1692255611818,1692255611821,1693227876052,7,3,4
49809,1693227876052,1692255611824,1692255611828,1693227876059,7,4,3
49810,1693227876059,1692255611831,1692255611835,1693227876067,8,4,4
49811,1693227876067,1692255611839,1692255611842,1693227876074,7,3,4
49812,1693227876074,1692255611847,1692255611850,1693227876099,25,3,22
49813,1693227876099,1692255611873,1692255611877,1693227876108,9,4,5
49814,1693227876109,1692255611882,1692255611886,1693227876118,9,4,5
49815,1693227876118,1692255611890,1692255611893,1693227876125,7,3,4
49816,1693227876125,1692255611897,1692255611901,1693227876133,8,4,4
49817,1693227876133,1692255611905,1692255611909,1693227876141,8,4,4
49818,1693227876141,1692255611913,1692255611917,1693227876148,7,4,3
49819,1693227876148,1692255611920,1692255611923,1693227876155,7,3,4
49820,1693227876155,1692255611927,1692255611930,1693227876162,7,3,4
49821,1693227876162,1692255611934,1692255611937,1693227876169,7,3,4
49822,1693227876169,1692255611941,1692255611945,1693227876176,7,4,3
49823,1693227876176,1692255611948,1692255611952,1693227876183,7,4,3
49824,1693227876183,1692255611956,1692255611960,1693227876191,8,4,4
49825,1693227876191,1692255611963,1692255611966,1693227876198,7,3,4
49826,1693227876198,1692255611970,1692255611973,1693227876205,7,3,4
49827,1693227876205,1692255611978,1692255611981,1693227876213,8,3,5
49828,1693227876213,1692255611985,1692255611988,1693227876220,7,3,4
49829,1693227876220,1692255611993,1692255611996,1693227876228,8,3,5
49830,1693227876228,1692255612000,1692255612003,1693227876234,6,3,3
49831,1693227876234,1692255612007,1692255612011,1693227876244,10,4,6
49832,1693227876244,1692255612016,1692255612019,1693227876467,223,3,220
49833,1693227876467,1692255612240,1692255612244,1693227876476,9,4,5
49834,1693227876476,1692255612248,1692255612251,1693227876483,7,3,4
49835,1693227876483,1692255612256,1692255612258,1693227876490,7,2,5
49836,1693227876490,1692255612263,1692255612266,1693227876498,8,3,5
49837,1693227876498,1692255612271,1692255612274,1693227876505,7,3,4
49838,1693227876505,1692255612278,1692255612280,1693227876512,7,2,5
49839,1693227876512,1692255612285,1692255612289,1693227876520,8,4,4
49840,1693227876520,1692255612293,1692255612296,1693227876546,26,3,23
49841,1693227876546,1692255612322,1692255612326,1693227876558,12,4,8
49842,1693227876558,1692255612331,1692255612334,1693227876566,8,3,5
49843,1693227876566,1692255612338,1692255612342,1693227876573,7,4,3
49844,1693227876573,1692255612346,1692255612350,1693227876581,8,4,4
49845,1693227876581,1692255612354,1692255612356,1693227876588,7,2,5
49846,1693227876588,1692255612361,1692255612364,1693227876596,8,3,5
49847,1693227876596,1692255612368,1692255612371,1693227876603,7,3,4
49848,1693227876603,1692255612375,1692255612378,1693227876610,7,3,4
49849,1693227876610,1692255612383,1692255612386,1693227876618,8,3,5
49850,1693227876618,1692255612391,1692255612394,1693227876626,8,3,5
49851,1693227876626,1692255612399,1692255612401,1693227876633,7,2,5
49852,1693227876633,1692255612406,1692255612410,1693227876641,8,4,4
49853,1693227876642,1692255612414,1692255612417,1693227876649,7,3,4
49854,1693227876649,1692255612424,1692255612429,1693227876660,11,5,6
49855,1693227876660,1692255612433,1692255612437,1693227876668,8,4,4
49856,1693227876668,1692255612441,1692255612445,1693227876677,9,4,5
49857,1693227876677,1692255612452,1692255612455,1693227876686,9,3,6
49858,1693227876686,1692255612459,1692255612462,1693227876693,7,3,4
49859,1693227876693,1692255612466,1692255612469,1693227876701,8,3,5
49860,1693227876701,1692255612473,1692255612477,1693227876709,8,4,4
49861,1693227876709,1692255612481,1692255612484,1693227876715,6,3,3
49862,1693227876715,1692255612488,1692255612491,1693227876723,8,3,5
49863,1693227876723,1692255612496,1692255612499,1693227876731,8,3,5
49864,1693227876731,1692255612503,1692255612507,1693227876739,8,4,4
49865,1693227876739,1692255612512,1692255612515,1693227876746,7,3,4
49866,1693227876747,1692255612520,1692255612523,1693227876770,23,3,20
49867,1693227876770,1692255612544,1692255612548,1693227876992,222,4,218
49868,1693227876992,1692255612767,1692255612770,1693227877002,10,3,7
49869,1693227877002,1692255612775,1692255612779,1693227877010,8,4,4
49870,1693227877010,1692255612784,1692255612787,1693227877019,9,3,6
49871,1693227877019,1692255612791,1692255612794,1693227877026,7,3,4
49872,1693227877026,1692255612799,1692255612802,1693227877033,7,3,4
49873,1693227877033,1692255612806,1692255612810,1693227877042,9,4,5
49874,1693227877042,1692255612815,1692255612818,1693227877050,8,3,5
49875,1693227877050,1692255612823,1692255612825,1693227877057,7,2,5
49876,1693227877057,1692255612830,1692255612832,1693227877064,7,2,5
49877,1693227877064,1692255612837,1692255612840,1693227877072,8,3,5
49878,1693227877072,1692255612844,1692255612847,1693227877079,7,3,4
49879,1693227877079,1692255612851,1692255612854,1693227877086,7,3,4
49880,1693227877086,1692255612859,1692255612863,1693227877094,8,4,4
49881,1693227877095,1692255612867,1692255612870,1693227877102,7,3,4
49882,1693227877102,1692255612874,1692255612877,1693227877109,7,3,4
49883,1693227877109,1692255612882,1692255612884,1693227877116,7,2,5
49884,1693227877116,1692255612889,1692255612892,1693227877124,8,3,5
49885,1693227877124,1692255612896,1692255612899,1693227877132,8,3,5
49886,1693227877132,1692255612904,1692255612907,1693227877139,7,3,4
49887,1693227877139,1692255612913,1692255612916,1693227877148,9,3,6
49888,1693227877148,1692255612920,1692255612924,1693227877156,8,4,4
49889,1693227877156,1692255612928,1692255612932,1693227877165,9,4,5
49890,1693227877165,1692255612938,1692255612941,1693227877173,8,3,5
49891,1693227877173,1692255612945,1692255612950,1693227877182,9,5,4
49892,1693227877182,1692255612955,1692255612958,1693227877189,7,3,4
49893,1693227877189,1692255612962,1692255612965,1693227877198,9,3,6
49894,1693227877198,1692255612993,1692255612996,1693227877228,30,3,27
49895,1693227877228,1692255613000,1692255613003,1693227877235,7,3,4
49896,1693227877235,1692255613007,1692255613010,1693227877242,7,3,4
49897,1693227877242,1692255613016,1692255613019,1693227877251,9,3,6
49898,1693227877251,1692255613024,1692255613027,1693227877259,8,3,5
49899,1693227877259,1692255613031,1692255613035,1693227877268,9,4,5
49900,1693227877268,1692255613041,1692255613044,1693227877276,8,3,5
49901,1693227877276,1692255613048,1692255613051,1693227877283,7,3,4
49902,1693227877283,1692255613056,1692255613062,1693227877295,12,6,6
49903,1693227877295,1692255613290,1692255613293,1693227877525,230,3,227
49904,1693227877525,1692255613298,1692255613302,1693227877534,9,4,5
49905,1693227877534,1692255613307,1692255613310,1693227877542,8,3,5
49906,1693227877542,1692255613315,1692255613319,1693227877551,9,4,5
49907,1693227877551,1692255613323,1692255613327,1693227877559,8,4,4
49908,1693227877559,1692255613332,1692255613334,1693227877567,8,2,6
49909,1693227877567,1692255613340,1692255613343,1693227877577,10,3,7
49910,1693227877577,1692255613349,1692255613354,1693227877585,8,5,3
49911,1693227877586,1692255613358,1692255613362,1693227877594,8,4,4
49912,1693227877594,1692255613367,1692255613370,1693227877613,19,3,16
49913,1693227877613,1692255613385,1692255613388,1693227877620,7,3,4
49914,1693227877620,1692255613393,1692255613396,1693227877628,8,3,5
49915,1693227877628,1692255613400,1692255613404,1693227877636,8,4,4
49916,1693227877636,1692255613408,1692255613411,1693227877643,7,3,4
49917,1693227877643,1692255613415,1692255613418,1693227877672,29,3,26
49918,1693227877672,1692255613448,1692255613452,1693227877684,12,4,8
49919,1693227877684,1692255613457,1692255613460,1693227877692,8,3,5
49920,1693227877693,1692255613465,1692255613468,1693227877701,8,3,5
49921,1693227877701,1692255613473,1692255613476,1693227877708,7,3,4
49922,1693227877708,1692255613481,1692255613484,1693227877715,7,3,4
49923,1693227877715,1692255613488,1692255613492,1693227877724,9,4,5
49924,1693227877724,1692255613496,1692255613499,1693227877730,6,3,3
49925,1693227877730,1692255613502,1692255613505,1693227877737,7,3,4
49926,1693227877737,1692255613509,1692255613513,1693227877744,7,4,3
49927,1693227877744,1692255613517,1692255613521,1693227877753,9,4,5
49928,1693227877753,1692255613525,1692255613529,1693227877761,8,4,4
49929,1693227877761,1692255613534,1692255613537,1693227877769,8,3,5
49930,1693227877769,1692255613542,1692255613545,1693227877779,10,3,7
49931,1693227877779,1692255613552,1692255613556,1693227877787,8,4,4
49932,1693227877788,1692255613562,1692255613565,1693227877797,9,3,6
49933,1693227877797,1692255613569,1692255613572,1693227877804,7,3,4
49934,1693227877804,1692255613578,1692255613582,1693227877813,9,4,5
49935,1693227877813,1692255613585,1692255613588,1693227878040,227,3,224
49936,1693227878040,1692255613813,1692255613817,1693227878049,9,4,5
49937,1693227878049,1692255613822,1692255613825,1693227878057,8,3,5
49938,1693227878057,1692255613829,1692255613833,1693227878065,8,4,4
49939,1693227878065,1692255613838,1692255613841,1693227878073,8,3,5
49940,1693227878073,1692255613846,1692255613849,1693227878080,7,3,4
49941,1693227878080,1692255613853,1692255613855,1693227878087,7,2,5
49942,1693227878087,1692255613860,1692255613864,1693227878097,10,4,6
49943,1693227878097,1692255613890,1692255613894,1693227878126,29,4,25
49944,1693227878126,1692255613898,1692255613902,1693227878133,7,4,3
49945,1693227878133,1692255613906,1692255613909,1693227878141,8,3,5
49946,1693227878141,1692255613914,1692255613917,1693227878149,8,3,5
49947,1693227878149,1692255613921,1692255613925,1693227878157,8,4,4
49948,1693227878157,1692255613929,1692255613932,1693227878164,7,3,4
49949,1693227878164,1692255613936,1692255613939,1693227878171,7,3,4
49950,1693227878171,1692255613949,1692255613952,1693227878184,13,3,10
49951,1693227878184,1692255613959,1692255613963,1693227878194,10,4,6
49952,1693227878195,1692255613967,1692255613970,1693227878202,7,3,4
49953,1693227878202,1692255613974,1692255613978,1693227878209,7,4,3
49954,1693227878209,1692255613982,1692255613985,1693227878217,8,3,5
49955,1693227878217,1692255613990,1692255613995,1693227878228,11,5,6
49956,1693227878228,1692255614001,1692255614004,1693227878236,8,3,5
49957,1693227878236,1692255614008,1692255614011,1693227878243,7,3,4
49958,1693227878243,1692255614017,1692255614020,1693227878252,9,3,6
49959,1693227878252,1692255614025,1692255614028,1693227878260,8,3,5
49960,1693227878260,1692255614032,1692255614035,1693227878267,7,3,4
49961,1693227878267,1692255614040,1692255614043,1693227878275,8,3,5
49962,1693227878275,1692255614048,1692255614053,1693227878284,9,5,4
49963,1693227878284,1692255614057,1692255614060,1693227878292,8,3,5
49964,1693227878292,1692255614066,1692255614070,1693227878301,9,4,5
49965,1693227878301,1692255614073,1692255614077,1693227878308,7,4,3
49966,1693227878308,1692255614081,1692255614085,1693227878317,9,4,5
49967,1693227878317,1692255614090,1692255614093,1693227878324,7,3,4
49968,1693227878324,1692255614097,1692255614100,1693227878332,8,3,5
49969,1693227878332,1692255614104,1692255614107,1693227878339,7,3,4
49970,1693227878339,1692255614112,1692255614116,1693227878566,227,4,223
49971,1693227878567,1692255614340,1692255614346,1693227878578,11,6,5
49972,1693227878578,1692255614351,1692255614353,1693227878585,7,2,5
49973,1693227878585,1692255614358,1692255614361,1693227878593,8,3,5
49974,1693227878593,1692255614366,1692255614369,1693227878601,8,3,5
49975,1693227878601,1692255614374,1692255614376,1693227878608,7,2,5
49976,1693227878608,1692255614387,1692255614391,1693227878623,15,4,11
49977,1693227878623,1692255614397,1692255614403,1693227878635,12,6,6
49978,1693227878635,1692255614407,1692255614411,1693227878643,8,4,4
49979,1693227878643,1692255614415,1692255614418,1693227878650,7,3,4
49980,1693227878650,1692255614422,1692255614425,1693227878657,7,3,4
49981,1693227878657,1692255614430,1692255614433,1693227878665,8,3,5
49982,1693227878665,1692255614438,1692255614441,1693227878673,8,3,5
49983,1693227878673,1692255614446,1692255614449,1693227878681,8,3,5
49984,1693227878681,1692255614454,1692255614457,1693227878688,7,3,4
49985,1693227878688,1692255614461,1692255614464,1693227878696,8,3,5
49986,1693227878696,1692255614471,1692255614474,1693227878706,10,3,7
49987,1693227878706,1692255614479,1692255614483,1693227878715,9,4,5
49988,1693227878715,1692255614487,1692255614490,1693227878722,7,3,4
49989,1693227878722,1692255614495,1692255614498,1693227878730,8,3,5
49990,1693227878730,1692255614505,1692255614508,1693227878740,10,3,7
49991,1693227878740,1692255614513,1692255614516,1693227878749,9,3,6
49992,1693227878749,1692255614521,1692255614524,1693227878756,7,3,4
49993,1693227878756,1692255614530,1692255614533,1693227878765,9,3,6
49994,1693227878765,1692255614537,1692255614540,1693227878795,30,3,27
49995,1693227878795,1692255614568,1692255614572,1693227878803,8,4,4
49996,1693227878803,1692255614576,1692255614580,1693227878812,9,4,5
49997,1693227878812,1692255614585,1692255614590,1693227878822,10,5,5
49998,1693227878822,1692255614595,1692255614598,1693227878830,8,3,5
49999,1693227878830,1692255614602,1692255614605,1693227878837,7,3,4
50000,1693227878837,1692255614610,1692255614614,1693227878846,9,4,5
50001,1693227878846,1692255614623,1692255614627,1693227878858,12,4,8
50002,1693227878858,1692255614631,1692255614634,1693227878866,8,3,5
50003,1693227878866,1692255614861,1692255614865,1693227879097,231,4,227
50004,1693227879097,1692255614870,1692255614872,1693227879104,7,2,5
50005,1693227879104,1692255614877,1692255614881,1693227879113,9,4,5
50006,1693227879113,1692255614885,1692255614889,1693227879121,8,4,4
50007,1693227879121,1692255614893,1692255614897,1693227879129,8,4,4
50008,1693227879129,1692255614902,1692255614905,1693227879137,8,3,5
50009,1693227879137,1692255614911,1692255614914,1693227879146,9,3,6
50010,1693227879146,1692255614918,1692255614921,1693227879153,7,3,4
50011,1693227879153,1692255614925,1692255614928,1693227879160,7,3,4
50012,1693227879160,1692255614933,1692255614936,1693227879167,7,3,4
50013,1693227879167,1692255614940,1692255614943,1693227879174,7,3,4
50014,1693227879174,1692255614946,1692255614950,1693227879181,7,4,3
50015,1693227879181,1692255614955,1692255614957,1693227879189,8,2,6
50016,1693227879189,1692255614962,1692255614965,1693227879196,7,3,4
50017,1693227879196,1692255614969,1692255614972,1693227879204,8,3,5
50018,1693227879204,1692255614977,1692255614981,1693227879213,9,4,5
50019,1693227879213,1692255614986,1692255614989,1693227879221,8,3,5
50020,1693227879221,1692255615017,1692255615021,1693227879253,32,4,28
50021,1693227879253,1692255615026,1692255615029,1693227879261,8,3,5
50022,1693227879261,1692255615034,1692255615038,1693227879269,8,4,4
50023,1693227879269,1692255615042,1692255615045,1693227879277,8,3,5
50024,1693227879277,1692255615049,1692255615052,1693227879284,7,3,4
50025,1693227879284,1692255615057,1692255615060,1693227879292,8,3,5
50026,1693227879292,1692255615065,1692255615068,1693227879299,7,3,4
50027,1693227879299,1692255615072,1692255615075,1693227879307,8,3,5
50028,1693227879307,1692255615079,1692255615082,1693227879316,9,3,6
50029,1693227879316,1692255615089,1692255615093,1693227879324,8,4,4
50030,1693227879325,1692255615097,1692255615101,1693227879332,7,4,3
50031,1693227879333,1692255615105,1692255615108,1693227879340,7,3,4
50032,1693227879340,1692255615114,1692255615118,1693227879350,10,4,6
50033,1693227879350,1692255615122,1692255615125,1693227879357,7,3,4
50034,1693227879357,1692255615130,1692255615134,1693227879366,9,4,5
50035,1693227879366,1692255615141,1692255615144,1693227879376,10,3,7
50036,1693227879376,1692255615149,1692255615153,1693227879384,8,4,4
50037,1693227879384,1692255615156,1692255615160,1693227879392,8,4,4
50038,1693227879392,1692255615385,1692255615389,1693227879622,230,4,226
50039,1693227879622,1692255615395,1692255615399,1693227879631,9,4,5
50040,1693227879631,1692255615405,1692255615409,1693227879641,10,4,6
50041,1693227879641,1692255615414,1692255615417,1693227879648,7,3,4
50042,1693227879648,1692255615422,1692255615425,1693227879657,9,3,6
50043,1693227879657,1692255615430,1692255615434,1693227879665,8,4,4
50044,1693227879665,1692255615439,1692255615442,1693227879695,30,3,27
50045,1693227879695,1692255615469,1692255615472,1693227879704,9,3,6
50046,1693227879704,1692255615477,1692255615480,1693227879712,8,3,5
50047,1693227879712,1692255615487,1692255615491,1693227879725,13,4,9
50048,1693227879725,1692255615498,1692255615501,1693227879733,8,3,5
50049,1693227879733,1692255615506,1692255615510,1693227879741,8,4,4
50050,1693227879741,1692255615514,1692255615518,1693227879750,9,4,5
50051,1693227879750,1692255615523,1692255615527,1693227879759,9,4,5
50052,1693227879759,1692255615532,1692255615535,1693227879767,8,3,5
50053,1693227879767,1692255615540,1692255615543,1693227879775,8,3,5
50054,1693227879775,1692255615548,1692255615552,1693227879783,8,4,4
50055,1693227879783,1692255615556,1692255615559,1693227879791,8,3,5
50056,1693227879791,1692255615564,1692255615568,1693227879801,10,4,6
50057,1693227879801,1692255615581,1692255615584,1693227879832,31,3,28
50058,1693227879832,1692255615604,1692255615607,1693227879839,7,3,4
50059,1693227879839,1692255615612,1692255615615,1693227879847,8,3,5
50060,1693227879847,1692255615619,1692255615623,1693227879858,11,4,7
50061,1693227879858,1692255615631,1692255615634,1693227879867,9,3,6
50062,1693227879867,1692255615640,1692255615644,1693227879876,9,4,5
50063,1693227879876,1692255615648,1692255615651,1693227879883,7,3,4
50064,1693227879883,1692255615656,1692255615659,1693227879891,8,3,5
50065,1693227879891,1692255615664,1692255615667,1693227879906,15,3,12
50066,1693227879906,1692255615910,1692255615914,1693227880145,239,4,235
50067,1693227880145,1692255615918,1692255615922,1693227880154,9,4,5
50068,1693227880154,1692255615927,1692255615930,1693227880162,8,3,5
50069,1693227880162,1692255615935,1692255615938,1693227880170,8,3,5
50070,1693227880170,1692255615942,1692255615946,1693227880177,7,4,3
50071,1693227880177,1692255615949,1692255615954,1693227880185,8,5,3
50072,1693227880185,1692255615957,1692255615961,1693227880192,7,4,3
50073,1693227880192,1692255615965,1692255615968,1693227880200,8,3,5
50074,1693227880200,1692255615972,1692255615975,1693227880207,7,3,4
50075,1693227880207,1692255615980,1692255615984,1693227880216,9,4,5
50076,1693227880216,1692255615988,1692255615992,1693227880223,7,4,3
50077,1693227880223,1692255615996,1692255615998,1693227880230,7,2,5
50078,1693227880230,1692255616002,1692255616005,1693227880237,7,3,4
50079,1693227880237,1692255616010,1692255616013,1693227880250,13,3,10
50080,1693227880250,1692255616023,1692255616026,1693227880258,8,3,5
50081,1693227880258,1692255616031,1692255616035,1693227880266,8,4,4
50082,1693227880266,1692255616038,1692255616042,1693227880274,8,4,4
50083,1693227880274,1692255616046,1692255616049,1693227880281,7,3,4
50084,1693227880281,1692255616059,1692255616062,1693227880294,13,3,10
50085,1693227880294,1692255616067,1692255616070,1693227880302,8,3,5
50086,1693227880302,1692255616078,1692255616081,1693227880312,10,3,7
50087,1693227880312,1692255616085,1692255616088,1693227880320,8,3,5
50088,1693227880320,1692255616093,1692255616097,1693227880328,8,4,4
50089,1693227880328,1692255616101,1692255616105,1693227880340,12,4,8
50090,1693227880340,1692255616113,1692255616116,1693227880364,24,3,21
50091,1693227880364,1692255616137,1692255616140,1693227880372,8,3,5
50092,1693227880372,1692255616146,1692255616148,1693227880380,8,2,6
50093,1693227880380,1692255616153,1692255616156,1693227880388,8,3,5
50094,1693227880388,1692255616161,1692255616164,1693227880396,8,3,5
50095,1693227880396,1692255616168,1692255616171,1693227880403,7,3,4
50096,1693227880403,1692255616175,1692255616179,1693227880410,7,4,3
50097,1693227880410,1692255616182,1692255616185,1693227880418,8,3,5
50098,1693227880418,1692255616191,1692255616194,1693227880426,8,3,5
50099,1693227880426,1692255616198,1692255616201,1693227880433,7,3,4
50100,1693227880433,1692255616205,1692255616208,1693227880662,229,3,226
50101,1693227880662,1692255616435,1692255616438,1693227880670,8,3,5
50102,1693227880670,1692255616455,1692255616459,1693227880691,21,4,17
50103,1693227880691,1692255616466,1692255616468,1693227880700,9,2,7
50104,1693227880700,1692255616472,1692255616476,1693227880708,8,4,4
50105,1693227880708,1692255616481,1692255616485,1693227880717,9,4,5
50106,1693227880717,1692255616490,1692255616494,1693227880725,8,4,4
50107,1693227880725,1692255616498,1692255616501,1693227880733,8,3,5
50108,1693227880733,1692255616505,1692255616510,1693227880742,9,5,4
50109,1693227880742,1692255616515,1692255616518,1693227880750,8,3,5
50110,1693227880750,1692255616523,1692255616526,1693227880758,8,3,5
50111,1693227880758,1692255616530,1692255616534,1693227880765,7,4,3
50112,1693227880765,1692255616538,1692255616541,1693227880773,8,3,5
50113,1693227880773,1692255616545,1692255616548,1693227880779,6,3,3
50114,1693227880779,1692255616552,1692255616555,1693227880787,8,3,5
50115,1693227880787,1692255616559,1692255616562,1693227880794,7,3,4
50116,1693227880794,1692255616591,1692255616594,1693227880826,32,3,29
50117,1693227880826,1692255616599,1692255616602,1693227880834,8,3,5
50118,1693227880834,1692255616606,1692255616609,1693227880841,7,3,4
50119,1693227880841,1692255616614,1692255616618,1693227880851,10,4,6
50120,1693227880851,1692255616624,1692255616628,1693227880864,13,4,9
50121,1693227880864,1692255616637,1692255616640,1693227880872,8,3,5
50122,1693227880872,1692255616644,1692255616647,1693227880879,7,3,4
50123,1693227880879,1692255616651,1692255616654,1693227880886,7,3,4
50124,1693227880886,1692255616658,1692255616661,1693227880893,7,3,4
50125,1693227880893,1692255616665,1692255616669,1693227880900,7,4,3
50126,1693227880901,1692255616673,1692255616676,1693227880908,7,3,4
50127,1693227880908,1692255616680,1692255616684,1693227880916,8,4,4
50128,1693227880916,1692255616688,1692255616692,1693227880923,7,4,3
50129,1693227880923,1692255616696,1692255616699,1693227880930,7,3,4
50130,1693227880930,1692255616703,1692255616708,1693227880940,10,5,5
50131,1693227880940,1692255616713,1692255616717,1693227880948,8,4,4
50132,1693227880948,1692255616721,1692255616724,1693227880955,7,3,4
50133,1693227880955,1692255616728,1692255616731,1693227880962,7,3,4
50134,1693227880962,1692255616735,1692255616738,1693227881185,223,3,220
50135,1693227881185,1692255616959,1692255616962,1693227881194,9,3,6
50136,1693227881194,1692255616966,1692255616970,1693227881202,8,4,4
50137,1693227881202,1692255616976,1692255616979,1693227881210,8,3,5
50138,1693227881210,1692255616983,1692255616986,1693227881218,8,3,5
50139,1693227881218,1692255616991,1692255616994,1693227881226,8,3,5
50140,1693227881226,1692255616998,1692255617001,1693227881233,7,3,4
50141,1693227881233,1692255617006,1692255617009,1693227881241,8,3,5
50142,1693227881241,1692255617014,1692255617017,1693227881266,25,3,22
50143,1693227881266,1692255617039,1692255617042,1693227881274,8,3,5
50144,1693227881274,1692255617047,1692255617051,1693227881283,9,4,5
50145,1693227881283,1692255617056,1692255617059,1693227881290,7,3,4
50146,1693227881290,1692255617063,1692255617066,1693227881298,8,3,5
50147,1693227881298,1692255617070,1692255617073,1693227881305,7,3,4
50148,1693227881305,1692255617077,1692255617081,1693227881313,8,4,4
50149,1693227881313,1692255617085,1692255617088,1693227881320,7,3,4
50150,1693227881320,1692255617093,1692255617096,1693227881328,8,3,5
50151,1693227881328,1692255617100,1692255617104,1693227881336,8,4,4
50152,1693227881336,1692255617109,1692255617112,1693227881344,8,3,5
50153,1693227881344,1692255617117,1692255617120,1693227881351,7,3,4
50154,1693227881351,1692255617124,1692255617127,1693227881359,8,3,5
50155,1693227881359,1692255617134,1692255617137,1693227881369,10,3,7
50156,1693227881369,1692255617141,1692255617144,1693227881376,7,3,4
50157,1693227881376,1692255617149,1692255617152,1693227881384,8,3,5
50158,1693227881384,1692255617157,1692255617160,1693227881392,8,3,5
50159,1693227881392,1692255617164,1692255617167,1693227881399,7,3,4
50160,1693227881399,1692255617171,1692255617174,1693227881406,7,3,4
50161,1693227881406,1692255617179,1692255617182,1693227881414,8,3,5
50162,1693227881414,1692255617186,1692255617189,1693227881421,7,3,4
50163,1693227881421,1692255617194,1692255617198,1693227881430,9,4,5
50164,1693227881430,1692255617202,1692255617206,1693227881437,7,4,3
50165,1693227881437,1692255617211,1692255617214,1693227881449,12,3,9
50166,1693227881449,1692255617222,1692255617225,1693227881457,8,3,5
50167,1693227881457,1692255617230,1692255617233,1693227881466,9,3,6
50168,1693227881466,1692255617238,1692255617244,1693227881476,10,6,4
50169,1693227881476,1692255617251,1692255617254,1693227881486,10,3,7
50170,1693227881486,1692255617259,1692255617262,1693227881576,90,3,87
50171,1693227881576,1692255617348,1692255617352,1693227881601,25,4,21
50172,1693227881601,1692255617375,1692255617378,1693227881611,10,3,7
50173,1693227881611,1692255617384,1692255617387,1693227881619,8,3,5
50174,1693227881619,1692255617392,1692255617395,1693227881627,8,3,5
50175,1693227881627,1692255617399,1692255617404,1693227881636,9,5,4
50176,1693227881636,1692255617409,1692255617412,1693227881644,8,3,5
50177,1693227881644,1692255617417,1692255617420,1693227881652,8,3,5
50178,1693227881652,1692255617424,1692255617429,1693227881661,9,5,4
50179,1693227881661,1692255617433,1692255617436,1693227881670,9,3,6
50180,1693227881670,1692255617443,1692255617447,1693227881679,9,4,5
50181,1693227881679,1692255617455,1692255617459,1693227881690,11,4,7
50182,1693227881691,1692255617463,1692255617468,1693227881699,8,5,3
50183,1693227881699,1692255617471,1692255617474,1693227881706,7,3,4
50184,1693227881706,1692255617479,1692255617482,1693227881713,7,3,4
50185,1693227881713,1692255617486,1692255617489,1693227881721,8,3,5
50186,1693227881721,1692255617494,1692255617497,1693227881729,8,3,5
50187,1693227881729,1692255617502,1692255617504,1693227881736,7,2,5
50188,1693227881736,1692255617508,1692255617512,1693227881743,7,4,3
50189,1693227881743,1692255617516,1692255617519,1693227881751,8,3,5
50190,1693227881751,1692255617524,1692255617527,1693227881759,8,3,5
50191,1693227881759,1692255617532,1692255617535,1693227881768,9,3,6
50192,1693227881768,1692255617543,1692255617546,1693227881778,10,3,7
50193,1693227881778,1692255617550,1692255617553,1693227881784,6,3,3
50194,1693227881785,1692255617557,1692255617561,1693227881792,7,4,3
50195,1693227881792,1692255617565,1692255617568,1693227881800,8,3,5
50196,1693227881800,1692255617573,1692255617577,1693227881809,9,4,5
50197,1693227881809,1692255617582,1692255617585,1693227881817,8,3,5
50198,1693227881817,1692255617589,1692255617593,1693227881825,8,4,4
50199,1693227881825,1692255617597,1692255617600,1693227881832,7,3,4
50200,1693227881832,1692255617605,1692255617608,1693227881840,8,3,5
50201,1693227881840,1692255617614,1692255617618,1693227881850,10,4,6
50202,1693227881850,1692255617623,1692255617627,1693227881858,8,4,4
50203,1693227881858,1692255617631,1692255617634,1693227881870,12,3,9
50204,1693227881870,1692255617646,1692255617649,1693227881881,11,3,8
50205,1693227881881,1692255617653,1692255617656,1693227881888,7,3,4
50206,1693227881888,1692255617661,1692255617665,1693227881897,9,4,5
50207,1693227881897,1692255617670,1692255617673,1693227881905,8,3,5
50208,1693227881905,1692255617678,1692255617681,1693227881913,8,3,5
50209,1693227881913,1692255617686,1692255617689,1693227881942,29,3,26
50210,1693227881942,1692255617715,1692255617718,1693227881950,8,3,5
50211,1693227881950,1692255617733,1692255617736,1693227881968,18,3,15
50212,1693227881968,1692255617741,1692255617744,1693227881978,10,3,7
50213,1693227881978,1692255617750,1692255617754,1693227881986,8,4,4
50214,1693227881986,1692255617759,1692255617762,1693227881994,8,3,5
50215,1693227881994,1692255617766,1692255617771,1693227882004,10,5,5
50216,1693227882004,1692255617777,1692255617780,1693227882012,8,3,5
50217,1693227882012,1692255618006,1692255618009,1693227882242,230,3,227
50218,1693227882242,1692255618014,1692255618018,1693227882249,7,4,3
50219,1693227882249,1692255618022,1692255618025,1693227882257,8,3,5
50220,1693227882257,1692255618030,1692255618034,1693227882265,8,4,4
50221,1693227882265,1692255618038,1692255618041,1693227882273,8,3,5
50222,1693227882273,1692255618046,1692255618049,1693227882281,8,3,5
50223,1693227882281,1692255618056,1692255618059,1693227882292,11,3,8
50224,1693227882292,1692255618065,1692255618068,1693227882299,7,3,4
50225,1693227882299,1692255618072,1692255618075,1693227882306,7,3,4
50226,1693227882306,1692255618080,1692255618084,1693227882315,9,4,5
50227,1693227882315,1692255618089,1692255618093,1693227882324,9,4,5
50228,1693227882324,1692255618096,1692255618099,1693227882331,7,3,4
50229,1693227882331,1692255618103,1692255618106,1693227882338,7,3,4
50230,1693227882338,1692255618110,1692255618114,1693227882346,8,4,4
50231,1693227882346,1692255618118,1692255618121,1693227882353,7,3,4
50232,1693227882353,1692255618126,1692255618129,1693227882361,8,3,5
50233,1693227882361,1692255618137,1692255618141,1693227882389,28,4,24
50234,1693227882389,1692255618162,1692255618166,1693227882398,9,4,5
50235,1693227882398,1692255618171,1692255618174,1693227882406,8,3,5
50236,1693227882406,1692255618179,1692255618183,1693227882414,8,4,4
50237,1693227882414,1692255618187,1692255618191,1693227882423,9,4,5
50238,1693227882423,1692255618196,1692255618199,1693227882431,8,3,5
50239,1693227882431,1692255618203,1692255618206,1693227882442,11,3,8
50240,1693227882442,1692255618215,1692255618217,1693227882449,7,2,5
50241,1693227882449,1692255618221,1692255618225,1693227882456,7,4,3
50242,1693227882456,1692255618233,1692255618236,1693227882468,12,3,9
50243,1693227882468,1692255618240,1692255618245,1693227882476,8,5,3
50244,1693227882476,1692255618249,1692255618252,1693227882484,8,3,5
50245,1693227882484,1692255618256,1692255618260,1693227882492,8,4,4
50246,1693227882492,1692255618264,1692255618267,1693227882499,7,3,4
50247,1693227882499,1692255618272,1692255618276,1693227882508,9,4,5
50248,1693227882508,1692255618281,1692255618285,1693227882519,11,4,7
50249,1693227882519,1692255618292,1692255618296,1693227882527,8,4,4
50250,1693227882527,1692255618300,1692255618304,1693227882535,8,4,4
50251,1693227882535,1692255618399,1692255618402,1693227882634,99,3,96
50252,1693227882634,1692255618406,1692255618411,1693227882643,9,5,4
50253,1693227882643,1692255618415,1692255618419,1693227882651,8,4,4
50254,1693227882651,1692255618423,1692255618426,1693227882658,7,3,4
50255,1693227882658,1692255618431,1692255618434,1693227882666,8,3,5
50256,1693227882666,1692255618439,1692255618443,1693227882674,8,4,4
50257,1693227882674,1692255618447,1692255618451,1693227882682,8,4,4
50258,1693227882682,1692255618455,1692255618458,1693227882690,8,3,5
50259,1693227882690,1692255618465,1692255618467,1693227882699,9,2,7
50260,1693227882699,1692255618472,1692255618475,1693227882725,26,3,23
50261,1693227882726,1692255618499,1692255618503,1693227882735,9,4,5
50262,1693227882735,1692255618507,1692255618511,1693227882743,8,4,4
50263,1693227882743,1692255618516,1692255618519,1693227882751,8,3,5
50264,1693227882751,1692255618524,1692255618527,1693227882758,7,3,4
50265,1693227882758,1692255618531,1692255618534,1693227882765,7,3,4
50266,1693227882765,1692255618538,1692255618541,1693227882773,8,3,5
50267,1693227882773,1692255618545,1692255618549,1693227882780,7,4,3
50268,1693227882780,1692255618559,1692255618562,1693227882794,14,3,11
50269,1693227882794,1692255618567,1692255618570,1693227882802,8,3,5
50270,1693227882802,1692255618576,1692255618579,1693227882810,8,3,5
50271,1693227882810,1692255618583,1692255618585,1693227882839,29,2,27
50272,1693227882839,1692255618613,1692255618618,1693227882849,10,5,5
50273,1693227882849,1692255618622,1692255618625,1693227882857,8,3,5
50274,1693227882857,1692255618629,1692255618632,1693227882864,7,3,4
50275,1693227882864,1692255618636,1692255618639,1693227882872,8,3,5
50276,1693227882872,1692255618647,1692255618650,1693227882882,10,3,7
50277,1693227882882,1692255618655,1692255618659,1693227882890,8,4,4
50278,1693227882890,1692255618663,1692255618665,1693227882899,9,2,7
50279,1693227882899,1692255618672,1692255618676,1693227882908,9,4,5
50280,1693227882908,1692255618681,1692255618684,1693227882916,8,3,5
50281,1693227882916,1692255618689,1692255618691,1693227882923,7,2,5
50282,1693227882924,1692255618697,1692255618701,1693227882932,8,4,4
50283,1693227882932,1692255618705,1692255618708,1693227882940,8,3,5
50284,1693227882940,1692255618712,1692255618715,1693227882947,7,3,4
50285,1693227882947,1692255618719,1692255618723,1693227882954,7,4,3
50286,1693227882954,1692255618727,1692255618730,1693227882961,7,3,4
50287,1693227882962,1692255618735,1692255618738,1693227882970,8,3,5
50288,1693227882970,1692255618742,1692255618746,1693227882978,8,4,4
50289,1693227882978,1692255618752,1692255618756,1693227882989,11,4,7
50290,1693227882989,1692255618762,1692255618766,1693227882997,8,4,4
50291,1693227882997,1692255618772,1692255618775,1693227883007,10,3,7
50292,1693227883007,1692255618780,1692255618782,1693227883014,7,2,5
50293,1693227883014,1692255618787,1692255618791,1693227883022,8,4,4
50294,1693227883022,1692255618795,1692255618798,1693227883034,12,3,9
50295,1693227883034,1692255618807,1692255618810,1693227883061,27,3,24
50296,1693227883061,1692255618835,1692255618839,1693227883286,225,4,221
50297,1693227883286,1692255619060,1692255619064,1693227883295,9,4,5
50298,1693227883295,1692255619068,1692255619072,1693227883303,8,4,4
50299,1693227883303,1692255619075,1692255619079,1693227883310,7,4,3
50300,1693227883310,1692255619082,1692255619085,1693227883317,7,3,4
50301,1693227883317,1692255619090,1692255619093,1693227883325,8,3,5
50302,1693227883325,1692255619097,1692255619101,1693227883333,8,4,4
50303,1693227883333,1692255619106,1692255619109,1693227883341,8,3,5
50304,1693227883341,1692255619114,1692255619117,1693227883349,8,3,5
50305,1693227883349,1692255619122,1692255619125,1693227883357,8,3,5
50306,1693227883357,1692255619130,1692255619133,1693227883364,7,3,4
50307,1693227883364,1692255619137,1692255619140,1693227883372,8,3,5
50308,1693227883372,1692255619145,1692255619148,1693227883380,8,3,5
50309,1693227883380,1692255619152,1692255619155,1693227883387,7,3,4
50310,1693227883387,1692255619160,1692255619163,1693227883395,8,3,5
50311,1693227883395,1692255619168,1692255619171,1693227883403,8,3,5
50312,1693227883403,1692255619176,1692255619180,1693227883412,9,4,5
50313,1693227883412,1692255619184,1692255619189,1693227883420,8,5,3
50314,1693227883420,1692255619193,1692255619196,1693227883431,11,3,8
50315,1693227883431,1692255619204,1692255619207,1693227883439,8,3,5
50316,1693227883439,1692255619212,1692255619216,1693227883447,8,4,4
50317,1693227883447,1692255619219,1692255619222,1693227883454,7,3,4
50318,1693227883454,1692255619226,1692255619229,1693227883462,8,3,5
50319,1693227883462,1692255619234,1692255619238,1693227883471,9,4,5
50320,1693227883471,1692255619243,1692255619247,1693227883479,8,4,4
50321,1693227883479,1692255619252,1692255619256,1693227883487,8,4,4
50322,1693227883487,1692255619286,1692255619289,1693227883521,34,3,31
50323,1693227883521,1692255619294,1692255619298,1693227883530,9,4,5
50324,1693227883530,1692255619302,1692255619304,1693227883537,7,2,5
50325,1693227883537,1692255619310,1692255619313,1693227883545,8,3,5
50326,1693227883545,1692255619318,1692255619322,1693227883554,9,4,5
50327,1693227883554,1692255619327,1692255619330,1693227883562,8,3,5
50328,1693227883562,1692255619334,1692255619337,1693227883569,7,3,4
50329,1693227883569,1692255619342,1692255619345,1693227883577,8,3,5
50330,1693227883577,1692255619349,1692255619353,1693227883585,8,4,4
50331,1693227883585,1692255619447,1692255619451,1693227883682,97,4,93
50332,1693227883682,1692255619457,1692255619461,1693227883693,11,4,7
50333,1693227883693,1692255619466,1692255619469,1693227883704,11,3,8
50334,1693227883704,1692255619480,1692255619484,1693227883718,14,4,10
50335,1693227883718,1692255619496,1692255619499,1693227883731,13,3,10
50336,1693227883731,1692255619505,1692255619507,1693227883739,8,2,6
50337,1693227883739,1692255619512,1692255619515,1693227883746,7,3,4
50338,1693227883746,1692255619519,1692255619521,1693227883752,6,2,4
50339,1693227883752,1692255619525,1692255619528,1693227883760,8,3,5
50340,1693227883760,1692255619532,1692255619536,1693227883767,7,4,3
50341,1693227883768,1692255619540,1692255619543,1693227883774,6,3,3
50342,1693227883774,1692255619547,1692255619550,1693227883781,7,3,4
50343,1693227883781,1692255619554,1692255619558,1693227883789,8,4,4
50344,1693227883789,1692255619562,1692255619565,1693227883797,8,3,5
50345,1693227883797,1692255619570,1692255619573,1693227883804,7,3,4
50346,1693227883804,1692255619577,1692255619580,1693227883812,8,3,5
50347,1693227883812,1692255619586,1692255619589,1693227883821,9,3,6
50348,1693227883821,1692255619594,1692255619597,1693227883829,8,3,5
50349,1693227883829,1692255619602,1692255619606,1693227883837,8,4,4
50350,1693227883837,1692255619610,1692255619614,1693227883845,8,4,4
50351,1693227883845,1692255619618,1692255619621,1693227883853,8,3,5
50352,1693227883853,1692255619626,1692255619630,1693227883861,8,4,4
50353,1693227883861,1692255619635,1692255619637,1693227883869,8,2,6
50354,1693227883869,1692255619642,1692255619647,1693227883882,13,5,8
50355,1693227883882,1692255619654,1692255619658,1693227883889,7,4,3
50356,1693227883889,1692255619662,1692255619665,1693227883897,8,3,5
50357,1693227883897,1692255619671,1692255619674,1693227883906,9,3,6
50358,1693227883906,1692255619679,1692255619682,1693227883914,8,3,5
50359,1693227883914,1692255619688,1692255619691,1693227883923,9,3,6
50360,1693227883923,1692255619696,1692255619699,1693227883931,8,3,5
50361,1693227883931,1692255619703,1692255619706,1693227883938,7,3,4
50362,1693227883938,1692255619711,1692255619714,1693227883965,27,3,24
50363,1693227883965,1692255619738,1692255619743,1693227883975,10,5,5
50364,1693227883975,1692255619747,1692255619750,1693227883982,7,3,4
50365,1693227883982,1692255619755,1692255619758,1693227883990,8,3,5
50366,1693227883990,1692255619763,1692255619766,1693227883998,8,3,5
50367,1693227883998,1692255619771,1692255619774,1693227884006,8,3,5
50368,1693227884006,1692255619779,1692255619781,1693227884013,7,2,5
50369,1693227884013,1692255619786,1692255619789,1693227884021,8,3,5
50370,1693227884021,1692255619796,1692255619800,1693227884032,11,4,7
50371,1693227884032,1692255619805,1692255619808,1693227884040,8,3,5
50372,1693227884040,1692255619812,1692255619816,1693227884047,7,4,3
50373,1693227884047,1692255619820,1692255619823,1693227884055,8,3,5
50374,1693227884055,1692255619827,1692255619830,1693227884062,7,3,4
50375,1693227884062,1692255619835,1692255619839,1693227884071,9,4,5
50376,1693227884071,1692255619843,1692255619847,1693227884078,7,4,3
50377,1693227884079,1692255619851,1692255619855,1693227884086,7,4,3
50378,1693227884087,1692255619859,1692255619863,1693227884094,7,4,3
50379,1693227884095,1692255619867,1692255619870,1693227884102,7,3,4
50380,1693227884102,1692255619876,1692255619879,1693227884333,231,3,228
50381,1693227884333,1692255620106,1692255620110,1693227884342,9,4,5
50382,1693227884342,1692255620115,1692255620119,1693227884350,8,4,4
50383,1693227884350,1692255620123,1692255620127,1693227884358,8,4,4
50384,1693227884358,1692255620131,1692255620135,1693227884366,8,4,4
50385,1693227884366,1692255620139,1692255620142,1693227884374,8,3,5
50386,1693227884374,1692255620146,1692255620150,1693227884381,7,4,3
50387,1693227884381,1692255620154,1692255620157,1693227884391,10,3,7
50388,1693227884391,1692255620187,1692255620190,1693227884422,31,3,28
50389,1693227884422,1692255620195,1692255620197,1693227884429,7,2,5
50390,1693227884429,1692255620202,1692255620204,1693227884437,8,2,6
50391,1693227884437,1692255620210,1692255620213,1693227884445,8,3,5
50392,1693227884445,1692255620218,1692255620222,1693227884454,9,4,5
50393,1693227884454,1692255620227,1692255620231,1693227884464,10,4,6
50394,1693227884464,1692255620236,1692255620242,1693227884474,10,6,4
50395,1693227884474,1692255620247,1692255620250,1693227884481,7,3,4
50396,1693227884481,1692255620254,1692255620257,1693227884488,7,3,4
50397,1693227884488,1692255620261,1692255620265,1693227884496,8,4,4
50398,1693227884496,1692255620277,1692255620282,1693227884514,18,5,13
50399,1693227884514,1692255620287,1692255620291,1693227884522,8,4,4
50400,1693227884522,1692255620298,1692255620301,1693227884533,11,3,8
50401,1693227884533,1692255620308,1692255620311,1693227884543,10,3,7
50402,1693227884543,1692255620316,1692255620319,1693227884551,8,3,5
50403,1693227884551,1692255620323,1692255620326,1693227884558,7,3,4
50404,1693227884558,1692255620330,1692255620334,1693227884565,7,4,3
50405,1693227884565,1692255620337,1692255620341,1693227884572,7,4,3
50406,1693227884572,1692255620345,1692255620348,1693227884580,8,3,5
50407,1693227884580,1692255620355,1692255620358,1693227884590,10,3,7
50408,1693227884590,1692255620363,1692255620366,1693227884597,7,3,4
50409,1693227884597,1692255620370,1692255620373,1693227884604,7,3,4
50410,1693227884605,1692255620378,1692255620381,1693227884613,8,3,5
50411,1693227884613,1692255620494,1692255620497,1693227884749,136,3,133
50412,1693227884749,1692255620522,1692255620525,1693227884757,8,3,5
50413,1693227884757,1692255620531,1692255620535,1693227884767,10,4,6
50414,1693227884767,1692255620540,1692255620544,1693227884776,9,4,5
50415,1693227884776,1692255620548,1692255620552,1693227884783,7,4,3
50416,1693227884783,1692255620556,1692255620559,1693227884792,9,3,6
50417,1693227884792,1692255620565,1692255620568,1693227884800,8,3,5
50418,1693227884800,1692255620573,1692255620575,1693227884807,7,2,5
50419,1693227884807,1692255620580,1692255620583,1693227884815,8,3,5
50420,1693227884815,1692255620588,1692255620591,1693227884822,7,3,4
50421,1693227884822,1692255620599,1692255620602,1693227884834,12,3,9
50422,1693227884834,1692255620607,1692255620611,1693227884845,11,4,7
50423,1693227884845,1692255620619,1692255620622,1693227884854,9,3,6
50424,1693227884854,1692255620626,1692255620630,1693227884861,7,4,3
50425,1693227884861,1692255620634,1692255620637,1693227884869,8,3,5
50426,1693227884869,1692255620644,1692255620647,1693227884879,10,3,7
50427,1693227884879,1692255620652,1692255620655,1693227884888,9,3,6
50428,1693227884888,1692255620660,1692255620664,1693227884896,8,4,4
50429,1693227884896,1692255620669,1692255620672,1693227884904,8,3,5
50430,1693227884904,1692255620677,1692255620680,1693227884912,8,3,5
50431,1693227884912,1692255620685,1692255620688,1693227884919,7,3,4
50432,1693227884919,1692255620692,1692255620695,1693227884927,8,3,5
50433,1693227884927,1692255620699,1692255620702,1693227884934,7,3,4
50434,1693227884934,1692255620706,1692255620709,1693227884941,7,3,4
50435,1693227884941,1692255620713,1692255620717,1693227884949,8,4,4
50436,1693227884949,1692255620722,1692255620725,1693227884956,7,3,4
50437,1693227884956,1692255620729,1692255620733,1693227884964,8,4,4
50438,1693227884964,1692255620737,1692255620740,1693227884972,8,3,5
50439,1693227884972,1692255620745,1692255620748,1693227884979,7,3,4
50440,1693227884979,1692255620752,1692255620755,1693227884986,7,3,4
50441,1693227884986,1692255620758,1692255620761,1693227884992,6,3,3
50442,1693227884992,1692255620765,1692255620768,1693227884999,7,3,4
50443,1693227884999,1692255620772,1692255620775,1693227885006,7,3,4
50444,1693227885006,1692255620779,1692255620781,1693227885013,7,2,5
50445,1693227885013,1692255620785,1692255620789,1693227885020,7,4,3
50446,1693227885020,1692255620794,1692255620797,1693227885028,8,3,5
50447,1693227885028,1692255620801,1692255620805,1693227885036,8,4,4
50448,1693227885036,1692255620809,1692255620813,1693227885045,9,4,5
50449,1693227885045,1692255620820,1692255620823,1693227885055,10,3,7
50450,1693227885055,1692255620828,1692255620831,1693227885085,30,3,27
50451,1693227885085,1692255620859,1692255620862,1693227885094,9,3,6
50452,1693227885094,1692255620866,1692255620869,1693227885101,7,3,4
50453,1693227885101,1692255620873,1692255620877,1693227885110,9,4,5
50454,1693227885110,1692255620882,1692255620885,1693227885117,7,3,4
50455,1693227885117,1692255620891,1692255620894,1693227885126,9,3,6
50456,1693227885126,1692255620900,1692255620903,1693227885135,9,3,6
50457,1693227885135,1692255620907,1692255620911,1693227885143,8,4,4
50458,1693227885143,1692255620916,1692255620919,1693227885152,9,3,6
50459,1693227885152,1692255620925,1692255620928,1693227885380,228,3,225
50460,1693227885380,1692255621154,1692255621158,1693227885390,10,4,6
50461,1693227885390,1692255621163,1692255621168,1693227885400,10,5,5
50462,1693227885400,1692255621173,1692255621175,1693227885407,7,2,5
50463,1693227885407,1692255621180,1692255621183,1693227885414,7,3,4
50464,1693227885415,1692255621187,1692255621191,1693227885422,7,4,3
50465,1693227885422,1692255621194,1692255621197,1693227885429,7,3,4
50466,1693227885429,1692255621203,1692255621206,1693227885438,9,3,6
50467,1693227885438,1692255621211,1692255621215,1693227885446,8,4,4
50468,1693227885446,1692255621219,1692255621222,1693227885453,7,3,4
50469,1693227885453,1692255621226,1692255621230,1693227885461,8,4,4
50470,1693227885461,1692255621234,1692255621237,1693227885469,8,3,5
50471,1693227885469,1692255621243,1692255621249,1693227885481,12,6,6
50472,1693227885481,1692255621254,1692255621257,1693227885489,8,3,5
50473,1693227885489,1692255621262,1692255621265,1693227885497,8,3,5
50474,1693227885497,1692255621270,1692255621273,1693227885505,8,3,5
50475,1693227885505,1692255621277,1692255621281,1693227885512,7,4,3
50476,1693227885512,1692255621309,1692255621312,1693227885544,32,3,29
50477,1693227885544,1692255621316,1692255621320,1693227885553,9,4,5
50478,1693227885553,1692255621326,1692255621329,1693227885561,8,3,5
50479,1693227885561,1692255621334,1692255621337,1693227885569,8,3,5
50480,1693227885569,1692255621342,1692255621346,1693227885578,9,4,5
50481,1693227885578,1692255621350,1692255621353,1693227885585,7,3,4
50482,1693227885585,1692255621358,1692255621361,1693227885593,8,3,5
50483,1693227885593,1692255621366,1692255621369,1693227885601,8,3,5
50484,1693227885601,1692255621374,1692255621377,1693227885609,8,3,5
50485,1693227885609,1692255621382,1692255621385,1693227885617,8,3,5
50486,1693227885617,1692255621390,1692255621393,1693227885624,7,3,4
50487,1693227885624,1692255621397,1692255621400,1693227885631,7,3,4
50488,1693227885631,1692255621405,1692255621408,1693227885639,8,3,5
50489,1693227885639,1692255621413,1692255621416,1693227885647,8,3,5
50490,1693227885648,1692255621420,1692255621426,1693227885658,10,6,4
50491,1693227885658,1692255621431,1692255621433,1693227885665,7,2,5
50492,1693227885665,1692255621437,1692255621441,1693227885672,7,4,3
50493,1693227885672,1692255621446,1692255621449,1693227885681,9,3,6
50494,1693227885681,1692255621544,1692255621547,1693227885779,98,3,95
50495,1693227885779,1692255621559,1692255621564,1693227885795,16,5,11
50496,1693227885795,1692255621571,1692255621574,1693227885806,11,3,8
50497,1693227885806,1692255621581,1692255621585,1693227885816,10,4,6
50498,1693227885816,1692255621588,1692255621591,1693227885823,7,3,4
50499,1693227885823,1692255621595,1692255621598,1693227885831,8,3,5
50500,1693227885831,1692255621603,1692255621606,1693227885838,7,3,4
50501,1693227885838,1692255621611,1692255621614,1693227885846,8,3,5
50502,1693227885846,1692255621619,1692255621622,1693227885872,26,3,23
50503,1693227885872,1692255621645,1692255621648,1693227885880,8,3,5
50504,1693227885880,1692255621652,1692255621656,1693227885887,7,4,3
50505,1693227885888,1692255621665,1692255621668,1693227885900,12,3,9
50506,1693227885900,1692255621673,1692255621676,1693227885908,8,3,5
50507,1693227885908,1692255621681,1692255621685,1693227885917,9,4,5
50508,1693227885917,1692255621690,1692255621693,1693227885925,8,3,5
50509,1693227885925,1692255621698,1692255621702,1693227885934,9,4,5
50510,1693227885934,1692255621706,1692255621709,1693227885941,7,3,4
50511,1693227885941,1692255621714,1692255621717,1693227885949,8,3,5
50512,1693227885949,1692255621722,1692255621725,1693227885957,8,3,5
50513,1693227885957,1692255621730,1692255621733,1693227885986,29,3,26
50514,1693227885986,1692255621758,1692255621762,1693227885994,8,4,4
50515,1693227885994,1692255621766,1692255621769,1693227886001,7,3,4
50516,1693227886001,1692255621774,1692255621777,1693227886008,7,3,4
50517,1693227886008,1692255621781,1692255621785,1693227886017,9,4,5
50518,1693227886017,1692255621789,1692255621792,1693227886024,7,3,4
50519,1693227886024,1692255621798,1692255621801,1693227886033,9,3,6
50520,1693227886033,1692255621805,1692255621809,1693227886041,8,4,4
50521,1693227886041,1692255621814,1692255621818,1693227886049,8,4,4
50522,1693227886049,1692255621822,1692255621826,1693227886058,9,4,5
50523,1693227886058,1692255621831,1692255621834,1693227886066,8,3,5
50524,1693227886066,1692255621838,1692255621841,1693227886073,7,3,4
50525,1693227886074,1692255621846,1692255621849,1693227886081,7,3,4
50526,1693227886081,1692255621853,1692255621856,1693227886088,7,3,4
50527,1693227886088,1692255621861,1692255621864,1693227886096,8,3,5
50528,1693227886096,1692255621870,1692255621874,1693227886106,10,4,6
50529,1693227886106,1692255621878,1692255621881,1693227886113,7,3,4
50530,1693227886113,1692255621891,1692255621895,1693227886126,13,4,9
50531,1693227886126,1692255621899,1692255621902,1693227886134,8,3,5
50532,1693227886134,1692255621907,1692255621909,1693227886141,7,2,5
50533,1693227886141,1692255621914,1692255621917,1693227886149,8,3,5
50534,1693227886149,1692255621924,1692255621928,1693227886159,10,4,6
50535,1693227886159,1692255621932,1692255621936,1693227886168,9,4,5
50536,1693227886168,1692255621940,1692255621944,1693227886176,8,4,4
50537,1693227886176,1692255621949,1692255621953,1693227886185,9,4,5
50538,1693227886185,1692255621958,1692255621961,1693227886193,8,3,5
50539,1693227886193,1692255621966,1692255621968,1693227886200,7,2,5
50540,1693227886200,1692255621973,1692255621976,1693227886430,230,3,227
50541,1693227886430,1692255622203,1692255622207,1693227886438,8,4,4
50542,1693227886439,1692255622212,1692255622215,1693227886447,8,3,5
50543,1693227886447,1692255622220,1692255622223,1693227886455,8,3,5
50544,1693227886455,1692255622227,1692255622232,1693227886464,9,5,4
50545,1693227886464,1692255622237,1692255622240,1693227886471,7,3,4
50546,1693227886471,1692255622245,1692255622248,1693227886480,9,3,6
50547,1693227886480,1692255622254,1692255622257,1693227886488,8,3,5
50548,1693227886488,1692255622261,1692255622264,1693227886496,8,3,5
50549,1693227886496,1692255622269,1692255622272,1693227886503,7,3,4
50550,1693227886503,1692255622276,1692255622280,1693227886511,8,4,4
50551,1693227886511,1692255622283,1692255622286,1693227886518,7,3,4
50552,1693227886518,1692255622290,1692255622294,1693227886526,8,4,4
50553,1693227886526,1692255622299,1692255622302,1693227886534,8,3,5
50554,1693227886534,1692255622306,1692255622309,1693227886541,7,3,4
50555,1693227886541,1692255622314,1692255622318,1693227886549,8,4,4
50556,1693227886549,1692255622323,1692255622326,1693227886558,9,3,6
50557,1693227886558,1692255622331,1692255622334,1693227886565,7,3,4
50558,1693227886565,1692255622338,1692255622341,1693227886573,8,3,5
50559,1693227886573,1692255622346,1692255622349,1693227886581,8,3,5
50560,1693227886581,1692255622356,1692255622360,1693227886591,10,4,6
50561,1693227886591,1692255622363,1692255622367,1693227886598,7,4,3
50562,1693227886598,1692255622370,1692255622374,1693227886605,7,4,3
50563,1693227886605,1692255622378,1692255622381,1693227886614,9,3,6
50564,1693227886614,1692255622388,1692255622391,1693227886623,9,3,6
50565,1693227886623,1692255622396,1692255622399,1693227886631,8,3,5
50566,1693227886631,1692255622403,1692255622407,1693227886657,26,4,22
50567,1693227886657,1692255622431,1692255622434,1693227886666,9,3,6
50568,1693227886666,1692255622439,1692255622442,1693227886673,7,3,4
50569,1693227886673,1692255622446,1692255622449,1693227886682,9,3,6
50570,1693227886682,1692255622454,1692255622458,1693227886689,7,4,3
50571,1693227886689,1692255622462,1692255622465,1693227886697,8,3,5
50572,1693227886697,1692255622470,1692255622472,1693227886704,7,2,5
50573,1693227886704,1692255622477,1692255622480,1693227886711,7,3,4
50574,1693227886711,1692255622484,1692255622487,1693227886724,13,3,10
50575,1693227886724,1692255622497,1692255622500,1693227886821,97,3,94
50576,1693227886821,1692255622594,1692255622597,1693227886829,8,3,5
50577,1693227886829,1692255622602,1692255622605,1693227886837,8,3,5
50578,1693227886837,1692255622610,1692255622613,1693227886845,8,3,5
50579,1693227886845,1692255622618,1692255622621,1693227886852,7,3,4
50580,1693227886852,1692255622625,1692255622629,1693227886860,8,4,4
50581,1693227886860,1692255622637,1692255622642,1693227886874,14,5,9
50582,1693227886874,1692255622646,1692255622650,1693227886881,7,4,3
50583,1693227886881,1692255622654,1692255622657,1693227886889,8,3,5
50584,1693227886889,1692255622663,1692255622666,1693227886901,12,3,9
50585,1693227886901,1692255622673,1692255622677,1693227886908,7,4,3
50586,1693227886908,1692255622681,1692255622684,1693227886916,8,3,5
50587,1693227886916,1692255622689,1692255622693,1693227886925,9,4,5
50588,1693227886925,1692255622697,1692255622700,1693227886932,7,3,4
50589,1693227886932,1692255622705,1692255622710,1693227886942,10,5,5
50590,1693227886942,1692255622716,1692255622719,1693227886951,9,3,6
50591,1693227886951,1692255622724,1692255622727,1693227886958,7,3,4
50592,1693227886959,1692255622731,1692255622735,1693227886966,7,4,3
50593,1693227886966,1692255622739,1692255622742,1693227886974,8,3,5
50594,1693227886974,1692255622746,1692255622750,1693227886981,7,4,3
50595,1693227886981,1692255622754,1692255622757,1693227886988,7,3,4
50596,1693227886988,1692255622760,1692255622763,1693227886995,7,3,4
50597,1693227886995,1692255622768,1692255622772,1693227887004,9,4,5
50598,1693227887004,1692255622777,1692255622780,1693227887012,8,3,5
50599,1693227887012,1692255622785,1692255622788,1693227887020,8,3,5
50600,1693227887020,1692255622793,1692255622796,1693227887027,7,3,4
50601,1693227887027,1692255622799,1692255622802,1693227887033,6,3,3
50602,1693227887033,1692255622806,1692255622809,1693227887041,8,3,5
50603,1693227887041,1692255622814,1692255622817,1693227887049,8,3,5
50604,1693227887049,1692255622822,1692255622825,1693227887056,7,3,4
50605,1693227887056,1692255622829,1692255622833,1693227887064,8,4,4
50606,1693227887064,1692255622841,1692255622844,1693227887076,12,3,9
50607,1693227887076,1692255622849,1692255622852,1693227887084,8,3,5
50608,1693227887084,1692255622893,1692255622896,1693227887128,44,3,41
50609,1693227887128,1692255622901,1692255622904,1693227887136,8,3,5
50610,1693227887136,1692255622908,1692255622911,1693227887143,7,3,4
50611,1693227887143,1692255622916,1692255622919,1693227887150,7,3,4
50612,1693227887150,1692255622923,1692255622926,1693227887158,8,3,5
50613,1693227887158,1692255622931,1692255622934,1693227887166,8,3,5
50614,1693227887166,1692255622938,1692255622942,1693227887173,7,4,3
50615,1693227887173,1692255622947,1692255622951,1693227887182,9,4,5
50616,1693227887182,1692255622955,1692255622957,1693227887189,7,2,5
50617,1693227887189,1692255622962,1692255622967,1693227887200,11,5,6
50618,1693227887200,1692255622973,1692255622977,1693227887208,8,4,4
50619,1693227887208,1692255622981,1692255622984,1693227887216,8,3,5
50620,1693227887216,1692255622989,1692255622992,1693227887223,7,3,4
50621,1693227887223,1692255622996,1692255622999,1693227887230,7,3,4
50622,1693227887230,1692255623003,1692255623007,1693227887239,9,4,5
50623,1693227887239,1692255623012,1692255623015,1693227887247,8,3,5
50624,1693227887247,1692255623019,1692255623022,1693227887253,6,3,3
50625,1693227887253,1692255623026,1692255623030,1693227887477,224,4,220
50626,1693227887477,1692255623250,1692255623254,1693227887486,9,4,5
50627,1693227887486,1692255623259,1692255623263,1693227887495,9,4,5
50628,1693227887495,1692255623269,1692255623272,1693227887504,9,3,6
50629,1693227887504,1692255623281,1692255623284,1693227887516,12,3,9
50630,1693227887516,1692255623289,1692255623293,1693227887525,9,4,5
50631,1693227887525,1692255623298,1692255623302,1693227887536,11,4,7
50632,1693227887536,1692255623329,1692255623332,1693227887563,27,3,24
50633,1693227887563,1692255623336,1692255623340,1693227887571,8,4,4
50634,1693227887571,1692255623344,1692255623347,1693227887579,8,3,5
50635,1693227887579,1692255623351,1692255623355,1693227887586,7,4,3
50636,1693227887586,1692255623360,1692255623363,1693227887595,9,3,6
50637,1693227887595,1692255623368,1692255623371,1693227887603,8,3,5
50638,1693227887603,1692255623375,1692255623379,1693227887611,8,4,4
50639,1693227887611,1692255623387,1692255623390,1693227887622,11,3,8
50640,1693227887622,1692255623395,1692255623399,1693227887631,9,4,5
50641,1693227887631,1692255623403,1692255623406,1693227887638,7,3,4
50642,1693227887638,1692255623411,1692255623415,1693227887646,8,4,4
50643,1693227887646,1692255623419,1692255623423,1693227887654,8,4,4
50644,1693227887654,1692255623427,1692255623430,1693227887662,8,3,5
50645,1693227887662,1692255623435,1692255623437,1693227887669,7,2,5
50646,1693227887669,1692255623442,1692255623445,1693227887677,8,3,5
50647,1693227887677,1692255623450,1692255623453,1693227887685,8,3,5
50648,1693227887685,1692255623457,1692255623460,1693227887692,7,3,4
50649,1693227887692,1692255623465,1692255623468,1693227887699,7,3,4
50650,1693227887699,1692255623472,1692255623475,1693227887706,7,3,4
50651,1693227887706,1692255623479,1692255623482,1693227887713,7,3,4
50652,1693227887713,1692255623486,1692255623489,1693227887720,7,3,4
50653,1693227887720,1692255623493,1692255623496,1693227887727,7,3,4
50654,1693227887728,1692255623501,1692255623506,1693227887737,9,5,4
50655,1693227887737,1692255623510,1692255623513,1693227887744,7,3,4
50656,1693227887744,1692255623519,1692255623522,1693227887753,9,3,6
50657,1693227887753,1692255623527,1692255623531,1693227887762,9,4,5
50658,1693227887762,1692255623534,1692255623537,1693227887772,10,3,7
50659,1693227887772,1692255623545,1692255623549,1693227887867,95,4,91
50660,1693227887867,1692255623640,1692255623644,1693227887893,26,4,22
50661,1693227887893,1692255623666,1692255623670,1693227887906,13,4,9
50662,1693227887906,1692255623679,1692255623682,1693227887916,10,3,7
50663,1693227887916,1692255623689,1692255623693,1693227887925,9,4,5
50664,1693227887925,1692255623697,1692255623700,1693227887932,7,3,4
50665,1693227887932,1692255623704,1692255623708,1693227887940,8,4,4
50666,1693227887940,1692255623713,1692255623718,1693227887949,9,5,4
50667,1693227887949,1692255623721,1692255623724,1693227887956,7,3,4
50668,1693227887956,1692255623728,1692255623731,1693227887962,6,3,3
50669,1693227887962,1692255623738,1692255623741,1693227887975,13,3,10
50670,1693227887975,1692255623748,1692255623751,1693227887983,8,3,5
50671,1693227887983,1692255623756,1692255623759,1693227887992,9,3,6
50672,1693227887992,1692255623765,1692255623768,1693227888000,8,3,5
50673,1693227888000,1692255623773,1692255623775,1693227888007,7,2,5
50674,1693227888007,1692255623780,1692255623784,1693227888015,8,4,4
50675,1693227888015,1692255623790,1692255623793,1693227888025,10,3,7
50676,1693227888025,1692255623798,1692255623801,1693227888033,8,3,5
50677,1693227888033,1692255623805,1692255623811,1693227888042,9,6,3
50678,1693227888042,1692255623815,1692255623817,1693227888049,7,2,5
50679,1693227888049,1692255623822,1692255623825,1693227888057,8,3,5
50680,1693227888057,1692255623830,1692255623833,1693227888065,8,3,5
50681,1693227888065,1692255623838,1692255623841,1693227888073,8,3,5
50682,1693227888073,1692255623845,1692255623848,1693227888079,6,3,3
50683,1693227888079,1692255623852,1692255623855,1693227888086,7,3,4
50684,1693227888086,1692255623859,1692255623862,1693227888093,7,3,4
50685,1693227888094,1692255623866,1692255623869,1693227888101,7,3,4
50686,1693227888101,1692255623874,1692255623878,1693227888110,9,4,5
50687,1693227888110,1692255623883,1692255623886,1693227888118,8,3,5
50688,1693227888118,1692255623892,1692255623896,1693227888127,9,4,5
50689,1693227888127,1692255623900,1692255623906,1693227888138,11,6,5
50690,1693227888138,1692255623911,1692255623916,1693227888148,10,5,5
50691,1693227888148,1692255623921,1692255623924,1693227888156,8,3,5
50692,1693227888156,1692255623928,1692255623932,1693227888163,7,4,3
50693,1693227888163,1692255623936,1692255623939,1693227888171,8,3,5
50694,1693227888171,1692255623944,1692255623947,1693227888179,8,3,5
50695,1693227888179,1692255623951,1692255623955,1693227888187,8,4,4
50696,1693227888187,1692255623959,1692255623962,1693227888193,6,3,3
50697,1693227888193,1692255623966,1692255623969,1693227888201,8,3,5
50698,1693227888201,1692255623975,1692255623978,1693227888230,29,3,26
50699,1693227888230,1692255624003,1692255624007,1693227888238,8,4,4
50700,1693227888238,1692255624011,1692255624013,1693227888245,7,2,5
50701,1693227888245,1692255624017,1692255624020,1693227888252,7,3,4
50702,1693227888252,1692255624025,1692255624028,1693227888260,8,3,5
50703,1693227888260,1692255624033,1692255624036,1693227888269,9,3,6
50704,1693227888269,1692255624041,1692255624045,1693227888277,8,4,4
50705,1693227888277,1692255624049,1692255624052,1693227888283,6,3,3
50706,1693227888283,1692255624056,1692255624059,1693227888291,8,3,5
50707,1693227888291,1692255624064,1692255624068,1693227888300,9,4,5
50708,1693227888300,1692255624073,1692255624077,1693227888525,225,4,221
50709,1693227888525,1692255624302,1692255624305,1693227888537,12,3,9
50710,1693227888537,1692255624310,1692255624313,1693227888544,7,3,4
50711,1693227888544,1692255624317,1692255624319,1693227888551,7,2,5
50712,1693227888551,1692255624324,1692255624328,1693227888560,9,4,5
50713,1693227888560,1692255624333,1692255624337,1693227888569,9,4,5
50714,1693227888569,1692255624341,1692255624344,1693227888576,7,3,4
50715,1693227888576,1692255624348,1692255624352,1693227888583,7,4,3
50716,1693227888583,1692255624356,1692255624360,1693227888591,8,4,4
50717,1693227888591,1692255624364,1692255624367,1693227888599,8,3,5
50718,1693227888599,1692255624371,1692255624374,1693227888606,7,3,4
50719,1693227888606,1692255624378,1692255624381,1693227888613,7,3,4
50720,1693227888613,1692255624386,1692255624389,1693227888621,8,3,5
50721,1693227888621,1692255624394,1692255624398,1693227888629,8,4,4
50722,1693227888629,1692255624404,1692255624407,1693227888639,10,3,7
50723,1693227888639,1692255624411,1692255624414,1693227888646,7,3,4
50724,1693227888646,1692255624418,1692255624421,1693227888653,7,3,4
50725,1693227888653,1692255624425,1692255624430,1693227888682,29,5,24
50726,1693227888682,1692255624456,1692255624460,1693227888691,9,4,5
50727,1693227888691,1692255624464,1692255624468,1693227888700,9,4,5
50728,1693227888700,1692255624472,1692255624475,1693227888706,6,3,3
50729,1693227888706,1692255624479,1692255624482,1693227888714,8,3,5
50730,1693227888714,1692255624487,1692255624490,1693227888721,7,3,4
50731,1693227888721,1692255624494,1692255624497,1693227888728,7,3,4
50732,1693227888728,1692255624501,1692255624504,1693227888735,7,3,4
50733,1693227888735,1692255624508,1692255624511,1693227888743,8,3,5
50734,1693227888743,1692255624515,1692255624518,1693227888749,6,3,3
50735,1693227888749,1692255624521,1692255624524,1693227888755,6,3,3
50736,1693227888755,1692255624528,1692255624531,1693227888762,7,3,4
50737,1693227888762,1692255624535,1692255624538,1693227888769,7,3,4
50738,1693227888769,1692255624542,1692255624544,1693227888860,91,2,89
50739,1693227888860,1692255624694,1692255624697,1693227888929,69,3,66
50740,1693227888929,1692255624702,1692255624705,1693227888937,8,3,5
50741,1693227888937,1692255624711,1692255624715,1693227888946,9,4,5
50742,1693227888946,1692255624719,1692255624722,1693227888954,8,3,5
50743,1693227888954,1692255624727,1692255624730,1693227888962,8,3,5
50744,1693227888962,1692255624735,1692255624737,1693227888969,7,2,5
50745,1693227888969,1692255624741,1692255624745,1693227888977,8,4,4
50746,1693227888977,1692255624750,1692255624753,1693227888985,8,3,5
50747,1693227888985,1692255624758,1692255624761,1693227888993,8,3,5
50748,1693227888993,1692255624790,1692255624794,1693227889025,32,4,28
50749,1693227889025,1692255624798,1692255624801,1693227889032,7,3,4
50750,1693227889032,1692255624806,1692255624809,1693227889043,11,3,8
50751,1693227889043,1692255624816,1692255624819,1693227889051,8,3,5
50752,1693227889051,1692255624823,1692255624826,1693227889058,7,3,4
50753,1693227889058,1692255624831,1692255624834,1693227889066,8,3,5
50754,1693227889066,1692255624839,1692255624842,1693227889073,7,3,4
50755,1693227889073,1692255624846,1692255624848,1693227889080,7,2,5
50756,1693227889080,1692255624853,1692255624857,1693227889089,9,4,5
50757,1693227889089,1692255624861,1692255624864,1693227889096,7,3,4
50758,1693227889096,1692255624869,1692255624872,1693227889103,7,3,4
50759,1693227889103,1692255624876,1692255624879,1693227889113,10,3,7
50760,1693227889113,1692255624906,1692255624910,1693227889142,29,4,25
50761,1693227889142,1692255624916,1692255624919,1693227889151,9,3,6
50762,1693227889151,1692255624923,1692255624928,1693227889159,8,5,3
50763,1693227889159,1692255624932,1692255624935,1693227889166,7,3,4
50764,1693227889166,1692255624939,1692255624943,1693227889174,8,4,4
50765,1693227889174,1692255624947,1692255624950,1693227889182,8,3,5
50766,1693227889182,1692255624955,1692255624957,1693227889189,7,2,5
50767,1693227889189,1692255624961,1692255624964,1693227889196,7,3,4
50768,1693227889196,1692255624969,1692255624972,1693227889204,8,3,5
50769,1693227889204,1692255624976,1692255624980,1693227889212,8,4,4
50770,1693227889212,1692255624985,1692255624989,1693227889220,8,4,4
50771,1693227889220,1692255624993,1692255624997,1693227889228,8,4,4
50772,1693227889228,1692255625001,1692255625004,1693227889235,7,3,4
50773,1693227889235,1692255625009,1692255625013,1693227889245,10,4,6
50774,1693227889245,1692255625019,1692255625022,1693227889254,9,3,6
50775,1693227889254,1692255625027,1692255625031,1693227889262,8,4,4
50776,1693227889262,1692255625035,1692255625038,1693227889269,7,3,4
50777,1693227889269,1692255625042,1692255625045,1693227889277,8,3,5
50778,1693227889277,1692255625049,1692255625052,1693227889284,7,3,4
50779,1693227889284,1692255625057,1692255625059,1693227889291,7,2,5
50780,1693227889291,1692255625064,1692255625067,1693227889299,8,3,5
50781,1693227889299,1692255625072,1692255625075,1693227889306,7,3,4
50782,1693227889306,1692255625079,1692255625083,1693227889314,8,4,4
50783,1693227889314,1692255625089,1692255625094,1693227889326,12,5,7
50784,1693227889326,1692255625099,1692255625103,1693227889334,8,4,4
50785,1693227889334,1692255625107,1692255625111,1693227889342,8,4,4
50786,1693227889342,1692255625115,1692255625119,1693227889350,8,4,4
50787,1693227889350,1692255625123,1692255625126,1693227889581,231,3,228
50788,1693227889581,1692255625456,1692255625460,1693227889692,111,4,107
50789,1693227889692,1692255625464,1692255625467,1693227889699,7,3,4
50790,1693227889699,1692255625472,1692255625474,1693227889706,7,2,5
50791,1693227889706,1692255625479,1692255625482,1693227889714,8,3,5
50792,1693227889714,1692255625487,1692255625490,1693227889721,7,3,4
50793,1693227889721,1692255625494,1692255625497,1693227889728,7,3,4
50794,1693227889728,1692255625501,1692255625505,1693227889736,8,4,4
50795,1693227889736,1692255625509,1692255625512,1693227889743,7,3,4
50796,1693227889743,1692255625516,1692255625519,1693227889751,8,3,5
50797,1693227889751,1692255625524,1692255625527,1693227889807,56,3,53
50798,1693227889807,1692255625580,1692255625585,1693227889818,11,5,6
50799,1693227889818,1692255625591,1692255625594,1693227889826,8,3,5
50800,1693227889826,1692255625600,1692255625603,1693227889835,9,3,6
50801,1693227889835,1692255625608,1692255625611,1693227889843,8,3,5
50802,1693227889843,1692255625616,1692255625620,1693227889852,9,4,5
50803,1693227889852,1692255625624,1692255625628,1693227889859,7,4,3
50804,1693227889859,1692255625636,1692255625639,1693227889871,12,3,9
50805,1693227889871,1692255625644,1692255625647,1693227889967,96,3,93
50806,1693227889967,1692255625741,1692255625745,1693227889977,10,4,6
50807,1693227889977,1692255625750,1692255625753,1693227889985,8,3,5
50808,1693227889985,1692255625758,1692255625761,1693227889993,8,3,5
50809,1693227889993,1692255625767,1692255625770,1693227890002,9,3,6
50810,1693227890002,1692255625775,1692255625778,1693227890009,7,3,4
50811,1693227890009,1692255625782,1692255625785,1693227890016,7,3,4
50812,1693227890016,1692255625789,1692255625793,1693227890025,9,4,5
50813,1693227890025,1692255625797,1692255625800,1693227890031,6,3,3
50814,1693227890031,1692255625805,1692255625808,1693227890040,9,3,6
50815,1693227890040,1692255625812,1692255625816,1693227890051,11,4,7
50816,1693227890051,1692255625823,1692255625827,1693227890058,7,4,3
50817,1693227890058,1692255625831,1692255625834,1693227890067,9,3,6
50818,1693227890067,1692255625841,1692255625844,1693227890076,9,3,6
50819,1693227890076,1692255625849,1692255625852,1693227890083,7,3,4
50820,1693227890084,1692255625856,1692255625861,1693227890092,8,5,3
50821,1693227890092,1692255625865,1692255625867,1693227890099,7,2,5
50822,1693227890099,1692255625871,1692255625875,1693227890106,7,4,3
50823,1693227890106,1692255625879,1692255625881,1693227890113,7,2,5
50824,1693227890113,1692255625886,1692255625890,1693227890121,8,4,4
50825,1693227890121,1692255625894,1692255625897,1693227890129,8,3,5
50826,1693227890129,1692255625901,1692255625904,1693227890136,7,3,4
50827,1693227890136,1692255625908,1692255625911,1693227890143,7,3,4
50828,1693227890143,1692255625915,1692255625918,1693227890150,7,3,4
50829,1693227890150,1692255625922,1692255625925,1693227890157,7,3,4
50830,1693227890157,1692255625930,1692255625933,1693227890165,8,3,5
50831,1693227890165,1692255625940,1692255625944,1693227890175,10,4,6
50832,1693227890175,1692255625947,1692255625951,1693227890183,8,4,4
50833,1693227890183,1692255625955,1692255625958,1693227890189,6,3,3
50834,1693227890189,1692255625962,1692255625967,1693227890198,9,5,4
50835,1693227890198,1692255625971,1692255625974,1693227890205,7,3,4
50836,1693227890205,1692255625978,1692255625981,1693227890213,8,3,5
50837,1693227890213,1692255625985,1692255625988,1693227890221,8,3,5
50838,1693227890221,1692255625994,1692255625997,1693227890229,8,3,5
50839,1693227890229,1692255626002,1692255626005,1693227890254,25,3,22
50840,1693227890254,1692255626026,1692255626030,1693227890262,8,4,4
50841,1693227890262,1692255626035,1692255626037,1693227890271,9,2,7
50842,1693227890271,1692255626044,1692255626047,1693227890279,8,3,5
50843,1693227890279,1692255626052,1692255626055,1693227890287,8,3,5
50844,1693227890287,1692255626060,1692255626063,1693227890295,8,3,5
50845,1693227890295,1692255626068,1692255626071,1693227890302,7,3,4
50846,1693227890302,1692255626075,1692255626078,1693227890310,8,3,5
50847,1693227890310,1692255626082,1692255626085,1693227890317,7,3,4
50848,1693227890317,1692255626089,1692255626093,1693227890324,7,4,3
50849,1693227890324,1692255626097,1692255626100,1693227890332,8,3,5
50850,1693227890332,1692255626104,1692255626107,1693227890338,6,3,3
50851,1693227890338,1692255626111,1692255626114,1693227890346,8,3,5
50852,1693227890346,1692255626118,1692255626122,1693227890354,8,4,4
50853,1693227890354,1692255626126,1692255626130,1693227890361,7,4,3
50854,1693227890361,1692255626134,1692255626137,1693227890369,8,3,5
50855,1693227890369,1692255626144,1692255626148,1693227890379,10,4,6
50856,1693227890379,1692255626152,1692255626155,1693227890386,7,3,4
50857,1693227890386,1692255626160,1692255626163,1693227890395,9,3,6
50858,1693227890395,1692255626167,1692255626171,1693227890622,227,4,223
50859,1693227890622,1692255626396,1692255626400,1693227890632,10,4,6
50860,1693227890632,1692255626405,1692255626408,1693227890640,8,3,5
50861,1693227890640,1692255626413,1692255626416,1693227890648,8,3,5
50862,1693227890648,1692255626421,1692255626424,1693227890656,8,3,5
50863,1693227890656,1692255626430,1692255626434,1693227890665,9,4,5
50864,1693227890665,1692255626438,1692255626441,1693227890673,8,3,5
50865,1693227890673,1692255626445,1692255626448,1693227890710,37,3,34
50866,1693227890710,1692255626483,1692255626486,1693227890718,8,3,5
50867,1693227890718,1692255626491,1692255626494,1693227890725,7,3,4
50868,1693227890725,1692255626499,1692255626502,1693227890734,9,3,6
50869,1693227890734,1692255626507,1692255626510,1693227890741,7,3,4
50870,1693227890741,1692255626514,1692255626518,1693227890749,8,4,4
50871,1693227890749,1692255626522,1692255626526,1693227890758,9,4,5
50872,1693227890758,1692255626534,1692255626537,1693227890769,11,3,8
50873,1693227890769,1692255626542,1692255626545,1693227890776,7,3,4
50874,1693227890776,1692255626549,1692255626552,1693227890784,8,3,5
50875,1693227890784,1692255626557,1692255626560,1693227890792,8,3,5
50876,1693227890792,1692255626564,1692255626567,1693227890799,7,3,4
50877,1693227890799,1692255626572,1692255626575,1693227890807,8,3,5
50878,1693227890807,1692255626580,1692255626584,1693227890816,9,4,5
50879,1693227890816,1692255626589,1692255626592,1693227890824,8,3,5
50880,1693227890824,1692255626597,1692255626599,1693227890831,7,2,5
50881,1693227890831,1692255626603,1692255626606,1693227890838,7,3,4
50882,1693227890838,1692255626610,1692255626612,1693227890844,6,2,4
50883,1693227890844,1692255626617,1692255626620,1693227890852,8,3,5
50884,1693227890852,1692255626624,1692255626628,1693227890859,7,4,3
50885,1693227890859,1692255626632,1692255626635,1693227890867,8,3,5
50886,1693227890867,1692255626639,1692255626642,1693227890873,6,3,3
50887,1693227890873,1692255626646,1692255626650,1693227890882,9,4,5
50888,1693227890882,1692255626657,1692255626660,1693227890891,9,3,6
50889,1693227890892,1692255626664,1692255626667,1693227890899,7,3,4
50890,1693227890899,1692255626672,1692255626675,1693227890930,31,3,28
50891,1693227890930,1692255626703,1692255626706,1693227891013,83,3,80
50892,1693227891013,1692255626786,1692255626791,1693227891039,26,5,21
50893,1693227891039,1692255626812,1692255626815,1693227891047,8,3,5
50894,1693227891047,1692255626820,1692255626823,1693227891055,8,3,5
50895,1693227891055,1692255626830,1692255626833,1693227891065,10,3,7
50896,1693227891065,1692255626838,1692255626841,1693227891073,8,3,5
50897,1693227891073,1692255626846,1692255626849,1693227891081,8,3,5
50898,1693227891081,1692255626854,1692255626857,1693227891091,10,3,7
50899,1693227891091,1692255626863,1692255626866,1693227891098,7,3,4
50900,1693227891098,1692255626872,1692255626875,1693227891107,9,3,6
50901,1693227891107,1692255626880,1692255626882,1693227891114,7,2,5
50902,1693227891114,1692255626887,1692255626890,1693227891121,7,3,4
50903,1693227891121,1692255626894,1692255626897,1693227891128,7,3,4
50904,1693227891128,1692255626901,1692255626904,1693227891135,7,3,4
50905,1693227891136,1692255626908,1692255626912,1693227891144,8,4,4
50906,1693227891144,1692255626917,1692255626921,1693227891152,8,4,4
50907,1693227891152,1692255626925,1692255626929,1693227891161,9,4,5
50908,1693227891161,1692255626933,1692255626938,1693227891169,8,5,3
50909,1693227891169,1692255626942,1692255626945,1693227891177,8,3,5
50910,1693227891177,1692255626950,1692255626953,1693227891185,8,3,5
50911,1693227891185,1692255626957,1692255626960,1693227891193,8,3,5
50912,1693227891193,1692255626966,1692255626970,1693227891202,9,4,5
50913,1693227891202,1692255626976,1692255626979,1693227891211,9,3,6
50914,1693227891211,1692255626983,1692255626987,1693227891218,7,4,3
50915,1693227891218,1692255626992,1692255626996,1693227891228,10,4,6
50916,1693227891228,1692255627001,1692255627004,1693227891236,8,3,5
50917,1693227891236,1692255627009,1692255627012,1693227891244,8,3,5
50918,1693227891244,1692255627017,1692255627021,1693227891252,8,4,4
50919,1693227891252,1692255627024,1692255627030,1693227891261,9,6,3
50920,1693227891261,1692255627034,1692255627037,1693227891270,9,3,6
50921,1693227891270,1692255627043,1692255627046,1693227891278,8,3,5
50922,1693227891278,1692255627050,1692255627054,1693227891285,7,4,3
50923,1693227891285,1692255627058,1692255627062,1693227891296,11,4,7
50924,1693227891296,1692255627068,1692255627071,1693227891303,7,3,4
50925,1693227891303,1692255627076,1692255627078,1693227891310,7,2,5
50926,1693227891310,1692255627083,1692255627085,1693227891317,7,2,5
50927,1693227891317,1692255627091,1692255627094,1693227891326,9,3,6
50928,1693227891326,1692255627099,1692255627103,1693227891335,9,4,5
50929,1693227891335,1692255627107,1692255627110,1693227891342,7,3,4
50930,1693227891342,1692255627116,1692255627119,1693227891351,9,3,6
50931,1693227891351,1692255627152,1692255627155,1693227891387,36,3,33
50932,1693227891387,1692255627160,1692255627164,1693227891395,8,4,4
50933,1693227891395,1692255627169,1692255627173,1693227891404,9,4,5
50934,1693227891405,1692255627177,1692255627181,1693227891413,8,4,4
50935,1693227891413,1692255627186,1692255627189,1693227891420,7,3,4
50936,1693227891420,1692255627193,1692255627195,1693227891427,7,2,5
50937,1693227891427,1692255627199,1692255627202,1693227891434,7,3,4
50938,1693227891434,1692255627206,1692255627210,1693227891442,8,4,4
50939,1693227891442,1692255627214,1692255627218,1693227891450,8,4,4
50940,1693227891450,1692255627444,1692255627447,1693227891679,229,3,226
50941,1693227891679,1692255627451,1692255627455,1693227891687,8,4,4
50942,1693227891687,1692255627459,1692255627462,1693227891713,26,3,23
50943,1693227891713,1692255627486,1692255627489,1693227891720,7,3,4
50944,1693227891720,1692255627495,1692255627501,1693227891734,14,6,8
50945,1693227891734,1692255627506,1692255627509,1693227891741,7,3,4
50946,1693227891741,1692255627515,1692255627518,1693227891750,9,3,6
50947,1693227891750,1692255627522,1692255627525,1693227891757,7,3,4
50948,1693227891757,1692255627530,1692255627533,1693227891764,7,3,4
50949,1693227891764,1692255627537,1692255627540,1693227891772,8,3,5
50950,1693227891772,1692255627545,1692255627549,1693227891780,8,4,4
50951,1693227891780,1692255627553,1692255627556,1693227891787,7,3,4
50952,1693227891787,1692255627560,1692255627564,1693227891795,8,4,4
50953,1693227891795,1692255627568,1692255627573,1693227891825,30,5,25
50954,1693227891825,1692255627598,1692255627602,1693227891833,8,4,4
50955,1693227891833,1692255627606,1692255627609,1693227891840,7,3,4
50956,1693227891840,1692255627613,1692255627617,1693227891849,9,4,5
50957,1693227891849,1692255627622,1692255627625,1693227891857,8,3,5
50958,1693227891857,1692255627630,1692255627633,1693227891865,8,3,5
50959,1693227891865,1692255627637,1692255627641,1693227891872,7,4,3
50960,1693227891872,1692255627646,1692255627648,1693227891880,8,2,6
50961,1693227891880,1692255627653,1692255627656,1693227891887,7,3,4
50962,1693227891888,1692255627661,1692255627665,1693227891897,9,4,5
50963,1693227891897,1692255627669,1692255627672,1693227891903,6,3,3
50964,1693227891903,1692255627675,1692255627678,1693227891910,7,3,4
50965,1693227891910,1692255627682,1692255627685,1693227891917,7,3,4
50966,1693227891917,1692255627690,1692255627693,1693227891930,13,3,10
50967,1693227891930,1692255627702,1692255627705,1693227891938,8,3,5
50968,1693227891938,1692255627711,1692255627715,1693227891946,8,4,4
50969,1693227891946,1692255627719,1692255627721,1693227891953,7,2,5
50970,1693227891953,1692255627726,1692255627730,1693227891961,8,4,4
50971,1693227891961,1692255627734,1692255627737,1693227891969,8,3,5
50972,1693227891969,1692255627741,1692255627744,1693227892065,96,3,93
50973,1693227892065,1692255627839,1692255627842,1693227892074,9,3,6
50974,1693227892074,1692255627854,1692255627858,1693227892090,16,4,12
50975,1693227892090,1692255627862,1692255627866,1693227892097,7,4,3
50976,1693227892097,1692255627870,1692255627873,1693227892105,8,3,5
50977,1693227892105,1692255627877,1692255627881,1693227892115,10,4,6
50978,1693227892115,1692255627888,1692255627891,1693227892123,8,3,5
50979,1693227892123,1692255627895,1692255627898,1693227892130,7,3,4
50980,1693227892130,1692255627903,1692255627907,1693227892139,9,4,5
50981,1693227892139,1692255627933,1692255627937,1693227892169,30,4,26
50982,1693227892169,1692255627942,1692255627945,1693227892177,8,3,5
50983,1693227892177,1692255627954,1692255627958,1693227892190,13,4,9
50984,1693227892190,1692255627970,1692255627973,1693227892205,15,3,12
50985,1693227892205,1692255627978,1692255627982,1693227892214,9,4,5
50986,1693227892214,1692255627990,1692255627993,1693227892225,11,3,8
50987,1693227892225,1692255627998,1692255628000,1693227892232,7,2,5
50988,1693227892232,1692255628005,1692255628009,1693227892240,8,4,4
50989,1693227892240,1692255628013,1692255628016,1693227892248,8,3,5
50990,1693227892248,1692255628020,1692255628023,1693227892255,7,3,4
50991,1693227892255,1692255628052,1692255628057,1693227892289,34,5,29
50992,1693227892289,1692255628062,1692255628065,1693227892296,7,3,4
50993,1693227892296,1692255628070,1692255628073,1693227892305,9,3,6
50994,1693227892305,1692255628077,1692255628080,1693227892312,7,3,4
50995,1693227892312,1692255628085,1692255628088,1693227892320,8,3,5
50996,1693227892320,1692255628093,1692255628097,1693227892328,8,4,4
50997,1693227892329,1692255628101,1692255628105,1693227892337,8,4,4
50998,1693227892337,1692255628109,1692255628112,1693227892344,7,3,4
50999,1693227892344,1692255628118,1692255628121,1693227892353,9,3,6
51000,1693227892353,1692255628126,1692255628129,1693227892361,8,3,5
51001,1693227892361,1692255628134,1692255628137,1693227892369,8,3,5
51002,1693227892369,1692255628142,1692255628145,1693227892377,8,3,5
51003,1693227892377,1692255628149,1692255628152,1693227892384,7,3,4
51004,1693227892384,1692255628157,1692255628161,1693227892393,9,4,5
51005,1693227892393,1692255628166,1692255628169,1693227892401,8,3,5
51006,1693227892401,1692255628174,1692255628178,1693227892410,9,4,5
51007,1693227892410,1692255628182,1692255628186,1693227892417,7,4,3
51008,1693227892417,1692255628190,1692255628193,1693227892425,8,3,5
51009,1693227892425,1692255628197,1692255628200,1693227892431,6,3,3
51010,1693227892431,1692255628204,1692255628207,1693227892439,8,3,5
51011,1693227892439,1692255628212,1692255628215,1693227892447,8,3,5
51012,1693227892447,1692255628221,1692255628224,1693227892455,8,3,5
51013,1693227892455,1692255628228,1692255628232,1693227892464,9,4,5
51014,1693227892464,1692255628236,1692255628240,1693227892471,7,4,3
51015,1693227892471,1692255628244,1692255628247,1693227892500,29,3,26
51016,1693227892500,1692255628275,1692255628280,1693227892720,220,5,215
51017,1693227892720,1692255628494,1692255628497,1693227892730,10,3,7
51018,1693227892730,1692255628503,1692255628507,1693227892739,9,4,5
51019,1693227892739,1692255628511,1692255628514,1693227892746,7,3,4
51020,1693227892746,1692255628519,1692255628521,1693227892753,7,2,5
51021,1693227892753,1692255628527,1692255628530,1693227892762,9,3,6
51022,1693227892762,1692255628534,1692255628537,1693227892769,7,3,4
51023,1693227892769,1692255628542,1692255628545,1693227892777,8,3,5
51024,1693227892777,1692255628550,1692255628553,1693227892784,7,3,4
51025,1693227892785,1692255628557,1692255628561,1693227892793,8,4,4
51026,1693227892793,1692255628567,1692255628570,1693227892802,9,3,6
51027,1693227892802,1692255628574,1692255628578,1693227892810,8,4,4
51028,1693227892810,1692255628583,1692255628586,1693227892817,7,3,4
51029,1693227892817,1692255628590,1692255628594,1693227892825,8,4,4
51030,1693227892825,1692255628598,1692255628601,1693227892833,8,3,5
51031,1693227892833,1692255628606,1692255628611,1693227892843,10,5,5
51032,1693227892843,1692255628616,1692255628619,1693227892851,8,3,5
51033,1693227892851,1692255628623,1692255628627,1693227892858,7,4,3
51034,1693227892858,1692255628639,1692255628643,1693227892874,16,4,12
51035,1693227892874,1692255628647,1692255628651,1693227892882,8,4,4
51036,1693227892882,1692255628655,1692255628658,1693227892889,7,3,4
51037,1693227892889,1692255628662,1692255628665,1693227892897,8,3,5
51038,1693227892897,1692255628670,1692255628673,1693227892905,8,3,5
51039,1693227892905,1692255628677,1692255628681,1693227892913,8,4,4
51040,1693227892913,1692255628686,1692255628689,1693227892921,8,3,5
51041,1693227892921,1692255628694,1692255628696,1693227892949,28,2,26
51042,1693227892949,1692255628722,1692255628725,1693227892957,8,3,5
51043,1693227892957,1692255628730,1692255628733,1693227892964,7,3,4
51044,1693227892964,1692255628737,1692255628740,1693227892971,7,3,4
51045,1693227892971,1692255628745,1692255628749,1693227892980,9,4,5
51046,1693227892980,1692255628753,1692255628757,1693227892988,8,4,4
51047,1693227892988,1692255628761,1692255628765,1693227892996,8,4,4
51048,1693227892996,1692255628769,1692255628773,1693227893004,8,4,4
51049,1693227893004,1692255628776,1692255628780,1693227893011,7,4,3
51050,1693227893011,1692255628784,1692255628788,1693227893020,9,4,5
51051,1693227893020,1692255628792,1692255628795,1693227893116,96,3,93
51052,1693227893116,1692255628889,1692255628892,1693227893124,8,3,5
51053,1693227893124,1692255628897,1692255628902,1693227893133,9,5,4
51054,1693227893133,1692255628906,1692255628909,1693227893141,8,3,5
51055,1693227893141,1692255628914,1692255628917,1693227893149,8,3,5
51056,1693227893149,1692255628922,1692255628925,1693227893156,7,3,4
51057,1693227893156,1692255628929,1692255628932,1693227893164,8,3,5
51058,1693227893164,1692255628941,1692255628945,1693227893177,13,4,9
51059,1693227893177,1692255628949,1692255628953,1693227893184,7,4,3
51060,1693227893184,1692255628957,1692255628961,1693227893193,9,4,5
51061,1693227893193,1692255628965,1692255628969,1693227893200,7,4,3
51062,1693227893200,1692255628973,1692255628976,1693227893208,8,3,5
51063,1693227893208,1692255628980,1692255628983,1693227893215,7,3,4
51064,1693227893215,1692255628988,1692255628991,1693227893222,7,3,4
51065,1693227893222,1692255628996,1692255628999,1693227893231,9,3,6
51066,1693227893231,1692255629004,1692255629006,1693227893238,7,2,5
51067,1693227893238,1692255629012,1692255629015,1693227893247,9,3,6
51068,1693227893247,1692255629020,1692255629023,1693227893255,8,3,5
51069,1693227893255,1692255629028,1692255629031,1693227893263,8,3,5
51070,1693227893263,1692255629036,1692255629039,1693227893271,8,3,5
51071,1693227893271,1692255629043,1692255629047,1693227893278,7,4,3
51072,1693227893278,1692255629051,1692255629054,1693227893285,7,3,4
51073,1693227893285,1692255629059,1692255629062,1693227893294,9,3,6
51074,1693227893294,1692255629067,1692255629071,1693227893303,9,4,5
51075,1693227893303,1692255629076,1692255629079,1693227893312,9,3,6
51076,1693227893312,1692255629085,1692255629091,1693227893323,11,6,5
51077,1693227893323,1692255629096,1692255629099,1693227893331,8,3,5
51078,1693227893331,1692255629104,1692255629108,1693227893340,9,4,5
51079,1693227893340,1692255629115,1692255629118,1693227893350,10,3,7
51080,1693227893350,1692255629122,1692255629125,1693227893356,6,3,3
51081,1693227893356,1692255629129,1692255629133,1693227893366,10,4,6
51082,1693227893366,1692255629139,1692255629143,1693227893374,8,4,4
51083,1693227893374,1692255629146,1692255629150,1693227893399,25,4,21
51084,1693227893768,1692255629543,1692255629548,1693227893780,12,5,7
51085,1693227893780,1692255629553,1692255629557,1693227893789,9,4,5
51086,1693227893789,1692255629562,1692255629565,1693227893797,8,3,5
51087,1693227893797,1692255629571,1692255629575,1693227893806,9,4,5
51088,1693227893806,1692255629579,1692255629583,1693227893815,9,4,5
51089,1693227893815,1692255629588,1692255629593,1693227893849,34,5,29
51090,1693227893849,1692255629622,1692255629628,1693227893860,11,6,5
51091,1693227893860,1692255629633,1692255629637,1693227893869,9,4,5
51092,1693227893869,1692255629642,1692255629646,1693227893878,9,4,5
51093,1693227893878,1692255629651,1692255629655,1693227893886,8,4,4
51094,1693227893886,1692255629659,1692255629663,1693227893896,10,4,6
51095,1693227893896,1692255629669,1692255629673,1693227893905,9,4,5
51096,1693227893905,1692255629678,1692255629682,1693227893913,8,4,4
51097,1693227893913,1692255629687,1692255629691,1693227893922,9,4,5
51098,1693227893922,1692255629697,1692255629701,1693227893932,10,4,6
51099,1693227893932,1692255629706,1692255629710,1693227893942,10,4,6
51100,1693227893942,1692255629716,1692255629720,1693227893952,10,4,6
51101,1693227893952,1692255629727,1692255629731,1693227893962,10,4,6
51102,1693227893962,1692255629736,1692255629741,1693227893973,11,5,6
51103,1693227893973,1692255629746,1692255629751,1693227893983,10,5,5
51104,1693227893983,1692255629757,1692255629761,1693227893993,10,4,6
51105,1693227893993,1692255629768,1692255629772,1693227894004,11,4,7
51106,1693227894004,1692255629779,1692255629784,1693227894019,15,5,10
51107,1693227894019,1692255629792,1692255629797,1693227894029,10,5,5
51108,1693227894029,1692255629802,1692255629806,1693227894038,9,4,5
51109,1693227894038,1692255629811,1692255629815,1693227894047,9,4,5
51110,1693227894047,1692255629820,1692255629824,1693227894056,9,4,5
51111,1693227894056,1692255629832,1692255629835,1693227894067,11,3,8
51112,1693227894067,1692255629840,1692255629844,1693227894158,91,4,87
51113,1693227894158,1692255629934,1692255629938,1693227894186,28,4,24
51114,1693227894186,1692255629960,1692255629963,1693227894195,9,3,6
51115,1693227894195,1692255629971,1692255629977,1693227894209,14,6,8
51116,1693227894209,1692255629982,1692255629986,1693227894219,10,4,6
51117,1693227894219,1692255629993,1692255629998,1693227894230,11,5,6
51118,1693227894230,1692255630005,1692255630010,1693227894241,11,5,6
51119,1693227894241,1692255630015,1692255630019,1693227894251,10,4,6
51120,1693227894251,1692255630028,1692255630032,1693227894265,14,4,10
51121,1693227894265,1692255630039,1692255630043,1693227894275,10,4,6
51122,1693227894275,1692255630048,1692255630052,1693227894284,9,4,5
51123,1693227894284,1692255630057,1692255630061,1693227894293,9,4,5
51124,1693227894293,1692255630069,1692255630073,1693227894305,12,4,8
51125,1693227894305,1692255630080,1692255630083,1693227894315,10,3,7
51126,1693227894315,1692255630089,1692255630093,1693227894325,10,4,6
51127,1693227894325,1692255630098,1692255630104,1693227894335,10,6,4
51128,1693227894335,1692255630108,1692255630112,1693227894343,8,4,4
51129,1693227894343,1692255630117,1692255630120,1693227894352,9,3,6
51130,1693227894352,1692255630126,1692255630130,1693227894363,11,4,7
51131,1693227894363,1692255630139,1692255630143,1693227894375,12,4,8
51132,1693227894375,1692255630148,1692255630152,1693227894383,8,4,4
51133,1693227894383,1692255630157,1692255630161,1693227894393,10,4,6
51134,1693227894393,1692255630167,1692255630171,1693227894403,10,4,6
51135,1693227894403,1692255630176,1692255630180,1693227894412,9,4,5
51136,1693227894412,1692255630187,1692255630191,1693227894423,11,4,7
51137,1693227894423,1692255630197,1692255630202,1693227894433,10,5,5
51138,1693227894433,1692255630208,1692255630212,1693227894443,10,4,6
51139,1693227894444,1692255630218,1692255630221,1693227894453,9,3,6
51140,1693227894453,1692255630227,1692255630231,1693227894463,10,4,6
51141,1693227894463,1692255630237,1692255630242,1693227894474,11,5,6
51142,1693227894474,1692255630247,1692255630251,1693227894483,9,4,5
51143,1693227894483,1692255630257,1692255630261,1693227894492,9,4,5
51144,1693227894492,1692255630267,1692255630274,1693227894524,32,7,25
51145,1693227894524,1692255630298,1692255630303,1693227894535,11,5,6
51146,1693227894535,1692255630317,1692255630322,1693227894554,19,5,14
51147,1693227894554,1692255630328,1692255630333,1693227894565,11,5,6
51148,1693227894565,1692255630339,1692255630344,1693227894576,11,5,6
51149,1693227894576,1692255630349,1692255630354,1693227894586,10,5,5
51150,1693227894586,1692255630361,1692255630367,1693227894817,231,6,225
51151,1693227894817,1692255630592,1692255630597,1693227894841,24,5,19
51152,1693227894841,1692255630616,1692255630620,1693227894857,16,4,12
51153,1693227894857,1692255630645,1692255630649,1693227894881,24,4,20
51154,1693227894881,1692255630656,1692255630660,1693227894893,12,4,8
51155,1693227894893,1692255630667,1692255630674,1693227894906,13,7,6
51156,1693227894906,1692255630680,1692255630683,1693227894915,9,3,6
51157,1693227894915,1692255630689,1692255630693,1693227894925,10,4,6
51158,1693227894925,1692255630699,1692255630704,1693227894935,10,5,5
51159,1693227894935,1692255630709,1692255630713,1693227894948,13,4,9
51160,1693227894948,1692255630744,1692255630749,1693227894983,35,5,30
51161,1693227894983,1692255630764,1692255630770,1693227895002,19,6,13
51162,1693227895002,1692255630776,1692255630784,1693227895024,22,8,14
51163,1693227895024,1692255630801,1692255630806,1693227895038,14,5,9
51164,1693227895038,1692255630812,1692255630817,1693227895049,11,5,6
51165,1693227895049,1692255630824,1692255630829,1693227895060,11,5,6
51166,1693227895060,1692255630834,1692255630839,1693227895071,11,5,6
51167,1693227895071,1692255630845,1692255630849,1693227895081,10,4,6
51168,1693227895081,1692255630856,1692255630861,1693227895092,11,5,6
51169,1693227895092,1692255630866,1692255630870,1693227895102,10,4,6
51170,1693227895102,1692255630875,1692255630879,1693227895111,9,4,5
51171,1693227895111,1692255630890,1692255630895,1693227895210,99,5,94
51172,1693227895210,1692255630983,1692255630987,1693227895219,9,4,5
51173,1693227895219,1692255630993,1692255630997,1693227895229,10,4,6
51174,1693227895229,1692255631003,1692255631007,1693227895239,10,4,6
51175,1693227895239,1692255631013,1692255631018,1693227895249,10,5,5
51176,1693227895249,1692255631023,1692255631027,1693227895259,10,4,6
51177,1693227895259,1692255631033,1692255631038,1693227895272,13,5,8
51178,1693227895272,1692255631046,1692255631050,1693227895282,10,4,6
51179,1693227895282,1692255631056,1692255631059,1693227895313,31,3,28
51180,1693227895313,1692255631090,1692255631094,1693227895326,13,4,9
51181,1693227895326,1692255631100,1692255631104,1693227895335,9,4,5
51182,1693227895335,1692255631113,1692255631117,1693227895349,14,4,10
51183,1693227895349,1692255631123,1692255631127,1693227895359,10,4,6
51184,1693227895359,1692255631132,1692255631137,1693227895369,10,5,5
51185,1693227895369,1692255631142,1692255631146,1693227895378,9,4,5
51186,1693227895378,1692255631151,1692255631155,1693227895392,14,4,10
51187,1693227895392,1692255631166,1692255631170,1693227895421,29,4,25
51188,1693227895421,1692255631195,1692255631198,1693227895430,9,3,6
51189,1693227895430,1692255631203,1692255631207,1693227895439,9,4,5
51190,1693227895439,1692255631212,1692255631216,1693227895448,9,4,5
51191,1693227895448,1692255631222,1692255631225,1693227895457,9,3,6
51192,1693227895457,1692255631231,1692255631234,1693227895466,9,3,6
51193,1693227895466,1692255631240,1692255631244,1693227895475,9,4,5
51194,1693227895475,1692255631249,1692255631253,1693227895485,10,4,6
51195,1693227895485,1692255631259,1692255631264,1693227895496,11,5,6
51196,1693227895496,1692255631270,1692255631274,1693227895506,10,4,6
51197,1693227895506,1692255631279,1692255631284,1693227895516,10,5,5
51198,1693227895516,1692255631289,1692255631293,1693227895525,9,4,5
51199,1693227895525,1692255631298,1692255631305,1693227895537,12,7,5
51200,1693227895537,1692255631311,1692255631315,1693227895547,10,4,6
51201,1693227895547,1692255631321,1692255631324,1693227895556,9,3,6
51202,1693227895556,1692255631330,1692255631333,1693227895565,9,3,6
51203,1693227895565,1692255631339,1692255631344,1693227895575,10,5,5
51204,1693227895575,1692255631349,1692255631353,1693227895584,9,4,5
51205,1693227895584,1692255631358,1692255631362,1693227895596,12,4,8
51206,1693227895596,1692255631370,1692255631374,1693227895606,10,4,6
51207,1693227895606,1692255631380,1692255631384,1693227895616,10,4,6
51208,1693227895616,1692255631389,1692255631393,1693227895648,32,4,28
51209,1693227895648,1692255631421,1692255631425,1693227895866,218,4,214
51210,1693227895866,1692255631640,1692255631644,1693227895876,10,4,6
51211,1693227895876,1692255631649,1692255631653,1693227895885,9,4,5
51212,1693227895885,1692255631658,1692255631663,1693227895895,10,5,5
51213,1693227895895,1692255631668,1692255631672,1693227895903,8,4,4
51214,1693227895903,1692255631677,1692255631682,1693227895913,10,5,5
51215,1693227895913,1692255631687,1692255631693,1693227895924,11,6,5
51216,1693227895924,1692255631698,1692255631702,1693227895933,9,4,5
51217,1693227895933,1692255631707,1692255631712,1693227895943,10,5,5
51218,1693227895943,1692255631717,1692255631721,1693227895954,11,4,7
51219,1693227895954,1692255631728,1692255631731,1693227895963,9,3,6
51220,1693227895963,1692255631737,1692255631741,1693227895973,10,4,6
51221,1693227895973,1692255631746,1692255631750,1693227895982,9,4,5
51222,1693227895982,1692255631756,1692255631760,1693227895992,10,4,6
51223,1693227895992,1692255631765,1692255631769,1693227896001,9,4,5
51224,1693227896001,1692255631775,1692255631779,1693227896010,9,4,5
51225,1693227896010,1692255631784,1692255631788,1693227896019,9,4,5
51226,1693227896019,1692255631793,1692255631796,1693227896029,10,3,7
51227,1693227896029,1692255631803,1692255631806,1693227896038,9,3,6
51228,1693227896038,1692255631812,1692255631817,1693227896049,11,5,6
51229,1693227896049,1692255631823,1692255631828,1693227896060,11,5,6
51230,1693227896060,1692255631838,1692255631843,1693227896093,33,5,28
51231,1693227896093,1692255631867,1692255631871,1693227896103,10,4,6
51232,1693227896103,1692255631877,1692255631883,1693227896115,12,6,6
51233,1693227896115,1692255631891,1692255631897,1693227896129,14,6,8
51234,1693227896129,1692255631903,1692255631908,1693227896140,11,5,6
51235,1693227896140,1692255631914,1692255631919,1693227896150,10,5,5
51236,1693227896150,1692255631924,1692255631933,1693227896164,14,9,5
51237,1693227896165,1692255631938,1692255631942,1693227896258,93,4,89
51238,1693227896258,1692255632033,1692255632038,1693227896270,12,5,7
51239,1693227896270,1692255632044,1692255632049,1693227896281,11,5,6
51240,1693227896281,1692255632055,1692255632060,1693227896292,11,5,6
51241,1693227896292,1692255632066,1692255632071,1693227896303,11,5,6
51242,1693227896303,1692255632077,1692255632082,1693227896314,11,5,6
51243,1693227896314,1692255632093,1692255632097,1693227896329,15,4,11
51244,1693227896329,1692255632103,1692255632107,1693227896339,10,4,6
51245,1693227896339,1692255632113,1692255632117,1693227896349,10,4,6
51246,1693227896349,1692255632122,1692255632127,1693227896359,10,5,5
51247,1693227896359,1692255632132,1692255632137,1693227896368,9,5,4
51248,1693227896368,1692255632142,1692255632146,1693227896379,11,4,7
51249,1693227896379,1692255632154,1692255632158,1693227896390,11,4,7
51250,1693227896390,1692255632164,1692255632169,1693227896401,11,5,6
51251,1693227896401,1692255632175,1692255632178,1693227896410,9,3,6
51252,1693227896410,1692255632184,1692255632188,1693227896419,9,4,5
51253,1693227896419,1692255632193,1692255632197,1693227896429,10,4,6
51254,1693227896430,1692255632206,1692255632211,1693227896443,13,5,8
51255,1693227896443,1692255632217,1692255632221,1693227896453,10,4,6
51256,1693227896453,1692255632227,1692255632231,1693227896463,10,4,6
51257,1693227896463,1692255632236,1692255632240,1693227896472,9,4,5
51258,1693227896472,1692255632245,1692255632249,1693227896481,9,4,5
51259,1693227896481,1692255632257,1692255632263,1693227896495,14,6,8
51260,1693227896495,1692255632269,1692255632274,1693227896505,10,5,5
51261,1693227896505,1692255632279,1692255632283,1693227896514,9,4,5
51262,1693227896514,1692255632290,1692255632294,1693227896546,32,4,28
51263,1693227896546,1692255632321,1692255632326,1693227896558,12,5,7
51264,1693227896558,1692255632332,1692255632336,1693227896569,11,4,7
51265,1693227896569,1692255632343,1692255632347,1693227896579,10,4,6
51266,1693227896579,1692255632354,1692255632360,1693227896591,12,6,6
51267,1693227896591,1692255632365,1692255632369,1693227896600,9,4,5
51268,1693227896600,1692255632374,1692255632378,1693227896611,11,4,7
51269,1693227896611,1692255632388,1692255632392,1693227896623,12,4,8
51270,1693227896623,1692255632397,1692255632401,1693227896633,10,4,6
51271,1693227896633,1692255632406,1692255632410,1693227896642,9,4,5
51272,1693227896642,1692255632416,1692255632423,1693227896654,12,7,5
51273,1693227896654,1692255632428,1692255632432,1693227896664,10,4,6
51274,1693227896664,1692255632438,1692255632442,1693227896674,10,4,6
51275,1693227896674,1692255632448,1692255632452,1693227896683,9,4,5
51276,1693227896683,1692255632457,1692255632461,1693227896692,9,4,5
51277,1693227896692,1692255632688,1692255632694,1693227896928,236,6,230
51278,1693227896928,1692255632702,1692255632707,1693227896939,11,5,6
51279,1693227896939,1692255632714,1692255632720,1693227896952,13,6,7
51280,1693227896952,1692255632727,1692255632731,1693227896963,11,4,7
51281,1693227896963,1692255632737,1692255632741,1693227896994,31,4,27
51282,1693227896994,1692255632768,1692255632771,1693227897003,9,3,6
51283,1693227897004,1692255632777,1692255632782,1693227897014,10,5,5
51284,1693227897014,1692255632787,1692255632792,1693227897024,10,5,5
51285,1693227897024,1692255632797,1692255632802,1693227897033,9,5,4
51286,1693227897034,1692255632807,1692255632811,1693227897043,9,4,5
51287,1693227897043,1692255632817,1692255632822,1693227897054,11,5,6
51288,1693227897054,1692255632830,1692255632835,1693227897067,13,5,8
51289,1693227897067,1692255632841,1692255632845,1693227897077,10,4,6
51290,1693227897077,1692255632851,1692255632855,1693227897086,9,4,5
51291,1693227897086,1692255632860,1692255632864,1693227897096,10,4,6
51292,1693227897096,1692255632872,1692255632876,1693227897109,13,4,9
51293,1693227897109,1692255632883,1692255632887,1693227897119,10,4,6
51294,1693227897119,1692255632893,1692255632897,1693227897129,10,4,6
51295,1693227897129,1692255632904,1692255632908,1693227897140,11,4,7
51296,1693227897140,1692255632914,1692255632918,1693227897150,10,4,6
51297,1693227897150,1692255632925,1692255632929,1693227897161,11,4,7
51298,1693227897161,1692255632935,1692255632940,1693227897172,11,5,6
51299,1693227897172,1692255632946,1692255632951,1693227897183,11,5,6
51300,1693227897183,1692255632957,1692255632963,1693227897195,12,6,6
51301,1693227897195,1692255632991,1692255632997,1693227897304,109,6,103
51302,1693227897304,1692255633078,1692255633082,1693227897336,32,4,28
51303,1693227897336,1692255633123,1692255633128,1693227897359,23,5,18
51304,1693227897359,1692255633133,1692255633137,1693227897371,12,4,8
51305,1693227897371,1692255633154,1692255633159,1693227897391,20,5,15
51306,1693227897391,1692255633165,1692255633173,1693227897405,14,8,6
51307,1693227897405,1692255633180,1692255633183,1693227897415,10,3,7
51308,1693227897415,1692255633191,1692255633198,1693227897430,15,7,8
51309,1693227897430,1692255633204,1692255633208,1693227897440,10,4,6
51310,1693227897440,1692255633214,1692255633218,1693227897450,10,4,6
51311,1693227897450,1692255633224,1692255633228,1693227897463,13,4,9
51312,1693227897463,1692255633237,1692255633240,1693227897472,9,3,6
51313,1693227897472,1692255633245,1692255633250,1693227897481,9,5,4
51314,1693227897481,1692255633260,1692255633265,1693227897497,16,5,11
51315,1693227897497,1692255633271,1692255633275,1693227897509,12,4,8
51316,1693227897509,1692255633284,1692255633289,1693227897521,12,5,7
51317,1693227897521,1692255633297,1692255633302,1693227897534,13,5,8
51318,1693227897534,1692255633308,1692255633312,1693227897546,12,4,8
51319,1693227897546,1692255633319,1692255633324,1693227897557,11,5,6
51320,1693227897557,1692255633331,1692255633336,1693227897567,10,5,5
51321,1693227897567,1692255633342,1692255633346,1693227897578,11,4,7
51322,1693227897578,1692255633356,1692255633361,1693227897593,15,5,10
51323,1693227897593,1692255633366,1692255633370,1693227897602,9,4,5
51324,1693227897602,1692255633376,1692255633380,1693227897612,10,4,6
51325,1693227897612,1692255633386,1692255633391,1693227897623,11,5,6
51326,1693227897623,1692255633398,1692255633402,1693227897634,11,4,7
51327,1693227897634,1692255633447,1692255633452,1693227897684,50,5,45
51328,1693227897684,1692255633458,1692255633462,1693227897694,10,4,6
51329,1693227897694,1692255633468,1692255633472,1693227897704,10,4,6
51330,1693227897704,1692255633477,1692255633481,1693227897713,9,4,5
51331,1693227897713,1692255633486,1692255633491,1693227897722,9,5,4
51332,1693227897722,1692255633497,1692255633501,1693227897733,11,4,7
51333,1693227897733,1692255633506,1692255633511,1693227897966,233,5,228
51334,1693227897966,1692255633740,1692255633744,1693227897976,10,4,6
51335,1693227897976,1692255633750,1692255633754,1693227897986,10,4,6
51336,1693227897986,1692255633759,1692255633762,1693227897994,8,3,5
51337,1693227897994,1692255633767,1692255633770,1693227898002,8,3,5
51338,1693227898002,1692255633776,1692255633779,1693227898011,9,3,6
51339,1693227898011,1692255633785,1692255633788,1693227898019,8,3,5
51340,1693227898019,1692255633793,1692255633796,1693227898028,9,3,6
51341,1693227898028,1692255633802,1692255633806,1693227898037,9,4,5
51342,1693227898037,1692255633810,1692255633814,1693227898045,8,4,4
51343,1693227898045,1692255633818,1692255633822,1693227898054,9,4,5
51344,1693227898054,1692255633827,1692255633830,1693227898062,8,3,5
51345,1693227898062,1692255633836,1692255633841,1693227898073,11,5,6
51346,1693227898073,1692255633846,1692255633850,1693227898082,9,4,5
51347,1693227898082,1692255633855,1692255633858,1693227898089,7,3,4
51348,1693227898089,1692255633863,1692255633866,1693227898119,30,3,27
51349,1693227898119,1692255633893,1692255633896,1693227898128,9,3,6
51350,1693227898128,1692255633901,1692255633905,1693227898136,8,4,4
51351,1693227898136,1692255633910,1692255633914,1693227898145,9,4,5
51352,1693227898145,1692255633918,1692255633921,1693227898153,8,3,5
51353,1693227898153,1692255633928,1692255633932,1693227898163,10,4,6
51354,1693227898163,1692255633937,1692255633941,1693227898172,9,4,5
51355,1693227898172,1692255633945,1692255633949,1693227898181,9,4,5
51356,1693227898181,1692255633954,1692255633958,1693227898189,8,4,4
51357,1693227898189,1692255633964,1692255633967,1693227898199,10,3,7
51358,1693227898199,1692255633973,1692255633976,1693227898207,8,3,5
51359,1693227898207,1692255633980,1692255633984,1693227898216,9,4,5
51360,1693227898216,1692255633990,1692255633994,1693227898226,10,4,6
51361,1693227898226,1692255633999,1692255634002,1693227898234,8,3,5
51362,1693227898234,1692255634008,1692255634011,1693227898243,9,3,6
51363,1693227898243,1692255634017,1692255634021,1693227898252,9,4,5
51364,1693227898252,1692255634026,1692255634031,1693227898263,11,5,6
51365,1693227898263,1692255634037,1692255634040,1693227898356,93,3,90
51366,1693227898356,1692255634130,1692255634133,1693227898364,8,3,5
51367,1693227898364,1692255634138,1692255634141,1693227898373,9,3,6
51368,1693227898373,1692255634146,1692255634150,1693227898381,8,4,4
51369,1693227898381,1692255634155,1692255634158,1693227898390,9,3,6
51370,1693227898390,1692255634163,1692255634167,1693227898398,8,4,4
51371,1693227898398,1692255634171,1692255634176,1693227898407,9,5,4
51372,1693227898407,1692255634181,1692255634185,1693227898417,10,4,6
51373,1693227898417,1692255634190,1692255634194,1693227898426,9,4,5
51374,1693227898426,1692255634199,1692255634203,1693227898454,28,4,24
51375,1693227898454,1692255634228,1692255634231,1693227898464,10,3,7
51376,1693227898464,1692255634237,1692255634242,1693227898474,10,5,5
51377,1693227898474,1692255634248,1692255634251,1693227898483,9,3,6
51378,1693227898483,1692255634257,1692255634260,1693227898492,9,3,6
51379,1693227898492,1692255634265,1692255634268,1693227898500,8,3,5
51380,1693227898500,1692255634272,1692255634276,1693227898508,8,4,4
51381,1693227898508,1692255634282,1692255634286,1693227898518,10,4,6
51382,1693227898518,1692255634292,1692255634298,1693227898531,13,6,7
51383,1693227898531,1692255634305,1692255634310,1693227898542,11,5,6
51384,1693227898542,1692255634339,1692255634343,1693227898574,32,4,28
51385,1693227898574,1692255634348,1692255634351,1693227898583,9,3,6
51386,1693227898583,1692255634366,1692255634370,1693227898601,18,4,14
51387,1693227898601,1692255634382,1692255634386,1693227898617,16,4,12
51388,1693227898617,1692255634391,1692255634395,1693227898626,9,4,5
51389,1693227898626,1692255634399,1692255634404,1693227898635,9,5,4
51390,1693227898635,1692255634408,1692255634412,1693227898644,9,4,5
51391,1693227898644,1692255634418,1692255634422,1693227898653,9,4,5
51392,1693227898653,1692255634427,1692255634431,1693227898664,11,4,7
51393,1693227898664,1692255634437,1692255634440,1693227898672,8,3,5
51394,1693227898672,1692255634445,1692255634450,1693227898681,9,5,4
51395,1693227898681,1692255634455,1692255634458,1693227898690,9,3,6
51396,1693227898690,1692255634464,1692255634467,1693227898699,9,3,6
51397,1693227898699,1692255634479,1692255634483,1693227898714,15,4,11
51398,1693227898714,1692255634488,1692255634492,1693227898724,10,4,6
51399,1693227898724,1692255634497,1692255634501,1693227898733,9,4,5
51400,1693227898733,1692255634510,1692255634514,1693227898745,12,4,8
51401,1693227898745,1692255634520,1692255634523,1693227898755,10,3,7
51402,1693227898755,1692255634528,1692255634531,1693227898763,8,3,5
51403,1693227898763,1692255634536,1692255634540,1693227899011,248,4,244
51404,1693227899011,1692255634785,1692255634790,1693227899022,11,5,6
51405,1693227899022,1692255634797,1692255634802,1693227899034,12,5,7
51406,1693227899034,1692255634807,1692255634811,1693227899043,9,4,5
51407,1693227899043,1692255634817,1692255634821,1693227899053,10,4,6
51408,1693227899053,1692255634827,1692255634831,1693227899063,10,4,6
51409,1693227899063,1692255634837,1692255634841,1693227899072,9,4,5
51410,1693227899073,1692255634847,1692255634852,1693227899084,11,5,6
51411,1693227899084,1692255634858,1692255634862,1693227899094,10,4,6
51412,1693227899094,1692255634868,1692255634873,1693227899105,11,5,6
51413,1693227899105,1692255634878,1692255634883,1693227899115,10,5,5
51414,1693227899115,1692255634889,1692255634893,1693227899125,10,4,6
51415,1693227899125,1692255634899,1692255634903,1693227899134,9,4,5
51416,1693227899134,1692255634908,1692255634912,1693227899144,10,4,6
51417,1693227899144,1692255634918,1692255634922,1693227899153,9,4,5
51418,1693227899153,1692255634926,1692255634930,1693227899162,9,4,5
51419,1693227899162,1692255634935,1692255634941,1693227899172,10,6,4
51420,1693227899172,1692255634946,1692255634949,1693227899181,9,3,6
51421,1693227899181,1692255634955,1692255634959,1693227899191,10,4,6
51422,1693227899191,1692255634965,1692255634968,1693227899200,9,3,6
51423,1693227899200,1692255634974,1692255634978,1693227899210,10,4,6
51424,1693227899210,1692255634984,1692255634988,1693227899239,29,4,25
51425,1693227899239,1692255635013,1692255635018,1693227899250,11,5,6
51426,1693227899250,1692255635023,1692255635029,1693227899261,11,6,5
51427,1693227899261,1692255635035,1692255635039,1693227899271,10,4,6
51428,1693227899271,1692255635044,1692255635048,1693227899285,14,4,10
51429,1693227899285,1692255635058,1692255635063,1693227899294,9,5,4
51430,1693227899294,1692255635068,1692255635073,1693227899305,11,5,6
51431,1693227899305,1692255635079,1692255635083,1693227899405,100,4,96
51432,1693227899405,1692255635179,1692255635184,1693227899416,11,5,6
51433,1693227899416,1692255635191,1692255635196,1693227899429,13,5,8
51434,1693227899429,1692255635203,1692255635208,1693227899440,11,5,6
51435,1693227899440,1692255635215,1692255635219,1693227899451,11,4,7
51436,1693227899451,1692255635228,1692255635233,1693227899465,14,5,9
51437,1693227899465,1692255635239,1692255635243,1693227899474,9,4,5
51438,1693227899475,1692255635248,1692255635253,1693227899484,9,5,4
51439,1693227899484,1692255635263,1692255635267,1693227899499,15,4,11
51440,1693227899499,1692255635273,1692255635278,1693227899509,10,5,5
51441,1693227899509,1692255635283,1692255635287,1693227899519,10,4,6
51442,1693227899519,1692255635293,1692255635297,1693227899529,10,4,6
51443,1693227899529,1692255635302,1692255635306,1693227899538,9,4,5
51444,1693227899538,1692255635312,1692255635316,1693227899548,10,4,6
51445,1693227899548,1692255635322,1692255635327,1693227899559,11,5,6
51446,1693227899559,1692255635333,1692255635337,1693227899569,10,4,6
51447,1693227899569,1692255635342,1692255635347,1693227899579,10,5,5
51448,1693227899579,1692255635354,1692255635359,1693227899592,13,5,8
51449,1693227899592,1692255635367,1692255635371,1693227899603,11,4,7
51450,1693227899603,1692255635378,1692255635383,1693227899615,12,5,7
51451,1693227899615,1692255635389,1692255635395,1693227899627,12,6,6
51452,1693227899627,1692255635401,1692255635406,1693227899638,11,5,6
51453,1693227899638,1692255635413,1692255635417,1693227899649,11,4,7
51454,1693227899649,1692255635423,1692255635431,1693227899662,13,8,5
51455,1693227899662,1692255635436,1692255635444,1693227899693,31,8,23
51456,1693227899693,1692255635467,1692255635471,1693227899703,10,4,6
51457,1693227899703,1692255635476,1692255635480,1693227899712,9,4,5
51458,1693227899712,1692255635486,1692255635491,1693227899724,12,5,7
51459,1693227899724,1692255635498,1692255635501,1693227899733,9,3,6
51460,1693227899733,1692255635507,1692255635511,1693227899746,13,4,9
51461,1693227899746,1692255635519,1692255635523,1693227899755,9,4,5
51462,1693227899755,1692255635529,1692255635533,1693227899765,10,4,6
51463,1693227899765,1692255635539,1692255635544,1693227899776,11,5,6
51464,1693227899776,1692255635551,1692255635555,1693227899787,11,4,7
51465,1693227899787,1692255635562,1692255635567,1693227899798,11,5,6
51466,1693227899798,1692255635572,1692255635578,1693227899810,12,6,6
51467,1693227899810,1692255635585,1692255635590,1693227899821,11,5,6
51468,1693227899821,1692255635603,1692255635607,1693227899839,18,4,14
51469,1693227899839,1692255635832,1692255635836,1693227900068,229,4,225
51470,1693227900068,1692255635841,1692255635846,1693227900077,9,5,4
51471,1693227900077,1692255635851,1692255635855,1693227900087,10,4,6
51472,1693227900087,1692255635860,1692255635865,1693227900096,9,5,4
51473,1693227900096,1692255635870,1692255635873,1693227900105,9,3,6
51474,1693227900105,1692255635878,1692255635883,1693227900114,9,5,4
51475,1693227900114,1692255635888,1692255635891,1693227900141,27,3,24
51476,1693227900141,1692255635915,1692255635920,1693227900152,11,5,6
51477,1693227900152,1692255635925,1692255635933,1693227900164,12,8,4
51478,1693227900164,1692255635938,1692255635942,1693227900174,10,4,6
51479,1693227900174,1692255635948,1692255635953,1693227900184,10,5,5
51480,1693227900184,1692255635958,1692255635963,1693227900194,10,5,5
51481,1693227900194,1692255635968,1692255635973,1693227900204,10,5,5
51482,1693227900204,1692255635979,1692255635983,1693227900215,11,4,7
51483,1693227900215,1692255635990,1692255635994,1693227900226,11,4,7
51484,1693227900226,1692255636000,1692255636006,1693227900237,11,6,5
51485,1693227900237,1692255636012,1692255636016,1693227900248,11,4,7
51486,1693227900248,1692255636022,1692255636027,1693227900259,11,5,6
51487,1693227900259,1692255636034,1692255636039,1693227900270,11,5,6
51488,1693227900270,1692255636045,1692255636050,1693227900281,11,5,6
51489,1693227900281,1692255636056,1692255636060,1693227900292,11,4,7
51490,1693227900292,1692255636065,1692255636069,1693227900301,9,4,5
51491,1693227900301,1692255636074,1692255636081,1693227900314,13,7,6
51492,1693227900314,1692255636087,1692255636092,1693227900323,9,5,4
51493,1693227900323,1692255636096,1692255636101,1693227900333,10,5,5
51494,1693227900333,1692255636107,1692255636110,1693227900342,9,3,6
51495,1693227900342,1692255636116,1692255636119,1693227900351,9,3,6
51496,1693227900351,1692255636125,1692255636129,1693227900361,10,4,6
51497,1693227900361,1692255636223,1692255636227,1693227900477,116,4,112
51498,1693227900477,1692255636250,1692255636255,1693227900486,9,5,4
51499,1693227900486,1692255636270,1692255636275,1693227900506,20,5,15
51500,1693227900506,1692255636281,1692255636287,1693227900518,12,6,6
51501,1693227900518,1692255636293,1692255636298,1693227900530,12,5,7
51502,1693227900530,1692255636304,1692255636309,1693227900541,11,5,6
51503,1693227900541,1692255636315,1692255636319,1693227900550,9,4,5
51504,1693227900550,1692255636324,1692255636328,1693227900559,9,4,5
51505,1693227900559,1692255636333,1692255636337,1693227900569,10,4,6
51506,1693227900569,1692255636343,1692255636347,1693227900579,10,4,6
51507,1693227900579,1692255636353,1692255636357,1693227900589,10,4,6
51508,1693227900589,1692255636364,1692255636367,1693227900599,10,3,7
51509,1693227900599,1692255636372,1692255636376,1693227900608,9,4,5
51510,1693227900608,1692255636382,1692255636386,1693227900617,9,4,5
51511,1693227900617,1692255636391,1692255636394,1693227900626,9,3,6
51512,1693227900626,1692255636400,1692255636404,1693227900636,10,4,6
51513,1693227900636,1692255636410,1692255636415,1693227900646,10,5,5
51514,1693227900646,1692255636420,1692255636424,1693227900656,10,4,6
51515,1693227900656,1692255636430,1692255636434,1693227900667,11,4,7
51516,1693227900667,1692255636440,1692255636444,1693227900676,9,4,5
51517,1693227900676,1692255636451,1692255636455,1693227900686,10,4,6
51518,1693227900686,1692255636460,1692255636463,1693227900695,9,3,6
51519,1693227900695,1692255636468,1692255636472,1693227900704,9,4,5
51520,1693227900704,1692255636478,1692255636482,1693227900713,9,4,5
51521,1693227900713,1692255636488,1692255636492,1693227900723,10,4,6
51522,1693227900723,1692255636496,1692255636500,1693227900731,8,4,4
51523,1693227900731,1692255636505,1692255636509,1693227900740,9,4,5
51524,1693227900740,1692255636516,1692255636520,1693227900752,12,4,8
51525,1693227900752,1692255636525,1692255636529,1693227900760,8,4,4
51526,1693227900760,1692255636534,1692255636538,1693227900769,9,4,5
51527,1693227900769,1692255636544,1692255636547,1693227900779,10,3,7
51528,1693227900779,1692255636552,1692255636559,1693227900791,12,7,5
51529,1693227900791,1692255636586,1692255636589,1693227900821,30,3,27
51530,1693227900821,1692255636595,1692255636599,1693227900831,10,4,6
51531,1693227900831,1692255636605,1692255636609,1693227900841,10,4,6
51532,1693227900841,1692255636615,1692255636620,1693227900851,10,5,5
51533,1693227900851,1692255636625,1692255636630,1693227900861,10,5,5
51534,1693227900861,1692255636638,1692255636642,1693227900874,13,4,9
51535,1693227900874,1692255636648,1692255636653,1693227900885,11,5,6
51536,1693227900885,1692255636881,1692255636885,1693227901133,248,4,244
51537,1693227901133,1692255636908,1692255636913,1693227901145,12,5,7
51538,1693227901145,1692255636919,1692255636924,1693227901156,11,5,6
51539,1693227901156,1692255636931,1692255636937,1693227901169,13,6,7
51540,1693227901169,1692255636943,1692255636947,1693227901179,10,4,6
51541,1693227901179,1692255636953,1692255636958,1693227901190,11,5,6
51542,1693227901190,1692255636964,1692255636968,1693227901200,10,4,6
51543,1693227901200,1692255636975,1692255636979,1693227901211,11,4,7
51544,1693227901211,1692255636986,1692255636990,1693227901222,11,4,7
51545,1693227901222,1692255637000,1692255637004,1693227901236,14,4,10
51546,1693227901236,1692255637010,1692255637015,1693227901264,28,5,23
51547,1693227901264,1692255637037,1692255637041,1693227901273,9,4,5
51548,1693227901273,1692255637047,1692255637051,1693227901283,10,4,6
51549,1693227901283,1692255637057,1692255637062,1693227901294,11,5,6
51550,1693227901294,1692255637069,1692255637073,1693227901305,11,4,7
51551,1693227901305,1692255637078,1692255637083,1693227901314,9,5,4
51552,1693227901314,1692255637088,1692255637093,1693227901325,11,5,6
51553,1693227901325,1692255637098,1692255637106,1693227901337,12,8,4
51554,1693227901337,1692255637111,1692255637116,1693227901348,11,5,6
51555,1693227901348,1692255637121,1692255637126,1693227901358,10,5,5
51556,1693227901358,1692255637132,1692255637136,1693227901367,9,4,5
51557,1693227901367,1692255637141,1692255637146,1693227901378,11,5,6
51558,1693227901378,1692255637151,1692255637156,1693227901387,9,5,4
51559,1693227901387,1692255637160,1692255637164,1693227901396,9,4,5
51560,1693227901396,1692255637171,1692255637175,1693227901407,11,4,7
51561,1693227901407,1692255637181,1692255637187,1693227901501,94,6,88
51562,1693227901501,1692255637276,1692255637281,1693227901513,12,5,7
51563,1693227901513,1692255637287,1692255637294,1693227901526,13,7,6
51564,1693227901526,1692255637299,1692255637303,1693227901536,10,4,6
51565,1693227901536,1692255637310,1692255637314,1693227901546,10,4,6
51566,1693227901546,1692255637320,1692255637325,1693227901557,11,5,6
51567,1693227901557,1692255637331,1692255637336,1693227901567,10,5,5
51568,1693227901567,1692255637341,1692255637345,1693227901576,9,4,5
51569,1693227901576,1692255637373,1692255637378,1693227901609,33,5,28
51570,1693227901609,1692255637383,1692255637387,1693227901618,9,4,5
51571,1693227901618,1692255637391,1692255637396,1693227901627,9,5,4
51572,1693227901627,1692255637401,1692255637404,1693227901638,11,3,8
51573,1693227901638,1692255637411,1692255637415,1693227901646,8,4,4
51574,1693227901646,1692255637420,1692255637423,1693227901655,9,3,6
51575,1693227901655,1692255637428,1692255637432,1693227901663,8,4,4
51576,1693227901663,1692255637437,1692255637441,1693227901672,9,4,5
51577,1693227901672,1692255637446,1692255637450,1693227901682,10,4,6
51578,1693227901682,1692255637455,1692255637460,1693227901714,32,5,27
51579,1693227901714,1692255637487,1692255637491,1693227901723,9,4,5
51580,1693227901723,1692255637497,1692255637500,1693227901732,9,3,6
51581,1693227901732,1692255637505,1692255637510,1693227901741,9,5,4
51582,1693227901741,1692255637515,1692255637520,1693227901751,10,5,5
51583,1693227901751,1692255637525,1692255637530,1693227901761,10,5,5
51584,1693227901761,1692255637535,1692255637540,1693227901771,10,5,5
51585,1693227901771,1692255637545,1692255637550,1693227901782,11,5,6
51586,1693227901782,1692255637555,1692255637559,1693227901791,9,4,5
51587,1693227901791,1692255637565,1692255637570,1693227901802,11,5,6
51588,1693227901802,1692255637576,1692255637580,1693227901812,10,4,6
51589,1693227901812,1692255637587,1692255637591,1693227901823,11,4,7
51590,1693227901823,1692255637597,1692255637601,1693227901833,10,4,6
51591,1693227901833,1692255637607,1692255637611,1693227901843,10,4,6
51592,1693227901843,1692255637617,1692255637622,1693227901854,11,5,6
51593,1693227901854,1692255637627,1692255637630,1693227901862,8,3,5
51594,1693227901862,1692255637636,1692255637640,1693227901871,9,4,5
51595,1693227901872,1692255637645,1692255637648,1693227901880,8,3,5
51596,1693227901880,1692255637653,1692255637658,1693227901890,10,5,5
51597,1693227901890,1692255637664,1692255637667,1693227901899,9,3,6
51598,1693227901899,1692255637672,1692255637676,1693227901908,9,4,5
51599,1693227901908,1692255637682,1692255637690,1693227901936,28,8,20
51600,1693227901936,1692255637711,1692255637715,1693227902158,222,4,218
51601,1693227902158,1692255637932,1692255637937,1693227902168,10,5,5
51602,1693227902168,1692255637943,1692255637948,1693227902180,12,5,7
51603,1693227902180,1692255637955,1692255637958,1693227902190,10,3,7
51604,1693227902190,1692255637964,1692255637968,1693227902200,10,4,6
51605,1693227902200,1692255637974,1692255637978,1693227902210,10,4,6
51606,1693227902210,1692255637984,1692255637988,1693227902219,9,4,5
51607,1693227902219,1692255637993,1692255637998,1693227902230,11,5,6
51608,1693227902230,1692255638004,1692255638007,1693227902239,9,3,6
51609,1693227902239,1692255638014,1692255638018,1693227902252,13,4,9
51610,1693227902252,1692255638026,1692255638031,1693227902263,11,5,6
51611,1693227902263,1692255638037,1692255638041,1693227902273,10,4,6
51612,1693227902273,1692255638047,1692255638051,1693227902283,10,4,6
51613,1693227902283,1692255638056,1692255638062,1693227902293,10,6,4
51614,1693227902293,1692255638067,1692255638073,1693227902304,11,6,5
51615,1693227902304,1692255638078,1692255638082,1693227902314,10,4,6
51616,1693227902314,1692255638088,1692255638092,1693227902324,10,4,6
51617,1693227902324,1692255638097,1692255638101,1693227902333,9,4,5
51618,1693227902333,1692255638106,1692255638110,1693227902342,9,4,5
51619,1693227902342,1692255638117,1692255638122,1693227902355,13,5,8
51620,1693227902355,1692255638128,1692255638133,1693227902385,30,5,25
51621,1693227902385,1692255638159,1692255638163,1693227902394,9,4,5
51622,1693227902394,1692255638168,1692255638171,1693227902403,9,3,6
51623,1693227902403,1692255638176,1692255638180,1693227902411,8,4,4
51624,1693227902411,1692255638185,1692255638188,1693227902420,9,3,6
51625,1693227902420,1692255638194,1692255638198,1693227902430,10,4,6
51626,1693227902430,1692255638203,1692255638206,1693227902438,8,3,5
51627,1693227902438,1692255638212,1692255638216,1693227902447,9,4,5
51628,1693227902447,1692255638221,1692255638225,1693227902457,10,4,6
51629,1693227902457,1692255638232,1692255638235,1693227902550,93,3,90
51630,1693227902551,1692255638326,1692255638329,1693227902561,10,3,7
51631,1693227902562,1692255638336,1692255638341,1693227902572,10,5,5
51632,1693227902572,1692255638347,1692255638351,1693227902583,11,4,7
51633,1693227902583,1692255638360,1692255638364,1693227902596,13,4,9
51634,1693227902596,1692255638370,1692255638373,1693227902605,9,3,6
51635,1693227902605,1692255638379,1692255638382,1693227902614,9,3,6
51636,1693227902614,1692255638387,1692255638393,1693227902625,11,6,5
51637,1693227902625,1692255638401,1692255638405,1693227902637,12,4,8
51638,1693227902637,1692255638411,1692255638415,1693227902647,10,4,6
51639,1693227902647,1692255638420,1692255638424,1693227902655,8,4,4
51640,1693227902655,1692255638429,1692255638433,1693227902665,10,4,6
51641,1693227902665,1692255638439,1692255638443,1693227902675,10,4,6
51642,1693227902675,1692255638449,1692255638454,1693227902686,11,5,6
51643,1693227902686,1692255638459,1692255638463,1693227902695,9,4,5
51644,1693227902695,1692255638469,1692255638473,1693227902705,10,4,6
51645,1693227902705,1692255638479,1692255638483,1693227902714,9,4,5
51646,1693227902714,1692255638489,1692255638494,1693227902725,11,5,6
51647,1693227902725,1692255638499,1692255638504,1693227902736,11,5,6
51648,1693227902736,1692255638510,1692255638514,1693227902746,10,4,6
51649,1693227902746,1692255638520,1692255638524,1693227902755,9,4,5
51650,1693227902756,1692255638529,1692255638532,1693227902764,8,3,5
51651,1693227902764,1692255638538,1692255638543,1693227902774,10,5,5
51652,1693227902774,1692255638548,1692255638553,1693227902785,11,5,6
51653,1693227902785,1692255638559,1692255638563,1693227902795,10,4,6
51654,1693227902795,1692255638569,1692255638574,1693227902805,10,5,5
51655,1693227902805,1692255638580,1692255638584,1693227902824,19,4,15
51656,1693227902824,1692255638611,1692255638616,1693227902847,23,5,18
51657,1693227902847,1692255638621,1692255638625,1693227902857,10,4,6
51658,1693227902857,1692255638631,1692255638635,1693227902867,10,4,6
51659,1693227902867,1692255638642,1692255638646,1693227902877,10,4,6
51660,1693227902877,1692255638651,1692255638655,1693227902887,10,4,6
51661,1693227902887,1692255638661,1692255638665,1693227902897,10,4,6
51662,1693227902897,1692255638671,1692255638675,1693227902906,9,4,5
51663,1693227902906,1692255638680,1692255638684,1693227902916,10,4,6
51664,1693227902916,1692255638690,1692255638695,1693227902926,10,5,5
51665,1693227902926,1692255638700,1692255638703,1693227902935,9,3,6
51666,1693227902935,1692255638710,1692255638716,1693227902948,13,6,7
51667,1693227902948,1692255638722,1692255638726,1693227902958,10,4,6
51668,1693227902958,1692255638731,1692255638736,1693227902970,12,5,7
51669,1693227902970,1692255638744,1692255638747,1693227902979,9,3,6
51670,1693227902979,1692255638753,1692255638757,1693227903206,227,4,223
51671,1693227903206,1692255638980,1692255638983,1693227903215,9,3,6
51672,1693227903215,1692255638988,1692255638992,1693227903224,9,4,5
51673,1693227903224,1692255638997,1692255639003,1693227903235,11,6,5
51674,1693227903235,1692255639009,1692255639013,1693227903244,9,4,5
51675,1693227903244,1692255639018,1692255639023,1693227903255,11,5,6
51676,1693227903255,1692255639028,1692255639032,1693227903264,9,4,5
51677,1693227903265,1692255639059,1692255639063,1693227903294,29,4,25
51678,1693227903294,1692255639068,1692255639073,1693227903304,10,5,5
51679,1693227903304,1692255639079,1692255639083,1693227903315,11,4,7
51680,1693227903315,1692255639089,1692255639092,1693227903324,9,3,6
51681,1693227903324,1692255639098,1692255639101,1693227903333,9,3,6
51682,1693227903333,1692255639106,1692255639111,1693227903343,10,5,5
51683,1693227903343,1692255639118,1692255639122,1693227903354,11,4,7
51684,1693227903354,1692255639127,1692255639130,1693227903362,8,3,5
51685,1693227903362,1692255639136,1692255639139,1693227903371,9,3,6
51686,1693227903371,1692255639144,1692255639148,1693227903379,8,4,4
51687,1693227903380,1692255639153,1692255639157,1693227903388,8,4,4
51688,1693227903388,1692255639163,1692255639167,1693227903398,10,4,6
51689,1693227903398,1692255639173,1692255639177,1693227903408,10,4,6
51690,1693227903409,1692255639182,1692255639186,1693227903417,8,4,4
51691,1693227903417,1692255639191,1692255639195,1693227903426,9,4,5
51692,1693227903426,1692255639200,1692255639203,1693227903435,9,3,6
51693,1693227903435,1692255639209,1692255639212,1693227903444,9,3,6
51694,1693227903444,1692255639220,1692255639224,1693227903455,11,4,7
51695,1693227903455,1692255639228,1692255639232,1693227903463,8,4,4
51696,1693227903463,1692255639236,1692255639239,1693227903471,8,3,5
51697,1693227903471,1692255639244,1692255639248,1693227903485,14,4,10
51698,1693227903485,1692255639258,1692255639262,1693227903493,8,4,4
51699,1693227903494,1692255639267,1692255639271,1693227903502,8,4,4
51700,1693227903502,1692255639276,1692255639279,1693227903596,94,3,91
51701,1693227903596,1692255639370,1692255639373,1693227903625,29,3,26
51702,1693227903625,1692255639398,1692255639402,1693227903634,9,4,5
51703,1693227903634,1692255639407,1692255639411,1693227903642,8,4,4
51704,1693227903642,1692255639419,1692255639424,1693227903656,14,5,9
51705,1693227903656,1692255639430,1692255639433,1693227903664,8,3,5
51706,1693227903664,1692255639438,1692255639441,1693227903673,9,3,6
51707,1693227903673,1692255639447,1692255639450,1693227903682,9,3,6
51708,1693227903682,1692255639457,1692255639461,1693227903692,10,4,6
51709,1693227903692,1692255639476,1692255639481,1693227903713,21,5,16
51710,1693227903713,1692255639487,1692255639491,1693227903723,10,4,6
51711,1693227903723,1692255639499,1692255639503,1693227903734,11,4,7
51712,1693227903734,1692255639508,1692255639512,1693227903744,10,4,6
51713,1693227903744,1692255639518,1692255639523,1693227903755,11,5,6
51714,1693227903755,1692255639529,1692255639533,1693227903765,10,4,6
51715,1693227903765,1692255639539,1692255639543,1693227903775,10,4,6
51716,1693227903775,1692255639548,1692255639552,1693227903784,9,4,5
51717,1693227903784,1692255639560,1692255639564,1693227903795,11,4,7
51718,1693227903796,1692255639569,1692255639573,1693227903804,8,4,4
51719,1693227903804,1692255639578,1692255639583,1693227903815,11,5,6
51720,1693227903815,1692255639589,1692255639593,1693227903825,10,4,6
51721,1693227903825,1692255639599,1692255639604,1693227903835,10,5,5
51722,1693227903835,1692255639609,1692255639613,1693227903845,10,4,6
51723,1693227903845,1692255639618,1692255639623,1693227903854,9,5,4
51724,1693227903854,1692255639627,1692255639631,1693227903863,9,4,5
51725,1693227903863,1692255639637,1692255639641,1693227903873,10,4,6
51726,1693227903873,1692255639646,1692255639651,1693227903882,9,5,4
51727,1693227903882,1692255639656,1692255639660,1693227903891,9,4,5
51728,1693227903891,1692255639665,1692255639669,1693227903900,9,4,5
51729,1693227903900,1692255639677,1692255639681,1693227903913,13,4,9
51730,1693227903913,1692255639687,1692255639692,1693227903924,11,5,6
51731,1693227903924,1692255639698,1692255639703,1693227903934,10,5,5
51732,1693227903934,1692255639708,1692255639712,1693227903962,28,4,24
51733,1693227903962,1692255639736,1692255639740,1693227903971,9,4,5
51734,1693227903971,1692255639745,1692255639749,1693227903981,10,4,6
51735,1693227903981,1692255639759,1692255639763,1693227903994,13,4,9
51736,1693227903994,1692255639768,1692255639773,1693227904004,10,5,5
51737,1693227904004,1692255639778,1692255639784,1693227904016,12,6,6
51738,1693227904016,1692255639789,1692255639794,1693227904025,9,5,4
51739,1693227904026,1692255639799,1692255639804,1693227904254,228,5,223
51740,1693227904254,1692255640029,1692255640033,1693227904265,11,4,7
51741,1693227904265,1692255640040,1692255640044,1693227904276,11,4,7
51742,1693227904276,1692255640051,1692255640055,1693227904287,11,4,7
51743,1693227904287,1692255640060,1692255640065,1693227904296,9,5,4
51744,1693227904296,1692255640073,1692255640077,1693227904309,13,4,9
51745,1693227904309,1692255640083,1692255640087,1693227904319,10,4,6
51746,1693227904319,1692255640093,1692255640098,1693227904330,11,5,6
51747,1693227904330,1692255640104,1692255640107,1693227904339,9,3,6
51748,1693227904339,1692255640112,1692255640116,1693227904348,9,4,5
51749,1693227904348,1692255640122,1692255640125,1693227904357,9,3,6
51750,1693227904357,1692255640130,1692255640133,1693227904365,8,3,5
51751,1693227904365,1692255640139,1692255640143,1693227904374,9,4,5
51752,1693227904374,1692255640149,1692255640153,1693227904385,11,4,7
51753,1693227904385,1692255640159,1692255640163,1693227904409,24,4,20
51754,1693227904409,1692255640183,1692255640187,1693227904418,9,4,5
51755,1693227904418,1692255640191,1692255640195,1693227904427,9,4,5
51756,1693227904427,1692255640200,1692255640204,1693227904435,8,4,4
51757,1693227904435,1692255640209,1692255640212,1693227904444,9,3,6
51758,1693227904444,1692255640217,1692255640221,1693227904453,9,4,5
51759,1693227904453,1692255640227,1692255640230,1693227904461,8,3,5
51760,1693227904461,1692255640234,1692255640238,1693227904469,8,4,4
51761,1693227904469,1692255640244,1692255640248,1693227904480,11,4,7
51762,1693227904480,1692255640254,1692255640258,1693227904490,10,4,6
51763,1693227904490,1692255640268,1692255640272,1693227904505,15,4,11
51764,1693227904505,1692255640279,1692255640284,1693227904516,11,5,6
51765,1693227904516,1692255640290,1692255640294,1693227904526,10,4,6
51766,1693227904526,1692255640301,1692255640305,1693227904537,11,4,7
51767,1693227904537,1692255640311,1692255640315,1693227904546,9,4,5
51768,1693227904546,1692255640321,1692255640325,1693227904648,102,4,98
51769,1693227904648,1692255640422,1692255640426,1693227904658,10,4,6
51770,1693227904658,1692255640432,1692255640436,1693227904668,10,4,6
51771,1693227904668,1692255640442,1692255640447,1693227904679,11,5,6
51772,1693227904679,1692255640453,1692255640458,1693227904689,10,5,5
51773,1693227904689,1692255640462,1692255640467,1693227904698,9,5,4
51774,1693227904698,1692255640472,1692255640477,1693227904710,12,5,7
51775,1693227904710,1692255640484,1692255640488,1693227904720,10,4,6
51776,1693227904720,1692255640495,1692255640500,1693227904745,25,5,20
51777,1693227904745,1692255640520,1692255640526,1693227904757,12,6,6
51778,1693227904757,1692255640531,1692255640536,1693227904768,11,5,6
51779,1693227904768,1692255640543,1692255640548,1693227904779,11,5,6
51780,1693227904779,1692255640553,1692255640558,1693227904790,11,5,6
51781,1693227904790,1692255640564,1692255640568,1693227904800,10,4,6
51782,1693227904800,1692255640574,1692255640579,1693227904812,12,5,7
51783,1693227904812,1692255640586,1692255640592,1693227904824,12,6,6
51784,1693227904824,1692255640599,1692255640603,1693227904836,12,4,8
51785,1693227904836,1692255640634,1692255640639,1693227904871,35,5,30
51786,1693227904871,1692255640645,1692255640650,1693227904881,10,5,5
51787,1693227904882,1692255640656,1692255640662,1693227904894,12,6,6
51788,1693227904894,1692255640669,1692255640674,1693227904906,12,5,7
51789,1693227904906,1692255640681,1692255640686,1693227904917,11,5,6
51790,1693227904918,1692255640691,1692255640695,1693227904927,9,4,5
51791,1693227904927,1692255640701,1692255640705,1693227904937,10,4,6
51792,1693227904937,1692255640711,1692255640716,1693227904947,10,5,5
51793,1693227904947,1692255640721,1692255640726,1693227904957,10,5,5
51794,1693227904957,1692255640731,1692255640735,1693227904967,10,4,6
51795,1693227904967,1692255640741,1692255640745,1693227904977,10,4,6
51796,1693227904977,1692255640757,1692255640761,1693227904993,16,4,12
51797,1693227904993,1692255640766,1692255640770,1693227905002,9,4,5
51798,1693227905002,1692255640781,1692255640785,1693227905019,17,4,13
51799,1693227905019,1692255640793,1692255640797,1693227905029,10,4,6
51800,1693227905029,1692255640804,1692255640808,1693227905042,13,4,9
51801,1693227905042,1692255640825,1692255640830,1693227905083,41,5,36
51802,1693227905083,1692255640859,1692255640863,1693227905302,219,4,215
51803,1693227905302,1692255641076,1692255641081,1693227905313,11,5,6
51804,1693227905313,1692255641086,1692255641090,1693227905324,11,4,7
51805,1693227905324,1692255641097,1692255641101,1693227905333,9,4,5
51806,1693227905333,1692255641106,1692255641110,1693227905341,8,4,4
51807,1693227905341,1692255641114,1692255641118,1693227905349,8,4,4
51808,1693227905349,1692255641123,1692255641127,1693227905360,11,4,7
51809,1693227905360,1692255641134,1692255641138,1693227905370,10,4,6
51810,1693227905370,1692255641144,1692255641149,1693227905380,10,5,5
51811,1693227905380,1692255641155,1692255641159,1693227905391,11,4,7
51812,1693227905391,1692255641166,1692255641171,1693227905403,12,5,7
51813,1693227905403,1692255641177,1692255641181,1693227905413,10,4,6
51814,1693227905413,1692255641187,1692255641191,1693227905423,10,4,6
51815,1693227905423,1692255641199,1692255641203,1693227905435,12,4,8
51816,1693227905435,1692255641209,1692255641212,1693227905444,9,3,6
51817,1693227905444,1692255641218,1692255641223,1693227905455,11,5,6
51818,1693227905455,1692255641229,1692255641236,1693227905468,13,7,6
51819,1693227905468,1692255641242,1692255641248,1693227905480,12,6,6
51820,1693227905480,1692255641254,1692255641259,1693227905491,11,5,6
51821,1693227905491,1692255641268,1692255641273,1693227905505,14,5,9
51822,1693227905505,1692255641279,1692255641284,1693227905536,31,5,26
51823,1693227905537,1692255641313,1692255641318,1693227905549,12,5,7
51824,1693227905549,1692255641323,1692255641329,1693227905561,12,6,6
51825,1693227905561,1692255641335,1692255641340,1693227905572,11,5,6
51826,1693227905572,1692255641346,1692255641351,1693227905583,11,5,6
51827,1693227905583,1692255641357,1692255641362,1693227905593,10,5,5
51828,1693227905593,1692255641367,1692255641371,1693227905602,9,4,5
51829,1693227905602,1692255641377,1692255641382,1693227905695,93,5,88
51830,1693227905695,1692255641469,1692255641473,1693227905705,10,4,6
51831,1693227905705,1692255641479,1692255641484,1693227905716,11,5,6
51832,1693227905717,1692255641491,1692255641496,1693227905728,11,5,6
51833,1693227905728,1692255641503,1692255641509,1693227905741,13,6,7
51834,1693227905741,1692255641516,1692255641521,1693227905753,12,5,7
51835,1693227905753,1692255641527,1692255641532,1693227905764,11,5,6
51836,1693227905764,1692255641538,1692255641543,1693227905775,11,5,6
51837,1693227905775,1692255641549,1692255641555,1693227905787,12,6,6
51838,1693227905787,1692255641561,1692255641566,1693227905798,11,5,6
51839,1693227905798,1692255641572,1692255641577,1693227905808,10,5,5
51840,1693227905808,1692255641582,1692255641587,1693227905818,10,5,5
51841,1693227905818,1692255641592,1692255641598,1693227905829,11,6,5
51842,1693227905829,1692255641603,1692255641608,1693227905839,10,5,5
51843,1693227905839,1692255641613,1692255641618,1693227905850,11,5,6
51844,1693227905850,1692255641624,1692255641628,1693227905860,10,4,6
51845,1693227905860,1692255641634,1692255641639,1693227905870,10,5,5
51846,1693227905870,1692255641644,1692255641649,1693227905881,11,5,6
51847,1693227905881,1692255641656,1692255641660,1693227905893,12,4,8
51848,1693227905893,1692255641667,1692255641671,1693227905903,10,4,6
51849,1693227905903,1692255641678,1692255641683,1693227905914,11,5,6
51850,1693227905915,1692255641689,1692255641694,1693227905926,11,5,6
51851,1693227905926,1692255641700,1692255641704,1693227905935,9,4,5
51852,1693227905935,1692255641710,1692255641714,1693227905945,10,4,6
51853,1693227905946,1692255641720,1692255641726,1693227905957,11,6,5
51854,1693227905957,1692255641731,1692255641736,1693227905984,27,5,22
51855,1693227905984,1692255641759,1692255641765,1693227905996,12,6,6
51856,1693227905996,1692255641771,1692255641779,1693227906013,17,8,9
51857,1693227906013,1692255641788,1692255641793,1693227906025,12,5,7
51858,1693227906025,1692255641799,1692255641804,1693227906037,12,5,7
51859,1693227906037,1692255641817,1692255641823,1693227906055,18,6,12
51860,1693227906055,1692255641829,1692255641834,1693227906066,11,5,6
51861,1693227906066,1692255641840,1692255641845,1693227906076,10,5,5
51862,1693227906077,1692255641851,1692255641855,1693227906086,9,4,5
51863,1693227906086,1692255641860,1692255641863,1693227906095,9,3,6
51864,1693227906095,1692255641868,1692255641872,1693227906104,9,4,5
51865,1693227906104,1692255641878,1692255641882,1693227906113,9,4,5
51866,1693227906113,1692255641888,1692255641892,1693227906123,10,4,6
51867,1693227906123,1692255641897,1692255641901,1693227906351,228,4,224
51868,1693227906351,1692255642127,1692255642132,1693227906364,13,5,8
51869,1693227906364,1692255642141,1692255642147,1693227906378,14,6,8
51870,1693227906378,1692255642153,1692255642158,1693227906389,11,5,6
51871,1693227906389,1692255642163,1692255642168,1693227906400,11,5,6
51872,1693227906400,1692255642176,1692255642181,1693227906432,32,5,27
51873,1693227906432,1692255642205,1692255642209,1693227906441,9,4,5
51874,1693227906441,1692255642215,1692255642219,1693227906451,10,4,6
51875,1693227906451,1692255642226,1692255642230,1693227906462,11,4,7
51876,1693227906462,1692255642236,1692255642240,1693227906472,10,4,6
51877,1693227906472,1692255642246,1692255642251,1693227906483,11,5,6
51878,1693227906483,1692255642257,1692255642261,1693227906493,10,4,6
51879,1693227906493,1692255642269,1692255642273,1693227906505,12,4,8
51880,1693227906506,1692255642280,1692255642284,1693227906515,9,4,5
51881,1693227906515,1692255642289,1692255642294,1693227906526,11,5,6
51882,1693227906526,1692255642300,1692255642305,1693227906537,11,5,6
51883,1693227906537,1692255642312,1692255642317,1693227906549,12,5,7
51884,1693227906549,1692255642325,1692255642329,1693227906560,11,4,7
51885,1693227906560,1692255642334,1692255642338,1693227906569,9,4,5
51886,1693227906569,1692255642343,1692255642347,1693227906581,12,4,8
51887,1693227906581,1692255642359,1692255642364,1693227906596,15,5,10
51888,1693227906596,1692255642370,1692255642375,1693227906607,11,5,6
51889,1693227906607,1692255642381,1692255642385,1693227906617,10,4,6
51890,1693227906617,1692255642391,1692255642394,1693227906626,9,3,6
51891,1693227906626,1692255642400,1692255642404,1693227906636,10,4,6
51892,1693227906636,1692255642410,1692255642414,1693227906646,10,4,6
51893,1693227906646,1692255642421,1692255642429,1693227906741,95,8,87
51894,1693227906741,1692255642515,1692255642519,1693227906767,26,4,22
51895,1693227906767,1692255642541,1692255642545,1693227906777,10,4,6
51896,1693227906777,1692255642550,1692255642555,1693227906786,9,5,4
51897,1693227906786,1692255642559,1692255642564,1693227906795,9,5,4
51898,1693227906795,1692255642570,1692255642574,1693227906806,11,4,7
51899,1693227906806,1692255642580,1692255642584,1693227906815,9,4,5
51900,1693227906815,1692255642589,1692255642593,1693227906825,10,4,6
51901,1693227906825,1692255642599,1692255642603,1693227906835,10,4,6
51902,1693227906835,1692255642609,1692255642612,1693227906844,9,3,6
51903,1693227906844,1692255642617,1692255642620,1693227906852,8,3,5
51904,1693227906852,1692255642626,1692255642630,1693227906862,10,4,6
51905,1693227906862,1692255642635,1692255642638,1693227906870,8,3,5
51906,1693227906870,1692255642643,1692255642646,1693227906878,8,3,5
51907,1693227906878,1692255642651,1692255642654,1693227906886,8,3,5
51908,1693227906886,1692255642660,1692255642664,1693227906896,10,4,6
51909,1693227906896,1692255642670,1692255642675,1693227906906,10,5,5
51910,1693227906906,1692255642680,1692255642683,1693227906915,9,3,6
51911,1693227906915,1692255642689,1692255642693,1693227906925,10,4,6
51912,1693227906925,1692255642698,1692255642703,1693227906934,9,5,4
51913,1693227906934,1692255642708,1692255642712,1693227906943,9,4,5
51914,1693227906943,1692255642717,1692255642721,1693227906952,9,4,5
51915,1693227906952,1692255642726,1692255642729,1693227906962,10,3,7
51916,1693227906963,1692255642737,1692255642741,1693227906973,10,4,6
51917,1693227906973,1692255642747,1692255642751,1693227906982,9,4,5
51918,1693227906982,1692255642756,1692255642760,1693227906992,10,4,6
51919,1693227906992,1692255642766,1692255642770,1693227907002,10,4,6
51920,1693227907002,1692255642776,1692255642779,1693227907011,9,3,6
51921,1693227907011,1692255642785,1692255642790,1693227907021,10,5,5
51922,1693227907021,1692255642802,1692255642806,1693227907038,17,4,13
51923,1693227907038,1692255642812,1692255642817,1693227907049,11,5,6
51924,1693227907049,1692255642824,1692255642828,1693227907060,11,4,7
51925,1693227907060,1692255642837,1692255642842,1693227907074,14,5,9
51926,1693227907074,1692255642848,1692255642852,1693227907108,34,4,30
51927,1693227907108,1692255642882,1692255642886,1693227907118,10,4,6
51928,1693227907118,1692255642891,1692255642895,1693227907127,9,4,5
51929,1693227907127,1692255642901,1692255642905,1693227907137,10,4,6
51930,1693227907137,1692255642910,1692255642916,1693227907147,10,6,4
51931,1693227907147,1692255642922,1692255642926,1693227907158,11,4,7
51932,1693227907158,1692255642931,1692255642936,1693227907168,10,5,5
51933,1693227907168,1692255642942,1692255642946,1693227907178,10,4,6
51934,1693227907178,1692255643173,1692255643177,1693227907409,231,4,227
51935,1693227907409,1692255643182,1692255643186,1693227907417,8,4,4
51936,1693227907417,1692255643191,1692255643195,1693227907427,10,4,6
51937,1693227907427,1692255643201,1692255643205,1693227907436,9,4,5
51938,1693227907436,1692255643210,1692255643214,1693227907446,10,4,6
51939,1693227907446,1692255643219,1692255643223,1693227907454,8,4,4
51940,1693227907454,1692255643229,1692255643233,1693227907465,11,4,7
51941,1693227907465,1692255643239,1692255643243,1693227907475,10,4,6
51942,1693227907475,1692255643248,1692255643252,1693227907485,10,4,6
51943,1693227907485,1692255643259,1692255643263,1693227907494,9,4,5
51944,1693227907494,1692255643268,1692255643271,1693227907503,9,3,6
51945,1693227907503,1692255643276,1692255643279,1693227907511,8,3,5
51946,1693227907511,1692255643284,1692255643288,1693227907519,8,4,4
51947,1693227907520,1692255643294,1692255643298,1693227907529,9,4,5
51948,1693227907529,1692255643303,1692255643307,1693227907792,263,4,259
51949,1693227907792,1692255643566,1692255643571,1693227907802,10,5,5
51950,1693227907802,1692255643576,1692255643581,1693227907812,10,5,5
51951,1693227907812,1692255643586,1692255643590,1693227907822,10,4,6
51952,1693227907822,1692255643596,1692255643600,1693227907831,9,4,5
51953,1693227907831,1692255643605,1692255643609,1693227907841,10,4,6
51954,1693227907841,1692255643615,1692255643619,1693227907852,11,4,7
51955,1693227907852,1692255643626,1692255643633,1693227907865,13,7,6
51956,1693227907865,1692255643639,1692255643643,1693227907890,25,4,21
51957,1693227907890,1692255643664,1692255643668,1693227907900,10,4,6
51958,1693227907900,1692255643674,1692255643678,1693227907910,10,4,6
51959,1693227907910,1692255643684,1692255643688,1693227907920,10,4,6
51960,1693227907920,1692255643696,1692255643700,1693227907932,12,4,8
51961,1693227907932,1692255643705,1692255643710,1693227907941,9,5,4
51962,1693227907941,1692255643715,1692255643719,1693227907951,10,4,6
51963,1693227907951,1692255643727,1692255643730,1693227907962,11,3,8
51964,1693227907962,1692255643736,1692255643740,1693227907971,9,4,5
51965,1693227907971,1692255643745,1692255643748,1693227907980,9,3,6
51966,1693227907980,1692255643779,1692255643785,1693227908017,37,6,31
51967,1693227908017,1692255643791,1692255643794,1693227908026,9,3,6
51968,1693227908026,1692255643800,1692255643804,1693227908036,10,4,6
51969,1693227908036,1692255643810,1692255643814,1693227908047,11,4,7
51970,1693227908047,1692255643821,1692255643824,1693227908056,9,3,6
51971,1693227908056,1692255643830,1692255643834,1693227908066,10,4,6
51972,1693227908066,1692255643839,1692255643844,1693227908076,10,5,5
51973,1693227908076,1692255643850,1692255643855,1693227908090,14,5,9
51974,1693227908090,1692255643864,1692255643868,1693227908099,9,4,5
51975,1693227908099,1692255643873,1692255643877,1693227908108,9,4,5
51976,1693227908108,1692255643882,1692255643887,1693227908119,11,5,6
51977,1693227908119,1692255643893,1692255643896,1693227908128,9,3,6
51978,1693227908128,1692255643902,1692255643906,1693227908137,9,4,5
51979,1693227908137,1692255643911,1692255643915,1693227908146,9,4,5
51980,1693227908146,1692255643920,1692255643923,1693227908155,9,3,6
51981,1693227908155,1692255643929,1692255643932,1693227908164,9,3,6
51982,1693227908164,1692255643939,1692255643943,1693227908175,11,4,7
51983,1693227908175,1692255643948,1692255643953,1693227908184,9,5,4
51984,1693227908184,1692255643957,1692255643961,1693227908193,9,4,5
51985,1693227908193,1692255643966,1692255643970,1693227908201,8,4,4
51986,1693227908201,1692255643975,1692255643978,1693227908227,26,3,23
51987,1693227908227,1692255644001,1692255644004,1693227908451,224,3,221
51988,1693227908451,1692255644225,1692255644229,1693227908461,10,4,6
51989,1693227908461,1692255644235,1692255644239,1693227908471,10,4,6
51990,1693227908471,1692255644245,1692255644249,1693227908481,10,4,6
51991,1693227908481,1692255644255,1692255644259,1693227908491,10,4,6
51992,1693227908491,1692255644264,1692255644268,1693227908501,10,4,6
51993,1693227908501,1692255644275,1692255644280,1693227908512,11,5,6
51994,1693227908512,1692255644286,1692255644291,1693227908522,10,5,5
51995,1693227908522,1692255644299,1692255644304,1693227908535,13,5,8
51996,1693227908535,1692255644309,1692255644314,1693227908546,11,5,6
51997,1693227908546,1692255644319,1692255644323,1693227908555,9,4,5
51998,1693227908555,1692255644329,1692255644332,1693227908564,9,3,6
51999,1693227908564,1692255644341,1692255644346,1693227908577,13,5,8
52000,1693227908577,1692255644351,1692255644356,1693227908587,10,5,5
52001,1693227908588,1692255644362,1692255644365,1693227908597,9,3,6
52002,1693227908597,1692255644373,1692255644377,1693227908609,12,4,8
52003,1693227908609,1692255644383,1692255644390,1693227908622,13,7,6
52004,1693227908622,1692255644397,1692255644400,1693227908632,10,3,7
52005,1693227908632,1692255644406,1692255644410,1693227908641,9,4,5
52006,1693227908641,1692255644415,1692255644419,1693227908651,10,4,6
52007,1693227908651,1692255644448,1692255644453,1693227908684,33,5,28
52008,1693227908684,1692255644458,1692255644463,1693227908695,11,5,6
52009,1693227908695,1692255644469,1692255644473,1693227908705,10,4,6
52010,1693227908705,1692255644479,1692255644484,1693227908716,11,5,6
52011,1693227908716,1692255644490,1692255644494,1693227908725,9,4,5
52012,1693227908725,1692255644500,1692255644504,1693227908736,11,4,7
52013,1693227908736,1692255644510,1692255644514,1693227908746,10,4,6
52014,1693227908746,1692255644520,1692255644524,1693227908842,96,4,92
52015,1693227908842,1692255644616,1692255644620,1693227908852,10,4,6
52016,1693227908852,1692255644626,1692255644630,1693227908862,10,4,6
52017,1693227908862,1692255644636,1692255644640,1693227908871,9,4,5
52018,1693227908871,1692255644648,1692255644652,1693227908883,12,4,8
52019,1693227908883,1692255644658,1692255644662,1693227908893,10,4,6
52020,1693227908893,1692255644667,1692255644670,1693227908902,9,3,6
52021,1693227908902,1692255644676,1692255644679,1693227908911,9,3,6
52022,1693227908911,1692255644685,1692255644688,1693227908919,8,3,5
52023,1693227908919,1692255644693,1692255644697,1693227908928,9,4,5
52024,1693227908928,1692255644704,1692255644707,1693227908939,11,3,8
52025,1693227908939,1692255644712,1692255644716,1693227908947,8,4,4
52026,1693227908947,1692255644721,1692255644724,1693227908956,9,3,6
52027,1693227908956,1692255644730,1692255644733,1693227908964,8,3,5
52028,1693227908964,1692255644738,1692255644742,1693227908973,9,4,5
52029,1693227908973,1692255644749,1692255644753,1693227908985,12,4,8
52030,1693227908985,1692255644759,1692255644763,1693227908995,10,4,6
52031,1693227908995,1692255644769,1692255644773,1693227909004,9,4,5
52032,1693227909004,1692255644778,1692255644783,1693227909014,10,5,5
52033,1693227909014,1692255644788,1692255644792,1693227909024,10,4,6
52034,1693227909024,1692255644798,1692255644802,1693227909034,10,4,6
52035,1693227909034,1692255644807,1692255644811,1693227909043,9,4,5
52036,1693227909043,1692255644816,1692255644820,1693227909052,9,4,5
52037,1693227909052,1692255644825,1692255644830,1693227909062,10,5,5
52038,1693227909062,1692255644835,1692255644839,1693227909070,8,4,4
52039,1693227909070,1692255644845,1692255644848,1693227909079,9,3,6
52040,1693227909079,1692255644853,1692255644859,1693227909090,11,6,5
52041,1693227909090,1692255644865,1692255644868,1693227909099,9,3,6
52042,1693227909100,1692255644873,1692255644877,1693227909128,28,4,24
52043,1693227909129,1692255644904,1692255644907,1693227909139,10,3,7
52044,1693227909139,1692255644912,1692255644916,1693227909147,8,4,4
52045,1693227909147,1692255644921,1692255644924,1693227909156,9,3,6
52046,1693227909156,1692255644930,1692255644933,1693227909165,9,3,6
52047,1693227909165,1692255644938,1692255644941,1693227909173,8,3,5
52048,1693227909173,1692255644946,1692255644950,1693227909181,8,4,4
52049,1693227909181,1692255644955,1692255644959,1693227909190,9,4,5
52050,1693227909190,1692255644964,1692255644967,1693227909198,8,3,5
52051,1693227909198,1692255644972,1692255644975,1693227909207,9,3,6
52052,1693227909207,1692255644980,1692255644983,1693227909215,8,3,5
52053,1693227909215,1692255644989,1692255644992,1693227909224,9,3,6
52054,1693227909224,1692255644999,1692255645004,1693227909235,11,5,6
52055,1693227909235,1692255645010,1692255645014,1693227909245,10,4,6
52056,1693227909245,1692255645019,1692255645024,1693227909256,11,5,6
52057,1693227909256,1692255645030,1692255645034,1693227909266,10,4,6
52058,1693227909266,1692255645039,1692255645043,1693227909496,230,4,226
52059,1693227909496,1692255645272,1692255645276,1693227909508,12,4,8
52060,1693227909508,1692255645282,1692255645286,1693227909518,10,4,6
52061,1693227909518,1692255645294,1692255645298,1693227909530,12,4,8
52062,1693227909530,1692255645304,1692255645308,1693227909540,10,4,6
52063,1693227909540,1692255645314,1692255645318,1693227909549,9,4,5
52064,1693227909549,1692255645323,1692255645327,1693227909577,28,4,24
52065,1693227909577,1692255645352,1692255645356,1693227909588,11,4,7
52066,1693227909588,1692255645365,1692255645369,1693227909601,13,4,9
52067,1693227909601,1692255645376,1692255645379,1693227909611,10,3,7
52068,1693227909611,1692255645385,1692255645390,1693227909621,10,5,5
52069,1693227909621,1692255645397,1692255645402,1693227909634,13,5,8
52070,1693227909634,1692255645408,1692255645412,1693227909644,10,4,6
52071,1693227909644,1692255645418,1692255645422,1693227909675,31,4,27
52072,1693227909675,1692255645458,1692255645462,1693227909694,19,4,15
52073,1693227909694,1692255645468,1692255645473,1693227909705,11,5,6
52074,1693227909705,1692255645479,1692255645482,1693227909714,9,3,6
52075,1693227909714,1692255645488,1692255645492,1693227909723,9,4,5
52076,1693227909723,1692255645499,1692255645503,1693227909735,12,4,8
52077,1693227909735,1692255645509,1692255645515,1693227909747,12,6,6
52078,1693227909747,1692255645521,1692255645525,1693227909757,10,4,6
52079,1693227909757,1692255645532,1692255645536,1693227909768,11,4,7
52080,1693227909768,1692255645542,1692255645546,1693227909778,10,4,6
52081,1693227909778,1692255645556,1692255645560,1693227909792,14,4,10
52082,1693227909792,1692255645565,1692255645568,1693227909917,125,3,122
52083,1693227909917,1692255645691,1692255645696,1693227909927,10,5,5
52084,1693227909927,1692255645701,1692255645705,1693227909937,10,4,6
52085,1693227909937,1692255645711,1692255645715,1693227909947,10,4,6
52086,1693227909947,1692255645721,1692255645725,1693227909957,10,4,6
52087,1693227909957,1692255645731,1692255645734,1693227909965,8,3,5
52088,1693227909965,1692255645738,1692255645743,1693227909975,10,5,5
52089,1693227909975,1692255645748,1692255645752,1693227909983,8,4,4
52090,1693227909983,1692255645764,1692255645767,1693227909998,15,3,12
52091,1693227909998,1692255645772,1692255645776,1693227910007,9,4,5
52092,1693227910008,1692255645781,1692255645784,1693227910016,8,3,5
52093,1693227910016,1692255645790,1692255645794,1693227910025,9,4,5
52094,1693227910025,1692255645799,1692255645803,1693227910038,13,4,9
52095,1693227910038,1692255645811,1692255645815,1693227910046,8,4,4
52096,1693227910046,1692255645820,1692255645823,1693227910055,9,3,6
52097,1693227910055,1692255645828,1692255645832,1693227910067,12,4,8
52098,1693227910067,1692255645840,1692255645844,1693227910075,8,4,4
52099,1693227910075,1692255645850,1692255645853,1693227910085,10,3,7
52100,1693227910085,1692255645858,1692255645862,1693227910093,8,4,4
52101,1693227910094,1692255645867,1692255645870,1693227910103,9,3,6
52102,1693227910103,1692255645877,1692255645881,1693227910112,9,4,5
52103,1693227910112,1692255645887,1692255645890,1693227910122,10,3,7
52104,1693227910122,1692255645897,1692255645900,1693227910132,10,3,7
52105,1693227910132,1692255645905,1692255645908,1693227910140,8,3,5
52106,1693227910140,1692255645915,1692255645918,1693227910150,10,3,7
52107,1693227910150,1692255645923,1692255645927,1693227910159,9,4,5
52108,1693227910159,1692255645932,1692255645936,1693227910167,8,4,4
52109,1693227910167,1692255645945,1692255645948,1693227910180,13,3,10
52110,1693227910180,1692255645955,1692255645959,1693227910191,11,4,7
52111,1693227910191,1692255645967,1692255645971,1693227910203,12,4,8
52112,1693227910203,1692255645977,1692255645981,1693227910213,10,4,6
52113,1693227910213,1692255645987,1692255645992,1693227910224,11,5,6
52114,1693227910224,1692255645997,1692255646002,1693227910257,33,5,28
52115,1693227910257,1692255646031,1692255646035,1693227910267,10,4,6
52116,1693227910267,1692255646040,1692255646044,1693227910276,9,4,5
52117,1693227910276,1692255646050,1692255646054,1693227910285,9,4,5
52118,1693227910286,1692255646060,1692255646063,1693227910295,9,3,6
52119,1693227910295,1692255646068,1692255646072,1693227910303,8,4,4
52120,1693227910303,1692255646077,1692255646080,1693227910312,9,3,6
52121,1693227910312,1692255646085,1692255646089,1693227910321,9,4,5
52122,1693227910321,1692255646094,1692255646098,1693227910547,226,4,222
52123,1693227910547,1692255646322,1692255646325,1693227910557,10,3,7
52124,1693227910557,1692255646331,1692255646336,1693227910567,10,5,5
52125,1693227910567,1692255646342,1692255646345,1693227910577,10,3,7
52126,1693227910577,1692255646351,1692255646355,1693227910586,9,4,5
52127,1693227910587,1692255646360,1692255646364,1693227910596,9,4,5
52128,1693227910596,1692255646370,1692255646374,1693227910605,9,4,5
52129,1693227910606,1692255646379,1692255646383,1693227910617,11,4,7
52130,1693227910617,1692255646391,1692255646395,1693227910626,9,4,5
52131,1693227910626,1692255646400,1692255646404,1693227910636,10,4,6
52132,1693227910636,1692255646410,1692255646413,1693227910645,9,3,6
52133,1693227910645,1692255646421,1692255646424,1693227910656,11,3,8
52134,1693227910656,1692255646430,1692255646433,1693227910665,9,3,6
52135,1693227910665,1692255646442,1692255646446,1693227910677,12,4,8
52136,1693227910678,1692255646474,1692255646478,1693227910709,31,4,27
52137,1693227910709,1692255646483,1692255646486,1693227910718,9,3,6
52138,1693227910718,1692255646492,1692255646496,1693227910728,10,4,6
52139,1693227910728,1692255646502,1692255646507,1693227910738,10,5,5
52140,1693227910738,1692255646512,1692255646516,1693227910748,10,4,6
52141,1693227910748,1692255646523,1692255646528,1693227910759,11,5,6
52142,1693227910759,1692255646534,1692255646538,1693227910770,11,4,7
52143,1693227910770,1692255646544,1692255646547,1693227910779,9,3,6
52144,1693227910779,1692255646552,1692255646556,1693227910788,9,4,5
52145,1693227910788,1692255646562,1692255646566,1693227910797,9,4,5
52146,1693227910797,1692255646572,1692255646578,1693227910809,12,6,6
52147,1693227910809,1692255646584,1692255646589,1693227910821,12,5,7
52148,1693227910821,1692255646595,1692255646600,1693227910831,10,5,5
52149,1693227910832,1692255646605,1692255646609,1693227910841,9,4,5
52150,1693227910841,1692255646614,1692255646619,1693227910939,98,5,93
52151,1693227910939,1692255646712,1692255646718,1693227910949,10,6,4
52152,1693227910949,1692255646727,1692255646731,1693227910962,13,4,9
52153,1693227910962,1692255646736,1692255646740,1693227910972,10,4,6
52154,1693227910972,1692255646745,1692255646749,1693227910980,8,4,4
52155,1693227910980,1692255646753,1692255646757,1693227910989,9,4,5
52156,1693227910989,1692255646763,1692255646767,1693227910998,9,4,5
52157,1693227910998,1692255646772,1692255646775,1693227911007,9,3,6
52158,1693227911007,1692255646781,1692255646784,1693227911017,10,3,7
52159,1693227911017,1692255646815,1692255646819,1693227911050,33,4,29
52160,1693227911050,1692255646824,1692255646827,1693227911059,9,3,6
52161,1693227911059,1692255646834,1692255646840,1693227911071,12,6,6
52162,1693227911072,1692255646846,1692255646850,1693227911082,10,4,6
52163,1693227911082,1692255646855,1692255646861,1693227911093,11,6,5
52164,1693227911093,1692255646867,1692255646871,1693227911102,9,4,5
52165,1693227911102,1692255646876,1692255646880,1693227911112,10,4,6
52166,1693227911112,1692255646886,1692255646890,1693227911122,10,4,6
52167,1693227911122,1692255646896,1692255646900,1693227911151,29,4,25
52168,1693227911151,1692255646925,1692255646933,1693227911164,13,8,5
52169,1693227911164,1692255646938,1692255646942,1693227911173,9,4,5
52170,1693227911173,1692255646947,1692255646952,1693227911184,11,5,6
52171,1693227911184,1692255646959,1692255646963,1693227911195,11,4,7
52172,1693227911195,1692255646970,1692255646976,1693227911208,13,6,7
52173,1693227911208,1692255646983,1692255646987,1693227911219,11,4,7
52174,1693227911219,1692255646994,1692255646998,1693227911230,11,4,7
52175,1693227911230,1692255647004,1692255647008,1693227911239,9,4,5
52176,1693227911239,1692255647014,1692255647020,1693227911252,13,6,7
52177,1693227911252,1692255647026,1692255647030,1693227911263,11,4,7
52178,1693227911263,1692255647037,1692255647041,1693227911273,10,4,6
52179,1693227911273,1692255647047,1692255647051,1693227911282,9,4,5
52180,1693227911282,1692255647056,1692255647060,1693227911292,10,4,6
52181,1693227911292,1692255647066,1692255647070,1693227911302,10,4,6
52182,1693227911302,1692255647076,1692255647079,1693227911311,9,3,6
52183,1693227911311,1692255647085,1692255647090,1693227911323,12,5,7
52184,1693227911323,1692255647098,1692255647102,1693227911334,11,4,7
52185,1693227911334,1692255647107,1692255647112,1693227911345,11,5,6
52186,1693227911345,1692255647119,1692255647126,1693227911358,13,7,6
52187,1693227911358,1692255647132,1692255647136,1693227911368,10,4,6
52188,1693227911368,1692255647142,1692255647146,1693227911595,227,4,223
52189,1693227911595,1692255647370,1692255647375,1693227911607,12,5,7
52190,1693227911607,1692255647381,1692255647385,1693227911617,10,4,6
52191,1693227911617,1692255647391,1692255647395,1693227911627,10,4,6
52192,1693227911627,1692255647400,1692255647404,1693227911641,14,4,10
52193,1693227911641,1692255647414,1692255647418,1693227911649,8,4,4
52194,1693227911649,1692255647428,1692255647432,1693227911664,15,4,11
52195,1693227911664,1692255647438,1692255647441,1693227911675,11,3,8
52196,1693227911675,1692255647449,1692255647452,1693227911683,8,3,5
52197,1693227911683,1692255647456,1692255647460,1693227911691,8,4,4
52198,1693227911691,1692255647464,1692255647468,1693227911699,8,4,4
52199,1693227911699,1692255647472,1692255647476,1693227911707,8,4,4
52200,1693227911707,1692255647480,1692255647484,1693227911716,9,4,5
52201,1693227911716,1692255647490,1692255647494,1693227911725,9,4,5
52202,1693227911725,1692255647499,1692255647503,1693227911735,10,4,6
52203,1693227911735,1692255647508,1692255647513,1693227911744,9,5,4
52204,1693227911744,1692255647518,1692255647522,1693227911753,9,4,5
52205,1693227911753,1692255647527,1692255647530,1693227911762,9,3,6
52206,1693227911762,1692255647535,1692255647539,1693227911770,8,4,4
52207,1693227911770,1692255647546,1692255647550,1693227911782,12,4,8
52208,1693227911782,1692255647555,1692255647559,1693227911790,8,4,4
52209,1693227911790,1692255647564,1692255647567,1693227911799,9,3,6
52210,1693227911799,1692255647595,1692255647599,1693227911831,32,4,28
52211,1693227911831,1692255647605,1692255647610,1693227911841,10,5,5
52212,1693227911841,1692255647615,1692255647619,1693227911850,9,4,5
52213,1693227911850,1692255647624,1692255647628,1693227911860,10,4,6
52214,1693227911860,1692255647636,1692255647640,1693227911871,11,4,7
52215,1693227911871,1692255647645,1692255647648,1693227911880,9,3,6
52216,1693227911880,1692255647654,1692255647657,1693227911889,9,3,6
52217,1693227911889,1692255647663,1692255647667,1693227911988,99,4,95
52218,1693227911988,1692255647761,1692255647765,1693227911997,9,4,5
52219,1693227911997,1692255647771,1692255647775,1693227912007,10,4,6
52220,1693227912007,1692255647780,1692255647783,1693227912015,8,3,5
52221,1693227912015,1692255647789,1692255647793,1693227912024,9,4,5
52222,1693227912024,1692255647798,1692255647803,1693227912035,11,5,6
52223,1693227912035,1692255647809,1692255647815,1693227912049,14,6,8
52224,1693227912049,1692255647824,1692255647828,1693227912060,11,4,7
52225,1693227912060,1692255647834,1692255647839,1693227912071,11,5,6
52226,1693227912071,1692255647845,1692255647849,1693227912082,11,4,7
52227,1693227912082,1692255647856,1692255647860,1693227912092,10,4,6
52228,1693227912092,1692255647866,1692255647871,1693227912102,10,5,5
52229,1693227912102,1692255647877,1692255647881,1693227912112,10,4,6
52230,1693227912112,1692255647886,1692255647890,1693227912121,9,4,5
52231,1693227912121,1692255647895,1692255647900,1693227912131,10,5,5
52232,1693227912131,1692255647905,1692255647908,1693227912140,9,3,6
52233,1693227912140,1692255647914,1692255647920,1693227912151,11,6,5
52234,1693227912151,1692255647927,1692255647932,1693227912163,12,5,7
52235,1693227912163,1692255647938,1692255647943,1693227912176,13,5,8
52236,1693227912176,1692255647950,1692255647955,1693227912187,11,5,6
52237,1693227912187,1692255647962,1692255647967,1693227912199,12,5,7
52238,1693227912199,1692255647973,1692255647977,1693227912209,10,4,6
52239,1693227912209,1692255647983,1692255647987,1693227912219,10,4,6
52240,1693227912219,1692255647993,1692255647996,1693227912228,9,3,6
52241,1693227912228,1692255648002,1692255648006,1693227912237,9,4,5
52242,1693227912237,1692255648011,1692255648015,1693227912247,10,4,6
52243,1693227912247,1692255648020,1692255648023,1693227912275,28,3,25
52244,1693227912275,1692255648050,1692255648056,1693227912288,13,6,7
52245,1693227912288,1692255648062,1692255648066,1693227912298,10,4,6
52246,1693227912298,1692255648073,1692255648076,1693227912308,10,3,7
52247,1693227912308,1692255648083,1692255648086,1693227912317,9,3,6
52248,1693227912317,1692255648095,1692255648099,1693227912330,13,4,9
52249,1693227912330,1692255648104,1692255648108,1693227912340,10,4,6
52250,1693227912340,1692255648114,1692255648118,1693227912350,10,4,6
52251,1693227912350,1692255648125,1692255648129,1693227912361,11,4,7
52252,1693227912361,1692255648134,1692255648139,1693227912371,10,5,5
52253,1693227912371,1692255648156,1692255648159,1693227912391,20,3,17
52254,1693227912391,1692255648165,1692255648169,1693227912400,9,4,5
52255,1693227912400,1692255648174,1692255648178,1693227912409,9,4,5
52256,1693227912409,1692255648184,1692255648189,1693227912421,12,5,7
52257,1693227912421,1692255648416,1692255648420,1693227912651,230,4,226
52258,1693227912651,1692255648427,1692255648431,1693227912663,12,4,8
52259,1693227912663,1692255648436,1692255648443,1693227912675,12,7,5
52260,1693227912675,1692255648450,1692255648454,1693227912686,11,4,7
52261,1693227912686,1692255648465,1692255648468,1693227912725,39,3,36
52262,1693227912726,1692255648499,1692255648504,1693227912735,9,5,4
52263,1693227912735,1692255648510,1692255648514,1693227912745,10,4,6
52264,1693227912745,1692255648520,1692255648525,1693227912757,12,5,7
52265,1693227912757,1692255648531,1692255648535,1693227912767,10,4,6
52266,1693227912767,1692255648540,1692255648545,1693227912777,10,5,5
52267,1693227912777,1692255648550,1692255648554,1693227912786,9,4,5
52268,1693227912786,1692255648560,1692255648564,1693227912795,9,4,5
52269,1693227912795,1692255648571,1692255648576,1693227912807,12,5,7
52270,1693227912807,1692255648582,1692255648586,1693227912817,10,4,6
52271,1693227912817,1692255648591,1692255648595,1693227912827,10,4,6
52272,1693227912827,1692255648601,1692255648607,1693227912839,12,6,6
52273,1693227912839,1692255648613,1692255648621,1693227912852,13,8,5
52274,1693227912852,1692255648627,1692255648631,1693227912863,11,4,7
52275,1693227912863,1692255648637,1692255648642,1693227912874,11,5,6
52276,1693227912874,1692255648647,1692255648651,1693227912883,9,4,5
52277,1693227912883,1692255648657,1692255648661,1693227912893,10,4,6
52278,1693227912893,1692255648667,1692255648671,1693227912903,10,4,6
52279,1693227912903,1692255648677,1692255648681,1693227912913,10,4,6
52280,1693227912913,1692255648687,1692255648691,1693227912924,11,4,7
52281,1693227912924,1692255648805,1692255648809,1693227913059,135,4,131
52282,1693227913059,1692255648832,1692255648836,1693227913068,9,4,5
52283,1693227913068,1692255648841,1692255648845,1693227913077,9,4,5
52284,1693227913077,1692255648850,1692255648854,1693227913085,8,4,4
52285,1693227913085,1692255648859,1692255648863,1693227913094,9,4,5
52286,1693227913094,1692255648868,1692255648871,1693227913103,9,3,6
52287,1693227913103,1692255648878,1692255648881,1693227913113,10,3,7
52288,1693227913113,1692255648890,1692255648894,1693227913125,12,4,8
52289,1693227913126,1692255648899,1692255648903,1693227913135,9,4,5
52290,1693227913135,1692255648909,1692255648912,1693227913144,9,3,6
52291,1693227913144,1692255648918,1692255648922,1693227913154,10,4,6
52292,1693227913154,1692255648928,1692255648932,1693227913163,9,4,5
52293,1693227913163,1692255648938,1692255648942,1693227913173,10,4,6
52294,1693227913173,1692255648949,1692255648954,1693227913185,12,5,7
52295,1693227913186,1692255648960,1692255648966,1693227913198,12,6,6
52296,1693227913198,1692255648971,1692255648975,1693227913210,12,4,8
52297,1693227913210,1692255648986,1692255648990,1693227913222,12,4,8
52298,1693227913222,1692255648996,1692255648999,1693227913230,8,3,5
52299,1693227913230,1692255649004,1692255649007,1693227913239,9,3,6
52300,1693227913239,1692255649013,1692255649016,1693227913248,9,3,6
52301,1693227913248,1692255649022,1692255649025,1693227913257,9,3,6
52302,1693227913257,1692255649030,1692255649033,1693227913265,8,3,5
52303,1693227913265,1692255649039,1692255649043,1693227913274,9,4,5
52304,1693227913274,1692255649047,1692255649050,1693227913281,7,3,4
52305,1693227913281,1692255649055,1692255649059,1693227913291,10,4,6
52306,1693227913291,1692255649064,1692255649068,1693227913299,8,4,4
52307,1693227913299,1692255649073,1692255649076,1693227913308,9,3,6
52308,1693227913308,1692255649083,1692255649086,1693227913318,10,3,7
52309,1693227913318,1692255649091,1692255649095,1693227913326,8,4,4
52310,1693227913327,1692255649100,1692255649104,1693227913335,8,4,4
52311,1693227913335,1692255649108,1692255649112,1693227913344,9,4,5
52312,1693227913344,1692255649118,1692255649121,1693227913353,9,3,6
52313,1693227913353,1692255649127,1692255649130,1693227913362,9,3,6
52314,1693227913362,1692255649136,1692255649140,1693227913372,10,4,6
52315,1693227913372,1692255649167,1692255649171,1693227913403,31,4,27
52316,1693227913403,1692255649176,1692255649180,1693227913414,11,4,7
52317,1693227913414,1692255649187,1692255649191,1693227913423,9,4,5
52318,1693227913423,1692255649196,1692255649200,1693227913431,8,4,4
52319,1693227913431,1692255649205,1692255649208,1693227913440,9,3,6
52320,1693227913440,1692255649213,1692255649217,1693227913449,9,4,5
52321,1693227913449,1692255649222,1692255649225,1693227913456,7,3,4
52322,1693227913456,1692255649231,1692255649235,1693227913466,10,4,6
52323,1693227913466,1692255649240,1692255649244,1693227913691,225,4,221
52324,1693227913691,1692255649466,1692255649470,1693227913701,10,4,6
52325,1693227913701,1692255649475,1692255649480,1693227913711,10,5,5
52326,1693227913711,1692255649485,1692255649490,1693227913722,11,5,6
52327,1693227913722,1692255649496,1692255649500,1693227913731,9,4,5
52328,1693227913731,1692255649510,1692255649515,1693227913746,15,5,10
52329,1693227913747,1692255649521,1692255649525,1693227913757,10,4,6
52330,1693227913757,1692255649531,1692255649536,1693227913769,12,5,7
52331,1693227913769,1692255649543,1692255649547,1693227913779,10,4,6
52332,1693227913779,1692255649553,1692255649559,1693227913791,12,6,6
52333,1693227913791,1692255649565,1692255649568,1693227913800,9,3,6
52334,1693227913800,1692255649573,1692255649577,1693227913809,9,4,5
52335,1693227913809,1692255649583,1692255649586,1693227913818,9,3,6
52336,1693227913818,1692255649592,1692255649596,1693227913828,10,4,6
52337,1693227913828,1692255649622,1692255649625,1693227913856,28,3,25
52338,1693227913856,1692255649629,1692255649633,1693227913864,8,4,4
52339,1693227913864,1692255649638,1692255649643,1693227913874,10,5,5
52340,1693227913874,1692255649648,1692255649653,1693227913884,10,5,5
52341,1693227913884,1692255649658,1692255649662,1693227913894,10,4,6
52342,1693227913894,1692255649668,1692255649672,1693227913904,10,4,6
52343,1693227913904,1692255649678,1692255649682,1693227913914,10,4,6
52344,1693227913914,1692255649688,1692255649692,1693227913926,12,4,8
52345,1693227913926,1692255649700,1692255649704,1693227913935,9,4,5
52346,1693227913935,1692255649710,1692255649715,1693227913946,11,5,6
52347,1693227913946,1692255649725,1692255649729,1693227913961,15,4,11
52348,1693227913961,1692255649735,1692255649739,1693227913971,10,4,6
52349,1693227913971,1692255649746,1692255649750,1693227913981,10,4,6
52350,1693227913981,1692255649755,1692255649759,1693227913990,9,4,5
52351,1693227913990,1692255649764,1692255649768,1693227914083,93,4,89
52352,1693227914083,1692255649858,1692255649864,1693227914096,13,6,7
52353,1693227914096,1692255649871,1692255649876,1693227914108,12,5,7
52354,1693227914108,1692255649882,1692255649886,1693227914117,9,4,5
52355,1693227914117,1692255649892,1692255649897,1693227914130,13,5,8
52356,1693227914130,1692255649904,1692255649909,1693227914140,10,5,5
52357,1693227914140,1692255649915,1692255649919,1693227914150,10,4,6
52358,1693227914150,1692255649924,1692255649928,1693227914168,18,4,14
52359,1693227914168,1692255649955,1692255649959,1693227914190,22,4,18
52360,1693227914190,1692255649964,1692255649969,1693227914201,11,5,6
52361,1693227914201,1692255649974,1692255649978,1693227914210,9,4,5
52362,1693227914210,1692255649984,1692255649988,1693227914220,10,4,6
52363,1693227914220,1692255649994,1692255649998,1693227914230,10,4,6
52364,1693227914230,1692255650030,1692255650034,1693227914265,35,4,31
52365,1693227914265,1692255650039,1692255650043,1693227914295,30,4,26
52366,1693227914295,1692255650069,1692255650073,1693227914304,9,4,5
52367,1693227914304,1692255650078,1692255650083,1693227914314,10,5,5
52368,1693227914314,1692255650088,1692255650092,1693227914324,10,4,6
52369,1693227914324,1692255650098,1692255650104,1693227914335,11,6,5
52370,1693227914335,1692255650109,1692255650113,1693227914344,9,4,5
52371,1693227914344,1692255650120,1692255650125,1693227914357,13,5,8
52372,1693227914357,1692255650133,1692255650137,1693227914368,11,4,7
52373,1693227914368,1692255650142,1692255650146,1693227914378,10,4,6
52374,1693227914378,1692255650152,1692255650156,1693227914388,10,4,6
52375,1693227914388,1692255650162,1692255650166,1693227914397,9,4,5
52376,1693227914397,1692255650171,1692255650175,1693227914407,10,4,6
52377,1693227914407,1692255650181,1692255650185,1693227914416,9,4,5
52378,1693227914416,1692255650190,1692255650195,1693227914426,10,5,5
52379,1693227914426,1692255650200,1692255650205,1693227914438,12,5,7
52380,1693227914438,1692255650212,1692255650216,1693227914447,9,4,5
52381,1693227914447,1692255650221,1692255650226,1693227914457,10,5,5
52382,1693227914457,1692255650231,1692255650236,1693227914467,10,5,5
52383,1693227914467,1692255650242,1692255650246,1693227914478,11,4,7
52384,1693227914478,1692255650252,1692255650255,1693227914487,9,3,6
52385,1693227914487,1692255650261,1692255650265,1693227914505,18,4,14
52386,1693227914505,1692255650292,1692255650296,1693227914742,237,4,233
52387,1693227914742,1692255650519,1692255650524,1693227914756,14,5,9
52388,1693227914756,1692255650530,1692255650534,1693227914766,10,4,6
52389,1693227914766,1692255650541,1692255650546,1693227914777,11,5,6
52390,1693227914777,1692255650551,1692255650557,1693227914788,11,6,5
52391,1693227914788,1692255650563,1692255650567,1693227914799,11,4,7
52392,1693227914799,1692255650573,1692255650578,1693227914810,11,5,6
52393,1693227914810,1692255650584,1692255650588,1693227914820,10,4,6
52394,1693227914820,1692255650593,1692255650597,1693227914829,9,4,5
52395,1693227914829,1692255650603,1692255650607,1693227914839,10,4,6
52396,1693227914839,1692255650613,1692255650617,1693227914848,9,4,5
52397,1693227914848,1692255650623,1692255650627,1693227914858,10,4,6
52398,1693227914858,1692255650632,1692255650636,1693227914867,9,4,5
52399,1693227914867,1692255650641,1692255650646,1693227914877,10,5,5
52400,1693227914877,1692255650651,1692255650655,1693227914887,10,4,6
52401,1693227914887,1692255650661,1692255650664,1693227914896,9,3,6
52402,1693227914896,1692255650670,1692255650673,1693227914905,9,3,6
52403,1693227914905,1692255650679,1692255650682,1693227914914,9,3,6
52404,1693227914914,1692255650689,1692255650693,1693227914925,11,4,7
52405,1693227914925,1692255650699,1692255650703,1693227914934,9,4,5
52406,1693227914934,1692255650709,1692255650716,1693227914971,37,7,30
52407,1693227914971,1692255650746,1692255650750,1693227914981,10,4,6
52408,1693227914981,1692255650763,1692255650767,1693227914999,18,4,14
52409,1693227914999,1692255650773,1692255650777,1693227915009,10,4,6
52410,1693227915009,1692255650782,1692255650786,1693227915018,9,4,5
52411,1693227915018,1692255650792,1692255650796,1693227915027,9,4,5
52412,1693227915028,1692255650801,1692255650806,1693227915038,10,5,5
52413,1693227915038,1692255650812,1692255650817,1693227915132,94,5,89
52414,1693227915132,1692255650908,1692255650912,1693227915144,12,4,8
52415,1693227915144,1692255650919,1692255650923,1693227915155,11,4,7
52416,1693227915155,1692255650929,1692255650934,1693227915166,11,5,6
52417,1693227915166,1692255650940,1692255650945,1693227915177,11,5,6
52418,1693227915177,1692255650952,1692255650957,1693227915188,11,5,6
52419,1693227915189,1692255650963,1692255650967,1693227915199,10,4,6
52420,1693227915199,1692255650974,1692255650978,1693227915210,11,4,7
52421,1693227915210,1692255650984,1692255650988,1693227915220,10,4,6
52422,1693227915220,1692255650994,1692255650998,1693227915230,10,4,6
52423,1693227915230,1692255651004,1692255651008,1693227915240,10,4,6
52424,1693227915240,1692255651015,1692255651018,1693227915250,10,3,7
52425,1693227915250,1692255651024,1692255651028,1693227915259,9,4,5
52426,1693227915259,1692255651032,1692255651036,1693227915268,9,4,5
52427,1693227915268,1692255651042,1692255651047,1693227915278,10,5,5
52428,1693227915278,1692255651053,1692255651057,1693227915288,10,4,6
52429,1693227915288,1692255651062,1692255651066,1693227915298,10,4,6
52430,1693227915298,1692255651071,1692255651076,1693227915307,9,5,4
52431,1693227915307,1692255651081,1692255651084,1693227915316,9,3,6
52432,1693227915316,1692255651090,1692255651094,1693227915325,9,4,5
52433,1693227915325,1692255651099,1692255651103,1693227915334,9,4,5
52434,1693227915334,1692255651109,1692255651114,1693227915345,11,5,6
52435,1693227915345,1692255651119,1692255651123,1693227915355,10,4,6
52436,1693227915355,1692255651132,1692255651137,1693227915369,14,5,9
52437,1693227915369,1692255651144,1692255651147,1693227915379,10,3,7
52438,1693227915379,1692255651153,1692255651158,1693227915389,10,5,5
52439,1693227915389,1692255651163,1692255651168,1693227915420,31,5,26
52440,1693227915420,1692255651194,1692255651199,1693227915430,10,5,5
52441,1693227915430,1692255651203,1692255651208,1693227915440,10,5,5
52442,1693227915440,1692255651214,1692255651218,1693227915449,9,4,5
52443,1693227915449,1692255651223,1692255651230,1693227915462,13,7,6
52444,1693227915462,1692255651237,1692255651242,1693227915473,11,5,6
52445,1693227915473,1692255651247,1692255651252,1693227915484,11,5,6
52446,1693227915484,1692255651258,1692255651262,1693227915494,10,4,6
52447,1693227915494,1692255651272,1692255651277,1693227915509,15,5,10
52448,1693227915509,1692255651283,1692255651288,1693227915520,11,5,6
52449,1693227915520,1692255651295,1692255651300,1693227915532,12,5,7
52450,1693227915532,1692255651306,1692255651312,1693227915546,14,6,8
52451,1693227915546,1692255651320,1692255651326,1693227915558,12,6,6
52452,1693227915558,1692255651332,1692255651337,1693227915788,230,5,225
52453,1693227915788,1692255651563,1692255651568,1693227915800,12,5,7
52454,1693227915800,1692255651575,1692255651580,1693227915812,12,5,7
52455,1693227915812,1692255651587,1692255651593,1693227915825,13,6,7
52456,1693227915825,1692255651600,1692255651605,1693227915837,12,5,7
52457,1693227915837,1692255651612,1692255651617,1693227915867,30,5,25
52458,1693227915867,1692255651644,1692255651649,1693227915881,14,5,9
52459,1693227915881,1692255651655,1692255651659,1693227915891,10,4,6
52460,1693227915891,1692255651664,1692255651669,1693227915901,10,5,5
52461,1693227915901,1692255651675,1692255651680,1693227915911,10,5,5
52462,1693227915911,1692255651685,1692255651689,1693227915922,11,4,7
52463,1693227915922,1692255651696,1692255651700,1693227915931,9,4,5
52464,1693227915931,1692255651705,1692255651709,1693227915941,10,4,6
52465,1693227915941,1692255651715,1692255651719,1693227915951,10,4,6
52466,1693227915951,1692255651724,1692255651728,1693227915960,9,4,5
52467,1693227915960,1692255651734,1692255651739,1693227915973,13,5,8
52468,1693227915973,1692255651747,1692255651751,1693227915982,9,4,5
52469,1693227915982,1692255651757,1692255651761,1693227915992,10,4,6
52470,1693227915992,1692255651766,1692255651770,1693227916002,10,4,6
52471,1693227916002,1692255651777,1692255651781,1693227916013,11,4,7
52472,1693227916013,1692255651787,1692255651791,1693227916022,9,4,5
52473,1693227916022,1692255651797,1692255651800,1693227916032,10,3,7
52474,1693227916032,1692255651806,1692255651810,1693227916042,10,4,6
52475,1693227916042,1692255651816,1692255651821,1693227916052,10,5,5
52476,1693227916053,1692255651826,1692255651831,1693227916062,9,5,4
52477,1693227916062,1692255651837,1692255651841,1693227916091,29,4,25
52478,1693227916091,1692255651866,1692255651869,1693227916179,88,3,85
52479,1693227916179,1692255651953,1692255651957,1693227916204,25,4,21
52480,1693227916204,1692255651978,1692255651985,1693227916216,12,7,5
52481,1693227916216,1692255651990,1692255651995,1693227916226,10,5,5
52482,1693227916226,1692255652000,1692255652004,1693227916236,10,4,6
52483,1693227916236,1692255652018,1692255652022,1693227916253,17,4,13
52484,1693227916253,1692255652027,1692255652031,1693227916262,9,4,5
52485,1693227916263,1692255652037,1692255652042,1693227916273,10,5,5
52486,1693227916273,1692255652048,1692255652054,1693227916285,12,6,6
52487,1693227916285,1692255652059,1692255652065,1693227916296,11,6,5
52488,1693227916296,1692255652070,1692255652075,1693227916306,10,5,5
52489,1693227916307,1692255652081,1692255652086,1693227916317,10,5,5
52490,1693227916317,1692255652095,1692255652100,1693227916332,15,5,10
52491,1693227916332,1692255652106,1692255652109,1693227916341,9,3,6
52492,1693227916341,1692255652115,1692255652119,1693227916351,10,4,6
52493,1693227916351,1692255652130,1692255652134,1693227916365,14,4,10
52494,1693227916365,1692255652139,1692255652143,1693227916374,9,4,5
52495,1693227916374,1692255652149,1692255652153,1693227916384,10,4,6
52496,1693227916384,1692255652158,1692255652161,1693227916393,9,3,6
52497,1693227916393,1692255652167,1692255652172,1693227916404,11,5,6
52498,1693227916404,1692255652178,1692255652182,1693227916414,10,4,6
52499,1693227916414,1692255652187,1692255652192,1693227916423,9,5,4
52500,1693227916423,1692255652197,1692255652201,1693227916433,10,4,6
52501,1693227916433,1692255652206,1692255652211,1693227916442,9,5,4
52502,1693227916442,1692255652216,1692255652221,1693227916452,10,5,5
52503,1693227916452,1692255652226,1692255652230,1693227916462,10,4,6
52504,1693227916462,1692255652236,1692255652240,1693227916475,13,4,9
52505,1693227916476,1692255652250,1692255652254,1693227916486,10,4,6
52506,1693227916486,1692255652260,1692255652264,1693227916495,9,4,5
52507,1693227916495,1692255652269,1692255652272,1693227916504,9,3,6
52508,1693227916504,1692255652282,1692255652286,1693227916525,21,4,17
52509,1693227916525,1692255652313,1692255652316,1693227916548,23,3,20
52510,1693227916548,1692255652322,1692255652326,1693227916558,10,4,6
52511,1693227916558,1692255652332,1692255652336,1693227916567,9,4,5
52512,1693227916567,1692255652340,1692255652344,1693227916576,9,4,5
52513,1693227916576,1692255652350,1692255652354,1693227916588,12,4,8
52514,1693227916588,1692255652362,1692255652366,1693227916597,9,4,5
52515,1693227916597,1692255652371,1692255652375,1693227916606,9,4,5
52516,1693227916606,1692255652380,1692255652384,1693227916615,9,4,5
52517,1693227916615,1692255652611,1692255652619,1693227916850,235,8,227
52518,1693227916850,1692255652624,1692255652628,1693227916859,9,4,5
52519,1693227916859,1692255652638,1692255652642,1693227916874,15,4,11
52520,1693227916874,1692255652648,1692255652652,1693227916883,9,4,5
52521,1693227916883,1692255652657,1692255652662,1693227916895,12,5,7
52522,1693227916895,1692255652669,1692255652674,1693227916905,10,5,5
52523,1693227916905,1692255652679,1692255652682,1693227916914,9,3,6
52524,1693227916914,1692255652687,1692255652691,1693227916923,9,4,5
52525,1693227916923,1692255652697,1692255652701,1693227916932,9,4,5
52526,1693227916932,1692255652706,1692255652710,1693227916941,9,4,5
52527,1693227916941,1692255652715,1692255652719,1693227916950,9,4,5
52528,1693227916950,1692255652724,1692255652728,1693227916960,10,4,6
52529,1693227916960,1692255652734,1692255652737,1693227916969,9,3,6
52530,1693227916969,1692255652764,1692255652768,1693227917000,31,4,27
52531,1693227917000,1692255652774,1692255652777,1693227917009,9,3,6
52532,1693227917009,1692255652783,1692255652787,1693227917018,9,4,5
52533,1693227917018,1692255652792,1692255652797,1693227917029,11,5,6
52534,1693227917029,1692255652803,1692255652807,1693227917039,10,4,6
52535,1693227917039,1692255652814,1692255652818,1693227917049,10,4,6
52536,1693227917049,1692255652823,1692255652827,1693227917058,9,4,5
52537,1693227917058,1692255652832,1692255652836,1693227917068,10,4,6
52538,1693227917068,1692255652842,1692255652847,1693227917079,11,5,6
52539,1693227917079,1692255652853,1692255652857,1693227917088,9,4,5
52540,1693227917088,1692255652864,1692255652868,1693227917100,12,4,8
52541,1693227917100,1692255652874,1692255652878,1693227917110,10,4,6
52542,1693227917110,1692255652884,1692255652888,1693227917119,9,4,5
52543,1693227917119,1692255652893,1692255652897,1693227917128,9,4,5
52544,1693227917128,1692255652902,1692255652906,1693227917138,10,4,6
52545,1693227917138,1692255652912,1692255652916,1693227917231,93,4,89
52546,1693227917231,1692255653004,1692255653008,1693227917239,8,4,4
52547,1693227917239,1692255653014,1692255653017,1693227917249,10,3,7
52548,1693227917249,1692255653022,1692255653026,1693227917257,8,4,4
52549,1693227917257,1692255653031,1692255653035,1693227917266,9,4,5
52550,1693227917266,1692255653040,1692255653043,1693227917275,9,3,6
52551,1693227917275,1692255653048,1692255653051,1693227917283,8,3,5
52552,1693227917283,1692255653056,1692255653060,1693227917291,8,4,4
52553,1693227917291,1692255653065,1692255653069,1693227917300,9,4,5
52554,1693227917300,1692255653076,1692255653083,1693227917328,28,7,21
52555,1693227917328,1692255653102,1692255653107,1693227917338,10,5,5
52556,1693227917338,1692255653112,1692255653116,1693227917348,10,4,6
52557,1693227917348,1692255653122,1692255653126,1693227917357,9,4,5
52558,1693227917357,1692255653131,1692255653136,1693227917367,10,5,5
52559,1693227917367,1692255653141,1692255653145,1693227917376,9,4,5
52560,1693227917377,1692255653150,1692255653154,1693227917386,9,4,5
52561,1693227917386,1692255653161,1692255653165,1693227917398,12,4,8
52562,1693227917398,1692255653172,1692255653177,1693227917408,10,5,5
52563,1693227917408,1692255653182,1692255653186,1693227917419,11,4,7
52564,1693227917419,1692255653216,1692255653220,1693227917451,32,4,28
52565,1693227917451,1692255653224,1692255653229,1693227917463,12,5,7
52566,1693227917463,1692255653237,1692255653241,1693227917472,9,4,5
52567,1693227917472,1692255653246,1692255653249,1693227917480,8,3,5
52568,1693227917480,1692255653261,1692255653264,1693227917496,16,3,13
52569,1693227917496,1692255653269,1692255653273,1693227917504,8,4,4
52570,1693227917504,1692255653278,1692255653281,1693227917513,9,3,6
52571,1693227917513,1692255653286,1692255653289,1693227917521,8,3,5
52572,1693227917521,1692255653295,1692255653299,1693227917531,10,4,6
52573,1693227917531,1692255653305,1692255653309,1693227917542,11,4,7
52574,1693227917542,1692255653316,1692255653320,1693227917552,10,4,6
52575,1693227917552,1692255653326,1692255653330,1693227917562,10,4,6
52576,1693227917562,1692255653337,1692255653341,1693227917574,12,4,8
52577,1693227917574,1692255653348,1692255653352,1693227917584,10,4,6
52578,1693227917584,1692255653357,1692255653361,1693227917593,9,4,5
52579,1693227917593,1692255653367,1692255653372,1693227917603,10,5,5
52580,1693227917603,1692255653377,1692255653381,1693227917613,10,4,6
52581,1693227917613,1692255653388,1692255653392,1693227917624,11,4,7
52582,1693227917624,1692255653398,1692255653405,1693227917637,13,7,6
52583,1693227917637,1692255653411,1692255653415,1693227917664,27,4,23
52584,1693227917664,1692255653439,1692255653445,1693227917885,221,6,215
52585,1693227917885,1692255653660,1692255653665,1693227917896,11,5,6
52586,1693227917896,1692255653671,1692255653676,1693227917907,11,5,6
52587,1693227917907,1692255653682,1692255653687,1693227917919,12,5,7
52588,1693227917919,1692255653694,1692255653700,1693227917931,12,6,6
52589,1693227917931,1692255653706,1692255653715,1693227917947,16,9,7
52590,1693227917947,1692255653721,1692255653727,1693227917959,12,6,6
52591,1693227917959,1692255653733,1692255653739,1693227917970,11,6,5
52592,1693227917970,1692255653744,1692255653749,1693227917980,10,5,5
52593,1693227917980,1692255653755,1692255653759,1693227917990,10,4,6
52594,1693227917990,1692255653764,1692255653768,1693227918000,10,4,6
52595,1693227918000,1692255653774,1692255653778,1693227918009,9,4,5
52596,1693227918009,1692255653783,1692255653787,1693227918022,13,4,9
52597,1693227918022,1692255653796,1692255653799,1693227918031,9,3,6
52598,1693227918031,1692255653806,1692255653811,1693227918043,12,5,7
52599,1693227918043,1692255653817,1692255653822,1693227918053,10,5,5
52600,1693227918053,1692255653828,1692255653833,1693227918064,11,5,6
52601,1693227918064,1692255653838,1692255653844,1693227918075,11,6,5
52602,1693227918075,1692255653850,1692255653855,1693227918086,11,5,6
52603,1693227918087,1692255653861,1692255653866,1693227918117,30,5,25
52604,1693227918117,1692255653891,1692255653896,1693227918128,11,5,6
52605,1693227918128,1692255653902,1692255653907,1693227918139,11,5,6
52606,1693227918139,1692255653913,1692255653919,1693227918151,12,6,6
52607,1693227918151,1692255653925,1692255653930,1693227918162,11,5,6
52608,1693227918162,1692255653936,1692255653941,1693227918173,11,5,6
52609,1693227918173,1692255653948,1692255653953,1693227918278,105,5,100
52610,1693227918278,1692255654052,1692255654057,1693227918289,11,5,6
52611,1693227918289,1692255654063,1692255654068,1693227918300,11,5,6
52612,1693227918300,1692255654075,1692255654080,1693227918311,11,5,6
52613,1693227918311,1692255654086,1692255654091,1693227918324,13,5,8
52614,1693227918324,1692255654100,1692255654105,1693227918337,13,5,8
52615,1693227918337,1692255654112,1692255654117,1693227918349,12,5,7
52616,1693227918349,1692255654124,1692255654130,1693227918361,12,6,6
52617,1693227918361,1692255654135,1692255654140,1693227918372,11,5,6
52618,1693227918372,1692255654147,1692255654152,1693227918384,12,5,7
52619,1693227918384,1692255654159,1692255654164,1693227918396,12,5,7
52620,1693227918396,1692255654170,1692255654176,1693227918408,12,6,6
52621,1693227918408,1692255654182,1692255654185,1693227918417,9,3,6
52622,1693227918417,1692255654191,1692255654195,1693227918426,9,4,5
52623,1693227918427,1692255654203,1692255654207,1693227918439,12,4,8
52624,1693227918439,1692255654213,1692255654217,1693227918448,9,4,5
52625,1693227918448,1692255654222,1692255654226,1693227918458,10,4,6
52626,1693227918458,1692255654232,1692255654238,1693227918469,11,6,5
52627,1693227918469,1692255654244,1692255654248,1693227918479,10,4,6
52628,1693227918480,1692255654254,1692255654258,1693227918489,9,4,5
52629,1693227918489,1692255654263,1692255654267,1693227918498,9,4,5
52630,1693227918498,1692255654272,1692255654277,1693227918508,10,5,5
52631,1693227918508,1692255654282,1692255654286,1693227918518,10,4,6
52632,1693227918518,1692255654293,1692255654297,1693227918528,10,4,6
52633,1693227918528,1692255654302,1692255654305,1693227918536,8,3,5
52634,1693227918536,1692255654310,1692255654314,1693227918565,29,4,25
52635,1693227918565,1692255654339,1692255654343,1693227918574,9,4,5
52636,1693227918574,1692255654347,1692255654351,1693227918583,9,4,5
52637,1693227918583,1692255654356,1692255654360,1693227918591,8,4,4
52638,1693227918591,1692255654365,1692255654370,1693227918601,10,5,5
52639,1693227918602,1692255654376,1692255654379,1693227918611,9,3,6
52640,1693227918611,1692255654385,1692255654389,1693227918622,11,4,7
52641,1693227918622,1692255654396,1692255654400,1693227918632,10,4,6
52642,1693227918632,1692255654408,1692255654412,1693227918644,12,4,8
52643,1693227918644,1692255654418,1692255654423,1693227918655,11,5,6
52644,1693227918655,1692255654429,1692255654434,1693227918665,10,5,5
52645,1693227918665,1692255654440,1692255654445,1693227918677,12,5,7
52646,1693227918677,1692255654452,1692255654456,1693227918687,10,4,6
52647,1693227918687,1692255654461,1692255654465,1693227918697,10,4,6
52648,1693227918697,1692255654470,1692255654474,1693227918706,9,4,5
52649,1693227918706,1692255654480,1692255654484,1693227918933,227,4,223
52650,1693227918933,1692255654708,1692255654712,1693227918944,11,4,7
52651,1693227918944,1692255654717,1692255654725,1693227918956,12,8,4
52652,1693227918956,1692255654730,1692255654735,1693227918966,10,5,5
52653,1693227918966,1692255654740,1692255654744,1693227918975,9,4,5
52654,1693227918975,1692255654749,1692255654753,1693227918984,9,4,5
52655,1693227918984,1692255654758,1692255654762,1693227919013,29,4,25
52656,1693227919013,1692255654787,1692255654792,1693227919024,11,5,6
52657,1693227919024,1692255654797,1692255654802,1693227919033,9,5,4
52658,1693227919033,1692255654807,1692255654812,1693227919045,12,5,7
52659,1693227919045,1692255654820,1692255654825,1693227919056,11,5,6
52660,1693227919056,1692255654832,1692255654837,1693227919069,13,5,8
52661,1693227919069,1692255654843,1692255654848,1693227919079,10,5,5
52662,1693227919079,1692255654855,1692255654863,1693227919094,15,8,7
52663,1693227919094,1692255654869,1692255654873,1693227919105,11,4,7
52664,1693227919105,1692255654879,1692255654884,1693227919116,11,5,6
52665,1693227919116,1692255654890,1692255654894,1693227919125,9,4,5
52666,1693227919125,1692255654899,1692255654903,1693227919135,10,4,6
52667,1693227919135,1692255654908,1692255654913,1693227919144,9,5,4
52668,1693227919144,1692255654920,1692255654924,1693227919155,11,4,7
52669,1693227919155,1692255654929,1692255654934,1693227919165,10,5,5
52670,1693227919165,1692255654939,1692255654943,1693227919175,10,4,6
52671,1693227919175,1692255654949,1692255654953,1693227919184,9,4,5
52672,1693227919185,1692255654959,1692255654963,1693227919195,10,4,6
52673,1693227919195,1692255654968,1692255654971,1693227919203,8,3,5
52674,1693227919203,1692255654976,1692255654979,1693227919211,8,3,5
52675,1693227919211,1692255654984,1692255654990,1693227919221,10,6,4
52676,1693227919221,1692255654994,1692255654998,1693227919229,8,4,4
52677,1693227919229,1692255655003,1692255655007,1693227919324,95,4,91
52678,1693227919324,1692255655098,1692255655102,1693227919349,25,4,21
52679,1693227919349,1692255655136,1692255655140,1693227919372,23,4,19
52680,1693227919372,1692255655146,1692255655152,1693227919384,12,6,6
52681,1693227919384,1692255655158,1692255655163,1693227919395,11,5,6
52682,1693227919395,1692255655169,1692255655174,1693227919405,10,5,5
52683,1693227919405,1692255655179,1692255655182,1693227919414,9,3,6
52684,1693227919414,1692255655187,1692255655191,1693227919423,9,4,5
52685,1693227919423,1692255655197,1692255655201,1693227919433,10,4,6
52686,1693227919433,1692255655207,1692255655211,1693227919443,10,4,6
52687,1693227919443,1692255655217,1692255655221,1693227919455,12,4,8
52688,1693227919455,1692255655229,1692255655234,1693227919701,246,5,241
52689,1693227919701,1692255655562,1692255655566,1693227919983,282,4,278
52690,1693227919983,1692255655759,1692255655763,1693227919996,13,4,9
52691,1693227919996,1692255655770,1692255655774,1693227920005,9,4,5
52692,1693227920005,1692255655780,1692255655784,1693227920015,10,4,6
52693,1693227920016,1692255655789,1692255655793,1693227920025,9,4,5
52694,1693227920025,1692255655798,1692255655803,1693227920034,9,5,4
52695,1693227920034,1692255655808,1692255655812,1693227920043,9,4,5
52696,1693227920043,1692255655819,1692255655824,1693227920055,12,5,7
52697,1693227920055,1692255655829,1692255655833,1693227920065,10,4,6
52698,1693227920065,1692255655838,1692255655847,1693227920078,13,9,4
52699,1693227920079,1692255655852,1692255655857,1693227920088,9,5,4
52700,1693227920088,1692255655863,1692255655867,1693227920099,11,4,7
52701,1693227920099,1692255655873,1692255655878,1693227920109,10,5,5
52702,1693227920109,1692255655883,1692255655888,1693227920142,33,5,28
52703,1693227920142,1692255655917,1692255655920,1693227920152,10,3,7
52704,1693227920152,1692255655927,1692255655931,1693227920163,11,4,7
52705,1693227920163,1692255655937,1692255655942,1693227920174,11,5,6
52706,1693227920174,1692255655949,1692255655953,1693227920185,11,4,7
52707,1693227920185,1692255655962,1692255655970,1693227920203,18,8,10
52708,1693227920203,1692255655977,1692255655981,1693227920212,9,4,5
52709,1693227920213,1692255655987,1692255655991,1693227920222,9,4,5
52710,1693227920222,1692255655996,1692255656000,1693227920231,9,4,5
52711,1693227920232,1692255656006,1692255656010,1693227920241,9,4,5
52712,1693227920241,1692255656015,1692255656019,1693227920251,10,4,6
52713,1693227920251,1692255656025,1692255656029,1693227920260,9,4,5
52714,1693227920260,1692255656034,1692255656038,1693227920269,9,4,5
52715,1693227920269,1692255656043,1692255656047,1693227920278,9,4,5
52716,1693227920278,1692255656052,1692255656056,1693227920377,99,4,95
52717,1693227920377,1692255656152,1692255656157,1693227920389,12,5,7
52718,1693227920389,1692255656163,1692255656167,1693227920399,10,4,6
52719,1693227920399,1692255656173,1692255656178,1693227920410,11,5,6
52720,1693227920410,1692255656184,1692255656188,1693227920419,9,4,5
52721,1693227920419,1692255656193,1692255656197,1693227920429,10,4,6
52722,1693227920429,1692255656203,1692255656207,1693227920439,10,4,6
52723,1693227920439,1692255656213,1692255656217,1693227920448,9,4,5
52724,1693227920448,1692255656222,1692255656226,1693227920473,25,4,21
52725,1693227920473,1692255656248,1692255656251,1693227920483,10,3,7
52726,1693227920483,1692255656257,1692255656262,1693227920493,10,5,5
52727,1693227920493,1692255656270,1692255656274,1693227920506,13,4,9
52728,1693227920506,1692255656280,1692255656284,1693227920516,10,4,6
52729,1693227920516,1692255656289,1692255656294,1693227920525,9,5,4
52730,1693227920525,1692255656299,1692255656302,1693227920534,9,3,6
52731,1693227920534,1692255656308,1692255656311,1693227920543,9,3,6
52732,1693227920543,1692255656317,1692255656320,1693227920551,8,3,5
52733,1693227920552,1692255656326,1692255656329,1693227920560,8,3,5
52734,1693227920560,1692255656334,1692255656342,1693227920586,26,8,18
52735,1693227920586,1692255656360,1692255656364,1693227920596,10,4,6
52736,1693227920596,1692255656369,1692255656373,1693227920605,9,4,5
52737,1693227920605,1692255656381,1692255656385,1693227920616,11,4,7
52738,1693227920616,1692255656393,1692255656397,1693227920630,14,4,10
52739,1693227920630,1692255656404,1692255656409,1693227920640,10,5,5
52740,1693227920640,1692255656414,1692255656418,1693227920649,9,4,5
52741,1693227920649,1692255656423,1692255656427,1693227920659,10,4,6
52742,1693227920659,1692255656434,1692255656438,1693227920670,11,4,7
52743,1693227920670,1692255656444,1692255656449,1693227920680,10,5,5
52744,1693227920680,1692255656457,1692255656461,1693227920693,13,4,9
52745,1693227920693,1692255656469,1692255656474,1693227920706,13,5,8
52746,1693227920706,1692255656480,1692255656486,1693227920717,11,6,5
52747,1693227920717,1692255656492,1692255656496,1693227920728,11,4,7
52748,1693227920728,1692255656503,1692255656507,1693227920739,11,4,7
52749,1693227920739,1692255656514,1692255656520,1693227920752,13,6,7
52750,1693227920752,1692255656527,1692255656532,1693227920764,12,5,7
52751,1693227920764,1692255656539,1692255656543,1693227920774,10,4,6
52752,1693227920774,1692255656549,1692255656555,1693227920786,12,6,6
52753,1693227920786,1692255656584,1692255656589,1693227921039,253,5,248
52754,1693227921039,1692255656814,1692255656819,1693227921051,12,5,7
52755,1693227921051,1692255656826,1692255656831,1693227921063,12,5,7
52756,1693227921063,1692255656837,1692255656843,1693227921074,11,6,5
52757,1693227921074,1692255656848,1692255656852,1693227921084,10,4,6
52758,1693227921084,1692255656858,1692255656862,1693227921093,9,4,5
52759,1693227921093,1692255656867,1692255656873,1693227921105,12,6,6
52760,1693227921105,1692255656880,1692255656885,1693227921117,12,5,7
52761,1693227921117,1692255656892,1692255656897,1693227921128,11,5,6
52762,1693227921128,1692255656902,1692255656908,1693227921139,11,6,5
52763,1693227921139,1692255656914,1692255656919,1693227921150,11,5,6
52764,1693227921150,1692255656926,1692255656932,1693227921163,13,6,7
52765,1693227921163,1692255656938,1692255656943,1693227921174,11,5,6
52766,1693227921174,1692255656949,1692255656953,1693227921185,11,4,7
52767,1693227921185,1692255656960,1692255656964,1693227921196,11,4,7
52768,1693227921196,1692255656970,1692255656974,1693227921205,9,4,5
52769,1693227921205,1692255656979,1692255656984,1693227921216,11,5,6
52770,1693227921216,1692255656992,1692255656996,1693227921228,12,4,8
52771,1693227921228,1692255657002,1692255657007,1693227921239,11,5,6
52772,1693227921239,1692255657035,1692255657040,1693227921271,32,5,27
52773,1693227921271,1692255657045,1692255657049,1693227921281,10,4,6
52774,1693227921281,1692255657055,1692255657060,1693227921292,11,5,6
52775,1693227921292,1692255657066,1692255657070,1693227921302,10,4,6
52776,1693227921302,1692255657076,1692255657080,1693227921311,9,4,5
52777,1693227921311,1692255657085,1692255657089,1693227921321,10,4,6
52778,1693227921321,1692255657096,1692255657100,1693227921332,11,4,7
52779,1693227921332,1692255657105,1692255657109,1693227921424,92,4,88
52780,1693227921424,1692255657199,1692255657203,1693227921437,13,4,9
52781,1693227921437,1692255657212,1692255657217,1693227921449,12,5,7
52782,1693227921449,1692255657223,1692255657228,1693227921460,11,5,6
52783,1693227921460,1692255657234,1692255657239,1693227921471,11,5,6
52784,1693227921471,1692255657244,1692255657248,1693227921480,9,4,5
52785,1693227921480,1692255657254,1692255657258,1693227921489,9,4,5
52786,1693227921489,1692255657263,1692255657267,1693227921499,10,4,6
52787,1693227921499,1692255657275,1692255657279,1693227921510,11,4,7
52788,1693227921510,1692255657285,1692255657289,1693227921521,11,4,7
52789,1693227921521,1692255657295,1692255657298,1693227921530,9,3,6
52790,1693227921530,1692255657304,1692255657308,1693227921540,10,4,6
52791,1693227921540,1692255657315,1692255657319,1693227921551,11,4,7
52792,1693227921551,1692255657325,1692255657329,1693227921561,10,4,6
52793,1693227921561,1692255657334,1692255657339,1693227921572,11,5,6
52794,1693227921572,1692255657346,1692255657351,1693227921582,10,5,5
52795,1693227921582,1692255657357,1692255657361,1693227921593,11,4,7
52796,1693227921593,1692255657367,1692255657371,1693227921603,10,4,6
52797,1693227921603,1692255657378,1692255657382,1693227921614,11,4,7
52798,1693227921614,1692255657397,1692255657401,1693227921634,20,4,16
52799,1693227921634,1692255657409,1692255657413,1693227921644,10,4,6
52800,1693227921644,1692255657419,1692255657423,1693227921654,10,4,6
52801,1693227921654,1692255657428,1692255657432,1693227921663,9,4,5
52802,1693227921663,1692255657438,1692255657443,1693227921674,11,5,6
52803,1693227921674,1692255657451,1692255657455,1693227921687,13,4,9
52804,1693227921687,1692255657482,1692255657485,1693227921717,30,3,27
52805,1693227921717,1692255657491,1692255657496,1693227921727,10,5,5
52806,1693227921727,1692255657502,1692255657506,1693227921738,11,4,7
52807,1693227921738,1692255657511,1692255657516,1693227921747,9,5,4
52808,1693227921747,1692255657521,1692255657528,1693227921759,12,7,5
52809,1693227921759,1692255657533,1692255657538,1693227921769,10,5,5
52810,1693227921769,1692255657544,1692255657548,1693227921780,11,4,7
52811,1693227921780,1692255657553,1692255657558,1693227921789,9,5,4
52812,1693227921789,1692255657564,1692255657568,1693227921800,11,4,7
52813,1693227921800,1692255657575,1692255657580,1693227921811,11,5,6
52814,1693227921811,1692255657586,1692255657591,1693227921823,12,5,7
52815,1693227921823,1692255657598,1692255657603,1693227921834,11,5,6
52816,1693227921834,1692255657609,1692255657615,1693227921846,12,6,6
52817,1693227921846,1692255657620,1692255657626,1693227921857,11,6,5
52818,1693227921857,1692255657853,1692255657857,1693227922089,232,4,228
52819,1693227922089,1692255657862,1692255657866,1693227922098,9,4,5
52820,1693227922098,1692255657874,1692255657878,1693227922111,13,4,9
52821,1693227922111,1692255657885,1692255657890,1693227922121,10,5,5
52822,1693227922121,1692255657897,1692255657901,1693227922133,12,4,8
52823,1693227922133,1692255657907,1692255657911,1693227922160,27,4,23
52824,1693227922160,1692255657935,1692255657939,1693227922170,10,4,6
52825,1693227922170,1692255657944,1692255657948,1693227922179,9,4,5
52826,1693227922179,1692255657952,1692255657957,1693227922188,9,5,4
52827,1693227922188,1692255657962,1692255657966,1693227922197,9,4,5
52828,1693227922197,1692255657971,1692255657975,1693227922207,10,4,6
52829,1693227922207,1692255657982,1692255657989,1693227922222,15,7,8
52830,1693227922222,1692255657995,1692255657999,1693227922231,9,4,5
52831,1693227922231,1692255658004,1692255658009,1693227922241,10,5,5
52832,1693227922241,1692255658016,1692255658020,1693227922251,10,4,6
52833,1693227922251,1692255658025,1692255658028,1693227922259,8,3,5
52834,1693227922259,1692255658033,1692255658036,1693227922268,9,3,6
52835,1693227922268,1692255658042,1692255658045,1693227922277,9,3,6
52836,1693227922277,1692255658051,1692255658054,1693227922286,9,3,6
52837,1693227922286,1692255658060,1692255658063,1693227922294,8,3,5
52838,1693227922294,1692255658069,1692255658072,1693227922304,10,3,7
52839,1693227922304,1692255658077,1692255658080,1693227922312,8,3,5
52840,1693227922312,1692255658085,1692255658089,1693227922322,10,4,6
52841,1693227922322,1692255658096,1692255658099,1693227922331,9,3,6
52842,1693227922331,1692255658106,1692255658110,1693227922341,10,4,6
52843,1693227922341,1692255658115,1692255658118,1693227922349,8,3,5
52844,1693227922349,1692255658123,1692255658126,1693227922358,9,3,6
52845,1693227922358,1692255658132,1692255658137,1693227922369,11,5,6
52846,1693227922369,1692255658143,1692255658146,1693227922377,8,3,5
52847,1693227922377,1692255658151,1692255658155,1693227922469,92,4,88
52848,1693227922469,1692255658244,1692255658248,1693227922499,30,4,26
52849,1693227922499,1692255658273,1692255658276,1693227922507,8,3,5
52850,1693227922507,1692255658281,1692255658284,1693227922516,9,3,6
52851,1693227922516,1692255658290,1692255658293,1693227922529,13,3,10
52852,1693227922529,1692255658303,1692255658307,1693227922540,11,4,7
52853,1693227922540,1692255658316,1692255658320,1693227922552,12,4,8
52854,1693227922552,1692255658326,1692255658329,1693227922561,9,3,6
52855,1693227922561,1692255658335,1692255658339,1693227922570,9,4,5
52856,1693227922570,1692255658344,1692255658347,1693227922579,9,3,6
52857,1693227922579,1692255658354,1692255658358,1693227922589,10,4,6
52858,1693227922589,1692255658363,1692255658367,1693227922599,10,4,6
52859,1693227922599,1692255658372,1692255658376,1693227922608,9,4,5
52860,1693227922608,1692255658382,1692255658385,1693227922617,9,3,6
52861,1693227922617,1692255658390,1692255658394,1693227922626,9,4,5
52862,1693227922626,1692255658402,1692255658405,1693227922637,11,3,8
52863,1693227922637,1692255658411,1692255658415,1693227922646,9,4,5
52864,1693227922647,1692255658420,1692255658424,1693227922656,9,4,5
52865,1693227922656,1692255658430,1692255658434,1693227922666,10,4,6
52866,1693227922666,1692255658441,1692255658445,1693227922677,11,4,7
52867,1693227922677,1692255658451,1692255658454,1693227922686,9,3,6
52868,1693227922686,1692255658461,1692255658466,1693227922697,11,5,6
52869,1693227922697,1692255658471,1692255658476,1693227922709,12,5,7
52870,1693227922709,1692255658483,1692255658487,1693227922719,10,4,6
52871,1693227922719,1692255658493,1692255658496,1693227922728,9,3,6
52872,1693227922728,1692255658504,1692255658508,1693227922740,12,4,8
52873,1693227922740,1692255658514,1692255658518,1693227922750,10,4,6
52874,1693227922750,1692255658524,1692255658528,1693227922759,9,4,5
52875,1693227922759,1692255658534,1692255658539,1693227922771,12,5,7
52876,1693227922771,1692255658545,1692255658549,1693227922780,9,4,5
52877,1693227922780,1692255658554,1692255658558,1693227922790,10,4,6
52878,1693227922790,1692255658564,1692255658569,1693227922800,10,5,5
52879,1693227922800,1692255658574,1692255658579,1693227922810,10,5,5
52880,1693227922810,1692255658608,1692255658614,1693227922845,35,6,29
52881,1693227922845,1692255658619,1692255658623,1693227922855,10,4,6
52882,1693227922855,1692255658630,1692255658637,1693227922868,13,7,6
52883,1693227922868,1692255658642,1692255658649,1693227922881,13,7,6
52884,1693227922881,1692255658655,1692255658659,1693227922890,9,4,5
52885,1693227922890,1692255658665,1692255658670,1693227922901,11,5,6
52886,1693227922901,1692255658676,1692255658681,1693227923127,226,5,221
52887,1693227923127,1692255658903,1692255658907,1693227923138,11,4,7
52888,1693227923139,1692255658913,1692255658918,1693227923150,11,5,6
52889,1693227923150,1692255658924,1692255658927,1693227923159,9,3,6
52890,1693227923159,1692255658933,1692255658937,1693227923169,10,4,6
52891,1693227923169,1692255658943,1692255658948,1693227923179,10,5,5
52892,1693227923179,1692255658953,1692255658957,1693227923189,10,4,6
52893,1693227923189,1692255658964,1692255658967,1693227923199,10,3,7
52894,1693227923199,1692255658973,1692255658977,1693227923208,9,4,5
52895,1693227923208,1692255658982,1692255658987,1693227923218,10,5,5
52896,1693227923218,1692255658993,1692255658997,1693227923229,11,4,7
52897,1693227923229,1692255659003,1692255659007,1693227923239,10,4,6
52898,1693227923239,1692255659015,1692255659019,1693227923251,12,4,8
52899,1693227923251,1692255659024,1692255659030,1693227923261,10,6,4
52900,1693227923261,1692255659056,1692255659060,1693227923291,30,4,26
52901,1693227923291,1692255659064,1692255659067,1693227923299,8,3,5
52902,1693227923299,1692255659072,1692255659076,1693227923307,8,4,4
52903,1693227923307,1692255659081,1692255659085,1693227923317,10,4,6
52904,1693227923317,1692255659090,1692255659094,1693227923325,8,4,4
52905,1693227923325,1692255659099,1692255659103,1693227923334,9,4,5
52906,1693227923334,1692255659108,1692255659112,1693227923343,9,4,5
52907,1693227923343,1692255659118,1692255659121,1693227923353,10,3,7
52908,1693227923353,1692255659127,1692255659130,1693227923361,8,3,5
52909,1693227923361,1692255659135,1692255659139,1693227923371,10,4,6
52910,1693227923371,1692255659144,1692255659148,1693227923379,8,4,4
52911,1693227923379,1692255659154,1692255659157,1693227923389,10,3,7
52912,1693227923389,1692255659162,1692255659166,1693227923398,9,4,5
52913,1693227923398,1692255659171,1692255659175,1693227923406,8,4,4
52914,1693227923406,1692255659180,1692255659184,1693227923415,9,4,5
52915,1693227923415,1692255659189,1692255659193,1693227923424,9,4,5
52916,1693227923424,1692255659198,1692255659202,1693227923521,97,4,93
52917,1693227923521,1692255659294,1692255659298,1693227923529,8,4,4
52918,1693227923529,1692255659302,1692255659308,1693227923539,10,6,4
52919,1693227923539,1692255659314,1692255659318,1693227923551,12,4,8
52920,1693227923551,1692255659325,1692255659328,1693227923560,9,3,6
52921,1693227923560,1692255659334,1692255659337,1693227923569,9,3,6
52922,1693227923569,1692255659344,1692255659347,1693227923578,9,3,6
52923,1693227923578,1692255659352,1692255659355,1693227923587,9,3,6
52924,1693227923587,1692255659360,1692255659364,1693227923595,8,4,4
52925,1693227923595,1692255659390,1692255659396,1693227923630,35,6,29
52926,1693227923630,1692255659403,1692255659406,1693227923637,7,3,4
52927,1693227923637,1692255659410,1692255659413,1693227923648,11,3,8
52928,1693227923648,1692255659421,1692255659424,1693227923656,8,3,5
52929,1693227923656,1692255659429,1692255659432,1693227923664,8,3,5
52930,1693227923664,1692255659437,1692255659440,1693227923671,7,3,4
52931,1693227923671,1692255659445,1692255659448,1693227923679,8,3,5
52932,1693227923680,1692255659453,1692255659455,1693227923687,7,2,5
52933,1693227923687,1692255659459,1692255659463,1693227923694,7,4,3
52934,1693227923695,1692255659468,1692255659471,1693227923702,7,3,4
52935,1693227923702,1692255659475,1692255659479,1693227923710,8,4,4
52936,1693227923710,1692255659505,1692255659508,1693227923739,29,3,26
52937,1693227923739,1692255659512,1692255659516,1693227923747,8,4,4
52938,1693227923747,1692255659520,1692255659523,1693227923756,9,3,6
52939,1693227923756,1692255659533,1692255659537,1693227923768,12,4,8
52940,1693227923775,1692255659548,1692255659551,1693227923784,9,3,6
52941,1693227923784,1692255659557,1692255659561,1693227923792,8,4,4
52942,1693227923792,1692255659565,1692255659568,1693227923799,7,3,4
52943,1693227923799,1692255659571,1692255659576,1693227923807,8,5,3
52944,1693227923807,1692255659580,1692255659583,1693227923815,8,3,5
52945,1693227923815,1692255659588,1692255659591,1693227923823,8,3,5
52946,1693227923823,1692255659596,1692255659599,1693227923830,7,3,4
52947,1693227923830,1692255659603,1692255659606,1693227923837,7,3,4
52948,1693227923837,1692255659610,1692255659613,1693227923844,7,3,4
52949,1693227923844,1692255659618,1692255659620,1693227923851,7,2,5
52950,1693227923852,1692255659625,1692255659628,1693227923859,7,3,4
52951,1693227923859,1692255659633,1692255659636,1693227923867,8,3,5
52952,1693227923867,1692255659640,1692255659643,1693227923874,7,3,4
52953,1693227923874,1692255659647,1692255659650,1693227923881,7,3,4
52954,1693227923881,1692255659655,1692255659660,1693227923891,10,5,5
52955,1693227923891,1692255659664,1692255659667,1693227923899,8,3,5
52956,1693227923899,1692255659672,1692255659675,1693227923907,8,3,5
52957,1693227923907,1692255659680,1692255659684,1693227923915,8,4,4
52958,1693227923915,1692255659688,1692255659692,1693227923923,8,4,4
52959,1693227923923,1692255659696,1692255659699,1693227923930,7,3,4
52960,1693227923930,1692255659704,1692255659708,1693227923954,24,4,20
52961,1693227923954,1692255659728,1692255659731,1693227924178,224,3,221
52962,1693227924178,1692255659958,1692255659962,1693227924194,16,4,12
52963,1693227924194,1692255659967,1692255659970,1693227924202,8,3,5
52964,1693227924202,1692255659975,1692255659978,1693227924210,8,3,5
52965,1693227924210,1692255659983,1692255659986,1693227924217,7,3,4
52966,1693227924217,1692255659991,1692255659994,1693227924225,8,3,5
52967,1693227924225,1692255660003,1692255660007,1693227924238,13,4,9
52968,1693227924238,1692255660012,1692255660015,1693227924246,8,3,5
52969,1693227924246,1692255660019,1692255660024,1693227924256,10,5,5
52970,1693227924256,1692255660029,1692255660032,1693227924263,7,3,4
52971,1693227924263,1692255660039,1692255660043,1693227924274,11,4,7
52972,1693227924274,1692255660047,1692255660050,1693227924282,8,3,5
52973,1693227924282,1692255660055,1692255660058,1693227924290,8,3,5
52974,1693227924290,1692255660063,1692255660067,1693227924298,8,4,4
52975,1693227924298,1692255660071,1692255660074,1693227924305,7,3,4
52976,1693227924305,1692255660078,1692255660082,1693227924313,8,4,4
52977,1693227924313,1692255660086,1692255660090,1693227924322,9,4,5
52978,1693227924322,1692255660095,1692255660099,1693227924330,8,4,4
52979,1693227924330,1692255660105,1692255660109,1693227924340,10,4,6
52980,1693227924340,1692255660113,1692255660116,1693227924347,7,3,4
52981,1693227924347,1692255660120,1692255660123,1693227924354,7,3,4
52982,1693227924354,1692255660129,1692255660132,1693227924366,12,3,9
52983,1693227924366,1692255660142,1692255660146,1693227924377,11,4,7
52984,1693227924377,1692255660150,1692255660154,1693227924413,36,4,32
52985,1693227924413,1692255660191,1692255660195,1693227924427,14,4,10
52986,1693227924427,1692255660200,1692255660203,1693227924434,7,3,4
52987,1693227924434,1692255660208,1692255660211,1693227924443,9,3,6
52988,1693227924443,1692255660216,1692255660219,1693227924454,11,3,8
52989,1693227924454,1692255660227,1692255660231,1693227924463,9,4,5
52990,1693227924463,1692255660237,1692255660242,1693227924474,11,5,6
52991,1693227924474,1692255660247,1692255660250,1693227924570,96,3,93
52992,1693227924571,1692255660346,1692255660350,1693227924582,11,4,7
52993,1693227924582,1692255660355,1692255660361,1693227924592,10,6,4
52994,1693227924592,1692255660365,1692255660368,1693227924599,7,3,4
52995,1693227924599,1692255660372,1692255660375,1693227924606,7,3,4
52996,1693227924606,1692255660379,1692255660382,1693227924613,7,3,4
52997,1693227924613,1692255660386,1692255660389,1693227924621,8,3,5
52998,1693227924621,1692255660394,1692255660398,1693227924629,8,4,4
52999,1693227924629,1692255660402,1692255660405,1693227924636,7,3,4
53000,1693227924636,1692255660410,1692255660413,1693227924645,9,3,6
53001,1693227924645,1692255660418,1692255660422,1693227924653,8,4,4
53002,1693227924653,1692255660427,1692255660430,1693227924661,8,3,5
53003,1693227924661,1692255660434,1692255660437,1693227924668,7,3,4
53004,1693227924668,1692255660441,1692255660445,1693227924683,15,4,11
53005,1693227924683,1692255660457,1692255660460,1693227924692,9,3,6
53006,1693227924692,1692255660469,1692255660473,1693227924705,13,4,9
53007,1693227924705,1692255660478,1692255660481,1693227924713,8,3,5
53008,1693227924713,1692255660486,1692255660489,1693227924720,7,3,4
53009,1693227924720,1692255660494,1692255660497,1693227924729,9,3,6
53010,1693227924729,1692255660502,1692255660505,1693227924736,7,3,4
53011,1693227924736,1692255660509,1692255660512,1693227924744,8,3,5
53012,1693227924744,1692255660519,1692255660523,1693227924754,10,4,6
53013,1693227924754,1692255660528,1692255660531,1693227924764,10,3,7
53014,1693227924764,1692255660537,1692255660540,1693227924771,7,3,4
53015,1693227924771,1692255660545,1692255660548,1693227924784,13,3,10
53016,1693227924784,1692255660558,1692255660560,1693227924792,8,2,6
53017,1693227924792,1692255660565,1692255660568,1693227924799,7,3,4
53018,1693227924799,1692255660573,1692255660576,1693227924811,12,3,9
53019,1693227924811,1692255660604,1692255660607,1693227924857,46,3,43
53020,1693227924857,1692255660632,1692255660635,1693227924867,10,3,7
53021,1693227924867,1692255660640,1692255660644,1693227924875,8,4,4
53022,1693227924875,1692255660648,1692255660651,1693227924883,8,3,5
53023,1693227924883,1692255660656,1692255660661,1693227924892,9,5,4
53024,1693227924892,1692255660665,1692255660668,1693227924900,8,3,5
53025,1693227924900,1692255660673,1692255660678,1693227924911,11,5,6
53026,1693227924911,1692255660684,1692255660688,1693227924919,8,4,4
53027,1693227924919,1692255660692,1692255660696,1693227924928,9,4,5
53028,1693227924928,1692255660701,1692255660705,1693227924936,8,4,4
53029,1693227924936,1692255660709,1692255660713,1693227924944,8,4,4
53030,1693227924944,1692255660717,1692255660720,1693227924952,8,3,5
53031,1693227924952,1692255660727,1692255660731,1693227924962,10,4,6
53032,1693227924962,1692255660736,1692255660742,1693227924974,12,6,6
53033,1693227924974,1692255660748,1692255660752,1693227924985,11,4,7
53034,1693227924985,1692255660759,1692255660763,1693227924994,9,4,5
53035,1693227924994,1692255660767,1692255660771,1693227925002,8,4,4
53036,1693227925002,1692255660997,1692255661001,1693227925232,230,4,226
53037,1693227925232,1692255661006,1692255661009,1693227925241,9,3,6
53038,1693227925241,1692255661014,1692255661017,1693227925248,7,3,4
53039,1693227925248,1692255661021,1692255661025,1693227925256,8,4,4
53040,1693227925256,1692255661029,1692255661032,1693227925263,7,3,4
53041,1693227925263,1692255661037,1692255661040,1693227925271,8,3,5
53042,1693227925271,1692255661043,1692255661046,1693227925278,7,3,4
53043,1693227925278,1692255661051,1692255661054,1693227925286,8,3,5
53044,1693227925286,1692255661078,1692255661082,1693227925313,27,4,23
53045,1693227925313,1692255661086,1692255661089,1693227925320,7,3,4
53046,1693227925320,1692255661094,1692255661097,1693227925328,8,3,5
53047,1693227925328,1692255661102,1692255661105,1693227925337,9,3,6
53048,1693227925337,1692255661110,1692255661113,1693227925344,7,3,4
53049,1693227925345,1692255661119,1692255661122,1693227925353,8,3,5
53050,1693227925353,1692255661126,1692255661129,1693227925361,8,3,5
53051,1693227925361,1692255661134,1692255661136,1693227925367,6,2,4
53052,1693227925368,1692255661140,1692255661143,1693227925374,6,3,3
53053,1693227925374,1692255661147,1692255661150,1693227925381,7,3,4
53054,1693227925381,1692255661157,1692255661160,1693227925391,10,3,7
53055,1693227925391,1692255661166,1692255661169,1693227925400,9,3,6
53056,1693227925400,1692255661174,1692255661177,1693227925409,9,3,6
53057,1693227925409,1692255661182,1692255661186,1693227925417,8,4,4
53058,1693227925417,1692255661189,1692255661192,1693227925423,6,3,3
53059,1693227925423,1692255661196,1692255661199,1693227925431,8,3,5
53060,1693227925431,1692255661206,1692255661209,1693227925441,10,3,7
53061,1693227925441,1692255661214,1692255661218,1693227925450,9,4,5
53062,1693227925450,1692255661222,1692255661226,1693227925457,7,4,3
53063,1693227925457,1692255661230,1692255661233,1693227925464,7,3,4
53064,1693227925464,1692255661238,1692255661241,1693227925472,8,3,5
53065,1693227925472,1692255661245,1692255661248,1693227925479,7,3,4
53066,1693227925479,1692255661252,1692255661255,1693227925486,7,3,4
53067,1693227925486,1692255661260,1692255661264,1693227925501,15,4,11
53068,1693227925501,1692255661276,1692255661280,1693227925511,10,4,6
53069,1693227925511,1692255661285,1692255661288,1693227925520,9,3,6
53070,1693227925520,1692255661294,1692255661297,1693227925615,95,3,92
53071,1693227925615,1692255661389,1692255661393,1693227925644,29,4,25
53072,1693227925644,1692255661418,1692255661421,1693227925652,8,3,5
53073,1693227925652,1692255661425,1692255661429,1693227925660,8,4,4
53074,1693227925660,1692255661433,1692255661437,1693227925668,8,4,4
53075,1693227925668,1692255661441,1692255661445,1693227925676,8,4,4
53076,1693227925676,1692255661456,1692255661459,1693227925691,15,3,12
53077,1693227925691,1692255661464,1692255661468,1693227925701,10,4,6
53078,1693227925701,1692255661475,1692255661478,1693227925710,9,3,6
53079,1693227925710,1692255661483,1692255661487,1693227925719,9,4,5
53080,1693227925719,1692255661492,1692255661495,1693227925726,7,3,4
53081,1693227925726,1692255661500,1692255661503,1693227925734,8,3,5
53082,1693227925734,1692255661506,1692255661510,1693227925741,7,4,3
53083,1693227925741,1692255661515,1692255661518,1693227925750,9,3,6
53084,1693227925750,1692255661523,1692255661525,1693227925757,7,2,5
53085,1693227925757,1692255661530,1692255661534,1693227925765,8,4,4
53086,1693227925765,1692255661538,1692255661541,1693227925774,9,3,6
53087,1693227925774,1692255661547,1692255661551,1693227925782,8,4,4
53088,1693227925782,1692255661555,1692255661557,1693227925788,6,2,4
53089,1693227925788,1692255661562,1692255661565,1693227925796,8,3,5
53090,1693227925796,1692255661569,1692255661573,1693227925804,8,4,4
53091,1693227925804,1692255661578,1692255661581,1693227925813,9,3,6
53092,1693227925813,1692255661586,1692255661590,1693227925821,8,4,4
53093,1693227925821,1692255661594,1692255661596,1693227925828,7,2,5
53094,1693227925828,1692255661601,1692255661604,1693227925835,7,3,4
53095,1693227925835,1692255661608,1692255661612,1693227925843,8,4,4
53096,1693227925843,1692255661616,1692255661619,1693227925850,7,3,4
53097,1693227925850,1692255661624,1692255661628,1693227925859,9,4,5
53098,1693227925859,1692255661631,1692255661636,1693227925868,9,5,4
53099,1693227925868,1692255661642,1692255661645,1693227925876,8,3,5
53100,1693227925876,1692255661649,1692255661652,1693227925884,8,3,5
53101,1693227925884,1692255661656,1692255661659,1693227925891,7,3,4
53102,1693227925891,1692255661667,1692255661670,1693227925901,10,3,7
53103,1693227925901,1692255661674,1692255661677,1693227925909,8,3,5
53104,1693227925909,1692255661682,1692255661685,1693227925916,7,3,4
53105,1693227925916,1692255661689,1692255661692,1693227925923,7,3,4
53106,1693227925923,1692255661696,1692255661699,1693227925930,7,3,4
53107,1693227925930,1692255661706,1692255661709,1693227925941,11,3,8
53108,1693227925941,1692255661714,1692255661718,1693227925949,8,4,4
53109,1693227925949,1692255661722,1692255661725,1693227925957,8,3,5
53110,1693227925957,1692255661751,1692255661755,1693227925986,29,4,25
53111,1693227925986,1692255661762,1692255661766,1693227925997,11,4,7
53112,1693227925997,1692255661771,1692255661774,1693227926005,8,3,5
53113,1693227926005,1692255661780,1692255661783,1693227926014,9,3,6
53114,1693227926014,1692255661787,1692255661791,1693227926022,8,4,4
53115,1693227926023,1692255661796,1692255661799,1693227926030,7,3,4
53116,1693227926030,1692255661803,1692255661807,1693227926038,8,4,4
53117,1693227926038,1692255661812,1692255661815,1693227926047,9,3,6
53118,1693227926047,1692255661820,1692255661823,1693227926273,226,3,223
53119,1693227926273,1692255662048,1692255662051,1693227926282,9,3,6
53120,1693227926282,1692255662055,1692255662058,1693227926289,7,3,4
53121,1693227926289,1692255662062,1692255662066,1693227926297,8,4,4
53122,1693227926297,1692255662070,1692255662073,1693227926304,7,3,4
53123,1693227926304,1692255662078,1692255662082,1693227926315,11,4,7
53124,1693227926315,1692255662088,1692255662092,1693227926323,8,4,4
53125,1693227926323,1692255662096,1692255662100,1693227926331,8,4,4
53126,1693227926331,1692255662104,1692255662108,1693227926340,9,4,5
53127,1693227926340,1692255662113,1692255662116,1693227926347,7,3,4
53128,1693227926347,1692255662120,1692255662124,1693227926355,8,4,4
53129,1693227926355,1692255662128,1692255662131,1693227926362,7,3,4
53130,1693227926362,1692255662135,1692255662138,1693227926369,7,3,4
53131,1693227926370,1692255662143,1692255662146,1693227926377,7,3,4
53132,1693227926377,1692255662150,1692255662154,1693227926385,8,4,4
53133,1693227926385,1692255662159,1692255662162,1693227926393,8,3,5
53134,1693227926394,1692255662166,1692255662169,1693227926400,6,3,3
53135,1693227926400,1692255662173,1692255662177,1693227926409,9,4,5
53136,1693227926409,1692255662207,1692255662210,1693227926441,32,3,29
53137,1693227926441,1692255662214,1692255662217,1693227926448,7,3,4
53138,1693227926449,1692255662222,1692255662225,1693227926456,7,3,4
53139,1693227926456,1692255662230,1692255662233,1693227926464,8,3,5
53140,1693227926464,1692255662237,1692255662240,1693227926472,8,3,5
53141,1693227926472,1692255662246,1692255662250,1693227926481,9,4,5
53142,1693227926481,1692255662253,1692255662256,1693227926488,7,3,4
53143,1693227926488,1692255662261,1692255662264,1693227926495,7,3,4
53144,1693227926495,1692255662270,1692255662273,1693227926504,9,3,6
53145,1693227926504,1692255662278,1692255662281,1693227926512,8,3,5
53146,1693227926512,1692255662285,1692255662288,1693227926521,9,3,6
53147,1693227926521,1692255662295,1692255662298,1693227926529,8,3,5
53148,1693227926529,1692255662303,1692255662306,1693227926537,8,3,5
53149,1693227926537,1692255662310,1692255662313,1693227926544,7,3,4
53150,1693227926544,1692255662319,1692255662322,1693227926553,9,3,6
53151,1693227926553,1692255662326,1692255662329,1693227926560,7,3,4
53152,1693227926560,1692255662334,1692255662337,1693227926568,8,3,5
53153,1693227926568,1692255662341,1692255662344,1693227926575,7,3,4
53154,1693227926575,1692255662438,1692255662442,1693227926673,98,4,94
53155,1693227926673,1692255662447,1692255662451,1693227926682,9,4,5
53156,1693227926682,1692255662456,1692255662459,1693227926690,8,3,5
53157,1693227926690,1692255662463,1692255662470,1693227926701,11,7,4
53158,1693227926701,1692255662475,1692255662478,1693227926709,8,3,5
53159,1693227926709,1692255662483,1692255662486,1693227926717,8,3,5
53160,1693227926717,1692255662490,1692255662493,1693227926725,8,3,5
53161,1693227926725,1692255662499,1692255662502,1693227926733,8,3,5
53162,1693227926733,1692255662511,1692255662514,1693227926767,34,3,31
53163,1693227926767,1692255662540,1692255662544,1693227926775,8,4,4
53164,1693227926775,1692255662548,1692255662552,1693227926783,8,4,4
53165,1693227926783,1692255662556,1692255662560,1693227926791,8,4,4
53166,1693227926791,1692255662566,1692255662570,1693227926801,10,4,6
53167,1693227926801,1692255662574,1692255662577,1693227926808,7,3,4
53168,1693227926808,1692255662581,1692255662584,1693227926815,7,3,4
53169,1693227926815,1692255662588,1692255662591,1693227926822,7,3,4
53170,1693227926822,1692255662596,1692255662599,1693227926830,8,3,5
53171,1693227926830,1692255662603,1692255662608,1693227926840,10,5,5
53172,1693227926840,1692255662613,1692255662617,1693227926848,8,4,4
53173,1693227926848,1692255662622,1692255662626,1693227926857,9,4,5
53174,1693227926857,1692255662655,1692255662660,1693227926891,34,5,29
53175,1693227926891,1692255662664,1692255662667,1693227926899,8,3,5
53176,1693227926899,1692255662672,1692255662675,1693227926907,8,3,5
53177,1693227926907,1692255662680,1692255662683,1693227926915,8,3,5
53178,1693227926915,1692255662688,1692255662691,1693227926923,8,3,5
53179,1693227926923,1692255662696,1692255662699,1693227926930,7,3,4
53180,1693227926930,1692255662703,1692255662706,1693227926938,8,3,5
53181,1693227926938,1692255662711,1692255662714,1693227926945,7,3,4
53182,1693227926945,1692255662719,1692255662722,1693227926953,8,3,5
53183,1693227926953,1692255662726,1692255662729,1693227926961,8,3,5
53184,1693227926961,1692255662734,1692255662737,1693227926968,7,3,4
53185,1693227926968,1692255662742,1692255662744,1693227926976,8,2,6
53186,1693227926976,1692255662750,1692255662753,1693227926984,8,3,5
53187,1693227926984,1692255662758,1692255662761,1693227926993,9,3,6
53188,1693227926993,1692255662767,1692255662770,1693227927001,8,3,5
53189,1693227927001,1692255662775,1692255662778,1693227927010,9,3,6
53190,1693227927010,1692255662783,1692255662787,1693227927018,8,4,4
53191,1693227927018,1692255662793,1692255662797,1693227927028,10,4,6
53192,1693227927028,1692255662804,1692255662807,1693227927038,10,3,7
53193,1693227927038,1692255662812,1692255662815,1693227927046,8,3,5
53194,1693227927046,1692255662819,1692255662822,1693227927053,7,3,4
53195,1693227927053,1692255662826,1692255662830,1693227927061,8,4,4
53196,1693227927061,1692255662834,1692255662837,1693227927068,7,3,4
53197,1693227927068,1692255662841,1692255662844,1693227927075,7,3,4
53198,1693227927076,1692255662849,1692255662852,1693227927083,7,3,4
53199,1693227927083,1692255662856,1692255662859,1693227927090,7,3,4
53200,1693227927090,1692255662863,1692255662866,1693227927097,7,3,4
53201,1693227927097,1692255662870,1692255662874,1693227927325,228,4,224
53202,1693227927325,1692255663100,1692255663104,1693227927336,11,4,7
53203,1693227927336,1692255663111,1692255663115,1693227927346,10,4,6
53204,1693227927346,1692255663123,1692255663126,1693227927358,12,3,9
53205,1693227927358,1692255663131,1692255663134,1693227927365,7,3,4
53206,1693227927365,1692255663140,1692255663144,1693227927375,10,4,6
53207,1693227927375,1692255663158,1692255663162,1693227927393,18,4,14
53208,1693227927393,1692255663165,1692255663170,1693227927401,8,5,3
53209,1693227927401,1692255663174,1692255663178,1693227927410,9,4,5
53210,1693227927410,1692255663182,1692255663186,1693227927417,7,4,3
53211,1693227927417,1692255663190,1692255663193,1693227927424,7,3,4
53212,1693227927425,1692255663198,1692255663201,1693227927432,7,3,4
53213,1693227927432,1692255663206,1692255663210,1693227927442,10,4,6
53214,1693227927442,1692255663215,1692255663218,1693227927450,8,3,5
53215,1693227927450,1692255663223,1692255663226,1693227927459,9,3,6
53216,1693227927459,1692255663233,1692255663237,1693227927468,9,4,5
53217,1693227927468,1692255663242,1692255663246,1693227927477,9,4,5
53218,1693227927477,1692255663276,1692255663280,1693227927512,35,4,31
53219,1693227927512,1692255663304,1692255663308,1693227927556,44,4,40
53220,1693227927557,1692255663331,1692255663335,1693227927566,9,4,5
53221,1693227927566,1692255663340,1692255663344,1693227927576,10,4,6
53222,1693227927576,1692255663350,1692255663353,1693227927584,8,3,5
53223,1693227927584,1692255663358,1692255663361,1693227927592,8,3,5
53224,1693227927593,1692255663365,1692255663368,1693227927600,7,3,4
53225,1693227927600,1692255663372,1692255663375,1693227927607,7,3,4
53226,1693227927607,1692255663380,1692255663383,1693227927620,13,3,10
53227,1693227927620,1692255663488,1692255663491,1693227927722,102,3,99
53228,1693227927722,1692255663495,1692255663498,1693227927729,7,3,4
53229,1693227927729,1692255663502,1692255663505,1693227927737,8,3,5
53230,1693227927737,1692255663510,1692255663513,1693227927744,7,3,4
53231,1693227927744,1692255663517,1692255663521,1693227927752,8,4,4
53232,1693227927752,1692255663525,1692255663528,1693227927759,7,3,4
53233,1693227927759,1692255663533,1692255663537,1693227927768,9,4,5
53234,1693227927768,1692255663542,1692255663545,1693227927777,9,3,6
53235,1693227927777,1692255663550,1692255663553,1693227927784,7,3,4
53236,1693227927784,1692255663557,1692255663560,1693227927791,7,3,4
53237,1693227927791,1692255663564,1692255663566,1693227927798,7,2,5
53238,1693227927798,1692255663571,1692255663574,1693227927805,7,3,4
53239,1693227927805,1692255663578,1692255663581,1693227927812,7,3,4
53240,1693227927812,1692255663586,1692255663589,1693227927820,8,3,5
53241,1693227927820,1692255663593,1692255663597,1693227927828,8,4,4
53242,1693227927828,1692255663601,1692255663605,1693227927836,8,4,4
53243,1693227927836,1692255663610,1692255663613,1693227927844,8,3,5
53244,1693227927844,1692255663617,1692255663621,1693227927852,8,4,4
53245,1693227927852,1692255663625,1692255663631,1693227927862,10,6,4
53246,1693227927862,1692255663635,1692255663639,1693227927870,8,4,4
53247,1693227927870,1692255663643,1692255663646,1693227927878,8,3,5
53248,1693227927878,1692255663651,1692255663654,1693227927885,7,3,4
53249,1693227927885,1692255663657,1692255663661,1693227927892,7,4,3
53250,1693227927892,1692255663665,1692255663668,1693227927899,7,3,4
53251,1693227927899,1692255663672,1692255663676,1693227927907,8,4,4
53252,1693227927907,1692255663680,1692255663684,1693227927915,8,4,4
53253,1693227927915,1692255663689,1692255663693,1693227927924,9,4,5
53254,1693227927924,1692255663697,1692255663701,1693227927932,8,4,4
53255,1693227927932,1692255663705,1692255663708,1693227927939,7,3,4
53256,1693227927939,1692255663713,1692255663715,1693227927947,8,2,6
53257,1693227927947,1692255663720,1692255663723,1693227927954,7,3,4
53258,1693227927954,1692255663727,1692255663730,1693227927961,7,3,4
53259,1693227927961,1692255663734,1692255663737,1693227927970,9,3,6
53260,1693227927970,1692255663743,1692255663747,1693227927979,9,4,5
53261,1693227927979,1692255663776,1692255663779,1693227928010,31,3,28
53262,1693227928010,1692255663790,1692255663793,1693227928024,14,3,11
53263,1693227928024,1692255663798,1692255663801,1693227928032,8,3,5
53264,1693227928032,1692255663812,1692255663815,1693227928046,14,3,11
53265,1693227928046,1692255663820,1692255663823,1693227928057,11,3,8
53266,1693227928057,1692255663829,1692255663833,1693227928064,7,4,3
53267,1693227928064,1692255663837,1692255663841,1693227928072,8,4,4
53268,1693227928072,1692255663845,1692255663848,1693227928080,8,3,5
53269,1693227928080,1692255663853,1692255663856,1693227928088,8,3,5
53270,1693227928088,1692255663861,1692255663864,1693227928095,7,3,4
53271,1693227928095,1692255663868,1692255663871,1693227928103,8,3,5
53272,1693227928103,1692255663876,1692255663880,1693227928111,8,4,4
53273,1693227928111,1692255663887,1692255663890,1693227928121,10,3,7
53274,1693227928121,1692255663895,1692255663897,1693227928129,8,2,6
53275,1693227928129,1692255663902,1692255663904,1693227928135,6,2,4
53276,1693227928135,1692255663908,1692255663911,1693227928145,10,3,7
53277,1693227928145,1692255663919,1692255663923,1693227928370,225,4,221
53278,1693227928370,1692255664144,1692255664148,1693227928379,9,4,5
53279,1693227928379,1692255664153,1692255664156,1693227928388,9,3,6
53280,1693227928388,1692255664161,1692255664165,1693227928396,8,4,4
53281,1693227928396,1692255664171,1692255664174,1693227928405,9,3,6
53282,1693227928405,1692255664178,1692255664184,1693227928415,10,6,4
53283,1693227928415,1692255664188,1692255664192,1693227928423,8,4,4
53284,1693227928423,1692255664196,1692255664199,1693227928451,28,3,25
53285,1693227928451,1692255664225,1692255664228,1693227928459,8,3,5
53286,1693227928459,1692255664232,1692255664235,1693227928466,7,3,4
53287,1693227928466,1692255664240,1692255664243,1693227928474,8,3,5
53288,1693227928474,1692255664247,1692255664250,1693227928480,6,3,3
53289,1693227928480,1692255664254,1692255664256,1693227928487,7,2,5
53290,1693227928487,1692255664260,1692255664263,1693227928494,7,3,4
53291,1693227928494,1692255664267,1692255664270,1693227928501,7,3,4
53292,1693227928501,1692255664275,1692255664279,1693227928510,9,4,5
53293,1693227928510,1692255664283,1692255664286,1693227928517,7,3,4
53294,1693227928517,1692255664290,1692255664294,1693227928525,8,4,4
53295,1693227928525,1692255664298,1692255664301,1693227928532,7,3,4
53296,1693227928532,1692255664305,1692255664308,1693227928539,7,3,4
53297,1693227928539,1692255664312,1692255664317,1693227928548,9,5,4
53298,1693227928548,1692255664323,1692255664326,1693227928558,10,3,7
53299,1693227928558,1692255664331,1692255664334,1693227928566,8,3,5
53300,1693227928566,1692255664340,1692255664343,1693227928574,8,3,5
53301,1693227928574,1692255664347,1692255664350,1693227928581,7,3,4
53302,1693227928581,1692255664354,1692255664357,1693227928588,7,3,4
53303,1693227928588,1692255664361,1692255664364,1693227928595,7,3,4
53304,1693227928595,1692255664368,1692255664372,1693227928603,8,4,4
53305,1693227928603,1692255664377,1692255664380,1693227928611,8,3,5
53306,1693227928611,1692255664384,1692255664387,1693227928618,7,3,4
53307,1693227928618,1692255664392,1692255664395,1693227928626,8,3,5
53308,1693227928626,1692255664399,1692255664402,1693227928633,7,3,4
53309,1693227928633,1692255664406,1692255664410,1693227928641,8,4,4
53310,1693227928641,1692255664414,1692255664418,1693227928649,8,4,4
53311,1693227928649,1692255664422,1692255664425,1693227928675,26,3,23
53312,1693227928675,1692255664448,1692255664451,1693227928761,86,3,83
53313,1693227928761,1692255664534,1692255664538,1693227928787,26,4,22
53314,1693227928787,1692255664562,1692255664565,1693227928796,9,3,6
53315,1693227928796,1692255664570,1692255664573,1693227928804,8,3,5
53316,1693227928804,1692255664577,1692255664581,1693227928812,8,4,4
53317,1693227928812,1692255664585,1692255664588,1693227928819,7,3,4
53318,1693227928819,1692255664592,1692255664597,1693227928828,9,5,4
53319,1693227928828,1692255664603,1692255664607,1693227928838,10,4,6
53320,1693227928838,1692255664611,1692255664614,1693227928845,7,3,4
53321,1693227928845,1692255664619,1692255664622,1693227928853,8,3,5
53322,1693227928853,1692255664629,1692255664633,1693227928864,11,4,7
53323,1693227928864,1692255664637,1692255664641,1693227928872,8,4,4
53324,1693227928872,1692255664647,1692255664650,1693227928881,9,3,6
53325,1693227928881,1692255664654,1692255664658,1693227928889,8,4,4
53326,1693227928889,1692255664663,1692255664667,1693227928898,9,4,5
53327,1693227928898,1692255664672,1692255664676,1693227928907,9,4,5
53328,1693227928907,1692255664680,1692255664683,1693227928914,7,3,4
53329,1693227928915,1692255664688,1692255664691,1693227928922,7,3,4
53330,1693227928922,1692255664695,1692255664699,1693227928931,9,4,5
53331,1693227928931,1692255664704,1692255664708,1693227928939,8,4,4
53332,1693227928939,1692255664712,1692255664715,1693227928947,8,3,5
53333,1693227928947,1692255664720,1692255664723,1693227928955,8,3,5
53334,1693227928955,1692255664730,1692255664733,1693227928964,9,3,6
53335,1693227928964,1692255664737,1692255664741,1693227928972,8,4,4
53336,1693227928972,1692255664746,1692255664749,1693227928980,8,3,5
53337,1693227928980,1692255664754,1692255664757,1693227928988,8,3,5
53338,1693227928989,1692255664762,1692255664765,1693227928996,7,3,4
53339,1693227928997,1692255664770,1692255664774,1693227929005,8,4,4
53340,1693227929005,1692255664778,1692255664781,1693227929012,7,3,4
53341,1693227929012,1692255664786,1692255664789,1693227929020,8,3,5
53342,1693227929020,1692255664794,1692255664797,1693227929028,8,3,5
53343,1693227929028,1692255664801,1692255664805,1693227929036,8,4,4
53344,1693227929037,1692255664810,1692255664813,1693227929044,7,3,4
53345,1693227929044,1692255664817,1692255664823,1693227929055,11,6,5
53346,1693227929055,1692255664828,1692255664831,1693227929062,7,3,4
53347,1693227929062,1692255664835,1692255664838,1693227929070,8,3,5
53348,1693227929070,1692255664843,1692255664847,1693227929080,10,4,6
53349,1693227929080,1692255664855,1692255664859,1693227929090,10,4,6
53350,1693227929090,1692255664863,1692255664866,1693227929097,7,3,4
53351,1693227929097,1692255664871,1692255664874,1693227929123,26,3,23
53352,1693227929123,1692255664897,1692255664901,1693227929132,9,4,5
53353,1693227929132,1692255664905,1692255664908,1693227929139,7,3,4
53354,1693227929139,1692255664913,1692255664917,1693227929151,12,4,8
53355,1693227929151,1692255664925,1692255664929,1693227929161,10,4,6
53356,1693227929161,1692255664934,1692255664938,1693227929169,8,4,4
53357,1693227929169,1692255664942,1692255664944,1693227929176,7,2,5
53358,1693227929176,1692255664949,1692255664953,1693227929184,8,4,4
53359,1693227929184,1692255664957,1692255664960,1693227929191,7,3,4
53360,1693227929191,1692255664964,1692255664967,1693227929424,233,3,230
53361,1693227929424,1692255665198,1692255665201,1693227929432,8,3,5
53362,1693227929432,1692255665206,1692255665208,1693227929439,7,2,5
53363,1693227929439,1692255665212,1692255665216,1693227929447,8,4,4
53364,1693227929447,1692255665220,1692255665224,1693227929455,8,4,4
53365,1693227929455,1692255665229,1692255665232,1693227929464,9,3,6
53366,1693227929464,1692255665236,1692255665240,1693227929471,7,4,3
53367,1693227929471,1692255665246,1692255665249,1693227929480,9,3,6
53368,1693227929480,1692255665253,1692255665256,1693227929494,14,3,11
53369,1693227929494,1692255665267,1692255665270,1693227929502,8,3,5
53370,1693227929502,1692255665275,1692255665278,1693227929510,8,3,5
53371,1693227929510,1692255665283,1692255665286,1693227929517,7,3,4
53372,1693227929517,1692255665291,1692255665294,1693227929525,8,3,5
53373,1693227929526,1692255665298,1692255665302,1693227929534,8,4,4
53374,1693227929534,1692255665307,1692255665311,1693227929542,8,4,4
53375,1693227929542,1692255665315,1692255665318,1693227929549,7,3,4
53376,1693227929549,1692255665322,1692255665325,1693227929575,26,3,23
53377,1693227929575,1692255665349,1692255665352,1693227929583,8,3,5
53378,1693227929583,1692255665356,1692255665360,1693227929593,10,4,6
53379,1693227929593,1692255665366,1692255665369,1693227929601,8,3,5
53380,1693227929601,1692255665374,1692255665378,1693227929609,8,4,4
53381,1693227929609,1692255665382,1692255665386,1693227929617,8,4,4
53382,1693227929617,1692255665391,1692255665394,1693227929625,8,3,5
53383,1693227929625,1692255665398,1692255665401,1693227929632,7,3,4
53384,1693227929632,1692255665405,1692255665408,1693227929639,7,3,4
53385,1693227929639,1692255665412,1692255665416,1693227929647,8,4,4
53386,1693227929647,1692255665420,1692255665423,1693227929655,8,3,5
53387,1693227929655,1692255665428,1692255665431,1693227929663,8,3,5
53388,1693227929663,1692255665436,1692255665440,1693227929671,8,4,4
53389,1693227929671,1692255665445,1692255665449,1693227929680,9,4,5
53390,1693227929680,1692255665453,1692255665457,1693227929688,8,4,4
53391,1693227929688,1692255665461,1692255665466,1693227929697,9,5,4
53392,1693227929697,1692255665471,1692255665474,1693227929705,8,3,5
53393,1693227929705,1692255665478,1692255665481,1693227929712,7,3,4
53394,1693227929712,1692255665485,1692255665488,1693227929720,8,3,5
53395,1693227929720,1692255665584,1692255665587,1693227929818,98,3,95
53396,1693227929818,1692255665592,1692255665595,1693227929827,9,3,6
53397,1693227929827,1692255665600,1692255665603,1693227929834,7,3,4
53398,1693227929834,1692255665607,1692255665611,1693227929842,8,4,4
53399,1693227929842,1692255665615,1692255665618,1693227929849,7,3,4
53400,1693227929849,1692255665622,1692255665626,1693227929857,8,4,4
53401,1693227929857,1692255665630,1692255665635,1693227929866,9,5,4
53402,1693227929866,1692255665639,1692255665642,1693227929873,7,3,4
53403,1693227929873,1692255665647,1692255665650,1693227929881,8,3,5
53404,1693227929881,1692255665654,1692255665657,1693227929889,8,3,5
53405,1693227929889,1692255665683,1692255665686,1693227929917,28,3,25
53406,1693227929917,1692255665690,1692255665693,1693227929924,7,3,4
53407,1693227929924,1692255665697,1692255665700,1693227929932,8,3,5
53408,1693227929932,1692255665706,1692255665710,1693227929941,9,4,5
53409,1693227929941,1692255665714,1692255665717,1693227929948,7,3,4
53410,1693227929948,1692255665721,1692255665725,1693227929956,8,4,4
53411,1693227929956,1692255665728,1692255665732,1693227929963,7,4,3
53412,1693227929963,1692255665735,1692255665738,1693227929969,6,3,3
53413,1693227929969,1692255665742,1692255665746,1693227929977,8,4,4
53414,1693227929977,1692255665751,1692255665754,1693227929986,9,3,6
53415,1693227929986,1692255665759,1692255665762,1693227929994,8,3,5
53416,1693227929994,1692255665767,1692255665770,1693227930024,30,3,27
53417,1693227930024,1692255665797,1692255665800,1693227930032,8,3,5
53418,1693227930032,1692255665805,1692255665809,1693227930040,8,4,4
53419,1693227930040,1692255665815,1692255665817,1693227930049,9,2,7
53420,1693227930049,1692255665822,1692255665825,1693227930056,7,3,4
53421,1693227930056,1692255665829,1692255665832,1693227930064,8,3,5
53422,1693227930064,1692255665837,1692255665840,1693227930071,7,3,4
53423,1693227930071,1692255665845,1692255665847,1693227930078,7,2,5
53424,1693227930078,1692255665852,1692255665855,1693227930086,8,3,5
53425,1693227930086,1692255665860,1692255665863,1693227930094,8,3,5
53426,1693227930094,1692255665867,1692255665869,1693227930101,7,2,5
53427,1693227930101,1692255665876,1692255665880,1693227930112,11,4,7
53428,1693227930112,1692255665885,1692255665889,1693227930120,8,4,4
53429,1693227930120,1692255665892,1692255665895,1693227930126,6,3,3
53430,1693227930126,1692255665899,1692255665902,1693227930133,7,3,4
53431,1693227930134,1692255665907,1692255665910,1693227930141,7,3,4
53432,1693227930141,1692255665914,1692255665917,1693227930148,7,3,4
53433,1693227930148,1692255665921,1692255665925,1693227930158,10,4,6
53434,1693227930158,1692255665931,1692255665934,1693227930165,7,3,4
53435,1693227930165,1692255665938,1692255665941,1693227930172,7,3,4
53436,1693227930172,1692255665946,1692255665949,1693227930181,9,3,6
53437,1693227930181,1692255665953,1692255665957,1693227930188,7,4,3
53438,1693227930188,1692255665962,1692255665965,1693227930197,9,3,6
53439,1693227930197,1692255665970,1692255665973,1693227930207,10,3,7
53440,1693227930207,1692255665980,1692255665984,1693227930216,9,4,5
53441,1693227930216,1692255665989,1692255665993,1693227930224,8,4,4
53442,1693227930224,1692255666019,1692255666022,1693227930470,246,3,243
53443,1693227930470,1692255666244,1692255666247,1693227930478,8,3,5
53444,1693227930478,1692255666253,1692255666257,1693227930489,11,4,7
53445,1693227930489,1692255666262,1692255666266,1693227930497,8,4,4
53446,1693227930497,1692255666271,1692255666274,1693227930505,8,3,5
53447,1693227930506,1692255666279,1692255666282,1693227930514,8,3,5
53448,1693227930514,1692255666287,1692255666290,1693227930521,7,3,4
53449,1693227930521,1692255666294,1692255666297,1693227930528,7,3,4
53450,1693227930528,1692255666301,1692255666304,1693227930536,8,3,5
53451,1693227930536,1692255666309,1692255666313,1693227930544,8,4,4
53452,1693227930544,1692255666317,1692255666320,1693227930551,7,3,4
53453,1693227930551,1692255666324,1692255666327,1693227930558,7,3,4
53454,1693227930558,1692255666332,1692255666335,1693227930567,9,3,6
53455,1693227930567,1692255666340,1692255666344,1693227930575,8,4,4
53456,1693227930575,1692255666356,1692255666360,1693227930591,16,4,12
53457,1693227930591,1692255666365,1692255666368,1693227930599,8,3,5
53458,1693227930599,1692255666378,1692255666381,1693227930612,13,3,10
53459,1693227930613,1692255666390,1692255666393,1693227930624,11,3,8
53460,1693227930625,1692255666398,1692255666401,1693227930632,7,3,4
53461,1693227930632,1692255666404,1692255666408,1693227930639,7,4,3
53462,1693227930639,1692255666412,1692255666416,1693227930647,8,4,4
53463,1693227930647,1692255666428,1692255666433,1693227930664,17,5,12
53464,1693227930664,1692255666437,1692255666441,1693227930672,8,4,4
53465,1693227930672,1692255666445,1692255666448,1693227930696,24,3,21
53466,1693227930696,1692255666469,1692255666473,1693227930704,8,4,4
53467,1693227930704,1692255666477,1692255666481,1693227930712,8,4,4
53468,1693227930712,1692255666485,1692255666487,1693227930719,7,2,5
53469,1693227930719,1692255666493,1692255666496,1693227930727,8,3,5
53470,1693227930727,1692255666500,1692255666503,1693227930735,8,3,5
53471,1693227930735,1692255666508,1692255666511,1693227930743,8,3,5
53472,1693227930743,1692255666516,1692255666519,1693227930750,7,3,4
53473,1693227930750,1692255666524,1692255666528,1693227930759,9,4,5
53474,1693227930759,1692255666533,1692255666536,1693227930767,8,3,5
53475,1693227930767,1692255666540,1692255666544,1693227930860,93,4,89
53476,1693227930861,1692255666634,1692255666637,1693227930869,8,3,5
53477,1693227930869,1692255666642,1692255666645,1693227930877,8,3,5
53478,1693227930877,1692255666650,1692255666653,1693227930884,7,3,4
53479,1693227930884,1692255666658,1692255666661,1693227930892,8,3,5
53480,1693227930892,1692255666666,1692255666669,1693227930900,8,3,5
53481,1693227930900,1692255666673,1692255666677,1693227930908,8,4,4
53482,1693227930908,1692255666680,1692255666683,1693227930915,7,3,4
53483,1693227930915,1692255666688,1692255666691,1693227930924,9,3,6
53484,1693227930924,1692255666697,1692255666700,1693227930932,8,3,5
53485,1693227930932,1692255666705,1692255666707,1693227930938,6,2,4
53486,1693227930939,1692255666711,1692255666714,1693227930946,7,3,4
53487,1693227930946,1692255666719,1692255666722,1693227930954,8,3,5
53488,1693227930954,1692255666727,1692255666731,1693227930962,8,4,4
53489,1693227930962,1692255666735,1692255666739,1693227930970,8,4,4
53490,1693227930970,1692255666743,1692255666746,1693227930977,7,3,4
53491,1693227930977,1692255666751,1692255666755,1693227930986,9,4,5
53492,1693227930986,1692255666759,1692255666763,1693227930994,8,4,4
53493,1693227930994,1692255666768,1692255666771,1693227931002,8,3,5
53494,1693227931002,1692255666776,1692255666779,1693227931010,8,3,5
53495,1693227931010,1692255666784,1692255666787,1693227931018,8,3,5
53496,1693227931018,1692255666791,1692255666794,1693227931026,8,3,5
53497,1693227931026,1692255666800,1692255666803,1693227931034,8,3,5
53498,1693227931034,1692255666807,1692255666810,1693227931041,7,3,4
53499,1693227931041,1692255666814,1692255666817,1693227931048,7,3,4
53500,1693227931048,1692255666821,1692255666826,1693227931057,9,5,4
53501,1693227931057,1692255666831,1692255666833,1693227931064,7,2,5
53502,1693227931064,1692255666837,1692255666840,1693227931071,7,3,4
53503,1693227931071,1692255666845,1692255666848,1693227931080,9,3,6
53504,1693227931080,1692255666853,1692255666856,1693227931088,8,3,5
53505,1693227931088,1692255666862,1692255666865,1693227931096,8,3,5
53506,1693227931096,1692255666869,1692255666872,1693227931103,7,3,4
53507,1693227931103,1692255666877,1692255666880,1693227931111,8,3,5
53508,1693227931111,1692255666885,1692255666888,1693227931120,9,3,6
53509,1693227931120,1692255666894,1692255666897,1693227931146,26,3,23
53510,1693227931146,1692255666920,1692255666924,1693227931155,9,4,5
53511,1693227931155,1692255666929,1692255666932,1693227931163,8,3,5
53512,1693227931163,1692255666937,1692255666940,1693227931172,9,3,6
53513,1693227931172,1692255666946,1692255666949,1693227931180,8,3,5
53514,1693227931180,1692255666954,1692255666956,1693227931187,7,2,5
53515,1693227931187,1692255666960,1692255666964,1693227931195,8,4,4
53516,1693227931195,1692255666971,1692255666974,1693227931206,11,3,8
53517,1693227931206,1692255666979,1692255666985,1693227931217,11,6,5
53518,1693227931217,1692255666990,1692255666993,1693227931224,7,3,4
53519,1693227931225,1692255666997,1692255667000,1693227931231,6,3,3
53520,1693227931231,1692255667005,1692255667008,1693227931239,8,3,5
53521,1693227931239,1692255667014,1692255667017,1693227931248,9,3,6
53522,1693227931249,1692255667022,1692255667025,1693227931256,7,3,4
53523,1693227931256,1692255667029,1692255667032,1693227931263,7,3,4
53524,1693227931264,1692255667037,1692255667040,1693227931271,7,3,4
53525,1693227931271,1692255667044,1692255667048,1693227931279,8,4,4
53526,1693227931279,1692255667053,1692255667056,1693227931287,8,3,5
53527,1693227931287,1692255667060,1692255667064,1693227931517,230,4,226
53528,1693227931517,1692255667293,1692255667297,1693227931528,11,4,7
53529,1693227931528,1692255667301,1692255667304,1693227931535,7,3,4
53530,1693227931535,1692255667309,1692255667313,1693227931544,9,4,5
53531,1693227931544,1692255667317,1692255667320,1693227931551,7,3,4
53532,1693227931551,1692255667324,1692255667327,1693227931558,7,3,4
53533,1693227931558,1692255667331,1692255667334,1693227931565,7,3,4
53534,1693227931565,1692255667338,1692255667341,1693227931572,7,3,4
53535,1693227931572,1692255667369,1692255667372,1693227931603,31,3,28
53536,1693227931603,1692255667377,1692255667381,1693227931613,10,4,6
53537,1693227931613,1692255667386,1692255667389,1693227931620,7,3,4
53538,1693227931620,1692255667393,1692255667396,1693227931635,15,3,12
53539,1693227931635,1692255667408,1692255667412,1693227931643,8,4,4
53540,1693227931643,1692255667416,1692255667419,1693227931650,7,3,4
53541,1693227931650,1692255667424,1692255667428,1693227931659,9,4,5
53542,1693227931659,1692255667431,1692255667435,1693227931666,7,4,3
53543,1693227931666,1692255667439,1692255667443,1693227931675,9,4,5
53544,1693227931675,1692255667449,1692255667452,1693227931684,9,3,6
53545,1693227931684,1692255667457,1692255667461,1693227931692,8,4,4
53546,1693227931692,1692255667466,1692255667469,1693227931700,8,3,5
53547,1693227931700,1692255667474,1692255667477,1693227931708,8,3,5
53548,1693227931708,1692255667482,1692255667484,1693227931716,8,2,6
53549,1693227931716,1692255667489,1692255667493,1693227931724,8,4,4
53550,1693227931724,1692255667497,1692255667500,1693227931731,7,3,4
53551,1693227931731,1692255667505,1692255667508,1693227931739,8,3,5
53552,1693227931739,1692255667514,1692255667518,1693227931749,10,4,6
53553,1693227931749,1692255667522,1692255667525,1693227931756,7,3,4
53554,1693227931756,1692255667530,1692255667533,1693227931764,8,3,5
53555,1693227931764,1692255667538,1692255667541,1693227931772,8,3,5
53556,1693227931772,1692255667545,1692255667548,1693227931779,7,3,4
53557,1693227931779,1692255667553,1692255667556,1693227931787,8,3,5
53558,1693227931787,1692255667561,1692255667563,1693227931794,7,2,5
53559,1693227931795,1692255667571,1692255667574,1693227931823,28,3,25
53560,1693227931823,1692255667597,1692255667601,1693227932044,221,4,217
53561,1693227932044,1692255667817,1692255667820,1693227932051,7,3,4
53562,1693227932051,1692255667824,1692255667827,1693227932058,7,3,4
53563,1693227932058,1692255667832,1692255667835,1693227932067,9,3,6
53564,1693227932067,1692255667840,1692255667843,1693227932074,7,3,4
53565,1693227932074,1692255667848,1692255667852,1693227932083,9,4,5
53566,1693227932083,1692255667856,1692255667859,1693227932091,8,3,5
53567,1693227932091,1692255667864,1692255667868,1693227932099,8,4,4
53568,1693227932099,1692255667872,1692255667876,1693227932107,8,4,4
53569,1693227932107,1692255667880,1692255667883,1693227932114,7,3,4
53570,1693227932114,1692255667887,1692255667893,1693227932124,10,6,4
53571,1693227932124,1692255667897,1692255667900,1693227932131,7,3,4
53572,1693227932131,1692255667904,1692255667909,1693227932140,9,5,4
53573,1693227932140,1692255667916,1692255667920,1693227932152,12,4,8
53574,1693227932152,1692255667926,1692255667929,1693227932161,9,3,6
53575,1693227932161,1692255667935,1692255667938,1693227932170,9,3,6
53576,1693227932170,1692255667943,1692255667946,1693227932178,8,3,5
53577,1693227932178,1692255667951,1692255667955,1693227932186,8,4,4
53578,1693227932186,1692255667959,1692255667964,1693227932195,9,5,4
53579,1693227932195,1692255667969,1692255667973,1693227932204,9,4,5
53580,1693227932204,1692255667977,1692255667980,1693227932211,7,3,4
53581,1693227932211,1692255667985,1692255667988,1693227932219,8,3,5
53582,1693227932219,1692255667992,1692255667996,1693227932229,10,4,6
53583,1693227932229,1692255668003,1692255668007,1693227932238,9,4,5
53584,1693227932238,1692255668011,1692255668014,1693227932253,15,3,12
53585,1693227932253,1692255668042,1692255668046,1693227932277,24,4,20
53586,1693227932277,1692255668051,1692255668054,1693227932285,8,3,5
53587,1693227932285,1692255668058,1692255668061,1693227932292,7,3,4
53588,1693227932292,1692255668067,1692255668071,1693227932302,10,4,6
53589,1693227932302,1692255668076,1692255668079,1693227932310,8,3,5
53590,1693227932310,1692255668083,1692255668086,1693227932317,7,3,4
53591,1693227932317,1692255668090,1692255668094,1693227932325,8,4,4
53592,1693227932325,1692255668101,1692255668104,1693227932336,11,3,8
53593,1693227932336,1692255668109,1692255668112,1693227932343,7,3,4
53594,1693227932343,1692255668338,1692255668342,1693227932573,230,4,226
53595,1693227932574,1692255668347,1692255668351,1693227932582,8,4,4
53596,1693227932582,1692255668355,1692255668359,1693227932591,9,4,5
53597,1693227932591,1692255668364,1692255668367,1693227932598,7,3,4
53598,1693227932598,1692255668371,1692255668374,1693227932606,8,3,5
53599,1693227932606,1692255668380,1692255668383,1693227932613,7,3,4
53600,1693227932614,1692255668387,1692255668389,1693227932620,6,2,4
53601,1693227932620,1692255668394,1692255668398,1693227932629,9,4,5
53602,1693227932629,1692255668403,1692255668407,1693227932638,9,4,5
53603,1693227932638,1692255668411,1692255668414,1693227932646,8,3,5
53604,1693227932646,1692255668419,1692255668421,1693227932652,6,2,4
53605,1693227932652,1692255668425,1692255668429,1693227932660,8,4,4
53606,1693227932660,1692255668435,1692255668440,1693227932671,11,5,6
53607,1693227932671,1692255668444,1692255668448,1693227932679,8,4,4
53608,1693227932679,1692255668452,1692255668457,1693227932688,9,5,4
53609,1693227932688,1692255668461,1692255668463,1693227932694,6,2,4
53610,1693227932694,1692255668467,1692255668470,1693227932728,34,3,31
53611,1693227932728,1692255668502,1692255668505,1693227932737,9,3,6
53612,1693227932737,1692255668510,1692255668514,1693227932745,8,4,4
53613,1693227932745,1692255668518,1692255668521,1693227932754,9,3,6
53614,1693227932754,1692255668528,1692255668532,1693227932763,9,4,5
53615,1693227932763,1692255668538,1692255668541,1693227932772,9,3,6
53616,1693227932772,1692255668545,1692255668548,1693227932779,7,3,4
53617,1693227932779,1692255668552,1692255668556,1693227932787,8,4,4
53618,1693227932787,1692255668560,1692255668563,1693227932795,8,3,5
53619,1693227932795,1692255668568,1692255668571,1693227932802,7,3,4
53620,1693227932802,1692255668576,1692255668579,1693227932810,8,3,5
53621,1693227932810,1692255668584,1692255668589,1693227932820,10,5,5
53622,1693227932820,1692255668593,1692255668597,1693227932828,8,4,4
53623,1693227932828,1692255668602,1692255668605,1693227932836,8,3,5
53624,1693227932836,1692255668610,1692255668613,1693227932844,8,3,5
53625,1693227932844,1692255668618,1692255668621,1693227932852,8,3,5
53626,1693227932852,1692255668625,1692255668628,1693227932860,8,3,5
53627,1693227932860,1692255668633,1692255668636,1693227932958,98,3,95
53628,1693227932958,1692255668732,1692255668736,1693227932967,9,4,5
53629,1693227932967,1692255668740,1692255668743,1693227932974,7,3,4
53630,1693227932974,1692255668748,1692255668751,1693227932982,8,3,5
53631,1693227932982,1692255668756,1692255668759,1693227932990,8,3,5
53632,1693227932990,1692255668764,1692255668767,1693227932998,8,3,5
53633,1693227932998,1692255668771,1692255668774,1693227933005,7,3,4
53634,1693227933005,1692255668778,1692255668782,1693227933013,8,4,4
53635,1693227933013,1692255668786,1692255668789,1693227933021,8,3,5
53636,1693227933021,1692255668794,1692255668798,1693227933029,8,4,4
53637,1693227933029,1692255668802,1692255668805,1693227933057,28,3,25
53638,1693227933057,1692255668830,1692255668834,1693227933065,8,4,4
53639,1693227933065,1692255668838,1692255668841,1693227933074,9,3,6
53640,1693227933074,1692255668847,1692255668851,1693227933082,8,4,4
53641,1693227933082,1692255668855,1692255668858,1693227933090,8,3,5
53642,1693227933090,1692255668863,1692255668866,1693227933097,7,3,4
53643,1693227933097,1692255668870,1692255668873,1693227933104,7,3,4
53644,1693227933104,1692255668877,1692255668882,1693227933113,9,5,4
53645,1693227933113,1692255668886,1692255668890,1693227933121,8,4,4
53646,1693227933121,1692255668894,1692255668897,1693227933129,8,3,5
53647,1693227933129,1692255668902,1692255668906,1693227933137,8,4,4
53648,1693227933137,1692255668910,1692255668913,1693227933144,7,3,4
53649,1693227933144,1692255668947,1692255668951,1693227933182,38,4,34
53650,1693227933182,1692255668954,1692255668958,1693227933190,8,4,4
53651,1693227933190,1692255668963,1692255668966,1693227933196,6,3,3
53652,1693227933196,1692255668969,1692255668972,1693227933205,9,3,6
53653,1693227933205,1692255668978,1692255668981,1693227933213,8,3,5
53654,1693227933213,1692255668986,1692255668990,1693227933221,8,4,4
53655,1693227933221,1692255668994,1692255668996,1693227933228,7,2,5
53656,1693227933228,1692255669001,1692255669004,1693227933235,7,3,4
53657,1693227933235,1692255669009,1692255669012,1693227933243,8,3,5
53658,1693227933243,1692255669018,1692255669021,1693227933253,10,3,7
53659,1693227933253,1692255669026,1692255669030,1693227933261,8,4,4
53660,1693227933261,1692255669034,1692255669037,1693227933272,11,3,8
53661,1693227933272,1692255669046,1692255669049,1693227933280,8,3,5
53662,1693227933280,1692255669054,1692255669057,1693227933288,8,3,5
53663,1693227933288,1692255669062,1692255669065,1693227933297,9,3,6
53664,1693227933297,1692255669070,1692255669073,1693227933304,7,3,4
53665,1693227933304,1692255669077,1692255669080,1693227933311,7,3,4
53666,1693227933311,1692255669084,1692255669087,1693227933318,7,3,4
53667,1693227933318,1692255669091,1692255669094,1693227933326,8,3,5
53668,1693227933326,1692255669099,1692255669103,1693227933334,8,4,4
53669,1693227933334,1692255669108,1692255669111,1693227933343,9,3,6
53670,1693227933343,1692255669116,1692255669119,1693227933350,7,3,4
53671,1693227933350,1692255669123,1692255669127,1693227933358,8,4,4
53672,1693227933358,1692255669131,1692255669135,1693227933366,8,4,4
53673,1693227933366,1692255669140,1692255669143,1693227933398,32,3,29
53674,1693227933398,1692255669400,1692255669404,1693227933635,237,4,233
53675,1693227933635,1692255669408,1692255669412,1693227933644,9,4,5
53676,1693227933644,1692255669417,1692255669421,1693227933653,9,4,5
53677,1693227933653,1692255669428,1692255669432,1693227933663,10,4,6
53678,1693227933663,1692255669437,1692255669440,1693227933673,10,3,7
53679,1693227933673,1692255669446,1692255669449,1693227933680,7,3,4
53680,1693227933680,1692255669467,1692255669470,1693227933701,21,3,18
53681,1693227933701,1692255669475,1692255669480,1693227933711,10,5,5
53682,1693227933711,1692255669484,1692255669487,1693227933718,7,3,4
53683,1693227933718,1692255669491,1692255669494,1693227933729,11,3,8
53684,1693227933729,1692255669502,1692255669505,1693227933737,8,3,5
53685,1693227933737,1692255669512,1692255669516,1693227933747,10,4,6
53686,1693227933747,1692255669520,1692255669523,1693227933754,7,3,4
53687,1693227933754,1692255669527,1692255669530,1693227933761,7,3,4
53688,1693227933761,1692255669536,1692255669539,1693227933770,9,3,6
53689,1693227933770,1692255669544,1692255669548,1693227933779,9,4,5
53690,1693227933779,1692255669553,1692255669556,1693227933788,9,3,6
53691,1693227933788,1692255669562,1692255669565,1693227933796,8,3,5
53692,1693227933796,1692255669569,1692255669572,1693227933804,8,3,5
53693,1693227933804,1692255669577,1692255669580,1693227933811,7,3,4
53694,1693227933811,1692255669586,1692255669589,1693227933825,14,3,11
53695,1693227933825,1692255669614,1692255669618,1693227933849,24,4,20
53696,1693227933849,1692255669623,1692255669626,1693227933858,9,3,6
53697,1693227933858,1692255669632,1692255669635,1693227933867,9,3,6
53698,1693227933868,1692255669641,1692255669644,1693227933875,7,3,4
53699,1693227933875,1692255669648,1692255669652,1693227933883,8,4,4
53700,1693227933883,1692255669656,1692255669659,1693227933890,7,3,4
53701,1693227933890,1692255669665,1692255669668,1693227933900,10,3,7
53702,1693227933900,1692255669673,1692255669676,1693227933907,7,3,4
53703,1693227933907,1692255669681,1692255669684,1693227933915,8,3,5
53704,1693227933915,1692255669779,1692255669782,1693227934013,98,3,95
53705,1693227934013,1692255669786,1692255669790,1693227934021,8,4,4
53706,1693227934021,1692255669794,1692255669797,1693227934028,7,3,4
53707,1693227934028,1692255669802,1692255669804,1693227934035,7,2,5
53708,1693227934036,1692255669808,1692255669811,1693227934042,6,3,3
53709,1693227934042,1692255669816,1692255669819,1693227934050,8,3,5
53710,1693227934050,1692255669823,1692255669826,1693227934057,7,3,4
53711,1693227934057,1692255669830,1692255669833,1693227934064,7,3,4
53712,1693227934064,1692255669838,1692255669841,1693227934072,8,3,5
53713,1693227934072,1692255669845,1692255669848,1693227934080,8,3,5
53714,1693227934080,1692255669853,1692255669856,1693227934087,7,3,4
53715,1693227934087,1692255669860,1692255669864,1693227934095,8,4,4
53716,1693227934095,1692255669869,1692255669872,1693227934104,9,3,6
53717,1693227934104,1692255669877,1692255669881,1693227934112,8,4,4
53718,1693227934112,1692255669885,1692255669889,1693227934120,8,4,4
53719,1693227934120,1692255669894,1692255669897,1693227934129,9,3,6
53720,1693227934129,1692255669903,1692255669906,1693227934137,8,3,5
53721,1693227934137,1692255669910,1692255669913,1693227934144,7,3,4
53722,1693227934144,1692255669918,1692255669921,1693227934152,8,3,5
53723,1693227934152,1692255669925,1692255669928,1693227934159,7,3,4
53724,1693227934159,1692255669933,1692255669936,1693227934167,8,3,5
53725,1693227934167,1692255669940,1692255669943,1693227934174,7,3,4
53726,1693227934174,1692255669947,1692255669951,1693227934182,8,4,4
53727,1693227934182,1692255669955,1692255669958,1693227934189,7,3,4
53728,1693227934189,1692255669963,1692255669965,1693227934197,8,2,6
53729,1693227934197,1692255669972,1692255669976,1693227934207,10,4,6
53730,1693227934207,1692255669980,1692255669983,1693227934214,7,3,4
53731,1693227934214,1692255669988,1692255669991,1693227934222,8,3,5
53732,1693227934222,1692255669996,1692255669999,1693227934230,8,3,5
53733,1693227934230,1692255670003,1692255670006,1693227934237,7,3,4
53734,1693227934237,1692255670011,1692255670014,1693227934245,8,3,5
53735,1693227934245,1692255670018,1692255670021,1693227934252,7,3,4
53736,1693227934252,1692255670025,1692255670029,1693227934261,9,4,5
53737,1693227934261,1692255670033,1692255670037,1693227934268,7,4,3
53738,1693227934268,1692255670041,1692255670044,1693227934294,26,3,23
53739,1693227934294,1692255670067,1692255670071,1693227934302,8,4,4
53740,1693227934302,1692255670076,1692255670080,1693227934311,9,4,5
53741,1693227934311,1692255670084,1692255670088,1693227934319,8,4,4
53742,1693227934319,1692255670092,1692255670095,1693227934327,8,3,5
53743,1693227934327,1692255670100,1692255670104,1693227934335,8,4,4
53744,1693227934335,1692255670109,1692255670112,1693227934344,9,3,6
53745,1693227934344,1692255670117,1692255670120,1693227934351,7,3,4
53746,1693227934351,1692255670125,1692255670129,1693227934360,9,4,5
53747,1693227934360,1692255670139,1692255670142,1693227934374,14,3,11
53748,1693227934374,1692255670147,1692255670150,1693227934381,7,3,4
53749,1693227934381,1692255670154,1692255670158,1693227934389,8,4,4
53750,1693227934389,1692255670163,1692255670166,1693227934397,8,3,5
53751,1693227934397,1692255670170,1692255670173,1693227934406,9,3,6
53752,1693227934406,1692255670185,1692255670189,1693227934420,14,4,10
53753,1693227934420,1692255670201,1692255670204,1693227934436,16,3,13
53754,1693227934436,1692255670210,1692255670214,1693227934662,226,4,222
53755,1693227934662,1692255670436,1692255670442,1693227934673,11,6,5
53756,1693227934673,1692255670446,1692255670450,1693227934681,8,4,4
53757,1693227934681,1692255670455,1692255670458,1693227934689,8,3,5
53758,1693227934689,1692255670462,1692255670466,1693227934698,9,4,5
53759,1693227934698,1692255670471,1692255670474,1693227934705,7,3,4
53760,1693227934705,1692255670478,1692255670482,1693227934714,9,4,5
53761,1693227934714,1692255670487,1692255670490,1693227934741,27,3,24
53762,1693227934741,1692255670515,1692255670519,1693227934750,9,4,5
53763,1693227934750,1692255670523,1692255670525,1693227934756,6,2,4
53764,1693227934757,1692255670530,1692255670533,1693227934764,7,3,4
53765,1693227934764,1692255670538,1692255670541,1693227934772,8,3,5
53766,1693227934772,1692255670545,1692255670548,1693227934780,8,3,5
53767,1693227934780,1692255670553,1692255670556,1693227934787,7,3,4
53768,1693227934787,1692255670560,1692255670563,1693227934794,7,3,4
53769,1693227934794,1692255670567,1692255670570,1693227934801,7,3,4
53770,1693227934801,1692255670576,1692255670580,1693227934811,10,4,6
53771,1693227934811,1692255670586,1692255670590,1693227934821,10,4,6
53772,1693227934821,1692255670594,1692255670598,1693227934829,8,4,4
53773,1693227934829,1692255670602,1692255670605,1693227934836,7,3,4
53774,1693227934836,1692255670610,1692255670613,1693227934844,8,3,5
53775,1693227934844,1692255670617,1692255670620,1693227934851,7,3,4
53776,1693227934851,1692255670624,1692255670627,1693227934858,7,3,4
53777,1693227934858,1692255670632,1692255670635,1693227934866,8,3,5
53778,1693227934866,1692255670639,1692255670642,1693227934873,7,3,4
53779,1693227934873,1692255670646,1692255670649,1693227934880,7,3,4
53780,1693227934880,1692255670653,1692255670656,1693227934887,7,3,4
53781,1693227934887,1692255670660,1692255670663,1693227934894,7,3,4
53782,1693227934894,1692255670668,1692255670671,1693227934902,8,3,5
53783,1693227934902,1692255670675,1692255670678,1693227934909,7,3,4
53784,1693227934909,1692255670683,1692255670686,1693227934917,8,3,5
53785,1693227934917,1692255670691,1692255670694,1693227934925,8,3,5
53786,1693227934925,1692255670699,1692255670704,1693227934936,11,5,6
53787,1693227934936,1692255670709,1692255670712,1693227934943,7,3,4
53788,1693227934943,1692255670717,1692255670720,1693227934951,8,3,5
53789,1693227934951,1692255670724,1692255670728,1693227934959,8,4,4
53790,1693227934959,1692255670732,1692255670735,1693227935052,93,3,90
53791,1693227935052,1692255670826,1692255670831,1693227935078,26,5,21
53792,1693227935078,1692255670852,1692255670855,1693227935087,9,3,6
53793,1693227935087,1692255670860,1692255670863,1693227935094,7,3,4
53794,1693227935094,1692255670867,1692255670870,1693227935101,7,3,4
53795,1693227935101,1692255670874,1692255670878,1693227935109,8,4,4
53796,1693227935109,1692255670883,1692255670886,1693227935117,8,3,5
53797,1693227935117,1692255670893,1692255670897,1693227935128,11,4,7
53798,1693227935128,1692255670901,1692255670905,1693227935136,8,4,4
53799,1693227935136,1692255670909,1692255670912,1693227935143,7,3,4
53800,1693227935143,1692255670916,1692255670919,1693227935151,8,3,5
53801,1693227935151,1692255670924,1692255670927,1693227935158,7,3,4
53802,1693227935158,1692255670931,1692255670934,1693227935165,7,3,4
53803,1693227935165,1692255670938,1692255670941,1693227935172,7,3,4
53804,1693227935172,1692255670945,1692255670949,1693227935180,8,4,4
53805,1693227935180,1692255670954,1692255670957,1693227935188,8,3,5
53806,1693227935188,1692255670961,1692255670964,1693227935195,7,3,4
53807,1693227935195,1692255670967,1692255670971,1693227935203,8,4,4
53808,1693227935203,1692255670976,1692255670979,1693227935210,7,3,4
53809,1693227935211,1692255670984,1692255670987,1693227935218,7,3,4
53810,1693227935218,1692255670991,1692255670994,1693227935225,7,3,4
53811,1693227935226,1692255670998,1692255671002,1693227935233,7,4,3
53812,1693227935233,1692255671006,1692255671009,1693227935240,7,3,4
53813,1693227935240,1692255671013,1692255671017,1693227935248,8,4,4
53814,1693227935249,1692255671022,1692255671025,1693227935256,7,3,4
53815,1693227935256,1692255671029,1692255671032,1693227935263,7,3,4
53816,1693227935263,1692255671037,1692255671040,1693227935272,9,3,6
53817,1693227935272,1692255671045,1692255671048,1693227935279,7,3,4
53818,1693227935279,1692255671052,1692255671055,1693227935286,7,3,4
53819,1693227935286,1692255671059,1692255671062,1693227935293,7,3,4
53820,1693227935293,1692255671066,1692255671069,1693227935300,7,3,4
53821,1693227935300,1692255671073,1692255671076,1693227935308,8,3,5
53822,1693227935308,1692255671081,1692255671084,1693227935315,7,3,4
53823,1693227935315,1692255671088,1692255671092,1693227935323,8,4,4
53824,1693227935323,1692255671098,1692255671102,1693227935333,10,4,6
53825,1693227935333,1692255671106,1692255671109,1693227935340,7,3,4
53826,1693227935340,1692255671113,1692255671116,1693227935348,8,3,5
53827,1693227935348,1692255671121,1692255671125,1693227935356,8,4,4
53828,1693227935356,1692255671129,1692255671134,1693227935365,9,5,4
53829,1693227935365,1692255671138,1692255671140,1693227935372,7,2,5
53830,1693227935372,1692255671146,1692255671149,1693227935380,8,3,5
53831,1693227935380,1692255671153,1692255671156,1693227935387,7,3,4
53832,1693227935387,1692255671159,1692255671163,1693227935394,7,4,3
53833,1693227935394,1692255671201,1692255671204,1693227935436,42,3,39
53834,1693227935436,1692255671209,1692255671212,1693227935443,7,3,4
53835,1693227935443,1692255671216,1692255671220,1693227935451,8,4,4
53836,1693227935451,1692255671224,1692255671228,1693227935459,8,4,4
53837,1693227935459,1692255671233,1692255671236,1693227935467,8,3,5
53838,1693227935467,1692255671241,1692255671245,1693227935476,9,4,5
53839,1693227935476,1692255671249,1692255671252,1693227935484,8,3,5
53840,1693227935484,1692255671257,1692255671261,1693227935710,226,4,222
53841,1693227935710,1692255671490,1692255671493,1693227935724,14,3,11
53842,1693227935724,1692255671498,1692255671501,1693227935732,8,3,5
53843,1693227935732,1692255671508,1692255671511,1693227935742,10,3,7
53844,1693227935742,1692255671516,1692255671519,1693227935750,8,3,5
53845,1693227935750,1692255671523,1692255671527,1693227935759,9,4,5
53846,1693227935759,1692255671532,1692255671535,1693227935767,8,3,5
53847,1693227935767,1692255671542,1692255671545,1693227935776,9,3,6
53848,1693227935776,1692255671549,1692255671553,1693227935784,8,4,4
53849,1693227935784,1692255671558,1692255671561,1693227935792,8,3,5
53850,1693227935792,1692255671566,1692255671569,1693227935800,8,3,5
53851,1693227935800,1692255671574,1692255671577,1693227935809,9,3,6
53852,1693227935809,1692255671582,1692255671585,1693227935817,8,3,5
53853,1693227935817,1692255671590,1692255671593,1693227935824,7,3,4
53854,1693227935824,1692255671597,1692255671601,1693227935833,9,4,5
53855,1693227935833,1692255671606,1692255671610,1693227935841,8,4,4
53856,1693227935841,1692255671614,1692255671618,1693227935867,26,4,22
53857,1693227935867,1692255671640,1692255671644,1693227935875,8,4,4
53858,1693227935875,1692255671648,1692255671651,1693227935882,7,3,4
53859,1693227935882,1692255671655,1692255671657,1693227935889,7,2,5
53860,1693227935889,1692255671662,1692255671665,1693227935900,11,3,8
53861,1693227935900,1692255671674,1692255671677,1693227935908,8,3,5
53862,1693227935908,1692255671681,1692255671684,1693227935915,7,3,4
53863,1693227935915,1692255671690,1692255671693,1693227935924,9,3,6
53864,1693227935924,1692255671697,1692255671700,1693227935931,7,3,4
53865,1693227935931,1692255671704,1692255671709,1693227935941,10,5,5
53866,1693227935941,1692255671714,1692255671717,1693227935948,7,3,4
53867,1693227935948,1692255671722,1692255671725,1693227935956,8,3,5
53868,1693227935956,1692255671730,1692255671733,1693227935965,9,3,6
53869,1693227935965,1692255671738,1692255671742,1693227935973,8,4,4
53870,1693227935973,1692255671746,1692255671750,1693227935981,8,4,4
53871,1693227935981,1692255671754,1692255671758,1693227935989,8,4,4
53872,1693227935989,1692255671763,1692255671766,1693227935997,8,3,5
53873,1693227935997,1692255671770,1692255671773,1693227936004,7,3,4
53874,1693227936004,1692255671777,1692255671780,1693227936011,7,3,4
53875,1693227936011,1692255671784,1692255671788,1693227936103,92,4,88
53876,1693227936103,1692255671877,1692255671880,1693227936111,8,3,5
53877,1693227936111,1692255671885,1692255671888,1693227936119,8,3,5
53878,1693227936120,1692255671893,1692255671896,1693227936128,8,3,5
53879,1693227936128,1692255671901,1692255671904,1693227936135,7,3,4
53880,1693227936135,1692255671908,1692255671911,1693227936142,7,3,4
53881,1693227936142,1692255671917,1692255671921,1693227936153,11,4,7
53882,1693227936153,1692255671926,1692255671932,1693227936162,9,6,3
53883,1693227936163,1692255671935,1692255671938,1693227936169,6,3,3
53884,1693227936169,1692255671943,1692255671946,1693227936177,8,3,5
53885,1693227936177,1692255671950,1692255671954,1693227936203,26,4,22
53886,1693227936203,1692255671976,1692255671979,1693227936211,8,3,5
53887,1693227936211,1692255671984,1692255671987,1693227936218,7,3,4
53888,1693227936218,1692255671991,1692255671995,1693227936227,9,4,5
53889,1693227936227,1692255672000,1692255672003,1693227936235,8,3,5
53890,1693227936235,1692255672008,1692255672012,1693227936243,8,4,4
53891,1693227936243,1692255672020,1692255672023,1693227936254,11,3,8
53892,1693227936254,1692255672027,1692255672030,1693227936261,7,3,4
53893,1693227936261,1692255672034,1692255672036,1693227936268,7,2,5
53894,1693227936268,1692255672041,1692255672044,1693227936275,7,3,4
53895,1693227936275,1692255672048,1692255672052,1693227936282,7,4,3
53896,1693227936282,1692255672055,1692255672058,1693227936289,7,3,4
53897,1693227936289,1692255672098,1692255672102,1693227936333,44,4,40
53898,1693227936333,1692255672106,1692255672110,1693227936341,8,4,4
53899,1693227936341,1692255672114,1692255672117,1693227936351,10,3,7
53900,1693227936351,1692255672124,1692255672128,1693227936360,9,4,5
53901,1693227936360,1692255672133,1692255672136,1693227936368,8,3,5
53902,1693227936368,1692255672141,1692255672145,1693227936376,8,4,4
53903,1693227936376,1692255672151,1692255672154,1693227936385,9,3,6
53904,1693227936385,1692255672159,1692255672162,1693227936393,8,3,5
53905,1693227936393,1692255672166,1692255672169,1693227936401,8,3,5
53906,1693227936401,1692255672174,1692255672177,1693227936408,7,3,4
53907,1693227936408,1692255672182,1692255672186,1693227936417,9,4,5
53908,1693227936417,1692255672189,1692255672193,1693227936424,7,4,3
53909,1693227936424,1692255672197,1692255672200,1693227936432,8,3,5
53910,1693227936432,1692255672204,1692255672208,1693227936439,7,4,3
53911,1693227936439,1692255672213,1692255672216,1693227936447,8,3,5
53912,1693227936447,1692255672221,1692255672223,1693227936454,7,2,5
53913,1693227936454,1692255672227,1692255672233,1693227936464,10,6,4
53914,1693227936464,1692255672238,1692255672241,1693227936473,9,3,6
53915,1693227936473,1692255672246,1692255672249,1693227936480,7,3,4
53916,1693227936480,1692255672253,1692255672257,1693227936489,9,4,5
53917,1693227936489,1692255672263,1692255672266,1693227936497,8,3,5
53918,1693227936497,1692255672271,1692255672273,1693227936505,8,2,6
53919,1693227936505,1692255672278,1692255672281,1693227936512,7,3,4
53920,1693227936512,1692255672285,1692255672289,1693227936539,27,4,23
53921,1693227936539,1692255672313,1692255672316,1693227936761,222,3,219
53922,1693227936761,1692255672535,1692255672539,1693227936771,10,4,6
53923,1693227936771,1692255672544,1692255672547,1693227936778,7,3,4
53924,1693227936778,1692255672552,1692255672555,1693227936786,8,3,5
53925,1693227936786,1692255672559,1692255672562,1693227936796,10,3,7
53926,1693227936796,1692255672570,1692255672573,1693227936804,8,3,5
53927,1693227936804,1692255672577,1692255672581,1693227936812,8,4,4
53928,1693227936812,1692255672585,1692255672588,1693227936819,7,3,4
53929,1693227936819,1692255672592,1692255672596,1693227936827,8,4,4
53930,1693227936827,1692255672600,1692255672603,1693227936834,7,3,4
53931,1693227936834,1692255672608,1692255672611,1693227936842,8,3,5
53932,1693227936842,1692255672615,1692255672618,1693227936849,7,3,4
53933,1693227936849,1692255672622,1692255672625,1693227936856,7,3,4
53934,1693227936856,1692255672637,1692255672640,1693227936872,16,3,13
53935,1693227936872,1692255672645,1692255672649,1693227936881,9,4,5
53936,1693227936881,1692255672654,1692255672658,1693227936890,9,4,5
53937,1693227936890,1692255672663,1692255672666,1693227936897,7,3,4
53938,1693227936898,1692255672671,1692255672675,1693227936907,9,4,5
53939,1693227936907,1692255672680,1692255672683,1693227936914,7,3,4
53940,1693227936914,1692255672688,1692255672691,1693227936922,8,3,5
53941,1693227936922,1692255672695,1692255672698,1693227936929,7,3,4
53942,1693227936929,1692255672702,1692255672705,1693227936936,7,3,4
53943,1693227936936,1692255672710,1692255672712,1693227936943,7,2,5
53944,1693227936943,1692255672716,1692255672720,1693227936951,8,4,4
53945,1693227936951,1692255672724,1692255672727,1693227936958,7,3,4
53946,1693227936958,1692255672731,1692255672734,1693227937000,42,3,39
53947,1693227937000,1692255672773,1692255672777,1693227937008,8,4,4
53948,1693227937008,1692255672781,1692255672784,1693227937015,7,3,4
53949,1693227937016,1692255672789,1692255672792,1693227937023,7,3,4
53950,1693227937023,1692255672797,1692255672799,1693227937030,7,2,5
53951,1693227937031,1692255672807,1692255672810,1693227937041,10,3,7
53952,1693227937041,1692255672814,1692255672817,1693227937048,7,3,4
53953,1693227937048,1692255672821,1692255672824,1693227937055,7,3,4
53954,1693227937055,1692255672830,1692255672833,1693227937152,97,3,94
53955,1693227937152,1692255672925,1692255672929,1693227937160,8,4,4
53956,1693227937160,1692255672934,1692255672937,1693227937170,10,3,7
53957,1693227937170,1692255672943,1692255672947,1693227937178,8,4,4
53958,1693227937178,1692255672951,1692255672954,1693227937185,7,3,4
53959,1693227937185,1692255672959,1692255672962,1693227937192,7,3,4
53960,1693227937193,1692255672970,1692255672973,1693227937204,11,3,8
53961,1693227937204,1692255672978,1692255672981,1693227937212,8,3,5
53962,1693227937212,1692255672986,1692255672989,1693227937221,9,3,6
53963,1693227937221,1692255672994,1692255672998,1693227937229,8,4,4
53964,1693227937229,1692255673002,1692255673006,1693227937237,8,4,4
53965,1693227937237,1692255673011,1692255673015,1693227937245,8,4,4
53966,1693227937245,1692255673018,1692255673022,1693227937253,8,4,4
53967,1693227937253,1692255673027,1692255673030,1693227937262,9,3,6
53968,1693227937262,1692255673035,1692255673039,1693227937272,10,4,6
53969,1693227937272,1692255673045,1692255673049,1693227937280,8,4,4
53970,1693227937280,1692255673054,1692255673056,1693227937287,7,2,5
53971,1693227937288,1692255673061,1692255673064,1693227937296,8,3,5
53972,1693227937297,1692255673069,1692255673072,1693227937304,7,3,4
53973,1693227937304,1692255673084,1692255673088,1693227937320,16,4,12
53974,1693227937320,1692255673094,1692255673098,1693227937328,8,4,4
53975,1693227937328,1692255673102,1692255673105,1693227937336,8,3,5
53976,1693227937336,1692255673110,1692255673113,1693227937344,8,3,5
53977,1693227937344,1692255673117,1692255673121,1693227937352,8,4,4
53978,1693227937352,1692255673126,1692255673131,1693227937362,10,5,5
53979,1693227937362,1692255673136,1692255673139,1693227937370,8,3,5
53980,1693227937370,1692255673143,1692255673146,1693227937377,7,3,4
53981,1693227937377,1692255673150,1692255673153,1693227937384,7,3,4
53982,1693227937384,1692255673162,1692255673165,1693227937397,13,3,10
53983,1693227937397,1692255673170,1692255673173,1693227937406,9,3,6
53984,1693227937406,1692255673179,1692255673183,1693227937414,8,4,4
53985,1693227937414,1692255673187,1692255673191,1693227937439,25,4,21
53986,1693227937439,1692255673213,1692255673216,1693227937448,9,3,6
53987,1693227937448,1692255673220,1692255673223,1693227937454,6,3,3
53988,1693227937454,1692255673228,1692255673231,1693227937462,8,3,5
53989,1693227937462,1692255673235,1692255673239,1693227937470,8,4,4
53990,1693227937470,1692255673243,1692255673248,1693227937479,9,5,4
53991,1693227937479,1692255673251,1692255673254,1693227937485,6,3,3
53992,1693227937485,1692255673261,1692255673264,1693227937494,9,3,6
53993,1693227937494,1692255673267,1692255673271,1693227937502,8,4,4
53994,1693227937502,1692255673276,1692255673279,1693227937510,8,3,5
53995,1693227937510,1692255673284,1692255673287,1693227937518,8,3,5
53996,1693227937518,1692255673291,1692255673294,1693227937525,7,3,4
53997,1693227937525,1692255673299,1692255673303,1693227937534,9,4,5
53998,1693227937534,1692255673307,1692255673310,1693227937541,7,3,4
53999,1693227937541,1692255673315,1692255673319,1693227937550,9,4,5
54000,1693227937551,1692255673325,1692255673328,1693227937560,9,3,6
54001,1693227937560,1692255673334,1692255673337,1693227937569,9,3,6
54002,1693227937569,1692255673344,1692255673348,1693227937579,10,4,6
54003,1693227937579,1692255673353,1692255673356,1693227937813,234,3,231
54004,1693227937813,1692255673587,1692255673591,1693227937822,9,4,5
54005,1693227937822,1692255673595,1692255673598,1693227937830,8,3,5
54006,1693227937830,1692255673603,1692255673606,1693227937838,8,3,5
54007,1693227937838,1692255673611,1692255673614,1693227937845,7,3,4
54008,1693227937845,1692255673618,1692255673621,1693227937852,7,3,4
54009,1693227937852,1692255673625,1692255673630,1693227937861,9,5,4
54010,1693227937861,1692255673636,1692255673639,1693227937890,29,3,26
54011,1693227937890,1692255673665,1692255673668,1693227937900,10,3,7
54012,1693227937900,1692255673673,1692255673676,1693227937907,7,3,4
54013,1693227937907,1692255673680,1692255673683,1693227937915,8,3,5
54014,1693227937915,1692255673688,1692255673691,1693227937923,8,3,5
54015,1693227937923,1692255673696,1692255673698,1693227937931,8,2,6
54016,1693227937931,1692255673704,1692255673707,1693227937938,7,3,4
54017,1693227937938,1692255673711,1692255673714,1693227937945,7,3,4
54018,1693227937945,1692255673719,1692255673723,1693227937954,9,4,5
54019,1693227937954,1692255673727,1692255673730,1693227937961,7,3,4
54020,1693227937961,1692255673735,1692255673737,1693227937968,7,2,5
54021,1693227937969,1692255673743,1692255673747,1693227937978,9,4,5
54022,1693227937978,1692255673751,1692255673754,1693227937985,7,3,4
54023,1693227937985,1692255673760,1692255673763,1693227937994,9,3,6
54024,1693227937994,1692255673769,1692255673772,1693227938004,10,3,7
54025,1693227938004,1692255673777,1692255673780,1693227938012,8,3,5
54026,1693227938012,1692255673785,1692255673789,1693227938020,8,4,4
54027,1693227938020,1692255673793,1692255673796,1693227938028,8,3,5
54028,1693227938028,1692255673802,1692255673806,1693227938037,9,4,5
54029,1693227938037,1692255673810,1692255673814,1693227938045,8,4,4
54030,1693227938045,1692255673818,1692255673821,1693227938052,7,3,4
54031,1693227938052,1692255673826,1692255673829,1693227938060,8,3,5
54032,1693227938060,1692255673833,1692255673837,1693227938068,8,4,4
54033,1693227938068,1692255673841,1692255673844,1693227938075,7,3,4
54034,1693227938075,1692255673848,1692255673852,1693227938083,8,4,4
54035,1693227938083,1692255673856,1692255673859,1693227938200,117,3,114
54036,1693227938200,1692255673996,1692255673999,1693227938230,30,3,27
54037,1693227938230,1692255674003,1692255674006,1693227938237,7,3,4
54038,1693227938237,1692255674010,1692255674014,1693227938245,8,4,4
54039,1693227938245,1692255674018,1692255674022,1693227938253,8,4,4
54040,1693227938253,1692255674028,1692255674031,1693227938262,9,3,6
54041,1693227938262,1692255674035,1692255674038,1693227938269,7,3,4
54042,1693227938269,1692255674042,1692255674046,1693227938278,9,4,5
54043,1693227938278,1692255674054,1692255674057,1693227938288,10,3,7
54044,1693227938288,1692255674062,1692255674065,1693227938297,9,3,6
54045,1693227938297,1692255674071,1692255674075,1693227938306,9,4,5
54046,1693227938306,1692255674079,1692255674084,1693227938315,9,5,4
54047,1693227938316,1692255674089,1692255674092,1693227938323,7,3,4
54048,1693227938323,1692255674096,1692255674100,1693227938332,9,4,5
54049,1693227938332,1692255674105,1692255674108,1693227938340,8,3,5
54050,1693227938340,1692255674114,1692255674120,1693227938351,11,6,5
54051,1693227938351,1692255674124,1692255674128,1693227938359,8,4,4
54052,1693227938359,1692255674132,1692255674135,1693227938366,7,3,4
54053,1693227938366,1692255674139,1692255674142,1693227938373,7,3,4
54054,1693227938373,1692255674146,1692255674149,1693227938380,7,3,4
54055,1693227938380,1692255674153,1692255674157,1693227938388,8,4,4
54056,1693227938388,1692255674162,1692255674165,1693227938399,11,3,8
54057,1693227938399,1692255674172,1692255674176,1693227938407,8,4,4
54058,1693227938407,1692255674179,1692255674182,1693227938413,6,3,3
54059,1693227938413,1692255674187,1692255674189,1693227938421,8,2,6
54060,1693227938421,1692255674194,1692255674197,1693227938428,7,3,4
54061,1693227938428,1692255674201,1692255674204,1693227938435,7,3,4
54062,1693227938435,1692255674209,1692255674212,1693227938443,8,3,5
54063,1693227938443,1692255674216,1692255674219,1693227938451,8,3,5
54064,1693227938451,1692255674224,1692255674228,1693227938459,8,4,4
54065,1693227938459,1692255674233,1692255674237,1693227938468,9,4,5
54066,1693227938468,1692255674242,1692255674245,1693227938476,8,3,5
54067,1693227938476,1692255674250,1692255674253,1693227938483,7,3,4
54068,1693227938483,1692255674256,1692255674259,1693227938490,7,3,4
54069,1693227938490,1692255674264,1692255674267,1693227938498,8,3,5
54070,1693227938498,1692255674273,1692255674276,1693227938507,9,3,6
54071,1693227938507,1692255674280,1692255674283,1693227938514,7,3,4
54072,1693227938514,1692255674288,1692255674291,1693227938522,8,3,5
54073,1693227938522,1692255674295,1692255674298,1693227938529,7,3,4
54074,1693227938529,1692255674302,1692255674305,1693227938536,7,3,4
54075,1693227938536,1692255674310,1692255674313,1693227938560,24,3,21
54076,1693227938560,1692255674334,1692255674337,1693227938568,8,3,5
54077,1693227938568,1692255674341,1692255674345,1693227938576,8,4,4
54078,1693227938576,1692255674349,1692255674352,1693227938583,7,3,4
54079,1693227938583,1692255674357,1692255674360,1693227938591,8,3,5
54080,1693227938591,1692255674364,1692255674367,1693227938598,7,3,4
54081,1693227938598,1692255674371,1692255674375,1693227938606,8,4,4
54082,1693227938606,1692255674379,1692255674382,1693227938613,7,3,4
54083,1693227938613,1692255674386,1692255674391,1693227938622,9,5,4
54084,1693227938622,1692255674396,1692255674398,1693227938630,8,2,6
54085,1693227938630,1692255674403,1692255674407,1693227938856,226,4,222
54086,1693227938857,1692255674631,1692255674634,1693227938865,8,3,5
54087,1693227938865,1692255674639,1692255674642,1693227938873,8,3,5
54088,1693227938873,1692255674647,1692255674650,1693227938882,9,3,6
54089,1693227938882,1692255674655,1692255674658,1693227938889,7,3,4
54090,1693227938889,1692255674662,1692255674666,1693227938896,7,4,3
54091,1693227938896,1692255674669,1692255674675,1693227938906,10,6,4
54092,1693227938906,1692255674682,1692255674685,1693227938916,10,3,7
54093,1693227938916,1692255674690,1692255674693,1693227938924,8,3,5
54094,1693227938924,1692255674697,1692255674700,1693227938931,7,3,4
54095,1693227938931,1692255674705,1692255674708,1693227938939,8,3,5
54096,1693227938939,1692255674712,1692255674715,1693227938946,7,3,4
54097,1693227938946,1692255674719,1692255674722,1693227938953,7,3,4
54098,1693227938953,1692255674726,1692255674730,1693227938964,11,4,7
54099,1693227938964,1692255674738,1692255674741,1693227938972,8,3,5
54100,1693227938972,1692255674745,1692255674748,1693227938979,7,3,4
54101,1693227938979,1692255674752,1692255674755,1693227938986,7,3,4
54102,1693227938986,1692255674760,1692255674764,1693227939002,16,4,12
54103,1693227939002,1692255674801,1692255674804,1693227939036,34,3,31
54104,1693227939036,1692255674809,1692255674812,1693227939044,8,3,5
54105,1693227939044,1692255674819,1692255674823,1693227939054,10,4,6
54106,1693227939054,1692255674828,1692255674830,1693227939061,7,2,5
54107,1693227939061,1692255674835,1692255674838,1693227939070,9,3,6
54108,1693227939070,1692255674843,1692255674846,1693227939077,7,3,4
54109,1693227939077,1692255674851,1692255674854,1693227939085,8,3,5
54110,1693227939085,1692255674858,1692255674861,1693227939092,7,3,4
54111,1693227939092,1692255674866,1692255674869,1693227939101,9,3,6
54112,1693227939101,1692255674874,1692255674877,1693227939108,7,3,4
54113,1693227939108,1692255674882,1692255674885,1693227939116,8,3,5
54114,1693227939116,1692255674888,1692255674891,1693227939122,6,3,3
54115,1693227939122,1692255674895,1692255674898,1693227939129,7,3,4
54116,1693227939129,1692255674902,1692255674906,1693227939137,8,4,4
54117,1693227939137,1692255674910,1692255674915,1693227939146,9,5,4
54118,1693227939146,1692255674919,1692255674922,1693227939153,7,3,4
54119,1693227939153,1692255674926,1692255674931,1693227939249,96,5,91
54120,1693227939249,1692255675022,1692255675025,1693227939256,7,3,4
54121,1693227939256,1692255675030,1692255675033,1693227939264,8,3,5
54122,1693227939264,1692255675038,1692255675042,1693227939273,9,4,5
54123,1693227939273,1692255675047,1692255675050,1693227939281,8,3,5
54124,1693227939281,1692255675054,1692255675057,1693227939288,7,3,4
54125,1693227939288,1692255675061,1692255675064,1693227939295,7,3,4
54126,1693227939295,1692255675069,1692255675072,1693227939303,8,3,5
54127,1693227939304,1692255675078,1692255675082,1693227939313,9,4,5
54128,1693227939313,1692255675086,1692255675090,1693227939322,9,4,5
54129,1693227939322,1692255675095,1692255675099,1693227939349,27,4,23
54130,1693227939349,1692255675123,1692255675126,1693227939358,9,3,6
54131,1693227939358,1692255675137,1692255675140,1693227939372,14,3,11
54132,1693227939372,1692255675146,1692255675149,1693227939381,9,3,6
54133,1693227939381,1692255675154,1692255675158,1693227939389,8,4,4
54134,1693227939389,1692255675162,1692255675165,1693227939396,7,3,4
54135,1693227939396,1692255675169,1692255675172,1693227939403,7,3,4
54136,1693227939403,1692255675176,1692255675180,1693227939411,8,4,4
54137,1693227939411,1692255675185,1692255675189,1693227939429,18,4,14
54138,1693227939429,1692255675202,1692255675206,1693227939438,9,4,5
54139,1693227939438,1692255675233,1692255675236,1693227939468,30,3,27
54140,1693227939468,1692255675241,1692255675245,1693227939478,10,4,6
54141,1693227939478,1692255675254,1692255675258,1693227939489,11,4,7
54142,1693227939489,1692255675263,1692255675266,1693227939497,8,3,5
54143,1693227939497,1692255675271,1692255675274,1693227939505,8,3,5
54144,1693227939505,1692255675279,1692255675282,1693227939513,8,3,5
54145,1693227939513,1692255675287,1692255675290,1693227939521,8,3,5
54146,1693227939521,1692255675296,1692255675300,1693227939531,10,4,6
54147,1693227939531,1692255675312,1692255675315,1693227939546,15,3,12
54148,1693227939546,1692255675319,1692255675323,1693227939553,7,4,3
54149,1693227939553,1692255675333,1692255675336,1693227939567,14,3,11
54150,1693227939567,1692255675341,1692255675344,1693227939576,9,3,6
54151,1693227939576,1692255675349,1692255675352,1693227939583,7,3,4
54152,1693227939583,1692255675356,1692255675360,1693227939591,8,4,4
54153,1693227939591,1692255675364,1692255675367,1693227939598,7,3,4
54154,1693227939598,1692255675370,1692255675373,1693227939604,6,3,3
54155,1693227939604,1692255675377,1692255675381,1693227939612,8,4,4
54156,1693227939612,1692255675386,1692255675390,1693227939622,10,4,6
54157,1693227939622,1692255675395,1692255675398,1693227939629,7,3,4
54158,1693227939629,1692255675403,1692255675406,1693227939637,8,3,5
54159,1693227939637,1692255675410,1692255675414,1693227939645,8,4,4
54160,1693227939645,1692255675417,1692255675420,1693227939651,6,3,3
54161,1693227939652,1692255675425,1692255675428,1693227939659,7,3,4
54162,1693227939660,1692255675456,1692255675459,1693227939905,245,3,242
54163,1693227939905,1692255675680,1692255675684,1693227939915,10,4,6
54164,1693227939915,1692255675688,1692255675691,1693227939922,7,3,4
54165,1693227939922,1692255675696,1692255675699,1693227939931,9,3,6
54166,1693227939931,1692255675706,1692255675711,1693227939942,11,5,6
54167,1693227939942,1692255675715,1692255675718,1693227939949,7,3,4
54168,1693227939949,1692255675723,1692255675725,1693227939956,7,2,5
54169,1693227939956,1692255675729,1692255675732,1693227939963,7,3,4
54170,1693227939963,1692255675736,1692255675740,1693227939971,8,4,4
54171,1693227939971,1692255675744,1692255675748,1693227939979,8,4,4
54172,1693227939979,1692255675752,1692255675756,1693227939987,8,4,4
54173,1693227939987,1692255675762,1692255675765,1693227939996,9,3,6
54174,1693227939996,1692255675769,1692255675772,1693227940002,6,3,3
54175,1693227940002,1692255675776,1692255675779,1693227940010,8,3,5
54176,1693227940010,1692255675783,1692255675786,1693227940018,8,3,5
54177,1693227940018,1692255675791,1692255675794,1693227940025,7,3,4
54178,1693227940025,1692255675799,1692255675802,1693227940033,8,3,5
54179,1693227940033,1692255675808,1692255675812,1693227940043,10,4,6
54180,1693227940043,1692255675816,1692255675818,1693227940050,7,2,5
54181,1693227940050,1692255675823,1692255675827,1693227940058,8,4,4
54182,1693227940058,1692255675832,1692255675835,1693227940066,8,3,5
54183,1693227940066,1692255675840,1692255675846,1693227940077,11,6,5
54184,1693227940077,1692255675850,1692255675853,1693227940084,7,3,4
54185,1693227940084,1692255675857,1692255675860,1693227940091,7,3,4
54186,1693227940091,1692255675865,1692255675868,1693227940099,8,3,5
54187,1693227940099,1692255675872,1692255675875,1693227940105,6,3,3
54188,1693227940105,1692255675878,1692255675882,1693227940132,27,4,23
54189,1693227940132,1692255675907,1692255675910,1693227940142,10,3,7
54190,1693227940142,1692255675915,1692255675918,1693227940149,7,3,4
54191,1693227940149,1692255675923,1692255675928,1693227940159,10,5,5
54192,1693227940159,1692255675932,1692255675935,1693227940167,8,3,5
54193,1693227940167,1692255675940,1692255675943,1693227940174,7,3,4
54194,1693227940174,1692255675947,1692255675950,1693227940182,8,3,5
54195,1693227940182,1692255675955,1692255675958,1693227940189,7,3,4
54196,1693227940189,1692255675962,1692255675965,1693227940196,7,3,4
54197,1693227940196,1692255675969,1692255675972,1693227940204,8,3,5
54198,1693227940204,1692255675977,1692255675980,1693227940297,93,3,90
54199,1693227940297,1692255676071,1692255676074,1693227940305,8,3,5
54200,1693227940305,1692255676078,1692255676081,1693227940312,7,3,4
54201,1693227940312,1692255676086,1692255676089,1693227940320,8,3,5
54202,1693227940320,1692255676094,1692255676097,1693227940329,9,3,6
54203,1693227940329,1692255676102,1692255676105,1693227940336,7,3,4
54204,1693227940336,1692255676109,1692255676113,1693227940344,8,4,4
54205,1693227940344,1692255676118,1692255676121,1693227940353,9,3,6
54206,1693227940353,1692255676127,1692255676130,1693227940361,8,3,5
54207,1693227940361,1692255676135,1692255676138,1693227940370,9,3,6
54208,1693227940370,1692255676144,1692255676147,1693227940378,8,3,5
54209,1693227940378,1692255676151,1692255676153,1693227940384,6,2,4
54210,1693227940384,1692255676158,1692255676161,1693227940392,8,3,5
54211,1693227940392,1692255676166,1692255676169,1693227940400,8,3,5
54212,1693227940400,1692255676173,1692255676176,1693227940407,7,3,4
54213,1693227940407,1692255676180,1692255676184,1693227940415,8,4,4
54214,1693227940415,1692255676188,1692255676192,1693227940422,7,4,3
54215,1693227940422,1692255676196,1692255676200,1693227940431,9,4,5
54216,1693227940431,1692255676204,1692255676208,1693227940439,8,4,4
54217,1693227940439,1692255676212,1692255676215,1693227940447,8,3,5
54218,1693227940447,1692255676220,1692255676224,1693227940455,8,4,4
54219,1693227940455,1692255676228,1692255676232,1693227940463,8,4,4
54220,1693227940463,1692255676236,1692255676240,1693227940471,8,4,4
54221,1693227940471,1692255676245,1692255676249,1693227940480,9,4,5
54222,1693227940480,1692255676253,1692255676257,1693227940488,8,4,4
54223,1693227940488,1692255676261,1692255676264,1693227940495,7,3,4
54224,1693227940495,1692255676269,1692255676272,1693227940504,9,3,6
54225,1693227940504,1692255676276,1692255676279,1693227940510,6,3,3
54226,1693227940510,1692255676284,1692255676287,1693227940518,8,3,5
54227,1693227940518,1692255676292,1692255676295,1693227940527,9,3,6
54228,1693227940527,1692255676300,1692255676304,1693227940536,9,4,5
54229,1693227940536,1692255676309,1692255676313,1693227940544,8,4,4
54230,1693227940545,1692255676320,1692255676323,1693227940554,9,3,6
54231,1693227940554,1692255676327,1692255676331,1693227940570,16,4,12
54232,1693227940570,1692255676357,1692255676360,1693227940591,21,3,18
54233,1693227940591,1692255676364,1692255676369,1693227940600,9,5,4
54234,1693227940600,1692255676373,1692255676376,1693227940608,8,3,5
54235,1693227940608,1692255676385,1692255676389,1693227940620,12,4,8
54236,1693227940620,1692255676393,1692255676396,1693227940627,7,3,4
54237,1693227940627,1692255676402,1692255676405,1693227940636,9,3,6
54238,1693227940636,1692255676410,1692255676413,1693227940644,8,3,5
54239,1693227940644,1692255676418,1692255676421,1693227940652,8,3,5
54240,1693227940652,1692255676425,1692255676428,1693227940659,7,3,4
54241,1693227940659,1692255676433,1692255676438,1693227940669,10,5,5
54242,1693227940669,1692255676442,1692255676446,1693227940676,7,4,3
54243,1693227940676,1692255676450,1692255676453,1693227940684,8,3,5
54244,1693227940684,1692255676461,1692255676464,1693227940695,11,3,8
54245,1693227940695,1692255676469,1692255676472,1693227940704,9,3,6
54246,1693227940704,1692255676477,1692255676481,1693227940712,8,4,4
54247,1693227940712,1692255676485,1692255676488,1693227940719,7,3,4
54248,1693227940719,1692255676493,1692255676497,1693227940728,9,4,5
54249,1693227940728,1692255676502,1692255676506,1693227940953,225,4,221
54250,1693227940953,1692255676730,1692255676734,1693227940965,12,4,8
54251,1693227940966,1692255676739,1692255676742,1693227940973,7,3,4
54252,1693227940973,1692255676746,1692255676749,1693227940980,7,3,4
54253,1693227940980,1692255676754,1692255676757,1693227940988,8,3,5
54254,1693227940989,1692255676765,1692255676768,1693227941000,11,3,8
54255,1693227941000,1692255676773,1692255676776,1693227941007,7,3,4
54256,1693227941007,1692255676781,1692255676784,1693227941034,27,3,24
54257,1693227941034,1692255676808,1692255676811,1693227941042,8,3,5
54258,1693227941042,1692255676815,1692255676818,1693227941050,8,3,5
54259,1693227941050,1692255676823,1692255676826,1693227941057,7,3,4
54260,1693227941057,1692255676833,1692255676836,1693227941067,10,3,7
54261,1693227941067,1692255676841,1692255676844,1693227941075,8,3,5
54262,1693227941075,1692255676848,1692255676851,1693227941082,7,3,4
54263,1693227941082,1692255676856,1692255676859,1693227941090,8,3,5
54264,1693227941090,1692255676863,1692255676867,1693227941098,8,4,4
54265,1693227941098,1692255676871,1692255676875,1693227941106,8,4,4
54266,1693227941106,1692255676879,1692255676882,1693227941113,7,3,4
54267,1693227941113,1692255676886,1692255676889,1693227941120,7,3,4
54268,1693227941120,1692255676893,1692255676897,1693227941129,9,4,5
54269,1693227941129,1692255676902,1692255676905,1693227941136,7,3,4
54270,1693227941136,1692255676909,1692255676912,1693227941143,7,3,4
54271,1693227941143,1692255676916,1692255676919,1693227941152,9,3,6
54272,1693227941152,1692255676926,1692255676929,1693227941161,9,3,6
54273,1693227941161,1692255676937,1692255676940,1693227941171,10,3,7
54274,1693227941172,1692255676945,1692255676948,1693227941179,7,3,4
54275,1693227941179,1692255676953,1692255676956,1693227941187,8,3,5
54276,1693227941187,1692255676960,1692255676964,1693227941195,8,4,4
54277,1693227941195,1692255676968,1692255676971,1693227941202,7,3,4
54278,1693227941202,1692255676976,1692255676979,1693227941210,8,3,5
54279,1693227941210,1692255676983,1692255676986,1693227941217,7,3,4
54280,1693227941217,1692255676994,1692255676998,1693227941229,12,4,8
54281,1693227941229,1692255677002,1692255677005,1693227941236,7,3,4
54282,1693227941236,1692255677010,1692255677014,1693227941245,9,4,5
54283,1693227941245,1692255677019,1692255677023,1693227941254,9,4,5
54284,1693227941254,1692255677117,1692255677120,1693227941370,116,3,113
54285,1693227941370,1692255677145,1692255677148,1693227941379,9,3,6
54286,1693227941379,1692255677152,1692255677155,1693227941386,7,3,4
54287,1693227941386,1692255677160,1692255677163,1693227941394,8,3,5
54288,1693227941394,1692255677168,1692255677171,1693227941402,8,3,5
54289,1693227941402,1692255677176,1692255677179,1693227941410,8,3,5
54290,1693227941410,1692255677183,1692255677186,1693227941417,7,3,4
54291,1693227941417,1692255677190,1692255677193,1693227941424,7,3,4
54292,1693227941424,1692255677197,1692255677200,1693227941431,7,3,4
54293,1693227941431,1692255677207,1692255677210,1693227941441,10,3,7
54294,1693227941441,1692255677215,1692255677217,1693227941448,7,2,5
54295,1693227941448,1692255677222,1692255677226,1693227941457,9,4,5
54296,1693227941457,1692255677231,1692255677234,1693227941467,10,3,7
54297,1693227941467,1692255677242,1692255677246,1693227941477,10,4,6
54298,1693227941477,1692255677251,1692255677254,1693227941492,15,3,12
54299,1693227941492,1692255677265,1692255677268,1693227941499,7,3,4
54300,1693227941499,1692255677273,1692255677277,1693227941508,9,4,5
54301,1693227941508,1692255677281,1692255677285,1693227941517,9,4,5
54302,1693227941517,1692255677290,1692255677293,1693227941524,7,3,4
54303,1693227941524,1692255677298,1692255677301,1693227941532,8,3,5
54304,1693227941532,1692255677306,1692255677310,1693227941541,9,4,5
54305,1693227941541,1692255677314,1692255677318,1693227941549,8,4,4
54306,1693227941549,1692255677323,1692255677325,1693227941556,7,2,5
54307,1693227941556,1692255677330,1692255677333,1693227941564,8,3,5
54308,1693227941564,1692255677337,1692255677341,1693227941574,10,4,6
54309,1693227941574,1692255677348,1692255677351,1693227941582,8,3,5
54310,1693227941582,1692255677356,1692255677359,1693227941590,8,3,5
54311,1693227941590,1692255677363,1692255677366,1693227941597,7,3,4
54312,1693227941597,1692255677372,1692255677376,1693227941607,10,4,6
54313,1693227941607,1692255677381,1692255677384,1693227941614,7,3,4
54314,1693227941614,1692255677387,1692255677390,1693227941622,8,3,5
54315,1693227941622,1692255677395,1692255677398,1693227941629,7,3,4
54316,1693227941629,1692255677402,1692255677405,1693227941636,7,3,4
54317,1693227941636,1692255677410,1692255677413,1693227941644,8,3,5
54318,1693227941644,1692255677417,1692255677421,1693227941652,8,4,4
54319,1693227941652,1692255677425,1692255677429,1693227941660,8,4,4
54320,1693227941660,1692255677433,1692255677436,1693227941667,7,3,4
54321,1693227941667,1692255677441,1692255677444,1693227941675,8,3,5
54322,1693227941675,1692255677449,1692255677452,1693227941683,8,3,5
54323,1693227941684,1692255677483,1692255677487,1693227941718,34,4,30
54324,1693227941718,1692255677491,1692255677495,1693227941726,8,4,4
54325,1693227941726,1692255677499,1692255677502,1693227941734,8,3,5
54326,1693227941734,1692255677507,1692255677510,1693227941741,7,3,4
54327,1693227941741,1692255677515,1692255677518,1693227941749,8,3,5
54328,1693227941749,1692255677522,1692255677526,1693227941756,7,4,3
54329,1693227941756,1692255677529,1692255677532,1693227941764,8,3,5
54330,1693227941764,1692255677537,1692255677540,1693227941771,7,3,4
54331,1693227941771,1692255677544,1692255677548,1693227941779,8,4,4
54332,1693227941779,1692255677775,1692255677779,1693227942010,231,4,227
54333,1693227942011,1692255677784,1692255677787,1693227942019,8,3,5
54334,1693227942019,1692255677793,1692255677796,1693227942028,9,3,6
54335,1693227942028,1692255677801,1692255677804,1693227942036,8,3,5
54336,1693227942036,1692255677809,1692255677813,1693227942044,8,4,4
54337,1693227942044,1692255677818,1692255677824,1693227942055,11,6,5
54338,1693227942055,1692255677829,1692255677832,1693227942063,8,3,5
54339,1693227942063,1692255677837,1692255677842,1693227942073,10,5,5
54340,1693227942073,1692255677846,1692255677849,1693227942080,7,3,4
54341,1693227942080,1692255677856,1692255677860,1693227942091,11,4,7
54342,1693227942091,1692255677864,1692255677868,1693227942099,8,4,4
54343,1693227942099,1692255677875,1692255677879,1693227942110,11,4,7
54344,1693227942110,1692255677884,1692255677887,1693227942118,8,3,5
54345,1693227942119,1692255677896,1692255677900,1693227942131,12,4,8
54346,1693227942131,1692255677904,1692255677907,1693227942157,26,3,23
54347,1693227942157,1692255677930,1692255677934,1693227942165,8,4,4
54348,1693227942165,1692255677938,1692255677941,1693227942172,7,3,4
54349,1693227942172,1692255677945,1692255677948,1693227942179,7,3,4
54350,1693227942179,1692255677953,1692255677956,1693227942187,8,3,5
54351,1693227942187,1692255677962,1692255677966,1693227942198,11,4,7
54352,1693227942198,1692255677971,1692255677974,1693227942205,7,3,4
54353,1693227942205,1692255677978,1692255677982,1693227942213,8,4,4
54354,1693227942213,1692255677986,1692255677990,1693227942221,8,4,4
54355,1693227942221,1692255677993,1692255677997,1693227942229,8,4,4
54356,1693227942229,1692255678002,1692255678005,1693227942237,8,3,5
54357,1693227942237,1692255678010,1692255678013,1693227942244,7,3,4
54358,1693227942244,1692255678017,1692255678021,1693227942252,8,4,4
54359,1693227942252,1692255678025,1692255678029,1693227942260,8,4,4
54360,1693227942260,1692255678033,1692255678036,1693227942267,7,3,4
54361,1693227942268,1692255678041,1692255678044,1693227942275,7,3,4
54362,1693227942275,1692255678048,1692255678051,1693227942283,8,3,5
54363,1693227942283,1692255678056,1692255678060,1693227942295,12,4,8
54364,1693227942295,1692255678068,1692255678071,1693227942303,8,3,5
54365,1693227942303,1692255678166,1692255678169,1693227942401,98,3,95
54366,1693227942401,1692255678175,1692255678178,1693227942409,8,3,5
54367,1693227942409,1692255678183,1692255678186,1693227942417,8,3,5
54368,1693227942417,1692255678191,1692255678194,1693227942425,8,3,5
54369,1693227942425,1692255678198,1692255678202,1693227942433,8,4,4
54370,1693227942433,1692255678206,1692255678209,1693227942445,12,3,9
54371,1693227942445,1692255678219,1692255678223,1693227942454,9,4,5
54372,1693227942454,1692255678228,1692255678231,1693227942465,11,3,8
54373,1693227942465,1692255678238,1692255678243,1693227942500,35,5,30
54374,1693227942500,1692255678274,1692255678278,1693227942511,11,4,7
54375,1693227942511,1692255678284,1692255678287,1693227942519,8,3,5
54376,1693227942519,1692255678292,1692255678295,1693227942551,32,3,29
54377,1693227942551,1692255678324,1692255678328,1693227942559,8,4,4
54378,1693227942559,1692255678333,1692255678337,1693227942572,13,4,9
54379,1693227942572,1692255678347,1692255678350,1693227942582,10,3,7
54380,1693227942582,1692255678391,1692255678394,1693227942625,43,3,40
54381,1693227942625,1692255678399,1692255678402,1693227942633,8,3,5
54382,1693227942633,1692255678406,1692255678409,1693227942640,7,3,4
54383,1693227942640,1692255678414,1692255678417,1693227942649,9,3,6
54384,1693227942649,1692255678423,1692255678426,1693227942658,9,3,6
54385,1693227942658,1692255678431,1692255678434,1693227942665,7,3,4
54386,1693227942665,1692255678438,1692255678441,1693227942672,7,3,4
54387,1693227942672,1692255678446,1692255678449,1693227942680,8,3,5
54388,1693227942680,1692255678454,1692255678457,1693227942688,8,3,5
54389,1693227942688,1692255678462,1692255678465,1693227942696,8,3,5
54390,1693227942696,1692255678471,1692255678474,1693227942705,9,3,6
54391,1693227942705,1692255678478,1692255678481,1693227942712,7,3,4
54392,1693227942712,1692255678487,1692255678490,1693227942721,9,3,6
54393,1693227942721,1692255678495,1692255678499,1693227942730,9,4,5
54394,1693227942730,1692255678504,1692255678507,1693227942739,9,3,6
54395,1693227942739,1692255678513,1692255678516,1693227942747,8,3,5
54396,1693227942747,1692255678520,1692255678522,1693227942754,7,2,5
54397,1693227942754,1692255678527,1692255678530,1693227942761,7,3,4
54398,1693227942761,1692255678534,1692255678538,1693227942769,8,4,4
54399,1693227942769,1692255678543,1692255678546,1693227942778,9,3,6
54400,1693227942778,1692255678552,1692255678556,1693227942786,8,4,4
54401,1693227942787,1692255678559,1692255678563,1693227942795,8,4,4
54402,1693227942795,1692255678567,1692255678571,1693227942802,7,4,3
54403,1693227942802,1692255678575,1692255678578,1693227942830,28,3,25
54404,1693227942830,1692255678604,1692255678608,1693227943052,222,4,218
54405,1693227943052,1692255678826,1692255678829,1693227943060,8,3,5
54406,1693227943060,1692255678833,1692255678837,1693227943069,9,4,5
54407,1693227943069,1692255678843,1692255678847,1693227943078,9,4,5
54408,1693227943078,1692255678851,1692255678855,1693227943086,8,4,4
54409,1693227943086,1692255678860,1692255678863,1693227943094,8,3,5
54410,1693227943094,1692255678867,1692255678871,1693227943103,9,4,5
54411,1693227943103,1692255678876,1692255678879,1693227943110,7,3,4
54412,1693227943110,1692255678887,1692255678890,1693227943121,11,3,8
54413,1693227943121,1692255678895,1692255678899,1693227943129,8,4,4
54414,1693227943129,1692255678903,1692255678905,1693227943136,7,2,5
54415,1693227943136,1692255678909,1692255678913,1693227943144,8,4,4
54416,1693227943144,1692255678917,1692255678920,1693227943151,7,3,4
54417,1693227943151,1692255678924,1692255678928,1693227943159,8,4,4
54418,1693227943159,1692255678932,1692255678936,1693227943167,8,4,4
54419,1693227943167,1692255678940,1692255678943,1693227943174,7,3,4
54420,1693227943174,1692255678947,1692255678950,1693227943181,7,3,4
54421,1693227943181,1692255678955,1692255678958,1693227943188,7,3,4
54422,1693227943188,1692255678962,1692255678964,1693227943195,7,2,5
54423,1693227943196,1692255678969,1692255678971,1693227943202,6,2,4
54424,1693227943202,1692255678976,1692255678979,1693227943211,9,3,6
54425,1693227943211,1692255678984,1692255678987,1693227943218,7,3,4
54426,1693227943218,1692255678992,1692255678996,1693227943227,9,4,5
54427,1693227943227,1692255679000,1692255679003,1693227943235,8,3,5
54428,1693227943235,1692255679009,1692255679013,1693227943244,9,4,5
54429,1693227943244,1692255679017,1692255679021,1693227943252,8,4,4
54430,1693227943252,1692255679025,1692255679028,1693227943278,26,3,23
54431,1693227943278,1692255679053,1692255679056,1693227943287,9,3,6
54432,1693227943287,1692255679061,1692255679064,1693227943294,7,3,4
54433,1693227943295,1692255679067,1692255679070,1693227943301,6,3,3
54434,1693227943301,1692255679075,1692255679078,1693227943309,8,3,5
54435,1693227943309,1692255679082,1692255679084,1693227943315,6,2,4
54436,1693227943315,1692255679089,1692255679092,1693227943323,8,3,5
54437,1693227943323,1692255679097,1692255679100,1693227943331,8,3,5
54438,1693227943331,1692255679104,1692255679107,1693227943338,7,3,4
54439,1693227943338,1692255679111,1692255679116,1693227943348,10,5,5
54440,1693227943348,1692255679124,1692255679128,1693227943443,95,4,91
54441,1693227943443,1692255679217,1692255679220,1693227943452,9,3,6
54442,1693227943452,1692255679225,1692255679229,1693227943460,8,4,4
54443,1693227943460,1692255679234,1692255679237,1693227943468,8,3,5
54444,1693227943468,1692255679242,1692255679245,1693227943476,8,3,5
54445,1693227943476,1692255679250,1692255679253,1693227943484,8,3,5
54446,1693227943484,1692255679257,1692255679261,1693227943492,8,4,4
54447,1693227943492,1692255679265,1692255679268,1693227943499,7,3,4
54448,1693227943499,1692255679272,1692255679275,1693227943508,9,3,6
54449,1693227943508,1692255679281,1692255679285,1693227943516,8,4,4
54450,1693227943516,1692255679290,1692255679294,1693227943524,8,4,4
54451,1693227943524,1692255679297,1692255679300,1693227943532,8,3,5
54452,1693227943532,1692255679305,1692255679308,1693227943540,8,3,5
54453,1693227943540,1692255679313,1692255679316,1693227943547,7,3,4
54454,1693227943547,1692255679321,1692255679324,1693227943555,8,3,5
54455,1693227943555,1692255679329,1692255679332,1693227943563,8,3,5
54456,1693227943563,1692255679336,1692255679339,1693227943570,7,3,4
54457,1693227943570,1692255679343,1692255679346,1693227943579,9,3,6
54458,1693227943579,1692255679352,1692255679355,1693227943586,7,3,4
54459,1693227943586,1692255679361,1692255679364,1693227943595,9,3,6
54460,1693227943596,1692255679369,1692255679372,1693227943603,7,3,4
54461,1693227943603,1692255679376,1692255679379,1693227943612,9,3,6
54462,1693227943612,1692255679385,1692255679388,1693227943621,9,3,6
54463,1693227943621,1692255679394,1692255679398,1693227943629,8,4,4
54464,1693227943629,1692255679402,1692255679405,1693227943637,8,3,5
54465,1693227943637,1692255679411,1692255679414,1693227943645,8,3,5
54466,1693227943645,1692255679418,1692255679421,1693227943652,7,3,4
54467,1693227943652,1692255679426,1692255679429,1693227943660,8,3,5
54468,1693227943660,1692255679433,1692255679436,1693227943667,7,3,4
54469,1693227943667,1692255679440,1692255679443,1693227943674,7,3,4
54470,1693227943674,1692255679447,1692255679450,1693227943681,7,3,4
54471,1693227943681,1692255679455,1692255679458,1693227943689,8,3,5
54472,1693227943689,1692255679462,1692255679465,1693227943697,8,3,5
54473,1693227943697,1692255679471,1692255679474,1693227943706,9,3,6
54474,1693227943706,1692255679501,1692255679505,1693227943736,30,4,26
54475,1693227943736,1692255679514,1692255679517,1693227943749,13,3,10
54476,1693227943749,1692255679522,1692255679525,1693227943756,7,3,4
54477,1693227943756,1692255679529,1692255679532,1693227943763,7,3,4
54478,1693227943763,1692255679536,1692255679539,1693227943770,7,3,4
54479,1693227943770,1692255679544,1692255679547,1693227943778,8,3,5
54480,1693227943778,1692255679551,1692255679554,1693227943785,7,3,4
54481,1693227943785,1692255679559,1692255679562,1693227943793,8,3,5
54482,1693227943793,1692255679566,1692255679569,1693227943800,7,3,4
54483,1693227943800,1692255679575,1692255679580,1693227943811,11,5,6
54484,1693227943812,1692255679585,1692255679589,1693227943820,8,4,4
54485,1693227943820,1692255679593,1692255679596,1693227943828,8,3,5
54486,1693227943828,1692255679601,1692255679604,1693227943835,7,3,4
54487,1693227943835,1692255679609,1692255679612,1693227943843,8,3,5
54488,1693227943844,1692255679617,1692255679619,1693227943851,7,2,5
54489,1693227943851,1692255679624,1692255679627,1693227943858,7,3,4
54490,1693227943858,1692255679633,1692255679636,1693227943867,9,3,6
54491,1693227943867,1692255679641,1692255679645,1693227943876,9,4,5
54492,1693227943876,1692255679649,1692255679652,1693227944099,223,3,220
54493,1693227944099,1692255679874,1692255679877,1693227944109,10,3,7
54494,1693227944109,1692255679882,1692255679885,1693227944116,7,3,4
54495,1693227944116,1692255679890,1692255679894,1693227944125,9,4,5
54496,1693227944125,1692255679898,1692255679900,1693227944133,8,2,6
54497,1693227944133,1692255679906,1692255679910,1693227944141,8,4,4
54498,1693227944141,1692255679914,1692255679917,1693227944148,7,3,4
54499,1693227944148,1692255679921,1692255679924,1693227944155,7,3,4
54500,1693227944155,1692255679952,1692255679956,1693227944187,32,4,28
54501,1693227944187,1692255679960,1692255679963,1693227944194,7,3,4
54502,1693227944194,1692255679967,1692255679970,1693227944201,7,3,4
54503,1693227944201,1692255679974,1692255679977,1693227944208,7,3,4
54504,1693227944208,1692255679981,1692255679985,1693227944216,8,4,4
54505,1693227944216,1692255679989,1692255679992,1693227944223,7,3,4
54506,1693227944223,1692255679996,1692255679999,1693227944230,7,3,4
54507,1693227944230,1692255680003,1692255680007,1693227944241,11,4,7
54508,1693227944241,1692255680014,1692255680017,1693227944249,8,3,5
54509,1693227944249,1692255680022,1692255680025,1693227944257,8,3,5
54510,1693227944257,1692255680030,1692255680032,1693227944264,7,2,5
54511,1693227944264,1692255680037,1692255680040,1693227944271,7,3,4
54512,1693227944271,1692255680044,1692255680048,1693227944278,7,4,3
54513,1693227944278,1692255680052,1692255680055,1693227944286,8,3,5
54514,1693227944286,1692255680060,1692255680064,1693227944295,9,4,5
54515,1693227944295,1692255680068,1692255680072,1693227944303,8,4,4
54516,1693227944303,1692255680076,1692255680079,1693227944310,7,3,4
54517,1693227944310,1692255680083,1692255680086,1693227944317,7,3,4
54518,1693227944317,1692255680091,1692255680094,1693227944325,8,3,5
54519,1693227944325,1692255680098,1692255680101,1693227944333,8,3,5
54520,1693227944333,1692255680106,1692255680110,1693227944341,8,4,4
54521,1693227944341,1692255680115,1692255680119,1693227944350,9,4,5
54522,1693227944350,1692255680122,1692255680126,1693227944357,7,4,3
54523,1693227944357,1692255680132,1692255680136,1693227944367,10,4,6
54524,1693227944367,1692255680142,1692255680145,1693227944376,9,3,6
54525,1693227944376,1692255680150,1692255680153,1693227944405,29,3,26
54526,1693227944405,1692255680179,1692255680182,1693227944490,85,3,82
54527,1693227944490,1692255680285,1692255680290,1693227944521,31,5,26
54528,1693227944521,1692255680295,1692255680298,1693227944529,8,3,5
54529,1693227944529,1692255680302,1692255680304,1693227944535,6,2,4
54530,1693227944536,1692255680309,1692255680312,1693227944543,7,3,4
54531,1693227944543,1692255680316,1692255680319,1693227944550,7,3,4
54532,1693227944550,1692255680324,1692255680327,1693227944558,8,3,5
54533,1693227944558,1692255680331,1692255680334,1693227944566,8,3,5
54534,1693227944566,1692255680339,1692255680342,1693227944573,7,3,4
54535,1693227944573,1692255680346,1692255680349,1693227944580,7,3,4
54536,1693227944580,1692255680354,1692255680356,1693227944587,7,2,5
54537,1693227944587,1692255680362,1692255680364,1693227944596,9,2,7
54538,1693227944596,1692255680369,1692255680372,1693227944603,7,3,4
54539,1693227944603,1692255680376,1692255680379,1693227944610,7,3,4
54540,1693227944610,1692255680383,1692255680386,1693227944617,7,3,4
54541,1693227944617,1692255680392,1692255680395,1693227944626,9,3,6
54542,1693227944626,1692255680399,1692255680402,1693227944633,7,3,4
54543,1693227944633,1692255680407,1692255680410,1693227944641,8,3,5
54544,1693227944641,1692255680416,1692255680420,1693227944651,10,4,6
54545,1693227944651,1692255680424,1692255680428,1693227944659,8,4,4
54546,1693227944659,1692255680432,1692255680435,1693227944666,7,3,4
54547,1693227944666,1692255680440,1692255680444,1693227944675,9,4,5
54548,1693227944675,1692255680448,1692255680451,1693227944683,8,3,5
54549,1693227944683,1692255680456,1692255680460,1693227944691,8,4,4
54550,1693227944691,1692255680466,1692255680470,1693227944701,10,4,6
54551,1693227944702,1692255680475,1692255680478,1693227944709,7,3,4
54552,1693227944709,1692255680482,1692255680485,1693227944717,8,3,5
54553,1693227944717,1692255680490,1692255680493,1693227944724,7,3,4
54554,1693227944724,1692255680501,1692255680505,1693227944736,12,4,8
54555,1693227944736,1692255680511,1692255680514,1693227944747,11,3,8
54556,1693227944747,1692255680522,1692255680527,1693227944758,11,5,6
54557,1693227944758,1692255680532,1692255680535,1693227944766,8,3,5
54558,1693227944766,1692255680540,1692255680542,1693227944774,8,2,6
54559,1693227944774,1692255680547,1692255680550,1693227944781,7,3,4
54560,1693227944781,1692255680554,1692255680557,1693227944788,7,3,4
54561,1693227944788,1692255680561,1692255680564,1693227944796,8,3,5
54562,1693227944796,1692255680569,1692255680572,1693227944803,7,3,4
54563,1693227944804,1692255680578,1692255680581,1693227944812,8,3,5
54564,1693227944812,1692255680585,1692255680590,1693227944821,9,5,4
54565,1693227944821,1692255680595,1692255680598,1693227944829,8,3,5
54566,1693227944829,1692255680624,1692255680627,1693227944858,29,3,26
54567,1693227944858,1692255680631,1692255680635,1693227944866,8,4,4
54568,1693227944866,1692255680639,1692255680642,1693227944873,7,3,4
54569,1693227944873,1692255680647,1692255680650,1693227944881,8,3,5
54570,1693227944881,1692255680655,1692255680658,1693227944889,8,3,5
54571,1693227944889,1692255680663,1692255680665,1693227944896,7,2,5
54572,1693227944896,1692255680669,1692255680673,1693227944904,8,4,4
54573,1693227944904,1692255680678,1692255680681,1693227944912,8,3,5
54574,1693227944912,1692255680685,1692255680688,1693227944919,7,3,4
54575,1693227944919,1692255680693,1692255680697,1693227945147,228,4,224
54576,1693227945147,1692255680922,1692255680925,1693227945157,10,3,7
54577,1693227945157,1692255680930,1692255680933,1693227945165,8,3,5
54578,1693227945165,1692255680938,1692255680942,1693227945173,8,4,4
54579,1693227945173,1692255680946,1692255680950,1693227945181,8,4,4
54580,1693227945181,1692255680954,1692255680957,1693227945187,6,3,3
54581,1693227945187,1692255680960,1692255680964,1693227945195,8,4,4
54582,1693227945195,1692255680969,1692255680973,1693227945205,10,4,6
54583,1693227945205,1692255680978,1692255680982,1693227945213,8,4,4
54584,1693227945213,1692255680986,1692255680990,1693227945221,8,4,4
54585,1693227945221,1692255680995,1692255680998,1693227945229,8,3,5
54586,1693227945229,1692255681002,1692255681005,1693227945236,7,3,4
54587,1693227945236,1692255681009,1692255681012,1693227945247,11,3,8
54588,1693227945247,1692255681021,1692255681024,1693227945255,8,3,5
54589,1693227945255,1692255681031,1692255681034,1693227945265,10,3,7
54590,1693227945265,1692255681039,1692255681042,1693227945272,7,3,4
54591,1693227945272,1692255681046,1692255681048,1693227945279,7,2,5
54592,1693227945279,1692255681077,1692255681081,1693227945312,33,4,29
54593,1693227945312,1692255681085,1692255681089,1693227945320,8,4,4
54594,1693227945320,1692255681093,1692255681097,1693227945328,8,4,4
54595,1693227945328,1692255681101,1692255681104,1693227945335,7,3,4
54596,1693227945335,1692255681108,1692255681111,1693227945346,11,3,8
54597,1693227945346,1692255681120,1692255681122,1693227945363,17,2,15
54598,1693227945363,1692255681137,1692255681140,1693227945371,8,3,5
54599,1693227945371,1692255681145,1692255681148,1693227945379,8,3,5
54600,1693227945379,1692255681152,1692255681155,1693227945386,7,3,4
54601,1693227945386,1692255681159,1692255681162,1693227945393,7,3,4
54602,1693227945393,1692255681166,1692255681168,1693227945402,9,2,7
54603,1693227945402,1692255681175,1692255681178,1693227945409,7,3,4
54604,1693227945409,1692255681182,1692255681185,1693227945420,11,3,8
54605,1693227945420,1692255681195,1692255681198,1693227945429,9,3,6
54606,1693227945429,1692255681204,1692255681208,1693227945439,10,4,6
54607,1693227945439,1692255681212,1692255681215,1693227945446,7,3,4
54608,1693227945446,1692255681220,1692255681224,1693227945540,94,4,90
54609,1693227945540,1692255681314,1692255681318,1693227945549,9,4,5
54610,1693227945549,1692255681323,1692255681326,1693227945557,8,3,5
54611,1693227945557,1692255681330,1692255681334,1693227945567,10,4,6
54612,1693227945567,1692255681340,1692255681344,1693227945575,8,4,4
54613,1693227945575,1692255681348,1692255681351,1693227945582,7,3,4
54614,1693227945582,1692255681355,1692255681358,1693227945590,8,3,5
54615,1693227945590,1692255681363,1692255681366,1693227945598,8,3,5
54616,1693227945598,1692255681371,1692255681375,1693227945606,8,4,4
54617,1693227945606,1692255681379,1692255681383,1693227945614,8,4,4
54618,1693227945614,1692255681388,1692255681391,1693227945832,218,3,215
54619,1693227945832,1692255681605,1692255681608,1693227945840,8,3,5
54620,1693227945840,1692255681613,1692255681616,1693227945847,7,3,4
54621,1693227945847,1692255681620,1692255681624,1693227945855,8,4,4
54622,1693227945855,1692255681629,1692255681633,1693227945864,9,4,5
54623,1693227945864,1692255681637,1692255681640,1693227945874,10,3,7
54624,1693227945874,1692255681648,1692255681651,1693227945883,9,3,6
54625,1693227945883,1692255681656,1692255681659,1693227945890,7,3,4
54626,1693227945890,1692255681664,1692255681666,1693227945897,7,2,5
54627,1693227945897,1692255681671,1692255681674,1693227945905,8,3,5
54628,1693227945905,1692255681678,1692255681681,1693227945912,7,3,4
54629,1693227945912,1692255681685,1692255681689,1693227945920,8,4,4
54630,1693227945920,1692255681694,1692255681699,1693227945930,10,5,5
54631,1693227945930,1692255681704,1692255681706,1693227945937,7,2,5
54632,1693227945937,1692255681711,1692255681714,1693227945945,8,3,5
54633,1693227945945,1692255681718,1692255681721,1693227945952,7,3,4
54634,1693227945952,1692255681750,1692255681753,1693227946196,244,3,241
54635,1693227946196,1692255681970,1692255681974,1693227946206,10,4,6
54636,1693227946206,1692255681980,1692255681983,1693227946214,8,3,5
54637,1693227946215,1692255681988,1692255681991,1693227946223,8,3,5
54638,1693227946223,1692255681996,1692255681999,1693227946230,7,3,4
54639,1693227946230,1692255682004,1692255682007,1693227946237,7,3,4
54640,1693227946238,1692255682010,1692255682013,1693227946245,7,3,4
54641,1693227946245,1692255682019,1692255682023,1693227946255,10,4,6
54642,1693227946255,1692255682028,1692255682032,1693227946263,8,4,4
54643,1693227946263,1692255682037,1692255682039,1693227946270,7,2,5
54644,1693227946271,1692255682044,1692255682047,1693227946278,7,3,4
54645,1693227946278,1692255682051,1692255682055,1693227946286,8,4,4
54646,1693227946286,1692255682060,1692255682064,1693227946295,9,4,5
54647,1693227946295,1692255682068,1692255682071,1693227946302,7,3,4
54648,1693227946302,1692255682076,1692255682079,1693227946310,8,3,5
54649,1693227946310,1692255682083,1692255682087,1693227946318,8,4,4
54650,1693227946318,1692255682091,1692255682094,1693227946325,7,3,4
54651,1693227946325,1692255682098,1692255682101,1693227946332,7,3,4
54652,1693227946332,1692255682106,1692255682109,1693227946340,8,3,5
54653,1693227946340,1692255682114,1692255682117,1693227946348,8,3,5
54654,1693227946348,1692255682121,1692255682125,1693227946355,7,4,3
54655,1693227946355,1692255682137,1692255682140,1693227946371,16,3,13
54656,1693227946371,1692255682145,1692255682148,1693227946379,8,3,5
54657,1693227946379,1692255682152,1692255682155,1693227946386,7,3,4
54658,1693227946386,1692255682159,1692255682163,1693227946394,8,4,4
54659,1693227946394,1692255682167,1692255682171,1693227946424,30,4,26
54660,1693227946424,1692255682198,1692255682202,1693227946433,9,4,5
54661,1693227946433,1692255682206,1692255682209,1693227946440,7,3,4
54662,1693227946440,1692255682213,1692255682216,1693227946447,7,3,4
54663,1693227946447,1692255682220,1692255682223,1693227946454,7,3,4
54664,1693227946454,1692255682227,1692255682231,1693227946462,8,4,4
54665,1693227946462,1692255682235,1692255682238,1693227946469,7,3,4
54666,1693227946469,1692255682243,1692255682245,1693227946476,7,2,5
54667,1693227946476,1692255682251,1692255682256,1693227946488,12,5,7
54668,1693227946488,1692255682262,1692255682265,1693227946497,9,3,6
54669,1693227946497,1692255682270,1692255682273,1693227946591,94,3,91
54670,1693227946591,1692255682365,1692255682369,1693227946600,9,4,5
54671,1693227946600,1692255682374,1692255682377,1693227946608,8,3,5
54672,1693227946608,1692255682382,1692255682385,1693227946616,8,3,5
54673,1693227946616,1692255682390,1692255682392,1693227946623,7,2,5
54674,1693227946623,1692255682396,1692255682400,1693227946631,8,4,4
54675,1693227946631,1692255682404,1692255682407,1693227946638,7,3,4
54676,1693227946638,1692255682412,1692255682414,1693227946647,9,2,7
54677,1693227946647,1692255682420,1692255682424,1693227946655,8,4,4
54678,1693227946655,1692255682428,1692255682431,1693227946662,7,3,4
54679,1693227946662,1692255682435,1692255682438,1693227946669,7,3,4
54680,1693227946669,1692255682442,1692255682445,1693227946676,7,3,4
54681,1693227946676,1692255682449,1692255682452,1693227946683,7,3,4
54682,1693227946683,1692255682457,1692255682460,1693227946693,10,3,7
54683,1693227946693,1692255682466,1692255682469,1693227946700,7,3,4
54684,1693227946700,1692255682474,1692255682477,1693227946708,8,3,5
54685,1693227946708,1692255682482,1692255682486,1693227946716,8,4,4
54686,1693227946716,1692255682489,1692255682492,1693227946723,7,3,4
54687,1693227946723,1692255682496,1692255682499,1693227946730,7,3,4
54688,1693227946730,1692255682503,1692255682506,1693227946737,7,3,4
54689,1693227946737,1692255682511,1692255682514,1693227946746,9,3,6
54690,1693227946746,1692255682519,1692255682522,1693227946753,7,3,4
54691,1693227946753,1692255682526,1692255682529,1693227946760,7,3,4
54692,1693227946760,1692255682533,1692255682536,1693227946768,8,3,5
54693,1693227946768,1692255682541,1692255682545,1693227946777,9,4,5
54694,1693227946777,1692255682552,1692255682555,1693227946786,9,3,6
54695,1693227946786,1692255682560,1692255682563,1693227946795,9,3,6
54696,1693227946795,1692255682568,1692255682572,1693227946803,8,4,4
54697,1693227946803,1692255682576,1692255682580,1693227946811,8,4,4
54698,1693227946811,1692255682585,1692255682588,1693227946820,9,3,6
54699,1693227946820,1692255682595,1692255682598,1693227946829,9,3,6
54700,1693227946829,1692255682603,1692255682606,1693227946837,8,3,5
54701,1693227946837,1692255682610,1692255682613,1693227946844,7,3,4
54702,1693227946844,1692255682617,1692255682620,1693227946851,7,3,4
54703,1693227946851,1692255682624,1692255682627,1693227946876,25,3,22
54704,1693227946876,1692255682651,1692255682655,1693227946887,11,4,7
54705,1693227946887,1692255682661,1692255682664,1693227946897,10,3,7
54706,1693227946897,1692255682671,1692255682674,1693227946905,8,3,5
54707,1693227946905,1692255682679,1692255682682,1693227946913,8,3,5
54708,1693227946913,1692255682687,1692255682690,1693227946921,8,3,5
54709,1693227946921,1692255682696,1692255682699,1693227946931,10,3,7
54710,1693227946931,1692255682704,1692255682707,1693227946938,7,3,4
54711,1693227946938,1692255682712,1692255682715,1693227946946,8,3,5
54712,1693227946946,1692255682720,1692255682724,1693227946955,9,4,5
54713,1693227946955,1692255682728,1692255682731,1693227946962,7,3,4
54714,1693227946962,1692255682735,1692255682738,1693227946969,7,3,4
54715,1693227946969,1692255682742,1692255682745,1693227946976,7,3,4
54716,1693227946976,1692255682750,1692255682753,1693227946984,8,3,5
54717,1693227946984,1692255682757,1692255682761,1693227946992,8,4,4
54718,1693227946992,1692255682765,1692255682768,1693227947001,9,3,6
54719,1693227947001,1692255682774,1692255682777,1693227947008,7,3,4
54720,1693227947008,1692255682781,1692255682784,1693227947016,8,3,5
54721,1693227947016,1692255682789,1692255682792,1693227947244,228,3,225
54722,1693227947244,1692255683019,1692255683023,1693227947254,10,4,6
54723,1693227947254,1692255683031,1692255683034,1693227947265,11,3,8
54724,1693227947265,1692255683039,1692255683042,1693227947273,8,3,5
54725,1693227947273,1692255683046,1692255683049,1693227947281,8,3,5
54726,1693227947281,1692255683054,1692255683058,1693227947288,7,4,3
54727,1693227947289,1692255683062,1692255683066,1693227947297,8,4,4
54728,1693227947297,1692255683070,1692255683074,1693227947324,27,4,23
54729,1693227947324,1692255683098,1692255683102,1693227947333,9,4,5
54730,1693227947334,1692255683107,1692255683111,1693227947342,8,4,4
54731,1693227947342,1692255683115,1692255683118,1693227947349,7,3,4
54732,1693227947349,1692255683122,1692255683126,1693227947357,8,4,4
54733,1693227947357,1692255683130,1692255683133,1693227947364,7,3,4
54734,1693227947364,1692255683137,1692255683140,1693227947371,7,3,4
54735,1693227947371,1692255683144,1692255683147,1693227947378,7,3,4
54736,1693227947378,1692255683151,1692255683154,1693227947385,7,3,4
54737,1693227947385,1692255683159,1692255683162,1693227947393,8,3,5
54738,1693227947393,1692255683167,1692255683170,1693227947401,8,3,5
54739,1693227947402,1692255683175,1692255683178,1693227947410,8,3,5
54740,1693227947410,1692255683183,1692255683186,1693227947417,7,3,4
54741,1693227947417,1692255683191,1692255683196,1693227947427,10,5,5
54742,1693227947427,1692255683200,1692255683203,1693227947434,7,3,4
54743,1693227947434,1692255683207,1692255683210,1693227947441,7,3,4
54744,1693227947441,1692255683214,1692255683218,1693227947449,8,4,4
54745,1693227947449,1692255683221,1692255683224,1693227947456,7,3,4
54746,1693227947456,1692255683229,1692255683232,1693227947463,7,3,4
54747,1693227947463,1692255683236,1692255683239,1693227947470,7,3,4
54748,1693227947470,1692255683244,1692255683247,1693227947478,8,3,5
54749,1693227947478,1692255683251,1692255683255,1693227947486,8,4,4
54750,1693227947486,1692255683259,1692255683263,1693227947495,9,4,5
54751,1693227947495,1692255683268,1692255683272,1693227947503,8,4,4
54752,1693227947503,1692255683276,1692255683279,1693227947512,9,3,6
54753,1693227947512,1692255683287,1692255683290,1693227947523,11,3,8
54754,1693227947523,1692255683296,1692255683300,1693227947531,8,4,4
54755,1693227947531,1692255683304,1692255683306,1693227947537,6,2,4
54756,1693227947537,1692255683311,1692255683314,1693227947545,8,3,5
54757,1693227947545,1692255683318,1692255683322,1693227947635,90,4,86
54758,1693227947636,1692255683409,1692255683413,1693227947665,29,4,25
54759,1693227947665,1692255683439,1692255683443,1693227947674,9,4,5
54760,1693227947674,1692255683448,1692255683451,1693227947682,8,3,5
54761,1693227947682,1692255683455,1692255683459,1693227947690,8,4,4
54762,1693227947690,1692255683463,1692255683467,1693227947698,8,4,4
54763,1693227947698,1692255683471,1692255683474,1693227947705,7,3,4
54764,1693227947705,1692255683479,1692255683482,1693227947713,8,3,5
54765,1693227947713,1692255683488,1692255683492,1693227947723,10,4,6
54766,1693227947723,1692255683496,1692255683499,1693227947730,7,3,4
54767,1693227947730,1692255683504,1692255683507,1693227947738,8,3,5
54768,1693227947738,1692255683511,1692255683514,1693227947745,7,3,4
54769,1693227947745,1692255683519,1692255683523,1693227947753,8,4,4
54770,1693227947753,1692255683527,1692255683530,1693227947762,9,3,6
54771,1693227947762,1692255683535,1692255683539,1693227947770,8,4,4
54772,1693227947770,1692255683544,1692255683547,1693227947777,7,3,4
54773,1693227947777,1692255683551,1692255683554,1693227947785,8,3,5
54774,1693227947785,1692255683559,1692255683563,1693227947794,9,4,5
54775,1693227947794,1692255683568,1692255683571,1693227947802,8,3,5
54776,1693227947802,1692255683575,1692255683578,1693227947809,7,3,4
54777,1693227947809,1692255683583,1692255683588,1693227947819,10,5,5
54778,1693227947819,1692255683593,1692255683596,1693227947827,8,3,5
54779,1693227947827,1692255683600,1692255683603,1693227947834,7,3,4
54780,1693227947834,1692255683607,1692255683610,1693227947841,7,3,4
54781,1693227947841,1692255683614,1692255683616,1693227947848,7,2,5
54782,1693227947848,1692255683621,1692255683623,1693227947854,6,2,4
54783,1693227947854,1692255683627,1692255683631,1693227947862,8,4,4
54784,1693227947862,1692255683635,1692255683638,1693227947869,7,3,4
54785,1693227947869,1692255683643,1692255683645,1693227947876,7,2,5
54786,1693227947876,1692255683649,1692255683652,1693227947883,7,3,4
54787,1693227947883,1692255683656,1692255683659,1693227947890,7,3,4
54788,1693227947890,1692255683664,1692255683667,1693227947898,8,3,5
54789,1693227947898,1692255683671,1692255683674,1693227947905,7,3,4
54790,1693227947905,1692255683679,1692255683682,1693227947913,8,3,5
54791,1693227947913,1692255683687,1692255683690,1693227947921,8,3,5
54792,1693227947921,1692255683695,1692255683698,1693227947930,9,3,6
54793,1693227947930,1692255683703,1692255683707,1693227947938,8,4,4
54794,1693227947938,1692255683712,1692255683715,1693227947947,9,3,6
54795,1693227947947,1692255683720,1692255683722,1693227947954,7,2,5
54796,1693227947954,1692255683727,1692255683730,1693227947961,7,3,4
54797,1693227947961,1692255683734,1692255683737,1693227947968,7,3,4
54798,1693227947968,1692255683741,1692255683744,1693227947975,7,3,4
54799,1693227947975,1692255683770,1692255683773,1693227948004,29,3,26
54800,1693227948004,1692255683777,1692255683781,1693227948012,8,4,4
54801,1693227948012,1692255683785,1692255683788,1693227948019,7,3,4
54802,1693227948019,1692255683795,1692255683799,1693227948030,11,4,7
54803,1693227948030,1692255683803,1692255683807,1693227948039,9,4,5
54804,1693227948039,1692255683812,1692255683815,1693227948046,7,3,4
54805,1693227948046,1692255683819,1692255683822,1693227948053,7,3,4
54806,1693227948053,1692255683826,1692255683830,1693227948061,8,4,4
54807,1693227948061,1692255683834,1692255683837,1693227948068,7,3,4
54808,1693227948068,1692255683842,1692255683845,1693227948293,225,3,222
54809,1693227948293,1692255684067,1692255684071,1693227948302,9,4,5
54810,1693227948302,1692255684077,1692255684080,1693227948311,9,3,6
54811,1693227948311,1692255684085,1692255684089,1693227948320,9,4,5
54812,1693227948320,1692255684094,1692255684097,1693227948331,11,3,8
54813,1693227948331,1692255684104,1692255684107,1693227948339,8,3,5
54814,1693227948339,1692255684112,1692255684117,1693227948349,10,5,5
54815,1693227948349,1692255684122,1692255684126,1693227948357,8,4,4
54816,1693227948357,1692255684131,1692255684134,1693227948366,9,3,6
54817,1693227948366,1692255684139,1692255684142,1693227948373,7,3,4
54818,1693227948373,1692255684146,1692255684149,1693227948381,8,3,5
54819,1693227948381,1692255684154,1692255684157,1693227948388,7,3,4
54820,1693227948388,1692255684161,1692255684164,1693227948396,8,3,5
54821,1693227948396,1692255684170,1692255684173,1693227948404,8,3,5
54822,1693227948404,1692255684178,1692255684181,1693227948412,8,3,5
54823,1693227948412,1692255684185,1692255684188,1693227948419,7,3,4
54824,1693227948419,1692255684192,1692255684196,1693227948449,30,4,26
54825,1693227948449,1692255684223,1692255684226,1693227948458,9,3,6
54826,1693227948458,1692255684231,1692255684235,1693227948466,8,4,4
54827,1693227948466,1692255684239,1692255684242,1693227948473,7,3,4
54828,1693227948473,1692255684246,1692255684249,1693227948481,8,3,5
54829,1693227948481,1692255684255,1692255684259,1693227948490,9,4,5
54830,1693227948490,1692255684263,1692255684267,1693227948498,8,4,4
54831,1693227948498,1692255684271,1692255684274,1693227948505,7,3,4
54832,1693227948505,1692255684280,1692255684283,1693227948514,9,3,6
54833,1693227948514,1692255684288,1692255684291,1693227948523,9,3,6
54834,1693227948523,1692255684296,1692255684299,1693227948530,7,3,4
54835,1693227948530,1692255684304,1692255684306,1693227948537,7,2,5
54836,1693227948537,1692255684310,1692255684314,1693227948545,8,4,4
54837,1693227948545,1692255684319,1692255684322,1693227948553,8,3,5
54838,1693227948553,1692255684326,1692255684329,1693227948560,7,3,4
54839,1693227948561,1692255684334,1692255684337,1693227948568,7,3,4
54840,1693227948568,1692255684341,1692255684344,1693227948575,7,3,4
54841,1693227948575,1692255684348,1692255684352,1693227948583,8,4,4
54842,1693227948583,1692255684356,1692255684360,1693227948591,8,4,4
54843,1693227948591,1692255684365,1692255684368,1693227948688,97,3,94
54844,1693227948688,1692255684462,1692255684466,1693227948697,9,4,5
54845,1693227948697,1692255684470,1692255684473,1693227948704,7,3,4
54846,1693227948704,1692255684478,1692255684481,1693227948712,8,3,5
54847,1693227948712,1692255684485,1692255684489,1693227948720,8,4,4
54848,1693227948720,1692255684493,1692255684497,1693227948727,7,4,3
54849,1693227948727,1692255684500,1692255684503,1693227948734,7,3,4
54850,1693227948734,1692255684507,1692255684511,1693227948741,7,4,3
54851,1693227948741,1692255684515,1692255684521,1693227948752,11,6,5
54852,1693227948752,1692255684526,1692255684528,1693227948759,7,2,5
54853,1693227948759,1692255684532,1692255684535,1693227948786,27,3,24
54854,1693227948786,1692255684560,1692255684564,1693227948795,9,4,5
54855,1693227948795,1692255684568,1692255684571,1693227948802,7,3,4
54856,1693227948802,1692255684575,1692255684579,1693227948810,8,4,4
54857,1693227948810,1692255684584,1692255684587,1693227948818,8,3,5
54858,1693227948818,1692255684592,1692255684595,1693227948826,8,3,5
54859,1693227948826,1692255684599,1692255684602,1693227948834,8,3,5
54860,1693227948834,1692255684607,1692255684610,1693227948843,9,3,6
54861,1693227948843,1692255684617,1692255684621,1693227948852,9,4,5
54862,1693227948852,1692255684625,1692255684629,1693227948860,8,4,4
54863,1693227948860,1692255684634,1692255684637,1693227948868,8,3,5
54864,1693227948868,1692255684642,1692255684645,1693227948899,31,3,28
54865,1693227948899,1692255684673,1692255684676,1693227948907,8,3,5
54866,1693227948907,1692255684680,1692255684683,1693227948914,7,3,4
54867,1693227948914,1692255684687,1692255684690,1693227948921,7,3,4
54868,1693227948921,1692255684696,1692255684698,1693227948930,9,2,7
54869,1693227948930,1692255684703,1692255684706,1693227948936,6,3,3
54870,1693227948936,1692255684710,1692255684712,1693227948945,9,2,7
54871,1693227948946,1692255684719,1692255684723,1693227948954,8,4,4
54872,1693227948954,1692255684727,1692255684730,1693227948961,7,3,4
54873,1693227948961,1692255684734,1692255684737,1693227948968,7,3,4
54874,1693227948968,1692255684741,1692255684745,1693227948976,8,4,4
54875,1693227948976,1692255684749,1692255684752,1693227948983,7,3,4
54876,1693227948983,1692255684757,1692255684760,1693227948991,8,3,5
54877,1693227948991,1692255684764,1692255684767,1693227948998,7,3,4
54878,1693227948998,1692255684772,1692255684775,1693227949006,8,3,5
54879,1693227949006,1692255684780,1692255684784,1693227949015,9,4,5
54880,1693227949015,1692255684788,1692255684791,1693227949022,7,3,4
54881,1693227949022,1692255684795,1692255684798,1693227949029,7,3,4
54882,1693227949029,1692255684802,1692255684805,1693227949036,7,3,4
54883,1693227949036,1692255684810,1692255684813,1693227949044,8,3,5
54884,1693227949044,1692255684820,1692255684823,1693227949054,10,3,7
54885,1693227949054,1692255684828,1692255684831,1693227949062,8,3,5
54886,1693227949062,1692255684836,1692255684839,1693227949071,9,3,6
54887,1693227949071,1692255684844,1692255684847,1693227949078,7,3,4
54888,1693227949078,1692255684851,1692255684856,1693227949087,9,5,4
54889,1693227949087,1692255684860,1692255684863,1693227949094,7,3,4
54890,1693227949094,1692255684867,1692255684871,1693227949122,28,4,24
54891,1693227949122,1692255684895,1692255684899,1693227949458,336,4,332
54892,1693227949458,1692255685232,1692255685236,1693227949471,13,4,9
54893,1693227949471,1692255685244,1692255685247,1693227949498,27,3,24
54894,1693227949499,1692255685462,1692255685466,1693227949734,235,4,231
54895,1693227949734,1692255685508,1692255685514,1693227949824,90,6,84
54896,1693227949824,1692255685597,1692255685600,1693227949831,7,3,4
54897,1693227949831,1692255685604,1692255685607,1693227949838,7,3,4
54898,1693227949838,1692255685611,1692255685614,1693227949844,6,3,3
54899,1693227949844,1692255685618,1692255685621,1693227949852,8,3,5
54900,1693227949852,1692255685625,1692255685628,1693227949859,7,3,4
54901,1693227949859,1692255685632,1692255685635,1693227949867,8,3,5
54902,1693227949867,1692255685640,1692255685643,1693227949874,7,3,4
54903,1693227949874,1692255685647,1692255685650,1693227949883,9,3,6
54904,1693227949883,1692255685656,1692255685659,1693227949889,6,3,3
54905,1693227949889,1692255685663,1692255685669,1693227949899,10,6,4
54906,1693227949899,1692255685672,1692255685676,1693227949906,7,4,3
54907,1693227949906,1692255685680,1692255685683,1693227949913,7,3,4
54908,1693227949913,1692255685687,1692255685690,1693227949920,7,3,4
54909,1693227949920,1692255685693,1692255685696,1693227949927,7,3,4
54910,1693227949927,1692255685700,1692255685704,1693227949934,7,4,3
54911,1693227949934,1692255685708,1692255685711,1693227949942,8,3,5
54912,1693227949942,1692255685715,1692255685718,1693227949949,7,3,4
54913,1693227949949,1692255685722,1692255685725,1693227949955,6,3,3
54914,1693227949955,1692255685728,1692255685732,1693227949964,9,4,5
54915,1693227949964,1692255685737,1692255685741,1693227949972,8,4,4
54916,1693227949972,1692255685745,1692255685748,1693227949979,7,3,4
54917,1693227949979,1692255685752,1692255685755,1693227949985,6,3,3
54918,1693227949985,1692255685760,1692255685764,1693227949995,10,4,6
54919,1693227949995,1692255685768,1692255685772,1693227950002,7,4,3
54920,1693227950002,1692255685775,1692255685778,1693227950009,7,3,4
54921,1693227950009,1692255685805,1692255685809,1693227950039,30,4,26
54922,1693227950040,1692255685813,1692255685816,1693227950047,7,3,4
54923,1693227950047,1692255685821,1692255685826,1693227950056,9,5,4
54924,1693227950056,1692255685829,1692255685832,1693227950062,6,3,3
54925,1693227950062,1692255685836,1692255685839,1693227950073,11,3,8
54926,1693227950073,1692255685846,1692255685849,1693227950080,7,3,4
54927,1693227950080,1692255685853,1692255685856,1693227950086,6,3,3
54928,1693227950086,1692255685860,1692255685863,1693227950094,8,3,5
54929,1693227950094,1692255685867,1692255685871,1693227950101,7,4,3
54930,1693227950101,1692255685874,1692255685878,1693227950108,7,4,3
54931,1693227950108,1692255685882,1692255685885,1693227950115,7,3,4
54932,1693227950115,1692255685888,1692255685891,1693227950123,8,3,5
54933,1693227950123,1692255685921,1692255685925,1693227950156,33,4,29
54934,1693227950156,1692255685931,1692255685935,1693227950167,11,4,7
54935,1693227950167,1692255686162,1692255686166,1693227950397,230,4,226
54936,1693227950397,1692255686170,1692255686173,1693227950404,7,3,4
54937,1693227950404,1692255686178,1692255686181,1693227950414,10,3,7
54938,1693227950414,1692255686188,1692255686192,1693227950428,14,4,10
54939,1693227950428,1692255686201,1692255686204,1693227950436,8,3,5
54940,1693227950436,1692255686209,1692255686212,1693227950443,7,3,4
54941,1693227950443,1692255686220,1692255686223,1693227950454,11,3,8
54942,1693227950454,1692255686228,1692255686231,1693227950481,27,3,24
54943,1693227950481,1692255686255,1692255686259,1693227950490,9,4,5
54944,1693227950490,1692255686264,1692255686267,1693227950499,9,3,6
54945,1693227950499,1692255686273,1692255686276,1693227950507,8,3,5
54946,1693227950507,1692255686282,1692255686285,1693227950517,10,3,7
54947,1693227950517,1692255686290,1692255686294,1693227950525,8,4,4
54948,1693227950525,1692255686299,1692255686302,1693227950533,8,3,5
54949,1693227950533,1692255686307,1692255686310,1693227950543,10,3,7
54950,1693227950543,1692255686317,1692255686320,1693227950551,8,3,5
54951,1693227950551,1692255686326,1692255686330,1693227950561,10,4,6
54952,1693227950562,1692255686336,1692255686339,1693227950571,9,3,6
54953,1693227950571,1692255686344,1692255686347,1693227950579,8,3,5
54954,1693227950579,1692255686355,1692255686358,1693227950589,10,3,7
54955,1693227950589,1692255686362,1692255686365,1693227950596,7,3,4
54956,1693227950596,1692255686370,1692255686373,1693227950604,8,3,5
54957,1693227950604,1692255686377,1692255686381,1693227950611,7,4,3
54958,1693227950611,1692255686384,1692255686388,1693227950619,8,4,4
54959,1693227950619,1692255686392,1692255686396,1693227950627,8,4,4
54960,1693227950627,1692255686400,1692255686405,1693227950636,9,5,4
54961,1693227950636,1692255686410,1692255686413,1693227950645,9,3,6
54962,1693227950645,1692255686418,1692255686421,1693227950652,7,3,4
54963,1693227950652,1692255686426,1692255686430,1693227950661,9,4,5
54964,1693227950661,1692255686435,1692255686438,1693227950673,12,3,9
54965,1693227950673,1692255686446,1692255686449,1693227950680,7,3,4
54966,1693227950680,1692255686454,1692255686457,1693227950688,8,3,5
54967,1693227950688,1692255686461,1692255686464,1693227950781,93,3,90
54968,1693227950781,1692255686555,1692255686558,1693227950789,8,3,5
54969,1693227950789,1692255686563,1692255686566,1693227950819,30,3,27
54970,1693227950820,1692255686593,1692255686596,1693227950827,7,3,4
54971,1693227950827,1692255686600,1692255686604,1693227950834,7,4,3
54972,1693227950834,1692255686608,1692255686611,1693227950841,7,3,4
54973,1693227950842,1692255686615,1692255686618,1693227950848,6,3,3
54974,1693227950848,1692255686622,1692255686626,1693227950856,8,4,4
54975,1693227950856,1692255686629,1692255686632,1693227950863,7,3,4
54976,1693227950863,1692255686636,1692255686641,1693227950872,9,5,4
54977,1693227950872,1692255686645,1692255686648,1693227950878,6,3,3
54978,1693227950878,1692255686652,1692255686654,1693227950885,7,2,5
54979,1693227950885,1692255686659,1692255686664,1693227950895,10,5,5
54980,1693227950895,1692255686669,1692255686672,1693227950903,8,3,5
54981,1693227950903,1692255686676,1692255686679,1693227950930,27,3,24
54982,1693227950930,1692255686704,1692255686707,1693227950939,9,3,6
54983,1693227950939,1692255686712,1692255686715,1693227950946,7,3,4
54984,1693227950946,1692255686719,1692255686723,1693227950954,8,4,4
54985,1693227950954,1692255686727,1692255686730,1693227950961,7,3,4
54986,1693227950961,1692255686734,1692255686737,1693227950968,7,3,4
54987,1693227950968,1692255686741,1692255686744,1693227950976,8,3,5
54988,1693227950976,1692255686749,1692255686752,1693227950986,10,3,7
54989,1693227950986,1692255686759,1692255686762,1693227950994,8,3,5
54990,1693227950994,1692255686767,1692255686770,1693227951001,7,3,4
54991,1693227951001,1692255686775,1692255686778,1693227951009,8,3,5
54992,1693227951009,1692255686782,1692255686785,1693227951018,9,3,6
54993,1693227951018,1692255686792,1692255686795,1693227951027,9,3,6
54994,1693227951029,1692255686802,1692255686805,1693227951038,9,3,6
54995,1693227951038,1692255686811,1692255686818,1693227951049,11,7,4
54996,1693227951049,1692255686827,1692255686830,1693227951063,14,3,11
54997,1693227951063,1692255686836,1692255686840,1693227951071,8,4,4
54998,1693227951071,1692255686846,1692255686849,1693227951081,10,3,7
54999,1693227951081,1692255686856,1692255686860,1693227951094,13,4,9
55000,1693227951094,1692255686869,1692255686872,1693227951108,14,3,11
55001,1693227951108,1692255686882,1692255686885,1693227951118,10,3,7
55002,1693227951118,1692255686893,1692255686897,1693227951130,12,4,8
55003,1693227951130,1692255686904,1692255686907,1693227951139,9,3,6
55004,1693227951139,1692255686912,1692255686916,1693227951148,9,4,5
55005,1693227951148,1692255686921,1692255686924,1693227951155,7,3,4
55006,1693227951155,1692255686928,1692255686932,1693227951164,9,4,5
55007,1693227951164,1692255686938,1692255686941,1693227951175,11,3,8
55008,1693227951175,1692255686948,1692255686952,1693227951192,17,4,13
55009,1693227951192,1692255686966,1692255686969,1693227951201,9,3,6
55010,1693227951201,1692255686974,1692255686977,1693227951211,10,3,7
55011,1693227951215,1692255687211,1692255687215,1693227951445,230,4,226
55012,1693227951446,1692255687219,1692255687222,1693227951452,6,3,3
55013,1693227951452,1692255687225,1692255687228,1693227951459,7,3,4
55014,1693227951459,1692255687233,1692255687236,1693227951466,7,3,4
55015,1693227951466,1692255687239,1692255687242,1693227951473,7,3,4
55016,1693227951473,1692255687246,1692255687249,1693227951480,7,3,4
55017,1693227951480,1692255687254,1692255687257,1693227951487,7,3,4
55018,1693227951487,1692255687261,1692255687264,1693227951495,8,3,5
55019,1693227951495,1692255687269,1692255687272,1693227951505,10,3,7
55020,1693227951505,1692255687278,1692255687282,1693227951513,8,4,4
55021,1693227951513,1692255687286,1692255687289,1693227951521,8,3,5
55022,1693227951521,1692255687294,1692255687298,1693227951528,7,4,3
55023,1693227951528,1692255687301,1692255687304,1693227951535,7,3,4
55024,1693227951535,1692255687308,1692255687312,1693227951543,8,4,4
55025,1693227951543,1692255687316,1692255687320,1693227951551,8,4,4
55026,1693227951551,1692255687324,1692255687327,1693227951558,7,3,4
55027,1693227951558,1692255687331,1692255687334,1693227951565,7,3,4
55028,1693227951565,1692255687338,1692255687343,1693227951573,8,5,3
55029,1693227951573,1692255687348,1692255687352,1693227951609,36,4,32
55030,1693227951609,1692255687385,1692255687388,1693227951619,10,3,7
55031,1693227951619,1692255687392,1692255687397,1693227951628,9,5,4
55032,1693227951628,1692255687402,1692255687405,1693227951635,7,3,4
55033,1693227951635,1692255687409,1692255687414,1693227951645,10,5,5
55034,1693227951645,1692255687425,1692255687428,1693227951659,14,3,11
55035,1693227951659,1692255687433,1692255687437,1693227951668,9,4,5
55036,1693227951668,1692255687441,1692255687444,1693227951675,7,3,4
55037,1693227951675,1692255687449,1692255687452,1693227951685,10,3,7
55038,1693227951685,1692255687458,1692255687461,1693227951692,7,3,4
55039,1693227951692,1692255687487,1692255687491,1693227951724,32,4,28
55040,1693227951724,1692255687497,1692255687500,1693227951730,6,3,3
55041,1693227951731,1692255687504,1692255687507,1693227951738,7,3,4
55042,1693227951738,1692255687605,1692255687608,1693227951840,102,3,99
55043,1693227951840,1692255687614,1692255687617,1693227951849,9,3,6
55044,1693227951849,1692255687624,1692255687627,1693227951858,9,3,6
55045,1693227951858,1692255687635,1692255687638,1693227951870,12,3,9
55046,1693227951870,1692255687644,1692255687648,1693227951881,11,4,7
55047,1693227951881,1692255687655,1692255687659,1693227951889,8,4,4
55048,1693227951889,1692255687663,1692255687666,1693227951897,8,3,5
55049,1693227951897,1692255687670,1692255687673,1693227951904,7,3,4
55050,1693227951904,1692255687677,1692255687680,1693227951912,8,3,5
55051,1693227951912,1692255687687,1692255687690,1693227951921,9,3,6
55052,1693227951921,1692255687694,1692255687698,1693227951929,8,4,4
55053,1693227951929,1692255687703,1692255687708,1693227951940,11,5,6
55054,1693227951940,1692255687714,1692255687718,1693227951950,10,4,6
55055,1693227951950,1692255687723,1692255687727,1693227951958,8,4,4
55056,1693227951958,1692255687731,1692255687734,1693227951965,7,3,4
55057,1693227951965,1692255687738,1692255687741,1693227951971,6,3,3
55058,1693227951971,1692255687745,1692255687751,1693227951983,12,6,6
55059,1693227951983,1692255687757,1692255687761,1693227951992,9,4,5
55060,1693227951992,1692255687766,1692255687769,1693227952001,9,3,6
55061,1693227952001,1692255687775,1692255687779,1693227952010,9,4,5
55062,1693227952010,1692255687783,1692255687787,1693227952019,9,4,5
55063,1693227952019,1692255687793,1692255687797,1693227952028,9,4,5
55064,1693227952028,1692255687825,1692255687828,1693227952059,31,3,28
55065,1693227952059,1692255687833,1692255687838,1693227952069,10,5,5
55066,1693227952069,1692255687843,1692255687846,1693227952077,8,3,5
55067,1693227952077,1692255687851,1692255687854,1693227952087,10,3,7
55068,1693227952087,1692255687861,1692255687864,1693227952095,8,3,5
55069,1693227952095,1692255687869,1692255687872,1693227952104,9,3,6
55070,1693227952104,1692255687877,1692255687881,1693227952113,9,4,5
55071,1693227952113,1692255687886,1692255687889,1693227952121,8,3,5
55072,1693227952121,1692255687896,1692255687900,1693227952132,11,4,7
55073,1693227952132,1692255687905,1692255687908,1693227952139,7,3,4
55074,1693227952139,1692255687912,1692255687916,1693227952147,8,4,4
55075,1693227952147,1692255687920,1692255687923,1693227952154,7,3,4
55076,1693227952154,1692255687928,1692255687931,1693227952163,9,3,6
55077,1693227952163,1692255687936,1692255687941,1693227952171,8,5,3
55078,1693227952171,1692255687944,1692255687947,1693227952179,8,3,5
55079,1693227952179,1692255687953,1692255687957,1693227952189,10,4,6
55080,1693227952189,1692255687962,1692255687965,1693227952197,8,3,5
55081,1693227952197,1692255687970,1692255687973,1693227952206,9,3,6
55082,1693227952206,1692255687979,1692255687982,1693227952214,8,3,5
55083,1693227952214,1692255687989,1692255687992,1693227952225,11,3,8
55084,1693227952225,1692255687997,1692255688001,1693227952232,7,4,3
55085,1693227952232,1692255688005,1692255688008,1693227952240,8,3,5
55086,1693227952240,1692255688012,1692255688015,1693227952247,7,3,4
55087,1693227952247,1692255688021,1692255688025,1693227952256,9,4,5
55088,1693227952256,1692255688029,1692255688032,1693227952263,7,3,4
55089,1693227952263,1692255688036,1692255688039,1693227952487,224,3,221
55090,1693227952487,1692255688285,1692255688288,1693227952522,35,3,32
55091,1693227952523,1692255688296,1692255688300,1693227952531,8,4,4
55092,1693227952531,1692255688305,1692255688308,1693227952539,8,3,5
55093,1693227952539,1692255688312,1692255688315,1693227952548,9,3,6
55094,1693227952548,1692255688321,1692255688323,1693227952555,7,2,5
55095,1693227952556,1692255688329,1692255688332,1693227952566,10,3,7
55096,1693227952566,1692255688340,1692255688343,1693227952575,9,3,6
55097,1693227952575,1692255688350,1692255688353,1693227952584,9,3,6
55098,1693227952584,1692255688359,1692255688363,1693227952594,10,4,6
55099,1693227952594,1692255688368,1692255688371,1693227952602,8,3,5
55100,1693227952602,1692255688382,1692255688385,1693227952619,17,3,14
55101,1693227952619,1692255688392,1692255688395,1693227952630,11,3,8
55102,1693227952630,1692255688404,1692255688409,1693227952640,10,5,5
55103,1693227952640,1692255688414,1692255688417,1693227952649,9,3,6
55104,1693227952649,1692255688422,1692255688426,1693227952659,10,4,6
55105,1693227952659,1692255688433,1692255688436,1693227952667,8,3,5
55106,1693227952667,1692255688440,1692255688445,1693227952676,9,5,4
55107,1693227952676,1692255688451,1692255688454,1693227952685,9,3,6
55108,1693227952685,1692255688459,1692255688462,1693227952696,11,3,8
55109,1693227952696,1692255688471,1692255688475,1693227952710,14,4,10
55110,1693227952710,1692255688488,1692255688491,1693227952725,15,3,12
55111,1693227952725,1692255688498,1692255688501,1693227952734,9,3,6
55112,1693227952734,1692255688508,1692255688512,1693227952744,10,4,6
55113,1693227952744,1692255688518,1692255688521,1693227952752,8,3,5
55114,1693227952752,1692255688525,1692255688528,1693227952761,9,3,6
55115,1693227952761,1692255688535,1692255688538,1693227952771,10,3,7
55116,1693227952771,1692255688545,1692255688548,1693227952781,10,3,7
55117,1693227952781,1692255688555,1692255688558,1693227952793,12,3,9
55118,1693227952793,1692255688654,1692255688657,1693227952888,95,3,92
55119,1693227952888,1692255688661,1692255688665,1693227952895,7,4,3
55120,1693227952895,1692255688669,1692255688672,1693227952903,8,3,5
55121,1693227952903,1692255688677,1692255688681,1693227952912,9,4,5
55122,1693227952912,1692255688685,1692255688688,1693227952918,6,3,3
55123,1693227952918,1692255688691,1692255688695,1693227952926,8,4,4
55124,1693227952926,1692255688700,1692255688704,1693227952934,8,4,4
55125,1693227952934,1692255688707,1692255688711,1693227952943,9,4,5
55126,1693227952943,1692255688717,1692255688720,1693227952951,8,3,5
55127,1693227952951,1692255688724,1692255688727,1693227952958,7,3,4
55128,1693227952958,1692255688731,1692255688734,1693227952965,7,3,4
55129,1693227952965,1692255688738,1692255688741,1693227952972,7,3,4
55130,1693227952972,1692255688745,1692255688748,1693227952979,7,3,4
55131,1693227952979,1692255688752,1692255688755,1693227952986,7,3,4
55132,1693227952986,1692255688759,1692255688762,1693227952993,7,3,4
55133,1693227952993,1692255688766,1692255688769,1693227953000,7,3,4
55134,1693227953000,1692255688773,1692255688776,1693227953007,7,3,4
55135,1693227953007,1692255688780,1692255688783,1693227953014,7,3,4
55136,1693227953014,1692255688788,1692255688791,1693227953022,8,3,5
55137,1693227953022,1692255688796,1692255688800,1693227953030,8,4,4
55138,1693227953030,1692255688804,1692255688806,1693227953037,7,2,5
55139,1693227953037,1692255688813,1692255688818,1693227953049,12,5,7
55140,1693227953049,1692255688822,1692255688824,1693227953055,6,2,4
55141,1693227953055,1692255688829,1692255688832,1693227953062,7,3,4
55142,1693227953062,1692255688835,1692255688838,1693227953069,7,3,4
55143,1693227953069,1692255688842,1692255688845,1693227953076,7,3,4
55144,1693227953076,1692255688849,1692255688852,1693227953083,7,3,4
55145,1693227953083,1692255688856,1692255688860,1693227953090,7,4,3
55146,1693227953090,1692255688863,1692255688866,1693227953097,7,3,4
55147,1693227953097,1692255688870,1692255688873,1693227953104,7,3,4
55148,1693227953104,1692255688878,1692255688881,1693227953112,8,3,5
55149,1693227953112,1692255688885,1692255688889,1693227953119,7,4,3
55150,1693227953119,1692255688893,1692255688897,1693227953127,8,4,4
55151,1693227953128,1692255688901,1692255688904,1693227953135,7,3,4
55152,1693227953135,1692255688908,1692255688911,1693227953144,9,3,6
55153,1693227953144,1692255688918,1692255688921,1693227953151,7,3,4
55154,1693227953151,1692255688925,1692255688928,1693227953159,8,3,5
55155,1693227953159,1692255688953,1692255688957,1693227953188,29,4,25
55156,1693227953188,1692255688961,1692255688964,1693227953195,7,3,4
55157,1693227953195,1692255688968,1692255688971,1693227953201,6,3,3
55158,1693227953201,1692255688975,1692255688978,1693227953209,8,3,5
55159,1693227953209,1692255688982,1692255688985,1693227953216,7,3,4
55160,1693227953216,1692255688989,1692255688993,1693227953224,8,4,4
55161,1693227953224,1692255688998,1692255689002,1693227953232,8,4,4
55162,1693227953232,1692255689005,1692255689008,1693227953239,7,3,4
55163,1693227953239,1692255689013,1692255689015,1693227953246,7,2,5
55164,1693227953246,1692255689020,1692255689023,1693227953254,8,3,5
55165,1693227953254,1692255689028,1692255689033,1693227953265,11,5,6
55166,1693227953265,1692255689038,1692255689042,1693227953296,31,4,27
55167,1693227953296,1692255689070,1692255689074,1693227953306,10,4,6
55168,1693227953306,1692255689081,1692255689084,1693227953544,238,3,235
55169,1693227953544,1692255689319,1692255689323,1693227953554,10,4,6
55170,1693227953554,1692255689328,1692255689332,1693227953572,18,4,14
55171,1693227953572,1692255689345,1692255689349,1693227953581,9,4,5
55172,1693227953582,1692255689355,1692255689359,1693227953592,10,4,6
55173,1693227953592,1692255689365,1692255689369,1693227953600,8,4,4
55174,1693227953600,1692255689408,1692255689411,1693227953644,44,3,41
55175,1693227953644,1692255689418,1692255689422,1693227953655,11,4,7
55176,1693227953655,1692255689431,1692255689434,1693227953665,10,3,7
55177,1693227953665,1692255689438,1692255689441,1693227953675,10,3,7
55178,1693227953675,1692255689448,1692255689451,1693227953683,8,3,5
55179,1693227953683,1692255689456,1692255689459,1693227953690,7,3,4
55180,1693227953690,1692255689463,1692255689467,1693227953697,7,4,3
55181,1693227953697,1692255689471,1692255689474,1693227953705,8,3,5
55182,1693227953705,1692255689478,1692255689481,1693227953712,7,3,4
55183,1693227953712,1692255689485,1692255689487,1693227953718,6,2,4
55184,1693227953718,1692255689491,1692255689494,1693227953725,7,3,4
55185,1693227953725,1692255689498,1692255689501,1693227953733,8,3,5
55186,1693227953733,1692255689506,1692255689509,1693227953740,7,3,4
55187,1693227953740,1692255689514,1692255689516,1693227953747,7,2,5
55188,1693227953747,1692255689520,1692255689524,1693227953754,7,4,3
55189,1693227953754,1692255689530,1692255689534,1693227953765,11,4,7
55190,1693227953765,1692255689539,1692255689542,1693227953775,10,3,7
55191,1693227953966,1692255689741,1692255689746,1693227953977,11,5,6
55192,1693227953977,1692255689751,1692255689755,1693227953986,9,4,5
55193,1693227953986,1692255689764,1692255689769,1693227954000,14,5,9
55194,1693227954000,1692255689774,1692255689779,1693227954010,10,5,5
55195,1693227954010,1692255689784,1692255689789,1693227954020,10,5,5
55196,1693227954020,1692255689794,1692255689799,1693227954030,10,5,5
55197,1693227954030,1692255689804,1692255689809,1693227954040,10,5,5
55198,1693227954040,1692255689815,1692255689821,1693227954052,12,6,6
55199,1693227954052,1692255689826,1692255689830,1693227954080,28,4,24
55200,1693227954080,1692255689855,1692255689861,1693227954093,13,6,7
55201,1693227954093,1692255689871,1692255689876,1693227954107,14,5,9
55202,1693227954107,1692255689881,1692255689887,1693227954118,11,6,5
55203,1693227954118,1692255689892,1692255689898,1693227954129,11,6,5
55204,1693227954129,1692255689907,1692255689911,1693227954143,14,4,10
55205,1693227954143,1692255689925,1692255689930,1693227954162,19,5,14
55206,1693227954162,1692255689937,1692255689942,1693227954173,11,5,6
55207,1693227954173,1692255689948,1692255689953,1693227954184,11,5,6
55208,1693227954184,1692255689958,1692255689964,1693227954195,11,6,5
55209,1693227954195,1692255689970,1692255689975,1693227954206,11,5,6
55210,1693227954206,1692255689980,1692255689986,1693227954217,11,6,5
55211,1693227954217,1692255689992,1692255689999,1693227954230,13,7,6
55212,1693227954230,1692255690004,1692255690008,1693227954239,9,4,5
55213,1693227954239,1692255690013,1692255690017,1693227954249,10,4,6
55214,1693227954249,1692255690022,1692255690026,1693227954257,8,4,4
55215,1693227954257,1692255690031,1692255690036,1693227954266,9,5,4
55216,1693227954266,1692255690043,1692255690047,1693227954277,11,4,7
55217,1693227954277,1692255690051,1692255690056,1693227954289,12,5,7
55218,1693227954289,1692255690063,1692255690069,1693227954300,11,6,5
55219,1693227954300,1692255690075,1692255690079,1693227954310,10,4,6
55220,1693227954310,1692255690085,1692255690089,1693227954320,10,4,6
55221,1693227954320,1692255690099,1692255690104,1693227954334,14,5,9
55222,1693227954334,1692255690109,1692255690114,1693227954344,10,5,5
55223,1693227954344,1692255690119,1692255690124,1693227954355,11,5,6
55224,1693227954355,1692255690129,1692255690135,1693227954584,229,6,223
55225,1693227954584,1692255690359,1692255690363,1693227954596,12,4,8
55226,1693227954596,1692255690370,1692255690374,1693227954605,9,4,5
55227,1693227954606,1692255690379,1692255690383,1693227954614,8,4,4
55228,1693227954614,1692255690390,1692255690393,1693227954626,12,3,9
55229,1693227954626,1692255690400,1692255690405,1693227954636,10,5,5
55230,1693227954636,1692255690411,1692255690415,1693227954646,10,4,6
55231,1693227954646,1692255690421,1692255690426,1693227954657,11,5,6
55232,1693227954657,1692255690431,1692255690437,1693227954679,22,6,16
55233,1693227954679,1692255690459,1692255690463,1693227954694,15,4,11
55234,1693227954694,1692255690469,1692255690474,1693227954705,11,5,6
55235,1693227954705,1692255690481,1692255690485,1693227954716,11,4,7
55236,1693227954716,1692255690490,1692255690494,1693227954725,9,4,5
55237,1693227954725,1692255690500,1692255690505,1693227954752,27,5,22
55238,1693227954752,1692255690527,1692255690531,1693227954762,10,4,6
55239,1693227954762,1692255690536,1692255690540,1693227954776,14,4,10
55240,1693227954776,1692255690556,1692255690561,1693227954792,16,5,11
55241,1693227954792,1692255690566,1692255690571,1693227954802,10,5,5
55242,1693227954802,1692255690576,1692255690580,1693227954812,10,4,6
55243,1693227954812,1692255690586,1692255690590,1693227954830,18,4,14
55244,1693227954830,1692255690604,1692255690608,1693227954840,10,4,6
55245,1693227954840,1692255690614,1692255690618,1693227954874,34,4,30
55246,1693227954874,1692255690665,1692255690669,1693227954977,103,4,99
55247,1693227954977,1692255690751,1692255690756,1693227954987,10,5,5
55248,1693227954987,1692255690761,1692255690767,1693227954998,11,6,5
55249,1693227954998,1692255690772,1692255690776,1693227955007,9,4,5
55250,1693227955007,1692255690781,1692255690785,1693227955016,9,4,5
55251,1693227955016,1692255690790,1692255690795,1693227955026,10,5,5
55252,1693227955026,1692255690800,1692255690806,1693227955036,10,6,4
55253,1693227955036,1692255690811,1692255690815,1693227955046,10,4,6
55254,1693227955046,1692255690820,1692255690825,1693227955056,10,5,5
55255,1693227955056,1692255690831,1692255690836,1693227955066,10,5,5
55256,1693227955066,1692255690841,1692255690846,1693227955077,11,5,6
55257,1693227955077,1692255690852,1692255690856,1693227955089,12,4,8
55258,1693227955089,1692255690863,1692255690868,1693227955100,11,5,6
55259,1693227955100,1692255690874,1692255690879,1693227955110,10,5,5
55260,1693227955110,1692255690887,1692255690892,1693227955123,13,5,8
55261,1693227955123,1692255690897,1692255690900,1693227955131,8,3,5
55262,1693227955131,1692255690905,1692255690909,1693227955140,9,4,5
55263,1693227955140,1692255690915,1692255690919,1693227955150,10,4,6
55264,1693227955150,1692255690924,1692255690928,1693227955159,9,4,5
55265,1693227955159,1692255690933,1692255690938,1693227955169,10,5,5
55266,1693227955169,1692255690944,1692255690949,1693227955206,37,5,32
55267,1693227955206,1692255690981,1692255690985,1693227955216,10,4,6
55268,1693227955216,1692255690991,1692255690996,1693227955227,11,5,6
55269,1693227955227,1692255691002,1692255691007,1693227955238,11,5,6
55270,1693227955238,1692255691012,1692255691017,1693227955248,10,5,5
55271,1693227955248,1692255691023,1692255691028,1693227955259,11,5,6
55272,1693227955259,1692255691033,1692255691037,1693227955268,9,4,5
55273,1693227955268,1692255691043,1692255691048,1693227955279,11,5,6
55274,1693227955279,1692255691054,1692255691059,1693227955291,12,5,7
55275,1693227955291,1692255691067,1692255691072,1693227955307,16,5,11
55276,1693227955307,1692255691082,1692255691087,1693227955318,11,5,6
55277,1693227955318,1692255691093,1692255691097,1693227955328,10,4,6
55278,1693227955328,1692255691103,1692255691108,1693227955338,10,5,5
55279,1693227955338,1692255691113,1692255691117,1693227955348,10,4,6
55280,1693227955348,1692255691122,1692255691127,1693227955357,9,5,4
55281,1693227955357,1692255691132,1692255691136,1693227955367,10,4,6
55282,1693227955367,1692255691141,1692255691147,1693227955378,11,6,5
55283,1693227955378,1692255691152,1692255691157,1693227955388,10,5,5
55284,1693227955388,1692255691163,1692255691168,1693227955399,11,5,6
55285,1693227955399,1692255691175,1692255691183,1693227955632,233,8,225
55286,1693227955632,1692255691430,1692255691434,1693227955664,32,4,28
55287,1693227955664,1692255691438,1692255691443,1693227955674,10,5,5
55288,1693227955674,1692255691448,1692255691453,1693227955684,10,5,5
55289,1693227955684,1692255691458,1692255691462,1693227955692,8,4,4
55290,1693227955692,1692255691467,1692255691471,1693227955703,11,4,7
55291,1693227955703,1692255691478,1692255691482,1693227955713,10,4,6
55292,1693227955713,1692255691488,1692255691493,1693227955724,11,5,6
55293,1693227955724,1692255691498,1692255691504,1693227955735,11,6,5
55294,1693227955735,1692255691510,1692255691515,1693227955746,11,5,6
55295,1693227955746,1692255691522,1692255691527,1693227955758,12,5,7
55296,1693227955758,1692255691533,1692255691538,1693227955768,10,5,5
55297,1693227955768,1692255691543,1692255691547,1693227955778,10,4,6
55298,1693227955778,1692255691553,1692255691558,1693227955789,11,5,6
55299,1693227955789,1692255691564,1692255691569,1693227955800,11,5,6
55300,1693227955800,1692255691574,1692255691579,1693227955809,9,5,4
55301,1693227955809,1692255691584,1692255691589,1693227955820,11,5,6
55302,1693227955820,1692255691595,1692255691600,1693227955831,11,5,6
55303,1693227955831,1692255691606,1692255691611,1693227955842,11,5,6
55304,1693227955842,1692255691617,1692255691622,1693227955853,11,5,6
55305,1693227955853,1692255691628,1692255691633,1693227955864,11,5,6
55306,1693227955864,1692255691639,1692255691644,1693227955874,10,5,5
55307,1693227955874,1692255691649,1692255691653,1693227955884,10,4,6
55308,1693227955885,1692255691659,1692255691663,1693227955894,9,4,5
55309,1693227955894,1692255691668,1692255691672,1693227955903,9,4,5
55310,1693227955903,1692255691677,1692255691681,1693227955911,8,4,4
55311,1693227955911,1692255691687,1692255691691,1693227955922,11,4,7
55312,1693227955922,1692255691696,1692255691701,1693227955932,10,5,5
55313,1693227955932,1692255691707,1692255691712,1693227956025,93,5,88
55314,1693227956025,1692255691801,1692255691806,1693227956036,11,5,6
55315,1693227956036,1692255691813,1692255691818,1693227956049,13,5,8
55316,1693227956049,1692255691823,1692255691828,1693227956059,10,5,5
55317,1693227956059,1692255691834,1692255691838,1693227956069,10,4,6
55318,1693227956069,1692255691843,1692255691847,1693227956078,9,4,5
55319,1693227956078,1692255691852,1692255691857,1693227956095,17,5,12
55320,1693227956095,1692255691881,1692255691884,1693227956115,20,3,17
55321,1693227956115,1692255691890,1692255691897,1693227956128,13,7,6
55322,1693227956128,1692255691903,1692255691912,1693227956143,15,9,6
55323,1693227956143,1692255691917,1692255691922,1693227956153,10,5,5
55324,1693227956153,1692255691928,1692255691934,1693227956165,12,6,6
55325,1693227956165,1692255691940,1692255691946,1693227956177,12,6,6
55326,1693227956177,1692255691951,1692255691957,1693227956187,10,6,4
55327,1693227956187,1692255691962,1692255691966,1693227956197,10,4,6
55328,1693227956197,1692255691971,1692255691975,1693227956206,9,4,5
55329,1693227956206,1692255691980,1692255691984,1693227956217,11,4,7
55330,1693227956217,1692255691999,1692255692003,1693227956233,16,4,12
55331,1693227956233,1692255692008,1692255692012,1693227956242,9,4,5
55332,1693227956242,1692255692017,1692255692021,1693227956252,10,4,6
55333,1693227956252,1692255692026,1692255692031,1693227956262,10,5,5
55334,1693227956262,1692255692037,1692255692042,1693227956273,11,5,6
55335,1693227956273,1692255692048,1692255692053,1693227956284,11,5,6
55336,1693227956284,1692255692059,1692255692064,1693227956295,11,5,6
55337,1693227956295,1692255692069,1692255692073,1693227956304,9,4,5
55338,1693227956304,1692255692078,1692255692082,1693227956329,25,4,21
55339,1693227956329,1692255692109,1692255692113,1693227956344,15,4,11
55340,1693227956344,1692255692118,1692255692123,1693227956354,10,5,5
55341,1693227956354,1692255692129,1692255692135,1693227956365,11,6,5
55342,1693227956365,1692255692141,1692255692146,1693227956377,12,5,7
55343,1693227956377,1692255692151,1692255692157,1693227956388,11,6,5
55344,1693227956388,1692255692162,1692255692167,1693227956397,9,5,4
55345,1693227956397,1692255692171,1692255692175,1693227956406,9,4,5
55346,1693227956406,1692255692180,1692255692186,1693227956417,11,6,5
55347,1693227956417,1692255692219,1692255692223,1693227956454,37,4,33
55348,1693227956454,1692255692228,1692255692232,1693227956464,10,4,6
55349,1693227956464,1692255692459,1692255692464,1693227956694,230,5,225
55350,1693227956694,1692255692469,1692255692472,1693227956703,9,3,6
55351,1693227956703,1692255692479,1692255692483,1693227956714,11,4,7
55352,1693227956714,1692255692488,1692255692492,1693227956723,9,4,5
55353,1693227956723,1692255692500,1692255692503,1693227956734,11,3,8
55354,1693227956734,1692255692509,1692255692513,1693227956744,10,4,6
55355,1693227956744,1692255692518,1692255692522,1693227956753,9,4,5
55356,1693227956753,1692255692550,1692255692554,1693227956785,32,4,28
55357,1693227956785,1692255692559,1692255692563,1693227956793,8,4,4
55358,1693227956793,1692255692568,1692255692573,1693227956804,11,5,6
55359,1693227956804,1692255692579,1692255692586,1693227956817,13,7,6
55360,1693227956817,1692255692591,1692255692596,1693227956827,10,5,5
55361,1693227956827,1692255692603,1692255692609,1693227956840,13,6,7
55362,1693227956840,1692255692615,1692255692620,1693227956850,10,5,5
55363,1693227956850,1692255692625,1692255692630,1693227956861,11,5,6
55364,1693227956861,1692255692635,1692255692639,1693227956870,9,4,5
55365,1693227956870,1692255692645,1692255692653,1693227956884,14,8,6
55366,1693227956884,1692255692659,1692255692663,1693227956894,10,4,6
55367,1693227956894,1692255692667,1692255692671,1693227956902,8,4,4
55368,1693227956902,1692255692676,1692255692679,1693227956910,8,3,5
55369,1693227956910,1692255692684,1692255692688,1693227956919,9,4,5
55370,1693227956919,1692255692693,1692255692697,1693227956928,9,4,5
55371,1693227956928,1692255692704,1692255692712,1693227956943,15,8,7
55372,1693227956943,1692255692717,1692255692721,1693227956952,9,4,5
55373,1693227956952,1692255692727,1692255692731,1693227956962,10,4,6
55374,1693227956962,1692255692737,1692255692741,1693227956971,9,4,5
55375,1693227956971,1692255692746,1692255692751,1693227956982,11,5,6
55376,1693227956982,1692255692756,1692255692760,1693227957075,93,4,89
55377,1693227957075,1692255692849,1692255692853,1693227957083,8,4,4
55378,1693227957083,1692255692858,1692255692862,1693227957113,30,4,26
55379,1693227957113,1692255692887,1692255692890,1693227957122,9,3,6
55380,1693227957122,1692255692896,1692255692900,1693227957131,9,4,5
55381,1693227957131,1692255692905,1692255692910,1693227957140,9,5,4
55382,1693227957140,1692255692914,1692255692918,1693227957149,9,4,5
55383,1693227957149,1692255692923,1692255692926,1693227957157,8,3,5
55384,1693227957157,1692255692931,1692255692935,1693227957166,9,4,5
55385,1693227957166,1692255692940,1692255692944,1693227957174,8,4,4
55386,1693227957174,1692255692948,1692255692953,1693227957184,10,5,5
55387,1693227957184,1692255692958,1692255692962,1693227957192,8,4,4
55388,1693227957192,1692255692967,1692255692972,1693227957203,11,5,6
55389,1693227957203,1692255693001,1692255693006,1693227957240,37,5,32
55390,1693227957240,1692255693016,1692255693020,1693227957251,11,4,7
55391,1693227957251,1692255693026,1692255693030,1693227957261,10,4,6
55392,1693227957261,1692255693036,1692255693040,1693227957271,10,4,6
55393,1693227957271,1692255693045,1692255693049,1693227957280,9,4,5
55394,1693227957280,1692255693054,1692255693061,1693227957291,11,7,4
55395,1693227957291,1692255693065,1692255693069,1693227957300,9,4,5
55396,1693227957300,1692255693074,1692255693078,1693227957309,9,4,5
55397,1693227957309,1692255693083,1692255693087,1693227957318,9,4,5
55398,1693227957318,1692255693094,1692255693098,1693227957328,10,4,6
55399,1693227957328,1692255693103,1692255693107,1693227957338,10,4,6
55400,1693227957338,1692255693114,1692255693119,1693227957351,13,5,8
55401,1693227957351,1692255693125,1692255693130,1693227957361,10,5,5
55402,1693227957361,1692255693135,1692255693139,1693227957372,11,4,7
55403,1693227957372,1692255693146,1692255693150,1693227957381,9,4,5
55404,1693227957381,1692255693155,1692255693160,1693227957392,11,5,6
55405,1693227957392,1692255693166,1692255693171,1693227957402,10,5,5
55406,1693227957402,1692255693177,1692255693182,1693227957413,11,5,6
55407,1693227957413,1692255693188,1692255693193,1693227957424,11,5,6
55408,1693227957424,1692255693203,1692255693207,1693227957440,16,4,12
55409,1693227957440,1692255693214,1692255693219,1693227957450,10,5,5
55410,1693227957450,1692255693234,1692255693239,1693227957470,20,5,15
55411,1693227957470,1692255693244,1692255693249,1693227957479,9,5,4
55412,1693227957479,1692255693254,1692255693259,1693227957497,18,5,13
55413,1693227957497,1692255693274,1692255693278,1693227957733,236,4,232
55414,1693227957733,1692255693508,1692255693512,1693227957744,11,4,7
55415,1693227957744,1692255693518,1692255693522,1693227957753,9,4,5
55416,1693227957753,1692255693527,1692255693531,1693227957762,9,4,5
55417,1693227957762,1692255693536,1692255693541,1693227957772,10,5,5
55418,1693227957772,1692255693546,1692255693551,1693227957782,10,5,5
55419,1693227957782,1692255693557,1692255693562,1693227957793,11,5,6
55420,1693227957793,1692255693567,1692255693572,1693227957803,10,5,5
55421,1693227957803,1692255693578,1692255693583,1693227957814,11,5,6
55422,1693227957814,1692255693588,1692255693594,1693227957824,10,6,4
55423,1693227957824,1692255693599,1692255693604,1693227957835,11,5,6
55424,1693227957835,1692255693610,1692255693614,1693227957845,10,4,6
55425,1693227957845,1692255693619,1692255693624,1693227957855,10,5,5
55426,1693227957855,1692255693629,1692255693633,1693227957864,9,4,5
55427,1693227957864,1692255693638,1692255693642,1693227957872,8,4,4
55428,1693227957872,1692255693647,1692255693651,1693227957898,26,4,22
55429,1693227957898,1692255693674,1692255693679,1693227957909,11,5,6
55430,1693227957909,1692255693684,1692255693689,1693227957919,10,5,5
55431,1693227957919,1692255693696,1692255693702,1693227957933,14,6,8
55432,1693227957933,1692255693707,1692255693710,1693227957941,8,3,5
55433,1693227957941,1692255693716,1692255693720,1693227957951,10,4,6
55434,1693227957951,1692255693725,1692255693730,1693227957960,9,5,4
55435,1693227957960,1692255693736,1692255693741,1693227957972,12,5,7
55436,1693227957972,1692255693746,1692255693751,1693227957982,10,5,5
55437,1693227957982,1692255693757,1692255693762,1693227958011,29,5,24
55438,1693227958011,1692255693786,1692255693790,1693227958021,10,4,6
55439,1693227958021,1692255693795,1692255693798,1693227958029,8,3,5
55440,1693227958029,1692255693803,1692255693807,1693227958125,96,4,92
55441,1693227958125,1692255693900,1692255693904,1693227958135,10,4,6
55442,1693227958135,1692255693910,1692255693915,1693227958145,10,5,5
55443,1693227958145,1692255693919,1692255693924,1693227958154,9,5,4
55444,1693227958154,1692255693928,1692255693933,1693227958164,10,5,5
55445,1693227958164,1692255693939,1692255693945,1693227958176,12,6,6
55446,1693227958176,1692255693950,1692255693954,1693227958185,9,4,5
55447,1693227958185,1692255693960,1692255693964,1693227958195,10,4,6
55448,1693227958195,1692255693969,1692255693972,1693227958203,8,3,5
55449,1693227958203,1692255693977,1692255693981,1693227958212,9,4,5
55450,1693227958212,1692255693986,1692255693990,1693227958220,8,4,4
55451,1693227958220,1692255693996,1692255694000,1693227958230,10,4,6
55452,1693227958230,1692255694005,1692255694009,1693227958240,10,4,6
55453,1693227958240,1692255694014,1692255694018,1693227958249,9,4,5
55454,1693227958249,1692255694023,1692255694027,1693227958257,8,4,4
55455,1693227958258,1692255694032,1692255694035,1693227958266,8,3,5
55456,1693227958266,1692255694040,1692255694044,1693227958275,9,4,5
55457,1693227958275,1692255694049,1692255694053,1693227958284,9,4,5
55458,1693227958284,1692255694058,1692255694062,1693227958293,9,4,5
55459,1693227958293,1692255694067,1692255694071,1693227958302,9,4,5
55460,1693227958302,1692255694076,1692255694080,1693227958310,8,4,4
55461,1693227958310,1692255694085,1692255694089,1693227958319,9,4,5
55462,1693227958319,1692255694097,1692255694101,1693227958346,27,4,23
55463,1693227958346,1692255694122,1692255694126,1693227958357,11,4,7
55464,1693227958357,1692255694131,1692255694136,1693227958366,9,5,4
55465,1693227958366,1692255694141,1692255694145,1693227958376,10,4,6
55466,1693227958376,1692255694150,1692255694153,1693227958384,8,3,5
55467,1693227958384,1692255694158,1692255694162,1693227958392,8,4,4
55468,1693227958392,1692255694166,1692255694172,1693227958402,10,6,4
55469,1693227958402,1692255694176,1692255694180,1693227958410,8,4,4
55470,1693227958410,1692255694185,1692255694189,1693227958420,10,4,6
55471,1693227958420,1692255694194,1692255694198,1693227958429,9,4,5
55472,1693227958429,1692255694203,1692255694206,1693227958436,7,3,4
55473,1693227958436,1692255694210,1692255694215,1693227958446,10,5,5
55474,1693227958446,1692255694221,1692255694226,1693227958456,10,5,5
55475,1693227958456,1692255694230,1692255694234,1693227958465,9,4,5
55476,1693227958465,1692255694241,1692255694245,1693227958475,10,4,6
55477,1693227958475,1692255694250,1692255694254,1693227958484,9,4,5
55478,1693227958484,1692255694258,1692255694262,1693227958493,9,4,5
55479,1693227958493,1692255694268,1692255694272,1693227958503,10,4,6
55480,1693227958503,1692255694277,1692255694281,1693227958512,9,4,5
55481,1693227958512,1692255694287,1692255694291,1693227958522,10,4,6
55482,1693227958522,1692255694296,1692255694300,1693227958531,9,4,5
55483,1693227958531,1692255694305,1692255694309,1693227958540,9,4,5
55484,1693227958540,1692255694315,1692255694319,1693227958550,10,4,6
55485,1693227958550,1692255694324,1692255694328,1693227958559,9,4,5
55486,1693227958559,1692255694333,1692255694338,1693227958780,221,5,216
55487,1693227958780,1692255694585,1692255694589,1693227958819,39,4,35
55488,1693227958820,1692255694594,1692255694598,1693227958829,9,4,5
55489,1693227958829,1692255694603,1692255694607,1693227958838,9,4,5
55490,1693227958838,1692255694612,1692255694616,1693227958846,8,4,4
55491,1693227958846,1692255694620,1692255694624,1693227958855,9,4,5
55492,1693227958855,1692255694629,1692255694632,1693227958863,8,3,5
55493,1693227958863,1692255694637,1692255694640,1693227958871,8,3,5
55494,1693227958871,1692255694645,1692255694650,1693227958880,9,5,4
55495,1693227958880,1692255694655,1692255694659,1693227958890,10,4,6
55496,1693227958890,1692255694664,1692255694668,1693227958899,9,4,5
55497,1693227958899,1692255694675,1692255694679,1693227958910,11,4,7
55498,1693227958910,1692255694684,1692255694688,1693227958919,9,4,5
55499,1693227958919,1692255694694,1692255694697,1693227958928,9,3,6
55500,1693227958928,1692255694703,1692255694708,1693227958939,11,5,6
55501,1693227958939,1692255694713,1692255694718,1693227958949,10,5,5
55502,1693227958949,1692255694723,1692255694727,1693227958959,10,4,6
55503,1693227958959,1692255694733,1692255694738,1693227958969,10,5,5
55504,1693227958970,1692255694744,1692255694749,1693227958981,11,5,6
55505,1693227958981,1692255694756,1692255694763,1693227958993,12,7,5
55506,1693227958993,1692255694768,1692255694771,1693227959002,9,3,6
55507,1693227959002,1692255694776,1692255694780,1693227959011,9,4,5
55508,1693227959011,1692255694785,1692255694789,1693227959020,9,4,5
55509,1693227959020,1692255694794,1692255694798,1693227959028,8,4,4
55510,1693227959028,1692255694803,1692255694806,1693227959037,9,3,6
55511,1693227959037,1692255694812,1692255694816,1693227959046,9,4,5
55512,1693227959046,1692255694821,1692255694828,1693227959058,12,7,5
55513,1693227959058,1692255694833,1692255694836,1693227959067,9,3,6
55514,1693227959067,1692255694842,1692255694847,1693227959078,11,5,6
55515,1693227959078,1692255694852,1692255694856,1693227959174,96,4,92
55516,1693227959174,1692255694949,1692255694953,1693227959185,11,4,7
55517,1693227959185,1692255694959,1692255694964,1693227959195,10,5,5
55518,1693227959195,1692255694969,1692255694973,1693227959204,9,4,5
55519,1693227959204,1692255694978,1692255694983,1693227959214,10,5,5
55520,1693227959214,1692255694988,1692255694993,1693227959224,10,5,5
55521,1693227959224,1692255694999,1692255695004,1693227959234,10,5,5
55522,1693227959234,1692255695009,1692255695013,1693227959244,10,4,6
55523,1693227959244,1692255695018,1692255695022,1693227959252,8,4,4
55524,1693227959252,1692255695027,1692255695030,1693227959261,9,3,6
55525,1693227959261,1692255695036,1692255695041,1693227959271,10,5,5
55526,1693227959271,1692255695045,1692255695050,1693227959280,9,5,4
55527,1693227959280,1692255695055,1692255695060,1693227959291,11,5,6
55528,1693227959291,1692255695066,1692255695071,1693227959302,11,5,6
55529,1693227959302,1692255695076,1692255695081,1693227959312,10,5,5
55530,1693227959312,1692255695087,1692255695092,1693227959322,10,5,5
55531,1693227959322,1692255695097,1692255695102,1693227959336,14,5,9
55532,1693227959336,1692255695112,1692255695117,1693227959348,12,5,7
55533,1693227959348,1692255695123,1692255695128,1693227959358,10,5,5
55534,1693227959358,1692255695133,1692255695137,1693227959368,10,4,6
55535,1693227959368,1692255695143,1692255695148,1693227959379,11,5,6
55536,1693227959379,1692255695153,1692255695158,1693227959390,11,5,6
55537,1693227959390,1692255695164,1692255695170,1693227959401,11,6,5
55538,1693227959401,1692255695176,1692255695182,1693227959413,12,6,6
55539,1693227959413,1692255695187,1692255695191,1693227959422,9,4,5
55540,1693227959422,1692255695196,1692255695200,1693227959431,9,4,5
55541,1693227959431,1692255695206,1692255695213,1693227959444,13,7,6
55542,1693227959445,1692255695220,1692255695224,1693227959475,30,4,26
55543,1693227959475,1692255695249,1692255695254,1693227959484,9,5,4
55544,1693227959484,1692255695258,1692255695263,1693227959494,10,5,5
55545,1693227959494,1692255695268,1692255695273,1693227959504,10,5,5
55546,1693227959504,1692255695278,1692255695282,1693227959513,9,4,5
55547,1693227959513,1692255695288,1692255695293,1693227959524,11,5,6
55548,1693227959524,1692255695298,1692255695303,1693227959534,10,5,5
55549,1693227959534,1692255695308,1692255695314,1693227959545,11,6,5
55550,1693227959545,1692255695320,1692255695324,1693227959557,12,4,8
55551,1693227959557,1692255695332,1692255695337,1693227959592,35,5,30
55552,1693227959592,1692255695369,1692255695373,1693227959604,12,4,8
55553,1693227959604,1692255695378,1692255695383,1693227959830,226,5,221
55554,1693227959830,1692255695606,1692255695610,1693227959841,11,4,7
55555,1693227959841,1692255695615,1692255695619,1693227959850,9,4,5
55556,1693227959850,1692255695624,1692255695628,1693227959859,9,4,5
55557,1693227959859,1692255695634,1692255695638,1693227959869,10,4,6
55558,1693227959869,1692255695645,1692255695651,1693227959882,13,6,7
55559,1693227959882,1692255695657,1692255695661,1693227959892,10,4,6
55560,1693227959892,1692255695666,1692255695670,1693227959925,33,4,29
55561,1693227959925,1692255695699,1692255695703,1693227959934,9,4,5
55562,1693227959934,1692255695709,1692255695713,1693227959943,9,4,5
55563,1693227959943,1692255695717,1692255695722,1693227959953,10,5,5
55564,1693227959953,1692255695727,1692255695731,1693227959962,9,4,5
55565,1693227959962,1692255695736,1692255695741,1693227959972,10,5,5
55566,1693227959972,1692255695750,1692255695754,1693227959986,14,4,10
55567,1693227959986,1692255695760,1692255695764,1693227959995,9,4,5
55568,1693227959995,1692255695769,1692255695773,1693227960004,9,4,5
55569,1693227960004,1692255695778,1692255695783,1693227960014,10,5,5
55570,1693227960014,1692255695797,1692255695802,1693227960034,20,5,15
55571,1693227960034,1692255695809,1692255695813,1693227960043,9,4,5
55572,1693227960043,1692255695819,1692255695823,1693227960054,11,4,7
55573,1693227960054,1692255695829,1692255695833,1693227960064,10,4,6
55574,1693227960064,1692255695838,1692255695842,1693227960073,9,4,5
55575,1693227960073,1692255695848,1692255695852,1693227960083,10,4,6
55576,1693227960083,1692255695858,1692255695862,1693227960093,10,4,6
55577,1693227960093,1692255695868,1692255695872,1693227960103,10,4,6
55578,1693227960103,1692255695879,1692255695887,1693227960118,15,8,7
55579,1693227960118,1692255695892,1692255695897,1693227960128,10,5,5
55580,1693227960128,1692255695902,1692255695906,1693227960220,92,4,88
55581,1693227960220,1692255695994,1692255695997,1693227960228,8,3,5
55582,1693227960228,1692255696002,1692255696006,1693227960237,9,4,5
55583,1693227960237,1692255696034,1692255696037,1693227960268,31,3,28
55584,1693227960268,1692255696042,1692255696046,1693227960277,9,4,5
55585,1693227960277,1692255696051,1692255696055,1693227960286,9,4,5
55586,1693227960286,1692255696060,1692255696064,1693227960295,9,4,5
55587,1693227960295,1692255696069,1692255696074,1693227960305,10,5,5
55588,1693227960305,1692255696079,1692255696084,1693227960315,10,5,5
55589,1693227960315,1692255696089,1692255696093,1693227960324,9,4,5
55590,1693227960324,1692255696098,1692255696103,1693227960336,12,5,7
55591,1693227960336,1692255696113,1692255696117,1693227960348,12,4,8
55592,1693227960348,1692255696122,1692255696128,1693227960370,22,6,16
55593,1693227960370,1692255696146,1692255696150,1693227960381,11,4,7
55594,1693227960381,1692255696155,1692255696160,1693227960391,10,5,5
55595,1693227960391,1692255696165,1692255696170,1693227960401,10,5,5
55596,1693227960401,1692255696176,1692255696180,1693227960411,10,4,6
55597,1693227960411,1692255696187,1692255696192,1693227960423,12,5,7
55598,1693227960423,1692255696197,1692255696202,1693227960433,10,5,5
55599,1693227960433,1692255696210,1692255696213,1693227960444,11,3,8
55600,1693227960444,1692255696218,1692255696223,1693227960454,10,5,5
55601,1693227960454,1692255696228,1692255696233,1693227960464,10,5,5
55602,1693227960464,1692255696240,1692255696245,1693227960475,11,5,6
55603,1693227960475,1692255696250,1692255696255,1693227960485,10,5,5
55604,1693227960485,1692255696261,1692255696265,1693227960496,11,4,7
55605,1693227960496,1692255696273,1692255696277,1693227960510,14,4,10
55606,1693227960510,1692255696284,1692255696288,1693227960519,9,4,5
55607,1693227960519,1692255696293,1692255696297,1693227960528,9,4,5
55608,1693227960528,1692255696302,1692255696306,1693227960537,9,4,5
55609,1693227960537,1692255696311,1692255696315,1693227960545,8,4,4
55610,1693227960545,1692255696319,1692255696324,1693227960555,10,5,5
55611,1693227960555,1692255696329,1692255696334,1693227960564,9,5,4
55612,1693227960564,1692255696339,1692255696344,1693227960574,10,5,5
55613,1693227960574,1692255696348,1692255696353,1693227960583,9,5,4
55614,1693227960583,1692255696358,1692255696362,1693227960593,10,4,6
55615,1693227960593,1692255696368,1692255696373,1693227960604,11,5,6
55616,1693227960604,1692255696378,1692255696382,1693227960612,8,4,4
55617,1693227960612,1692255696386,1692255696390,1693227960621,9,4,5
55618,1693227960621,1692255696395,1692255696400,1693227960631,10,5,5
55619,1693227960631,1692255696405,1692255696411,1693227960642,11,6,5
55620,1693227960642,1692255696417,1692255696422,1693227960653,11,5,6
55621,1693227960653,1692255696428,1692255696433,1693227960878,225,5,220
55622,1693227960878,1692255696654,1692255696660,1693227960891,13,6,7
55623,1693227960891,1692255696666,1692255696670,1693227960902,11,4,7
55624,1693227960902,1692255696676,1692255696680,1693227960911,9,4,5
55625,1693227960911,1692255696685,1692255696689,1693227960920,9,4,5
55626,1693227960920,1692255696694,1692255696699,1693227960929,9,5,4
55627,1693227960929,1692255696704,1692255696708,1693227960939,10,4,6
55628,1693227960939,1692255696713,1692255696717,1693227960948,9,4,5
55629,1693227960948,1692255696722,1692255696726,1693227960956,8,4,4
55630,1693227960956,1692255696731,1692255696736,1693227960967,11,5,6
55631,1693227960967,1692255696741,1692255696745,1693227960976,9,4,5
55632,1693227960976,1692255696750,1692255696754,1693227960985,9,4,5
55633,1693227960985,1692255696759,1692255696763,1693227960994,9,4,5
55634,1693227960994,1692255696768,1692255696773,1693227961003,9,5,4
55635,1693227961003,1692255696778,1692255696782,1693227961012,9,4,5
55636,1693227961012,1692255696786,1692255696791,1693227961022,10,5,5
55637,1693227961022,1692255696818,1692255696823,1693227961054,32,5,27
55638,1693227961055,1692255696830,1692255696836,1693227961068,13,6,7
55639,1693227961068,1692255696843,1692255696848,1693227961079,11,5,6
55640,1693227961079,1692255696854,1692255696859,1693227961090,11,5,6
55641,1693227961090,1692255696864,1692255696869,1693227961100,10,5,5
55642,1693227961100,1692255696875,1692255696880,1693227961112,12,5,7
55643,1693227961112,1692255696887,1692255696891,1693227961122,10,4,6
55644,1693227961122,1692255696900,1692255696905,1693227961156,34,5,29
55645,1693227961156,1692255696931,1692255696935,1693227961167,11,4,7
55646,1693227961167,1692255696941,1692255696945,1693227961177,10,4,6
55647,1693227961177,1692255696951,1692255696955,1693227961272,95,4,91
55648,1693227961272,1692255697047,1692255697051,1693227961282,10,4,6
55649,1693227961282,1692255697057,1692255697061,1693227961293,11,4,7
55650,1693227961293,1692255697067,1692255697071,1693227961302,9,4,5
55651,1693227961302,1692255697079,1692255697086,1693227961317,15,7,8
55652,1693227961317,1692255697091,1692255697096,1693227961327,10,5,5
55653,1693227961327,1692255697101,1692255697105,1693227961337,10,4,6
55654,1693227961337,1692255697115,1692255697120,1693227961351,14,5,9
55655,1693227961351,1692255697126,1692255697129,1693227961360,9,3,6
55656,1693227961360,1692255697135,1692255697138,1693227961369,9,3,6
55657,1693227961369,1692255697143,1692255697147,1693227961378,9,4,5
55658,1693227961378,1692255697154,1692255697159,1693227961390,12,5,7
55659,1693227961390,1692255697167,1692255697172,1693227961403,13,5,8
55660,1693227961403,1692255697178,1692255697182,1693227961413,10,4,6
55661,1693227961413,1692255697187,1692255697191,1693227961422,9,4,5
55662,1693227961422,1692255697197,1692255697200,1693227961432,10,3,7
55663,1693227961432,1692255697206,1692255697211,1693227961442,10,5,5
55664,1693227961442,1692255697216,1692255697220,1693227961451,9,4,5
55665,1693227961451,1692255697225,1692255697229,1693227961461,10,4,6
55666,1693227961461,1692255697237,1692255697240,1693227961494,33,3,30
55667,1693227961494,1692255697269,1692255697274,1693227961505,11,5,6
55668,1693227961505,1692255697280,1692255697285,1693227961516,11,5,6
55669,1693227961516,1692255697292,1692255697297,1693227961528,12,5,7
55670,1693227961528,1692255697303,1692255697307,1693227961541,13,4,9
55671,1693227961541,1692255697316,1692255697320,1693227961551,10,4,6
55672,1693227961551,1692255697325,1692255697329,1693227961560,9,4,5
55673,1693227961560,1692255697334,1692255697338,1693227961570,10,4,6
55674,1693227961570,1692255697344,1692255697348,1693227961579,9,4,5
55675,1693227961579,1692255697356,1692255697360,1693227961592,13,4,9
55676,1693227961592,1692255697366,1692255697370,1693227961601,9,4,5
55677,1693227961601,1692255697376,1692255697380,1693227961611,10,4,6
55678,1693227961611,1692255697385,1692255697389,1693227961619,8,4,4
55679,1693227961619,1692255697393,1692255697398,1693227961629,10,5,5
55680,1693227961629,1692255697404,1692255697408,1693227961639,10,4,6
55681,1693227961639,1692255697416,1692255697420,1693227961651,12,4,8
55682,1693227961651,1692255697425,1692255697430,1693227961661,10,5,5
55683,1693227961661,1692255697435,1692255697439,1693227961672,11,4,7
55684,1693227961672,1692255697446,1692255697450,1693227961681,9,4,5
55685,1693227961681,1692255697457,1692255697461,1693227961693,12,4,8
55686,1693227961693,1692255697467,1692255697472,1693227961703,10,5,5
55687,1693227961703,1692255697477,1692255697480,1693227961927,224,3,221
55688,1693227961927,1692255697723,1692255697728,1693227961959,32,5,27
55689,1693227961960,1692255697734,1692255697737,1693227961972,12,3,9
55690,1693227961972,1692255697745,1692255697749,1693227961980,8,4,4
55691,1693227961980,1692255697761,1692255697764,1693227961995,15,3,12
55692,1693227961995,1692255697769,1692255697773,1693227962004,9,4,5
55693,1693227962004,1692255697778,1692255697782,1693227962013,9,4,5
55694,1693227962013,1692255697787,1692255697791,1693227962022,9,4,5
55695,1693227962022,1692255697796,1692255697800,1693227962031,9,4,5
55696,1693227962031,1692255697804,1692255697808,1693227962039,8,4,4
55697,1693227962039,1692255697813,1692255697816,1693227962047,8,3,5
55698,1693227962047,1692255697821,1692255697825,1693227962056,9,4,5
55699,1693227962056,1692255697831,1692255697835,1693227962066,10,4,6
55700,1693227962066,1692255697840,1692255697845,1693227962076,10,5,5
55701,1693227962076,1692255697852,1692255697856,1693227962087,11,4,7
55702,1693227962087,1692255697861,1692255697865,1693227962096,9,4,5
55703,1693227962096,1692255697870,1692255697875,1693227962106,10,5,5
55704,1693227962106,1692255697880,1692255697884,1693227962115,9,4,5
55705,1693227962115,1692255697890,1692255697894,1693227962125,10,4,6
55706,1693227962125,1692255697900,1692255697904,1693227962138,13,4,9
55707,1693227962138,1692255697912,1692255697916,1693227962147,9,4,5
55708,1693227962147,1692255697921,1692255697924,1693227962156,9,3,6
55709,1693227962156,1692255697930,1692255697935,1693227962166,10,5,5
55710,1693227962166,1692255697940,1692255697945,1693227962176,10,5,5
55711,1693227962176,1692255697950,1692255697954,1693227962185,9,4,5
55712,1693227962185,1692255697960,1692255697963,1693227962196,11,3,8
55713,1693227962196,1692255697969,1692255697973,1693227962204,8,4,4
55714,1693227962204,1692255697978,1692255697982,1693227962213,9,4,5
55715,1693227962213,1692255697990,1692255697993,1693227962224,11,3,8
55716,1693227962224,1692255697998,1692255698002,1693227962320,96,4,92
55717,1693227962320,1692255698094,1692255698098,1693227962329,9,4,5
55718,1693227962329,1692255698103,1692255698108,1693227962366,37,5,32
55719,1693227962366,1692255698140,1692255698145,1693227962548,182,5,177
55720,1693227962548,1692255698322,1692255698325,1693227962557,9,3,6
55721,1693227962557,1692255698331,1692255698334,1693227962565,8,3,5
55722,1693227962565,1692255698339,1692255698344,1693227962575,10,5,5
55723,1693227962575,1692255698350,1692255698354,1693227962585,10,4,6
55724,1693227962585,1692255698362,1692255698366,1693227962597,12,4,8
55725,1693227962597,1692255698402,1692255698408,1693227962640,43,6,37
55726,1693227962640,1692255698415,1692255698420,1693227962651,11,5,6
55727,1693227962651,1692255698425,1692255698430,1693227962660,9,5,4
55728,1693227962660,1692255698434,1692255698439,1693227962671,11,5,6
55729,1693227962671,1692255698445,1692255698449,1693227962679,8,4,4
55730,1693227962679,1692255698457,1692255698461,1693227962692,13,4,9
55731,1693227962692,1692255698466,1692255698470,1693227962701,9,4,5
55732,1693227962701,1692255698475,1692255698479,1693227962710,9,4,5
55733,1693227962710,1692255698518,1692255698522,1693227962753,43,4,39
55734,1693227962753,1692255698750,1692255698754,1693227962985,232,4,228
55735,1693227962985,1692255698760,1692255698764,1693227962995,10,4,6
55736,1693227962995,1692255698769,1692255698773,1693227963004,9,4,5
55737,1693227963004,1692255698778,1692255698782,1693227963013,9,4,5
55738,1693227963013,1692255698787,1692255698791,1693227963022,9,4,5
55739,1693227963022,1692255698796,1692255698801,1693227963031,9,5,4
55740,1693227963031,1692255698807,1692255698811,1693227963042,11,4,7
55741,1693227963042,1692255698817,1692255698821,1693227963070,28,4,24
55742,1693227963070,1692255698848,1692255698852,1693227963083,13,4,9
55743,1693227963083,1692255698857,1692255698861,1693227963092,9,4,5
55744,1693227963092,1692255698865,1692255698869,1693227963100,8,4,4
55745,1693227963100,1692255698874,1692255698877,1693227963108,8,3,5
55746,1693227963108,1692255698886,1692255698889,1693227963120,12,3,9
55747,1693227963120,1692255698894,1692255698897,1693227963128,8,3,5
55748,1693227963128,1692255698902,1692255698906,1693227963137,9,4,5
55749,1693227963137,1692255698911,1692255698914,1693227963145,8,3,5
55750,1693227963145,1692255698918,1692255698922,1693227963153,8,4,4
55751,1693227963153,1692255698927,1692255698930,1693227963161,8,3,5
55752,1693227963161,1692255698935,1692255698938,1693227963169,8,3,5
55753,1693227963169,1692255698943,1692255698946,1693227963179,10,3,7
55754,1693227963179,1692255698952,1692255698956,1693227963186,7,4,3
55755,1693227963186,1692255698960,1692255698963,1693227963194,8,3,5
55756,1693227963194,1692255698968,1692255698971,1693227963201,7,3,4
55757,1693227963201,1692255698976,1692255698980,1693227963210,9,4,5
55758,1693227963210,1692255698984,1692255698988,1693227963219,9,4,5
55759,1693227963219,1692255698993,1692255698997,1693227963228,9,4,5
55760,1693227963228,1692255699003,1692255699007,1693227963238,10,4,6
55761,1693227963238,1692255699012,1692255699016,1693227963247,9,4,5
55762,1693227963247,1692255699021,1692255699028,1693227963264,17,7,10
55763,1693227963264,1692255699038,1692255699044,1693227963275,11,6,5
55764,1693227963275,1692255699050,1692255699054,1693227963366,91,4,87
55765,1693227963366,1692255699144,1692255699148,1693227963380,14,4,10
55766,1693227963380,1692255699156,1692255699160,1693227963406,26,4,22
55767,1693227963406,1692255699180,1692255699184,1693227963414,8,4,4
55768,1693227963414,1692255699188,1692255699193,1693227963423,9,5,4
55769,1693227963423,1692255699197,1692255699201,1693227963432,9,4,5
55770,1693227963432,1692255699206,1692255699210,1693227963440,8,4,4
55771,1693227963440,1692255699217,1692255699221,1693227963451,11,4,7
55772,1693227963451,1692255699225,1692255699229,1693227963460,9,4,5
55773,1693227963460,1692255699235,1692255699238,1693227963469,9,3,6
55774,1693227963469,1692255699243,1692255699247,1693227963477,8,4,4
55775,1693227963478,1692255699251,1692255699256,1693227963486,8,5,3
55776,1693227963486,1692255699260,1692255699263,1693227963495,9,3,6
55777,1693227963495,1692255699292,1692255699297,1693227963528,33,5,28
55778,1693227963528,1692255699303,1692255699308,1693227963539,11,5,6
55779,1693227963539,1692255699314,1692255699318,1693227963549,10,4,6
55780,1693227963549,1692255699323,1692255699326,1693227963558,9,3,6
55781,1693227963558,1692255699332,1692255699336,1693227963567,9,4,5
55782,1693227963567,1692255699341,1692255699345,1693227963576,9,4,5
55783,1693227963576,1692255699350,1692255699354,1693227963585,9,4,5
55784,1693227963585,1692255699361,1692255699364,1693227963595,10,3,7
55785,1693227963595,1692255699370,1692255699373,1693227963604,9,3,6
55786,1693227963604,1692255699381,1692255699384,1693227963615,11,3,8
55787,1693227963615,1692255699390,1692255699394,1693227963630,15,4,11
55788,1693227963630,1692255699404,1692255699408,1693227963639,9,4,5
55789,1693227963639,1692255699414,1692255699417,1693227963648,9,3,6
55790,1693227963648,1692255699422,1692255699426,1693227963657,9,4,5
55791,1693227963657,1692255699432,1692255699436,1693227963667,10,4,6
55792,1693227963667,1692255699441,1692255699445,1693227963676,9,4,5
55793,1693227963676,1692255699450,1692255699454,1693227963685,9,4,5
55794,1693227963685,1692255699459,1692255699462,1693227963693,8,3,5
55795,1693227963694,1692255699467,1692255699471,1693227963701,7,4,3
55796,1693227963701,1692255699476,1692255699480,1693227963711,10,4,6
55797,1693227963711,1692255699485,1692255699488,1693227963719,8,3,5
55798,1693227963719,1692255699493,1692255699496,1693227963751,32,3,29
55799,1693227963751,1692255699798,1692255699804,1693227964034,283,6,277
55800,1693227964034,1692255699808,1692255699812,1693227964043,9,4,5
55801,1693227964043,1692255699817,1692255699821,1693227964052,9,4,5
55802,1693227964052,1692255699826,1692255699830,1693227964061,9,4,5
55803,1693227964061,1692255699835,1692255699839,1693227964069,8,4,4
55804,1693227964069,1692255699843,1692255699847,1693227964079,10,4,6
55805,1693227964079,1692255699853,1692255699857,1693227964088,9,4,5
55806,1693227964088,1692255699862,1692255699866,1693227964096,8,4,4
55807,1693227964096,1692255699873,1692255699876,1693227964107,11,3,8
55808,1693227964107,1692255699882,1692255699886,1693227964116,9,4,5
55809,1693227964116,1692255699890,1692255699894,1693227964125,9,4,5
55810,1693227964125,1692255699899,1692255699903,1693227964134,9,4,5
55811,1693227964134,1692255699908,1692255699912,1693227964142,8,4,4
55812,1693227964142,1692255699916,1692255699921,1693227964151,9,5,4
55813,1693227964151,1692255699926,1692255699930,1693227964161,10,4,6
55814,1693227964161,1692255699935,1692255699939,1693227964194,33,4,29
55815,1693227964194,1692255699968,1692255699972,1693227964203,9,4,5
55816,1693227964203,1692255699977,1692255699981,1693227964212,9,4,5
55817,1693227964212,1692255699987,1692255699991,1693227964222,10,4,6
55818,1693227964222,1692255699997,1692255700001,1693227964232,10,4,6
55819,1693227964232,1692255700011,1692255700015,1693227964246,14,4,10
55820,1693227964246,1692255700020,1692255700024,1693227964255,9,4,5
55821,1693227964255,1692255700029,1692255700034,1693227964264,9,5,4
55822,1693227964264,1692255700039,1692255700043,1693227964274,10,4,6
55823,1693227964274,1692255700048,1692255700053,1693227964305,31,5,26
55824,1693227964305,1692255700080,1692255700084,1693227964314,9,4,5
55825,1693227964314,1692255700088,1692255700093,1693227964323,9,5,4
55826,1693227964323,1692255700101,1692255700105,1693227964419,96,4,92
55827,1693227964419,1692255700194,1692255700198,1693227964429,10,4,6
55828,1693227964429,1692255700204,1692255700207,1693227964438,9,3,6
55829,1693227964438,1692255700212,1692255700217,1693227964447,9,5,4
55830,1693227964447,1692255700222,1692255700226,1693227964457,10,4,6
55831,1693227964457,1692255700232,1692255700236,1693227964467,10,4,6
55832,1693227964467,1692255700242,1692255700246,1693227964477,10,4,6
55833,1693227964477,1692255700251,1692255700255,1693227964486,9,4,5
55834,1693227964486,1692255700260,1692255700265,1693227964496,10,5,5
55835,1693227964496,1692255700277,1692255700281,1693227964512,16,4,12
55836,1693227964512,1692255700287,1692255700293,1693227964524,12,6,6
55837,1693227964524,1692255700298,1692255700301,1693227964532,8,3,5
55838,1693227964532,1692255700306,1692255700311,1693227964542,10,5,5
55839,1693227964542,1692255700316,1692255700320,1693227964551,9,4,5
55840,1693227964551,1692255700327,1692255700331,1693227964562,11,4,7
55841,1693227964562,1692255700336,1692255700341,1693227964571,9,5,4
55842,1693227964571,1692255700346,1692255700350,1693227964581,10,4,6
55843,1693227964581,1692255700355,1692255700359,1693227964590,9,4,5
55844,1693227964590,1692255700364,1692255700367,1693227964598,8,3,5
55845,1693227964598,1692255700371,1692255700375,1693227964606,8,4,4
55846,1693227964606,1692255700380,1692255700384,1693227964614,8,4,4
55847,1693227964615,1692255700388,1692255700392,1693227964642,27,4,23
55848,1693227964642,1692255700416,1692255700420,1693227964651,9,4,5
55849,1693227964651,1692255700425,1692255700428,1693227964659,8,3,5
55850,1693227964659,1692255700432,1692255700436,1693227964666,7,4,3
55851,1693227964666,1692255700440,1692255700444,1693227964674,8,4,4
55852,1693227964674,1692255700448,1692255700452,1693227964683,9,4,5
55853,1693227964683,1692255700457,1692255700461,1693227964691,8,4,4
55854,1693227964691,1692255700465,1692255700468,1693227964699,8,3,5
55855,1693227964699,1692255700473,1692255700477,1693227964708,9,4,5
55856,1693227964708,1692255700482,1692255700487,1693227964717,9,5,4
55857,1693227964717,1692255700492,1692255700496,1693227964726,9,4,5
55858,1693227964726,1692255700501,1692255700505,1693227964735,9,4,5
55859,1693227964735,1692255700511,1692255700515,1693227964746,11,4,7
55860,1693227964746,1692255700521,1692255700524,1693227964755,9,3,6
55861,1693227964755,1692255700529,1692255700534,1693227964764,9,5,4
55862,1693227964764,1692255700544,1692255700549,1693227964780,16,5,11
55863,1693227964780,1692255700554,1692255700559,1693227964790,10,5,5
55864,1693227964790,1692255700564,1692255700568,1693227964799,9,4,5
55865,1693227964799,1692255700573,1692255700577,1693227964807,8,4,4
55866,1693227964807,1692255700581,1692255700584,1693227964817,10,3,7
55867,1693227964817,1692255700592,1692255700596,1693227964827,10,4,6
55868,1693227964827,1692255700601,1692255700604,1693227964835,8,3,5
55869,1693227964835,1692255700609,1692255700612,1693227964843,8,3,5
55870,1693227964843,1692255700619,1692255700622,1693227964853,10,3,7
55871,1693227964853,1692255700848,1692255700853,1693227965095,242,5,237
55872,1693227965095,1692255700873,1692255700878,1693227965108,13,5,8
55873,1693227965108,1692255700883,1692255700889,1693227965161,53,6,47
55874,1693227965161,1692255700972,1692255700976,1693227965218,57,4,53
55875,1693227965218,1692255700993,1692255700997,1693227965238,20,4,16
55876,1693227965238,1692255701012,1692255701016,1693227965256,18,4,14
55877,1693227965256,1692255701031,1692255701034,1693227965278,22,3,19
55878,1693227965278,1692255701058,1692255701062,1693227965295,17,4,13
55879,1693227965295,1692255701076,1692255701081,1693227965315,20,5,15
55880,1693227965315,1692255701089,1692255701093,1693227965323,8,4,4
55881,1693227965323,1692255701101,1692255701105,1693227965336,13,4,9
55882,1693227965336,1692255701110,1692255701115,1693227965346,10,5,5
55883,1693227965346,1692255701120,1692255701124,1693227965356,10,4,6
55884,1693227965356,1692255701139,1692255701143,1693227965374,18,4,14
55885,1693227965374,1692255701149,1692255701153,1693227965466,92,4,88
55886,1693227965466,1692255701241,1692255701245,1693227965476,10,4,6
55887,1693227965476,1692255701250,1692255701254,1693227965485,9,4,5
55888,1693227965485,1692255701260,1692255701264,1693227965494,9,4,5
55889,1693227965494,1692255701269,1692255701272,1693227965503,9,3,6
55890,1693227965503,1692255701279,1692255701283,1693227965514,11,4,7
55891,1693227965514,1692255701288,1692255701292,1693227965524,10,4,6
55892,1693227965524,1692255701300,1692255701304,1693227965535,11,4,7
55893,1693227965535,1692255701310,1692255701313,1693227965544,9,3,6
55894,1693227965544,1692255701318,1692255701322,1693227965552,8,4,4
55895,1693227965552,1692255701327,1692255701330,1693227965563,11,3,8
55896,1693227965563,1692255701336,1692255701340,1693227965570,7,4,3
55897,1693227965570,1692255701344,1692255701348,1693227965579,9,4,5
55898,1693227965579,1692255701353,1692255701357,1693227965588,9,4,5
55899,1693227965588,1692255701363,1692255701371,1693227965601,13,8,5
55900,1693227965601,1692255701377,1692255701382,1693227965612,11,5,6
55901,1693227965612,1692255701387,1692255701391,1693227965622,10,4,6
55902,1693227965622,1692255701396,1692255701400,1693227965630,8,4,4
55903,1693227965630,1692255701404,1692255701409,1693227965640,10,5,5
55904,1693227965640,1692255701414,1692255701418,1693227965648,8,4,4
55905,1693227965648,1692255701423,1692255701427,1693227965658,10,4,6
55906,1693227965658,1692255701432,1692255701436,1693227965667,9,4,5
55907,1693227965667,1692255701441,1692255701446,1693227965689,22,5,17
55908,1693227965689,1692255701463,1692255701467,1693227965698,9,4,5
55909,1693227965698,1692255701473,1692255701479,1693227965710,12,6,6
55910,1693227965710,1692255701484,1692255701488,1693227965720,10,4,6
55911,1693227965720,1692255701497,1692255701501,1693227965731,11,4,7
55912,1693227965731,1692255701505,1692255701509,1693227965740,9,4,5
55913,1693227965740,1692255701519,1692255701524,1693227965768,28,5,23
55914,1693227965768,1692255701543,1692255701547,1693227965778,10,4,6
55915,1693227965778,1692255701552,1692255701556,1693227965787,9,4,5
55916,1693227965787,1692255701561,1692255701565,1693227965796,9,4,5
55917,1693227965796,1692255701570,1692255701573,1693227965804,8,3,5
55918,1693227965804,1692255701578,1692255701583,1693227965813,9,5,4
55919,1693227965813,1692255701588,1692255701594,1693227965824,11,6,5
55920,1693227965824,1692255701599,1692255701604,1693227965834,10,5,5
55921,1693227965835,1692255701609,1692255701612,1693227965843,8,3,5
55922,1693227965843,1692255701618,1692255701622,1693227965852,9,4,5
55923,1693227965852,1692255701626,1692255701630,1693227965881,29,4,25
55924,1693227965881,1692255701656,1692255701659,1693227965890,9,3,6
55925,1693227965890,1692255701664,1692255701668,1693227965899,9,4,5
55926,1693227965899,1692255701894,1692255701898,1693227966129,230,4,226
55927,1693227966129,1692255701904,1692255701909,1693227966139,10,5,5
55928,1693227966139,1692255701914,1692255701918,1693227966149,10,4,6
55929,1693227966149,1692255701923,1692255701927,1693227966158,9,4,5
55930,1693227966158,1692255701932,1692255701936,1693227966167,9,4,5
55931,1693227966167,1692255701941,1692255701945,1693227966176,9,4,5
55932,1693227966176,1692255701952,1692255701955,1693227966186,10,3,7
55933,1693227966186,1692255701960,1692255701963,1693227966194,8,3,5
55934,1693227966194,1692255701992,1692255701995,1693227966226,32,3,29
55935,1693227966226,1692255702000,1692255702004,1693227966235,9,4,5
55936,1693227966235,1692255702009,1692255702013,1693227966244,9,4,5
55937,1693227966244,1692255702018,1692255702022,1693227966253,9,4,5
55938,1693227966253,1692255702028,1692255702032,1693227966263,10,4,6
55939,1693227966263,1692255702038,1692255702041,1693227966272,9,3,6
55940,1693227966272,1692255702047,1692255702050,1693227966281,9,3,6
55941,1693227966281,1692255702055,1692255702058,1693227966289,8,3,5
55942,1693227966289,1692255702064,1692255702067,1693227966298,9,3,6
55943,1693227966298,1692255702072,1692255702075,1693227966306,8,3,5
55944,1693227966306,1692255702080,1692255702083,1693227966314,8,3,5
55945,1693227966314,1692255702088,1692255702092,1693227966323,9,4,5
55946,1693227966323,1692255702098,1692255702103,1693227966334,11,5,6
55947,1693227966334,1692255702108,1692255702112,1693227966343,9,4,5
55948,1693227966343,1692255702117,1692255702121,1693227966353,10,4,6
55949,1693227966353,1692255702128,1692255702132,1693227966364,11,4,7
55950,1693227966364,1692255702138,1692255702141,1693227966373,9,3,6
55951,1693227966373,1692255702147,1692255702154,1693227966386,13,7,6
55952,1693227966386,1692255702160,1692255702165,1693227966396,10,5,5
55953,1693227966396,1692255702170,1692255702173,1693227966404,8,3,5
55954,1693227966405,1692255702179,1692255702183,1693227966414,9,4,5
55955,1693227966414,1692255702191,1692255702195,1693227966426,12,4,8
55956,1693227966426,1692255702285,1692255702289,1693227966520,94,4,90
55957,1693227966520,1692255702294,1692255702298,1693227966529,9,4,5
55958,1693227966529,1692255702304,1692255702309,1693227966553,24,5,19
55959,1693227966553,1692255702327,1692255702335,1693227966566,13,8,5
55960,1693227966566,1692255702340,1692255702344,1693227966575,9,4,5
55961,1693227966575,1692255702350,1692255702354,1693227966585,10,4,6
55962,1693227966585,1692255702359,1692255702363,1693227966594,9,4,5
55963,1693227966594,1692255702369,1692255702373,1693227966604,10,4,6
55964,1693227966604,1692255702378,1692255702382,1693227966613,9,4,5
55965,1693227966613,1692255702388,1692255702392,1693227966623,10,4,6
55966,1693227966623,1692255702398,1692255702402,1693227966633,10,4,6
55967,1693227966633,1692255702408,1692255702413,1693227966647,14,5,9
55968,1693227966647,1692255702439,1692255702443,1693227966674,27,4,23
55969,1693227966674,1692255702448,1692255702452,1693227966683,9,4,5
55970,1693227966683,1692255702458,1692255702462,1693227966693,10,4,6
55971,1693227966693,1692255702468,1692255702473,1693227966705,12,5,7
55972,1693227966705,1692255702479,1692255702484,1693227966715,10,5,5
55973,1693227966715,1692255702489,1692255702494,1693227966725,10,5,5
55974,1693227966725,1692255702499,1692255702504,1693227966735,10,5,5
55975,1693227966735,1692255702511,1692255702516,1693227966747,12,5,7
55976,1693227966747,1692255702521,1692255702526,1693227966757,10,5,5
55977,1693227966757,1692255702531,1692255702535,1693227966766,9,4,5
55978,1693227966766,1692255702540,1692255702544,1693227966775,9,4,5
55979,1693227966775,1692255702550,1692255702554,1693227966785,10,4,6
55980,1693227966785,1692255702560,1692255702564,1693227966796,11,4,7
55981,1693227966796,1692255702570,1692255702576,1693227966807,11,6,5
55982,1693227966807,1692255702581,1692255702587,1693227966818,11,6,5
55983,1693227966818,1692255702592,1692255702596,1693227966827,9,4,5
55984,1693227966827,1692255702602,1692255702606,1693227966836,9,4,5
55985,1693227966836,1692255702610,1692255702614,1693227966845,9,4,5
55986,1693227966845,1692255702619,1692255702624,1693227966855,10,5,5
55987,1693227966855,1692255702630,1692255702633,1693227966865,10,3,7
55988,1693227966865,1692255702639,1692255702643,1693227966874,9,4,5
55989,1693227966874,1692255702649,1692255702654,1693227966884,10,5,5
55990,1693227966884,1692255702659,1692255702663,1693227966894,10,4,6
55991,1693227966894,1692255702668,1692255702672,1693227966903,9,4,5
55992,1693227966903,1692255702678,1692255702682,1693227966913,10,4,6
55993,1693227966913,1692255702687,1692255702691,1693227966922,9,4,5
55994,1693227966922,1692255702696,1692255702700,1693227966931,9,4,5
55995,1693227966931,1692255702705,1692255702709,1693227966940,9,4,5
55996,1693227966940,1692255702715,1692255702719,1693227967172,232,4,228
55997,1693227967173,1692255702948,1692255702951,1693227967182,9,3,6
55998,1693227967182,1692255702956,1692255702960,1693227967191,9,4,5
55999,1693227967191,1692255702965,1692255702971,1693227967202,11,6,5
56000,1693227967202,1692255702976,1692255702980,1693227967210,8,4,4
56001,1693227967210,1692255702984,1692255702987,1693227967218,8,3,5
56002,1693227967218,1692255702993,1692255702996,1693227967228,10,3,7
56003,1693227967228,1692255703002,1692255703006,1693227967237,9,4,5
56004,1693227967237,1692255703011,1692255703017,1693227967248,11,6,5
56005,1693227967248,1692255703022,1692255703026,1693227967257,9,4,5
56006,1693227967257,1692255703031,1692255703034,1693227967265,8,3,5
56007,1693227967265,1692255703039,1692255703043,1693227967275,10,4,6
56008,1693227967275,1692255703049,1692255703053,1693227967284,9,4,5
56009,1693227967284,1692255703058,1692255703063,1693227967293,9,5,4
56010,1693227967293,1692255703067,1692255703070,1693227967301,8,3,5
56011,1693227967301,1692255703076,1692255703080,1693227967311,10,4,6
56012,1693227967312,1692255703086,1692255703090,1693227967338,26,4,22
56013,1693227967338,1692255703113,1692255703118,1693227967349,11,5,6
56014,1693227967349,1692255703123,1692255703127,1693227967359,10,4,6
56015,1693227967359,1692255703134,1692255703138,1693227967369,10,4,6
56016,1693227967369,1692255703144,1692255703150,1693227967381,12,6,6
56017,1693227967381,1692255703155,1692255703159,1693227967390,9,4,5
56018,1693227967390,1692255703166,1692255703171,1693227967402,12,5,7
56019,1693227967402,1692255703176,1692255703180,1693227967411,9,4,5
56020,1693227967411,1692255703186,1692255703190,1693227967421,10,4,6
56021,1693227967421,1692255703195,1692255703199,1693227967450,29,4,25
56022,1693227967450,1692255703224,1692255703227,1693227967458,8,3,5
56023,1693227967458,1692255703232,1692255703236,1693227967467,9,4,5
56024,1693227967467,1692255703241,1692255703246,1693227967563,96,5,91
56025,1693227967563,1692255703338,1692255703342,1693227967574,11,4,7
56026,1693227967574,1692255703349,1692255703353,1693227967583,9,4,5
56027,1693227967583,1692255703358,1692255703362,1693227967594,11,4,7
56028,1693227967594,1692255703368,1692255703373,1693227967603,9,5,4
56029,1693227967603,1692255703386,1692255703390,1693227967622,19,4,15
56030,1693227967622,1692255703397,1692255703401,1693227967632,10,4,6
56031,1693227967632,1692255703407,1692255703411,1693227967642,10,4,6
56032,1693227967642,1692255703416,1692255703420,1693227967651,9,4,5
56033,1693227967651,1692255703426,1692255703430,1693227967662,11,4,7
56034,1693227967662,1692255703437,1692255703442,1693227967673,11,5,6
56035,1693227967673,1692255703447,1692255703451,1693227967684,11,4,7
56036,1693227967684,1692255703458,1692255703462,1693227967694,10,4,6
56037,1693227967694,1692255703473,1692255703478,1693227967709,15,5,10
56038,1693227967709,1692255703494,1692255703499,1693227967730,21,5,16
56039,1693227967730,1692255703505,1692255703510,1693227967741,11,5,6
56040,1693227967741,1692255703516,1692255703521,1693227967754,13,5,8
56041,1693227967754,1692255703528,1692255703533,1693227967787,33,5,28
56042,1693227967787,1692255703561,1692255703565,1693227967796,9,4,5
56043,1693227967796,1692255703576,1692255703580,1693227967811,15,4,11
56044,1693227967811,1692255703590,1692255703594,1693227967825,14,4,10
56045,1693227967825,1692255703600,1692255703603,1693227967834,9,3,6
56046,1693227967834,1692255703609,1692255703613,1693227967844,10,4,6
56047,1693227967844,1692255703620,1692255703623,1693227967855,11,3,8
56048,1693227967855,1692255703629,1692255703633,1693227967864,9,4,5
56049,1693227967864,1692255703639,1692255703643,1693227967875,11,4,7
56050,1693227967875,1692255703649,1692255703653,1693227967884,9,4,5
56051,1693227967884,1692255703662,1692255703666,1693227967897,13,4,9
56052,1693227967897,1692255703673,1692255703677,1693227967908,11,4,7
56053,1693227967908,1692255703683,1692255703691,1693227967922,14,8,6
56054,1693227967922,1692255703696,1692255703700,1693227967931,9,4,5
56055,1693227967931,1692255703706,1692255703710,1693227967941,10,4,6
56056,1693227967941,1692255703715,1692255703720,1693227967953,12,5,7
56057,1693227967953,1692255703728,1692255703732,1693227967963,10,4,6
56058,1693227967963,1692255703737,1692255703741,1693227967972,9,4,5
56059,1693227967972,1692255703748,1692255703752,1693227967984,12,4,8
56060,1693227967984,1692255703759,1692255703763,1693227967994,10,4,6
56061,1693227967994,1692255703768,1692255703771,1693227968218,224,3,221
56062,1693227968218,1692255704015,1692255704019,1693227968250,32,4,28
56063,1693227968250,1692255704024,1692255704028,1693227968259,9,4,5
56064,1693227968259,1692255704034,1692255704039,1693227968269,10,5,5
56065,1693227968269,1692255704044,1692255704049,1693227968280,11,5,6
56066,1693227968280,1692255704056,1692255704061,1693227968292,12,5,7
56067,1693227968292,1692255704066,1692255704073,1693227968304,12,7,5
56068,1693227968304,1692255704079,1692255704083,1693227968314,10,4,6
56069,1693227968314,1692255704090,1692255704094,1693227968325,11,4,7
56070,1693227968325,1692255704102,1692255704106,1693227968337,12,4,8
56071,1693227968338,1692255704112,1692255704117,1693227968348,10,5,5
56072,1693227968348,1692255704123,1692255704127,1693227968358,10,4,6
56073,1693227968358,1692255704134,1692255704138,1693227968370,12,4,8
56074,1693227968370,1692255704145,1692255704149,1693227968384,14,4,10
56075,1693227968384,1692255704159,1692255704163,1693227968394,10,4,6
56076,1693227968394,1692255704169,1692255704173,1693227968403,9,4,5
56077,1693227968404,1692255704178,1692255704181,1693227968412,8,3,5
56078,1693227968412,1692255704186,1692255704190,1693227968423,11,4,7
56079,1693227968423,1692255704198,1692255704202,1693227968433,10,4,6
56080,1693227968433,1692255704207,1692255704212,1693227968443,10,5,5
56081,1693227968443,1692255704217,1692255704221,1693227968452,9,4,5
56082,1693227968452,1692255704227,1692255704231,1693227968461,9,4,5
56083,1693227968461,1692255704236,1692255704240,1693227968470,9,4,5
56084,1693227968470,1692255704246,1692255704250,1693227968482,12,4,8
56085,1693227968482,1692255704257,1692255704261,1693227968492,10,4,6
56086,1693227968492,1692255704267,1692255704272,1693227968505,13,5,8
56087,1693227968505,1692255704279,1692255704283,1693227968514,9,4,5
56088,1693227968514,1692255704289,1692255704299,1693227968610,96,10,86
56089,1693227968610,1692255704386,1692255704390,1693227968621,11,4,7
56090,1693227968621,1692255704395,1692255704399,1693227968631,10,4,6
56091,1693227968631,1692255704406,1692255704410,1693227968641,10,4,6
56092,1693227968641,1692255704415,1692255704419,1693227968650,9,4,5
56093,1693227968650,1692255704425,1692255704429,1693227968661,11,4,7
56094,1693227968661,1692255704435,1692255704439,1693227968693,32,4,28
56095,1693227968693,1692255704469,1692255704474,1693227968704,11,5,6
56096,1693227968704,1692255704481,1692255704485,1693227968717,13,4,9
56097,1693227968717,1692255704492,1692255704496,1693227968727,10,4,6
56098,1693227968727,1692255704502,1692255704506,1693227968737,10,4,6
56099,1693227968737,1692255704512,1692255704517,1693227968748,11,5,6
56100,1693227968748,1692255704523,1692255704528,1693227968759,11,5,6
56101,1693227968759,1692255704534,1692255704538,1693227968769,10,4,6
56102,1693227968769,1692255704544,1692255704548,1693227968779,10,4,6
56103,1693227968779,1692255704553,1692255704559,1693227968789,10,6,4
56104,1693227968789,1692255704566,1692255704570,1693227968802,13,4,9
56105,1693227968802,1692255704576,1692255704581,1693227968812,10,5,5
56106,1693227968812,1692255704587,1692255704591,1693227968822,10,4,6
56107,1693227968822,1692255704596,1692255704601,1693227968833,11,5,6
56108,1693227968833,1692255704608,1692255704613,1693227968844,11,5,6
56109,1693227968844,1692255704619,1692255704624,1693227968856,12,5,7
56110,1693227968856,1692255704631,1692255704636,1693227968869,13,5,8
56111,1693227968869,1692255704644,1692255704649,1693227968880,11,5,6
56112,1693227968880,1692255704655,1692255704660,1693227968891,11,5,6
56113,1693227968891,1692255704688,1692255704692,1693227968923,32,4,28
56114,1693227968923,1692255704698,1692255704702,1693227968933,10,4,6
56115,1693227968933,1692255704707,1692255704712,1693227968943,10,5,5
56116,1693227968943,1692255704717,1692255704721,1693227968952,9,4,5
56117,1693227968952,1692255704726,1692255704731,1693227968962,10,5,5
56118,1693227968962,1692255704736,1692255704740,1693227968971,9,4,5
56119,1693227968971,1692255704752,1692255704756,1693227968987,16,4,12
56120,1693227968987,1692255704762,1692255704766,1693227968997,10,4,6
56121,1693227968997,1692255704773,1692255704777,1693227969028,31,4,27
56122,1693227969028,1692255704803,1692255704806,1693227969037,9,3,6
56123,1693227969037,1692255704811,1692255704816,1693227969266,229,5,224
56124,1693227969266,1692255705041,1692255705046,1693227969278,12,5,7
56125,1693227969278,1692255705053,1692255705060,1693227969291,13,7,6
56126,1693227969291,1692255705067,1692255705072,1693227969303,12,5,7
56127,1693227969303,1692255705077,1692255705082,1693227969313,10,5,5
56128,1693227969313,1692255705087,1692255705092,1693227969324,11,5,6
56129,1693227969324,1692255705101,1692255705105,1693227969336,12,4,8
56130,1693227969336,1692255705111,1692255705115,1693227969363,27,4,23
56131,1693227969363,1692255705137,1692255705141,1693227969372,9,4,5
56132,1693227969372,1692255705147,1692255705151,1693227969382,10,4,6
56133,1693227969382,1692255705157,1692255705161,1693227969392,10,4,6
56134,1693227969392,1692255705167,1692255705171,1693227969401,9,4,5
56135,1693227969401,1692255705176,1692255705180,1693227969411,10,4,6
56136,1693227969411,1692255705185,1692255705190,1693227969421,10,5,5
56137,1693227969421,1692255705197,1692255705202,1693227969433,12,5,7
56138,1693227969433,1692255705207,1692255705211,1693227969441,8,4,4
56139,1693227969441,1692255705216,1692255705220,1693227969451,10,4,6
56140,1693227969451,1692255705227,1692255705231,1693227969462,11,4,7
56141,1693227969462,1692255705236,1692255705240,1693227969470,8,4,4
56142,1693227969470,1692255705246,1692255705250,1693227969481,11,4,7
56143,1693227969481,1692255705255,1692255705259,1693227969490,9,4,5
56144,1693227969490,1692255705265,1692255705268,1693227969499,9,3,6
56145,1693227969499,1692255705274,1692255705278,1693227969509,10,4,6
56146,1693227969509,1692255705283,1692255705287,1693227969517,8,4,4
56147,1693227969517,1692255705293,1692255705296,1693227969528,11,3,8
56148,1693227969528,1692255705303,1692255705307,1693227969537,9,4,5
56149,1693227969537,1692255705312,1692255705315,1693227969546,9,3,6
56150,1693227969546,1692255705320,1692255705324,1693227969555,9,4,5
56151,1693227969555,1692255705330,1692255705334,1693227969565,10,4,6
56152,1693227969565,1692255705340,1692255705344,1693227969658,93,4,89
56153,1693227969658,1692255705432,1692255705436,1693227969667,9,4,5
56154,1693227969667,1692255705443,1692255705447,1693227969678,11,4,7
56155,1693227969678,1692255705452,1692255705456,1693227969687,9,4,5
56156,1693227969687,1692255705461,1692255705465,1693227969696,9,4,5
56157,1693227969696,1692255705469,1692255705472,1693227969703,7,3,4
56158,1693227969703,1692255705477,1692255705481,1693227969712,9,4,5
56159,1693227969712,1692255705486,1692255705490,1693227969721,9,4,5
56160,1693227969721,1692255705497,1692255705502,1693227969733,12,5,7
56161,1693227969733,1692255705508,1692255705512,1693227969743,10,4,6
56162,1693227969743,1692255705517,1692255705523,1693227969754,11,6,5
56163,1693227969754,1692255705528,1692255705531,1693227969763,9,3,6
56164,1693227969763,1692255705538,1692255705541,1693227969772,9,3,6
56165,1693227969772,1692255705548,1692255705552,1693227969784,12,4,8
56166,1693227969784,1692255705558,1692255705562,1693227969793,9,4,5
56167,1693227969793,1692255705567,1692255705571,1693227969802,9,4,5
56168,1693227969802,1692255705577,1692255705581,1693227969812,10,4,6
56169,1693227969812,1692255705591,1692255705596,1693227969827,15,5,10
56170,1693227969827,1692255705601,1692255705606,1693227969837,10,5,5
56171,1693227969837,1692255705611,1692255705615,1693227969851,14,4,10
56172,1693227969851,1692255705646,1692255705649,1693227969894,43,3,40
56173,1693227969894,1692255705669,1692255705674,1693227969905,11,5,6
56174,1693227969905,1692255705679,1692255705683,1693227969914,9,4,5
56175,1693227969914,1692255705689,1692255705694,1693227969926,12,5,7
56176,1693227969926,1692255705700,1692255705705,1693227969937,11,5,6
56177,1693227969937,1692255705711,1692255705716,1693227969947,10,5,5
56178,1693227969947,1692255705722,1692255705728,1693227969959,12,6,6
56179,1693227969959,1692255705734,1692255705739,1693227969970,11,5,6
56180,1693227969970,1692255705744,1692255705747,1693227969980,10,3,7
56181,1693227969980,1692255705754,1692255705758,1693227969989,9,4,5
56182,1693227969989,1692255705764,1692255705767,1693227970000,11,3,8
56183,1693227970000,1692255705795,1692255705800,1693227970033,33,5,28
56184,1693227970033,1692255705808,1692255705812,1693227970043,10,4,6
56185,1693227970043,1692255705820,1692255705824,1693227970055,12,4,8
56186,1693227970055,1692255705830,1692255705834,1693227970065,10,4,6
56187,1693227970065,1692255705840,1692255705844,1693227970076,11,4,7
56188,1693227970076,1692255705850,1692255705853,1693227970084,8,3,5
56189,1693227970084,1692255705859,1692255705863,1693227970096,12,4,8
56190,1693227970096,1692255706091,1692255706096,1693227970327,231,5,226
56191,1693227970327,1692255706102,1692255706107,1693227970339,12,5,7
56192,1693227970339,1692255706114,1692255706119,1693227970350,11,5,6
56193,1693227970350,1692255706124,1692255706129,1693227970360,10,5,5
56194,1693227970360,1692255706135,1692255706139,1693227970370,10,4,6
56195,1693227970371,1692255706146,1692255706151,1693227970382,11,5,6
56196,1693227970382,1692255706156,1692255706161,1693227970397,15,5,10
56197,1693227970397,1692255706173,1692255706179,1693227970410,13,6,7
56198,1693227970410,1692255706185,1692255706190,1693227970420,10,5,5
56199,1693227970421,1692255706196,1692255706203,1693227970434,13,7,6
56200,1693227970434,1692255706209,1692255706213,1693227970444,10,4,6
56201,1693227970444,1692255706222,1692255706227,1693227970471,27,5,22
56202,1693227970471,1692255706247,1692255706252,1693227970483,12,5,7
56203,1693227970483,1692255706257,1692255706261,1693227970492,9,4,5
56204,1693227970492,1692255706266,1692255706270,1693227970501,9,4,5
56205,1693227970501,1692255706275,1692255706280,1693227970511,10,5,5
56206,1693227970511,1692255706285,1692255706289,1693227970520,9,4,5
56207,1693227970520,1692255706295,1692255706299,1693227970530,10,4,6
56208,1693227970530,1692255706305,1692255706310,1693227970541,11,5,6
56209,1693227970541,1692255706316,1692255706322,1693227970553,12,6,6
56210,1693227970553,1692255706328,1692255706333,1693227970564,11,5,6
56211,1693227970565,1692255706339,1692255706344,1693227970576,11,5,6
56212,1693227970576,1692255706350,1692255706355,1693227970586,10,5,5
56213,1693227970586,1692255706360,1692255706365,1693227970596,10,5,5
56214,1693227970596,1692255706372,1692255706377,1693227970608,12,5,7
56215,1693227970608,1692255706383,1692255706387,1693227970618,10,4,6
56216,1693227970618,1692255706483,1692255706487,1693227970718,100,4,96
56217,1693227970718,1692255706492,1692255706496,1693227970727,9,4,5
56218,1693227970727,1692255706502,1692255706506,1693227970737,10,4,6
56219,1693227970737,1692255706512,1692255706516,1693227970747,10,4,6
56220,1693227970747,1692255706522,1692255706526,1693227970757,10,4,6
56221,1693227970757,1692255706531,1692255706536,1693227970767,10,5,5
56222,1693227970767,1692255706543,1692255706547,1693227970778,11,4,7
56223,1693227970778,1692255706554,1692255706559,1693227970813,35,5,30
56224,1693227970813,1692255706587,1692255706592,1693227970823,10,5,5
56225,1693227970823,1692255706597,1692255706601,1693227970832,9,4,5
56226,1693227970832,1692255706608,1692255706612,1693227970843,11,4,7
56227,1693227970843,1692255706618,1692255706622,1693227970853,10,4,6
56228,1693227970853,1692255706627,1692255706631,1693227970862,9,4,5
56229,1693227970862,1692255706636,1692255706640,1693227970871,9,4,5
56230,1693227970871,1692255706646,1692255706650,1693227970881,10,4,6
56231,1693227970881,1692255706656,1692255706659,1693227970890,9,3,6
56232,1693227970890,1692255706665,1692255706670,1693227970921,31,5,26
56233,1693227970921,1692255706695,1692255706701,1693227970932,11,6,5
56234,1693227970932,1692255706707,1692255706712,1693227970944,12,5,7
56235,1693227970944,1692255706719,1692255706724,1693227970956,12,5,7
56236,1693227970956,1692255706731,1692255706739,1693227970971,15,8,7
56237,1693227970971,1692255706746,1692255706752,1693227970983,12,6,6
56238,1693227970984,1692255706763,1692255706768,1693227970999,15,5,10
56239,1693227970999,1692255706774,1692255706780,1693227971011,12,6,6
56240,1693227971011,1692255706786,1692255706790,1693227971022,11,4,7
56241,1693227971022,1692255706797,1692255706803,1693227971034,12,6,6
56242,1693227971034,1692255706809,1692255706815,1693227971046,12,6,6
56243,1693227971046,1692255706822,1692255706828,1693227971059,13,6,7
56244,1693227971059,1692255706836,1692255706841,1693227971072,13,5,8
56245,1693227971072,1692255706847,1692255706853,1693227971084,12,6,6
56246,1693227971084,1692255706860,1692255706864,1693227971095,11,4,7
56247,1693227971095,1692255706870,1692255706875,1693227971106,11,5,6
56248,1693227971106,1692255706881,1692255706886,1693227971117,11,5,6
56249,1693227971117,1692255706893,1692255706897,1693227971128,11,4,7
56250,1693227971129,1692255706903,1692255706907,1693227971138,9,4,5
56251,1693227971138,1692255706914,1692255706919,1693227971366,228,5,223
56252,1693227971366,1692255707144,1692255707149,1693227971381,15,5,10
56253,1693227971381,1692255707156,1692255707161,1693227971392,11,5,6
56254,1693227971392,1692255707167,1692255707172,1693227971403,11,5,6
56255,1693227971403,1692255707178,1692255707183,1693227971414,11,5,6
56256,1693227971414,1692255707191,1692255707196,1693227971427,13,5,8
56257,1693227971427,1692255707202,1692255707207,1693227971438,11,5,6
56258,1693227971438,1692255707213,1692255707218,1693227971449,11,5,6
56259,1693227971449,1692255707223,1692255707227,1693227971458,9,4,5
56260,1693227971458,1692255707233,1692255707237,1693227971468,10,4,6
56261,1693227971468,1692255707243,1692255707247,1693227971478,10,4,6
56262,1693227971478,1692255707253,1692255707256,1693227971489,11,3,8
56263,1693227971489,1692255707263,1692255707267,1693227971498,9,4,5
56264,1693227971498,1692255707273,1692255707278,1693227971509,11,5,6
56265,1693227971509,1692255707283,1692255707288,1693227971519,10,5,5
56266,1693227971519,1692255707293,1692255707297,1693227971528,9,4,5
56267,1693227971528,1692255707302,1692255707305,1693227971536,8,3,5
56268,1693227971536,1692255707310,1692255707314,1693227971545,9,4,5
56269,1693227971545,1692255707320,1692255707325,1693227971556,11,5,6
56270,1693227971556,1692255707332,1692255707337,1693227971568,12,5,7
56271,1693227971568,1692255707343,1692255707347,1693227971594,26,4,22
56272,1693227971594,1692255707368,1692255707372,1693227971603,9,4,5
56273,1693227971603,1692255707377,1692255707382,1693227971613,10,5,5
56274,1693227971613,1692255707388,1692255707391,1693227971622,9,3,6
56275,1693227971622,1692255707397,1692255707400,1693227971631,9,3,6
56276,1693227971631,1692255707406,1692255707410,1693227971641,10,4,6
56277,1693227971641,1692255707415,1692255707419,1693227971650,9,4,5
56278,1693227971650,1692255707425,1692255707429,1693227971660,10,4,6
56279,1693227971660,1692255707435,1692255707439,1693227971758,98,4,94
56280,1693227971758,1692255707531,1692255707535,1693227971766,8,4,4
56281,1693227971766,1692255707540,1692255707546,1693227971777,11,6,5
56282,1693227971777,1692255707552,1692255707556,1693227971789,12,4,8
56283,1693227971789,1692255707564,1692255707567,1693227971797,8,3,5
56284,1693227971797,1692255707571,1692255707575,1693227971806,9,4,5
56285,1693227971806,1692255707579,1692255707583,1693227971815,9,4,5
56286,1693227971815,1692255707589,1692255707592,1693227971823,8,3,5
56287,1693227971823,1692255707597,1692255707601,1693227971832,9,4,5
56288,1693227971832,1692255707607,1692255707611,1693227971842,10,4,6
56289,1693227971842,1692255707618,1692255707622,1693227971853,11,4,7
56290,1693227971853,1692255707627,1692255707631,1693227971862,9,4,5
56291,1693227971862,1692255707637,1692255707641,1693227971872,10,4,6
56292,1693227971872,1692255707647,1692255707651,1693227971882,10,4,6
56293,1693227971882,1692255707657,1692255707661,1693227971893,11,4,7
56294,1693227971893,1692255707667,1692255707671,1693227971903,10,4,6
56295,1693227971903,1692255707678,1692255707682,1693227971913,10,4,6
56296,1693227971913,1692255707688,1692255707692,1693227971923,10,4,6
56297,1693227971923,1692255707698,1692255707703,1693227971934,11,5,6
56298,1693227971934,1692255707709,1692255707713,1693227971944,10,4,6
56299,1693227971944,1692255707720,1692255707724,1693227971955,11,4,7
56300,1693227971955,1692255707730,1692255707734,1693227971965,10,4,6
56301,1693227971965,1692255707740,1692255707744,1693227971975,10,4,6
56302,1693227971975,1692255707750,1692255707755,1693227971986,11,5,6
56303,1693227971986,1692255707762,1692255707767,1693227971998,12,5,7
56304,1693227971998,1692255707774,1692255707779,1693227972012,14,5,9
56305,1693227972012,1692255707787,1692255707791,1693227972048,36,4,32
56306,1693227972048,1692255707823,1692255707827,1693227972058,10,4,6
56307,1693227972058,1692255707833,1692255707837,1693227972072,14,4,10
56308,1693227972072,1692255707847,1692255707851,1693227972082,10,4,6
56309,1693227972082,1692255707856,1692255707863,1693227972093,11,7,4
56310,1693227972093,1692255707869,1692255707873,1693227972104,11,4,7
56311,1693227972104,1692255707878,1692255707882,1693227972113,9,4,5
56312,1693227972113,1692255707887,1692255707891,1693227972122,9,4,5
56313,1693227972122,1692255707897,1692255707901,1693227972132,10,4,6
56314,1693227972132,1692255707906,1692255707910,1693227972140,8,4,4
56315,1693227972140,1692255707916,1692255707920,1693227972150,10,4,6
56316,1693227972150,1692255707925,1692255707929,1693227972159,9,4,5
56317,1693227972159,1692255707934,1692255707937,1693227972169,10,3,7
56318,1693227972169,1692255707944,1692255707948,1693227972179,10,4,6
56319,1693227972179,1692255707953,1692255707957,1693227972190,11,4,7
56320,1693227972190,1692255707965,1692255707970,1693227972413,223,5,218
56321,1693227972413,1692255708189,1692255708194,1693227972425,12,5,7
56322,1693227972425,1692255708200,1692255708205,1693227972438,13,5,8
56323,1693227972438,1692255708213,1692255708218,1693227972449,11,5,6
56324,1693227972449,1692255708224,1692255708228,1693227972460,11,4,7
56325,1693227972460,1692255708235,1692255708239,1693227972470,10,4,6
56326,1693227972470,1692255708271,1692255708276,1693227972506,36,5,31
56327,1693227972506,1692255708281,1692255708284,1693227972515,9,3,6
56328,1693227972515,1692255708290,1692255708293,1693227972525,10,3,7
56329,1693227972525,1692255708300,1692255708304,1693227972535,10,4,6
56330,1693227972535,1692255708309,1692255708313,1693227972553,18,4,14
56331,1693227972553,1692255708338,1692255708343,1693227972574,21,5,16
56332,1693227972574,1692255708349,1692255708353,1693227972584,10,4,6
56333,1693227972585,1692255708359,1692255708363,1693227972595,10,4,6
56334,1693227972595,1692255708372,1692255708376,1693227972607,12,4,8
56335,1693227972607,1692255708384,1692255708388,1693227972619,12,4,8
56336,1693227972619,1692255708395,1692255708399,1693227972630,11,4,7
56337,1693227972630,1692255708405,1692255708410,1693227972665,35,5,30
56338,1693227972665,1692255708445,1692255708450,1693227972681,16,5,11
56339,1693227972681,1692255708462,1692255708467,1693227972698,17,5,12
56340,1693227972698,1692255708475,1692255708481,1693227972712,14,6,8
56341,1693227972712,1692255708490,1692255708494,1693227972805,93,4,89
56342,1693227972805,1692255708579,1692255708584,1693227972830,25,5,20
56343,1693227972830,1692255708607,1692255708611,1693227972842,12,4,8
56344,1693227972842,1692255708616,1692255708620,1693227972851,9,4,5
56345,1693227972851,1692255708629,1692255708633,1693227972864,13,4,9
56346,1693227972865,1692255708640,1692255708646,1693227972877,12,6,6
56347,1693227972877,1692255708652,1692255708656,1693227972887,10,4,6
56348,1693227972887,1692255708661,1692255708666,1693227972897,10,5,5
56349,1693227972897,1692255708673,1692255708679,1693227972910,13,6,7
56350,1693227972910,1692255708685,1692255708689,1693227972920,10,4,6
56351,1693227972920,1692255708695,1692255708699,1693227972930,10,4,6
56352,1693227972930,1692255708704,1692255708708,1693227972939,9,4,5
56353,1693227972939,1692255708713,1692255708717,1693227972948,9,4,5
56354,1693227972948,1692255708723,1692255708728,1693227972959,11,5,6
56355,1693227972959,1692255708733,1692255708737,1693227972968,9,4,5
56356,1693227972968,1692255708742,1692255708746,1693227972977,9,4,5
56357,1693227972977,1692255708752,1692255708756,1693227972987,10,4,6
56358,1693227972987,1692255708761,1692255708765,1693227972996,9,4,5
56359,1693227972996,1692255708771,1692255708775,1693227973006,10,4,6
56360,1693227973006,1692255708782,1692255708788,1693227973018,12,6,6
56361,1693227973018,1692255708793,1692255708798,1693227973029,11,5,6
56362,1693227973029,1692255708804,1692255708809,1693227973040,11,5,6
56363,1693227973040,1692255708815,1692255708820,1693227973051,11,5,6
56364,1693227973051,1692255708826,1692255708832,1693227973063,12,6,6
56365,1693227973063,1692255708838,1692255708842,1693227973073,10,4,6
56366,1693227973073,1692255708849,1692255708854,1693227973085,12,5,7
56367,1693227973085,1692255708860,1692255708866,1693227973097,12,6,6
56368,1693227973097,1692255708871,1692255708876,1693227973107,10,5,5
56369,1693227973107,1692255708884,1692255708889,1693227973120,13,5,8
56370,1693227973120,1692255708895,1692255708900,1693227973131,11,5,6
56371,1693227973131,1692255708906,1692255708910,1693227973142,11,4,7
56372,1693227973142,1692255708917,1692255708922,1693227973167,25,5,20
56373,1693227973167,1692255708942,1692255708946,1693227973177,10,4,6
56374,1693227973177,1692255708952,1692255708957,1693227973187,10,5,5
56375,1693227973187,1692255708962,1692255708966,1693227973197,10,4,6
56376,1693227973197,1692255708971,1692255708976,1693227973207,10,5,5
56377,1693227973207,1692255708981,1692255708986,1693227973217,10,5,5
56378,1693227973217,1692255708991,1692255708995,1693227973226,9,4,5
56379,1693227973226,1692255709001,1692255709005,1693227973236,10,4,6
56380,1693227973236,1692255709011,1692255709015,1693227973462,226,4,222
56381,1693227973462,1692255709237,1692255709241,1693227973472,10,4,6
56382,1693227973472,1692255709247,1692255709250,1693227973481,9,3,6
56383,1693227973481,1692255709256,1692255709263,1693227973494,13,7,6
56384,1693227973494,1692255709269,1692255709274,1693227973505,11,5,6
56385,1693227973505,1692255709282,1692255709287,1693227973518,13,5,8
56386,1693227973518,1692255709294,1692255709299,1693227973530,12,5,7
56387,1693227973530,1692255709305,1692255709309,1693227973540,10,4,6
56388,1693227973540,1692255709314,1692255709319,1693227973550,10,5,5
56389,1693227973550,1692255709324,1692255709328,1693227973559,9,4,5
56390,1693227973559,1692255709333,1692255709337,1693227973568,9,4,5
56391,1693227973568,1692255709343,1692255709348,1693227973579,11,5,6
56392,1693227973579,1692255709354,1692255709357,1693227973588,9,3,6
56393,1693227973588,1692255709363,1692255709367,1693227973618,30,4,26
56394,1693227973618,1692255709392,1692255709396,1693227973627,9,4,5
56395,1693227973627,1692255709402,1692255709406,1693227973637,10,4,6
56396,1693227973637,1692255709412,1692255709417,1693227973648,11,5,6
56397,1693227973648,1692255709424,1692255709429,1693227973660,12,5,7
56398,1693227973660,1692255709435,1692255709441,1693227973672,12,6,6
56399,1693227973672,1692255709447,1692255709452,1693227973683,11,5,6
56400,1693227973683,1692255709463,1692255709468,1693227973699,16,5,11
56401,1693227973699,1692255709475,1692255709481,1693227973712,13,6,7
56402,1693227973712,1692255709487,1692255709491,1693227973723,11,4,7
56403,1693227973723,1692255709499,1692255709504,1693227973735,12,5,7
56404,1693227973735,1692255709511,1692255709516,1693227973747,12,5,7
56405,1693227973747,1692255709522,1692255709528,1693227973759,12,6,6
56406,1693227973760,1692255709535,1692255709539,1693227973854,94,4,90
56407,1693227973854,1692255709630,1692255709634,1693227973865,11,4,7
56408,1693227973865,1692255709640,1692255709645,1693227973877,12,5,7
56409,1693227973877,1692255709652,1692255709659,1693227973890,13,7,6
56410,1693227973890,1692255709666,1692255709671,1693227973902,12,5,7
56411,1693227973902,1692255709677,1692255709682,1693227973913,11,5,6
56412,1693227973913,1692255709688,1692255709693,1693227973924,11,5,6
56413,1693227973924,1692255709699,1692255709704,1693227973956,32,5,27
56414,1693227973956,1692255709731,1692255709737,1693227973968,12,6,6
56415,1693227973968,1692255709743,1692255709747,1693227973979,11,4,7
56416,1693227973979,1692255709754,1692255709759,1693227973991,12,5,7
56417,1693227973991,1692255709766,1692255709771,1693227974002,11,5,6
56418,1693227974002,1692255709777,1692255709782,1693227974014,12,5,7
56419,1693227974014,1692255709789,1692255709794,1693227974026,12,5,7
56420,1693227974026,1692255709801,1692255709809,1693227974040,14,8,6
56421,1693227974040,1692255709839,1692255709844,1693227974075,35,5,30
56422,1693227974075,1692255709850,1692255709856,1693227974088,13,6,7
56423,1693227974088,1692255709868,1692255709872,1693227974104,16,4,12
56424,1693227974104,1692255709879,1692255709884,1693227974115,11,5,6
56425,1693227974115,1692255709890,1692255709896,1693227974127,12,6,6
56426,1693227974127,1692255709913,1692255709918,1693227974149,22,5,17
56427,1693227974149,1692255709924,1692255709929,1693227974160,11,5,6
56428,1693227974160,1692255709935,1692255709939,1693227974170,10,4,6
56429,1693227974170,1692255709945,1692255709950,1693227974181,11,5,6
56430,1693227974181,1692255709957,1692255709962,1693227974194,13,5,8
56431,1693227974194,1692255709969,1692255709974,1693227974205,11,5,6
56432,1693227974205,1692255709980,1692255709984,1693227974219,14,4,10
56433,1693227974219,1692255709994,1692255709999,1693227974230,11,5,6
56434,1693227974230,1692255710005,1692255710010,1693227974241,11,5,6
56435,1693227974241,1692255710016,1692255710021,1693227974252,11,5,6
56436,1693227974252,1692255710027,1692255710031,1693227974262,10,4,6
56437,1693227974262,1692255710037,1692255710042,1693227974273,11,5,6
56438,1693227974273,1692255710047,1692255710051,1693227974282,9,4,5
56439,1693227974282,1692255710057,1692255710062,1693227974512,230,5,225
56440,1693227974512,1692255710287,1692255710291,1693227974523,11,4,7
56441,1693227974523,1692255710297,1692255710302,1693227974532,9,5,4
56442,1693227974532,1692255710306,1692255710311,1693227974541,9,5,4
56443,1693227974542,1692255710318,1692255710321,1693227974552,10,3,7
56444,1693227974552,1692255710327,1692255710330,1693227974561,9,3,6
56445,1693227974561,1692255710335,1692255710338,1693227974570,9,3,6
56446,1693227974570,1692255710345,1692255710348,1693227974579,9,3,6
56447,1693227974579,1692255710358,1692255710361,1693227974592,13,3,10
56448,1693227974592,1692255710366,1692255710370,1693227974601,9,4,5
56449,1693227974601,1692255710375,1692255710379,1693227974609,8,4,4
56450,1693227974609,1692255710386,1692255710390,1693227974620,11,4,7
56451,1693227974620,1692255710395,1692255710399,1693227974629,9,4,5
56452,1693227974629,1692255710404,1692255710407,1693227974638,9,3,6
56453,1693227974638,1692255710412,1692255710416,1693227974648,10,4,6
56454,1693227974648,1692255710423,1692255710427,1693227974657,9,4,5
56455,1693227974658,1692255710431,1692255710435,1693227974666,8,4,4
56456,1693227974666,1692255710441,1692255710445,1693227974676,10,4,6
56457,1693227974676,1692255710449,1692255710456,1693227974687,11,7,4
56458,1693227974687,1692255710461,1692255710466,1693227974697,10,5,5
56459,1693227974697,1692255710472,1692255710476,1693227974707,10,4,6
56460,1693227974707,1692255710482,1692255710486,1693227974718,11,4,7
56461,1693227974718,1692255710517,1692255710521,1693227974752,34,4,30
56462,1693227974752,1692255710527,1692255710530,1693227974761,9,3,6
56463,1693227974761,1692255710536,1692255710540,1693227974771,10,4,6
56464,1693227974771,1692255710546,1692255710550,1693227974781,10,4,6
56465,1693227974781,1692255710556,1692255710560,1693227974791,10,4,6
56466,1693227974791,1692255710566,1692255710570,1693227974801,10,4,6
56467,1693227974801,1692255710576,1692255710581,1693227974812,11,5,6
56468,1693227974813,1692255710676,1692255710680,1693227974911,98,4,94
56469,1693227974911,1692255710686,1692255710690,1693227974921,10,4,6
56470,1693227974921,1692255710696,1692255710700,1693227974931,10,4,6
56471,1693227974931,1692255710705,1692255710710,1693227974941,10,5,5
56472,1693227974941,1692255710716,1692255710720,1693227974950,9,4,5
56473,1693227974950,1692255710727,1692255710733,1693227974964,14,6,8
56474,1693227974964,1692255710739,1692255710745,1693227974976,12,6,6
56475,1693227974976,1692255710751,1692255710755,1693227974986,10,4,6
56476,1693227974986,1692255710761,1692255710766,1693227974997,11,5,6
56477,1693227974998,1692255710774,1692255710779,1693227975010,12,5,7
56478,1693227975010,1692255710785,1692255710791,1693227975022,12,6,6
56479,1693227975022,1692255710797,1692255710801,1693227975032,10,4,6
56480,1693227975032,1692255710807,1692255710812,1693227975043,11,5,6
56481,1693227975043,1692255710818,1692255710822,1693227975053,10,4,6
56482,1693227975053,1692255710830,1692255710835,1693227975066,13,5,8
56483,1693227975066,1692255710841,1692255710846,1693227975077,11,5,6
56484,1693227975077,1692255710852,1692255710857,1693227975088,11,5,6
56485,1693227975088,1692255710864,1692255710870,1693227975101,13,6,7
56486,1693227975101,1692255710877,1692255710882,1693227975116,15,5,10
56487,1693227975116,1692255710891,1692255710896,1693227975127,11,5,6
56488,1693227975127,1692255710902,1692255710907,1693227975139,12,5,7
56489,1693227975139,1692255710914,1692255710919,1693227975150,11,5,6
56490,1693227975150,1692255710926,1692255710931,1693227975162,12,5,7
56491,1693227975162,1692255710937,1692255710943,1693227975192,30,6,24
56492,1693227975192,1692255710967,1692255710972,1693227975203,11,5,6
56493,1693227975203,1692255710978,1692255710984,1693227975215,12,6,6
56494,1693227975215,1692255710990,1692255710998,1693227975229,14,8,6
56495,1693227975230,1692255711004,1692255711009,1693227975240,10,5,5
56496,1693227975240,1692255711014,1692255711020,1693227975251,11,6,5
56497,1693227975251,1692255711026,1692255711030,1693227975262,11,4,7
56498,1693227975262,1692255711037,1692255711043,1693227975274,12,6,6
56499,1693227975274,1692255711049,1692255711053,1693227975284,10,4,6
56500,1693227975284,1692255711060,1692255711065,1693227975296,12,5,7
56501,1693227975296,1692255711071,1692255711076,1693227975307,11,5,6
56502,1693227975307,1692255711082,1692255711086,1693227975317,10,4,6
56503,1693227975317,1692255711092,1692255711097,1693227975328,11,5,6
56504,1693227975328,1692255711102,1692255711107,1693227975558,230,5,225
56505,1693227975558,1692255711334,1692255711340,1693227975570,12,6,6
56506,1693227975570,1692255711346,1692255711350,1693227975581,11,4,7
56507,1693227975581,1692255711357,1692255711362,1693227975593,12,5,7
56508,1693227975594,1692255711369,1692255711373,1693227975604,10,4,6
56509,1693227975604,1692255711379,1692255711384,1693227975616,12,5,7
56510,1693227975617,1692255711419,1692255711423,1693227975654,37,4,33
56511,1693227975654,1692255711428,1692255711432,1693227975663,9,4,5
56512,1693227975663,1692255711438,1692255711442,1693227975673,10,4,6
56513,1693227975673,1692255711447,1692255711451,1693227975683,10,4,6
56514,1693227975683,1692255711457,1692255711461,1693227975692,9,4,5
56515,1693227975692,1692255711466,1692255711470,1693227975701,9,4,5
56516,1693227975701,1692255711476,1692255711480,1693227975712,11,4,7
56517,1693227975712,1692255711486,1692255711490,1693227975721,9,4,5
56518,1693227975721,1692255711495,1692255711500,1693227975731,10,5,5
56519,1693227975731,1692255711505,1692255711510,1693227975741,10,5,5
56520,1693227975741,1692255711516,1692255711520,1693227975751,10,4,6
56521,1693227975751,1692255711526,1692255711529,1693227975760,9,3,6
56522,1693227975760,1692255711535,1692255711538,1693227975769,9,3,6
56523,1693227975770,1692255711546,1692255711550,1693227975781,11,4,7
56524,1693227975781,1692255711556,1692255711560,1693227975791,10,4,6
56525,1693227975791,1692255711566,1692255711570,1693227975803,12,4,8
56526,1693227975803,1692255711577,1692255711582,1693227975814,11,5,6
56527,1693227975814,1692255711589,1692255711594,1693227975825,11,5,6
56528,1693227975825,1692255711601,1692255711606,1693227975837,12,5,7
56529,1693227975837,1692255711611,1692255711616,1693227975846,9,5,4
56530,1693227975846,1692255711621,1692255711627,1693227975858,12,6,6
56531,1693227975858,1692255711633,1692255711637,1693227975949,91,4,87
56532,1693227975949,1692255711725,1692255711730,1693227975975,26,5,21
56533,1693227975975,1692255711752,1692255711758,1693227975989,14,6,8
56534,1693227975989,1692255711764,1692255711768,1693227976000,11,4,7
56535,1693227976000,1692255711775,1692255711780,1693227976011,11,5,6
56536,1693227976011,1692255711786,1692255711791,1693227976022,11,5,6
56537,1693227976022,1692255711797,1692255711802,1693227976033,11,5,6
56538,1693227976033,1692255711807,1692255711812,1693227976043,10,5,5
56539,1693227976043,1692255711818,1692255711822,1693227976053,10,4,6
56540,1693227976053,1692255711828,1692255711833,1693227976069,16,5,11
56541,1693227976069,1692255711843,1692255711848,1693227976082,13,5,8
56542,1693227976082,1692255711857,1692255711861,1693227976092,10,4,6
56543,1693227976092,1692255711867,1692255711871,1693227976102,10,4,6
56544,1693227976102,1692255711879,1692255711883,1693227976114,12,4,8
56545,1693227976114,1692255711888,1692255711892,1693227976123,9,4,5
56546,1693227976123,1692255711898,1692255711902,1693227976133,10,4,6
56547,1693227976133,1692255711908,1692255711912,1693227976144,11,4,7
56548,1693227976144,1692255711919,1692255711923,1693227976154,10,4,6
56549,1693227976154,1692255711929,1692255711934,1693227976165,11,5,6
56550,1693227976165,1692255711940,1692255711944,1693227976176,11,4,7
56551,1693227976176,1692255711951,1692255711956,1693227976187,11,5,6
56552,1693227976187,1692255711962,1692255711967,1693227976198,11,5,6
56553,1693227976198,1692255711973,1692255711977,1693227976208,10,4,6
56554,1693227976208,1692255711983,1692255711987,1693227976218,10,4,6
56555,1693227976218,1692255711993,1692255711997,1693227976228,10,4,6
56556,1693227976228,1692255712002,1692255712007,1693227976237,9,5,4
56557,1693227976237,1692255712012,1692255712017,1693227976248,11,5,6
56558,1693227976248,1692255712022,1692255712026,1693227976257,9,4,5
56559,1693227976257,1692255712031,1692255712036,1693227976266,9,5,4
56560,1693227976267,1692255712045,1692255712048,1693227976279,12,3,9
56561,1693227976279,1692255712054,1692255712059,1693227976290,11,5,6
56562,1693227976290,1692255712086,1692255712091,1693227976322,32,5,27
56563,1693227976322,1692255712097,1692255712101,1693227976332,10,4,6
56564,1693227976332,1692255712107,1692255712112,1693227976343,11,5,6
56565,1693227976343,1692255712118,1692255712122,1693227976354,11,4,7
56566,1693227976354,1692255712128,1692255712134,1693227976365,11,6,5
56567,1693227976365,1692255712140,1692255712148,1693227976379,14,8,6
56568,1693227976379,1692255712154,1692255712160,1693227976607,228,6,222
56569,1693227976607,1692255712382,1692255712386,1693227976618,11,4,7
56570,1693227976618,1692255712394,1692255712400,1693227976631,13,6,7
56571,1693227976631,1692255712405,1692255712410,1693227976641,10,5,5
56572,1693227976641,1692255712416,1692255712425,1693227976655,14,9,5
56573,1693227976655,1692255712432,1692255712437,1693227976668,13,5,8
56574,1693227976668,1692255712443,1692255712448,1693227976679,11,5,6
56575,1693227976679,1692255712455,1692255712459,1693227976690,11,4,7
56576,1693227976690,1692255712465,1692255712470,1693227976701,11,5,6
56577,1693227976701,1692255712477,1692255712482,1693227976713,12,5,7
56578,1693227976713,1692255712488,1692255712493,1693227976724,11,5,6
56579,1693227976724,1692255712500,1692255712509,1693227976748,24,9,15
56580,1693227976749,1692255712536,1692255712541,1693227976773,24,5,19
56581,1693227976773,1692255712548,1692255712553,1693227976784,11,5,6
56582,1693227976784,1692255712560,1692255712564,1693227976796,12,4,8
56583,1693227976796,1692255712571,1692255712576,1693227976806,10,5,5
56584,1693227976806,1692255712581,1692255712585,1693227976816,10,4,6
56585,1693227976816,1692255712590,1692255712595,1693227976826,10,5,5
56586,1693227976826,1692255712601,1692255712605,1693227976836,10,4,6
56587,1693227976836,1692255712611,1692255712615,1693227976846,10,4,6
56588,1693227976846,1692255712621,1692255712626,1693227976857,11,5,6
56589,1693227976857,1692255712633,1692255712637,1693227976868,11,4,7
56590,1693227976868,1692255712643,1692255712647,1693227976878,10,4,6
56591,1693227976878,1692255712653,1692255712659,1693227976889,11,6,5
56592,1693227976889,1692255712671,1692255712675,1693227976906,17,4,13
56593,1693227976906,1692255712681,1692255712687,1693227977000,94,6,88
56594,1693227977000,1692255712776,1692255712781,1693227977012,12,5,7
56595,1693227977012,1692255712787,1692255712792,1693227977023,11,5,6
56596,1693227977023,1692255712798,1692255712802,1693227977033,10,4,6
56597,1693227977033,1692255712808,1692255712812,1693227977042,9,4,5
56598,1693227977042,1692255712817,1692255712822,1693227977053,11,5,6
56599,1693227977053,1692255712841,1692255712846,1693227977085,32,5,27
56600,1693227977085,1692255712872,1692255712877,1693227977108,23,5,18
56601,1693227977108,1692255712883,1692255712888,1693227977119,11,5,6
56602,1693227977119,1692255712894,1692255712898,1693227977130,11,4,7
56603,1693227977130,1692255712905,1692255712912,1693227977143,13,7,6
56604,1693227977143,1692255712918,1692255712922,1693227977153,10,4,6
56605,1693227977153,1692255712928,1692255712934,1693227977164,11,6,5
56606,1693227977164,1692255712939,1692255712944,1693227977175,11,5,6
56607,1693227977175,1692255712950,1692255712955,1693227977186,11,5,6
56608,1693227977186,1692255712987,1692255712993,1693227977225,39,6,33
56609,1693227977225,1692255713000,1692255713005,1693227977236,11,5,6
56610,1693227977236,1692255713014,1692255713019,1693227977250,14,5,9
56611,1693227977250,1692255713025,1692255713031,1693227977261,11,6,5
56612,1693227977261,1692255713036,1692255713042,1693227977273,12,6,6
56613,1693227977273,1692255713047,1692255713052,1693227977283,10,5,5
56614,1693227977283,1692255713058,1692255713063,1693227977294,11,5,6
56615,1693227977294,1692255713070,1692255713075,1693227977305,11,5,6
56616,1693227977305,1692255713083,1692255713088,1693227977320,15,5,10
56617,1693227977320,1692255713095,1692255713100,1693227977331,11,5,6
56618,1693227977331,1692255713110,1692255713114,1693227977345,14,4,10
56619,1693227977345,1692255713120,1692255713130,1693227977361,16,10,6
56620,1693227977361,1692255713136,1692255713141,1693227977372,11,5,6
56621,1693227977372,1692255713149,1692255713154,1693227977385,13,5,8
56622,1693227977385,1692255713162,1692255713168,1693227977400,15,6,9
56623,1693227977400,1692255713175,1692255713181,1693227977413,13,6,7
56624,1693227977413,1692255713212,1692255713217,1693227977656,243,5,238
56625,1693227977656,1692255713432,1692255713436,1693227977668,12,4,8
56626,1693227977668,1692255713442,1692255713447,1693227977678,10,5,5
56627,1693227977678,1692255713453,1692255713457,1693227977688,10,4,6
56628,1693227977689,1692255713467,1692255713471,1693227977703,14,4,10
56629,1693227977703,1692255713477,1692255713483,1693227977716,13,6,7
56630,1693227977716,1692255713492,1692255713498,1693227977728,12,6,6
56631,1693227977728,1692255713503,1692255713507,1693227977738,10,4,6
56632,1693227977738,1692255713513,1692255713517,1693227977748,10,4,6
56633,1693227977748,1692255713541,1692255713553,1693227977784,36,12,24
56634,1693227977784,1692255713568,1692255713572,1693227977803,19,4,15
56635,1693227977803,1692255713577,1692255713582,1693227977814,11,5,6
56636,1693227977814,1692255713589,1692255713594,1693227977825,11,5,6
56637,1693227977825,1692255713599,1692255713604,1693227977835,10,5,5
56638,1693227977835,1692255713610,1692255713616,1693227977847,12,6,6
56639,1693227977847,1692255713622,1692255713630,1693227977883,36,8,28
56640,1693227977883,1692255713658,1692255713662,1693227977893,10,4,6
56641,1693227977893,1692255713668,1692255713672,1693227977903,10,4,6
56642,1693227977903,1692255713678,1692255713683,1693227977915,12,5,7
56643,1693227977915,1692255713690,1692255713695,1693227977926,11,5,6
56644,1693227977926,1692255713701,1692255713706,1693227977938,12,5,7
56645,1693227977938,1692255713715,1692255713720,1693227977952,14,5,9
56646,1693227977952,1692255713731,1692255713736,1693227978049,97,5,92
56647,1693227978049,1692255713825,1692255713830,1693227978061,12,5,7
56648,1693227978061,1692255713836,1692255713841,1693227978072,11,5,6
56649,1693227978072,1692255713847,1692255713852,1693227978083,11,5,6
56650,1693227978083,1692255713858,1692255713863,1693227978094,11,5,6
56651,1693227978094,1692255713869,1692255713873,1693227978104,10,4,6
56652,1693227978104,1692255713882,1692255713887,1693227978119,15,5,10
56653,1693227978119,1692255713894,1692255713899,1693227978130,11,5,6
56654,1693227978130,1692255713906,1692255713912,1693227978143,13,6,7
56655,1693227978143,1692255713918,1692255713923,1693227978154,11,5,6
56656,1693227978154,1692255713931,1692255713935,1693227978166,12,4,8
56657,1693227978166,1692255713941,1692255713946,1693227978176,10,5,5
56658,1693227978176,1692255713951,1692255713956,1693227978187,11,5,6
56659,1693227978187,1692255713962,1692255713967,1693227978198,11,5,6
56660,1693227978198,1692255713976,1692255713980,1693227978212,14,4,10
56661,1693227978212,1692255713986,1692255713991,1693227978222,10,5,5
56662,1693227978222,1692255713997,1692255714002,1693227978233,11,5,6
56663,1693227978233,1692255714008,1692255714013,1693227978244,11,5,6
56664,1693227978244,1692255714019,1692255714024,1693227978255,11,5,6
56665,1693227978255,1692255714030,1692255714035,1693227978266,11,5,6
56666,1693227978266,1692255714041,1692255714046,1693227978277,11,5,6
56667,1693227978278,1692255714052,1692255714057,1693227978288,10,5,5
56668,1693227978288,1692255714063,1692255714067,1693227978298,10,4,6
56669,1693227978298,1692255714073,1692255714077,1693227978308,10,4,6
56670,1693227978308,1692255714083,1692255714088,1693227978340,32,5,27
56671,1693227978340,1692255714115,1692255714119,1693227978350,10,4,6
56672,1693227978350,1692255714125,1692255714130,1693227978361,11,5,6
56673,1693227978361,1692255714136,1692255714140,1693227978372,11,4,7
56674,1693227978372,1692255714147,1692255714151,1693227978382,10,4,6
56675,1693227978382,1692255714157,1692255714162,1693227978393,11,5,6
56676,1693227978393,1692255714169,1692255714177,1693227978408,15,8,7
56677,1693227978408,1692255714184,1692255714188,1693227978419,11,4,7
56678,1693227978419,1692255714195,1692255714199,1693227978430,11,4,7
56679,1693227978430,1692255714205,1692255714211,1693227978445,15,6,9
56680,1693227978445,1692255714220,1692255714225,1693227978456,11,5,6
56681,1693227978456,1692255714231,1692255714235,1693227978466,10,4,6
56682,1693227978466,1692255714240,1692255714248,1693227978479,13,8,5
56683,1693227978479,1692255714253,1692255714257,1693227978704,225,4,221
56684,1693227978704,1692255714480,1692255714484,1693227978716,12,4,8
56685,1693227978716,1692255714491,1692255714495,1693227978726,10,4,6
56686,1693227978726,1692255714501,1692255714506,1693227978737,11,5,6
56687,1693227978737,1692255714512,1692255714518,1693227978749,12,6,6
56688,1693227978749,1692255714524,1692255714529,1693227978760,11,5,6
56689,1693227978760,1692255714560,1692255714564,1693227978794,34,4,30
56690,1693227978794,1692255714568,1692255714573,1693227978804,10,5,5
56691,1693227978804,1692255714578,1692255714582,1693227978813,9,4,5
56692,1693227978813,1692255714587,1692255714592,1693227978825,12,5,7
56693,1693227978825,1692255714600,1692255714604,1693227978835,10,4,6
56694,1693227978835,1692255714610,1692255714614,1693227978846,11,4,7
56695,1693227978846,1692255714621,1692255714626,1693227978856,10,5,5
56696,1693227978856,1692255714631,1692255714635,1693227978866,10,4,6
56697,1693227978866,1692255714641,1692255714646,1693227978876,10,5,5
56698,1693227978876,1692255714651,1692255714655,1693227978886,10,4,6
56699,1693227978886,1692255714661,1692255714665,1693227978896,10,4,6
56700,1693227978896,1692255714671,1692255714675,1693227978906,10,4,6
56701,1693227978906,1692255714681,1692255714685,1693227978916,10,4,6
56702,1693227978916,1692255714691,1692255714694,1693227978925,9,3,6
56703,1693227978925,1692255714700,1692255714704,1693227978935,10,4,6
56704,1693227978935,1692255714709,1692255714713,1693227978944,9,4,5
56705,1693227978944,1692255714721,1692255714726,1693227978957,13,5,8
56706,1693227978957,1692255714732,1692255714737,1693227978968,11,5,6
56707,1693227978968,1692255714743,1692255714748,1693227978979,11,5,6
56708,1693227978979,1692255714754,1692255714760,1693227979008,29,6,23
56709,1693227979008,1692255714784,1692255714788,1693227979095,87,4,83
56710,1693227979095,1692255714870,1692255714874,1693227979120,25,4,21
56711,1693227979120,1692255714895,1692255714899,1693227979131,11,4,7
56712,1693227979131,1692255714907,1692255714914,1693227979146,15,7,8
56713,1693227979146,1692255714921,1692255714925,1693227979157,11,4,7
56714,1693227979157,1692255714932,1692255714938,1693227979169,12,6,6
56715,1693227979169,1692255714944,1692255714950,1693227979181,12,6,6
56716,1693227979181,1692255714956,1692255714960,1693227979191,10,4,6
56717,1693227979191,1692255714966,1692255714972,1693227979203,12,6,6
56718,1693227979203,1692255714979,1692255714984,1693227979215,12,5,7
56719,1693227979215,1692255714990,1692255714994,1693227979225,10,4,6
56720,1693227979225,1692255715000,1692255715005,1693227979236,11,5,6
56721,1693227979236,1692255715011,1692255715015,1693227979247,11,4,7
56722,1693227979247,1692255715021,1692255715025,1693227979256,9,4,5
56723,1693227979256,1692255715030,1692255715035,1693227979265,9,5,4
56724,1693227979265,1692255715040,1692255715044,1693227979275,10,4,6
56725,1693227979275,1692255715050,1692255715054,1693227979286,11,4,7
56726,1693227979286,1692255715061,1692255715064,1693227979295,9,3,6
56727,1693227979295,1692255715072,1692255715076,1693227979307,12,4,8
56728,1693227979307,1692255715081,1692255715085,1693227979316,9,4,5
56729,1693227979316,1692255715090,1692255715094,1693227979325,9,4,5
56730,1693227979325,1692255715099,1692255715103,1693227979334,9,4,5
56731,1693227979334,1692255715109,1692255715113,1693227979344,10,4,6
56732,1693227979344,1692255715119,1692255715123,1693227979354,10,4,6
56733,1693227979354,1692255715131,1692255715136,1693227979367,13,5,8
56734,1693227979367,1692255715142,1692255715147,1693227979378,11,5,6
56735,1693227979378,1692255715153,1692255715158,1693227979388,10,5,5
56736,1693227979388,1692255715163,1692255715167,1693227979398,10,4,6
56737,1693227979398,1692255715173,1692255715178,1693227979410,12,5,7
56738,1693227979410,1692255715185,1692255715189,1693227979420,10,4,6
56739,1693227979420,1692255715195,1692255715200,1693227979431,11,5,6
56740,1693227979431,1692255715206,1692255715211,1693227979457,26,5,21
56741,1693227979457,1692255715234,1692255715239,1693227979470,13,5,8
56742,1693227979470,1692255715245,1692255715250,1693227979482,12,5,7
56743,1693227979482,1692255715258,1692255715262,1693227979496,14,4,10
56744,1693227979496,1692255715271,1692255715275,1693227979506,10,4,6
56745,1693227979506,1692255715281,1692255715285,1693227979516,10,4,6
56746,1693227979516,1692255715290,1692255715294,1693227979754,238,4,234
56747,1693227979754,1692255715529,1692255715533,1693227979764,10,4,6
56748,1693227979764,1692255715568,1692255715572,1693227979803,39,4,35
56749,1693227979803,1692255715578,1692255715586,1693227979818,15,8,7
56750,1693227979818,1692255715592,1692255715596,1693227979827,9,4,5
56751,1693227979827,1692255715602,1692255715606,1693227979837,10,4,6
56752,1693227979837,1692255715612,1692255715616,1693227979847,10,4,6
56753,1693227979847,1692255715621,1692255715626,1693227979856,9,5,4
56754,1693227979856,1692255715631,1692255715636,1693227979867,11,5,6
56755,1693227979867,1692255715642,1692255715646,1693227979878,11,4,7
56756,1693227979878,1692255715652,1692255715656,1693227979907,29,4,25
56757,1693227979907,1692255715682,1692255715687,1693227979918,11,5,6
56758,1693227979918,1692255715693,1692255715697,1693227979928,10,4,6
56759,1693227979928,1692255715703,1692255715706,1693227979937,9,3,6
56760,1693227979937,1692255715713,1692255715719,1693227979950,13,6,7
56761,1693227979950,1692255715725,1692255715730,1693227979961,11,5,6
56762,1693227979961,1692255715737,1692255715743,1693227979974,13,6,7
56763,1693227979974,1692255715749,1692255715754,1693227979985,11,5,6
56764,1693227979985,1692255715760,1692255715766,1693227979997,12,6,6
56765,1693227979997,1692255715772,1692255715777,1693227980008,11,5,6
56766,1693227980008,1692255715784,1692255715789,1693227980020,12,5,7
56767,1693227980020,1692255715796,1692255715802,1693227980033,13,6,7
56768,1693227980033,1692255715808,1692255715812,1693227980043,10,4,6
56769,1693227980043,1692255715818,1692255715824,1693227980055,12,6,6
56770,1693227980055,1692255715920,1692255715925,1693227980156,101,5,96
56771,1693227980156,1692255715931,1692255715937,1693227980168,12,6,6
56772,1693227980168,1692255715943,1692255715949,1693227980180,12,6,6
56773,1693227980180,1692255715955,1692255715960,1693227980191,11,5,6
56774,1693227980191,1692255715966,1692255715971,1693227980202,11,5,6
56775,1693227980202,1692255715977,1692255715981,1693227980212,10,4,6
56776,1693227980212,1692255715986,1692255715991,1693227980230,18,5,13
56777,1693227980230,1692255716018,1692255716022,1693227980253,23,4,19
56778,1693227980253,1692255716028,1692255716033,1693227980264,11,5,6
56779,1693227980264,1692255716038,1692255716044,1693227980275,11,6,5
56780,1693227980275,1692255716052,1692255716058,1693227980289,14,6,8
56781,1693227980289,1692255716063,1692255716068,1693227980299,10,5,5
56782,1693227980300,1692255716075,1692255716083,1693227980314,14,8,6
56783,1693227980314,1692255716088,1692255716092,1693227980323,9,4,5
56784,1693227980323,1692255716097,1692255716101,1693227980332,9,4,5
56785,1693227980332,1692255716130,1692255716137,1693227980367,35,7,28
56786,1693227980368,1692255716143,1692255716146,1693227980377,9,3,6
56787,1693227980377,1692255716155,1692255716159,1693227980390,13,4,9
56788,1693227980390,1692255716165,1692255716169,1693227980401,11,4,7
56789,1693227980401,1692255716175,1692255716180,1693227980411,10,5,5
56790,1693227980411,1692255716186,1692255716191,1693227980422,11,5,6
56791,1693227980422,1692255716197,1692255716202,1693227980433,11,5,6
56792,1693227980434,1692255716209,1692255716214,1693227980445,11,5,6
56793,1693227980445,1692255716220,1692255716225,1693227980457,12,5,7
56794,1693227980457,1692255716232,1692255716237,1693227980469,12,5,7
56795,1693227980469,1692255716244,1692255716250,1693227980480,11,6,5
56796,1693227980481,1692255716258,1692255716263,1693227980494,13,5,8
56797,1693227980494,1692255716269,1692255716275,1693227980506,12,6,6
56798,1693227980506,1692255716282,1692255716287,1693227980518,12,5,7
56799,1693227980518,1692255716295,1692255716299,1693227980531,13,4,9
56800,1693227980531,1692255716306,1692255716310,1693227980541,10,4,6
56801,1693227980541,1692255716316,1692255716321,1693227980553,12,5,7
56802,1693227980553,1692255716327,1692255716331,1693227980581,28,4,24
56803,1693227980581,1692255716356,1692255716359,1693227980802,221,3,218
56804,1693227980802,1692255716577,1692255716582,1693227980812,10,5,5
56805,1693227980812,1692255716587,1692255716592,1693227980823,11,5,6
56806,1693227980823,1692255716599,1692255716605,1693227980836,13,6,7
56807,1693227980836,1692255716611,1692255716616,1693227980846,10,5,5
56808,1693227980846,1692255716622,1692255716627,1693227980859,13,5,8
56809,1693227980859,1692255716634,1692255716639,1693227980870,11,5,6
56810,1693227980870,1692255716644,1692255716649,1693227980880,10,5,5
56811,1693227980880,1692255716655,1692255716659,1693227980890,10,4,6
56812,1693227980890,1692255716667,1692255716672,1693227980903,13,5,8
56813,1693227980903,1692255716678,1692255716682,1693227980913,10,4,6
56814,1693227980913,1692255716689,1692255716693,1693227980925,12,4,8
56815,1693227980925,1692255716699,1692255716703,1693227980934,9,4,5
56816,1693227980934,1692255716710,1692255716713,1693227980944,10,3,7
56817,1693227980944,1692255716719,1692255716723,1693227980953,9,4,5
56818,1693227980953,1692255716728,1692255716732,1693227980963,10,4,6
56819,1693227980963,1692255716737,1692255716741,1693227980973,10,4,6
56820,1693227980973,1692255716747,1692255716751,1693227980981,8,4,4
56821,1693227980981,1692255716756,1692255716760,1693227980991,10,4,6
56822,1693227980991,1692255716765,1692255716772,1693227981003,12,7,5
56823,1693227981003,1692255716778,1692255716782,1693227981034,31,4,27
56824,1693227981034,1692255716809,1692255716813,1693227981043,9,4,5
56825,1693227981043,1692255716817,1692255716822,1693227981052,9,5,4
56826,1693227981053,1692255716827,1692255716831,1693227981061,8,4,4
56827,1693227981061,1692255716835,1692255716840,1693227981071,10,5,5
56828,1693227981071,1692255716846,1692255716851,1693227981081,10,5,5
56829,1693227981081,1692255716856,1692255716861,1693227981092,11,5,6
56830,1693227981092,1692255716866,1692255716871,1693227981102,10,5,5
56831,1693227981102,1692255716876,1692255716882,1693227981194,92,6,86
56832,1693227981194,1692255716973,1692255716978,1693227981209,15,5,10
56833,1693227981209,1692255716984,1692255716988,1693227981219,10,4,6
56834,1693227981219,1692255716994,1692255716998,1693227981230,11,4,7
56835,1693227981230,1692255717005,1692255717009,1693227981240,10,4,6
56836,1693227981240,1692255717015,1692255717019,1693227981250,10,4,6
56837,1693227981250,1692255717026,1692255717031,1693227981262,12,5,7
56838,1693227981262,1692255717037,1692255717041,1693227981272,10,4,6
56839,1693227981272,1692255717046,1692255717050,1693227981281,9,4,5
56840,1693227981281,1692255717056,1692255717060,1693227981291,10,4,6
56841,1693227981291,1692255717066,1692255717071,1693227981303,12,5,7
56842,1693227981303,1692255717079,1692255717083,1693227981314,11,4,7
56843,1693227981314,1692255717089,1692255717094,1693227981325,11,5,6
56844,1693227981325,1692255717100,1692255717104,1693227981335,10,4,6
56845,1693227981335,1692255717109,1692255717113,1693227981343,8,4,4
56846,1693227981344,1692255717120,1692255717124,1693227981354,10,4,6
56847,1693227981354,1692255717128,1692255717133,1693227981364,10,5,5
56848,1693227981364,1692255717138,1692255717143,1693227981374,10,5,5
56849,1693227981374,1692255717148,1692255717153,1693227981383,9,5,4
56850,1693227981383,1692255717158,1692255717162,1693227981393,10,4,6
56851,1693227981393,1692255717169,1692255717172,1693227981406,13,3,10
56852,1693227981406,1692255717180,1692255717184,1693227981415,9,4,5
56853,1693227981415,1692255717189,1692255717195,1693227981425,10,6,4
56854,1693227981426,1692255717200,1692255717204,1693227981435,9,4,5
56855,1693227981435,1692255717210,1692255717214,1693227981444,9,4,5
56856,1693227981444,1692255717218,1692255717222,1693227981453,9,4,5
56857,1693227981453,1692255717228,1692255717232,1693227981481,28,4,24
56858,1693227981482,1692255717258,1692255717263,1693227981494,12,5,7
56859,1693227981494,1692255717269,1692255717277,1693227981508,14,8,6
56860,1693227981508,1692255717283,1692255717288,1693227981519,11,5,6
56861,1693227981519,1692255717294,1692255717298,1693227981529,10,4,6
56862,1693227981529,1692255717304,1692255717309,1693227981540,11,5,6
56863,1693227981540,1692255717315,1692255717320,1693227981551,11,5,6
56864,1693227981551,1692255717326,1692255717331,1693227981562,11,5,6
56865,1693227981562,1692255717337,1692255717342,1693227981572,10,5,5
56866,1693227981572,1692255717347,1692255717351,1693227981582,10,4,6
56867,1693227981582,1692255717356,1692255717360,1693227981591,9,4,5
56868,1693227981591,1692255717366,1692255717370,1693227981601,10,4,6
56869,1693227981601,1692255717376,1692255717380,1693227981611,10,4,6
56870,1693227981611,1692255717386,1692255717390,1693227981621,10,4,6
56871,1693227981622,1692255717396,1692255717401,1693227981849,227,5,222
56872,1693227981850,1692255717625,1692255717629,1693227981860,10,4,6
56873,1693227981860,1692255717635,1692255717640,1693227981871,11,5,6
56874,1693227981871,1692255717646,1692255717652,1693227981883,12,6,6
56875,1693227981883,1692255717661,1692255717665,1693227981896,13,4,9
56876,1693227981896,1692255717671,1692255717676,1693227981908,12,5,7
56877,1693227981908,1692255717709,1692255717713,1693227981944,36,4,32
56878,1693227981944,1692255717720,1692255717725,1693227981956,12,5,7
56879,1693227981956,1692255717731,1692255717736,1693227981967,11,5,6
56880,1693227981967,1692255717742,1692255717746,1693227981978,11,4,7
56881,1693227981978,1692255717752,1692255717757,1693227981988,10,5,5
56882,1693227981988,1692255717763,1692255717768,1693227981998,10,5,5
56883,1693227981998,1692255717773,1692255717777,1693227982008,10,4,6
56884,1693227982008,1692255717783,1692255717786,1693227982017,9,3,6
56885,1693227982017,1692255717793,1692255717797,1693227982028,11,4,7
56886,1693227982028,1692255717802,1692255717806,1693227982037,9,4,5
56887,1693227982037,1692255717812,1692255717815,1693227982046,9,3,6
56888,1693227982046,1692255717821,1692255717824,1693227982055,9,3,6
56889,1693227982055,1692255717830,1692255717834,1693227982065,10,4,6
56890,1693227982065,1692255717839,1692255717843,1693227982074,9,4,5
56891,1693227982074,1692255717849,1692255717853,1693227982084,10,4,6
56892,1693227982084,1692255717859,1692255717864,1693227982094,10,5,5
56893,1693227982094,1692255717869,1692255717873,1693227982104,10,4,6
56894,1693227982104,1692255717879,1692255717882,1693227982113,9,3,6
56895,1693227982113,1692255717888,1692255717892,1693227982123,10,4,6
56896,1693227982123,1692255717898,1692255717907,1693227982138,15,9,6
56897,1693227982138,1692255717913,1692255717918,1693227982149,11,5,6
56898,1693227982149,1692255717924,1692255717929,1693227982241,92,5,87
56899,1693227982241,1692255718017,1692255718022,1693227982266,25,5,20
56900,1693227982266,1692255718041,1692255718045,1693227982276,10,4,6
56901,1693227982276,1692255718051,1692255718056,1693227982287,11,5,6
56902,1693227982287,1692255718062,1692255718066,1693227982297,10,4,6
56903,1693227982297,1692255718071,1692255718076,1693227982307,10,5,5
56904,1693227982307,1692255718081,1692255718085,1693227982316,9,4,5
56905,1693227982316,1692255718091,1692255718095,1693227982327,11,4,7
56906,1693227982327,1692255718102,1692255718110,1693227982341,14,8,6
56907,1693227982341,1692255718115,1692255718120,1693227982350,9,5,4
56908,1693227982350,1692255718129,1692255718135,1693227982366,16,6,10
56909,1693227982366,1692255718141,1692255718146,1693227982377,11,5,6
56910,1693227982377,1692255718152,1692255718157,1693227982387,10,5,5
56911,1693227982387,1692255718162,1692255718166,1693227982397,10,4,6
56912,1693227982397,1692255718172,1692255718176,1693227982406,9,4,5
56913,1693227982406,1692255718182,1692255718186,1693227982416,10,4,6
56914,1693227982416,1692255718191,1692255718195,1693227982425,9,4,5
56915,1693227982426,1692255718202,1692255718207,1693227982438,12,5,7
56916,1693227982438,1692255718212,1692255718215,1693227982446,8,3,5
56917,1693227982446,1692255718220,1692255718224,1693227982455,9,4,5
56918,1693227982455,1692255718231,1692255718236,1693227982468,13,5,8
56919,1693227982468,1692255718243,1692255718247,1693227982477,9,4,5
56920,1693227982478,1692255718252,1692255718256,1693227982487,9,4,5
56921,1693227982487,1692255718261,1692255718265,1693227982497,10,4,6
56922,1693227982497,1692255718272,1692255718276,1693227982507,10,4,6
56923,1693227982507,1692255718283,1692255718287,1693227982518,11,4,7
56924,1693227982518,1692255718293,1692255718297,1693227982528,10,4,6
56925,1693227982528,1692255718305,1692255718310,1693227982541,13,5,8
56926,1693227982541,1692255718316,1692255718321,1693227982552,11,5,6
56927,1693227982552,1692255718327,1692255718332,1693227982564,12,5,7
56928,1693227982564,1692255718339,1692255718344,1693227982575,11,5,6
56929,1693227982575,1692255718350,1692255718355,1693227982603,28,5,23
56930,1693227982603,1692255718381,1692255718385,1693227982616,13,4,9
56931,1693227982616,1692255718391,1692255718397,1693227982628,12,6,6
56932,1693227982628,1692255718404,1692255718409,1693227982640,12,5,7
56933,1693227982640,1692255718415,1692255718422,1693227982653,13,7,6
56934,1693227982653,1692255718428,1692255718432,1693227982663,10,4,6
56935,1693227982663,1692255718438,1692255718442,1693227982673,10,4,6
56936,1693227982673,1692255718448,1692255718453,1693227982899,226,5,221
56937,1693227982899,1692255718674,1692255718678,1693227982909,10,4,6
56938,1693227982909,1692255718684,1692255718688,1693227982919,10,4,6
56939,1693227982919,1692255718694,1692255718698,1693227982929,10,4,6
56940,1693227982929,1692255718704,1692255718708,1693227982941,12,4,8
56941,1693227982941,1692255718716,1692255718720,1693227982951,10,4,6
56942,1693227982951,1692255718726,1692255718730,1693227982960,9,4,5
56943,1693227982960,1692255718735,1692255718740,1693227982971,11,5,6
56944,1693227982971,1692255718746,1692255718750,1693227982981,10,4,6
56945,1693227982981,1692255718755,1692255718760,1693227982992,11,5,6
56946,1693227982992,1692255718767,1692255718772,1693227983002,10,5,5
56947,1693227983002,1692255718777,1692255718782,1693227983013,11,5,6
56948,1693227983013,1692255718788,1692255718793,1693227983024,11,5,6
56949,1693227983024,1692255718798,1692255718803,1693227983055,31,5,26
56950,1693227983055,1692255718830,1692255718833,1693227983064,9,3,6
56951,1693227983064,1692255718838,1692255718842,1693227983073,9,4,5
56952,1693227983073,1692255718847,1692255718852,1693227983082,9,5,4
56953,1693227983082,1692255718857,1692255718862,1693227983093,11,5,6
56954,1693227983093,1692255718867,1692255718871,1693227983102,9,4,5
56955,1693227983102,1692255718876,1692255718880,1693227983111,9,4,5
56956,1693227983111,1692255718887,1692255718891,1693227983122,11,4,7
56957,1693227983122,1692255718897,1692255718901,1693227983132,10,4,6
56958,1693227983132,1692255718906,1692255718910,1693227983141,9,4,5
56959,1693227983141,1692255718915,1692255718919,1693227983150,9,4,5
56960,1693227983150,1692255718924,1692255718928,1693227983159,9,4,5
56961,1693227983159,1692255718934,1692255718938,1693227983169,10,4,6
56962,1693227983169,1692255718944,1692255718948,1693227983179,10,4,6
56963,1693227983179,1692255718953,1692255718957,1693227983188,9,4,5
56964,1693227983188,1692255718962,1692255718966,1693227983197,9,4,5
56965,1693227983197,1692255718972,1692255718976,1693227983292,95,4,91
56966,1693227983292,1692255719067,1692255719072,1693227983303,11,5,6
56967,1693227983303,1692255719078,1692255719082,1693227983313,10,4,6
56968,1693227983313,1692255719088,1692255719092,1693227983323,10,4,6
56969,1693227983323,1692255719097,1692255719104,1693227983334,11,7,4
56970,1693227983334,1692255719109,1692255719113,1693227983344,10,4,6
56971,1693227983344,1692255719119,1692255719122,1693227983353,9,3,6
56972,1693227983353,1692255719128,1692255719132,1693227983363,10,4,6
56973,1693227983363,1692255719141,1692255719145,1693227983396,33,4,29
56974,1693227983396,1692255719170,1692255719174,1693227983404,8,4,4
56975,1693227983404,1692255719180,1692255719183,1693227983415,11,3,8
56976,1693227983415,1692255719189,1692255719193,1693227983424,9,4,5
56977,1693227983424,1692255719198,1692255719201,1693227983432,8,3,5
56978,1693227983432,1692255719206,1692255719210,1693227983441,9,4,5
56979,1693227983441,1692255719216,1692255719220,1693227983451,10,4,6
56980,1693227983451,1692255719226,1692255719230,1693227983461,10,4,6
56981,1693227983461,1692255719236,1692255719240,1693227983474,13,4,9
56982,1693227983474,1692255719248,1692255719252,1693227983504,30,4,26
56983,1693227983504,1692255719282,1692255719286,1693227983517,13,4,9
56984,1693227983517,1692255719291,1692255719295,1693227983526,9,4,5
56985,1693227983526,1692255719301,1692255719305,1693227983536,10,4,6
56986,1693227983536,1692255719310,1692255719315,1693227983546,10,5,5
56987,1693227983546,1692255719321,1692255719325,1693227983556,10,4,6
56988,1693227983556,1692255719331,1692255719336,1693227983567,11,5,6
56989,1693227983567,1692255719341,1692255719345,1693227983576,9,4,5
56990,1693227983576,1692255719350,1692255719354,1693227983585,9,4,5
56991,1693227983585,1692255719360,1692255719364,1693227983595,10,4,6
56992,1693227983595,1692255719370,1692255719375,1693227983606,11,5,6
56993,1693227983606,1692255719380,1692255719385,1693227983616,10,5,5
56994,1693227983616,1692255719390,1692255719394,1693227983625,9,4,5
56995,1693227983625,1692255719400,1692255719404,1693227983635,10,4,6
56996,1693227983635,1692255719410,1692255719415,1693227983647,12,5,7
56997,1693227983647,1692255719422,1692255719427,1693227983658,11,5,6
56998,1693227983659,1692255719433,1692255719437,1693227983668,9,4,5
56999,1693227983668,1692255719443,1692255719448,1693227983678,10,5,5
57000,1693227983678,1692255719453,1692255719456,1693227983687,9,3,6
57001,1693227983687,1692255719465,1692255719469,1693227983700,13,4,9
57002,1693227983700,1692255719475,1692255719480,1693227983711,11,5,6
57003,1693227983711,1692255719486,1692255719490,1693227983721,10,4,6
57004,1693227983721,1692255719495,1692255719500,1693227983950,229,5,224
57005,1693227983950,1692255719726,1692255719731,1693227983962,12,5,7
57006,1693227983962,1692255719735,1692255719740,1693227983971,9,5,4
57007,1693227983978,1692255719752,1692255719755,1693227983986,8,3,5
57008,1693227983986,1692255719760,1692255719762,1693227983993,7,2,5
57009,1693227983993,1692255719767,1692255719771,1693227984002,9,4,5
57010,1693227984002,1692255719775,1692255719778,1693227984009,7,3,4
57011,1693227984009,1692255719783,1692255719786,1693227984016,7,3,4
57012,1693227984016,1692255719790,1692255719793,1693227984024,8,3,5
57013,1693227984024,1692255719798,1692255719800,1693227984031,7,2,5
57014,1693227984031,1692255719804,1692255719807,1693227984038,7,3,4
57015,1693227984038,1692255719812,1692255719816,1693227984048,10,4,6
57016,1693227984048,1692255719821,1692255719825,1693227984056,8,4,4
57017,1693227984056,1692255719830,1692255719834,1693227984064,8,4,4
57018,1693227984064,1692255719840,1692255719844,1693227984074,10,4,6
57019,1693227984074,1692255719847,1692255719851,1693227984082,8,4,4
57020,1693227984082,1692255719856,1692255719859,1693227984090,8,3,5
57021,1693227984090,1692255719864,1692255719868,1693227984098,8,4,4
57022,1693227984098,1692255719872,1692255719875,1693227984106,8,3,5
57023,1693227984106,1692255719880,1692255719883,1693227984113,7,3,4
57024,1693227984113,1692255719886,1692255719890,1693227984120,7,4,3
57025,1693227984120,1692255719895,1692255719899,1693227984129,9,4,5
57026,1693227984129,1692255719902,1692255719906,1693227984136,7,4,3
57027,1693227984136,1692255719910,1692255719913,1693227984143,7,3,4
57028,1693227984143,1692255719919,1692255719922,1693227984152,9,3,6
57029,1693227984153,1692255719949,1692255719953,1693227984183,30,4,26
57030,1693227984183,1692255719957,1692255719960,1693227984191,8,3,5
57031,1693227984191,1692255719964,1692255719967,1693227984198,7,3,4
57032,1693227984198,1692255719971,1692255719975,1693227984206,8,4,4
57033,1693227984206,1692255719980,1692255719983,1693227984213,7,3,4
57034,1693227984214,1692255719987,1692255719990,1693227984221,7,3,4
57035,1693227984221,1692255719994,1692255719998,1693227984228,7,4,3
57036,1693227984229,1692255720003,1692255720006,1693227984236,7,3,4
57037,1693227984236,1692255720015,1692255720019,1693227984250,14,4,10
57038,1693227984250,1692255720114,1692255720117,1693227984348,98,3,95
57039,1693227984348,1692255720122,1692255720125,1693227984356,8,3,5
57040,1693227984356,1692255720134,1692255720137,1693227984367,11,3,8
57041,1693227984367,1692255720141,1692255720144,1693227984375,8,3,5
57042,1693227984375,1692255720149,1692255720152,1693227984383,8,3,5
57043,1693227984383,1692255720157,1692255720161,1693227984392,9,4,5
57044,1693227984392,1692255720165,1692255720169,1693227984400,8,4,4
57045,1693227984400,1692255720174,1692255720177,1693227984407,7,3,4
57046,1693227984407,1692255720181,1692255720184,1693227984414,7,3,4
57047,1693227984415,1692255720188,1692255720192,1693227984422,7,4,3
57048,1693227984422,1692255720197,1692255720199,1693227984430,8,2,6
57049,1693227984430,1692255720206,1692255720209,1693227984440,10,3,7
57050,1693227984440,1692255720213,1692255720217,1693227984448,8,4,4
57051,1693227984448,1692255720221,1692255720224,1693227984455,7,3,4
57052,1693227984455,1692255720229,1692255720232,1693227984463,8,3,5
57053,1693227984463,1692255720237,1692255720240,1693227984471,8,3,5
57054,1693227984471,1692255720244,1692255720247,1693227984481,10,3,7
57055,1693227984481,1692255720255,1692255720259,1693227984489,8,4,4
57056,1693227984489,1692255720263,1692255720265,1693227984496,7,2,5
57057,1693227984496,1692255720270,1692255720273,1693227984504,8,3,5
57058,1693227984504,1692255720278,1692255720281,1693227984512,8,3,5
57059,1693227984512,1692255720286,1692255720289,1693227984520,8,3,5
57060,1693227984520,1692255720294,1692255720297,1693227984528,8,3,5
57061,1693227984528,1692255720302,1692255720305,1693227984536,8,3,5
57062,1693227984536,1692255720310,1692255720313,1693227984544,8,3,5
57063,1693227984544,1692255720319,1692255720322,1693227984553,9,3,6
57064,1693227984553,1692255720328,1692255720332,1693227984562,9,4,5
57065,1693227984562,1692255720336,1692255720340,1693227984570,8,4,4
57066,1693227984570,1692255720344,1692255720347,1693227984580,10,3,7
57067,1693227984580,1692255720354,1692255720357,1693227984588,8,3,5
57068,1693227984588,1692255720362,1692255720365,1693227984596,8,3,5
57069,1693227984596,1692255720370,1692255720373,1693227984604,8,3,5
57070,1693227984604,1692255720378,1692255720381,1693227984633,29,3,26
57071,1693227984633,1692255720407,1692255720410,1693227984641,8,3,5
57072,1693227984641,1692255720414,1692255720417,1693227984648,7,3,4
57073,1693227984648,1692255720422,1692255720426,1693227984658,10,4,6
57074,1693227984658,1692255720433,1692255720436,1693227984667,9,3,6
57075,1693227984667,1692255720441,1692255720445,1693227984675,8,4,4
57076,1693227984675,1692255720449,1692255720453,1693227984683,8,4,4
57077,1693227984683,1692255720457,1692255720461,1693227984699,16,4,12
57078,1693227984699,1692255720473,1692255720478,1693227984708,9,5,4
57079,1693227984708,1692255720483,1692255720487,1693227984717,9,4,5
57080,1693227984717,1692255720492,1692255720497,1693227984728,11,5,6
57081,1693227984728,1692255720502,1692255720505,1693227984735,7,3,4
57082,1693227984735,1692255720508,1692255720512,1693227984742,7,4,3
57083,1693227984742,1692255720516,1692255720520,1693227984750,8,4,4
57084,1693227984750,1692255720524,1692255720527,1693227984758,8,3,5
57085,1693227984758,1692255720536,1692255720539,1693227984771,13,3,10
57086,1693227984771,1692255720545,1692255720548,1693227984996,225,3,222
57087,1693227984996,1692255720771,1692255720774,1693227985005,9,3,6
57088,1693227985005,1692255720782,1692255720785,1693227985017,12,3,9
57089,1693227985017,1692255720791,1692255720795,1693227985025,8,4,4
57090,1693227985025,1692255720799,1692255720802,1693227985034,9,3,6
57091,1693227985034,1692255720808,1692255720811,1693227985042,8,3,5
57092,1693227985042,1692255720816,1692255720820,1693227985050,8,4,4
57093,1693227985050,1692255720824,1692255720827,1693227985077,27,3,24
57094,1693227985077,1692255720853,1692255720857,1693227985087,10,4,6
57095,1693227985087,1692255720861,1692255720865,1693227985096,9,4,5
57096,1693227985096,1692255720870,1692255720874,1693227985104,8,4,4
57097,1693227985104,1692255720879,1692255720882,1693227985112,8,3,5
57098,1693227985112,1692255720889,1692255720893,1693227985123,11,4,7
57099,1693227985123,1692255720897,1692255720901,1693227985131,8,4,4
57100,1693227985131,1692255720905,1692255720908,1693227985139,8,3,5
57101,1693227985139,1692255720913,1692255720916,1693227985147,8,3,5
57102,1693227985147,1692255720920,1692255720924,1693227985154,7,4,3
57103,1693227985154,1692255720929,1692255720932,1693227985163,9,3,6
57104,1693227985163,1692255720937,1692255720940,1693227985172,9,3,6
57105,1693227985172,1692255720945,1692255720948,1693227985179,7,3,4
57106,1693227985179,1692255720953,1692255720956,1693227985187,8,3,5
57107,1693227985187,1692255720961,1692255720965,1693227985195,8,4,4
57108,1693227985196,1692255720969,1692255720973,1693227985203,7,4,3
57109,1693227985203,1692255720977,1692255720980,1693227985211,8,3,5
57110,1693227985211,1692255720984,1692255720987,1693227985218,7,3,4
57111,1693227985218,1692255720992,1692255720995,1693227985226,8,3,5
57112,1693227985226,1692255721000,1692255721003,1693227985234,8,3,5
57113,1693227985234,1692255721009,1692255721012,1693227985243,9,3,6
57114,1693227985243,1692255721017,1692255721020,1693227985254,11,3,8
57115,1693227985254,1692255721027,1692255721031,1693227985261,7,4,3
57116,1693227985261,1692255721037,1692255721040,1693227985270,9,3,6
57117,1693227985271,1692255721044,1692255721049,1693227985280,9,5,4
57118,1693227985280,1692255721053,1692255721057,1693227985287,7,4,3
57119,1693227985287,1692255721061,1692255721064,1693227985297,10,3,7
57120,1693227985297,1692255721171,1692255721175,1693227985418,121,4,117
57121,1693227985418,1692255721192,1692255721196,1693227985428,10,4,6
57122,1693227985428,1692255721202,1692255721206,1693227985437,9,4,5
57123,1693227985437,1692255721211,1692255721214,1693227985445,8,3,5
57124,1693227985445,1692255721219,1692255721222,1693227985453,8,3,5
57125,1693227985453,1692255721226,1692255721229,1693227985460,7,3,4
57126,1693227985460,1692255721234,1692255721237,1693227985467,7,3,4
57127,1693227985467,1692255721241,1692255721244,1693227985475,8,3,5
57128,1693227985475,1692255721251,1692255721254,1693227985486,11,3,8
57129,1693227985486,1692255721260,1692255721264,1693227985495,9,4,5
57130,1693227985495,1692255721269,1692255721272,1693227985503,8,3,5
57131,1693227985503,1692255721278,1692255721281,1693227985512,9,3,6
57132,1693227985512,1692255721286,1692255721289,1693227985520,8,3,5
57133,1693227985520,1692255721293,1692255721297,1693227985528,8,4,4
57134,1693227985528,1692255721301,1692255721305,1693227985535,7,4,3
57135,1693227985535,1692255721309,1692255721313,1693227985543,8,4,4
57136,1693227985543,1692255721319,1692255721322,1693227985552,9,3,6
57137,1693227985552,1692255721326,1692255721329,1693227985560,8,3,5
57138,1693227985560,1692255721334,1692255721338,1693227985568,8,4,4
57139,1693227985568,1692255721342,1692255721345,1693227985577,9,3,6
57140,1693227985577,1692255721350,1692255721354,1693227985584,7,4,3
57141,1693227985584,1692255721360,1692255721364,1693227985595,11,4,7
57142,1693227985595,1692255721368,1692255721372,1693227985604,9,4,5
57143,1693227985604,1692255721378,1692255721381,1693227985611,7,3,4
57144,1693227985611,1692255721385,1692255721389,1693227985619,8,4,4
57145,1693227985619,1692255721393,1692255721396,1693227985627,8,3,5
57146,1693227985627,1692255721401,1692255721404,1693227985635,8,3,5
57147,1693227985635,1692255721409,1692255721413,1693227985643,8,4,4
57148,1693227985643,1692255721417,1692255721420,1693227985651,8,3,5
57149,1693227985651,1692255721425,1692255721428,1693227985659,8,3,5
57150,1693227985660,1692255721434,1692255721437,1693227985668,8,3,5
57151,1693227985668,1692255721441,1692255721445,1693227985676,8,4,4
57152,1693227985676,1692255721450,1692255721453,1693227985684,8,3,5
57153,1693227985684,1692255721459,1692255721462,1693227985697,13,3,10
57154,1693227985697,1692255721473,1692255721478,1693227985709,12,5,7
57155,1693227985709,1692255721482,1692255721485,1693227985716,7,3,4
57156,1693227985716,1692255721489,1692255721493,1693227985723,7,4,3
57157,1693227985723,1692255721497,1692255721501,1693227985732,9,4,5
57158,1693227985732,1692255721530,1692255721534,1693227985764,32,4,28
57159,1693227985764,1692255721539,1692255721543,1693227985775,11,4,7
57160,1693227985775,1692255721549,1692255721552,1693227985784,9,3,6
57161,1693227985784,1692255721558,1692255721561,1693227985792,8,3,5
57162,1693227985792,1692255721566,1692255721569,1693227985799,7,3,4
57163,1693227985799,1692255721573,1692255721576,1693227985809,10,3,7
57164,1693227985809,1692255721583,1692255721587,1693227985817,8,4,4
57165,1693227985817,1692255721591,1692255721594,1693227986044,227,3,224
57166,1693227986044,1692255721819,1692255721823,1693227986053,9,4,5
57167,1693227986053,1692255721827,1692255721831,1693227986062,9,4,5
57168,1693227986062,1692255721836,1692255721839,1693227986071,9,3,6
57169,1693227986071,1692255721845,1692255721849,1693227986080,9,4,5
57170,1693227986080,1692255721857,1692255721861,1693227986092,12,4,8
57171,1693227986092,1692255721895,1692255721898,1693227986129,37,3,34
57172,1693227986129,1692255721903,1692255721906,1693227986136,7,3,4
57173,1693227986136,1692255721910,1692255721914,1693227986145,9,4,5
57174,1693227986145,1692255721918,1692255721922,1693227986152,7,4,3
57175,1693227986152,1692255721926,1692255721930,1693227986161,9,4,5
57176,1693227986161,1692255721935,1692255721937,1693227986168,7,2,5
57177,1693227986168,1692255721942,1692255721946,1693227986177,9,4,5
57178,1693227986177,1692255721951,1692255721954,1693227986204,27,3,24
57179,1693227986204,1692255721978,1692255721981,1693227986211,7,3,4
57180,1693227986211,1692255721985,1692255721988,1693227986218,7,3,4
57181,1693227986218,1692255721992,1692255721995,1693227986225,7,3,4
57182,1693227986225,1692255721999,1692255722001,1693227986233,8,2,6
57183,1693227986233,1692255722006,1692255722010,1693227986240,7,4,3
57184,1693227986240,1692255722014,1692255722018,1693227986248,8,4,4
57185,1693227986248,1692255722022,1692255722025,1693227986255,7,3,4
57186,1693227986255,1692255722029,1692255722032,1693227986263,8,3,5
57187,1693227986263,1692255722038,1692255722041,1693227986272,9,3,6
57188,1693227986272,1692255722045,1692255722049,1693227986279,7,4,3
57189,1693227986280,1692255722053,1692255722056,1693227986287,7,3,4
57190,1693227986287,1692255722061,1692255722065,1693227986295,8,4,4
57191,1693227986295,1692255722069,1692255722073,1693227986304,9,4,5
57192,1693227986304,1692255722077,1692255722080,1693227986312,8,3,5
57193,1693227986312,1692255722085,1692255722088,1693227986321,9,3,6
57194,1693227986321,1692255722095,1692255722099,1693227986329,8,4,4
57195,1693227986329,1692255722105,1692255722108,1693227986339,10,3,7
57196,1693227986339,1692255722113,1692255722116,1693227986347,8,3,5
57197,1693227986347,1692255722211,1692255722215,1693227986445,98,4,94
57198,1693227986446,1692255722219,1692255722223,1693227986453,7,4,3
57199,1693227986453,1692255722227,1692255722230,1693227986461,8,3,5
57200,1693227986461,1692255722235,1692255722238,1693227986469,8,3,5
57201,1693227986469,1692255722243,1692255722246,1693227986477,8,3,5
57202,1693227986477,1692255722251,1692255722254,1693227986484,7,3,4
57203,1693227986484,1692255722258,1692255722261,1693227986495,11,3,8
57204,1693227986495,1692255722269,1692255722272,1693227986503,8,3,5
57205,1693227986503,1692255722276,1692255722280,1693227986510,7,4,3
57206,1693227986510,1692255722284,1692255722288,1693227986540,30,4,26
57207,1693227986540,1692255722314,1692255722318,1693227986549,9,4,5
57208,1693227986549,1692255722322,1692255722326,1693227986556,7,4,3
57209,1693227986556,1692255722330,1692255722333,1693227986564,8,3,5
57210,1693227986564,1692255722338,1692255722341,1693227986572,8,3,5
57211,1693227986572,1692255722346,1692255722349,1693227986580,8,3,5
57212,1693227986580,1692255722353,1692255722356,1693227986587,7,3,4
57213,1693227986587,1692255722361,1692255722364,1693227986595,8,3,5
57214,1693227986595,1692255722369,1692255722372,1693227986603,8,3,5
57215,1693227986603,1692255722378,1692255722382,1693227986613,10,4,6
57216,1693227986613,1692255722386,1692255722389,1693227986619,6,3,3
57217,1693227986619,1692255722393,1692255722397,1693227986628,9,4,5
57218,1693227986628,1692255722423,1692255722426,1693227986657,29,3,26
57219,1693227986657,1692255722430,1692255722434,1693227986664,7,4,3
57220,1693227986664,1692255722438,1692255722441,1693227986672,8,3,5
57221,1693227986672,1692255722446,1692255722449,1693227986680,8,3,5
57222,1693227986680,1692255722454,1692255722457,1693227986687,7,3,4
57223,1693227986687,1692255722462,1692255722464,1693227986695,8,2,6
57224,1693227986695,1692255722470,1692255722474,1693227986704,9,4,5
57225,1693227986705,1692255722478,1692255722481,1693227986712,7,3,4
57226,1693227986712,1692255722486,1692255722489,1693227986720,8,3,5
57227,1693227986720,1692255722494,1692255722497,1693227986730,10,3,7
57228,1693227986730,1692255722504,1692255722508,1693227986739,9,4,5
57229,1693227986739,1692255722513,1692255722517,1693227986747,8,4,4
57230,1693227986747,1692255722523,1692255722527,1693227986758,11,4,7
57231,1693227986758,1692255722532,1692255722534,1693227986765,7,2,5
57232,1693227986765,1692255722539,1692255722542,1693227986772,7,3,4
57233,1693227986772,1692255722546,1692255722549,1693227986779,7,3,4
57234,1693227986779,1692255722553,1692255722556,1693227986786,7,3,4
57235,1693227986786,1692255722560,1692255722563,1693227986793,7,3,4
57236,1693227986793,1692255722567,1692255722570,1693227986801,8,3,5
57237,1693227986801,1692255722574,1692255722577,1693227986807,6,3,3
57238,1693227986808,1692255722582,1692255722585,1693227986815,7,3,4
57239,1693227986815,1692255722592,1692255722596,1693227986826,11,4,7
57240,1693227986826,1692255722600,1692255722602,1693227986833,7,2,5
57241,1693227986833,1692255722607,1692255722610,1693227986841,8,3,5
57242,1693227986841,1692255722615,1692255722618,1693227986849,8,3,5
57243,1693227986849,1692255722624,1692255722627,1693227986858,9,3,6
57244,1693227986858,1692255722632,1692255722635,1693227986866,8,3,5
57245,1693227986866,1692255722639,1692255722644,1693227987093,227,5,222
57246,1693227987093,1692255722870,1692255722874,1693227987104,11,4,7
57247,1693227987105,1692255722880,1692255722884,1693227987115,10,4,6
57248,1693227987115,1692255722891,1692255722894,1693227987124,9,3,6
57249,1693227987124,1692255722899,1692255722902,1693227987133,9,3,6
57250,1693227987133,1692255722906,1692255722910,1693227987140,7,4,3
57251,1693227987140,1692255722915,1692255722917,1693227987148,8,2,6
57252,1693227987149,1692255722923,1692255722926,1693227987157,8,3,5
57253,1693227987157,1692255722931,1692255722935,1693227987165,8,4,4
57254,1693227987165,1692255722939,1692255722942,1693227987172,7,3,4
57255,1693227987172,1692255722945,1692255722948,1693227987179,7,3,4
57256,1693227987179,1692255722953,1692255722957,1693227987187,8,4,4
57257,1693227987187,1692255722961,1692255722965,1693227987196,9,4,5
57258,1693227987196,1692255722970,1692255722973,1693227987204,8,3,5
57259,1693227987204,1692255722978,1692255722981,1693227987212,8,3,5
57260,1693227987212,1692255722985,1692255722988,1693227987219,7,3,4
57261,1693227987219,1692255722992,1692255722996,1693227987227,8,4,4
57262,1693227987227,1692255723000,1692255723004,1693227987234,7,4,3
57263,1693227987234,1692255723008,1692255723011,1693227987242,8,3,5
57264,1693227987242,1692255723015,1692255723018,1693227987249,7,3,4
57265,1693227987249,1692255723022,1692255723027,1693227987257,8,5,3
57266,1693227987257,1692255723031,1692255723034,1693227987264,7,3,4
57267,1693227987264,1692255723038,1692255723040,1693227987271,7,2,5
57268,1693227987271,1692255723045,1692255723048,1693227987279,8,3,5
57269,1693227987279,1692255723053,1692255723057,1693227987287,8,4,4
57270,1693227987287,1692255723062,1692255723065,1693227987295,8,3,5
57271,1693227987295,1692255723069,1692255723072,1693227987332,37,3,34
57272,1693227987332,1692255723107,1692255723111,1693227987346,14,4,10
57273,1693227987346,1692255723123,1692255723128,1693227987358,12,5,7
57274,1693227987358,1692255723132,1692255723138,1693227987369,11,6,5
57275,1693227987369,1692255723143,1692255723147,1693227987377,8,4,4
57276,1693227987377,1692255723151,1692255723154,1693227987384,7,3,4
57277,1693227987384,1692255723157,1692255723160,1693227987391,7,3,4
57278,1693227987391,1692255723165,1692255723169,1693227987491,100,4,96
57279,1693227987492,1692255723274,1692255723278,1693227987508,16,4,12
57280,1693227987508,1692255723282,1692255723286,1693227987517,9,4,5
57281,1693227987517,1692255723291,1692255723294,1693227987525,8,3,5
57282,1693227987525,1692255723299,1692255723302,1693227987533,8,3,5
57283,1693227987533,1692255723306,1692255723309,1693227987540,7,3,4
57284,1693227987540,1692255723315,1692255723318,1693227987550,10,3,7
57285,1693227987550,1692255723325,1692255723329,1693227987559,9,4,5
57286,1693227987559,1692255723335,1692255723338,1693227987569,10,3,7
57287,1693227987569,1692255723345,1692255723348,1693227987579,10,3,7
57288,1693227987579,1692255723354,1692255723357,1693227987588,9,3,6
57289,1693227987588,1692255723362,1692255723365,1693227987596,8,3,5
57290,1693227987596,1692255723371,1692255723374,1693227987605,9,3,6
57291,1693227987605,1692255723380,1692255723384,1693227987614,9,4,5
57292,1693227987614,1692255723388,1692255723392,1693227987623,9,4,5
57293,1693227987623,1692255723397,1692255723400,1693227987631,8,3,5
57294,1693227987631,1692255723406,1692255723409,1693227987640,9,3,6
57295,1693227987640,1692255723414,1692255723418,1693227987648,8,4,4
57296,1693227987648,1692255723424,1692255723427,1693227987658,10,3,7
57297,1693227987658,1692255723432,1692255723434,1693227987665,7,2,5
57298,1693227987665,1692255723439,1692255723441,1693227987672,7,2,5
57299,1693227987672,1692255723447,1692255723451,1693227987682,10,4,6
57300,1693227987682,1692255723456,1692255723459,1693227987690,8,3,5
57301,1693227987690,1692255723464,1692255723468,1693227987698,8,4,4
57302,1693227987698,1692255723472,1692255723475,1693227987706,8,3,5
57303,1693227987706,1692255723479,1692255723482,1693227987713,7,3,4
57304,1693227987713,1692255723486,1692255723490,1693227987720,7,4,3
57305,1693227987720,1692255723495,1692255723498,1693227987729,9,3,6
57306,1693227987729,1692255723504,1692255723507,1693227987738,9,3,6
57307,1693227987738,1692255723512,1692255723516,1693227987746,8,4,4
57308,1693227987746,1692255723519,1692255723523,1693227987775,29,4,25
57309,1693227987775,1692255723549,1692255723553,1693227987784,9,4,5
57310,1693227987784,1692255723558,1692255723561,1693227987791,7,3,4
57311,1693227987791,1692255723565,1692255723569,1693227987799,8,4,4
57312,1693227987799,1692255723573,1692255723576,1693227987807,8,3,5
57313,1693227987807,1692255723580,1692255723584,1693227987814,7,4,3
57314,1693227987814,1692255723588,1692255723592,1693227987822,8,4,4
57315,1693227987822,1692255723596,1692255723599,1693227987830,8,3,5
57316,1693227987830,1692255723605,1692255723608,1693227987839,9,3,6
57317,1693227987839,1692255723612,1692255723616,1693227987847,8,4,4
57318,1693227987847,1692255723621,1692255723623,1693227987857,10,2,8
57319,1693227987857,1692255723634,1692255723638,1693227987868,11,4,7
57320,1693227987868,1692255723643,1692255723647,1693227987878,10,4,6
57321,1693227987878,1692255723651,1692255723654,1693227987884,6,3,3
57322,1693227987885,1692255723659,1692255723662,1693227987892,7,3,4
57323,1693227987892,1692255723666,1692255723668,1693227987899,7,2,5
57324,1693227987899,1692255723672,1692255723675,1693227987905,6,3,3
57325,1693227987905,1692255723679,1692255723682,1693227987913,8,3,5
57326,1693227987913,1692255723689,1692255723692,1693227988142,229,3,226
57327,1693227988142,1692255723917,1692255723921,1693227988152,10,4,6
57328,1693227988152,1692255723926,1692255723929,1693227988159,7,3,4
57329,1693227988159,1692255723936,1692255723939,1693227988169,10,3,7
57330,1693227988169,1692255723944,1692255723947,1693227988178,9,3,6
57331,1693227988178,1692255723955,1692255723959,1693227988189,11,4,7
57332,1693227988189,1692255723963,1692255723967,1693227988197,8,4,4
57333,1693227988197,1692255724000,1692255724004,1693227988234,37,4,33
57334,1693227988234,1692255724007,1692255724010,1693227988241,7,3,4
57335,1693227988241,1692255724016,1692255724019,1693227988250,9,3,6
57336,1693227988250,1692255724024,1692255724027,1693227988258,8,3,5
57337,1693227988258,1692255724031,1692255724034,1693227988266,8,3,5
57338,1693227988266,1692255724041,1692255724045,1693227988276,10,4,6
57339,1693227988276,1692255724050,1692255724054,1693227988285,9,4,5
57340,1693227988285,1692255724059,1692255724062,1693227988292,7,3,4
57341,1693227988292,1692255724067,1692255724070,1693227988301,9,3,6
57342,1693227988301,1692255724075,1692255724078,1693227988309,8,3,5
57343,1693227988309,1692255724083,1692255724086,1693227988316,7,3,4
57344,1693227988316,1692255724090,1692255724094,1693227988324,8,4,4
57345,1693227988324,1692255724098,1692255724101,1693227988331,7,3,4
57346,1693227988331,1692255724106,1692255724109,1693227988339,8,3,5
57347,1693227988339,1692255724114,1692255724117,1693227988348,9,3,6
57348,1693227988348,1692255724122,1692255724125,1693227988355,7,3,4
57349,1693227988356,1692255724129,1692255724133,1693227988363,7,4,3
57350,1693227988363,1692255724137,1692255724141,1693227988372,9,4,5
57351,1693227988372,1692255724146,1692255724149,1693227988380,8,3,5
57352,1693227988380,1692255724154,1692255724158,1693227988388,8,4,4
57353,1693227988388,1692255724162,1692255724165,1693227988395,7,3,4
57354,1693227988395,1692255724169,1692255724172,1693227988403,8,3,5
57355,1693227988403,1692255724177,1692255724180,1693227988410,7,3,4
57356,1693227988410,1692255724184,1692255724186,1693227988417,7,2,5
57357,1693227988417,1692255724191,1692255724194,1693227988427,10,3,7
57358,1693227988427,1692255724305,1692255724309,1693227988557,130,4,126
57359,1693227988557,1692255724331,1692255724335,1693227988566,9,4,5
57360,1693227988566,1692255724340,1692255724344,1693227988574,8,4,4
57361,1693227988574,1692255724349,1692255724351,1693227988582,8,2,6
57362,1693227988582,1692255724356,1692255724361,1693227988592,10,5,5
57363,1693227988593,1692255724366,1692255724370,1693227988601,8,4,4
57364,1693227988601,1692255724375,1692255724378,1693227988609,8,3,5
57365,1693227988609,1692255724382,1692255724385,1693227988615,6,3,3
57366,1693227988615,1692255724389,1692255724393,1693227988623,8,4,4
57367,1693227988623,1692255724397,1692255724401,1693227988632,9,4,5
57368,1693227988632,1692255724406,1692255724409,1693227988639,7,3,4
57369,1693227988640,1692255724414,1692255724418,1693227988648,8,4,4
57370,1693227988648,1692255724422,1692255724425,1693227988656,8,3,5
57371,1693227988656,1692255724430,1692255724433,1693227988664,8,3,5
57372,1693227988664,1692255724438,1692255724441,1693227988672,8,3,5
57373,1693227988672,1692255724447,1692255724451,1693227988682,10,4,6
57374,1693227988682,1692255724459,1692255724464,1693227988694,12,5,7
57375,1693227988694,1692255724472,1692255724476,1693227988707,13,4,9
57376,1693227988707,1692255724480,1692255724484,1693227988714,7,4,3
57377,1693227988714,1692255724488,1692255724491,1693227988722,8,3,5
57378,1693227988722,1692255724496,1692255724500,1693227988731,9,4,5
57379,1693227988731,1692255724505,1692255724509,1693227988740,9,4,5
57380,1693227988740,1692255724514,1692255724519,1693227988749,9,5,4
57381,1693227988750,1692255724523,1692255724526,1693227988756,6,3,3
57382,1693227988756,1692255724530,1692255724534,1693227988764,8,4,4
57383,1693227988765,1692255724538,1692255724542,1693227988772,7,4,3
57384,1693227988772,1692255724546,1692255724550,1693227988780,8,4,4
57385,1693227988780,1692255724553,1692255724557,1693227988788,8,4,4
57386,1693227988788,1692255724562,1692255724565,1693227988795,7,3,4
57387,1693227988795,1692255724569,1692255724573,1693227988803,8,4,4
57388,1693227988803,1692255724577,1692255724580,1693227988811,8,3,5
57389,1693227988811,1692255724584,1692255724587,1693227988818,7,3,4
57390,1693227988818,1692255724591,1692255724595,1693227988826,8,4,4
57391,1693227988826,1692255724600,1692255724603,1693227988833,7,3,4
57392,1693227988833,1692255724607,1692255724610,1693227988841,8,3,5
57393,1693227988841,1692255724614,1692255724617,1693227988848,7,3,4
57394,1693227988848,1692255724621,1692255724625,1693227988856,8,4,4
57395,1693227988856,1692255724630,1692255724634,1693227988866,10,4,6
57396,1693227988866,1692255724639,1692255724643,1693227988894,28,4,24
57397,1693227988894,1692255724669,1692255724672,1693227988903,9,3,6
57398,1693227988903,1692255724677,1692255724680,1693227988911,8,3,5
57399,1693227988911,1692255724685,1692255724688,1693227988919,8,3,5
57400,1693227988919,1692255724693,1692255724696,1693227988927,8,3,5
57401,1693227988927,1692255724701,1692255724704,1693227988934,7,3,4
57402,1693227988934,1692255724707,1692255724710,1693227988941,7,3,4
57403,1693227988941,1692255724715,1692255724718,1693227988949,8,3,5
57404,1693227988949,1692255724723,1692255724726,1693227988957,8,3,5
57405,1693227988957,1692255724731,1692255724735,1693227988966,9,4,5
57406,1693227988966,1692255724739,1692255724743,1693227989190,224,4,220
57407,1693227989190,1692255724965,1692255724969,1693227989200,10,4,6
57408,1693227989200,1692255724974,1692255724977,1693227989208,8,3,5
57409,1693227989208,1692255724982,1692255724987,1693227989218,10,5,5
57410,1693227989218,1692255724992,1692255724995,1693227989226,8,3,5
57411,1693227989226,1692255725000,1692255725004,1693227989235,9,4,5
57412,1693227989235,1692255725009,1692255725012,1693227989242,7,3,4
57413,1693227989242,1692255725016,1692255725019,1693227989249,7,3,4
57414,1693227989249,1692255725023,1692255725027,1693227989258,9,4,5
57415,1693227989258,1692255725031,1692255725034,1693227989265,7,3,4
57416,1693227989265,1692255725039,1692255725042,1693227989273,8,3,5
57417,1693227989273,1692255725047,1692255725050,1693227989281,8,3,5
57418,1693227989281,1692255725054,1692255725058,1693227989290,9,4,5
57419,1693227989290,1692255725064,1692255725067,1693227989298,8,3,5
57420,1693227989298,1692255725072,1692255725075,1693227989305,7,3,4
57421,1693227989305,1692255725079,1692255725083,1693227989314,9,4,5
57422,1693227989314,1692255725088,1692255725091,1693227989321,7,3,4
57423,1693227989321,1692255725119,1692255725122,1693227989353,32,3,29
57424,1693227989353,1692255725126,1692255725129,1693227989360,7,3,4
57425,1693227989360,1692255725133,1692255725136,1693227989367,7,3,4
57426,1693227989367,1692255725141,1692255725144,1693227989375,8,3,5
57427,1693227989375,1692255725149,1692255725152,1693227989382,7,3,4
57428,1693227989382,1692255725156,1692255725160,1693227989392,10,4,6
57429,1693227989392,1692255725167,1692255725170,1693227989401,9,3,6
57430,1693227989401,1692255725175,1692255725178,1693227989408,7,3,4
57431,1693227989408,1692255725182,1692255725185,1693227989416,8,3,5
57432,1693227989416,1692255725190,1692255725192,1693227989423,7,2,5
57433,1693227989423,1692255725197,1692255725200,1693227989430,7,3,4
57434,1693227989430,1692255725204,1692255725207,1693227989438,8,3,5
57435,1693227989438,1692255725212,1692255725216,1693227989446,8,4,4
57436,1693227989446,1692255725222,1692255725226,1693227989456,10,4,6
57437,1693227989456,1692255725230,1692255725233,1693227989464,8,3,5
57438,1693227989464,1692255725238,1692255725242,1693227989473,9,4,5
57439,1693227989473,1692255725246,1692255725249,1693227989479,6,3,3
57440,1693227989479,1692255725253,1692255725256,1693227989487,8,3,5
57441,1693227989487,1692255725260,1692255725264,1693227989582,95,4,91
57442,1693227989583,1692255725357,1692255725361,1693227989592,9,4,5
57443,1693227989592,1692255725366,1692255725369,1693227989604,12,3,9
57444,1693227989604,1692255725378,1692255725382,1693227989612,8,4,4
57445,1693227989612,1692255725386,1692255725390,1693227989620,8,4,4
57446,1693227989620,1692255725394,1692255725398,1693227989629,9,4,5
57447,1693227989629,1692255725403,1692255725406,1693227989636,7,3,4
57448,1693227989636,1692255725410,1692255725414,1693227989644,8,4,4
57449,1693227989644,1692255725418,1692255725421,1693227989653,9,3,6
57450,1693227989654,1692255725431,1692255725436,1693227989681,27,5,22
57451,1693227989682,1692255725457,1692255725460,1693227989691,9,3,6
57452,1693227989691,1692255725465,1692255725467,1693227989700,9,2,7
57453,1693227989700,1692255725474,1692255725478,1693227989709,9,4,5
57454,1693227989709,1692255725483,1692255725488,1693227989719,10,5,5
57455,1693227989719,1692255725498,1692255725501,1693227989733,14,3,11
57456,1693227989733,1692255725514,1692255725517,1693227989748,15,3,12
57457,1693227989748,1692255725521,1692255725524,1693227989755,7,3,4
57458,1693227989755,1692255725529,1692255725532,1693227989763,8,3,5
57459,1693227989763,1692255725536,1692255725540,1693227989770,7,4,3
57460,1693227989770,1692255725569,1692255725572,1693227989803,33,3,30
57461,1693227989803,1692255725576,1692255725580,1693227989812,9,4,5
57462,1693227989812,1692255725586,1692255725590,1693227989820,8,4,4
57463,1693227989820,1692255725594,1692255725597,1693227989828,8,3,5
57464,1693227989828,1692255725603,1692255725606,1693227989838,10,3,7
57465,1693227989838,1692255725611,1692255725615,1693227989846,8,4,4
57466,1693227989846,1692255725620,1692255725623,1693227989854,8,3,5
57467,1693227989854,1692255725628,1692255725631,1693227989862,8,3,5
57468,1693227989862,1692255725636,1692255725638,1693227989869,7,2,5
57469,1693227989869,1692255725644,1692255725648,1693227989878,9,4,5
57470,1693227989878,1692255725654,1692255725657,1693227989887,9,3,6
57471,1693227989887,1692255725661,1692255725664,1693227989895,8,3,5
57472,1693227989895,1692255725668,1692255725672,1693227989905,10,4,6
57473,1693227989905,1692255725679,1692255725682,1693227989913,8,3,5
57474,1693227989913,1692255725688,1692255725691,1693227989921,8,3,5
57475,1693227989921,1692255725695,1692255725699,1693227989930,9,4,5
57476,1693227989930,1692255725703,1692255725706,1693227989937,7,3,4
57477,1693227989937,1692255725711,1692255725714,1693227989945,8,3,5
57478,1693227989945,1692255725719,1692255725722,1693227989953,8,3,5
57479,1693227989953,1692255725727,1692255725730,1693227989962,9,3,6
57480,1693227989962,1692255725737,1692255725741,1693227989971,9,4,5
57481,1693227989971,1692255725747,1692255725751,1693227989982,11,4,7
57482,1693227989982,1692255725756,1692255725761,1693227989991,9,5,4
57483,1693227989991,1692255725765,1692255725769,1693227990238,247,4,243
57484,1693227990238,1692255726014,1692255726018,1693227990249,11,4,7
57485,1693227990249,1692255726023,1692255726026,1693227990257,8,3,5
57486,1693227990257,1692255726031,1692255726034,1693227990264,7,3,4
57487,1693227990264,1692255726038,1692255726041,1693227990272,8,3,5
57488,1693227990272,1692255726046,1692255726049,1693227990279,7,3,4
57489,1693227990279,1692255726054,1692255726057,1693227990287,8,3,5
57490,1693227990287,1692255726061,1692255726065,1693227990296,9,4,5
57491,1693227990296,1692255726069,1692255726072,1693227990303,7,3,4
57492,1693227990303,1692255726077,1692255726080,1693227990311,8,3,5
57493,1693227990311,1692255726086,1692255726090,1693227990320,9,4,5
57494,1693227990320,1692255726094,1692255726096,1693227990327,7,2,5
57495,1693227990327,1692255726101,1692255726104,1693227990334,7,3,4
57496,1693227990334,1692255726108,1692255726111,1693227990341,7,3,4
57497,1693227990341,1692255726115,1692255726119,1693227990349,8,4,4
57498,1693227990349,1692255726123,1692255726126,1693227990357,8,3,5
57499,1693227990357,1692255726131,1692255726134,1693227990365,8,3,5
57500,1693227990365,1692255726139,1692255726143,1693227990373,8,4,4
57501,1693227990373,1692255726147,1692255726150,1693227990380,7,3,4
57502,1693227990380,1692255726154,1692255726157,1693227990387,7,3,4
57503,1693227990387,1692255726161,1692255726165,1693227990395,8,4,4
57504,1693227990395,1692255726169,1692255726173,1693227990403,8,4,4
57505,1693227990403,1692255726177,1692255726180,1693227990410,7,3,4
57506,1693227990410,1692255726184,1692255726187,1693227990418,8,3,5
57507,1693227990418,1692255726191,1692255726195,1693227990426,8,4,4
57508,1693227990426,1692255726200,1692255726203,1693227990434,8,3,5
57509,1693227990434,1692255726208,1692255726211,1693227990442,8,3,5
57510,1693227990442,1692255726216,1692255726220,1693227990467,25,4,21
57511,1693227990467,1692255726241,1692255726244,1693227990475,8,3,5
57512,1693227990475,1692255726249,1692255726251,1693227990482,7,2,5
57513,1693227990482,1692255726261,1692255726264,1693227990495,13,3,10
57514,1693227990495,1692255726269,1692255726273,1693227990504,9,4,5
57515,1693227990504,1692255726278,1692255726281,1693227990516,12,3,9
57516,1693227990516,1692255726291,1692255726295,1693227990525,9,4,5
57517,1693227990525,1692255726299,1692255726302,1693227990532,7,3,4
57518,1693227990532,1692255726307,1692255726310,1693227990540,8,3,5
57519,1693227990540,1692255726404,1692255726409,1693227990640,100,5,95
57520,1693227990640,1692255726413,1692255726417,1693227990648,8,4,4
57521,1693227990648,1692255726422,1692255726425,1693227990656,8,3,5
57522,1693227990656,1692255726429,1692255726432,1693227990663,7,3,4
57523,1693227990663,1692255726437,1692255726439,1693227990670,7,2,5
57524,1693227990670,1692255726444,1692255726448,1693227990678,8,4,4
57525,1693227990678,1692255726451,1692255726454,1693227990685,7,3,4
57526,1693227990685,1692255726459,1692255726462,1693227990692,7,3,4
57527,1693227990692,1692255726466,1692255726469,1693227990700,8,3,5
57528,1693227990700,1692255726473,1692255726476,1693227990707,7,3,4
57529,1693227990707,1692255726481,1692255726484,1693227990715,8,3,5
57530,1693227990715,1692255726489,1692255726492,1693227990724,9,3,6
57531,1693227990724,1692255726498,1692255726502,1693227990732,8,4,4
57532,1693227990732,1692255726506,1692255726509,1693227990740,8,3,5
57533,1693227990740,1692255726514,1692255726517,1693227990748,8,3,5
57534,1693227990748,1692255726522,1692255726525,1693227990755,7,3,4
57535,1693227990756,1692255726530,1692255726533,1693227990764,8,3,5
57536,1693227990764,1692255726538,1692255726541,1693227990772,8,3,5
57537,1693227990772,1692255726550,1692255726553,1693227990784,12,3,9
57538,1693227990784,1692255726558,1692255726561,1693227990792,8,3,5
57539,1693227990792,1692255726566,1692255726570,1693227990800,8,4,4
57540,1693227990800,1692255726576,1692255726580,1693227990810,10,4,6
57541,1693227990810,1692255726583,1692255726587,1693227990817,7,4,3
57542,1693227990817,1692255726592,1692255726595,1693227990826,9,3,6
57543,1693227990826,1692255726600,1692255726604,1693227990835,9,4,5
57544,1693227990835,1692255726609,1692255726612,1693227990842,7,3,4
57545,1693227990842,1692255726616,1692255726619,1693227990849,7,3,4
57546,1693227990849,1692255726623,1692255726629,1693227990859,10,6,4
57547,1693227990859,1692255726633,1692255726635,1693227990866,7,2,5
57548,1693227990866,1692255726639,1692255726642,1693227990873,7,3,4
57549,1693227990873,1692255726647,1692255726650,1693227990881,8,3,5
57550,1693227990881,1692255726655,1692255726658,1693227990889,8,3,5
57551,1693227990889,1692255726663,1692255726666,1693227990898,9,3,6
57552,1693227990898,1692255726703,1692255726707,1693227990938,40,4,36
57553,1693227990938,1692255726712,1692255726715,1693227990945,7,3,4
57554,1693227990945,1692255726719,1692255726722,1693227990953,8,3,5
57555,1693227990953,1692255726727,1692255726732,1693227990962,9,5,4
57556,1693227990962,1692255726736,1692255726739,1693227990970,8,3,5
57557,1693227990970,1692255726744,1692255726747,1693227990977,7,3,4
57558,1693227990977,1692255726750,1692255726753,1693227990984,7,3,4
57559,1693227990984,1692255726758,1692255726761,1693227990992,8,3,5
57560,1693227990992,1692255726766,1692255726769,1693227991000,8,3,5
57561,1693227991000,1692255726774,1692255726776,1693227991007,7,2,5
57562,1693227991007,1692255726781,1692255726784,1693227991015,8,3,5
57563,1693227991015,1692255726789,1692255726793,1693227991023,8,4,4
57564,1693227991023,1692255726797,1692255726801,1693227991032,9,4,5
57565,1693227991032,1692255726805,1692255726808,1693227991039,7,3,4
57566,1693227991039,1692255726815,1692255726819,1693227991050,11,4,7
57567,1693227991050,1692255726824,1692255726827,1693227991057,7,3,4
57568,1693227991057,1692255726831,1692255726834,1693227991064,7,3,4
57569,1693227991064,1692255726838,1692255726840,1693227991287,223,2,221
57570,1693227991287,1692255727061,1692255727065,1693227991295,8,4,4
57571,1693227991296,1692255727069,1692255727072,1693227991303,7,3,4
57572,1693227991303,1692255727078,1692255727081,1693227991312,9,3,6
57573,1693227991312,1692255727086,1692255727089,1693227991320,8,3,5
57574,1693227991320,1692255727094,1692255727098,1693227991329,9,4,5
57575,1693227991329,1692255727102,1692255727105,1693227991339,10,3,7
57576,1693227991339,1692255727115,1692255727118,1693227991369,30,3,27
57577,1693227991369,1692255727143,1692255727146,1693227991376,7,3,4
57578,1693227991376,1692255727150,1692255727153,1693227991384,8,3,5
57579,1693227991384,1692255727157,1692255727160,1693227991390,6,3,3
57580,1693227991390,1692255727166,1692255727169,1693227991399,9,3,6
57581,1693227991399,1692255727173,1692255727176,1693227991407,8,3,5
57582,1693227991407,1692255727181,1692255727184,1693227991414,7,3,4
57583,1693227991414,1692255727188,1692255727191,1693227991421,7,3,4
57584,1693227991421,1692255727197,1692255727200,1693227991431,10,3,7
57585,1693227991431,1692255727205,1692255727208,1693227991441,10,3,7
57586,1693227991441,1692255727215,1692255727218,1693227991448,7,3,4
57587,1693227991448,1692255727222,1692255727225,1693227991456,8,3,5
57588,1693227991456,1692255727229,1692255727232,1693227991463,7,3,4
57589,1693227991463,1692255727237,1692255727241,1693227991471,8,4,4
57590,1693227991471,1692255727245,1692255727248,1693227991479,8,3,5
57591,1693227991479,1692255727253,1692255727256,1693227991486,7,3,4
57592,1693227991486,1692255727260,1692255727265,1693227991496,10,5,5
57593,1693227991496,1692255727269,1692255727273,1693227991503,7,4,3
57594,1693227991503,1692255727277,1692255727281,1693227991512,9,4,5
57595,1693227991512,1692255727296,1692255727300,1693227991531,19,4,15
57596,1693227991531,1692255727308,1692255727311,1693227991543,12,3,9
57597,1693227991543,1692255727316,1692255727319,1693227991550,7,3,4
57598,1693227991550,1692255727324,1692255727327,1693227991558,8,3,5
57599,1693227991558,1692255727332,1692255727334,1693227991565,7,2,5
57600,1693227991565,1692255727339,1692255727342,1693227991592,27,3,24
57601,1693227991592,1692255727366,1692255727370,1693227991677,85,4,81
57602,1693227991677,1692255727451,1692255727455,1693227991702,25,4,21
57603,1693227991702,1692255727477,1692255727480,1693227991711,9,3,6
57604,1693227991711,1692255727487,1692255727491,1693227991721,10,4,6
57605,1693227991721,1692255727495,1692255727499,1693227991729,8,4,4
57606,1693227991729,1692255727503,1692255727506,1693227991738,9,3,6
57607,1693227991738,1692255727511,1692255727514,1693227991745,7,3,4
57608,1693227991745,1692255727520,1692255727524,1693227991754,9,4,5
57609,1693227991754,1692255727529,1692255727532,1693227991762,8,3,5
57610,1693227991762,1692255727536,1692255727539,1693227991770,8,3,5
57611,1693227991770,1692255727544,1692255727549,1693227991780,10,5,5
57612,1693227991780,1692255727553,1692255727556,1693227991786,6,3,3
57613,1693227991786,1692255727560,1692255727564,1693227991794,8,4,4
57614,1693227991794,1692255727568,1692255727571,1693227991801,7,3,4
57615,1693227991801,1692255727576,1692255727578,1693227991809,8,2,6
57616,1693227991809,1692255727582,1692255727586,1693227991817,8,4,4
57617,1693227991817,1692255727590,1692255727593,1693227991824,7,3,4
57618,1693227991824,1692255727598,1692255727602,1693227991833,9,4,5
57619,1693227991833,1692255727607,1692255727610,1693227991841,8,3,5
57620,1693227991841,1692255727615,1692255727619,1693227991850,9,4,5
57621,1693227991850,1692255727625,1692255727628,1693227991859,9,3,6
57622,1693227991859,1692255727632,1692255727636,1693227991867,8,4,4
57623,1693227991867,1692255727642,1692255727645,1693227991875,8,3,5
57624,1693227991875,1692255727649,1692255727652,1693227991883,8,3,5
57625,1693227991883,1692255727656,1692255727659,1693227991890,7,3,4
57626,1693227991890,1692255727664,1692255727667,1693227991898,8,3,5
57627,1693227991898,1692255727672,1692255727676,1693227991906,8,4,4
57628,1693227991906,1692255727680,1692255727685,1693227991915,9,5,4
57629,1693227991915,1692255727689,1692255727691,1693227991922,7,2,5
57630,1693227991922,1692255727697,1692255727700,1693227991930,8,3,5
57631,1693227991931,1692255727704,1692255727707,1693227991938,7,3,4
57632,1693227991938,1692255727712,1692255727715,1693227991946,8,3,5
57633,1693227991946,1692255727720,1692255727723,1693227991954,8,3,5
57634,1693227991954,1692255727727,1692255727731,1693227991962,8,4,4
57635,1693227991962,1692255727735,1692255727739,1693227991969,7,4,3
57636,1693227991969,1692255727743,1692255727746,1693227991977,8,3,5
57637,1693227991977,1692255727751,1692255727754,1693227991985,8,3,5
57638,1693227991985,1692255727763,1692255727767,1693227991997,12,4,8
57639,1693227991997,1692255727772,1692255727775,1693227992006,9,3,6
57640,1693227992006,1692255727787,1692255727791,1693227992042,36,4,32
57641,1693227992042,1692255727817,1692255727820,1693227992051,9,3,6
57642,1693227992051,1692255727832,1692255727836,1693227992066,15,4,11
57643,1693227992066,1692255727840,1692255727843,1693227992074,8,3,5
57644,1693227992074,1692255727847,1692255727851,1693227992081,7,4,3
57645,1693227992081,1692255727855,1692255727858,1693227992089,8,3,5
57646,1693227992089,1692255727863,1692255727867,1693227992097,8,4,4
57647,1693227992097,1692255727871,1692255727875,1693227992106,9,4,5
57648,1693227992106,1692255727880,1692255727884,1693227992336,230,4,226
57649,1693227992336,1692255728111,1692255728115,1693227992346,10,4,6
57650,1693227992346,1692255728120,1692255728123,1693227992354,8,3,5
57651,1693227992354,1692255728127,1692255728131,1693227992362,8,4,4
57652,1693227992362,1692255728136,1692255728139,1693227992370,8,3,5
57653,1693227992370,1692255728144,1692255728147,1693227992377,7,3,4
57654,1693227992377,1692255728151,1692255728154,1693227992385,8,3,5
57655,1693227992385,1692255728159,1692255728162,1693227992393,8,3,5
57656,1693227992393,1692255728167,1692255728170,1693227992401,8,3,5
57657,1693227992401,1692255728174,1692255728178,1693227992408,7,4,3
57658,1693227992408,1692255728182,1692255728185,1693227992415,7,3,4
57659,1693227992415,1692255728188,1692255728191,1693227992421,6,3,3
57660,1693227992421,1692255728195,1692255728199,1693227992429,8,4,4
57661,1693227992429,1692255728204,1692255728207,1693227992437,8,3,5
57662,1693227992437,1692255728211,1692255728214,1693227992444,7,3,4
57663,1693227992444,1692255728219,1692255728221,1693227992451,7,2,5
57664,1693227992451,1692255728225,1692255728228,1693227992458,7,3,4
57665,1693227992458,1692255728232,1692255728236,1693227992467,9,4,5
57666,1693227992467,1692255728262,1692255728265,1693227992495,28,3,25
57667,1693227992495,1692255728269,1692255728272,1693227992503,8,3,5
57668,1693227992503,1692255728277,1692255728280,1693227992511,8,3,5
57669,1693227992511,1692255728286,1692255728289,1693227992520,9,3,6
57670,1693227992520,1692255728294,1692255728297,1693227992528,8,3,5
57671,1693227992528,1692255728301,1692255728305,1693227992535,7,4,3
57672,1693227992535,1692255728309,1692255728312,1693227992543,8,3,5
57673,1693227992543,1692255728318,1692255728321,1693227992551,8,3,5
57674,1693227992551,1692255728325,1692255728328,1693227992559,8,3,5
57675,1693227992559,1692255728334,1692255728338,1693227992569,10,4,6
57676,1693227992569,1692255728343,1692255728345,1693227992576,7,2,5
57677,1693227992576,1692255728349,1692255728353,1693227992583,7,4,3
57678,1693227992583,1692255728356,1692255728359,1693227992590,7,3,4
57679,1693227992590,1692255728365,1692255728367,1693227992598,8,2,6
57680,1693227992598,1692255728373,1692255728378,1693227992608,10,5,5
57681,1693227992608,1692255728383,1692255728386,1693227992617,9,3,6
57682,1693227992617,1692255728391,1692255728394,1693227992625,8,3,5
57683,1693227992625,1692255728400,1692255728404,1693227992635,10,4,6
57684,1693227992635,1692255728409,1692255728413,1693227992728,93,4,89
57685,1693227992728,1692255728502,1692255728507,1693227992738,10,5,5
57686,1693227992738,1692255728512,1692255728515,1693227992746,8,3,5
57687,1693227992746,1692255728525,1692255728528,1693227992758,12,3,9
57688,1693227992758,1692255728532,1692255728536,1693227992766,8,4,4
57689,1693227992766,1692255728540,1692255728543,1693227992773,7,3,4
57690,1693227992773,1692255728547,1692255728554,1693227992786,13,7,6
57691,1693227992786,1692255728560,1692255728564,1693227992795,9,4,5
57692,1693227992795,1692255728569,1692255728572,1693227992803,8,3,5
57693,1693227992803,1692255728600,1692255728603,1693227992834,31,3,28
57694,1693227992834,1692255728609,1692255728612,1693227992843,9,3,6
57695,1693227992843,1692255728617,1692255728620,1693227992851,8,3,5
57696,1693227992852,1692255728626,1692255728628,1693227992859,7,2,5
57697,1693227992859,1692255728633,1692255728636,1693227992867,8,3,5
57698,1693227992867,1692255728641,1692255728645,1693227992875,8,4,4
57699,1693227992875,1692255728650,1692255728655,1693227992886,11,5,6
57700,1693227992886,1692255728660,1692255728663,1693227992894,8,3,5
57701,1693227992894,1692255728669,1692255728672,1693227992903,9,3,6
57702,1693227992903,1692255728677,1692255728680,1693227992911,8,3,5
57703,1693227992911,1692255728684,1692255728687,1693227992919,8,3,5
57704,1693227992919,1692255728717,1692255728720,1693227992951,32,3,29
57705,1693227992951,1692255728727,1692255728730,1693227992960,9,3,6
57706,1693227992960,1692255728734,1692255728737,1693227992968,8,3,5
57707,1693227992968,1692255728742,1692255728745,1693227992976,8,3,5
57708,1693227992977,1692255728750,1692255728754,1693227992984,7,4,3
57709,1693227992984,1692255728759,1692255728762,1693227992992,8,3,5
57710,1693227992992,1692255728766,1692255728770,1693227993001,9,4,5
57711,1693227993001,1692255728775,1692255728778,1693227993008,7,3,4
57712,1693227993008,1692255728782,1692255728786,1693227993016,8,4,4
57713,1693227993016,1692255728790,1692255728793,1693227993024,8,3,5
57714,1693227993024,1692255728797,1692255728800,1693227993031,7,3,4
57715,1693227993031,1692255728805,1692255728808,1693227993039,8,3,5
57716,1693227993039,1692255728812,1692255728816,1693227993046,7,4,3
57717,1693227993046,1692255728821,1692255728824,1693227993055,9,3,6
57718,1693227993055,1692255728830,1692255728833,1693227993063,8,3,5
57719,1693227993064,1692255728837,1692255728840,1693227993071,7,3,4
57720,1693227993071,1692255728845,1692255728848,1693227993080,9,3,6
57721,1693227993080,1692255728853,1692255728857,1693227993088,8,4,4
57722,1693227993088,1692255728862,1692255728865,1693227993095,7,3,4
57723,1693227993095,1692255728869,1692255728872,1693227993103,8,3,5
57724,1693227993103,1692255728877,1692255728880,1693227993111,8,3,5
57725,1693227993111,1692255728885,1692255728888,1693227993119,8,3,5
57726,1693227993119,1692255728892,1692255728895,1693227993126,7,3,4
57727,1693227993126,1692255728900,1692255728903,1693227993134,8,3,5
57728,1693227993134,1692255728907,1692255728911,1693227993163,29,4,25
57729,1693227993163,1692255728938,1692255728941,1693227993384,221,3,218
57730,1693227993384,1692255729162,1692255729165,1693227993396,12,3,9
57731,1693227993396,1692255729170,1692255729174,1693227993404,8,4,4
57732,1693227993404,1692255729178,1692255729182,1693227993415,11,4,7
57733,1693227993415,1692255729189,1692255729193,1693227993423,8,4,4
57734,1693227993423,1692255729197,1692255729201,1693227993431,8,4,4
57735,1693227993431,1692255729206,1692255729210,1693227993442,11,4,7
57736,1693227993442,1692255729216,1692255729220,1693227993451,9,4,5
57737,1693227993451,1692255729225,1692255729229,1693227993460,9,4,5
57738,1693227993460,1692255729234,1692255729237,1693227993468,8,3,5
57739,1693227993468,1692255729242,1692255729245,1693227993476,8,3,5
57740,1693227993476,1692255729251,1692255729253,1693227993484,8,2,6
57741,1693227993484,1692255729262,1692255729265,1693227993496,12,3,9
57742,1693227993496,1692255729270,1692255729272,1693227993503,7,2,5
57743,1693227993503,1692255729277,1692255729280,1693227993511,8,3,5
57744,1693227993511,1692255729285,1692255729288,1693227993518,7,3,4
57745,1693227993518,1692255729292,1692255729296,1693227993527,9,4,5
57746,1693227993527,1692255729301,1692255729304,1693227993535,8,3,5
57747,1693227993535,1692255729309,1692255729312,1693227993543,8,3,5
57748,1693227993543,1692255729316,1692255729320,1693227993550,7,4,3
57749,1693227993550,1692255729324,1692255729327,1693227993558,8,3,5
57750,1693227993558,1692255729332,1692255729335,1693227993565,7,3,4
57751,1693227993565,1692255729339,1692255729342,1693227993575,10,3,7
57752,1693227993575,1692255729349,1692255729353,1693227993583,8,4,4
57753,1693227993584,1692255729357,1692255729362,1693227993613,29,5,24
57754,1693227993613,1692255729387,1692255729390,1693227993621,8,3,5
57755,1693227993621,1692255729395,1692255729399,1693227993629,8,4,4
57756,1693227993629,1692255729403,1692255729406,1693227993638,9,3,6
57757,1693227993638,1692255729412,1692255729415,1693227993645,7,3,4
57758,1693227993645,1692255729418,1692255729422,1693227993652,7,4,3
57759,1693227993652,1692255729426,1692255729429,1693227993660,8,3,5
57760,1693227993660,1692255729442,1692255729445,1693227993676,16,3,13
57761,1693227993676,1692255729450,1692255729453,1693227993684,8,3,5
57762,1693227993684,1692255729458,1692255729461,1693227993777,93,3,90
57763,1693227993777,1692255729550,1692255729554,1693227993784,7,4,3
57764,1693227993784,1692255729558,1692255729562,1693227993793,9,4,5
57765,1693227993793,1692255729568,1692255729571,1693227993802,9,3,6
57766,1693227993802,1692255729576,1692255729579,1693227993810,8,3,5
57767,1693227993810,1692255729584,1692255729587,1693227993817,7,3,4
57768,1693227993817,1692255729591,1692255729594,1693227993825,8,3,5
57769,1693227993825,1692255729599,1692255729603,1693227993835,10,4,6
57770,1693227993835,1692255729609,1692255729612,1693227993842,7,3,4
57771,1693227993843,1692255729616,1692255729620,1693227993850,7,4,3
57772,1693227993850,1692255729624,1692255729627,1693227993858,8,3,5
57773,1693227993858,1692255729632,1692255729637,1693227993867,9,5,4
57774,1693227993867,1692255729641,1692255729644,1693227993874,7,3,4
57775,1693227993874,1692255729648,1692255729651,1693227993881,7,3,4
57776,1693227993881,1692255729655,1692255729659,1693227993890,9,4,5
57777,1693227993890,1692255729663,1692255729667,1693227993898,8,4,4
57778,1693227993898,1692255729673,1692255729677,1693227993908,10,4,6
57779,1693227993908,1692255729682,1692255729684,1693227993915,7,2,5
57780,1693227993915,1692255729689,1692255729692,1693227993923,8,3,5
57781,1693227993923,1692255729699,1692255729703,1693227993951,28,4,24
57782,1693227993951,1692255729724,1692255729727,1693227993958,7,3,4
57783,1693227993958,1692255729732,1692255729735,1693227993966,8,3,5
57784,1693227993966,1692255729740,1692255729743,1693227993973,7,3,4
57785,1693227993973,1692255729747,1692255729750,1693227993981,8,3,5
57786,1693227993981,1692255729754,1692255729758,1693227993988,7,4,3
57787,1693227993988,1692255729762,1692255729765,1693227993995,7,3,4
57788,1693227993996,1692255729770,1692255729773,1693227994004,8,3,5
57789,1693227994004,1692255729778,1692255729781,1693227994012,8,3,5
57790,1693227994012,1692255729785,1692255729788,1693227994019,7,3,4
57791,1693227994019,1692255729793,1692255729796,1693227994027,8,3,5
57792,1693227994027,1692255729802,1692255729805,1693227994036,9,3,6
57793,1693227994036,1692255729810,1692255729813,1693227994064,28,3,25
57794,1693227994064,1692255729838,1692255729842,1693227994072,8,4,4
57795,1693227994072,1692255729845,1692255729848,1693227994078,6,3,3
57796,1693227994078,1692255729852,1692255729854,1693227994085,7,2,5
57797,1693227994085,1692255729859,1692255729862,1693227994092,7,3,4
57798,1693227994092,1692255729866,1692255729869,1693227994100,8,3,5
57799,1693227994100,1692255729875,1692255729881,1693227994111,11,6,5
57800,1693227994111,1692255729884,1692255729887,1693227994118,7,3,4
57801,1693227994118,1692255729891,1692255729895,1693227994125,7,4,3
57802,1693227994125,1692255729899,1692255729903,1693227994133,8,4,4
57803,1693227994133,1692255729907,1692255729910,1693227994141,8,3,5
57804,1693227994141,1692255729915,1692255729919,1693227994149,8,4,4
57805,1693227994149,1692255729923,1692255729926,1693227994157,8,3,5
57806,1693227994157,1692255729930,1692255729934,1693227994164,7,4,3
57807,1693227994164,1692255729938,1692255729942,1693227994173,9,4,5
57808,1693227994173,1692255729947,1692255729950,1693227994180,7,3,4
57809,1693227994180,1692255729954,1692255729959,1693227994189,9,5,4
57810,1693227994189,1692255729963,1692255729966,1693227994197,8,3,5
57811,1693227994197,1692255729970,1692255729973,1693227994205,8,3,5
57812,1693227994206,1692255729980,1692255729983,1693227994433,227,3,224
57813,1693227994433,1692255730208,1692255730212,1693227994443,10,4,6
57814,1693227994443,1692255730216,1692255730219,1693227994450,7,3,4
57815,1693227994450,1692255730224,1692255730228,1693227994458,8,4,4
57816,1693227994458,1692255730233,1692255730236,1693227994466,8,3,5
57817,1693227994466,1692255730240,1692255730243,1693227994473,7,3,4
57818,1693227994473,1692255730247,1692255730250,1693227994480,7,3,4
57819,1693227994480,1692255730254,1692255730257,1693227994488,8,3,5
57820,1693227994488,1692255730288,1692255730291,1693227994522,34,3,31
57821,1693227994522,1692255730296,1692255730299,1693227994530,8,3,5
57822,1693227994530,1692255730304,1692255730308,1693227994540,10,4,6
57823,1693227994540,1692255730315,1692255730318,1693227994549,9,3,6
57824,1693227994549,1692255730323,1692255730326,1693227994557,8,3,5
57825,1693227994557,1692255730331,1692255730334,1693227994565,8,3,5
57826,1693227994565,1692255730338,1692255730342,1693227994572,7,4,3
57827,1693227994572,1692255730352,1692255730355,1693227994586,14,3,11
57828,1693227994586,1692255730360,1692255730363,1693227994593,7,3,4
57829,1693227994593,1692255730367,1692255730370,1693227994601,8,3,5
57830,1693227994601,1692255730375,1692255730378,1693227994609,8,3,5
57831,1693227994609,1692255730382,1692255730385,1693227994616,7,3,4
57832,1693227994616,1692255730390,1692255730393,1693227994623,7,3,4
57833,1693227994623,1692255730397,1692255730401,1693227994632,9,4,5
57834,1693227994632,1692255730406,1692255730409,1693227994640,8,3,5
57835,1693227994640,1692255730414,1692255730418,1693227994648,8,4,4
57836,1693227994648,1692255730422,1692255730425,1693227994656,8,3,5
57837,1693227994656,1692255730430,1692255730432,1693227994663,7,2,5
57838,1693227994663,1692255730436,1692255730440,1693227994670,7,4,3
57839,1693227994670,1692255730444,1692255730448,1693227994678,8,4,4
57840,1693227994678,1692255730452,1692255730455,1693227994686,8,3,5
57841,1693227994686,1692255730460,1692255730464,1693227994694,8,4,4
57842,1693227994694,1692255730468,1692255730471,1693227994701,7,3,4
57843,1693227994701,1692255730476,1692255730480,1693227994711,10,4,6
57844,1693227994711,1692255730485,1692255730488,1693227994738,27,3,24
57845,1693227994738,1692255730513,1692255730518,1693227994853,115,5,110
57846,1693227994853,1692255730626,1692255730630,1693227994861,8,4,4
57847,1693227994861,1692255730637,1692255730641,1693227994871,10,4,6
57848,1693227994871,1692255730645,1692255730649,1693227994879,8,4,4
57849,1693227994879,1692255730655,1692255730659,1693227994889,10,4,6
57850,1693227994889,1692255730663,1692255730666,1693227994896,7,3,4
57851,1693227994896,1692255730669,1692255730673,1693227994903,7,4,3
57852,1693227994903,1692255730678,1692255730681,1693227994911,8,3,5
57853,1693227994911,1692255730685,1692255730688,1693227994918,7,3,4
57854,1693227994918,1692255730700,1692255730703,1693227994933,15,3,12
57855,1693227994933,1692255730707,1692255730710,1693227994942,9,3,6
57856,1693227994942,1692255730716,1692255730719,1693227994951,9,3,6
57857,1693227994951,1692255730724,1692255730727,1693227994958,7,3,4
57858,1693227994958,1692255730732,1692255730735,1693227994966,8,3,5
57859,1693227994966,1692255730740,1692255730743,1693227994973,7,3,4
57860,1693227994973,1692255730747,1692255730750,1693227994981,8,3,5
57861,1693227994981,1692255730760,1692255730763,1693227994994,13,3,10
57862,1693227994994,1692255730768,1692255730773,1693227995004,10,5,5
57863,1693227995004,1692255730778,1692255730781,1693227995011,7,3,4
57864,1693227995011,1692255730785,1692255730788,1693227995019,8,3,5
57865,1693227995019,1692255730792,1692255730795,1693227995026,7,3,4
57866,1693227995026,1692255730800,1692255730804,1693227995034,8,4,4
57867,1693227995034,1692255730808,1692255730812,1693227995042,8,4,4
57868,1693227995042,1692255730816,1692255730819,1693227995049,7,3,4
57869,1693227995049,1692255730826,1692255730829,1693227995059,10,3,7
57870,1693227995059,1692255730833,1692255730836,1693227995066,7,3,4
57871,1693227995066,1692255730840,1692255730843,1693227995074,8,3,5
57872,1693227995074,1692255730847,1692255730850,1693227995081,7,3,4
57873,1693227995081,1692255730855,1692255730858,1693227995089,8,3,5
57874,1693227995089,1692255730863,1692255730865,1693227995096,7,2,5
57875,1693227995096,1692255730869,1692255730872,1693227995103,7,3,4
57876,1693227995103,1692255730878,1692255730880,1693227995111,8,2,6
57877,1693227995111,1692255730884,1692255730888,1693227995119,8,4,4
57878,1693227995119,1692255730893,1692255730896,1693227995128,9,3,6
57879,1693227995128,1692255730903,1692255730906,1693227995136,8,3,5
57880,1693227995136,1692255730909,1692255730913,1693227995143,7,4,3
57881,1693227995143,1692255730918,1692255730923,1693227995156,13,5,8
57882,1693227995156,1692255730930,1692255730933,1693227995186,30,3,27
57883,1693227995186,1692255730960,1692255730964,1693227995194,8,4,4
57884,1693227995194,1692255730969,1692255730973,1693227995203,9,4,5
57885,1693227995203,1692255730977,1692255730981,1693227995211,8,4,4
57886,1693227995211,1692255730986,1692255730989,1693227995220,9,3,6
57887,1693227995220,1692255730994,1692255730998,1693227995229,9,4,5
57888,1693227995229,1692255731003,1692255731006,1693227995237,8,3,5
57889,1693227995237,1692255731011,1692255731015,1693227995246,9,4,5
57890,1693227995246,1692255731019,1692255731022,1693227995253,7,3,4
57891,1693227995253,1692255731027,1692255731030,1693227995482,229,3,226
57892,1693227995482,1692255731256,1692255731260,1693227995491,9,4,5
57893,1693227995491,1692255731267,1692255731270,1693227995500,9,3,6
57894,1693227995500,1692255731277,1692255731280,1693227995511,11,3,8
57895,1693227995511,1692255731286,1692255731288,1693227995519,8,2,6
57896,1693227995519,1692255731293,1692255731296,1693227995527,8,3,5
57897,1693227995527,1692255731310,1692255731314,1693227995547,20,4,16
57898,1693227995547,1692255731321,1692255731324,1693227995555,8,3,5
57899,1693227995555,1692255731330,1692255731334,1693227995564,9,4,5
57900,1693227995564,1692255731338,1692255731341,1693227995572,8,3,5
57901,1693227995572,1692255731346,1692255731350,1693227995580,8,4,4
57902,1693227995580,1692255731355,1692255731358,1693227995589,9,3,6
57903,1693227995589,1692255731363,1692255731366,1693227995597,8,3,5
57904,1693227995597,1692255731370,1692255731373,1693227995604,7,3,4
57905,1693227995604,1692255731378,1692255731381,1693227995612,8,3,5
57906,1693227995612,1692255731386,1692255731389,1693227995636,24,3,21
57907,1693227995636,1692255731412,1692255731415,1693227995646,10,3,7
57908,1693227995646,1692255731420,1692255731423,1693227995654,8,3,5
57909,1693227995654,1692255731428,1692255731431,1693227995662,8,3,5
57910,1693227995662,1692255731435,1692255731439,1693227995670,8,4,4
57911,1693227995670,1692255731444,1692255731447,1693227995678,8,3,5
57912,1693227995678,1692255731452,1692255731455,1693227995686,8,3,5
57913,1693227995686,1692255731459,1692255731463,1693227995694,8,4,4
57914,1693227995694,1692255731467,1692255731471,1693227995701,7,4,3
57915,1693227995701,1692255731475,1692255731478,1693227995709,8,3,5
57916,1693227995709,1692255731482,1692255731486,1693227995716,7,4,3
57917,1693227995716,1692255731491,1692255731495,1693227995725,9,4,5
57918,1693227995725,1692255731498,1692255731503,1693227995733,8,5,3
57919,1693227995733,1692255731510,1692255731513,1693227995744,11,3,8
57920,1693227995744,1692255731518,1692255731520,1693227995751,7,2,5
57921,1693227995751,1692255731525,1692255731528,1693227995759,8,3,5
57922,1693227995759,1692255731533,1692255731536,1693227995767,8,3,5
57923,1693227995767,1692255731540,1692255731543,1693227995773,6,3,3
57924,1693227995773,1692255731547,1692255731550,1693227995780,7,3,4
57925,1693227995781,1692255731555,1692255731559,1693227995875,94,4,90
57926,1693227995875,1692255731649,1692255731655,1693227995885,10,6,4
57927,1693227995886,1692255731661,1692255731664,1693227995895,9,3,6
57928,1693227995895,1692255731672,1692255731675,1693227995906,11,3,8
57929,1693227995906,1692255731680,1692255731683,1693227995913,7,3,4
57930,1693227995913,1692255731687,1692255731690,1693227995920,7,3,4
57931,1693227995920,1692255731695,1692255731698,1693227995928,8,3,5
57932,1693227995928,1692255731702,1692255731705,1693227995936,8,3,5
57933,1693227995936,1692255731710,1692255731714,1693227995946,10,4,6
57934,1693227995946,1692255731720,1692255731723,1693227995973,27,3,24
57935,1693227995973,1692255731747,1692255731750,1693227995980,7,3,4
57936,1693227995980,1692255731754,1692255731757,1693227995988,8,3,5
57937,1693227995988,1692255731762,1692255731766,1693227995997,9,4,5
57938,1693227995997,1692255731771,1692255731774,1693227996005,8,3,5
57939,1693227996005,1692255731779,1692255731781,1693227996012,7,2,5
57940,1693227996012,1692255731785,1692255731789,1693227996019,7,4,3
57941,1693227996019,1692255731793,1692255731796,1693227996027,8,3,5
57942,1693227996027,1692255731801,1692255731804,1693227996035,8,3,5
57943,1693227996035,1692255731808,1692255731811,1693227996042,7,3,4
57944,1693227996042,1692255731816,1692255731819,1693227996049,7,3,4
57945,1693227996049,1692255731824,1692255731827,1693227996058,9,3,6
57946,1693227996058,1692255731832,1692255731835,1693227996084,26,3,23
57947,1693227996084,1692255731858,1692255731861,1693227996092,8,3,5
57948,1693227996092,1692255731866,1692255731869,1693227996100,8,3,5
57949,1693227996100,1692255731874,1692255731877,1693227996107,7,3,4
57950,1693227996107,1692255731881,1692255731885,1693227996115,8,4,4
57951,1693227996115,1692255731891,1692255731895,1693227996125,10,4,6
57952,1693227996125,1692255731899,1692255731902,1693227996132,7,3,4
57953,1693227996132,1692255731909,1692255731912,1693227996143,11,3,8
57954,1693227996143,1692255731926,1692255731931,1693227996162,19,5,14
57955,1693227996162,1692255731936,1692255731939,1693227996170,8,3,5
57956,1693227996170,1692255731945,1692255731948,1693227996178,8,3,5
57957,1693227996178,1692255731953,1692255731956,1693227996187,9,3,6
57958,1693227996187,1692255731961,1692255731964,1693227996194,7,3,4
57959,1693227996194,1692255731968,1692255731971,1693227996202,8,3,5
57960,1693227996202,1692255731976,1692255731980,1693227996210,8,4,4
57961,1693227996210,1692255731984,1692255731988,1693227996218,8,4,4
57962,1693227996218,1692255731993,1692255731997,1693227996227,9,4,5
57963,1693227996227,1692255732001,1692255732004,1693227996234,7,3,4
57964,1693227996234,1692255732008,1692255732011,1693227996242,8,3,5
57965,1693227996242,1692255732015,1692255732019,1693227996249,7,4,3
57966,1693227996249,1692255732025,1692255732029,1693227996260,11,4,7
57967,1693227996260,1692255732033,1692255732036,1693227996267,7,3,4
57968,1693227996267,1692255732041,1692255732045,1693227996275,8,4,4
57969,1693227996275,1692255732049,1692255732052,1693227996282,7,3,4
57970,1693227996282,1692255732056,1692255732060,1693227996291,9,4,5
57971,1693227996291,1692255732305,1692255732309,1693227996540,249,4,245
57972,1693227996540,1692255732314,1692255732318,1693227996552,12,4,8
57973,1693227996552,1692255732326,1692255732329,1693227996561,9,3,6
57974,1693227996561,1692255732335,1692255732338,1693227996568,7,3,4
57975,1693227996568,1692255732342,1692255732345,1693227996575,7,3,4
57976,1693227996575,1692255732349,1692255732353,1693227996584,9,4,5
57977,1693227996584,1692255732357,1692255732360,1693227996591,7,3,4
57978,1693227996591,1692255732365,1692255732368,1693227996599,8,3,5
57979,1693227996599,1692255732372,1692255732376,1693227996607,8,4,4
57980,1693227996607,1692255732381,1692255732384,1693227996615,8,3,5
57981,1693227996615,1692255732389,1692255732392,1693227996622,7,3,4
57982,1693227996623,1692255732396,1692255732399,1693227996629,6,3,3
57983,1693227996629,1692255732403,1692255732407,1693227996637,8,4,4
57984,1693227996637,1692255732411,1692255732415,1693227996646,9,4,5
57985,1693227996646,1692255732419,1692255732423,1693227996654,8,4,4
57986,1693227996654,1692255732428,1692255732431,1693227996663,9,3,6
57987,1693227996663,1692255732437,1692255732440,1693227996671,8,3,5
57988,1693227996671,1692255732444,1692255732448,1693227996679,8,4,4
57989,1693227996679,1692255732452,1692255732455,1693227996686,7,3,4
57990,1693227996686,1692255732460,1692255732464,1693227996696,10,4,6
57991,1693227996696,1692255732471,1692255732476,1693227996706,10,5,5
57992,1693227996706,1692255732480,1692255732483,1693227996714,8,3,5
57993,1693227996714,1692255732488,1692255732492,1693227996723,9,4,5
57994,1693227996723,1692255732497,1692255732500,1693227996730,7,3,4
57995,1693227996731,1692255732504,1692255732509,1693227996758,27,5,22
57996,1693227996758,1692255732533,1692255732536,1693227996767,9,3,6
57997,1693227996767,1692255732541,1692255732544,1693227996774,7,3,4
57998,1693227996774,1692255732548,1692255732551,1693227996781,7,3,4
57999,1693227996781,1692255732556,1692255732560,1693227996790,9,4,5
58000,1693227996790,1692255732566,1692255732570,1693227996800,10,4,6
58001,1693227996800,1692255732573,1692255732577,1693227996808,8,4,4
58002,1693227996808,1692255732582,1692255732586,1693227996816,8,4,4
58003,1693227996816,1692255732591,1692255732595,1693227996826,10,4,6
58004,1693227996826,1692255732599,1692255732602,1693227996832,6,3,3
58005,1693227996832,1692255732697,1692255732700,1693227996931,99,3,96
58006,1693227996931,1692255732705,1692255732707,1693227996938,7,2,5
58007,1693227996938,1692255732712,1692255732715,1693227996945,7,3,4
58008,1693227996945,1692255732719,1692255732722,1693227996953,8,3,5
58009,1693227996953,1692255732727,1692255732730,1693227996961,8,3,5
58010,1693227996961,1692255732735,1692255732741,1693227996971,10,6,4
58011,1693227996971,1692255732746,1692255732750,1693227996980,9,4,5
58012,1693227996980,1692255732755,1692255732758,1693227996989,9,3,6
58013,1693227996989,1692255732763,1692255732766,1693227996996,7,3,4
58014,1693227996996,1692255732771,1692255732774,1693227997005,9,3,6
58015,1693227997005,1692255732779,1692255732782,1693227997012,7,3,4
58016,1693227997012,1692255732785,1692255732788,1693227997019,7,3,4
58017,1693227997019,1692255732794,1692255732796,1693227997027,8,2,6
58018,1693227997027,1692255732801,1692255732804,1693227997034,7,3,4
58019,1693227997034,1692255732808,1692255732812,1693227997042,8,4,4
58020,1693227997042,1692255732816,1692255732819,1693227997050,8,3,5
58021,1693227997050,1692255732823,1692255732827,1693227997058,8,4,4
58022,1693227997058,1692255732831,1692255732835,1693227997065,7,4,3
58023,1693227997065,1692255732839,1692255732842,1693227997073,8,3,5
58024,1693227997073,1692255732847,1692255732850,1693227997081,8,3,5
58025,1693227997081,1692255732855,1692255732858,1693227997088,7,3,4
58026,1693227997088,1692255732862,1692255732866,1693227997096,8,4,4
58027,1693227997096,1692255732870,1692255732875,1693227997105,9,5,4
58028,1693227997106,1692255732879,1692255732882,1693227997113,7,3,4
58029,1693227997113,1692255732886,1692255732889,1693227997120,7,3,4
58030,1693227997120,1692255732893,1692255732896,1693227997127,7,3,4
58031,1693227997127,1692255732902,1692255732906,1693227997136,9,4,5
58032,1693227997136,1692255732910,1692255732914,1693227997145,9,4,5
58033,1693227997145,1692255732918,1692255732921,1693227997151,6,3,3
58034,1693227997151,1692255732926,1692255732929,1693227997160,9,3,6
58035,1693227997160,1692255732934,1692255732937,1693227997167,7,3,4
58036,1693227997167,1692255732941,1692255732944,1693227997177,10,3,7
58037,1693227997177,1692255732951,1692255732954,1693227997184,7,3,4
58038,1693227997185,1692255732960,1692255732964,1693227997215,30,4,26
58039,1693227997215,1692255732989,1692255732992,1693227997223,8,3,5
58040,1693227997223,1692255732996,1692255732999,1693227997229,6,3,3
58041,1693227997229,1692255733003,1692255733007,1693227997237,8,4,4
58042,1693227997237,1692255733012,1692255733015,1693227997246,9,3,6
58043,1693227997246,1692255733021,1692255733024,1693227997255,9,3,6
58044,1693227997255,1692255733028,1692255733032,1693227997262,7,4,3
58045,1693227997262,1692255733036,1692255733038,1693227997269,7,2,5
58046,1693227997269,1692255733043,1692255733046,1693227997277,8,3,5
58047,1693227997277,1692255733051,1692255733054,1693227997285,8,3,5
58048,1693227997285,1692255733059,1692255733063,1693227997294,9,4,5
58049,1693227997294,1692255733067,1692255733070,1693227997301,7,3,4
58050,1693227997301,1692255733075,1692255733078,1693227997308,7,3,4
58051,1693227997308,1692255733082,1692255733085,1693227997316,8,3,5
58052,1693227997316,1692255733090,1692255733093,1693227997323,7,3,4
58053,1693227997323,1692255733097,1692255733101,1693227997331,8,4,4
58054,1693227997331,1692255733105,1692255733109,1693227997339,8,4,4
58055,1693227997339,1692255733113,1692255733117,1693227997347,8,4,4
58056,1693227997347,1692255733121,1692255733125,1693227997355,8,4,4
58057,1693227997355,1692255733130,1692255733133,1693227997579,224,3,221
58058,1693227997579,1692255733353,1692255733357,1693227997588,9,4,5
58059,1693227997588,1692255733361,1692255733365,1693227997595,7,4,3
58060,1693227997595,1692255733369,1692255733372,1693227997603,8,3,5
58061,1693227997603,1692255733377,1692255733380,1693227997611,8,3,5
58062,1693227997611,1692255733385,1692255733389,1693227997619,8,4,4
58063,1693227997619,1692255733394,1692255733399,1693227997630,11,5,6
58064,1693227997630,1692255733404,1692255733407,1693227997639,9,3,6
58065,1693227997639,1692255733434,1692255733438,1693227997668,29,4,25
58066,1693227997668,1692255733442,1692255733446,1693227997676,8,4,4
58067,1693227997676,1692255733451,1692255733455,1693227997687,11,4,7
58068,1693227997687,1692255733461,1692255733468,1693227997699,12,7,5
58069,1693227997699,1692255733473,1692255733475,1693227997706,7,2,5
58070,1693227997706,1692255733480,1692255733483,1693227997714,8,3,5
58071,1693227997714,1692255733488,1692255733492,1693227997722,8,4,4
58072,1693227997722,1692255733496,1692255733498,1693227997729,7,2,5
58073,1693227997729,1692255733502,1692255733506,1693227997737,8,4,4
58074,1693227997737,1692255733511,1692255733514,1693227997745,8,3,5
58075,1693227997745,1692255733522,1692255733526,1693227997757,12,4,8
58076,1693227997757,1692255733531,1692255733534,1693227997765,8,3,5
58077,1693227997765,1692255733541,1692255733544,1693227997775,10,3,7
58078,1693227997775,1692255733550,1692255733553,1693227997784,9,3,6
58079,1693227997784,1692255733557,1692255733560,1693227997791,7,3,4
58080,1693227997791,1692255733565,1692255733567,1693227997798,7,2,5
58081,1693227997798,1692255733572,1692255733576,1693227997807,9,4,5
58082,1693227997807,1692255733581,1692255733584,1693227997815,8,3,5
58083,1693227997815,1692255733589,1692255733592,1693227997822,7,3,4
58084,1693227997822,1692255733596,1692255733601,1693227997831,9,5,4
58085,1693227997831,1692255733605,1692255733608,1693227997839,8,3,5
58086,1693227997839,1692255733612,1692255733616,1693227997847,8,4,4
58087,1693227997847,1692255733620,1692255733624,1693227997854,7,4,3
58088,1693227997854,1692255733628,1692255733632,1693227997883,29,4,25
58089,1693227997883,1692255733658,1692255733661,1693227997971,88,3,85
58090,1693227997971,1692255733766,1692255733769,1693227998000,29,3,26
58091,1693227998000,1692255733774,1692255733778,1693227998008,8,4,4
58092,1693227998008,1692255733782,1692255733785,1693227998016,8,3,5
58093,1693227998016,1692255733789,1692255733792,1693227998023,7,3,4
58094,1693227998023,1692255733797,1692255733800,1693227998030,7,3,4
58095,1693227998030,1692255733804,1692255733808,1693227998038,8,4,4
58096,1693227998038,1692255733812,1692255733816,1693227998047,9,4,5
58097,1693227998047,1692255733821,1692255733824,1693227998055,8,3,5
58098,1693227998055,1692255733829,1692255733831,1693227998062,7,2,5
58099,1693227998062,1692255733836,1692255733841,1693227998071,9,5,4
58100,1693227998071,1692255733845,1692255733848,1693227998078,7,3,4
58101,1693227998078,1692255733853,1692255733856,1693227998086,8,3,5
58102,1693227998086,1692255733860,1692255733863,1693227998094,8,3,5
58103,1693227998095,1692255733869,1692255733872,1693227998102,7,3,4
58104,1693227998102,1692255733876,1692255733879,1693227998110,8,3,5
58105,1693227998110,1692255733884,1692255733887,1693227998118,8,3,5
58106,1693227998118,1692255733892,1692255733895,1693227998125,7,3,4
58107,1693227998125,1692255733898,1692255733901,1693227998132,7,3,4
58108,1693227998132,1692255733905,1692255733908,1693227998138,6,3,3
58109,1693227998138,1692255733912,1692255733915,1693227998146,8,3,5
58110,1693227998146,1692255733920,1692255733923,1693227998154,8,3,5
58111,1693227998154,1692255733927,1692255733930,1693227998161,7,3,4
58112,1693227998161,1692255733935,1692255733937,1693227998168,7,2,5
58113,1693227998168,1692255733942,1692255733945,1693227998175,7,3,4
58114,1693227998175,1692255733949,1692255733953,1693227998183,8,4,4
58115,1693227998183,1692255733957,1692255733960,1693227998191,8,3,5
58116,1693227998191,1692255733965,1692255733968,1693227998200,9,3,6
58117,1693227998200,1692255733974,1692255733977,1693227998208,8,3,5
58118,1693227998208,1692255733982,1692255733986,1693227998216,8,4,4
58119,1693227998216,1692255733989,1692255733992,1693227998223,7,3,4
58120,1693227998223,1692255733996,1692255734000,1693227998230,7,4,3
58121,1693227998230,1692255734004,1692255734007,1693227998237,7,3,4
58122,1693227998237,1692255734011,1692255734014,1693227998244,7,3,4
58123,1693227998244,1692255734018,1692255734022,1693227998252,8,4,4
58124,1693227998252,1692255734026,1692255734030,1693227998260,8,4,4
58125,1693227998260,1692255734035,1692255734038,1693227998268,8,3,5
58126,1693227998269,1692255734042,1692255734044,1693227998275,6,2,4
58127,1693227998275,1692255734049,1692255734051,1693227998281,6,2,4
58128,1693227998281,1692255734055,1692255734059,1693227998289,8,4,4
58129,1693227998289,1692255734064,1692255734067,1693227998297,8,3,5
58130,1693227998297,1692255734073,1692255734076,1693227998307,10,3,7
58131,1693227998307,1692255734081,1692255734084,1693227998332,25,3,22
58132,1693227998332,1692255734106,1692255734109,1693227998339,7,3,4
58133,1693227998339,1692255734113,1692255734116,1693227998346,7,3,4
58134,1693227998346,1692255734120,1692255734123,1693227998353,7,3,4
58135,1693227998353,1692255734127,1692255734130,1693227998361,8,3,5
58136,1693227998361,1692255734134,1692255734139,1693227998369,8,5,3
58137,1693227998369,1692255734143,1692255734146,1693227998376,7,3,4
58138,1693227998376,1692255734151,1692255734154,1693227998384,8,3,5
58139,1693227998384,1692255734158,1692255734161,1693227998391,7,3,4
58140,1693227998391,1692255734165,1692255734168,1693227998398,7,3,4
58141,1693227998398,1692255734172,1692255734175,1693227998406,8,3,5
58142,1693227998406,1692255734401,1692255734405,1693227998635,229,4,225
58143,1693227998635,1692255734410,1692255734414,1693227998644,9,4,5
58144,1693227998645,1692255734418,1692255734422,1693227998652,7,4,3
58145,1693227998652,1692255734426,1692255734429,1693227998660,8,3,5
58146,1693227998660,1692255734434,1692255734437,1693227998668,8,3,5
58147,1693227998668,1692255734442,1692255734445,1693227998675,7,3,4
58148,1693227998675,1692255734451,1692255734454,1693227998685,10,3,7
58149,1693227998685,1692255734458,1692255734462,1693227998692,7,4,3
58150,1693227998692,1692255734467,1692255734470,1693227998700,8,3,5
58151,1693227998701,1692255734475,1692255734478,1693227998708,7,3,4
58152,1693227998708,1692255734483,1692255734487,1693227998717,9,4,5
58153,1693227998717,1692255734491,1692255734494,1693227998725,8,3,5
58154,1693227998725,1692255734499,1692255734504,1693227998735,10,5,5
58155,1693227998735,1692255734509,1692255734512,1693227998743,8,3,5
58156,1693227998743,1692255734523,1692255734527,1693227998757,14,4,10
58157,1693227998757,1692255734530,1692255734533,1693227998782,25,3,22
58158,1693227998782,1692255734556,1692255734560,1693227998790,8,4,4
58159,1693227998790,1692255734568,1692255734571,1693227998801,11,3,8
58160,1693227998801,1692255734575,1692255734578,1693227998809,8,3,5
58161,1693227998809,1692255734585,1692255734588,1693227998819,10,3,7
58162,1693227998819,1692255734593,1692255734600,1693227998830,11,7,4
58163,1693227998830,1692255734605,1692255734608,1693227998838,8,3,5
58164,1693227998838,1692255734612,1692255734615,1693227998846,8,3,5
58165,1693227998846,1692255734621,1692255734624,1693227998855,9,3,6
58166,1693227998855,1692255734629,1692255734632,1693227998863,8,3,5
58167,1693227998863,1692255734637,1692255734640,1693227998870,7,3,4
58168,1693227998870,1692255734644,1692255734646,1693227998877,7,2,5
58169,1693227998877,1692255734651,1692255734654,1693227998885,8,3,5
58170,1693227998885,1692255734658,1692255734662,1693227998892,7,4,3
58171,1693227998892,1692255734666,1692255734669,1693227998904,12,3,9
58172,1693227998904,1692255734680,1692255734686,1693227998916,12,6,6
58173,1693227998916,1692255734691,1692255734694,1693227998924,8,3,5
58174,1693227998924,1692255734698,1692255734701,1693227999025,101,3,98
58175,1693227999025,1692255734799,1692255734804,1693227999034,9,5,4
58176,1693227999034,1692255734808,1692255734811,1693227999042,8,3,5
58177,1693227999042,1692255734816,1692255734820,1693227999050,8,4,4
58178,1693227999050,1692255734824,1692255734827,1693227999058,8,3,5
58179,1693227999058,1692255734832,1692255734835,1693227999065,7,3,4
58180,1693227999065,1692255734839,1692255734841,1693227999072,7,2,5
58181,1693227999072,1692255734846,1692255734849,1693227999079,7,3,4
58182,1693227999079,1692255734853,1692255734856,1693227999086,7,3,4
58183,1693227999086,1692255734860,1692255734863,1693227999094,8,3,5
58184,1693227999094,1692255734892,1692255734896,1693227999127,33,4,29
58185,1693227999127,1692255734900,1692255734904,1693227999134,7,4,3
58186,1693227999134,1692255734908,1692255734911,1693227999142,8,3,5
58187,1693227999142,1692255734916,1692255734920,1693227999150,8,4,4
58188,1693227999150,1692255734924,1692255734928,1693227999158,8,4,4
58189,1693227999158,1692255734932,1692255734935,1693227999165,7,3,4
58190,1693227999165,1692255734939,1692255734942,1693227999172,7,3,4
58191,1693227999172,1692255734945,1692255734949,1693227999180,8,4,4
58192,1693227999180,1692255734954,1692255734957,1693227999188,8,3,5
58193,1693227999188,1692255734962,1692255734965,1693227999195,7,3,4
58194,1693227999195,1692255734970,1692255734973,1693227999203,8,3,5
58195,1693227999204,1692255734977,1692255734981,1693227999231,27,4,23
58196,1693227999231,1692255735005,1692255735009,1693227999239,8,4,4
58197,1693227999239,1692255735013,1692255735016,1693227999247,8,3,5
58198,1693227999247,1692255735020,1692255735024,1693227999254,7,4,3
58199,1693227999254,1692255735028,1692255735032,1693227999262,8,4,4
58200,1693227999262,1692255735036,1692255735039,1693227999270,8,3,5
58201,1693227999270,1692255735044,1692255735048,1693227999278,8,4,4
58202,1693227999278,1692255735052,1692255735055,1693227999286,8,3,5
58203,1693227999286,1692255735059,1692255735063,1693227999293,7,4,3
58204,1693227999293,1692255735067,1692255735070,1693227999300,7,3,4
58205,1693227999300,1692255735074,1692255735078,1693227999308,8,4,4
58206,1693227999308,1692255735082,1692255735085,1693227999316,8,3,5
58207,1693227999316,1692255735090,1692255735093,1693227999325,9,3,6
58208,1693227999325,1692255735101,1692255735104,1693227999334,9,3,6
58209,1693227999334,1692255735108,1692255735112,1693227999343,9,4,5
58210,1693227999343,1692255735117,1692255735121,1693227999351,8,4,4
58211,1693227999351,1692255735125,1692255735128,1693227999358,7,3,4
58212,1693227999358,1692255735132,1692255735136,1693227999366,8,4,4
58213,1693227999366,1692255735139,1692255735143,1693227999374,8,4,4
58214,1693227999374,1692255735148,1692255735151,1693227999381,7,3,4
58215,1693227999381,1692255735155,1692255735159,1693227999389,8,4,4
58216,1693227999390,1692255735163,1692255735166,1693227999397,7,3,4
58217,1693227999397,1692255735171,1692255735174,1693227999406,9,3,6
58218,1693227999406,1692255735180,1692255735183,1693227999414,8,3,5
58219,1693227999414,1692255735190,1692255735194,1693227999424,10,4,6
58220,1693227999424,1692255735200,1692255735204,1693227999458,34,4,30
58221,1693227999458,1692255735232,1692255735235,1693227999676,218,3,215
58222,1693227999676,1692255735451,1692255735455,1693227999686,10,4,6
58223,1693227999686,1692255735460,1692255735464,1693227999695,9,4,5
58224,1693227999695,1692255735471,1692255735474,1693227999705,10,3,7
58225,1693227999705,1692255735479,1692255735483,1693227999713,8,4,4
58226,1693227999713,1692255735487,1692255735490,1693227999721,8,3,5
58227,1693227999721,1692255735495,1692255735498,1693227999729,8,3,5
58228,1693227999729,1692255735503,1692255735506,1693227999736,7,3,4
58229,1693227999736,1692255735509,1692255735513,1693227999744,8,4,4
58230,1693227999744,1692255735518,1692255735521,1693227999752,8,3,5
58231,1693227999752,1692255735531,1692255735534,1693227999764,12,3,9
58232,1693227999764,1692255735539,1692255735543,1693227999773,9,4,5
58233,1693227999773,1692255735551,1692255735554,1693227999785,12,3,9
58234,1693227999785,1692255735559,1692255735562,1693227999793,8,3,5
58235,1693227999793,1692255735567,1692255735570,1693227999800,7,3,4
58236,1693227999800,1692255735574,1692255735577,1693227999808,8,3,5
58237,1693227999808,1692255735582,1692255735585,1693227999825,17,3,14
58238,1693227999825,1692255735599,1692255735602,1693227999833,8,3,5
58239,1693227999833,1692255735609,1692255735612,1693227999848,15,3,12
58240,1693227999848,1692255735625,1692255735628,1693227999858,10,3,7
58241,1693227999858,1692255735632,1692255735635,1693227999866,8,3,5
58242,1693227999866,1692255735640,1692255735644,1693227999874,8,4,4
58243,1693227999874,1692255735648,1692255735652,1693227999908,34,4,30
58244,1693227999908,1692255735682,1692255735685,1693227999916,8,3,5
58245,1693227999916,1692255735689,1692255735692,1693227999923,7,3,4
58246,1693227999923,1692255735698,1692255735702,1693227999933,10,4,6
58247,1693227999933,1692255735707,1692255735712,1693227999943,10,5,5
58248,1693227999943,1692255735717,1692255735720,1693227999951,8,3,5
58249,1693227999951,1692255735725,1692255735728,1693227999958,7,3,4
58250,1693227999958,1692255735732,1692255735736,1693227999968,10,4,6
58251,1693227999968,1692255735742,1692255735745,1693227999976,8,3,5
58252,1693227999976,1692255735750,1692255735753,1693228000069,93,3,90
58253,1693228000069,1692255735844,1692255735847,1693228000078,9,3,6
58254,1693228000078,1692255735852,1692255735854,1693228000085,7,2,5
58255,1693228000085,1692255735859,1692255735863,1693228000094,9,4,5
58256,1693228000094,1692255735868,1692255735873,1693228000104,10,5,5
58257,1693228000104,1692255735878,1692255735880,1693228000111,7,2,5
58258,1693228000111,1692255735885,1692255735888,1693228000118,7,3,4
58259,1693228000118,1692255735893,1692255735896,1693228000127,9,3,6
58260,1693228000127,1692255735901,1692255735904,1693228000134,7,3,4
58261,1693228000134,1692255735908,1692255735912,1693228000145,11,4,7
58262,1693228000145,1692255735919,1692255735922,1693228000153,8,3,5
58263,1693228000153,1692255735926,1692255735929,1693228000159,6,3,3
58264,1693228000160,1692255735933,1692255735936,1693228000166,6,3,3
58265,1693228000166,1692255735940,1692255735944,1693228000174,8,4,4
58266,1693228000174,1692255735948,1692255735951,1693228000182,8,3,5
58267,1693228000182,1692255735956,1692255735959,1693228000190,8,3,5
58268,1693228000190,1692255735963,1692255735966,1693228000197,7,3,4
58269,1693228000197,1692255735971,1692255735974,1693228000204,7,3,4
58270,1693228000204,1692255735978,1692255735981,1693228000211,7,3,4
58271,1693228000212,1692255735987,1692255735990,1693228000220,8,3,5
58272,1693228000220,1692255735994,1692255735998,1693228000228,8,4,4
58273,1693228000228,1692255736001,1692255736004,1693228000235,7,3,4
58274,1693228000235,1692255736014,1692255736017,1693228000248,13,3,10
58275,1693228000248,1692255736022,1692255736026,1693228000257,9,4,5
58276,1693228000257,1692255736031,1692255736035,1693228000266,9,4,5
58277,1693228000266,1692255736040,1692255736043,1693228000274,8,3,5
58278,1693228000274,1692255736047,1692255736050,1693228000281,7,3,4
58279,1693228000281,1692255736055,1692255736058,1693228000288,7,3,4
58280,1693228000288,1692255736062,1692255736065,1693228000296,8,3,5
58281,1693228000296,1692255736070,1692255736075,1693228000305,9,5,4
58282,1693228000305,1692255736079,1692255736083,1693228000314,9,4,5
58283,1693228000314,1692255736089,1692255736092,1693228000323,9,3,6
58284,1693228000323,1692255736098,1692255736102,1693228000340,17,4,13
58285,1693228000340,1692255736128,1692255736132,1693228000362,22,4,18
58286,1693228000362,1692255736136,1692255736139,1693228000370,8,3,5
58287,1693228000370,1692255736143,1692255736147,1693228000378,8,4,4
58288,1693228000378,1692255736152,1692255736156,1693228000386,8,4,4
58289,1693228000386,1692255736160,1692255736164,1693228000394,8,4,4
58290,1693228000394,1692255736168,1692255736171,1693228000401,7,3,4
58291,1693228000401,1692255736175,1692255736178,1693228000409,8,3,5
58292,1693228000409,1692255736183,1692255736185,1693228000416,7,2,5
58293,1693228000416,1692255736191,1692255736194,1693228000424,8,3,5
58294,1693228000424,1692255736198,1692255736201,1693228000431,7,3,4
58295,1693228000431,1692255736205,1692255736208,1693228000438,7,3,4
58296,1693228000439,1692255736212,1692255736215,1693228000446,7,3,4
58297,1693228000446,1692255736219,1692255736223,1693228000454,8,4,4
58298,1693228000454,1692255736227,1692255736230,1693228000461,7,3,4
58299,1693228000461,1692255736235,1692255736237,1693228000468,7,2,5
58300,1693228000468,1692255736242,1692255736245,1693228000475,7,3,4
58301,1693228000475,1692255736249,1692255736252,1693228000482,7,3,4
58302,1693228000482,1692255736255,1692255736258,1693228000489,7,3,4
58303,1693228000489,1692255736263,1692255736266,1693228000497,8,3,5
58304,1693228000497,1692255736271,1692255736274,1693228000724,227,3,224
58305,1693228000724,1692255736499,1692255736502,1693228000733,9,3,6
58306,1693228000733,1692255736508,1692255736511,1693228000742,9,3,6
58307,1693228000742,1692255736516,1692255736519,1693228000750,8,3,5
58308,1693228000750,1692255736524,1692255736527,1693228000759,9,3,6
58309,1693228000759,1692255736533,1692255736536,1693228000766,7,3,4
58310,1693228000766,1692255736540,1692255736544,1693228000774,8,4,4
58311,1693228000774,1692255736548,1692255736551,1693228000782,8,3,5
58312,1693228000782,1692255736577,1692255736580,1693228000811,29,3,26
58313,1693228000811,1692255736586,1692255736589,1693228000820,9,3,6
58314,1693228000820,1692255736593,1692255736597,1693228000828,8,4,4
58315,1693228000828,1692255736602,1692255736605,1693228000835,7,3,4
58316,1693228000835,1692255736612,1692255736615,1693228000845,10,3,7
58317,1693228000845,1692255736620,1692255736623,1693228000853,8,3,5
58318,1693228000853,1692255736627,1692255736632,1693228000862,9,5,4
58319,1693228000862,1692255736636,1692255736639,1693228000869,7,3,4
58320,1693228000869,1692255736643,1692255736646,1693228000877,8,3,5
58321,1693228000877,1692255736651,1692255736654,1693228000884,7,3,4
58322,1693228000884,1692255736658,1692255736662,1693228000892,8,4,4
58323,1693228000892,1692255736667,1692255736671,1693228000902,10,4,6
58324,1693228000902,1692255736675,1692255736679,1693228000910,8,4,4
58325,1693228000910,1692255736685,1692255736688,1693228000919,9,3,6
58326,1693228000919,1692255736693,1692255736696,1693228000927,8,3,5
58327,1693228000927,1692255736701,1692255736704,1693228000935,8,3,5
58328,1693228000935,1692255736709,1692255736711,1693228000942,7,2,5
58329,1693228000942,1692255736718,1692255736721,1693228000952,10,3,7
58330,1693228000952,1692255736725,1692255736729,1693228000959,7,4,3
58331,1693228000959,1692255736736,1692255736739,1693228000970,11,3,8
58332,1693228000970,1692255736753,1692255736757,1693228000987,17,4,13
58333,1693228000987,1692255736761,1692255736764,1693228000995,8,3,5
58334,1693228000995,1692255736769,1692255736773,1693228001003,8,4,4
58335,1693228001003,1692255736801,1692255736804,1693228001114,111,3,108
58336,1693228001114,1692255736914,1692255736918,1693228001148,34,4,30
58337,1693228001148,1692255736922,1692255736926,1693228001156,8,4,4
58338,1693228001156,1692255736930,1692255736933,1693228001164,8,3,5
58339,1693228001164,1692255736940,1692255736943,1693228001173,9,3,6
58340,1693228001173,1692255736948,1692255736951,1693228001181,8,3,5
58341,1693228001181,1692255736955,1692255736959,1693228001189,8,4,4
58342,1693228001189,1692255736963,1692255736966,1693228001196,7,3,4
58343,1693228001196,1692255736970,1692255736973,1693228001204,8,3,5
58344,1693228001204,1692255736978,1692255736981,1693228001211,7,3,4
58345,1693228001211,1692255736985,1692255736989,1693228001220,9,4,5
58346,1693228001220,1692255736994,1692255736997,1693228001228,8,3,5
58347,1693228001228,1692255737001,1692255737005,1693228001235,7,4,3
58348,1693228001235,1692255737009,1692255737013,1693228001243,8,4,4
58349,1693228001243,1692255737019,1692255737023,1693228001253,10,4,6
58350,1693228001253,1692255737026,1692255737030,1693228001260,7,4,3
58351,1693228001260,1692255737035,1692255737038,1693228001268,8,3,5
58352,1693228001268,1692255737043,1692255737046,1693228001276,8,3,5
58353,1693228001276,1692255737050,1692255737053,1693228001284,8,3,5
58354,1693228001284,1692255737058,1692255737062,1693228001292,8,4,4
58355,1693228001292,1692255737067,1692255737072,1693228001302,10,5,5
58356,1693228001302,1692255737076,1692255737080,1693228001310,8,4,4
58357,1693228001311,1692255737084,1692255737088,1693228001318,7,4,3
58358,1693228001319,1692255737092,1692255737096,1693228001327,8,4,4
58359,1693228001327,1692255737101,1692255737104,1693228001334,7,3,4
58360,1693228001334,1692255737108,1692255737111,1693228001342,8,3,5
58361,1693228001342,1692255737116,1692255737119,1693228001350,8,3,5
58362,1693228001350,1692255737123,1692255737127,1693228001357,7,4,3
58363,1693228001357,1692255737131,1692255737134,1693228001364,7,3,4
58364,1693228001364,1692255737138,1692255737142,1693228001373,9,4,5
58365,1693228001373,1692255737147,1692255737151,1693228001381,8,4,4
58366,1693228001381,1692255737155,1692255737158,1693228001389,8,3,5
58367,1693228001389,1692255737163,1692255737166,1693228001396,7,3,4
58368,1693228001396,1692255737170,1692255737173,1693228001404,8,3,5
58369,1693228001404,1692255737178,1692255737181,1693228001411,7,3,4
58370,1693228001411,1692255737186,1692255737189,1693228001420,9,3,6
58371,1693228001420,1692255737194,1692255737197,1693228001428,8,3,5
58372,1693228001428,1692255737202,1692255737204,1693228001435,7,2,5
58373,1693228001435,1692255737209,1692255737213,1693228001443,8,4,4
58374,1693228001443,1692255737217,1692255737220,1693228001451,8,3,5
58375,1693228001451,1692255737226,1692255737230,1693228001476,25,4,21
58376,1693228001476,1692255737250,1692255737254,1693228001485,9,4,5
58377,1693228001485,1692255737258,1692255737261,1693228001492,7,3,4
58378,1693228001492,1692255737265,1692255737269,1693228001499,7,4,3
58379,1693228001499,1692255737272,1692255737276,1693228001506,7,4,3
58380,1693228001506,1692255737280,1692255737283,1693228001514,8,3,5
58381,1693228001514,1692255737288,1692255737292,1693228001522,8,4,4
58382,1693228001522,1692255737296,1692255737299,1693228001529,7,3,4
58383,1693228001530,1692255737303,1692255737306,1693228001537,7,3,4
58384,1693228001537,1692255737311,1692255737314,1693228001545,8,3,5
58385,1693228001545,1692255737319,1692255737322,1693228001772,227,3,224
58386,1693228001772,1692255737547,1692255737551,1693228001783,11,4,7
58387,1693228001783,1692255737557,1692255737560,1693228001790,7,3,4
58388,1693228001790,1692255737564,1692255737568,1693228001798,8,4,4
58389,1693228001798,1692255737571,1692255737574,1693228001805,7,3,4
58390,1693228001805,1692255737579,1692255737582,1693228001812,7,3,4
58391,1693228001812,1692255737586,1692255737589,1693228001819,7,3,4
58392,1693228001819,1692255737593,1692255737598,1693228001828,9,5,4
58393,1693228001829,1692255737603,1692255737606,1693228001836,7,3,4
58394,1693228001836,1692255737610,1692255737613,1693228001843,7,3,4
58395,1693228001843,1692255737618,1692255737621,1693228001851,8,3,5
58396,1693228001851,1692255737625,1692255737629,1693228001859,8,4,4
58397,1693228001859,1692255737633,1692255737636,1693228001868,9,3,6
58398,1693228001868,1692255737643,1692255737646,1693228001877,9,3,6
58399,1693228001877,1692255737651,1692255737654,1693228001885,8,3,5
58400,1693228001885,1692255737659,1692255737663,1693228001893,8,4,4
58401,1693228001893,1692255737668,1692255737673,1693228001904,11,5,6
58402,1693228001904,1692255737704,1692255737707,1693228001937,33,3,30
58403,1693228001937,1692255737711,1692255737714,1693228001944,7,3,4
58404,1693228001944,1692255737717,1692255737721,1693228001951,7,4,3
58405,1693228001951,1692255737724,1692255737728,1693228001958,7,4,3
58406,1693228001958,1692255737733,1692255737737,1693228001967,9,4,5
58407,1693228001968,1692255737742,1692255737745,1693228001977,9,3,6
58408,1693228001977,1692255737751,1692255737754,1693228001985,8,3,5
58409,1693228001985,1692255737760,1692255737763,1693228001994,9,3,6
58410,1693228001994,1692255737768,1692255737772,1693228002003,9,4,5
58411,1693228002003,1692255737778,1692255737781,1693228002012,9,3,6
58412,1693228002012,1692255737787,1692255737790,1693228002020,8,3,5
58413,1693228002020,1692255737794,1692255737797,1693228002028,8,3,5
58414,1693228002028,1692255737802,1692255737805,1693228002035,7,3,4
58415,1693228002035,1692255737809,1692255737812,1693228002043,8,3,5
58416,1693228002043,1692255737818,1692255737821,1693228002052,9,3,6
58417,1693228002052,1692255737826,1692255737829,1693228002059,7,3,4
58418,1693228002059,1692255737833,1692255737836,1693228002066,7,3,4
58419,1693228002066,1692255737840,1692255737843,1693228002074,8,3,5
58420,1693228002074,1692255737938,1692255737942,1693228002172,98,4,94
58421,1693228002172,1692255737947,1692255737952,1693228002183,11,5,6
58422,1693228002183,1692255737957,1692255737960,1693228002192,9,3,6
58423,1693228002193,1692255737966,1692255737970,1693228002200,7,4,3
58424,1693228002201,1692255737975,1692255737978,1693228002209,8,3,5
58425,1693228002209,1692255737983,1692255737986,1693228002216,7,3,4
58426,1693228002216,1692255737990,1692255737993,1693228002224,8,3,5
58427,1693228002224,1692255737998,1692255738003,1693228002233,9,5,4
58428,1693228002233,1692255738007,1692255738011,1693228002241,8,4,4
58429,1693228002241,1692255738036,1692255738039,1693228002270,29,3,26
58430,1693228002270,1692255738044,1692255738047,1693228002278,8,3,5
58431,1693228002278,1692255738052,1692255738055,1693228002286,8,3,5
58432,1693228002286,1692255738059,1692255738063,1693228002296,10,4,6
58433,1693228002296,1692255738070,1692255738073,1693228002304,8,3,5
58434,1693228002304,1692255738080,1692255738083,1693228002313,9,3,6
58435,1693228002313,1692255738087,1692255738090,1693228002320,7,3,4
58436,1693228002320,1692255738095,1692255738098,1693228002328,8,3,5
58437,1693228002328,1692255738102,1692255738105,1693228002336,8,3,5
58438,1693228002336,1692255738110,1692255738114,1693228002344,8,4,4
58439,1693228002344,1692255738118,1692255738121,1693228002355,11,3,8
58440,1693228002355,1692255738149,1692255738152,1693228002383,28,3,25
58441,1693228002383,1692255738157,1692255738160,1693228002390,7,3,4
58442,1693228002390,1692255738164,1692255738167,1693228002398,8,3,5
58443,1693228002398,1692255738172,1692255738174,1693228002405,7,2,5
58444,1693228002405,1692255738179,1692255738183,1693228002413,8,4,4
58445,1693228002413,1692255738187,1692255738190,1693228002421,8,3,5
58446,1693228002421,1692255738195,1692255738199,1693228002429,8,4,4
58447,1693228002429,1692255738202,1692255738205,1693228002435,6,3,3
58448,1693228002435,1692255738213,1692255738216,1693228002447,12,3,9
58449,1693228002447,1692255738221,1692255738224,1693228002455,8,3,5
58450,1693228002455,1692255738233,1692255738237,1693228002468,13,4,9
58451,1693228002468,1692255738242,1692255738245,1693228002475,7,3,4
58452,1693228002475,1692255738250,1692255738253,1693228002484,9,3,6
58453,1693228002484,1692255738260,1692255738263,1693228002494,10,3,7
58454,1693228002494,1692255738268,1692255738271,1693228002502,8,3,5
58455,1693228002502,1692255738316,1692255738320,1693228002552,50,4,46
58456,1693228002552,1692255738326,1692255738329,1693228002559,7,3,4
58457,1693228002559,1692255738333,1692255738336,1693228002567,8,3,5
58458,1693228002567,1692255738341,1692255738345,1693228002576,9,4,5
58459,1693228002576,1692255738349,1692255738352,1693228002603,27,3,24
58460,1693228002603,1692255738377,1692255738380,1693228002822,219,3,216
58461,1693228002822,1692255738596,1692255738600,1693228002830,8,4,4
58462,1693228002830,1692255738604,1692255738607,1693228002837,7,3,4
58463,1693228002837,1692255738611,1692255738614,1693228002845,8,3,5
58464,1693228002845,1692255738621,1692255738626,1693228002857,12,5,7
58465,1693228002857,1692255738631,1692255738635,1693228002865,8,4,4
58466,1693228002865,1692255738639,1692255738643,1693228002873,8,4,4
58467,1693228002873,1692255738647,1692255738651,1693228002882,9,4,5
58468,1693228002882,1692255738658,1692255738663,1693228002894,12,5,7
58469,1693228002894,1692255738668,1692255738672,1693228002902,8,4,4
58470,1693228002902,1692255738675,1692255738679,1693228002909,7,4,3
58471,1693228002909,1692255738683,1692255738686,1693228002917,8,3,5
58472,1693228002917,1692255738691,1692255738694,1693228002924,7,3,4
58473,1693228002924,1692255738697,1692255738700,1693228002931,7,3,4
58474,1693228002931,1692255738705,1692255738708,1693228002939,8,3,5
58475,1693228002939,1692255738712,1692255738715,1693228002945,6,3,3
58476,1693228002945,1692255738719,1692255738722,1693228002953,8,3,5
58477,1693228002953,1692255738727,1692255738730,1693228002961,8,3,5
58478,1693228002961,1692255738734,1692255738737,1693228002968,7,3,4
58479,1693228002968,1692255738741,1692255738745,1693228002975,7,4,3
58480,1693228002975,1692255738749,1692255738753,1693228002983,8,4,4
58481,1693228002983,1692255738757,1692255738760,1693228002990,7,3,4
58482,1693228002990,1692255738764,1692255738767,1693228002997,7,3,4
58483,1693228002998,1692255738772,1692255738776,1693228003007,9,4,5
58484,1693228003007,1692255738784,1692255738787,1693228003018,11,3,8
58485,1693228003018,1692255738792,1692255738795,1693228003025,7,3,4
58486,1693228003025,1692255738821,1692255738825,1693228003055,30,4,26
58487,1693228003055,1692255738829,1692255738832,1693228003062,7,3,4
58488,1693228003063,1692255738836,1692255738839,1693228003069,6,3,3
58489,1693228003069,1692255738843,1692255738847,1693228003077,8,4,4
58490,1693228003077,1692255738851,1692255738855,1693228003085,8,4,4
58491,1693228003085,1692255738859,1692255738863,1693228003093,8,4,4
58492,1693228003093,1692255738867,1692255738870,1693228003100,7,3,4
58493,1693228003100,1692255738874,1692255738877,1693228003107,7,3,4
58494,1693228003107,1692255738882,1692255738885,1693228003115,8,3,5
58495,1693228003115,1692255738889,1692255738893,1693228003123,8,4,4
58496,1693228003123,1692255738989,1692255738993,1693228003223,100,4,96
58497,1693228003223,1692255738997,1692255739001,1693228003231,8,4,4
58498,1693228003231,1692255739004,1692255739008,1693228003238,7,4,3
58499,1693228003238,1692255739012,1692255739015,1693228003247,9,3,6
58500,1693228003247,1692255739021,1692255739028,1693228003259,12,7,5
58501,1693228003259,1692255739033,1692255739035,1693228003265,6,2,4
58502,1693228003265,1692255739039,1692255739043,1693228003273,8,4,4
58503,1693228003273,1692255739047,1692255739050,1693228003280,7,3,4
58504,1693228003280,1692255739059,1692255739062,1693228003293,13,3,10
58505,1693228003293,1692255739069,1692255739072,1693228003303,10,3,7
58506,1693228003303,1692255739076,1692255739080,1693228003310,7,4,3
58507,1693228003310,1692255739084,1692255739087,1693228003320,10,3,7
58508,1693228003320,1692255739094,1692255739097,1693228003328,8,3,5
58509,1693228003328,1692255739102,1692255739105,1693228003335,7,3,4
58510,1693228003336,1692255739110,1692255739113,1693228003343,7,3,4
58511,1693228003343,1692255739118,1692255739121,1693228003352,9,3,6
58512,1693228003352,1692255739126,1692255739129,1693228003360,8,3,5
58513,1693228003360,1692255739133,1692255739136,1693228003366,6,3,3
58514,1693228003366,1692255739140,1692255739143,1693228003374,8,3,5
58515,1693228003374,1692255739148,1692255739150,1693228003381,7,2,5
58516,1693228003381,1692255739154,1692255739157,1693228003387,6,3,3
58517,1693228003387,1692255739161,1692255739164,1693228003394,7,3,4
58518,1693228003394,1692255739168,1692255739171,1693228003403,9,3,6
58519,1693228003403,1692255739177,1692255739180,1693228003411,8,3,5
58520,1693228003411,1692255739185,1692255739189,1693228003421,10,4,6
58521,1693228003421,1692255739195,1692255739199,1693228003429,8,4,4
58522,1693228003429,1692255739203,1692255739206,1693228003437,8,3,5
58523,1693228003437,1692255739211,1692255739214,1693228003445,8,3,5
58524,1693228003445,1692255739219,1692255739222,1693228003452,7,3,4
58525,1693228003453,1692255739227,1692255739230,1693228003461,8,3,5
58526,1693228003461,1692255739235,1692255739237,1693228003469,8,2,6
58527,1693228003469,1692255739242,1692255739245,1693228003476,7,3,4
58528,1693228003476,1692255739250,1692255739253,1693228003508,32,3,29
58529,1693228003508,1692255739282,1692255739285,1693228003515,7,3,4
58530,1693228003516,1692255739289,1692255739293,1693228003525,9,4,5
58531,1693228003525,1692255739299,1692255739303,1693228003534,9,4,5
58532,1693228003534,1692255739311,1692255739314,1693228003544,10,3,7
58533,1693228003545,1692255739319,1692255739321,1693228003553,8,2,6
58534,1693228003553,1692255739327,1692255739330,1693228003561,8,3,5
58535,1693228003561,1692255739340,1692255739344,1693228003575,14,4,10
58536,1693228003575,1692255739349,1692255739352,1693228003583,8,3,5
58537,1693228003583,1692255739357,1692255739361,1693228003594,11,4,7
58538,1693228003594,1692255739368,1692255739371,1693228003602,8,3,5
58539,1693228003602,1692255739376,1692255739380,1693228003611,9,4,5
58540,1693228003611,1692255739385,1692255739388,1693228003618,7,3,4
58541,1693228003618,1692255739393,1692255739396,1693228003627,9,3,6
58542,1693228003627,1692255739401,1692255739404,1693228003634,7,3,4
58543,1693228003634,1692255739408,1692255739412,1693228003642,8,4,4
58544,1693228003642,1692255739416,1692255739419,1693228003869,227,3,224
58545,1693228003869,1692255739645,1692255739649,1693228003879,10,4,6
58546,1693228003879,1692255739653,1692255739656,1693228003887,8,3,5
58547,1693228003887,1692255739661,1692255739664,1693228003895,8,3,5
58548,1693228003895,1692255739669,1692255739672,1693228003902,7,3,4
58549,1693228003902,1692255739676,1692255739680,1693228003910,8,4,4
58550,1693228003910,1692255739684,1692255739688,1693228003918,8,4,4
58551,1693228003918,1692255739692,1692255739696,1693228003927,9,4,5
58552,1693228003927,1692255739722,1692255739725,1693228003956,29,3,26
58553,1693228003956,1692255739730,1692255739734,1693228003964,8,4,4
58554,1693228003964,1692255739738,1692255739741,1693228003971,7,3,4
58555,1693228003972,1692255739745,1692255739748,1693228003979,7,3,4
58556,1693228003979,1692255739753,1692255739755,1693228003986,7,2,5
58557,1693228003986,1692255739764,1692255739767,1693228003997,11,3,8
58558,1693228003997,1692255739771,1692255739774,1693228004005,8,3,5
58559,1693228004005,1692255739778,1692255739782,1693228004012,7,4,3
58560,1693228004013,1692255739792,1692255739795,1693228004025,12,3,9
58561,1693228004025,1692255739800,1692255739804,1693228004036,11,4,7
58562,1693228004036,1692255739810,1692255739813,1693228004043,7,3,4
58563,1693228004043,1692255739817,1692255739821,1693228004051,8,4,4
58564,1693228004051,1692255739826,1692255739829,1693228004059,8,3,5
58565,1693228004059,1692255739834,1692255739837,1693228004068,9,3,6
58566,1693228004068,1692255739842,1692255739845,1693228004076,8,3,5
58567,1693228004076,1692255739850,1692255739853,1693228004084,8,3,5
58568,1693228004084,1692255739858,1692255739861,1693228004095,11,3,8
58569,1693228004095,1692255739869,1692255739872,1693228004103,8,3,5
58570,1693228004103,1692255739878,1692255739881,1693228004112,9,3,6
58571,1693228004112,1692255739886,1692255739889,1693228004120,8,3,5
58572,1693228004120,1692255739894,1692255739897,1693228004128,8,3,5
58573,1693228004128,1692255739902,1692255739905,1693228004135,7,3,4
58574,1693228004135,1692255739910,1692255739915,1693228004146,11,5,6
58575,1693228004146,1692255739920,1692255739923,1693228004154,8,3,5
58576,1693228004154,1692255739928,1692255739932,1693228004162,8,4,4
58577,1693228004162,1692255739936,1692255739939,1693228004169,7,3,4
58578,1693228004169,1692255739943,1692255739946,1693228004260,91,3,88
58579,1693228004260,1692255740034,1692255740037,1693228004286,26,3,23
58580,1693228004286,1692255740060,1692255740064,1693228004295,9,4,5
58581,1693228004295,1692255740068,1692255740072,1693228004302,7,4,3
58582,1693228004302,1692255740076,1692255740079,1693228004309,7,3,4
58583,1693228004309,1692255740083,1692255740086,1693228004316,7,3,4
58584,1693228004316,1692255740090,1692255740094,1693228004324,8,4,4
58585,1693228004324,1692255740098,1692255740101,1693228004332,8,3,5
58586,1693228004332,1692255740106,1692255740110,1693228004344,12,4,8
58587,1693228004344,1692255740118,1692255740121,1693228004352,8,3,5
58588,1693228004352,1692255740126,1692255740129,1693228004359,7,3,4
58589,1693228004359,1692255740133,1692255740136,1693228004367,8,3,5
58590,1693228004367,1692255740141,1692255740144,1693228004375,8,3,5
58591,1693228004375,1692255740149,1692255740152,1693228004382,7,3,4
58592,1693228004382,1692255740156,1692255740160,1693228004390,8,4,4
58593,1693228004390,1692255740164,1692255740167,1693228004397,7,3,4
58594,1693228004397,1692255740171,1692255740175,1693228004406,9,4,5
58595,1693228004406,1692255740180,1692255740183,1693228004414,8,3,5
58596,1693228004414,1692255740188,1692255740191,1693228004422,8,3,5
58597,1693228004422,1692255740196,1692255740199,1693228004429,7,3,4
58598,1693228004429,1692255740204,1692255740207,1693228004437,8,3,5
58599,1693228004437,1692255740211,1692255740214,1693228004445,8,3,5
58600,1693228004445,1692255740219,1692255740222,1693228004453,8,3,5
58601,1693228004453,1692255740227,1692255740231,1693228004461,8,4,4
58602,1693228004461,1692255740235,1692255740238,1693228004469,8,3,5
58603,1693228004469,1692255740242,1692255740246,1693228004477,8,4,4
58604,1693228004477,1692255740251,1692255740254,1693228004484,7,3,4
58605,1693228004484,1692255740258,1692255740261,1693228004491,7,3,4
58606,1693228004491,1692255740265,1692255740269,1693228004499,8,4,4
58607,1693228004499,1692255740273,1692255740277,1693228004507,8,4,4
58608,1693228004507,1692255740281,1692255740284,1693228004515,8,3,5
58609,1693228004515,1692255740289,1692255740293,1693228004523,8,4,4
58610,1693228004523,1692255740297,1692255740300,1693228004530,7,3,4
58611,1693228004530,1692255740304,1692255740309,1693228004539,9,5,4
58612,1693228004539,1692255740314,1692255740317,1693228004547,8,3,5
58613,1693228004547,1692255740321,1692255740325,1693228004555,8,4,4
58614,1693228004555,1692255740329,1692255740332,1693228004562,7,3,4
58615,1693228004562,1692255740336,1692255740339,1693228004570,8,3,5
58616,1693228004570,1692255740344,1692255740347,1693228004577,7,3,4
58617,1693228004577,1692255740351,1692255740355,1693228004586,9,4,5
58618,1693228004586,1692255740360,1692255740363,1693228004594,8,3,5
58619,1693228004594,1692255740372,1692255740376,1693228004624,30,4,26
58620,1693228004624,1692255740399,1692255740402,1693228004632,8,3,5
58621,1693228004632,1692255740406,1692255740409,1693228004639,7,3,4
58622,1693228004639,1692255740413,1692255740415,1693228004646,7,2,5
58623,1693228004646,1692255740422,1692255740425,1693228004655,9,3,6
58624,1693228004655,1692255740430,1692255740433,1693228004663,8,3,5
58625,1693228004663,1692255740438,1692255740440,1693228004671,8,2,6
58626,1693228004671,1692255740444,1692255740447,1693228004679,8,3,5
58627,1693228004679,1692255740453,1692255740456,1693228004686,7,3,4
58628,1693228004686,1692255740461,1692255740463,1693228004693,7,2,5
58629,1693228004694,1692255740467,1692255740471,1693228004919,225,4,221
58630,1693228004919,1692255740693,1692255740697,1693228004928,9,4,5
58631,1693228004928,1692255740702,1692255740706,1693228004936,8,4,4
58632,1693228004936,1692255740710,1692255740714,1693228004944,8,4,4
58633,1693228004944,1692255740718,1692255740721,1693228004952,8,3,5
58634,1693228004952,1692255740726,1692255740729,1693228004959,7,3,4
58635,1693228004959,1692255740733,1692255740736,1693228004967,8,3,5
58636,1693228004967,1692255740741,1692255740745,1693228004976,9,4,5
58637,1693228004976,1692255740750,1692255740753,1693228004984,8,3,5
58638,1693228004984,1692255740758,1692255740761,1693228004992,8,3,5
58639,1693228004992,1692255740766,1692255740768,1693228004999,7,2,5
58640,1693228004999,1692255740772,1692255740775,1693228005006,7,3,4
58641,1693228005006,1692255740780,1692255740783,1693228005014,8,3,5
58642,1693228005014,1692255740788,1692255740791,1693228005021,7,3,4
58643,1693228005021,1692255740795,1692255740798,1693228005028,7,3,4
58644,1693228005028,1692255740802,1692255740806,1693228005036,8,4,4
58645,1693228005036,1692255740810,1692255740813,1693228005044,8,3,5
58646,1693228005044,1692255740817,1692255740821,1693228005051,7,4,3
58647,1693228005051,1692255740849,1692255740852,1693228005082,31,3,28
58648,1693228005082,1692255740856,1692255740861,1693228005092,10,5,5
58649,1693228005092,1692255740870,1692255740874,1693228005105,13,4,9
58650,1693228005105,1692255740879,1692255740882,1693228005113,8,3,5
58651,1693228005113,1692255740887,1692255740890,1693228005120,7,3,4
58652,1693228005120,1692255740894,1692255740898,1693228005128,8,4,4
58653,1693228005128,1692255740902,1692255740907,1693228005137,9,5,4
58654,1693228005137,1692255740912,1692255740915,1693228005145,8,3,5
58655,1693228005145,1692255740920,1692255740923,1693228005153,8,3,5
58656,1693228005153,1692255740927,1692255740931,1693228005162,9,4,5
58657,1693228005162,1692255740935,1692255740938,1693228005169,7,3,4
58658,1693228005169,1692255740943,1692255740946,1693228005176,7,3,4
58659,1693228005176,1692255740950,1692255740953,1693228005184,8,3,5
58660,1693228005184,1692255740958,1692255740961,1693228005191,7,3,4
58661,1693228005191,1692255740966,1692255740969,1693228005200,9,3,6
58662,1693228005200,1692255740974,1692255740978,1693228005208,8,4,4
58663,1693228005208,1692255740982,1692255740985,1693228005216,8,3,5
58664,1693228005216,1692255740990,1692255740993,1693228005312,96,3,93
58665,1693228005312,1692255741086,1692255741089,1693228005319,7,3,4
58666,1693228005319,1692255741093,1692255741097,1693228005328,9,4,5
58667,1693228005328,1692255741102,1692255741105,1693228005335,7,3,4
58668,1693228005335,1692255741109,1692255741113,1693228005343,8,4,4
58669,1693228005343,1692255741117,1692255741120,1693228005351,8,3,5
58670,1693228005351,1692255741125,1692255741128,1693228005359,8,3,5
58671,1693228005359,1692255741133,1692255741137,1693228005369,10,4,6
58672,1693228005369,1692255741143,1692255741146,1693228005377,8,3,5
58673,1693228005377,1692255741151,1692255741154,1693228005385,8,3,5
58674,1693228005385,1692255741159,1692255741162,1693228005411,26,3,23
58675,1693228005411,1692255741185,1692255741189,1693228005420,9,4,5
58676,1693228005420,1692255741194,1692255741197,1693228005427,7,3,4
58677,1693228005427,1692255741201,1692255741204,1693228005435,8,3,5
58678,1693228005435,1692255741209,1692255741212,1693228005443,8,3,5
58679,1693228005443,1692255741217,1692255741221,1693228005451,8,4,4
58680,1693228005451,1692255741225,1692255741228,1693228005458,7,3,4
58681,1693228005458,1692255741232,1692255741235,1693228005466,8,3,5
58682,1693228005466,1692255741241,1692255741245,1693228005475,9,4,5
58683,1693228005475,1692255741249,1692255741253,1693228005483,8,4,4
58684,1693228005483,1692255741257,1692255741260,1693228005490,7,3,4
58685,1693228005490,1692255741264,1692255741268,1693228005508,18,4,14
58686,1693228005508,1692255741296,1692255741300,1693228005530,22,4,18
58687,1693228005530,1692255741304,1692255741307,1693228005537,7,3,4
58688,1693228005537,1692255741311,1692255741314,1693228005544,7,3,4
58689,1693228005544,1692255741318,1692255741321,1693228005553,9,3,6
58690,1693228005553,1692255741327,1692255741331,1693228005561,8,4,4
58691,1693228005561,1692255741336,1692255741339,1693228005571,10,3,7
58692,1693228005571,1692255741345,1692255741349,1693228005579,8,4,4
58693,1693228005579,1692255741355,1692255741358,1693228005589,10,3,7
58694,1693228005589,1692255741363,1692255741366,1693228005597,8,3,5
58695,1693228005597,1692255741378,1692255741380,1693228005611,14,2,12
58696,1693228005611,1692255741384,1692255741388,1693228005618,7,4,3
58697,1693228005618,1692255741392,1692255741395,1693228005626,8,3,5
58698,1693228005626,1692255741401,1692255741404,1693228005635,9,3,6
58699,1693228005635,1692255741409,1692255741412,1693228005643,8,3,5
58700,1693228005643,1692255741423,1692255741426,1693228005657,14,3,11
58701,1693228005657,1692255741437,1692255741441,1693228005673,16,4,12
58702,1693228005673,1692255741447,1692255741450,1693228005681,8,3,5
58703,1693228005681,1692255741455,1692255741459,1693228005690,9,4,5
58704,1693228005690,1692255741464,1692255741467,1693228005697,7,3,4
58705,1693228005697,1692255741471,1692255741475,1693228005705,8,4,4
58706,1693228005705,1692255741479,1692255741482,1693228005712,7,3,4
58707,1693228005712,1692255741487,1692255741489,1693228005720,8,2,6
58708,1693228005720,1692255741494,1692255741497,1693228005747,27,3,24
58709,1693228005747,1692255741521,1692255741525,1693228005968,221,4,217
58710,1693228005968,1692255741743,1692255741747,1693228005977,9,4,5
58711,1693228005977,1692255741754,1692255741756,1693228005986,9,2,7
58712,1693228005986,1692255741760,1692255741763,1693228005994,8,3,5
58713,1693228005994,1692255741768,1692255741771,1693228006002,8,3,5
58714,1693228006002,1692255741776,1692255741779,1693228006009,7,3,4
58715,1693228006009,1692255741783,1692255741786,1693228006016,7,3,4
58716,1693228006016,1692255741790,1692255741793,1693228006024,8,3,5
58717,1693228006024,1692255741798,1692255741801,1693228006031,7,3,4
58718,1693228006031,1692255741805,1692255741808,1693228006039,8,3,5
58719,1693228006039,1692255741812,1692255741816,1693228006046,7,4,3
58720,1693228006047,1692255741820,1692255741823,1693228006053,6,3,3
58721,1693228006053,1692255741827,1692255741832,1693228006063,10,5,5
58722,1693228006063,1692255741837,1692255741840,1693228006070,7,3,4
58723,1693228006070,1692255741846,1692255741849,1693228006080,10,3,7
58724,1693228006080,1692255741856,1692255741859,1693228006090,10,3,7
58725,1693228006090,1692255741865,1692255741868,1693228006098,8,3,5
58726,1693228006098,1692255741872,1692255741875,1693228006105,7,3,4
58727,1693228006105,1692255741880,1692255741883,1693228006114,9,3,6
58728,1693228006114,1692255741888,1692255741892,1693228006122,8,4,4
58729,1693228006122,1692255741896,1692255741899,1693228006129,7,3,4
58730,1693228006129,1692255741906,1692255741909,1693228006140,11,3,8
58731,1693228006140,1692255741914,1692255741917,1693228006148,8,3,5
58732,1693228006148,1692255741922,1692255741925,1693228006156,8,3,5
58733,1693228006156,1692255741930,1692255741933,1693228006163,7,3,4
58734,1693228006163,1692255741937,1692255741941,1693228006171,8,4,4
58735,1693228006171,1692255741979,1692255741983,1693228006214,43,4,39
58736,1693228006214,1692255741996,1692255742000,1693228006231,17,4,13
58737,1693228006231,1692255742005,1692255742008,1693228006238,7,3,4
58738,1693228006238,1692255742013,1692255742016,1693228006246,8,3,5
58739,1693228006246,1692255742020,1692255742023,1693228006254,8,3,5
58740,1693228006254,1692255742028,1692255742031,1693228006262,8,3,5
58741,1693228006262,1692255742038,1692255742041,1693228006361,99,3,96
58742,1693228006361,1692255742135,1692255742139,1693228006369,8,4,4
58743,1693228006369,1692255742143,1692255742146,1693228006377,8,3,5
58744,1693228006377,1692255742151,1692255742154,1693228006384,7,3,4
58745,1693228006385,1692255742158,1692255742161,1693228006392,7,3,4
58746,1693228006392,1692255742166,1692255742170,1693228006400,8,4,4
58747,1693228006400,1692255742174,1692255742177,1693228006407,7,3,4
58748,1693228006407,1692255742181,1692255742184,1693228006414,7,3,4
58749,1693228006414,1692255742188,1692255742191,1693228006421,7,3,4
58750,1693228006421,1692255742195,1692255742199,1693228006429,8,4,4
58751,1693228006429,1692255742202,1692255742205,1693228006436,7,3,4
58752,1693228006436,1692255742210,1692255742214,1693228006444,8,4,4
58753,1693228006444,1692255742217,1692255742221,1693228006452,8,4,4
58754,1693228006452,1692255742226,1692255742230,1693228006461,9,4,5
58755,1693228006461,1692255742235,1692255742238,1693228006468,7,3,4
58756,1693228006469,1692255742243,1692255742247,1693228006478,9,4,5
58757,1693228006478,1692255742252,1692255742255,1693228006485,7,3,4
58758,1693228006485,1692255742259,1692255742264,1693228006494,9,5,4
58759,1693228006494,1692255742268,1692255742272,1693228006502,8,4,4
58760,1693228006502,1692255742276,1692255742279,1693228006510,8,3,5
58761,1693228006510,1692255742284,1692255742287,1693228006517,7,3,4
58762,1693228006517,1692255742292,1692255742296,1693228006526,9,4,5
58763,1693228006526,1692255742300,1692255742303,1693228006533,7,3,4
58764,1693228006533,1692255742307,1692255742311,1693228006541,8,4,4
58765,1693228006541,1692255742315,1692255742319,1693228006550,9,4,5
58766,1693228006550,1692255742324,1692255742327,1693228006557,7,3,4
58767,1693228006557,1692255742331,1692255742334,1693228006564,7,3,4
58768,1693228006564,1692255742338,1692255742342,1693228006572,8,4,4
58769,1693228006572,1692255742345,1692255742348,1693228006578,6,3,3
58770,1693228006578,1692255742352,1692255742356,1693228006586,8,4,4
58771,1693228006586,1692255742361,1692255742364,1693228006596,10,3,7
58772,1693228006596,1692255742370,1692255742373,1693228006603,7,3,4
58773,1693228006604,1692255742377,1692255742380,1693228006614,10,3,7
58774,1693228006614,1692255742388,1692255742391,1693228006622,8,3,5
58775,1693228006622,1692255742418,1692255742422,1693228006652,30,4,26
58776,1693228006652,1692255742427,1692255742431,1693228006661,9,4,5
58777,1693228006662,1692255742436,1692255742440,1693228006670,8,4,4
58778,1693228006670,1692255742446,1692255742449,1693228006680,10,3,7
58779,1693228006680,1692255742454,1692255742458,1693228006688,8,4,4
58780,1693228006688,1692255742462,1692255742465,1693228006698,10,3,7
58781,1693228006698,1692255742472,1692255742476,1693228006708,10,4,6
58782,1693228006708,1692255742482,1692255742485,1693228006716,8,3,5
58783,1693228006716,1692255742490,1692255742493,1693228006724,8,3,5
58784,1693228006724,1692255742499,1692255742503,1693228006733,9,4,5
58785,1693228006733,1692255742511,1692255742515,1693228006745,12,4,8
58786,1693228006745,1692255742520,1692255742522,1693228006753,8,2,6
58787,1693228006753,1692255742527,1692255742531,1693228006761,8,4,4
58788,1693228006761,1692255742535,1692255742539,1693228006769,8,4,4
58789,1693228006769,1692255742543,1692255742546,1693228006777,8,3,5
58790,1693228006777,1692255742550,1692255742554,1693228006785,8,4,4
58791,1693228006785,1692255742559,1692255742563,1693228006793,8,4,4
58792,1693228006793,1692255742789,1692255742792,1693228007023,230,3,227
58793,1693228007023,1692255742797,1692255742800,1693228007030,7,3,4
58794,1693228007031,1692255742805,1692255742808,1693228007039,8,3,5
58795,1693228007039,1692255742813,1692255742817,1693228007048,9,4,5
58796,1693228007048,1692255742822,1692255742826,1693228007057,9,4,5
58797,1693228007057,1692255742831,1692255742834,1693228007064,7,3,4
58798,1693228007064,1692255742838,1692255742841,1693228007071,7,3,4
58799,1693228007071,1692255742877,1692255742880,1693228007111,40,3,37
58800,1693228007111,1692255742884,1692255742887,1693228007117,6,3,3
58801,1693228007117,1692255742892,1692255742895,1693228007125,8,3,5
58802,1693228007125,1692255742900,1692255742903,1693228007134,9,3,6
58803,1693228007134,1692255742909,1692255742912,1693228007142,8,3,5
58804,1693228007142,1692255742916,1692255742919,1693228007150,8,3,5
58805,1693228007150,1692255742923,1692255742926,1693228007157,7,3,4
58806,1693228007157,1692255742931,1692255742934,1693228007164,7,3,4
58807,1693228007165,1692255742938,1692255742941,1693228007171,6,3,3
58808,1693228007171,1692255742945,1692255742947,1693228007178,7,2,5
58809,1693228007178,1692255742952,1692255742955,1693228007186,8,3,5
58810,1693228007186,1692255742961,1692255742964,1693228007194,8,3,5
58811,1693228007194,1692255742968,1692255742971,1693228007201,7,3,4
58812,1693228007201,1692255742976,1692255742979,1693228007210,9,3,6
58813,1693228007210,1692255742985,1692255742987,1693228007218,8,2,6
58814,1693228007218,1692255742993,1692255742996,1693228007227,9,3,6
58815,1693228007227,1692255743001,1692255743005,1693228007235,8,4,4
58816,1693228007235,1692255743010,1692255743013,1693228007244,9,3,6
58817,1693228007244,1692255743018,1692255743021,1693228007251,7,3,4
58818,1693228007251,1692255743026,1692255743029,1693228007259,8,3,5
58819,1693228007259,1692255743034,1692255743037,1693228007267,8,3,5
58820,1693228007268,1692255743043,1692255743046,1693228007277,9,3,6
58821,1693228007277,1692255743053,1692255743056,1693228007287,10,3,7
58822,1693228007287,1692255743061,1692255743064,1693228007294,7,3,4
58823,1693228007294,1692255743068,1692255743071,1693228007318,24,3,21
58824,1693228007318,1692255743092,1692255743095,1693228007406,88,3,85
58825,1693228007406,1692255743183,1692255743186,1693228007433,27,3,24
58826,1693228007433,1692255743207,1692255743210,1693228007441,8,3,5
58827,1693228007441,1692255743216,1692255743220,1693228007451,10,4,6
58828,1693228007451,1692255743224,1692255743227,1693228007458,7,3,4
58829,1693228007458,1692255743232,1692255743235,1693228007466,8,3,5
58830,1693228007467,1692255743240,1692255743244,1693228007474,7,4,3
58831,1693228007474,1692255743248,1692255743252,1693228007482,8,4,4
58832,1693228007482,1692255743256,1692255743261,1693228007491,9,5,4
58833,1693228007491,1692255743265,1692255743268,1693228007499,8,3,5
58834,1693228007499,1692255743273,1692255743276,1693228007506,7,3,4
58835,1693228007506,1692255743280,1692255743283,1693228007513,7,3,4
58836,1693228007513,1692255743290,1692255743293,1693228007523,10,3,7
58837,1693228007523,1692255743297,1692255743300,1693228007532,9,3,6
58838,1693228007532,1692255743306,1692255743309,1693228007539,7,3,4
58839,1693228007539,1692255743313,1692255743316,1693228007546,7,3,4
58840,1693228007546,1692255743320,1692255743323,1693228007554,8,3,5
58841,1693228007554,1692255743328,1692255743332,1693228007562,8,4,4
58842,1693228007562,1692255743341,1692255743345,1693228007578,16,4,12
58843,1693228007578,1692255743351,1692255743354,1693228007585,7,3,4
58844,1693228007585,1692255743359,1692255743363,1693228007593,8,4,4
58845,1693228007593,1692255743368,1692255743371,1693228007601,8,3,5
58846,1693228007601,1692255743376,1692255743379,1693228007609,8,3,5
58847,1693228007609,1692255743383,1692255743386,1693228007619,10,3,7
58848,1693228007619,1692255743394,1692255743398,1693228007629,10,4,6
58849,1693228007629,1692255743404,1692255743408,1693228007639,10,4,6
58850,1693228007639,1692255743413,1692255743416,1693228007647,8,3,5
58851,1693228007647,1692255743422,1692255743425,1693228007656,9,3,6
58852,1693228007656,1692255743434,1692255743438,1693228007669,13,4,9
58853,1693228007669,1692255743443,1692255743446,1693228007677,8,3,5
58854,1693228007677,1692255743451,1692255743453,1693228007684,7,2,5
58855,1693228007684,1692255743457,1692255743461,1693228007691,7,4,3
58856,1693228007691,1692255743465,1692255743468,1693228007699,8,3,5
58857,1693228007699,1692255743473,1692255743477,1693228007707,8,4,4
58858,1693228007707,1692255743481,1692255743484,1693228007714,7,3,4
58859,1693228007714,1692255743487,1692255743490,1693228007722,8,3,5
58860,1693228007722,1692255743495,1692255743499,1693228007729,7,4,3
58861,1693228007729,1692255743502,1692255743506,1693228007736,7,4,3
58862,1693228007736,1692255743513,1692255743516,1693228007767,31,3,28
58863,1693228007767,1692255743542,1692255743545,1693228007775,8,3,5
58864,1693228007775,1692255743549,1692255743553,1693228007783,8,4,4
58865,1693228007783,1692255743557,1692255743560,1693228007790,7,3,4
58866,1693228007790,1692255743563,1692255743566,1693228007797,7,3,4
58867,1693228007797,1692255743570,1692255743573,1693228007803,6,3,3
58868,1693228007803,1692255743577,1692255743580,1693228007810,7,3,4
58869,1693228007810,1692255743584,1692255743589,1693228007820,10,5,5
58870,1693228007820,1692255743596,1692255743599,1693228007830,10,3,7
58871,1693228007830,1692255743605,1692255743608,1693228007838,8,3,5
58872,1693228007838,1692255743612,1692255743616,1693228008064,226,4,222
58873,1693228008064,1692255743839,1692255743843,1693228008073,9,4,5
58874,1693228008073,1692255743848,1692255743852,1693228008082,9,4,5
58875,1693228008082,1692255743857,1692255743860,1693228008090,8,3,5
58876,1693228008091,1692255743865,1692255743868,1693228008098,7,3,4
58877,1693228008098,1692255743872,1692255743875,1693228008105,7,3,4
58878,1693228008105,1692255743881,1692255743884,1693228008114,9,3,6
58879,1693228008114,1692255743887,1692255743890,1693228008122,8,3,5
58880,1693228008122,1692255743896,1692255743899,1693228008131,9,3,6
58881,1693228008132,1692255743906,1692255743908,1693228008139,7,2,5
58882,1693228008139,1692255743913,1692255743916,1693228008146,7,3,4
58883,1693228008146,1692255743920,1692255743923,1693228008153,7,3,4
58884,1693228008153,1692255743927,1692255743931,1693228008161,8,4,4
58885,1693228008161,1692255743935,1692255743938,1693228008168,7,3,4
58886,1693228008168,1692255743943,1692255743947,1693228008177,9,4,5
58887,1693228008177,1692255743950,1692255743953,1693228008183,6,3,3
58888,1693228008183,1692255743957,1692255743960,1693228008190,7,3,4
58889,1693228008190,1692255743964,1692255743967,1693228008198,8,3,5
58890,1693228008198,1692255743992,1692255743996,1693228008226,28,4,24
58891,1693228008226,1692255743999,1692255744002,1693228008234,8,3,5
58892,1693228008234,1692255744008,1692255744011,1693228008241,7,3,4
58893,1693228008241,1692255744015,1692255744018,1693228008249,8,3,5
58894,1693228008249,1692255744023,1692255744026,1693228008257,8,3,5
58895,1693228008257,1692255744031,1692255744034,1693228008264,7,3,4
58896,1693228008264,1692255744038,1692255744041,1693228008271,7,3,4
58897,1693228008271,1692255744045,1692255744049,1693228008279,8,4,4
58898,1693228008279,1692255744052,1692255744055,1693228008286,7,3,4
58899,1693228008286,1692255744061,1692255744065,1693228008295,9,4,5
58900,1693228008295,1692255744069,1692255744073,1693228008303,8,4,4
58901,1693228008303,1692255744077,1692255744081,1693228008311,8,4,4
58902,1693228008311,1692255744085,1692255744088,1693228008319,8,3,5
58903,1693228008319,1692255744093,1692255744097,1693228008327,8,4,4
58904,1693228008327,1692255744100,1692255744104,1693228008336,9,4,5
58905,1693228008336,1692255744110,1692255744113,1693228008343,7,3,4
58906,1693228008343,1692255744117,1692255744122,1693228008353,10,5,5
58907,1693228008353,1692255744127,1692255744131,1693228008362,9,4,5
58908,1693228008362,1692255744136,1692255744139,1693228008457,95,3,92
58909,1693228008457,1692255744232,1692255744235,1693228008466,9,3,6
58910,1693228008466,1692255744240,1692255744243,1693228008474,8,3,5
58911,1693228008474,1692255744248,1692255744251,1693228008482,8,3,5
58912,1693228008482,1692255744257,1692255744261,1693228008491,9,4,5
58913,1693228008491,1692255744266,1692255744269,1693228008499,8,3,5
58914,1693228008499,1692255744273,1692255744276,1693228008507,8,3,5
58915,1693228008507,1692255744281,1692255744284,1693228008515,8,3,5
58916,1693228008515,1692255744290,1692255744293,1693228008524,9,3,6
58917,1693228008524,1692255744298,1692255744301,1693228008531,7,3,4
58918,1693228008531,1692255744305,1692255744308,1693228008554,23,3,20
58919,1693228008554,1692255744329,1692255744333,1693228008564,10,4,6
58920,1693228008564,1692255744338,1692255744342,1693228008572,8,4,4
58921,1693228008572,1692255744346,1692255744349,1693228008580,8,3,5
58922,1693228008580,1692255744354,1692255744357,1693228008588,8,3,5
58923,1693228008588,1692255744362,1692255744364,1693228008595,7,2,5
58924,1693228008595,1692255744369,1692255744372,1693228008603,8,3,5
58925,1693228008603,1692255744377,1692255744380,1693228008611,8,3,5
58926,1693228008611,1692255744385,1692255744388,1693228008618,7,3,4
58927,1693228008618,1692255744396,1692255744399,1693228008629,11,3,8
58928,1693228008629,1692255744403,1692255744407,1693228008637,8,4,4
58929,1693228008637,1692255744411,1692255744414,1693228008647,10,3,7
58930,1693228008647,1692255744445,1692255744448,1693228008678,31,3,28
58931,1693228008678,1692255744452,1692255744455,1693228008686,8,3,5
58932,1693228008686,1692255744460,1692255744463,1693228008694,8,3,5
58933,1693228008694,1692255744467,1692255744470,1693228008701,7,3,4
58934,1693228008701,1692255744475,1692255744478,1693228008708,7,3,4
58935,1693228008708,1692255744482,1692255744486,1693228008716,8,4,4
58936,1693228008716,1692255744490,1692255744494,1693228008725,9,4,5
58937,1693228008725,1692255744501,1692255744504,1693228008734,9,3,6
58938,1693228008735,1692255744509,1692255744512,1693228008743,8,3,5
58939,1693228008743,1692255744518,1692255744521,1693228008752,9,3,6
58940,1693228008752,1692255744526,1692255744529,1693228008760,8,3,5
58941,1693228008760,1692255744534,1692255744538,1693228008810,50,4,46
58942,1693228008810,1692255744623,1692255744627,1693228008863,53,4,49
58943,1693228008863,1692255744637,1692255744641,1693228008893,30,4,26
58944,1693228008893,1692255744667,1692255744670,1693228009112,219,3,216
58945,1693228009113,1692255744888,1692255744891,1693228009122,9,3,6
58946,1693228009122,1692255744895,1692255744900,1693228009131,9,5,4
58947,1693228009131,1692255744905,1692255744908,1693228009138,7,3,4
58948,1693228009138,1692255744912,1692255744916,1693228009146,8,4,4
58949,1693228009146,1692255744920,1692255744923,1693228009155,9,3,6
58950,1693228009155,1692255744929,1692255744932,1693228009162,7,3,4
58951,1693228009162,1692255744938,1692255744941,1693228009171,9,3,6
58952,1693228009171,1692255744945,1692255744948,1693228009179,8,3,5
58953,1693228009179,1692255744953,1692255744956,1693228009186,7,3,4
58954,1693228009186,1692255744960,1692255744964,1693228009194,8,4,4
58955,1693228009194,1692255744967,1692255744971,1693228009201,7,4,3
58956,1693228009201,1692255744975,1692255744979,1693228009210,9,4,5
58957,1693228009210,1692255744984,1692255744987,1693228009217,7,3,4
58958,1693228009217,1692255744991,1692255744994,1693228009225,8,3,5
58959,1693228009225,1692255745001,1692255745003,1693228009234,9,2,7
58960,1693228009234,1692255745008,1692255745012,1693228009243,9,4,5
58961,1693228009243,1692255745017,1692255745020,1693228009251,8,3,5
58962,1693228009251,1692255745026,1692255745029,1693228009260,9,3,6
58963,1693228009260,1692255745034,1692255745037,1693228009267,7,3,4
58964,1693228009267,1692255745042,1692255745045,1693228009275,8,3,5
58965,1693228009275,1692255745050,1692255745053,1693228009283,8,3,5
58966,1693228009283,1692255745058,1692255745061,1693228009291,8,3,5
58967,1693228009291,1692255745065,1692255745068,1693228009301,10,3,7
58968,1693228009301,1692255745075,1692255745078,1693228009309,8,3,5
58969,1693228009309,1692255745088,1692255745092,1693228009340,31,4,27
58970,1693228009340,1692255745114,1692255745119,1693228009350,10,5,5
58971,1693228009350,1692255745124,1692255745127,1693228009357,7,3,4
58972,1693228009357,1692255745133,1692255745136,1693228009369,12,3,9
58973,1693228009369,1692255745148,1692255745151,1693228009381,12,3,9
58974,1693228009382,1692255745155,1692255745159,1693228009390,8,4,4
58975,1693228009390,1692255745168,1692255745172,1693228009403,13,4,9
58976,1693228009403,1692255745177,1692255745180,1693228009410,7,3,4
58977,1693228009410,1692255745184,1692255745188,1693228009520,110,4,106
58978,1693228009520,1692255745299,1692255745302,1693228009533,13,3,10
58979,1693228009533,1692255745307,1692255745311,1693228009542,9,4,5
58980,1693228009542,1692255745316,1692255745320,1693228009550,8,4,4
58981,1693228009550,1692255745324,1692255745327,1693228009694,144,3,141
58982,1693228009694,1692255745469,1692255745473,1693228009703,9,4,5
58983,1693228009703,1692255745478,1692255745481,1693228009712,9,3,6
58984,1693228009712,1692255745486,1692255745489,1693228009720,8,3,5
58985,1693228009720,1692255745494,1692255745497,1693228009727,7,3,4
58986,1693228009728,1692255745502,1692255745505,1693228009735,7,3,4
58987,1693228009736,1692255745509,1692255745513,1693228009743,7,4,3
58988,1693228009743,1692255745518,1692255745521,1693228009752,9,3,6
58989,1693228009752,1692255745526,1692255745529,1693228009760,8,3,5
58990,1693228009760,1692255745534,1692255745537,1693228009807,47,3,44
58991,1693228009807,1692255745581,1692255745584,1693228009814,7,3,4
58992,1693228009814,1692255745588,1692255745591,1693228009821,7,3,4
58993,1693228009821,1692255745595,1692255745598,1693228009828,7,3,4
58994,1693228009828,1692255745602,1692255745605,1693228009836,8,3,5
58995,1693228009836,1692255745610,1692255745613,1693228009843,7,3,4
58996,1693228009843,1692255745617,1692255745620,1693228009850,7,3,4
58997,1693228009850,1692255745624,1692255745627,1693228009857,7,3,4
58998,1693228009857,1692255745631,1692255745634,1693228009864,7,3,4
58999,1693228009864,1692255745637,1692255745641,1693228009872,8,4,4
59000,1693228009872,1692255745648,1692255745652,1693228009884,12,4,8
59001,1693228009884,1692255745658,1692255745662,1693228009892,8,4,4
59002,1693228009892,1692255745666,1692255745669,1693228009899,7,3,4
59003,1693228009899,1692255745672,1692255745675,1693228009905,6,3,3
59004,1693228009905,1692255745679,1692255745682,1693228009912,7,3,4
59005,1693228009912,1692255745686,1692255745689,1693228009919,7,3,4
59006,1693228009919,1692255745693,1692255745696,1693228009926,7,3,4
59007,1693228009926,1692255745699,1692255745702,1693228009932,6,3,3
59008,1693228009932,1692255745712,1692255745716,1693228010161,229,4,225
59009,1693228010161,1692255745936,1692255745940,1693228010171,10,4,6
59010,1693228010171,1692255745945,1692255745948,1693228010179,8,3,5
59011,1693228010180,1692255745954,1692255745957,1693228010188,8,3,5
59012,1693228010188,1692255745962,1692255745965,1693228010195,7,3,4
59013,1693228010195,1692255745969,1692255745973,1693228010203,8,4,4
59014,1693228010203,1692255745977,1692255745980,1693228010210,7,3,4
59015,1693228010210,1692255745984,1692255745988,1693228010218,8,4,4
59016,1693228010219,1692255746014,1692255746019,1693228010249,30,5,25
59017,1693228010250,1692255746023,1692255746027,1693228010257,7,4,3
59018,1693228010257,1692255746031,1692255746033,1693228010264,7,2,5
59019,1693228010264,1692255746039,1692255746042,1693228010272,8,3,5
59020,1693228010272,1692255746046,1692255746048,1693228010279,7,2,5
59021,1693228010279,1692255746054,1692255746057,1693228010287,8,3,5
59022,1693228010287,1692255746061,1692255746064,1693228010294,7,3,4
59023,1693228010294,1692255746068,1692255746071,1693228010302,8,3,5
59024,1693228010302,1692255746076,1692255746079,1693228010311,9,3,6
59025,1693228010311,1692255746084,1692255746087,1693228010318,7,3,4
59026,1693228010318,1692255746091,1692255746095,1693228010325,7,4,3
59027,1693228010325,1692255746098,1692255746101,1693228010332,7,3,4
59028,1693228010332,1692255746105,1692255746108,1693228010338,6,3,3
59029,1693228010338,1692255746112,1692255746116,1693228010346,8,4,4
59030,1693228010346,1692255746120,1692255746124,1693228010355,9,4,5
59031,1693228010355,1692255746130,1692255746133,1693228010363,8,3,5
59032,1693228010363,1692255746138,1692255746142,1693228010372,9,4,5
59033,1693228010372,1692255746146,1692255746149,1693228010379,7,3,4
59034,1693228010379,1692255746153,1692255746156,1693228010387,8,3,5
59035,1693228010387,1692255746161,1692255746164,1693228010394,7,3,4
59036,1693228010394,1692255746168,1692255746172,1693228010402,8,4,4
59037,1693228010402,1692255746176,1692255746179,1693228010410,8,3,5
59038,1693228010410,1692255746184,1692255746187,1693228010418,8,3,5
59039,1693228010418,1692255746192,1692255746196,1693228010426,8,4,4
59040,1693228010426,1692255746200,1692255746205,1693228010435,9,5,4
59041,1693228010435,1692255746209,1692255746212,1693228010443,8,3,5
59042,1693228010443,1692255746217,1692255746220,1693228010450,7,3,4
59043,1693228010450,1692255746226,1692255746230,1693228010460,10,4,6
59044,1693228010460,1692255746234,1692255746237,1693228010551,91,3,88
59045,1693228010551,1692255746325,1692255746329,1693228010579,28,4,24
59046,1693228010579,1692255746354,1692255746357,1693228010589,10,3,7
59047,1693228010589,1692255746363,1692255746367,1693228010597,8,4,4
59048,1693228010597,1692255746371,1692255746374,1693228010605,8,3,5
59049,1693228010605,1692255746379,1692255746382,1693228010612,7,3,4
59050,1693228010612,1692255746386,1692255746390,1693228010620,8,4,4
59051,1693228010620,1692255746394,1692255746398,1693228010628,8,4,4
59052,1693228010628,1692255746402,1692255746405,1693228010636,8,3,5
59053,1693228010636,1692255746411,1692255746416,1693228010647,11,5,6
59054,1693228010647,1692255746420,1692255746423,1693228010654,7,3,4
59055,1693228010654,1692255746428,1692255746432,1693228010662,8,4,4
59056,1693228010662,1692255746436,1692255746440,1693228010670,8,4,4
59057,1693228010670,1692255746444,1692255746446,1693228010678,8,2,6
59058,1693228010678,1692255746451,1692255746455,1693228010685,7,4,3
59059,1693228010686,1692255746465,1692255746469,1693228010699,13,4,9
59060,1693228010699,1692255746473,1692255746477,1693228010708,9,4,5
59061,1693228010708,1692255746486,1692255746488,1693228010719,11,2,9
59062,1693228010719,1692255746493,1692255746496,1693228010727,8,3,5
59063,1693228010727,1692255746501,1692255746504,1693228010735,8,3,5
59064,1693228010735,1692255746509,1692255746513,1693228010743,8,4,4
59065,1693228010743,1692255746517,1692255746520,1693228010750,7,3,4
59066,1693228010750,1692255746524,1692255746527,1693228010757,7,3,4
59067,1693228010757,1692255746535,1692255746538,1693228010769,12,3,9
59068,1693228010769,1692255746543,1692255746546,1693228010776,7,3,4
59069,1693228010776,1692255746550,1692255746553,1693228010783,7,3,4
59070,1693228010783,1692255746557,1692255746560,1693228010791,8,3,5
59071,1693228010791,1692255746566,1692255746569,1693228010799,8,3,5
59072,1693228010799,1692255746574,1692255746577,1693228010808,9,3,6
59073,1693228010808,1692255746582,1692255746586,1693228010816,8,4,4
59074,1693228010816,1692255746590,1692255746593,1693228010823,7,3,4
59075,1693228010823,1692255746597,1692255746600,1693228010831,8,3,5
59076,1693228010831,1692255746605,1692255746609,1693228010839,8,4,4
59077,1693228010839,1692255746613,1692255746616,1693228010847,8,3,5
59078,1693228010847,1692255746621,1692255746625,1693228010855,8,4,4
59079,1693228010855,1692255746629,1692255746632,1693228010862,7,3,4
59080,1693228010862,1692255746639,1692255746643,1693228010874,12,4,8
59081,1693228010874,1692255746647,1692255746650,1693228010880,6,3,3
59082,1693228010880,1692255746654,1692255746658,1693228010888,8,4,4
59083,1693228010888,1692255746662,1692255746666,1693228010914,26,4,22
59084,1693228010914,1692255746688,1692255746692,1693228010922,8,4,4
59085,1693228010922,1692255746697,1692255746700,1693228010930,8,3,5
59086,1693228010930,1692255746703,1692255746707,1693228010937,7,4,3
59087,1693228010937,1692255746712,1692255746715,1693228010946,9,3,6
59088,1693228010946,1692255746720,1692255746723,1693228010953,7,3,4
59089,1693228010953,1692255746727,1692255746730,1693228010961,8,3,5
59090,1693228010961,1692255746734,1692255746739,1693228010969,8,5,3
59091,1693228010969,1692255746743,1692255746746,1693228010976,7,3,4
59092,1693228010976,1692255746750,1692255746753,1693228010983,7,3,4
59093,1693228010983,1692255746757,1692255746760,1693228011211,228,3,225
59094,1693228011211,1692255746985,1692255746989,1693228011220,9,4,5
59095,1693228011220,1692255746996,1692255746999,1693228011229,9,3,6
59096,1693228011229,1692255747005,1692255747009,1693228011239,10,4,6
59097,1693228011239,1692255747017,1692255747020,1693228011250,11,3,8
59098,1693228011250,1692255747024,1692255747028,1693228011258,8,4,4
59099,1693228011258,1692255747032,1692255747035,1693228011266,8,3,5
59100,1693228011266,1692255747040,1692255747043,1693228011274,8,3,5
59101,1693228011274,1692255747048,1692255747052,1693228011282,8,4,4
59102,1693228011282,1692255747056,1692255747059,1693228011289,7,3,4
59103,1693228011289,1692255747063,1692255747066,1693228011296,7,3,4
59104,1693228011296,1692255747070,1692255747073,1693228011306,10,3,7
59105,1693228011306,1692255747080,1692255747083,1693228011313,7,3,4
59106,1693228011313,1692255747087,1692255747090,1693228011320,7,3,4
59107,1693228011320,1692255747094,1692255747097,1693228011328,8,3,5
59108,1693228011328,1692255747102,1692255747105,1693228011335,7,3,4
59109,1693228011335,1692255747109,1692255747111,1693228011342,7,2,5
59110,1693228011342,1692255747138,1692255747142,1693228011372,30,4,26
59111,1693228011372,1692255747147,1692255747150,1693228011380,8,3,5
59112,1693228011380,1692255747154,1692255747157,1693228011387,7,3,4
59113,1693228011387,1692255747161,1692255747164,1693228011395,8,3,5
59114,1693228011395,1692255747174,1692255747176,1693228011408,13,2,11
59115,1693228011408,1692255747183,1692255747186,1693228011416,8,3,5
59116,1693228011416,1692255747190,1692255747194,1693228011424,8,4,4
59117,1693228011424,1692255747198,1692255747202,1693228011432,8,4,4
59118,1693228011432,1692255747206,1692255747208,1693228011439,7,2,5
59119,1693228011439,1692255747213,1692255747216,1693228011447,8,3,5
59120,1693228011447,1692255747221,1692255747224,1693228011455,8,3,5
59121,1693228011455,1692255747228,1692255747232,1693228011463,8,4,4
59122,1693228011463,1692255747237,1692255747239,1693228011470,7,2,5
59123,1693228011470,1692255747244,1692255747247,1693228011477,7,3,4
59124,1693228011477,1692255747251,1692255747254,1693228011484,7,3,4
59125,1693228011484,1692255747258,1692255747261,1693228011492,8,3,5
59126,1693228011492,1692255747266,1692255747270,1693228011503,11,4,7
59127,1693228011503,1692255747278,1692255747282,1693228011603,100,4,96
59128,1693228011603,1692255747378,1692255747382,1693228011613,10,4,6
59129,1693228011613,1692255747387,1692255747390,1693228011624,11,3,8
59130,1693228011624,1692255747398,1692255747402,1693228011632,8,4,4
59131,1693228011632,1692255747407,1692255747410,1693228011642,10,3,7
59132,1693228011642,1692255747415,1692255747419,1693228011649,7,4,3
59133,1693228011649,1692255747423,1692255747426,1693228011656,7,3,4
59134,1693228011656,1692255747430,1692255747434,1693228011664,8,4,4
59135,1693228011664,1692255747438,1692255747441,1693228011672,8,3,5
59136,1693228011672,1692255747446,1692255747449,1693228011703,31,3,28
59137,1693228011703,1692255747479,1692255747482,1693228011712,9,3,6
59138,1693228011712,1692255747488,1692255747491,1693228011722,10,3,7
59139,1693228011722,1692255747495,1692255747499,1693228011729,7,4,3
59140,1693228011729,1692255747511,1692255747515,1693228011745,16,4,12
59141,1693228011745,1692255747520,1692255747523,1693228011753,8,3,5
59142,1693228011753,1692255747527,1692255747530,1693228011760,7,3,4
59143,1693228011761,1692255747535,1692255747539,1693228011769,8,4,4
59144,1693228011769,1692255747543,1692255747546,1693228011777,8,3,5
59145,1693228011777,1692255747550,1692255747554,1693228011784,7,4,3
59146,1693228011784,1692255747559,1692255747562,1693228011814,30,3,27
59147,1693228011814,1692255747590,1692255747594,1693228011824,10,4,6
59148,1693228011824,1692255747598,1692255747601,1693228011832,8,3,5
59149,1693228011832,1692255747606,1692255747609,1693228011839,7,3,4
59150,1693228011839,1692255747613,1692255747617,1693228011847,8,4,4
59151,1693228011847,1692255747621,1692255747624,1693228011854,7,3,4
59152,1693228011855,1692255747630,1692255747633,1693228011863,8,3,5
59153,1693228011863,1692255747638,1692255747642,1693228011872,9,4,5
59154,1693228011872,1692255747646,1692255747649,1693228011879,7,3,4
59155,1693228011879,1692255747652,1692255747656,1693228011886,7,4,3
59156,1693228011886,1692255747660,1692255747663,1693228011894,8,3,5
59157,1693228011894,1692255747668,1692255747671,1693228011902,8,3,5
59158,1693228011902,1692255747675,1692255747679,1693228011909,7,4,3
59159,1693228011909,1692255747683,1692255747686,1693228011917,8,3,5
59160,1693228011917,1692255747692,1692255747696,1693228011926,9,4,5
59161,1693228011926,1692255747700,1692255747704,1693228011934,8,4,4
59162,1693228011934,1692255747708,1692255747711,1693228011941,7,3,4
59163,1693228011941,1692255747716,1692255747721,1693228011951,10,5,5
59164,1693228011951,1692255747725,1692255747728,1693228011958,7,3,4
59165,1693228011958,1692255747732,1692255747735,1693228011966,8,3,5
59166,1693228011966,1692255747739,1692255747743,1693228011973,7,4,3
59167,1693228011973,1692255747747,1692255747750,1693228011981,8,3,5
59168,1693228011981,1692255747755,1692255747757,1693228011989,8,2,6
59169,1693228011989,1692255747763,1692255747767,1693228011997,8,4,4
59170,1693228011997,1692255747771,1692255747775,1693228012005,8,4,4
59171,1693228012005,1692255747779,1692255747782,1693228012012,7,3,4
59172,1693228012012,1692255747787,1692255747792,1693228012036,24,5,19
59173,1693228012036,1692255747810,1692255747814,1693228012258,222,4,218
59174,1693228012258,1692255748033,1692255748036,1693228012267,9,3,6
59175,1693228012267,1692255748041,1692255748045,1693228012275,8,4,4
59176,1693228012276,1692255748050,1692255748053,1693228012283,7,3,4
59177,1693228012283,1692255748057,1692255748061,1693228012291,8,4,4
59178,1693228012291,1692255748065,1692255748068,1693228012298,7,3,4
59179,1693228012298,1692255748072,1692255748075,1693228012306,8,3,5
59180,1693228012306,1692255748080,1692255748083,1693228012313,7,3,4
59181,1693228012313,1692255748087,1692255748090,1693228012321,8,3,5
59182,1693228012321,1692255748095,1692255748097,1693228012330,9,2,7
59183,1693228012330,1692255748104,1692255748107,1693228012338,8,3,5
59184,1693228012338,1692255748111,1692255748114,1693228012344,6,3,3
59185,1693228012345,1692255748119,1692255748122,1693228012352,7,3,4
59186,1693228012352,1692255748126,1692255748130,1693228012360,8,4,4
59187,1693228012360,1692255748134,1692255748137,1693228012368,8,3,5
59188,1693228012368,1692255748142,1692255748145,1693228012376,8,3,5
59189,1693228012376,1692255748150,1692255748153,1693228012383,7,3,4
59190,1693228012383,1692255748157,1692255748160,1693228012390,7,3,4
59191,1693228012390,1692255748164,1692255748168,1693228012398,8,4,4
59192,1693228012398,1692255748172,1692255748175,1693228012405,7,3,4
59193,1693228012405,1692255748180,1692255748183,1693228012414,9,3,6
59194,1693228012414,1692255748188,1692255748191,1693228012421,7,3,4
59195,1693228012421,1692255748195,1692255748199,1693228012429,8,4,4
59196,1693228012429,1692255748204,1692255748208,1693228012438,9,4,5
59197,1693228012438,1692255748212,1692255748216,1693228012446,8,4,4
59198,1693228012446,1692255748221,1692255748223,1693228012454,8,2,6
59199,1693228012454,1692255748228,1692255748233,1693228012471,17,5,12
59200,1693228012471,1692255748259,1692255748262,1693228012492,21,3,18
59201,1693228012492,1692255748277,1692255748280,1693228012512,20,3,17
59202,1693228012512,1692255748286,1692255748289,1693228012519,7,3,4
59203,1693228012519,1692255748299,1692255748302,1693228012536,17,3,14
59204,1693228012536,1692255748310,1692255748314,1693228012544,8,4,4
59205,1693228012544,1692255748319,1692255748322,1693228012552,8,3,5
59206,1693228012552,1692255748325,1692255748329,1693228012559,7,4,3
59207,1693228012559,1692255748425,1692255748428,1693228012659,100,3,97
59208,1693228012659,1692255748435,1692255748438,1693228012669,10,3,7
59209,1693228012669,1692255748443,1692255748447,1693228012678,9,4,5
59210,1693228012678,1692255748452,1692255748455,1693228012685,7,3,4
59211,1693228012685,1692255748462,1692255748465,1693228012696,11,3,8
59212,1693228012696,1692255748469,1692255748473,1693228012703,7,4,3
59213,1693228012703,1692255748479,1692255748482,1693228012713,10,3,7
59214,1693228012713,1692255748488,1692255748491,1693228012722,9,3,6
59215,1693228012722,1692255748496,1692255748499,1693228012729,7,3,4
59216,1693228012729,1692255748504,1692255748507,1693228012739,10,3,7
59217,1693228012739,1692255748513,1692255748517,1693228012747,8,4,4
59218,1693228012747,1692255748521,1692255748525,1693228012755,8,4,4
59219,1693228012755,1692255748530,1692255748533,1693228012764,9,3,6
59220,1693228012764,1692255748538,1692255748542,1693228012772,8,4,4
59221,1693228012772,1692255748547,1692255748550,1693228012780,8,3,5
59222,1693228012780,1692255748554,1692255748558,1693228012788,8,4,4
59223,1693228012788,1692255748562,1692255748565,1693228012795,7,3,4
59224,1693228012795,1692255748569,1692255748572,1693228012803,8,3,5
59225,1693228012803,1692255748577,1692255748580,1693228012810,7,3,4
59226,1693228012810,1692255748585,1692255748588,1693228012818,8,3,5
59227,1693228012818,1692255748594,1692255748597,1693228012827,9,3,6
59228,1693228012827,1692255748602,1692255748605,1693228012835,8,3,5
59229,1693228012835,1692255748610,1692255748613,1693228012843,8,3,5
59230,1693228012843,1692255748617,1692255748620,1693228012851,8,3,5
59231,1693228012851,1692255748625,1692255748628,1693228012858,7,3,4
59232,1693228012858,1692255748632,1692255748635,1693228012866,8,3,5
59233,1693228012866,1692255748639,1692255748643,1693228012873,7,4,3
59234,1693228012873,1692255748647,1692255748650,1693228012880,7,3,4
59235,1693228012880,1692255748654,1692255748657,1693228012887,7,3,4
59236,1693228012887,1692255748661,1692255748666,1693228012896,9,5,4
59237,1693228012896,1692255748671,1692255748674,1693228012905,9,3,6
59238,1693228012905,1692255748679,1692255748682,1693228012912,7,3,4
59239,1693228012912,1692255748687,1692255748690,1693228012937,25,3,22
59240,1693228012937,1692255748712,1692255748716,1693228012946,9,4,5
59241,1693228012946,1692255748720,1692255748722,1693228012953,7,2,5
59242,1693228012953,1692255748727,1692255748730,1693228012961,8,3,5
59243,1693228012961,1692255748735,1692255748738,1693228012968,7,3,4
59244,1693228012968,1692255748746,1692255748749,1693228012980,12,3,9
59245,1693228012980,1692255748753,1692255748756,1693228012986,6,3,3
59246,1693228012986,1692255748760,1692255748765,1693228012995,9,5,4
59247,1693228012995,1692255748769,1692255748773,1693228013004,9,4,5
59248,1693228013004,1692255748778,1692255748782,1693228013012,8,4,4
59249,1693228013012,1692255748787,1692255748790,1693228013020,8,3,5
59250,1693228013020,1692255748795,1692255748798,1693228013028,8,3,5
59251,1693228013028,1692255748802,1692255748805,1693228013036,8,3,5
59252,1693228013037,1692255748811,1692255748814,1693228013047,10,3,7
59253,1693228013047,1692255748821,1692255748824,1693228013055,8,3,5
59254,1693228013055,1692255748829,1692255748832,1693228013063,8,3,5
59255,1693228013063,1692255748836,1692255748839,1693228013069,6,3,3
59256,1693228013069,1692255748844,1692255748847,1693228013077,8,3,5
59257,1693228013077,1692255748852,1692255748855,1693228013086,9,3,6
59258,1693228013086,1692255749091,1692255749094,1693228013325,239,3,236
59259,1693228013325,1692255749099,1692255749102,1693228013332,7,3,4
59260,1693228013332,1692255749106,1692255749109,1693228013340,8,3,5
59261,1693228013340,1692255749114,1692255749117,1693228013347,7,3,4
59262,1693228013347,1692255749121,1692255749124,1693228013355,8,3,5
59263,1693228013355,1692255749129,1692255749134,1693228013386,31,5,26
59264,1693228013386,1692255749161,1692255749164,1693228013395,9,3,6
59265,1693228013395,1692255749169,1692255749172,1693228013402,7,3,4
59266,1693228013402,1692255749176,1692255749180,1693228013410,8,4,4
59267,1693228013410,1692255749184,1692255749188,1693228013419,9,4,5
59268,1693228013419,1692255749193,1692255749196,1693228013426,7,3,4
59269,1693228013426,1692255749200,1692255749203,1693228013433,7,3,4
59270,1693228013433,1692255749207,1692255749211,1693228013441,8,4,4
59271,1693228013441,1692255749215,1692255749220,1693228013450,9,5,4
59272,1693228013450,1692255749224,1692255749228,1693228013458,8,4,4
59273,1693228013458,1692255749232,1692255749235,1693228013465,7,3,4
59274,1693228013465,1692255749239,1692255749243,1693228013473,8,4,4
59275,1693228013473,1692255749246,1692255749249,1693228013479,6,3,3
59276,1693228013479,1692255749253,1692255749256,1693228013486,7,3,4
59277,1693228013486,1692255749260,1692255749263,1693228013494,8,3,5
59278,1693228013494,1692255749268,1692255749271,1693228013501,7,3,4
59279,1693228013501,1692255749275,1692255749278,1693228013509,8,3,5
59280,1693228013509,1692255749284,1692255749288,1693228013518,9,4,5
59281,1693228013518,1692255749292,1692255749295,1693228013525,7,3,4
59282,1693228013525,1692255749299,1692255749302,1693228013532,7,3,4
59283,1693228013532,1692255749306,1692255749309,1693228013540,8,3,5
59284,1693228013540,1692255749314,1692255749317,1693228013547,7,3,4
59285,1693228013547,1692255749321,1692255749323,1693228013555,8,2,6
59286,1693228013555,1692255749331,1692255749334,1693228013564,9,3,6
59287,1693228013564,1692255749338,1692255749341,1693228013571,7,3,4
59288,1693228013572,1692255749346,1692255749350,1693228013580,8,4,4
59289,1693228013580,1692255749354,1692255749357,1693228013596,16,3,13
59290,1693228013596,1692255749383,1692255749387,1693228013724,128,4,124
59291,1693228013724,1692255749499,1692255749502,1693228013733,9,3,6
59292,1693228013733,1692255749507,1692255749510,1693228013740,7,3,4
59293,1693228013740,1692255749514,1692255749518,1693228013748,8,4,4
59294,1693228013748,1692255749522,1692255749525,1693228013757,9,3,6
59295,1693228013757,1692255749532,1692255749534,1693228013765,8,2,6
59296,1693228013765,1692255749541,1692255749544,1693228013778,13,3,10
59297,1693228013778,1692255749560,1692255749564,1693228013794,16,4,12
59298,1693228013794,1692255749569,1692255749571,1693228013802,8,2,6
59299,1693228013802,1692255749583,1692255749587,1693228013817,15,4,11
59300,1693228013817,1692255749591,1692255749594,1693228013825,8,3,5
59301,1693228013825,1692255749599,1692255749602,1693228013832,7,3,4
59302,1693228013832,1692255749606,1692255749609,1693228013839,7,3,4
59303,1693228013839,1692255749613,1692255749617,1693228013847,8,4,4
59304,1693228013847,1692255749621,1692255749623,1693228013854,7,2,5
59305,1693228013854,1692255749627,1692255749630,1693228013860,6,3,3
59306,1693228013861,1692255749635,1692255749638,1693228013868,7,3,4
59307,1693228013868,1692255749642,1692255749647,1693228013877,9,5,4
59308,1693228013877,1692255749651,1692255749654,1693228013884,7,3,4
59309,1693228013884,1692255749658,1692255749660,1693228013891,7,2,5
59310,1693228013891,1692255749664,1692255749669,1693228013899,8,5,3
59311,1693228013899,1692255749673,1692255749676,1693228013907,8,3,5
59312,1693228013907,1692255749681,1692255749684,1693228013914,7,3,4
59313,1693228013914,1692255749688,1692255749691,1693228013921,7,3,4
59314,1693228013921,1692255749695,1692255749698,1693228013928,7,3,4
59315,1693228013928,1692255749702,1692255749705,1693228013935,7,3,4
59316,1693228013935,1692255749709,1692255749713,1693228013943,8,4,4
59317,1693228013943,1692255749718,1692255749721,1693228013952,9,3,6
59318,1693228013952,1692255749726,1692255749729,1693228013960,8,3,5
59319,1693228013960,1692255749734,1692255749737,1693228013968,8,3,5
59320,1693228013968,1692255749742,1692255749745,1693228013975,7,3,4
59321,1693228013975,1692255749749,1692255749751,1693228013981,6,2,4
