request_number,request_time_ms,request_received_time_ms,response_time_ms,response_received_time_ms,end_to_end_latency,compute_time,transmission_time
1,1693226014765,1692253750606,1692253750618,1693226014870,105,12,93
2,1693226014870,1692253750708,1692253750720,1693226014972,102,12,90
3,1693226014972,1692253750727,1692253750731,1693226014982,10,4,6
4,1693226014982,1692253750736,1692253750740,1693226014991,9,4,5
5,1693226014991,1692253750745,1692253750750,1693226015001,10,5,5
6,1693226015001,1692253750755,1692253750758,1693226015009,8,3,5
7,1693226015009,1692253750765,1692253750769,1693226015020,11,4,7
8,1693226015020,1692253750774,1692253750778,1693226015029,9,4,5
9,1693226015029,1692253750783,1692253750786,1693226015037,8,3,5
10,1693226015037,1692253750792,1692253750797,1693226015048,11,5,6
11,1693226015048,1692253750802,1692253750806,1693226015056,8,4,4
12,1693226015056,1692253750897,1692253750908,1693226015159,103,11,92
13,1693226015159,1692253750916,1692253750919,1693226015170,11,3,8
14,1693226015170,1692253750924,1692253750930,1693226015180,10,6,4
15,1693226015180,1692253750934,1692253750938,1693226015189,9,4,5
16,1693226015189,1692253750944,1692253750948,1693226015199,10,4,6
17,1693226015199,1692253750953,1692253750958,1693226015210,11,5,6
18,1693226015210,1692253750965,1692253750968,1693226015219,9,3,6
19,1693226015219,1692253750974,1692253750977,1693226015228,9,3,6
20,1693226015228,1692253750983,1692253750986,1693226015237,9,3,6
21,1693226015237,1692253750991,1692253750994,1693226015245,8,3,5
22,1693226015245,1692253751083,1692253751094,1693226015345,100,11,89
23,1693226015345,1692253751100,1692253751104,1693226015355,10,4,6
24,1693226015355,1692253751109,1692253751113,1693226015364,9,4,5
25,1693226015364,1692253751120,1692253751124,1693226015375,11,4,7
26,1693226015375,1692253751130,1692253751134,1693226015384,9,4,5
27,1693226015384,1692253751139,1692253751143,1693226015394,10,4,6
28,1693226015394,1692253751148,1692253751151,1693226015402,8,3,5
29,1693226015402,1692253751156,1692253751160,1693226015410,8,4,4
30,1693226015410,1692253751166,1692253751169,1693226015420,10,3,7
31,1693226015420,1692253751174,1692253751177,1693226015428,8,3,5
32,1693226015428,1692253751266,1692253751276,1693226015528,100,10,90
33,1693226015528,1692253751282,1692253751288,1693226015539,11,6,5
34,1693226015539,1692253751293,1692253751296,1693226015548,9,3,6
35,1693226015548,1692253751303,1692253751306,1693226015557,9,3,6
36,1693226015557,1692253751311,1692253751315,1693226015566,9,4,5
37,1693226015566,1692253751323,1692253751326,1693226015577,11,3,8
38,1693226015577,1692253751332,1692253751339,1693226015590,13,7,6
39,1693226015590,1692253751347,1692253751350,1693226015602,12,3,9
40,1693226015602,1692253751438,1692253751451,1693226015702,100,13,87
41,1693226015702,1692253751460,1692253751464,1693226015716,14,4,10
42,1693226015716,1692253751470,1692253751473,1693226015724,8,3,5
43,1693226015724,1692253751479,1692253751484,1693226015735,11,5,6
44,1693226015736,1692253751490,1692253751493,1693226015744,8,3,5
45,1693226015744,1692253751498,1692253751501,1693226015752,8,3,5
46,1693226015752,1692253751521,1692253751528,1693226015780,28,7,21
47,1693226015780,1692253751615,1692253751627,1693226015880,100,12,88
48,1693226015880,1692253751635,1692253751639,1693226015889,9,4,5
49,1693226015889,1692253751644,1692253751648,1693226015899,10,4,6
50,1693226015899,1692253751654,1692253751658,1693226015909,10,4,6
51,1693226015909,1692253751665,1692253751668,1693226015919,10,3,7
52,1693226015919,1692253751673,1692253751677,1693226015928,9,4,5
53,1693226015928,1692253751682,1692253751686,1693226015936,8,4,4
54,1693226015936,1692253751691,1692253751697,1693226015949,13,6,7
55,1693226015949,1692253751704,1692253751707,1693226015958,9,3,6
56,1693226015958,1692253751794,1692253751803,1693226016055,97,9,88
57,1693226016055,1692253751810,1692253751814,1693226016065,10,4,6
58,1693226016065,1692253751821,1692253751825,1693226016076,11,4,7
59,1693226016076,1692253751831,1692253751837,1693226016088,12,6,6
60,1693226016088,1692253751843,1692253751848,1693226016100,12,5,7
61,1693226016100,1692253751855,1692253751859,1693226016110,10,4,6
62,1693226016110,1692253751864,1692253751868,1693226016119,9,4,5
63,1693226016119,1692253751874,1692253751877,1693226016128,9,3,6
64,1693226016128,1692253751883,1692253751885,1693226016136,8,2,6
65,1693226016136,1692253751891,1692253751894,1693226016145,9,3,6
66,1693226016145,1692253751899,1692253751902,1693226016153,8,3,5
67,1693226016153,1692253751907,1692253751910,1693226016160,7,3,4
68,1693226016160,1692253751920,1692253751923,1693226016174,14,3,11
69,1693226016174,1692253751928,1692253751932,1693226016183,9,4,5
70,1693226016183,1692253751939,1692253751943,1693226016193,10,4,6
71,1693226016193,1692253751948,1692253751951,1693226016202,9,3,6
72,1693226016202,1692253751956,1692253751959,1693226016210,8,3,5
73,1693226016210,1692253751965,1692253751968,1693226016220,10,3,7
74,1693226016221,1692253751974,1692253751977,1693226016227,6,3,3
75,1693226016227,1692253751981,1692253751985,1693226016236,9,4,5
76,1693226016236,1692253751990,1692253751993,1693226016244,8,3,5
77,1693226016244,1692253752000,1692253752003,1693226016254,10,3,7
78,1693226016254,1692253752012,1692253752015,1693226016265,11,3,8
79,1693226016265,1692253752020,1692253752023,1693226016274,9,3,6
80,1693226016274,1692253752028,1692253752032,1693226016283,9,4,5
81,1693226016283,1692253752037,1692253752041,1693226016292,9,4,5
82,1693226016292,1692253752047,1692253752052,1693226016303,11,5,6
83,1693226016303,1692253752058,1692253752061,1693226016311,8,3,5
84,1693226016311,1692253752065,1692253752068,1693226016318,7,3,4
85,1693226016318,1692253752072,1692253752075,1693226016326,8,3,5
86,1693226016326,1692253752080,1692253752083,1693226016334,8,3,5
87,1693226016334,1692253752088,1692253752091,1693226016342,8,3,5
88,1693226016342,1692253752097,1692253752100,1693226016351,9,3,6
89,1693226016351,1692253752104,1692253752108,1693226016358,7,4,3
90,1693226016358,1692253752113,1692253752117,1693226016368,10,4,6
91,1693226016368,1692253752122,1692253752125,1693226016376,8,3,5
92,1693226016376,1692253752131,1692253752134,1693226016385,9,3,6
93,1693226016385,1692253752139,1692253752142,1693226016392,7,3,4
94,1693226016393,1692253752146,1692253752149,1693226016400,7,3,4
95,1693226016400,1692253752155,1692253752158,1693226016409,9,3,6
96,1693226016409,1692253752163,1692253752166,1693226016417,8,3,5
97,1693226016417,1692253752172,1692253752175,1693226016426,9,3,6
98,1693226016426,1692253752180,1692253752183,1693226016434,8,3,5
99,1693226016434,1692253752189,1692253752192,1693226016442,8,3,5
100,1693226016442,1692253752197,1692253752200,1693226016451,9,3,6
101,1693226016451,1692253752206,1692253752210,1693226016461,10,4,6
102,1693226016461,1692253752216,1692253752220,1693226016471,10,4,6
103,1693226016471,1692253752228,1692253752232,1693226016483,12,4,8
104,1693226016483,1692253752237,1692253752239,1693226016490,7,2,5
105,1693226016490,1692253752246,1692253752250,1693226016501,11,4,7
106,1693226016501,1692253752255,1692253752258,1693226016509,8,3,5
107,1693226016509,1692253752264,1692253752267,1693226016518,9,3,6
108,1693226016518,1692253752273,1692253752276,1693226016527,9,3,6
109,1693226016527,1692253752281,1692253752284,1693226016534,7,3,4
110,1693226016534,1692253752288,1692253752292,1693226016543,9,4,5
111,1693226016543,1692253752296,1692253752300,1693226016550,7,4,3
112,1693226016550,1692253752304,1692253752306,1693226016557,7,2,5
113,1693226016557,1692253752311,1692253752314,1693226016564,7,3,4
114,1693226016564,1692253752318,1692253752321,1693226016572,8,3,5
115,1693226016572,1692253752325,1692253752328,1693226016579,7,3,4
116,1693226016579,1692253752333,1692253752336,1693226016587,8,3,5
117,1693226016587,1692253752340,1692253752344,1693226016597,10,4,6
118,1693226016597,1692253752350,1692253752354,1693226016605,8,4,4
119,1693226016605,1692253752360,1692253752364,1693226016615,10,4,6
120,1693226016615,1692253752369,1692253752372,1693226016623,8,3,5
121,1693226016623,1692253752378,1692253752381,1693226016632,9,3,6
122,1693226016632,1692253752385,1692253752389,1693226016639,7,4,3
123,1693226016639,1692253752393,1692253752396,1693226016647,8,3,5
124,1693226016647,1692253752401,1692253752405,1693226016656,9,4,5
125,1693226016656,1692253752411,1692253752415,1693226016666,10,4,6
126,1693226016666,1692253752419,1692253752422,1693226016673,7,3,4
127,1693226016673,1692253752427,1692253752431,1693226016682,9,4,5
128,1693226016682,1692253752436,1692253752440,1693226016691,9,4,5
129,1693226016691,1692253752444,1692253752447,1693226016700,9,3,6
130,1693226016700,1692253752455,1692253752459,1693226016710,10,4,6
131,1693226016710,1692253752463,1692253752468,1693226016719,9,5,4
132,1693226016719,1692253752473,1692253752480,1693226016730,11,7,4
133,1693226016731,1692253752484,1692253752487,1693226016738,7,3,4
134,1693226016738,1692253752492,1692253752495,1693226016746,8,3,5
135,1693226016746,1692253752500,1692253752503,1693226016753,7,3,4
136,1693226016753,1692253752507,1692253752510,1693226016761,8,3,5
137,1693226016761,1692253752514,1692253752517,1693226016768,7,3,4
138,1693226016768,1692253752527,1692253752530,1693226016781,13,3,10
139,1693226016781,1692253752536,1692253752539,1693226016790,9,3,6
140,1693226016790,1692253752546,1692253752549,1693226016802,12,3,9
141,1693226016802,1692253752556,1692253752560,1693226016811,9,4,5
142,1693226016811,1692253752565,1692253752568,1693226016819,8,3,5
143,1693226016819,1692253752573,1692253752576,1693226016827,8,3,5
144,1693226016827,1692253752581,1692253752584,1693226016835,8,3,5
145,1693226016835,1692253752588,1692253752591,1693226016842,7,3,4
146,1693226016842,1692253752596,1692253752599,1693226016850,8,3,5
147,1693226016850,1692253752603,1692253752607,1693226016857,7,4,3
148,1693226016857,1692253752612,1692253752615,1693226016866,9,3,6
149,1693226016866,1692253752621,1692253752624,1693226016875,9,3,6
150,1693226016875,1692253752630,1692253752634,1693226016884,9,4,5
151,1693226016884,1692253752639,1692253752641,1693226016892,8,2,6
152,1693226016892,1692253752646,1692253752649,1693226016900,8,3,5
153,1693226016900,1692253752656,1692253752659,1693226016910,10,3,7
154,1693226016910,1692253752667,1692253752671,1693226016922,12,4,8
155,1693226016922,1692253752675,1692253752680,1693226016931,9,5,4
156,1693226016931,1692253752686,1692253752689,1693226016940,9,3,6
157,1693226016940,1692253752694,1692253752697,1693226016948,8,3,5
158,1693226016948,1692253752702,1692253752705,1693226016956,8,3,5
159,1693226016956,1692253752711,1692253752715,1693226016966,10,4,6
160,1693226016966,1692253752720,1692253752723,1693226016974,8,3,5
161,1693226016974,1692253752728,1692253752731,1693226016982,8,3,5
162,1693226016982,1692253752736,1692253752739,1693226016990,8,3,5
163,1693226016990,1692253752745,1692253752748,1693226016999,9,3,6
164,1693226016999,1692253752752,1692253752755,1693226017006,7,3,4
165,1693226017006,1692253752761,1692253752764,1693226017015,9,3,6
166,1693226017015,1692253752770,1692253752774,1693226017025,10,4,6
167,1693226017025,1692253752779,1692253752782,1693226017033,8,3,5
168,1693226017033,1692253752787,1692253752790,1693226017041,8,3,5
169,1693226017041,1692253752799,1692253752803,1693226017054,13,4,9
170,1693226017054,1692253752808,1692253752812,1693226017063,9,4,5
171,1693226017063,1692253752821,1692253752825,1693226017075,12,4,8
172,1693226017076,1692253752830,1692253752833,1693226017084,8,3,5
173,1693226017084,1692253752838,1692253752841,1693226017092,8,3,5
174,1693226017092,1692253752847,1692253752851,1693226017102,10,4,6
175,1693226017102,1692253752856,1692253752860,1693226017111,9,4,5
176,1693226017111,1692253752866,1692253752873,1693226017123,12,7,5
177,1693226017123,1692253752877,1692253752880,1693226017131,8,3,5
178,1693226017131,1692253752884,1692253752887,1693226017138,7,3,4
179,1693226017138,1692253752894,1692253752898,1693226017148,10,4,6
180,1693226017148,1692253752902,1692253752906,1693226017157,9,4,5
181,1693226017157,1692253752911,1692253752914,1693226017165,8,3,5
182,1693226017165,1692253752918,1692253752921,1693226017172,7,3,4
183,1693226017172,1692253752926,1692253752930,1693226017180,8,4,4
184,1693226017180,1692253752934,1692253752937,1693226017188,8,3,5
185,1693226017188,1692253752941,1692253752944,1693226017195,7,3,4
186,1693226017195,1692253752948,1692253752951,1693226017203,8,3,5
187,1693226017203,1692253752957,1692253752960,1693226017211,8,3,5
188,1693226017211,1692253752965,1692253752968,1693226017219,8,3,5
189,1693226017219,1692253752973,1692253752976,1693226017227,8,3,5
190,1693226017227,1692253752982,1692253752985,1693226017236,9,3,6
191,1693226017237,1692253752990,1692253752994,1693226017245,8,4,4
192,1693226017245,1692253752998,1692253753002,1693226017253,8,4,4
193,1693226017253,1692253753008,1692253753011,1693226017262,9,3,6
194,1693226017262,1692253753015,1692253753019,1693226017273,11,4,7
195,1693226017273,1692253753026,1692253753030,1693226017281,8,4,4
196,1693226017281,1692253753035,1692253753038,1693226017288,7,3,4
197,1693226017288,1692253753042,1692253753046,1693226017302,14,4,10
198,1693226017302,1692253753058,1692253753061,1693226017314,12,3,9
199,1693226017314,1692253753067,1692253753070,1693226017321,7,3,4
200,1693226017321,1692253753075,1692253753079,1693226017329,8,4,4
201,1693226017329,1692253753083,1692253753087,1693226017338,9,4,5
202,1693226017338,1692253753091,1692253753094,1693226017346,8,3,5
203,1693226017346,1692253753099,1692253753102,1693226017353,7,3,4
204,1693226017353,1692253753107,1692253753111,1693226017361,8,4,4
205,1693226017361,1692253753115,1692253753118,1693226017369,8,3,5
206,1693226017369,1692253753122,1692253753125,1693226017376,7,3,4
207,1693226017376,1692253753129,1692253753133,1693226017384,8,4,4
208,1693226017384,1692253753137,1692253753140,1693226017391,7,3,4
209,1693226017391,1692253753144,1692253753147,1693226017398,7,3,4
210,1693226017398,1692253753151,1692253753155,1693226017406,8,4,4
211,1693226017406,1692253753159,1692253753162,1693226017412,6,3,3
212,1693226017413,1692253753168,1692253753171,1693226017422,9,3,6
213,1693226017422,1692253753175,1692253753178,1693226017429,7,3,4
214,1693226017429,1692253753182,1692253753186,1693226017436,7,4,3
215,1693226017436,1692253753190,1692253753192,1693226017443,7,2,5
216,1693226017443,1692253753197,1692253753200,1693226017451,8,3,5
217,1693226017451,1692253753204,1692253753207,1693226017458,7,3,4
218,1693226017458,1692253753211,1692253753214,1693226017465,7,3,4
219,1693226017465,1692253753219,1692253753222,1693226017473,8,3,5
220,1693226017473,1692253753226,1692253753229,1693226017480,7,3,4
221,1693226017480,1692253753234,1692253753237,1693226017488,8,3,5
222,1693226017488,1692253753241,1692253753245,1693226017495,7,4,3
223,1693226017495,1692253753249,1692253753251,1693226017502,7,2,5
224,1693226017502,1692253753255,1692253753259,1693226017509,7,4,3
225,1693226017509,1692253753263,1692253753266,1693226017518,9,3,6
226,1693226017518,1692253753272,1692253753275,1693226017526,8,3,5
227,1693226017526,1692253753280,1692253753284,1693226017534,8,4,4
228,1693226017534,1692253753288,1692253753291,1693226017541,7,3,4
229,1693226017541,1692253753294,1692253753299,1693226017551,10,5,5
230,1693226017551,1692253753305,1692253753309,1693226017560,9,4,5
231,1693226017560,1692253753313,1692253753316,1693226017567,7,3,4
232,1693226017567,1692253753321,1692253753324,1693226017575,8,3,5
233,1693226017575,1692253753328,1692253753332,1693226017583,8,4,4
234,1693226017583,1692253753336,1692253753339,1693226017590,7,3,4
235,1693226017590,1692253753344,1692253753346,1693226017597,7,2,5
236,1693226017597,1692253753351,1692253753354,1693226017605,8,3,5
237,1693226017605,1692253753358,1692253753362,1693226017612,7,4,3
238,1693226017613,1692253753366,1692253753369,1693226017621,8,3,5
239,1693226017621,1692253753374,1692253753378,1693226017629,8,4,4
240,1693226017629,1692253753382,1692253753385,1693226017636,7,3,4
241,1693226017636,1692253753389,1692253753393,1693226017644,8,4,4
242,1693226017644,1692253753397,1692253753400,1693226017652,8,3,5
243,1693226017652,1692253753405,1692253753409,1693226017660,8,4,4
244,1693226017660,1692253753415,1692253753417,1693226017668,8,2,6
245,1693226017668,1692253753421,1692253753425,1693226017676,8,4,4
246,1693226017676,1692253753429,1692253753433,1693226017684,8,4,4
247,1693226017684,1692253753437,1692253753440,1693226017691,7,3,4
248,1693226017691,1692253753445,1692253753449,1693226017699,8,4,4
249,1693226017699,1692253753452,1692253753455,1693226017706,7,3,4
250,1693226017706,1692253753460,1692253753463,1693226017714,8,3,5
251,1693226017714,1692253753467,1692253753470,1693226017724,10,3,7
252,1693226017724,1692253753478,1692253753482,1693226017733,9,4,5
253,1693226017733,1692253753486,1692253753489,1693226017740,7,3,4
254,1693226017740,1692253753493,1692253753496,1693226017746,6,3,3
255,1693226017746,1692253753500,1692253753503,1693226017755,9,3,6
256,1693226017755,1692253753508,1692253753511,1693226017762,7,3,4
257,1693226017762,1692253753516,1692253753519,1693226017769,7,3,4
258,1693226017769,1692253753522,1692253753525,1693226017781,12,3,9
259,1693226017781,1692253753534,1692253753539,1693226017790,9,5,4
260,1693226017790,1692253753543,1692253753547,1693226017797,7,4,3
261,1693226017797,1692253753551,1692253753555,1693226017805,8,4,4
262,1693226017805,1692253753559,1692253753562,1693226017813,8,3,5
263,1693226017813,1692253753567,1692253753570,1693226017821,8,3,5
264,1693226017821,1692253753577,1692253753581,1693226017832,11,4,7
265,1693226017832,1692253753585,1692253753588,1693226017841,9,3,6
266,1693226017841,1692253753594,1692253753599,1693226017850,9,5,4
267,1693226017850,1692253753604,1692253753608,1693226017859,9,4,5
268,1693226017859,1692253753612,1692253753615,1693226017866,7,3,4
269,1693226017866,1692253753619,1692253753622,1693226017872,6,3,3
270,1693226017872,1692253753626,1692253753630,1693226017881,9,4,5
271,1693226017881,1692253753634,1692253753637,1693226017888,7,3,4
272,1693226017888,1692253753642,1692253753645,1693226017896,8,3,5
273,1693226017896,1692253753650,1692253753653,1693226017904,8,3,5
274,1693226017904,1692253753657,1692253753660,1693226017911,7,3,4
275,1693226017911,1692253753664,1692253753667,1693226017918,7,3,4
276,1693226017918,1692253753672,1692253753675,1693226017928,10,3,7
277,1693226017928,1692253753682,1692253753686,1693226017937,9,4,5
278,1693226017937,1692253753691,1692253753694,1693226017944,7,3,4
279,1693226017944,1692253753698,1692253753701,1693226017952,8,3,5
280,1693226017952,1692253753705,1692253753708,1693226017959,7,3,4
281,1693226017959,1692253753713,1692253753717,1693226017967,8,4,4
282,1693226017968,1692253753721,1692253753725,1693226017976,8,4,4
283,1693226017976,1692253753730,1692253753733,1693226017984,8,3,5
284,1693226017984,1692253753737,1692253753740,1693226017991,7,3,4
285,1693226017991,1692253753745,1692253753747,1693226017998,7,2,5
286,1693226017998,1692253753752,1692253753756,1693226018006,8,4,4
287,1693226018007,1692253753760,1692253753763,1693226018014,7,3,4
288,1693226018014,1692253753768,1692253753771,1693226018022,8,3,5
289,1693226018022,1692253753775,1692253753778,1693226018030,8,3,5
290,1693226018030,1692253753784,1692253753788,1693226018040,10,4,6
291,1693226018040,1692253753794,1692253753798,1693226018049,9,4,5
292,1693226018049,1692253753802,1692253753807,1693226018058,9,5,4
293,1693226018058,1692253753812,1692253753815,1693226018066,8,3,5
294,1693226018066,1692253753820,1692253753824,1693226018074,8,4,4
295,1693226018074,1692253753828,1692253753830,1693226018081,7,2,5
296,1693226018081,1692253753835,1692253753838,1693226018089,8,3,5
297,1693226018089,1692253753842,1692253753844,1693226018095,6,2,4
298,1693226018095,1692253753848,1692253753852,1693226018103,8,4,4
299,1693226018103,1692253753857,1692253753860,1693226018111,8,3,5
300,1693226018111,1692253753865,1692253753868,1693226018119,8,3,5
301,1693226018119,1692253753872,1692253753875,1693226018126,7,3,4
302,1693226018126,1692253753879,1692253753884,1693226018135,9,5,4
303,1693226018135,1692253753889,1692253753893,1693226018144,9,4,5
304,1693226018144,1692253753897,1692253753901,1693226018151,7,4,3
305,1693226018151,1692253753904,1692253753907,1693226018158,7,3,4
306,1693226018158,1692253753912,1692253753915,1693226018166,8,3,5
307,1693226018166,1692253753920,1692253753923,1693226018174,8,3,5
308,1693226018174,1692253753927,1692253753930,1693226018181,7,3,4
309,1693226018181,1692253753935,1692253753938,1693226018189,8,3,5
310,1693226018189,1692253753942,1692253753945,1693226018196,7,3,4
311,1693226018196,1692253753950,1692253753953,1693226018203,7,3,4
312,1693226018203,1692253753957,1692253753960,1693226018211,8,3,5
313,1693226018211,1692253753965,1692253753968,1693226018219,8,3,5
314,1693226018219,1692253753973,1692253753976,1693226018227,8,3,5
315,1693226018227,1692253753980,1692253753983,1693226018235,8,3,5
316,1693226018235,1692253753988,1692253753991,1693226018242,7,3,4
317,1693226018242,1692253753995,1692253753999,1693226018250,8,4,4
318,1693226018250,1692253754004,1692253754007,1693226018257,7,3,4
319,1693226018257,1692253754011,1692253754015,1693226018265,8,4,4
320,1693226018266,1692253754019,1692253754022,1693226018273,7,3,4
321,1693226018273,1692253754026,1692253754029,1693226018279,6,3,3
322,1693226018280,1692253754033,1692253754036,1693226018286,6,3,3
323,1693226018286,1692253754040,1692253754045,1693226018296,10,5,5
324,1693226018296,1692253754050,1692253754053,1693226018304,8,3,5
325,1693226018304,1692253754059,1692253754062,1693226018313,9,3,6
326,1693226018313,1692253754066,1692253754069,1693226018320,7,3,4
327,1693226018320,1692253754073,1692253754076,1693226018327,7,3,4
328,1693226018327,1692253754080,1692253754084,1693226018338,11,4,7
329,1693226018338,1692253754091,1692253754094,1693226018346,8,3,5
330,1693226018346,1692253754099,1692253754103,1693226018353,7,4,3
331,1693226018353,1692253754107,1692253754110,1693226018361,8,3,5
332,1693226018361,1692253754114,1692253754117,1693226018368,7,3,4
333,1693226018368,1692253754122,1692253754124,1693226018375,7,2,5
334,1693226018375,1692253754129,1692253754133,1693226018384,9,4,5
335,1693226018384,1692253754137,1692253754140,1693226018391,7,3,4
336,1693226018391,1692253754145,1692253754148,1693226018399,8,3,5
337,1693226018399,1692253754152,1692253754155,1693226018406,7,3,4
338,1693226018406,1692253754160,1692253754165,1693226018416,10,5,5
339,1693226018416,1692253754170,1692253754173,1693226018424,8,3,5
340,1693226018424,1692253754177,1692253754180,1693226018431,7,3,4
341,1693226018431,1692253754185,1692253754188,1693226018440,9,3,6
342,1693226018440,1692253754193,1692253754196,1693226018447,7,3,4
343,1693226018447,1692253754200,1692253754203,1693226018453,6,3,3
344,1693226018453,1692253754208,1692253754212,1693226018462,9,4,5
345,1693226018463,1692253754216,1692253754219,1693226018471,8,3,5
346,1693226018471,1692253754224,1692253754227,1693226018478,7,3,4
347,1693226018478,1692253754231,1692253754234,1693226018485,7,3,4
348,1693226018485,1692253754239,1692253754241,1693226018492,7,2,5
349,1693226018492,1692253754246,1692253754248,1693226018499,7,2,5
350,1693226018499,1692253754254,1692253754257,1693226018508,9,3,6
351,1693226018508,1692253754262,1692253754265,1693226018515,7,3,4
352,1693226018515,1692253754269,1692253754271,1693226018522,7,2,5
353,1693226018522,1692253754276,1692253754279,1693226018530,8,3,5
354,1693226018530,1692253754284,1692253754287,1693226018538,8,3,5
355,1693226018538,1692253754294,1692253754297,1693226018548,10,3,7
356,1693226018549,1692253754302,1692253754305,1693226018555,6,3,3
357,1693226018555,1692253754309,1692253754312,1693226018563,8,3,5
358,1693226018563,1692253754316,1692253754319,1693226018570,7,3,4
359,1693226018570,1692253754323,1692253754326,1693226018577,7,3,4
360,1693226018577,1692253754330,1692253754333,1693226018584,7,3,4
361,1693226018584,1692253754337,1692253754341,1693226018592,8,4,4
362,1693226018592,1692253754345,1692253754348,1693226018599,7,3,4
363,1693226018599,1692253754353,1692253754357,1693226018608,9,4,5
364,1693226018608,1692253754361,1692253754364,1693226018616,8,3,5
365,1693226018616,1692253754369,1692253754372,1693226018623,7,3,4
366,1693226018623,1692253754377,1692253754380,1693226018632,9,3,6
367,1693226018632,1692253754385,1692253754389,1693226018640,8,4,4
368,1693226018640,1692253754393,1692253754397,1693226018648,8,4,4
369,1693226018648,1692253754402,1692253754405,1693226018656,8,3,5
370,1693226018656,1692253754409,1692253754413,1693226018664,8,4,4
371,1693226018664,1692253754417,1692253754421,1693226018672,8,4,4
372,1693226018672,1692253754425,1692253754429,1693226018680,8,4,4
373,1693226018680,1692253754433,1692253754436,1693226018687,7,3,4
374,1693226018687,1692253754440,1692253754445,1693226018696,9,5,4
375,1693226018696,1692253754450,1692253754453,1693226018704,8,3,5
376,1693226018704,1692253754458,1692253754462,1693226018713,9,4,5
377,1693226018713,1692253754466,1692253754469,1693226018720,7,3,4
378,1693226018720,1692253754473,1692253754476,1693226018727,7,3,4
379,1693226018727,1692253754481,1692253754484,1693226018735,8,3,5
380,1693226018735,1692253754488,1692253754491,1693226018742,7,3,4
381,1693226018742,1692253754496,1692253754499,1693226018750,8,3,5
382,1693226018750,1692253754503,1692253754506,1693226018757,7,3,4
383,1693226018757,1692253754510,1692253754513,1693226018764,7,3,4
384,1693226018764,1692253754517,1692253754520,1693226018770,6,3,3
385,1693226018770,1692253754524,1692253754527,1693226018778,8,3,5
386,1693226018778,1692253754531,1692253754536,1693226018787,9,5,4
387,1693226018787,1692253754541,1692253754545,1693226018796,9,4,5
388,1693226018796,1692253754550,1692253754553,1693226018803,7,3,4
389,1693226018803,1692253754557,1692253754561,1693226018812,9,4,5
390,1693226018812,1692253754565,1692253754569,1693226018819,7,4,3
391,1693226018819,1692253754573,1692253754576,1693226018827,8,3,5
392,1693226018827,1692253754580,1692253754583,1693226018834,7,3,4
393,1693226018834,1692253754588,1692253754591,1693226018842,8,3,5
394,1693226018842,1692253754595,1692253754598,1693226018849,7,3,4
395,1693226018849,1692253754602,1692253754606,1693226018857,8,4,4
396,1693226018857,1692253754611,1692253754614,1693226018865,8,3,5
397,1693226018865,1692253754618,1692253754621,1693226018872,7,3,4
398,1693226018872,1692253754626,1692253754629,1693226018880,8,3,5
399,1693226018880,1692253754633,1692253754636,1693226018887,7,3,4
400,1693226018887,1692253754640,1692253754644,1693226018894,7,4,3
401,1693226018894,1692253754649,1692253754653,1693226018903,9,4,5
402,1693226018903,1692253754657,1692253754659,1693226018910,7,2,5
403,1693226018910,1692253754664,1692253754667,1693226018918,8,3,5
404,1693226018918,1692253754672,1692253754677,1693226018927,9,5,4
405,1693226018927,1692253754681,1692253754685,1693226018935,8,4,4
406,1693226018935,1692253754689,1692253754692,1693226018943,8,3,5
407,1693226018943,1692253754696,1692253754699,1693226018952,9,3,6
408,1693226018952,1692253754706,1692253754710,1693226018960,8,4,4
409,1693226018960,1692253754713,1692253754717,1693226018968,8,4,4
410,1693226018968,1692253754723,1692253754726,1693226018977,9,3,6
411,1693226018977,1692253754731,1692253754734,1693226018985,8,3,5
412,1693226018985,1692253754738,1692253754742,1693226018993,8,4,4
413,1693226018993,1692253754746,1692253754749,1693226019000,7,3,4
414,1693226019000,1692253754753,1692253754756,1693226019007,7,3,4
415,1693226019007,1692253754760,1692253754762,1693226019013,6,2,4
416,1693226019013,1692253754767,1692253754770,1693226019021,8,3,5
417,1693226019021,1692253754774,1692253754778,1693226019029,8,4,4
418,1693226019029,1692253754782,1692253754785,1693226019036,7,3,4
419,1693226019036,1692253754789,1692253754792,1693226019043,7,3,4
420,1693226019043,1692253754796,1692253754799,1693226019050,7,3,4
421,1693226019050,1692253754806,1692253754809,1693226019060,10,3,7
422,1693226019060,1692253754814,1692253754817,1693226019068,8,3,5
423,1693226019068,1692253754821,1692253754824,1693226019075,7,3,4
424,1693226019075,1692253754828,1692253754832,1693226019082,7,4,3
425,1693226019082,1692253754836,1692253754839,1693226019090,8,3,5
426,1693226019090,1692253754843,1692253754846,1693226019097,7,3,4
427,1693226019097,1692253754850,1692253754853,1693226019104,7,3,4
428,1693226019104,1692253754857,1692253754860,1693226019111,7,3,4
429,1693226019111,1692253754864,1692253754867,1693226019118,7,3,4
430,1693226019118,1692253754871,1692253754875,1693226019125,7,4,3
431,1693226019125,1692253754879,1692253754882,1693226019133,8,3,5
432,1693226019133,1692253754887,1692253754890,1693226019141,8,3,5
433,1693226019141,1692253754895,1692253754898,1693226019149,8,3,5
434,1693226019149,1692253754902,1692253754906,1693226019157,8,4,4
435,1693226019157,1692253754917,1692253754919,1693226019170,13,2,11
436,1693226019170,1692253754924,1692253754927,1693226019178,8,3,5
437,1693226019178,1692253754932,1692253754935,1693226019186,8,3,5
438,1693226019186,1692253754939,1692253754945,1693226019195,9,6,3
439,1693226019196,1692253754949,1692253754953,1693226019203,7,4,3
440,1693226019203,1692253754957,1692253754960,1693226019212,9,3,6
441,1693226019212,1692253754965,1692253754969,1693226019220,8,4,4
442,1693226019220,1692253754973,1692253754976,1693226019227,7,3,4
443,1693226019227,1692253754981,1692253754984,1693226019235,8,3,5
444,1693226019235,1692253754989,1692253754991,1693226019242,7,2,5
445,1693226019242,1692253754996,1692253754999,1693226019249,7,3,4
446,1693226019249,1692253755002,1692253755006,1693226019259,10,4,6
447,1693226019259,1692253755013,1692253755018,1693226019269,10,5,5
448,1693226019269,1692253755022,1692253755026,1693226019277,8,4,4
449,1693226019277,1692253755031,1692253755034,1693226019285,8,3,5
450,1693226019285,1692253755039,1692253755042,1693226019293,8,3,5
451,1693226019293,1692253755046,1692253755050,1693226019301,8,4,4
452,1693226019301,1692253755055,1692253755058,1693226019309,8,3,5
453,1693226019309,1692253755063,1692253755067,1693226019318,9,4,5
454,1693226019318,1692253755073,1692253755075,1693226019326,8,2,6
455,1693226019326,1692253755080,1692253755083,1693226019334,8,3,5
456,1693226019334,1692253755088,1692253755091,1693226019342,8,3,5
457,1693226019342,1692253755096,1692253755099,1693226019350,8,3,5
458,1693226019350,1692253755104,1692253755107,1693226019358,8,3,5
459,1693226019358,1692253755113,1692253755116,1693226019367,9,3,6
460,1693226019367,1692253755121,1692253755124,1693226019376,9,3,6
461,1693226019376,1692253755130,1692253755133,1693226019384,8,3,5
462,1693226019384,1692253755137,1692253755141,1693226019392,8,4,4
463,1693226019392,1692253755146,1692253755150,1693226019401,9,4,5
464,1693226019401,1692253755155,1692253755159,1693226019410,9,4,5
465,1693226019410,1692253755163,1692253755166,1693226019417,7,3,4
466,1693226019417,1692253755171,1692253755175,1693226019426,9,4,5
467,1693226019426,1692253755180,1692253755183,1693226019433,7,3,4
468,1693226019433,1692253755187,1692253755190,1693226019441,8,3,5
469,1693226019441,1692253755195,1692253755198,1693226019449,8,3,5
470,1693226019449,1692253755203,1692253755206,1693226019456,7,3,4
471,1693226019456,1692253755210,1692253755212,1693226019465,9,2,7
472,1693226019465,1692253755218,1692253755221,1693226019472,7,3,4
473,1693226019472,1692253755226,1692253755229,1693226019480,8,3,5
474,1693226019480,1692253755234,1692253755236,1693226019487,7,2,5
475,1693226019487,1692253755240,1692253755246,1693226019497,10,6,4
476,1693226019497,1692253755250,1692253755253,1693226019504,7,3,4
477,1693226019504,1692253755257,1692253755260,1693226019511,7,3,4
478,1693226019511,1692253755264,1692253755267,1693226019518,7,3,4
479,1693226019518,1692253755271,1692253755274,1693226019525,7,3,4
480,1693226019525,1692253755279,1692253755283,1693226019534,9,4,5
481,1693226019534,1692253755287,1692253755291,1693226019542,8,4,4
482,1693226019542,1692253755295,1692253755299,1693226019550,8,4,4
483,1693226019550,1692253755303,1692253755308,1693226019559,9,5,4
484,1693226019559,1692253755312,1692253755316,1693226019566,7,4,3
485,1693226019567,1692253755320,1692253755323,1693226019574,7,3,4
486,1693226019574,1692253755328,1692253755331,1693226019581,7,3,4
487,1693226019581,1692253755335,1692253755338,1693226019588,7,3,4
488,1693226019588,1692253755343,1692253755346,1693226019597,9,3,6
489,1693226019598,1692253755351,1692253755354,1693226019605,7,3,4
490,1693226019605,1692253755360,1692253755363,1693226019614,9,3,6
491,1693226019614,1692253755368,1692253755372,1693226019623,9,4,5
492,1693226019623,1692253755381,1692253755385,1693226019635,12,4,8
493,1693226019635,1692253755389,1692253755392,1693226019643,8,3,5
494,1693226019643,1692253755398,1692253755401,1693226019652,9,3,6
495,1693226019652,1692253755405,1692253755408,1693226019659,7,3,4
496,1693226019659,1692253755412,1692253755415,1693226019669,10,3,7
497,1693226019669,1692253755422,1692253755426,1693226019676,7,4,3
498,1693226019676,1692253755430,1692253755434,1693226019685,9,4,5
499,1693226019685,1692253755439,1692253755441,1693226019692,7,2,5
500,1693226019692,1692253755446,1692253755450,1693226019701,9,4,5
501,1693226019701,1692253755454,1692253755457,1693226019708,7,3,4
502,1693226019708,1692253755462,1692253755465,1693226019716,8,3,5
503,1693226019716,1692253755469,1692253755472,1693226019724,8,3,5
504,1693226019724,1692253755477,1692253755480,1693226019731,7,3,4
505,1693226019731,1692253755484,1692253755487,1693226019742,11,3,8
506,1693226019742,1692253755498,1692253755501,1693226019752,10,3,7
507,1693226019752,1692253755505,1692253755509,1693226019770,18,4,14
508,1693226019770,1692253755532,1692253755535,1693226019786,16,3,13
509,1693226019786,1692253755545,1692253755548,1693226019799,13,3,10
510,1693226019799,1692253755554,1692253755557,1693226019808,9,3,6
511,1693226019808,1692253755562,1692253755565,1693226019816,8,3,5
512,1693226019816,1692253755570,1692253755573,1693226019823,7,3,4
513,1693226019823,1692253755577,1692253755581,1693226019832,9,4,5
514,1693226019832,1692253755585,1692253755588,1693226019839,7,3,4
515,1693226019839,1692253755592,1692253755597,1693226019853,14,5,9
516,1693226019853,1692253755607,1692253755610,1693226019861,8,3,5
517,1693226019861,1692253755615,1692253755618,1693226019869,8,3,5
518,1693226019869,1692253755625,1692253755628,1693226019879,10,3,7
519,1693226019879,1692253755633,1692253755636,1693226019886,7,3,4
520,1693226019886,1692253755640,1692253755645,1693226019896,10,5,5
521,1693226019896,1692253755649,1692253755653,1693226019904,8,4,4
522,1693226019904,1692253755657,1692253755660,1693226019911,7,3,4
523,1693226019911,1692253755665,1692253755669,1693226019924,13,4,9
524,1693226019924,1692253755698,1692253755702,1693226019953,29,4,25
525,1693226019953,1692253755706,1692253755709,1693226019960,7,3,4
526,1693226019960,1692253755713,1692253755717,1693226019967,7,4,3
527,1693226019967,1692253755721,1692253755725,1693226019976,9,4,5
528,1693226019976,1692253755730,1692253755734,1693226019985,9,4,5
529,1693226019985,1692253755738,1692253755741,1693226019991,6,3,3
530,1693226019991,1692253755745,1692253755748,1693226019999,8,3,5
531,1693226019999,1692253755753,1692253755756,1693226020006,7,3,4
532,1693226020006,1692253755760,1692253755763,1693226020014,8,3,5
533,1693226020014,1692253755767,1692253755771,1693226020022,8,4,4
534,1693226020022,1692253755775,1692253755778,1693226020028,6,3,3
535,1693226020028,1692253755782,1692253755785,1693226020036,8,3,5
536,1693226020036,1692253755790,1692253755794,1693226020044,8,4,4
537,1693226020045,1692253755798,1692253755801,1693226020052,7,3,4
538,1693226020052,1692253755805,1692253755809,1693226020060,8,4,4
539,1693226020060,1692253755813,1692253755816,1693226020067,7,3,4
540,1693226020067,1692253755820,1692253755824,1693226020074,7,4,3
541,1693226020074,1692253755830,1692253755835,1693226020086,12,5,7
542,1693226020086,1692253755839,1692253755842,1693226020093,7,3,4
543,1693226020093,1692253755847,1692253755851,1693226020102,9,4,5
544,1693226020102,1692253755855,1692253755858,1693226020109,7,3,4
545,1693226020109,1692253755862,1692253755865,1693226020116,7,3,4
546,1693226020116,1692253755870,1692253755873,1693226020124,8,3,5
547,1693226020124,1692253755878,1692253755882,1693226020133,9,4,5
548,1693226020133,1692253755886,1692253755889,1693226020140,7,3,4
549,1693226020140,1692253755894,1692253755898,1693226020149,9,4,5
550,1693226020149,1692253755902,1692253755905,1693226020156,7,3,4
551,1693226020156,1692253755910,1692253755914,1693226020165,9,4,5
552,1693226020165,1692253755919,1692253755922,1693226020173,8,3,5
553,1693226020173,1692253755926,1692253755929,1693226020181,8,3,5
554,1693226020181,1692253755935,1692253755938,1693226020189,8,3,5
555,1693226020189,1692253755943,1692253755946,1693226020197,8,3,5
556,1693226020197,1692253755951,1692253755956,1693226020207,10,5,5
557,1693226020207,1692253755960,1692253755963,1693226020214,7,3,4
558,1693226020214,1692253755968,1692253755971,1693226020222,8,3,5
559,1693226020222,1692253755975,1692253755978,1693226020229,7,3,4
560,1693226020229,1692253755982,1692253755986,1693226020237,8,4,4
561,1693226020237,1692253755990,1692253755994,1693226020244,7,4,3
562,1693226020244,1692253755998,1692253756001,1693226020252,8,3,5
563,1693226020252,1692253756005,1692253756008,1693226020259,7,3,4
564,1693226020259,1692253756012,1692253756015,1693226020266,7,3,4
565,1693226020266,1692253756019,1692253756022,1693226020273,7,3,4
566,1693226020273,1692253756027,1692253756031,1693226020283,10,4,6
567,1693226020283,1692253756037,1692253756041,1693226020292,9,4,5
568,1693226020292,1692253756045,1692253756048,1693226020299,7,3,4
569,1693226020299,1692253756053,1692253756056,1693226020307,8,3,5
570,1693226020307,1692253756061,1692253756064,1693226020315,8,3,5
571,1693226020315,1692253756068,1692253756071,1693226020322,7,3,4
572,1693226020322,1692253756076,1692253756079,1693226020329,7,3,4
573,1693226020329,1692253756083,1692253756086,1693226020337,8,3,5
574,1693226020337,1692253756091,1692253756093,1693226020344,7,2,5
575,1693226020344,1692253756098,1692253756101,1693226020352,8,3,5
576,1693226020352,1692253756105,1692253756108,1693226020359,7,3,4
577,1693226020360,1692253756113,1692253756117,1693226020368,8,4,4
578,1693226020368,1692253756121,1692253756125,1693226020376,8,4,4
579,1693226020376,1692253756129,1692253756133,1693226020386,10,4,6
580,1693226020386,1692253756140,1692253756144,1693226020394,8,4,4
581,1693226020394,1692253756148,1692253756151,1693226020402,8,3,5
582,1693226020402,1692253756155,1692253756158,1693226020409,7,3,4
583,1693226020409,1692253756170,1692253756173,1693226020424,15,3,12
584,1693226020424,1692253756178,1692253756181,1693226020432,8,3,5
585,1693226020432,1692253756185,1692253756188,1693226020440,8,3,5
586,1693226020440,1692253756194,1692253756198,1693226020449,9,4,5
587,1693226020449,1692253756203,1692253756206,1693226020457,8,3,5
588,1693226020457,1692253756211,1692253756214,1693226020465,8,3,5
589,1693226020465,1692253756218,1692253756221,1693226020472,7,3,4
590,1693226020472,1692253756225,1692253756228,1693226020479,7,3,4
591,1693226020479,1692253756232,1692253756236,1693226020488,9,4,5
592,1693226020488,1692253756242,1692253756245,1693226020496,8,3,5
593,1693226020496,1692253756250,1692253756256,1693226020507,11,6,5
594,1693226020507,1692253756261,1692253756264,1693226020515,8,3,5
595,1693226020515,1692253756268,1692253756272,1693226020523,8,4,4
596,1693226020523,1692253756276,1692253756280,1693226020530,7,4,3
597,1693226020531,1692253756285,1692253756289,1693226020540,9,4,5
598,1693226020540,1692253756295,1692253756299,1693226020550,10,4,6
599,1693226020550,1692253756303,1692253756306,1693226020557,7,3,4
600,1693226020557,1692253756311,1692253756315,1693226020566,9,4,5
601,1693226020566,1692253756320,1692253756323,1693226020575,9,3,6
602,1693226020575,1692253756328,1692253756331,1693226020582,7,3,4
603,1693226020582,1692253756336,1692253756340,1693226020591,9,4,5
604,1693226020591,1692253756345,1692253756349,1693226020599,8,4,4
605,1693226020599,1692253756353,1692253756356,1693226020607,8,3,5
606,1693226020607,1692253756360,1692253756363,1693226020614,7,3,4
607,1693226020614,1692253756368,1692253756371,1693226020622,8,3,5
608,1693226020622,1692253756376,1692253756380,1693226020631,9,4,5
609,1693226020631,1692253756385,1692253756388,1693226020639,8,3,5
610,1693226020639,1692253756392,1692253756397,1693226020648,9,5,4
611,1693226020648,1692253756401,1692253756405,1693226020655,7,4,3
612,1693226020655,1692253756409,1692253756412,1693226020663,8,3,5
613,1693226020663,1692253756417,1692253756421,1693226020672,9,4,5
614,1693226020672,1692253756425,1692253756428,1693226020679,7,3,4
615,1693226020679,1692253756433,1692253756436,1693226020687,8,3,5
616,1693226020687,1692253756440,1692253756443,1693226020694,7,3,4
617,1693226020694,1692253756447,1692253756450,1693226020701,7,3,4
618,1693226020701,1692253756455,1692253756458,1693226020708,7,3,4
619,1693226020709,1692253756462,1692253756465,1693226020716,7,3,4
620,1693226020716,1692253756470,1692253756474,1693226020724,8,4,4
621,1693226020724,1692253756478,1692253756481,1693226020732,8,3,5
622,1693226020732,1692253756486,1692253756488,1693226020739,7,2,5
623,1693226020739,1692253756492,1692253756496,1693226020747,8,4,4
624,1693226020747,1692253756500,1692253756504,1693226020755,8,4,4
625,1693226020755,1692253756508,1692253756511,1693226020762,7,3,4
626,1693226020762,1692253756516,1692253756520,1693226020770,8,4,4
627,1693226020771,1692253756524,1692253756527,1693226020778,7,3,4
628,1693226020778,1692253756532,1692253756535,1693226020786,8,3,5
629,1693226020786,1692253756540,1692253756543,1693226020798,12,3,9
630,1693226020798,1692253756552,1692253756557,1693226020808,10,5,5
631,1693226020808,1692253756562,1692253756565,1693226020817,9,3,6
632,1693226020817,1692253756570,1692253756573,1693226020824,7,3,4
633,1693226020824,1692253756579,1692253756582,1693226020833,9,3,6
634,1693226020833,1692253756587,1692253756589,1693226020840,7,2,5
635,1693226020840,1692253756594,1692253756596,1693226020847,7,2,5
636,1693226020847,1692253756601,1692253756604,1693226020855,8,3,5
637,1693226020855,1692253756609,1692253756612,1693226020863,8,3,5
638,1693226020863,1692253756617,1692253756620,1693226020871,8,3,5
639,1693226020871,1692253756626,1692253756629,1693226020880,9,3,6
640,1693226020880,1692253756633,1692253756636,1693226020887,7,3,4
641,1693226020887,1692253756641,1692253756644,1693226020897,10,3,7
642,1693226020897,1692253756651,1692253756655,1693226020905,8,4,4
643,1693226020905,1692253756660,1692253756663,1693226020914,9,3,6
644,1693226020914,1692253756668,1692253756671,1693226020922,8,3,5
645,1693226020922,1692253756676,1692253756679,1693226020930,8,3,5
646,1693226020930,1692253756683,1692253756686,1693226020937,7,3,4
647,1693226020937,1692253756691,1692253756694,1693226020945,8,3,5
648,1693226020945,1692253756698,1692253756701,1693226020951,6,3,3
649,1693226020951,1692253756705,1692253756708,1693226020959,8,3,5
650,1693226020959,1692253756713,1692253756716,1693226020967,8,3,5
651,1693226020967,1692253756721,1692253756724,1693226020974,7,3,4
652,1693226020974,1692253756728,1692253756731,1693226020982,8,3,5
653,1693226020982,1692253756736,1692253756739,1693226020989,7,3,4
654,1693226020989,1692253756743,1692253756746,1693226020997,8,3,5
655,1693226020997,1692253756752,1692253756755,1693226021006,9,3,6
656,1693226021006,1692253756761,1692253756765,1693226021015,9,4,5
657,1693226021015,1692253756769,1692253756772,1693226021023,8,3,5
658,1693226021023,1692253756777,1692253756780,1693226021031,8,3,5
659,1693226021031,1692253756784,1692253756788,1693226021039,8,4,4
660,1693226021039,1692253756792,1692253756795,1693226021046,7,3,4
661,1693226021046,1692253756800,1692253756803,1693226021054,8,3,5
662,1693226021054,1692253756808,1692253756811,1693226021062,8,3,5
663,1693226021062,1692253756820,1692253756823,1693226021074,12,3,9
664,1693226021074,1692253756827,1692253756830,1693226021081,7,3,4
665,1693226021081,1692253756834,1692253756836,1693226021087,6,2,4
666,1693226021087,1692253756840,1692253756843,1693226021094,7,3,4
667,1693226021094,1692253756847,1692253756853,1693226021104,10,6,4
668,1693226021104,1692253756857,1692253756861,1693226021112,8,4,4
669,1693226021112,1692253756865,1692253756869,1693226021120,8,4,4
670,1693226021120,1692253756873,1692253756877,1693226021128,8,4,4
671,1693226021128,1692253756883,1692253756887,1693226021137,9,4,5
672,1693226021137,1692253756892,1692253756895,1693226021145,8,3,5
673,1693226021145,1692253756899,1692253756902,1693226021153,8,3,5
674,1693226021153,1692253756906,1692253756909,1693226021160,7,3,4
675,1693226021160,1692253756914,1692253756918,1693226021169,9,4,5
676,1693226021170,1692253756924,1692253756927,1693226021178,8,3,5
677,1693226021178,1692253756931,1692253756934,1693226021185,7,3,4
678,1693226021185,1692253756938,1692253756942,1693226021192,7,4,3
679,1693226021192,1692253756946,1692253756949,1693226021200,8,3,5
680,1693226021200,1692253756956,1692253756959,1693226021210,10,3,7
681,1693226021210,1692253756964,1692253756967,1693226021218,8,3,5
682,1693226021218,1692253756972,1692253756976,1693226021226,8,4,4
683,1693226021226,1692253756981,1692253756984,1693226021234,8,3,5
684,1693226021234,1692253756988,1692253756991,1693226021242,8,3,5
685,1693226021242,1692253756996,1692253756999,1693226021250,8,3,5
686,1693226021250,1692253757004,1692253757007,1693226021258,8,3,5
687,1693226021258,1692253757011,1692253757014,1693226021265,7,3,4
688,1693226021265,1692253757019,1692253757022,1693226021272,7,3,4
689,1693226021273,1692253757026,1692253757029,1693226021280,7,3,4
690,1693226021280,1692253757033,1692253757036,1693226021287,7,3,4
691,1693226021287,1692253757040,1692253757043,1693226021294,7,3,4
692,1693226021294,1692253757047,1692253757049,1693226021300,6,2,4
693,1693226021300,1692253757053,1692253757057,1693226021308,8,4,4
694,1693226021308,1692253757062,1692253757065,1693226021316,8,3,5
695,1693226021316,1692253757070,1692253757074,1693226021324,8,4,4
696,1693226021324,1692253757078,1692253757081,1693226021332,8,3,5
697,1693226021332,1692253757086,1692253757089,1693226021340,8,3,5
698,1693226021340,1692253757093,1692253757096,1693226021347,7,3,4
699,1693226021347,1692253757101,1692253757104,1693226021355,8,3,5
700,1693226021355,1692253757109,1692253757112,1693226021363,8,3,5
701,1693226021363,1692253757118,1692253757121,1693226021372,9,3,6
702,1693226021372,1692253757126,1692253757130,1693226021381,9,4,5
703,1693226021381,1692253757135,1692253757138,1693226021389,8,3,5
704,1693226021389,1692253757143,1692253757147,1693226021398,9,4,5
705,1693226021398,1692253757152,1692253757156,1693226021406,8,4,4
706,1693226021407,1692253757161,1692253757164,1693226021415,8,3,5
707,1693226021415,1692253757172,1692253757175,1693226021427,12,3,9
708,1693226021427,1692253757180,1692253757184,1693226021435,8,4,4
709,1693226021435,1692253757188,1692253757191,1693226021442,7,3,4
710,1693226021442,1692253757196,1692253757199,1693226021451,9,3,6
711,1693226021451,1692253757205,1692253757209,1693226021460,9,4,5
712,1693226021460,1692253757213,1692253757216,1693226021467,7,3,4
713,1693226021467,1692253757221,1692253757224,1693226021475,8,3,5
714,1693226021475,1692253757229,1692253757235,1693226021486,11,6,5
715,1693226021486,1692253757240,1692253757244,1693226021495,9,4,5
716,1693226021495,1692253757249,1692253757252,1693226021503,8,3,5
717,1693226021503,1692253757256,1692253757259,1693226021512,9,3,6
718,1693226021512,1692253757266,1692253757269,1693226021520,8,3,5
719,1693226021520,1692253757274,1692253757276,1693226021527,7,2,5
720,1693226021527,1692253757281,1692253757284,1693226021538,11,3,8
721,1693226021538,1692253757292,1692253757295,1693226021546,8,3,5
722,1693226021546,1692253757300,1692253757303,1693226021554,8,3,5
723,1693226021554,1692253757307,1692253757310,1693226021561,7,3,4
724,1693226021561,1692253757315,1692253757318,1693226021569,8,3,5
725,1693226021569,1692253757323,1692253757326,1693226021577,8,3,5
726,1693226021577,1692253757331,1692253757334,1693226021585,8,3,5
727,1693226021585,1692253757339,1692253757342,1693226021592,7,3,4
728,1693226021592,1692253757346,1692253757349,1693226021600,8,3,5
729,1693226021600,1692253757354,1692253757357,1693226021608,8,3,5
730,1693226021608,1692253757362,1692253757365,1693226021616,8,3,5
731,1693226021616,1692253757369,1692253757373,1693226021624,8,4,4
732,1693226021624,1692253757378,1692253757380,1693226021631,7,2,5
733,1693226021631,1692253757384,1692253757388,1693226021639,8,4,4
734,1693226021639,1692253757395,1692253757398,1693226021649,10,3,7
735,1693226021649,1692253757403,1692253757407,1693226021658,9,4,5
736,1693226021658,1692253757411,1692253757415,1693226021666,8,4,4
737,1693226021666,1692253757419,1692253757423,1693226021674,8,4,4
738,1693226021674,1692253757428,1692253757431,1693226021682,8,3,5
739,1693226021682,1692253757435,1692253757438,1693226021689,7,3,4
740,1693226021689,1692253757443,1692253757448,1693226021699,10,5,5
741,1693226021699,1692253757453,1692253757456,1693226021707,8,3,5
742,1693226021707,1692253757460,1692253757464,1693226021717,10,4,6
743,1693226021717,1692253757470,1692253757474,1693226021725,8,4,4
744,1693226021725,1692253757479,1692253757482,1693226021733,8,3,5
745,1693226021733,1692253757487,1692253757490,1693226021741,8,3,5
746,1693226021741,1692253757495,1692253757498,1693226021749,8,3,5
747,1693226021749,1692253757503,1692253757506,1693226021757,8,3,5
748,1693226021757,1692253757511,1692253757514,1693226021765,8,3,5
749,1693226021765,1692253757519,1692253757522,1693226021774,9,3,6
750,1693226021774,1692253757527,1692253757530,1693226021781,7,3,4
751,1693226021781,1692253757535,1692253757538,1693226021789,8,3,5
752,1693226021789,1692253757556,1692253757560,1693226021811,22,4,18
753,1693226021811,1692253757564,1692253757568,1693226021820,9,4,5
754,1693226021820,1692253757574,1692253757577,1693226021828,8,3,5
755,1693226021828,1692253757582,1692253757586,1693226021836,8,4,4
756,1693226021836,1692253757590,1692253757594,1693226021845,9,4,5
757,1693226021845,1692253757598,1692253757602,1693226021852,7,4,3
758,1693226021852,1692253757606,1692253757608,1693226021859,7,2,5
759,1693226021859,1692253757612,1692253757616,1693226021866,7,4,3
760,1693226021866,1692253757620,1692253757623,1693226021874,8,3,5
761,1693226021874,1692253757627,1692253757630,1693226021880,6,3,3
762,1693226021880,1692253757634,1692253757637,1693226021887,7,3,4
763,1693226021887,1692253757640,1692253757643,1693226021894,7,3,4
764,1693226021894,1692253757647,1692253757651,1693226021902,8,4,4
765,1693226021902,1692253757656,1692253757660,1693226021910,8,4,4
766,1693226021910,1692253757664,1692253757667,1693226021917,7,3,4
767,1693226021917,1692253757673,1692253757677,1693226021928,11,4,7
768,1693226021928,1692253757681,1692253757684,1693226021935,7,3,4
769,1693226021935,1692253757688,1692253757691,1693226021942,7,3,4
770,1693226021942,1692253757696,1692253757699,1693226021950,8,3,5
771,1693226021950,1692253757704,1692253757707,1693226021958,8,3,5
772,1693226021958,1692253757711,1692253757714,1693226021965,7,3,4
773,1693226021965,1692253757718,1692253757723,1693226021973,8,5,3
774,1693226021974,1692253757727,1692253757731,1693226021981,7,4,3
775,1693226021982,1692253757736,1692253757740,1693226021991,9,4,5
776,1693226021991,1692253757744,1692253757748,1693226021999,8,4,4
777,1693226021999,1692253757752,1692253757759,1693226022010,11,7,4
778,1693226022010,1692253757764,1692253757767,1693226022018,8,3,5
779,1693226022018,1692253757771,1692253757774,1693226022025,7,3,4
780,1693226022025,1692253757779,1692253757782,1693226022033,8,3,5
781,1693226022033,1692253757786,1692253757789,1693226022040,7,3,4
782,1693226022040,1692253757794,1692253757797,1693226022048,8,3,5
783,1693226022048,1692253757802,1692253757805,1693226022056,8,3,5
784,1693226022056,1692253757809,1692253757812,1693226022063,7,3,4
785,1693226022063,1692253757819,1692253757822,1693226022073,10,3,7
786,1693226022073,1692253757827,1692253757829,1693226022080,7,2,5
787,1693226022080,1692253757833,1692253757837,1693226022088,8,4,4
788,1693226022088,1692253757841,1692253757844,1693226022094,6,3,3
789,1693226022095,1692253757848,1692253757852,1693226022102,7,4,3
790,1693226022102,1692253757856,1692253757860,1693226022111,9,4,5
791,1693226022111,1692253757864,1692253757868,1693226022118,7,4,3
792,1693226022118,1692253757872,1692253757875,1693226022126,8,3,5
793,1693226022126,1692253757880,1692253757883,1693226022134,8,3,5
794,1693226022134,1692253757888,1692253757891,1693226022142,8,3,5
795,1693226022142,1692253757896,1692253757900,1693226022150,8,4,4
796,1693226022150,1692253757904,1692253757908,1693226022158,8,4,4
797,1693226022158,1692253757911,1692253757915,1693226022166,8,4,4
798,1693226022166,1692253757920,1692253757922,1693226022173,7,2,5
799,1693226022173,1692253757927,1692253757930,1693226022181,8,3,5
800,1693226022181,1692253757934,1692253757938,1693226022189,8,4,4
801,1693226022189,1692253757943,1692253757946,1693226022197,8,3,5
802,1693226022197,1692253757950,1692253757954,1693226022205,8,4,4
803,1693226022205,1692253757958,1692253757961,1693226022212,7,3,4
804,1693226022212,1692253757966,1692253757969,1693226022220,8,3,5
805,1693226022220,1692253757973,1692253757977,1693226022229,9,4,5
806,1693226022229,1692253757982,1692253757986,1693226022237,8,4,4
807,1693226022237,1692253757990,1692253757993,1693226022244,7,3,4
808,1693226022244,1692253757998,1692253758001,1693226022252,8,3,5
809,1693226022252,1692253758005,1692253758008,1693226022259,7,3,4
810,1693226022259,1692253758013,1692253758016,1693226022267,8,3,5
811,1693226022267,1692253758021,1692253758025,1693226022276,9,4,5
812,1693226022276,1692253758030,1692253758033,1693226022284,8,3,5
813,1693226022284,1692253758037,1692253758042,1693226022293,9,5,4
814,1693226022293,1692253758048,1692253758051,1693226022302,9,3,6
815,1693226022302,1692253758056,1692253758059,1693226022310,8,3,5
816,1693226022310,1692253758064,1692253758067,1693226022318,8,3,5
817,1693226022318,1692253758071,1692253758074,1693226022325,7,3,4
818,1693226022325,1692253758078,1692253758081,1693226022332,7,3,4
819,1693226022332,1692253758085,1692253758089,1693226022340,8,4,4
820,1693226022340,1692253758093,1692253758097,1693226022347,7,4,3
821,1693226022347,1692253758101,1692253758104,1693226022355,8,3,5
822,1693226022355,1692253758109,1692253758113,1693226022363,8,4,4
823,1693226022363,1692253758117,1692253758120,1693226022370,7,3,4
824,1693226022370,1692253758125,1692253758128,1693226022379,9,3,6
825,1693226022379,1692253758133,1692253758136,1693226022387,8,3,5
826,1693226022387,1692253758141,1692253758144,1693226022396,9,3,6
827,1693226022396,1692253758149,1692253758152,1693226022403,7,3,4
828,1693226022403,1692253758156,1692253758159,1693226022410,7,3,4
829,1693226022410,1692253758163,1692253758166,1693226022418,8,3,5
830,1693226022418,1692253758172,1692253758175,1693226022426,8,3,5
831,1693226022426,1692253758180,1692253758183,1693226022434,8,3,5
832,1693226022434,1692253758192,1692253758195,1693226022446,12,3,9
833,1693226022446,1692253758199,1692253758202,1693226022453,7,3,4
834,1693226022453,1692253758206,1692253758209,1693226022460,7,3,4
835,1693226022460,1692253758216,1692253758219,1693226022470,10,3,7
836,1693226022470,1692253758224,1692253758227,1693226022478,8,3,5
837,1693226022478,1692253758231,1692253758235,1693226022485,7,4,3
838,1693226022485,1692253758239,1692253758241,1693226022492,7,2,5
839,1693226022492,1692253758245,1692253758248,1693226022499,7,3,4
840,1693226022499,1692253758258,1692253758262,1693226022512,13,4,9
841,1693226022512,1692253758266,1692253758270,1693226022526,14,4,10
842,1693226022526,1692253758280,1692253758283,1693226022536,10,3,7
843,1693226022536,1692253758294,1692253758298,1693226022553,17,4,13
844,1693226022553,1692253758307,1692253758310,1693226022561,8,3,5
845,1693226022561,1692253758315,1692253758318,1693226022569,8,3,5
846,1693226022569,1692253758322,1692253758326,1693226022577,8,4,4
847,1693226022577,1692253758330,1692253758334,1693226022585,8,4,4
848,1693226022585,1692253758338,1692253758341,1693226022592,7,3,4
849,1693226022592,1692253758346,1692253758349,1693226022600,8,3,5
850,1693226022600,1692253758353,1692253758358,1693226022608,8,5,3
851,1693226022609,1692253758362,1692253758365,1693226022616,7,3,4
852,1693226022616,1692253758369,1692253758372,1693226022624,8,3,5
853,1693226022624,1692253758377,1692253758380,1693226022631,7,3,4
854,1693226022631,1692253758385,1692253758388,1693226022639,8,3,5
855,1693226022639,1692253758392,1692253758396,1693226022647,8,4,4
856,1693226022647,1692253758400,1692253758404,1693226022654,7,4,3
857,1693226022654,1692253758407,1692253758410,1693226022661,7,3,4
858,1693226022661,1692253758415,1692253758418,1693226022669,8,3,5
859,1693226022669,1692253758424,1692253758428,1693226022679,10,4,6
860,1693226022679,1692253758432,1692253758435,1693226022687,8,3,5
861,1693226022687,1692253758441,1692253758444,1693226022694,7,3,4
862,1693226022694,1692253758448,1692253758452,1693226022702,8,4,4
863,1693226022702,1692253758455,1692253758458,1693226022708,6,3,3
864,1693226022709,1692253758462,1692253758465,1693226022716,7,3,4
865,1693226022716,1692253758470,1692253758473,1693226022724,8,3,5
866,1693226022724,1692253758478,1692253758482,1693226022732,8,4,4
867,1693226022732,1692253758485,1692253758490,1693226022741,9,5,4
868,1693226022741,1692253758495,1692253758497,1693226022748,7,2,5
869,1693226022748,1692253758502,1692253758504,1693226022755,7,2,5
870,1693226022755,1692253758509,1692253758512,1693226022763,8,3,5
871,1693226022763,1692253758516,1692253758520,1693226022770,7,4,3
872,1693226022770,1692253758526,1692253758529,1693226022780,10,3,7
873,1693226022780,1692253758533,1692253758537,1693226022788,8,4,4
874,1693226022788,1692253758542,1692253758545,1693226022796,8,3,5
875,1693226022796,1692253758550,1692253758553,1693226022810,14,3,11
876,1693226022810,1692253758564,1692253758567,1693226022818,8,3,5
877,1693226022818,1692253758571,1692253758574,1693226022825,7,3,4
878,1693226022825,1692253758579,1692253758582,1693226022833,8,3,5
879,1693226022833,1692253758587,1692253758590,1693226022844,11,3,8
880,1693226022844,1692253758598,1692253758601,1693226022852,8,3,5
881,1693226022852,1692253758605,1692253758608,1693226022858,6,3,3
882,1693226022858,1692253758612,1692253758615,1693226022866,8,3,5
883,1693226022866,1692253758619,1692253758623,1693226022874,8,4,4
884,1693226022874,1692253758627,1692253758630,1693226022881,7,3,4
885,1693226022881,1692253758635,1692253758639,1693226022890,9,4,5
886,1693226022890,1692253758643,1692253758646,1693226022897,7,3,4
887,1693226022897,1692253758650,1692253758656,1693226022906,9,6,3
888,1693226022906,1692253758660,1692253758663,1693226022914,8,3,5
889,1693226022914,1692253758668,1692253758671,1693226022922,8,3,5
890,1693226022922,1692253758675,1692253758679,1693226022930,8,4,4
891,1693226022930,1692253758683,1692253758687,1693226022937,7,4,3
892,1693226022938,1692253758691,1692253758694,1693226022946,8,3,5
893,1693226022946,1692253758700,1692253758703,1693226022954,8,3,5
894,1693226022954,1692253758707,1692253758710,1693226022961,7,3,4
895,1693226022961,1692253758714,1692253758717,1693226022968,7,3,4
896,1693226022968,1692253758722,1692253758725,1693226022976,8,3,5
897,1693226022976,1692253758730,1692253758733,1693226022984,8,3,5
898,1693226022984,1692253758738,1692253758741,1693226022992,8,3,5
899,1693226022992,1692253758745,1692253758749,1693226023000,8,4,4
900,1693226023000,1692253758753,1692253758757,1693226023008,8,4,4
901,1693226023008,1692253758761,1692253758765,1693226023016,8,4,4
902,1693226023016,1692253758769,1692253758772,1693226023023,7,3,4
903,1693226023023,1692253758777,1692253758779,1693226023030,7,2,5
904,1693226023030,1692253758784,1692253758788,1693226023038,8,4,4
905,1693226023038,1692253758792,1692253758796,1693226023048,10,4,6
906,1693226023048,1692253758802,1692253758805,1693226023056,8,3,5
907,1693226023056,1692253758809,1692253758813,1693226023064,8,4,4
908,1693226023064,1692253758818,1692253758821,1693226023071,7,3,4
909,1693226023071,1692253758825,1692253758828,1693226023079,8,3,5
910,1693226023079,1692253758832,1692253758835,1693226023086,7,3,4
911,1693226023086,1692253758840,1692253758843,1693226023093,7,3,4
912,1693226023093,1692253758847,1692253758850,1693226023100,7,3,4
913,1693226023100,1692253758854,1692253758857,1693226023107,7,3,4
914,1693226023107,1692253758862,1692253758864,1693226023115,8,2,6
915,1693226023115,1692253758869,1692253758872,1693226023123,8,3,5
916,1693226023123,1692253758876,1692253758880,1693226023130,7,4,3
917,1693226023131,1692253758884,1692253758887,1693226023137,6,3,3
918,1693226023137,1692253758891,1692253758894,1693226023145,8,3,5
919,1693226023145,1692253758898,1692253758902,1693226023153,8,4,4
920,1693226023153,1692253758907,1692253758911,1693226023162,9,4,5
921,1693226023162,1692253758915,1692253758919,1693226023170,8,4,4
922,1693226023170,1692253758923,1692253758926,1693226023177,7,3,4
923,1693226023177,1692253758931,1692253758933,1693226023184,7,2,5
924,1693226023184,1692253758937,1692253758942,1693226023193,9,5,4
925,1693226023193,1692253758946,1692253758950,1693226023200,7,4,3
926,1693226023200,1692253758954,1692253758957,1693226023208,8,3,5
927,1693226023208,1692253758962,1692253758965,1693226023216,8,3,5
928,1693226023216,1692253758970,1692253758972,1693226023223,7,2,5
929,1693226023223,1692253758976,1692253758979,1693226023230,7,3,4
930,1693226023230,1692253758984,1692253758987,1693226023238,8,3,5
931,1693226023238,1692253758991,1692253758994,1693226023245,7,3,4
932,1693226023245,1692253758999,1692253759002,1693226023253,8,3,5
933,1693226023254,1692253759007,1692253759011,1693226023261,7,4,3
934,1693226023261,1692253759014,1692253759017,1693226023268,7,3,4
935,1693226023268,1692253759021,1692253759024,1693226023274,6,3,3
936,1693226023274,1692253759028,1692253759031,1693226023282,8,3,5
937,1693226023282,1692253759037,1692253759040,1693226023291,9,3,6
938,1693226023291,1692253759045,1692253759048,1693226023298,7,3,4
939,1693226023299,1692253759052,1692253759055,1693226023306,7,3,4
940,1693226023306,1692253759059,1692253759062,1693226023314,8,3,5
941,1693226023314,1692253759068,1692253759072,1693226023323,9,4,5
942,1693226023323,1692253759077,1692253759080,1693226023332,9,3,6
943,1693226023332,1692253759086,1692253759089,1693226023340,8,3,5
944,1693226023340,1692253759093,1692253759096,1693226023347,7,3,4
945,1693226023347,1692253759101,1692253759104,1693226023355,8,3,5
946,1693226023355,1692253759109,1692253759113,1693226023364,9,4,5
947,1693226023364,1692253759117,1692253759121,1693226023372,8,4,4
948,1693226023372,1692253759126,1692253759129,1693226023380,8,3,5
949,1693226023380,1692253759133,1692253759136,1693226023387,7,3,4
950,1693226023387,1692253759140,1692253759144,1693226023394,7,4,3
951,1693226023394,1692253759148,1692253759152,1693226023403,9,4,5
952,1693226023403,1692253759157,1692253759160,1693226023411,8,3,5
953,1693226023411,1692253759165,1692253759169,1693226023419,8,4,4
954,1693226023420,1692253759173,1692253759177,1693226023427,7,4,3
955,1693226023427,1692253759181,1692253759184,1693226023435,8,3,5
956,1693226023435,1692253759195,1692253759199,1693226023450,15,4,11
957,1693226023450,1692253759203,1692253759207,1693226023458,8,4,4
958,1693226023458,1692253759211,1692253759215,1693226023466,8,4,4
959,1693226023466,1692253759219,1692253759222,1693226023472,6,3,3
960,1693226023472,1692253759226,1692253759229,1693226023480,8,3,5
961,1693226023480,1692253759233,1692253759238,1693226023489,9,5,4
962,1693226023489,1692253759244,1692253759248,1693226023499,10,4,6
963,1693226023499,1692253759252,1692253759255,1693226023506,7,3,4
964,1693226023506,1692253759259,1692253759262,1693226023513,7,3,4
965,1693226023513,1692253759267,1692253759270,1693226023521,8,3,5
966,1693226023521,1692253759274,1692253759278,1693226023529,8,4,4
967,1693226023529,1692253759283,1692253759286,1693226023537,8,3,5
968,1693226023537,1692253759291,1692253759294,1693226023545,8,3,5
969,1693226023545,1692253759299,1692253759303,1693226023554,9,4,5
970,1693226023554,1692253759307,1692253759310,1693226023561,7,3,4
971,1693226023561,1692253759315,1692253759318,1693226023569,8,3,5
972,1693226023569,1692253759322,1692253759326,1693226023577,8,4,4
973,1693226023577,1692253759330,1692253759334,1693226023584,7,4,3
974,1693226023584,1692253759338,1692253759341,1693226023591,7,3,4
975,1693226023591,1692253759345,1692253759348,1693226023599,8,3,5
976,1693226023599,1692253759352,1692253759356,1693226023607,8,4,4
977,1693226023607,1692253759360,1692253759363,1693226023614,7,3,4
978,1693226023614,1692253759368,1692253759371,1693226023622,8,3,5
979,1693226023622,1692253759376,1692253759380,1693226023631,9,4,5
980,1693226023631,1692253759384,1692253759387,1693226023638,7,3,4
981,1693226023638,1692253759392,1692253759395,1693226023646,8,3,5
982,1693226023646,1692253759400,1692253759403,1693226023654,8,3,5
983,1693226023654,1692253759409,1692253759412,1693226023663,9,3,6
984,1693226023663,1692253759417,1692253759420,1693226023671,8,3,5
985,1693226023671,1692253759425,1692253759428,1693226023679,8,3,5
986,1693226023679,1692253759433,1692253759436,1693226023687,8,3,5
987,1693226023687,1692253759441,1692253759444,1693226023695,8,3,5
988,1693226023695,1692253759449,1692253759452,1693226023703,8,3,5
989,1693226023703,1692253759457,1692253759461,1693226023712,9,4,5
990,1693226023712,1692253759465,1692253759468,1693226023719,7,3,4
991,1693226023719,1692253759473,1692253759477,1693226023728,9,4,5
992,1693226023728,1692253759482,1692253759486,1693226023737,9,4,5
993,1693226023737,1692253759491,1692253759494,1693226023745,8,3,5
994,1693226023745,1692253759499,1692253759503,1693226023753,8,4,4
995,1693226023753,1692253759507,1692253759510,1693226023761,8,3,5
996,1693226023761,1692253759517,1692253759520,1693226023771,10,3,7
997,1693226023771,1692253759525,1692253759529,1693226023780,9,4,5
998,1693226023780,1692253759534,1692253759539,1693226023790,10,5,5
999,1693226023790,1692253759544,1692253759548,1693226023799,9,4,5
1000,1693226023799,1692253759552,1692253759555,1693226023806,7,3,4
1001,1693226023806,1692253759560,1692253759563,1693226023816,10,3,7
1002,1693226023816,1692253759570,1692253759573,1693226023824,8,3,5
1003,1693226023824,1692253759580,1692253759583,1693226023834,10,3,7
1004,1693226023834,1692253759588,1692253759591,1693226023841,7,3,4
1005,1693226023841,1692253759594,1692253759598,1693226023848,7,4,3
1006,1693226023848,1692253759601,1692253759604,1693226023854,6,3,3
1007,1693226023854,1692253759608,1692253759612,1693226023863,9,4,5
1008,1693226023863,1692253759618,1692253759621,1693226023872,9,3,6
1009,1693226023872,1692253759626,1692253759629,1693226023879,7,3,4
1010,1693226023879,1692253759634,1692253759636,1693226023887,8,2,6
1011,1693226023887,1692253759640,1692253759644,1693226023894,7,4,3
1012,1693226023894,1692253759648,1692253759652,1693226023902,8,4,4
1013,1693226023902,1692253759656,1692253759659,1693226023910,8,3,5
1014,1693226023910,1692253759666,1692253759670,1693226023920,10,4,6
1015,1693226023920,1692253759674,1692253759676,1693226023927,7,2,5
1016,1693226023927,1692253759680,1692253759683,1693226023934,7,3,4
1017,1693226023934,1692253759688,1692253759691,1693226023942,8,3,5
1018,1693226023942,1692253759696,1692253759699,1693226023950,8,3,5
1019,1693226023950,1692253759703,1692253759706,1693226023957,7,3,4
1020,1693226023957,1692253759710,1692253759713,1693226023964,7,3,4
1021,1693226023964,1692253759718,1692253759721,1693226023972,8,3,5
1022,1693226023972,1692253759725,1692253759729,1693226023979,7,4,3
1023,1693226023979,1692253759733,1692253759737,1693226023987,8,4,4
1024,1693226023988,1692253759741,1692253759744,1693226023995,7,3,4
1025,1693226023995,1692253759748,1692253759751,1693226024002,7,3,4
1026,1693226024002,1692253759755,1692253759758,1693226024009,7,3,4
1027,1693226024009,1692253759763,1692253759766,1693226024017,8,3,5
1028,1693226024017,1692253759771,1692253759774,1693226024025,8,3,5
1029,1693226024025,1692253759778,1692253759781,1693226024032,7,3,4
1030,1693226024032,1692253759785,1692253759789,1693226024040,8,4,4
1031,1693226024040,1692253759793,1692253759796,1693226024047,7,3,4
1032,1693226024047,1692253759801,1692253759804,1693226024054,7,3,4
1033,1693226024054,1692253759808,1692253759811,1693226024061,7,3,4
1034,1693226024061,1692253759815,1692253759819,1693226024072,11,4,7
1035,1693226024072,1692253759826,1692253759830,1693226024081,9,4,5
1036,1693226024081,1692253759835,1692253759839,1693226024089,8,4,4
1037,1693226024089,1692253759843,1692253759845,1693226024096,7,2,5
1038,1693226024096,1692253759849,1692253759853,1693226024104,8,4,4
1039,1693226024104,1692253759857,1692253759860,1693226024111,7,3,4
1040,1693226024111,1692253759865,1692253759868,1693226024119,8,3,5
1041,1693226024119,1692253759872,1692253759875,1693226024126,7,3,4
1042,1693226024126,1692253759879,1692253759882,1693226024133,7,3,4
1043,1693226024133,1692253759887,1692253759890,1693226024141,8,3,5
1044,1693226024141,1692253759895,1692253759898,1693226024149,8,3,5
1045,1693226024149,1692253759903,1692253759906,1693226024157,8,3,5
1046,1693226024157,1692253759910,1692253759914,1693226024164,7,4,3
1047,1693226024164,1692253759918,1692253759922,1693226024174,10,4,6
1048,1693226024174,1692253759927,1692253759931,1693226024182,8,4,4
1049,1693226024182,1692253759935,1692253759939,1693226024190,8,4,4
1050,1693226024190,1692253759944,1692253759947,1693226024198,8,3,5
1051,1693226024198,1692253759951,1692253759954,1693226024205,7,3,4
1052,1693226024205,1692253759959,1692253759962,1693226024213,8,3,5
1053,1693226024213,1692253759966,1692253759970,1693226024220,7,4,3
1054,1693226024221,1692253759974,1692253759977,1693226024228,7,3,4
1055,1693226024228,1692253759981,1692253759985,1693226024236,8,4,4
1056,1693226024236,1692253759989,1692253759992,1693226024242,6,3,3
1057,1693226024242,1692253759996,1692253760000,1693226024250,8,4,4
1058,1693226024250,1692253760004,1692253760007,1693226024258,8,3,5
1059,1693226024258,1692253760011,1692253760014,1693226024265,7,3,4
1060,1693226024265,1692253760019,1692253760022,1693226024273,8,3,5
1061,1693226024273,1692253760028,1692253760032,1693226024282,9,4,5
1062,1693226024282,1692253760036,1692253760039,1693226024290,8,3,5
1063,1693226024290,1692253760043,1692253760047,1693226024297,7,4,3
1064,1693226024297,1692253760051,1692253760054,1693226024305,8,3,5
1065,1693226024305,1692253760059,1692253760062,1693226024313,8,3,5
1066,1693226024313,1692253760067,1692253760070,1693226024321,8,3,5
1067,1693226024321,1692253760074,1692253760077,1693226024328,7,3,4
1068,1693226024328,1692253760081,1692253760084,1693226024335,7,3,4
1069,1693226024335,1692253760089,1692253760092,1693226024343,8,3,5
1070,1693226024343,1692253760098,1692253760101,1693226024352,9,3,6
1071,1693226024352,1692253760106,1692253760109,1693226024360,8,3,5
1072,1693226024360,1692253760114,1692253760119,1693226024370,10,5,5
1073,1693226024370,1692253760124,1692253760127,1693226024379,9,3,6
1074,1693226024379,1692253760133,1692253760137,1693226024388,9,4,5
1075,1693226024388,1692253760141,1692253760145,1693226024395,7,4,3
1076,1693226024396,1692253760149,1692253760153,1693226024403,7,4,3
1077,1693226024403,1692253760157,1692253760160,1693226024411,8,3,5
1078,1693226024411,1692253760165,1692253760168,1693226024420,9,3,6
1079,1693226024420,1692253760173,1692253760177,1693226024428,8,4,4
1080,1693226024428,1692253760181,1692253760184,1693226024435,7,3,4
1081,1693226024435,1692253760189,1692253760192,1693226024443,8,3,5
1082,1693226024443,1692253760197,1692253760200,1693226024451,8,3,5
1083,1693226024451,1692253760204,1692253760207,1693226024458,7,3,4
1084,1693226024458,1692253760212,1692253760214,1693226024465,7,2,5
1085,1693226024465,1692253760219,1692253760223,1693226024473,8,4,4
1086,1693226024474,1692253760227,1692253760231,1693226024482,8,4,4
1087,1693226024482,1692253760235,1692253760239,1693226024489,7,4,3
1088,1693226024489,1692253760242,1692253760245,1693226024496,7,3,4
1089,1693226024496,1692253760249,1692253760253,1693226024504,8,4,4
1090,1693226024504,1692253760258,1692253760261,1693226024513,9,3,6
1091,1693226024514,1692253760267,1692253760270,1693226024521,7,3,4
1092,1693226024521,1692253760274,1692253760277,1693226024528,7,3,4
1093,1693226024528,1692253760281,1692253760284,1693226024535,7,3,4
1094,1693226024535,1692253760289,1692253760292,1693226024543,8,3,5
1095,1693226024543,1692253760297,1692253760300,1693226024551,8,3,5
1096,1693226024551,1692253760304,1692253760307,1693226024558,7,3,4
1097,1693226024558,1692253760312,1692253760315,1693226024566,8,3,5
1098,1693226024566,1692253760320,1692253760323,1693226024573,7,3,4
1099,1693226024573,1692253760326,1692253760330,1693226024581,8,4,4
1100,1693226024581,1692253760335,1692253760338,1693226024589,8,3,5
1101,1693226024589,1692253760342,1692253760346,1693226024597,8,4,4
1102,1693226024597,1692253760350,1692253760354,1693226024605,8,4,4
1103,1693226024605,1692253760359,1692253760362,1693226024612,7,3,4
1104,1693226024612,1692253760366,1692253760369,1693226024619,7,3,4
1105,1693226024619,1692253760373,1692253760379,1693226024629,10,6,4
1106,1693226024629,1692253760383,1692253760386,1693226024637,8,3,5
1107,1693226024637,1692253760391,1692253760394,1693226024645,8,3,5
1108,1693226024645,1692253760399,1692253760402,1693226024653,8,3,5
1109,1693226024653,1692253760406,1692253760411,1693226024661,8,5,3
1110,1693226024661,1692253760415,1692253760418,1693226024669,8,3,5
1111,1693226024669,1692253760423,1692253760426,1693226024677,8,3,5
1112,1693226024677,1692253760431,1692253760434,1693226024686,9,3,6
1113,1693226024686,1692253760440,1692253760443,1693226024694,8,3,5
1114,1693226024694,1692253760448,1692253760451,1693226024702,8,3,5
1115,1693226024702,1692253760456,1692253760461,1693226024712,10,5,5
1116,1693226024712,1692253760466,1692253760470,1693226024721,9,4,5
1117,1693226024721,1692253760477,1692253760480,1693226024731,10,3,7
1118,1693226024731,1692253760484,1692253760487,1693226024738,7,3,4
1119,1693226024738,1692253760491,1692253760495,1693226024746,8,4,4
1120,1693226024746,1692253760501,1692253760505,1693226024755,9,4,5
1121,1693226024755,1692253760508,1692253760512,1693226024763,8,4,4
1122,1693226024763,1692253760516,1692253760520,1693226024771,8,4,4
1123,1693226024771,1692253760524,1692253760528,1693226024778,7,4,3
1124,1693226024778,1692253760532,1692253760535,1693226024786,8,3,5
1125,1693226024786,1692253760541,1692253760544,1693226024795,9,3,6
1126,1693226024795,1692253760549,1692253760552,1693226024804,9,3,6
1127,1693226024804,1692253760557,1692253760560,1693226024811,7,3,4
1128,1693226024811,1692253760564,1692253760568,1693226024822,11,4,7
1129,1693226024822,1692253760576,1692253760579,1693226024830,8,3,5
1130,1693226024830,1692253760584,1692253760587,1693226024837,7,3,4
1131,1693226024838,1692253760591,1692253760594,1693226024845,7,3,4
1132,1693226024845,1692253760599,1692253760601,1693226024852,7,2,5
1133,1693226024852,1692253760606,1692253760609,1693226024860,8,3,5
1134,1693226024860,1692253760613,1692253760616,1693226024867,7,3,4
1135,1693226024867,1692253760621,1692253760624,1693226024875,8,3,5
1136,1693226024875,1692253760628,1692253760631,1693226024882,7,3,4
1137,1693226024882,1692253760635,1692253760639,1693226024892,10,4,6
1138,1693226024892,1692253760646,1692253760649,1693226024900,8,3,5
1139,1693226024900,1692253760654,1692253760657,1693226024907,7,3,4
1140,1693226024907,1692253760661,1692253760664,1693226024915,8,3,5
1141,1693226024915,1692253760669,1692253760672,1693226024922,7,3,4
1142,1693226024922,1692253760676,1692253760679,1693226024929,7,3,4
1143,1693226024929,1692253760683,1692253760687,1693226024937,8,4,4
1144,1693226024937,1692253760691,1692253760695,1693226024946,9,4,5
1145,1693226024946,1692253760699,1692253760703,1693226024954,8,4,4
1146,1693226024954,1692253760707,1692253760711,1693226024961,7,4,3
1147,1693226024961,1692253760715,1692253760718,1693226024969,8,3,5
1148,1693226024969,1692253760723,1692253760726,1693226024977,8,3,5
1149,1693226024977,1692253760731,1692253760734,1693226024985,8,3,5
1150,1693226024985,1692253760738,1692253760741,1693226024993,8,3,5
1151,1693226024993,1692253760747,1692253760751,1693226025001,8,4,4
1152,1693226025001,1692253760755,1692253760758,1693226025009,8,3,5
1153,1693226025009,1692253760763,1692253760766,1693226025017,8,3,5
1154,1693226025017,1692253760770,1692253760772,1693226025023,6,2,4
1155,1693226025023,1692253760776,1692253760781,1693226025031,8,5,3
1156,1693226025031,1692253760785,1692253760788,1693226025039,8,3,5
1157,1693226025039,1692253760793,1692253760796,1693226025047,8,3,5
1158,1693226025047,1692253760801,1692253760803,1693226025054,7,2,5
1159,1693226025054,1692253760808,1692253760811,1693226025062,8,3,5
1160,1693226025062,1692253760815,1692253760819,1693226025070,8,4,4
1161,1693226025070,1692253760823,1692253760827,1693226025078,8,4,4
1162,1693226025078,1692253760831,1692253760836,1693226025086,8,5,3
1163,1693226025086,1692253760840,1692253760844,1693226025096,10,4,6
1164,1693226025096,1692253760849,1692253760852,1693226025103,7,3,4
1165,1693226025103,1692253760856,1692253760859,1693226025110,7,3,4
1166,1693226025110,1692253760864,1692253760868,1693226025118,8,4,4
1167,1693226025118,1692253760872,1692253760874,1693226025125,7,2,5
1168,1693226025125,1692253760879,1692253760882,1693226025133,8,3,5
1169,1693226025133,1692253760887,1692253760891,1693226025141,8,4,4
1170,1693226025142,1692253760895,1692253760898,1693226025149,7,3,4
1171,1693226025149,1692253760902,1692253760906,1693226025157,8,4,4
1172,1693226025157,1692253760911,1692253760914,1693226025165,8,3,5
1173,1693226025165,1692253760919,1692253760922,1693226025173,8,3,5
1174,1693226025173,1692253760927,1692253760930,1693226025181,8,3,5
1175,1693226025181,1692253760935,1692253760938,1693226025188,7,3,4
1176,1693226025188,1692253760942,1692253760945,1693226025195,7,3,4
1177,1693226025195,1692253760950,1692253760954,1693226025205,10,4,6
1178,1693226025205,1692253760960,1692253760963,1693226025214,9,3,6
1179,1693226025214,1692253760968,1692253760971,1693226025222,8,3,5
1180,1693226025222,1692253760977,1692253760980,1693226025231,9,3,6
1181,1693226025231,1692253760986,1692253760989,1693226025240,9,3,6
1182,1693226025240,1692253760993,1692253760999,1693226025250,10,6,4
1183,1693226025250,1692253761004,1692253761007,1693226025258,8,3,5
1184,1693226025258,1692253761013,1692253761016,1693226025267,9,3,6
1185,1693226025267,1692253761020,1692253761024,1693226025274,7,4,3
1186,1693226025274,1692253761029,1692253761032,1693226025283,9,3,6
1187,1693226025283,1692253761042,1692253761049,1693226025301,18,7,11
1188,1693226025301,1692253761054,1692253761058,1693226025309,8,4,4
1189,1693226025309,1692253761062,1692253761066,1693226025317,8,4,4
1190,1693226025317,1692253761070,1692253761073,1693226025323,6,3,3
1191,1693226025323,1692253761077,1692253761080,1693226025331,8,3,5
1192,1693226025331,1692253761085,1692253761088,1693226025339,8,3,5
1193,1693226025339,1692253761093,1692253761096,1693226025347,8,3,5
1194,1693226025347,1692253761100,1692253761102,1693226025353,6,2,4
1195,1693226025353,1692253761107,1692253761110,1693226025361,8,3,5
1196,1693226025361,1692253761115,1692253761119,1693226025370,9,4,5
1197,1693226025370,1692253761123,1692253761126,1693226025377,7,3,4
1198,1693226025377,1692253761131,1692253761135,1693226025385,8,4,4
1199,1693226025385,1692253761139,1692253761142,1693226025393,8,3,5
1200,1693226025393,1692253761146,1692253761150,1693226025400,7,4,3
1201,1693226025400,1692253761155,1692253761158,1693226025409,9,3,6
1202,1693226025409,1692253761162,1692253761166,1693226025417,8,4,4
1203,1693226025417,1692253761171,1692253761174,1693226025425,8,3,5
1204,1693226025425,1692253761179,1692253761182,1693226025434,9,3,6
1205,1693226025434,1692253761187,1692253761190,1693226025441,7,3,4
1206,1693226025441,1692253761195,1692253761199,1693226025450,9,4,5
1207,1693226025450,1692253761204,1692253761208,1693226025458,8,4,4
1208,1693226025458,1692253761212,1692253761215,1693226025466,8,3,5
1209,1693226025466,1692253761220,1692253761223,1693226025473,7,3,4
1210,1693226025473,1692253761227,1692253761230,1693226025481,8,3,5
1211,1693226025481,1692253761236,1692253761239,1693226025490,9,3,6
1212,1693226025490,1692253761243,1692253761247,1693226025498,8,4,4
1213,1693226025498,1692253761252,1692253761255,1693226025506,8,3,5
1214,1693226025506,1692253761259,1692253761262,1693226025512,6,3,3
1215,1693226025512,1692253761266,1692253761269,1693226025520,8,3,5
1216,1693226025520,1692253761273,1692253761277,1693226025527,7,4,3
1217,1693226025527,1692253761281,1692253761285,1693226025536,9,4,5
1218,1693226025536,1692253761290,1692253761294,1693226025545,9,4,5
1219,1693226025545,1692253761299,1692253761301,1693226025552,7,2,5
1220,1693226025552,1692253761305,1692253761308,1693226025559,7,3,4
1221,1693226025559,1692253761312,1692253761316,1693226025567,8,4,4
1222,1693226025567,1692253761322,1692253761325,1693226025576,9,3,6
1223,1693226025577,1692253761330,1692253761333,1693226025584,7,3,4
1224,1693226025584,1692253761338,1692253761341,1693226025592,8,3,5
1225,1693226025592,1692253761346,1692253761350,1693226025601,9,4,5
1226,1693226025601,1692253761355,1692253761359,1693226025610,9,4,5
1227,1693226025610,1692253761364,1692253761367,1693226025618,8,3,5
1228,1693226025618,1692253761372,1692253761375,1693226025626,8,3,5
1229,1693226025626,1692253761380,1692253761384,1693226025634,8,4,4
1230,1693226025634,1692253761387,1692253761391,1693226025641,7,4,3
1231,1693226025641,1692253761394,1692253761398,1693226025649,8,4,4
1232,1693226025649,1692253761402,1692253761405,1693226025656,7,3,4
1233,1693226025656,1692253761410,1692253761413,1693226025664,8,3,5
1234,1693226025664,1692253761419,1692253761422,1693226025673,9,3,6
1235,1693226025673,1692253761427,1692253761430,1693226025680,7,3,4
1236,1693226025681,1692253761435,1692253761438,1693226025688,7,3,4
1237,1693226025688,1692253761442,1692253761445,1693226025696,8,3,5
1238,1693226025696,1692253761450,1692253761453,1693226025704,8,3,5
1239,1693226025704,1692253761458,1692253761461,1693226025712,8,3,5
1240,1693226025712,1692253761465,1692253761468,1693226025719,7,3,4
1241,1693226025719,1692253761473,1692253761476,1693226025727,8,3,5
1242,1693226025727,1692253761481,1692253761484,1693226025735,8,3,5
1243,1693226025735,1692253761489,1692253761492,1693226025742,7,3,4
1244,1693226025742,1692253761496,1692253761499,1693226025750,8,3,5
1245,1693226025750,1692253761504,1692253761507,1693226025757,7,3,4
1246,1693226025757,1692253761511,1692253761514,1693226025765,8,3,5
1247,1693226025765,1692253761518,1692253761521,1693226025771,6,3,3
1248,1693226025771,1692253761525,1692253761527,1693226025778,7,2,5
1249,1693226025778,1692253761532,1692253761535,1693226025786,8,3,5
1250,1693226025786,1692253761539,1692253761543,1693226025794,8,4,4
1251,1693226025794,1692253761547,1692253761551,1693226025801,7,4,3
1252,1693226025802,1692253761555,1692253761559,1693226025810,8,4,4
1253,1693226025810,1692253761565,1692253761568,1693226025819,9,3,6
1254,1693226025819,1692253761573,1692253761577,1693226025828,9,4,5
1255,1693226025828,1692253761582,1692253761585,1693226025836,8,3,5
1256,1693226025836,1692253761589,1692253761593,1693226025844,8,4,4
1257,1693226025844,1692253761598,1692253761602,1693226025853,9,4,5
1258,1693226025853,1692253761606,1692253761610,1693226025861,8,4,4
1259,1693226025861,1692253761615,1692253761619,1693226025870,9,4,5
1260,1693226025870,1692253761623,1692253761626,1693226025877,7,3,4
1261,1693226025877,1692253761630,1692253761633,1693226025884,7,3,4
1262,1693226025884,1692253761638,1692253761642,1693226025892,8,4,4
1263,1693226025893,1692253761646,1692253761649,1693226025900,7,3,4
1264,1693226025900,1692253761654,1692253761657,1693226025908,8,3,5
1265,1693226025908,1692253761662,1692253761666,1693226025916,8,4,4
1266,1693226025916,1692253761670,1692253761673,1693226025924,8,3,5
1267,1693226025924,1692253761678,1692253761681,1693226025931,7,3,4
1268,1693226025931,1692253761686,1692253761690,1693226025941,10,4,6
1269,1693226025941,1692253761694,1692253761697,1693226025949,8,3,5
1270,1693226025949,1692253761703,1692253761707,1693226025958,9,4,5
1271,1693226025958,1692253761711,1692253761714,1693226025965,7,3,4
1272,1693226025965,1692253761721,1692253761724,1693226025974,9,3,6
1273,1693226025974,1692253761728,1692253761731,1693226025982,8,3,5
1274,1693226025982,1692253761735,1692253761739,1693226025989,7,4,3
1275,1693226025989,1692253761744,1692253761748,1693226025998,9,4,5
1276,1693226025998,1692253761753,1692253761757,1693226026008,10,4,6
1277,1693226026008,1692253761762,1692253761765,1693226026017,9,3,6
1278,1693226026017,1692253761771,1692253761775,1693226026026,9,4,5
1279,1693226026026,1692253761782,1692253761785,1693226026036,10,3,7
1280,1693226026036,1692253761789,1692253761793,1693226026044,8,4,4
1281,1693226026044,1692253761798,1692253761802,1693226026052,8,4,4
1282,1693226026052,1692253761806,1692253761810,1693226026061,9,4,5
1283,1693226026061,1692253761815,1692253761820,1693226026071,10,5,5
1284,1693226026071,1692253761825,1692253761828,1693226026079,8,3,5
1285,1693226026079,1692253761833,1692253761837,1693226026087,8,4,4
1286,1693226026087,1692253761841,1692253761844,1693226026095,8,3,5
1287,1693226026095,1692253761849,1692253761852,1693226026103,8,3,5
1288,1693226026103,1692253761856,1692253761860,1693226026110,7,4,3
1289,1693226026110,1692253761865,1692253761868,1693226026120,10,3,7
1290,1693226026120,1692253761873,1692253761878,1693226026129,9,5,4
1291,1693226026129,1692253761883,1692253761885,1693226026136,7,2,5
1292,1693226026136,1692253761890,1692253761893,1693226026144,8,3,5
1293,1693226026144,1692253761898,1692253761902,1693226026153,9,4,5
1294,1693226026153,1692253761907,1692253761909,1693226026160,7,2,5
1295,1693226026160,1692253761913,1692253761916,1693226026167,7,3,4
1296,1693226026167,1692253761920,1692253761924,1693226026175,8,4,4
1297,1693226026175,1692253761929,1692253761932,1693226026182,7,3,4
1298,1693226026183,1692253761936,1692253761942,1693226026193,10,6,4
1299,1693226026193,1692253761947,1692253761950,1693226026201,8,3,5
1300,1693226026201,1692253761954,1692253761956,1693226026207,6,2,4
1301,1693226026207,1692253761960,1692253761964,1693226026214,7,4,3
1302,1693226026215,1692253761968,1692253761971,1693226026222,7,3,4
1303,1693226026222,1692253761975,1692253761979,1693226026230,8,4,4
1304,1693226026230,1692253761984,1692253761987,1693226026238,8,3,5
1305,1693226026238,1692253761991,1692253761994,1693226026244,6,3,3
1306,1693226026244,1692253761998,1692253762001,1693226026251,7,3,4
1307,1693226026251,1692253762005,1692253762008,1693226026259,8,3,5
1308,1693226026259,1692253762013,1692253762016,1693226026267,8,3,5
1309,1693226026267,1692253762021,1692253762024,1693226026274,7,3,4
1310,1693226026274,1692253762028,1692253762031,1693226026282,8,3,5
1311,1693226026282,1692253762037,1692253762040,1693226026290,8,3,5
1312,1693226026290,1692253762044,1692253762047,1693226026298,8,3,5
1313,1693226026298,1692253762052,1692253762056,1693226026306,8,4,4
1314,1693226026307,1692253762060,1692253762062,1693226026313,6,2,4
1315,1693226026313,1692253762067,1692253762071,1693226026321,8,4,4
1316,1693226026321,1692253762076,1692253762080,1693226026331,10,4,6
1317,1693226026331,1692253762084,1692253762088,1693226026338,7,4,3
1318,1693226026338,1692253762091,1692253762094,1693226026345,7,3,4
1319,1693226026345,1692253762099,1692253762103,1693226026353,8,4,4
1320,1693226026353,1692253762107,1692253762110,1693226026361,8,3,5
1321,1693226026361,1692253762115,1692253762118,1693226026369,8,3,5
1322,1693226026369,1692253762122,1692253762125,1693226026375,6,3,3
1323,1693226026375,1692253762129,1692253762132,1693226026383,8,3,5
1324,1693226026383,1692253762138,1692253762141,1693226026392,9,3,6
1325,1693226026392,1692253762146,1692253762149,1693226026400,8,3,5
1326,1693226026400,1692253762154,1692253762158,1693226026409,9,4,5
1327,1693226026409,1692253762162,1692253762165,1693226026416,7,3,4
1328,1693226026416,1692253762170,1692253762173,1693226026424,8,3,5
1329,1693226026424,1692253762179,1692253762182,1693226026433,9,3,6
1330,1693226026433,1692253762186,1692253762190,1693226026441,8,4,4
1331,1693226026441,1692253762195,1692253762198,1693226026449,8,3,5
1332,1693226026449,1692253762203,1692253762206,1693226026457,8,3,5
1333,1693226026457,1692253762211,1692253762214,1693226026465,8,3,5
1334,1693226026465,1692253762219,1692253762222,1693226026473,8,3,5
1335,1693226026473,1692253762226,1692253762230,1693226026481,8,4,4
1336,1693226026481,1692253762234,1692253762237,1693226026488,7,3,4
1337,1693226026488,1692253762242,1692253762245,1693226026496,8,3,5
1338,1693226026496,1692253762249,1692253762252,1693226026503,7,3,4
1339,1693226026503,1692253762257,1692253762261,1693226026512,9,4,5
1340,1693226026512,1692253762266,1692253762270,1693226026521,9,4,5
1341,1693226026521,1692253762274,1692253762278,1693226026529,8,4,4
1342,1693226026529,1692253762283,1692253762287,1693226026538,9,4,5
1343,1693226026538,1692253762291,1692253762294,1693226026545,7,3,4
1344,1693226026545,1692253762298,1692253762302,1693226026553,8,4,4
1345,1693226026553,1692253762306,1692253762309,1693226026560,7,3,4
1346,1693226026560,1692253762314,1692253762317,1693226026568,8,3,5
1347,1693226026568,1692253762322,1692253762324,1693226026575,7,2,5
1348,1693226026575,1692253762328,1692253762332,1693226026582,7,4,3
1349,1693226026582,1692253762336,1692253762339,1693226026590,8,3,5
1350,1693226026590,1692253762344,1692253762348,1693226026604,14,4,10
1351,1693226026604,1692253762358,1692253762361,1693226026612,8,3,5
1352,1693226026612,1692253762365,1692253762368,1693226026619,7,3,4
1353,1693226026619,1692253762374,1692253762378,1693226026628,9,4,5
1354,1693226026628,1692253762384,1692253762387,1693226026637,9,3,6
1355,1693226026637,1692253762391,1692253762395,1693226026646,9,4,5
1356,1693226026646,1692253762400,1692253762404,1693226026654,8,4,4
1357,1693226026655,1692253762415,1692253762419,1693226026670,15,4,11
1358,1693226026670,1692253762423,1692253762427,1693226026678,8,4,4
1359,1693226026678,1692253762432,1692253762435,1693226026686,8,3,5
1360,1693226026686,1692253762439,1692253762442,1693226026692,6,3,3
1361,1693226026692,1692253762447,1692253762450,1693226026700,8,3,5
1362,1693226026700,1692253762454,1692253762458,1693226026708,8,4,4
1363,1693226026708,1692253762462,1692253762466,1693226026717,9,4,5
1364,1693226026717,1692253762471,1692253762474,1693226026724,7,3,4
1365,1693226026724,1692253762478,1692253762483,1693226026734,10,5,5
1366,1693226026734,1692253762487,1692253762490,1693226026741,7,3,4
1367,1693226026741,1692253762494,1692253762497,1693226026749,8,3,5
1368,1693226026749,1692253762503,1692253762507,1693226026758,9,4,5
1369,1693226026758,1692253762512,1692253762515,1693226026766,8,3,5
1370,1693226026766,1692253762520,1692253762523,1693226026774,8,3,5
1371,1693226026774,1692253762527,1692253762530,1693226026781,7,3,4
1372,1693226026781,1692253762534,1692253762539,1693226026789,8,5,3
1373,1693226026789,1692253762542,1692253762546,1693226026797,8,4,4
1374,1693226026797,1692253762551,1692253762555,1693226026805,8,4,4
1375,1693226026805,1692253762559,1692253762563,1693226026814,9,4,5
1376,1693226026814,1692253762567,1692253762571,1693226026822,8,4,4
1377,1693226026822,1692253762575,1692253762578,1693226026828,6,3,3
1378,1693226026828,1692253762588,1692253762591,1693226026842,14,3,11
1379,1693226026842,1692253762596,1692253762599,1693226026850,8,3,5
1380,1693226026850,1692253762604,1692253762608,1693226026858,8,4,4
1381,1693226026858,1692253762612,1692253762615,1693226026866,8,3,5
1382,1693226026866,1692253762620,1692253762624,1693226026875,9,4,5
1383,1693226026875,1692253762628,1692253762631,1693226026882,7,3,4
1384,1693226026882,1692253762636,1692253762640,1693226026891,9,4,5
1385,1693226026891,1692253762644,1692253762648,1693226026898,7,4,3
1386,1693226026898,1692253762652,1692253762655,1693226026906,8,3,5
1387,1693226026906,1692253762659,1692253762662,1693226026913,7,3,4
1388,1693226026913,1692253762667,1692253762670,1693226026921,8,3,5
1389,1693226026921,1692253762675,1692253762679,1693226026930,9,4,5
1390,1693226026930,1692253762683,1692253762686,1693226026940,10,3,7
1391,1693226026940,1692253762694,1692253762697,1693226026948,8,3,5
1392,1693226026948,1692253762702,1692253762705,1693226026956,8,3,5
1393,1693226026956,1692253762709,1692253762712,1693226026963,7,3,4
1394,1693226026963,1692253762717,1692253762720,1693226026971,8,3,5
1395,1693226026971,1692253762726,1692253762729,1693226026979,8,3,5
1396,1693226026980,1692253762733,1692253762737,1693226026987,7,4,3
1397,1693226026988,1692253762741,1692253762744,1693226026995,7,3,4
1398,1693226026995,1692253762748,1692253762752,1693226027003,8,4,4
1399,1693226027003,1692253762756,1692253762760,1693226027010,7,4,3
1400,1693226027011,1692253762764,1692253762769,1693226027019,8,5,3
1401,1693226027019,1692253762773,1692253762776,1693226027027,8,3,5
1402,1693226027027,1692253762780,1692253762783,1693226027034,7,3,4
1403,1693226027034,1692253762788,1692253762791,1693226027041,7,3,4
1404,1693226027041,1692253762795,1692253762798,1693226027048,7,3,4
1405,1693226027049,1692253762802,1692253762805,1693226027056,7,3,4
1406,1693226027056,1692253762809,1692253762812,1693226027063,7,3,4
1407,1693226027063,1692253762816,1692253762820,1693226027070,7,4,3
1408,1693226027070,1692253762825,1692253762829,1693226027080,10,4,6
1409,1693226027080,1692253762833,1692253762836,1693226027087,7,3,4
1410,1693226027087,1692253762841,1692253762845,1693226027096,9,4,5
1411,1693226027096,1692253762849,1692253762853,1693226027104,8,4,4
1412,1693226027104,1692253762858,1692253762861,1693226027111,7,3,4
1413,1693226027112,1692253762866,1692253762870,1693226027121,9,4,5
1414,1693226027121,1692253762875,1692253762879,1693226027129,8,4,4
1415,1693226027130,1692253762883,1692253762887,1693226027137,7,4,3
1416,1693226027137,1692253762892,1692253762895,1693226027146,9,3,6
1417,1693226027146,1692253762899,1692253762902,1693226027153,7,3,4
1418,1693226027153,1692253762907,1692253762910,1693226027161,8,3,5
1419,1693226027161,1692253762915,1692253762919,1693226027170,9,4,5
1420,1693226027170,1692253762923,1692253762926,1693226027177,7,3,4
1421,1693226027177,1692253762930,1692253762934,1693226027184,7,4,3
1422,1693226027184,1692253762938,1692253762942,1693226027193,9,4,5
1423,1693226027193,1692253762946,1692253762950,1693226027201,8,4,4
1424,1693226027201,1692253762954,1692253762957,1693226027208,7,3,4
1425,1693226027208,1692253762961,1692253762964,1693226027215,7,3,4
1426,1693226027215,1692253762969,1692253762972,1693226027223,8,3,5
1427,1693226027223,1692253762976,1692253762979,1693226027229,6,3,3
1428,1693226027229,1692253762982,1692253762986,1693226027236,7,4,3
1429,1693226027236,1692253762990,1692253762993,1693226027246,10,3,7
1430,1693226027246,1692253763000,1692253763003,1693226027254,8,3,5
1431,1693226027254,1692253763009,1692253763012,1693226027262,8,3,5
1432,1693226027262,1692253763016,1692253763019,1693226027270,8,3,5
1433,1693226027270,1692253763023,1692253763027,1693226027278,8,4,4
1434,1693226027278,1692253763031,1692253763035,1693226027286,8,4,4
1435,1693226027286,1692253763042,1692253763046,1693226027297,11,4,7
1436,1693226027297,1692253763051,1692253763054,1693226027305,8,3,5
1437,1693226027305,1692253763058,1692253763062,1693226027313,8,4,4
1438,1693226027313,1692253763066,1692253763070,1693226027321,8,4,4
1439,1693226027321,1692253763074,1692253763077,1693226027327,6,3,3
1440,1693226027328,1692253763081,1692253763084,1693226027335,7,3,4
1441,1693226027335,1692253763088,1692253763092,1693226027343,8,4,4
1442,1693226027343,1692253763096,1692253763100,1693226027351,8,4,4
1443,1693226027351,1692253763104,1692253763107,1693226027358,7,3,4
1444,1693226027358,1692253763111,1692253763114,1693226027365,7,3,4
1445,1693226027365,1692253763118,1692253763121,1693226027372,7,3,4
1446,1693226027372,1692253763126,1692253763129,1693226027380,8,3,5
1447,1693226027380,1692253763133,1692253763136,1693226027387,7,3,4
1448,1693226027387,1692253763141,1692253763145,1693226027395,8,4,4
1449,1693226027395,1692253763149,1692253763152,1693226027403,8,3,5
1450,1693226027403,1692253763157,1692253763160,1693226027411,8,3,5
1451,1693226027411,1692253763164,1692253763168,1693226027419,8,4,4
1452,1693226027419,1692253763173,1692253763176,1693226027427,8,3,5
1453,1693226027427,1692253763181,1692253763186,1693226027436,9,5,4
1454,1693226027436,1692253763190,1692253763193,1693226027443,7,3,4
1455,1693226027443,1692253763197,1692253763200,1693226027451,8,3,5
1456,1693226027451,1692253763205,1692253763208,1693226027459,8,3,5
1457,1693226027459,1692253763212,1692253763216,1693226027467,8,4,4
1458,1693226027467,1692253763224,1692253763226,1693226027477,10,2,8
1459,1693226027477,1692253763231,1692253763234,1693226027485,8,3,5
1460,1693226027485,1692253763238,1692253763241,1693226027491,6,3,3
1461,1693226027492,1692253763245,1692253763248,1693226027499,7,3,4
1462,1693226027499,1692253763253,1692253763256,1693226027506,7,3,4
1463,1693226027506,1692253763260,1692253763263,1693226027514,8,3,5
1464,1693226027514,1692253763267,1692253763270,1693226027521,7,3,4
1465,1693226027521,1692253763274,1692253763278,1693226027529,8,4,4
1466,1693226027529,1692253763282,1692253763285,1693226027536,7,3,4
1467,1693226027536,1692253763290,1692253763293,1693226027544,8,3,5
1468,1693226027544,1692253763297,1692253763300,1693226027553,9,3,6
1469,1693226027553,1692253763307,1692253763310,1693226027561,8,3,5
1470,1693226027561,1692253763315,1692253763319,1693226027570,9,4,5
1471,1693226027570,1692253763324,1692253763327,1693226027578,8,3,5
1472,1693226027578,1692253763331,1692253763334,1693226027585,7,3,4
1473,1693226027585,1692253763338,1692253763341,1693226027592,7,3,4
1474,1693226027592,1692253763345,1692253763350,1693226027600,8,5,3
1475,1693226027600,1692253763354,1692253763357,1693226027608,8,3,5
1476,1693226027608,1692253763361,1692253763364,1693226027615,7,3,4
1477,1693226027615,1692253763369,1692253763373,1693226027624,9,4,5
1478,1693226027624,1692253763377,1692253763380,1693226027631,7,3,4
1479,1693226027631,1692253763385,1692253763388,1693226027639,8,3,5
1480,1693226027639,1692253763392,1692253763395,1693226027646,7,3,4
1481,1693226027646,1692253763400,1692253763403,1693226027656,10,3,7
1482,1693226027656,1692253763409,1692253763412,1693226027663,7,3,4
1483,1693226027663,1692253763417,1692253763420,1693226027671,8,3,5
1484,1693226027671,1692253763425,1692253763428,1693226027679,8,3,5
1485,1693226027679,1692253763432,1692253763435,1693226027686,7,3,4
1486,1693226027686,1692253763440,1692253763443,1693226027694,8,3,5
1487,1693226027694,1692253763448,1692253763451,1693226027702,8,3,5
1488,1693226027702,1692253763456,1692253763460,1693226027711,9,4,5
1489,1693226027711,1692253763464,1692253763468,1693226027719,8,4,4
1490,1693226027719,1692253763472,1692253763475,1693226027726,7,3,4
1491,1693226027726,1692253763481,1692253763485,1693226027736,10,4,6
1492,1693226027736,1692253763489,1692253763492,1693226027743,7,3,4
1493,1693226027743,1692253763497,1692253763500,1693226027751,8,3,5
1494,1693226027751,1692253763505,1692253763508,1693226027759,8,3,5
1495,1693226027759,1692253763512,1692253763516,1693226027769,10,4,6
1496,1693226027769,1692253763529,1692253763532,1693226027783,14,3,11
1497,1693226027783,1692253763536,1692253763539,1693226027790,7,3,4
1498,1693226027790,1692253763543,1692253763546,1693226027797,7,3,4
1499,1693226027797,1692253763551,1692253763554,1693226027804,7,3,4
1500,1693226027804,1692253763558,1692253763560,1693226027811,7,2,5
1501,1693226027811,1692253763565,1692253763569,1693226027819,8,4,4
1502,1693226027819,1692253763577,1692253763580,1693226027831,12,3,9
1503,1693226027831,1692253763584,1692253763587,1693226027840,9,3,6
1504,1693226027840,1692253763594,1692253763598,1693226027849,9,4,5
1505,1693226027849,1692253763602,1692253763605,1693226027855,6,3,3
1506,1693226027855,1692253763612,1692253763615,1693226027866,11,3,8
1507,1693226027866,1692253763620,1692253763623,1693226027873,7,3,4
1508,1693226027874,1692253763627,1692253763630,1693226027881,7,3,4
1509,1693226027881,1692253763634,1692253763638,1693226027888,7,4,3
1510,1693226027888,1692253763643,1692253763646,1693226027897,9,3,6
1511,1693226027897,1692253763650,1692253763654,1693226027905,8,4,4
1512,1693226027905,1692253763658,1692253763662,1693226027913,8,4,4
1513,1693226027913,1692253763666,1692253763669,1693226027920,7,3,4
1514,1693226027920,1692253763673,1692253763676,1693226027927,7,3,4
1515,1693226027927,1692253763681,1692253763684,1693226027935,8,3,5
1516,1693226027935,1692253763688,1692253763691,1693226027942,7,3,4
1517,1693226027942,1692253763695,1692253763698,1693226027949,7,3,4
1518,1693226027949,1692253763703,1692253763706,1693226027957,8,3,5
1519,1693226027957,1692253763710,1692253763714,1693226027965,8,4,4
1520,1693226027965,1692253763718,1692253763721,1693226027972,7,3,4
1521,1693226027972,1692253763726,1692253763729,1693226027980,8,3,5
1522,1693226027980,1692253763733,1692253763736,1693226027987,7,3,4
1523,1693226027987,1692253763741,1692253763743,1693226027994,7,2,5
1524,1693226027994,1692253763748,1692253763751,1693226028002,8,3,5
1525,1693226028002,1692253763756,1692253763759,1693226028010,8,3,5
1526,1693226028010,1692253763764,1692253763767,1693226028018,8,3,5
1527,1693226028018,1692253763772,1692253763775,1693226028026,8,3,5
1528,1693226028026,1692253763780,1692253763783,1693226028034,8,3,5
1529,1693226028034,1692253763788,1692253763791,1693226028042,8,3,5
1530,1693226028042,1692253763795,1692253763798,1693226028049,7,3,4
1531,1693226028049,1692253763803,1692253763806,1693226028057,8,3,5
1532,1693226028057,1692253763811,1692253763814,1693226028066,9,3,6
1533,1693226028066,1692253763819,1692253763823,1693226028074,8,4,4
1534,1693226028074,1692253763828,1692253763831,1693226028082,8,3,5
1535,1693226028082,1692253763836,1692253763839,1693226028090,8,3,5
1536,1693226028090,1692253763844,1692253763847,1693226028098,8,3,5
1537,1693226028098,1692253763851,1692253763854,1693226028105,7,3,4
1538,1693226028105,1692253763859,1692253763862,1693226028113,8,3,5
1539,1693226028113,1692253763867,1692253763870,1693226028121,8,3,5
1540,1693226028121,1692253763875,1692253763878,1693226028128,7,3,4
1541,1693226028128,1692253763882,1692253763885,1693226028136,8,3,5
1542,1693226028136,1692253763890,1692253763893,1693226028144,8,3,5
1543,1693226028144,1692253763898,1692253763901,1693226028152,8,3,5
1544,1693226028152,1692253763906,1692253763909,1693226028160,8,3,5
1545,1693226028160,1692253763914,1692253763917,1693226028168,8,3,5
1546,1693226028168,1692253763921,1692253763924,1693226028175,7,3,4
1547,1693226028175,1692253763929,1692253763932,1693226028183,8,3,5
1548,1693226028183,1692253763936,1692253763940,1693226028191,8,4,4
1549,1693226028191,1692253763945,1692253763948,1693226028200,9,3,6
1550,1693226028200,1692253763954,1692253763957,1693226028208,8,3,5
1551,1693226028208,1692253763962,1692253763966,1693226028217,9,4,5
1552,1693226028217,1692253763970,1692253763973,1693226028223,6,3,3
1553,1693226028224,1692253763977,1692253763981,1693226028232,8,4,4
1554,1693226028232,1692253763985,1692253763989,1693226028240,8,4,4
1555,1693226028240,1692253763993,1692253763997,1693226028247,7,4,3
1556,1693226028247,1692253764001,1692253764004,1693226028254,7,3,4
1557,1693226028254,1692253764008,1692253764011,1693226028261,7,3,4
1558,1693226028261,1692253764015,1692253764019,1693226028270,9,4,5
1559,1693226028270,1692253764024,1692253764027,1693226028278,8,3,5
1560,1693226028278,1692253764032,1692253764035,1693226028286,8,3,5
1561,1693226028286,1692253764039,1692253764043,1693226028294,8,4,4
1562,1693226028294,1692253764047,1692253764051,1693226028302,8,4,4
1563,1693226028302,1692253764056,1692253764059,1693226028310,8,3,5
1564,1693226028310,1692253764064,1692253764067,1693226028318,8,3,5
1565,1693226028318,1692253764072,1692253764075,1693226028325,7,3,4
1566,1693226028325,1692253764079,1692253764082,1693226028333,8,3,5
1567,1693226028333,1692253764087,1692253764090,1693226028341,8,3,5
1568,1693226028341,1692253764095,1692253764098,1693226028348,7,3,4
1569,1693226028348,1692253764102,1692253764105,1693226028356,8,3,5
1570,1693226028356,1692253764110,1692253764113,1693226028364,8,3,5
1571,1693226028364,1692253764117,1692253764120,1693226028372,8,3,5
1572,1693226028373,1692253764127,1692253764130,1693226028380,7,3,4
1573,1693226028380,1692253764134,1692253764138,1693226028389,9,4,5
1574,1693226028389,1692253764142,1692253764146,1693226028397,8,4,4
1575,1693226028397,1692253764151,1692253764154,1693226028405,8,3,5
1576,1693226028405,1692253764159,1692253764162,1693226028413,8,3,5
1577,1693226028413,1692253764166,1692253764170,1693226028420,7,4,3
1578,1693226028420,1692253764174,1692253764177,1693226028427,7,3,4
1579,1693226028427,1692253764181,1692253764184,1693226028435,8,3,5
1580,1693226028435,1692253764189,1692253764192,1693226028443,8,3,5
1581,1693226028443,1692253764197,1692253764201,1693226028451,8,4,4
1582,1693226028451,1692253764205,1692253764208,1693226028459,8,3,5
1583,1693226028459,1692253764212,1692253764216,1693226028467,8,4,4
1584,1693226028467,1692253764220,1692253764223,1693226028475,8,3,5
1585,1693226028475,1692253764229,1692253764234,1693226028484,9,5,4
1586,1693226028485,1692253764239,1692253764242,1693226028493,8,3,5
1587,1693226028493,1692253764246,1692253764249,1693226028500,7,3,4
1588,1693226028500,1692253764254,1692253764257,1693226028508,8,3,5
1589,1693226028508,1692253764262,1692253764265,1693226028516,8,3,5
1590,1693226028516,1692253764269,1692253764272,1693226028523,7,3,4
1591,1693226028523,1692253764277,1692253764280,1693226028531,8,3,5
1592,1693226028531,1692253764284,1692253764287,1693226028538,7,3,4
1593,1693226028538,1692253764292,1692253764295,1693226028545,7,3,4
1594,1693226028545,1692253764302,1692253764306,1693226028557,12,4,8
1595,1693226028557,1692253764311,1692253764314,1693226028565,8,3,5
1596,1693226028565,1692253764318,1692253764322,1693226028573,8,4,4
1597,1693226028573,1692253764329,1692253764332,1693226028583,10,3,7
1598,1693226028583,1692253764341,1692253764344,1693226028595,12,3,9
1599,1693226028595,1692253764348,1692253764352,1693226028664,69,4,65
1600,1693226028664,1692253764418,1692253764421,1693226028672,8,3,5
1601,1693226028672,1692253764426,1692253764430,1693226028693,21,4,17
1602,1693226028693,1692253764447,1692253764450,1693226028701,8,3,5
1603,1693226028701,1692253764455,1692253764458,1693226028709,8,3,5
1604,1693226028709,1692253764462,1692253764465,1693226028716,7,3,4
1605,1693226028716,1692253764469,1692253764473,1693226028723,7,4,3
1606,1693226028723,1692253764477,1692253764481,1693226028731,8,4,4
1607,1693226028731,1692253764486,1692253764490,1693226028740,9,4,5
1608,1693226028741,1692253764494,1692253764497,1693226028748,7,3,4
1609,1693226028748,1692253764501,1692253764506,1693226028757,9,5,4
1610,1693226028757,1692253764510,1692253764513,1693226028763,6,3,3
1611,1693226028763,1692253764517,1692253764519,1693226028770,7,2,5
1612,1693226028770,1692253764524,1692253764528,1693226028779,9,4,5
1613,1693226028779,1692253764534,1692253764537,1693226028788,9,3,6
1614,1693226028788,1692253764541,1692253764545,1693226028796,8,4,4
1615,1693226028796,1692253764549,1692253764554,1693226028804,8,5,3
1616,1693226028805,1692253764558,1692253764562,1693226028813,8,4,4
1617,1693226028813,1692253764567,1692253764570,1693226028820,7,3,4
1618,1693226028820,1692253764574,1692253764577,1693226028828,8,3,5
1619,1693226028829,1692253764582,1692253764586,1693226028838,9,4,5
1620,1693226028838,1692253764591,1692253764596,1693226028847,9,5,4
1621,1693226028847,1692253764601,1692253764604,1693226028855,8,3,5
1622,1693226028855,1692253764609,1692253764612,1693226028863,8,3,5
1623,1693226028863,1692253764616,1692253764620,1693226028870,7,4,3
1624,1693226028870,1692253764623,1692253764627,1693226028877,7,4,3
1625,1693226028877,1692253764631,1692253764634,1693226028885,8,3,5
1626,1693226028885,1692253764638,1692253764641,1693226028892,7,3,4
1627,1693226028892,1692253764646,1692253764649,1693226028900,8,3,5
1628,1693226028900,1692253764654,1692253764657,1693226028908,8,3,5
1629,1693226028908,1692253764661,1692253764665,1693226028916,8,4,4
1630,1693226028916,1692253764670,1692253764673,1693226028924,8,3,5
1631,1693226028924,1692253764678,1692253764681,1693226028932,8,3,5
1632,1693226028932,1692253764685,1692253764689,1693226028939,7,4,3
1633,1693226028939,1692253764692,1692253764696,1693226028946,7,4,3
1634,1693226028946,1692253764700,1692253764704,1693226028954,8,4,4
1635,1693226028954,1692253764707,1692253764710,1693226028961,7,3,4
1636,1693226028961,1692253764715,1692253764718,1693226028968,7,3,4
1637,1693226028968,1692253764722,1692253764725,1693226028975,7,3,4
1638,1693226028975,1692253764729,1692253764732,1693226028983,8,3,5
1639,1693226028983,1692253764740,1692253764743,1693226028994,11,3,8
1640,1693226028994,1692253764747,1692253764750,1693226029001,7,3,4
1641,1693226029002,1692253764756,1692253764759,1693226029010,8,3,5
1642,1693226029010,1692253764764,1692253764767,1693226029018,8,3,5
1643,1693226029018,1692253764772,1692253764776,1693226029026,8,4,4
1644,1693226029026,1692253764780,1692253764783,1693226029034,8,3,5
1645,1693226029034,1692253764787,1692253764791,1693226029042,8,4,4
1646,1693226029042,1692253764795,1692253764800,1693226029051,9,5,4
1647,1693226029051,1692253764804,1692253764808,1693226029059,8,4,4
1648,1693226029059,1692253764813,1692253764817,1693226029068,9,4,5
1649,1693226029068,1692253764821,1692253764824,1693226029075,7,3,4
1650,1693226029075,1692253764828,1692253764832,1693226029082,7,4,3
1651,1693226029082,1692253764835,1692253764839,1693226029089,7,4,3
1652,1693226029089,1692253764842,1692253764845,1693226029095,6,3,3
1653,1693226029095,1692253764848,1692253764852,1693226029102,7,4,3
1654,1693226029102,1692253764856,1692253764859,1693226029110,8,3,5
1655,1693226029110,1692253764863,1692253764866,1693226029117,7,3,4
1656,1693226029117,1692253764870,1692253764875,1693226029125,8,5,3
1657,1693226029125,1692253764879,1692253764883,1693226029133,8,4,4
1658,1693226029133,1692253764887,1692253764889,1693226029140,7,2,5
1659,1693226029140,1692253764894,1692253764897,1693226029148,8,3,5
1660,1693226029148,1692253764903,1692253764906,1693226029157,9,3,6
1661,1693226029157,1692253764910,1692253764913,1693226029164,7,3,4
1662,1693226029164,1692253764918,1692253764921,1693226029172,8,3,5
1663,1693226029172,1692253764925,1692253764928,1693226029179,7,3,4
1664,1693226029179,1692253764932,1692253764935,1693226029186,7,3,4
1665,1693226029186,1692253764940,1692253764943,1693226029194,8,3,5
1666,1693226029194,1692253764948,1692253764952,1693226029202,8,4,4
1667,1693226029202,1692253764956,1692253764958,1693226029209,7,2,5
1668,1693226029209,1692253764963,1692253764966,1693226029217,8,3,5
1669,1693226029217,1692253764970,1692253764973,1693226029224,7,3,4
1670,1693226029224,1692253764977,1692253764981,1693226029232,8,4,4
1671,1693226029232,1692253764985,1692253764988,1693226029239,7,3,4
1672,1693226029239,1692253764992,1692253764995,1693226029246,7,3,4
1673,1693226029246,1692253764999,1692253765002,1693226029253,7,3,4
1674,1693226029253,1692253765006,1692253765009,1693226029260,7,3,4
1675,1693226029260,1692253765013,1692253765017,1693226029268,8,4,4
1676,1693226029268,1692253765022,1692253765025,1693226029276,8,3,5
1677,1693226029276,1692253765029,1692253765032,1693226029283,7,3,4
1678,1693226029283,1692253765036,1692253765039,1693226029289,6,3,3
1679,1693226029289,1692253765046,1692253765048,1693226029299,10,2,8
1680,1693226029299,1692253765052,1692253765055,1693226029306,7,3,4
1681,1693226029306,1692253765059,1692253765062,1693226029313,7,3,4
1682,1693226029313,1692253765067,1692253765070,1693226029320,7,3,4
1683,1693226029320,1692253765074,1692253765076,1693226029327,7,2,5
1684,1693226029327,1692253765081,1692253765084,1693226029335,8,3,5
1685,1693226029335,1692253765089,1692253765092,1693226029343,8,3,5
1686,1693226029343,1692253765097,1692253765100,1693226029351,8,3,5
1687,1693226029351,1692253765105,1692253765108,1693226029359,8,3,5
1688,1693226029359,1692253765112,1692253765116,1693226029367,8,4,4
1689,1693226029367,1692253765121,1692253765125,1693226029376,9,4,5
1690,1693226029376,1692253765130,1692253765133,1693226029384,8,3,5
1691,1693226029384,1692253765137,1692253765141,1693226029391,7,4,3
1692,1693226029392,1692253765148,1692253765156,1693226029407,15,8,7
1693,1693226029407,1692253765161,1692253765165,1693226029416,9,4,5
1694,1693226029416,1692253765171,1692253765174,1693226029425,9,3,6
1695,1693226029425,1692253765179,1692253765182,1693226029433,8,3,5
1696,1693226029433,1692253765186,1692253765190,1693226029440,7,4,3
1697,1693226029440,1692253765194,1692253765197,1693226029448,8,3,5
1698,1693226029448,1692253765202,1692253765205,1693226029456,8,3,5
1699,1693226029456,1692253765210,1692253765213,1693226029464,8,3,5
1700,1693226029464,1692253765217,1692253765220,1693226029471,7,3,4
1701,1693226029471,1692253765224,1692253765228,1693226029478,7,4,3
1702,1693226029478,1692253765232,1692253765235,1693226029486,8,3,5
1703,1693226029486,1692253765239,1692253765242,1693226029493,7,3,4
1704,1693226029493,1692253765247,1692253765251,1693226029502,9,4,5
1705,1693226029502,1692253765255,1692253765259,1693226029510,8,4,4
1706,1693226029510,1692253765264,1692253765268,1693226029519,9,4,5
1707,1693226029519,1692253765272,1692253765275,1693226029526,7,3,4
1708,1693226029526,1692253765279,1692253765283,1693226029534,8,4,4
1709,1693226029534,1692253765287,1692253765290,1693226029541,7,3,4
1710,1693226029541,1692253765294,1692253765298,1693226029549,8,4,4
1711,1693226029549,1692253765302,1692253765306,1693226029557,8,4,4
1712,1693226029557,1692253765311,1692253765313,1693226029564,7,2,5
1713,1693226029564,1692253765319,1692253765322,1693226029573,9,3,6
1714,1693226029573,1692253765327,1692253765330,1693226029580,7,3,4
1715,1693226029580,1692253765334,1692253765337,1693226029588,8,3,5
1716,1693226029588,1692253765342,1692253765345,1693226029595,7,3,4
1717,1693226029595,1692253765349,1692253765352,1693226029603,8,3,5
1718,1693226029603,1692253765356,1692253765359,1693226029609,6,3,3
1719,1693226029609,1692253765363,1692253765365,1693226029616,7,2,5
1720,1693226029616,1692253765369,1692253765373,1693226029624,8,4,4
1721,1693226029624,1692253765378,1692253765382,1693226029632,8,4,4
1722,1693226029632,1692253765386,1692253765389,1693226029640,8,3,5
1723,1693226029640,1692253765394,1692253765397,1693226029648,8,3,5
1724,1693226029648,1692253765402,1692253765406,1693226029657,9,4,5
1725,1693226029657,1692253765410,1692253765413,1693226029664,7,3,4
1726,1693226029664,1692253765417,1692253765422,1693226029672,8,5,3
1727,1693226029672,1692253765426,1692253765429,1693226029680,8,3,5
1728,1693226029680,1692253765433,1692253765436,1693226029687,7,3,4
1729,1693226029687,1692253765442,1692253765447,1693226029697,10,5,5
1730,1693226029697,1692253765452,1692253765456,1693226029706,9,4,5
1731,1693226029707,1692253765461,1692253765465,1693226029715,8,4,4
1732,1693226029715,1692253765468,1692253765471,1693226029722,7,3,4
1733,1693226029722,1692253765476,1692253765479,1693226029730,8,3,5
1734,1693226029730,1692253765484,1692253765488,1693226029738,8,4,4
1735,1693226029738,1692253765492,1692253765495,1693226029746,8,3,5
1736,1693226029746,1692253765500,1692253765503,1693226029754,8,3,5
1737,1693226029754,1692253765508,1692253765511,1693226029762,8,3,5
1738,1693226029762,1692253765515,1692253765518,1693226029769,7,3,4
1739,1693226029769,1692253765523,1692253765527,1693226029777,8,4,4
1740,1693226029777,1692253765531,1692253765533,1693226029784,7,2,5
1741,1693226029784,1692253765538,1692253765541,1693226029792,8,3,5
1742,1693226029792,1692253765546,1692253765549,1693226029800,8,3,5
1743,1693226029800,1692253765553,1692253765557,1693226029808,8,4,4
1744,1693226029808,1692253765561,1692253765565,1693226029815,7,4,3
1745,1693226029815,1692253765568,1692253765571,1693226029822,7,3,4
1746,1693226029822,1692253765575,1692253765579,1693226029829,7,4,3
1747,1693226029829,1692253765585,1692253765588,1693226029838,9,3,6
1748,1693226029838,1692253765592,1692253765596,1693226029846,8,4,4
1749,1693226029846,1692253765604,1692253765607,1693226029858,12,3,9
1750,1693226029858,1692253765612,1692253765616,1693226029867,9,4,5
1751,1693226029867,1692253765624,1692253765627,1693226029878,11,3,8
1752,1693226029878,1692253765632,1692253765636,1693226029886,8,4,4
1753,1693226029886,1692253765640,1692253765643,1693226029894,8,3,5
1754,1693226029894,1692253765648,1692253765652,1693226029902,8,4,4
1755,1693226029902,1692253765656,1692253765660,1693226029910,8,4,4
1756,1693226029911,1692253765664,1692253765668,1693226029918,7,4,3
1757,1693226029919,1692253765672,1692253765675,1693226029926,7,3,4
1758,1693226029926,1692253765680,1692253765683,1693226029934,8,3,5
1759,1693226029934,1692253765688,1692253765691,1693226029942,8,3,5
1760,1693226029942,1692253765695,1692253765698,1693226029949,7,3,4
1761,1693226029949,1692253765702,1692253765705,1693226029956,7,3,4
1762,1693226029956,1692253765710,1692253765713,1693226029964,8,3,5
1763,1693226029964,1692253765717,1692253765720,1693226029971,7,3,4
1764,1693226029971,1692253765725,1692253765728,1693226029979,8,3,5
1765,1693226029979,1692253765733,1692253765735,1693226029986,7,2,5
1766,1693226029986,1692253765740,1692253765745,1693226029996,10,5,5
1767,1693226029996,1692253765749,1692253765752,1693226030003,7,3,4
1768,1693226030003,1692253765756,1692253765760,1693226030012,9,4,5
1769,1693226030012,1692253765766,1692253765769,1693226030020,8,3,5
1770,1693226030020,1692253765773,1692253765777,1693226030028,8,4,4
1771,1693226030028,1692253765781,1692253765784,1693226030035,7,3,4
1772,1693226030035,1692253765789,1692253765792,1693226030043,8,3,5
1773,1693226030043,1692253765797,1692253765800,1693226030051,8,3,5
1774,1693226030051,1692253765805,1692253765808,1693226030059,8,3,5
1775,1693226030059,1692253765812,1692253765817,1693226030068,9,5,4
1776,1693226030068,1692253765822,1692253765825,1693226030076,8,3,5
1777,1693226030076,1692253765830,1692253765833,1693226030084,8,3,5
1778,1693226030084,1692253765838,1692253765842,1693226030092,8,4,4
1779,1693226030093,1692253765846,1692253765849,1693226030100,7,3,4
1780,1693226030100,1692253765854,1692253765857,1693226030108,8,3,5
1781,1693226030108,1692253765861,1692253765864,1693226030115,7,3,4
1782,1693226030115,1692253765869,1692253765872,1693226030123,8,3,5
1783,1693226030123,1692253765877,1692253765880,1693226030131,8,3,5
1784,1693226030131,1692253765884,1692253765888,1693226030138,7,4,3
1785,1693226030138,1692253765892,1692253765896,1693226030146,8,4,4
1786,1693226030146,1692253765900,1692253765903,1693226030154,8,3,5
1787,1693226030154,1692253765907,1692253765912,1693226030162,8,5,3
1788,1693226030162,1692253765916,1692253765919,1693226030170,8,3,5
1789,1693226030170,1692253765923,1692253765926,1693226030177,7,3,4
1790,1693226030177,1692253765931,1692253765934,1693226030184,7,3,4
1791,1693226030184,1692253765938,1692253765942,1693226030192,8,4,4
1792,1693226030192,1692253765946,1692253765949,1693226030199,7,3,4
1793,1693226030199,1692253765952,1692253765956,1693226030206,7,4,3
1794,1693226030206,1692253765960,1692253765963,1693226030216,10,3,7
1795,1693226030216,1692253765969,1692253765972,1693226030223,7,3,4
1796,1693226030223,1692253765976,1692253765979,1693226030230,7,3,4
1797,1693226030230,1692253765984,1692253765988,1693226030239,9,4,5
1798,1693226030239,1692253765992,1692253765997,1693226030247,8,5,3
1799,1693226030247,1692253766001,1692253766004,1693226030254,7,3,4
1800,1693226030254,1692253766008,1692253766011,1693226030262,8,3,5
1801,1693226030262,1692253766016,1692253766019,1693226030270,8,3,5
1802,1693226030270,1692253766024,1692253766029,1693226030279,9,5,4
1803,1693226030279,1692253766032,1692253766035,1693226030286,7,3,4
1804,1693226030286,1692253766039,1692253766043,1693226030293,7,4,3
1805,1693226030293,1692253766048,1692253766052,1693226030302,9,4,5
1806,1693226030302,1692253766055,1692253766058,1693226030309,7,3,4
1807,1693226030309,1692253766063,1692253766067,1693226030318,9,4,5
1808,1693226030318,1692253766071,1692253766074,1693226030324,6,3,3
1809,1693226030324,1692253766078,1692253766082,1693226030333,9,4,5
1810,1693226030333,1692253766086,1692253766089,1693226030339,6,3,3
1811,1693226030339,1692253766092,1692253766096,1693226030346,7,4,3
1812,1693226030346,1692253766099,1692253766102,1693226030353,7,3,4
1813,1693226030353,1692253766107,1692253766110,1693226030360,7,3,4
1814,1693226030360,1692253766114,1692253766116,1693226030367,7,2,5
1815,1693226030367,1692253766121,1692253766125,1693226030376,9,4,5
1816,1693226030376,1692253766129,1692253766133,1693226030383,7,4,3
1817,1693226030383,1692253766137,1692253766140,1693226030391,8,3,5
1818,1693226030391,1692253766144,1692253766147,1693226030398,7,3,4
1819,1693226030398,1692253766151,1692253766154,1693226030405,7,3,4
1820,1693226030405,1692253766159,1692253766161,1693226030412,7,2,5
1821,1693226030412,1692253766166,1692253766170,1693226030420,8,4,4
1822,1693226030421,1692253766175,1692253766178,1693226030429,8,3,5
1823,1693226030429,1692253766183,1692253766186,1693226030437,8,3,5
1824,1693226030437,1692253766190,1692253766193,1693226030444,7,3,4
1825,1693226030444,1692253766198,1692253766201,1693226030451,7,3,4
1826,1693226030451,1692253766205,1692253766209,1693226030460,9,4,5
1827,1693226030460,1692253766213,1692253766217,1693226030467,7,4,3
1828,1693226030468,1692253766221,1692253766225,1693226030475,7,4,3
1829,1693226030475,1692253766229,1692253766232,1693226030483,8,3,5
1830,1693226030483,1692253766236,1692253766240,1693226030490,7,4,3
1831,1693226030490,1692253766244,1692253766248,1693226030499,9,4,5
1832,1693226030499,1692253766252,1692253766255,1693226030506,7,3,4
1833,1693226030506,1692253766260,1692253766263,1693226030514,8,3,5
1834,1693226030514,1692253766267,1692253766270,1693226030523,9,3,6
1835,1693226030523,1692253766276,1692253766280,1693226030531,8,4,4
1836,1693226030531,1692253766284,1692253766287,1693226030537,6,3,3
1837,1693226030537,1692253766291,1692253766294,1693226030545,8,3,5
1838,1693226030545,1692253766299,1692253766302,1693226030553,8,3,5
1839,1693226030553,1692253766306,1692253766311,1693226030562,9,5,4
1840,1693226030562,1692253766315,1692253766318,1693226030569,7,3,4
1841,1693226030569,1692253766323,1692253766325,1693226030577,8,2,6
1842,1693226030577,1692253766332,1692253766335,1693226030587,10,3,7
1843,1693226030587,1692253766342,1692253766345,1693226030596,9,3,6
1844,1693226030596,1692253766350,1692253766354,1693226030605,9,4,5
1845,1693226030605,1692253766359,1692253766363,1693226030614,9,4,5
1846,1693226030614,1692253766367,1692253766371,1693226030622,8,4,4
1847,1693226030622,1692253766377,1692253766381,1693226030632,10,4,6
1848,1693226030632,1692253766386,1692253766389,1693226030640,8,3,5
1849,1693226030640,1692253766393,1692253766396,1693226030646,6,3,3
1850,1693226030646,1692253766400,1692253766404,1693226030654,8,4,4
1851,1693226030654,1692253766408,1692253766412,1693226030662,8,4,4
1852,1693226030662,1692253766416,1692253766419,1693226030669,7,3,4
1853,1693226030669,1692253766423,1692253766426,1693226030677,8,3,5
1854,1693226030677,1692253766430,1692253766434,1693226030685,8,4,4
1855,1693226030685,1692253766439,1692253766442,1693226030693,8,3,5
1856,1693226030693,1692253766449,1692253766453,1693226030704,11,4,7
1857,1693226030704,1692253766457,1692253766461,1693226030711,7,4,3
1858,1693226030711,1692253766466,1692253766469,1693226030720,9,3,6
1859,1693226030720,1692253766473,1692253766477,1693226030728,8,4,4
1860,1693226030728,1692253766482,1692253766485,1693226030736,8,3,5
1861,1693226030736,1692253766490,1692253766493,1693226030744,8,3,5
1862,1693226030744,1692253766498,1692253766501,1693226030752,8,3,5
1863,1693226030752,1692253766506,1692253766509,1693226030760,8,3,5
1864,1693226030760,1692253766514,1692253766517,1693226030768,8,3,5
1865,1693226030768,1692253766521,1692253766524,1693226030775,7,3,4
1866,1693226030775,1692253766529,1692253766532,1693226030782,7,3,4
1867,1693226030782,1692253766536,1692253766539,1693226030790,8,3,5
1868,1693226030790,1692253766552,1692253766556,1693226030806,16,4,12
1869,1693226030806,1692253766560,1692253766563,1693226030813,7,3,4
1870,1693226030813,1692253766567,1692253766570,1693226030821,8,3,5
1871,1693226030821,1692253766574,1692253766577,1693226030830,9,3,6
1872,1693226030830,1692253766583,1692253766586,1693226030836,6,3,3
1873,1693226030836,1692253766590,1692253766593,1693226030844,8,3,5
1874,1693226030844,1692253766598,1692253766601,1693226030851,7,3,4
1875,1693226030851,1692253766604,1692253766608,1693226030858,7,4,3
1876,1693226030858,1692253766612,1692253766616,1693226030867,9,4,5
1877,1693226030867,1692253766620,1692253766623,1693226030874,7,3,4
1878,1693226030874,1692253766627,1692253766631,1693226030881,7,4,3
1879,1693226030881,1692253766635,1692253766638,1693226030888,7,3,4
1880,1693226030888,1692253766641,1692253766644,1693226030894,6,3,3
1881,1693226030894,1692253766648,1692253766651,1693226030901,7,3,4
1882,1693226030901,1692253766655,1692253766658,1693226030908,7,3,4
1883,1693226030908,1692253766662,1692253766665,1693226030915,7,3,4
1884,1693226030915,1692253766669,1692253766672,1693226030924,9,3,6
1885,1693226030924,1692253766678,1692253766681,1693226030934,10,3,7
1886,1693226030934,1692253766688,1692253766691,1693226031016,82,3,79
1887,1693226031016,1692253766770,1692253766773,1693226031026,10,3,7
1888,1693226031026,1692253766780,1692253766783,1693226031037,11,3,8
1889,1693226031037,1692253766790,1692253766794,1693226031044,7,4,3
1890,1693226031045,1692253766798,1692253766801,1693226031051,6,3,3
1891,1693226031052,1692253766805,1692253766809,1693226031059,7,4,3
1892,1693226031059,1692253766813,1692253766817,1693226031067,8,4,4
1893,1693226031067,1692253766820,1692253766824,1693226031074,7,4,3
1894,1693226031074,1692253766828,1692253766831,1693226031082,8,3,5
1895,1693226031082,1692253766835,1692253766838,1693226031088,6,3,3
1896,1693226031088,1692253766842,1692253766844,1693226031094,6,2,4
1897,1693226031094,1692253766849,1692253766852,1693226031103,9,3,6
1898,1693226031103,1692253766856,1692253766859,1693226031109,6,3,3
1899,1693226031109,1692253766867,1692253766871,1693226031122,13,4,9
1900,1693226031122,1692253766875,1692253766878,1693226031129,7,3,4
1901,1693226031129,1692253766882,1692253766885,1693226031137,8,3,5
1902,1693226031137,1692253766890,1692253766894,1693226031144,7,4,3
1903,1693226031144,1692253766898,1692253766901,1693226031152,8,3,5
1904,1693226031152,1692253766906,1692253766909,1693226031159,7,3,4
1905,1693226031159,1692253766913,1692253766915,1693226031165,6,2,4
1906,1693226031165,1692253766919,1692253766922,1693226031172,7,3,4
1907,1693226031172,1692253766926,1692253766929,1693226031180,8,3,5
1908,1693226031180,1692253766933,1692253766936,1693226031187,7,3,4
1909,1693226031187,1692253766940,1692253766943,1693226031193,6,3,3
1910,1693226031193,1692253766947,1692253766949,1693226031200,7,2,5
1911,1693226031200,1692253766954,1692253766958,1693226031209,9,4,5
1912,1693226031209,1692253766963,1692253766968,1693226031218,9,5,4
1913,1693226031218,1692253766972,1692253766975,1693226031226,8,3,5
1914,1693226031226,1692253766980,1692253766984,1693226031234,8,4,4
1915,1693226031235,1692253766988,1692253766992,1693226031242,7,4,3
1916,1693226031242,1692253766996,1692253767002,1693226031252,10,6,4
1917,1693226031252,1692253767006,1692253767009,1693226031259,7,3,4
1918,1693226031259,1692253767014,1692253767017,1693226031268,9,3,6
1919,1693226031268,1692253767022,1692253767025,1693226031275,7,3,4
1920,1693226031275,1692253767029,1692253767033,1693226031283,8,4,4
1921,1693226031283,1692253767037,1692253767040,1693226031291,8,3,5
1922,1693226031291,1692253767045,1692253767048,1693226031298,7,3,4
1923,1693226031298,1692253767052,1692253767055,1693226031306,8,3,5
1924,1693226031306,1692253767059,1692253767062,1693226031313,7,3,4
1925,1693226031313,1692253767066,1692253767069,1693226031320,7,3,4
1926,1693226031320,1692253767075,1692253767078,1693226031329,9,3,6
1927,1693226031329,1692253767082,1692253767085,1693226031336,7,3,4
1928,1693226031336,1692253767089,1692253767093,1693226031344,8,4,4
1929,1693226031344,1692253767097,1692253767101,1693226031352,8,4,4
1930,1693226031352,1692253767106,1692253767109,1693226031360,8,3,5
1931,1693226031360,1692253767113,1692253767117,1693226031368,8,4,4
1932,1693226031368,1692253767121,1692253767124,1693226031375,7,3,4
1933,1693226031375,1692253767128,1692253767132,1693226031383,8,4,4
1934,1693226031383,1692253767136,1692253767138,1693226031389,6,2,4
1935,1693226031389,1692253767143,1692253767146,1693226031397,8,3,5
1936,1693226031397,1692253767150,1692253767153,1693226031404,7,3,4
1937,1693226031404,1692253767157,1692253767160,1693226031411,7,3,4
1938,1693226031411,1692253767165,1692253767168,1693226031419,8,3,5
1939,1693226031419,1692253767172,1692253767175,1693226031426,7,3,4
1940,1693226031426,1692253767180,1692253767183,1693226031433,7,3,4
1941,1693226031433,1692253767187,1692253767191,1693226031442,9,4,5
1942,1693226031442,1692253767196,1692253767200,1693226031451,9,4,5
1943,1693226031451,1692253767205,1692253767208,1693226031458,7,3,4
1944,1693226031458,1692253767212,1692253767215,1693226031466,8,3,5
1945,1693226031466,1692253767219,1692253767222,1693226031473,7,3,4
1946,1693226031473,1692253767226,1692253767229,1693226031479,6,3,3
1947,1693226031479,1692253767233,1692253767235,1693226031486,7,2,5
1948,1693226031486,1692253767240,1692253767244,1693226031495,9,4,5
1949,1693226031495,1692253767249,1692253767253,1693226031503,8,4,4
1950,1693226031503,1692253767256,1692253767259,1693226031510,7,3,4
1951,1693226031510,1692253767264,1692253767267,1693226031518,8,3,5
1952,1693226031518,1692253767272,1692253767274,1693226031525,7,2,5
1953,1693226031525,1692253767278,1692253767282,1693226031532,7,4,3
1954,1693226031532,1692253767286,1692253767289,1693226031540,8,3,5
1955,1693226031540,1692253767293,1692253767297,1693226031547,7,4,3
1956,1693226031547,1692253767301,1692253767304,1693226031555,8,3,5
1957,1693226031555,1692253767309,1692253767312,1693226031562,7,3,4
1958,1693226031563,1692253767316,1692253767319,1693226031570,7,3,4
1959,1693226031570,1692253767324,1692253767327,1693226031578,8,3,5
1960,1693226031578,1692253767331,1692253767334,1693226031584,6,3,3
1961,1693226031584,1692253767338,1692253767341,1693226031592,8,3,5
1962,1693226031592,1692253767346,1692253767348,1693226031599,7,2,5
1963,1693226031599,1692253767353,1692253767357,1693226031607,8,4,4
1964,1693226031607,1692253767361,1692253767365,1693226031616,9,4,5
1965,1693226031616,1692253767369,1692253767372,1693226031623,7,3,4
1966,1693226031623,1692253767377,1692253767380,1693226031631,8,3,5
1967,1693226031631,1692253767384,1692253767388,1693226031639,8,4,4
1968,1693226031639,1692253767393,1692253767396,1693226031649,10,3,7
1969,1693226031649,1692253767403,1692253767407,1693226031658,9,4,5
1970,1693226031658,1692253767412,1692253767416,1693226031666,8,4,4
1971,1693226031666,1692253767420,1692253767422,1693226031673,7,2,5
1972,1693226031673,1692253767427,1692253767430,1693226031680,7,3,4
1973,1693226031681,1692253767434,1692253767437,1693226031688,7,3,4
1974,1693226031688,1692253767442,1692253767445,1693226031696,8,3,5
1975,1693226031696,1692253767449,1692253767453,1693226031704,8,4,4
1976,1693226031704,1692253767457,1692253767461,1693226031712,8,4,4
1977,1693226031712,1692253767465,1692253767468,1693226031719,7,3,4
1978,1693226031719,1692253767473,1692253767475,1693226031726,7,2,5
1979,1693226031726,1692253767480,1692253767483,1693226031734,8,3,5
1980,1693226031734,1692253767488,1692253767491,1693226031742,8,3,5
1981,1693226031742,1692253767496,1692253767499,1693226031752,10,3,7
1982,1693226031752,1692253767506,1692253767509,1693226031760,8,3,5
1983,1693226031760,1692253767514,1692253767517,1693226031768,8,3,5
1984,1693226031768,1692253767521,1692253767524,1693226031775,7,3,4
1985,1693226031775,1692253767529,1692253767533,1693226031784,9,4,5
1986,1693226031784,1692253767539,1692253767542,1693226031794,10,3,7
1987,1693226031794,1692253767547,1692253767551,1693226031802,8,4,4
1988,1693226031802,1692253767556,1692253767559,1693226031810,8,3,5
1989,1693226031810,1692253767563,1692253767567,1693226031817,7,4,3
1990,1693226031817,1692253767571,1692253767574,1693226031825,8,3,5
1991,1693226031825,1692253767579,1692253767582,1693226031832,7,3,4
1992,1693226031832,1692253767586,1692253767590,1693226031840,8,4,4
1993,1693226031840,1692253767594,1692253767597,1693226031848,8,3,5
1994,1693226031848,1692253767601,1692253767604,1693226031855,7,3,4
1995,1693226031855,1692253767609,1692253767611,1693226031865,10,2,8
1996,1693226031865,1692253767621,1692253767625,1693226031875,10,4,6
1997,1693226031876,1692253767629,1692253767632,1693226031883,7,3,4
1998,1693226031883,1692253767637,1692253767641,1693226031892,9,4,5
1999,1693226031892,1692253767645,1692253767649,1693226031899,7,4,3
2000,1693226031899,1692253767653,1692253767656,1693226031906,7,3,4
2001,1693226031907,1692253767660,1692253767664,1693226031914,7,4,3
2002,1693226031914,1692253767669,1692253767672,1693226031923,9,3,6
2003,1693226031923,1692253767677,1692253767680,1693226031930,7,3,4
2004,1693226031930,1692253767684,1692253767686,1693226031937,7,2,5
2005,1693226031937,1692253767691,1692253767694,1693226031944,7,3,4
2006,1693226031944,1692253767698,1692253767701,1693226031952,8,3,5
2007,1693226031952,1692253767708,1692253767711,1693226031961,9,3,6
2008,1693226031961,1692253767715,1692253767718,1693226031968,7,3,4
2009,1693226031968,1692253767724,1692253767726,1693226031977,9,2,7
2010,1693226031977,1692253767731,1692253767734,1693226031985,8,3,5
2011,1693226031985,1692253767738,1692253767742,1693226031993,8,4,4
2012,1693226031993,1692253767747,1692253767750,1693226032001,8,3,5
2013,1693226032001,1692253767754,1692253767757,1693226032008,7,3,4
2014,1693226032008,1692253767762,1692253767765,1693226032016,8,3,5
2015,1693226032016,1692253767771,1692253767774,1693226032025,9,3,6
2016,1693226032025,1692253767779,1692253767782,1693226032033,8,3,5
2017,1693226032033,1692253767786,1692253767789,1693226032040,7,3,4
2018,1693226032040,1692253767793,1692253767796,1693226032047,7,3,4
2019,1693226032047,1692253767801,1692253767805,1693226032056,9,4,5
2020,1693226032056,1692253767812,1692253767815,1693226032066,10,3,7
2021,1693226032066,1692253767820,1692253767823,1693226032075,9,3,6
2022,1693226032075,1692253767829,1692253767834,1693226032085,10,5,5
2023,1693226032085,1692253767840,1692253767844,1693226032094,9,4,5
2024,1693226032094,1692253767848,1692253767852,1693226032102,8,4,4
2025,1693226032103,1692253767856,1692253767860,1693226032110,7,4,3
2026,1693226032110,1692253767866,1692253767869,1693226032120,10,3,7
2027,1693226032120,1692253767874,1692253767878,1693226032128,8,4,4
2028,1693226032128,1692253767881,1692253767885,1693226032136,8,4,4
2029,1693226032136,1692253767889,1692253767892,1693226032143,7,3,4
2030,1693226032143,1692253767897,1692253767901,1693226032152,9,4,5
2031,1693226032152,1692253767906,1692253767909,1693226032162,10,3,7
2032,1693226032162,1692253767921,1692253767925,1693226032176,14,4,10
2033,1693226032176,1692253767930,1692253767933,1693226032184,8,3,5
2034,1693226032184,1692253767938,1692253767941,1693226032192,8,3,5
2035,1693226032192,1692253767946,1692253767949,1693226032202,10,3,7
2036,1693226032202,1692253767955,1692253767959,1693226032210,8,4,4
2037,1693226032210,1692253767964,1692253767967,1693226032218,8,3,5
2038,1693226032218,1692253767972,1692253767975,1693226032226,8,3,5
2039,1693226032226,1692253767980,1692253767983,1693226032234,8,3,5
2040,1693226032234,1692253767988,1692253767991,1693226032242,8,3,5
2041,1693226032242,1692253767995,1692253768000,1693226032251,9,5,4
2042,1693226032251,1692253768004,1692253768007,1693226032258,7,3,4
2043,1693226032258,1692253768012,1692253768015,1693226032266,8,3,5
2044,1693226032266,1692253768020,1692253768023,1693226032274,8,3,5
2045,1693226032274,1692253768028,1692253768031,1693226032282,8,3,5
2046,1693226032282,1692253768036,1692253768040,1693226032291,9,4,5
2047,1693226032291,1692253768044,1692253768047,1693226032298,7,3,4
2048,1693226032298,1692253768051,1692253768055,1693226032305,7,4,3
2049,1693226032305,1692253768059,1692253768062,1693226032313,8,3,5
2050,1693226032313,1692253768067,1692253768070,1693226032321,8,3,5
2051,1693226032321,1692253768075,1692253768077,1693226032328,7,2,5
2052,1693226032328,1692253768081,1692253768084,1693226032335,7,3,4
2053,1693226032335,1692253768090,1692253768093,1693226032344,9,3,6
2054,1693226032344,1692253768098,1692253768100,1693226032351,7,2,5
2055,1693226032352,1692253768105,1692253768108,1693226032358,6,3,3
2056,1693226032358,1692253768112,1692253768115,1693226032366,8,3,5
2057,1693226032366,1692253768119,1692253768122,1693226032373,7,3,4
2058,1693226032373,1692253768127,1692253768131,1693226032381,8,4,4
2059,1693226032381,1692253768135,1692253768139,1693226032389,8,4,4
2060,1693226032389,1692253768150,1692253768153,1693226032403,14,3,11
2061,1693226032403,1692253768157,1692253768161,1693226032411,8,4,4
2062,1693226032411,1692253768166,1692253768169,1693226032420,9,3,6
2063,1693226032420,1692253768174,1692253768177,1693226032428,8,3,5
2064,1693226032428,1692253768182,1692253768184,1693226032435,7,2,5
2065,1693226032435,1692253768189,1692253768192,1693226032443,8,3,5
2066,1693226032443,1692253768196,1692253768199,1693226032450,7,3,4
2067,1693226032450,1692253768203,1692253768206,1693226032457,7,3,4
2068,1693226032457,1692253768211,1692253768215,1693226032468,11,4,7
2069,1693226032468,1692253768222,1692253768226,1693226032477,9,4,5
2070,1693226032477,1692253768231,1692253768234,1693226032484,7,3,4
2071,1693226032484,1692253768238,1692253768241,1693226032491,7,3,4
2072,1693226032491,1692253768245,1692253768247,1693226032498,7,2,5
2073,1693226032498,1692253768252,1692253768255,1693226032505,7,3,4
2074,1693226032505,1692253768259,1692253768262,1693226032512,7,3,4
2075,1693226032513,1692253768267,1692253768270,1693226032521,8,3,5
2076,1693226032521,1692253768275,1692253768278,1693226032528,7,3,4
2077,1693226032528,1692253768282,1692253768286,1693226032537,9,4,5
2078,1693226032537,1692253768290,1692253768293,1693226032544,7,3,4
2079,1693226032544,1692253768298,1692253768301,1693226032552,8,3,5
2080,1693226032552,1692253768306,1692253768308,1693226032559,7,2,5
2081,1693226032559,1692253768313,1692253768316,1693226032567,8,3,5
2082,1693226032567,1692253768322,1692253768326,1693226032576,9,4,5
2083,1693226032577,1692253768330,1692253768333,1693226032585,8,3,5
2084,1693226032585,1692253768338,1692253768341,1693226032592,7,3,4
2085,1693226032592,1692253768346,1692253768349,1693226032600,8,3,5
2086,1693226032600,1692253768354,1692253768357,1693226032608,8,3,5
2087,1693226032608,1692253768362,1692253768365,1693226032616,8,3,5
2088,1693226032616,1692253768369,1692253768372,1693226032623,7,3,4
2089,1693226032623,1692253768377,1692253768380,1693226032631,8,3,5
2090,1693226032631,1692253768386,1692253768389,1693226032640,9,3,6
2091,1693226032640,1692253768394,1692253768397,1693226032648,8,3,5
2092,1693226032648,1692253768402,1692253768404,1693226032655,7,2,5
2093,1693226032655,1692253768408,1692253768412,1693226032662,7,4,3
2094,1693226032662,1692253768416,1692253768419,1693226032670,8,3,5
2095,1693226032670,1692253768425,1692253768428,1693226032679,9,3,6
2096,1693226032679,1692253768433,1692253768438,1693226032689,10,5,5
2097,1693226032689,1692253768442,1692253768445,1693226032696,7,3,4
2098,1693226032696,1692253768449,1692253768453,1693226032704,8,4,4
2099,1693226032704,1692253768457,1692253768460,1693226032711,7,3,4
2100,1693226032711,1692253768465,1692253768468,1693226032718,7,3,4
2101,1693226032718,1692253768472,1692253768475,1693226032726,8,3,5
2102,1693226032726,1692253768479,1692253768482,1693226032733,7,3,4
2103,1693226032733,1692253768488,1692253768492,1693226032742,9,4,5
2104,1693226032742,1692253768496,1692253768500,1693226032751,9,4,5
2105,1693226032751,1692253768505,1692253768508,1693226032759,8,3,5
2106,1693226032759,1692253768512,1692253768516,1693226032766,7,4,3
2107,1693226032766,1692253768520,1692253768523,1693226032775,9,3,6
2108,1693226032775,1692253768529,1692253768532,1693226032783,8,3,5
2109,1693226032783,1692253768541,1692253768545,1693226032796,13,4,9
2110,1693226032796,1692253768550,1692253768554,1693226032805,9,4,5
2111,1693226032805,1692253768558,1692253768561,1693226032812,7,3,4
2112,1693226032812,1692253768566,1692253768570,1693226032821,9,4,5
2113,1693226032821,1692253768575,1692253768578,1693226032828,7,3,4
2114,1693226032828,1692253768582,1692253768586,1693226032836,8,4,4
2115,1693226032836,1692253768590,1692253768593,1693226032843,7,3,4
2116,1693226032843,1692253768597,1692253768600,1693226032850,7,3,4
2117,1693226032850,1692253768605,1692253768608,1693226032858,8,3,5
2118,1693226032858,1692253768612,1692253768615,1693226032869,11,3,8
2119,1693226032869,1692253768623,1692253768626,1693226032878,9,3,6
2120,1693226032878,1692253768632,1692253768638,1693226032889,11,6,5
2121,1693226032889,1692253768643,1692253768646,1693226032896,7,3,4
2122,1693226032896,1692253768650,1692253768653,1693226032904,8,3,5
2123,1693226032904,1692253768657,1692253768661,1693226032911,7,4,3
2124,1693226032911,1692253768665,1692253768669,1693226032920,9,4,5
2125,1693226032920,1692253768674,1692253768677,1693226032928,8,3,5
2126,1693226032928,1692253768682,1692253768685,1693226032936,8,3,5
2127,1693226032936,1692253768689,1692253768693,1693226032944,8,4,4
2128,1693226032944,1692253768698,1692253768701,1693226032952,8,3,5
2129,1693226032952,1692253768705,1692253768708,1693226032959,7,3,4
2130,1693226032959,1692253768713,1692253768716,1693226032966,7,3,4
2131,1693226032966,1692253768720,1692253768725,1693226032976,10,5,5
2132,1693226032976,1692253768732,1692253768735,1693226032987,11,3,8
2133,1693226032987,1692253768740,1692253768744,1693226032994,7,4,3
2134,1693226032994,1692253768748,1692253768752,1693226033002,8,4,4
2135,1693226033002,1692253768756,1692253768759,1693226033010,8,3,5
2136,1693226033010,1692253768764,1692253768768,1693226033019,9,4,5
2137,1693226033019,1692253768773,1692253768776,1693226033026,7,3,4
2138,1693226033026,1692253768780,1692253768783,1693226033034,8,3,5
2139,1693226033034,1692253768787,1692253768790,1693226033041,7,3,4
2140,1693226033041,1692253768795,1692253768798,1693226033049,8,3,5
2141,1693226033049,1692253768803,1692253768806,1693226033057,8,3,5
2142,1693226033057,1692253768811,1692253768814,1693226033064,7,3,4
2143,1693226033064,1692253768817,1692253768821,1693226033071,7,4,3
2144,1693226033072,1692253768825,1692253768829,1693226033080,8,4,4
2145,1693226033080,1692253768835,1692253768838,1693226033089,9,3,6
2146,1693226033089,1692253768844,1692253768847,1693226033098,9,3,6
2147,1693226033098,1692253768852,1692253768855,1693226033105,7,3,4
2148,1693226033105,1692253768859,1692253768863,1693226033115,10,4,6
2149,1693226033115,1692253768868,1692253768871,1693226033122,7,3,4
2150,1693226033122,1692253768875,1692253768879,1693226033130,8,4,4
2151,1693226033130,1692253768883,1692253768887,1693226033138,8,4,4
2152,1693226033138,1692253768892,1692253768896,1693226033146,8,4,4
2153,1693226033146,1692253768899,1692253768902,1693226033153,7,3,4
2154,1693226033153,1692253768907,1692253768911,1693226033162,9,4,5
2155,1693226033162,1692253768916,1692253768919,1693226033169,7,3,4
2156,1693226033169,1692253768923,1692253768926,1693226033176,7,3,4
2157,1693226033176,1692253768930,1692253768934,1693226033185,9,4,5
2158,1693226033185,1692253768939,1692253768943,1693226033193,8,4,4
2159,1693226033194,1692253768947,1692253768951,1693226033202,8,4,4
2160,1693226033202,1692253768955,1692253768958,1693226033209,7,3,4
2161,1693226033209,1692253768962,1692253768966,1693226033217,8,4,4
2162,1693226033217,1692253768971,1692253768974,1693226033225,8,3,5
2163,1693226033225,1692253768979,1692253768982,1693226033233,8,3,5
2164,1693226033233,1692253768986,1692253768990,1693226033241,8,4,4
2165,1693226033241,1692253768995,1692253768998,1693226033249,8,3,5
2166,1693226033249,1692253769004,1692253769008,1693226033258,9,4,5
2167,1693226033258,1692253769011,1692253769015,1693226033265,7,4,3
2168,1693226033265,1692253769019,1692253769024,1693226033275,10,5,5
2169,1693226033276,1692253769029,1692253769033,1693226033283,7,4,3
2170,1693226033283,1692253769040,1692253769043,1693226033294,11,3,8
2171,1693226033294,1692253769048,1692253769051,1693226033302,8,3,5
2172,1693226033302,1692253769055,1692253769058,1693226033309,7,3,4
2173,1693226033309,1692253769062,1692253769065,1693226033316,7,3,4
2174,1693226033316,1692253769069,1692253769073,1693226033323,7,4,3
2175,1693226033323,1692253769077,1692253769080,1693226033331,8,3,5
2176,1693226033331,1692253769084,1692253769087,1693226033338,7,3,4
2177,1693226033338,1692253769092,1692253769095,1693226033346,8,3,5
2178,1693226033346,1692253769101,1692253769104,1693226033354,8,3,5
2179,1693226033354,1692253769107,1692253769110,1693226033361,7,3,4
2180,1693226033361,1692253769115,1692253769118,1693226033368,7,3,4
2181,1693226033368,1692253769122,1692253769125,1693226033375,7,3,4
2182,1693226033375,1692253769129,1692253769133,1693226033384,9,4,5
2183,1693226033384,1692253769137,1692253769141,1693226033391,7,4,3
2184,1693226033391,1692253769145,1692253769148,1693226033399,8,3,5
2185,1693226033399,1692253769152,1692253769156,1693226033407,8,4,4
2186,1693226033407,1692253769160,1692253769164,1693226033414,7,4,3
2187,1693226033414,1692253769168,1692253769171,1693226033422,8,3,5
2188,1693226033422,1692253769176,1692253769178,1693226033429,7,2,5
2189,1693226033429,1692253769183,1692253769186,1693226033437,8,3,5
2190,1693226033437,1692253769190,1692253769194,1693226033445,8,4,4
2191,1693226033445,1692253769198,1692253769201,1693226033452,7,3,4
2192,1693226033452,1692253769205,1692253769208,1693226033459,7,3,4
2193,1693226033459,1692253769212,1692253769215,1693226033466,7,3,4
2194,1693226033466,1692253769220,1692253769223,1693226033474,8,3,5
2195,1693226033474,1692253769227,1692253769230,1693226033482,8,3,5
2196,1693226033482,1692253769235,1692253769238,1693226033489,7,3,4
2197,1693226033489,1692253769244,1692253769248,1693226033498,9,4,5
2198,1693226033498,1692253769252,1692253769255,1693226033507,9,3,6
2199,1693226033507,1692253769261,1692253769264,1693226033515,8,3,5
2200,1693226033515,1692253769268,1692253769271,1693226033522,7,3,4
2201,1693226033522,1692253769275,1692253769278,1693226033529,7,3,4
2202,1693226033529,1692253769285,1692253769288,1693226033538,9,3,6
2203,1693226033538,1692253769293,1692253769296,1693226033546,8,3,5
2204,1693226033546,1692253769301,1692253769305,1693226033556,10,4,6
2205,1693226033556,1692253769309,1692253769314,1693226033565,9,5,4
2206,1693226033565,1692253769318,1692253769321,1693226033572,7,3,4
2207,1693226033572,1692253769326,1692253769329,1693226033579,7,3,4
2208,1693226033579,1692253769333,1692253769336,1693226033587,8,3,5
2209,1693226033587,1692253769340,1692253769344,1693226033595,8,4,4
2210,1693226033595,1692253769349,1692253769352,1693226033603,8,3,5
2211,1693226033603,1692253769356,1692253769360,1693226033611,8,4,4
2212,1693226033611,1692253769365,1692253769368,1693226033618,7,3,4
2213,1693226033618,1692253769371,1692253769375,1693226033626,8,4,4
2214,1693226033626,1692253769381,1692253769384,1693226033634,8,3,5
2215,1693226033635,1692253769388,1692253769391,1693226033642,7,3,4
2216,1693226033642,1692253769395,1692253769398,1693226033649,7,3,4
2217,1693226033649,1692253769402,1692253769405,1693226033656,7,3,4
2218,1693226033656,1692253769410,1692253769414,1693226033665,9,4,5
2219,1693226033665,1692253769419,1692253769421,1693226033672,7,2,5
2220,1693226033672,1692253769428,1692253769432,1693226033682,10,4,6
2221,1693226033682,1692253769435,1692253769439,1693226033689,7,4,3
2222,1693226033689,1692253769444,1692253769448,1693226033698,9,4,5
2223,1693226033698,1692253769452,1692253769455,1693226033706,8,3,5
2224,1693226033706,1692253769462,1692253769465,1693226033716,10,3,7
2225,1693226033716,1692253769469,1692253769473,1693226033723,7,4,3
2226,1693226033723,1692253769477,1692253769481,1693226033731,8,4,4
2227,1693226033731,1692253769485,1692253769489,1693226033740,9,4,5
2228,1693226033740,1692253769495,1692253769499,1693226033749,9,4,5
2229,1693226033749,1692253769503,1692253769506,1693226033757,8,3,5
2230,1693226033757,1692253769511,1692253769515,1693226033766,9,4,5
2231,1693226033766,1692253769519,1692253769522,1693226033772,6,3,3
2232,1693226033772,1692253769526,1692253769529,1693226033780,8,3,5
2233,1693226033780,1692253769533,1692253769537,1693226033788,8,4,4
2234,1693226033788,1692253769541,1692253769544,1693226033795,7,3,4
2235,1693226033795,1692253769551,1692253769555,1693226033805,10,4,6
2236,1693226033805,1692253769558,1692253769562,1693226033812,7,4,3
2237,1693226033812,1692253769566,1692253769569,1693226033820,8,3,5
2238,1693226033820,1692253769574,1692253769577,1693226033828,8,3,5
2239,1693226033828,1692253769582,1692253769585,1693226033836,8,3,5
2240,1693226033836,1692253769590,1692253769593,1693226033844,8,3,5
2241,1693226033844,1692253769598,1692253769601,1693226033852,8,3,5
2242,1693226033852,1692253769608,1692253769613,1693226033864,12,5,7
2243,1693226033864,1692253769619,1692253769623,1693226033876,12,4,8
2244,1693226033876,1692253769630,1692253769634,1693226033885,9,4,5
2245,1693226033885,1692253769639,1692253769642,1693226033893,8,3,5
2246,1693226033893,1692253769647,1692253769650,1693226033902,9,3,6
2247,1693226033902,1692253769656,1692253769659,1693226033910,8,3,5
2248,1693226033910,1692253769664,1692253769667,1693226033918,8,3,5
2249,1693226033918,1692253769672,1692253769675,1693226033926,8,3,5
2250,1693226033926,1692253769680,1692253769683,1693226033934,8,3,5
2251,1693226033934,1692253769687,1692253769690,1693226033941,7,3,4
2252,1693226033941,1692253769695,1692253769699,1693226033949,8,4,4
2253,1693226033949,1692253769702,1692253769706,1693226033957,8,4,4
2254,1693226033957,1692253769710,1692253769714,1693226033964,7,4,3
2255,1693226033964,1692253769718,1692253769721,1693226033972,8,3,5
2256,1693226033972,1692253769725,1692253769729,1693226033980,8,4,4
2257,1693226033980,1692253769734,1692253769737,1693226033987,7,3,4
2258,1693226033987,1692253769741,1692253769744,1693226033995,8,3,5
2259,1693226033995,1692253769749,1692253769752,1693226034004,9,3,6
2260,1693226034004,1692253769759,1692253769762,1693226034012,8,3,5
2261,1693226034012,1692253769766,1692253769769,1693226034020,8,3,5
2262,1693226034020,1692253769773,1692253769776,1693226034027,7,3,4
2263,1693226034027,1692253769781,1692253769784,1693226034035,8,3,5
2264,1693226034035,1692253769789,1692253769792,1693226034043,8,3,5
2265,1693226034043,1692253769797,1692253769800,1693226034050,7,3,4
2266,1693226034050,1692253769803,1692253769807,1693226034057,7,4,3
2267,1693226034057,1692253769811,1692253769814,1693226034065,8,3,5
2268,1693226034065,1692253769819,1692253769822,1693226034072,7,3,4
2269,1693226034072,1692253769826,1692253769829,1693226034080,8,3,5
2270,1693226034081,1692253769834,1692253769838,1693226034089,8,4,4
2271,1693226034089,1692253769842,1692253769845,1693226034096,7,3,4
2272,1693226034096,1692253769850,1692253769856,1693226034108,12,6,6
2273,1693226034108,1692253769862,1692253769865,1693226034116,8,3,5
2274,1693226034116,1692253769870,1692253769873,1693226034123,7,3,4
2275,1693226034123,1692253769877,1692253769881,1693226034131,8,4,4
2276,1693226034131,1692253769885,1692253769888,1693226034139,8,3,5
2277,1693226034139,1692253769893,1692253769896,1693226034147,8,3,5
2278,1693226034147,1692253769901,1692253769906,1693226034157,10,5,5
2279,1693226034157,1692253769910,1692253769914,1693226034165,8,4,4
2280,1693226034165,1692253769919,1692253769922,1693226034172,7,3,4
2281,1693226034172,1692253769927,1692253769930,1693226034180,8,3,5
2282,1693226034180,1692253769934,1692253769937,1693226034188,8,3,5
2283,1693226034188,1692253769942,1692253769945,1693226034195,7,3,4
2284,1693226034195,1692253769949,1692253769952,1693226034203,8,3,5
2285,1693226034203,1692253769957,1692253769960,1693226034211,8,3,5
2286,1693226034211,1692253769964,1692253769967,1693226034218,7,3,4
2287,1693226034218,1692253769972,1692253769975,1693226034227,9,3,6
2288,1693226034227,1692253769981,1692253769984,1693226034235,8,3,5
2289,1693226034235,1692253769989,1692253769992,1693226034243,8,3,5
2290,1693226034243,1692253769997,1692253770000,1693226034251,8,3,5
2291,1693226034251,1692253770005,1692253770008,1693226034259,8,3,5
2292,1693226034259,1692253770013,1692253770016,1693226034266,7,3,4
2293,1693226034266,1692253770020,1692253770023,1693226034273,7,3,4
2294,1693226034273,1692253770028,1692253770031,1693226034282,9,3,6
2295,1693226034282,1692253770036,1692253770040,1693226034290,8,4,4
2296,1693226034290,1692253770044,1692253770047,1693226034298,8,3,5
2297,1693226034298,1692253770051,1692253770054,1693226034305,7,3,4
2298,1693226034305,1692253770058,1692253770062,1693226034313,8,4,4
2299,1693226034313,1692253770067,1692253770071,1693226034322,9,4,5
2300,1693226034322,1692253770078,1692253770081,1693226034332,10,3,7
2301,1693226034332,1692253770086,1692253770089,1693226034340,8,3,5
2302,1693226034340,1692253770093,1692253770098,1693226034348,8,5,3
2303,1693226034348,1692253770102,1692253770105,1693226034355,7,3,4
2304,1693226034355,1692253770110,1692253770113,1693226034364,9,3,6
2305,1693226034364,1692253770118,1692253770121,1693226034372,8,3,5
2306,1693226034372,1692253770127,1692253770130,1693226034381,9,3,6
2307,1693226034381,1692253770135,1692253770138,1693226034389,8,3,5
2308,1693226034389,1692253770142,1692253770146,1693226034397,8,4,4
2309,1693226034397,1692253770151,1692253770154,1693226034405,8,3,5
2310,1693226034405,1692253770159,1692253770162,1693226034414,9,3,6
2311,1693226034414,1692253770168,1692253770171,1693226034422,8,3,5
2312,1693226034422,1692253770175,1692253770179,1693226034430,8,4,4
2313,1693226034430,1692253770184,1692253770187,1693226034438,8,3,5
2314,1693226034438,1692253770192,1692253770195,1693226034446,8,3,5
2315,1693226034446,1692253770200,1692253770205,1693226034456,10,5,5
2316,1693226034456,1692253770209,1692253770212,1693226034463,7,3,4
2317,1693226034463,1692253770217,1692253770221,1693226034471,8,4,4
2318,1693226034471,1692253770225,1692253770228,1693226034479,8,3,5
2319,1693226034479,1692253770233,1692253770236,1693226034487,8,3,5
2320,1693226034487,1692253770240,1692253770244,1693226034495,8,4,4
2321,1693226034495,1692253770248,1692253770252,1693226034502,7,4,3
2322,1693226034502,1692253770256,1692253770259,1693226034509,7,3,4
2323,1693226034509,1692253770263,1692253770266,1693226034517,8,3,5
2324,1693226034517,1692253770271,1692253770274,1693226034525,8,3,5
2325,1693226034525,1692253770279,1692253770282,1693226034532,7,3,4
2326,1693226034532,1692253770286,1692253770289,1693226034539,7,3,4
2327,1693226034539,1692253770292,1692253770295,1693226034546,7,3,4
2328,1693226034546,1692253770299,1692253770303,1693226034553,7,4,3
2329,1693226034553,1692253770307,1692253770311,1693226034562,9,4,5
2330,1693226034562,1692253770315,1692253770319,1693226034570,8,4,4
2331,1693226034570,1692253770323,1692253770327,1693226034578,8,4,4
2332,1693226034578,1692253770331,1692253770334,1693226034585,7,3,4
2333,1693226034585,1692253770338,1692253770341,1693226034592,7,3,4
2334,1693226034592,1692253770346,1692253770349,1693226034600,8,3,5
2335,1693226034600,1692253770353,1692253770356,1693226034607,7,3,4
2336,1693226034607,1692253770361,1692253770365,1693226034615,8,4,4
2337,1693226034615,1692253770371,1692253770374,1693226034625,10,3,7
2338,1693226034625,1692253770378,1692253770383,1693226034633,8,5,3
2339,1693226034633,1692253770386,1692253770389,1693226034640,7,3,4
2340,1693226034640,1692253770393,1692253770397,1693226034648,8,4,4
2341,1693226034648,1692253770401,1692253770405,1693226034656,8,4,4
2342,1693226034656,1692253770410,1692253770413,1693226034663,7,3,4
2343,1693226034663,1692253770417,1692253770419,1693226034670,7,2,5
2344,1693226034670,1692253770424,1692253770427,1693226034678,8,3,5
2345,1693226034678,1692253770431,1692253770434,1693226034684,6,3,3
2346,1693226034684,1692253770437,1692253770440,1693226034691,7,3,4
2347,1693226034691,1692253770445,1692253770449,1693226034705,14,4,10
2348,1693226034705,1692253770499,1692253770502,1693226034753,48,3,45
2349,1693226034753,1692253770507,1692253770512,1693226034764,11,5,6
2350,1693226034764,1692253770517,1692253770520,1693226034771,7,3,4
2351,1693226034771,1692253770525,1692253770527,1693226034778,7,2,5
2352,1693226034778,1692253770531,1692253770536,1693226034787,9,5,4
2353,1693226034787,1692253770540,1692253770543,1693226034794,7,3,4
2354,1693226034794,1692253770547,1692253770551,1693226034801,7,4,3
2355,1693226034801,1692253770558,1692253770560,1693226034811,10,2,8
2356,1693226034811,1692253770565,1692253770569,1693226034819,8,4,4
2357,1693226034819,1692253770575,1692253770579,1693226034832,13,4,9
2358,1693226034832,1692253770585,1692253770588,1693226034838,6,3,3
2359,1693226034838,1692253770592,1692253770595,1693226034845,7,3,4
2360,1693226034846,1692253770603,1692253770606,1693226034857,11,3,8
2361,1693226034857,1692253770611,1692253770614,1693226034865,8,3,5
2362,1693226034865,1692253770618,1692253770621,1693226034872,7,3,4
2363,1693226034872,1692253770625,1692253770628,1693226034883,11,3,8
2364,1693226034883,1692253770638,1692253770642,1693226034894,11,4,7
2365,1693226034894,1692253770648,1692253770651,1693226034902,8,3,5
2366,1693226034902,1692253770656,1692253770660,1693226034915,13,4,9
2367,1693226034915,1692253770684,1692253770688,1693226034941,26,4,22
2368,1693226034941,1692253770695,1692253770698,1693226034949,8,3,5
2369,1693226034949,1692253770704,1692253770707,1693226034958,9,3,6
2370,1693226034958,1692253770715,1692253770719,1693226034970,12,4,8
2371,1693226034970,1692253770724,1692253770727,1693226034978,8,3,5
2372,1693226034978,1692253770732,1692253770737,1693226034987,9,5,4
2373,1693226034987,1692253770745,1692253770748,1693226034999,12,3,9
2374,1693226034999,1692253770753,1692253770757,1693226035007,8,4,4
2375,1693226035007,1692253770761,1692253770766,1693226035016,9,5,4
2376,1693226035016,1692253770770,1692253770773,1693226035023,7,3,4
2377,1693226035024,1692253770780,1692253770784,1693226035035,11,4,7
2378,1693226035035,1692253770788,1692253770792,1693226035043,8,4,4
2379,1693226035043,1692253770797,1692253770800,1693226035051,8,3,5
2380,1693226035051,1692253770805,1692253770809,1693226035060,9,4,5
2381,1693226035060,1692253770814,1692253770817,1693226035067,7,3,4
2382,1693226035067,1692253770821,1692253770824,1693226035074,7,3,4
2383,1693226035075,1692253770830,1692253770834,1693226035084,9,4,5
2384,1693226035084,1692253770838,1692253770840,1693226035091,7,2,5
2385,1693226035091,1692253770845,1692253770848,1693226035099,8,3,5
2386,1693226035099,1692253770852,1692253770855,1693226035106,7,3,4
2387,1693226035106,1692253770859,1692253770862,1693226035113,7,3,4
2388,1693226035113,1692253770867,1692253770871,1693226035121,8,4,4
2389,1693226035121,1692253770874,1692253770879,1693226035132,11,5,6
2390,1693226035132,1692253770885,1692253770889,1693226035140,8,4,4
2391,1693226035140,1692253770894,1692253770897,1693226035147,7,3,4
2392,1693226035147,1692253770901,1692253770905,1693226035156,9,4,5
2393,1693226035156,1692253770910,1692253770913,1693226035163,7,3,4
2394,1693226035164,1692253770917,1692253770920,1693226035171,7,3,4
2395,1693226035171,1692253770925,1692253770928,1693226035179,8,3,5
2396,1693226035179,1692253770933,1692253770936,1693226035187,8,3,5
2397,1693226035187,1692253770941,1692253770944,1693226035194,7,3,4
2398,1693226035195,1692253770948,1692253770951,1693226035202,7,3,4
2399,1693226035202,1692253770956,1692253770960,1693226035211,9,4,5
2400,1693226035211,1692253770965,1692253770969,1693226035219,8,4,4
2401,1693226035219,1692253770973,1692253770976,1693226035226,7,3,4
2402,1693226035227,1692253770980,1692253770984,1693226035235,8,4,4
2403,1693226035235,1692253770988,1692253770992,1693226035242,7,4,3
2404,1693226035242,1692253770996,1692253770999,1693226035249,7,3,4
2405,1693226035249,1692253771003,1692253771006,1693226035257,8,3,5
2406,1693226035257,1692253771011,1692253771015,1693226035266,9,4,5
2407,1693226035266,1692253771020,1692253771023,1693226035274,8,3,5
2408,1693226035274,1692253771028,1692253771031,1693226035281,7,3,4
2409,1693226035282,1692253771035,1692253771039,1693226035289,7,4,3
2410,1693226035289,1692253771043,1692253771046,1693226035296,7,3,4
2411,1693226035296,1692253771050,1692253771053,1693226035304,8,3,5
2412,1693226035304,1692253771058,1692253771061,1693226035312,8,3,5
2413,1693226035312,1692253771066,1692253771069,1693226035319,7,3,4
2414,1693226035319,1692253771072,1692253771076,1693226035326,7,4,3
2415,1693226035326,1692253771079,1692253771082,1693226035332,6,3,3
2416,1693226035333,1692253771088,1692253771090,1693226035341,8,2,6
2417,1693226035341,1692253771095,1692253771098,1693226035349,8,3,5
2418,1693226035349,1692253771103,1692253771106,1693226035357,8,3,5
2419,1693226035357,1692253771110,1692253771114,1693226035365,8,4,4
2420,1693226035365,1692253771118,1692253771121,1693226035372,7,3,4
2421,1693226035372,1692253771125,1692253771128,1693226035379,7,3,4
2422,1693226035379,1692253771132,1692253771136,1693226035387,8,4,4
2423,1693226035387,1692253771141,1692253771144,1693226035395,8,3,5
2424,1693226035395,1692253771150,1692253771152,1693226035403,8,2,6
2425,1693226035403,1692253771157,1692253771160,1693226035411,8,3,5
2426,1693226035411,1692253771164,1692253771169,1693226035419,8,5,3
2427,1693226035419,1692253771173,1692253771176,1693226035426,7,3,4
2428,1693226035426,1692253771180,1692253771184,1693226035435,9,4,5
2429,1693226035435,1692253771190,1692253771194,1693226035444,9,4,5
2430,1693226035444,1692253771198,1692253771201,1693226035452,8,3,5
2431,1693226035452,1692253771205,1692253771209,1693226035459,7,4,3
2432,1693226035459,1692253771213,1692253771216,1693226035467,8,3,5
2433,1693226035467,1692253771220,1692253771224,1693226035474,7,4,3
2434,1693226035474,1692253771228,1692253771231,1693226035482,8,3,5
2435,1693226035482,1692253771236,1692253771239,1693226035489,7,3,4
2436,1693226035489,1692253771245,1692253771249,1693226035499,10,4,6
2437,1693226035499,1692253771253,1692253771256,1693226035507,8,3,5
2438,1693226035507,1692253771260,1692253771264,1693226035514,7,4,3
2439,1693226035514,1692253771268,1692253771271,1693226035521,7,3,4
2440,1693226035521,1692253771275,1692253771278,1693226035528,7,3,4
2441,1693226035528,1692253771282,1692253771284,1693226035535,7,2,5
2442,1693226035535,1692253771292,1692253771295,1693226035546,11,3,8
2443,1693226035546,1692253771299,1692253771303,1693226035554,8,4,4
2444,1693226035554,1692253771308,1692253771311,1693226035562,8,3,5
2445,1693226035562,1692253771315,1692253771319,1693226035570,8,4,4
2446,1693226035570,1692253771323,1692253771327,1693226035578,8,4,4
2447,1693226035578,1692253771332,1692253771336,1693226035587,9,4,5
2448,1693226035587,1692253771342,1692253771345,1693226035596,9,3,6
2449,1693226035596,1692253771350,1692253771353,1693226035604,8,3,5
2450,1693226035604,1692253771359,1692253771362,1693226035613,9,3,6
2451,1693226035613,1692253771368,1692253771371,1693226035622,9,3,6
2452,1693226035622,1692253771376,1692253771379,1693226035630,8,3,5
2453,1693226035630,1692253771383,1692253771386,1693226035636,6,3,3
2454,1693226035636,1692253771390,1692253771392,1693226035643,7,2,5
2455,1693226035643,1692253771397,1692253771401,1693226035651,8,4,4
2456,1693226035651,1692253771406,1692253771409,1693226035660,9,3,6
2457,1693226035660,1692253771413,1692253771416,1693226035666,6,3,3
2458,1693226035666,1692253771420,1692253771423,1693226035674,8,3,5
2459,1693226035674,1692253771428,1692253771432,1693226035682,8,4,4
2460,1693226035682,1692253771435,1692253771439,1693226035690,8,4,4
2461,1693226035690,1692253771443,1692253771446,1693226035696,6,3,3
2462,1693226035696,1692253771450,1692253771454,1693226035705,9,4,5
2463,1693226035705,1692253771459,1692253771464,1693226035714,9,5,4
2464,1693226035714,1692253771469,1692253771472,1693226035723,9,3,6
2465,1693226035723,1692253771477,1692253771480,1693226035731,8,3,5
2466,1693226035731,1692253771484,1692253771488,1693226035738,7,4,3
2467,1693226035738,1692253771492,1692253771495,1693226035746,8,3,5
2468,1693226035746,1692253771499,1692253771503,1693226035754,8,4,4
2469,1693226035754,1692253771508,1692253771511,1693226035762,8,3,5
2470,1693226035762,1692253771515,1692253771518,1693226035769,7,3,4
2471,1693226035769,1692253771522,1692253771526,1693226035776,7,4,3
2472,1693226035777,1692253771530,1692253771533,1693226035783,6,3,3
2473,1693226035783,1692253771537,1692253771540,1693226035791,8,3,5
2474,1693226035791,1692253771544,1692253771548,1693226035799,8,4,4
2475,1693226035799,1692253771553,1692253771555,1693226035806,7,2,5
2476,1693226035806,1692253771560,1692253771563,1693226035814,8,3,5
2477,1693226035814,1692253771568,1692253771571,1693226035822,8,3,5
2478,1693226035822,1692253771575,1692253771578,1693226035829,7,3,4
2479,1693226035829,1692253771583,1692253771586,1693226035837,8,3,5
2480,1693226035837,1692253771590,1692253771593,1693226035844,7,3,4
2481,1693226035844,1692253771599,1692253771603,1693226035854,10,4,6
2482,1693226035854,1692253771608,1692253771610,1693226035861,7,2,5
2483,1693226035861,1692253771614,1692253771617,1693226035868,7,3,4
2484,1693226035868,1692253771622,1692253771625,1693226035875,7,3,4
2485,1693226035875,1692253771628,1692253771632,1693226035882,7,4,3
2486,1693226035882,1692253771640,1692253771643,1693226035894,12,3,9
2487,1693226035894,1692253771648,1692253771651,1693226035902,8,3,5
2488,1693226035902,1692253771656,1692253771659,1693226035910,8,3,5
2489,1693226035910,1692253771664,1692253771667,1693226035918,8,3,5
2490,1693226035918,1692253771671,1692253771674,1693226035925,7,3,4
2491,1693226035925,1692253771679,1692253771683,1693226035934,9,4,5
2492,1693226035934,1692253771688,1692253771691,1693226035942,8,3,5
2493,1693226035942,1692253771695,1692253771699,1693226035950,8,4,4
2494,1693226035950,1692253771704,1692253771707,1693226035958,8,3,5
2495,1693226035958,1692253771712,1692253771715,1693226035965,7,3,4
2496,1693226035965,1692253771720,1692253771723,1693226035974,9,3,6
2497,1693226035974,1692253771728,1692253771731,1693226035982,8,3,5
2498,1693226035982,1692253771737,1692253771741,1693226035992,10,4,6
2499,1693226035992,1692253771745,1692253771749,1693226035999,7,4,3
2500,1693226035999,1692253771752,1692253771757,1693226036008,9,5,4
2501,1693226036008,1692253771762,1692253771765,1693226036016,8,3,5
2502,1693226036016,1692253771770,1692253771773,1693226036023,7,3,4
2503,1693226036023,1692253771777,1692253771780,1693226036031,8,3,5
2504,1693226036031,1692253771784,1692253771788,1693226036038,7,4,3
2505,1693226036038,1692253771792,1692253771796,1693226036046,8,4,4
2506,1693226036046,1692253771800,1692253771803,1693226036054,8,3,5
2507,1693226036054,1692253771808,1692253771812,1693226036063,9,4,5
2508,1693226036063,1692253771816,1692253771819,1693226036070,7,3,4
2509,1693226036070,1692253771823,1692253771826,1693226036077,7,3,4
2510,1693226036077,1692253771831,1692253771834,1693226036085,8,3,5
2511,1693226036085,1692253771838,1692253771841,1693226036092,7,3,4
2512,1693226036092,1692253771846,1692253771849,1693226036099,7,3,4
2513,1693226036099,1692253771853,1692253771857,1693226036107,8,4,4
2514,1693226036107,1692253771860,1692253771864,1693226036114,7,4,3
2515,1693226036114,1692253771868,1692253771870,1693226036121,7,2,5
2516,1693226036121,1692253771875,1692253771878,1693226036129,8,3,5
2517,1693226036129,1692253771883,1692253771886,1693226036136,7,3,4
2518,1693226036136,1692253771890,1692253771894,1693226036144,8,4,4
2519,1693226036144,1692253771898,1692253771901,1693226036152,8,3,5
2520,1693226036152,1692253771908,1692253771911,1693226036162,10,3,7
2521,1693226036162,1692253771915,1692253771919,1693226036169,7,4,3
2522,1693226036169,1692253771923,1692253771926,1693226036177,8,3,5
2523,1693226036177,1692253771932,1692253771936,1693226036186,9,4,5
2524,1693226036186,1692253771940,1692253771943,1693226036193,7,3,4
2525,1693226036194,1692253771947,1692253771950,1693226036201,7,3,4
2526,1693226036201,1692253771957,1692253771961,1693226036212,11,4,7
2527,1693226036212,1692253771966,1692253771969,1693226036220,8,3,5
2528,1693226036220,1692253771974,1692253771977,1693226036228,8,3,5
2529,1693226036228,1692253771982,1692253771985,1693226036236,8,3,5
2530,1693226036236,1692253771990,1692253771993,1693226036244,8,3,5
2531,1693226036244,1692253772000,1692253772002,1693226036253,9,2,7
2532,1693226036253,1692253772009,1692253772012,1693226036262,9,3,6
2533,1693226036262,1692253772020,1692253772024,1693226036274,12,4,8
2534,1693226036274,1692253772028,1692253772031,1693226036282,8,3,5
2535,1693226036282,1692253772036,1692253772039,1693226036290,8,3,5
2536,1693226036290,1692253772044,1692253772047,1693226036298,8,3,5
2537,1693226036298,1692253772051,1692253772055,1693226036306,8,4,4
2538,1693226036306,1692253772060,1692253772063,1693226036313,7,3,4
2539,1693226036313,1692253772067,1692253772070,1693226036321,8,3,5
2540,1693226036321,1692253772075,1692253772078,1693226036328,7,3,4
2541,1693226036328,1692253772082,1692253772085,1693226036336,8,3,5
2542,1693226036336,1692253772089,1692253772092,1693226036342,6,3,3
2543,1693226036343,1692253772096,1692253772100,1693226036351,8,4,4
2544,1693226036351,1692253772105,1692253772109,1693226036360,9,4,5
2545,1693226036360,1692253772113,1692253772117,1693226036367,7,4,3
2546,1693226036367,1692253772121,1692253772124,1693226036374,7,3,4
2547,1693226036374,1692253772128,1692253772131,1693226036381,7,3,4
2548,1693226036381,1692253772135,1692253772138,1693226036389,8,3,5
2549,1693226036389,1692253772144,1692253772147,1693226036398,9,3,6
2550,1693226036398,1692253772151,1692253772153,1693226036404,6,2,4
2551,1693226036404,1692253772158,1692253772161,1693226036412,8,3,5
2552,1693226036412,1692253772166,1692253772169,1693226036420,8,3,5
2553,1693226036420,1692253772174,1692253772178,1693226036428,8,4,4
2554,1693226036428,1692253772182,1692253772185,1693226036435,7,3,4
2555,1693226036435,1692253772189,1692253772192,1693226036443,8,3,5
2556,1693226036443,1692253772197,1692253772200,1693226036450,7,3,4
2557,1693226036450,1692253772203,1692253772206,1693226036457,7,3,4
2558,1693226036457,1692253772213,1692253772216,1693226036467,10,3,7
2559,1693226036467,1692253772221,1692253772224,1693226036475,8,3,5
2560,1693226036475,1692253772229,1692253772233,1693226036484,9,4,5
2561,1693226036484,1692253772238,1692253772241,1693226036492,8,3,5
2562,1693226036492,1692253772246,1692253772250,1693226036501,9,4,5
2563,1693226036501,1692253772255,1692253772258,1693226036509,8,3,5
2564,1693226036509,1692253772263,1692253772267,1693226036517,8,4,4
2565,1693226036517,1692253772271,1692253772275,1693226036525,8,4,4
2566,1693226036525,1692253772279,1692253772284,1693226036535,10,5,5
2567,1693226036535,1692253772289,1692253772292,1693226036543,8,3,5
2568,1693226036543,1692253772297,1692253772300,1693226036551,8,3,5
2569,1693226036551,1692253772305,1692253772308,1693226036558,7,3,4
2570,1693226036558,1692253772312,1692253772315,1693226036566,8,3,5
2571,1693226036566,1692253772320,1692253772323,1693226036574,8,3,5
2572,1693226036574,1692253772328,1692253772331,1693226036582,8,3,5
2573,1693226036582,1692253772336,1692253772343,1693226036594,12,7,5
2574,1693226036594,1692253772349,1692253772353,1693226036603,9,4,5
2575,1693226036603,1692253772357,1692253772360,1693226036611,8,3,5
2576,1693226036611,1692253772365,1692253772369,1693226036620,9,4,5
2577,1693226036620,1692253772374,1692253772377,1693226036628,8,3,5
2578,1693226036628,1692253772382,1692253772385,1693226036636,8,3,5
2579,1693226036636,1692253772390,1692253772393,1693226036644,8,3,5
2580,1693226036644,1692253772397,1692253772400,1693226036651,7,3,4
2581,1693226036651,1692253772404,1692253772408,1693226036658,7,4,3
2582,1693226036658,1692253772412,1692253772415,1693226036667,9,3,6
2583,1693226036667,1692253772421,1692253772424,1693226036675,8,3,5
2584,1693226036675,1692253772429,1692253772432,1693226036682,7,3,4
2585,1693226036682,1692253772435,1692253772439,1693226036689,7,4,3
2586,1693226036689,1692253772443,1692253772446,1693226036698,9,3,6
2587,1693226036698,1692253772451,1692253772454,1693226036705,7,3,4
2588,1693226036705,1692253772459,1692253772463,1693226036714,9,4,5
2589,1693226036714,1692253772468,1692253772471,1693226036721,7,3,4
2590,1693226036722,1692253772475,1692253772478,1693226036729,7,3,4
2591,1693226036729,1692253772483,1692253772486,1693226036737,8,3,5
2592,1693226036737,1692253772491,1692253772494,1693226036745,8,3,5
2593,1693226036745,1692253772498,1692253772502,1693226036752,7,4,3
2594,1693226036753,1692253772506,1692253772510,1693226036760,7,4,3
2595,1693226036760,1692253772514,1692253772517,1693226036769,9,3,6
2596,1693226036769,1692253772523,1692253772526,1693226036776,7,3,4
2597,1693226036776,1692253772531,1692253772534,1693226036784,8,3,5
2598,1693226036784,1692253772538,1692253772541,1693226036791,7,3,4
2599,1693226036791,1692253772545,1692253772548,1693226036798,7,3,4
2600,1693226036799,1692253772552,1692253772556,1693226036806,7,4,3
2601,1693226036806,1692253772560,1692253772563,1693226036813,7,3,4
2602,1693226036813,1692253772566,1692253772571,1693226036822,9,5,4
2603,1693226036822,1692253772575,1692253772578,1693226036829,7,3,4
2604,1693226036829,1692253772583,1692253772586,1693226036836,7,3,4
2605,1693226036836,1692253772590,1692253772593,1693226036843,7,3,4
2606,1693226036843,1692253772597,1692253772600,1693226036851,8,3,5
2607,1693226036851,1692253772604,1692253772608,1693226036858,7,4,3
2608,1693226036858,1692253772611,1692253772615,1693226036865,7,4,3
2609,1693226036865,1692253772618,1692253772623,1693226036873,8,5,3
2610,1693226036873,1692253772627,1692253772630,1693226036881,8,3,5
2611,1693226036881,1692253772635,1692253772638,1693226036893,12,3,9
2612,1693226036893,1692253772647,1692253772650,1693226036900,7,3,4
2613,1693226036900,1692253772654,1692253772658,1693226036909,9,4,5
2614,1693226036909,1692253772663,1692253772666,1693226036917,8,3,5
2615,1693226036917,1692253772670,1692253772674,1693226036925,8,4,4
2616,1693226036925,1692253772679,1692253772682,1693226036933,8,3,5
2617,1693226036933,1692253772687,1692253772692,1693226036944,11,5,6
2618,1693226036944,1692253772697,1692253772700,1693226036951,7,3,4
2619,1693226036951,1692253772705,1692253772708,1693226036959,8,3,5
2620,1693226036959,1692253772713,1692253772716,1693226036967,8,3,5
2621,1693226036967,1692253772721,1692253772723,1693226036974,7,2,5
2622,1693226036974,1692253772729,1692253772733,1693226036983,9,4,5
2623,1693226036983,1692253772737,1692253772740,1693226036991,8,3,5
2624,1693226036991,1692253772745,1692253772748,1693226036998,7,3,4
2625,1693226036998,1692253772754,1692253772757,1693226037008,10,3,7
2626,1693226037008,1692253772761,1692253772765,1693226037020,12,4,8
2627,1693226037020,1692253772773,1692253772776,1693226037027,7,3,4
2628,1693226037027,1692253772781,1692253772785,1693226037035,8,4,4
2629,1693226037035,1692253772789,1692253772792,1693226037043,8,3,5
2630,1693226037043,1692253772797,1692253772800,1693226037051,8,3,5
2631,1693226037051,1692253772805,1692253772808,1693226037058,7,3,4
2632,1693226037059,1692253772812,1692253772815,1693226037066,7,3,4
2633,1693226037066,1692253772819,1692253772822,1693226037073,7,3,4
2634,1693226037073,1692253772828,1692253772831,1693226037082,9,3,6
2635,1693226037082,1692253772836,1692253772839,1693226037090,8,3,5
2636,1693226037090,1692253772844,1692253772847,1693226037097,7,3,4
2637,1693226037097,1692253772850,1692253772854,1693226037104,7,4,3
2638,1693226037104,1692253772857,1692253772861,1693226037111,7,4,3
2639,1693226037111,1692253772864,1692253772868,1693226037118,7,4,3
2640,1693226037118,1692253772872,1692253772875,1693226037126,8,3,5
2641,1693226037126,1692253772879,1692253772883,1693226037133,7,4,3
2642,1693226037133,1692253772886,1692253772889,1693226037140,7,3,4
2643,1693226037140,1692253772893,1692253772897,1693226037147,7,4,3
2644,1693226037147,1692253772901,1692253772904,1693226037154,7,3,4
2645,1693226037154,1692253772908,1692253772911,1693226037162,8,3,5
2646,1693226037162,1692253772916,1692253772921,1693226037171,9,5,4
2647,1693226037171,1692253772925,1692253772929,1693226037179,8,4,4
2648,1693226037179,1692253772933,1692253772936,1693226037187,8,3,5
2649,1693226037187,1692253772940,1692253772943,1693226037193,6,3,3
2650,1693226037193,1692253772947,1692253772950,1693226037201,8,3,5
2651,1693226037201,1692253772955,1692253772959,1693226037209,8,4,4
2652,1693226037209,1692253772963,1692253772966,1693226037217,8,3,5
2653,1693226037217,1692253772971,1692253772974,1693226037224,7,3,4
2654,1693226037224,1692253772978,1692253772980,1693226037231,7,2,5
2655,1693226037231,1692253772984,1692253772988,1693226037239,8,4,4
2656,1693226037239,1692253772992,1692253772995,1693226037246,7,3,4
2657,1693226037246,1692253773000,1692253773003,1693226037254,8,3,5
2658,1693226037254,1692253773008,1692253773011,1693226037261,7,3,4
2659,1693226037261,1692253773015,1692253773018,1693226037269,8,3,5
2660,1693226037269,1692253773023,1692253773026,1693226037277,8,3,5
2661,1693226037277,1692253773033,1692253773036,1693226037286,9,3,6
2662,1693226037287,1692253773040,1692253773043,1693226037294,7,3,4
2663,1693226037294,1692253773049,1692253773052,1693226037302,8,3,5
2664,1693226037302,1692253773056,1692253773059,1693226037310,8,3,5
2665,1693226037310,1692253773064,1692253773067,1693226037317,7,3,4
2666,1693226037317,1692253773071,1692253773073,1693226037324,7,2,5
2667,1693226037324,1692253773078,1692253773080,1693226037331,7,2,5
2668,1693226037331,1692253773085,1692253773088,1693226037338,7,3,4
2669,1693226037338,1692253773092,1692253773095,1693226037346,8,3,5
2670,1693226037346,1692253773099,1692253773102,1693226037353,7,3,4
2671,1693226037353,1692253773106,1692253773110,1693226037361,8,4,4
2672,1693226037361,1692253773115,1692253773118,1693226037370,9,3,6
2673,1693226037370,1692253773124,1692253773128,1693226037379,9,4,5
2674,1693226037379,1692253773135,1692253773139,1693226037390,11,4,7
2675,1693226037390,1692253773143,1692253773147,1693226037398,8,4,4
2676,1693226037398,1692253773151,1692253773155,1693226037406,8,4,4
2677,1693226037406,1692253773160,1692253773163,1693226037420,14,3,11
2678,1693226037420,1692253773173,1692253773176,1693226037427,7,3,4
2679,1693226037427,1692253773181,1692253773185,1693226037436,9,4,5
2680,1693226037436,1692253773190,1692253773193,1693226037443,7,3,4
2681,1693226037444,1692253773198,1692253773200,1693226037451,7,2,5
2682,1693226037451,1692253773205,1692253773208,1693226037459,8,3,5
2683,1693226037459,1692253773213,1692253773217,1693226037468,9,4,5
2684,1693226037468,1692253773222,1692253773225,1693226037475,7,3,4
2685,1693226037475,1692253773229,1692253773233,1693226037486,11,4,7
2686,1693226037486,1692253773239,1692253773243,1693226037493,7,4,3
2687,1693226037494,1692253773247,1692253773251,1693226037505,11,4,7
2688,1693226037505,1692253773259,1692253773263,1693226037513,8,4,4
2689,1693226037513,1692253773267,1692253773270,1693226037525,12,3,9
2690,1693226037525,1692253773279,1692253773283,1693226037534,9,4,5
2691,1693226037534,1692253773288,1692253773291,1693226037541,7,3,4
2692,1693226037541,1692253773298,1692253773301,1693226037552,11,3,8
2693,1693226037552,1692253773306,1692253773309,1693226037560,8,3,5
2694,1693226037560,1692253773314,1692253773317,1693226037568,8,3,5
2695,1693226037568,1692253773321,1692253773325,1693226037576,8,4,4
2696,1693226037576,1692253773329,1692253773333,1693226037584,8,4,4
2697,1693226037584,1692253773340,1692253773343,1693226037593,9,3,6
2698,1693226037593,1692253773347,1692253773350,1693226037601,8,3,5
2699,1693226037601,1692253773355,1692253773358,1693226037609,8,3,5
2700,1693226037609,1692253773364,1692253773368,1693226037618,9,4,5
2701,1693226037618,1692253773372,1692253773375,1693226037626,8,3,5
2702,1693226037626,1692253773380,1692253773383,1693226037633,7,3,4
2703,1693226037633,1692253773388,1692253773391,1693226037642,9,3,6
2704,1693226037642,1692253773396,1692253773400,1693226037650,8,4,4
2705,1693226037650,1692253773404,1692253773407,1693226037657,7,3,4
2706,1693226037657,1692253773411,1692253773413,1693226037664,7,2,5
2707,1693226037664,1692253773418,1692253773422,1693226037673,9,4,5
2708,1693226037673,1692253773426,1692253773430,1693226037706,33,4,29
2709,1693226037706,1692253773460,1692253773463,1693226037717,11,3,8
2710,1693226037717,1692253773491,1692253773494,1693226037745,28,3,25
2711,1693226037745,1692253773498,1692253773502,1693226037753,8,4,4
2712,1693226037753,1692253773507,1692253773511,1693226037761,8,4,4
2713,1693226037761,1692253773514,1692253773517,1693226037768,7,3,4
2714,1693226037768,1692253773521,1692253773524,1693226037775,7,3,4
2715,1693226037775,1692253773528,1692253773532,1693226037782,7,4,3
2716,1693226037782,1692253773536,1692253773539,1693226037790,8,3,5
2717,1693226037790,1692253773545,1692253773548,1693226037798,8,3,5
2718,1693226037798,1692253773552,1692253773555,1693226037806,8,3,5
2719,1693226037806,1692253773560,1692253773563,1693226037813,7,3,4
2720,1693226037813,1692253773567,1692253773571,1693226037822,9,4,5
2721,1693226037822,1692253773578,1692253773581,1693226037832,10,3,7
2722,1693226037832,1692253773586,1692253773589,1693226037840,8,3,5
2723,1693226037840,1692253773593,1692253773596,1693226037847,7,3,4
2724,1693226037847,1692253773601,1692253773606,1693226037856,9,5,4
2725,1693226037856,1692253773610,1692253773613,1693226037864,8,3,5
2726,1693226037864,1692253773618,1692253773621,1693226037872,8,3,5
2727,1693226037872,1692253773626,1692253773629,1693226037879,7,3,4
2728,1693226037879,1692253773633,1692253773636,1693226037887,8,3,5
2729,1693226037887,1692253773641,1692253773644,1693226037900,13,3,10
2730,1693226037900,1692253773653,1692253773657,1693226037909,9,4,5
2731,1693226037909,1692253773663,1692253773667,1693226037917,8,4,4
2732,1693226037917,1692253773670,1692253773674,1693226037924,7,4,3
2733,1693226037924,1692253773678,1692253773681,1693226037931,7,3,4
2734,1693226037932,1692253773685,1692253773688,1693226037939,7,3,4
2735,1693226037939,1692253773693,1692253773696,1693226037947,8,3,5
2736,1693226037947,1692253773701,1692253773705,1693226037955,8,4,4
2737,1693226037955,1692253773709,1692253773712,1693226037962,7,3,4
2738,1693226037962,1692253773716,1692253773719,1693226037970,8,3,5
2739,1693226037970,1692253773724,1692253773727,1693226037978,8,3,5
2740,1693226037978,1692253773731,1692253773735,1693226037985,7,4,3
2741,1693226037985,1692253773739,1692253773742,1693226037993,8,3,5
2742,1693226037993,1692253773746,1692253773750,1693226038000,7,4,3
2743,1693226038000,1692253773754,1692253773757,1693226038007,7,3,4
2744,1693226038007,1692253773760,1692253773764,1693226038015,8,4,4
2745,1693226038015,1692253773768,1692253773772,1693226038022,7,4,3
2746,1693226038022,1692253773776,1692253773779,1693226038030,8,3,5
2747,1693226038030,1692253773784,1692253773787,1693226038037,7,3,4
2748,1693226038037,1692253773791,1692253773794,1693226038044,7,3,4
2749,1693226038044,1692253773798,1692253773801,1693226038052,8,3,5
2750,1693226038052,1692253773806,1692253773810,1693226038061,9,4,5
2751,1693226038061,1692253773815,1692253773818,1693226038069,8,3,5
2752,1693226038069,1692253773823,1692253773826,1693226038077,8,3,5
2753,1693226038077,1692253773831,1692253773835,1693226038085,8,4,4
2754,1693226038085,1692253773839,1692253773842,1693226038092,7,3,4
2755,1693226038092,1692253773845,1692253773848,1693226038100,8,3,5
2756,1693226038100,1692253773854,1692253773857,1693226038108,8,3,5
2757,1693226038108,1692253773865,1692253773871,1693226038121,13,6,7
2758,1693226038121,1692253773875,1692253773878,1693226038129,8,3,5
2759,1693226038129,1692253773883,1692253773886,1693226038137,8,3,5
2760,1693226038137,1692253773890,1692253773894,1693226038145,8,4,4
2761,1693226038145,1692253773899,1692253773902,1693226038153,8,3,5
2762,1693226038153,1692253773907,1692253773910,1693226038161,8,3,5
2763,1693226038161,1692253773915,1692253773918,1693226038169,8,3,5
2764,1693226038169,1692253773923,1692253773926,1693226038176,7,3,4
2765,1693226038176,1692253773930,1692253773934,1693226038185,9,4,5
2766,1693226038185,1692253773938,1692253773941,1693226038192,7,3,4
2767,1693226038192,1692253773946,1692253773949,1693226038200,8,3,5
2768,1693226038200,1692253773955,1692253773957,1693226038208,8,2,6
2769,1693226038208,1692253773961,1692253773964,1693226038216,8,3,5
2770,1693226038216,1692253773969,1692253773973,1693226038223,7,4,3
2771,1693226038223,1692253773977,1692253773980,1693226038230,7,3,4
2772,1693226038231,1692253773986,1692253773990,1693226038241,10,4,6
2773,1693226038241,1692253773994,1692253773997,1693226038248,7,3,4
2774,1693226038248,1692253774001,1692253774004,1693226038255,7,3,4
2775,1693226038255,1692253774009,1692253774012,1693226038263,8,3,5
2776,1693226038263,1692253774017,1692253774020,1693226038271,8,3,5
2777,1693226038271,1692253774025,1692253774028,1693226038279,8,3,5
2778,1693226038279,1692253774033,1692253774036,1693226038286,7,3,4
2779,1693226038286,1692253774040,1692253774043,1693226038293,7,3,4
2780,1693226038293,1692253774047,1692253774050,1693226038301,8,3,5
2781,1693226038301,1692253774057,1692253774060,1693226038311,10,3,7
2782,1693226038311,1692253774065,1692253774069,1693226038320,9,4,5
2783,1693226038320,1692253774074,1692253774077,1693226038327,7,3,4
2784,1693226038327,1692253774081,1692253774085,1693226038336,9,4,5
2785,1693226038336,1692253774090,1692253774093,1693226038344,8,3,5
2786,1693226038344,1692253774098,1692253774101,1693226038352,8,3,5
2787,1693226038352,1692253774106,1692253774109,1693226038360,8,3,5
2788,1693226038360,1692253774114,1692253774117,1693226038368,8,3,5
2789,1693226038368,1692253774121,1692253774124,1693226038375,7,3,4
2790,1693226038375,1692253774128,1692253774132,1693226038383,8,4,4
2791,1693226038383,1692253774136,1692253774139,1693226038390,7,3,4
2792,1693226038390,1692253774144,1692253774148,1693226038398,8,4,4
2793,1693226038398,1692253774152,1692253774155,1693226038407,9,3,6
2794,1693226038407,1692253774162,1692253774166,1693226038417,10,4,6
2795,1693226038417,1692253774170,1692253774173,1693226038424,7,3,4
2796,1693226038424,1692253774177,1692253774180,1693226038430,6,3,3
2797,1693226038431,1692253774184,1692253774187,1693226038438,7,3,4
2798,1693226038438,1692253774192,1692253774194,1693226038445,7,2,5
2799,1693226038445,1692253774198,1692253774201,1693226038452,7,3,4
2800,1693226038452,1692253774205,1692253774209,1693226038459,7,4,3
2801,1693226038460,1692253774214,1692253774217,1693226038467,7,3,4
2802,1693226038468,1692253774221,1692253774224,1693226038474,6,3,3
2803,1693226038475,1692253774228,1692253774232,1693226038482,7,4,3
2804,1693226038482,1692253774236,1692253774239,1693226038490,8,3,5
2805,1693226038490,1692253774243,1692253774247,1693226038498,8,4,4
2806,1693226038498,1692253774252,1692253774256,1693226038506,8,4,4
2807,1693226038506,1692253774262,1692253774265,1693226038516,10,3,7
2808,1693226038516,1692253774270,1692253774273,1693226038523,7,3,4
2809,1693226038523,1692253774277,1692253774279,1693226038530,7,2,5
2810,1693226038530,1692253774283,1692253774287,1693226038537,7,4,3
2811,1693226038537,1692253774291,1692253774296,1693226038546,9,5,4
2812,1693226038546,1692253774300,1692253774303,1693226038554,8,3,5
2813,1693226038554,1692253774308,1692253774311,1693226038562,8,3,5
2814,1693226038562,1692253774315,1692253774319,1693226038569,7,4,3
2815,1693226038569,1692253774323,1692253774326,1693226038577,8,3,5
2816,1693226038577,1692253774330,1692253774333,1693226038584,7,3,4
2817,1693226038584,1692253774338,1692253774341,1693226038591,7,3,4
2818,1693226038591,1692253774346,1692253774348,1693226038599,8,2,6
2819,1693226038599,1692253774353,1692253774356,1693226038607,8,3,5
2820,1693226038607,1692253774360,1692253774364,1693226038614,7,4,3
2821,1693226038614,1692253774367,1692253774370,1693226038621,7,3,4
2822,1693226038621,1692253774375,1692253774378,1693226038629,8,3,5
2823,1693226038629,1692253774383,1692253774386,1693226038637,8,3,5
2824,1693226038637,1692253774391,1692253774394,1693226038645,8,3,5
2825,1693226038645,1692253774399,1692253774403,1693226038653,8,4,4
2826,1693226038653,1692253774408,1692253774411,1693226038662,9,3,6
2827,1693226038662,1692253774419,1692253774423,1693226038675,13,4,9
2828,1693226038675,1692253774429,1692253774432,1693226038683,8,3,5
2829,1693226038683,1692253774437,1692253774440,1693226038690,7,3,4
2830,1693226038690,1692253774444,1692253774447,1693226038698,8,3,5
2831,1693226038698,1692253774452,1692253774457,1693226038707,9,5,4
2832,1693226038707,1692253774461,1692253774465,1693226038716,9,4,5
2833,1693226038716,1692253774470,1692253774472,1693226038724,8,2,6
2834,1693226038724,1692253774478,1692253774481,1693226038731,7,3,4
2835,1693226038731,1692253774485,1692253774488,1693226038739,8,3,5
2836,1693226038739,1692253774493,1692253774497,1693226038747,8,4,4
2837,1693226038747,1692253774501,1692253774504,1693226038756,9,3,6
2838,1693226038756,1692253774510,1692253774513,1693226038763,7,3,4
2839,1693226038764,1692253774518,1692253774521,1693226038772,8,3,5
2840,1693226038772,1692253774525,1692253774529,1693226038780,8,4,4
2841,1693226038780,1692253774534,1692253774537,1693226038788,8,3,5
2842,1693226038788,1692253774542,1692253774545,1693226038796,8,3,5
2843,1693226038796,1692253774550,1692253774553,1693226038804,8,3,5
2844,1693226038804,1692253774558,1692253774561,1693226038812,8,3,5
2845,1693226038812,1692253774565,1692253774569,1693226038819,7,4,3
2846,1693226038819,1692253774572,1692253774575,1693226038825,6,3,3
2847,1693226038825,1692253774579,1692253774582,1693226038832,7,3,4
2848,1693226038832,1692253774586,1692253774590,1693226038840,8,4,4
2849,1693226038840,1692253774593,1692253774596,1693226038847,7,3,4
2850,1693226038847,1692253774601,1692253774604,1693226038855,8,3,5
2851,1693226038855,1692253774608,1692253774611,1693226038862,7,3,4
2852,1693226038862,1692253774616,1692253774620,1693226038870,8,4,4
2853,1693226038870,1692253774626,1692253774631,1693226038881,11,5,6
2854,1693226038881,1692253774637,1692253774641,1693226038891,10,4,6
2855,1693226038891,1692253774645,1692253774648,1693226038899,8,3,5
2856,1693226038899,1692253774657,1692253774660,1693226038911,12,3,9
2857,1693226038911,1692253774665,1692253774668,1693226038920,9,3,6
2858,1693226038920,1692253774674,1692253774678,1693226038929,9,4,5
2859,1693226038929,1692253774683,1692253774685,1693226038936,7,2,5
2860,1693226038936,1692253774689,1692253774693,1693226038943,7,4,3
2861,1693226038944,1692253774697,1692253774700,1693226038951,7,3,4
2862,1693226038951,1692253774705,1692253774708,1693226038959,8,3,5
2863,1693226038959,1692253774712,1692253774716,1693226038966,7,4,3
2864,1693226038966,1692253774720,1692253774723,1693226038974,8,3,5
2865,1693226038974,1692253774731,1692253774735,1693226038986,12,4,8
2866,1693226038986,1692253774740,1692253774743,1693226038993,7,3,4
2867,1693226038993,1692253774747,1692253774751,1693226039002,9,4,5
2868,1693226039002,1692253774756,1692253774759,1693226039010,8,3,5
2869,1693226039010,1692253774764,1692253774767,1693226039017,7,3,4
2870,1693226039017,1692253774773,1692253774776,1693226039027,10,3,7
2871,1693226039027,1692253774780,1692253774783,1693226039034,7,3,4
2872,1693226039034,1692253774788,1692253774794,1693226039044,10,6,4
2873,1693226039044,1692253774798,1692253774801,1693226039051,7,3,4
2874,1693226039051,1692253774806,1692253774809,1693226039060,9,3,6
2875,1693226039060,1692253774814,1692253774817,1693226039067,7,3,4
2876,1693226039067,1692253774821,1692253774825,1693226039075,8,4,4
2877,1693226039075,1692253774829,1692253774832,1693226039083,8,3,5
2878,1693226039083,1692253774837,1692253774840,1693226039091,8,3,5
2879,1693226039091,1692253774845,1692253774848,1693226039099,8,3,5
2880,1693226039099,1692253774853,1692253774856,1693226039106,7,3,4
2881,1693226039106,1692253774859,1692253774862,1693226039113,7,3,4
2882,1693226039113,1692253774867,1692253774870,1693226039121,8,3,5
2883,1693226039121,1692253774876,1692253774880,1693226039131,10,4,6
2884,1693226039131,1692253774885,1692253774888,1693226039139,8,3,5
2885,1693226039139,1692253774893,1692253774896,1693226039147,8,3,5
2886,1693226039148,1692253774901,1692253774904,1693226039155,7,3,4
2887,1693226039155,1692253774910,1692253774912,1693226039163,8,2,6
2888,1693226039163,1692253774917,1692253774920,1693226039171,8,3,5
2889,1693226039171,1692253774925,1692253774928,1693226039179,8,3,5
2890,1693226039179,1692253774932,1692253774936,1693226039186,7,4,3
2891,1693226039187,1692253774940,1692253774943,1693226039194,7,3,4
2892,1693226039194,1692253774947,1692253774950,1693226039201,7,3,4
2893,1693226039201,1692253774955,1692253774958,1693226039208,7,3,4
2894,1693226039208,1692253774961,1692253774964,1693226039215,7,3,4
2895,1693226039215,1692253774968,1692253774972,1693226039222,7,4,3
2896,1693226039222,1692253774978,1692253774981,1693226039232,10,3,7
2897,1693226039232,1692253774986,1692253774990,1693226039242,10,4,6
2898,1693226039242,1692253774995,1692253774999,1693226039249,7,4,3
2899,1693226039249,1692253775003,1692253775006,1693226039257,8,3,5
2900,1693226039257,1692253775011,1692253775013,1693226039264,7,2,5
2901,1693226039264,1692253775018,1692253775021,1693226039271,7,3,4
2902,1693226039271,1692253775025,1692253775028,1693226039278,7,3,4
2903,1693226039278,1692253775032,1692253775037,1693226039287,9,5,4
2904,1693226039287,1692253775041,1692253775044,1693226039294,7,3,4
2905,1693226039294,1692253775048,1692253775052,1693226039303,9,4,5
2906,1693226039303,1692253775056,1692253775060,1693226039310,7,4,3
2907,1693226039310,1692253775064,1692253775066,1693226039317,7,2,5
2908,1693226039317,1692253775071,1692253775074,1693226039325,8,3,5
2909,1693226039325,1692253775080,1692253775085,1693226039335,10,5,5
2910,1693226039335,1692253775090,1692253775094,1693226039344,9,4,5
2911,1693226039344,1692253775098,1692253775102,1693226039352,8,4,4
2912,1693226039352,1692253775107,1692253775113,1693226039364,12,6,6
2913,1693226039364,1692253775118,1692253775121,1693226039372,8,3,5
2914,1693226039372,1692253775126,1692253775129,1693226039380,8,3,5
2915,1693226039380,1692253775134,1692253775136,1693226039387,7,2,5
2916,1693226039387,1692253775141,1692253775144,1693226039394,7,3,4
2917,1693226039394,1692253775148,1692253775151,1693226039401,7,3,4
2918,1693226039401,1692253775155,1692253775158,1693226039408,7,3,4
2919,1693226039408,1692253775161,1692253775164,1693226039415,7,3,4
2920,1693226039415,1692253775168,1692253775171,1693226039423,8,3,5
2921,1693226039423,1692253775177,1692253775180,1693226039431,8,3,5
2922,1693226039432,1692253775185,1692253775189,1693226039439,7,4,3
2923,1693226039439,1692253775193,1692253775196,1693226039446,7,3,4
2924,1693226039446,1692253775200,1692253775204,1693226039454,8,4,4
2925,1693226039454,1692253775208,1692253775211,1693226039462,8,3,5
2926,1693226039462,1692253775216,1692253775219,1693226039470,8,3,5
2927,1693226039470,1692253775224,1692253775227,1693226039477,7,3,4
2928,1693226039477,1692253775230,1692253775235,1693226039485,8,5,3
2929,1693226039485,1692253775239,1692253775242,1693226039493,8,3,5
2930,1693226039493,1692253775246,1692253775249,1693226039500,7,3,4
2931,1693226039500,1692253775254,1692253775256,1693226039507,7,2,5
2932,1693226039507,1692253775261,1692253775264,1693226039515,8,3,5
2933,1693226039515,1692253775268,1692253775271,1693226039522,7,3,4
2934,1693226039522,1692253775276,1692253775279,1693226039530,8,3,5
2935,1693226039530,1692253775286,1692253775289,1693226039540,10,3,7
2936,1693226039540,1692253775294,1692253775297,1693226039549,9,3,6
2937,1693226039549,1692253775303,1692253775306,1693226039556,7,3,4
2938,1693226039556,1692253775310,1692253775313,1693226039564,8,3,5
2939,1693226039564,1692253775320,1692253775325,1693226039576,12,5,7
2940,1693226039576,1692253775329,1692253775333,1693226039584,8,4,4
2941,1693226039584,1692253775338,1692253775341,1693226039591,7,3,4
2942,1693226039591,1692253775345,1692253775349,1693226039599,8,4,4
2943,1693226039599,1692253775353,1692253775356,1693226039606,7,3,4
2944,1693226039606,1692253775360,1692253775362,1693226039613,7,2,5
2945,1693226039613,1692253775368,1692253775372,1693226039622,9,4,5
2946,1693226039622,1692253775376,1692253775380,1693226039631,9,4,5
2947,1693226039631,1692253775387,1692253775391,1693226039642,11,4,7
2948,1693226039642,1692253775396,1692253775399,1693226039650,8,3,5
2949,1693226039650,1692253775403,1692253775407,1693226039657,7,4,3
2950,1693226039657,1692253775416,1692253775421,1693226039671,14,5,9
2951,1693226039671,1692253775425,1692253775429,1693226039679,8,4,4
2952,1693226039679,1692253775433,1692253775436,1693226039686,7,3,4
2953,1693226039686,1692253775440,1692253775444,1693226039695,9,4,5
2954,1693226039695,1692253775449,1692253775452,1693226039703,8,3,5
2955,1693226039703,1692253775456,1692253775460,1693226039711,8,4,4
2956,1693226039711,1692253775465,1692253775468,1693226039718,7,3,4
2957,1693226039718,1692253775472,1692253775476,1693226039726,8,4,4
2958,1693226039726,1692253775479,1692253775482,1693226039732,6,3,3
2959,1693226039732,1692253775486,1692253775489,1693226039739,7,3,4
2960,1693226039739,1692253775495,1692253775498,1693226039749,10,3,7
2961,1693226039749,1692253775503,1692253775506,1693226039757,8,3,5
2962,1693226039757,1692253775511,1692253775515,1693226039765,8,4,4
2963,1693226039765,1692253775519,1692253775522,1693226039772,7,3,4
2964,1693226039772,1692253775526,1692253775529,1693226039780,8,3,5
2965,1693226039780,1692253775534,1692253775537,1693226039788,8,3,5
2966,1693226039788,1692253775542,1692253775545,1693226039796,8,3,5
2967,1693226039796,1692253775550,1692253775553,1693226039804,8,3,5
2968,1693226039804,1692253775558,1692253775561,1693226039812,8,3,5
2969,1693226039812,1692253775566,1692253775569,1693226039819,7,3,4
2970,1693226039819,1692253775573,1692253775576,1693226039827,8,3,5
2971,1693226039827,1692253775580,1692253775585,1693226039836,9,5,4
2972,1693226039836,1692253775589,1692253775592,1693226039842,6,3,3
2973,1693226039842,1692253775596,1692253775599,1693226039850,8,3,5
2974,1693226039850,1692253775604,1692253775607,1693226039858,8,3,5
2975,1693226039858,1692253775611,1692253775616,1693226039867,9,5,4
2976,1693226039867,1692253775621,1692253775624,1693226039875,8,3,5
2977,1693226039875,1692253775628,1692253775632,1693226039882,7,4,3
2978,1693226039882,1692253775636,1692253775639,1693226039890,8,3,5
2979,1693226039890,1692253775643,1692253775646,1693226039897,7,3,4
2980,1693226039897,1692253775650,1692253775653,1693226039903,6,3,3
2981,1693226039903,1692253775657,1692253775660,1693226039912,9,3,6
2982,1693226039912,1692253775666,1692253775669,1693226039919,7,3,4
2983,1693226039919,1692253775673,1692253775677,1693226039927,8,4,4
2984,1693226039927,1692253775681,1692253775684,1693226039934,7,3,4
2985,1693226039934,1692253775688,1692253775691,1693226039943,9,3,6
2986,1693226039944,1692253775697,1692253775700,1693226039952,8,3,5
2987,1693226039952,1692253775705,1692253775708,1693226039959,7,3,4
2988,1693226039959,1692253775714,1692253775717,1693226039968,9,3,6
2989,1693226039968,1692253775721,1692253775724,1693226039974,6,3,3
2990,1693226039974,1692253775728,1692253775732,1693226039982,8,4,4
2991,1693226039982,1692253775737,1692253775740,1693226039991,9,3,6
2992,1693226039991,1692253775744,1692253775748,1693226039998,7,4,3
2993,1693226039998,1692253775752,1692253775756,1693226040006,8,4,4
2994,1693226040006,1692253775759,1692253775762,1693226040013,7,3,4
2995,1693226040013,1692253775767,1692253775770,1693226040020,7,3,4
2996,1693226040021,1692253775774,1692253775777,1693226040027,6,3,3
2997,1693226040027,1692253775781,1692253775784,1693226040034,7,3,4
2998,1693226040035,1692253775788,1692253775792,1693226040043,8,4,4
2999,1693226040043,1692253775798,1692253775801,1693226040052,9,3,6
3000,1693226040052,1692253775806,1692253775809,1693226040060,8,3,5
3001,1693226040060,1692253775814,1692253775816,1693226040067,7,2,5
3002,1693226040067,1692253775822,1692253775825,1693226040076,9,3,6
3003,1693226040076,1692253775830,1692253775833,1693226040084,8,3,5
3004,1693226040084,1692253775838,1692253775842,1693226040092,8,4,4
3005,1693226040092,1692253775846,1692253775850,1693226040101,9,4,5
3006,1693226040101,1692253775854,1692253775858,1693226040108,7,4,3
3007,1693226040108,1692253775867,1692253775870,1693226040121,13,3,10
3008,1693226040121,1692253775875,1692253775878,1693226040129,8,3,5
3009,1693226040129,1692253775882,1692253775885,1693226040136,7,3,4
3010,1693226040136,1692253775890,1692253775893,1693226040144,8,3,5
3011,1693226040144,1692253775900,1692253775905,1693226040156,12,5,7
3012,1693226040156,1692253775910,1692253775913,1693226040164,8,3,5
3013,1693226040164,1692253775918,1692253775921,1693226040171,7,3,4
3014,1693226040171,1692253775925,1692253775929,1693226040180,9,4,5
3015,1693226040180,1692253775934,1692253775937,1693226040187,7,3,4
3016,1693226040187,1692253775941,1692253775945,1693226040196,9,4,5
3017,1693226040196,1692253775950,1692253775953,1693226040204,8,3,5
3018,1693226040204,1692253775958,1692253775961,1693226040212,8,3,5
3019,1693226040212,1692253775966,1692253775968,1693226040219,7,2,5
3020,1693226040219,1692253775972,1692253775976,1693226040226,7,4,3
3021,1693226040226,1692253775980,1692253775984,1693226040234,8,4,4
3022,1693226040234,1692253775988,1692253775991,1693226040242,8,3,5
3023,1693226040242,1692253775996,1692253775999,1693226040252,10,3,7
3024,1693226040252,1692253776006,1692253776009,1693226040259,7,3,4
3025,1693226040259,1692253776014,1692253776017,1693226040268,9,3,6
3026,1693226040268,1692253776022,1692253776025,1693226040276,8,3,5
3027,1693226040276,1692253776030,1692253776033,1693226040284,8,3,5
3028,1693226040284,1692253776038,1692253776042,1693226040292,8,4,4
3029,1693226040292,1692253776046,1692253776049,1693226040299,7,3,4
3030,1693226040299,1692253776053,1692253776057,1693226040307,8,4,4
3031,1693226040307,1692253776060,1692253776064,1693226040314,7,4,3
3032,1693226040314,1692253776069,1692253776073,1693226040323,9,4,5
3033,1693226040323,1692253776077,1692253776081,1693226040331,8,4,4
3034,1693226040331,1692253776085,1692253776088,1693226040339,8,3,5
3035,1693226040339,1692253776093,1692253776095,1693226040346,7,2,5
3036,1693226040346,1692253776099,1692253776102,1693226040353,7,3,4
3037,1693226040353,1692253776110,1692253776113,1693226040364,11,3,8
3038,1693226040364,1692253776120,1692253776124,1693226040374,10,4,6
3039,1693226040374,1692253776127,1692253776131,1693226040381,7,4,3
3040,1693226040381,1692253776135,1692253776137,1693226040388,7,2,5
3041,1693226040388,1692253776141,1692253776145,1693226040396,8,4,4
3042,1693226040396,1692253776149,1692253776153,1693226040404,8,4,4
3043,1693226040404,1692253776158,1692253776161,1693226040411,7,3,4
3044,1693226040411,1692253776165,1692253776168,1693226040419,8,3,5
3045,1693226040419,1692253776173,1692253776177,1693226040427,8,4,4
3046,1693226040427,1692253776181,1692253776184,1693226040435,8,3,5
3047,1693226040435,1692253776189,1692253776192,1693226040442,7,3,4
3048,1693226040442,1692253776196,1692253776201,1693226040451,9,5,4
3049,1693226040451,1692253776207,1692253776210,1693226040461,10,3,7
3050,1693226040461,1692253776215,1692253776219,1693226040469,8,4,4
3051,1693226040469,1692253776223,1692253776226,1693226040477,8,3,5
3052,1693226040477,1692253776231,1692253776234,1693226040484,7,3,4
3053,1693226040485,1692253776238,1692253776241,1693226040492,7,3,4
3054,1693226040492,1692253776245,1692253776249,1693226040499,7,4,3
3055,1693226040499,1692253776252,1692253776256,1693226040506,7,4,3
3056,1693226040506,1692253776260,1692253776263,1693226040514,8,3,5
3057,1693226040514,1692253776268,1692253776271,1693226040521,7,3,4
3058,1693226040521,1692253776276,1692253776279,1693226040530,9,3,6
3059,1693226040530,1692253776283,1692253776287,1693226040537,7,4,3
3060,1693226040537,1692253776292,1692253776296,1693226040546,9,4,5
3061,1693226040546,1692253776300,1692253776303,1693226040554,8,3,5
3062,1693226040554,1692253776309,1692253776313,1693226040564,10,4,6
3063,1693226040564,1692253776318,1692253776321,1693226040572,8,3,5
3064,1693226040572,1692253776329,1692253776332,1693226040584,12,3,9
3065,1693226040584,1692253776338,1692253776341,1693226040592,8,3,5
3066,1693226040592,1692253776346,1692253776349,1693226040601,9,3,6
3067,1693226040601,1692253776355,1692253776358,1693226040609,8,3,5
3068,1693226040609,1692253776364,1692253776368,1693226040619,10,4,6
3069,1693226040619,1692253776373,1692253776376,1693226040626,7,3,4
3070,1693226040626,1692253776380,1692253776384,1693226040635,9,4,5
3071,1693226040635,1692253776389,1692253776392,1693226040643,8,3,5
3072,1693226040643,1692253776397,1692253776400,1693226040651,8,3,5
3073,1693226040651,1692253776405,1692253776408,1693226040660,9,3,6
3074,1693226040660,1692253776414,1692253776417,1693226040668,8,3,5
3075,1693226040668,1692253776422,1692253776425,1693226040675,7,3,4
3076,1693226040675,1692253776428,1692253776432,1693226040682,7,4,3
3077,1693226040682,1692253776437,1692253776440,1693226040691,9,3,6
3078,1693226040691,1692253776444,1692253776448,1693226040698,7,4,3
3079,1693226040698,1692253776452,1692253776455,1693226040706,8,3,5
3080,1693226040706,1692253776459,1692253776463,1693226040714,8,4,4
3081,1693226040714,1692253776468,1692253776471,1693226040722,8,3,5
3082,1693226040722,1692253776475,1692253776479,1693226040729,7,4,3
3083,1693226040729,1692253776484,1692253776487,1693226040738,9,3,6
3084,1693226040738,1692253776491,1692253776495,1693226040745,7,4,3
3085,1693226040745,1692253776498,1692253776503,1693226040754,9,5,4
3086,1693226040754,1692253776508,1692253776512,1693226040764,10,4,6
3087,1693226040764,1692253776517,1692253776521,1693226040772,8,4,4
3088,1693226040772,1692253776526,1692253776529,1693226040780,8,3,5
3089,1693226040780,1692253776533,1692253776536,1693226040786,6,3,3
3090,1693226040786,1692253776540,1692253776543,1693226040794,8,3,5
3091,1693226040794,1692253776548,1692253776551,1693226040801,7,3,4
3092,1693226040801,1692253776555,1692253776559,1693226040810,9,4,5
3093,1693226040810,1692253776563,1692253776567,1693226040818,8,4,4
3094,1693226040819,1692253776572,1692253776576,1693226040826,7,4,3
3095,1693226040827,1692253776580,1692253776583,1693226040834,7,3,4
3096,1693226040834,1692253776589,1692253776594,1693226040845,11,5,6
3097,1693226040845,1692253776598,1692253776603,1693226040854,9,5,4
3098,1693226040854,1692253776608,1692253776611,1693226040862,8,3,5
3099,1693226040862,1692253776617,1692253776620,1693226040871,9,3,6
3100,1693226040871,1692253776625,1692253776628,1693226040881,10,3,7
3101,1693226040881,1692253776634,1692253776638,1693226040889,8,4,4
3102,1693226040889,1692253776643,1692253776646,1693226040897,8,3,5
3103,1693226040897,1692253776651,1692253776654,1693226040905,8,3,5
3104,1693226040905,1692253776659,1692253776662,1693226040913,8,3,5
3105,1693226040913,1692253776670,1692253776674,1693226040924,11,4,7
3106,1693226040924,1692253776680,1692253776683,1693226040934,10,3,7
3107,1693226040934,1692253776688,1692253776691,1693226040942,8,3,5
3108,1693226040942,1692253776696,1692253776699,1693226040950,8,3,5
3109,1693226040950,1692253776704,1692253776708,1693226040958,8,4,4
3110,1693226040958,1692253776712,1692253776716,1693226040968,10,4,6
3111,1693226040968,1692253776722,1692253776725,1693226040976,8,3,5
3112,1693226040976,1692253776730,1692253776733,1693226040984,8,3,5
3113,1693226040984,1692253776737,1692253776741,1693226040992,8,4,4
3114,1693226040992,1692253776746,1692253776749,1693226041000,8,3,5
3115,1693226041000,1692253776753,1692253776756,1693226041007,7,3,4
3116,1693226041007,1692253776761,1692253776764,1693226041015,8,3,5
3117,1693226041015,1692253776769,1692253776771,1693226041022,7,2,5
3118,1693226041022,1692253776776,1692253776779,1693226041030,8,3,5
3119,1693226041030,1692253776783,1692253776786,1693226041037,7,3,4
3120,1693226041037,1692253776791,1692253776794,1693226041044,7,3,4
3121,1693226041044,1692253776798,1692253776802,1693226041053,9,4,5
3122,1693226041053,1692253776807,1692253776810,1693226041061,8,3,5
3123,1693226041061,1692253776815,1692253776818,1693226041070,9,3,6
3124,1693226041070,1692253776823,1692253776827,1693226041077,7,4,3
3125,1693226041077,1692253776831,1692253776834,1693226041085,8,3,5
3126,1693226041085,1692253776839,1692253776842,1693226041093,8,3,5
3127,1693226041093,1692253776847,1692253776850,1693226041101,8,3,5
3128,1693226041101,1692253776855,1692253776858,1693226041109,8,3,5
3129,1693226041109,1692253776862,1692253776865,1693226041116,7,3,4
3130,1693226041116,1692253776869,1692253776872,1693226041123,7,3,4
3131,1693226041123,1692253776877,1692253776882,1693226041132,9,5,4
3132,1693226041132,1692253776886,1692253776889,1693226041139,7,3,4
3133,1693226041139,1692253776894,1692253776897,1693226041148,9,3,6
3134,1693226041148,1692253776902,1692253776905,1693226041155,7,3,4
3135,1693226041155,1692253776909,1692253776912,1693226041163,8,3,5
3136,1693226041163,1692253776916,1692253776920,1693226041172,9,4,5
3137,1693226041172,1692253776926,1692253776929,1693226041180,8,3,5
3138,1693226041180,1692253776934,1692253776937,1693226041187,7,3,4
3139,1693226041187,1692253776941,1692253776945,1693226041195,8,4,4
3140,1693226041195,1692253776949,1692253776952,1693226041203,8,3,5
3141,1693226041203,1692253776959,1692253776962,1693226041213,10,3,7
3142,1693226041213,1692253776967,1692253776970,1693226041221,8,3,5
3143,1693226041221,1692253776975,1692253776978,1693226041229,8,3,5
3144,1693226041229,1692253776983,1692253776986,1693226041236,7,3,4
3145,1693226041236,1692253776990,1692253776992,1693226041242,6,2,4
3146,1693226041242,1692253776996,1692253776999,1693226041249,7,3,4
3147,1693226041249,1692253777004,1692253777006,1693226041257,8,2,6
3148,1693226041257,1692253777011,1692253777014,1693226041265,8,3,5
3149,1693226041265,1692253777018,1692253777021,1693226041272,7,3,4
3150,1693226041272,1692253777027,1692253777031,1693226041282,10,4,6
3151,1693226041282,1692253777036,1692253777039,1693226041289,7,3,4
3152,1693226041289,1692253777043,1692253777046,1693226041297,8,3,5
3153,1693226041297,1692253777050,1692253777054,1693226041304,7,4,3
3154,1693226041304,1692253777058,1692253777062,1693226041312,8,4,4
3155,1693226041312,1692253777065,1692253777069,1693226041320,8,4,4
3156,1693226041320,1692253777074,1692253777077,1693226041327,7,3,4
3157,1693226041327,1692253777081,1692253777083,1693226041334,7,2,5
3158,1693226041334,1692253777089,1692253777094,1693226041345,11,5,6
3159,1693226041345,1692253777098,1692253777102,1693226041352,7,4,3
3160,1693226041352,1692253777106,1692253777109,1693226041360,8,3,5
3161,1693226041360,1692253777114,1692253777117,1693226041368,8,3,5
3162,1693226041368,1692253777122,1692253777125,1693226041377,9,3,6
3163,1693226041377,1692253777131,1692253777135,1693226041386,9,4,5
3164,1693226041386,1692253777143,1692253777147,1693226041397,11,4,7
3165,1693226041397,1692253777151,1692253777154,1693226041404,7,3,4
3166,1693226041404,1692253777158,1692253777162,1693226041413,9,4,5
3167,1693226041413,1692253777170,1692253777173,1693226041424,11,3,8
3168,1693226041424,1692253777178,1692253777181,1693226041432,8,3,5
3169,1693226041432,1692253777185,1692253777188,1693226041439,7,3,4
3170,1693226041439,1692253777192,1692253777195,1693226041445,6,3,3
3171,1693226041446,1692253777199,1692253777203,1693226041454,8,4,4
3172,1693226041454,1692253777208,1692253777211,1693226041461,7,3,4
3173,1693226041461,1692253777215,1692253777218,1693226041469,8,3,5
3174,1693226041469,1692253777223,1692253777226,1693226041479,10,3,7
3175,1693226041479,1692253777233,1692253777236,1693226041486,7,3,4
3176,1693226041486,1692253777240,1692253777243,1693226041494,8,3,5
3177,1693226041494,1692253777247,1692253777251,1693226041501,7,4,3
3178,1693226041501,1692253777255,1692253777259,1693226041510,9,4,5
3179,1693226041510,1692253777264,1692253777267,1693226041517,7,3,4
3180,1693226041517,1692253777271,1692253777274,1693226041525,8,3,5
3181,1693226041525,1692253777278,1692253777282,1693226041532,7,4,3
3182,1693226041532,1692253777286,1692253777289,1693226041539,7,3,4
3183,1693226041539,1692253777294,1692253777297,1693226041548,9,3,6
3184,1693226041548,1692253777301,1692253777304,1693226041555,7,3,4
3185,1693226041555,1692253777309,1692253777312,1693226041563,8,3,5
3186,1693226041563,1692253777316,1692253777319,1693226041570,7,3,4
3187,1693226041570,1692253777324,1692253777327,1693226041577,7,3,4
3188,1693226041577,1692253777331,1692253777334,1693226041584,7,3,4
3189,1693226041584,1692253777338,1692253777342,1693226041592,8,4,4
3190,1693226041592,1692253777346,1692253777349,1693226041600,8,3,5
3191,1693226041600,1692253777353,1692253777357,1693226041607,7,4,3
3192,1693226041607,1692253777361,1692253777364,1693226041615,8,3,5
3193,1693226041615,1692253777369,1692253777373,1693226041624,9,4,5
3194,1693226041624,1692253777378,1692253777381,1693226041632,8,3,5
3195,1693226041632,1692253777386,1692253777391,1693226041641,9,5,4
3196,1693226041641,1692253777397,1692253777401,1693226041652,11,4,7
3197,1693226041652,1692253777406,1692253777409,1693226041660,8,3,5
3198,1693226041660,1692253777413,1692253777417,1693226041667,7,4,3
3199,1693226041667,1692253777421,1692253777425,1693226041676,9,4,5
3200,1693226041676,1692253777430,1692253777433,1693226041684,8,3,5
3201,1693226041684,1692253777438,1692253777441,1693226041692,8,3,5
3202,1693226041692,1692253777445,1692253777449,1693226041699,7,4,3
3203,1693226041700,1692253777453,1692253777457,1693226041707,7,4,3
3204,1693226041707,1692253777462,1692253777465,1693226041716,9,3,6
3205,1693226041716,1692253777469,1692253777472,1693226041722,6,3,3
3206,1693226041722,1692253777476,1692253777479,1693226041730,8,3,5
3207,1693226041730,1692253777483,1692253777486,1693226041737,7,3,4
3208,1693226041737,1692253777491,1692253777495,1693226041746,9,4,5
3209,1693226041746,1692253777499,1692253777502,1693226041753,7,3,4
3210,1693226041753,1692253777507,1692253777510,1693226041761,8,3,5
3211,1693226041761,1692253777515,1692253777519,1693226041770,9,4,5
3212,1693226041770,1692253777524,1692253777527,1693226041778,8,3,5
3213,1693226041778,1692253777532,1692253777535,1693226041787,9,3,6
3214,1693226041787,1692253777540,1692253777544,1693226041794,7,4,3
3215,1693226041794,1692253777548,1692253777551,1693226041802,8,3,5
3216,1693226041802,1692253777556,1692253777559,1693226041809,7,3,4
3217,1693226041809,1692253777563,1692253777566,1693226041817,8,3,5
3218,1693226041817,1692253777571,1692253777575,1693226041825,8,4,4
3219,1693226041825,1692253777579,1692253777582,1693226041833,8,3,5
3220,1693226041833,1692253777587,1692253777591,1693226041842,9,4,5
3221,1693226041842,1692253777596,1692253777599,1693226041850,8,3,5
3222,1693226041850,1692253777604,1692253777607,1693226041858,8,3,5
3223,1693226041858,1692253777612,1692253777616,1693226041866,8,4,4
3224,1693226041866,1692253777620,1692253777624,1693226041875,9,4,5
3225,1693226041875,1692253777628,1692253777631,1693226041882,7,3,4
3226,1693226041882,1692253777636,1692253777639,1693226041890,8,3,5
3227,1693226041890,1692253777643,1692253777647,1693226041898,8,4,4
3228,1693226041898,1692253777651,1692253777656,1693226041906,8,5,3
3229,1693226041906,1692253777660,1692253777663,1693226041914,8,3,5
3230,1693226041914,1692253777668,1692253777671,1693226041924,10,3,7
3231,1693226041924,1692253777678,1692253777681,1693226041932,8,3,5
3232,1693226041932,1692253777685,1692253777691,1693226041941,9,6,3
3233,1693226041941,1692253777696,1692253777699,1693226041950,9,3,6
3234,1693226041950,1692253777704,1692253777707,1693226041958,8,3,5
3235,1693226041958,1692253777712,1692253777715,1693226041965,7,3,4
3236,1693226041965,1692253777719,1692253777722,1693226041972,7,3,4
3237,1693226041972,1692253777726,1692253777729,1693226041980,8,3,5
3238,1693226041980,1692253777733,1692253777736,1693226041987,7,3,4
3239,1693226041987,1692253777743,1692253777746,1693226041996,9,3,6
3240,1693226041997,1692253777750,1692253777754,1693226042004,7,4,3
3241,1693226042004,1692253777758,1692253777762,1693226042012,8,4,4
3242,1693226042012,1692253777766,1692253777769,1693226042019,7,3,4
3243,1693226042019,1692253777774,1692253777777,1693226042028,9,3,6
3244,1693226042028,1692253777782,1692253777785,1693226042036,8,3,5
3245,1693226042036,1692253777790,1692253777793,1693226042044,8,3,5
3246,1693226042044,1692253777798,1692253777801,1693226042051,7,3,4
3247,1693226042051,1692253777805,1692253777808,1693226042059,8,3,5
3248,1693226042059,1692253777812,1692253777816,1693226042066,7,4,3
3249,1693226042067,1692253777820,1692253777824,1693226042074,7,4,3
3250,1693226042074,1692253777828,1692253777831,1693226042081,7,3,4
3251,1693226042081,1692253777835,1692253777839,1693226042089,8,4,4
3252,1693226042089,1692253777842,1692253777845,1693226042096,7,3,4
3253,1693226042096,1692253777850,1692253777854,1693226042105,9,4,5
3254,1693226042105,1692253777859,1692253777861,1693226042112,7,2,5
3255,1693226042112,1692253777866,1692253777868,1693226042119,7,2,5
3256,1693226042119,1692253777873,1692253777877,1693226042127,8,4,4
3257,1693226042127,1692253777881,1692253777884,1693226042135,8,3,5
3258,1693226042135,1692253777888,1692253777892,1693226042142,7,4,3
3259,1693226042143,1692253777897,1692253777900,1693226042151,8,3,5
3260,1693226042151,1692253777905,1692253777908,1693226042159,8,3,5
3261,1693226042159,1692253777912,1692253777915,1693226042166,7,3,4
3262,1693226042166,1692253777919,1692253777922,1693226042173,7,3,4
3263,1693226042173,1692253777927,1692253777930,1693226042180,7,3,4
3264,1693226042181,1692253777934,1692253777937,1693226042187,6,3,3
3265,1693226042187,1692253777941,1692253777944,1693226042196,9,3,6
3266,1693226042196,1692253777950,1692253777954,1693226042205,9,4,5
3267,1693226042205,1692253777959,1692253777962,1693226042213,8,3,5
3268,1693226042213,1692253777966,1692253777969,1693226042220,7,3,4
3269,1693226042220,1692253777973,1692253777977,1693226042228,8,4,4
3270,1693226042228,1692253777982,1692253777985,1693226042236,8,3,5
3271,1693226042236,1692253777990,1692253777993,1693226042244,8,3,5
3272,1693226042244,1692253777998,1692253778002,1693226042252,8,4,4
3273,1693226042252,1692253778006,1692253778009,1693226042260,8,3,5
3274,1693226042260,1692253778014,1692253778017,1693226042268,8,3,5
3275,1693226042268,1692253778022,1692253778025,1693226042276,8,3,5
3276,1693226042276,1692253778030,1692253778033,1693226042284,8,3,5
3277,1693226042284,1692253778038,1692253778040,1693226042291,7,2,5
3278,1693226042291,1692253778046,1692253778050,1693226042300,9,4,5
3279,1693226042300,1692253778054,1692253778057,1693226042307,7,3,4
3280,1693226042307,1692253778061,1692253778064,1693226042315,8,3,5
3281,1693226042315,1692253778068,1692253778071,1693226042322,7,3,4
3282,1693226042322,1692253778076,1692253778079,1693226042330,8,3,5
3283,1693226042330,1692253778084,1692253778087,1693226042338,8,3,5
3284,1693226042338,1692253778091,1692253778095,1693226042346,8,4,4
3285,1693226042346,1692253778100,1692253778105,1693226042355,9,5,4
3286,1693226042355,1692253778109,1692253778113,1693226042364,9,4,5
3287,1693226042364,1692253778118,1692253778121,1693226042371,7,3,4
3288,1693226042371,1692253778125,1692253778127,1693226042378,7,2,5
3289,1693226042378,1692253778132,1692253778135,1693226042385,7,3,4
3290,1693226042385,1692253778139,1692253778142,1693226042392,7,3,4
3291,1693226042392,1692253778145,1692253778149,1693226042401,9,4,5
3292,1693226042401,1692253778155,1692253778158,1693226042409,8,3,5
3293,1693226042409,1692253778163,1692253778166,1693226042416,7,3,4
3294,1693226042416,1692253778170,1692253778173,1693226042424,8,3,5
3295,1693226042424,1692253778177,1692253778180,1693226042430,6,3,3
3296,1693226042430,1692253778184,1692253778187,1693226042437,7,3,4
3297,1693226042437,1692253778190,1692253778193,1693226042444,7,3,4
3298,1693226042444,1692253778197,1692253778200,1693226042451,7,3,4
3299,1693226042451,1692253778205,1692253778208,1693226042459,8,3,5
3300,1693226042459,1692253778212,1692253778216,1693226042467,8,4,4
3301,1693226042467,1692253778221,1692253778225,1693226042475,8,4,4
3302,1693226042475,1692253778229,1692253778232,1693226042482,7,3,4
3303,1693226042482,1692253778236,1692253778239,1693226042490,8,3,5
3304,1693226042490,1692253778243,1692253778246,1693226042496,6,3,3
3305,1693226042496,1692253778249,1692253778254,1693226042504,8,5,3
3306,1693226042504,1692253778258,1692253778261,1693226042511,7,3,4
3307,1693226042512,1692253778266,1692253778270,1693226042524,12,4,8
3308,1693226042524,1692253778278,1692253778281,1693226042532,8,3,5
3309,1693226042532,1692253778285,1692253778288,1693226042539,7,3,4
3310,1693226042539,1692253778292,1692253778295,1693226042545,6,3,3
3311,1693226042545,1692253778299,1692253778302,1693226042553,8,3,5
3312,1693226042553,1692253778306,1692253778309,1693226042560,7,3,4
3313,1693226042560,1692253778314,1692253778317,1693226042568,8,3,5
3314,1693226042568,1692253778322,1692253778325,1693226042575,7,3,4
3315,1693226042575,1692253778329,1692253778332,1693226042583,8,3,5
3316,1693226042583,1692253778337,1692253778340,1693226042590,7,3,4
3317,1693226042590,1692253778344,1692253778347,1693226042598,8,3,5
3318,1693226042598,1692253778352,1692253778356,1693226042606,8,4,4
3319,1693226042606,1692253778360,1692253778364,1693226042614,8,4,4
3320,1693226042615,1692253778368,1692253778371,1693226042621,6,3,3
3321,1693226042622,1692253778375,1692253778379,1693226042630,8,4,4
3322,1693226042630,1692253778383,1692253778387,1693226042638,8,4,4
3323,1693226042638,1692253778392,1692253778395,1693226042646,8,3,5
3324,1693226042646,1692253778399,1692253778402,1693226042653,7,3,4
3325,1693226042653,1692253778410,1692253778413,1693226042664,11,3,8
3326,1693226042664,1692253778417,1692253778421,1693226042672,8,4,4
3327,1693226042672,1692253778425,1692253778429,1693226042680,8,4,4
3328,1693226042680,1692253778434,1692253778437,1693226042687,7,3,4
3329,1693226042687,1692253778441,1692253778444,1693226042695,8,3,5
3330,1693226042695,1692253778449,1692253778452,1693226042702,7,3,4
3331,1693226042702,1692253778455,1692253778459,1693226042709,7,4,3
3332,1693226042709,1692253778463,1692253778467,1693226042718,9,4,5
3333,1693226042718,1692253778475,1692253778478,1693226042729,11,3,8
3334,1693226042729,1692253778484,1692253778488,1693226042738,9,4,5
3335,1693226042738,1692253778492,1692253778495,1693226042746,8,3,5
3336,1693226042746,1692253778500,1692253778504,1693226042754,8,4,4
3337,1693226042754,1692253778508,1692253778511,1693226042762,8,3,5
3338,1693226042762,1692253778516,1692253778519,1693226042770,8,3,5
3339,1693226042770,1692253778523,1692253778526,1693226042777,7,3,4
3340,1693226042777,1692253778531,1692253778535,1693226042786,9,4,5
3341,1693226042786,1692253778539,1692253778542,1693226042792,6,3,3
3342,1693226042792,1692253778546,1692253778551,1693226042801,9,5,4
3343,1693226042801,1692253778556,1692253778560,1693226042811,10,4,6
3344,1693226042811,1692253778565,1692253778569,1693226042819,8,4,4
3345,1693226042819,1692253778573,1692253778577,1693226042829,10,4,6
3346,1693226042829,1692253778582,1692253778586,1693226042837,8,4,4
3347,1693226042837,1692253778590,1692253778594,1693226042845,8,4,4
3348,1693226042845,1692253778598,1692253778601,1693226042852,7,3,4
3349,1693226042852,1692253778606,1692253778608,1693226042859,7,2,5
3350,1693226042859,1692253778613,1692253778616,1693226042867,8,3,5
3351,1693226042867,1692253778620,1692253778624,1693226042874,7,4,3
3352,1693226042874,1692253778628,1692253778631,1693226042882,8,3,5
3353,1693226042882,1692253778636,1692253778639,1693226042889,7,3,4
3354,1693226042890,1692253778643,1692253778646,1693226042897,7,3,4
3355,1693226042897,1692253778651,1692253778654,1693226042905,8,3,5
3356,1693226042905,1692253778659,1692253778662,1693226042913,8,3,5
3357,1693226042913,1692253778666,1692253778670,1693226042921,8,4,4
3358,1693226042921,1692253778674,1692253778678,1693226042930,9,4,5
3359,1693226042930,1692253778683,1692253778687,1693226042937,7,4,3
3360,1693226042937,1692253778691,1692253778695,1693226042946,9,4,5
3361,1693226042946,1692253778699,1692253778702,1693226042952,6,3,3
3362,1693226042952,1692253778707,1692253778711,1693226042961,9,4,5
3363,1693226042961,1692253778715,1692253778719,1693226042969,8,4,4
3364,1693226042969,1692253778724,1692253778728,1693226042978,9,4,5
3365,1693226042978,1692253778732,1692253778735,1693226042986,8,3,5
3366,1693226042986,1692253778740,1692253778744,1693226042995,9,4,5
3367,1693226042995,1692253778749,1692253778753,1693226043003,8,4,4
3368,1693226043003,1692253778757,1692253778761,1693226043011,8,4,4
3369,1693226043012,1692253778767,1692253778771,1693226043021,9,4,5
3370,1693226043022,1692253778775,1692253778779,1693226043030,8,4,4
3371,1693226043030,1692253778784,1692253778787,1693226043037,7,3,4
3372,1693226043037,1692253778791,1692253778795,1693226043045,8,4,4
3373,1693226043045,1692253778799,1692253778801,1693226043052,7,2,5
3374,1693226043052,1692253778806,1692253778809,1693226043060,8,3,5
3375,1693226043060,1692253778814,1692253778818,1693226043069,9,4,5
3376,1693226043069,1692253778823,1692253778827,1693226043078,9,4,5
3377,1693226043078,1692253778833,1692253778836,1693226043087,9,3,6
3378,1693226043087,1692253778841,1692253778845,1693226043096,9,4,5
3379,1693226043096,1692253778850,1692253778855,1693226043105,9,5,4
3380,1693226043105,1692253778860,1692253778863,1693226043113,8,3,5
3381,1693226043113,1692253778870,1692253778873,1693226043124,11,3,8
3382,1693226043124,1692253778878,1692253778881,1693226043132,8,3,5
3383,1693226043132,1692253778886,1692253778889,1693226043140,8,3,5
3384,1693226043140,1692253778894,1692253778898,1693226043149,9,4,5
3385,1693226043149,1692253778903,1692253778906,1693226043156,7,3,4
3386,1693226043156,1692253778915,1692253778918,1693226043169,13,3,10
3387,1693226043169,1692253778923,1692253778926,1693226043177,8,3,5
3388,1693226043177,1692253778931,1692253778935,1693226043186,9,4,5
3389,1693226043186,1692253778940,1692253778943,1693226043194,8,3,5
3390,1693226043194,1692253778947,1692253778951,1693226043202,8,4,4
3391,1693226043202,1692253778955,1692253778958,1693226043209,7,3,4
3392,1693226043209,1692253778963,1692253778966,1693226043216,7,3,4
3393,1693226043217,1692253778972,1692253778976,1693226043227,10,4,6
3394,1693226043227,1692253778981,1692253778984,1693226043235,8,3,5
3395,1693226043235,1692253778989,1692253778992,1693226043242,7,3,4
3396,1693226043242,1692253778996,1692253778999,1693226043249,7,3,4
3397,1693226043249,1692253779003,1692253779007,1693226043258,9,4,5
3398,1693226043258,1692253779012,1692253779015,1693226043266,8,3,5
3399,1693226043266,1692253779020,1692253779023,1693226043274,8,3,5
3400,1693226043274,1692253779028,1692253779031,1693226043282,8,3,5
3401,1693226043282,1692253779036,1692253779038,1693226043289,7,2,5
3402,1693226043289,1692253779043,1692253779046,1693226043296,7,3,4
3403,1693226043297,1692253779050,1692253779053,1693226043304,7,3,4
3404,1693226043304,1692253779057,1692253779061,1693226043312,8,4,4
3405,1693226043312,1692253779066,1692253779069,1693226043319,7,3,4
3406,1693226043319,1692253779075,1692253779079,1693226043329,10,4,6
3407,1693226043329,1692253779083,1692253779086,1693226043337,8,3,5
3408,1693226043337,1692253779090,1692253779093,1693226043344,7,3,4
3409,1693226043344,1692253779098,1692253779102,1693226043353,9,4,5
3410,1693226043353,1692253779107,1692253779110,1693226043360,7,3,4
3411,1693226043360,1692253779113,1692253779116,1693226043367,7,3,4
3412,1693226043367,1692253779120,1692253779124,1693226043374,7,4,3
3413,1693226043374,1692253779127,1692253779130,1693226043381,7,3,4
3414,1693226043381,1692253779135,1692253779138,1693226043389,8,3,5
3415,1693226043389,1692253779142,1692253779145,1693226043396,7,3,4
3416,1693226043396,1692253779150,1692253779154,1693226043405,9,4,5
3417,1693226043405,1692253779158,1692253779162,1693226043413,8,4,4
3418,1693226043413,1692253779166,1692253779170,1693226043420,7,4,3
3419,1693226043420,1692253779176,1692253779180,1693226043430,10,4,6
3420,1693226043430,1692253779184,1692253779188,1693226043438,8,4,4
3421,1693226043438,1692253779192,1692253779195,1693226043446,8,3,5
3422,1693226043446,1692253779200,1692253779203,1693226043454,8,3,5
3423,1693226043454,1692253779208,1692253779211,1693226043462,8,3,5
3424,1693226043462,1692253779215,1692253779220,1693226043471,9,5,4
3425,1693226043471,1692253779225,1692253779228,1693226043478,7,3,4
3426,1693226043478,1692253779232,1692253779236,1693226043486,8,4,4
3427,1693226043486,1692253779239,1692253779243,1693226043493,7,4,3
3428,1693226043493,1692253779247,1692253779250,1693226043501,8,3,5
3429,1693226043501,1692253779254,1692253779257,1693226043508,7,3,4
3430,1693226043508,1692253779263,1692253779266,1693226043516,8,3,5
3431,1693226043516,1692253779269,1692253779272,1693226043522,6,3,3
3432,1693226043522,1692253779276,1692253779279,1693226043529,7,3,4
3433,1693226043529,1692253779283,1692253779286,1693226043536,7,3,4
3434,1693226043536,1692253779290,1692253779293,1693226043544,8,3,5
3435,1693226043544,1692253779298,1692253779301,1693226043552,8,3,5
3436,1693226043552,1692253779306,1692253779310,1693226043560,8,4,4
3437,1693226043560,1692253779314,1692253779317,1693226043568,8,3,5
3438,1693226043568,1692253779322,1692253779325,1693226043575,7,3,4
3439,1693226043575,1692253779329,1692253779333,1693226043583,8,4,4
3440,1693226043584,1692253779337,1692253779341,1693226043591,7,4,3
3441,1693226043591,1692253779346,1692253779348,1693226043599,8,2,6
3442,1693226043599,1692253779353,1692253779356,1693226043607,8,3,5
3443,1693226043607,1692253779360,1692253779363,1693226043614,7,3,4
3444,1693226043614,1692253779368,1692253779371,1693226043621,7,3,4
3445,1693226043621,1692253779375,1692253779378,1693226043630,9,3,6
3446,1693226043630,1692253779384,1692253779387,1693226043638,8,3,5
3447,1693226043638,1692253779392,1692253779395,1693226043646,8,3,5
3448,1693226043646,1692253779400,1692253779402,1693226043653,7,2,5
3449,1693226043653,1692253779407,1692253779410,1693226043661,8,3,5
3450,1693226043661,1692253779415,1692253779418,1693226043669,8,3,5
3451,1693226043669,1692253779423,1692253779428,1693226043678,9,5,4
3452,1693226043678,1692253779432,1692253779435,1693226043686,8,3,5
3453,1693226043686,1692253779439,1692253779442,1693226043692,6,3,3
3454,1693226043692,1692253779446,1692253779450,1693226043700,8,4,4
3455,1693226043700,1692253779454,1692253779457,1693226043708,8,3,5
3456,1693226043708,1692253779462,1692253779465,1693226043716,8,3,5
3457,1693226043716,1692253779470,1692253779473,1693226043724,8,3,5
3458,1693226043724,1692253779477,1692253779480,1693226043732,8,3,5
3459,1693226043732,1692253779486,1692253779490,1693226043740,8,4,4
3460,1693226043740,1692253779494,1692253779498,1693226043749,9,4,5
3461,1693226043749,1692253779502,1692253779506,1693226043756,7,4,3
3462,1693226043756,1692253779510,1692253779513,1693226043766,10,3,7
3463,1693226043766,1692253779519,1692253779522,1693226043773,7,3,4
3464,1693226043773,1692253779528,1692253779531,1693226043782,9,3,6
3465,1693226043782,1692253779535,1692253779538,1693226043789,7,3,4
3466,1693226043789,1692253779543,1692253779546,1693226043797,8,3,5
3467,1693226043797,1692253779551,1692253779554,1693226043805,8,3,5
3468,1693226043805,1692253779558,1692253779561,1693226043812,7,3,4
3469,1693226043812,1692253779565,1692253779569,1693226043820,8,4,4
3470,1693226043820,1692253779574,1692253779578,1693226043828,8,4,4
3471,1693226043828,1692253779583,1692253779586,1693226043836,8,3,5
3472,1693226043836,1692253779590,1692253779594,1693226043844,8,4,4
3473,1693226043844,1692253779598,1692253779602,1693226043853,9,4,5
3474,1693226043853,1692253779607,1692253779610,1693226043860,7,3,4
3475,1693226043860,1692253779614,1692253779617,1693226043868,8,3,5
3476,1693226043868,1692253779621,1692253779624,1693226043875,7,3,4
3477,1693226043875,1692253779630,1692253779633,1693226043884,9,3,6
3478,1693226043884,1692253779638,1692253779641,1693226043892,8,3,5
3479,1693226043892,1692253779645,1692253779649,1693226043899,7,4,3
3480,1693226043900,1692253779653,1692253779656,1693226043907,7,3,4
3481,1693226043907,1692253779661,1692253779664,1693226043914,7,3,4
3482,1693226043914,1692253779668,1692253779671,1693226043921,7,3,4
3483,1693226043921,1692253779680,1692253779684,1693226043937,16,4,12
3484,1693226043937,1692253779691,1692253779694,1693226043944,7,3,4
3485,1693226043944,1692253779704,1692253779708,1693226043958,14,4,10
3486,1693226043958,1692253779712,1692253779716,1693226043966,8,4,4
3487,1693226043966,1692253779720,1692253779724,1693226043974,8,4,4
3488,1693226043974,1692253779728,1692253779733,1693226043984,10,5,5
3489,1693226043984,1692253779737,1692253779741,1693226043992,8,4,4
3490,1693226043992,1692253779745,1692253779748,1693226043999,7,3,4
3491,1693226043999,1692253779758,1692253779762,1693226044013,14,4,10
3492,1693226044013,1692253779766,1692253779769,1693226044019,6,3,3
3493,1693226044019,1692253779773,1692253779777,1693226044027,8,4,4
3494,1693226044027,1692253779781,1692253779784,1693226044035,8,3,5
3495,1693226044035,1692253779791,1692253779794,1693226044045,10,3,7
3496,1693226044045,1692253779799,1692253779802,1693226044054,9,3,6
3497,1693226044054,1692253779807,1692253779811,1693226044061,7,4,3
3498,1693226044061,1692253779815,1692253779818,1693226044069,8,3,5
3499,1693226044069,1692253779824,1692253779828,1693226044078,9,4,5
3500,1693226044078,1692253779832,1692253779836,1693226044086,8,4,4
3501,1693226044086,1692253779840,1692253779843,1693226044094,8,3,5
3502,1693226044094,1692253779848,1692253779851,1693226044102,8,3,5
3503,1693226044102,1692253779855,1692253779861,1693226044111,9,6,3
3504,1693226044111,1692253779865,1692253779868,1693226044119,8,3,5
3505,1693226044119,1692253779873,1692253779877,1693226044127,8,4,4
3506,1693226044127,1692253779881,1692253779885,1693226044135,8,4,4
3507,1693226044135,1692253779889,1692253779893,1693226044143,8,4,4
3508,1693226044143,1692253779897,1692253779900,1693226044151,8,3,5
3509,1693226044151,1692253779905,1692253779908,1693226044159,8,3,5
3510,1693226044159,1692253779912,1692253779915,1693226044166,7,3,4
3511,1693226044166,1692253779920,1692253779923,1693226044174,8,3,5
3512,1693226044174,1692253779928,1692253779931,1693226044181,7,3,4
3513,1693226044181,1692253779935,1692253779937,1693226044188,7,2,5
3514,1693226044188,1692253779942,1692253779945,1693226044196,8,3,5
3515,1693226044196,1692253779949,1692253779952,1693226044203,7,3,4
3516,1693226044203,1692253779957,1692253779961,1693226044212,9,4,5
3517,1693226044212,1692253779965,1692253779968,1693226044218,6,3,3
3518,1693226044218,1692253779972,1692253779975,1693226044225,7,3,4
3519,1693226044225,1692253779979,1692253779982,1693226044233,8,3,5
3520,1693226044233,1692253779987,1692253779990,1693226044241,8,3,5
3521,1693226044241,1692253779996,1692253780000,1693226044250,9,4,5
3522,1693226044250,1692253780004,1692253780010,1693226044260,10,6,4
3523,1693226044260,1692253780014,1692253780018,1693226044269,9,4,5
3524,1693226044269,1692253780023,1692253780026,1693226044277,8,3,5
3525,1693226044277,1692253780030,1692253780034,1693226044284,7,4,3
3526,1693226044284,1692253780038,1692253780041,1693226044292,8,3,5
3527,1693226044292,1692253780045,1692253780048,1693226044299,7,3,4
3528,1693226044299,1692253780053,1692253780059,1693226044309,10,6,4
3529,1693226044309,1692253780063,1692253780066,1693226044316,7,3,4
3530,1693226044317,1692253780070,1692253780073,1693226044324,7,3,4
3531,1693226044324,1692253780078,1692253780081,1693226044332,8,3,5
3532,1693226044332,1692253780086,1692253780089,1693226044340,8,3,5
3533,1693226044340,1692253780094,1692253780096,1693226044347,7,2,5
3534,1693226044347,1692253780101,1692253780104,1693226044355,8,3,5
3535,1693226044355,1692253780109,1692253780112,1693226044363,8,3,5
3536,1693226044363,1692253780116,1692253780119,1693226044369,6,3,3
3537,1693226044369,1692253780123,1692253780126,1693226044377,8,3,5
3538,1693226044377,1692253780131,1692253780134,1693226044385,8,3,5
3539,1693226044385,1692253780139,1692253780142,1693226044392,7,3,4
3540,1693226044392,1692253780145,1692253780148,1693226044399,7,3,4
3541,1693226044399,1692253780153,1692253780156,1693226044407,8,3,5
3542,1693226044407,1692253780162,1692253780165,1693226044416,9,3,6
3543,1693226044416,1692253780169,1692253780172,1693226044423,7,3,4
3544,1693226044423,1692253780176,1692253780179,1693226044429,6,3,3
3545,1693226044429,1692253780183,1692253780187,1693226044437,8,4,4
3546,1693226044437,1692253780191,1692253780195,1693226044446,9,4,5
3547,1693226044446,1692253780201,1692253780204,1693226044455,9,3,6
3548,1693226044455,1692253780210,1692253780213,1693226044464,9,3,6
3549,1693226044464,1692253780218,1692253780220,1693226044471,7,2,5
3550,1693226044471,1692253780225,1692253780228,1693226044479,8,3,5
3551,1693226044479,1692253780233,1692253780236,1693226044486,7,3,4
3552,1693226044486,1692253780240,1692253780244,1693226044494,8,4,4
3553,1693226044494,1692253780248,1692253780251,1693226044501,7,3,4
3554,1693226044501,1692253780255,1692253780259,1693226044509,8,4,4
3555,1693226044509,1692253780264,1692253780267,1693226044518,9,3,6
3556,1693226044518,1692253780271,1692253780275,1693226044525,7,4,3
3557,1693226044525,1692253780279,1692253780283,1693226044534,9,4,5
3558,1693226044534,1692253780287,1692253780291,1693226044542,8,4,4
3559,1693226044542,1692253780296,1692253780300,1693226044551,9,4,5
3560,1693226044551,1692253780305,1692253780308,1693226044558,7,3,4
3561,1693226044558,1692253780312,1692253780315,1693226044566,8,3,5
3562,1693226044566,1692253780320,1692253780323,1693226044573,7,3,4
3563,1693226044573,1692253780327,1692253780330,1693226044580,7,3,4
3564,1693226044580,1692253780333,1692253780337,1693226044587,7,4,3
3565,1693226044587,1692253780340,1692253780343,1693226044593,6,3,3
3566,1693226044593,1692253780347,1692253780351,1693226044601,8,4,4
3567,1693226044601,1692253780355,1692253780358,1693226044609,8,3,5
3568,1693226044609,1692253780362,1692253780365,1693226044616,7,3,4
3569,1693226044616,1692253780370,1692253780374,1693226044624,8,4,4
3570,1693226044624,1692253780378,1692253780381,1693226044632,8,3,5
3571,1693226044632,1692253780386,1692253780389,1693226044639,7,3,4
3572,1693226044639,1692253780392,1692253780396,1693226044647,8,4,4
3573,1693226044647,1692253780401,1692253780403,1693226044654,7,2,5
3574,1693226044654,1692253780411,1692253780414,1693226044665,11,3,8
3575,1693226044665,1692253780419,1692253780422,1693226044672,7,3,4
3576,1693226044673,1692253780426,1692253780429,1693226044679,6,3,3
3577,1693226044679,1692253780433,1692253780436,1693226044686,7,3,4
3578,1693226044686,1692253780440,1692253780443,1693226044694,8,3,5
3579,1693226044694,1692253780447,1692253780451,1693226044701,7,4,3
3580,1693226044701,1692253780455,1692253780459,1693226044709,8,4,4
3581,1693226044709,1692253780462,1692253780466,1693226044717,8,4,4
3582,1693226044717,1692253780471,1692253780474,1693226044724,7,3,4
3583,1693226044724,1692253780478,1692253780482,1693226044733,9,4,5
3584,1693226044733,1692253780486,1692253780490,1693226044740,7,4,3
3585,1693226044740,1692253780494,1692253780497,1693226044747,7,3,4
3586,1693226044747,1692253780501,1692253780504,1693226044756,9,3,6
3587,1693226044756,1692253780510,1692253780513,1693226044764,8,3,5
3588,1693226044764,1692253780518,1692253780520,1693226044771,7,2,5
3589,1693226044947,1692253780701,1692253780705,1693226044956,9,4,5
3590,1693226044956,1692253780711,1692253780715,1693226044966,10,4,6
3591,1693226044966,1692253780721,1692253780726,1693226044977,11,5,6
3592,1693226044977,1692253780732,1692253780762,1693226045013,36,30,6
3593,1693226045013,1692253780770,1692253780774,1693226045025,12,4,8
3594,1693226045025,1692253780780,1692253780785,1693226045036,11,5,6
3595,1693226045036,1692253780790,1692253780793,1693226045044,8,3,5
3596,1693226045044,1692253780798,1692253780803,1693226045054,10,5,5
3597,1693226045054,1692253780808,1692253780810,1693226045064,10,2,8
3598,1693226045064,1692253780818,1692253780820,1693226045071,7,2,5
3599,1693226045071,1692253780826,1692253780829,1693226045080,9,3,6
3600,1693226045080,1692253780834,1692253780838,1693226045088,8,4,4
3601,1693226045088,1692253780842,1692253780846,1693226045096,8,4,4
3602,1693226045096,1692253780850,1692253780854,1693226045105,9,4,5
3603,1693226045105,1692253780859,1692253780863,1693226045114,9,4,5
3604,1693226045114,1692253780868,1692253780872,1693226045122,8,4,4
3605,1693226045122,1692253780880,1692253780896,1693226045147,25,16,9
3606,1693226045147,1692253780969,1692253780973,1693226045251,104,4,100
3607,1693226045251,1692253781005,1692253781007,1693226045258,7,2,5
3608,1693226045258,1692253781011,1692253781014,1693226045265,7,3,4
3609,1693226045265,1692253781020,1692253781024,1693226045274,9,4,5
3610,1693226045275,1692253781028,1692253781031,1693226045283,8,3,5
3611,1693226045283,1692253781037,1692253781039,1693226045290,7,2,5
3612,1693226045290,1692253781090,1692253781093,1693226045343,53,3,50
3613,1693226045343,1692253781097,1692253781100,1693226045351,8,3,5
3614,1693226045351,1692253781110,1692253781112,1693226045363,12,2,10
3615,1693226045363,1692253781165,1692253781168,1693226045419,56,3,53
3616,1693226045419,1692253781181,1692253781184,1693226045434,15,3,12
3617,1693226045434,1692253781188,1692253781191,1693226045441,7,3,4
3618,1693226045441,1692253781195,1692253781198,1693226045449,8,3,5
3619,1693226045449,1692253781203,1692253781205,1693226045456,7,2,5
3620,1693226045456,1692253781209,1692253781212,1693226045463,7,3,4
3621,1693226045463,1692253781225,1692253781229,1693226045487,24,4,20
3622,1693226045487,1692253781309,1692253781313,1693226045575,88,4,84
3623,1693226045575,1692253781329,1692253781332,1693226045583,8,3,5
3624,1693226045583,1692253781337,1692253781340,1693226045591,8,3,5
3625,1693226045591,1692253781345,1692253781348,1693226045599,8,3,5
3626,1693226045599,1692253781354,1692253781356,1693226045608,9,2,7
3627,1693226045608,1692253781362,1692253781366,1693226045616,8,4,4
3628,1693226045616,1692253781371,1692253781373,1693226045624,8,2,6
3629,1693226045624,1692253781378,1692253781382,1693226045633,9,4,5
3630,1693226045633,1692253781387,1692253781390,1693226045681,48,3,45
3631,1693226045681,1692253781477,1692253781481,1693226045731,50,4,46
3632,1693226045731,1692253781505,1692253781508,1693226045763,32,3,29
3633,1693226045763,1692253781517,1692253781521,1693226045772,9,4,5
3634,1693226045772,1692253781545,1692253781552,1693226045802,30,7,23
3635,1693226045802,1692253781557,1692253781561,1693226045811,9,4,5
3636,1693226045811,1692253781610,1692253781613,1693226045864,53,3,50
3637,1693226045864,1692253781618,1692253781621,1693226045871,7,3,4
3638,1693226045871,1692253781625,1692253781628,1693226045879,8,3,5
3639,1693226045879,1692253781635,1692253781638,1693226045888,9,3,6
3640,1693226045888,1692253781642,1692253781645,1693226045896,8,3,5
3641,1693226045896,1692253781649,1692253781652,1693226045902,6,3,3
3642,1693226045902,1692253781656,1692253781659,1693226045909,7,3,4
3643,1693226045909,1692253781663,1692253781665,1693226045916,7,2,5
3644,1693226045916,1692253781670,1692253781672,1693226045923,7,2,5
3645,1693226045923,1692253781689,1692253781692,1693226045943,20,3,17
3646,1693226045943,1692253781724,1692253781729,1693226045980,37,5,32
3647,1693226045980,1692253781801,1692253781804,1693226046075,95,3,92
3648,1693226046075,1692253781830,1692253781833,1693226046084,9,3,6
3649,1693226046084,1692253781842,1692253781845,1693226046095,11,3,8
3650,1693226046095,1692253781853,1692253781856,1693226046106,11,3,8
3651,1693226046106,1692253781860,1692253781864,1693226046114,8,4,4
3652,1693226046114,1692253781868,1692253781870,1693226046121,7,2,5
3653,1693226046121,1692253781893,1692253781896,1693226046147,26,3,23
3654,1693226046147,1692253781901,1692253781905,1693226046155,8,4,4
3655,1693226046155,1692253781921,1692253781924,1693226046175,20,3,17
3656,1693226046175,1692253781946,1692253781949,1693226046199,24,3,21
3657,1693226046199,1692253781953,1692253781956,1693226046206,7,3,4
3658,1693226046206,1692253781960,1692253781963,1693226046213,7,3,4
3659,1693226046214,1692253781980,1692253781983,1693226046233,19,3,16
3660,1693226046233,1692253781993,1692253781996,1693226046247,14,3,11
3661,1693226046247,1692253782013,1692253782016,1693226046267,20,3,17
3662,1693226046267,1692253782020,1692253782023,1693226046274,7,3,4
3663,1693226046274,1692253782073,1692253782076,1693226046327,53,3,50
3664,1693226046327,1692253782081,1692253782084,1693226046334,7,3,4
3665,1693226046334,1692253782109,1692253782113,1693226046363,29,4,25
3666,1693226046363,1692253782125,1692253782128,1693226046379,16,3,13
3667,1693226046379,1692253782142,1692253782145,1693226046396,17,3,14
3668,1693226046396,1692253782150,1692253782152,1693226046403,7,2,5
3669,1693226046403,1692253782157,1692253782160,1693226046410,7,3,4
3670,1693226046410,1692253782164,1692253782169,1693226046419,9,5,4
3671,1693226046419,1692253782173,1692253782177,1693226046427,8,4,4
3672,1693226046427,1692253782180,1692253782183,1693226046433,6,3,3
3673,1693226046433,1692253782187,1692253782190,1693226046440,7,3,4
3674,1693226046440,1692253782194,1692253782197,1693226046447,7,3,4
3675,1693226046447,1692253782202,1692253782205,1693226046456,9,3,6
3676,1693226046456,1692253782289,1692253782313,1693226046563,107,24,83
3677,1693226046563,1692253782349,1692253782352,1693226046602,39,3,36
3678,1693226046602,1692253782360,1692253782363,1693226046614,12,3,9
3679,1693226046614,1692253782368,1692253782371,1693226046622,8,3,5
3680,1693226046622,1692253782379,1692253782383,1693226046633,11,4,7
3681,1693226046633,1692253782388,1692253782391,1693226046642,9,3,6
3682,1693226046642,1692253782464,1692253782468,1693226046718,76,4,72
3683,1693226046718,1692253782478,1692253782481,1693226046732,14,3,11
3684,1693226046732,1692253782486,1692253782489,1693226046739,7,3,4
3685,1693226046739,1692253782545,1692253782551,1693226046804,65,6,59
3686,1693226046804,1692253782560,1692253782562,1693226046813,9,2,7
3687,1693226046813,1692253782577,1692253782580,1693226046831,18,3,15
3688,1693226046831,1692253782598,1692253782600,1693226046851,20,2,18
3689,1693226046851,1692253782605,1692253782608,1693226046859,8,3,5
3690,1693226046859,1692253782612,1692253782615,1693226046866,7,3,4
3691,1693226046866,1692253782620,1692253782623,1693226046873,7,3,4
3692,1693226046873,1692253782627,1692253782630,1693226046881,8,3,5
3693,1693226046881,1692253782635,1692253782638,1693226046888,7,3,4
3694,1693226046888,1692253782642,1692253782676,1693226046926,38,34,4
3695,1693226046926,1692253782701,1692253782704,1693226046954,28,3,25
3696,1693226046955,1692253782708,1692253782711,1693226046962,7,3,4
3697,1693226046962,1692253782726,1692253782729,1693226046979,17,3,14
3698,1693226046979,1692253782733,1692253782737,1693226046987,8,4,4
3699,1693226046987,1692253782741,1692253782745,1693226046996,9,4,5
3700,1693226046996,1692253782838,1692253782841,1693226047092,96,3,93
3701,1693226047092,1692253782846,1692253782849,1693226047100,8,3,5
3702,1693226047100,1692253782853,1692253782856,1693226047107,7,3,4
3703,1693226047107,1692253782864,1692253782867,1693226047117,10,3,7
3704,1693226047117,1692253782871,1692253782874,1693226047125,8,3,5
3705,1693226047125,1692253782894,1692253782897,1693226047148,23,3,20
3706,1693226047148,1692253782902,1692253782955,1693226047206,58,53,5
3707,1693226047206,1692253782998,1692253783001,1693226047252,46,3,43
3708,1693226047252,1692253783020,1692253783022,1693226047273,21,2,19
3709,1693226047273,1692253783037,1692253783040,1693226047290,17,3,14
3710,1693226047290,1692253783045,1692253783047,1693226047298,8,2,6
3711,1693226047298,1692253783052,1692253783054,1693226047305,7,2,5
3712,1693226047305,1692253783059,1692253783062,1693226047312,7,3,4
3713,1693226047312,1692253783068,1692253783071,1693226047322,10,3,7
3714,1693226047322,1692253783097,1692253783099,1693226047350,28,2,26
3715,1693226047350,1692253783112,1692253783115,1693226047365,15,3,12
3716,1693226047365,1692253783122,1692253783124,1693226047375,10,2,8
3717,1693226047375,1692253783134,1692253783137,1693226047387,12,3,9
3718,1693226047387,1692253783173,1692253783176,1693226047427,40,3,37
3719,1693226047427,1692253783181,1692253783184,1693226047434,7,3,4
3720,1693226047434,1692253783188,1692253783190,1693226047441,7,2,5
3721,1693226047441,1692253783195,1692253783198,1693226047448,7,3,4
3722,1693226047449,1692253783202,1692253783205,1693226047456,7,3,4
3723,1693226047456,1692253783214,1692253783217,1693226047467,11,3,8
3724,1693226047467,1692253783233,1692253783236,1693226047486,19,3,16
3725,1693226047486,1692253783240,1692253783243,1693226047493,7,3,4
3726,1693226047493,1692253783247,1692253783250,1693226047502,9,3,6
3727,1693226047502,1692253783290,1692253783293,1693226047544,42,3,39
3728,1693226047544,1692253783298,1692253783300,1693226047552,8,2,6
3729,1693226047552,1692253783306,1692253783309,1693226047560,8,3,5
3730,1693226047560,1692253783314,1692253783317,1693226047567,7,3,4
3731,1693226047567,1692253783329,1692253783332,1693226047582,15,3,12
3732,1693226047582,1692253783346,1692253783348,1693226047599,17,2,15
3733,1693226047599,1692253783352,1692253783355,1693226047606,7,3,4
3734,1693226047606,1692253783365,1692253783368,1693226047619,13,3,10
3735,1693226047619,1692253783378,1692253783381,1693226047631,12,3,9
3736,1693226047632,1692253783385,1692253783388,1693226047639,7,3,4
3737,1693226047639,1692253783441,1692253783445,1693226047699,60,4,56
3738,1693226047699,1692253783453,1692253783458,1693226047708,9,5,4
3739,1693226047708,1692253783462,1692253783465,1693226047716,8,3,5
3740,1693226047716,1692253783470,1692253783473,1693226047726,10,3,7
3741,1693226047726,1692253783505,1692253783508,1693226047758,32,3,29
3742,1693226047758,1692253783517,1692253783520,1693226047770,12,3,9
3743,1693226047770,1692253783542,1692253783557,1693226047808,38,15,23
3744,1693226047808,1692253783563,1692253783567,1693226047818,10,4,6
3745,1693226047818,1692253783574,1692253783577,1693226047828,10,3,7
3746,1693226047828,1692253783610,1692253783612,1693226047863,35,2,33
3747,1693226047863,1692253783625,1692253783627,1693226047878,15,2,13
3748,1693226047878,1692253783632,1692253783635,1693226047886,8,3,5
3749,1693226047886,1692253783639,1692253783642,1693226047892,6,3,3
3750,1693226047892,1692253783646,1692253783649,1693226047899,7,3,4
3751,1693226047899,1692253783674,1692253783676,1693226047927,28,2,26
3752,1693226047927,1692253783682,1692253783685,1693226047936,9,3,6
3753,1693226047936,1692253783718,1692253783721,1693226047971,35,3,32
3754,1693226047971,1692253783726,1692253783729,1693226047980,9,3,6
3755,1693226047980,1692253783735,1692253783739,1693226047990,10,4,6
3756,1693226047990,1692253783744,1692253783747,1693226047998,8,3,5
3757,1693226047998,1692253783847,1692253783850,1693226048101,103,3,100
3758,1693226048101,1692253783855,1692253783858,1693226048108,7,3,4
3759,1693226048108,1692253783862,1692253783865,1693226048116,8,3,5
3760,1693226048116,1692253783871,1692253783874,1693226048125,9,3,6
3761,1693226048125,1692253783879,1692253783882,1693226048132,7,3,4
3762,1693226048132,1692253783887,1692253783890,1693226048140,8,3,5
3763,1693226048140,1692253783895,1692253783900,1693226048151,11,5,6
3764,1693226048151,1692253783906,1692253783909,1693226048159,8,3,5
3765,1693226048159,1692253783918,1692253783921,1693226048172,13,3,10
3766,1693226048172,1692253783926,1692253783929,1693226048179,7,3,4
3767,1693226048179,1692253783933,1692253783937,1693226048187,8,4,4
3768,1693226048187,1692253783941,1692253783946,1693226048196,9,5,4
3769,1693226048196,1692253783969,1692253783972,1693226048222,26,3,23
3770,1693226048222,1692253783978,1692253783986,1693226048237,15,8,7
3771,1693226048237,1692253783991,1692253783994,1693226048244,7,3,4
3772,1693226048244,1692253784037,1692253784040,1693226048290,46,3,43
3773,1693226048291,1692253784049,1692253784053,1693226048303,12,4,8
3774,1693226048303,1692253784080,1692253784083,1693226048333,30,3,27
3775,1693226048333,1692253784086,1692253784090,1693226048340,7,4,3
3776,1693226048340,1692253784095,1692253784097,1693226048348,8,2,6
3777,1693226048348,1692253784106,1692253784108,1693226048359,11,2,9
3778,1693226048359,1692253784113,1692253784115,1693226048366,7,2,5
3779,1693226048366,1692253784198,1692253784202,1693226048453,87,4,83
3780,1693226048453,1692253784210,1692253784213,1693226048463,10,3,7
3781,1693226048463,1692253784218,1692253784221,1693226048471,8,3,5
3782,1693226048471,1692253784242,1692253784244,1693226048495,24,2,22
3783,1693226048495,1692253784253,1692253784255,1693226048506,11,2,9
3784,1693226048506,1692253784293,1692253784301,1693226048551,45,8,37
3785,1693226048551,1692253784314,1692253784318,1693226048568,17,4,13
3786,1693226048568,1692253784349,1692253784354,1693226048605,37,5,32
3787,1693226048605,1692253784362,1692253784365,1693226048615,10,3,7
3788,1693226048615,1692253784382,1692253784386,1693226048636,21,4,17
3789,1693226048636,1692253784391,1692253784393,1693226048644,8,2,6
3790,1693226048644,1692253784447,1692253784450,1693226048700,56,3,53
3791,1693226048700,1692253784485,1692253784488,1693226048738,38,3,35
3792,1693226048738,1692253784551,1692253784555,1693226048805,67,4,63
3793,1693226048805,1692253784629,1692253784632,1693226048884,79,3,76
3794,1693226048884,1692253784697,1692253784700,1693226048950,66,3,63
3795,1693226048951,1692253784729,1692253784732,1693226048983,32,3,29
3796,1693226048983,1692253784745,1692253784748,1693226048998,15,3,12
3797,1693226048998,1692253784753,1692253784755,1693226049006,8,2,6
3798,1693226049006,1692253784798,1692253784801,1693226049051,45,3,42
3799,1693226049051,1692253784818,1692253784820,1693226049072,21,2,19
3800,1693226049072,1692253784830,1692253784832,1693226049083,11,2,9
3801,1693226049083,1692253784859,1692253784862,1693226049112,29,3,26
3802,1693226049112,1692253784866,1692253784869,1693226049120,8,3,5
3803,1693226049120,1692253784895,1692253784898,1693226049149,29,3,26
3804,1693226049149,1692253784902,1692253784906,1693226049159,10,4,6
3805,1693226049159,1692253784925,1692253784928,1693226049179,20,3,17
3806,1693226049179,1692253784933,1692253784935,1693226049186,7,2,5
3807,1693226049186,1692253784945,1692253784949,1693226049199,13,4,9
3808,1693226049199,1692253784962,1692253784964,1693226049215,16,2,14
3809,1693226049215,1692253784969,1692253784972,1693226049222,7,3,4
3810,1693226049222,1692253784976,1692253784979,1693226049230,8,3,5
3811,1693226049230,1692253784998,1692253785000,1693226049251,21,2,19
3812,1693226049251,1692253785005,1692253785008,1693226049259,8,3,5
3813,1693226049259,1692253785021,1692253785024,1693226049275,16,3,13
3814,1693226049275,1692253785028,1692253785032,1693226049282,7,4,3
3815,1693226049282,1692253785042,1692253785046,1693226049297,15,4,11
3816,1693226049297,1692253785110,1692253785113,1693226049364,67,3,64
3817,1693226049364,1692253785124,1692253785129,1693226049380,16,5,11
3818,1693226049380,1692253785134,1692253785137,1693226049387,7,3,4
3819,1693226049387,1692253785141,1692253785145,1693226049396,9,4,5
3820,1693226049396,1692253785150,1692253785152,1693226049403,7,2,5
3821,1693226049403,1692253785156,1692253785159,1693226049410,7,3,4
3822,1693226049410,1692253785166,1692253785168,1693226049419,9,2,7
3823,1693226049419,1692253785173,1692253785175,1693226049426,7,2,5
3824,1693226049426,1692253785180,1692253785183,1693226049434,8,3,5
3825,1693226049434,1692253785210,1692253785212,1693226049463,29,2,27
3826,1693226049463,1692253785233,1692253785236,1693226049487,24,3,21
3827,1693226049487,1692253785331,1692253785334,1693226049584,97,3,94
3828,1693226049584,1692253785342,1692253785344,1693226049595,11,2,9
3829,1693226049595,1692253785382,1692253785386,1693226049636,41,4,37
3830,1693226049636,1692253785390,1692253785394,1693226049645,9,4,5
3831,1693226049645,1692253785417,1692253785421,1693226049672,27,4,23
3832,1693226049672,1692253785445,1692253785448,1693226049699,27,3,24
3833,1693226049699,1692253785554,1692253785558,1693226049809,110,4,106
3834,1693226049809,1692253785563,1692253785566,1693226049816,7,3,4
3835,1693226049816,1692253785596,1692253785607,1693226049858,42,11,31
3836,1693226049858,1692253785661,1692253785664,1693226049959,101,3,98
3837,1693226049959,1692253785712,1692253785717,1693226049972,13,5,8
3838,1693226049972,1692253785725,1692253785728,1693226049978,6,3,3
3839,1693226049979,1692253785733,1692253785736,1693226049986,7,3,4
3840,1693226049986,1692253785741,1692253785745,1693226049996,10,4,6
3841,1693226049996,1692253785750,1692253785797,1693226050048,52,47,5
3842,1693226050048,1692253785802,1692253785805,1693226050055,7,3,4
3843,1693226050055,1692253785810,1692253785812,1693226050063,8,2,6
3844,1693226050063,1692253785818,1692253785820,1693226050071,8,2,6
3845,1693226050071,1692253785833,1692253785836,1693226050086,15,3,12
3846,1693226050086,1692253785894,1692253785897,1693226050148,62,3,59
3847,1693226050148,1692253785901,1692253785906,1693226050157,9,5,4
3848,1693226050157,1692253785910,1692253785913,1693226050163,6,3,3
3849,1693226050163,1692253785917,1692253785920,1693226050171,8,3,5
3850,1693226050171,1692253785925,1692253785927,1693226050178,7,2,5
3851,1693226050178,1692253785932,1692253785936,1693226050186,8,4,4
3852,1693226050186,1692253785940,1692253785944,1693226050194,8,4,4
3853,1693226050194,1692253785948,1692253785950,1693226050201,7,2,5
3854,1693226050201,1692253785954,1692253785957,1693226050208,7,3,4
3855,1693226050208,1692253786049,1692253786053,1693226050323,115,4,111
3856,1693226050323,1692253786097,1692253786100,1693226050351,28,3,25
3857,1693226050351,1692253786131,1692253786134,1693226050385,34,3,31
3858,1693226050385,1692253786140,1692253786143,1693226050393,8,3,5
3859,1693226050394,1692253786147,1692253786150,1693226050400,6,3,3
3860,1693226050400,1692253786155,1692253786158,1693226050409,9,3,6
3861,1693226050409,1692253786250,1692253786253,1693226050503,94,3,91
3862,1693226050503,1692253786257,1692253786260,1693226050511,8,3,5
3863,1693226050511,1692253786270,1692253786272,1693226050523,12,2,10
3864,1693226050523,1692253786313,1692253786316,1693226050567,44,3,41
3865,1693226050567,1692253786321,1692253786324,1693226050575,8,3,5
3866,1693226050575,1692253786329,1692253786331,1693226050582,7,2,5
3867,1693226050582,1692253786335,1692253786338,1693226050589,7,3,4
3868,1693226050589,1692253786345,1692253786348,1693226050602,13,3,10
3869,1693226050602,1692253786357,1692253786360,1693226050611,9,3,6
3870,1693226050611,1692253786366,1692253786371,1693226050621,10,5,5
3871,1693226050621,1692253786376,1692253786379,1693226050630,9,3,6
3872,1693226050630,1692253786384,1692253786387,1693226050637,7,3,4
3873,1693226050637,1692253786392,1692253786395,1693226050645,8,3,5
3874,1693226050645,1692253786414,1692253786417,1693226050667,22,3,19
3875,1693226050667,1692253786421,1692253786424,1693226050675,8,3,5
3876,1693226050675,1692253786429,1692253786432,1693226050682,7,3,4
3877,1693226050682,1692253786441,1692253786444,1693226050695,13,3,10
3878,1693226050695,1692253786453,1692253786456,1693226050706,11,3,8
3879,1693226050706,1692253786465,1692253786468,1693226050718,12,3,9
3880,1693226050718,1692253786472,1692253786475,1693226050726,8,3,5
3881,1693226050726,1692253786517,1692253786520,1693226050771,45,3,42
3882,1693226050771,1692253786545,1692253786548,1693226050799,28,3,25
3883,1693226050799,1692253786553,1692253786556,1693226050806,7,3,4
3884,1693226050806,1692253786560,1692253786563,1693226050813,7,3,4
3885,1693226050814,1692253786567,1692253786570,1693226050820,6,3,3
3886,1693226050820,1692253786575,1692253786580,1693226050831,11,5,6
3887,1693226050831,1692253786585,1692253786588,1693226050839,8,3,5
3888,1693226050839,1692253786593,1692253786596,1693226050847,8,3,5
3889,1693226050847,1692253786601,1692253786614,1693226050866,19,13,6
3890,1693226050866,1692253786620,1692253786623,1693226050883,17,3,14
3891,1693226050883,1692253786662,1692253786665,1693226050916,33,3,30
3892,1693226050916,1692253786674,1692253786676,1693226050927,11,2,9
3893,1693226050927,1692253786686,1692253786689,1693226050941,14,3,11
3894,1693226050941,1692253786695,1692253786698,1693226050949,8,3,5
3895,1693226050949,1692253786722,1692253786724,1693226050978,29,2,27
3896,1693226050978,1692253786733,1692253786736,1693226050987,9,3,6
3897,1693226050987,1692253786857,1692253786860,1693226051111,124,3,121
3898,1693226051111,1692253786864,1692253786867,1693226051120,9,3,6
3899,1693226051120,1692253786881,1692253786884,1693226051135,15,3,12
3900,1693226051135,1692253786889,1692253786891,1693226051142,7,2,5
3901,1693226051142,1692253786896,1692253786899,1693226051149,7,3,4
3902,1693226051149,1692253786903,1692253786906,1693226051156,7,3,4
3903,1693226051156,1692253787006,1692253787009,1693226051260,104,3,101
3904,1693226051260,1692253787014,1692253787017,1693226051268,8,3,5
3905,1693226051268,1692253787022,1692253787025,1693226051275,7,3,4
3906,1693226051275,1692253787029,1692253787033,1693226051283,8,4,4
3907,1693226051283,1692253787037,1692253787040,1693226051290,7,3,4
3908,1693226051290,1692253787050,1692253787052,1693226051302,12,2,10
3909,1693226051302,1692253787057,1692253787060,1693226051310,8,3,5
3910,1693226051310,1692253787077,1692253787080,1693226051330,20,3,17
3911,1693226051330,1692253787084,1692253787087,1693226051338,8,3,5
3912,1693226051338,1692253787091,1692253787094,1693226051345,7,3,4
3913,1693226051345,1692253787121,1692253787125,1693226051383,38,4,34
3914,1693226051383,1692253787138,1692253787143,1693226051393,10,5,5
3915,1693226051393,1692253787153,1692253787156,1693226051407,14,3,11
3916,1693226051407,1692253787163,1692253787166,1693226051417,10,3,7
3917,1693226051417,1692253787177,1692253787180,1693226051431,14,3,11
3918,1693226051431,1692253787186,1692253787189,1693226051440,9,3,6
3919,1693226051440,1692253787202,1692253787205,1693226051456,16,3,13
3920,1693226051456,1692253787209,1692253787212,1693226051462,6,3,3
3921,1693226051462,1692253787216,1692253787219,1693226051470,8,3,5
3922,1693226051470,1692253787273,1692253787276,1693226051526,56,3,53
3923,1693226051526,1692253787281,1692253787301,1693226051561,35,20,15
3924,1693226051561,1692253787322,1692253787325,1693226051575,14,3,11
3925,1693226051575,1692253787338,1692253787340,1693226051591,16,2,14
3926,1693226051591,1692253787350,1692253787352,1693226051611,20,2,18
3927,1693226051611,1692253787385,1692253787388,1693226051638,27,3,24
3928,1693226051638,1692253787392,1692253787396,1693226051659,21,4,17
3929,1693226051659,1692253787442,1692253787445,1693226051696,37,3,34
3930,1693226051696,1692253787450,1692253787453,1693226051704,8,3,5
3931,1693226051704,1692253787516,1692253787519,1693226051770,66,3,63
3932,1693226051770,1692253787530,1692253787532,1693226051783,13,2,11
3933,1693226051783,1692253787541,1692253787544,1693226051794,11,3,8
3934,1693226051794,1692253787549,1692253787552,1693226051803,9,3,6
3935,1693226051803,1692253787557,1692253787559,1693226051810,7,2,5
3936,1693226051810,1692253787564,1692253787567,1693226051817,7,3,4
3937,1693226051817,1692253787596,1692253787600,1693226051850,33,4,29
3938,1693226051850,1692253787630,1692253787633,1693226051884,34,3,31
3939,1693226051884,1692253787638,1692253787641,1693226051891,7,3,4
3940,1693226051891,1692253787645,1692253787648,1693226051898,7,3,4
3941,1693226051898,1692253787697,1692253787700,1693226051984,86,3,83
3942,1693226051984,1692253787739,1692253787743,1693226051994,10,4,6
3943,1693226051994,1692253787748,1692253787751,1693226052002,8,3,5
3944,1693226052002,1692253787889,1692253787892,1693226052143,141,3,138
3945,1693226052143,1692253787897,1692253787900,1693226052150,7,3,4
3946,1693226052150,1692253787905,1692253787908,1693226052158,8,3,5
3947,1693226052158,1692253787993,1692253787997,1693226052247,89,4,85
3948,1693226052247,1692253788022,1692253788024,1693226052275,28,2,26
3949,1693226052275,1692253788030,1692253788033,1693226052283,8,3,5
3950,1693226052283,1692253788038,1692253788041,1693226052291,8,3,5
3951,1693226052291,1692253788049,1692253788052,1693226052302,11,3,8
3952,1693226052302,1692253788113,1692253788116,1693226052367,65,3,62
3953,1693226052367,1692253788141,1692253788144,1693226052395,28,3,25
3954,1693226052395,1692253788148,1692253788151,1693226052402,7,3,4
3955,1693226052402,1692253788185,1692253788188,1693226052440,38,3,35
3956,1693226052440,1692253788214,1692253788217,1693226052467,27,3,24
3957,1693226052467,1692253788242,1692253788244,1693226052494,27,2,25
3958,1693226052494,1692253788248,1692253788251,1693226052504,10,3,7
3959,1693226052504,1692253788277,1692253788280,1693226052531,27,3,24
3960,1693226052531,1692253788333,1692253788337,1693226052610,79,4,75
3961,1693226052610,1692253788369,1692253788372,1693226052622,12,3,9
3962,1693226052622,1692253788377,1692253788381,1693226052631,9,4,5
3963,1693226052631,1692253788386,1692253788389,1693226052641,10,3,7
3964,1693226052641,1692253788405,1692253788408,1693226052659,18,3,15
3965,1693226052659,1692253788426,1692253788428,1693226052680,21,2,19
3966,1693226052680,1692253788445,1692253788448,1693226052723,43,3,40
3967,1693226052723,1692253788525,1692253788529,1693226052787,64,4,60
3968,1693226052787,1692253788547,1692253788550,1693226052801,14,3,11
3969,1693226052801,1692253788560,1692253788563,1693226052814,13,3,10
3970,1693226052814,1692253788569,1692253788572,1693226052823,9,3,6
3971,1693226052823,1692253788576,1692253788580,1693226052830,7,4,3
3972,1693226052830,1692253788584,1692253788588,1693226052838,8,4,4
3973,1693226052838,1692253788592,1692253788595,1693226052846,8,3,5
3974,1693226052846,1692253788600,1692253788603,1693226052854,8,3,5
3975,1693226052854,1692253788608,1692253788611,1693226052861,7,3,4
3976,1693226052861,1692253788615,1692253788618,1693226052868,7,3,4
3977,1693226052868,1692253788622,1692253788625,1693226052875,7,3,4
3978,1693226052875,1692253788629,1692253788632,1693226052883,8,3,5
3979,1693226052883,1692253788639,1692253788642,1693226052892,9,3,6
3980,1693226052892,1692253788647,1692253788650,1693226052900,8,3,5
3981,1693226052900,1692253788661,1692253788664,1693226052914,14,3,11
3982,1693226052914,1692253788706,1692253788710,1693226052960,46,4,42
3983,1693226052960,1692253788718,1692253788721,1693226052971,11,3,8
3984,1693226052971,1692253788726,1692253788729,1693226052980,9,3,6
3985,1693226052980,1692253788738,1692253788741,1693226052993,13,3,10
3986,1693226052993,1692253788748,1692253788751,1693226053017,24,3,21
3987,1693226053017,1692253788772,1692253788775,1693226053025,8,3,5
3988,1693226053025,1692253788779,1692253788783,1693226053033,8,4,4
3989,1693226053033,1692253788786,1692253788789,1693226053040,7,3,4
3990,1693226053040,1692253788805,1692253788808,1693226053058,18,3,15
3991,1693226053058,1692253788814,1692253788816,1693226053067,9,2,7
3992,1693226053067,1692253788821,1692253788823,1693226053074,7,2,5
3993,1693226053074,1692253788828,1692253788831,1693226053081,7,3,4
3994,1693226053081,1692253788842,1692253788845,1693226053095,14,3,11
3995,1693226053095,1692253788850,1692253788853,1693226053103,8,3,5
3996,1693226053103,1692253788873,1692253788876,1693226053127,24,3,21
3997,1693226053127,1692253788895,1692253788900,1693226053153,26,5,21
3998,1693226053153,1692253788914,1692253788916,1693226053167,14,2,12
3999,1693226053167,1692253788926,1692253788930,1693226053180,13,4,9
4000,1693226053180,1692253788945,1692253788948,1693226053211,31,3,28
4001,1693226053211,1692253788965,1692253788968,1693226053219,8,3,5
4002,1693226053219,1692253788973,1692253788976,1693226053226,7,3,4
4003,1693226053226,1692253788980,1692253788983,1693226053233,7,3,4
4004,1693226053233,1692253788987,1692253788990,1693226053241,8,3,5
4005,1693226053241,1692253788995,1692253788998,1693226053248,7,3,4
4006,1693226053248,1692253789002,1692253789005,1693226053256,8,3,5
4007,1693226053256,1692253789010,1692253789012,1693226053299,43,2,41
4008,1693226053299,1692253789066,1692253789069,1693226053320,21,3,18
4009,1693226053320,1692253789125,1692253789128,1693226053379,59,3,56
4010,1693226053379,1692253789147,1692253789150,1693226053400,21,3,18
4011,1693226053400,1692253789157,1692253789160,1693226053410,10,3,7
4012,1693226053410,1692253789190,1692253789193,1693226053444,34,3,31
4013,1693226053444,1692253789241,1692253789253,1693226053503,59,12,47
4014,1693226053503,1692253789257,1692253789260,1693226053510,7,3,4
4015,1693226053510,1692253789264,1692253789267,1693226053517,7,3,4
4016,1693226053518,1692253789271,1692253789274,1693226053525,7,3,4
4017,1693226053525,1692253789280,1692253789283,1693226053533,8,3,5
4018,1693226053533,1692253789287,1692253789290,1693226053541,8,3,5
4019,1693226053541,1692253789309,1692253789312,1693226053563,22,3,19
4020,1693226053563,1692253789342,1692253789345,1693226053596,33,3,30
4021,1693226053596,1692253789365,1692253789368,1693226053618,22,3,19
4022,1693226053618,1692253789372,1692253789376,1693226053647,29,4,25
4023,1693226053647,1692253789401,1692253789405,1693226053655,8,4,4
4024,1693226053655,1692253789426,1692253789429,1693226053680,25,3,22
4025,1693226053680,1692253789434,1692253789437,1693226053687,7,3,4
4026,1693226053687,1692253789441,1692253789444,1693226053697,10,3,7
4027,1693226053697,1692253789470,1692253789472,1693226053723,26,2,24
4028,1693226053723,1692253789477,1692253789480,1693226053730,7,3,4
4029,1693226053730,1692253789485,1692253789487,1693226053738,8,2,6
4030,1693226053738,1692253789566,1692253789569,1693226053819,81,3,78
4031,1693226053819,1692253789585,1692253789588,1693226053838,19,3,16
4032,1693226053838,1692253789593,1692253789596,1693226053846,8,3,5
4033,1693226053846,1692253789643,1692253789646,1693226053896,50,3,47
4034,1693226053896,1692253789650,1692253789658,1693226053909,13,8,5
4035,1693226053909,1692253789721,1692253789725,1693226053975,66,4,62
4036,1693226053975,1692253789729,1692253789732,1693226053982,7,3,4
4037,1693226053982,1692253789745,1692253789749,1693226053999,17,4,13
4038,1693226053999,1692253789754,1692253789772,1693226054023,24,18,6
4039,1693226054023,1692253789782,1692253789785,1693226054035,12,3,9
4040,1693226054036,1692253789818,1692253789821,1693226054071,35,3,32
4041,1693226054071,1692253789863,1692253789866,1693226054117,46,3,43
4042,1693226054117,1692253789874,1692253789877,1693226054127,10,3,7
4043,1693226054127,1692253789895,1692253789898,1693226054149,22,3,19
4044,1693226054149,1692253789904,1692253789911,1693226054161,12,7,5
4045,1693226054161,1692253790017,1692253790020,1693226054271,110,3,107
4046,1693226054271,1692253790077,1692253790080,1693226054330,59,3,56
4047,1693226054330,1692253790086,1692253790089,1693226054339,9,3,6
4048,1693226054339,1692253790109,1692253790112,1693226054362,23,3,20
4049,1693226054362,1692253790118,1692253790121,1693226054371,9,3,6
4050,1693226054371,1692253790125,1692253790128,1693226054378,7,3,4
4051,1693226054379,1692253790134,1692253790137,1693226054387,8,3,5
4052,1693226054387,1692253790141,1692253790144,1693226054394,7,3,4
4053,1693226054394,1692253790173,1692253790176,1693226054427,33,3,30
4054,1693226054427,1692253790181,1692253790184,1693226054434,7,3,4
4055,1693226054434,1692253790213,1692253790215,1693226054466,32,2,30
4056,1693226054466,1692253790219,1692253790222,1693226054472,6,3,3
4057,1693226054472,1692253790226,1692253790228,1693226054479,7,2,5
4058,1693226054479,1692253790232,1692253790236,1693226054486,7,4,3
4059,1693226054486,1692253790239,1692253790243,1693226054493,7,4,3
4060,1693226054493,1692253790257,1692253790259,1693226054510,17,2,15
4061,1693226054510,1692253790270,1692253790272,1693226054523,13,2,11
4062,1693226054523,1692253790278,1692253790281,1693226054531,8,3,5
4063,1693226054531,1692253790298,1692253790300,1693226054550,19,2,17
4064,1693226054550,1692253790304,1692253790307,1693226054558,8,3,5
4065,1693226054558,1692253790325,1692253790328,1693226054578,20,3,17
4066,1693226054578,1692253790333,1692253790336,1693226054587,9,3,6
4067,1693226054587,1692253790341,1692253790344,1693226054595,8,3,5
4068,1693226054595,1692253790349,1692253790352,1693226054602,7,3,4
4069,1693226054602,1692253790356,1692253790359,1693226054610,8,3,5
4070,1693226054610,1692253790364,1692253790367,1693226054618,8,3,5
4071,1693226054618,1692253790372,1692253790376,1693226054626,8,4,4
4072,1693226054626,1692253790380,1692253790383,1693226054633,7,3,4
4073,1693226054633,1692253790390,1692253790394,1693226054645,12,4,8
4074,1693226054645,1692253790399,1692253790403,1693226054654,9,4,5
4075,1693226054654,1692253790442,1692253790445,1693226054696,42,3,39
4076,1693226054696,1692253790450,1692253790454,1693226054704,8,4,4
4077,1693226054704,1692253790458,1692253790461,1693226054711,7,3,4
4078,1693226054712,1692253790465,1692253790469,1693226054720,8,4,4
4079,1693226054720,1692253790475,1692253790478,1693226054729,9,3,6
4080,1693226054729,1692253790483,1692253790486,1693226054736,7,3,4
4081,1693226054736,1692253790490,1692253790492,1693226054743,7,2,5
4082,1693226054743,1692253790502,1692253790505,1693226054755,12,3,9
4083,1693226054755,1692253790509,1692253790511,1693226054762,7,2,5
4084,1693226054762,1692253790516,1692253790519,1693226054770,8,3,5
4085,1693226054770,1692253790549,1692253790552,1693226054803,33,3,30
4086,1693226054803,1692253790561,1692253790564,1693226054814,11,3,8
4087,1693226054814,1692253790568,1692253790571,1693226054822,8,3,5
4088,1693226054822,1692253790678,1692253790681,1693226054932,110,3,107
4089,1693226054932,1692253790698,1692253790701,1693226054951,19,3,16
4090,1693226054951,1692253790706,1692253790708,1693226054959,8,2,6
4091,1693226054959,1692253790731,1692253790734,1693226054985,26,3,23
4092,1693226054985,1692253790746,1692253790749,1693226055001,16,3,13
4093,1693226055001,1692253790755,1692253790759,1693226055009,8,4,4
4094,1693226055009,1692253790842,1692253790845,1693226055095,86,3,83
4095,1693226055095,1692253790894,1692253790898,1693226055148,53,4,49
4096,1693226055148,1692253790902,1692253790905,1693226055156,8,3,5
4097,1693226055156,1692253790950,1692253790953,1693226055204,48,3,45
4098,1693226055204,1692253790962,1692253790965,1693226055216,12,3,9
4099,1693226055216,1692253790982,1692253790984,1693226055235,19,2,17
4100,1693226055235,1692253790998,1692253791000,1693226055251,16,2,14
4101,1693226055251,1692253791014,1692253791017,1693226055267,16,3,13
4102,1693226055267,1692253791026,1692253791029,1693226055280,13,3,10
4103,1693226055280,1692253791078,1692253791081,1693226055331,51,3,48
4104,1693226055331,1692253791085,1692253791087,1693226055339,8,2,6
4105,1693226055339,1692253791092,1692253791095,1693226055345,6,3,3
4106,1693226055345,1692253791100,1692253791102,1693226055353,8,2,6
4107,1693226055353,1692253791107,1692253791109,1693226055360,7,2,5
4108,1693226055360,1692253791114,1692253791118,1693226055368,8,4,4
4109,1693226055368,1692253791124,1692253791126,1693226055377,9,2,7
4110,1693226055377,1692253791141,1692253791144,1693226055394,17,3,14
4111,1693226055394,1692253791148,1692253791151,1693226055402,8,3,5
4112,1693226055402,1692253791185,1692253791188,1693226055439,37,3,34
4113,1693226055439,1692253791209,1692253791212,1693226055462,23,3,20
4114,1693226055462,1692253791222,1692253791225,1693226055475,13,3,10
4115,1693226055475,1692253791269,1692253791272,1693226055522,47,3,44
4116,1693226055522,1692253791290,1692253791295,1693226055545,23,5,18
4117,1693226055545,1692253791302,1692253791305,1693226055555,10,3,7
4118,1693226055555,1692253791309,1692253791312,1693226055562,7,3,4
4119,1693226055562,1692253791318,1692253791320,1693226055570,8,2,6
4120,1693226055570,1692253791325,1692253791327,1693226055578,8,2,6
4121,1693226055578,1692253791331,1692253791334,1693226055585,7,3,4
4122,1693226055585,1692253791385,1692253791388,1693226055638,53,3,50
4123,1693226055638,1692253791393,1692253791397,1693226055647,9,4,5
4124,1693226055647,1692253791513,1692253791516,1693226055767,120,3,117
4125,1693226055767,1692253791553,1692253791556,1693226055806,39,3,36
4126,1693226055806,1692253791561,1692253791566,1693226055817,11,5,6
4127,1693226055817,1692253791571,1692253791574,1693226055825,8,3,5
4128,1693226055825,1692253791582,1692253791585,1693226055835,10,3,7
4129,1693226055835,1692253791642,1692253791645,1693226055895,60,3,57
4130,1693226055895,1692253791666,1692253791669,1693226055919,24,3,21
4131,1693226055920,1692253791674,1692253791677,1693226055927,7,3,4
4132,1693226055928,1692253791686,1692253791689,1693226055940,12,3,9
4133,1693226055940,1692253791729,1692253791732,1693226055982,42,3,39
4134,1693226055982,1692253791749,1692253791753,1693226056007,25,4,21
4135,1693226056008,1692253791762,1692253791765,1693226056016,8,3,5
4136,1693226056016,1692253791806,1692253791810,1693226056061,45,4,41
4137,1693226056061,1692253791829,1692253791832,1693226056083,22,3,19
4138,1693226056083,1692253791842,1692253791849,1693226056099,16,7,9
4139,1693226056099,1692253791877,1692253791880,1693226056130,31,3,28
4140,1693226056131,1692253791885,1692253791887,1693226056138,7,2,5
4141,1693226056138,1692253791892,1692253791897,1693226056148,10,5,5
4142,1693226056148,1692253791902,1692253791937,1693226056187,39,35,4
4143,1693226056187,1692253791947,1692253791951,1693226056201,14,4,10
4144,1693226056201,1692253791955,1692253791960,1693226056210,9,5,4
4145,1693226056210,1692253791964,1692253791968,1693226056219,9,4,5
4146,1693226056219,1692253791973,1692253791976,1693226056226,7,3,4
4147,1693226056226,1692253791981,1692253791984,1693226056235,9,3,6
4148,1693226056235,1692253791997,1692253791999,1693226056250,15,2,13
4149,1693226056250,1692253792037,1692253792040,1693226056290,40,3,37
4150,1693226056290,1692253792045,1692253792047,1693226056298,8,2,6
4151,1693226056298,1692253792053,1692253792056,1693226056306,8,3,5
4152,1693226056306,1692253792060,1692253792063,1693226056313,7,3,4
4153,1693226056313,1692253792089,1692253792092,1693226056343,30,3,27
4154,1693226056343,1692253792101,1692253792104,1693226056355,12,3,9
4155,1693226056355,1692253792111,1692253792115,1693226056365,10,4,6
4156,1693226056365,1692253792193,1692253792197,1693226056447,82,4,78
4157,1693226056447,1692253792205,1692253792208,1693226056458,11,3,8
4158,1693226056459,1692253792213,1692253792216,1693226056466,7,3,4
4159,1693226056466,1692253792220,1692253792223,1693226056474,8,3,5
4160,1693226056474,1692253792230,1692253792233,1693226056483,9,3,6
4161,1693226056483,1692253792237,1692253792241,1693226056491,8,4,4
4162,1693226056491,1692253792373,1692253792376,1693226056626,135,3,132
4163,1693226056626,1692253792381,1692253792384,1693226056635,9,3,6
4164,1693226056635,1692253792390,1692253792393,1693226056645,10,3,7
4165,1693226056645,1692253792399,1692253792402,1693226056652,7,3,4
4166,1693226056652,1692253792464,1692253792466,1693226056717,65,2,63
4167,1693226056717,1692253792477,1692253792480,1693226056731,14,3,11
4168,1693226056731,1692253792509,1692253792513,1693226056764,33,4,29
4169,1693226056764,1692253792518,1692253792521,1693226056771,7,3,4
4170,1693226056771,1692253792525,1692253792528,1693226056779,8,3,5
4171,1693226056779,1692253792533,1692253792536,1693226056787,8,3,5
4172,1693226056787,1692253792541,1692253792543,1693226056794,7,2,5
4173,1693226056794,1692253792553,1692253792556,1693226056807,13,3,10
4174,1693226056807,1692253792560,1692253792564,1693226056814,7,4,3
4175,1693226056815,1692253792569,1692253792572,1693226056822,7,3,4
4176,1693226056822,1692253792603,1692253792606,1693226056857,35,3,32
4177,1693226056857,1692253792611,1692253792614,1693226056865,8,3,5
4178,1693226056865,1692253792621,1692253792624,1693226056874,9,3,6
4179,1693226056874,1692253792628,1692253792631,1693226056882,8,3,5
4180,1693226056882,1692253792658,1692253792661,1693226056911,29,3,26
4181,1693226056911,1692253792670,1692253792674,1693226056925,14,4,10
4182,1693226056925,1692253792693,1692253792699,1693226056949,24,6,18
4183,1693226056949,1692253792703,1692253792706,1693226056956,7,3,4
4184,1693226056956,1692253792718,1692253792721,1693226056971,15,3,12
4185,1693226056971,1692253792726,1692253792729,1693226056979,8,3,5
4186,1693226056979,1692253792733,1692253792736,1693226056987,8,3,5
4187,1693226056987,1692253792740,1692253792743,1693226056993,6,3,3
4188,1693226056994,1692253792747,1692253792751,1693226057002,8,4,4
4189,1693226057002,1692253792757,1692253792761,1693226057013,11,4,7
4190,1693226057013,1692253792802,1692253792805,1693226057055,42,3,39
4191,1693226057055,1692253792854,1692253792856,1693226057107,52,2,50
4192,1693226057107,1692253792864,1692253792867,1693226057118,11,3,8
4193,1693226057118,1692253792878,1692253792880,1693226057131,13,2,11
4194,1693226057131,1692253792890,1692253792893,1693226057143,12,3,9
4195,1693226057143,1692253792904,1692253792908,1693226057158,15,4,11
4196,1693226057158,1692253792912,1692253792915,1693226057166,8,3,5
4197,1693226057166,1692253792926,1692253792928,1693226057179,13,2,11
4198,1693226057179,1692253792933,1692253792936,1693226057187,8,3,5
4199,1693226057187,1692253792940,1692253792943,1693226057194,7,3,4
4200,1693226057194,1692253792948,1692253792951,1693226057202,8,3,5
4201,1693226057202,1692253792956,1692253792959,1693226057210,8,3,5
4202,1693226057210,1692253792964,1692253792967,1693226057218,8,3,5
4203,1693226057218,1692253792972,1692253792974,1693226057225,7,2,5
4204,1693226057225,1692253792979,1692253792982,1693226057232,7,3,4
4205,1693226057232,1692253793014,1692253793017,1693226057267,35,3,32
4206,1693226057267,1692253793042,1692253793044,1693226057295,28,2,26
4207,1693226057295,1692253793089,1692253793092,1693226057342,47,3,44
4208,1693226057342,1692253793096,1692253793099,1693226057351,9,3,6
4209,1693226057351,1692253793188,1692253793195,1693226057446,95,7,88
4210,1693226057446,1692253793210,1692253793213,1693226057463,17,3,14
4211,1693226057463,1692253793218,1692253793220,1693226057471,8,2,6
4212,1693226057471,1692253793230,1692253793233,1693226057483,12,3,9
4213,1693226057483,1692253793242,1692253793244,1693226057495,12,2,10
4214,1693226057495,1692253793250,1692253793252,1693226057502,7,2,5
4215,1693226057502,1692253793262,1692253793264,1693226057515,13,2,11
4216,1693226057515,1692253793269,1692253793272,1693226057531,16,3,13
4217,1693226057531,1692253793325,1692253793329,1693226057579,48,4,44
4218,1693226057580,1692253793399,1692253793402,1693226057653,73,3,70
4219,1693226057653,1692253793465,1692253793468,1693226057718,65,3,62
4220,1693226057718,1692253793521,1692253793525,1693226057775,57,4,53
4221,1693226057775,1692253793561,1692253793564,1693226057814,39,3,36
4222,1693226057814,1692253793568,1692253793637,1693226057888,74,69,5
4223,1693226057888,1692253793643,1692253793646,1693226057896,8,3,5
4224,1693226057896,1692253793650,1692253793653,1693226057904,8,3,5
4225,1693226057904,1692253793661,1692253793665,1693226057915,11,4,7
4226,1693226057915,1692253793669,1692253793672,1693226057923,8,3,5
4227,1693226057923,1692253793677,1692253793679,1693226057930,7,2,5
4228,1693226057930,1692253793701,1692253793704,1693226057955,25,3,22
4229,1693226057955,1692253793718,1692253793721,1693226057971,16,3,13
4230,1693226057971,1692253793726,1692253793729,1693226057979,8,3,5
4231,1693226057979,1692253793750,1692253793752,1693226058003,24,2,22
4232,1693226058003,1692253793761,1692253793765,1693226058021,18,4,14
4233,1693226058021,1692253793790,1692253793793,1693226058044,23,3,20
4234,1693226058044,1692253793817,1692253793820,1693226058071,27,3,24
4235,1693226058071,1692253793825,1692253793828,1693226058079,8,3,5
4236,1693226058079,1692253793838,1692253793841,1693226058092,13,3,10
4237,1693226058092,1692253793846,1692253793849,1693226058100,8,3,5
4238,1693226058100,1692253793885,1692253793888,1693226058138,38,3,35
4239,1693226058138,1692253793904,1692253793907,1693226058157,19,3,16
4240,1693226058157,1692253793912,1692253793921,1693226058172,15,9,6
4241,1693226058172,1692253793926,1692253793930,1693226058180,8,4,4
4242,1693226058180,1692253793941,1692253793944,1693226058194,14,3,11
4243,1693226058195,1692253793981,1692253793984,1693226058234,39,3,36
4244,1693226058234,1692253794013,1692253794016,1693226058267,33,3,30
4245,1693226058267,1692253794021,1692253794023,1693226058273,6,2,4
4246,1693226058273,1692253794077,1692253794080,1693226058330,57,3,54
4247,1693226058330,1692253794090,1692253794093,1693226058344,14,3,11
4248,1693226058344,1692253794154,1692253794157,1693226058407,63,3,60
4249,1693226058407,1692253794189,1692253794192,1693226058443,36,3,33
4250,1693226058443,1692253794229,1692253794232,1693226058482,39,3,36
4251,1693226058482,1692253794238,1692253794241,1693226058492,10,3,7
4252,1693226058492,1692253794247,1692253794250,1693226058500,8,3,5
4253,1693226058500,1692253794330,1692253794334,1693226058585,85,4,81
4254,1693226058585,1692253794339,1692253794341,1693226058592,7,2,5
4255,1693226058592,1692253794347,1692253794353,1693226058603,11,6,5
4256,1693226058603,1692253794357,1692253794361,1693226058611,8,4,4
4257,1693226058611,1692253794366,1692253794369,1693226058619,8,3,5
4258,1693226058619,1692253794393,1692253794398,1693226058811,192,5,187
4259,1693226058811,1692253794568,1692253794571,1693226058822,11,3,8
4260,1693226058822,1692253794576,1692253794579,1693226058829,7,3,4
4261,1693226058829,1692253794583,1692253794586,1693226058836,7,3,4
4262,1693226058836,1692253794593,1692253794596,1693226058847,11,3,8
4263,1693226058847,1692253794600,1692253794644,1693226058915,68,44,24
4264,1693226058915,1692253794677,1692253794680,1693226058931,16,3,13
4265,1693226058931,1692253794684,1692253794688,1693226058938,7,4,3
4266,1693226058938,1692253794725,1692253794728,1693226058978,40,3,37
4267,1693226058978,1692253794756,1692253794759,1693226059010,32,3,29
4268,1693226059010,1692253794764,1692253794767,1693226059017,7,3,4
4269,1693226059017,1692253794773,1692253794801,1693226059051,34,28,6
4270,1693226059052,1692253794822,1692253794825,1693226059075,23,3,20
4271,1693226059075,1692253794829,1692253794832,1693226059083,8,3,5
4272,1693226059083,1692253794836,1692253794839,1693226059092,9,3,6
4273,1693226059092,1692253794904,1692253794908,1693226059159,67,4,63
4274,1693226059159,1692253794958,1692253794961,1693226059212,53,3,50
4275,1693226059212,1692253794974,1692253794976,1693226059227,15,2,13
4276,1693226059227,1692253795053,1692253795056,1693226059307,80,3,77
4277,1693226059307,1692253795061,1692253795064,1693226059315,8,3,5
4278,1693226059315,1692253795068,1692253795071,1693226059321,6,3,3
4279,1693226059321,1692253795085,1692253795088,1693226059339,18,3,15
4280,1693226059339,1692253795093,1692253795096,1693226059347,8,3,5
4281,1693226059347,1692253795158,1692253795161,1693226059412,65,3,62
4282,1693226059412,1692253795166,1692253795168,1693226059418,6,2,4
4283,1693226059419,1692253795181,1692253795184,1693226059435,16,3,13
4284,1693226059435,1692253795197,1692253795200,1693226059451,16,3,13
4285,1693226059451,1692253795214,1692253795217,1693226059468,17,3,14
4286,1693226059468,1692253795347,1692253795350,1693226059601,133,3,130
4287,1693226059601,1692253795369,1692253795372,1693226059622,21,3,18
4288,1693226059622,1692253795397,1692253795401,1693226059652,30,4,26
4289,1693226059652,1692253795407,1692253795412,1693226059662,10,5,5
4290,1693226059662,1692253795441,1692253795444,1693226059694,32,3,29
4291,1693226059694,1692253795522,1692253795525,1693226059776,82,3,79
4292,1693226059776,1692253795558,1692253795561,1693226059811,35,3,32
4293,1693226059811,1692253795565,1692253795568,1693226059819,8,3,5
4294,1693226059819,1692253795572,1692253795576,1693226059826,7,4,3
4295,1693226059826,1692253795580,1692253795582,1693226059833,7,2,5
4296,1693226059833,1692253795587,1692253795589,1693226059840,7,2,5
4297,1693226059840,1692253795594,1692253795597,1693226059848,8,3,5
4298,1693226059848,1692253795602,1692253795605,1693226059855,7,3,4
4299,1693226059855,1692253795609,1692253795612,1693226059862,7,3,4
4300,1693226059862,1692253795616,1692253795619,1693226059869,7,3,4
4301,1693226059869,1692253795624,1692253795626,1693226059877,8,2,6
4302,1693226059877,1692253795730,1692253795733,1693226059984,107,3,104
4303,1693226059984,1692253795742,1692253795745,1693226059995,11,3,8
4304,1693226059995,1692253795754,1692253795758,1693226060009,14,4,10
4305,1693226060009,1692253795762,1692253795765,1693226060016,7,3,4
4306,1693226060016,1692253795771,1692253795774,1693226060024,8,3,5
4307,1693226060024,1692253795786,1692253795789,1693226060040,16,3,13
4308,1693226060040,1692253795814,1692253795817,1693226060067,27,3,24
4309,1693226060067,1692253795897,1692253795901,1693226060151,84,4,80
4310,1693226060151,1692253795906,1692253795908,1693226060159,8,2,6
4311,1693226060159,1692253795913,1692253795917,1693226060168,9,4,5
4312,1693226060168,1692253795923,1692253795926,1693226060177,9,3,6
4313,1693226060177,1692253796147,1692253796151,1693226060401,224,4,220
4314,1693226060401,1692253796158,1692253796160,1693226060411,10,2,8
4315,1693226060411,1692253796214,1692253796216,1693226060467,56,2,54
4316,1693226060467,1692253796245,1692253796248,1693226060499,32,3,29
4317,1693226060499,1692253796257,1692253796260,1693226060510,11,3,8
4318,1693226060510,1692253796266,1692253796268,1693226060519,9,2,7
4319,1693226060519,1692253796274,1692253796277,1693226060527,8,3,5
4320,1693226060527,1692253796310,1692253796313,1693226060563,36,3,33
4321,1693226060563,1692253796323,1692253796326,1693226060576,13,3,10
4322,1693226060576,1692253796370,1692253796373,1693226060625,49,3,46
4323,1693226060625,1692253796406,1692253796410,1693226060660,35,4,31
4324,1693226060660,1692253796414,1692253796432,1693226060682,22,18,4
4325,1693226060682,1692253796497,1692253796502,1693226060752,70,5,65
4326,1693226060752,1692253796510,1692253796512,1693226060763,11,2,9
4327,1693226060763,1692253796518,1692253796521,1693226060771,8,3,5
4328,1693226060771,1692253796525,1692253796528,1693226060779,8,3,5
4329,1693226060779,1692253796561,1692253796564,1693226060814,35,3,32
4330,1693226060815,1692253796568,1692253796571,1693226060822,7,3,4
4331,1693226060822,1692253796614,1692253796616,1693226060867,45,2,43
4332,1693226060867,1692253796622,1692253796625,1693226060875,8,3,5
4333,1693226060875,1692253796629,1692253796632,1693226060882,7,3,4
4334,1693226060882,1692253796638,1692253796640,1693226060891,9,2,7
4335,1693226060891,1692253796654,1692253796656,1693226060907,16,2,14
4336,1693226060907,1692253796669,1692253796672,1693226060922,15,3,12
4337,1693226060922,1692253796678,1692253796681,1693226060931,9,3,6
4338,1693226060931,1692253796690,1692253796692,1693226060943,12,2,10
4339,1693226060943,1692253796758,1692253796761,1693226061012,69,3,66
4340,1693226061012,1692253796766,1692253796770,1693226061021,9,4,5
4341,1693226061021,1692253796774,1692253796798,1693226061049,28,24,4
4342,1693226061049,1692253796861,1692253796865,1693226061115,66,4,62
4343,1693226061115,1692253796874,1692253796877,1693226061128,13,3,10
4344,1693226061128,1692253796886,1692253796888,1693226061140,12,2,10
4345,1693226061140,1692253796910,1692253796913,1693226061163,23,3,20
4346,1693226061163,1692253796917,1692253796920,1693226061171,8,3,5
4347,1693226061171,1692253796946,1692253796950,1693226061200,29,4,25
4348,1693226061200,1692253796954,1692253796957,1693226061207,7,3,4
4349,1693226061207,1692253796961,1692253796964,1693226061214,7,3,4
4350,1693226061214,1692253797021,1692253797049,1693226061299,85,28,57
4351,1693226061299,1692253797109,1692253797112,1693226061363,64,3,61
4352,1693226061363,1692253797125,1692253797128,1693226061379,16,3,13
4353,1693226061379,1692253797132,1692253797135,1693226061386,7,3,4
4354,1693226061386,1692253797141,1692253797144,1693226061394,8,3,5
4355,1693226061394,1692253797154,1692253797193,1693226061443,49,39,10
4356,1693226061443,1692253797206,1692253797208,1693226061459,16,2,14
4357,1693226061459,1692253797214,1692253797217,1693226061469,10,3,7
4358,1693226061469,1692253797253,1692253797256,1693226061506,37,3,34
4359,1693226061506,1692253797262,1692253797265,1693226061515,9,3,6
4360,1693226061515,1692253797285,1692253797288,1693226061538,23,3,20
4361,1693226061538,1692253797301,1692253797304,1693226061554,16,3,13
4362,1693226061554,1692253797308,1692253797314,1693226061564,10,6,4
4363,1693226061564,1692253797317,1692253797320,1693226061571,7,3,4
4364,1693226061571,1692253797325,1692253797327,1693226061578,7,2,5
4365,1693226061578,1692253797332,1692253797335,1693226061585,7,3,4
4366,1693226061585,1692253797346,1692253797348,1693226061599,14,2,12
4367,1693226061599,1692253797373,1692253797376,1693226061628,29,3,26
4368,1693226061628,1692253797404,1692253797410,1693226061661,33,6,27
4369,1693226061661,1692253797444,1692253797446,1693226061697,36,2,34
4370,1693226061697,1692253797486,1692253797489,1693226061739,42,3,39
4371,1693226061739,1692253797534,1692253797537,1693226061787,48,3,45
4372,1693226061787,1692253797542,1692253797544,1693226061795,8,2,6
4373,1693226061795,1692253797554,1692253797557,1693226061807,12,3,9
4374,1693226061807,1692253797562,1692253797567,1693226061817,10,5,5
4375,1693226061817,1692253797572,1692253797575,1693226061825,8,3,5
4376,1693226061825,1692253797610,1692253797613,1693226061864,39,3,36
4377,1693226061864,1692253797661,1692253797665,1693226061915,51,4,47
4378,1693226061915,1692253797757,1692253797759,1693226062010,95,2,93
4379,1693226062010,1692253797764,1692253797767,1693226062018,8,3,5
4380,1693226062018,1692253797773,1692253797776,1693226062027,9,3,6
4381,1693226062027,1692253797797,1692253797800,1693226062050,23,3,20
4382,1693226062050,1692253797806,1692253797809,1693226062061,11,3,8
4383,1693226062062,1692253797911,1692253797915,1693226062165,103,4,99
4384,1693226062165,1692253797919,1692253797923,1693226062173,8,4,4
4385,1693226062173,1692253798034,1692253798037,1693226062288,115,3,112
4386,1693226062288,1692253798066,1692253798069,1693226062321,33,3,30
4387,1693226062321,1692253798082,1692253798085,1693226062335,14,3,11
4388,1693226062335,1692253798094,1692253798097,1693226062347,12,3,9
4389,1693226062347,1692253798110,1692253798113,1693226062363,16,3,13
4390,1693226062363,1692253798118,1692253798120,1693226062371,8,2,6
4391,1693226062371,1692253798126,1692253798128,1693226062379,8,2,6
4392,1693226062379,1692253798186,1692253798189,1693226062440,61,3,58
4393,1693226062440,1692253798209,1692253798212,1693226062463,23,3,20
4394,1693226062463,1692253798216,1692253798219,1693226062471,8,3,5
4395,1693226062471,1692253798247,1692253798250,1693226062500,29,3,26
4396,1693226062500,1692253798254,1692253798257,1693226062508,8,3,5
4397,1693226062508,1692253798333,1692253798336,1693226062586,78,3,75
4398,1693226062586,1692253798342,1692253798346,1693226062596,10,4,6
4399,1693226062596,1692253798357,1692253798360,1693226062611,15,3,12
4400,1693226062611,1692253798365,1692253798368,1693226062618,7,3,4
4401,1693226062618,1692253798372,1692253798375,1693226062625,7,3,4
4402,1693226062625,1692253798379,1692253798382,1693226062633,8,3,5
4403,1693226062633,1692253798387,1692253798390,1693226062640,7,3,4
4404,1693226062640,1692253798408,1692253798411,1693226062661,21,3,18
4405,1693226062661,1692253798415,1692253798418,1693226062683,22,3,19
4406,1693226062683,1692253798438,1692253798441,1693226062691,8,3,5
4407,1693226062691,1692253798445,1692253798448,1693226062698,7,3,4
4408,1693226062698,1692253798452,1692253798455,1693226062705,7,3,4
4409,1693226062705,1692253798459,1692253798462,1693226062712,7,3,4
4410,1693226062712,1692253798486,1692253798489,1693226062739,27,3,24
4411,1693226062739,1692253798493,1692253798495,1693226062745,6,2,4
4412,1693226062745,1692253798529,1692253798532,1693226062782,37,3,34
4413,1693226062782,1692253798536,1692253798539,1693226062790,8,3,5
4414,1693226062790,1692253798550,1692253798553,1693226062803,13,3,10
4415,1693226062803,1692253798562,1692253798565,1693226062816,13,3,10
4416,1693226062816,1692253798570,1692253798573,1693226062824,8,3,5
4417,1693226062824,1692253798577,1692253798580,1693226062830,6,3,3
4418,1693226062830,1692253798602,1692253798604,1693226062855,25,2,23
4419,1693226062855,1692253798610,1692253798612,1693226062863,8,2,6
4420,1693226062863,1692253798622,1692253798625,1693226062875,12,3,9
4421,1693226062875,1692253798634,1692253798636,1693226062887,12,2,10
4422,1693226062887,1692253798642,1692253798645,1693226062895,8,3,5
4423,1693226062896,1692253798658,1692253798660,1693226062911,15,2,13
4424,1693226062911,1692253798666,1692253798669,1693226062920,9,3,6
4425,1693226062920,1692253798721,1692253798724,1693226062974,54,3,51
4426,1693226062974,1692253798737,1692253798740,1693226062990,16,3,13
4427,1693226062990,1692253798746,1692253798749,1693226062999,9,3,6
4428,1693226062999,1692253798757,1692253798761,1693226063011,12,4,8
4429,1693226063011,1692253798765,1692253798768,1693226063018,7,3,4
4430,1693226063018,1692253798830,1692253798833,1693226063086,68,3,65
4431,1693226063086,1692253798839,1692253798843,1693226063094,8,4,4
4432,1693226063094,1692253798850,1692253798855,1693226063105,11,5,6
4433,1693226063105,1692253798877,1692253798889,1693226063140,35,12,23
4434,1693226063140,1692253798905,1692253798914,1693226063165,25,9,16
4435,1693226063165,1692253798920,1692253798927,1693226063177,12,7,5
4436,1693226063177,1692253798981,1692253798984,1693226063234,57,3,54
4437,1693226063234,1692253799005,1692253799008,1693226063258,24,3,21
4438,1693226063259,1692253799014,1692253799017,1693226063330,71,3,68
4439,1693226063330,1692253799129,1692253799132,1693226063382,52,3,49
4440,1693226063382,1692253799136,1692253799139,1693226063389,7,3,4
4441,1693226063389,1692253799150,1692253799152,1693226063403,14,2,12
4442,1693226063403,1692253799180,1692253799183,1693226063433,30,3,27
4443,1693226063433,1692253799217,1692253799220,1693226063470,37,3,34
4444,1693226063470,1692253799257,1692253799260,1693226063511,41,3,38
4445,1693226063511,1692253799345,1692253799348,1693226063599,88,3,85
4446,1693226063599,1692253799410,1692253799413,1693226063664,65,3,62
4447,1693226063664,1692253799453,1692253799456,1693226063706,42,3,39
4448,1693226063706,1692253799510,1692253799513,1693226063763,57,3,54
4449,1693226063763,1692253799518,1692253799522,1693226063773,10,4,6
4450,1693226063773,1692253799561,1692253799565,1693226063815,42,4,38
4451,1693226063815,1692253799570,1692253799573,1693226063823,8,3,5
4452,1693226063823,1692253799733,1692253799736,1693226063987,164,3,161
4453,1693226063987,1692253799742,1692253799744,1693226063995,8,2,6
4454,1693226063995,1692253799748,1692253799752,1693226064002,7,4,3
4455,1693226064002,1692253799759,1692253799762,1693226064012,10,3,7
4456,1693226064012,1692253799766,1692253799770,1693226064021,9,4,5
4457,1693226064021,1692253799846,1692253799849,1693226064099,78,3,75
4458,1693226064100,1692253799854,1692253799857,1693226064109,9,3,6
4459,1693226064109,1692253799866,1692253799868,1693226064119,10,2,8
4460,1693226064119,1692253799881,1692253799884,1693226064134,15,3,12
4461,1693226064134,1692253799890,1692253799893,1693226064143,9,3,6
4462,1693226064144,1692253799898,1692253799901,1693226064151,7,3,4
4463,1693226064151,1692253799905,1692253799907,1693226064158,7,2,5
4464,1693226064158,1692253799915,1692253799918,1693226064169,11,3,8
4465,1693226064169,1692253799923,1692253799925,1693226064176,7,2,5
4466,1693226064176,1692253799969,1692253799972,1693226064222,46,3,43
4467,1693226064222,1692253799978,1692253799981,1693226064231,9,3,6
4468,1693226064231,1692253800001,1692253800004,1693226064255,24,3,21
4469,1693226064255,1692253800026,1692253800030,1693226064281,26,4,22
4470,1693226064281,1692253800053,1692253800056,1693226064307,26,3,23
4471,1693226064307,1692253800061,1692253800064,1693226064314,7,3,4
4472,1693226064314,1692253800068,1692253800071,1693226064321,7,3,4
4473,1693226064321,1692253800075,1692253800078,1693226064329,8,3,5
4474,1693226064329,1692253800121,1692253800124,1693226064374,45,3,42
4475,1693226064374,1692253800198,1692253800202,1693226064452,78,4,74
4476,1693226064452,1692253800210,1692253800212,1693226064463,11,2,9
4477,1693226064463,1692253800242,1692253800245,1693226064495,32,3,29
4478,1693226064495,1692253800250,1692253800252,1693226064503,8,2,6
4479,1693226064503,1692253800265,1692253800268,1693226064519,16,3,13
4480,1693226064519,1692253800325,1692253800329,1693226064579,60,4,56
4481,1693226064579,1692253800333,1692253800338,1693226064588,9,5,4
4482,1693226064588,1692253800346,1692253800349,1693226064600,12,3,9
4483,1693226064600,1692253800358,1692253800360,1693226064611,11,2,9
4484,1693226064611,1692253800366,1692253800368,1693226064621,10,2,8
4485,1693226064621,1692253800391,1692253800394,1693226064644,23,3,20
4486,1693226064644,1692253800409,1692253800413,1693226064663,19,4,15
4487,1693226064663,1692253800417,1692253800420,1693226064670,7,3,4
4488,1693226064670,1692253800434,1692253800457,1693226064707,37,23,14
4489,1693226064708,1692253800464,1692253800467,1693226064718,10,3,7
4490,1693226064718,1692253800482,1692253800485,1693226064735,17,3,14
4491,1693226064735,1692253800490,1692253800493,1693226064744,9,3,6
4492,1693226064744,1692253800498,1692253800501,1693226064752,8,3,5
4493,1693226064752,1692253800507,1692253800510,1693226064766,14,3,11
4494,1693226064766,1692253800562,1692253800577,1693226064831,65,15,50
4495,1693226064831,1692253800590,1692253800593,1693226064844,13,3,10
4496,1693226064844,1692253800666,1692253800669,1693226064919,75,3,72
4497,1693226064919,1692253800673,1692253800676,1693226064929,10,3,7
4498,1693226064929,1692253800682,1692253800687,1693226064938,9,5,4
4499,1693226064938,1692253800692,1692253800695,1693226064945,7,3,4
4500,1693226064945,1692253800699,1692253800703,1693226064953,8,4,4
4501,1693226064953,1692253800707,1692253800710,1693226064961,8,3,5
4502,1693226064961,1692253800714,1692253800717,1693226064967,6,3,3
4503,1693226064967,1692253800725,1692253800728,1693226064978,11,3,8
4504,1693226064978,1692253800745,1692253800761,1693226065012,34,16,18
4505,1693226065012,1692253800766,1692253800769,1693226065020,8,3,5
4506,1693226065020,1692253800774,1692253800778,1693226065032,12,4,8
4507,1693226065032,1692253800798,1692253800801,1693226065051,19,3,16
4508,1693226065051,1692253800805,1692253800808,1693226065063,12,3,9
4509,1693226065063,1692253800817,1692253800820,1693226065071,8,3,5
4510,1693226065071,1692253800825,1692253800827,1693226065078,7,2,5
4511,1693226065078,1692253800832,1692253800834,1693226065085,7,2,5
4512,1693226065085,1692253800873,1692253800876,1693226065127,42,3,39
4513,1693226065127,1692253800897,1692253800901,1693226065151,24,4,20
4514,1693226065151,1692253800914,1692253800917,1693226065167,16,3,13
4515,1693226065167,1692253800921,1692253800925,1693226065199,32,4,28
4516,1693226065199,1692253800954,1692253800965,1693226065216,17,11,6
4517,1693226065216,1692253800974,1692253800976,1693226065227,11,2,9
4518,1693226065227,1692253800981,1692253800984,1693226065236,9,3,6
4519,1693226065236,1692253800996,1692253800999,1693226065250,14,3,11
4520,1693226065250,1692253801061,1692253801064,1693226065314,64,3,61
4521,1693226065314,1692253801068,1692253801071,1693226065321,7,3,4
4522,1693226065322,1692253801076,1692253801079,1693226065329,7,3,4
4523,1693226065329,1692253801084,1692253801087,1693226065338,9,3,6
4524,1693226065338,1692253801092,1692253801095,1693226065346,8,3,5
4525,1693226065346,1692253801100,1692253801102,1693226065353,7,2,5
4526,1693226065353,1692253801106,1692253801109,1693226065359,6,3,3
4527,1693226065359,1692253801112,1692253801116,1693226065366,7,4,3
4528,1693226065366,1692253801120,1692253801123,1693226065373,7,3,4
4529,1693226065373,1692253801127,1692253801147,1693226065397,24,20,4
4530,1693226065397,1692253801221,1692253801225,1693226065475,78,4,74
4531,1693226065475,1692253801238,1692253801241,1693226065491,16,3,13
4532,1693226065491,1692253801250,1692253801281,1693226065532,41,31,10
4533,1693226065532,1692253801285,1692253801288,1693226065539,7,3,4
4534,1693226065539,1692253801305,1692253801308,1693226065559,20,3,17
4535,1693226065559,1692253801345,1692253801349,1693226065599,40,4,36
4536,1693226065599,1692253801370,1692253801372,1693226065623,24,2,22
4537,1693226065623,1692253801408,1692253801412,1693226065662,39,4,35
4538,1693226065662,1692253801417,1692253801420,1693226065670,8,3,5
4539,1693226065670,1692253801463,1692253801466,1693226065716,46,3,43
4540,1693226065716,1692253801474,1692253801477,1693226065728,12,3,9
4541,1693226065728,1692253801481,1692253801486,1693226065737,9,5,4
4542,1693226065737,1692253801497,1692253801500,1693226065751,14,3,11
4543,1693226065751,1692253801506,1692253801508,1693226065759,8,2,6
4544,1693226065759,1692253801521,1692253801524,1693226065774,15,3,12
4545,1693226065774,1692253801528,1692253801531,1693226065782,8,3,5
4546,1693226065782,1692253801539,1692253801542,1693226065792,10,3,7
4547,1693226065792,1692253801546,1692253801549,1693226065799,7,3,4
4548,1693226065799,1692253801553,1692253801556,1693226065806,7,3,4
4549,1693226065806,1692253801560,1692253801563,1693226065813,7,3,4
4550,1693226065813,1692253801568,1692253801571,1693226065822,9,3,6
4551,1693226065822,1692253801581,1692253801585,1693226065835,13,4,9
4552,1693226065835,1692253801605,1692253801608,1693226065859,24,3,21
4553,1693226065859,1692253801658,1692253801661,1693226065911,52,3,49
4554,1693226065911,1692253801670,1692253801673,1693226065923,12,3,9
4555,1693226065923,1692253801677,1692253801679,1693226065930,7,2,5
4556,1693226065930,1692253801690,1692253801692,1693226065943,13,2,11
4557,1693226065943,1692253801698,1692253801701,1693226065952,9,3,6
4558,1693226065952,1692253801706,1692253801709,1693226065960,8,3,5
4559,1693226065960,1692253801717,1692253801720,1693226065970,10,3,7
4560,1693226065970,1692253801725,1692253801727,1693226065977,7,2,5
4561,1693226065977,1692253801731,1692253801734,1693226065984,7,3,4
4562,1693226065984,1692253801742,1692253801745,1693226065995,11,3,8
4563,1693226065995,1692253801757,1692253801760,1693226066011,16,3,13
4564,1693226066011,1692253801765,1692253801770,1693226066021,10,5,5
4565,1693226066021,1692253801782,1692253801785,1693226066035,14,3,11
4566,1693226066035,1692253801797,1692253801800,1693226066050,15,3,12
4567,1693226066050,1692253801804,1692253801807,1693226066057,7,3,4
4568,1693226066057,1692253801811,1692253801814,1693226066068,11,3,8
4569,1693226066068,1692253801826,1692253801828,1693226066079,11,2,9
4570,1693226066079,1692253801846,1692253801849,1693226066100,21,3,18
4571,1693226066100,1692253801854,1692253801869,1693226066119,19,15,4
4572,1693226066119,1692253801873,1692253801876,1693226066126,7,3,4
4573,1693226066126,1692253801880,1692253801882,1693226066132,6,2,4
4574,1693226066132,1692253801886,1692253801889,1693226066140,8,3,5
4575,1693226066140,1692253801894,1692253801901,1693226066151,11,7,4
4576,1693226066151,1692253801905,1692253801907,1693226066158,7,2,5
4577,1693226066158,1692253801911,1692253801915,1693226066166,8,4,4
4578,1693226066166,1692253801919,1692253801924,1693226066175,9,5,4
4579,1693226066175,1692253801930,1692253801933,1693226066183,8,3,5
4580,1693226066183,1692253801937,1692253801940,1693226066191,8,3,5
4581,1693226066191,1692253801945,1692253801948,1693226066198,7,3,4
4582,1693226066198,1692253801952,1692253801955,1693226066205,7,3,4
4583,1693226066205,1692253801959,1692253801962,1693226066213,8,3,5
4584,1693226066213,1692253801967,1692253801970,1693226066220,7,3,4
4585,1693226066221,1692253801975,1692253801978,1693226066228,7,3,4
4586,1693226066228,1692253801982,1692253801985,1693226066235,7,3,4
4587,1693226066236,1692253802010,1692253802012,1693226066263,27,2,25
4588,1693226066263,1692253802017,1692253802020,1693226066270,7,3,4
4589,1693226066270,1692253802024,1692253802027,1693226066277,7,3,4
4590,1693226066278,1692253802046,1692253802048,1693226066299,21,2,19
4591,1693226066299,1692253802052,1692253802055,1693226066306,7,3,4
4592,1693226066306,1692253802060,1692253802063,1693226066313,7,3,4
4593,1693226066313,1692253802067,1692253802070,1693226066320,7,3,4
4594,1693226066320,1692253802075,1692253802078,1693226066328,8,3,5
4595,1693226066328,1692253802082,1692253802085,1693226066335,7,3,4
4596,1693226066335,1692253802180,1692253802183,1693226066434,99,3,96
4597,1693226066434,1692253802192,1692253802195,1693226066445,11,3,8
4598,1693226066445,1692253802199,1692253802202,1693226066452,7,3,4
4599,1693226066452,1692253802206,1692253802209,1693226066459,7,3,4
4600,1693226066459,1692253802213,1692253802216,1693226066466,7,3,4
4601,1693226066466,1692253802237,1692253802241,1693226066491,25,4,21
4602,1693226066491,1692253802246,1692253802248,1693226066499,8,2,6
4603,1693226066499,1692253802253,1692253802256,1693226066506,7,3,4
4604,1693226066506,1692253802260,1692253802263,1693226066513,7,3,4
4605,1693226066513,1692253802267,1692253802270,1693226066521,8,3,5
4606,1693226066521,1692253802275,1692253802278,1693226066528,7,3,4
4607,1693226066528,1692253802309,1692253802312,1693226066563,35,3,32
4608,1693226066563,1692253802322,1692253802325,1693226066576,13,3,10
4609,1693226066576,1692253802330,1692253802333,1693226066583,7,3,4
4610,1693226066583,1692253802337,1692253802340,1693226066590,7,3,4
4611,1693226066590,1692253802345,1692253802348,1693226066598,8,3,5
4612,1693226066599,1692253802353,1692253802355,1693226066606,7,2,5
4613,1693226066606,1692253802360,1692253802362,1693226066613,7,2,5
4614,1693226066613,1692253802408,1692253802412,1693226066662,49,4,45
4615,1693226066662,1692253802416,1692253802470,1693226066720,58,54,4
4616,1693226066720,1692253802506,1692253802509,1693226066760,40,3,37
4617,1693226066760,1692253802514,1692253802516,1693226066767,7,2,5
4618,1693226066767,1692253802562,1692253802565,1693226066815,48,3,45
4619,1693226066815,1692253802573,1692253802577,1693226066827,12,4,8
4620,1693226066827,1692253802581,1692253802584,1693226066835,8,3,5
4621,1693226066835,1692253802717,1692253802720,1693226066971,136,3,133
4622,1693226066971,1692253802731,1692253802734,1693226066984,13,3,10
4623,1693226066984,1692253802739,1692253802742,1693226066992,8,3,5
4624,1693226066992,1692253802758,1692253802761,1693226067011,19,3,16
4625,1693226067011,1692253802765,1692253802768,1693226067019,8,3,5
4626,1693226067019,1692253802901,1692253802904,1693226067154,135,3,132
4627,1693226067155,1692253802919,1692253802922,1693226067173,18,3,15
4628,1693226067173,1692253802926,1692253802930,1693226067181,8,4,4
4629,1693226067181,1692253802961,1692253802964,1693226067215,34,3,31
4630,1693226067215,1692253802970,1692253802973,1693226067223,8,3,5
4631,1693226067223,1692253802977,1692253802981,1693226067231,8,4,4
4632,1693226067231,1692253802986,1692253802989,1693226067239,8,3,5
4633,1693226067239,1692253802994,1692253802997,1693226067247,8,3,5
4634,1693226067247,1692253803069,1692253803073,1693226067323,76,4,72
4635,1693226067323,1692253803077,1692253803080,1693226067331,8,3,5
4636,1693226067331,1692253803085,1692253803088,1693226067338,7,3,4
4637,1693226067338,1692253803092,1692253803095,1693226067347,9,3,6
4638,1693226067347,1692253803106,1692253803109,1693226067359,12,3,9
4639,1693226067359,1692253803129,1692253803132,1693226067382,23,3,20
4640,1693226067382,1692253803153,1692253803156,1693226067406,24,3,21
4641,1693226067406,1692253803170,1692253803172,1693226067423,17,2,15
4642,1693226067423,1692253803261,1692253803264,1693226067514,91,3,88
4643,1693226067514,1692253803294,1692253803297,1693226067547,33,3,30
4644,1693226067547,1692253803337,1692253803340,1693226067612,65,3,62
4645,1693226067612,1692253803369,1692253803371,1693226067622,10,2,8
4646,1693226067623,1692253803376,1692253803379,1693226067630,7,3,4
4647,1693226067630,1692253803390,1692253803412,1693226067662,32,22,10
4648,1693226067662,1692253803417,1692253803420,1693226067670,8,3,5
4649,1693226067670,1692253803462,1692253803469,1693226067734,64,7,57
4650,1693226067734,1692253803490,1692253803494,1693226067744,10,4,6
4651,1693226067744,1692253803498,1692253803501,1693226067751,7,3,4
4652,1693226067751,1692253803505,1692253803509,1693226067760,9,4,5
4653,1693226067760,1692253803541,1692253803544,1693226067795,35,3,32
4654,1693226067795,1692253803568,1692253803572,1693226067822,27,4,23
4655,1693226067822,1692253803576,1692253803579,1693226067829,7,3,4
4656,1693226067829,1692253803609,1692253803612,1693226067863,34,3,31
4657,1693226067863,1692253803629,1692253803632,1693226067882,19,3,16
4658,1693226067882,1692253803636,1692253803640,1693226067890,8,4,4
4659,1693226067890,1692253803644,1692253803649,1693226067899,9,5,4
4660,1693226067899,1692253803653,1692253803656,1693226067906,7,3,4
4661,1693226067906,1692253803674,1692253803676,1693226067926,20,2,18
4662,1693226067926,1692253803697,1692253803700,1693226067951,25,3,22
4663,1693226067951,1692253803713,1692253803716,1693226067967,16,3,13
4664,1693226067967,1692253803725,1692253803728,1693226067978,11,3,8
4665,1693226067978,1692253803733,1692253803735,1693226067986,8,2,6
4666,1693226067986,1692253803740,1692253803743,1693226067993,7,3,4
4667,1693226067993,1692253803747,1692253803750,1693226068000,7,3,4
4668,1693226068001,1692253803755,1692253803760,1693226068010,9,5,4
4669,1693226068010,1692253803764,1692253803768,1693226068018,8,4,4
4670,1693226068018,1692253803773,1692253803776,1693226068027,9,3,6
4671,1693226068027,1692253803782,1692253803784,1693226068035,8,2,6
4672,1693226068035,1692253803789,1692253803792,1693226068042,7,3,4
4673,1693226068042,1692253803796,1692253803799,1693226068050,8,3,5
4674,1693226068050,1692253803857,1692253803860,1693226068111,61,3,58
4675,1693226068111,1692253803864,1692253803867,1693226068118,7,3,4
4676,1693226068118,1692253803885,1692253803888,1693226068138,20,3,17
4677,1693226068138,1692253803897,1692253803900,1693226068150,12,3,9
4678,1693226068150,1692253803903,1692253803906,1693226068156,6,3,3
4679,1693226068156,1692253803913,1692253803916,1693226068166,10,3,7
4680,1693226068166,1692253803920,1692253803923,1693226068173,7,3,4
4681,1693226068173,1692253803928,1692253803932,1693226068182,9,4,5
4682,1693226068182,1692253803936,1692253803979,1693226068229,47,43,4
4683,1693226068229,1692253803989,1692253803992,1693226068242,13,3,10
4684,1693226068242,1692253804002,1692253804005,1693226068256,14,3,11
4685,1693226068256,1692253804010,1692253804013,1693226068263,7,3,4
4686,1693226068263,1692253804042,1692253804045,1693226068295,32,3,29
4687,1693226068295,1692253804049,1692253804052,1693226068303,8,3,5
4688,1693226068303,1692253804059,1692253804064,1693226068315,12,5,7
4689,1693226068315,1692253804069,1692253804072,1693226068323,8,3,5
4690,1693226068323,1692253804097,1692253804100,1693226068350,27,3,24
4691,1693226068350,1692253804105,1692253804107,1693226068357,7,2,5
4692,1693226068357,1692253804111,1692253804113,1693226068364,7,2,5
4693,1693226068364,1692253804126,1692253804129,1693226068381,17,3,14
4694,1693226068381,1692253804146,1692253804149,1693226068400,19,3,16
4695,1693226068400,1692253804154,1692253804156,1693226068407,7,2,5
4696,1693226068407,1692253804174,1692253804177,1693226068427,20,3,17
4697,1693226068427,1692253804182,1692253804185,1693226068435,8,3,5
4698,1693226068435,1692253804209,1692253804212,1693226068462,27,3,24
4699,1693226068462,1692253804217,1692253804221,1693226068472,10,4,6
4700,1693226068472,1692253804231,1692253804233,1693226068483,11,2,9
4701,1693226068483,1692253804237,1692253804240,1693226068490,7,3,4
4702,1693226068490,1692253804243,1692253804246,1693226068496,6,3,3
4703,1693226068496,1692253804270,1692253804272,1693226068523,27,2,25
4704,1693226068523,1692253804277,1692253804280,1693226068530,7,3,4
4705,1693226068530,1692253804284,1692253804288,1693226068538,8,4,4
4706,1693226068538,1692253804291,1692253804294,1693226068544,6,3,3
4707,1693226068544,1692253804338,1692253804340,1693226068591,47,2,45
4708,1693226068591,1692253804345,1692253804348,1693226068598,7,3,4
4709,1693226068598,1692253804370,1692253804373,1693226068623,25,3,22
4710,1693226068623,1692253804382,1692253804385,1693226068636,13,3,10
4711,1693226068636,1692253804390,1692253804393,1693226068643,7,3,4
4712,1693226068643,1692253804414,1692253804417,1693226068667,24,3,21
4713,1693226068667,1692253804421,1692253804424,1693226068674,7,3,4
4714,1693226068674,1692253804428,1692253804432,1693226068682,8,4,4
4715,1693226068682,1692253804436,1692253804439,1693226068689,7,3,4
4716,1693226068689,1692253804443,1692253804445,1693226068696,7,2,5
4717,1693226068696,1692253804450,1692253804452,1693226068703,7,2,5
4718,1693226068703,1692253804457,1692253804460,1693226068710,7,3,4
4719,1693226068710,1692253804465,1692253804468,1693226068718,8,3,5
4720,1693226068718,1692253804472,1692253804475,1693226068726,8,3,5
4721,1693226068726,1692253804530,1692253804533,1693226068783,57,3,54
4722,1693226068783,1692253804541,1692253804568,1693226068820,37,27,10
4723,1693226068820,1692253804575,1692253804580,1693226068831,11,5,6
4724,1693226068831,1692253804605,1692253804608,1693226068858,27,3,24
4725,1693226068858,1692253804622,1692253804626,1693226068876,18,4,14
4726,1693226068876,1692253804642,1692253804645,1693226068895,19,3,16
4727,1693226068895,1692253804694,1692253804697,1693226068947,52,3,49
4728,1693226068947,1692253804701,1692253804704,1693226068954,7,3,4
4729,1693226068954,1692253804708,1692253804711,1693226068961,7,3,4
4730,1693226068961,1692253804715,1692253804718,1693226068969,8,3,5
4731,1693226068969,1692253804723,1692253804726,1693226068977,8,3,5
4732,1693226068977,1692253804731,1692253804734,1693226068985,8,3,5
4733,1693226068985,1692253804738,1692253804741,1693226068992,7,3,4
4734,1693226068992,1692253804758,1692253804761,1693226069011,19,3,16
4735,1693226069011,1692253804765,1692253804768,1693226069018,7,3,4
4736,1693226069018,1692253804773,1692253804776,1693226069026,8,3,5
4737,1693226069026,1692253804794,1692253804797,1693226069047,21,3,18
4738,1693226069047,1692253804865,1692253804868,1693226069118,71,3,68
4739,1693226069119,1692253804872,1692253804875,1693226069127,8,3,5
4740,1693226069127,1692253804880,1692253804891,1693226069142,15,11,4
4741,1693226069142,1692253804898,1692253804900,1693226069151,9,2,7
4742,1693226069151,1692253804906,1692253804909,1693226069160,9,3,6
4743,1693226069160,1692253804917,1692253804922,1693226069172,12,5,7
4744,1693226069172,1692253804927,1692253804931,1693226069181,9,4,5
4745,1693226069181,1692253804935,1692253804943,1693226069194,13,8,5
4746,1693226069194,1692253804953,1692253804957,1693226069207,13,4,9
4747,1693226069207,1692253804961,1692253804964,1693226069215,8,3,5
4748,1693226069215,1692253804969,1692253804972,1693226069222,7,3,4
4749,1693226069222,1692253804976,1692253804979,1693226069230,8,3,5
4750,1693226069230,1692253805045,1692253805048,1693226069299,69,3,66
4751,1693226069299,1692253805073,1692253805077,1693226069327,28,4,24
4752,1693226069327,1692253805138,1692253805140,1693226069391,64,2,62
4753,1693226069391,1692253805281,1692253805284,1693226069536,145,3,142
4754,1693226069536,1692253805297,1692253805300,1693226069550,14,3,11
4755,1693226069550,1692253805314,1692253805316,1693226069567,17,2,15
4756,1693226069567,1692253805346,1692253805350,1693226069600,33,4,29
4757,1693226069600,1692253805362,1692253805365,1693226069615,15,3,12
4758,1693226069615,1692253805397,1692253805400,1693226069650,35,3,32
4759,1693226069650,1692253805413,1692253805416,1693226069666,16,3,13
4760,1693226069666,1692253805423,1692253805439,1693226069689,23,16,7
4761,1693226069689,1692253805461,1692253805464,1693226069715,26,3,23
4762,1693226069715,1692253805501,1692253805504,1693226069763,48,3,45
4763,1693226069763,1692253805517,1692253805520,1693226069770,7,3,4
4764,1693226069770,1692253805524,1692253805526,1693226069777,7,2,5
4765,1693226069777,1692253805531,1692253805533,1693226069784,7,2,5
4766,1693226069784,1692253805546,1692253805549,1693226069799,15,3,12
4767,1693226069799,1692253805568,1692253805572,1693226069822,23,4,19
4768,1693226069822,1692253805576,1692253805579,1693226069829,7,3,4
4769,1693226069829,1692253805669,1692253805672,1693226069923,94,3,91
4770,1693226069923,1692253805677,1692253805680,1693226069930,7,3,4
4771,1693226069930,1692253805694,1692253805697,1693226069947,17,3,14
4772,1693226069947,1692253805717,1692253805720,1693226069970,23,3,20
4773,1693226069970,1692253805725,1692253805727,1693226069978,8,2,6
4774,1693226069978,1692253805732,1692253805735,1693226069985,7,3,4
4775,1693226069985,1692253805739,1692253805742,1693226069993,8,3,5
4776,1693226069993,1692253805747,1692253805750,1693226070001,8,3,5
4777,1693226070001,1692253805755,1692253805758,1693226070008,7,3,4
4778,1693226070008,1692253805762,1692253805765,1693226070016,8,3,5
4779,1693226070016,1692253805770,1692253805774,1693226070025,9,4,5
4780,1693226070025,1692253805778,1692253805782,1693226070033,8,4,4
4781,1693226070033,1692253805798,1692253805801,1693226070051,18,3,15
4782,1693226070051,1692253805806,1692253805809,1693226070059,8,3,5
4783,1693226070059,1692253805837,1692253805840,1693226070091,32,3,29
4784,1693226070091,1692253805845,1692253805848,1693226070098,7,3,4
4785,1693226070098,1692253805857,1692253805860,1693226070111,13,3,10
4786,1693226070111,1692253805866,1692253805868,1693226070119,8,2,6
4787,1693226070119,1692253805934,1692253805937,1693226070187,68,3,65
4788,1693226070187,1692253805941,1692253805945,1693226070195,8,4,4
4789,1693226070195,1692253805950,1692253805953,1693226070203,8,3,5
4790,1693226070203,1692253805957,1692253805960,1693226070211,8,3,5
4791,1693226070211,1692253805969,1692253805972,1693226070223,12,3,9
4792,1693226070223,1692253805977,1692253805980,1693226070230,7,3,4
4793,1693226070230,1692253805990,1692253805993,1693226070243,13,3,10
4794,1693226070243,1692253805998,1692253806001,1693226070253,10,3,7
4795,1693226070253,1692253806007,1692253806010,1693226070260,7,3,4
4796,1693226070260,1692253806014,1692253806037,1693226070288,28,23,5
4797,1693226070288,1692253806045,1692253806049,1693226070300,12,4,8
4798,1693226070300,1692253806054,1692253806056,1693226070307,7,2,5
4799,1693226070307,1692253806061,1692253806064,1693226070314,7,3,4
4800,1693226070314,1692253806069,1692253806071,1693226070322,8,2,6
4801,1693226070322,1692253806076,1692253806079,1693226070329,7,3,4
4802,1693226070329,1692253806083,1692253806086,1693226070336,7,3,4
4803,1693226070336,1692253806091,1692253806094,1693226070344,8,3,5
4804,1693226070344,1692253806098,1692253806101,1693226070352,8,3,5
4805,1693226070352,1692253806108,1692253806111,1693226070361,9,3,6
4806,1693226070361,1692253806115,1692253806119,1693226070369,8,4,4
4807,1693226070369,1692253806130,1692253806134,1693226070384,15,4,11
4808,1693226070384,1692253806158,1692253806161,1693226070412,28,3,25
4809,1693226070412,1692253806178,1692253806181,1693226070431,19,3,16
4810,1693226070431,1692253806186,1692253806188,1693226070439,8,2,6
4811,1693226070439,1692253806237,1692253806240,1693226070490,51,3,48
4812,1693226070490,1692253806262,1692253806265,1693226070515,25,3,22
4813,1693226070515,1692253806269,1692253806272,1693226070522,7,3,4
4814,1693226070522,1692253806330,1692253806333,1693226070583,61,3,58
4815,1693226070583,1692253806338,1692253806341,1693226070592,9,3,6
4816,1693226070592,1692253806345,1692253806348,1693226070599,7,3,4
4817,1693226070599,1692253806352,1692253806355,1693226070605,6,3,3
4818,1693226070605,1692253806360,1692253806363,1693226070614,9,3,6
4819,1693226070614,1692253806414,1692253806417,1693226070668,54,3,51
4820,1693226070668,1692253806422,1692253806425,1693226070676,8,3,5
4821,1693226070676,1692253806547,1692253806550,1693226070801,125,3,122
4822,1693226070801,1692253806562,1692253806568,1693226070818,17,6,11
4823,1693226070819,1692253806573,1692253806576,1693226070827,8,3,5
4824,1693226070827,1692253806581,1692253806584,1693226070835,8,3,5
4825,1693226070835,1692253806589,1692253806592,1693226070842,7,3,4
4826,1693226070842,1692253806597,1692253806600,1693226070851,9,3,6
4827,1693226070851,1692253806645,1692253806647,1693226070899,48,2,46
4828,1693226070899,1692253806673,1692253806676,1693226070927,28,3,25
4829,1693226070927,1692253806683,1692253806686,1693226070936,9,3,6
4830,1693226070936,1692253806702,1692253806707,1693226070957,21,5,16
4831,1693226070957,1692253806737,1692253806741,1693226070991,34,4,30
4832,1693226070991,1692253806745,1692253806748,1693226070998,7,3,4
4833,1693226070998,1692253806752,1692253806757,1693226071008,10,5,5
4834,1693226071008,1692253806762,1692253806765,1693226071016,8,3,5
4835,1693226071016,1692253806770,1692253806774,1693226071025,9,4,5
4836,1693226071025,1692253806905,1692253806908,1693226071159,134,3,131
4837,1693226071159,1692253806913,1692253806916,1693226071166,7,3,4
4838,1693226071166,1692253806936,1692253806939,1693226071190,24,3,21
4839,1693226071190,1692253806944,1692253806947,1693226071197,7,3,4
4840,1693226071197,1692253806959,1692253806962,1693226071212,15,3,12
4841,1693226071212,1692253806966,1692253806969,1693226071220,8,3,5
4842,1693226071220,1692253807073,1692253807076,1693226071326,106,3,103
4843,1693226071326,1692253807117,1692253807120,1693226071371,45,3,42
4844,1693226071371,1692253807125,1692253807128,1693226071380,9,3,6
4845,1693226071380,1692253807138,1692253807140,1693226071390,10,2,8
4846,1693226071391,1692253807145,1692253807148,1693226071398,7,3,4
4847,1693226071398,1692253807152,1692253807155,1693226071406,8,3,5
4848,1693226071406,1692253807160,1692253807163,1693226071413,7,3,4
4849,1693226071413,1692253807167,1692253807170,1693226071420,7,3,4
4850,1693226071420,1692253807174,1692253807177,1693226071427,7,3,4
4851,1693226071427,1692253807181,1692253807184,1693226071434,7,3,4
4852,1693226071434,1692253807188,1692253807191,1693226071441,7,3,4
4853,1693226071441,1692253807195,1692253807198,1693226071448,7,3,4
4854,1693226071448,1692253807202,1692253807205,1693226071455,7,3,4
4855,1693226071455,1692253807222,1692253807225,1693226071476,21,3,18
4856,1693226071476,1692253807238,1692253807240,1693226071490,14,2,12
4857,1693226071490,1692253807244,1692253807247,1693226071497,7,3,4
4858,1693226071497,1692253807266,1692253807268,1693226071519,22,2,20
4859,1693226071519,1692253807273,1692253807276,1693226071526,7,3,4
4860,1693226071526,1692253807281,1692253807283,1693226071533,7,2,5
4861,1693226071533,1692253807289,1692253807292,1693226071543,10,3,7
4862,1693226071543,1692253807298,1692253807305,1693226071555,12,7,5
4863,1693226071555,1692253807329,1692253807333,1693226071584,29,4,25
4864,1693226071584,1692253807348,1692253807351,1693226071601,17,3,14
4865,1693226071601,1692253807369,1692253807372,1693226071622,21,3,18
4866,1693226071622,1692253807378,1692253807380,1693226071631,9,2,7
4867,1693226071631,1692253807390,1692253807392,1693226071643,12,2,10
4868,1693226071643,1692253807398,1692253807400,1693226071651,8,2,6
4869,1693226071651,1692253807414,1692253807418,1693226071668,17,4,13
4870,1693226071668,1692253807446,1692253807451,1693226071701,33,5,28
4871,1693226071701,1692253807458,1692253807460,1693226071711,10,2,8
4872,1693226071711,1692253807533,1692253807536,1693226071786,75,3,72
4873,1693226071786,1692253807541,1692253807545,1693226071818,32,4,28
4874,1693226071818,1692253807574,1692253807578,1693226071829,11,4,7
4875,1693226071829,1692253807605,1692253807609,1693226071863,34,4,30
4876,1693226071863,1692253807622,1692253807625,1693226071875,12,3,9
4877,1693226071875,1692253807697,1692253807700,1693226071951,76,3,73
4878,1693226071951,1692253807765,1692253807768,1693226072019,68,3,65
4879,1693226072019,1692253807773,1692253807777,1693226072028,9,4,5
4880,1693226072028,1692253807798,1692253807801,1693226072051,23,3,20
4881,1693226072052,1692253807806,1692253807809,1693226072059,7,3,4
4882,1693226072059,1692253807812,1692253807815,1693226072065,6,3,3
4883,1693226072066,1692253807841,1692253807844,1693226072096,30,3,27
4884,1693226072096,1692253807934,1692253807938,1693226072189,93,4,89
4885,1693226072189,1692253807943,1692253807946,1693226072199,10,3,7
4886,1693226072199,1692253808001,1692253808004,1693226072254,55,3,52
4887,1693226072254,1692253808014,1692253808017,1693226072267,13,3,10
4888,1693226072267,1692253808021,1692253808024,1693226072274,7,3,4
4889,1693226072274,1692253808077,1692253808080,1693226072343,69,3,66
4890,1693226072343,1692253808125,1692253808128,1693226072378,35,3,32
4891,1693226072379,1692253808134,1692253808136,1693226072386,7,2,5
4892,1693226072386,1692253808142,1692253808145,1693226072395,9,3,6
4893,1693226072395,1692253808149,1692253808152,1693226072404,9,3,6
4894,1693226072404,1692253808171,1692253808173,1693226072423,19,2,17
4895,1693226072423,1692253808178,1692253808181,1693226072431,8,3,5
4896,1693226072431,1692253808229,1692253808233,1693226072483,52,4,48
4897,1693226072483,1692253808262,1692253808265,1693226072515,32,3,29
4898,1693226072515,1692253808269,1692253808272,1693226072522,7,3,4
4899,1693226072522,1692253808276,1692253808279,1693226072529,7,3,4
4900,1693226072529,1692253808289,1692253808291,1693226072542,13,2,11
4901,1693226072542,1692253808296,1692253808302,1693226072552,10,6,4
4902,1693226072552,1692253808306,1692253808309,1693226072560,8,3,5
4903,1693226072560,1692253808314,1692253808317,1693226072567,7,3,4
4904,1693226072568,1692253808321,1692253808324,1693226072574,6,3,3
4905,1693226072574,1692253808327,1692253808330,1693226072581,7,3,4
4906,1693226072581,1692253808335,1692253808339,1693226072589,8,4,4
4907,1693226072589,1692253808343,1692253808348,1693226072598,9,5,4
4908,1693226072598,1692253808352,1692253808355,1693226072605,7,3,4
4909,1693226072605,1692253808361,1692253808363,1693226072614,9,2,7
4910,1693226072614,1692253808368,1692253808370,1693226072621,7,2,5
4911,1693226072621,1692253808376,1692253808379,1693226072629,8,3,5
4912,1693226072629,1692253808383,1692253808386,1693226072636,7,3,4
4913,1693226072637,1692253808391,1692253808415,1693226072665,28,24,4
4914,1693226072665,1692253808419,1692253808423,1693226072674,9,4,5
4915,1693226072674,1692253808485,1692253808488,1693226072738,64,3,61
4916,1693226072738,1692253808498,1692253808501,1693226072751,13,3,10
4917,1693226072751,1692253808517,1692253808520,1693226072770,19,3,16
4918,1693226072770,1692253808525,1692253808528,1693226072779,9,3,6
4919,1693226072779,1692253808538,1692253808540,1693226072790,11,2,9
4920,1693226072790,1692253808544,1692253808547,1693226072798,8,3,5
4921,1693226072798,1692253808570,1692253808574,1693226072823,25,4,21
4922,1693226072824,1692253808577,1692253808580,1693226072832,8,3,5
4923,1693226072832,1692253808587,1692253808591,1693226072841,9,4,5
4924,1693226072841,1692253808601,1692253808604,1693226072854,13,3,10
4925,1693226072855,1692253808674,1692253808677,1693226072928,73,3,70
4926,1693226072928,1692253808686,1692253808705,1693226072956,28,19,9
4927,1693226072956,1692253808726,1692253808729,1693226072979,23,3,20
4928,1693226072979,1692253808765,1692253808768,1693226073019,40,3,37
4929,1693226073019,1692253808773,1692253808776,1693226073026,7,3,4
4930,1693226073027,1692253808781,1692253808784,1693226073035,8,3,5
4931,1693226073035,1692253808789,1692253808792,1693226073042,7,3,4
4932,1693226073042,1692253808849,1692253808852,1693226073103,61,3,58
4933,1693226073103,1692253808861,1692253808864,1693226073115,12,3,9
4934,1693226073115,1692253808870,1692253808872,1693226073123,8,2,6
4935,1693226073123,1692253808901,1692253808904,1693226073154,31,3,28
4936,1693226073154,1692253808930,1692253808933,1693226073184,30,3,27
4937,1693226073184,1692253808939,1692253808942,1693226073192,8,3,5
4938,1693226073192,1692253808963,1692253808966,1693226073216,24,3,21
4939,1693226073216,1692253808974,1692253808976,1693226073227,11,2,9
4940,1693226073227,1692253808981,1692253808985,1693226073235,8,4,4
4941,1693226073235,1692253809049,1692253809052,1693226073303,68,3,65
4942,1693226073303,1692253809057,1692253809060,1693226073310,7,3,4
4943,1693226073310,1692253809129,1692253809145,1693226073395,85,16,69
4944,1693226073395,1692253809149,1692253809152,1693226073402,7,3,4
4945,1693226073402,1692253809156,1692253809159,1693226073410,8,3,5
4946,1693226073410,1692253809182,1692253809184,1693226073434,24,2,22
4947,1693226073434,1692253809188,1692253809191,1693226073443,9,3,6
4948,1693226073443,1692253809197,1692253809200,1693226073451,8,3,5
4949,1693226073451,1692253809225,1692253809228,1693226073478,27,3,24
4950,1693226073478,1692253809341,1692253809344,1693226073594,116,3,113
4951,1693226073594,1692253809354,1692253809356,1693226073606,12,2,10
4952,1693226073607,1692253809406,1692253809409,1693226073659,52,3,49
4953,1693226073659,1692253809418,1692253809421,1693226073671,12,3,9
4954,1693226073671,1692253809425,1692253809429,1693226073706,35,4,31
4955,1693226073706,1692253809479,1692253809482,1693226073735,29,3,26
4956,1693226073735,1692253809489,1692253809492,1693226073742,7,3,4
4957,1693226073742,1692253809496,1692253809499,1693226073750,8,3,5
4958,1693226073750,1692253809504,1692253809508,1693226073758,8,4,4
4959,1693226073758,1692253809511,1692253809514,1693226073764,6,3,3
4960,1693226073764,1692253809580,1692253809583,1693226073834,70,3,67
4961,1693226073834,1692253809590,1692253809598,1693226073849,15,8,7
4962,1693226073849,1692253809603,1692253809606,1693226073857,8,3,5
4963,1693226073857,1692253809611,1692253809614,1693226073864,7,3,4
4964,1693226073864,1692253809645,1692253809648,1693226073899,35,3,32
4965,1693226073899,1692253809653,1692253809658,1693226073908,9,5,4
4966,1693226073909,1692253809663,1692253809666,1693226073916,7,3,4
4967,1693226073916,1692253809671,1692253809674,1693226073924,8,3,5
4968,1693226073924,1692253809729,1692253809732,1693226073983,59,3,56
4969,1693226073983,1692253809737,1692253809740,1693226073990,7,3,4
4970,1693226073990,1692253809744,1692253809748,1693226073998,8,4,4
4971,1693226073998,1692253809770,1692253809776,1693226074027,29,6,23
4972,1693226074027,1692253809789,1692253809792,1693226074091,64,3,61
4973,1693226074091,1692253809847,1692253809851,1693226074101,10,4,6
4974,1693226074101,1692253809878,1692253809880,1693226074131,30,2,28
4975,1693226074131,1692253809890,1692253809892,1693226074144,13,2,11
4976,1693226074144,1692253809935,1692253809938,1693226074189,45,3,42
4977,1693226074189,1692253809943,1692253810030,1693226074281,92,87,5
4978,1693226074281,1692253810041,1692253810044,1693226074294,13,3,10
4979,1693226074294,1692253810197,1692253810200,1693226074452,158,3,155
4980,1693226074452,1692253810209,1692253810212,1693226074462,10,3,7
4981,1693226074462,1692253810216,1692253810218,1693226074469,7,2,5
4982,1693226074469,1692253810223,1692253810226,1693226074476,7,3,4
4983,1693226074476,1692253810335,1692253810339,1693226074589,113,4,109
4984,1693226074589,1692253810377,1692253810380,1693226074630,41,3,38
4985,1693226074630,1692253810394,1692253810397,1693226074647,17,3,14
4986,1693226074647,1692253810402,1692253810405,1693226074656,9,3,6
4987,1693226074656,1692253810419,1692253810423,1693226074674,18,4,14
4988,1693226074674,1692253810428,1692253810487,1693226074737,63,59,4
4989,1693226074737,1692253810491,1692253810494,1693226074745,8,3,5
4990,1693226074745,1692253810499,1692253810502,1693226074752,7,3,4
4991,1693226074752,1692253810505,1692253810508,1693226074759,7,3,4
4992,1693226074759,1692253810521,1692253810524,1693226074774,15,3,12
4993,1693226074774,1692253810534,1692253810536,1693226074786,12,2,10
4994,1693226074786,1692253810547,1692253810550,1693226074801,15,3,12
4995,1693226074801,1692253810558,1692253810561,1693226074811,10,3,7
4996,1693226074811,1692253810570,1692253810576,1693226074826,15,6,9
4997,1693226074826,1692253810581,1692253810584,1693226074834,8,3,5
4998,1693226074834,1692253810588,1692253810592,1693226074842,8,4,4
4999,1693226074842,1692253810673,1692253810676,1693226074927,85,3,82
5000,1693226074927,1692253810690,1692253810693,1693226074943,16,3,13
5001,1693226074943,1692253810697,1692253810700,1693226074950,7,3,4
5002,1693226077962,1692253813716,1692253813720,1693226077970,8,4,4
5003,1693226077970,1692253813724,1692253813727,1693226077977,7,3,4
5004,1693226077977,1692253813732,1692253813735,1693226077986,9,3,6
5005,1693226077986,1692253813740,1692253813743,1693226077993,7,3,4
5006,1693226077993,1692253813746,1692253813749,1693226078000,7,3,4
5007,1693226078000,1692253813753,1692253813757,1693226078007,7,4,3
5008,1693226078008,1692253813763,1692253813766,1693226078016,8,3,5
5009,1693226078016,1692253813771,1692253813773,1693226078023,7,2,5
5010,1693226078024,1692253813778,1692253813781,1693226078031,7,3,4
5011,1693226078031,1692253813787,1692253813790,1693226078040,9,3,6
5012,1693226078040,1692253813794,1692253813798,1693226078048,8,4,4
5013,1693226078048,1692253813802,1692253813805,1693226078055,7,3,4
5014,1693226078055,1692253813808,1692253813813,1693226078063,8,5,3
5015,1693226078063,1692253813818,1692253813821,1693226078071,8,3,5
5016,1693226078071,1692253813825,1692253813828,1693226078078,7,3,4
5017,1693226078078,1692253813832,1692253813835,1693226078085,7,3,4
5018,1693226078085,1692253813838,1692253813841,1693226078092,7,3,4
5019,1693226078092,1692253813846,1692253813849,1693226078099,7,3,4
5020,1693226078099,1692253813853,1692253813857,1693226078107,8,4,4
5021,1693226078107,1692253813861,1692253813865,1693226078115,8,4,4
5022,1693226078115,1692253813870,1692253813874,1693226078124,9,4,5
5023,1693226078124,1692253813877,1692253813880,1693226078131,7,3,4
5024,1693226078131,1692253813885,1692253813888,1693226078139,8,3,5
5025,1693226078139,1692253813893,1692253813896,1693226078147,8,3,5
5026,1693226078147,1692253813902,1692253813905,1693226078155,8,3,5
5027,1693226078155,1692253813909,1692253813913,1693226078163,8,4,4
5028,1693226078163,1692253813917,1692253813920,1693226078171,8,3,5
5029,1693226078171,1692253813925,1692253813928,1693226078178,7,3,4
5030,1693226078178,1692253813932,1692253813935,1693226078185,7,3,4
5031,1693226078185,1692253813939,1692253813943,1693226078193,8,4,4
5032,1693226078193,1692253813947,1692253813951,1693226078201,8,4,4
5033,1693226078202,1692253813956,1692253813958,1693226078209,7,2,5
5034,1693226078209,1692253813962,1692253813965,1693226078215,6,3,3
5035,1693226078215,1692253813970,1692253813973,1693226078223,8,3,5
5036,1693226078223,1692253813976,1692253813980,1693226078230,7,4,3
5037,1693226078230,1692253813984,1692253813987,1693226078237,7,3,4
5038,1693226078237,1692253813993,1692253813996,1693226078245,8,3,5
5039,1693226078246,1692253813999,1692253814003,1693226078253,7,4,3
5040,1693226078253,1692253814006,1692253814009,1693226078259,6,3,3
5041,1693226078260,1692253814014,1692253814017,1693226078267,7,3,4
5042,1693226078267,1692253814022,1692253814025,1693226078276,9,3,6
5043,1693226078276,1692253814031,1692253814034,1693226078284,8,3,5
5044,1693226078284,1692253814038,1692253814041,1693226078291,7,3,4
5045,1693226078291,1692253814045,1692253814048,1693226078298,7,3,4
5046,1693226078298,1692253814053,1692253814057,1693226078307,9,4,5
5047,1693226078307,1692253814061,1692253814063,1693226078314,7,2,5
5048,1693226078314,1692253814068,1692253814071,1693226078321,7,3,4
5049,1693226078321,1692253814075,1692253814078,1693226078328,7,3,4
5050,1693226078329,1692253814083,1692253814085,1693226078335,6,2,4
5051,1693226078335,1692253814089,1692253814094,1693226078344,9,5,4
5052,1693226078344,1692253814099,1692253814103,1693226078353,9,4,5
5053,1693226078353,1692253814107,1692253814110,1693226078360,7,3,4
5054,1693226078360,1692253814115,1692253814118,1693226078368,8,3,5
5055,1693226078368,1692253814122,1692253814125,1693226078375,7,3,4
5056,1693226078375,1692253814129,1692253814132,1693226078383,8,3,5
5057,1693226078383,1692253814137,1692253814140,1693226078391,8,3,5
5058,1693226078391,1692253814145,1692253814148,1693226078399,8,3,5
5059,1693226078399,1692253814153,1692253814156,1693226078406,7,3,4
5060,1693226078406,1692253814160,1692253814163,1693226078414,8,3,5
5061,1693226078414,1692253814167,1692253814171,1693226078421,7,4,3
5062,1693226078421,1692253814175,1692253814178,1693226078428,7,3,4
5063,1693226078428,1692253814182,1692253814186,1693226078437,9,4,5
5064,1693226078437,1692253814191,1692253814194,1693226078445,8,3,5
5065,1693226078445,1692253814200,1692253814204,1693226078454,9,4,5
5066,1693226078454,1692253814208,1692253814210,1693226078461,7,2,5
5067,1693226078461,1692253814215,1692253814218,1693226078468,7,3,4
5068,1693226078468,1692253814226,1692253814229,1693226078479,11,3,8
5069,1693226078479,1692253814233,1692253814236,1693226078487,8,3,5
5070,1693226078487,1692253814248,1692253814251,1693226078501,14,3,11
5071,1693226078501,1692253814256,1692253814259,1693226078509,8,3,5
5072,1693226078509,1692253814264,1692253814267,1693226078517,8,3,5
5073,1693226078517,1692253814272,1692253814274,1693226078525,8,2,6
5074,1693226078525,1692253814279,1692253814282,1693226078532,7,3,4
5075,1693226078532,1692253814296,1692253814299,1693226078549,17,3,14
5076,1693226078549,1692253814302,1692253814305,1693226078555,6,3,3
5077,1693226078555,1692253814309,1692253814313,1693226078563,8,4,4
5078,1693226078563,1692253814320,1692253814323,1693226078573,10,3,7
5079,1693226078573,1692253814327,1692253814330,1693226078580,7,3,4
5080,1693226078580,1692253814334,1692253814338,1693226078588,8,4,4
5081,1693226078588,1692253814342,1692253814345,1693226078597,9,3,6
5082,1693226078597,1692253814361,1692253814364,1693226078615,18,3,15
5083,1693226078615,1692253814373,1692253814376,1693226078627,12,3,9
5084,1693226078627,1692253814386,1692253814389,1693226078639,12,3,9
5085,1693226078639,1692253814395,1692253814398,1693226078650,11,3,8
5086,1693226078650,1692253814404,1692253814407,1693226078657,7,3,4
5087,1693226078657,1692253814411,1692253814415,1693226078665,8,4,4
5088,1693226078665,1692253814419,1692253814425,1693226078675,10,6,4
5089,1693226078675,1692253814429,1692253814432,1693226078682,7,3,4
5090,1693226078682,1692253814437,1692253814440,1693226078691,9,3,6
5091,1693226078691,1692253814445,1692253814449,1693226078700,9,4,5
5092,1693226078700,1692253814458,1692253814461,1693226078711,11,3,8
5093,1693226078711,1692253814466,1692253814469,1693226078719,8,3,5
5094,1693226078719,1692253814472,1692253814476,1693226078726,7,4,3
5095,1693226078726,1692253814481,1692253814485,1693226078736,10,4,6
5096,1693226078736,1692253814490,1692253814494,1693226078745,9,4,5
5097,1693226078745,1692253814499,1692253814503,1693226078753,8,4,4
5098,1693226078753,1692253814507,1692253814511,1693226078761,8,4,4
5099,1693226078761,1692253814515,1692253814519,1693226078769,8,4,4
5100,1693226078769,1692253814523,1692253814527,1693226078777,8,4,4
5101,1693226078777,1692253814531,1692253814535,1693226078785,8,4,4
5102,1693226078785,1692253814539,1692253814543,1693226078793,8,4,4
5103,1693226078793,1692253814547,1692253814550,1693226078800,7,3,4
5104,1693226078800,1692253814554,1692253814558,1693226078808,8,4,4
5105,1693226078808,1692253814562,1692253814565,1693226078816,8,3,5
5106,1693226078816,1692253814573,1692253814577,1693226078827,11,4,7
5107,1693226078827,1692253814581,1692253814584,1693226078834,7,3,4
5108,1693226078834,1692253814588,1692253814592,1693226078841,7,4,3
5109,1693226078842,1692253814595,1692253814600,1693226078850,8,5,3
5110,1693226078850,1692253814604,1692253814607,1693226078857,7,3,4
5111,1693226078857,1692253814611,1692253814615,1693226078865,8,4,4
5112,1693226078865,1692253814620,1692253814623,1693226078874,9,3,6
5113,1693226078874,1692253814628,1692253814632,1693226078882,8,4,4
5114,1693226078882,1692253814636,1692253814639,1693226078889,7,3,4
5115,1693226078889,1692253814643,1692253814646,1693226078898,9,3,6
5116,1693226078898,1692253814652,1692253814655,1693226078906,8,3,5
5117,1693226078906,1692253814659,1692253814664,1693226078914,8,5,3
5118,1693226078914,1692253814669,1692253814672,1693226078922,8,3,5
5119,1693226078922,1692253814676,1692253814679,1693226078929,7,3,4
5120,1693226078929,1692253814683,1692253814687,1693226078937,8,4,4
5121,1693226078937,1692253814691,1692253814693,1693226078943,6,2,4
5122,1693226078943,1692253814698,1692253814702,1693226078952,9,4,5
5123,1693226078952,1692253814709,1692253814712,1693226078962,10,3,7
5124,1693226078962,1692253814717,1692253814719,1693226078969,7,2,5
5125,1693226078969,1692253814724,1692253814729,1693226078979,10,5,5
5126,1693226078979,1692253814733,1692253814737,1693226078988,9,4,5
5127,1693226078988,1692253814742,1692253814745,1693226078995,7,3,4
5128,1693226078995,1692253814749,1692253814752,1693226079002,7,3,4
5129,1693226079002,1692253814756,1692253814760,1693226079010,8,4,4
5130,1693226079010,1692253814765,1692253814768,1693226079018,8,3,5
5131,1693226079018,1692253814773,1692253814777,1693226079027,9,4,5
5132,1693226079027,1692253814781,1692253814784,1693226079035,8,3,5
5133,1693226079035,1692253814789,1692253814792,1693226079042,7,3,4
5134,1693226079042,1692253814797,1692253814801,1693226079051,9,4,5
5135,1693226079051,1692253814805,1692253814808,1693226079060,9,3,6
5136,1693226079060,1692253814814,1692253814817,1693226079068,8,3,5
5137,1693226079068,1692253814822,1692253814825,1693226079075,7,3,4
5138,1693226079075,1692253814830,1692253814833,1693226079083,8,3,5
5139,1693226079083,1692253814837,1692253814840,1693226079091,8,3,5
5140,1693226079091,1692253814845,1692253814848,1693226079098,7,3,4
5141,1693226079098,1692253814853,1692253814856,1693226079106,8,3,5
5142,1693226079107,1692253814861,1692253814864,1693226079114,7,3,4
5143,1693226079114,1692253814868,1692253814871,1693226079121,7,3,4
5144,1693226079121,1692253814875,1692253814879,1693226079129,8,4,4
5145,1693226079129,1692253814883,1692253814887,1693226079137,8,4,4
5146,1693226079137,1692253814890,1692253814895,1693226079146,9,5,4
5147,1693226079146,1692253814900,1692253814903,1693226079153,7,3,4
5148,1693226079153,1692253814907,1692253814910,1693226079162,9,3,6
5149,1693226079162,1692253814916,1692253814919,1693226079170,8,3,5
5150,1693226079170,1692253814924,1692253814926,1693226079177,7,2,5
5151,1693226079177,1692253814931,1692253814934,1693226079185,8,3,5
5152,1693226079185,1692253814939,1692253814942,1693226079193,8,3,5
5153,1693226079193,1692253814947,1692253814950,1693226079201,8,3,5
5154,1693226079201,1692253814955,1692253814958,1693226079209,8,3,5
5155,1693226079209,1692253814962,1692253814966,1693226079216,7,4,3
5156,1693226079217,1692253814971,1692253814974,1693226079224,7,3,4
5157,1693226079224,1692253814978,1692253814981,1693226079231,7,3,4
5158,1693226079231,1692253814986,1692253814988,1693226079239,8,2,6
5159,1693226079239,1692253814993,1692253814997,1693226079247,8,4,4
5160,1693226079247,1692253815001,1692253815005,1693226079255,8,4,4
5161,1693226079255,1692253815009,1692253815014,1693226079264,9,5,4
5162,1693226079264,1692253815018,1692253815022,1693226079272,8,4,4
5163,1693226079272,1692253815027,1692253815029,1693226079280,8,2,6
5164,1693226079280,1692253815038,1692253815042,1693226079292,12,4,8
5165,1693226079292,1692253815046,1692253815049,1693226079299,7,3,4
5166,1693226079299,1692253815054,1692253815057,1693226079308,9,3,6
5167,1693226079308,1692253815062,1692253815065,1693226079315,7,3,4
5168,1693226079315,1692253815072,1692253815076,1693226079326,11,4,7
5169,1693226079326,1692253815080,1692253815083,1693226079333,7,3,4
5170,1693226079333,1692253815087,1692253815090,1693226079341,8,3,5
5171,1693226079341,1692253815095,1692253815098,1693226079348,7,3,4
5172,1693226079348,1692253815102,1692253815105,1693226079355,7,3,4
5173,1693226079355,1692253815109,1692253815113,1693226079363,8,4,4
5174,1693226079363,1692253815119,1692253815122,1693226079372,9,3,6
5175,1693226079372,1692253815126,1692253815129,1693226079379,7,3,4
5176,1693226079379,1692253815133,1692253815136,1693226079386,7,3,4
5177,1693226079386,1692253815140,1692253815143,1693226079394,8,3,5
5178,1693226079394,1692253815148,1692253815151,1693226079401,7,3,4
5179,1693226079401,1692253815156,1692253815159,1693226079409,8,3,5
5180,1693226079409,1692253815163,1692253815166,1693226079416,7,3,4
5181,1693226079416,1692253815170,1692253815173,1693226079423,7,3,4
5182,1693226079424,1692253815178,1692253815182,1693226079432,8,4,4
5183,1693226079432,1692253815186,1692253815189,1693226079439,7,3,4
5184,1693226079439,1692253815193,1692253815197,1693226079448,9,4,5
5185,1693226079448,1692253815202,1692253815205,1693226079455,7,3,4
5186,1693226079455,1692253815209,1692253815212,1693226079462,7,3,4
5187,1693226079462,1692253815217,1692253815221,1693226079471,9,4,5
5188,1693226079471,1692253815224,1692253815227,1693226079478,7,3,4
5189,1693226079478,1692253815232,1692253815235,1693226079485,7,3,4
5190,1693226079485,1692253815239,1692253815243,1693226079493,8,4,4
5191,1693226079493,1692253815247,1692253815251,1693226079501,8,4,4
5192,1693226079501,1692253815255,1692253815258,1693226079509,8,3,5
5193,1693226079509,1692253815263,1692253815266,1693226079516,7,3,4
5194,1693226079516,1692253815271,1692253815274,1693226079524,8,3,5
5195,1693226079524,1692253815279,1692253815282,1693226079533,9,3,6
5196,1693226079533,1692253815287,1692253815290,1693226079540,7,3,4
5197,1693226079540,1692253815294,1692253815299,1693226079550,10,5,5
5198,1693226079550,1692253815304,1692253815307,1693226079558,8,3,5
5199,1693226079558,1692253815312,1692253815316,1693226079566,8,4,4
5200,1693226079566,1692253815320,1692253815324,1693226079574,8,4,4
5201,1693226079574,1692253815328,1692253815331,1693226079581,7,3,4
5202,1693226079581,1692253815335,1692253815338,1693226079588,7,3,4
5203,1693226079588,1692253815343,1692253815346,1693226079597,9,3,6
5204,1693226079597,1692253815351,1692253815355,1693226079606,9,4,5
5205,1693226079606,1692253815360,1692253815364,1693226079614,8,4,4
5206,1693226079614,1692253815369,1692253815372,1693226079622,8,3,5
5207,1693226079622,1692253815376,1692253815379,1693226079629,7,3,4
5208,1693226079629,1692253815384,1692253815387,1693226079637,8,3,5
5209,1693226079637,1692253815391,1692253815394,1693226079644,7,3,4
5210,1693226079645,1692253815399,1692253815402,1693226079652,7,3,4
5211,1693226079652,1692253815407,1692253815410,1693226079660,8,3,5
5212,1693226079660,1692253815415,1692253815418,1693226079669,9,3,6
5213,1693226079669,1692253815423,1692253815426,1693226079676,7,3,4
5214,1693226079676,1692253815431,1692253815434,1693226079684,8,3,5
5215,1693226079684,1692253815439,1692253815442,1693226079693,9,3,6
5216,1693226079693,1692253815447,1692253815449,1693226079700,7,2,5
5217,1693226079700,1692253815454,1692253815457,1693226079707,7,3,4
5218,1693226079707,1692253815461,1692253815465,1693226079715,8,4,4
5219,1693226079715,1692253815471,1692253815474,1693226079725,10,3,7
5220,1693226079725,1692253815480,1692253815483,1693226079734,9,3,6
5221,1693226079734,1692253815488,1692253815492,1693226079743,9,4,5
5222,1693226079743,1692253815497,1692253815500,1693226079750,7,3,4
5223,1693226079750,1692253815508,1692253815512,1693226079765,15,4,11
5224,1693226079765,1692253815519,1692253815523,1693226079773,8,4,4
5225,1693226079773,1692253815531,1692253815535,1693226079785,12,4,8
5226,1693226079785,1692253815540,1692253815544,1693226079794,9,4,5
5227,1693226079794,1692253815548,1692253815551,1693226079802,8,3,5
5228,1693226079802,1692253815558,1692253815562,1693226079812,10,4,6
5229,1693226079812,1692253815566,1692253815570,1693226079820,8,4,4
5230,1693226079820,1692253815577,1692253815581,1693226079832,12,4,8
5231,1693226079832,1692253815586,1692253815589,1693226079840,8,3,5
5232,1693226079840,1692253815594,1692253815597,1693226079851,11,3,8
5233,1693226079851,1692253815606,1692253815609,1693226079859,8,3,5
5234,1693226079859,1692253815614,1692253815618,1693226079868,9,4,5
5235,1693226079868,1692253815623,1692253815626,1693226079878,10,3,7
5236,1693226079878,1692253815632,1692253815635,1693226079886,8,3,5
5237,1693226079886,1692253815640,1692253815643,1693226079894,8,3,5
5238,1693226079894,1692253815647,1692253815651,1693226079901,7,4,3
5239,1693226079901,1692253815655,1692253815658,1693226079908,7,3,4
5240,1693226079908,1692253815663,1692253815668,1693226079936,28,5,23
5241,1693226079936,1692253815694,1692253815698,1693226079948,12,4,8
5242,1693226079948,1692253815702,1692253815705,1693226079955,7,3,4
5243,1693226079955,1692253815709,1692253815712,1693226079962,7,3,4
5244,1693226079962,1692253815717,1692253815720,1693226079970,8,3,5
5245,1693226079971,1692253815724,1692253815728,1693226079978,7,4,3
5246,1693226079978,1692253815734,1692253815737,1693226079987,9,3,6
5247,1693226079987,1692253815741,1692253815744,1693226079995,8,3,5
5248,1693226079995,1692253815749,1692253815752,1693226080002,7,3,4
5249,1693226080002,1692253815756,1692253815760,1693226080010,8,4,4
5250,1693226080010,1692253815765,1692253815768,1693226080018,8,3,5
5251,1693226080018,1692253815772,1692253815776,1693226080027,9,4,5
5252,1693226080027,1692253815781,1692253815784,1693226080034,7,3,4
5253,1693226080034,1692253815796,1692253815800,1693226080050,16,4,12
5254,1693226080050,1692253815804,1692253815807,1693226080058,8,3,5
5255,1693226080058,1692253815812,1692253815815,1693226080065,7,3,4
5256,1693226080065,1692253815820,1692253815823,1693226080073,8,3,5
5257,1693226080073,1692253815828,1692253815830,1693226080080,7,2,5
5258,1693226080080,1692253815836,1692253815839,1693226080089,9,3,6
5259,1693226080089,1692253815843,1692253815847,1693226080099,10,4,6
5260,1693226080099,1692253815853,1692253815857,1693226080107,8,4,4
5261,1693226080107,1692253815861,1692253815865,1693226080115,8,4,4
5262,1693226080115,1692253815869,1692253815872,1693226080122,7,3,4
5263,1693226080122,1692253815876,1692253815879,1693226080129,7,3,4
5264,1693226080129,1692253815884,1692253815887,1693226080137,8,3,5
5265,1693226080137,1692253815891,1692253815894,1693226080144,7,3,4
5266,1693226080144,1692253815903,1692253815907,1693226080157,13,4,9
5267,1693226080157,1692253815911,1692253815914,1693226080164,7,3,4
5268,1693226080164,1692253815919,1692253815922,1693226080172,8,3,5
5269,1693226080172,1692253815927,1692253815931,1693226080181,9,4,5
5270,1693226080181,1692253815938,1692253815943,1693226080193,12,5,7
5271,1693226080193,1692253815947,1692253815951,1693226080201,8,4,4
5272,1693226080201,1692253815955,1692253815958,1693226080208,7,3,4
5273,1693226080208,1692253815963,1692253815966,1693226080217,9,3,6
5274,1693226080217,1692253815971,1692253815974,1693226080224,7,3,4
5275,1693226080224,1692253815978,1692253815981,1693226080232,8,3,5
5276,1693226080232,1692253815985,1692253815988,1693226080238,6,3,3
5277,1693226080238,1692253815992,1692253815995,1693226080245,7,3,4
5278,1693226080245,1692253815999,1692253816002,1693226080252,7,3,4
5279,1693226080252,1692253816006,1692253816009,1693226080259,7,3,4
5280,1693226080259,1692253816013,1692253816017,1693226080268,9,4,5
5281,1693226080268,1692253816022,1692253816025,1693226080275,7,3,4
5282,1693226080275,1692253816029,1692253816033,1693226080283,8,4,4
5283,1693226080283,1692253816037,1692253816041,1693226080291,8,4,4
5284,1693226080291,1692253816045,1692253816048,1693226080298,7,3,4
5285,1693226080298,1692253816053,1692253816056,1693226080306,8,3,5
5286,1693226080306,1692253816060,1692253816063,1693226080313,7,3,4
5287,1693226080313,1692253816068,1692253816071,1693226080321,8,3,5
5288,1693226080321,1692253816075,1692253816078,1693226080328,7,3,4
5289,1693226080328,1692253816083,1692253816086,1693226080336,8,3,5
5290,1693226080336,1692253816089,1692253816092,1693226080343,7,3,4
5291,1693226080343,1692253816097,1692253816101,1693226080351,8,4,4
5292,1693226080351,1692253816105,1692253816108,1693226080359,8,3,5
5293,1693226080359,1692253816113,1692253816116,1693226080366,7,3,4
5294,1693226080366,1692253816120,1692253816123,1693226080374,8,3,5
5295,1693226080374,1692253816127,1692253816130,1693226080381,7,3,4
5296,1693226080381,1692253816135,1692253816139,1693226080391,10,4,6
5297,1693226080391,1692253816145,1692253816148,1693226080399,8,3,5
5298,1693226080399,1692253816153,1692253816157,1693226080407,8,4,4
5299,1693226080407,1692253816161,1692253816165,1693226080415,8,4,4
5300,1693226080415,1692253816169,1692253816171,1693226080421,6,2,4
5301,1693226080421,1692253816176,1692253816179,1693226080430,9,3,6
5302,1693226080430,1692253816184,1692253816187,1693226080437,7,3,4
5303,1693226080438,1692253816192,1692253816195,1693226080445,7,3,4
5304,1693226080445,1692253816199,1692253816202,1693226080453,8,3,5
5305,1693226080453,1692253816207,1692253816209,1693226080459,6,2,4
5306,1693226080459,1692253816213,1692253816217,1693226080467,8,4,4
5307,1693226080467,1692253816221,1692253816226,1693226080476,9,5,4
5308,1693226080476,1692253816231,1692253816234,1693226080484,8,3,5
5309,1693226080485,1692253816238,1692253816241,1693226080493,8,3,5
5310,1693226080493,1692253816247,1692253816250,1693226080501,8,3,5
5311,1693226080501,1692253816255,1692253816258,1693226080509,8,3,5
5312,1693226080509,1692253816263,1692253816266,1693226080516,7,3,4
5313,1693226080517,1692253816271,1692253816274,1693226080525,8,3,5
5314,1693226080525,1692253816279,1692253816282,1693226080532,7,3,4
5315,1693226080532,1692253816286,1692253816289,1693226080539,7,3,4
5316,1693226080539,1692253816293,1692253816295,1693226080545,6,2,4
5317,1693226080545,1692253816300,1692253816303,1693226080553,8,3,5
5318,1693226080553,1692253816308,1692253816311,1693226080561,8,3,5
5319,1693226080561,1692253816315,1692253816318,1693226080568,7,3,4
5320,1693226080568,1692253816322,1692253816325,1693226080576,8,3,5
5321,1693226080576,1692253816330,1692253816334,1693226080584,8,4,4
5322,1693226080584,1692253816339,1692253816341,1693226080591,7,2,5
5323,1693226080591,1692253816348,1692253816352,1693226080602,11,4,7
5324,1693226080602,1692253816356,1692253816359,1693226080610,8,3,5
5325,1693226080610,1692253816364,1692253816367,1693226080618,8,3,5
5326,1693226080618,1692253816372,1692253816376,1693226080626,8,4,4
5327,1693226080626,1692253816380,1692253816383,1693226080634,8,3,5
5328,1693226080634,1692253816388,1692253816391,1693226080642,8,3,5
5329,1693226080642,1692253816396,1692253816399,1693226080650,8,3,5
5330,1693226080650,1692253816405,1692253816408,1693226080658,8,3,5
5331,1693226080658,1692253816413,1692253816416,1693226080666,8,3,5
5332,1693226080666,1692253816421,1692253816424,1693226080674,8,3,5
5333,1693226080674,1692253816429,1692253816433,1693226080683,9,4,5
5334,1693226080683,1692253816437,1692253816440,1693226080690,7,3,4
5335,1693226080690,1692253816444,1692253816447,1693226080698,8,3,5
5336,1693226080698,1692253816453,1692253816456,1693226080707,9,3,6
5337,1693226080707,1692253816461,1692253816464,1693226080714,7,3,4
5338,1693226080714,1692253816468,1692253816471,1693226080721,7,3,4
5339,1693226080721,1692253816475,1692253816478,1693226080728,7,3,4
5340,1693226080728,1692253816483,1692253816486,1693226080737,9,3,6
5341,1693226080737,1692253816491,1692253816494,1693226080745,8,3,5
5342,1693226080745,1692253816499,1692253816502,1693226080753,8,3,5
5343,1693226080753,1692253816507,1692253816510,1693226080761,8,3,5
5344,1693226080761,1692253816515,1692253816520,1693226080770,9,5,4
5345,1693226080770,1692253816524,1692253816526,1693226080777,7,2,5
5346,1693226080777,1692253816540,1692253816543,1693226080793,16,3,13
5347,1693226080793,1692253816548,1692253816550,1693226080801,8,2,6
5348,1693226080801,1692253816555,1692253816558,1693226080808,7,3,4
5349,1693226080808,1692253816562,1692253816566,1693226080816,8,4,4
5350,1693226080816,1692253816570,1692253816573,1693226080823,7,3,4
5351,1693226080823,1692253816578,1692253816581,1693226080832,9,3,6
5352,1693226080832,1692253816586,1692253816589,1693226080839,7,3,4
5353,1693226080839,1692253816593,1692253816596,1693226080846,7,3,4
5354,1693226080846,1692253816600,1692253816604,1693226080854,8,4,4
5355,1693226080854,1692253816608,1692253816612,1693226080862,8,4,4
5356,1693226080862,1692253816616,1692253816620,1693226080870,8,4,4
5357,1693226080870,1692253816624,1692253816627,1693226080878,8,3,5
5358,1693226080878,1692253816632,1692253816635,1693226080885,7,3,4
5359,1693226080885,1692253816639,1692253816641,1693226080891,6,2,4
5360,1693226080891,1692253816645,1692253816648,1693226080898,7,3,4
5361,1693226080898,1692253816654,1692253816658,1693226080908,10,4,6
5362,1693226080908,1692253816662,1692253816665,1693226080915,7,3,4
5363,1693226080915,1692253816669,1692253816674,1693226080924,9,5,4
5364,1693226080924,1692253816678,1692253816681,1693226080931,7,3,4
5365,1693226080931,1692253816685,1692253816687,1693226080937,6,2,4
5366,1693226080937,1692253816691,1692253816693,1693226080944,7,2,5
5367,1693226080944,1692253816698,1692253816701,1693226080952,8,3,5
5368,1693226080952,1692253816706,1692253816708,1693226080958,6,2,4
5369,1693226080959,1692253816713,1692253816716,1693226080967,8,3,5
5370,1693226080967,1692253816721,1692253816725,1693226080975,8,4,4
5371,1693226080975,1692253816729,1692253816732,1693226080982,7,3,4
5372,1693226080982,1692253816737,1692253816740,1693226080990,8,3,5
5373,1693226080990,1692253816745,1692253816749,1693226080999,9,4,5
5374,1693226080999,1692253816754,1692253816757,1693226081008,9,3,6
5375,1693226081008,1692253816762,1692253816766,1693226081016,8,4,4
5376,1693226081016,1692253816770,1692253816774,1693226081024,8,4,4
5377,1693226081024,1692253816778,1692253816780,1693226081031,7,2,5
5378,1693226081031,1692253816784,1692253816788,1693226081038,7,4,3
5379,1693226081038,1692253816792,1692253816795,1693226081045,7,3,4
5380,1693226081045,1692253816800,1692253816805,1693226081055,10,5,5
5381,1693226081055,1692253816809,1692253816812,1693226081062,7,3,4
5382,1693226081062,1692253816817,1692253816820,1693226081070,8,3,5
5383,1693226081070,1692253816824,1692253816827,1693226081078,8,3,5
5384,1693226081078,1692253816831,1692253816834,1693226081084,6,3,3
5385,1693226081084,1692253816839,1692253816842,1693226081092,8,3,5
5386,1693226081092,1692253816847,1692253816850,1693226081100,8,3,5
5387,1693226081100,1692253816854,1692253816857,1693226081108,8,3,5
5388,1693226081108,1692253816862,1692253816865,1693226081116,8,3,5
5389,1693226081116,1692253816870,1692253816873,1693226081123,7,3,4
5390,1693226081123,1692253816877,1692253816880,1693226081130,7,3,4
5391,1693226081130,1692253816884,1692253816887,1693226081137,7,3,4
5392,1693226081137,1692253816894,1692253816898,1693226081149,12,4,8
5393,1693226081149,1692253816903,1692253816906,1693226081157,8,3,5
5394,1693226081157,1692253816911,1692253816915,1693226081166,9,4,5
5395,1693226081166,1692253816921,1692253816925,1693226081175,9,4,5
5396,1693226081175,1692253816929,1692253816932,1693226081182,7,3,4
5397,1693226081182,1692253816937,1692253816941,1693226081191,9,4,5
5398,1693226081191,1692253816945,1692253816949,1693226081199,8,4,4
5399,1693226081199,1692253816953,1692253816956,1693226081206,7,3,4
5400,1693226081206,1692253816962,1692253816966,1693226081216,10,4,6
5401,1693226081216,1692253816970,1692253816973,1693226081223,7,3,4
5402,1693226081223,1692253816977,1692253816980,1693226081230,7,3,4
5403,1693226081230,1692253816985,1692253816987,1693226081237,7,2,5
5404,1693226081237,1692253816992,1692253816995,1693226081245,8,3,5
5405,1693226081245,1692253816999,1692253817002,1693226081253,8,3,5
5406,1693226081253,1692253817007,1692253817010,1693226081260,7,3,4
5407,1693226081260,1692253817014,1692253817017,1693226081267,7,3,4
5408,1693226081267,1692253817022,1692253817024,1693226081274,7,2,5
5409,1693226081274,1692253817029,1692253817032,1693226081283,9,3,6
5410,1693226081283,1692253817037,1692253817040,1693226081290,7,3,4
5411,1693226081290,1692253817045,1692253817048,1693226081298,8,3,5
5412,1693226081298,1692253817052,1692253817056,1693226081306,8,4,4
5413,1693226081306,1692253817060,1692253817063,1693226081313,7,3,4
5414,1693226081313,1692253817067,1692253817070,1693226081320,7,3,4
5415,1693226081320,1692253817075,1692253817078,1693226081328,8,3,5
5416,1693226081328,1692253817083,1692253817086,1693226081336,8,3,5
5417,1693226081336,1692253817089,1692253817094,1693226081344,8,5,3
5418,1693226081344,1692253817099,1692253817102,1693226081353,9,3,6
5419,1693226081353,1692253817106,1692253817109,1693226081359,6,3,3
5420,1693226081359,1692253817113,1692253817116,1693226081367,8,3,5
5421,1693226081367,1692253817121,1692253817124,1693226081375,8,3,5
5422,1693226081375,1692253817129,1692253817132,1693226081383,8,3,5
5423,1693226081383,1692253817138,1692253817141,1693226081392,9,3,6
5424,1693226081392,1692253817147,1692253817150,1693226081400,8,3,5
5425,1693226081400,1692253817155,1692253817159,1693226081410,10,4,6
5426,1693226081410,1692253817166,1692253817170,1693226081420,10,4,6
5427,1693226081420,1692253817175,1692253817177,1693226081428,8,2,6
5428,1693226081428,1692253817182,1692253817185,1693226081436,8,3,5
5429,1693226081436,1692253817190,1692253817193,1693226081443,7,3,4
5430,1693226081443,1692253817198,1692253817201,1693226081451,8,3,5
5431,1693226081451,1692253817205,1692253817208,1693226081458,7,3,4
5432,1693226081458,1692253817212,1692253817215,1693226081465,7,3,4
5433,1693226081465,1692253817219,1692253817223,1693226081473,8,4,4
5434,1693226081473,1692253817227,1692253817229,1693226081480,7,2,5
5435,1693226081480,1692253817234,1692253817236,1693226081486,6,2,4
5436,1693226081486,1692253817241,1692253817244,1693226081495,9,3,6
5437,1693226081495,1692253817249,1692253817252,1693226081502,7,3,4
5438,1693226081502,1692253817256,1692253817259,1693226081510,8,3,5
5439,1693226081510,1692253817264,1692253817267,1693226081517,7,3,4
5440,1693226081517,1692253817271,1692253817274,1693226081524,7,3,4
5441,1693226081524,1692253817278,1692253817282,1693226081532,8,4,4
5442,1693226081532,1692253817288,1692253817292,1693226081541,9,4,5
5443,1693226081542,1692253817297,1692253817300,1693226081550,8,3,5
5444,1693226081551,1692253817305,1692253817308,1693226081558,7,3,4
5445,1693226081558,1692253817312,1692253817315,1693226081565,7,3,4
5446,1693226081565,1692253817320,1692253817323,1693226081574,9,3,6
5447,1693226081574,1692253817328,1692253817331,1693226081581,7,3,4
5448,1693226081581,1692253817335,1692253817339,1693226081589,8,4,4
5449,1693226081589,1692253817343,1692253817346,1693226081596,7,3,4
5450,1693226081596,1692253817350,1692253817353,1693226081604,8,3,5
5451,1693226081604,1692253817358,1692253817360,1693226081610,6,2,4
5452,1693226081610,1692253817364,1692253817367,1693226081619,9,3,6
5453,1693226081619,1692253817374,1692253817377,1693226081627,8,3,5
5454,1693226081627,1692253817381,1692253817386,1693226081636,9,5,4
5455,1693226081636,1692253817390,1692253817393,1693226081643,7,3,4
5456,1693226081643,1692253817397,1692253817400,1693226081651,8,3,5
5457,1693226081651,1692253817405,1692253817407,1693226081657,6,2,4
5458,1693226081657,1692253817411,1692253817415,1693226081665,8,4,4
5459,1693226081665,1692253817419,1692253817422,1693226081672,7,3,4
5460,1693226081672,1692253817426,1692253817430,1693226081680,8,4,4
5461,1693226081680,1692253817434,1692253817437,1693226081687,7,3,4
5462,1693226081687,1692253817440,1692253817443,1693226081693,6,3,3
5463,1693226081693,1692253817447,1692253817451,1693226081701,8,4,4
5464,1693226081701,1692253817455,1692253817457,1693226081708,7,2,5
5465,1693226081708,1692253817462,1692253817465,1693226081715,7,3,4
5466,1693226081715,1692253817469,1692253817472,1693226081723,8,3,5
5467,1693226081723,1692253817477,1692253817480,1693226081730,7,3,4
5468,1693226081730,1692253817484,1692253817489,1693226081739,9,5,4
5469,1693226081739,1692253817493,1692253817496,1693226081746,7,3,4
5470,1693226081746,1692253817500,1692253817503,1693226081753,7,3,4
5471,1693226081753,1692253817508,1692253817512,1693226081762,9,4,5
5472,1693226081762,1692253817517,1692253817520,1693226081770,8,3,5
5473,1693226081770,1692253817524,1692253817528,1693226081778,8,4,4
5474,1693226081778,1692253817532,1692253817535,1693226081785,7,3,4
5475,1693226081785,1692253817539,1692253817541,1693226081791,6,2,4
5476,1693226081791,1692253817547,1692253817551,1693226081801,10,4,6
5477,1693226081801,1692253817556,1692253817559,1693226081810,9,3,6
5478,1693226081810,1692253817564,1692253817568,1693226081818,8,4,4
5479,1693226081818,1692253817573,1692253817576,1693226081827,9,3,6
5480,1693226081827,1692253817582,1692253817586,1693226081836,9,4,5
5481,1693226081836,1692253817591,1692253817594,1693226081845,9,3,6
5482,1693226081845,1692253817599,1692253817603,1693226081853,8,4,4
5483,1693226081853,1692253817610,1692253817613,1693226081863,10,3,7
5484,1693226081863,1692253817617,1692253817620,1693226081870,7,3,4
5485,1693226081870,1692253817624,1692253817627,1693226081877,7,3,4
5486,1693226081877,1692253817632,1692253817635,1693226081885,8,3,5
5487,1693226081885,1692253817640,1692253817643,1693226081893,8,3,5
5488,1693226081893,1692253817647,1692253817650,1693226081900,7,3,4
5489,1693226081900,1692253817654,1692253817657,1693226081907,7,3,4
5490,1693226081907,1692253817662,1692253817665,1693226081916,9,3,6
5491,1693226081916,1692253817670,1692253817675,1693226081926,10,5,5
5492,1693226081926,1692253817680,1692253817684,1693226081933,7,4,3
5493,1693226081934,1692253817687,1692253817690,1693226081940,6,3,3
5494,1693226081940,1692253817694,1692253817697,1693226081947,7,3,4
5495,1693226081947,1692253817701,1692253817704,1693226081955,8,3,5
5496,1693226081955,1692253817711,1692253817715,1693226081965,10,4,6
5497,1693226081965,1692253817720,1692253817723,1693226081974,9,3,6
5498,1693226081974,1692253817728,1692253817731,1693226081981,7,3,4
5499,1693226081981,1692253817735,1692253817738,1693226081988,7,3,4
5500,1693226081988,1692253817743,1692253817746,1693226081996,8,3,5
5501,1693226081996,1692253817751,1692253817754,1693226082004,8,3,5
5502,1693226082004,1692253817758,1692253817762,1693226082012,8,4,4
5503,1693226082012,1692253817769,1692253817773,1693226082023,11,4,7
5504,1693226082023,1692253817781,1692253817784,1693226082034,11,3,8
5505,1693226082034,1692253817788,1692253817791,1693226082042,8,3,5
5506,1693226082042,1692253817796,1692253817800,1693226082050,8,4,4
5507,1693226082050,1692253817804,1692253817807,1693226082057,7,3,4
5508,1693226082057,1692253817817,1692253817820,1693226082070,13,3,10
5509,1693226082070,1692253817825,1692253817829,1693226082079,9,4,5
5510,1693226082079,1692253817833,1692253817836,1693226082086,7,3,4
5511,1693226082086,1692253817841,1692253817844,1693226082094,8,3,5
5512,1693226082094,1692253817848,1692253817851,1693226082101,7,3,4
5513,1693226082101,1692253817856,1692253817859,1693226082109,8,3,5
5514,1693226082109,1692253817864,1692253817867,1693226082117,8,3,5
5515,1693226082117,1692253817871,1692253817875,1693226082125,8,4,4
5516,1693226082125,1692253817879,1692253817882,1693226082133,8,3,5
5517,1693226082133,1692253817887,1692253817889,1693226082140,7,2,5
5518,1693226082140,1692253817894,1692253817897,1693226082147,7,3,4
5519,1693226082147,1692253817901,1692253817904,1693226082153,6,3,3
5520,1693226082153,1692253817908,1692253817911,1693226082163,10,3,7
5521,1693226082163,1692253817918,1692253817921,1693226082171,8,3,5
5522,1693226082171,1692253817925,1692253817928,1693226082178,7,3,4
5523,1693226082178,1692253817932,1692253817936,1693226082186,8,4,4
5524,1693226082186,1692253817940,1692253817944,1693226082194,8,4,4
5525,1693226082194,1692253817949,1692253817952,1693226082202,8,3,5
5526,1693226082202,1692253817955,1692253817959,1693226082209,7,4,3
5527,1693226082209,1692253817963,1692253817966,1693226082216,7,3,4
5528,1693226082216,1692253817971,1692253817975,1693226082226,10,4,6
5529,1693226082226,1692253817980,1692253817984,1693226082236,10,4,6
5530,1693226082236,1692253817991,1692253817994,1693226082245,9,3,6
5531,1693226082245,1692253817999,1692253818002,1693226082252,7,3,4
5532,1693226082252,1692253818006,1692253818009,1693226082259,7,3,4
5533,1693226082259,1692253818014,1692253818017,1693226082268,9,3,6
5534,1693226082268,1692253818021,1692253818024,1693226082274,6,3,3
5535,1693226082274,1692253818028,1692253818031,1693226082281,7,3,4
5536,1693226082281,1692253818036,1692253818039,1693226082289,8,3,5
5537,1693226082289,1692253818043,1692253818047,1693226082297,8,4,4
5538,1693226082297,1692253818052,1692253818055,1693226082305,8,3,5
5539,1693226082305,1692253818062,1692253818064,1693226082315,10,2,8
5540,1693226082315,1692253818069,1692253818072,1693226082322,7,3,4
5541,1693226082322,1692253818076,1692253818079,1693226082330,8,3,5
5542,1693226082330,1692253818084,1692253818088,1693226082338,8,4,4
5543,1693226082338,1692253818092,1692253818095,1693226082345,7,3,4
5544,1693226082345,1692253818099,1692253818103,1693226082353,8,4,4
5545,1693226082353,1692253818107,1692253818110,1693226082360,7,3,4
5546,1693226082360,1692253818114,1692253818117,1693226082368,8,3,5
5547,1693226082368,1692253818123,1692253818127,1693226082377,9,4,5
5548,1693226082377,1692253818131,1692253818134,1693226082384,7,3,4
5549,1693226082384,1692253818138,1692253818141,1693226082392,8,3,5
5550,1693226082392,1692253818146,1692253818149,1693226082400,8,3,5
5551,1693226082400,1692253818153,1692253818157,1693226082407,7,4,3
5552,1693226082407,1692253818163,1692253818166,1693226082417,10,3,7
5553,1693226082417,1692253818171,1692253818175,1693226082425,8,4,4
5554,1693226082425,1692253818180,1692253818183,1693226082434,9,3,6
5555,1693226082434,1692253818202,1692253818205,1693226082456,22,3,19
5556,1693226082456,1692253818210,1692253818216,1693226082467,11,6,5
5557,1693226082467,1692253818222,1692253818225,1693226082475,8,3,5
5558,1693226082475,1692253818230,1692253818233,1693226082483,8,3,5
5559,1693226082483,1692253818238,1692253818242,1693226082492,9,4,5
5560,1693226082492,1692253818246,1692253818249,1693226082499,7,3,4
5561,1693226082499,1692253818258,1692253818262,1693226082512,13,4,9
5562,1693226082512,1692253818267,1692253818270,1693226082520,8,3,5
5563,1693226082520,1692253818278,1692253818281,1693226082532,12,3,9
5564,1693226082532,1692253818288,1692253818295,1693226082545,13,7,6
5565,1693226082545,1692253818299,1692253818303,1693226082554,9,4,5
5566,1693226082554,1692253818308,1692253818312,1693226082562,8,4,4
5567,1693226082562,1692253818315,1692253818318,1693226082569,7,3,4
5568,1693226082569,1692253818322,1692253818325,1693226082575,6,3,3
5569,1693226082575,1692253818330,1692253818332,1693226082583,8,2,6
5570,1693226082583,1692253818339,1692253818343,1693226082598,15,4,11
5571,1693226082598,1692253818365,1692253818369,1693226082619,21,4,17
5572,1693226082619,1692253818373,1692253818377,1693226082627,8,4,4
5573,1693226082627,1692253818382,1692253818385,1693226082635,8,3,5
5574,1693226082636,1692253818390,1692253818393,1693226082644,8,3,5
5575,1693226082644,1692253818398,1692253818401,1693226082651,7,3,4
5576,1693226082651,1692253818405,1692253818408,1693226082659,8,3,5
5577,1693226082659,1692253818412,1692253818416,1693226082666,7,4,3
5578,1693226082666,1692253818421,1692253818424,1693226082674,8,3,5
5579,1693226082674,1692253818429,1692253818432,1693226082682,8,3,5
5580,1693226082682,1692253818439,1692253818442,1693226082692,10,3,7
5581,1693226082692,1692253818446,1692253818450,1693226082700,8,4,4
5582,1693226082700,1692253818454,1692253818457,1693226082707,7,3,4
5583,1693226082707,1692253818461,1692253818465,1693226082715,8,4,4
5584,1693226082715,1692253818469,1692253818472,1693226082722,7,3,4
5585,1693226082722,1692253818479,1692253818483,1693226082733,11,4,7
5586,1693226082733,1692253818487,1692253818492,1693226082742,9,5,4
5587,1693226082742,1692253818498,1692253818501,1693226082752,10,3,7
5588,1693226082752,1692253818506,1692253818508,1693226082758,6,2,4
5589,1693226082758,1692253818513,1692253818516,1693226082766,8,3,5
5590,1693226082766,1692253818520,1692253818523,1693226082773,7,3,4
5591,1693226082773,1692253818527,1692253818530,1693226082780,7,3,4
5592,1693226082780,1692253818534,1692253818538,1693226082788,8,4,4
5593,1693226082788,1692253818542,1692253818545,1693226082795,7,3,4
5594,1693226082795,1692253818550,1692253818552,1693226082802,7,2,5
5595,1693226082802,1692253818556,1692253818559,1693226082809,7,3,4
5596,1693226082809,1692253818564,1692253818567,1693226082817,8,3,5
5597,1693226082817,1692253818573,1692253818576,1693226082826,9,3,6
5598,1693226082826,1692253818580,1692253818584,1693226082834,8,4,4
5599,1693226082834,1692253818588,1692253818591,1693226082841,7,3,4
5600,1693226082841,1692253818595,1692253818599,1693226082849,8,4,4
5601,1693226082849,1692253818603,1692253818608,1693226082858,9,5,4
5602,1693226082858,1692253818613,1692253818616,1693226082866,8,3,5
5603,1693226082866,1692253818621,1692253818624,1693226082874,8,3,5
5604,1693226082874,1692253818628,1692253818631,1693226082881,7,3,4
5605,1693226082881,1692253818635,1692253818639,1693226082889,8,4,4
5606,1693226082889,1692253818643,1692253818647,1693226082897,8,4,4
5607,1693226082897,1692253818652,1692253818655,1693226082905,8,3,5
5608,1693226082905,1692253818659,1692253818661,1693226082912,7,2,5
5609,1693226082912,1692253818666,1692253818670,1693226082920,8,4,4
5610,1693226082920,1692253818674,1692253818677,1693226082927,7,3,4
5611,1693226082928,1692253818682,1692253818687,1693226082937,9,5,4
5612,1693226082937,1692253818691,1692253818694,1693226082944,7,3,4
5613,1693226082944,1692253818699,1692253818702,1693226082952,8,3,5
5614,1693226082952,1692253818707,1692253818710,1693226082960,8,3,5
5615,1693226082960,1692253818715,1692253818718,1693226082968,8,3,5
5616,1693226082968,1692253818722,1692253818725,1693226082976,8,3,5
5617,1693226082976,1692253818730,1692253818733,1693226082983,7,3,4
5618,1693226082983,1692253818737,1692253818740,1693226082991,8,3,5
5619,1693226082991,1692253818745,1692253818748,1693226082999,8,3,5
5620,1693226082999,1692253818753,1692253818757,1693226083007,8,4,4
5621,1693226083007,1692253818761,1692253818765,1693226083015,8,4,4
5622,1693226083015,1692253818769,1692253818773,1693226083026,11,4,7
5623,1693226083026,1692253818781,1692253818784,1693226083035,9,3,6
5624,1693226083035,1692253818790,1692253818793,1693226083044,9,3,6
5625,1693226083044,1692253818799,1692253818802,1693226083053,9,3,6
5626,1693226083053,1692253818807,1692253818810,1693226083060,7,3,4
5627,1693226083061,1692253818815,1692253818818,1693226083068,7,3,4
5628,1693226083068,1692253818823,1692253818825,1693226083076,8,2,6
5629,1693226083076,1692253818831,1692253818834,1693226083085,9,3,6
5630,1693226083085,1692253818839,1692253818843,1693226083093,8,4,4
5631,1693226083093,1692253818847,1692253818850,1693226083101,8,3,5
5632,1693226083101,1692253818855,1692253818858,1693226083109,8,3,5
5633,1693226083109,1692253818863,1692253818866,1693226083117,8,3,5
5634,1693226083117,1692253818871,1692253818874,1693226083125,8,3,5
5635,1693226083125,1692253818879,1692253818882,1693226083132,7,3,4
5636,1693226083132,1692253818886,1692253818889,1693226083139,7,3,4
5637,1693226083139,1692253818893,1692253818898,1693226083148,9,5,4
5638,1693226083148,1692253818903,1692253818906,1693226083156,8,3,5
5639,1693226083156,1692253818910,1692253818913,1693226083163,7,3,4
5640,1693226083163,1692253818922,1692253818926,1693226083177,14,4,10
5641,1693226083177,1692253818931,1692253818935,1693226083185,8,4,4
5642,1693226083185,1692253818939,1692253818943,1693226083194,9,4,5
5643,1693226083194,1692253818948,1692253818952,1693226083202,8,4,4
5644,1693226083202,1692253818956,1692253818959,1693226083210,8,3,5
5645,1693226083210,1692253818964,1692253818968,1693226083218,8,4,4
5646,1693226083218,1692253818972,1692253818974,1693226083224,6,2,4
5647,1693226083224,1692253818978,1692253818981,1693226083232,8,3,5
5648,1693226083232,1692253818986,1692253818989,1693226083239,7,3,4
5649,1693226083239,1692253818993,1692253818997,1693226083247,8,4,4
5650,1693226083247,1692253819001,1692253819004,1693226083259,12,3,9
5651,1693226083259,1692253819014,1692253819017,1693226083267,8,3,5
5652,1693226083267,1692253819022,1692253819028,1693226083278,11,6,5
5653,1693226083278,1692253819033,1692253819035,1693226083286,8,2,6
5654,1693226083286,1692253819040,1692253819044,1693226083294,8,4,4
5655,1693226083294,1692253819048,1692253819052,1693226083302,8,4,4
5656,1693226083302,1692253819056,1692253819058,1693226083309,7,2,5
5657,1693226083309,1692253819063,1692253819066,1693226083317,8,3,5
5658,1693226083317,1692253819071,1692253819074,1693226083324,7,3,4
5659,1693226083324,1692253819078,1692253819082,1693226083332,8,4,4
5660,1693226083332,1692253819087,1692253819089,1693226083339,7,2,5
5661,1693226083339,1692253819094,1692253819097,1693226083346,7,3,4
5662,1693226083346,1692253819100,1692253819104,1693226083353,7,4,3
5663,1693226083353,1692253819107,1692253819110,1693226083360,7,3,4
5664,1693226083360,1692253819114,1692253819118,1693226083368,8,4,4
5665,1693226083368,1692253819122,1692253819125,1693226083376,8,3,5
5666,1693226083376,1692253819130,1692253819133,1693226083383,7,3,4
5667,1693226083383,1692253819137,1692253819140,1693226083391,8,3,5
5668,1693226083391,1692253819145,1692253819148,1693226083398,7,3,4
5669,1693226083398,1692253819153,1692253819156,1693226083406,8,3,5
5670,1693226083406,1692253819160,1692253819163,1693226083414,8,3,5
5671,1693226083414,1692253819168,1692253819171,1693226083422,8,3,5
5672,1693226083422,1692253819176,1692253819179,1693226083429,7,3,4
5673,1693226083429,1692253819183,1692253819188,1693226083439,10,5,5
5674,1693226083439,1692253819193,1692253819198,1693226083448,9,5,4
5675,1693226083448,1692253819202,1692253819205,1693226083455,7,3,4
5676,1693226083455,1692253819210,1692253819212,1693226083462,7,2,5
5677,1693226083463,1692253819216,1692253819221,1693226083471,8,5,3
5678,1693226083471,1692253819225,1692253819227,1693226083478,7,2,5
5679,1693226083478,1692253819232,1692253819236,1693226083486,8,4,4
5680,1693226083486,1692253819240,1692253819243,1693226083493,7,3,4
5681,1693226083493,1692253819248,1692253819252,1693226083502,9,4,5
5682,1693226083502,1692253819256,1692253819259,1693226083509,7,3,4
5683,1693226083509,1692253819263,1692253819267,1693226083517,8,4,4
5684,1693226083517,1692253819272,1692253819275,1693226083525,8,3,5
5685,1693226083525,1692253819279,1692253819282,1693226083533,8,3,5
5686,1693226083533,1692253819287,1692253819289,1693226083539,6,2,4
5687,1693226083539,1692253819293,1692253819297,1693226083547,8,4,4
5688,1693226083547,1692253819300,1692253819304,1693226083554,7,4,3
5689,1693226083554,1692253819308,1692253819311,1693226083561,7,3,4
5690,1693226083561,1692253819317,1692253819321,1693226083571,10,4,6
5691,1693226083571,1692253819325,1692253819328,1693226083578,7,3,4
5692,1693226083578,1692253819332,1692253819335,1693226083585,7,3,4
5693,1693226083585,1692253819339,1692253819341,1693226083591,6,2,4
5694,1693226083591,1692253819353,1692253819357,1693226083607,16,4,12
5695,1693226083607,1692253819361,1692253819365,1693226083615,8,4,4
5696,1693226083615,1692253819374,1692253819377,1693226083628,13,3,10
5697,1693226083628,1692253819383,1692253819386,1693226083636,8,3,5
5698,1693226083636,1692253819390,1692253819393,1693226083643,7,3,4
5699,1693226083643,1692253819398,1692253819401,1693226083651,8,3,5
5700,1693226083651,1692253819405,1692253819408,1693226083658,7,3,4
5701,1693226083658,1692253819412,1692253819415,1693226083667,9,3,6
5702,1693226083667,1692253819421,1692253819425,1693226083674,7,4,3
5703,1693226083674,1692253819429,1692253819432,1693226083682,8,3,5
5704,1693226083682,1692253819436,1692253819439,1693226083689,7,3,4
5705,1693226083689,1692253819443,1692253819446,1693226083696,7,3,4
5706,1693226083696,1692253819450,1692253819453,1693226083704,8,3,5
5707,1693226083704,1692253819458,1692253819460,1693226083710,6,2,4
5708,1693226083710,1692253819464,1692253819468,1693226083718,8,4,4
5709,1693226083718,1692253819473,1692253819477,1693226083727,9,4,5
5710,1693226083727,1692253819481,1692253819484,1693226083734,7,3,4
5711,1693226083734,1692253819488,1692253819491,1693226083741,7,3,4
5712,1693226083741,1692253819495,1692253819499,1693226083749,8,4,4
5713,1693226083749,1692253819503,1692253819506,1693226083756,7,3,4
5714,1693226083756,1692253819510,1692253819513,1693226083763,7,3,4
5715,1693226083763,1692253819518,1692253819520,1693226083770,7,2,5
5716,1693226083770,1692253819525,1692253819528,1693226083778,8,3,5
5717,1693226083778,1692253819532,1692253819535,1693226083785,7,3,4
5718,1693226083785,1692253819539,1692253819542,1693226083792,7,3,4
5719,1693226083792,1692253819546,1692253819549,1693226083800,8,3,5
5720,1693226083800,1692253819554,1692253819558,1693226083808,8,4,4
5721,1693226083808,1692253819562,1692253819565,1693226083815,7,3,4
5722,1693226083815,1692253819569,1692253819572,1693226083823,8,3,5
5723,1693226083823,1692253819577,1692253819581,1693226083831,8,4,4
5724,1693226083831,1692253819585,1692253819588,1693226083838,7,3,4
5725,1693226083838,1692253819593,1692253819596,1693226083847,9,3,6
5726,1693226083847,1692253819601,1692253819607,1693226083857,10,6,4
5727,1693226083857,1692253819611,1692253819614,1693226083864,7,3,4
5728,1693226083864,1692253819618,1692253819621,1693226083872,8,3,5
5729,1693226083872,1692253819626,1692253819628,1693226083878,6,2,4
5730,1693226083878,1692253819632,1692253819636,1693226083886,8,4,4
5731,1693226083886,1692253819640,1692253819644,1693226083894,8,4,4
5732,1693226083894,1692253819648,1692253819652,1693226083902,8,4,4
5733,1693226083902,1692253819656,1692253819660,1693226083910,8,4,4
5734,1693226083910,1692253819664,1692253819668,1693226083918,8,4,4
5735,1693226083918,1692253819672,1692253819675,1693226083925,7,3,4
5736,1693226083925,1692253819679,1692253819683,1693226083933,8,4,4
5737,1693226083933,1692253819688,1692253819691,1693226083941,8,3,5
5738,1693226083941,1692253819695,1692253819698,1693226083949,8,3,5
5739,1693226083949,1692253819703,1692253819706,1693226083956,7,3,4
5740,1693226083956,1692253819710,1692253819714,1693226083964,8,4,4
5741,1693226083964,1692253819720,1692253819723,1693226083974,10,3,7
5742,1693226083974,1692253819729,1692253819732,1693226083982,8,3,5
5743,1693226083982,1692253819736,1692253819740,1693226083990,8,4,4
5744,1693226083990,1692253819744,1692253819748,1693226083999,9,4,5
5745,1693226083999,1692253819753,1692253819757,1693226084008,9,4,5
5746,1693226084008,1692253819762,1692253819766,1693226084016,8,4,4
5747,1693226084016,1692253819771,1692253819774,1693226084024,8,3,5
5748,1693226084024,1692253819778,1692253819782,1693226084032,8,4,4
5749,1693226084032,1692253819786,1692253819789,1693226084039,7,3,4
5750,1693226084039,1692253819794,1692253819797,1693226084048,9,3,6
5751,1693226084048,1692253819802,1692253819805,1693226084060,12,3,9
5752,1693226084060,1692253819815,1692253819818,1693226084068,8,3,5
5753,1693226084068,1692253819823,1692253819826,1693226084077,9,3,6
5754,1693226084077,1692253819831,1692253819834,1693226084084,7,3,4
5755,1693226084084,1692253819838,1692253819841,1693226084092,8,3,5
5756,1693226084092,1692253819846,1692253819849,1693226084099,7,3,4
5757,1693226084099,1692253819855,1692253819858,1693226084108,9,3,6
5758,1693226084108,1692253819862,1692253819865,1693226084116,8,3,5
5759,1693226084116,1692253819870,1692253819874,1693226084124,8,4,4
5760,1693226084124,1692253819878,1692253819881,1693226084131,7,3,4
5761,1693226084131,1692253819886,1692253819888,1693226084138,7,2,5
5762,1693226084138,1692253819892,1692253819896,1693226084146,8,4,4
5763,1693226084146,1692253819900,1692253819904,1693226084154,8,4,4
5764,1693226084154,1692253819909,1692253819912,1693226084162,8,3,5
5765,1693226084162,1692253819916,1692253819919,1693226084169,7,3,4
5766,1693226084169,1692253819932,1692253819936,1693226084186,17,4,13
5767,1693226084186,1692253819941,1692253819944,1693226084195,9,3,6
5768,1693226084195,1692253819949,1692253819952,1693226084202,7,3,4
5769,1693226084202,1692253819956,1692253819959,1693226084210,8,3,5
5770,1693226084210,1692253819964,1692253819967,1693226084217,7,3,4
5771,1693226084217,1692253819972,1692253819976,1693226084226,9,4,5
5772,1693226084226,1692253819981,1692253819985,1693226084235,9,4,5
5773,1693226084235,1692253819989,1692253819993,1693226084243,8,4,4
5774,1693226084243,1692253819997,1692253820000,1693226084250,7,3,4
5775,1693226084250,1692253820004,1692253820008,1693226084258,8,4,4
5776,1693226084258,1692253820012,1692253820016,1693226084266,8,4,4
5777,1693226084266,1692253820020,1692253820023,1693226084273,7,3,4
5778,1693226084273,1692253820028,1692253820031,1693226084283,10,3,7
5779,1693226084283,1692253820037,1692253820041,1693226084291,8,4,4
5780,1693226084291,1692253820046,1692253820050,1693226084300,9,4,5
5781,1693226084300,1692253820054,1692253820057,1693226084307,7,3,4
5782,1693226084307,1692253820061,1692253820066,1693226084317,10,5,5
5783,1693226084317,1692253820071,1692253820074,1693226084324,7,3,4
5784,1693226084324,1692253820078,1692253820081,1693226084331,7,3,4
5785,1693226084331,1692253820086,1692253820089,1693226084339,8,3,5
5786,1693226084339,1692253820093,1692253820096,1693226084346,7,3,4
5787,1693226084346,1692253820101,1692253820104,1693226084354,8,3,5
5788,1693226084354,1692253820108,1692253820111,1693226084362,8,3,5
5789,1693226084362,1692253820116,1692253820119,1693226084369,7,3,4
5790,1693226084369,1692253820123,1692253820126,1693226084376,7,3,4
5791,1693226084376,1692253820130,1692253820133,1693226084384,8,3,5
5792,1693226084384,1692253820138,1692253820141,1693226084391,7,3,4
5793,1693226084391,1692253820146,1692253820149,1693226084399,8,3,5
5794,1693226084399,1692253820154,1692253820157,1693226084407,8,3,5
5795,1693226084407,1692253820161,1692253820164,1693226084414,7,3,4
5796,1693226084414,1692253820168,1692253820171,1693226084421,7,3,4
5797,1693226084421,1692253820175,1692253820178,1693226084428,7,3,4
5798,1693226084428,1692253820183,1692253820186,1693226084436,8,3,5
5799,1693226084436,1692253820190,1692253820193,1693226084443,7,3,4
5800,1693226084444,1692253820197,1692253820201,1693226084451,7,4,3
5801,1693226084451,1692253820207,1692253820211,1693226084461,10,4,6
5802,1693226084461,1692253820215,1692253820219,1693226084469,8,4,4
5803,1693226084469,1692253820223,1692253820226,1693226084476,7,3,4
5804,1693226084476,1692253820230,1692253820233,1693226084483,7,3,4
5805,1693226084483,1692253820240,1692253820243,1693226084494,11,3,8
5806,1693226084494,1692253820248,1692253820252,1693226084502,8,4,4
5807,1693226084502,1692253820256,1692253820259,1693226084509,7,3,4
5808,1693226084509,1692253820265,1692253820268,1693226084519,10,3,7
5809,1693226084519,1692253820273,1692253820276,1693226084525,6,3,3
5810,1693226084526,1692253820280,1692253820283,1693226084533,7,3,4
5811,1693226084533,1692253820286,1692253820289,1693226084539,6,3,3
5812,1693226084539,1692253820295,1692253820298,1693226084548,9,3,6
5813,1693226084548,1692253820302,1692253820305,1693226084556,8,3,5
5814,1693226084556,1692253820310,1692253820313,1693226084563,7,3,4
5815,1693226084563,1692253820318,1692253820321,1693226084571,8,3,5
5816,1693226084571,1692253820325,1692253820328,1693226084578,7,3,4
5817,1693226084578,1692253820332,1692253820335,1693226084585,7,3,4
5818,1693226084586,1692253820341,1692253820344,1693226084594,8,3,5
5819,1693226084594,1692253820348,1692253820353,1693226084603,9,5,4
5820,1693226084603,1692253820358,1692253820361,1693226084610,7,3,4
5821,1693226084611,1692253820364,1692253820368,1693226084618,7,4,3
5822,1693226084618,1692253820372,1692253820375,1693226084626,8,3,5
5823,1693226084626,1692253820380,1692253820383,1693226084633,7,3,4
5824,1693226084633,1692253820388,1692253820390,1693226084641,8,2,6
5825,1693226084641,1692253820395,1692253820398,1693226084648,7,3,4
5826,1693226084648,1692253820402,1692253820404,1693226084654,6,2,4
5827,1693226084654,1692253820408,1692253820411,1693226084661,7,3,4
5828,1693226084661,1692253820416,1692253820419,1693226084669,8,3,5
5829,1693226084670,1692253820424,1692253820428,1693226084678,8,4,4
5830,1693226084678,1692253820432,1692253820435,1693226084685,7,3,4
5831,1693226084685,1692253820440,1692253820443,1693226084693,8,3,5
5832,1693226084693,1692253820448,1692253820451,1693226084702,9,3,6
5833,1693226084702,1692253820456,1692253820460,1693226084710,8,4,4
5834,1693226084710,1692253820464,1692253820467,1693226084717,7,3,4
5835,1693226084717,1692253820471,1692253820474,1693226084725,8,3,5
5836,1693226084725,1692253820479,1692253820483,1693226084733,8,4,4
5837,1693226084733,1692253820486,1692253820490,1693226084740,7,4,3
5838,1693226084740,1692253820494,1692253820497,1693226084747,7,3,4
5839,1693226084747,1692253820502,1692253820504,1693226084755,8,2,6
5840,1693226084755,1692253820509,1692253820513,1693226084763,8,4,4
5841,1693226084763,1692253820517,1692253820521,1693226084771,8,4,4
5842,1693226084771,1692253820525,1692253820528,1693226084778,7,3,4
5843,1693226084778,1692253820532,1692253820535,1693226084786,8,3,5
5844,1693226084786,1692253820540,1692253820544,1693226084794,8,4,4
5845,1693226084794,1692253820548,1692253820551,1693226084802,8,3,5
5846,1693226084802,1692253820556,1692253820559,1693226084809,7,3,4
5847,1693226084809,1692253820563,1692253820567,1693226084817,8,4,4
5848,1693226084817,1692253820571,1692253820573,1693226084823,6,2,4
5849,1693226084823,1692253820577,1692253820582,1693226084832,9,5,4
5850,1693226084832,1692253820586,1692253820590,1693226084840,8,4,4
5851,1693226084840,1692253820594,1692253820597,1693226084848,8,3,5
5852,1693226084848,1692253820602,1692253820606,1693226084856,8,4,4
5853,1693226084856,1692253820611,1692253820614,1693226084864,8,3,5
5854,1693226084864,1692253820618,1692253820621,1693226084871,7,3,4
5855,1693226084871,1692253820635,1692253820639,1693226084889,18,4,14
5856,1693226084889,1692253820643,1692253820648,1693226084898,9,5,4
5857,1693226084898,1692253820657,1692253820660,1693226084911,13,3,10
5858,1693226084911,1692253820665,1692253820669,1693226084919,8,4,4
5859,1693226084919,1692253820673,1692253820676,1693226084927,8,3,5
5860,1693226084927,1692253820681,1692253820685,1693226084935,8,4,4
5861,1693226084935,1692253820689,1692253820692,1693226084942,7,3,4
5862,1693226084942,1692253820696,1692253820699,1693226084949,7,3,4
5863,1693226084949,1692253820704,1692253820707,1693226084957,8,3,5
5864,1693226084957,1692253820711,1692253820714,1693226084964,7,3,4
5865,1693226084965,1692253820718,1692253820721,1693226084971,6,3,3
5866,1693226084971,1692253820725,1692253820728,1693226084978,7,3,4
5867,1693226084978,1692253820732,1692253820736,1693226084986,8,4,4
5868,1693226084986,1692253820741,1692253820744,1693226084994,8,3,5
5869,1693226084994,1692253820750,1692253820753,1693226085004,10,3,7
5870,1693226085004,1692253820758,1692253820761,1693226085012,8,3,5
5871,1693226085012,1692253820767,1692253820771,1693226085021,9,4,5
5872,1693226085021,1692253820776,1692253820779,1693226085029,8,3,5
5873,1693226085029,1692253820784,1692253820787,1693226085037,8,3,5
5874,1693226085037,1692253820791,1692253820793,1693226085044,7,2,5
5875,1693226085044,1692253820798,1692253820801,1693226085051,7,3,4
5876,1693226085051,1692253820807,1692253820811,1693226085061,10,4,6
5877,1693226085061,1692253820814,1692253820818,1693226085068,7,4,3
5878,1693226085068,1692253820823,1692253820826,1693226085076,8,3,5
5879,1693226085076,1692253820831,1692253820833,1693226085084,8,2,6
5880,1693226085084,1692253820838,1692253820841,1693226085091,7,3,4
5881,1693226085091,1692253820845,1692253820848,1693226085101,10,3,7
5882,1693226085101,1692253820855,1692253820858,1693226085108,7,3,4
5883,1693226085109,1692253820862,1692253820867,1693226085117,8,5,3
5884,1693226085117,1692253820871,1692253820874,1693226085124,7,3,4
5885,1693226085124,1692253820878,1692253820881,1693226085131,7,3,4
5886,1693226085131,1692253820886,1692253820889,1693226085139,8,3,5
5887,1693226085139,1692253820894,1692253820897,1693226085147,8,3,5
5888,1693226085147,1692253820901,1692253820904,1693226085154,7,3,4
5889,1693226085154,1692253820911,1692253820914,1693226085165,11,3,8
5890,1693226085165,1692253820920,1692253820923,1693226085173,8,3,5
5891,1693226085173,1692253820927,1692253820930,1693226085182,9,3,6
5892,1693226085182,1692253820936,1692253820939,1693226085189,7,3,4
5893,1693226085189,1692253820943,1692253820947,1693226085197,8,4,4
5894,1693226085197,1692253820952,1692253820955,1693226085204,7,3,4
5895,1693226085205,1692253820959,1692253820962,1693226085213,8,3,5
5896,1693226085213,1692253820967,1692253820971,1693226085221,8,4,4
5897,1693226085221,1692253820975,1692253820979,1693226085229,8,4,4
5898,1693226085229,1692253820983,1692253820985,1693226085235,6,2,4
5899,1693226085235,1692253820990,1692253820992,1693226085243,8,2,6
5900,1693226085243,1692253820997,1692253821001,1693226085251,8,4,4
5901,1693226085251,1692253821005,1692253821009,1693226085259,8,4,4
5902,1693226085259,1692253821013,1692253821017,1693226085267,8,4,4
5903,1693226085267,1692253821021,1692253821024,1693226085273,6,3,3
5904,1693226085273,1692253821028,1692253821031,1693226085282,9,3,6
5905,1693226085282,1692253821038,1692253821042,1693226085292,10,4,6
5906,1693226085292,1692253821046,1692253821050,1693226085300,8,4,4
5907,1693226085300,1692253821054,1692253821057,1693226085307,7,3,4
5908,1693226085307,1692253821061,1692253821065,1693226085316,9,4,5
5909,1693226085316,1692253821070,1692253821073,1693226085323,7,3,4
5910,1693226085323,1692253821077,1692253821079,1693226085329,6,2,4
5911,1693226085329,1692253821083,1692253821087,1693226085337,8,4,4
5912,1693226085337,1692253821092,1692253821096,1693226085346,9,4,5
5913,1693226085346,1692253821100,1692253821104,1693226085354,8,4,4
5914,1693226085354,1692253821108,1692253821111,1693226085361,7,3,4
5915,1693226085361,1692253821115,1692253821119,1693226085369,8,4,4
5916,1693226085369,1692253821123,1692253821125,1693226085376,7,2,5
5917,1693226085376,1692253821130,1692253821133,1693226085383,7,3,4
5918,1693226085383,1692253821138,1692253821141,1693226085391,8,3,5
5919,1693226085391,1692253821145,1692253821149,1693226085399,8,4,4
5920,1693226085399,1692253821153,1692253821156,1693226085408,9,3,6
5921,1693226085408,1692253821163,1692253821167,1693226085417,9,4,5
5922,1693226085417,1692253821171,1692253821174,1693226085424,7,3,4
5923,1693226085424,1692253821178,1692253821182,1693226085432,8,4,4
5924,1693226085432,1692253821186,1692253821189,1693226085439,7,3,4
5925,1693226085439,1692253821193,1692253821196,1693226085446,7,3,4
5926,1693226085446,1692253821201,1692253821204,1693226085455,9,3,6
5927,1693226085455,1692253821209,1692253821212,1693226085462,7,3,4
5928,1693226085462,1692253821217,1692253821220,1693226085470,8,3,5
5929,1693226085470,1692253821224,1692253821227,1693226085477,7,3,4
5930,1693226085477,1692253821231,1692253821236,1693226085486,9,5,4
5931,1693226085486,1692253821241,1692253821244,1693226085494,8,3,5
5932,1693226085494,1692253821248,1692253821251,1693226085502,8,3,5
5933,1693226085502,1692253821256,1692253821259,1693226085510,8,3,5
5934,1693226085510,1692253821264,1692253821268,1693226085518,8,4,4
5935,1693226085518,1692253821272,1692253821276,1693226085526,8,4,4
5936,1693226085526,1692253821281,1692253821284,1693226085534,8,3,5
5937,1693226085534,1692253821288,1692253821292,1693226085543,9,4,5
5938,1693226085543,1692253821298,1692253821302,1693226085552,9,4,5
5939,1693226085552,1692253821306,1692253821309,1693226085560,8,3,5
5940,1693226085560,1692253821314,1692253821318,1693226085568,8,4,4
5941,1693226085568,1692253821322,1692253821325,1693226085575,7,3,4
5942,1693226085575,1692253821330,1692253821333,1693226085583,8,3,5
5943,1693226085583,1692253821338,1692253821341,1693226085591,8,3,5
5944,1693226085591,1692253821345,1692253821348,1693226085598,7,3,4
5945,1693226085598,1692253821352,1692253821354,1693226085604,6,2,4
5946,1693226085604,1692253821358,1692253821362,1693226085613,9,4,5
5947,1693226085613,1692253821367,1692253821370,1693226085620,7,3,4
5948,1693226085620,1692253821374,1692253821377,1693226085628,8,3,5
5949,1693226085628,1692253821383,1692253821386,1693226085637,9,3,6
5950,1693226085637,1692253821391,1692253821394,1693226085645,8,3,5
5951,1693226085645,1692253821399,1692253821402,1693226085652,7,3,4
5952,1693226085652,1692253821407,1692253821410,1693226085660,8,3,5
5953,1693226085660,1692253821415,1692253821418,1693226085668,8,3,5
5954,1693226085668,1692253821422,1692253821425,1693226085675,7,3,4
5955,1693226085675,1692253821430,1692253821433,1693226085684,9,3,6
5956,1693226085684,1692253821438,1692253821442,1693226085693,9,4,5
5957,1693226085693,1692253821447,1692253821450,1693226085701,8,3,5
5958,1693226085701,1692253821455,1692253821459,1693226085709,8,4,4
5959,1693226085709,1692253821463,1692253821467,1693226085717,8,4,4
5960,1693226085717,1692253821471,1692253821474,1693226085725,8,3,5
5961,1693226085725,1692253821479,1692253821483,1693226085733,8,4,4
5962,1693226085733,1692253821488,1692253821490,1693226085741,8,2,6
5963,1693226085741,1692253821495,1692253821499,1693226085749,8,4,4
5964,1693226085749,1692253821504,1692253821507,1693226085757,8,3,5
5965,1693226085757,1692253821511,1692253821514,1693226085764,7,3,4
5966,1693226085764,1692253821518,1692253821522,1693226085772,8,4,4
5967,1693226085772,1692253821526,1692253821531,1693226085781,9,5,4
5968,1693226085781,1692253821535,1692253821538,1693226085788,7,3,4
5969,1693226085788,1692253821543,1692253821547,1693226085797,9,4,5
5970,1693226085797,1692253821551,1692253821553,1693226085803,6,2,4
5971,1693226085803,1692253821557,1692253821561,1693226085811,8,4,4
5972,1693226085811,1692253821565,1692253821569,1693226085820,9,4,5
5973,1693226085820,1692253821574,1692253821577,1693226085827,7,3,4
5974,1693226085827,1692253821582,1692253821586,1693226085836,9,4,5
5975,1693226085836,1692253821590,1692253821592,1693226085843,7,2,5
5976,1693226085843,1692253821598,1692253821601,1693226085851,8,3,5
5977,1693226085851,1692253821606,1692253821608,1693226085859,8,2,6
5978,1693226085859,1692253821613,1692253821617,1693226085867,8,4,4
5979,1693226085867,1692253821621,1692253821625,1693226085875,8,4,4
5980,1693226085875,1692253821629,1692253821632,1693226085882,7,3,4
5981,1693226085882,1692253821636,1692253821639,1693226085889,7,3,4
5982,1693226085889,1692253821643,1692253821646,1693226085896,7,3,4
5983,1693226085896,1692253821650,1692253821654,1693226085904,8,4,4
5984,1693226085904,1692253821658,1692253821662,1693226085913,9,4,5
5985,1693226085913,1692253821667,1692253821670,1693226085920,7,3,4
5986,1693226085920,1692253821674,1692253821678,1693226085928,8,4,4
5987,1693226085928,1692253821682,1692253821685,1693226085935,7,3,4
5988,1693226085936,1692253821690,1692253821692,1693226085942,6,2,4
5989,1693226085943,1692253821697,1692253821699,1693226085950,7,2,5
5990,1693226085950,1692253821705,1692253821708,1693226085959,9,3,6
5991,1693226085959,1692253821713,1692253821716,1693226085966,7,3,4
5992,1693226085966,1692253821720,1692253821723,1693226085973,7,3,4
5993,1693226085973,1692253821728,1692253821731,1693226085982,9,3,6
5994,1693226085982,1692253821736,1692253821740,1693226085990,8,4,4
5995,1693226085990,1692253821744,1692253821747,1693226085997,7,3,4
5996,1693226085997,1692253821751,1692253821754,1693226086004,7,3,4
5997,1693226086004,1692253821758,1692253821761,1693226086011,7,3,4
5998,1693226086012,1692253821766,1692253821770,1693226086022,10,4,6
5999,1693226086022,1692253821777,1692253821782,1693226086032,10,5,5
6000,1693226086032,1692253821789,1692253821792,1693226086042,10,3,7
6001,1693226086042,1692253821796,1692253821798,1693226086049,7,2,5
6002,1693226086049,1692253821803,1692253821806,1693226086056,7,3,4
6003,1693226086056,1692253821810,1692253821815,1693226086065,9,5,4
6004,1693226086066,1692253821820,1692253821824,1693226086074,8,4,4
6005,1693226086074,1692253821828,1692253821832,1693226086082,8,4,4
6006,1693226086082,1692253821837,1692253821841,1693226086091,9,4,5
6007,1693226086091,1692253821845,1692253821849,1693226086099,8,4,4
6008,1693226086099,1692253821854,1692253821857,1693226086107,8,3,5
6009,1693226086107,1692253821862,1692253821865,1693226086115,8,3,5
6010,1693226086115,1692253821870,1692253821873,1693226086125,10,3,7
6011,1693226086125,1692253821880,1692253821883,1693226086133,8,3,5
6012,1693226086134,1692253821888,1692253821891,1693226086141,7,3,4
6013,1693226086141,1692253821895,1692253821899,1693226086149,8,4,4
6014,1693226086149,1692253821903,1692253821907,1693226086157,8,4,4
6015,1693226086158,1692253821917,1692253821920,1693226086170,12,3,9
6016,1693226086170,1692253821925,1692253821929,1693226086180,10,4,6
6017,1693226086180,1692253821940,1692253821943,1693226086194,14,3,11
6018,1693226086194,1692253821949,1692253821952,1693226086202,8,3,5
6019,1693226086202,1692253821957,1692253821960,1693226086210,8,3,5
6020,1693226086210,1692253821964,1692253821967,1693226086217,7,3,4
6021,1693226086218,1692253821972,1692253821975,1693226086228,10,3,7
6022,1693226086228,1692253821982,1692253821986,1693226086236,8,4,4
6023,1693226086236,1692253821990,1692253821994,1693226086244,8,4,4
6024,1693226086244,1692253821999,1692253822002,1693226086252,8,3,5
6025,1693226086252,1692253822006,1692253822009,1693226086259,7,3,4
6026,1693226086259,1692253822014,1692253822017,1693226086267,8,3,5
6027,1693226086267,1692253822022,1692253822024,1693226086274,7,2,5
6028,1693226086274,1692253822029,1692253822032,1693226086282,8,3,5
6029,1693226086282,1692253822037,1692253822040,1693226086290,8,3,5
6030,1693226086290,1692253822045,1692253822049,1693226086299,9,4,5
6031,1693226086299,1692253822053,1692253822056,1693226086306,7,3,4
6032,1693226086306,1692253822060,1692253822064,1693226086314,8,4,4
6033,1693226086314,1692253822068,1692253822072,1693226086322,8,4,4
6034,1693226086322,1692253822075,1692253822078,1693226086330,8,3,5
6035,1693226086330,1692253822084,1692253822088,1693226086338,8,4,4
6036,1693226086338,1692253822092,1692253822095,1693226086346,8,3,5
6037,1693226086346,1692253822100,1692253822103,1693226086353,7,3,4
6038,1693226086353,1692253822108,1692253822112,1693226086362,9,4,5
6039,1693226086362,1692253822116,1692253822120,1693226086370,8,4,4
6040,1693226086370,1692253822124,1692253822128,1693226086379,9,4,5
6041,1693226086379,1692253822132,1692253822136,1693226086386,7,4,3
6042,1693226086386,1692253822140,1692253822143,1693226086393,7,3,4
6043,1693226086393,1692253822150,1692253822154,1693226086404,11,4,7
6044,1693226086404,1692253822159,1692253822163,1693226086413,9,4,5
6045,1693226086413,1692253822167,1692253822170,1693226086420,7,3,4
6046,1693226086420,1692253822174,1692253822177,1693226086427,7,3,4
6047,1693226086427,1692253822181,1692253822184,1693226086434,7,3,4
6048,1693226086434,1692253822188,1692253822191,1693226086442,8,3,5
6049,1693226086442,1692253822196,1692253822200,1693226086450,8,4,4
6050,1693226086450,1692253822205,1692253822208,1693226086457,7,3,4
6051,1693226086457,1692253822211,1692253822214,1693226086465,8,3,5
6052,1693226086465,1692253822219,1692253822221,1693226086471,6,2,4
6053,1693226086471,1692253822225,1692253822229,1693226086479,8,4,4
6054,1693226086479,1692253822234,1692253822236,1693226086487,8,2,6
6055,1693226086487,1692253822241,1692253822245,1693226086495,8,4,4
6056,1693226086495,1692253822249,1692253822252,1693226086503,8,3,5
6057,1693226086503,1692253822257,1692253822260,1693226086510,7,3,4
6058,1693226086510,1692253822264,1692253822267,1693226086518,8,3,5
6059,1693226086518,1692253822272,1692253822275,1693226086525,7,3,4
6060,1693226086525,1692253822280,1692253822284,1693226086534,9,4,5
6061,1693226086534,1692253822290,1692253822294,1693226086544,10,4,6
6062,1693226086544,1692253822299,1692253822302,1693226086552,8,3,5
6063,1693226086552,1692253822307,1692253822310,1693226086560,8,3,5
6064,1693226086560,1692253822314,1692253822318,1693226086568,8,4,4
6065,1693226086568,1692253822322,1692253822326,1693226086576,8,4,4
6066,1693226086576,1692253822330,1692253822333,1693226086583,7,3,4
6067,1693226086583,1692253822338,1692253822340,1693226086591,8,2,6
6068,1693226086591,1692253822346,1692253822349,1693226086599,8,3,5
6069,1693226086599,1692253822354,1692253822356,1693226086607,8,2,6
6070,1693226086607,1692253822361,1692253822364,1693226086614,7,3,4
6071,1693226086614,1692253822368,1692253822371,1693226086621,7,3,4
6072,1693226086621,1692253822375,1692253822378,1693226086628,7,3,4
6073,1693226086628,1692253822382,1692253822386,1693226086637,9,4,5
6074,1693226086637,1692253822391,1692253822394,1693226086645,8,3,5
6075,1693226086645,1692253822399,1692253822402,1693226086652,7,3,4
6076,1693226086652,1692253822407,1692253822412,1693226086662,10,5,5
6077,1693226086662,1692253822416,1692253822420,1693226086670,8,4,4
6078,1693226086670,1692253822425,1692253822428,1693226086678,8,3,5
6079,1693226086678,1692253822433,1692253822436,1693226086686,8,3,5
6080,1693226086686,1692253822440,1692253822443,1693226086693,7,3,4
6081,1693226086693,1692253822448,1692253822451,1693226086701,8,3,5
6082,1693226086701,1692253822454,1692253822458,1693226086708,7,4,3
6083,1693226086708,1692253822462,1692253822465,1693226086716,8,3,5
6084,1693226086716,1692253822470,1692253822473,1693226086723,7,3,4
6085,1693226086723,1692253822478,1692253822480,1693226086731,8,2,6
6086,1693226086731,1692253822485,1692253822488,1693226086739,8,3,5
6087,1693226086739,1692253822494,1692253822497,1693226086748,9,3,6
6088,1693226086748,1692253822502,1692253822505,1693226086755,7,3,4
6089,1693226086755,1692253822509,1692253822513,1693226086763,8,4,4
6090,1693226086763,1692253822517,1692253822520,1693226086770,7,3,4
6091,1693226086770,1692253822524,1692253822528,1693226086778,8,4,4
6092,1693226086778,1692253822532,1692253822536,1693226086786,8,4,4
6093,1693226086786,1692253822540,1692253822543,1693226086793,7,3,4
6094,1693226086794,1692253822548,1692253822551,1693226086802,8,3,5
6095,1693226086802,1692253822556,1692253822560,1693226086810,8,4,4
6096,1693226086810,1692253822565,1692253822568,1693226086818,8,3,5
6097,1693226086818,1692253822572,1692253822575,1693226086825,7,3,4
6098,1693226086825,1692253822579,1692253822583,1693226086832,7,4,3
6099,1693226086832,1692253822586,1692253822590,1693226086841,9,4,5
6100,1693226086841,1692253822595,1692253822598,1693226086848,7,3,4
6101,1693226086848,1692253822602,1692253822605,1693226086855,7,3,4
6102,1693226086855,1692253822609,1692253822613,1693226086863,8,4,4
6103,1693226086863,1692253822617,1692253822620,1693226086870,7,3,4
6104,1693226086870,1692253822624,1692253822627,1693226086877,7,3,4
6105,1693226086877,1692253822631,1692253822634,1693226086884,7,3,4
6106,1693226086884,1692253822638,1692253822641,1693226086891,7,3,4
6107,1693226086891,1692253822645,1692253822648,1693226086898,7,3,4
6108,1693226086898,1692253822652,1692253822656,1693226086906,8,4,4
6109,1693226086906,1692253822667,1692253822671,1693226086921,15,4,11
6110,1693226086921,1692253822675,1692253822678,1693226086928,7,3,4
6111,1693226086928,1692253822682,1692253822685,1693226086935,7,3,4
6112,1693226086935,1692253822689,1692253822692,1693226086944,9,3,6
6113,1693226086944,1692253822698,1692253822703,1693226086953,9,5,4
6114,1693226086953,1692253822707,1692253822711,1693226086961,8,4,4
6115,1693226086961,1692253822715,1692253822718,1693226086968,7,3,4
6116,1693226086968,1692253822722,1692253822725,1693226086975,7,3,4
6117,1693226086975,1692253822730,1692253822733,1693226086983,8,3,5
6118,1693226086983,1692253822737,1692253822740,1693226086991,8,3,5
6119,1693226086991,1692253822745,1692253822749,1693226086999,8,4,4
6120,1693226086999,1692253822753,1692253822756,1693226087007,8,3,5
6121,1693226087007,1692253822762,1692253822766,1693226087016,9,4,5
6122,1693226087016,1692253822770,1692253822774,1693226087024,8,4,4
6123,1693226087024,1692253822778,1692253822781,1693226087032,8,3,5
6124,1693226087032,1692253822786,1692253822789,1693226087039,7,3,4
6125,1693226087039,1692253822794,1692253822797,1693226087048,9,3,6
6126,1693226087048,1692253822802,1692253822804,1693226087055,7,2,5
6127,1693226087055,1692253822809,1692253822812,1693226087062,7,3,4
6128,1693226087062,1692253822816,1692253822819,1693226087069,7,3,4
6129,1693226087069,1692253822823,1692253822826,1693226087077,8,3,5
6130,1693226087077,1692253822831,1692253822835,1693226087085,8,4,4
6131,1693226087085,1692253822839,1692253822843,1693226087093,8,4,4
6132,1693226087093,1692253822848,1692253822851,1693226087101,8,3,5
6133,1693226087101,1692253822856,1692253822859,1693226087109,8,3,5
6134,1693226087109,1692253822863,1692253822866,1693226087117,8,3,5
6135,1693226087117,1692253822871,1692253822874,1693226087125,8,3,5
6136,1693226087125,1692253822879,1692253822881,1693226087132,7,2,5
6137,1693226087132,1692253822886,1692253822889,1693226087140,8,3,5
6138,1693226087140,1692253822894,1692253822898,1693226087149,9,4,5
6139,1693226087149,1692253822903,1692253822906,1693226087156,7,3,4
6140,1693226087156,1692253822910,1692253822914,1693226087164,8,4,4
6141,1693226087164,1692253822919,1692253822923,1693226087173,9,4,5
6142,1693226087173,1692253822927,1692253822931,1693226087182,9,4,5
6143,1693226087182,1692253822936,1692253822940,1693226087193,11,4,7
6144,1693226087193,1692253822947,1692253822951,1693226087201,8,4,4
6145,1693226087201,1692253822956,1692253822959,1693226087210,9,3,6
6146,1693226087210,1692253822965,1692253822968,1693226087218,8,3,5
6147,1693226087218,1692253822974,1692253822977,1693226087227,9,3,6
6148,1693226087227,1692253822982,1692253822986,1693226087236,9,4,5
6149,1693226087236,1692253822989,1692253822993,1693226087243,7,4,3
6150,1693226087243,1692253822998,1692253823003,1693226087253,10,5,5
6151,1693226087253,1692253823007,1692253823010,1693226087260,7,3,4
6152,1693226087260,1692253823014,1692253823017,1693226087267,7,3,4
6153,1693226087267,1692253823022,1692253823026,1693226087276,9,4,5
6154,1693226087276,1692253823031,1692253823034,1693226087284,8,3,5
6155,1693226087284,1692253823038,1692253823041,1693226087291,7,3,4
6156,1693226087291,1692253823045,1692253823048,1693226087298,7,3,4
6157,1693226087298,1692253823052,1692253823055,1693226087306,8,3,5
6158,1693226087306,1692253823060,1692253823063,1693226087313,7,3,4
6159,1693226087313,1692253823067,1692253823071,1693226087321,8,4,4
6160,1693226087321,1692253823075,1692253823078,1693226087328,7,3,4
6161,1693226087328,1692253823082,1692253823085,1693226087335,7,3,4
6162,1693226087335,1692253823089,1692253823093,1693226087343,8,4,4
6163,1693226087343,1692253823097,1692253823100,1693226087350,7,3,4
6164,1693226087350,1692253823106,1692253823109,1693226087359,9,3,6
6165,1693226087359,1692253823113,1692253823117,1693226087367,8,4,4
6166,1693226087367,1692253823121,1692253823124,1693226087375,8,3,5
6167,1693226087375,1692253823129,1692253823133,1693226087383,8,4,4
6168,1693226087383,1692253823136,1692253823140,1693226087390,7,4,3
6169,1693226087390,1692253823144,1692253823146,1693226087396,6,2,4
6170,1693226087396,1692253823150,1692253823153,1693226087403,7,3,4
6171,1693226087403,1692253823157,1692253823161,1693226087411,8,4,4
6172,1693226087411,1692253823165,1692253823168,1693226087418,7,3,4
6173,1693226087419,1692253823173,1692253823176,1693226087426,7,3,4
6174,1693226087426,1692253823181,1692253823183,1693226087433,7,2,5
6175,1693226087433,1692253823187,1692253823191,1693226087440,7,4,3
6176,1693226087440,1692253823199,1692253823202,1693226087453,13,3,10
6177,1693226087453,1692253823208,1692253823211,1693226087461,8,3,5
6178,1693226087461,1692253823221,1692253823224,1693226087474,13,3,10
6179,1693226087474,1692253823228,1692253823231,1693226087481,7,3,4
6180,1693226087481,1692253823235,1692253823239,1693226087489,8,4,4
6181,1693226087489,1692253823245,1692253823248,1693226087499,10,3,7
6182,1693226087499,1692253823252,1692253823256,1693226087506,7,4,3
6183,1693226087506,1692253823260,1692253823263,1693226087513,7,3,4
6184,1693226087513,1692253823267,1692253823271,1693226087521,8,4,4
6185,1693226087521,1692253823275,1692253823278,1693226087528,7,3,4
6186,1693226087528,1692253823282,1692253823285,1693226087535,7,3,4
6187,1693226087535,1692253823289,1692253823294,1693226087544,9,5,4
6188,1693226087544,1692253823298,1692253823301,1693226087551,7,3,4
6189,1693226087551,1692253823306,1692253823309,1693226087559,8,3,5
6190,1693226087559,1692253823313,1692253823316,1693226087567,8,3,5
6191,1693226087567,1692253823321,1692253823324,1693226087574,7,3,4
6192,1693226087574,1692253823328,1692253823331,1693226087581,7,3,4
6193,1693226087581,1692253823336,1692253823339,1693226087588,7,3,4
6194,1693226087589,1692253823343,1692253823347,1693226087597,8,4,4
6195,1693226087597,1692253823351,1692253823354,1693226087604,7,3,4
6196,1693226087604,1692253823359,1692253823363,1693226087613,9,4,5
6197,1693226087613,1692253823368,1692253823371,1693226087621,8,3,5
6198,1693226087622,1692253823376,1692253823379,1693226087629,7,3,4
6199,1693226087629,1692253823383,1692253823386,1693226087636,7,3,4
6200,1693226087636,1692253823390,1692253823394,1693226087644,8,4,4
6201,1693226087644,1692253823398,1692253823401,1693226087652,8,3,5
6202,1693226087652,1692253823406,1692253823409,1693226087661,9,3,6
6203,1693226087661,1692253823417,1692253823420,1693226087670,9,3,6
6204,1693226087670,1692253823424,1692253823431,1693226087681,11,7,4
6205,1693226087681,1692253823436,1692253823440,1693226087690,9,4,5
6206,1693226087690,1692253823445,1692253823449,1693226087700,10,4,6
6207,1693226087700,1692253823454,1692253823457,1693226087707,7,3,4
6208,1693226087707,1692253823461,1692253823466,1693226087717,10,5,5
6209,1693226087717,1692253823471,1692253823473,1693226087724,7,2,5
6210,1693226087724,1692253823478,1692253823482,1693226087732,8,4,4
6211,1693226087732,1692253823486,1692253823489,1693226087739,7,3,4
6212,1693226087739,1692253823493,1692253823496,1693226087746,7,3,4
6213,1693226087746,1692253823500,1692253823504,1693226087754,8,4,4
6214,1693226087754,1692253823508,1692253823511,1693226087763,9,3,6
6215,1693226087763,1692253823519,1692253823524,1693226087774,11,5,6
6216,1693226087774,1692253823528,1692253823531,1693226087781,7,3,4
6217,1693226087781,1692253823535,1692253823538,1693226087788,7,3,4
6218,1693226087788,1692253823542,1692253823545,1693226087795,7,3,4
6219,1693226087795,1692253823550,1692253823553,1693226087804,9,3,6
6220,1693226087804,1692253823560,1692253823564,1693226087814,10,4,6
6221,1693226087814,1692253823567,1692253823570,1693226087820,6,3,3
6222,1693226087820,1692253823575,1692253823579,1693226087830,10,4,6
6223,1693226087830,1692253823584,1692253823587,1693226087837,7,3,4
6224,1693226087837,1692253823592,1692253823595,1693226087845,8,3,5
6225,1693226087845,1692253823599,1692253823603,1693226087853,8,4,4
6226,1693226087853,1692253823607,1692253823610,1693226087860,7,3,4
6227,1693226087860,1692253823615,1692253823618,1693226087868,8,3,5
6228,1693226087868,1692253823623,1692253823626,1693226087876,8,3,5
6229,1693226087876,1692253823631,1692253823634,1693226087884,8,3,5
6230,1693226087884,1692253823638,1692253823641,1693226087891,7,3,4
6231,1693226087891,1692253823645,1692253823648,1693226087898,7,3,4
6232,1693226087898,1692253823652,1692253823655,1693226087905,7,3,4
6233,1693226087905,1692253823659,1692253823662,1693226087912,7,3,4
6234,1693226087912,1692253823666,1692253823670,1693226087920,8,4,4
6235,1693226087920,1692253823674,1692253823678,1693226087928,8,4,4
6236,1693226087928,1692253823682,1692253823685,1693226087935,7,3,4
6237,1693226087935,1692253823690,1692253823693,1693226087943,8,3,5
6238,1693226087943,1692253823697,1692253823700,1693226087951,8,3,5
6239,1693226087951,1692253823706,1692253823708,1693226087959,8,2,6
6240,1693226087959,1692253823713,1692253823716,1693226087968,9,3,6
6241,1693226087968,1692253823722,1692253823726,1693226087976,8,4,4
6242,1693226087976,1692253823730,1692253823734,1693226087984,8,4,4
6243,1693226087984,1692253823738,1692253823740,1693226087990,6,2,4
6244,1693226087990,1692253823745,1692253823748,1693226087998,8,3,5
6245,1693226087998,1692253823752,1692253823756,1693226088006,8,4,4
6246,1693226088006,1692253823760,1692253823763,1693226088013,7,3,4
6247,1693226088013,1692253823767,1692253823770,1693226088020,7,3,4
6248,1693226088020,1692253823775,1692253823778,1693226088028,8,3,5
6249,1693226088028,1692253823784,1692253823787,1693226088037,9,3,6
6250,1693226088037,1692253823792,1692253823795,1693226088045,8,3,5
6251,1693226088045,1692253823799,1692253823802,1693226088052,7,3,4
6252,1693226088052,1692253823806,1692253823809,1693226088059,7,3,4
6253,1693226088059,1692253823813,1692253823816,1693226088067,8,3,5
6254,1693226088067,1692253823823,1692253823826,1693226088076,9,3,6
6255,1693226088076,1692253823830,1692253823833,1693226088084,8,3,5
6256,1693226088084,1692253823838,1692253823841,1693226088091,7,3,4
6257,1693226088091,1692253823845,1692253823848,1693226088098,7,3,4
6258,1693226088098,1692253823852,1692253823855,1693226088105,7,3,4
6259,1693226088105,1692253823860,1692253823863,1693226088114,9,3,6
6260,1693226088114,1692253823868,1692253823871,1693226088121,7,3,4
6261,1693226088121,1692253823875,1692253823878,1693226088128,7,3,4
6262,1693226088128,1692253823883,1692253823886,1693226088136,8,3,5
6263,1693226088136,1692253823890,1692253823893,1693226088143,7,3,4
6264,1693226088143,1692253823897,1692253823901,1693226088152,9,4,5
6265,1693226088152,1692253823906,1692253823909,1693226088159,7,3,4
6266,1693226088159,1692253823913,1692253823916,1693226088167,8,3,5
6267,1693226088167,1692253823921,1692253823924,1693226088174,7,3,4
6268,1693226088174,1692253823928,1692253823932,1693226088182,8,4,4
6269,1693226088182,1692253823936,1692253823939,1693226088189,7,3,4
6270,1693226088189,1692253823943,1692253823946,1693226088199,10,3,7
6271,1693226088199,1692253823953,1692253823957,1693226088208,9,4,5
6272,1693226088208,1692253823962,1692253823966,1693226088216,8,4,4
6273,1693226088216,1692253823970,1692253823972,1693226088222,6,2,4
6274,1693226088222,1692253823977,1692253823980,1693226088230,8,3,5
6275,1693226088230,1692253823984,1692253823987,1693226088238,8,3,5
6276,1693226088238,1692253823992,1692253823995,1693226088246,8,3,5
6277,1693226088246,1692253824000,1692253824004,1693226088254,8,4,4
6278,1693226088254,1692253824008,1692253824011,1693226088261,7,3,4
6279,1693226088262,1692253824016,1692253824019,1693226088269,7,3,4
6280,1693226088269,1692253824024,1692253824027,1693226088278,9,3,6
6281,1693226088278,1692253824032,1692253824036,1693226088286,8,4,4
6282,1693226088286,1692253824040,1692253824044,1693226088294,8,4,4
6283,1693226088294,1692253824048,1692253824051,1693226088301,7,3,4
6284,1693226088301,1692253824056,1692253824060,1693226088310,9,4,5
6285,1693226088310,1692253824065,1692253824068,1693226088319,9,3,6
6286,1693226088319,1692253824073,1692253824077,1693226088327,8,4,4
6287,1693226088327,1692253824082,1692253824085,1693226088335,8,3,5
6288,1693226088335,1692253824090,1692253824093,1693226088343,8,3,5
6289,1693226088343,1692253824098,1692253824101,1693226088352,9,3,6
6290,1693226088352,1692253824107,1692253824110,1693226088361,9,3,6
6291,1693226088361,1692253824116,1692253824120,1693226088370,9,4,5
6292,1693226088370,1692253824125,1692253824128,1693226088379,9,3,6
6293,1693226088379,1692253824133,1692253824137,1693226088387,8,4,4
6294,1693226088387,1692253824142,1692253824144,1693226088395,8,2,6
6295,1693226088395,1692253824149,1692253824152,1693226088403,8,3,5
6296,1693226088403,1692253824157,1692253824162,1693226088413,10,5,5
6297,1693226088413,1692253824167,1692253824170,1693226088420,7,3,4
6298,1693226088420,1692253824175,1692253824178,1693226088429,9,3,6
6299,1693226088429,1692253824183,1692253824187,1693226088438,9,4,5
6300,1693226088438,1692253824192,1692253824196,1693226088446,8,4,4
6301,1693226088446,1692253824200,1692253824203,1693226088454,8,3,5
6302,1693226088454,1692253824208,1692253824211,1693226088461,7,3,4
6303,1693226088461,1692253824215,1692253824219,1693226088469,8,4,4
6304,1693226088469,1692253824223,1692253824226,1693226088476,7,3,4
6305,1693226088476,1692253824232,1692253824236,1693226088486,10,4,6
6306,1693226088486,1692253824240,1692253824243,1693226088493,7,3,4
6307,1693226088493,1692253824247,1692253824250,1693226088500,7,3,4
6308,1693226088500,1692253824254,1692253824258,1693226088508,8,4,4
6309,1693226088508,1692253824262,1692253824266,1693226088516,8,4,4
6310,1693226088516,1692253824270,1692253824272,1693226088522,6,2,4
6311,1693226088522,1692253824277,1692253824280,1693226088531,9,3,6
6312,1693226088531,1692253824285,1692253824288,1693226088538,7,3,4
6313,1693226088538,1692253824292,1692253824295,1693226088545,7,3,4
6314,1693226088545,1692253824300,1692253824302,1693226088553,8,2,6
6315,1693226088553,1692253824307,1692253824310,1693226088560,7,3,4
6316,1693226088560,1692253824314,1692253824317,1693226088567,7,3,4
6317,1693226088567,1692253824322,1692253824324,1693226088575,8,2,6
6318,1693226088575,1692253824330,1692253824334,1693226088584,9,4,5
6319,1693226088584,1692253824338,1692253824341,1693226088591,7,3,4
6320,1693226088591,1692253824345,1692253824349,1693226088599,8,4,4
6321,1693226088599,1692253824352,1692253824356,1693226088606,7,4,3
6322,1693226088606,1692253824361,1692253824364,1693226088615,9,3,6
6323,1693226088615,1692253824369,1692253824371,1693226088621,6,2,4
6324,1693226088621,1692253824375,1692253824378,1693226088628,7,3,4
6325,1693226088628,1692253824382,1692253824386,1693226088636,8,4,4
6326,1693226088636,1692253824390,1692253824394,1693226088644,8,4,4
6327,1693226088645,1692253824399,1692253824403,1693226088653,8,4,4
6328,1693226088653,1692253824407,1692253824411,1693226088661,8,4,4
6329,1693226088661,1692253824415,1692253824419,1693226088813,152,4,148
6330,1693226088813,1692253824568,1692253824571,1693226088831,18,3,15
6331,1693226088831,1692253824585,1692253824589,1693226088840,9,4,5
6332,1693226088840,1692253824594,1692253824596,1693226088847,7,2,5
6333,1693226088847,1692253824602,1692253824607,1693226088857,10,5,5
6334,1693226088857,1692253824611,1692253824614,1693226088864,7,3,4
6335,1693226088864,1692253824618,1692253824622,1693226088872,8,4,4
6336,1693226088872,1692253824626,1692253824630,1693226088879,7,4,3
6337,1693226088879,1692253824633,1692253824636,1693226088885,6,3,3
6338,1693226088885,1692253824669,1692253824672,1693226088923,38,3,35
6339,1693226088923,1692253824676,1692253824680,1693226088930,7,4,3
6340,1693226088930,1692253824684,1692253824688,1693226088937,7,4,3
6341,1693226088937,1692253824691,1692253824695,1693226088946,9,4,5
6342,1693226088946,1692253824700,1692253824703,1693226088953,7,3,4
6343,1693226088953,1692253824708,1692253824711,1693226088961,8,3,5
6344,1693226088961,1692253824715,1692253824719,1693226088969,8,4,4
6345,1693226088969,1692253824723,1692253824727,1693226088977,8,4,4
6346,1693226088977,1692253824731,1692253824734,1693226088984,7,3,4
6347,1693226088984,1692253824738,1692253824741,1693226088992,8,3,5
6348,1693226088992,1692253824746,1692253824750,1693226089000,8,4,4
6349,1693226089000,1692253824754,1692253824757,1693226089007,7,3,4
6350,1693226089007,1692253824762,1692253824768,1693226089019,12,6,6
6351,1693226089019,1692253824773,1692253824776,1693226089026,7,3,4
6352,1693226089026,1692253824781,1692253824784,1693226089034,8,3,5
6353,1693226089034,1692253824788,1692253824792,1693226089042,8,4,4
6354,1693226089042,1692253824796,1692253824800,1693226089050,8,4,4
6355,1693226089051,1692253824805,1692253824808,1693226089058,7,3,4
6356,1693226089058,1692253824813,1692253824816,1693226089065,7,3,4
6357,1693226089066,1692253824819,1692253824823,1693226089073,7,4,3
6358,1693226089073,1692253824827,1692253824830,1693226089080,7,3,4
6359,1693226089080,1692253824835,1692253824840,1693226089090,10,5,5
6360,1693226089090,1692253824846,1692253824849,1693226089100,10,3,7
6361,1693226089100,1692253824854,1692253824856,1693226089107,7,2,5
6362,1693226089107,1692253824862,1692253824865,1693226089115,8,3,5
6363,1693226089115,1692253824869,1692253824872,1693226089122,7,3,4
6364,1693226089122,1692253824877,1692253824881,1693226089131,9,4,5
6365,1693226089131,1692253824885,1692253824888,1693226089138,7,3,4
6366,1693226089138,1692253824892,1692253824896,1693226089146,8,4,4
6367,1693226089146,1692253824900,1692253824904,1693226089154,8,4,4
6368,1693226089154,1692253824909,1692253824915,1693226089166,12,6,6
6369,1693226089166,1692253824921,1692253824924,1693226089175,9,3,6
6370,1693226089175,1692253824929,1692253824933,1693226089183,8,4,4
6371,1693226089183,1692253824937,1692253824940,1693226089190,7,3,4
6372,1693226089190,1692253824945,1692253824948,1693226089198,8,3,5
6373,1693226089198,1692253824957,1692253824960,1693226089210,12,3,9
6374,1693226089210,1692253824964,1692253824967,1693226089217,7,3,4
6375,1693226089218,1692253824972,1692253824975,1693226089225,7,3,4
6376,1693226089225,1692253824979,1692253824983,1693226089233,8,4,4
6377,1693226089233,1692253824987,1692253824990,1693226089240,7,3,4
6378,1693226089240,1692253824994,1692253824997,1693226089248,8,3,5
6379,1693226089248,1692253825002,1692253825005,1693226089255,7,3,4
6380,1693226089255,1692253825009,1692253825012,1693226089262,7,3,4
6381,1693226089262,1692253825018,1692253825022,1693226089272,10,4,6
6382,1693226089272,1692253825027,1692253825030,1693226089280,8,3,5
6383,1693226089280,1692253825035,1692253825038,1693226089289,9,3,6
6384,1693226089289,1692253825043,1692253825046,1693226089296,7,3,4
6385,1693226089296,1692253825052,1692253825055,1693226089306,10,3,7
6386,1693226089306,1692253825060,1692253825063,1693226089313,7,3,4
6387,1693226089313,1692253825067,1692253825070,1693226089320,7,3,4
6388,1693226089320,1692253825074,1692253825077,1693226089327,7,3,4
6389,1693226089327,1692253825082,1692253825086,1693226089336,9,4,5
6390,1693226089336,1692253825090,1692253825093,1693226089343,7,3,4
6391,1693226089343,1692253825098,1692253825101,1693226089351,8,3,5
6392,1693226089351,1692253825106,1692253825109,1693226089359,8,3,5
6393,1693226089359,1692253825114,1692253825117,1693226089367,8,3,5
6394,1693226089367,1692253825121,1692253825125,1693226089375,8,4,4
6395,1693226089375,1692253825129,1692253825132,1693226089382,7,3,4
6396,1693226089382,1692253825136,1692253825139,1693226089389,7,3,4
6397,1693226089389,1692253825144,1692253825147,1693226089398,9,3,6
6398,1693226089398,1692253825155,1692253825158,1693226089408,10,3,7
6399,1693226089409,1692253825162,1692253825165,1693226089416,7,3,4
6400,1693226089416,1692253825170,1692253825173,1693226089423,7,3,4
6401,1693226089423,1692253825177,1692253825180,1693226089430,7,3,4
6402,1693226089430,1692253825184,1692253825187,1693226089437,7,3,4
6403,1693226089437,1692253825191,1692253825195,1693226089445,8,4,4
6404,1693226089445,1692253825199,1692253825202,1693226089452,7,3,4
6405,1693226089452,1692253825207,1692253825212,1693226089462,10,5,5
6406,1693226089462,1692253825217,1692253825220,1693226089470,8,3,5
6407,1693226089470,1692253825225,1692253825228,1693226089478,8,3,5
6408,1693226089478,1692253825232,1692253825235,1693226089486,8,3,5
6409,1693226089486,1692253825240,1692253825244,1693226089494,8,4,4
6410,1693226089494,1692253825248,1692253825251,1693226089503,9,3,6
6411,1693226089503,1692253825258,1692253825262,1693226089512,9,4,5
6412,1693226089512,1692253825267,1692253825269,1693226089520,8,2,6
6413,1693226089520,1692253825275,1692253825278,1693226089528,8,3,5
6414,1693226089528,1692253825291,1692253825294,1693226089544,16,3,13
6415,1693226089544,1692253825298,1692253825301,1693226089551,7,3,4
6416,1693226089551,1692253825306,1692253825309,1693226089559,8,3,5
6417,1693226089559,1692253825313,1692253825316,1693226089566,7,3,4
6418,1693226089566,1692253825321,1692253825324,1693226089574,8,3,5
6419,1693226089574,1692253825328,1692253825331,1693226089581,7,3,4
6420,1693226089581,1692253825335,1692253825338,1693226089588,7,3,4
6421,1693226089588,1692253825342,1692253825345,1693226089595,7,3,4
6422,1693226089595,1692253825349,1692253825352,1693226089602,7,3,4
6423,1693226089602,1692253825359,1692253825362,1693226089612,10,3,7
6424,1693226089612,1692253825367,1692253825370,1693226089620,8,3,5
6425,1693226089620,1692253825375,1692253825377,1693226089627,7,2,5
6426,1693226089627,1692253825381,1692253825384,1693226089634,7,3,4
6427,1693226089634,1692253825388,1692253825392,1693226089642,8,4,4
6428,1693226089642,1692253825396,1692253825399,1693226089649,7,3,4
6429,1693226089650,1692253825404,1692253825407,1693226089657,7,3,4
6430,1693226089657,1692253825411,1692253825414,1693226089664,7,3,4
6431,1693226089664,1692253825418,1692253825421,1693226089671,7,3,4
6432,1693226089671,1692253825427,1692253825430,1693226089680,9,3,6
6433,1693226089680,1692253825434,1692253825437,1693226089687,7,3,4
6434,1693226089687,1692253825442,1692253825445,1693226089695,8,3,5
6435,1693226089695,1692253825449,1692253825453,1693226089703,8,4,4
6436,1693226089703,1692253825457,1692253825460,1693226089717,14,3,11
6437,1693226089717,1692253825471,1692253825475,1693226089726,9,4,5
6438,1693226089726,1692253825480,1692253825483,1693226089733,7,3,4
6439,1693226089733,1692253825488,1692253825490,1693226089740,7,2,5
6440,1693226089741,1692253825495,1692253825498,1693226089748,7,3,4
6441,1693226089748,1692253825503,1692253825505,1693226089755,7,2,5
6442,1693226089755,1692253825510,1692253825515,1693226089765,10,5,5
6443,1693226089765,1692253825519,1692253825522,1693226089772,7,3,4
6444,1693226089772,1692253825527,1692253825530,1693226089780,8,3,5
6445,1693226089780,1692253825534,1692253825538,1693226089788,8,4,4
6446,1693226089788,1692253825542,1692253825545,1693226089795,7,3,4
6447,1693226089795,1692253825550,1692253825553,1693226089803,8,3,5
6448,1693226089803,1692253825557,1692253825561,1693226089811,8,4,4
6449,1693226089811,1692253825566,1692253825569,1693226089819,8,3,5
6450,1693226089819,1692253825573,1692253825577,1693226089827,8,4,4
6451,1693226089827,1692253825581,1692253825585,1693226089835,8,4,4
6452,1693226089835,1692253825590,1692253825593,1693226089843,8,3,5
6453,1693226089843,1692253825597,1692253825601,1693226089851,8,4,4
6454,1693226089851,1692253825606,1692253825608,1693226089858,7,2,5
6455,1693226089858,1692253825612,1692253825615,1693226089866,8,3,5
6456,1693226089866,1692253825625,1692253825628,1693226089878,12,3,9
6457,1693226089878,1692253825632,1692253825635,1693226089885,7,3,4
6458,1693226089885,1692253825640,1692253825642,1693226089892,7,2,5
6459,1693226089893,1692253825647,1692253825650,1693226089900,7,3,4
6460,1693226089900,1692253825655,1692253825658,1693226089908,8,3,5
6461,1693226089908,1692253825662,1692253825665,1693226089915,7,3,4
6462,1693226089915,1692253825668,1692253825671,1693226089922,7,3,4
6463,1693226089922,1692253825676,1692253825679,1693226089929,7,3,4
6464,1693226089929,1692253825684,1692253825686,1693226089937,8,2,6
6465,1693226089937,1692253825691,1692253825694,1693226089945,8,3,5
6466,1693226089945,1692253825699,1692253825702,1693226089952,7,3,4
6467,1693226089952,1692253825706,1692253825709,1693226089959,7,3,4
6468,1693226089959,1692253825714,1692253825717,1693226089967,8,3,5
6469,1693226089967,1692253825721,1692253825724,1693226089974,7,3,4
6470,1693226089974,1692253825729,1692253825732,1693226089983,9,3,6
6471,1693226089983,1692253825737,1692253825740,1693226089990,7,3,4
6472,1693226089990,1692253825745,1692253825749,1693226089999,9,4,5
6473,1693226089999,1692253825754,1692253825756,1693226090007,8,2,6
6474,1693226090007,1692253825768,1692253825772,1693226090022,15,4,11
6475,1693226090022,1692253825777,1692253825780,1693226090030,8,3,5
6476,1693226090030,1692253825784,1692253825789,1693226090039,9,5,4
6477,1693226090039,1692253825793,1692253825797,1693226090047,8,4,4
6478,1693226090047,1692253825801,1692253825805,1693226090055,8,4,4
6479,1693226090055,1692253825809,1692253825813,1693226090063,8,4,4
6480,1693226090063,1692253825818,1692253825820,1693226090070,7,2,5
6481,1693226090070,1692253825825,1692253825827,1693226090077,7,2,5
6482,1693226090077,1692253825831,1692253825834,1693226090085,8,3,5
6483,1693226090085,1692253825839,1692253825843,1693226090093,8,4,4
6484,1693226090093,1692253825847,1692253825850,1693226090100,7,3,4
6485,1693226090100,1692253825855,1692253825858,1693226090108,8,3,5
6486,1693226090108,1692253825863,1692253825867,1693226090118,10,4,6
6487,1693226090118,1692253825872,1692253825875,1693226090125,7,3,4
6488,1693226090125,1692253825879,1692253825884,1693226090133,8,5,3
6489,1693226090133,1692253825888,1692253825891,1693226090141,8,3,5
6490,1693226090141,1692253825895,1692253825898,1693226090149,8,3,5
6491,1693226090149,1692253825905,1692253825909,1693226090159,10,4,6
6492,1693226090159,1692253825913,1692253825916,1693226090166,7,3,4
6493,1693226090166,1692253825920,1692253825924,1693226090174,8,4,4
6494,1693226090174,1692253825930,1692253825933,1693226090184,10,3,7
6495,1693226090184,1692253825938,1692253825941,1693226090192,8,3,5
6496,1693226090192,1692253825946,1692253825949,1693226090199,7,3,4
6497,1693226090199,1692253825953,1692253825956,1693226090206,7,3,4
6498,1693226090206,1692253825963,1692253825966,1693226090216,10,3,7
6499,1693226090216,1692253825972,1692253825976,1693226090226,10,4,6
6500,1693226090226,1692253825981,1692253825984,1693226090235,9,3,6
6501,1693226090236,1692253825990,1692253825993,1693226090242,6,3,3
6502,1693226090242,1692253825996,1692253825999,1693226090249,7,3,4
6503,1693226090249,1692253826003,1692253826006,1693226090256,7,3,4
6504,1693226090256,1692253826010,1692253826013,1693226090263,7,3,4
6505,1693226090263,1692253826017,1692253826020,1693226090270,7,3,4
6506,1693226090270,1692253826024,1692253826028,1693226090278,8,4,4
6507,1693226090278,1692253826033,1692253826036,1693226090286,8,3,5
6508,1693226090286,1692253826042,1692253826045,1693226090295,9,3,6
6509,1693226090295,1692253826050,1692253826054,1693226090304,9,4,5
6510,1693226090304,1692253826059,1692253826061,1693226090311,7,2,5
6511,1693226090311,1692253826065,1692253826068,1693226090318,7,3,4
6512,1693226090318,1692253826072,1692253826075,1693226090325,7,3,4
6513,1693226090325,1692253826079,1692253826083,1693226090333,8,4,4
6514,1693226090333,1692253826087,1692253826091,1693226090342,9,4,5
6515,1693226090342,1692253826096,1692253826099,1693226090350,8,3,5
6516,1693226090350,1692253826104,1692253826107,1693226090357,7,3,4
6517,1693226090357,1692253826112,1692253826116,1693226090367,10,4,6
6518,1693226090367,1692253826121,1692253826124,1693226090374,7,3,4
6519,1693226090374,1692253826129,1692253826133,1693226090383,9,4,5
6520,1693226090383,1692253826138,1692253826140,1693226090390,7,2,5
6521,1693226090391,1692253826145,1692253826148,1693226090399,8,3,5
6522,1693226090399,1692253826153,1692253826156,1693226090406,7,3,4
6523,1693226090406,1692253826166,1692253826169,1693226090419,13,3,10
6524,1693226090419,1692253826174,1692253826177,1693226090428,9,3,6
6525,1693226090428,1692253826183,1692253826186,1693226090436,8,3,5
6526,1693226090436,1692253826191,1692253826194,1693226090444,8,3,5
6527,1693226090444,1692253826198,1692253826202,1693226090452,8,4,4
6528,1693226090452,1692253826206,1692253826210,1693226090460,8,4,4
6529,1693226090460,1692253826215,1692253826218,1693226090468,8,3,5
6530,1693226090468,1692253826223,1692253826225,1693226090476,8,2,6
6531,1693226090476,1692253826230,1692253826236,1693226090486,10,6,4
6532,1693226090486,1692253826240,1692253826244,1693226090494,8,4,4
6533,1693226090494,1692253826248,1692253826252,1693226090502,8,4,4
6534,1693226090502,1692253826256,1692253826259,1693226090509,7,3,4
6535,1693226090509,1692253826264,1692253826267,1693226090517,8,3,5
6536,1693226090517,1692253826272,1692253826275,1693226090528,11,3,8
6537,1693226090528,1692253826283,1692253826287,1693226090538,10,4,6
6538,1693226090538,1692253826292,1692253826295,1693226090545,7,3,4
6539,1693226090545,1692253826300,1692253826304,1693226090554,9,4,5
6540,1693226090554,1692253826308,1692253826312,1693226090562,8,4,4
6541,1693226090562,1692253826316,1692253826319,1693226090569,7,3,4
6542,1693226090569,1692253826323,1692253826326,1693226090576,7,3,4
6543,1693226090576,1692253826330,1692253826334,1693226090585,9,4,5
6544,1693226090585,1692253826339,1692253826343,1693226090593,8,4,4
6545,1693226090593,1692253826348,1692253826351,1693226090602,9,3,6
6546,1693226090602,1692253826356,1692253826359,1693226090610,8,3,5
6547,1693226090610,1692253826365,1692253826368,1693226090618,8,3,5
6548,1693226090618,1692253826373,1692253826375,1693226090626,8,2,6
6549,1693226090626,1692253826383,1692253826388,1693226090638,12,5,7
6550,1693226090639,1692253826394,1692253826397,1693226090648,9,3,6
6551,1693226090648,1692253826402,1692253826405,1693226090656,8,3,5
6552,1693226090656,1692253826411,1692253826414,1693226090664,8,3,5
6553,1693226090664,1692253826419,1692253826422,1693226090673,9,3,6
6554,1693226090673,1692253826429,1692253826432,1693226090682,9,3,6
6555,1693226090682,1692253826436,1692253826439,1693226090689,7,3,4
6556,1693226090690,1692253826444,1692253826448,1693226090698,8,4,4
6557,1693226090698,1692253826452,1692253826455,1693226090705,7,3,4
6558,1693226090705,1692253826460,1692253826462,1693226090712,7,2,5
6559,1693226090712,1692253826467,1692253826471,1693226090721,9,4,5
6560,1693226090721,1692253826475,1692253826477,1693226090727,6,2,4
6561,1693226090727,1692253826481,1692253826484,1693226090735,8,3,5
6562,1693226090735,1692253826488,1692253826491,1693226090741,6,3,3
6563,1693226090741,1692253826495,1692253826498,1693226090749,8,3,5
6564,1693226090749,1692253826503,1692253826506,1693226090756,7,3,4
6565,1693226090756,1692253826510,1692253826513,1693226090763,7,3,4
6566,1693226090763,1692253826517,1692253826520,1693226090771,8,3,5
6567,1693226090771,1692253826525,1692253826529,1693226090779,8,4,4
6568,1693226090779,1692253826533,1692253826536,1693226090786,7,3,4
6569,1693226090786,1692253826540,1692253826543,1693226090794,8,3,5
6570,1693226090794,1692253826548,1692253826552,1693226090802,8,4,4
6571,1693226090802,1692253826556,1692253826560,1693226090810,8,4,4
6572,1693226090810,1692253826564,1692253826567,1693226090818,8,3,5
6573,1693226090818,1692253826572,1692253826577,1693226090827,9,5,4
6574,1693226090827,1692253826582,1692253826585,1693226090835,8,3,5
6575,1693226090836,1692253826590,1692253826593,1693226090844,8,3,5
6576,1693226090844,1692253826601,1692253826604,1693226090854,10,3,7
6577,1693226090854,1692253826609,1692253826612,1693226090862,8,3,5
6578,1693226090862,1692253826616,1692253826619,1693226090869,7,3,4
6579,1693226090869,1692253826623,1692253826626,1693226090876,7,3,4
6580,1693226090876,1692253826636,1692253826639,1693226090890,14,3,11
6581,1693226090890,1692253826644,1692253826647,1693226090897,7,3,4
6582,1693226090897,1692253826651,1692253826655,1693226090904,7,4,3
6583,1693226090905,1692253826659,1692253826662,1693226090912,7,3,4
6584,1693226090912,1692253826666,1692253826669,1693226090919,7,3,4
6585,1693226090919,1692253826674,1692253826677,1693226090927,8,3,5
6586,1693226090927,1692253826681,1692253826686,1693226090938,11,5,6
6587,1693226090938,1692253826692,1692253826695,1693226090945,7,3,4
6588,1693226090945,1692253826699,1692253826702,1693226090952,7,3,4
6589,1693226090952,1692253826707,1692253826709,1693226090960,8,2,6
6590,1693226090960,1692253826714,1692253826717,1693226090967,7,3,4
6591,1693226090967,1692253826722,1692253826725,1693226090975,8,3,5
6592,1693226090975,1692253826729,1692253826732,1693226090982,7,3,4
6593,1693226090982,1692253826736,1692253826740,1693226090990,8,4,4
6594,1693226090990,1692253826744,1692253826747,1693226090997,7,3,4
6595,1693226090997,1692253826751,1692253826756,1693226091006,9,5,4
6596,1693226091006,1692253826761,1692253826764,1693226091014,8,3,5
6597,1693226091014,1692253826769,1692253826772,1693226091022,8,3,5
6598,1693226091022,1692253826776,1692253826779,1693226091029,7,3,4
6599,1693226091029,1692253826783,1692253826786,1693226091037,8,3,5
6600,1693226091037,1692253826792,1692253826796,1693226091046,9,4,5
6601,1693226091046,1692253826800,1692253826803,1693226091053,7,3,4
6602,1693226091053,1692253826808,1692253826811,1693226091061,8,3,5
6603,1693226091061,1692253826815,1692253826818,1693226091068,7,3,4
6604,1693226091068,1692253826822,1692253826825,1693226091075,7,3,4
6605,1693226091075,1692253826829,1692253826833,1693226091083,8,4,4
6606,1693226091083,1692253826838,1692253826840,1693226091090,7,2,5
6607,1693226091090,1692253826844,1692253826848,1693226091098,8,4,4
6608,1693226091098,1692253826852,1692253826856,1693226091106,8,4,4
6609,1693226091106,1692253826860,1692253826863,1693226091113,7,3,4
6610,1693226091113,1692253826867,1692253826870,1693226091120,7,3,4
6611,1693226091120,1692253826875,1692253826878,1693226091128,8,3,5
6612,1693226091128,1692253826882,1692253826886,1693226091136,8,4,4
6613,1693226091136,1692253826890,1692253826892,1693226091142,6,2,4
6614,1693226091142,1692253826897,1692253826901,1693226091151,9,4,5
6615,1693226091151,1692253826905,1692253826908,1693226091158,7,3,4
6616,1693226091159,1692253826913,1692253826916,1693226091166,7,3,4
6617,1693226091166,1692253826920,1692253826923,1693226091173,7,3,4
6618,1693226091173,1692253826927,1692253826930,1693226091180,7,3,4
6619,1693226091180,1692253826934,1692253826937,1693226091187,7,3,4
6620,1693226091187,1692253826942,1692253826946,1693226091196,9,4,5
6621,1693226091196,1692253826950,1692253826953,1693226091203,7,3,4
6622,1693226091203,1692253826957,1692253826962,1693226091212,9,5,4
6623,1693226091212,1692253826970,1692253826973,1693226091223,11,3,8
6624,1693226091223,1692253826977,1692253826981,1693226091231,8,4,4
6625,1693226091231,1692253826985,1692253826989,1693226091239,8,4,4
6626,1693226091239,1692253826993,1692253826995,1693226091246,7,2,5
6627,1693226091246,1692253827000,1692253827003,1693226091254,8,3,5
6628,1693226091254,1692253827008,1692253827013,1693226091262,8,5,3
6629,1693226091263,1692253827016,1692253827020,1693226091270,7,4,3
6630,1693226091270,1692253827025,1692253827027,1693226091277,7,2,5
6631,1693226091278,1692253827032,1692253827035,1693226091285,7,3,4
6632,1693226091285,1692253827039,1692253827043,1693226091293,8,4,4
6633,1693226091293,1692253827048,1692253827051,1693226091302,9,3,6
6634,1693226091302,1692253827056,1692253827059,1693226091309,7,3,4
6635,1693226091309,1692253827065,1692253827068,1693226091318,9,3,6
6636,1693226091318,1692253827074,1692253827077,1693226091328,10,3,7
6637,1693226091328,1692253827084,1692253827087,1693226091337,9,3,6
6638,1693226091337,1692253827092,1692253827095,1693226091347,10,3,7
6639,1693226091347,1692253827107,1692253827111,1693226091361,14,4,10
6640,1693226091361,1692253827116,1692253827119,1693226091369,8,3,5
6641,1693226091369,1692253827124,1692253827128,1693226091378,9,4,5
6642,1693226091378,1692253827132,1692253827136,1693226091386,8,4,4
6643,1693226091386,1692253827141,1692253827143,1693226091393,7,2,5
6644,1693226091394,1692253827147,1692253827150,1693226091400,6,3,3
6645,1693226091400,1692253827155,1692253827158,1693226091409,9,3,6
6646,1693226091409,1692253827163,1692253827167,1693226091418,9,4,5
6647,1693226091418,1692253827172,1692253827175,1693226091425,7,3,4
6648,1693226091425,1692253827179,1692253827183,1693226091433,8,4,4
6649,1693226091433,1692253827187,1692253827190,1693226091440,7,3,4
6650,1693226091440,1692253827203,1692253827207,1693226091457,17,4,13
6651,1693226091457,1692253827211,1692253827214,1693226091464,7,3,4
6652,1693226091464,1692253827219,1692253827222,1693226091472,8,3,5
6653,1693226091472,1692253827226,1692253827229,1693226091479,7,3,4
6654,1693226091479,1692253827234,1692253827237,1693226091487,8,3,5
6655,1693226091487,1692253827241,1692253827244,1693226091494,7,3,4
6656,1693226091494,1692253827248,1692253827252,1693226091502,8,4,4
6657,1693226091502,1692253827257,1692253827260,1693226091510,8,3,5
6658,1693226091510,1692253827264,1692253827267,1693226091517,7,3,4
6659,1693226091517,1692253827271,1692253827276,1693226091527,10,5,5
6660,1693226091527,1692253827281,1692253827284,1693226091534,7,3,4
6661,1693226091534,1692253827289,1692253827292,1693226091542,8,3,5
6662,1693226091543,1692253827296,1692253827300,1693226091552,9,4,5
6663,1693226091552,1692253827306,1692253827312,1693226091562,10,6,4
6664,1693226091562,1692253827317,1692253827320,1693226091570,8,3,5
6665,1693226091570,1692253827324,1692253827327,1693226091577,7,3,4
6666,1693226091577,1692253827331,1692253827335,1693226091585,8,4,4
6667,1693226091585,1692253827340,1692253827343,1693226091593,8,3,5
6668,1693226091593,1692253827347,1692253827350,1693226091600,7,3,4
6669,1693226091600,1692253827353,1692253827356,1693226091606,6,3,3
6670,1693226091606,1692253827361,1692253827364,1693226091614,8,3,5
6671,1693226091614,1692253827368,1692253827371,1693226091621,7,3,4
6672,1693226091621,1692253827376,1692253827379,1693226091629,8,3,5
6673,1693226091629,1692253827383,1692253827386,1693226091636,7,3,4
6674,1693226091636,1692253827390,1692253827393,1693226091643,7,3,4
6675,1693226091643,1692253827398,1692253827401,1693226091652,9,3,6
6676,1693226091652,1692253827407,1692253827411,1693226091661,9,4,5
6677,1693226091661,1692253827415,1692253827419,1693226091669,8,4,4
6678,1693226091669,1692253827423,1692253827427,1693226091677,8,4,4
6679,1693226091677,1692253827431,1692253827434,1693226091684,7,3,4
6680,1693226091684,1692253827438,1692253827442,1693226091692,8,4,4
6681,1693226091692,1692253827446,1692253827450,1693226091700,8,4,4
6682,1693226091700,1692253827454,1692253827458,1693226091708,8,4,4
6683,1693226091708,1692253827463,1692253827466,1693226091716,8,3,5
6684,1693226091716,1692253827471,1692253827474,1693226091724,8,3,5
6685,1693226091724,1692253827478,1692253827481,1693226091731,7,3,4
6686,1693226091731,1692253827485,1692253827488,1693226091738,7,3,4
6687,1693226091738,1692253827492,1692253827496,1693226091746,8,4,4
6688,1693226091746,1692253827500,1692253827504,1693226091757,11,4,7
6689,1693226091757,1692253827511,1692253827514,1693226091765,8,3,5
6690,1693226091765,1692253827519,1692253827523,1693226091773,8,4,4
6691,1693226091773,1692253827528,1692253827531,1693226091781,8,3,5
6692,1693226091781,1692253827535,1692253827538,1693226091787,6,3,3
6693,1693226091788,1692253827542,1692253827545,1693226091795,7,3,4
6694,1693226091795,1692253827549,1692253827551,1693226091802,7,2,5
6695,1693226091802,1692253827556,1692253827561,1693226091811,9,5,4
6696,1693226091811,1692253827568,1692253827572,1693226091822,11,4,7
6697,1693226091822,1692253827577,1692253827580,1693226091830,8,3,5
6698,1693226091830,1692253827584,1692253827587,1693226091837,7,3,4
6699,1693226091837,1692253827591,1692253827594,1693226091844,7,3,4
6700,1693226091844,1692253827599,1692253827602,1693226091852,8,3,5
6701,1693226091852,1692253827606,1692253827609,1693226091859,7,3,4
6702,1693226091859,1692253827614,1692253827618,1693226091868,9,4,5
6703,1693226091868,1692253827627,1692253827630,1693226091880,12,3,9
6704,1693226091880,1692253827634,1692253827637,1693226091887,7,3,4
6705,1693226091887,1692253827641,1692253827645,1693226091894,7,4,3
6706,1693226091894,1692253827648,1692253827651,1693226091900,6,3,3
6707,1693226091900,1692253827655,1692253827658,1693226091908,8,3,5
6708,1693226091908,1692253827662,1692253827665,1693226091915,7,3,4
6709,1693226091915,1692253827669,1692253827672,1693226091921,6,3,3
6710,1693226091921,1692253827675,1692253827678,1693226091929,8,3,5
6711,1693226091929,1692253827683,1692253827685,1693226091935,6,2,4
6712,1693226091935,1692253827690,1692253827693,1693226091944,9,3,6
6713,1693226091944,1692253827698,1692253827701,1693226091952,8,3,5
6714,1693226091952,1692253827706,1692253827708,1693226091958,6,2,4
6715,1693226091958,1692253827714,1692253827717,1693226091967,9,3,6
6716,1693226091967,1692253827721,1692253827724,1693226091974,7,3,4
6717,1693226091974,1692253827729,1692253827732,1693226091982,8,3,5
6718,1693226091982,1692253827736,1692253827739,1693226091989,7,3,4
6719,1693226091989,1692253827743,1692253827746,1693226091996,7,3,4
6720,1693226091996,1692253827750,1692253827752,1693226092002,6,2,4
6721,1693226092002,1692253827756,1692253827759,1693226092009,7,3,4
6722,1693226092009,1692253827764,1692253827767,1693226092017,8,3,5
6723,1693226092017,1692253827771,1692253827774,1693226092024,7,3,4
6724,1693226092024,1692253827779,1692253827783,1693226092033,9,4,5
6725,1693226092033,1692253827787,1692253827790,1693226092040,7,3,4
6726,1693226092040,1692253827794,1692253827798,1693226092048,8,4,4
6727,1693226092048,1692253827802,1692253827805,1693226092055,7,3,4
6728,1693226092055,1692253827810,1692253827813,1693226092064,9,3,6
6729,1693226092064,1692253827818,1692253827822,1693226092072,8,4,4
6730,1693226092072,1692253827826,1692253827829,1693226092079,7,3,4
6731,1693226092079,1692253827833,1692253827836,1693226092086,7,3,4
6732,1693226092086,1692253827840,1692253827844,1693226092095,9,4,5
6733,1693226092095,1692253827849,1692253827854,1693226092104,9,5,4
6734,1693226092104,1692253827860,1692253827863,1693226092114,10,3,7
6735,1693226092114,1692253827868,1692253827871,1693226092121,7,3,4
6736,1693226092121,1692253827875,1692253827878,1693226092128,7,3,4
6737,1693226092128,1692253827882,1692253827886,1693226092136,8,4,4
6738,1693226092136,1692253827890,1692253827893,1693226092143,7,3,4
6739,1693226092143,1692253827898,1692253827901,1693226092151,8,3,5
6740,1693226092151,1692253827905,1692253827908,1693226092158,7,3,4
6741,1693226092158,1692253827912,1692253827915,1693226092166,8,3,5
6742,1693226092166,1692253827921,1692253827923,1693226092173,7,2,5
6743,1693226092173,1692253827927,1692253827930,1693226092181,8,3,5
6744,1693226092181,1692253827935,1692253827938,1693226092188,7,3,4
6745,1693226092188,1692253827943,1692253827947,1693226092198,10,4,6
6746,1693226092198,1692253827952,1692253827955,1693226092205,7,3,4
6747,1693226092205,1692253827958,1692253827961,1693226092212,7,3,4
6748,1693226092212,1692253827966,1692253827970,1693226092224,12,4,8
6749,1693226092224,1692253827979,1692253827982,1693226092232,8,3,5
6750,1693226092232,1692253827986,1692253827990,1693226092240,8,4,4
6751,1693226092240,1692253827994,1692253827997,1693226092246,6,3,3
6752,1693226092246,1692253828000,1692253828003,1693226092254,8,3,5
6753,1693226092254,1692253828008,1692253828011,1693226092262,8,3,5
6754,1693226092262,1692253828016,1692253828020,1693226092270,8,4,4
6755,1693226092270,1692253828024,1692253828027,1693226092277,7,3,4
6756,1693226092277,1692253828031,1692253828035,1693226092284,7,4,3
6757,1693226092284,1692253828038,1692253828041,1693226092291,7,3,4
6758,1693226092291,1692253828046,1692253828049,1693226092299,8,3,5
6759,1693226092299,1692253828054,1692253828057,1693226092307,8,3,5
6760,1693226092307,1692253828061,1692253828065,1693226092315,8,4,4
6761,1693226092315,1692253828069,1692253828072,1693226092322,7,3,4
6762,1693226092322,1692253828076,1692253828082,1693226092331,9,6,3
6763,1693226092331,1692253828086,1692253828089,1693226092339,8,3,5
6764,1693226092339,1692253828094,1692253828096,1693226092347,8,2,6
6765,1693226092347,1692253828101,1692253828105,1693226092355,8,4,4
6766,1693226092355,1692253828109,1692253828112,1693226092362,7,3,4
6767,1693226092362,1692253828116,1692253828121,1693226092371,9,5,4
6768,1693226092371,1692253828125,1692253828128,1693226092378,7,3,4
6769,1693226092378,1692253828133,1692253828136,1693226092387,9,3,6
6770,1693226092387,1692253828141,1692253828144,1693226092394,7,3,4
6771,1693226092394,1692253828149,1692253828153,1693226092403,9,4,5
6772,1693226092403,1692253828157,1692253828160,1693226092410,7,3,4
6773,1693226092410,1692253828164,1692253828167,1693226092418,8,3,5
6774,1693226092418,1692253828172,1692253828175,1693226092425,7,3,4
6775,1693226092425,1692253828179,1692253828183,1693226092433,8,4,4
6776,1693226092433,1692253828187,1692253828191,1693226092441,8,4,4
6777,1693226092441,1692253828195,1692253828198,1693226092449,8,3,5
6778,1693226092449,1692253828203,1692253828206,1693226092456,7,3,4
6779,1693226092456,1692253828211,1692253828214,1693226092464,8,3,5
6780,1693226092464,1692253828218,1692253828221,1693226092475,11,3,8
6781,1693226092476,1692253828231,1692253828235,1693226092485,9,4,5
6782,1693226092485,1692253828240,1692253828243,1693226092493,8,3,5
6783,1693226092493,1692253828247,1692253828251,1693226092501,8,4,4
6784,1693226092501,1692253828258,1692253828261,1693226092511,10,3,7
6785,1693226092511,1692253828266,1692253828269,1693226092519,8,3,5
6786,1693226092519,1692253828274,1692253828277,1693226092527,8,3,5
6787,1693226092527,1692253828281,1692253828285,1693226092535,8,4,4
6788,1693226092535,1692253828289,1692253828292,1693226092543,8,3,5
6789,1693226092543,1692253828297,1692253828300,1693226092551,8,3,5
6790,1693226092551,1692253828305,1692253828309,1693226092559,8,4,4
6791,1693226092559,1692253828313,1692253828316,1693226092566,7,3,4
6792,1693226092566,1692253828322,1692253828324,1693226092576,10,2,8
6793,1693226092576,1692253828330,1692253828333,1693226092584,8,3,5
6794,1693226092584,1692253828338,1692253828341,1693226092591,7,3,4
6795,1693226092591,1692253828346,1692253828349,1693226092599,8,3,5
6796,1693226092599,1692253828353,1692253828356,1693226092607,8,3,5
6797,1693226092607,1692253828361,1692253828364,1693226092614,7,3,4
6798,1693226092614,1692253828368,1692253828370,1693226092621,7,2,5
6799,1693226092621,1692253828375,1692253828378,1693226092628,7,3,4
6800,1693226092628,1692253828383,1692253828386,1693226092636,8,3,5
6801,1693226092636,1692253828392,1692253828396,1693226092646,10,4,6
6802,1693226092646,1692253828401,1692253828404,1693226092654,8,3,5
6803,1693226092654,1692253828409,1692253828413,1693226092663,9,4,5
6804,1693226092663,1692253828417,1692253828421,1693226092671,8,4,4
6805,1693226092671,1692253828426,1692253828429,1693226092679,8,3,5
6806,1693226092680,1692253828435,1692253828438,1693226092688,8,3,5
6807,1693226092689,1692253828443,1692253828446,1693226092696,7,3,4
6808,1693226092696,1692253828450,1692253828453,1693226092703,7,3,4
6809,1693226092703,1692253828457,1692253828460,1693226092710,7,3,4
6810,1693226092710,1692253828465,1692253828468,1693226092718,8,3,5
6811,1693226092718,1692253828472,1692253828477,1693226092727,9,5,4
6812,1693226092727,1692253828481,1692253828485,1693226092735,8,4,4
6813,1693226092735,1692253828489,1692253828492,1693226092742,7,3,4
6814,1693226092742,1692253828496,1692253828500,1693226092750,8,4,4
6815,1693226092750,1692253828505,1692253828508,1693226092758,8,3,5
6816,1693226092758,1692253828512,1692253828516,1693226092766,8,4,4
6817,1693226092766,1692253828521,1692253828524,1693226092774,8,3,5
6818,1693226092774,1692253828529,1692253828532,1693226092782,8,3,5
6819,1693226092782,1692253828536,1692253828539,1693226092789,7,3,4
6820,1693226092789,1692253828544,1692253828548,1693226092798,9,4,5
6821,1693226092798,1692253828552,1692253828556,1693226092806,8,4,4
6822,1693226092806,1692253828560,1692253828564,1693226092814,8,4,4
6823,1693226092814,1692253828567,1692253828571,1693226092821,7,4,3
6824,1693226092821,1692253828575,1692253828579,1693226092829,8,4,4
6825,1693226092829,1692253828584,1692253828587,1693226092837,8,3,5
6826,1693226092837,1692253828591,1692253828594,1693226092845,8,3,5
6827,1693226092845,1692253828600,1692253828603,1693226092853,8,3,5
6828,1693226092853,1692253828608,1692253828611,1693226092861,8,3,5
6829,1693226092861,1692253828615,1692253828619,1693226092869,8,4,4
6830,1693226092869,1692253828624,1692253828627,1693226092877,8,3,5
6831,1693226092877,1692253828631,1692253828635,1693226092885,8,4,4
6832,1693226092885,1692253828639,1692253828642,1693226092892,7,3,4
6833,1693226092892,1692253828646,1692253828650,1693226092900,8,4,4
6834,1693226092900,1692253828653,1692253828656,1693226092906,6,3,3
6835,1693226092906,1692253828661,1692253828663,1693226092914,8,2,6
6836,1693226092914,1692253828668,1692253828671,1693226092921,7,3,4
6837,1693226092921,1692253828676,1692253828679,1693226092929,8,3,5
6838,1693226092929,1692253828682,1692253828686,1693226092936,7,4,3
6839,1693226092936,1692253828691,1692253828693,1693226092943,7,2,5
6840,1693226092943,1692253828699,1692253828702,1693226092952,9,3,6
6841,1693226092952,1692253828706,1692253828711,1693226092962,10,5,5
6842,1693226092962,1692253828716,1692253828720,1693226092969,7,4,3
6843,1693226092970,1692253828724,1692253828727,1693226092977,7,3,4
6844,1693226092977,1692253828733,1692253828737,1693226092987,10,4,6
6845,1693226092987,1692253828742,1692253828746,1693226092996,9,4,5
6846,1693226092996,1692253828750,1692253828753,1693226093003,7,3,4
6847,1693226093003,1692253828757,1692253828760,1693226093010,7,3,4
6848,1693226093010,1692253828765,1692253828768,1693226093018,8,3,5
6849,1693226093018,1692253828773,1692253828776,1693226093026,8,3,5
6850,1693226093026,1692253828781,1692253828783,1693226093033,7,2,5
6851,1693226093033,1692253828788,1692253828791,1693226093041,8,3,5
6852,1693226093041,1692253828796,1692253828798,1693226093049,8,2,6
6853,1693226093049,1692253828802,1692253828805,1693226093055,6,3,3
6854,1693226093055,1692253828810,1692253828815,1693226093065,10,5,5
6855,1693226093065,1692253828819,1692253828822,1693226093072,7,3,4
6856,1693226093072,1692253828826,1692253828829,1693226093079,7,3,4
6857,1693226093079,1692253828833,1692253828837,1693226093088,9,4,5
6858,1693226093088,1692253828843,1692253828847,1693226093097,9,4,5
6859,1693226093097,1692253828852,1692253828855,1693226093105,8,3,5
6860,1693226093105,1692253828859,1692253828862,1693226093112,7,3,4
6861,1693226093112,1692253828867,1692253828870,1693226093120,8,3,5
6862,1693226093120,1692253828874,1692253828877,1693226093127,7,3,4
6863,1693226093127,1692253828881,1692253828884,1693226093134,7,3,4
6864,1693226093134,1692253828888,1692253828891,1693226093141,7,3,4
6865,1693226093141,1692253828895,1692253828899,1693226093149,8,4,4
6866,1693226093149,1692253828904,1692253828907,1693226093157,8,3,5
6867,1693226093157,1692253828911,1692253828914,1693226093164,7,3,4
6868,1693226093164,1692253828918,1692253828921,1693226093171,7,3,4
6869,1693226093171,1692253828925,1692253828928,1693226093178,7,3,4
6870,1693226093178,1692253828932,1692253828935,1693226093186,8,3,5
6871,1693226093186,1692253828943,1692253828946,1693226093196,10,3,7
6872,1693226093196,1692253828954,1692253828958,1693226093208,12,4,8
6873,1693226093208,1692253828963,1692253828967,1693226093217,9,4,5
6874,1693226093217,1692253828971,1692253828973,1693226093224,7,2,5
6875,1693226093224,1692253828981,1692253828985,1693226093235,11,4,7
6876,1693226093235,1692253828990,1692253828993,1693226093243,8,3,5
6877,1693226093243,1692253828997,1692253829002,1693226093252,9,5,4
6878,1693226093252,1692253829006,1692253829010,1693226093260,8,4,4
6879,1693226093260,1692253829014,1692253829017,1693226093267,7,3,4
6880,1693226093267,1692253829021,1692253829024,1693226093274,7,3,4
6881,1693226093274,1692253829028,1692253829032,1693226093282,8,4,4
6882,1693226093282,1692253829036,1692253829039,1693226093290,8,3,5
6883,1693226093290,1692253829045,1692253829049,1693226093298,8,4,4
6884,1693226093298,1692253829052,1692253829056,1693226093305,7,4,3
6885,1693226093305,1692253829059,1692253829062,1693226093312,7,3,4
6886,1693226093312,1692253829066,1692253829070,1693226093320,8,4,4
6887,1693226093320,1692253829074,1692253829076,1693226093326,6,2,4
6888,1693226093326,1692253829081,1692253829084,1693226093334,8,3,5
6889,1693226093334,1692253829088,1692253829092,1693226093342,8,4,4
6890,1693226093342,1692253829096,1692253829099,1693226093350,8,3,5
6891,1693226093350,1692253829104,1692253829107,1693226093357,7,3,4
6892,1693226093357,1692253829111,1692253829115,1693226093365,8,4,4
6893,1693226093365,1692253829120,1692253829123,1693226093373,8,3,5
6894,1693226093373,1692253829127,1692253829131,1693226093381,8,4,4
6895,1693226093381,1692253829135,1692253829138,1693226093388,7,3,4
6896,1693226093388,1692253829142,1692253829145,1693226093395,7,3,4
6897,1693226093395,1692253829151,1692253829154,1693226093404,9,3,6
6898,1693226093404,1692253829159,1692253829162,1693226093412,8,3,5
6899,1693226093412,1692253829166,1692253829169,1693226093419,7,3,4
6900,1693226093419,1692253829172,1692253829176,1693226093426,7,4,3
6901,1693226093426,1692253829180,1692253829183,1693226093433,7,3,4
6902,1693226093433,1692253829187,1692253829190,1693226093440,7,3,4
6903,1693226093440,1692253829194,1692253829197,1693226093448,8,3,5
6904,1693226093448,1692253829202,1692253829204,1693226093454,6,2,4
6905,1693226093454,1692253829209,1692253829212,1693226093462,8,3,5
6906,1693226093462,1692253829216,1692253829219,1693226093469,7,3,4
6907,1693226093469,1692253829224,1692253829227,1693226093477,8,3,5
6908,1693226093477,1692253829232,1692253829235,1693226093485,8,3,5
6909,1693226093485,1692253829239,1692253829242,1693226093493,8,3,5
6910,1693226093493,1692253829250,1692253829253,1693226093503,10,3,7
6911,1693226093503,1692253829257,1692253829260,1693226093511,8,3,5
6912,1693226093511,1692253829265,1692253829269,1693226093519,8,4,4
6913,1693226093519,1692253829273,1692253829276,1693226093526,7,3,4
6914,1693226093526,1692253829280,1692253829284,1693226093535,9,4,5
6915,1693226093535,1692253829291,1692253829295,1693226093545,10,4,6
6916,1693226093545,1692253829299,1692253829303,1693226093553,8,4,4
6917,1693226093553,1692253829307,1692253829310,1693226093560,7,3,4
6918,1693226093560,1692253829314,1692253829318,1693226093568,8,4,4
6919,1693226093568,1692253829323,1692253829325,1693226093575,7,2,5
6920,1693226093575,1692253829330,1692253829333,1693226093583,8,3,5
6921,1693226093583,1692253829337,1692253829341,1693226093591,8,4,4
6922,1693226093591,1692253829345,1692253829348,1693226093600,9,3,6
6923,1693226093600,1692253829354,1692253829357,1693226093607,7,3,4
6924,1693226093607,1692253829362,1692253829365,1693226093615,8,3,5
6925,1693226093615,1692253829369,1692253829373,1693226093623,8,4,4
6926,1693226093623,1692253829376,1692253829379,1693226093629,6,3,3
6927,1693226093629,1692253829384,1692253829387,1693226093637,8,3,5
6928,1693226093638,1692253829392,1692253829395,1693226093645,7,3,4
6929,1693226093645,1692253829399,1692253829403,1693226093653,8,4,4
6930,1693226093653,1692253829407,1692253829410,1693226093660,7,3,4
6931,1693226093660,1692253829415,1692253829419,1693226093669,9,4,5
6932,1693226093669,1692253829423,1692253829426,1693226093676,7,3,4
6933,1693226093676,1692253829431,1692253829434,1693226093684,8,3,5
6934,1693226093684,1692253829438,1692253829441,1693226093691,7,3,4
6935,1693226093691,1692253829446,1692253829449,1693226093699,8,3,5
6936,1693226093699,1692253829455,1692253829459,1693226093708,9,4,5
6937,1693226093709,1692253829462,1692253829466,1693226093715,6,4,2
6938,1693226093716,1692253829470,1692253829473,1693226093723,7,3,4
6939,1693226093723,1692253829479,1692253829482,1693226093732,9,3,6
6940,1693226093732,1692253829487,1692253829490,1693226093740,8,3,5
6941,1693226093740,1692253829495,1692253829498,1693226093747,7,3,4
6942,1693226093748,1692253829501,1692253829504,1693226093754,6,3,3
6943,1693226093754,1692253829509,1692253829511,1693226093762,8,2,6
6944,1693226093762,1692253829518,1692253829521,1693226093771,9,3,6
6945,1693226093771,1692253829526,1692253829529,1693226093779,8,3,5
6946,1693226093779,1692253829534,1692253829537,1693226093787,8,3,5
6947,1693226093787,1692253829541,1692253829545,1693226093795,8,4,4
6948,1693226093795,1692253829549,1692253829553,1693226093805,10,4,6
6949,1693226093805,1692253829561,1692253829565,1693226093815,10,4,6
6950,1693226093815,1692253829570,1692253829573,1693226093823,8,3,5
6951,1693226093823,1692253829577,1692253829582,1693226093832,9,5,4
6952,1693226093832,1692253829587,1692253829590,1693226093840,8,3,5
6953,1693226093840,1692253829599,1692253829603,1693226093853,13,4,9
6954,1693226093853,1692253829608,1692253829611,1693226093862,9,3,6
6955,1693226093862,1692253829621,1692253829624,1693226093874,12,3,9
6956,1693226093874,1692253829628,1692253829632,1693226093882,8,4,4
6957,1693226093882,1692253829636,1692253829639,1693226093889,7,3,4
6958,1693226093889,1692253829644,1692253829646,1693226093897,8,2,6
6959,1693226093897,1692253829651,1692253829654,1693226093904,7,3,4
6960,1693226093904,1692253829659,1692253829663,1693226093913,9,4,5
6961,1693226093913,1692253829666,1692253829669,1693226093919,6,3,3
6962,1693226093919,1692253829673,1692253829677,1693226093927,8,4,4
6963,1693226093927,1692253829681,1692253829685,1693226093935,8,4,4
6964,1693226093935,1692253829690,1692253829693,1693226093943,8,3,5
6965,1693226093943,1692253829698,1692253829701,1693226093951,8,3,5
6966,1693226093951,1692253829706,1692253829709,1693226093959,8,3,5
6967,1693226093959,1692253829713,1692253829716,1693226093966,7,3,4
6968,1693226093966,1692253829720,1692253829723,1693226093973,7,3,4
6969,1693226093973,1692253829727,1692253829730,1693226093981,8,3,5
6970,1693226093981,1692253829735,1692253829738,1693226093988,7,3,4
6971,1693226093988,1692253829742,1692253829745,1693226093995,7,3,4
6972,1693226093995,1692253829749,1692253829752,1693226094003,8,3,5
6973,1693226094003,1692253829757,1692253829760,1693226094010,7,3,4
6974,1693226094010,1692253829766,1692253829770,1693226094020,10,4,6
6975,1693226094020,1692253829774,1692253829777,1693226094027,7,3,4
6976,1693226094027,1692253829787,1692253829790,1693226094041,14,3,11
6977,1693226094041,1692253829795,1692253829799,1693226094049,8,4,4
6978,1693226094049,1692253829803,1692253829806,1693226094056,7,3,4
6979,1693226094056,1692253829811,1692253829814,1693226094064,8,3,5
6980,1693226094064,1692253829819,1692253829822,1693226094072,8,3,5
6981,1693226094072,1692253829826,1692253829830,1693226094080,8,4,4
6982,1693226094080,1692253829835,1692253829838,1693226094088,8,3,5
6983,1693226094088,1692253829842,1692253829846,1693226094096,8,4,4
6984,1693226094096,1692253829851,1692253829854,1693226094104,8,3,5
6985,1693226094104,1692253829859,1692253829862,1693226094112,8,3,5
6986,1693226094112,1692253829866,1692253829870,1693226094119,7,4,3
6987,1693226094119,1692253829874,1692253829876,1693226094127,8,2,6
6988,1693226094127,1692253829881,1692253829886,1693226094136,9,5,4
6989,1693226094136,1692253829890,1692253829893,1693226094143,7,3,4
6990,1693226094143,1692253829897,1692253829900,1693226094150,7,3,4
6991,1693226094150,1692253829905,1692253829908,1693226094158,8,3,5
6992,1693226094158,1692253829912,1692253829915,1693226094165,7,3,4
6993,1693226094165,1692253829918,1692253829923,1693226094173,8,5,3
6994,1693226094173,1692253829929,1692253829931,1693226094181,8,2,6
6995,1693226094181,1692253829936,1692253829939,1693226094189,8,3,5
6996,1693226094189,1692253829944,1692253829947,1693226094197,8,3,5
6997,1693226094197,1692253829952,1692253829954,1693226094204,7,2,5
6998,1693226094204,1692253829958,1692253829961,1693226094211,7,3,4
6999,1693226094211,1692253829967,1692253829970,1693226094220,9,3,6
7000,1693226094220,1692253829974,1692253829978,1693226094228,8,4,4
7001,1693226094228,1692253829982,1692253829986,1693226094236,8,4,4
7002,1693226094236,1692253829991,1692253829994,1693226094244,8,3,5
7003,1693226094244,1692253829998,1692253830001,1693226094251,7,3,4
7004,1693226094251,1692253830006,1692253830008,1693226094258,7,2,5
7005,1693226094258,1692253830013,1692253830017,1693226094267,9,4,5
7006,1693226094267,1692253830021,1692253830024,1693226094274,7,3,4
7007,1693226094274,1692253830028,1692253830032,1693226094282,8,4,4
7008,1693226094282,1692253830036,1692253830039,1693226094289,7,3,4
7009,1693226094289,1692253830044,1692253830047,1693226094297,8,3,5
7010,1693226094297,1692253830051,1692253830055,1693226094305,8,4,4
7011,1693226094305,1692253830060,1692253830063,1693226094313,8,3,5
7012,1693226094313,1692253830069,1692253830072,1693226094322,9,3,6
7013,1693226094322,1692253830076,1692253830080,1693226094330,8,4,4
7014,1693226094330,1692253830085,1692253830088,1693226094338,8,3,5
7015,1693226094338,1692253830092,1692253830095,1693226094345,7,3,4
7016,1693226094345,1692253830099,1692253830103,1693226094353,8,4,4
7017,1693226094353,1692253830107,1692253830111,1693226094361,8,4,4
7018,1693226094361,1692253830115,1692253830118,1693226094368,7,3,4
7019,1693226094368,1692253830124,1692253830127,1693226094377,9,3,6
7020,1693226094377,1692253830132,1692253830135,1693226094385,8,3,5
7021,1693226094385,1692253830139,1692253830142,1693226094392,7,3,4
7022,1693226094392,1692253830147,1692253830151,1693226094401,9,4,5
7023,1693226094401,1692253830155,1692253830159,1693226094409,8,4,4
7024,1693226094409,1692253830163,1692253830167,1693226094419,10,4,6
7025,1693226094419,1692253830174,1692253830179,1693226094429,10,5,5
7026,1693226094429,1692253830184,1692253830187,1693226094437,8,3,5
7027,1693226094437,1692253830192,1692253830195,1693226094444,7,3,4
7028,1693226094444,1692253830198,1692253830202,1693226094452,8,4,4
7029,1693226094452,1692253830206,1692253830209,1693226094459,7,3,4
7030,1693226094459,1692253830213,1692253830217,1693226094467,8,4,4
7031,1693226094467,1692253830221,1692253830224,1693226094474,7,3,4
7032,1693226094474,1692253830228,1692253830231,1693226094481,7,3,4
7033,1693226094481,1692253830236,1692253830239,1693226094488,7,3,4
7034,1693226094488,1692253830242,1692253830245,1693226094495,7,3,4
7035,1693226094495,1692253830249,1692253830253,1693226094503,8,4,4
7036,1693226094503,1692253830257,1692253830261,1693226094511,8,4,4
7037,1693226094511,1692253830266,1692253830269,1693226094523,12,3,9
7038,1693226094523,1692253830277,1692253830280,1693226094531,8,3,5
7039,1693226094531,1692253830285,1692253830288,1693226094538,7,3,4
7040,1693226094538,1692253830293,1692253830296,1693226094546,8,3,5
7041,1693226094546,1692253830300,1692253830303,1693226094554,8,3,5
7042,1693226094554,1692253830308,1692253830311,1693226094561,7,3,4
7043,1693226094561,1692253830315,1692253830319,1693226094569,8,4,4
7044,1693226094569,1692253830323,1692253830325,1693226094575,6,2,4
7045,1693226094575,1692253830329,1692253830332,1693226094582,7,3,4
7046,1693226094582,1692253830337,1692253830340,1693226094590,8,3,5
7047,1693226094590,1692253830345,1692253830348,1693226094598,8,3,5
7048,1693226094598,1692253830352,1692253830356,1693226094606,8,4,4
7049,1693226094606,1692253830360,1692253830364,1693226094614,8,4,4
7050,1693226094614,1692253830367,1692253830371,1693226094621,7,4,3
7051,1693226094621,1692253830379,1692253830382,1693226094632,11,3,8
7052,1693226094632,1692253830387,1692253830390,1693226094641,9,3,6
7053,1693226094641,1692253830395,1692253830398,1693226094647,6,3,3
7054,1693226094647,1692253830401,1692253830404,1693226094654,7,3,4
7055,1693226094654,1692253830408,1692253830411,1693226094662,8,3,5
7056,1693226094662,1692253830416,1692253830419,1693226094669,7,3,4
7057,1693226094669,1692253830423,1692253830426,1693226094676,7,3,4
7058,1693226094676,1692253830431,1692253830434,1693226094683,7,3,4
7059,1693226094684,1692253830438,1692253830441,1693226094691,7,3,4
7060,1693226094691,1692253830504,1692253830507,1693226094760,69,3,66
7061,1693226094760,1692253830514,1692253830518,1693226094768,8,4,4
7062,1693226094768,1692253830523,1692253830528,1693226094778,10,5,5
7063,1693226094778,1692253830533,1692253830536,1693226094787,9,3,6
7064,1693226094787,1692253830542,1692253830545,1693226094795,8,3,5
7065,1693226094796,1692253830550,1692253830553,1693226094804,8,3,5
7066,1693226094804,1692253830558,1692253830561,1693226094811,7,3,4
7067,1693226094811,1692253830566,1692253830569,1693226094819,8,3,5
7068,1693226094819,1692253830573,1692253830576,1693226094830,11,3,8
7069,1693226094830,1692253830585,1692253830588,1693226094838,8,3,5
7070,1693226094838,1692253830593,1692253830596,1693226094848,10,3,7
7071,1693226094848,1692253830602,1692253830605,1693226094855,7,3,4
7072,1693226094855,1692253830610,1692253830613,1693226094863,8,3,5
7073,1693226094863,1692253830617,1692253830620,1693226094870,7,3,4
7074,1693226094870,1692253830626,1692253830629,1693226094883,13,3,10
7075,1693226094883,1692253830687,1692253830691,1693226094943,60,4,56
7076,1693226094943,1692253830698,1692253830701,1693226094951,8,3,5
7077,1693226094951,1692253830706,1692253830708,1693226094958,7,2,5
7078,1693226094958,1692253830713,1692253830716,1693226094967,9,3,6
7079,1693226094967,1692253830721,1692253830724,1693226094974,7,3,4
7080,1693226094974,1692253830728,1692253830731,1693226094981,7,3,4
7081,1693226094981,1692253830736,1692253830739,1693226094989,8,3,5
7082,1693226094989,1692253830743,1692253830746,1693226094996,7,3,4
7083,1693226094996,1692253830750,1692253830754,1693226095004,8,4,4
7084,1693226095004,1692253830759,1692253830762,1693226095013,9,3,6
7085,1693226095013,1692253830767,1692253830770,1693226095021,8,3,5
7086,1693226095021,1692253830775,1692253830778,1693226095027,6,3,3
7087,1693226095027,1692253830782,1692253830785,1693226095035,8,3,5
7088,1693226095035,1692253830790,1692253830793,1693226095043,8,3,5
7089,1693226095043,1692253830797,1692253830801,1693226095051,8,4,4
7090,1693226095051,1692253830806,1692253830808,1693226095059,8,2,6
7091,1693226095059,1692253830814,1692253830816,1693226095066,7,2,5
7092,1693226095066,1692253830820,1692253830824,1693226095074,8,4,4
7093,1693226095074,1692253830829,1692253830832,1693226095082,8,3,5
7094,1693226095082,1692253830836,1692253830840,1693226095089,7,4,3
7095,1693226095089,1692253830843,1692253830848,1693226095098,9,5,4
7096,1693226095098,1692253830852,1692253830855,1693226095105,7,3,4
7097,1693226095105,1692253830859,1692253830863,1693226095113,8,4,4
7098,1693226095113,1692253830867,1692253830870,1693226095120,7,3,4
7099,1693226095121,1692253830876,1692253830881,1693226095131,10,5,5
7100,1693226095131,1692253830888,1692253830891,1693226095141,10,3,7
7101,1693226095141,1692253830896,1692253830899,1693226095149,8,3,5
7102,1693226095149,1692253830903,1692253830906,1693226095156,7,3,4
7103,1693226095156,1692253830910,1692253830914,1693226095164,8,4,4
7104,1693226095164,1692253830918,1692253830921,1693226095171,7,3,4
7105,1693226095171,1692253830925,1692253830929,1693226095179,8,4,4
7106,1693226095179,1692253830934,1692253830938,1693226095188,9,4,5
7107,1693226095188,1692253830943,1692253830947,1693226095197,9,4,5
7108,1693226095197,1692253830952,1692253830956,1693226095206,9,4,5
7109,1693226095206,1692253830960,1692253830963,1693226095214,8,3,5
7110,1693226095214,1692253830968,1692253830971,1693226095221,7,3,4
7111,1693226095221,1692253830976,1692253830979,1693226095229,8,3,5
7112,1693226095229,1692253830983,1692253830986,1693226095241,12,3,9
7113,1693226095241,1692253830996,1692253830999,1693226095249,8,3,5
7114,1693226095249,1692253831003,1692253831006,1693226095256,7,3,4
7115,1693226095257,1692253831011,1692253831014,1693226095264,7,3,4
7116,1693226095264,1692253831018,1692253831021,1693226095270,6,3,3
7117,1693226095270,1692253831024,1692253831027,1693226095277,7,3,4
7118,1693226095277,1692253831032,1692253831035,1693226095285,8,3,5
7119,1693226095285,1692253831039,1692253831042,1693226095292,7,3,4
7120,1693226095292,1692253831046,1692253831049,1693226095299,7,3,4
7121,1693226095300,1692253831054,1692253831057,1693226095307,7,3,4
7122,1693226095307,1692253831062,1692253831065,1693226095315,8,3,5
7123,1693226095315,1692253831069,1692253831071,1693226095322,7,2,5
7124,1693226095322,1692253831076,1692253831080,1693226095330,8,4,4
7125,1693226095330,1692253831084,1692253831087,1693226095338,8,3,5
7126,1693226095338,1692253831093,1692253831096,1693226095346,8,3,5
7127,1693226095346,1692253831101,1692253831103,1693226095353,7,2,5
7128,1693226095353,1692253831109,1692253831112,1693226095362,9,3,6
7129,1693226095362,1692253831116,1692253831120,1693226095370,8,4,4
7130,1693226095370,1692253831124,1692253831127,1693226095378,8,3,5
7131,1693226095378,1692253831132,1692253831135,1693226095385,7,3,4
7132,1693226095385,1692253831140,1692253831143,1693226095393,8,3,5
7133,1693226095393,1692253831147,1692253831150,1693226095399,6,3,3
7134,1693226095399,1692253831155,1692253831159,1693226095409,10,4,6
7135,1693226095409,1692253831164,1692253831167,1693226095417,8,3,5
7136,1693226095417,1692253831172,1692253831177,1693226095427,10,5,5
7137,1693226095427,1692253831181,1692253831187,1693226095438,11,6,5
7138,1693226095438,1692253831192,1692253831195,1693226095445,7,3,4
7139,1693226095445,1692253831200,1692253831203,1693226095453,8,3,5
7140,1693226095453,1692253831207,1692253831210,1693226095460,7,3,4
7141,1693226095460,1692253831215,1692253831217,1693226095467,7,2,5
7142,1693226095467,1692253831222,1692253831225,1693226095474,7,3,4
7143,1693226095474,1692253831228,1692253831232,1693226095482,8,4,4
7144,1693226095482,1692253831237,1692253831240,1693226095490,8,3,5
7145,1693226095490,1692253831244,1692253831247,1693226095497,7,3,4
7146,1693226095497,1692253831251,1692253831254,1693226095504,7,3,4
7147,1693226095504,1692253831259,1692253831262,1693226095512,8,3,5
7148,1693226095512,1692253831266,1692253831270,1693226095520,8,4,4
7149,1693226095520,1692253831275,1692253831277,1693226095527,7,2,5
7150,1693226095527,1692253831282,1692253831284,1693226095534,7,2,5
7151,1693226095534,1692253831288,1692253831291,1693226095541,7,3,4
7152,1693226095541,1692253831298,1692253831301,1693226095551,10,3,7
7153,1693226095551,1692253831305,1692253831309,1693226095559,8,4,4
7154,1693226095559,1692253831313,1692253831316,1693226095566,7,3,4
7155,1693226095566,1692253831320,1692253831323,1693226095573,7,3,4
7156,1693226095574,1692253831328,1692253831332,1693226095582,8,4,4
7157,1693226095582,1692253831339,1692253831342,1693226095592,10,3,7
7158,1693226095593,1692253831346,1692253831352,1693226095602,9,6,3
7159,1693226095602,1692253831357,1692253831361,1693226095612,10,4,6
7160,1693226095612,1692253831367,1692253831370,1693226095620,8,3,5
7161,1693226095620,1692253831374,1692253831378,1693226095628,8,4,4
7162,1693226095628,1692253831383,1692253831386,1693226095636,8,3,5
7163,1693226095636,1692253831390,1692253831393,1693226095643,7,3,4
7164,1693226095643,1692253831403,1692253831406,1693226095657,14,3,11
7165,1693226095657,1692253831412,1692253831415,1693226095665,8,3,5
7166,1693226095665,1692253831420,1692253831424,1693226095674,9,4,5
7167,1693226095674,1692253831430,1692253831433,1693226095683,9,3,6
7168,1693226095683,1692253831436,1692253831440,1693226095690,7,4,3
7169,1693226095690,1692253831445,1692253831448,1693226095698,8,3,5
7170,1693226095698,1692253831452,1692253831456,1693226095706,8,4,4
7171,1693226095706,1692253831460,1692253831465,1693226095715,9,5,4
7172,1693226095715,1692253831469,1692253831472,1693226095722,7,3,4
7173,1693226095722,1692253831476,1692253831480,1693226095730,8,4,4
7174,1693226095730,1692253831484,1692253831488,1693226095738,8,4,4
7175,1693226095738,1692253831493,1692253831496,1693226095747,9,3,6
7176,1693226095747,1692253831504,1692253831507,1693226095757,10,3,7
7177,1693226095757,1692253831511,1692253831515,1693226095765,8,4,4
7178,1693226095765,1692253831519,1692253831521,1693226095772,7,2,5
7179,1693226095772,1692253831526,1692253831528,1693226095778,6,2,4
7180,1693226095778,1692253831534,1692253831538,1693226095788,10,4,6
7181,1693226095788,1692253831542,1692253831545,1693226095795,7,3,4
7182,1693226095795,1692253831550,1692253831553,1693226095803,8,3,5
7183,1693226095803,1692253831557,1692253831561,1693226095811,8,4,4
7184,1693226095811,1692253831566,1692253831569,1693226095819,8,3,5
7185,1693226095819,1692253831573,1692253831576,1693226095826,7,3,4
7186,1693226095826,1692253831580,1692253831583,1693226095833,7,3,4
7187,1693226095833,1692253831587,1692253831591,1693226095841,8,4,4
7188,1693226095841,1692253831595,1692253831598,1693226095848,7,3,4
7189,1693226095848,1692253831605,1692253831608,1693226095858,10,3,7
7190,1693226095858,1692253831612,1692253831615,1693226095865,7,3,4
7191,1693226095865,1692253831619,1692253831623,1693226095873,8,4,4
7192,1693226095873,1692253831627,1692253831631,1693226095881,8,4,4
7193,1693226095881,1692253831635,1692253831638,1693226095888,7,3,4
7194,1693226095888,1692253831642,1692253831646,1693226095896,8,4,4
7195,1693226095896,1692253831650,1692253831653,1693226095903,7,3,4
7196,1693226095903,1692253831658,1692253831661,1693226095911,8,3,5
7197,1693226095911,1692253831665,1692253831669,1693226095919,8,4,4
7198,1693226095919,1692253831673,1692253831676,1693226095926,7,3,4
7199,1693226095926,1692253831680,1692253831683,1693226095933,7,3,4
7200,1693226095933,1692253831687,1692253831691,1693226095941,8,4,4
7201,1693226095941,1692253831695,1692253831698,1693226095949,8,3,5
7202,1693226095949,1692253831703,1692253831707,1693226095957,8,4,4
7203,1693226095957,1692253831712,1692253831717,1693226095966,9,5,4
7204,1693226095966,1692253831720,1692253831724,1693226095974,8,4,4
7205,1693226095974,1692253831729,1692253831732,1693226095982,8,3,5
7206,1693226095982,1692253831736,1692253831739,1693226095989,7,3,4
7207,1693226095989,1692253831743,1692253831746,1693226095996,7,3,4
7208,1693226095996,1692253831751,1692253831756,1693226096006,10,5,5
7209,1693226096006,1692253831760,1692253831762,1693226096013,7,2,5
7210,1693226096013,1692253831767,1692253831771,1693226096021,8,4,4
7211,1693226096021,1692253831776,1692253831779,1693226096029,8,3,5
7212,1693226096029,1692253831784,1692253831787,1693226096037,8,3,5
7213,1693226096037,1692253831792,1692253831795,1693226096045,8,3,5
7214,1693226096045,1692253831798,1692253831802,1693226096052,7,4,3
7215,1693226096052,1692253831806,1692253831810,1693226096060,8,4,4
7216,1693226096060,1692253831814,1692253831818,1693226096068,8,4,4
7217,1693226096068,1692253831822,1692253831825,1693226096076,8,3,5
7218,1693226096076,1692253831830,1692253831833,1693226096083,7,3,4
7219,1693226096083,1692253831837,1692253831840,1693226096090,7,3,4
7220,1693226096090,1692253831844,1692253831847,1693226096097,7,3,4
7221,1693226096097,1692253831851,1692253831854,1693226096105,8,3,5
7222,1693226096105,1692253831859,1692253831861,1693226096111,6,2,4
7223,1693226096112,1692253831866,1692253831869,1693226096120,8,3,5
7224,1693226096120,1692253831874,1692253831878,1693226096128,8,4,4
7225,1693226096128,1692253831882,1692253831885,1693226096135,7,3,4
7226,1693226096135,1692253831889,1692253831892,1693226096142,7,3,4
7227,1693226096142,1692253831896,1692253831899,1693226096149,7,3,4
7228,1693226096149,1692253831903,1692253831907,1693226096160,11,4,7
7229,1693226096160,1692253831915,1692253831918,1693226096168,8,3,5
7230,1693226096168,1692253831922,1692253831925,1693226096175,7,3,4
7231,1693226096175,1692253831930,1692253831933,1693226096183,8,3,5
7232,1693226096183,1692253831937,1692253831940,1693226096190,7,3,4
7233,1693226096190,1692253831944,1692253831948,1693226096198,8,4,4
7234,1693226096198,1692253831953,1692253831956,1693226096206,8,3,5
7235,1693226096206,1692253831960,1692253831964,1693226096214,8,4,4
7236,1693226096214,1692253831969,1692253831972,1693226096222,8,3,5
7237,1693226096222,1692253831976,1692253831979,1693226096229,7,3,4
7238,1693226096229,1692253831984,1692253831987,1693226096237,8,3,5
7239,1693226096237,1692253831992,1692253831996,1693226096247,10,4,6
7240,1693226096247,1692253832001,1692253832004,1693226096255,8,3,5
7241,1693226096255,1692253832010,1692253832013,1693226096263,8,3,5
7242,1693226096263,1692253832018,1692253832021,1693226096271,8,3,5
7243,1693226096271,1692253832026,1692253832029,1693226096279,8,3,5
7244,1693226096279,1692253832034,1692253832036,1693226096286,7,2,5
7245,1693226096286,1692253832040,1692253832044,1693226096295,9,4,5
7246,1693226096295,1692253832049,1692253832053,1693226096303,8,4,4
7247,1693226096303,1692253832057,1692253832060,1693226096310,7,3,4
7248,1693226096310,1692253832064,1692253832068,1693226096319,9,4,5
7249,1693226096319,1692253832074,1692253832078,1693226096328,9,4,5
7250,1693226096328,1692253832082,1692253832085,1693226096335,7,3,4
7251,1693226096335,1692253832089,1692253832093,1693226096343,8,4,4
7252,1693226096343,1692253832097,1692253832101,1693226096351,8,4,4
7253,1693226096352,1692253832106,1692253832109,1693226096359,7,3,4
7254,1693226096359,1692253832114,1692253832117,1693226096367,8,3,5
7255,1693226096368,1692253832122,1692253832125,1693226096375,7,3,4
7256,1693226096375,1692253832129,1692253832132,1693226096382,7,3,4
7257,1693226096382,1692253832136,1692253832139,1693226096389,7,3,4
7258,1693226096389,1692253832143,1692253832146,1693226096397,8,3,5
7259,1693226096398,1692253832154,1692253832158,1693226096408,10,4,6
7260,1693226096408,1692253832163,1692253832165,1693226096415,7,2,5
7261,1693226096415,1692253832176,1692253832179,1693226096429,14,3,11
7262,1693226096429,1692253832184,1692253832188,1693226096439,10,4,6
7263,1693226096439,1692253832193,1692253832196,1693226096446,7,3,4
7264,1693226096446,1692253832201,1692253832204,1693226096454,8,3,5
7265,1693226096454,1692253832208,1692253832211,1693226096461,7,3,4
7266,1693226096461,1692253832215,1692253832219,1693226096468,7,4,3
7267,1693226096468,1692253832222,1692253832225,1693226096475,7,3,4
7268,1693226096475,1692253832229,1692253832232,1693226096482,7,3,4
7269,1693226096482,1692253832237,1692253832239,1693226096490,8,2,6
7270,1693226096490,1692253832244,1692253832248,1693226096498,8,4,4
7271,1693226096498,1692253832252,1692253832256,1693226096506,8,4,4
7272,1693226096506,1692253832260,1692253832264,1693226096514,8,4,4
7273,1693226096514,1692253832268,1692253832272,1693226096522,8,4,4
7274,1693226096522,1692253832276,1692253832280,1693226096530,8,4,4
7275,1693226096530,1692253832285,1692253832288,1693226096538,8,3,5
7276,1693226096538,1692253832292,1692253832295,1693226096545,7,3,4
7277,1693226096545,1692253832300,1692253832302,1693226096552,7,2,5
7278,1693226096552,1692253832306,1692253832309,1693226096559,7,3,4
7279,1693226096559,1692253832313,1692253832317,1693226096570,11,4,7
7280,1693226096570,1692253832325,1692253832328,1693226096578,8,3,5
7281,1693226096578,1692253832332,1692253832335,1693226096586,8,3,5
7282,1693226096586,1692253832340,1692253832345,1693226096595,9,5,4
7283,1693226096595,1692253832349,1692253832352,1693226096602,7,3,4
7284,1693226096602,1692253832357,1692253832360,1693226096610,8,3,5
7285,1693226096610,1692253832365,1692253832368,1693226096619,9,3,6
7286,1693226096619,1692253832373,1692253832376,1693226096626,7,3,4
7287,1693226096626,1692253832381,1692253832384,1693226096634,8,3,5
7288,1693226096634,1692253832388,1692253832391,1693226096641,7,3,4
7289,1693226096641,1692253832395,1692253832399,1693226096649,8,4,4
7290,1693226096649,1692253832403,1692253832407,1693226096657,8,4,4
7291,1693226096657,1692253832412,1692253832415,1693226096665,8,3,5
7292,1693226096665,1692253832420,1692253832423,1693226096673,8,3,5
7293,1693226096673,1692253832427,1692253832430,1693226096680,7,3,4
7294,1693226096680,1692253832436,1692253832439,1693226096689,9,3,6
7295,1693226096689,1692253832444,1692253832447,1693226096697,8,3,5
7296,1693226096697,1692253832451,1692253832454,1693226096704,7,3,4
7297,1693226096704,1692253832459,1692253832461,1693226096712,8,2,6
7298,1693226096712,1692253832466,1692253832468,1693226096718,6,2,4
7299,1693226096719,1692253832473,1692253832477,1693226096727,8,4,4
7300,1693226096727,1692253832482,1692253832486,1693226096736,9,4,5
7301,1693226096736,1692253832491,1692253832494,1693226096744,8,3,5
7302,1693226096744,1692253832498,1692253832502,1693226096752,8,4,4
7303,1693226096752,1692253832506,1692253832510,1693226096760,8,4,4
7304,1693226096760,1692253832514,1692253832517,1693226096767,7,3,4
7305,1693226096767,1692253832522,1692253832525,1693226096775,8,3,5
7306,1693226096775,1692253832529,1692253832533,1693226096783,8,4,4
7307,1693226096783,1692253832538,1692253832541,1693226096791,8,3,5
7308,1693226096791,1692253832545,1692253832548,1693226096798,7,3,4
7309,1693226096798,1692253832552,1692253832555,1693226096805,7,3,4
7310,1693226096805,1692253832560,1692253832563,1693226096814,9,3,6
7311,1693226096814,1692253832568,1692253832571,1693226096820,6,3,3
7312,1693226096820,1692253832574,1692253832578,1693226096827,7,4,3
7313,1693226096827,1692253832582,1692253832585,1693226096835,8,3,5
7314,1693226096835,1692253832592,1692253832595,1693226096845,10,3,7
7315,1693226096845,1692253832599,1692253832602,1693226096852,7,3,4
7316,1693226096852,1692253832607,1692253832610,1693226096860,8,3,5
7317,1693226096860,1692253832614,1692253832617,1693226096867,7,3,4
7318,1693226096867,1692253832621,1692253832626,1693226096877,10,5,5
7319,1693226096877,1692253832631,1692253832634,1693226096884,7,3,4
7320,1693226096884,1692253832639,1692253832643,1693226096893,9,4,5
7321,1693226096893,1692253832647,1692253832651,1693226096901,8,4,4
7322,1693226096901,1692253832655,1692253832659,1693226096909,8,4,4
7323,1693226096909,1692253832664,1692253832667,1693226096917,8,3,5
7324,1693226096918,1692253832672,1692253832675,1693226096925,7,3,4
7325,1693226096925,1692253832680,1692253832683,1693226096933,8,3,5
7326,1693226096933,1692253832687,1692253832691,1693226096941,8,4,4
7327,1693226096941,1692253832695,1692253832698,1693226096948,7,3,4
7328,1693226096948,1692253832703,1692253832707,1693226096957,9,4,5
7329,1693226096957,1692253832712,1692253832715,1693226096965,8,3,5
7330,1693226096965,1692253832720,1692253832723,1693226096973,8,3,5
7331,1693226096973,1692253832728,1692253832731,1693226096981,8,3,5
7332,1693226096981,1692253832735,1692253832737,1693226096988,7,2,5
7333,1693226096988,1692253832742,1692253832746,1693226096996,8,4,4
7334,1693226096996,1692253832751,1692253832755,1693226097005,9,4,5
7335,1693226097005,1692253832759,1692253832763,1693226097013,8,4,4
7336,1693226097013,1692253832768,1692253832771,1693226097021,8,3,5
7337,1693226097021,1692253832775,1692253832778,1693226097028,7,3,4
7338,1693226097028,1692253832783,1692253832786,1693226097036,8,3,5
7339,1693226097036,1692253832791,1692253832794,1693226097044,8,3,5
7340,1693226097044,1692253832799,1692253832802,1693226097052,8,3,5
7341,1693226097052,1692253832807,1692253832810,1693226097060,8,3,5
7342,1693226097060,1692253832815,1692253832819,1693226097069,9,4,5
7343,1693226097069,1692253832823,1692253832826,1693226097076,7,3,4
7344,1693226097076,1692253832831,1692253832834,1693226097085,9,3,6
7345,1693226097085,1692253832839,1692253832842,1693226097092,7,3,4
7346,1693226097092,1692253832847,1692253832850,1693226097100,8,3,5
7347,1693226097100,1692253832854,1692253832857,1693226097107,7,3,4
7348,1693226097107,1692253832862,1692253832865,1693226097115,8,3,5
7349,1693226097115,1692253832870,1692253832874,1693226097124,9,4,5
7350,1693226097124,1692253832878,1692253832881,1693226097131,7,3,4
7351,1693226097131,1692253832886,1692253832889,1693226097139,8,3,5
7352,1693226097139,1692253832893,1692253832896,1693226097146,7,3,4
7353,1693226097146,1692253832900,1692253832903,1693226097153,7,3,4
7354,1693226097153,1692253832907,1692253832910,1693226097160,7,3,4
7355,1693226097160,1692253832915,1692253832919,1693226097169,9,4,5
7356,1693226097169,1692253832924,1692253832928,1693226097178,9,4,5
7357,1693226097178,1692253832932,1692253832935,1693226097185,7,3,4
7358,1693226097185,1692253832939,1692253832943,1693226097193,8,4,4
7359,1693226097193,1692253832947,1692253832951,1693226097201,8,4,4
7360,1693226097201,1692253832955,1692253832958,1693226097208,7,3,4
7361,1693226097208,1692253832963,1692253832966,1693226097216,8,3,5
7362,1693226097216,1692253832970,1692253832973,1693226097222,6,3,3
7363,1693226097222,1692253832977,1692253832981,1693226097231,9,4,5
7364,1693226097231,1692253832985,1692253832988,1693226097239,8,3,5
7365,1693226097239,1692253832993,1692253832996,1693226097246,7,3,4
7366,1693226097246,1692253833000,1692253833004,1693226097254,8,4,4
7367,1693226097254,1692253833008,1692253833011,1693226097261,7,3,4
7368,1693226097261,1692253833016,1692253833019,1693226097269,8,3,5
7369,1693226097269,1692253833024,1692253833027,1693226097277,8,3,5
7370,1693226097277,1692253833032,1692253833036,1693226097286,9,4,5
7371,1693226097286,1692253833040,1692253833043,1693226097293,7,3,4
7372,1693226097293,1692253833047,1692253833050,1693226097301,8,3,5
7373,1693226097301,1692253833054,1692253833057,1693226097307,6,3,3
7374,1693226097307,1692253833062,1692253833064,1693226097315,8,2,6
7375,1693226097315,1692253833069,1692253833072,1693226097322,7,3,4
7376,1693226097322,1692253833077,1692253833081,1693226097331,9,4,5
7377,1693226097331,1692253833085,1692253833089,1693226097339,8,4,4
7378,1693226097339,1692253833093,1692253833096,1693226097346,7,3,4
7379,1693226097346,1692253833100,1692253833103,1693226097353,7,3,4
7380,1693226097353,1692253833107,1692253833109,1693226097360,7,2,5
7381,1693226097360,1692253833114,1692253833117,1693226097368,8,3,5
7382,1693226097368,1692253833133,1692253833136,1693226097449,81,3,78
7383,1693226097449,1692253833204,1692253833207,1693226097457,8,3,5
7384,1693226097457,1692253833212,1692253833215,1693226097465,8,3,5
7385,1693226097465,1692253833220,1692253833224,1693226097474,9,4,5
7386,1693226097474,1692253833228,1692253833232,1693226097482,8,4,4
7387,1693226097482,1692253833236,1692253833239,1693226097491,9,3,6
7388,1693226097491,1692253833246,1692253833249,1693226097502,11,3,8
7389,1693226097502,1692253833256,1692253833259,1693226097510,8,3,5
7390,1693226097510,1692253833264,1692253833267,1693226097517,7,3,4
7391,1693226097517,1692253833275,1692253833281,1693226097530,13,6,7
7392,1693226097530,1692253833286,1692253833289,1693226097539,9,3,6
7393,1693226097539,1692253833294,1692253833298,1693226097548,9,4,5
7394,1693226097548,1692253833302,1692253833305,1693226097555,7,3,4
7395,1693226097555,1692253833310,1692253833313,1693226097563,8,3,5
7396,1693226097563,1692253833318,1692253833321,1693226097571,8,3,5
7397,1693226097571,1692253833332,1692253833336,1693226097590,19,4,15
7398,1693226097590,1692253833366,1692253833369,1693226097619,29,3,26
7399,1693226097619,1692253833374,1692253833377,1693226097627,8,3,5
7400,1693226097627,1692253833381,1692253833385,1693226097634,7,4,3
7401,1693226097634,1692253833388,1692253833391,1693226097641,7,3,4
7402,1693226097641,1692253833395,1692253833398,1693226097648,7,3,4
7403,1693226097649,1692253833403,1692253833406,1693226097656,7,3,4
7404,1693226097656,1692253833410,1692253833414,1693226097664,8,4,4
7405,1693226097664,1692253833420,1692253833423,1693226097674,10,3,7
7406,1693226097674,1692253833429,1692253833433,1693226097683,9,4,5
7407,1693226097683,1692253833437,1692253833440,1693226097690,7,3,4
7408,1693226097690,1692253833444,1692253833448,1693226097698,8,4,4
7409,1693226097698,1692253833459,1692253833463,1693226097713,15,4,11
7410,1693226097713,1692253833467,1692253833470,1693226097720,7,3,4
7411,1693226097720,1692253833475,1692253833478,1693226097728,8,3,5
7412,1693226097728,1692253833482,1692253833484,1693226097734,6,2,4
7413,1693226097734,1692253833489,1692253833492,1693226097741,7,3,4
7414,1693226097741,1692253833495,1692253833499,1693226097749,8,4,4
7415,1693226097749,1692253833503,1692253833506,1693226097756,7,3,4
7416,1693226097756,1692253833511,1692253833514,1693226097764,8,3,5
7417,1693226097764,1692253833518,1692253833521,1693226097770,6,3,3
7418,1693226097770,1692253833525,1692253833529,1693226097779,9,4,5
7419,1693226097779,1692253833533,1692253833536,1693226097786,7,3,4
7420,1693226097786,1692253833540,1692253833543,1693226097792,6,3,3
7421,1693226097792,1692253833546,1692253833550,1693226097799,7,4,3
7422,1693226097799,1692253833553,1692253833556,1693226097806,7,3,4
7423,1693226097806,1692253833560,1692253833563,1693226097814,8,3,5
7424,1693226097814,1692253833568,1692253833571,1693226097821,7,3,4
7425,1693226097821,1692253833575,1692253833579,1693226097829,8,4,4
7426,1693226097829,1692253833584,1692253833588,1693226097837,8,4,4
7427,1693226097837,1692253833592,1692253833597,1693226097847,10,5,5
7428,1693226097847,1692253833602,1692253833605,1693226097855,8,3,5
7429,1693226097855,1692253833610,1692253833614,1693226097864,9,4,5
7430,1693226097864,1692253833618,1692253833621,1693226097871,7,3,4
7431,1693226097871,1692253833625,1692253833630,1693226097880,9,5,4
7432,1693226097880,1692253833635,1692253833637,1693226097887,7,2,5
7433,1693226097888,1692253833641,1692253833645,1693226097895,7,4,3
7434,1693226097895,1692253833649,1692253833652,1693226097902,7,3,4
7435,1693226097902,1692253833657,1692253833660,1693226097910,8,3,5
7436,1693226097910,1692253833664,1692253833668,1693226097918,8,4,4
7437,1693226097918,1692253833672,1692253833675,1693226097925,7,3,4
7438,1693226097925,1692253833680,1692253833682,1693226097933,8,2,6
7439,1693226097933,1692253833687,1692253833690,1693226097940,7,3,4
7440,1693226097940,1692253833695,1692253833698,1693226097947,7,3,4
7441,1693226097947,1692253833702,1692253833705,1693226097954,7,3,4
7442,1693226097954,1692253833709,1692253833711,1693226097961,7,2,5
7443,1693226097962,1692253833716,1692253833721,1693226097971,9,5,4
7444,1693226097971,1692253833725,1692253833727,1693226097977,6,2,4
7445,1693226097977,1692253833732,1692253833735,1693226097985,8,3,5
7446,1693226097985,1692253833739,1692253833741,1693226097991,6,2,4
7447,1693226097991,1692253833745,1692253833748,1693226097998,7,3,4
7448,1693226097998,1692253833752,1692253833755,1693226098005,7,3,4
7449,1693226098005,1692253833759,1692253833763,1693226098013,8,4,4
7450,1693226098013,1692253833767,1692253833770,1693226098020,7,3,4
7451,1693226098020,1692253833775,1692253833779,1693226098029,9,4,5
7452,1693226098029,1692253833782,1692253833785,1693226098035,6,3,3
7453,1693226098035,1692253833790,1692253833793,1693226098043,8,3,5
7454,1693226098043,1692253833797,1692253833801,1693226098051,8,4,4
7455,1693226098051,1692253833806,1692253833809,1693226098059,8,3,5
7456,1693226098059,1692253833814,1692253833817,1693226098067,8,3,5
7457,1693226098067,1692253833821,1692253833825,1693226098075,8,4,4
7458,1693226098075,1692253833829,1692253833833,1693226098083,8,4,4
7459,1693226098083,1692253833837,1692253833840,1693226098090,7,3,4
7460,1693226098090,1692253833844,1692253833847,1693226098097,7,3,4
7461,1693226098097,1692253833852,1692253833855,1693226098105,8,3,5
7462,1693226098105,1692253833860,1692253833864,1693226098113,8,4,4
7463,1693226098113,1692253833868,1692253833872,1693226098122,9,4,5
7464,1693226098122,1692253833876,1692253833879,1693226098129,7,3,4
7465,1693226098129,1692253833883,1692253833887,1693226098137,8,4,4
7466,1693226098137,1692253833892,1692253833895,1693226098145,8,3,5
7467,1693226098145,1692253833899,1692253833902,1693226098152,7,3,4
7468,1693226098152,1692253833906,1692253833910,1693226098160,8,4,4
7469,1693226098160,1692253833915,1692253833917,1693226098168,8,2,6
7470,1693226098168,1692253833923,1692253833926,1693226098176,8,3,5
7471,1693226098176,1692253833931,1692253833934,1693226098184,8,3,5
7472,1693226098184,1692253833939,1692253833942,1693226098192,8,3,5
7473,1693226098192,1692253833946,1692253833949,1693226098199,7,3,4
7474,1693226098199,1692253833954,1692253833956,1693226098208,9,2,7
7475,1693226098208,1692253833962,1692253833965,1693226098215,7,3,4
7476,1693226098215,1692253833970,1692253833973,1693226098223,8,3,5
7477,1693226098223,1692253833977,1692253833981,1693226098231,8,4,4
7478,1693226098231,1692253833986,1692253833988,1693226098238,7,2,5
7479,1693226098238,1692253833993,1692253833996,1693226098246,8,3,5
7480,1693226098246,1692253834001,1692253834004,1693226098254,8,3,5
7481,1693226098254,1692253834011,1692253834015,1693226098265,11,4,7
7482,1693226098265,1692253834020,1692253834024,1693226098273,8,4,4
7483,1693226098274,1692253834027,1692253834031,1693226098282,8,4,4
7484,1693226098282,1692253834035,1692253834038,1693226098288,6,3,3
7485,1693226098288,1692253834041,1692253834044,1693226098295,7,3,4
7486,1693226098295,1692253834049,1692253834052,1693226098303,8,3,5
7487,1693226098303,1692253834058,1692253834061,1693226098311,8,3,5
7488,1693226098311,1692253834065,1692253834069,1693226098319,8,4,4
7489,1693226098319,1692253834073,1692253834076,1693226098326,7,3,4
7490,1693226098326,1692253834081,1692253834084,1693226098334,8,3,5
7491,1693226098334,1692253834089,1692253834092,1693226098342,8,3,5
7492,1693226098342,1692253834097,1692253834100,1693226098350,8,3,5
7493,1693226098350,1692253834104,1692253834108,1693226098358,8,4,4
7494,1693226098358,1692253834112,1692253834115,1693226098365,7,3,4
7495,1693226098365,1692253834119,1692253834123,1693226098373,8,4,4
7496,1693226098373,1692253834127,1692253834130,1693226098380,7,3,4
7497,1693226098380,1692253834134,1692253834137,1693226098387,7,3,4
7498,1693226098387,1692253834142,1692253834146,1693226098396,9,4,5
7499,1693226098396,1692253834150,1692253834153,1693226098403,7,3,4
7500,1693226098403,1692253834165,1692253834170,1693226098420,17,5,12
7501,1693226098420,1692253834174,1692253834178,1693226098428,8,4,4
7502,1693226098428,1692253834182,1692253834185,1693226098435,7,3,4
7503,1693226098435,1692253834190,1692253834193,1693226098443,8,3,5
7504,1693226098444,1692253834198,1692253834201,1693226098451,7,3,4
7505,1693226098451,1692253834206,1692253834209,1693226098459,8,3,5
7506,1693226098459,1692253834213,1692253834217,1693226098467,8,4,4
7507,1693226098467,1692253834222,1692253834224,1693226098474,7,2,5
7508,1693226098474,1692253834229,1692253834232,1693226098482,8,3,5
7509,1693226098482,1692253834236,1692253834239,1693226098489,7,3,4
7510,1693226098489,1692253834243,1692253834245,1693226098495,6,2,4
7511,1693226098495,1692253834250,1692253834253,1693226098503,8,3,5
7512,1693226098503,1692253834258,1692253834261,1693226098511,8,3,5
7513,1693226098511,1692253834267,1692253834271,1693226098520,9,4,5
7514,1693226098520,1692253834274,1692253834277,1693226098528,8,3,5
7515,1693226098528,1692253834283,1692253834287,1693226098537,9,4,5
7516,1693226098537,1692253834291,1692253834294,1693226098544,7,3,4
7517,1693226098544,1692253834299,1692253834303,1693226098553,9,4,5
7518,1693226098553,1692253834307,1692253834310,1693226098560,7,3,4
7519,1693226098560,1692253834314,1692253834318,1693226098568,8,4,4
7520,1693226098568,1692253834323,1692253834326,1693226098576,8,3,5
7521,1693226098576,1692253834331,1692253834334,1693226098584,8,3,5
7522,1693226098584,1692253834338,1692253834341,1693226098592,8,3,5
7523,1693226098592,1692253834346,1692253834348,1693226098598,6,2,4
7524,1693226098598,1692253834353,1692253834356,1693226098606,8,3,5
7525,1693226098606,1692253834360,1692253834364,1693226098614,8,4,4
7526,1693226098614,1692253834370,1692253834373,1693226098623,9,3,6
7527,1693226098623,1692253834377,1692253834380,1693226098630,7,3,4
7528,1693226098630,1692253834384,1692253834388,1693226098638,8,4,4
7529,1693226098638,1692253834392,1692253834396,1693226098646,8,4,4
7530,1693226098646,1692253834400,1692253834403,1693226098654,8,3,5
7531,1693226098654,1692253834407,1692253834411,1693226098661,7,4,3
7532,1693226098661,1692253834416,1692253834420,1693226098671,10,4,6
7533,1693226098671,1692253834425,1692253834429,1693226098679,8,4,4
7534,1693226098679,1692253834433,1692253834436,1693226098686,7,3,4
7535,1693226098686,1692253834440,1692253834443,1693226098693,7,3,4
7536,1693226098693,1692253834448,1692253834451,1693226098701,8,3,5
7537,1693226098701,1692253834455,1692253834460,1693226098711,10,5,5
7538,1693226098711,1692253834465,1692253834469,1693226098720,9,4,5
7539,1693226098720,1692253834474,1692253834477,1693226098727,7,3,4
7540,1693226098727,1692253834482,1692253834485,1693226098735,8,3,5
7541,1693226098735,1692253834490,1692253834493,1693226098743,8,3,5
7542,1693226098743,1692253834497,1692253834501,1693226098752,9,4,5
7543,1693226098752,1692253834506,1692253834510,1693226098760,8,4,4
7544,1693226098760,1692253834514,1692253834518,1693226098768,8,4,4
7545,1693226098768,1692253834522,1692253834525,1693226098775,7,3,4
7546,1693226098775,1692253834529,1692253834532,1693226098782,7,3,4
7547,1693226098782,1692253834537,1692253834541,1693226098791,9,4,5
7548,1693226098791,1692253834545,1692253834548,1693226098798,7,3,4
7549,1693226098798,1692253834553,1692253834556,1693226098806,8,3,5
7550,1693226098806,1692253834561,1692253834563,1693226098813,7,2,5
7551,1693226098813,1692253834567,1692253834570,1693226098822,9,3,6
7552,1693226098822,1692253834576,1692253834579,1693226098830,8,3,5
7553,1693226098830,1692253834584,1692253834587,1693226098838,8,3,5
7554,1693226098838,1692253834592,1692253834595,1693226098845,7,3,4
7555,1693226098845,1692253834600,1692253834603,1693226098853,8,3,5
7556,1693226098853,1692253834607,1692253834611,1693226098861,8,4,4
7557,1693226098861,1692253834616,1692253834619,1693226098869,8,3,5
7558,1693226098869,1692253834623,1692253834627,1693226098877,8,4,4
7559,1693226098877,1692253834631,1692253834634,1693226098884,7,3,4
7560,1693226098884,1692253834638,1692253834641,1693226098891,7,3,4
7561,1693226098891,1692253834646,1692253834650,1693226098900,9,4,5
7562,1693226098900,1692253834654,1692253834657,1693226098907,7,3,4
7563,1693226098907,1692253834662,1692253834665,1693226098915,8,3,5
7564,1693226098915,1692253834669,1692253834672,1693226098925,10,3,7
7565,1693226098925,1692253834679,1692253834683,1693226098933,8,4,4
7566,1693226098933,1692253834688,1692253834692,1693226098942,9,4,5
7567,1693226098942,1692253834697,1692253834700,1693226098951,9,3,6
7568,1693226098951,1692253834705,1692253834708,1693226098957,6,3,3
7569,1693226098957,1692253834720,1692253834723,1693226098973,16,3,13
7570,1693226098973,1692253834727,1692253834730,1693226098981,8,3,5
7571,1693226098981,1692253834741,1692253834744,1693226098994,13,3,10
7572,1693226098994,1692253834748,1692253834752,1693226099002,8,4,4
7573,1693226099002,1692253834756,1692253834759,1693226099009,7,3,4
7574,1693226099009,1692253834765,1692253834770,1693226099020,11,5,6
7575,1693226099020,1692253834774,1692253834777,1693226099027,7,3,4
7576,1693226099027,1692253834782,1692253834785,1693226099035,8,3,5
7577,1693226099035,1692253834790,1692253834793,1693226099043,8,3,5
7578,1693226099043,1692253834798,1692253834802,1693226099052,9,4,5
7579,1693226099052,1692253834806,1692253834809,1693226099059,7,3,4
7580,1693226099059,1692253834813,1692253834817,1693226099068,9,4,5
7581,1693226099068,1692253834822,1692253834825,1693226099075,7,3,4
7582,1693226099075,1692253834829,1692253834833,1693226099083,8,4,4
7583,1693226099083,1692253834838,1692253834842,1693226099092,9,4,5
7584,1693226099092,1692253834846,1692253834850,1693226099100,8,4,4
7585,1693226099100,1692253834854,1692253834857,1693226099107,7,3,4
7586,1693226099107,1692253834862,1692253834867,1693226099117,10,5,5
7587,1693226099117,1692253834872,1692253834875,1693226099125,8,3,5
7588,1693226099125,1692253834882,1692253834887,1693226099137,12,5,7
7589,1693226099137,1692253834891,1692253834894,1693226099145,8,3,5
7590,1693226099145,1692253834899,1692253834902,1693226099152,7,3,4
7591,1693226099152,1692253834907,1692253834912,1693226099162,10,5,5
7592,1693226099162,1692253834917,1692253834920,1693226099171,9,3,6
7593,1693226099171,1692253834926,1692253834929,1693226099179,8,3,5
7594,1693226099179,1692253834934,1692253834937,1693226099187,8,3,5
7595,1693226099187,1692253834942,1692253834945,1693226099196,9,3,6
7596,1693226099196,1692253834950,1692253834953,1693226099203,7,3,4
7597,1693226099203,1692253834958,1692253834961,1693226099211,8,3,5
7598,1693226099211,1692253834966,1692253834968,1693226099218,7,2,5
7599,1693226099219,1692253834973,1692253834976,1693226099227,8,3,5
7600,1693226099227,1692253834980,1692253834984,1693226099234,7,4,3
7601,1693226099234,1692253834990,1692253834994,1693226099244,10,4,6
7602,1693226099244,1692253834998,1692253835002,1693226099252,8,4,4
7603,1693226099252,1692253835006,1692253835009,1693226099259,7,3,4
7604,1693226099259,1692253835017,1692253835020,1693226099270,11,3,8
7605,1693226099270,1692253835025,1692253835028,1693226099279,9,3,6
7606,1693226099279,1692253835040,1692253835044,1693226099294,15,4,11
7607,1693226099294,1692253835049,1692253835051,1693226099301,7,2,5
7608,1693226099301,1692253835055,1692253835058,1693226099308,7,3,4
7609,1693226099308,1692253835063,1692253835067,1693226099317,9,4,5
7610,1693226099317,1692253835072,1692253835074,1693226099325,8,2,6
7611,1693226099325,1692253835079,1692253835082,1693226099334,9,3,6
7612,1693226099334,1692253835089,1692253835092,1693226099342,8,3,5
7613,1693226099342,1692253835096,1692253835100,1693226099350,8,4,4
7614,1693226099350,1692253835104,1692253835107,1693226099357,7,3,4
7615,1693226099357,1692253835111,1692253835114,1693226099364,7,3,4
7616,1693226099365,1692253835119,1692253835122,1693226099372,7,3,4
7617,1693226099372,1692253835127,1692253835130,1693226099380,8,3,5
7618,1693226099380,1692253835134,1692253835137,1693226099387,7,3,4
7619,1693226099387,1692253835141,1692253835145,1693226099395,8,4,4
7620,1693226099395,1692253835150,1692253835154,1693226099404,9,4,5
7621,1693226099404,1692253835159,1692253835165,1693226099415,11,6,5
7622,1693226099415,1692253835169,1692253835173,1693226099423,8,4,4
7623,1693226099423,1692253835177,1692253835180,1693226099430,7,3,4
7624,1693226099430,1692253835184,1692253835187,1693226099437,7,3,4
7625,1693226099437,1692253835191,1692253835194,1693226099444,7,3,4
7626,1693226099444,1692253835198,1692253835202,1693226099452,8,4,4
7627,1693226099452,1692253835207,1692253835210,1693226099460,8,3,5
7628,1693226099460,1692253835214,1692253835217,1693226099467,7,3,4
7629,1693226099467,1692253835222,1692253835224,1693226099475,8,2,6
7630,1693226099475,1692253835229,1692253835232,1693226099482,7,3,4
7631,1693226099482,1692253835237,1692253835240,1693226099490,8,3,5
7632,1693226099490,1692253835245,1692253835248,1693226099499,9,3,6
7633,1693226099499,1692253835253,1692253835256,1693226099506,7,3,4
7634,1693226099506,1692253835260,1692253835262,1693226099513,7,2,5
7635,1693226099513,1692253835267,1692253835270,1693226099520,7,3,4
7636,1693226099520,1692253835274,1692253835278,1693226099528,8,4,4
7637,1693226099528,1692253835283,1692253835286,1693226099536,8,3,5
7638,1693226099536,1692253835291,1692253835295,1693226099545,9,4,5
7639,1693226099545,1692253835299,1692253835302,1693226099553,8,3,5
7640,1693226099553,1692253835307,1692253835310,1693226099560,7,3,4
7641,1693226099560,1692253835315,1692253835318,1693226099568,8,3,5
7642,1693226099568,1692253835322,1692253835325,1693226099575,7,3,4
7643,1693226099575,1692253835330,1692253835333,1693226099583,8,3,5
7644,1693226099583,1692253835337,1692253835340,1693226099589,6,3,3
7645,1693226099589,1692253835344,1692253835349,1693226099599,10,5,5
7646,1693226099599,1692253835353,1692253835357,1693226099607,8,4,4
7647,1693226099607,1692253835362,1692253835365,1693226099615,8,3,5
7648,1693226099615,1692253835370,1692253835373,1693226099623,8,3,5
7649,1693226099623,1692253835377,1692253835380,1693226099630,7,3,4
7650,1693226099630,1692253835384,1692253835387,1693226099637,7,3,4
7651,1693226099637,1692253835394,1692253835396,1693226099646,9,2,7
7652,1693226099647,1692253835401,1692253835404,1693226099654,7,3,4
7653,1693226099654,1692253835409,1692253835413,1693226099663,9,4,5
7654,1693226099663,1692253835417,1692253835421,1693226099670,7,4,3
7655,1693226099670,1692253835425,1692253835428,1693226099678,8,3,5
7656,1693226099678,1692253835432,1692253835436,1693226099685,7,4,3
7657,1693226099686,1692253835440,1692253835444,1693226099694,8,4,4
7658,1693226099694,1692253835449,1692253835452,1693226099702,8,3,5
7659,1693226099702,1692253835456,1692253835459,1693226099709,7,3,4
7660,1693226099709,1692253835463,1692253835466,1693226099716,7,3,4
7661,1693226099716,1692253835470,1692253835473,1693226099723,7,3,4
7662,1693226099723,1692253835478,1692253835481,1693226099731,8,3,5
7663,1693226099731,1692253835485,1692253835488,1693226099738,7,3,4
7664,1693226099738,1692253835492,1692253835495,1693226099745,7,3,4
7665,1693226099745,1692253835500,1692253835503,1693226099752,7,3,4
7666,1693226099752,1692253835507,1692253835510,1693226099760,8,3,5
7667,1693226099760,1692253835515,1692253835518,1693226099768,8,3,5
7668,1693226099768,1692253835523,1692253835527,1693226099777,9,4,5
7669,1693226099777,1692253835532,1692253835534,1693226099785,8,2,6
7670,1693226099785,1692253835539,1692253835543,1693226099792,7,4,3
7671,1693226099792,1692253835546,1692253835549,1693226099799,7,3,4
7672,1693226099799,1692253835554,1692253835558,1693226099808,9,4,5
7673,1693226099808,1692253835562,1692253835566,1693226099816,8,4,4
7674,1693226099816,1692253835570,1692253835574,1693226099824,8,4,4
7675,1693226099824,1692253835579,1692253835582,1693226099832,8,3,5
7676,1693226099832,1692253835586,1692253835589,1693226099839,7,3,4
7677,1693226099839,1692253835593,1692253835596,1693226099846,7,3,4
7678,1693226099846,1692253835601,1692253835604,1693226099854,8,3,5
7679,1693226099854,1692253835609,1692253835612,1693226099862,8,3,5
7680,1693226099862,1692253835617,1692253835620,1693226099870,8,3,5
7681,1693226099870,1692253835625,1692253835628,1693226099878,8,3,5
7682,1693226099878,1692253835632,1692253835637,1693226099887,9,5,4
7683,1693226099887,1692253835641,1692253835645,1693226099895,8,4,4
7684,1693226099895,1692253835650,1692253835653,1693226099903,8,3,5
7685,1693226099903,1692253835657,1692253835660,1693226099911,8,3,5
7686,1693226099911,1692253835665,1692253835669,1693226099918,7,4,3
7687,1693226099918,1692253835673,1692253835676,1693226099926,8,3,5
7688,1693226099926,1692253835680,1692253835683,1693226099933,7,3,4
7689,1693226099934,1692253835688,1692253835691,1693226099941,7,3,4
7690,1693226099941,1692253835696,1692253835699,1693226099949,8,3,5
7691,1693226099949,1692253835704,1692253835707,1693226099959,10,3,7
7692,1693226099959,1692253835714,1692253835717,1693226099967,8,3,5
7693,1693226099967,1692253835722,1692253835725,1693226099975,8,3,5
7694,1693226099975,1692253835730,1692253835735,1693226099986,11,5,6
7695,1693226099986,1692253835740,1692253835743,1693226099993,7,3,4
7696,1693226099993,1692253835747,1692253835750,1693226100000,7,3,4
7697,1693226100000,1692253835754,1692253835757,1693226100007,7,3,4
7698,1693226100007,1692253835761,1692253835764,1693226100014,7,3,4
7699,1693226100014,1692253835769,1692253835772,1693226100022,8,3,5
7700,1693226100022,1692253835776,1692253835779,1693226100029,7,3,4
7701,1693226100029,1692253835784,1692253835787,1693226100037,8,3,5
7702,1693226100037,1692253835791,1692253835794,1693226100044,7,3,4
7703,1693226100044,1692253835798,1692253835802,1693226100052,8,4,4
7704,1693226100052,1692253835806,1692253835808,1693226100059,7,2,5
7705,1693226100059,1692253835813,1692253835816,1693226100066,7,3,4
7706,1693226100066,1692253835820,1692253835824,1693226100074,8,4,4
7707,1693226100074,1692253835829,1692253835833,1693226100083,9,4,5
7708,1693226100083,1692253835837,1692253835841,1693226100090,7,4,3
7709,1693226100090,1692253835845,1692253835848,1693226100098,8,3,5
7710,1693226100098,1692253835853,1692253835856,1693226100106,8,3,5
7711,1693226100106,1692253835861,1692253835864,1693226100114,8,3,5
7712,1693226100114,1692253835868,1692253835871,1693226100121,7,3,4
7713,1693226100121,1692253835876,1692253835880,1693226100130,9,4,5
7714,1693226100130,1692253835884,1692253835887,1693226100137,7,3,4
7715,1693226100137,1692253835891,1692253835894,1693226100144,7,3,4
7716,1693226100144,1692253835899,1692253835902,1693226100153,9,3,6
7717,1693226100154,1692253835916,1692253835919,1693226100169,15,3,12
7718,1693226100169,1692253835924,1692253835929,1693226100179,10,5,5
7719,1693226100179,1692253835933,1692253835937,1693226100187,8,4,4
7720,1693226100187,1692253835942,1692253835946,1693226100197,10,4,6
7721,1693226100197,1692253835951,1692253835955,1693226100205,8,4,4
7722,1693226100205,1692253835959,1692253835963,1693226100213,8,4,4
7723,1693226100213,1692253835967,1692253835970,1693226100220,7,3,4
7724,1693226100220,1692253835975,1692253835978,1693226100228,8,3,5
7725,1693226100228,1692253835983,1692253835987,1693226100237,9,4,5
7726,1693226100237,1692253835992,1692253835995,1693226100245,8,3,5
7727,1693226100245,1692253835999,1692253836003,1693226100253,8,4,4
7728,1693226100253,1692253836008,1692253836012,1693226100262,9,4,5
7729,1693226100262,1692253836024,1692253836027,1693226100277,15,3,12
7730,1693226100277,1692253836032,1692253836034,1693226100285,8,2,6
7731,1693226100285,1692253836039,1692253836043,1693226100293,8,4,4
7732,1693226100293,1692253836047,1692253836050,1693226100300,7,3,4
7733,1693226100301,1692253836055,1692253836059,1693226100309,8,4,4
7734,1693226100309,1692253836063,1692253836067,1693226100317,8,4,4
7735,1693226100317,1692253836071,1692253836074,1693226100324,7,3,4
7736,1693226100324,1692253836079,1692253836083,1693226100333,9,4,5
7737,1693226100333,1692253836088,1692253836091,1693226100340,7,3,4
7738,1693226100340,1692253836095,1692253836097,1693226100347,7,2,5
7739,1693226100347,1692253836102,1692253836105,1693226100355,8,3,5
7740,1693226100355,1692253836111,1692253836114,1693226100364,9,3,6
7741,1693226100364,1692253836119,1692253836122,1693226100372,8,3,5
7742,1693226100372,1692253836127,1692253836130,1693226100380,8,3,5
7743,1693226100380,1692253836134,1692253836138,1693226100388,8,4,4
7744,1693226100388,1692253836142,1692253836145,1693226100395,7,3,4
7745,1693226100395,1692253836149,1692253836153,1693226100403,8,4,4
7746,1693226100403,1692253836157,1692253836160,1693226100410,7,3,4
7747,1693226100410,1692253836164,1692253836168,1693226100418,8,4,4
7748,1693226100418,1692253836173,1692253836177,1693226100427,9,4,5
7749,1693226100427,1692253836182,1692253836186,1693226100436,9,4,5
7750,1693226100436,1692253836190,1692253836193,1693226100443,7,3,4
7751,1693226100443,1692253836198,1692253836201,1693226100451,8,3,5
7752,1693226100451,1692253836205,1692253836208,1693226100461,10,3,7
7753,1693226100461,1692253836216,1692253836219,1693226100470,9,3,6
7754,1693226100470,1692253836224,1692253836228,1693226100478,8,4,4
7755,1693226100478,1692253836232,1692253836237,1693226100487,9,5,4
7756,1693226100487,1692253836240,1692253836243,1693226100493,6,3,3
7757,1693226100493,1692253836247,1692253836250,1693226100500,7,3,4
7758,1693226100500,1692253836255,1692253836258,1693226100508,8,3,5
7759,1693226100508,1692253836262,1692253836264,1693226100514,6,2,4
7760,1693226100514,1692253836268,1692253836272,1693226100522,8,4,4
7761,1693226100522,1692253836277,1692253836281,1693226100531,9,4,5
7762,1693226100531,1692253836284,1692253836287,1693226100537,6,3,3
7763,1693226100537,1692253836291,1692253836295,1693226100545,8,4,4
7764,1693226100545,1692253836299,1692253836303,1693226100553,8,4,4
7765,1693226100553,1692253836307,1692253836310,1693226100560,7,3,4
7766,1693226100560,1692253836316,1692253836319,1693226100569,9,3,6
7767,1693226100569,1692253836323,1692253836326,1693226100576,7,3,4
7768,1693226100576,1692253836331,1692253836334,1693226100584,8,3,5
7769,1693226100584,1692253836338,1692253836341,1693226100591,7,3,4
7770,1693226100591,1692253836346,1692253836349,1693226100599,8,3,5
7771,1693226100599,1692253836354,1692253836357,1693226100607,8,3,5
7772,1693226100607,1692253836361,1692253836365,1693226100615,8,4,4
7773,1693226100615,1692253836369,1692253836372,1693226100621,6,3,3
7774,1693226100621,1692253836375,1692253836378,1693226100628,7,3,4
7775,1693226100628,1692253836383,1692253836386,1693226100636,8,3,5
7776,1693226100636,1692253836391,1692253836394,1693226100646,10,3,7
7777,1693226100646,1692253836400,1692253836403,1693226100653,7,3,4
7778,1693226100653,1692253836408,1692253836411,1693226100662,9,3,6
7779,1693226100662,1692253836419,1692253836423,1693226100673,11,4,7
7780,1693226100673,1692253836429,1692253836432,1693226100682,9,3,6
7781,1693226100682,1692253836437,1692253836441,1693226100691,9,4,5
7782,1693226100691,1692253836445,1692253836448,1693226100698,7,3,4
7783,1693226100698,1692253836452,1692253836455,1693226100709,11,3,8
7784,1693226100709,1692253836464,1692253836467,1693226100717,8,3,5
7785,1693226100717,1692253836471,1692253836475,1693226100725,8,4,4
7786,1693226100725,1692253836480,1692253836483,1693226100733,8,3,5
7787,1693226100733,1692253836487,1692253836490,1693226100740,7,3,4
7788,1693226100740,1692253836495,1692253836498,1693226100748,8,3,5
7789,1693226100748,1692253836503,1692253836506,1693226100756,8,3,5
7790,1693226100756,1692253836510,1692253836514,1693226100764,8,4,4
7791,1693226100764,1692253836520,1692253836524,1693226100774,10,4,6
7792,1693226100774,1692253836528,1692253836533,1693226100783,9,5,4
7793,1693226100784,1692253836538,1692253836541,1693226100791,7,3,4
7794,1693226100791,1692253836545,1692253836549,1693226100799,8,4,4
7795,1693226100799,1692253836553,1692253836556,1693226100807,8,3,5
7796,1693226100807,1692253836561,1692253836564,1693226100815,8,3,5
7797,1693226100815,1692253836569,1692253836572,1693226100823,8,3,5
7798,1693226100823,1692253836577,1692253836581,1693226100832,9,4,5
7799,1693226100832,1692253836586,1692253836590,1693226100840,8,4,4
7800,1693226100840,1692253836594,1692253836597,1693226100846,6,3,3
7801,1693226100846,1692253836601,1692253836604,1693226100854,8,3,5
7802,1693226100854,1692253836608,1692253836612,1693226100862,8,4,4
7803,1693226100862,1692253836616,1692253836619,1693226100870,8,3,5
7804,1693226100870,1692253836624,1692253836628,1693226100878,8,4,4
7805,1693226100878,1692253836632,1692253836635,1693226100886,8,3,5
7806,1693226100886,1692253836640,1692253836643,1693226100893,7,3,4
7807,1693226100893,1692253836647,1692253836650,1693226100899,6,3,3
7808,1693226100899,1692253836653,1692253836657,1693226100906,7,4,3
7809,1693226100906,1692253836660,1692253836663,1693226100913,7,3,4
7810,1693226100914,1692253836667,1692253836670,1693226100920,6,3,3
7811,1693226100921,1692253836675,1692253836678,1693226100928,7,3,4
7812,1693226100928,1692253836683,1692253836686,1693226100936,8,3,5
7813,1693226100936,1692253836690,1692253836693,1693226100943,7,3,4
7814,1693226100943,1692253836697,1692253836700,1693226100951,8,3,5
7815,1693226100951,1692253836705,1692253836708,1693226100958,7,3,4
7816,1693226100958,1692253836713,1692253836716,1693226100966,8,3,5
7817,1693226100966,1692253836721,1692253836725,1693226100975,9,4,5
7818,1693226100975,1692253836730,1692253836734,1693226100984,9,4,5
7819,1693226100984,1692253836738,1692253836741,1693226100991,7,3,4
7820,1693226100991,1692253836746,1692253836748,1693226100999,8,2,6
7821,1693226100999,1692253836753,1692253836756,1693226101006,7,3,4
7822,1693226101006,1692253836760,1692253836763,1693226101013,7,3,4
7823,1693226101013,1692253836768,1692253836772,1693226101021,8,4,4
7824,1693226101021,1692253836777,1692253836779,1693226101030,9,2,7
7825,1693226101030,1692253836790,1692253836793,1693226101043,13,3,10
7826,1693226101043,1692253836798,1692253836801,1693226101051,8,3,5
7827,1693226101051,1692253836806,1692253836809,1693226101059,8,3,5
7828,1693226101059,1692253836813,1692253836817,1693226101067,8,4,4
7829,1693226101067,1692253836822,1692253836825,1693226101075,8,3,5
7830,1693226101075,1692253836829,1692253836832,1693226101082,7,3,4
7831,1693226101082,1692253836836,1692253836840,1693226101091,9,4,5
7832,1693226101091,1692253836845,1692253836849,1693226101099,8,4,4
7833,1693226101099,1692253836853,1692253836856,1693226101106,7,3,4
7834,1693226101106,1692253836860,1692253836864,1693226101114,8,4,4
7835,1693226101114,1692253836868,1692253836872,1693226101122,8,4,4
7836,1693226101122,1692253836876,1692253836879,1693226101129,7,3,4
7837,1693226101129,1692253836884,1692253836887,1693226101137,8,3,5
7838,1693226101137,1692253836892,1692253836895,1693226101145,8,3,5
7839,1693226101145,1692253836899,1692253836903,1693226101153,8,4,4
7840,1693226101153,1692253836907,1692253836910,1693226101160,7,3,4
7841,1693226101160,1692253836915,1692253836918,1693226101168,8,3,5
7842,1693226101168,1692253836923,1692253836926,1693226101178,10,3,7
7843,1693226101178,1692253836932,1692253836935,1693226101185,7,3,4
7844,1693226101185,1692253836939,1692253836942,1693226101192,7,3,4
7845,1693226101192,1692253836946,1692253836950,1693226101200,8,4,4
7846,1693226101200,1692253836955,1692253836958,1693226101209,9,3,6
7847,1693226101209,1692253836963,1692253836966,1693226101216,7,3,4
7848,1693226101216,1692253836970,1692253836973,1693226101223,7,3,4
7849,1693226101223,1692253836978,1692253836982,1693226101232,9,4,5
7850,1693226101232,1692253836987,1692253836990,1693226101240,8,3,5
7851,1693226101240,1692253836995,1692253836998,1693226101248,8,3,5
7852,1693226101248,1692253837003,1692253837007,1693226101257,9,4,5
7853,1693226101257,1692253837012,1692253837015,1693226101265,8,3,5
7854,1693226101265,1692253837019,1692253837022,1693226101277,12,3,9
7855,1693226101277,1692253837033,1692253837036,1693226101286,9,3,6
7856,1693226101286,1692253837041,1692253837044,1693226101294,8,3,5
7857,1693226101294,1692253837049,1692253837052,1693226101302,8,3,5
7858,1693226101302,1692253837057,1692253837059,1693226101309,7,2,5
7859,1693226101309,1692253837064,1692253837067,1693226101317,8,3,5
7860,1693226101317,1692253837072,1692253837075,1693226101325,8,3,5
7861,1693226101325,1692253837080,1692253837083,1693226101333,8,3,5
7862,1693226101334,1692253837088,1692253837091,1693226101341,7,3,4
7863,1693226101341,1692253837096,1692253837099,1693226101349,8,3,5
7864,1693226101349,1692253837104,1692253837107,1693226101357,8,3,5
7865,1693226101357,1692253837112,1692253837116,1693226101367,10,4,6
7866,1693226101367,1692253837121,1692253837124,1693226101374,7,3,4
7867,1693226101374,1692253837130,1692253837133,1693226101384,10,3,7
7868,1693226101384,1692253837141,1692253837145,1693226101395,11,4,7
7869,1693226101395,1692253837150,1692253837153,1693226101403,8,3,5
7870,1693226101403,1692253837161,1692253837164,1693226101414,11,3,8
7871,1693226101415,1692253837169,1692253837172,1693226101422,7,3,4
7872,1693226101422,1692253837176,1692253837180,1693226101430,8,4,4
7873,1693226101430,1692253837184,1692253837187,1693226101437,7,3,4
7874,1693226101437,1692253837191,1692253837195,1693226101445,8,4,4
7875,1693226101445,1692253837199,1692253837203,1693226101453,8,4,4
7876,1693226101453,1692253837207,1692253837211,1693226101461,8,4,4
7877,1693226101461,1692253837215,1692253837219,1693226101469,8,4,4
7878,1693226101469,1692253837223,1692253837226,1693226101476,7,3,4
7879,1693226101476,1692253837230,1692253837233,1693226101485,9,3,6
7880,1693226101485,1692253837239,1692253837242,1693226101492,7,3,4
7881,1693226101492,1692253837247,1692253837251,1693226101501,9,4,5
7882,1693226101501,1692253837255,1692253837258,1693226101508,7,3,4
7883,1693226101508,1692253837265,1692253837268,1693226101518,10,3,7
7884,1693226101518,1692253837273,1692253837275,1693226101525,7,2,5
7885,1693226101525,1692253837279,1692253837283,1693226101533,8,4,4
7886,1693226101533,1692253837288,1692253837291,1693226101541,8,3,5
7887,1693226101541,1692253837296,1692253837299,1693226101549,8,3,5
7888,1693226101549,1692253837304,1692253837307,1693226101557,8,3,5
7889,1693226101557,1692253837311,1692253837314,1693226101565,8,3,5
7890,1693226101565,1692253837319,1692253837322,1693226101572,7,3,4
7891,1693226101572,1692253837326,1692253837329,1693226101579,7,3,4
7892,1693226101579,1692253837334,1692253837337,1693226101587,8,3,5
7893,1693226101587,1692253837341,1692253837344,1693226101594,7,3,4
7894,1693226101594,1692253837348,1692253837351,1693226101602,8,3,5
7895,1693226101602,1692253837356,1692253837360,1693226101610,8,4,4
7896,1693226101610,1692253837365,1692253837368,1693226101618,8,3,5
7897,1693226101618,1692253837373,1692253837376,1693226101626,8,3,5
7898,1693226101626,1692253837381,1692253837384,1693226101634,8,3,5
7899,1693226101634,1692253837388,1692253837391,1693226101641,7,3,4
7900,1693226101641,1692253837396,1692253837399,1693226101649,8,3,5
7901,1693226101649,1692253837403,1692253837407,1693226101657,8,4,4
7902,1693226101657,1692253837411,1692253837416,1693226101666,9,5,4
7903,1693226101666,1692253837421,1692253837424,1693226101674,8,3,5
7904,1693226101674,1692253837428,1692253837431,1693226101681,7,3,4
7905,1693226101681,1692253837436,1692253837439,1693226101690,9,3,6
7906,1693226101690,1692253837444,1692253837448,1693226101698,8,4,4
7907,1693226101698,1692253837453,1692253837456,1693226101706,8,3,5
7908,1693226101706,1692253837460,1692253837463,1693226101713,7,3,4
7909,1693226101713,1692253837467,1692253837471,1693226101720,7,4,3
7910,1693226101720,1692253837476,1692253837479,1693226101729,9,3,6
7911,1693226101729,1692253837483,1692253837486,1693226101736,7,3,4
7912,1693226101736,1692253837490,1692253837493,1693226101743,7,3,4
7913,1693226101744,1692253837498,1692253837502,1693226101752,8,4,4
7914,1693226101752,1692253837506,1692253837509,1693226101759,7,3,4
7915,1693226101759,1692253837513,1692253837516,1693226101766,7,3,4
7916,1693226101766,1692253837521,1692253837524,1693226101774,8,3,5
7917,1693226101774,1692253837528,1692253837532,1693226101782,8,4,4
7918,1693226101782,1692253837536,1692253837539,1693226101792,10,3,7
7919,1693226101792,1692253837546,1692253837550,1693226101800,8,4,4
7920,1693226101800,1692253837556,1692253837560,1693226101810,10,4,6
7921,1693226101810,1692253837564,1692253837568,1693226101818,8,4,4
7922,1693226101818,1692253837572,1692253837576,1693226101826,8,4,4
7923,1693226101826,1692253837581,1692253837584,1693226101834,8,3,5
7924,1693226101834,1692253837589,1692253837592,1693226101842,8,3,5
7925,1693226101842,1692253837596,1692253837599,1693226101849,7,3,4
7926,1693226101849,1692253837604,1692253837607,1693226101857,8,3,5
7927,1693226101857,1692253837612,1692253837616,1693226101866,9,4,5
7928,1693226101866,1692253837621,1692253837624,1693226101874,8,3,5
7929,1693226101874,1692253837629,1692253837632,1693226101882,8,3,5
7930,1693226101882,1692253837636,1692253837639,1693226101889,7,3,4
7931,1693226101889,1692253837643,1692253837646,1693226101896,7,3,4
7932,1693226101896,1692253837650,1692253837654,1693226101904,8,4,4
7933,1693226101904,1692253837667,1692253837670,1693226101920,16,3,13
7934,1693226101920,1692253837674,1692253837677,1693226101927,7,3,4
7935,1693226101927,1692253837682,1692253837685,1693226101935,8,3,5
7936,1693226101935,1692253837690,1692253837693,1693226101943,8,3,5
7937,1693226101943,1692253837698,1692253837702,1693226101952,9,4,5
7938,1693226101952,1692253837706,1692253837709,1693226101959,7,3,4
7939,1693226101959,1692253837714,1692253837718,1693226101968,9,4,5
7940,1693226101968,1692253837722,1692253837725,1693226101975,7,3,4
7941,1693226101976,1692253837730,1692253837733,1693226101984,8,3,5
7942,1693226101984,1692253837738,1692253837741,1693226101991,7,3,4
7943,1693226101991,1692253837746,1692253837749,1693226101999,8,3,5
7944,1693226101999,1692253837753,1692253837757,1693226102006,7,4,3
7945,1693226102007,1692253837760,1692253837763,1693226102013,6,3,3
7946,1693226102013,1692253837768,1692253837772,1693226102022,9,4,5
7947,1693226102022,1692253837777,1692253837780,1693226102030,8,3,5
7948,1693226102030,1692253837784,1692253837788,1693226102038,8,4,4
7949,1693226102038,1692253837792,1692253837795,1693226102045,7,3,4
7950,1693226102045,1692253837800,1692253837803,1693226102053,8,3,5
7951,1693226102053,1692253837807,1692253837811,1693226102061,8,4,4
7952,1693226102061,1692253837815,1692253837818,1693226102068,7,3,4
7953,1693226102068,1692253837823,1692253837826,1693226102076,8,3,5
7954,1693226102076,1692253837830,1692253837834,1693226102085,9,4,5
7955,1693226102085,1692253837840,1692253837843,1693226102093,8,3,5
7956,1693226102093,1692253837847,1692253837851,1693226102101,8,4,4
7957,1693226102101,1692253837856,1692253837858,1693226102108,7,2,5
7958,1693226102109,1692253837863,1692253837866,1693226102125,16,3,13
7959,1693226102125,1692253837879,1692253837882,1693226102132,7,3,4
7960,1693226102132,1692253837887,1692253837891,1693226102141,9,4,5
7961,1693226102141,1692253837895,1692253837897,1693226102148,7,2,5
7962,1693226102148,1692253837903,1692253837906,1693226102157,9,3,6
7963,1693226102157,1692253837911,1692253837915,1693226102164,7,4,3
7964,1693226102164,1692253837919,1692253837922,1693226102172,8,3,5
7965,1693226102172,1692253837926,1692253837929,1693226102179,7,3,4
7966,1693226102179,1692253837933,1692253837937,1693226102187,8,4,4
7967,1693226102187,1692253837942,1692253837945,1693226102195,8,3,5
7968,1693226102195,1692253837949,1692253837953,1693226102203,8,4,4
7969,1693226102203,1692253837957,1692253837960,1693226102211,8,3,5
7970,1693226102211,1692253837965,1692253837969,1693226102219,8,4,4
7971,1693226102219,1692253837973,1692253837976,1693226102226,7,3,4
7972,1693226102226,1692253837980,1692253837984,1693226102234,8,4,4
7973,1693226102234,1692253837991,1692253837994,1693226102244,10,3,7
7974,1693226102244,1692253837998,1692253838002,1693226102252,8,4,4
7975,1693226102252,1692253838006,1692253838010,1693226102260,8,4,4
7976,1693226102260,1692253838014,1692253838018,1693226102268,8,4,4
7977,1693226102268,1692253838023,1692253838026,1693226102276,8,3,5
7978,1693226102276,1692253838035,1692253838039,1693226102290,14,4,10
7979,1693226102290,1692253838045,1692253838048,1693226102299,9,3,6
7980,1693226102299,1692253838056,1692253838060,1693226102310,11,4,7
7981,1693226102310,1692253838064,1692253838068,1693226102318,8,4,4
7982,1693226102318,1692253838073,1692253838076,1693226102327,9,3,6
7983,1693226102327,1692253838081,1692253838084,1693226102334,7,3,4
7984,1693226102334,1692253838088,1692253838091,1693226102341,7,3,4
7985,1693226102342,1692253838096,1692253838099,1693226102349,7,3,4
7986,1693226102349,1692253838104,1692253838108,1693226102358,9,4,5
7987,1693226102358,1692253838112,1692253838116,1693226102366,8,4,4
7988,1693226102366,1692253838121,1692253838123,1693226102373,7,2,5
7989,1693226102373,1692253838127,1692253838130,1693226102380,7,3,4
7990,1693226102380,1692253838134,1692253838137,1693226102387,7,3,4
7991,1693226102387,1692253838141,1692253838144,1693226102393,6,3,3
7992,1693226102394,1692253838148,1692253838151,1693226102401,7,3,4
7993,1693226102401,1692253838155,1692253838158,1693226102408,7,3,4
7994,1693226102408,1692253838162,1692253838166,1693226102416,8,4,4
7995,1693226102416,1692253838170,1692253838173,1693226102423,7,3,4
7996,1693226102423,1692253838177,1692253838181,1693226102430,7,4,3
7997,1693226102430,1692253838184,1692253838188,1693226102438,8,4,4
7998,1693226102438,1692253838192,1692253838195,1693226102445,7,3,4
7999,1693226102445,1692253838199,1692253838202,1693226102452,7,3,4
8000,1693226102452,1692253838206,1692253838209,1693226102459,7,3,4
8001,1693226102459,1692253838214,1692253838216,1693226102466,7,2,5
8002,1693226102466,1692253838221,1692253838224,1693226102474,8,3,5
8003,1693226102474,1692253838228,1692253838231,1693226102481,7,3,4
8004,1693226102481,1692253838236,1692253838240,1693226102489,8,4,4
8005,1693226102489,1692253838243,1692253838246,1693226102496,7,3,4
8006,1693226102496,1692253838250,1692253838253,1693226102503,7,3,4
8007,1693226102503,1692253838257,1692253838260,1693226102510,7,3,4
8008,1693226102510,1692253838264,1692253838267,1693226102517,7,3,4
8009,1693226102517,1692253838272,1692253838275,1693226102525,8,3,5
8010,1693226102525,1692253838279,1692253838283,1693226102533,8,4,4
8011,1693226102533,1692253838286,1692253838289,1693226102540,7,3,4
8012,1693226102540,1692253838294,1692253838297,1693226102548,8,3,5
8013,1693226102548,1692253838302,1692253838306,1693226102556,8,4,4
8014,1693226102556,1692253838310,1692253838313,1693226102563,7,3,4
8015,1693226102563,1692253838317,1692253838320,1693226102571,8,3,5
8016,1693226102571,1692253838325,1692253838328,1693226102577,6,3,3
8017,1693226102577,1692253838332,1692253838335,1693226102585,8,3,5
8018,1693226102585,1692253838339,1692253838342,1693226102592,7,3,4
8019,1693226102592,1692253838347,1692253838350,1693226102600,8,3,5
8020,1693226102600,1692253838354,1692253838357,1693226102607,7,3,4
8021,1693226102607,1692253838363,1692253838367,1693226102616,9,4,5
8022,1693226102616,1692253838370,1692253838374,1693226102624,8,4,4
8023,1693226102624,1692253838379,1692253838382,1693226102632,8,3,5
8024,1693226102632,1692253838387,1692253838390,1693226102640,8,3,5
8025,1693226102640,1692253838394,1692253838397,1693226102647,7,3,4
8026,1693226102647,1692253838402,1692253838405,1693226102655,8,3,5
8027,1693226102655,1692253838409,1692253838411,1693226102661,6,2,4
8028,1693226102661,1692253838416,1692253838420,1693226102670,9,4,5
8029,1693226102670,1692253838424,1692253838428,1693226102678,8,4,4
8030,1693226102678,1692253838432,1692253838435,1693226102685,7,3,4
8031,1693226102685,1692253838440,1692253838443,1693226102693,8,3,5
8032,1693226102693,1692253838448,1692253838451,1693226102701,8,3,5
8033,1693226102701,1692253838455,1692253838459,1693226102709,8,4,4
8034,1693226102709,1692253838471,1692253838474,1693226102724,15,3,12
8035,1693226102724,1692253838479,1692253838482,1693226102732,8,3,5
8036,1693226102732,1692253838487,1692253838490,1693226102739,7,3,4
8037,1693226102739,1692253838494,1692253838497,1693226102747,8,3,5
8038,1693226102747,1692253838501,1692253838505,1693226102755,8,4,4
8039,1693226102755,1692253838510,1692253838513,1693226102763,8,3,5
8040,1693226102763,1692253838517,1692253838520,1693226102771,8,3,5
8041,1693226102771,1692253838525,1692253838529,1693226102778,7,4,3
8042,1693226102778,1692253838533,1692253838536,1693226102786,8,3,5
8043,1693226102786,1692253838549,1692253838552,1693226102803,17,3,14
8044,1693226102803,1692253838557,1692253838560,1693226102810,7,3,4
8045,1693226102810,1692253838570,1692253838574,1693226102824,14,4,10
8046,1693226102824,1692253838580,1692253838583,1693226102833,9,3,6
8047,1693226102833,1692253838588,1692253838592,1693226102842,9,4,5
8048,1693226102842,1692253838597,1692253838600,1693226102850,8,3,5
8049,1693226102850,1692253838604,1692253838607,1693226102857,7,3,4
8050,1693226102857,1692253838612,1692253838616,1693226102866,9,4,5
8051,1693226102866,1692253838621,1692253838624,1693226102874,8,3,5
8052,1693226102874,1692253838628,1692253838631,1693226102881,7,3,4
8053,1693226102881,1692253838635,1692253838639,1693226102889,8,4,4
8054,1693226102889,1692253838643,1692253838646,1693226102896,7,3,4
8055,1693226102897,1692253838651,1692253838654,1693226102904,7,3,4
8056,1693226102904,1692253838659,1692253838661,1693226102912,8,2,6
8057,1693226102912,1692253838666,1692253838669,1693226102919,7,3,4
8058,1693226102919,1692253838673,1692253838677,1693226102927,8,4,4
8059,1693226102927,1692253838681,1692253838684,1693226102935,8,3,5
8060,1693226102935,1692253838689,1692253838692,1693226102942,7,3,4
8061,1693226102942,1692253838696,1692253838700,1693226102950,8,4,4
8062,1693226102950,1692253838704,1692253838707,1693226102957,7,3,4
8063,1693226102957,1692253838711,1692253838714,1693226102965,8,3,5
8064,1693226102965,1692253838719,1692253838722,1693226102972,7,3,4
8065,1693226102972,1692253838726,1692253838729,1693226102979,7,3,4
8066,1693226102979,1692253838734,1692253838737,1693226102987,8,3,5
8067,1693226102987,1692253838740,1692253838744,1693226102994,7,4,3
8068,1693226102994,1692253838748,1692253838751,1693226103001,7,3,4
8069,1693226103001,1692253838756,1692253838759,1693226103009,8,3,5
8070,1693226103009,1692253838763,1692253838766,1693226103017,8,3,5
8071,1693226103017,1692253838773,1692253838777,1693226103027,10,4,6
8072,1693226103027,1692253838782,1692253838785,1693226103035,8,3,5
8073,1693226103035,1692253838789,1692253838792,1693226103042,7,3,4
8074,1693226103042,1692253838796,1692253838799,1693226103049,7,3,4
8075,1693226103049,1692253838803,1692253838806,1693226103056,7,3,4
8076,1693226103056,1692253838811,1692253838814,1693226103064,8,3,5
8077,1693226103064,1692253838819,1692253838821,1693226103071,7,2,5
8078,1693226103071,1692253838825,1692253838828,1693226103078,7,3,4
8079,1693226103078,1692253838833,1692253838836,1693226103086,8,3,5
8080,1693226103086,1692253838840,1692253838843,1693226103093,7,3,4
8081,1693226103093,1692253838848,1692253838851,1693226103101,8,3,5
8082,1693226103101,1692253838856,1692253838859,1693226103108,7,3,4
8083,1693226103108,1692253838862,1692253838866,1693226103116,8,4,4
8084,1693226103116,1692253838871,1692253838874,1693226103124,8,3,5
8085,1693226103124,1692253838878,1692253838880,1693226103131,7,2,5
8086,1693226103131,1692253838885,1692253838888,1693226103138,7,3,4
8087,1693226103139,1692253838893,1692253838897,1693226103147,8,4,4
8088,1693226103147,1692253838902,1692253838905,1693226103155,8,3,5
8089,1693226103155,1692253838909,1692253838913,1693226103163,8,4,4
8090,1693226103163,1692253838918,1692253838920,1693226103170,7,2,5
8091,1693226103170,1692253838925,1692253838927,1693226103177,7,2,5
8092,1693226103178,1692253838932,1692253838935,1693226103185,7,3,4
8093,1693226103185,1692253838939,1692253838942,1693226103192,7,3,4
8094,1693226103192,1692253838946,1692253838950,1693226103200,8,4,4
8095,1693226103200,1692253838955,1692253838958,1693226103208,8,3,5
8096,1693226103208,1692253838963,1692253838966,1693226103216,8,3,5
8097,1693226103216,1692253838971,1692253838975,1693226103226,10,4,6
8098,1693226103226,1692253838980,1692253838983,1693226103233,7,3,4
8099,1693226103233,1692253838987,1692253838990,1693226103241,8,3,5
8100,1693226103241,1692253838995,1692253838999,1693226103249,8,4,4
8101,1693226103249,1692253839004,1692253839007,1693226103257,8,3,5
8102,1693226103257,1692253839011,1692253839014,1693226103264,7,3,4
8103,1693226103264,1692253839019,1692253839021,1693226103271,7,2,5
8104,1693226103271,1692253839025,1692253839029,1693226103279,8,4,4
8105,1693226103279,1692253839033,1692253839036,1693226103289,10,3,7
8106,1693226103289,1692253839043,1692253839046,1693226103296,7,3,4
8107,1693226103296,1692253839050,1692253839053,1693226103303,7,3,4
8108,1693226103303,1692253839057,1692253839060,1693226103310,7,3,4
8109,1693226103311,1692253839065,1692253839068,1693226103318,7,3,4
8110,1693226103318,1692253839073,1692253839076,1693226103328,10,3,7
8111,1693226103328,1692253839082,1692253839085,1693226103335,7,3,4
8112,1693226103335,1692253839090,1692253839093,1693226103343,8,3,5
8113,1693226103343,1692253839098,1692253839101,1693226103351,8,3,5
8114,1693226103351,1692253839106,1692253839109,1693226103359,8,3,5
8115,1693226103359,1692253839114,1692253839117,1693226103367,8,3,5
8116,1693226103367,1692253839122,1692253839125,1693226103375,8,3,5
8117,1693226103375,1692253839129,1692253839132,1693226103382,7,3,4
8118,1693226103382,1692253839137,1692253839140,1693226103391,9,3,6
8119,1693226103391,1692253839145,1692253839149,1693226103399,8,4,4
8120,1693226103399,1692253839154,1692253839157,1693226103407,8,3,5
8121,1693226103408,1692253839162,1692253839164,1693226103415,7,2,5
8122,1693226103415,1692253839169,1692253839173,1693226103423,8,4,4
8123,1693226103423,1692253839177,1692253839182,1693226103432,9,5,4
8124,1693226103432,1692253839187,1692253839191,1693226103441,9,4,5
8125,1693226103441,1692253839195,1692253839199,1693226103449,8,4,4
8126,1693226103449,1692253839203,1692253839206,1693226103456,7,3,4
8127,1693226103456,1692253839212,1692253839215,1693226103465,9,3,6
8128,1693226103465,1692253839220,1692253839223,1693226103473,8,3,5
8129,1693226103473,1692253839228,1692253839231,1693226103481,8,3,5
8130,1693226103481,1692253839235,1692253839239,1693226103489,8,4,4
8131,1693226103489,1692253839244,1692253839248,1693226103498,9,4,5
8132,1693226103498,1692253839253,1692253839256,1693226103506,8,3,5
8133,1693226103506,1692253839261,1692253839264,1693226103514,8,3,5
8134,1693226103514,1692253839269,1692253839272,1693226103522,8,3,5
8135,1693226103522,1692253839276,1692253839282,1693226103533,11,6,5
8136,1693226103533,1692253839287,1692253839291,1693226103542,9,4,5
8137,1693226103542,1692253839296,1692253839300,1693226103550,8,4,4
8138,1693226103550,1692253839305,1692253839308,1693226103558,8,3,5
8139,1693226103558,1692253839313,1692253839316,1693226103566,8,3,5
8140,1693226103566,1692253839321,1692253839325,1693226103575,9,4,5
8141,1693226103575,1692253839329,1692253839332,1693226103582,7,3,4
8142,1693226103582,1692253839336,1692253839339,1693226103589,7,3,4
8143,1693226103589,1692253839344,1692253839347,1693226103597,8,3,5
8144,1693226103597,1692253839351,1692253839354,1693226103604,7,3,4
8145,1693226103604,1692253839359,1692253839362,1693226103612,8,3,5
8146,1693226103612,1692253839367,1692253839370,1693226103620,8,3,5
8147,1693226103620,1692253839375,1692253839378,1693226103628,8,3,5
8148,1693226103628,1692253839382,1692253839385,1693226103635,7,3,4
8149,1693226103635,1692253839389,1692253839392,1693226103642,7,3,4
8150,1693226103642,1692253839396,1692253839400,1693226103650,8,4,4
8151,1693226103650,1692253839404,1692253839407,1693226103657,7,3,4
8152,1693226103657,1692253839412,1692253839415,1693226103666,9,3,6
8153,1693226103666,1692253839420,1692253839424,1693226103674,8,4,4
8154,1693226103674,1692253839429,1692253839432,1693226103682,8,3,5
8155,1693226103682,1692253839436,1692253839440,1693226103690,8,4,4
8156,1693226103690,1692253839444,1692253839447,1693226103697,7,3,4
8157,1693226103697,1692253839452,1692253839455,1693226103705,8,3,5
8158,1693226103705,1692253839462,1692253839466,1693226103716,11,4,7
8159,1693226103716,1692253839470,1692253839474,1693226103724,8,4,4
8160,1693226103724,1692253839478,1692253839481,1693226103731,7,3,4
8161,1693226103731,1692253839486,1692253839489,1693226103739,8,3,5
8162,1693226103739,1692253839494,1692253839496,1693226103746,7,2,5
8163,1693226103746,1692253839501,1692253839504,1693226103754,8,3,5
8164,1693226103754,1692253839509,1692253839512,1693226103762,8,3,5
8165,1693226103762,1692253839516,1692253839519,1693226103769,7,3,4
8166,1693226103769,1692253839524,1692253839528,1693226103777,8,4,4
8167,1693226103778,1692253839531,1692253839535,1693226103785,7,4,3
8168,1693226103785,1692253839539,1692253839542,1693226103792,7,3,4
8169,1693226103792,1692253839546,1692253839550,1693226103800,8,4,4
8170,1693226103800,1692253839555,1692253839559,1693226103809,9,4,5
8171,1693226103809,1692253839563,1692253839566,1693226103816,7,3,4
8172,1693226103816,1692253839571,1692253839573,1693226103823,7,2,5
8173,1693226103823,1692253839577,1692253839581,1693226103831,8,4,4
8174,1693226103831,1692253839586,1692253839589,1693226103840,9,3,6
8175,1693226103840,1692253839594,1692253839597,1693226103847,7,3,4
8176,1693226103847,1692253839601,1692253839605,1693226103855,8,4,4
8177,1693226103855,1692253839610,1692253839613,1693226103863,8,3,5
8178,1693226103863,1692253839617,1692253839620,1693226103871,8,3,5
8179,1693226103871,1692253839625,1692253839629,1693226103879,8,4,4
8180,1693226103879,1692253839633,1692253839636,1693226103886,7,3,4
8181,1693226103886,1692253839640,1692253839643,1693226103893,7,3,4
8182,1693226103893,1692253839648,1692253839651,1693226103902,9,3,6
8183,1693226103902,1692253839657,1692253839660,1693226103910,8,3,5
8184,1693226103910,1692253839664,1692253839667,1693226103917,7,3,4
8185,1693226103917,1692253839671,1692253839674,1693226103924,7,3,4
8186,1693226103924,1692253839679,1692253839681,1693226103931,7,2,5
8187,1693226103932,1692253839686,1692253839688,1693226103938,6,2,4
8188,1693226103939,1692253839695,1692253839699,1693226103949,10,4,6
8189,1693226103949,1692253839704,1692253839707,1693226103957,8,3,5
8190,1693226103957,1692253839712,1692253839715,1693226103965,8,3,5
8191,1693226103965,1692253839720,1692253839723,1693226103973,8,3,5
8192,1693226103974,1692253839728,1692253839731,1693226103981,7,3,4
8193,1693226103981,1692253839735,1692253839738,1693226103988,7,3,4
8194,1693226103988,1692253839743,1692253839746,1693226103996,8,3,5
8195,1693226103996,1692253839751,1692253839755,1693226104005,9,4,5
8196,1693226104005,1692253839759,1692253839763,1693226104013,8,4,4
8197,1693226104013,1692253839768,1692253839772,1693226104022,9,4,5
8198,1693226104022,1692253839776,1692253839779,1693226104029,7,3,4
8199,1693226104029,1692253839784,1692253839787,1693226104037,8,3,5
8200,1693226104037,1692253839792,1692253839795,1693226104045,8,3,5
8201,1693226104045,1692253839800,1692253839804,1693226104054,9,4,5
8202,1693226104054,1692253839809,1692253839812,1693226104062,8,3,5
8203,1693226104062,1692253839816,1692253839819,1693226104070,8,3,5
8204,1693226104070,1692253839829,1692253839833,1693226104083,13,4,9
8205,1693226104083,1692253839838,1692253839841,1693226104091,8,3,5
8206,1693226104091,1692253839850,1692253839853,1693226104103,12,3,9
8207,1693226104103,1692253839857,1692253839860,1693226104110,7,3,4
8208,1693226104110,1692253839864,1692253839867,1693226104117,7,3,4
8209,1693226104117,1692253839872,1692253839875,1693226104125,8,3,5
8210,1693226104125,1692253839879,1692253839883,1693226104132,7,4,3
8211,1693226104132,1692253839886,1692253839889,1693226104139,7,3,4
8212,1693226104139,1692253839894,1692253839896,1693226104147,8,2,6
8213,1693226104147,1692253839901,1692253839905,1693226104155,8,4,4
8214,1693226104155,1692253839909,1692253839912,1693226104162,7,3,4
8215,1693226104162,1692253839916,1692253839921,1693226104170,8,5,3
8216,1693226104170,1692253839925,1692253839928,1693226104178,8,3,5
8217,1693226104178,1692253839933,1692253839936,1693226104186,8,3,5
8218,1693226104186,1692253839940,1692253839943,1693226104193,7,3,4
8219,1693226104193,1692253839947,1692253839951,1693226104201,8,4,4
8220,1693226104201,1692253839955,1692253839958,1693226104209,8,3,5
8221,1693226104209,1692253839963,1692253839966,1693226104217,8,3,5
8222,1693226104217,1692253839971,1692253839975,1693226104225,8,4,4
8223,1693226104225,1692253839980,1692253839983,1693226104233,8,3,5
8224,1693226104233,1692253839987,1692253839990,1693226104240,7,3,4
8225,1693226104240,1692253839996,1692253839999,1693226104249,9,3,6
8226,1693226104249,1692253840004,1692253840008,1693226104257,8,4,4
8227,1693226104257,1692253840011,1692253840014,1693226104264,7,3,4
8228,1693226104264,1692253840019,1692253840021,1693226104271,7,2,5
8229,1693226104271,1692253840026,1692253840029,1693226104279,8,3,5
8230,1693226104279,1692253840034,1692253840037,1693226104287,8,3,5
8231,1693226104287,1692253840047,1692253840050,1693226104300,13,3,10
8232,1693226104300,1692253840054,1692253840057,1693226104307,7,3,4
8233,1693226104307,1692253840061,1692253840065,1693226104315,8,4,4
8234,1693226104315,1692253840071,1692253840075,1693226104325,10,4,6
8235,1693226104325,1692253840080,1692253840083,1693226104333,8,3,5
8236,1693226104333,1692253840087,1692253840091,1693226104341,8,4,4
8237,1693226104341,1692253840095,1692253840098,1693226104348,7,3,4
8238,1693226104349,1692253840104,1692253840107,1693226104357,8,3,5
8239,1693226104357,1692253840111,1692253840114,1693226104365,8,3,5
8240,1693226104365,1692253840119,1692253840121,1693226104371,6,2,4
8241,1693226104372,1692253840126,1692253840129,1693226104379,7,3,4
8242,1693226104379,1692253840132,1692253840136,1693226104386,7,4,3
8243,1693226104386,1692253840140,1692253840143,1693226104393,7,3,4
8244,1693226104393,1692253840148,1692253840153,1693226104403,10,5,5
8245,1693226104403,1692253840158,1692253840161,1693226104411,8,3,5
8246,1693226104411,1692253840166,1692253840169,1693226104419,8,3,5
8247,1693226104419,1692253840173,1692253840176,1693226104426,7,3,4
8248,1693226104426,1692253840180,1692253840183,1693226104433,7,3,4
8249,1693226104433,1692253840187,1692253840191,1693226104441,8,4,4
8250,1693226104441,1692253840195,1692253840198,1693226104448,7,3,4
8251,1693226104448,1692253840203,1692253840205,1693226104455,7,2,5
8252,1693226104455,1692253840209,1692253840213,1693226104463,8,4,4
8253,1693226104463,1692253840217,1692253840220,1693226104470,7,3,4
8254,1693226104470,1692253840225,1692253840228,1693226104477,7,3,4
8255,1693226104477,1692253840232,1692253840235,1693226104485,8,3,5
8256,1693226104485,1692253840240,1692253840243,1693226104493,8,3,5
8257,1693226104493,1692253840248,1692253840251,1693226104501,8,3,5
8258,1693226104501,1692253840256,1692253840259,1693226104509,8,3,5
8259,1693226104509,1692253840263,1692253840266,1693226104516,7,3,4
8260,1693226104516,1692253840270,1692253840273,1693226104523,7,3,4
8261,1693226104523,1692253840277,1692253840280,1693226104530,7,3,4
8262,1693226104530,1692253840284,1692253840288,1693226104538,8,4,4
8263,1693226104538,1692253840293,1692253840297,1693226104547,9,4,5
8264,1693226104547,1692253840301,1692253840303,1693226104553,6,2,4
8265,1693226104553,1692253840310,1692253840313,1693226104563,10,3,7
8266,1693226104563,1692253840318,1692253840321,1693226104572,9,3,6
8267,1693226104572,1692253840327,1692253840329,1693226104579,7,2,5
8268,1693226104579,1692253840334,1692253840339,1693226104589,10,5,5
8269,1693226104589,1692253840344,1692253840347,1693226104597,8,3,5
8270,1693226104597,1692253840352,1692253840355,1693226104605,8,3,5
8271,1693226104605,1692253840359,1692253840362,1693226104613,8,3,5
8272,1693226104613,1692253840367,1692253840370,1693226104620,7,3,4
8273,1693226104620,1692253840374,1692253840378,1693226104628,8,4,4
8274,1693226104628,1692253840382,1692253840385,1693226104635,7,3,4
8275,1693226104635,1692253840390,1692253840392,1693226104642,7,2,5
8276,1693226104642,1692253840397,1692253840401,1693226104651,9,4,5
8277,1693226104651,1692253840405,1692253840409,1693226104659,8,4,4
8278,1693226104659,1692253840414,1692253840416,1693226104667,8,2,6
8279,1693226104667,1692253840421,1692253840424,1693226104674,7,3,4
8280,1693226104674,1692253840428,1692253840432,1693226104682,8,4,4
8281,1693226104682,1692253840436,1692253840439,1693226104689,7,3,4
8282,1693226104689,1692253840444,1692253840447,1693226104697,8,3,5
8283,1693226104697,1692253840451,1692253840454,1693226104704,7,3,4
8284,1693226104704,1692253840459,1692253840462,1693226104712,8,3,5
8285,1693226104712,1692253840466,1692253840469,1693226104719,7,3,4
8286,1693226104719,1692253840473,1692253840476,1693226104727,8,3,5
8287,1693226104727,1692253840481,1692253840484,1693226104735,8,3,5
8288,1693226104735,1692253840489,1692253840492,1693226104742,7,3,4
8289,1693226104742,1692253840496,1692253840500,1693226104749,7,4,3
8290,1693226104749,1692253840504,1692253840507,1693226104756,7,3,4
8291,1693226104757,1692253840514,1692253840517,1693226104767,10,3,7
8292,1693226104767,1692253840521,1692253840524,1693226104774,7,3,4
8293,1693226104774,1692253840529,1692253840532,1693226104782,8,3,5
8294,1693226104782,1692253840537,1692253840540,1693226104790,8,3,5
8295,1693226104790,1692253840544,1692253840548,1693226104798,8,4,4
8296,1693226104798,1692253840552,1692253840556,1693226104806,8,4,4
8297,1693226104806,1692253840560,1692253840563,1693226104813,7,3,4
8298,1693226104813,1692253840568,1692253840571,1693226104821,8,3,5
8299,1693226104821,1692253840576,1692253840579,1693226104829,8,3,5
8300,1693226104829,1692253840583,1692253840586,1693226104836,7,3,4
8301,1693226104836,1692253840591,1692253840594,1693226104844,8,3,5
8302,1693226104844,1692253840598,1692253840601,1693226104852,8,3,5
8303,1693226104852,1692253840606,1692253840608,1693226104858,6,2,4
8304,1693226104858,1692253840612,1692253840616,1693226104866,8,4,4
8305,1693226104866,1692253840620,1692253840625,1693226104875,9,5,4
8306,1693226104875,1692253840629,1692253840633,1693226104883,8,4,4
8307,1693226104883,1692253840638,1692253840641,1693226104891,8,3,5
8308,1693226104891,1692253840645,1692253840649,1693226104899,8,4,4
8309,1693226104899,1692253840654,1692253840656,1693226104907,8,2,6
8310,1693226104907,1692253840661,1692253840664,1693226104914,7,3,4
8311,1693226104914,1692253840668,1692253840671,1693226104921,7,3,4
8312,1693226104921,1692253840676,1692253840679,1693226104929,8,3,5
8313,1693226104929,1692253840684,1692253840687,1693226104937,8,3,5
8314,1693226104937,1692253840692,1692253840696,1693226104946,9,4,5
8315,1693226104946,1692253840700,1692253840703,1693226104953,7,3,4
8316,1693226104953,1692253840707,1692253840710,1693226104960,7,3,4
8317,1693226104960,1692253840714,1692253840718,1693226104968,8,4,4
8318,1693226104968,1692253840722,1692253840724,1693226104975,7,2,5
8319,1693226104975,1692253840729,1692253840733,1693226104983,8,4,4
8320,1693226104983,1692253840737,1692253840740,1693226104990,7,3,4
8321,1693226104990,1692253840744,1692253840747,1693226104997,7,3,4
8322,1693226104997,1692253840752,1692253840755,1693226105005,8,3,5
8323,1693226105005,1692253840760,1692253840762,1693226105012,7,2,5
8324,1693226105012,1692253840767,1692253840770,1693226105020,8,3,5
8325,1693226105020,1692253840775,1692253840778,1693226105028,8,3,5
8326,1693226105028,1692253840786,1692253840789,1693226105039,11,3,8
8327,1693226105039,1692253840793,1692253840797,1693226105047,8,4,4
8328,1693226105047,1692253840801,1692253840804,1693226105054,7,3,4
8329,1693226105055,1692253840809,1692253840812,1693226105062,7,3,4
8330,1693226105062,1692253840816,1692253840820,1693226105070,8,4,4
8331,1693226105070,1692253840824,1692253840829,1693226105079,9,5,4
8332,1693226105079,1692253840833,1692253840837,1693226105087,8,4,4
8333,1693226105087,1692253840841,1692253840845,1693226105094,7,4,3
8334,1693226105094,1692253840849,1692253840853,1693226105103,9,4,5
8335,1693226105103,1692253840857,1692253840859,1693226105109,6,2,4
8336,1693226105109,1692253840864,1692253840867,1693226105117,8,3,5
8337,1693226105117,1692253840871,1692253840874,1693226105124,7,3,4
8338,1693226105124,1692253840878,1692253840881,1693226105131,7,3,4
8339,1693226105131,1692253840886,1692253840889,1693226105139,8,3,5
8340,1693226105139,1692253840894,1692253840897,1693226105147,8,3,5
8341,1693226105147,1692253840901,1692253840906,1693226105155,8,5,3
8342,1693226105155,1692253840909,1692253840912,1693226105162,7,3,4
8343,1693226105162,1692253840917,1692253840920,1693226105171,9,3,6
8344,1693226105171,1692253840925,1692253840929,1693226105179,8,4,4
8345,1693226105179,1692253840934,1692253840936,1693226105186,7,2,5
8346,1693226105186,1692253840941,1692253840945,1693226105194,8,4,4
8347,1693226105194,1692253840948,1692253840952,1693226105202,8,4,4
8348,1693226105202,1692253840956,1692253840960,1693226105210,8,4,4
8349,1693226105210,1692253840964,1692253840967,1693226105217,7,3,4
8350,1693226105217,1692253840971,1692253840975,1693226105224,7,4,3
8351,1693226105224,1692253840979,1692253840981,1693226105231,7,2,5
8352,1693226105231,1692253840987,1692253840990,1693226105240,9,3,6
8353,1693226105240,1692253840994,1692253840997,1693226105247,7,3,4
8354,1693226105247,1692253841002,1692253841005,1693226105255,8,3,5
8355,1693226105255,1692253841010,1692253841012,1693226105262,7,2,5
8356,1693226105262,1692253841017,1692253841021,1693226105273,11,4,7
8357,1693226105273,1692253841027,1692253841030,1693226105280,7,3,4
8358,1693226105280,1692253841034,1692253841037,1693226105289,9,3,6
8359,1693226105289,1692253841043,1692253841047,1693226105301,12,4,8
8360,1693226105301,1692253841056,1692253841059,1693226105310,9,3,6
8361,1693226105310,1692253841064,1692253841068,1693226105318,8,4,4
8362,1693226105318,1692253841072,1692253841075,1693226105325,7,3,4
8363,1693226105325,1692253841079,1692253841083,1693226105333,8,4,4
8364,1693226105333,1692253841088,1692253841092,1693226105341,8,4,4
8365,1693226105341,1692253841095,1692253841098,1693226105349,8,3,5
8366,1693226105349,1692253841111,1692253841114,1693226105364,15,3,12
8367,1693226105364,1692253841118,1692253841121,1693226105371,7,3,4
8368,1693226105371,1692253841132,1692253841135,1693226105385,14,3,11
8369,1693226105385,1692253841139,1692253841142,1693226105392,7,3,4
8370,1693226105392,1692253841147,1692253841150,1693226105400,8,3,5
8371,1693226105400,1692253841154,1692253841157,1693226105408,8,3,5
8372,1693226105408,1692253841164,1692253841167,1693226105417,9,3,6
8373,1693226105417,1692253841172,1692253841175,1693226105425,8,3,5
8374,1693226105425,1692253841179,1692253841182,1693226105432,7,3,4
8375,1693226105432,1692253841186,1692253841189,1693226105439,7,3,4
8376,1693226105439,1692253841193,1692253841197,1693226105447,8,4,4
8377,1693226105447,1692253841201,1692253841208,1693226105458,11,7,4
8378,1693226105458,1692253841212,1692253841215,1693226105465,7,3,4
8379,1693226105465,1692253841220,1692253841223,1693226105473,8,3,5
8380,1693226105473,1692253841227,1692253841230,1693226105481,8,3,5
8381,1693226105481,1692253841235,1692253841238,1693226105488,7,3,4
8382,1693226105488,1692253841242,1692253841245,1693226105495,7,3,4
8383,1693226105495,1692253841250,1692253841253,1693226105503,8,3,5
8384,1693226105503,1692253841258,1692253841261,1693226105511,8,3,5
8385,1693226105511,1692253841266,1692253841270,1693226105520,9,4,5
8386,1693226105520,1692253841275,1692253841278,1693226105528,8,3,5
8387,1693226105528,1692253841282,1692253841286,1693226105536,8,4,4
8388,1693226105536,1692253841291,1692253841294,1693226105544,8,3,5
8389,1693226105544,1692253841299,1692253841302,1693226105552,8,3,5
8390,1693226105553,1692253841307,1692253841311,1693226105561,8,4,4
8391,1693226105561,1692253841316,1692253841320,1693226105569,8,4,4
8392,1693226105569,1692253841324,1692253841327,1693226105577,8,3,5
8393,1693226105577,1692253841333,1692253841337,1693226105587,10,4,6
8394,1693226105587,1692253841341,1692253841345,1693226105595,8,4,4
8395,1693226105595,1692253841349,1692253841352,1693226105602,7,3,4
8396,1693226105602,1692253841357,1692253841360,1693226105610,8,3,5
8397,1693226105610,1692253841365,1692253841368,1693226105619,9,3,6
8398,1693226105619,1692253841374,1692253841377,1693226105627,8,3,5
8399,1693226105627,1692253841382,1692253841385,1693226105635,8,3,5
8400,1693226105635,1692253841390,1692253841393,1693226105643,8,3,5
8401,1693226105643,1692253841398,1692253841402,1693226105653,10,4,6
8402,1693226105653,1692253841407,1692253841410,1693226105661,8,3,5
8403,1693226105661,1692253841415,1692253841418,1693226105668,7,3,4
8404,1693226105668,1692253841423,1692253841427,1693226105677,9,4,5
8405,1693226105677,1692253841435,1692253841439,1693226105689,12,4,8
8406,1693226105689,1692253841444,1692253841448,1693226105699,10,4,6
8407,1693226105699,1692253841453,1692253841456,1693226105707,8,3,5
8408,1693226105707,1692253841461,1692253841465,1693226105715,8,4,4
8409,1693226105715,1692253841470,1692253841473,1693226105723,8,3,5
8410,1693226105723,1692253841477,1692253841481,1693226105731,8,4,4
8411,1693226105731,1692253841485,1692253841489,1693226105739,8,4,4
8412,1693226105739,1692253841493,1692253841496,1693226105746,7,3,4
8413,1693226105746,1692253841501,1692253841505,1693226105755,9,4,5
8414,1693226105755,1692253841509,1692253841514,1693226105764,9,5,4
8415,1693226105764,1692253841519,1692253841522,1693226105771,7,3,4
8416,1693226105771,1692253841525,1692253841529,1693226105779,8,4,4
8417,1693226105779,1692253841533,1692253841537,1693226105787,8,4,4
8418,1693226105787,1692253841542,1692253841545,1693226105795,8,3,5
8419,1693226105795,1692253841550,1692253841553,1693226105803,8,3,5
8420,1693226105803,1692253841558,1692253841561,1693226105811,8,3,5
8421,1693226105811,1692253841566,1692253841569,1693226105819,8,3,5
8422,1693226105819,1692253841573,1692253841577,1693226105827,8,4,4
8423,1693226105827,1692253841581,1692253841585,1693226105834,7,4,3
8424,1693226105835,1692253841588,1692253841591,1693226105841,6,3,3
8425,1693226105841,1692253841595,1692253841599,1693226105849,8,4,4
8426,1693226105849,1692253841603,1692253841606,1693226105856,7,3,4
8427,1693226105856,1692253841610,1692253841613,1693226105863,7,3,4
8428,1693226105863,1692253841618,1692253841621,1693226105871,8,3,5
8429,1693226105871,1692253841626,1692253841628,1693226105879,8,2,6
8430,1693226105879,1692253841633,1692253841636,1693226105890,11,3,8
8431,1693226105890,1692253841649,1692253841652,1693226105910,20,3,17
8432,1693226105910,1692253841665,1692253841668,1693226105991,81,3,78
8433,1693226105991,1692253841746,1692253841750,1693226106000,9,4,5
8434,1693226106000,1692253841754,1692253841757,1693226106007,7,3,4
8435,1693226106007,1692253841761,1692253841764,1693226106014,7,3,4
8436,1693226106014,1692253841770,1692253841773,1693226106023,9,3,6
8437,1693226106023,1692253841778,1692253841780,1693226106030,7,2,5
8438,1693226106030,1692253841784,1692253841788,1693226106038,8,4,4
8439,1693226106038,1692253841792,1692253841795,1693226106045,7,3,4
8440,1693226106045,1692253841799,1692253841803,1693226106053,8,4,4
8441,1693226106053,1692253841807,1692253841810,1693226106060,7,3,4
8442,1693226106060,1692253841815,1692253841819,1693226106069,9,4,5
8443,1693226106069,1692253841823,1692253841827,1693226106077,8,4,4
8444,1693226106077,1692253841831,1692253841835,1693226106085,8,4,4
8445,1693226106085,1692253841839,1692253841842,1693226106092,7,3,4
8446,1693226106092,1692253841846,1692253841849,1693226106099,7,3,4
8447,1693226106099,1692253841853,1692253841856,1693226106108,9,3,6
8448,1693226106109,1692253841863,1692253841866,1693226106116,7,3,4
8449,1693226106116,1692253841870,1692253841874,1693226106124,8,4,4
8450,1693226106124,1692253841878,1692253841881,1693226106131,7,3,4
8451,1693226106131,1692253841886,1692253841891,1693226106141,10,5,5
8452,1693226106141,1692253841896,1692253841899,1693226106149,8,3,5
8453,1693226106149,1692253841904,1692253841907,1693226106157,8,3,5
8454,1693226106157,1692253841911,1692253841915,1693226106165,8,4,4
8455,1693226106165,1692253841919,1692253841923,1693226106173,8,4,4
8456,1693226106173,1692253841927,1692253841931,1693226106181,8,4,4
8457,1693226106181,1692253841935,1692253841938,1693226106188,7,3,4
8458,1693226106188,1692253841943,1692253841947,1693226106197,9,4,5
8459,1693226106197,1692253841951,1692253841954,1693226106204,7,3,4
8460,1693226106204,1692253841959,1692253841962,1693226106212,8,3,5
8461,1693226106212,1692253841966,1692253841969,1693226106220,8,3,5
8462,1693226106220,1692253841974,1692253841978,1693226106228,8,4,4
8463,1693226106228,1692253841983,1692253841986,1693226106236,8,3,5
8464,1693226106236,1692253841990,1692253841993,1693226106243,7,3,4
8465,1693226106243,1692253841997,1692253842000,1693226106250,7,3,4
8466,1693226106250,1692253842004,1692253842008,1693226106258,8,4,4
8467,1693226106258,1692253842012,1692253842015,1693226106265,7,3,4
8468,1693226106265,1692253842021,1692253842024,1693226106274,9,3,6
8469,1693226106274,1692253842028,1692253842031,1693226106281,7,3,4
8470,1693226106281,1692253842038,1692253842041,1693226106291,10,3,7
8471,1693226106291,1692253842045,1692253842048,1693226106298,7,3,4
8472,1693226106298,1692253842052,1692253842055,1693226106307,9,3,6
8473,1693226106307,1692253842062,1692253842065,1693226106315,8,3,5
8474,1693226106315,1692253842069,1692253842072,1693226106322,7,3,4
8475,1693226106322,1692253842076,1692253842079,1693226106329,7,3,4
8476,1693226106329,1692253842084,1692253842087,1693226106337,8,3,5
8477,1693226106337,1692253842091,1692253842095,1693226106345,8,4,4
8478,1693226106345,1692253842099,1692253842102,1693226106352,7,3,4
8479,1693226106352,1692253842107,1692253842111,1693226106361,9,4,5
8480,1693226106361,1692253842115,1692253842118,1693226106368,7,3,4
8481,1693226106368,1692253842123,1692253842126,1693226106376,8,3,5
8482,1693226106376,1692253842130,1692253842134,1693226106384,8,4,4
8483,1693226106384,1692253842138,1692253842141,1693226106391,7,3,4
8484,1693226106391,1692253842146,1692253842150,1693226106400,9,4,5
8485,1693226106400,1692253842154,1692253842157,1693226106407,7,3,4
8486,1693226106407,1692253842164,1692253842168,1693226106418,11,4,7
8487,1693226106418,1692253842172,1692253842175,1693226106425,7,3,4
8488,1693226106425,1692253842182,1692253842187,1693226106437,12,5,7
8489,1693226106437,1692253842191,1692253842194,1693226106444,7,3,4
8490,1693226106444,1692253842199,1692253842203,1693226106453,9,4,5
8491,1693226106453,1692253842207,1692253842210,1693226106460,7,3,4
8492,1693226106460,1692253842215,1692253842218,1693226106468,8,3,5
8493,1693226106468,1692253842223,1692253842226,1693226106476,8,3,5
8494,1693226106477,1692253842231,1692253842234,1693226106484,7,3,4
8495,1693226106484,1692253842240,1692253842244,1693226106494,10,4,6
8496,1693226106494,1692253842249,1692253842251,1693226106502,8,2,6
8497,1693226106502,1692253842257,1692253842260,1693226106510,8,3,5
8498,1693226106510,1692253842265,1692253842268,1693226106518,8,3,5
8499,1693226106518,1692253842272,1692253842276,1693226106526,8,4,4
8500,1693226106526,1692253842280,1692253842284,1693226106534,8,4,4
8501,1693226106534,1692253842289,1692253842292,1693226106541,7,3,4
8502,1693226106541,1692253842296,1692253842299,1693226106549,8,3,5
8503,1693226106549,1692253842304,1692253842307,1693226106557,8,3,5
8504,1693226106557,1692253842311,1692253842314,1693226106564,7,3,4
8505,1693226106564,1692253842319,1692253842322,1693226106572,8,3,5
8506,1693226106572,1692253842326,1692253842328,1693226106578,6,2,4
8507,1693226106578,1692253842333,1692253842336,1693226106586,8,3,5
8508,1693226106586,1692253842340,1692253842344,1693226106594,8,4,4
8509,1693226106594,1692253842349,1692253842353,1693226106604,10,4,6
8510,1693226106604,1692253842359,1692253842362,1693226106612,8,3,5
8511,1693226106612,1692253842367,1692253842370,1693226106620,8,3,5
8512,1693226106620,1692253842375,1692253842378,1693226106628,8,3,5
8513,1693226106628,1692253842392,1692253842395,1693226106644,16,3,13
8514,1693226106644,1692253842399,1692253842403,1693226106653,9,4,5
8515,1693226106653,1692253842413,1692253842417,1693226106667,14,4,10
8516,1693226106667,1692253842422,1692253842425,1693226106675,8,3,5
8517,1693226106675,1692253842430,1692253842434,1693226106683,8,4,4
8518,1693226106683,1692253842438,1692253842440,1693226106690,7,2,5
8519,1693226106690,1692253842444,1692253842447,1693226106697,7,3,4
8520,1693226106697,1692253842452,1692253842454,1693226106707,10,2,8
8521,1693226106707,1692253842461,1692253842465,1693226106715,8,4,4
8522,1693226106715,1692253842471,1692253842474,1693226106724,9,3,6
8523,1693226106724,1692253842478,1692253842481,1693226106731,7,3,4
8524,1693226106731,1692253842486,1692253842489,1693226106739,8,3,5
8525,1693226106739,1692253842494,1692253842499,1693226106749,10,5,5
8526,1693226106749,1692253842503,1692253842507,1693226106757,8,4,4
8527,1693226106757,1692253842512,1692253842516,1693226106765,8,4,4
8528,1693226106765,1692253842519,1692253842523,1693226106773,8,4,4
8529,1693226106773,1692253842527,1692253842530,1693226106780,7,3,4
8530,1693226106780,1692253842535,1692253842538,1693226106788,8,3,5
8531,1693226106788,1692253842542,1692253842545,1693226106795,7,3,4
8532,1693226106795,1692253842549,1692253842552,1693226106802,7,3,4
8533,1693226106802,1692253842557,1692253842560,1693226106811,9,3,6
8534,1693226106811,1692253842565,1692253842568,1693226106818,7,3,4
8535,1693226106818,1692253842572,1692253842575,1693226106826,8,3,5
8536,1693226106826,1692253842580,1692253842584,1693226106834,8,4,4
8537,1693226106834,1692253842588,1692253842592,1693226106843,9,4,5
8538,1693226106843,1692253842597,1692253842601,1693226106851,8,4,4
8539,1693226106851,1692253842606,1692253842608,1693226106858,7,2,5
8540,1693226106858,1692253842612,1692253842616,1693226106866,8,4,4
8541,1693226106866,1692253842621,1692253842624,1693226106874,8,3,5
8542,1693226106874,1692253842629,1692253842632,1693226106882,8,3,5
8543,1693226106882,1692253842637,1692253842640,1693226106890,8,3,5
8544,1693226106890,1692253842644,1692253842647,1693226106897,7,3,4
8545,1693226106897,1692253842651,1692253842654,1693226106904,7,3,4
8546,1693226106904,1692253842659,1692253842662,1693226106912,8,3,5
8547,1693226106912,1692253842667,1692253842671,1693226106920,8,4,4
8548,1693226106921,1692253842675,1692253842678,1693226106928,7,3,4
8549,1693226106928,1692253842682,1692253842685,1693226106935,7,3,4
8550,1693226106935,1692253842690,1692253842692,1693226106942,7,2,5
8551,1693226106942,1692253842696,1692253842699,1693226106949,7,3,4
8552,1693226106949,1692253842704,1692253842707,1693226106957,8,3,5
8553,1693226106957,1692253842712,1692253842715,1693226106967,10,3,7
8554,1693226106967,1692253842721,1692253842724,1693226106974,7,3,4
8555,1693226106974,1692253842728,1692253842732,1693226106982,8,4,4
8556,1693226106982,1692253842736,1692253842739,1693226106989,7,3,4
8557,1693226106989,1692253842744,1692253842747,1693226106997,8,3,5
8558,1693226106997,1692253842752,1692253842755,1693226107004,7,3,4
8559,1693226107005,1692253842759,1692253842762,1693226107014,9,3,6
8560,1693226107014,1692253842769,1692253842772,1693226107022,8,3,5
8561,1693226107022,1692253842776,1692253842780,1693226107030,8,4,4
8562,1693226107030,1692253842785,1692253842789,1693226107039,9,4,5
8563,1693226107039,1692253842794,1692253842797,1693226107047,8,3,5
8564,1693226107047,1692253842801,1692253842805,1693226107055,8,4,4
8565,1693226107055,1692253842809,1692253842812,1693226107063,8,3,5
8566,1693226107063,1692253842817,1692253842821,1693226107071,8,4,4
8567,1693226107071,1692253842825,1692253842828,1693226107079,8,3,5
8568,1693226107079,1692253842834,1692253842837,1693226107087,8,3,5
8569,1693226107087,1692253842842,1692253842845,1693226107095,8,3,5
8570,1693226107095,1692253842849,1692253842852,1693226107103,8,3,5
8571,1693226107103,1692253842857,1692253842860,1693226107110,7,3,4
8572,1693226107110,1692253842864,1692253842868,1693226107118,8,4,4
8573,1693226107118,1692253842872,1692253842876,1693226107126,8,4,4
8574,1693226107126,1692253842881,1692253842884,1693226107134,8,3,5
8575,1693226107134,1692253842888,1692253842892,1693226107142,8,4,4
8576,1693226107142,1692253842896,1692253842899,1693226107149,7,3,4
8577,1693226107149,1692253842903,1692253842906,1693226107156,7,3,4
8578,1693226107156,1692253842914,1692253842918,1693226107168,12,4,8
8579,1693226107168,1692253842922,1692253842926,1693226107176,8,4,4
8580,1693226107176,1692253842930,1692253842933,1693226107183,7,3,4
8581,1693226107183,1692253842937,1692253842940,1693226107190,7,3,4
8582,1693226107190,1692253842944,1692253842948,1693226107198,8,4,4
8583,1693226107198,1692253842952,1692253842956,1693226107206,8,4,4
8584,1693226107206,1692253842960,1692253842964,1693226107214,8,4,4
8585,1693226107214,1692253842971,1692253842974,1693226107224,10,3,7
8586,1693226107224,1692253842978,1692253842980,1693226107230,6,2,4
8587,1693226107230,1692253842985,1692253842988,1693226107238,8,3,5
8588,1693226107238,1692253842993,1692253842996,1693226107246,8,3,5
8589,1693226107246,1692253843000,1692253843004,1693226107254,8,4,4
8590,1693226107254,1692253843008,1692253843010,1693226107261,7,2,5
8591,1693226107261,1692253843015,1692253843018,1693226107268,7,3,4
8592,1693226107268,1692253843022,1692253843025,1693226107275,7,3,4
8593,1693226107275,1692253843030,1692253843033,1693226107283,8,3,5
8594,1693226107283,1692253843037,1692253843040,1693226107290,7,3,4
8595,1693226107290,1692253843045,1692253843048,1693226107298,8,3,5
8596,1693226107298,1692253843052,1692253843055,1693226107305,7,3,4
8597,1693226107305,1692253843065,1692253843068,1693226107318,13,3,10
8598,1693226107318,1692253843074,1692253843077,1693226107327,9,3,6
8599,1693226107327,1692253843082,1692253843087,1693226107336,9,5,4
8600,1693226107336,1692253843091,1692253843094,1693226107344,8,3,5
8601,1693226107344,1692253843098,1692253843101,1693226107351,7,3,4
8602,1693226107351,1692253843106,1692253843109,1693226107359,8,3,5
8603,1693226107359,1692253843114,1692253843118,1693226107368,9,4,5
8604,1693226107368,1692253843122,1692253843127,1693226107378,10,5,5
8605,1693226107378,1692253843132,1692253843135,1693226107385,7,3,4
8606,1693226107385,1692253843139,1692253843142,1693226107392,7,3,4
8607,1693226107392,1692253843146,1692253843149,1693226107399,7,3,4
8608,1693226107399,1692253843154,1692253843157,1693226107407,8,3,5
8609,1693226107407,1692253843161,1692253843165,1693226107414,7,4,3
8610,1693226107414,1692253843169,1692253843173,1693226107423,9,4,5
8611,1693226107423,1692253843178,1692253843181,1693226107431,8,3,5
8612,1693226107431,1692253843185,1692253843188,1693226107438,7,3,4
8613,1693226107438,1692253843192,1692253843196,1693226107446,8,4,4
8614,1693226107446,1692253843200,1692253843203,1693226107453,7,3,4
8615,1693226107453,1692253843207,1692253843210,1693226107460,7,3,4
8616,1693226107460,1692253843214,1692253843218,1693226107468,8,4,4
8617,1693226107468,1692253843223,1692253843225,1693226107475,7,2,5
8618,1693226107475,1692253843229,1692253843232,1693226107482,7,3,4
8619,1693226107482,1692253843236,1692253843240,1693226107489,7,4,3
8620,1693226107489,1692253843243,1692253843247,1693226107497,8,4,4
8621,1693226107497,1692253843251,1692253843254,1693226107503,6,3,3
8622,1693226107504,1692253843258,1692253843261,1693226107511,7,3,4
8623,1693226107511,1692253843265,1692253843268,1693226107518,7,3,4
8624,1693226107518,1692253843273,1692253843276,1693226107526,8,3,5
8625,1693226107526,1692253843280,1692253843283,1693226107533,7,3,4
8626,1693226107533,1692253843287,1692253843290,1693226107541,8,3,5
8627,1693226107541,1692253843295,1692253843299,1693226107549,8,4,4
8628,1693226107549,1692253843303,1692253843307,1693226107557,8,4,4
8629,1693226107557,1692253843311,1692253843315,1693226107565,8,4,4
8630,1693226107565,1692253843319,1692253843322,1693226107572,7,3,4
8631,1693226107572,1692253843327,1692253843330,1693226107580,8,3,5
8632,1693226107580,1692253843334,1692253843337,1693226107587,7,3,4
8633,1693226107587,1692253843342,1692253843345,1693226107595,8,3,5
8634,1693226107595,1692253843350,1692253843353,1693226107603,8,3,5
8635,1693226107603,1692253843358,1692253843363,1693226107613,10,5,5
8636,1693226107613,1692253843368,1692253843371,1693226107621,8,3,5
8637,1693226107621,1692253843375,1692253843379,1693226107628,7,4,3
8638,1693226107628,1692253843383,1692253843385,1693226107635,7,2,5
8639,1693226107635,1692253843390,1692253843393,1693226107644,9,3,6
8640,1693226107644,1692253843398,1692253843400,1693226107650,6,2,4
8641,1693226107651,1692253843406,1692253843409,1693226107660,9,3,6
8642,1693226107660,1692253843414,1692253843417,1693226107667,7,3,4
8643,1693226107667,1692253843421,1692253843424,1693226107674,7,3,4
8644,1693226107674,1692253843428,1692253843431,1693226107681,7,3,4
8645,1693226107681,1692253843436,1692253843439,1693226107689,8,3,5
8646,1693226107689,1692253843446,1692253843449,1693226107699,10,3,7
8647,1693226107699,1692253843453,1692253843458,1693226107707,8,5,3
8648,1693226107707,1692253843462,1692253843465,1693226107715,8,3,5
8649,1693226107715,1692253843470,1692253843473,1693226107723,8,3,5
8650,1693226107723,1692253843477,1692253843480,1693226107731,8,3,5
8651,1693226107731,1692253843486,1692253843489,1693226107739,8,3,5
8652,1693226107739,1692253843493,1692253843497,1693226107746,7,4,3
8653,1693226107746,1692253843501,1692253843504,1693226107754,8,3,5
8654,1693226107754,1692253843509,1692253843512,1693226107762,8,3,5
8655,1693226107762,1692253843517,1692253843520,1693226107770,8,3,5
8656,1693226107770,1692253843524,1692253843527,1693226107777,7,3,4
8657,1693226107777,1692253843531,1692253843534,1693226107784,7,3,4
8658,1693226107784,1692253843539,1692253843543,1693226107794,10,4,6
8659,1693226107794,1692253843549,1692253843553,1693226107803,9,4,5
8660,1693226107803,1692253843557,1692253843560,1693226107811,8,3,5
8661,1693226107811,1692253843565,1692253843569,1693226107819,8,4,4
8662,1693226107819,1692253843574,1692253843577,1693226107827,8,3,5
8663,1693226107827,1692253843582,1692253843585,1693226107835,8,3,5
8664,1693226107835,1692253843589,1692253843596,1693226107846,11,7,4
8665,1693226107846,1692253843601,1692253843604,1693226107855,9,3,6
8666,1693226107855,1692253843609,1692253843612,1693226107863,8,3,5
8667,1693226107863,1692253843617,1692253843620,1693226107870,7,3,4
8668,1693226107870,1692253843624,1692253843628,1693226107878,8,4,4
8669,1693226107878,1692253843632,1692253843635,1693226107885,7,3,4
8670,1693226107885,1692253843639,1692253843643,1693226107893,8,4,4
8671,1693226107893,1692253843649,1692253843654,1693226107904,11,5,6
8672,1693226107904,1692253843659,1692253843661,1693226107911,7,2,5
8673,1693226107911,1692253843667,1692253843670,1693226107920,9,3,6
8674,1693226107920,1692253843674,1692253843677,1693226107927,7,3,4
8675,1693226107927,1692253843682,1692253843685,1693226107935,8,3,5
8676,1693226107935,1692253843689,1692253843693,1693226107942,7,4,3
8677,1693226107943,1692253843697,1692253843700,1693226107951,8,3,5
8678,1693226107951,1692253843711,1692253843715,1693226107965,14,4,10
8679,1693226108146,1692253843902,1692253843907,1693226108157,11,5,6
8680,1693226108157,1692253843912,1692253843917,1693226108167,10,5,5
8681,1693226108167,1692253843923,1692253843928,1693226108178,11,5,6
8682,1693226108178,1692253843935,1692253843942,1693226108192,14,7,7
8683,1693226108192,1692253843947,1692253843963,1693226108214,22,16,6
8684,1693226108214,1692253843969,1692253843972,1693226108222,8,3,5
8685,1693226108222,1692253843977,1692253843980,1693226108230,8,3,5
8686,1693226108230,1692253844004,1692253844007,1693226108257,27,3,24
8687,1693226108257,1692253844011,1692253844014,1693226108264,7,3,4
8688,1693226108264,1692253844022,1692253844025,1693226108275,11,3,8
8689,1693226108275,1692253844030,1692253844033,1693226108283,8,3,5
8690,1693226108283,1692253844038,1692253844042,1693226108292,9,4,5
8691,1693226108292,1692253844063,1692253844066,1693226108319,27,3,24
8692,1693226108319,1692253844082,1692253844085,1693226108335,16,3,13
8693,1693226108335,1692253844090,1692253844093,1693226108345,10,3,7
8694,1693226108345,1692253844104,1692253844107,1693226108357,12,3,9
8695,1693226108357,1692253844114,1692253844116,1693226108366,9,2,7
8696,1693226108366,1692253844133,1692253844137,1693226108387,21,4,17
8697,1693226108387,1692253844158,1692253844161,1693226108411,24,3,21
8698,1693226108411,1692253844187,1692253844191,1693226108441,30,4,26
8699,1693226108441,1692253844213,1692253844217,1693226108467,26,4,22
8700,1693226108467,1692253844226,1692253844229,1693226108479,12,3,9
8701,1693226108479,1692253844297,1692253844301,1693226108551,72,4,68
8702,1693226108551,1692253844324,1692253844327,1693226108577,26,3,23
8703,1693226108577,1692253844350,1692253844353,1693226108603,26,3,23
8704,1693226108603,1692253844393,1692253844397,1693226108647,44,4,40
8705,1693226108647,1692253844420,1692253844423,1693226108673,26,3,23
8706,1693226108673,1692253844428,1692253844431,1693226108681,8,3,5
8707,1693226108681,1692253844436,1692253844440,1693226108690,9,4,5
8708,1693226108690,1692253844445,1692253844448,1693226108698,8,3,5
8709,1693226108698,1692253844452,1692253844455,1693226108706,8,3,5
8710,1693226108706,1692253844460,1692253844464,1693226108714,8,4,4
8711,1693226108714,1692253844468,1692253844471,1693226108721,7,3,4
8712,1693226108721,1692253844476,1692253844478,1693226108728,7,2,5
8713,1693226108728,1692253844482,1692253844485,1693226108735,7,3,4
8714,1693226108735,1692253844506,1692253844509,1693226108759,24,3,21
8715,1693226108759,1692253844521,1692253844524,1693226108774,15,3,12
8716,1693226108774,1692253844561,1692253844564,1693226108814,40,3,37
8717,1693226108814,1692253844570,1692253844573,1693226108835,21,3,18
8718,1693226108835,1692253844589,1692253844592,1693226108843,8,3,5
8719,1693226108843,1692253844689,1692253844692,1693226108942,99,3,96
8720,1693226108942,1692253844696,1692253844699,1693226108948,6,3,3
8721,1693226108948,1692253844702,1692253844706,1693226108956,8,4,4
8722,1693226108956,1692253844712,1692253844716,1693226108966,10,4,6
8723,1693226108966,1692253844726,1692253844728,1693226108978,12,2,10
8724,1693226108978,1692253844737,1692253844740,1693226108990,12,3,9
8725,1693226108990,1692253844744,1692253844748,1693226108998,8,4,4
8726,1693226108998,1692253844752,1692253844755,1693226109005,7,3,4
8727,1693226109005,1692253844760,1692253844763,1693226109013,8,3,5
8728,1693226109013,1692253844768,1692253844771,1693226109021,8,3,5
8729,1693226109021,1692253844776,1692253844779,1693226109030,9,3,6
8730,1693226109030,1692253844784,1692253844787,1693226109037,7,3,4
8731,1693226109037,1692253844792,1692253844795,1693226109045,8,3,5
8732,1693226109045,1692253844925,1692253844928,1693226109178,133,3,130
8733,1693226109178,1692253844933,1692253844935,1693226109185,7,2,5
8734,1693226109185,1692253844939,1692253844943,1693226109193,8,4,4
8735,1693226109193,1692253844963,1692253844966,1693226109216,23,3,20
8736,1693226109216,1692253844978,1692253844981,1693226109231,15,3,12
8737,1693226109231,1692253845005,1692253845007,1693226109257,26,2,24
8738,1693226109257,1692253845034,1692253845037,1693226109287,30,3,27
8739,1693226109287,1692253845042,1692253845044,1693226109294,7,2,5
8740,1693226109294,1692253845049,1692253845052,1693226109301,7,3,4
8741,1693226109301,1692253845061,1692253845064,1693226109314,13,3,10
8742,1693226109314,1692253845074,1692253845077,1693226109327,13,3,10
8743,1693226109327,1692253845094,1692253845097,1693226109347,20,3,17
8744,1693226109347,1692253845101,1692253845106,1693226109356,9,5,4
8745,1693226109356,1692253845153,1692253845156,1693226109406,50,3,47
8746,1693226109406,1692253845166,1692253845169,1693226109419,13,3,10
8747,1693226109419,1692253845173,1692253845175,1693226109426,7,2,5
8748,1693226109426,1692253845180,1692253845183,1693226109433,7,3,4
8749,1693226109433,1692253845187,1692253845190,1693226109440,7,3,4
8750,1693226109440,1692253845194,1692253845197,1693226109447,7,3,4
8751,1693226109447,1692253845201,1692253845204,1693226109454,7,3,4
8752,1693226109454,1692253845208,1692253845211,1693226109461,7,3,4
8753,1693226109461,1692253845215,1692253845218,1693226109468,7,3,4
8754,1693226109468,1692253845224,1692253845227,1693226109477,9,3,6
8755,1693226109477,1692253845232,1692253845235,1693226109485,8,3,5
8756,1693226109485,1692253845294,1692253845406,1693226109656,171,112,59
8757,1693226109656,1692253845410,1692253845413,1693226109663,7,3,4
8758,1693226109663,1692253845420,1692253845423,1693226109673,10,3,7
8759,1693226109674,1692253845430,1692253845434,1693226109684,10,4,6
8760,1693226109684,1692253845442,1692253845444,1693226109698,14,2,12
8761,1693226109698,1692253845473,1692253845477,1693226109727,29,4,25
8762,1693226109727,1692253845509,1692253845512,1693226109765,38,3,35
8763,1693226109765,1692253845519,1692253845522,1693226109772,7,3,4
8764,1693226109772,1692253845553,1692253845556,1693226109805,33,3,30
8765,1693226109805,1692253845570,1692253845573,1693226109823,18,3,15
8766,1693226109823,1692253845582,1692253845587,1693226109837,14,5,9
8767,1693226109837,1692253845592,1692253845595,1693226109849,12,3,9
8768,1693226109849,1692253845663,1692253845666,1693226109917,68,3,65
8769,1693226109917,1692253845725,1692253845728,1693226109978,61,3,58
8770,1693226109978,1692253845733,1692253845736,1693226109986,8,3,5
8771,1693226109986,1692253845747,1692253845750,1693226110000,14,3,11
8772,1693226110000,1692253845776,1692253845780,1693226110030,30,4,26
8773,1693226110030,1692253845784,1692253845910,1693226110160,130,126,4
8774,1693226110160,1692253845914,1692253845917,1693226110167,7,3,4
8775,1693226110167,1692253845946,1692253845949,1693226110199,32,3,29
8776,1693226110199,1692253845957,1692253845960,1693226110210,11,3,8
8777,1693226110210,1692253845966,1692253845969,1693226110219,9,3,6
8778,1693226110219,1692253846006,1692253846008,1693226110258,39,2,37
8779,1693226110258,1692253846026,1692253846030,1693226110280,22,4,18
8780,1693226110280,1692253846042,1692253846044,1693226110294,14,2,12
8781,1693226110294,1692253846062,1692253846065,1693226110331,37,3,34
8782,1693226110331,1692253846110,1692253846114,1693226110364,33,4,29
8783,1693226110364,1692253846122,1692253846124,1693226110374,10,2,8
8784,1693226110374,1692253846128,1692253846131,1693226110381,7,3,4
8785,1693226110381,1692253846138,1692253846140,1693226110390,9,2,7
8786,1693226110390,1692253846146,1692253846149,1693226110399,9,3,6
8787,1693226110399,1692253846157,1692253846160,1693226110410,11,3,8
8788,1693226110410,1692253846165,1692253846167,1693226110417,7,2,5
8789,1693226110417,1692253846171,1692253846174,1693226110424,7,3,4
8790,1693226110424,1692253846178,1692253846181,1693226110431,7,3,4
8791,1693226110431,1692253846209,1692253846212,1693226110470,39,3,36
8792,1693226110470,1692253846225,1692253846228,1693226110478,8,3,5
8793,1693226110478,1692253846232,1692253846235,1693226110485,7,3,4
8794,1693226110485,1692253846262,1692253846265,1693226110515,30,3,27
8795,1693226110515,1692253846277,1692253846281,1693226110531,16,4,12
8796,1693226110531,1692253846321,1692253846324,1693226110579,48,3,45
8797,1693226110579,1692253846410,1692253846413,1693226110664,85,3,82
8798,1693226110664,1692253846421,1692253846425,1693226110675,11,4,7
8799,1693226110675,1692253846430,1692253846433,1693226110683,8,3,5
8800,1693226110683,1692253846446,1692253846449,1693226110701,18,3,15
8801,1693226110701,1692253846458,1692253846460,1693226110710,9,2,7
8802,1693226110710,1692253846466,1692253846468,1693226110718,8,2,6
8803,1693226110718,1692253846474,1692253846477,1693226110727,9,3,6
8804,1693226110727,1692253846509,1692253846512,1693226110763,36,3,33
8805,1693226110763,1692253846518,1692253846522,1693226110771,8,4,4
8806,1693226110772,1692253846578,1692253846582,1693226110832,60,4,56
8807,1693226110832,1692253846587,1692253846590,1693226110840,8,3,5
8808,1693226110840,1692253846634,1692253846637,1693226110887,47,3,44
8809,1693226110887,1692253846653,1692253846656,1693226110906,19,3,16
8810,1693226110906,1692253846662,1692253846665,1693226110915,9,3,6
8811,1693226110915,1692253846678,1692253846681,1693226110931,16,3,13
8812,1693226110931,1692253846685,1692253846688,1693226110938,7,3,4
8813,1693226110938,1692253846706,1692253846708,1693226110958,20,2,18
8814,1693226110958,1692253846713,1692253846717,1693226110967,9,4,5
8815,1693226110967,1692253846722,1692253846724,1693226110974,7,2,5
8816,1693226110974,1692253846734,1692253846739,1693226110989,15,5,10
8817,1693226110989,1692253846777,1692253846780,1693226111030,41,3,38
8818,1693226111030,1692253846785,1692253846788,1693226111039,9,3,6
8819,1693226111039,1692253846794,1692253846797,1693226111067,28,3,25
8820,1693226111067,1692253846824,1692253846827,1693226111077,10,3,7
8821,1693226111077,1692253846831,1692253846835,1693226111085,8,4,4
8822,1693226111085,1692253846861,1692253846864,1693226111113,28,3,25
8823,1693226111114,1692253846913,1692253846916,1693226111167,53,3,50
8824,1693226111167,1692253846938,1692253846942,1693226111192,25,4,21
8825,1693226111192,1692253846946,1692253846949,1693226111199,7,3,4
8826,1693226111200,1692253846954,1692253846958,1693226111208,8,4,4
8827,1693226111208,1692253847053,1692253847056,1693226111306,98,3,95
8828,1693226111306,1692253847090,1692253847092,1693226111343,37,2,35
8829,1693226111343,1692253847098,1692253847101,1693226111351,8,3,5
8830,1693226111351,1692253847105,1692253847109,1693226111359,8,4,4
8831,1693226111359,1692253847126,1692253847128,1693226111378,19,2,17
8832,1693226111378,1692253847133,1692253847136,1693226111386,8,3,5
8833,1693226111386,1692253847146,1692253847149,1693226111399,13,3,10
8834,1693226111399,1692253847153,1692253847156,1693226111406,7,3,4
8835,1693226111406,1692253847214,1692253847217,1693226111467,61,3,58
8836,1693226111467,1692253847221,1692253847224,1693226111474,7,3,4
8837,1693226111474,1692253847262,1692253847265,1693226111515,41,3,38
8838,1693226111515,1692253847290,1692253847293,1693226111543,28,3,25
8839,1693226111543,1692253847314,1692253847317,1693226111567,24,3,21
8840,1693226111567,1692253847377,1692253847380,1693226111642,75,3,72
8841,1693226111642,1692253847402,1692253847406,1693226111656,14,4,10
8842,1693226111656,1692253847421,1692253847424,1693226111674,18,3,15
8843,1693226111674,1692253847429,1692253847463,1693226111727,53,34,19
8844,1693226111727,1692253847582,1692253847586,1693226111836,109,4,105
8845,1693226111836,1692253847614,1692253847617,1693226111867,31,3,28
8846,1693226111867,1692253847629,1692253847632,1693226111882,15,3,12
8847,1693226111882,1692253847657,1692253847661,1693226111911,29,4,25
8848,1693226111911,1692253847782,1692253847785,1693226112035,124,3,121
8849,1693226112035,1692253847790,1692253847793,1693226112043,8,3,5
8850,1693226112043,1692253847815,1692253847818,1693226112068,25,3,22
8851,1693226112068,1692253847823,1692253847826,1693226112076,8,3,5
8852,1693226112076,1692253847830,1692253847834,1693226112084,8,4,4
8853,1693226112084,1692253847838,1692253847843,1693226112093,9,5,4
8854,1693226112093,1692253847848,1692253847851,1693226112101,8,3,5
8855,1693226112101,1692253847901,1692253847904,1693226112154,53,3,50
8856,1693226112154,1692253847908,1692253847912,1693226112162,8,4,4
8857,1693226112162,1692253847930,1692253847938,1693226112188,26,8,18
8858,1693226112189,1692253847944,1692253847947,1693226112197,8,3,5
8859,1693226112197,1692253847962,1692253847965,1693226112215,18,3,15
8860,1693226112215,1692253847970,1692253847972,1693226112222,7,2,5
8861,1693226112222,1692253847977,1692253847980,1693226112230,8,3,5
8862,1693226112230,1692253847985,1692253847988,1693226112238,8,3,5
8863,1693226112238,1692253848025,1692253848028,1693226112278,40,3,37
8864,1693226112278,1692253848033,1692253848036,1693226112286,8,3,5
8865,1693226112286,1692253848041,1692253848044,1693226112294,8,3,5
8866,1693226112294,1692253848066,1692253848068,1693226112318,24,2,22
8867,1693226112318,1692253848073,1692253848076,1693226112326,8,3,5
8868,1693226112326,1692253848086,1692253848088,1693226112342,16,2,14
8869,1693226112342,1692253848101,1692253848104,1693226112354,12,3,9
8870,1693226112354,1692253848165,1692253848168,1693226112418,64,3,61
8871,1693226112418,1692253848178,1692253848181,1693226112431,13,3,10
8872,1693226112431,1692253848193,1692253848196,1693226112446,15,3,12
8873,1693226112446,1692253848201,1692253848204,1693226112454,8,3,5
8874,1693226112454,1692253848209,1692253848212,1693226112461,7,3,4
8875,1693226112461,1692253848215,1692253848218,1693226112468,7,3,4
8876,1693226112468,1692253848233,1692253848236,1693226112486,18,3,15
8877,1693226112486,1692253848246,1692253848249,1693226112499,13,3,10
8878,1693226112499,1692253848257,1692253848260,1693226112510,11,3,8
8879,1693226112510,1692253848264,1692253848267,1693226112517,7,3,4
8880,1693226112517,1692253848271,1692253848273,1693226112525,8,2,6
8881,1693226112525,1692253848279,1692253848282,1693226112532,7,3,4
8882,1693226112532,1692253848349,1692253848352,1693226112602,70,3,67
8883,1693226112602,1692253848421,1692253848426,1693226112681,79,5,74
8884,1693226112681,1692253848494,1692253848497,1693226112748,67,3,64
8885,1693226112748,1692253848506,1692253848508,1693226112758,10,2,8
8886,1693226112758,1692253848522,1692253848525,1693226112775,17,3,14
8887,1693226112775,1692253848529,1692253848532,1693226112782,7,3,4
8888,1693226112782,1692253848536,1692253848540,1693226112789,7,4,3
8889,1693226112789,1692253848546,1692253848548,1693226112798,9,2,7
8890,1693226112798,1692253848569,1692253848580,1693226112830,32,11,21
8891,1693226112830,1692253848584,1692253848587,1693226112838,8,3,5
8892,1693226112838,1692253848592,1692253848644,1693226112955,117,52,65
8893,1693226112955,1692253848710,1692253848713,1693226112963,8,3,5
8894,1693226112963,1692253848776,1692253848779,1693226113029,66,3,63
8895,1693226113029,1692253848786,1692253848789,1693226113039,10,3,7
8896,1693226113039,1692253848793,1692253848796,1693226113046,7,3,4
8897,1693226113046,1692253848810,1692253848813,1693226113063,17,3,14
8898,1693226113063,1692253848826,1692253848833,1693226113083,20,7,13
8899,1693226113083,1692253848877,1692253848880,1693226113130,47,3,44
8900,1693226113130,1692253848884,1692253848887,1693226113137,7,3,4
8901,1693226113137,1692253848898,1692253848901,1693226113151,14,3,11
8902,1693226113151,1692253848918,1692253848921,1693226113171,20,3,17
8903,1693226113171,1692253848929,1692253848932,1693226113182,11,3,8
8904,1693226113182,1692253848939,1692253848942,1693226113191,9,3,6
8905,1693226113192,1692253848961,1692253848964,1693226113214,22,3,19
8906,1693226113214,1692253848982,1692253848985,1693226113235,21,3,18
8907,1693226113235,1692253848994,1692253848997,1693226113246,11,3,8
8908,1693226113246,1692253849011,1692253849014,1693226113264,18,3,15
8909,1693226113264,1692253849019,1692253849021,1693226113271,7,2,5
8910,1693226113271,1692253849041,1692253849044,1693226113294,23,3,20
8911,1693226113294,1692253849065,1692253849069,1693226113318,24,4,20
8912,1693226113319,1692253849073,1692253849076,1693226113326,7,3,4
8913,1693226113326,1692253849081,1692253849084,1693226113334,8,3,5
8914,1693226113334,1692253849089,1692253849092,1693226113342,8,3,5
8915,1693226113342,1692253849113,1692253849116,1693226113366,24,3,21
8916,1693226113366,1692253849133,1692253849136,1693226113386,20,3,17
8917,1693226113386,1692253849141,1692253849143,1693226113393,7,2,5
8918,1693226113393,1692253849148,1692253849151,1693226113401,8,3,5
8919,1693226113401,1692253849155,1692253849158,1693226113408,7,3,4
8920,1693226113408,1692253849162,1692253849164,1693226113414,6,2,4
8921,1693226113414,1692253849205,1692253849209,1693226113475,61,4,57
8922,1693226113475,1692253849249,1692253849252,1693226113502,27,3,24
8923,1693226113502,1692253849294,1692253849296,1693226113547,45,2,43
8924,1693226113547,1692253849341,1692253849344,1693226113594,47,3,44
8925,1693226113594,1692253849354,1692253849357,1693226113607,13,3,10
8926,1693226113607,1692253849362,1692253849365,1693226113615,8,3,5
8927,1693226113615,1692253849369,1692253849374,1693226113624,9,5,4
8928,1693226113624,1692253849378,1692253849381,1693226113631,7,3,4
8929,1693226113631,1692253849386,1692253849413,1693226113663,32,27,5
8930,1693226113663,1692253849422,1692253849426,1693226113676,13,4,9
8931,1693226113676,1692253849430,1692253849434,1693226113684,8,4,4
8932,1693226113684,1692253849438,1692253849442,1693226113693,9,4,5
8933,1693226113693,1692253849448,1692253849451,1693226113702,9,3,6
8934,1693226113702,1692253849490,1692253849493,1693226113743,41,3,38
8935,1693226113743,1692253849502,1692253849505,1693226113755,12,3,9
8936,1693226113755,1692253849509,1692253849512,1693226113762,7,3,4
8937,1693226113762,1692253849518,1692253849520,1693226113772,10,2,8
8938,1693226113772,1692253849546,1692253849548,1693226113798,26,2,24
8939,1693226113798,1692253849566,1692253849569,1693226113819,21,3,18
8940,1693226113819,1692253849573,1692253849577,1693226113831,12,4,8
8941,1693226113831,1692253849586,1692253849609,1693226113859,28,23,5
8942,1693226113859,1692253849634,1692253849637,1693226113887,28,3,25
8943,1693226113887,1692253849643,1692253849646,1693226113896,9,3,6
8944,1693226113896,1692253849650,1692253849653,1693226113902,6,3,3
8945,1693226113902,1692253849656,1692253849660,1693226113909,7,4,3
8946,1693226113909,1692253849686,1692253849689,1693226113939,30,3,27
8947,1693226113939,1692253849702,1692253849704,1693226113954,15,2,13
8948,1693226113954,1692253849717,1692253849719,1693226113969,15,2,13
8949,1693226113969,1692253849724,1692253849727,1693226113978,9,3,6
8950,1693226113978,1692253849733,1692253849736,1693226113985,7,3,4
8951,1693226113985,1692253849740,1692253849743,1693226113993,8,3,5
8952,1693226113993,1692253849774,1692253849776,1693226114026,33,2,31
8953,1693226114026,1692253849781,1692253849784,1693226114034,8,3,5
8954,1693226114034,1692253849789,1692253849795,1693226114045,11,6,5
8955,1693226114045,1692253849806,1692253849808,1693226114058,13,2,11
8956,1693226114058,1692253849813,1692253849816,1693226114066,8,3,5
8957,1693226114066,1692253849822,1692253849825,1693226114075,9,3,6
8958,1693226114075,1692253849834,1692253849836,1693226114086,11,2,9
8959,1693226114086,1692253849841,1692253849843,1693226114094,8,2,6
8960,1693226114094,1692253849854,1692253849856,1693226114106,12,2,10
8961,1693226114106,1692253849862,1692253849865,1693226114115,9,3,6
8962,1693226114115,1692253849869,1692253849872,1693226114122,7,3,4
8963,1693226114122,1692253849876,1692253849880,1693226114129,7,4,3
8964,1693226114129,1692253849909,1692253849929,1693226114182,53,20,33
8965,1693226114182,1692253849938,1692253849941,1693226114191,9,3,6
8966,1693226114191,1692253849946,1692253849949,1693226114199,8,3,5
8967,1693226114200,1692253849957,1692253849960,1693226114210,10,3,7
8968,1693226114210,1692253849966,1692253849969,1693226114219,9,3,6
8969,1693226114219,1692253849973,1692253849976,1693226114226,7,3,4
8970,1693226114226,1692253849989,1692253849992,1693226114242,16,3,13
8971,1693226114242,1692253849997,1692253850000,1693226114250,8,3,5
8972,1693226114250,1692253850005,1692253850008,1693226114258,8,3,5
8973,1693226114258,1692253850012,1692253850015,1693226114265,7,3,4
8974,1693226114265,1692253850030,1692253850032,1693226114295,30,2,28
8975,1693226114295,1692253850049,1692253850052,1693226114302,7,3,4
8976,1693226114302,1692253850057,1692253850059,1693226114309,7,2,5
8977,1693226114309,1692253850081,1692253850085,1693226114339,30,4,26
8978,1693226114339,1692253850109,1692253850112,1693226114362,23,3,20
8979,1693226114362,1692253850117,1692253850120,1693226114370,8,3,5
8980,1693226114370,1692253850124,1692253850127,1693226114377,7,3,4
8981,1693226114377,1692253850137,1692253850140,1693226114390,13,3,10
8982,1693226114390,1692253850166,1692253850168,1693226114418,28,2,26
8983,1693226114419,1692253850181,1692253850184,1693226114434,15,3,12
8984,1693226114434,1692253850229,1692253850232,1693226114482,48,3,45
8985,1693226114482,1692253850242,1692253850277,1693226114543,61,35,26
8986,1693226114543,1692253850342,1692253850345,1693226114595,52,3,49
8987,1693226114595,1692253850361,1692253850365,1693226114614,19,4,15
8988,1693226114615,1692253850369,1692253850372,1693226114622,7,3,4
8989,1693226114622,1692253850376,1692253850379,1693226114629,7,3,4
8990,1693226114629,1692253850383,1692253850387,1693226114637,8,4,4
8991,1693226114637,1692253850426,1692253850429,1693226114679,42,3,39
8992,1693226114679,1692253850434,1692253850453,1693226114703,24,19,5
8993,1693226114703,1692253850465,1692253850468,1693226114717,14,3,11
8994,1693226114717,1692253850473,1692253850476,1693226114728,11,3,8
8995,1693226114728,1692253850483,1692253850486,1693226114735,7,3,4
8996,1693226114735,1692253850490,1692253850492,1693226114742,7,2,5
8997,1693226114742,1692253850497,1692253850500,1693226114750,8,3,5
8998,1693226114750,1692253850504,1692253850507,1693226114757,7,3,4
8999,1693226114757,1692253850511,1692253850514,1693226114764,7,3,4
9000,1693226114764,1692253850518,1692253850521,1693226114771,7,3,4
9001,1693226114771,1692253850526,1692253850562,1693226114818,47,36,11
9002,1693226114818,1692253850573,1692253850576,1693226114825,7,3,4
9003,1693226114826,1692253850585,1692253850588,1693226114839,13,3,10
9004,1693226114839,1692253850598,1692253850601,1693226114851,12,3,9
9005,1693226114851,1692253850610,1692253850613,1693226114863,12,3,9
9006,1693226114863,1692253850618,1692253850620,1693226114882,19,2,17
9007,1693226114882,1692253850662,1692253850665,1693226114915,33,3,30
9008,1693226114915,1692253850674,1692253850677,1693226114927,12,3,9
9009,1693226114927,1692253850710,1692253850713,1693226114963,36,3,33
9010,1693226114963,1692253850722,1692253850725,1693226114975,12,3,9
9011,1693226114975,1692253850730,1692253850732,1693226114982,7,2,5
9012,1693226114982,1692253850737,1692253850740,1693226114990,8,3,5
9013,1693226114990,1692253850747,1692253850750,1693226115002,12,3,9
9014,1693226115002,1692253850756,1692253850759,1693226115008,6,3,3
9015,1693226115008,1692253850777,1692253850781,1693226115031,23,4,19
9016,1693226115031,1692253850786,1692253850789,1693226115039,8,3,5
9017,1693226115039,1692253850794,1692253850798,1693226115048,9,4,5
9018,1693226115048,1692253850818,1692253850821,1693226115071,23,3,20
9019,1693226115071,1692253850834,1692253850837,1693226115086,15,3,12
9020,1693226115086,1692253850841,1692253850844,1693226115094,8,3,5
9021,1693226115094,1692253850849,1692253850852,1693226115103,9,3,6
9022,1693226115103,1692253850857,1692253850860,1693226115110,7,3,4
9023,1693226115110,1692253850864,1692253850872,1693226115122,12,8,4
9024,1693226115122,1692253850877,1692253850880,1693226115130,8,3,5
9025,1693226115130,1692253850884,1692253850887,1693226115137,7,3,4
9026,1693226115137,1692253850891,1692253850894,1693226115144,7,3,4
9027,1693226115144,1692253850899,1692253850902,1693226115151,7,3,4
9028,1693226115152,1692253850906,1692253850909,1693226115159,7,3,4
9029,1693226115159,1692253850914,1692253850921,1693226115170,11,7,4
9030,1693226115170,1692253850925,1692253850927,1693226115177,7,2,5
9031,1693226115177,1692253850932,1692253850935,1693226115185,8,3,5
9032,1693226115185,1692253850940,1692253850943,1693226115193,8,3,5
9033,1693226115193,1692253850948,1692253850951,1693226115202,9,3,6
9034,1693226115202,1692253851009,1692253851013,1693226115263,61,4,57
9035,1693226115263,1692253851029,1692253851032,1693226115282,19,3,16
9036,1693226115282,1692253851105,1692253851109,1693226115361,79,4,75
9037,1693226115361,1692253851153,1692253851157,1693226115407,46,4,42
9038,1693226115407,1692253851163,1692253851168,1693226115418,11,5,6
9039,1693226115418,1692253851289,1692253851293,1693226115544,126,4,122
9040,1693226115544,1692253851302,1692253851304,1693226115554,10,2,8
9041,1693226115554,1692253851314,1692253851317,1693226115567,13,3,10
9042,1693226115567,1692253851330,1692253851333,1693226115582,15,3,12
9043,1693226115583,1692253851350,1692253851353,1693226115603,20,3,17
9044,1693226115603,1692253851357,1692253851359,1693226115609,6,2,4
9045,1693226115609,1692253851421,1692253851424,1693226115674,65,3,62
9046,1693226115674,1692253851473,1692253851477,1693226115727,53,4,49
9047,1693226115727,1692253851522,1692253851524,1693226115774,47,2,45
9048,1693226115774,1692253851529,1692253851531,1693226115781,7,2,5
9049,1693226115781,1692253851582,1692253851586,1693226115836,55,4,51
9050,1693226115836,1692253851590,1692253851594,1693226115843,7,4,3
9051,1693226115843,1692253851598,1692253851625,1693226115875,32,27,5
9052,1693226115875,1692253851706,1692253851709,1693226115959,84,3,81
9053,1693226115959,1692253851721,1692253851724,1693226115973,14,3,11
9054,1693226115973,1692253851730,1692253851732,1693226115982,9,2,7
9055,1693226115982,1692253851742,1692253851744,1693226115994,12,2,10
9056,1693226115994,1692253851749,1692253851752,1693226116001,7,3,4
9057,1693226116001,1692253851758,1692253851760,1693226116010,9,2,7
9058,1693226116010,1692253851777,1692253851780,1693226116030,20,3,17
9059,1693226116030,1692253851786,1692253851789,1693226116038,8,3,5
9060,1693226116038,1692253851793,1692253851796,1693226116046,8,3,5
9061,1693226116046,1692253851826,1692253851828,1693226116078,32,2,30
9062,1693226116078,1692253851832,1692253851835,1693226116085,7,3,4
9063,1693226116085,1692253851859,1692253851862,1693226116112,27,3,24
9064,1693226116112,1692253851880,1692253851882,1693226116132,20,2,18
9065,1693226116132,1692253851887,1692253851890,1693226116140,8,3,5
9066,1693226116140,1692253851901,1692253851904,1693226116154,14,3,11
9067,1693226116154,1692253851914,1692253851917,1693226116167,13,3,10
9068,1693226116167,1692253851939,1692253851943,1693226116193,26,4,22
9069,1693226116193,1692253851947,1692253851950,1693226116200,7,3,4
9070,1693226116200,1692253851993,1692253851997,1693226116247,47,4,43
9071,1693226116247,1692253852013,1692253852016,1693226116266,19,3,16
9072,1693226116266,1692253852029,1692253852033,1693226116283,17,4,13
9073,1693226116283,1692253852041,1692253852045,1693226116295,12,4,8
9074,1693226116295,1692253852050,1692253852052,1693226116306,11,2,9
9075,1693226116306,1692253852060,1692253852065,1693226116315,9,5,4
9076,1693226116315,1692253852069,1692253852072,1693226116322,7,3,4
9077,1693226116322,1692253852076,1692253852079,1693226116329,7,3,4
9078,1693226116329,1692253852097,1692253852100,1693226116350,21,3,18
9079,1693226116350,1692253852106,1692253852108,1693226116358,8,2,6
9080,1693226116358,1692253852113,1692253852116,1693226116366,8,3,5
9081,1693226116366,1692253852137,1692253852140,1693226116390,24,3,21
9082,1693226116390,1692253852144,1692253852147,1693226116397,7,3,4
9083,1693226116397,1692253852152,1692253852155,1693226116405,8,3,5
9084,1693226116405,1692253852162,1692253852164,1693226116414,9,2,7
9085,1693226116414,1692253852169,1692253852172,1693226116422,8,3,5
9086,1693226116422,1692253852177,1692253852179,1693226116429,7,2,5
9087,1693226116429,1692253852183,1692253852186,1693226116436,7,3,4
9088,1693226116436,1692253852191,1692253852194,1693226116444,8,3,5
9089,1693226116444,1692253852214,1692253852217,1693226116467,23,3,20
9090,1693226116467,1692253852245,1692253852248,1693226116499,32,3,29
9091,1693226116499,1692253852254,1692253852257,1693226116507,8,3,5
9092,1693226116507,1692253852262,1692253852266,1693226116516,9,4,5
9093,1693226116516,1692253852271,1692253852274,1693226116524,8,3,5
9094,1693226116524,1692253852278,1692253852281,1693226116531,7,3,4
9095,1693226116531,1692253852285,1692253852288,1693226116538,7,3,4
9096,1693226116538,1692253852292,1692253852295,1693226116545,7,3,4
9097,1693226116545,1692253852300,1692253852303,1693226116553,8,3,5
9098,1693226116553,1692253852341,1692253852344,1693226116594,41,3,38
9099,1693226116594,1692253852377,1692253852380,1693226116630,36,3,33
9100,1693226116630,1692253852384,1692253852387,1693226116639,9,3,6
9101,1693226116639,1692253852402,1692253852409,1693226116659,20,7,13
9102,1693226116659,1692253852413,1692253852416,1693226116666,7,3,4
9103,1693226116666,1692253852422,1692253852426,1693226116675,9,4,5
9104,1693226116675,1692253852430,1692253852433,1693226116683,8,3,5
9105,1693226116683,1692253852439,1692253852442,1693226116692,9,3,6
9106,1693226116692,1692253852490,1692253852493,1693226116743,51,3,48
9107,1693226116743,1692253852514,1692253852517,1693226116767,24,3,21
9108,1693226116767,1692253852557,1692253852560,1693226116810,43,3,40
9109,1693226116810,1692253852581,1692253852584,1693226116834,24,3,21
9110,1693226116834,1692253852589,1692253852657,1693226116907,73,68,5
9111,1693226116907,1692253852706,1692253852709,1693226116959,52,3,49
9112,1693226116959,1692253852725,1692253852730,1693226116979,20,5,15
9113,1693226116979,1692253852738,1692253852741,1693226116991,12,3,9
9114,1693226116991,1692253852746,1692253852748,1693226116998,7,2,5
9115,1693226116998,1692253852754,1692253852756,1693226117006,8,2,6
9116,1693226117006,1692253852761,1692253852764,1693226117014,8,3,5
9117,1693226117014,1692253852778,1692253852782,1693226117032,18,4,14
9118,1693226117032,1692253852791,1692253852794,1693226117044,12,3,9
9119,1693226117044,1692253852801,1692253852804,1693226117054,10,3,7
9120,1693226117054,1692253852808,1692253852811,1693226117061,7,3,4
9121,1693226117061,1692253852815,1692253852819,1693226117069,8,4,4
9122,1693226117069,1692253852823,1692253852826,1693226117076,7,3,4
9123,1693226117076,1692253852833,1692253852836,1693226117085,9,3,6
9124,1693226117085,1692253852840,1692253852843,1693226117093,8,3,5
9125,1693226117093,1692253852921,1692253852924,1693226117174,81,3,78
9126,1693226117174,1692253852928,1692253852932,1693226117181,7,4,3
9127,1693226117181,1692253852936,1692253852939,1693226117188,7,3,4
9128,1693226117188,1692253852943,1692253852946,1693226117196,8,3,5
9129,1693226117196,1692253852951,1692253852954,1693226117203,7,3,4
9130,1693226117203,1692253853157,1692253853160,1693226117410,207,3,204
9131,1693226117410,1692253853166,1692253853168,1693226117419,9,2,7
9132,1693226117419,1692253853173,1692253853176,1693226117426,7,3,4
9133,1693226117426,1692253853198,1692253853200,1693226117450,24,2,22
9134,1693226117450,1692253853229,1692253853233,1693226117483,33,4,29
9135,1693226117483,1692253853246,1692253853249,1693226117498,15,3,12
9136,1693226117499,1692253853253,1692253853256,1693226117505,6,3,3
9137,1693226117505,1692253853260,1692253853262,1693226117512,7,2,5
9138,1693226117512,1692253853286,1692253853288,1693226117538,26,2,24
9139,1693226117538,1692253853298,1692253853300,1693226117550,12,2,10
9140,1693226117550,1692253853333,1692253853336,1693226117586,36,3,33
9141,1693226117586,1692253853357,1692253853360,1693226117609,23,3,20
9142,1693226117609,1692253853364,1692253853367,1693226117617,8,3,5
9143,1693226117617,1692253853371,1692253853374,1693226117624,7,3,4
9144,1693226117624,1692253853457,1692253853461,1693226117711,87,4,83
9145,1693226117711,1692253853466,1692253853469,1693226117719,8,3,5
9146,1693226117719,1692253853566,1692253853569,1693226117819,100,3,97
9147,1693226117820,1692253853584,1692253853588,1693226117838,18,4,14
9148,1693226117838,1692253853601,1692253853603,1693226117853,15,2,13
9149,1693226117853,1692253853607,1692253853612,1693226117861,8,5,3
9150,1693226117861,1692253853617,1692253853620,1693226117870,9,3,6
9151,1693226117870,1692253853624,1692253853627,1693226117876,6,3,3
9152,1693226117876,1692253853638,1692253853641,1693226117891,15,3,12
9153,1693226117891,1692253853645,1692253853648,1693226117897,6,3,3
9154,1693226117897,1692253853652,1692253853655,1693226117904,7,3,4
9155,1693226117904,1692253853660,1692253853662,1693226117912,8,2,6
9156,1693226117912,1692253853721,1692253853730,1693226117980,68,9,59
9157,1693226117980,1692253853742,1692253853745,1693226117995,15,3,12
9158,1693226117995,1692253853749,1692253853752,1693226118001,6,3,3
9159,1693226118001,1692253853756,1692253853759,1693226118009,8,3,5
9160,1693226118009,1692253853764,1692253853767,1693226118017,8,3,5
9161,1693226118017,1692253853771,1692253853774,1693226118024,7,3,4
9162,1693226118024,1692253853778,1692253853781,1693226118030,6,3,3
9163,1693226118030,1692253853785,1692253853787,1693226118037,7,2,5
9164,1693226118037,1692253853792,1692253853795,1693226118045,8,3,5
9165,1693226118045,1692253853800,1692253853803,1693226118053,8,3,5
9166,1693226118053,1692253853807,1692253853810,1693226118060,7,3,4
9167,1693226118060,1692253853815,1692253853818,1693226118068,8,3,5
9168,1693226118068,1692253853829,1692253853832,1693226118083,15,3,12
9169,1693226118083,1692253853837,1692253853840,1693226118089,6,3,3
9170,1693226118089,1692253853890,1692253853893,1693226118143,54,3,51
9171,1693226118143,1692253853910,1692253853913,1693226118163,20,3,17
9172,1693226118163,1692253853917,1692253853920,1693226118170,7,3,4
9173,1693226118170,1692253853928,1692253853931,1693226118180,10,3,7
9174,1693226118180,1692253853934,1692253853937,1693226118187,7,3,4
9175,1693226118187,1692253853973,1692253854015,1693226118265,78,42,36
9176,1693226118265,1692253854022,1692253854024,1693226118274,9,2,7
9177,1693226118274,1692253854038,1692253854040,1693226118290,16,2,14
9178,1693226118290,1692253854047,1692253854050,1693226118300,10,3,7
9179,1693226118300,1692253854106,1692253854109,1693226118359,59,3,56
9180,1693226118359,1692253854114,1692253854116,1693226118366,7,2,5
9181,1693226118366,1692253854138,1692253854141,1693226118391,25,3,22
9182,1693226118391,1692253854298,1692253854301,1693226118551,160,3,157
9183,1693226118551,1692253854337,1692253854340,1693226118590,39,3,36
9184,1693226118590,1692253854346,1692253854348,1693226118598,8,2,6
9185,1693226118598,1692253854361,1692253854369,1693226118619,21,8,13
9186,1693226118619,1692253854378,1692253854380,1693226118630,11,2,9
9187,1693226118630,1692253854385,1692253854388,1693226118638,8,3,5
9188,1693226118638,1692253854392,1692253854395,1693226118645,7,3,4
9189,1693226118645,1692253854400,1692253854403,1693226118653,8,3,5
9190,1693226118653,1692253854417,1692253854420,1693226118815,162,3,159
9191,1693226118815,1692253854582,1692253854585,1693226118835,20,3,17
9192,1693226118835,1692253854589,1692253854594,1693226118844,9,5,4
9193,1693226118844,1692253854602,1692253854609,1693226118859,15,7,8
9194,1693226118859,1692253854613,1692253854616,1693226118865,6,3,3
9195,1693226118865,1692253854645,1692253854648,1693226118919,54,3,51
9196,1693226118919,1692253854677,1692253854680,1693226118930,11,3,8
9197,1693226118930,1692253854684,1692253854688,1693226118938,8,4,4
9198,1693226118938,1692253854692,1692253854695,1693226118945,7,3,4
9199,1693226118945,1692253854710,1692253854712,1693226118962,17,2,15
9200,1693226118962,1692253854716,1692253854719,1693226118969,7,3,4
9201,1693226118969,1692253854724,1692253854727,1693226118977,8,3,5
9202,1693226118977,1692253854750,1692253854753,1693226119002,25,3,22
9203,1693226119002,1692253854758,1692253854761,1693226119011,9,3,6
9204,1693226119011,1692253854769,1692253854772,1693226119022,11,3,8
9205,1693226119022,1692253854785,1692253854788,1693226119039,17,3,14
9206,1693226119039,1692253854793,1692253854798,1693226119048,9,5,4
9207,1693226119048,1692253854817,1692253854820,1693226119074,26,3,23
9208,1693226119074,1692253854845,1692253854853,1693226119103,29,8,21
9209,1693226119103,1692253854863,1692253854867,1693226119117,14,4,10
9210,1693226119117,1692253854871,1692253854874,1693226119124,7,3,4
9211,1693226119124,1692253854879,1692253854882,1693226119132,8,3,5
9212,1693226119132,1692253854893,1692253854896,1693226119145,13,3,10
9213,1693226119145,1692253854900,1692253854903,1693226119153,8,3,5
9214,1693226119153,1692253854908,1692253854911,1693226119161,8,3,5
9215,1693226119161,1692253854922,1692253854925,1693226119175,14,3,11
9216,1693226119175,1692253854943,1692253854946,1693226119199,24,3,21
9217,1693226119199,1692253854954,1692253855045,1693226119295,96,91,5
9218,1693226119295,1692253855133,1692253855136,1693226119386,91,3,88
9219,1693226119386,1692253855145,1692253855147,1693226119398,12,2,10
9220,1693226119398,1692253855166,1692253855169,1693226119419,21,3,18
9221,1693226119419,1692253855248,1692253855251,1693226119501,82,3,79
9222,1693226119501,1692253855318,1692253855322,1693226119572,71,4,67
9223,1693226119572,1692253855342,1692253855344,1693226119594,22,2,20
9224,1693226119594,1692253855358,1692253855361,1693226119610,16,3,13
9225,1693226119610,1692253855366,1692253855368,1693226119619,9,2,7
9226,1693226119619,1692253855390,1692253855393,1693226119643,24,3,21
9227,1693226119643,1692253855437,1692253855440,1693226119690,47,3,44
9228,1693226119690,1692253855445,1692253855455,1693226119705,15,10,5
9229,1693226119705,1692253855460,1692253855463,1693226119713,8,3,5
9230,1693226119713,1692253855467,1692253855470,1693226119720,7,3,4
9231,1693226119720,1692253855475,1692253855478,1693226119727,7,3,4
9232,1693226119727,1692253855489,1692253855492,1693226119742,15,3,12
9233,1693226119742,1692253855502,1692253855505,1693226119755,13,3,10
9234,1693226119755,1692253855509,1692253855512,1693226119762,7,3,4
9235,1693226119762,1692253855516,1692253855519,1693226119769,7,3,4
9236,1693226119769,1692253855523,1692253855526,1693226119776,7,3,4
9237,1693226119776,1692253855533,1692253855536,1693226119786,10,3,7
9238,1693226119786,1692253855589,1692253855592,1693226119842,56,3,53
9239,1693226119842,1692253855596,1692253855599,1693226119850,8,3,5
9240,1693226119850,1692253855706,1692253855709,1693226119959,109,3,106
9241,1693226119959,1692253855726,1692253855729,1693226119979,20,3,17
9242,1693226119979,1692253855745,1692253855748,1693226119998,19,3,16
9243,1693226119998,1692253855752,1692253855755,1693226120005,7,3,4
9244,1693226120005,1692253855761,1692253855764,1693226120013,8,3,5
9245,1693226120013,1692253855771,1692253855773,1693226120023,10,2,8
9246,1693226120023,1692253855784,1692253855787,1693226120036,13,3,10
9247,1693226120036,1692253855791,1692253855794,1693226120043,7,3,4
9248,1693226120043,1692253855864,1692253855867,1693226120116,73,3,70
9249,1693226120116,1692253855877,1692253855880,1693226120129,13,3,10
9250,1693226120129,1692253855884,1692253855887,1693226120137,8,3,5
9251,1693226120137,1692253855891,1692253855893,1693226120143,6,2,4
9252,1693226120143,1692253855898,1692253855901,1693226120151,8,3,5
9253,1693226120151,1692253855910,1692253855912,1693226120162,11,2,9
9254,1693226120162,1692253855916,1692253855919,1693226120169,7,3,4
9255,1693226120169,1692253855926,1692253855929,1693226120178,9,3,6
9256,1693226120179,1692253855934,1692253855936,1693226120192,13,2,11
9257,1693226120192,1692253855950,1692253855952,1693226120202,10,2,8
9258,1693226120202,1692253856014,1692253856017,1693226120267,65,3,62
9259,1693226120267,1692253856034,1692253856038,1693226120288,21,4,17
9260,1693226120288,1692253856046,1692253856048,1693226120298,10,2,8
9261,1693226120298,1692253856080,1692253856084,1693226120333,35,4,31
9262,1693226120333,1692253856089,1692253856092,1693226120342,9,3,6
9263,1693226120342,1692253856096,1692253856099,1693226120349,7,3,4
9264,1693226120349,1692253856103,1692253856106,1693226120356,7,3,4
9265,1693226120356,1692253856111,1692253856114,1693226120364,8,3,5
9266,1693226120364,1692253856118,1692253856137,1693226120390,26,19,7
9267,1693226120390,1692253856158,1692253856161,1693226120411,21,3,18
9268,1693226120411,1692253856257,1692253856260,1693226120510,99,3,96
9269,1693226120510,1692253856264,1692253856267,1693226120517,7,3,4
9270,1693226120517,1692253856274,1692253856276,1693226120526,9,2,7
9271,1693226120526,1692253856366,1692253856368,1693226120618,92,2,90
9272,1693226120618,1692253856422,1692253856425,1693226120675,57,3,54
9273,1693226120675,1692253856434,1692253856438,1693226120688,13,4,9
9274,1693226120688,1692253856444,1692253856462,1693226120712,24,18,6
9275,1693226120712,1692253856562,1692253856565,1693226120815,103,3,100
9276,1693226120815,1692253856618,1692253856645,1693226120896,81,27,54
9277,1693226120896,1692253856678,1692253856681,1693226120931,35,3,32
9278,1693226120931,1692253856726,1692253856729,1693226120978,47,3,44
9279,1693226120978,1692253856733,1692253856736,1693226120986,8,3,5
9280,1693226120986,1692253856754,1692253856757,1693226121007,21,3,18
9281,1693226121007,1692253856784,1692253856787,1693226121037,30,3,27
9282,1693226121037,1692253856798,1692253856880,1693226121146,109,82,27
9283,1693226121146,1692253856914,1692253856917,1693226121167,21,3,18
9284,1693226121167,1692253856930,1692253856933,1693226121183,16,3,13
9285,1693226121183,1692253856943,1692253856946,1693226121196,13,3,10
9286,1693226121196,1692253856951,1692253856954,1693226121204,8,3,5
9287,1693226121204,1692253857026,1692253857028,1693226121278,74,2,72
9288,1693226121279,1692253857033,1692253857036,1693226121285,6,3,3
9289,1693226121285,1692253857039,1692253857043,1693226121292,7,4,3
9290,1693226121292,1692253857047,1692253857050,1693226121300,8,3,5
9291,1693226121300,1692253857054,1692253857057,1693226121307,7,3,4
9292,1693226121307,1692253857063,1692253857065,1693226121315,8,2,6
9293,1693226121315,1692253857070,1692253857072,1693226121322,7,2,5
9294,1693226121322,1692253857076,1692253857079,1693226121329,7,3,4
9295,1693226121329,1692253857101,1692253857104,1693226121354,25,3,22
9296,1693226121354,1692253857169,1692253857173,1693226121423,69,4,65
9297,1693226121423,1692253857182,1692253857185,1693226121435,12,3,9
9298,1693226121435,1692253857190,1692253857192,1693226121442,7,2,5
9299,1693226121442,1692253857230,1692253857233,1693226121483,41,3,38
9300,1693226121483,1692253857258,1692253857260,1693226121510,27,2,25
9301,1693226121510,1692253857317,1692253857320,1693226121570,60,3,57
9302,1693226121570,1692253857326,1692253857329,1693226121579,9,3,6
9303,1693226121579,1692253857333,1692253857336,1693226121586,7,3,4
9304,1693226121586,1692253857340,1692253857344,1693226121594,8,4,4
9305,1693226121594,1692253857348,1692253857352,1693226121601,7,4,3
9306,1693226121601,1692253857434,1692253857438,1693226121688,87,4,83
9307,1693226121688,1692253857442,1692253857446,1693226121696,8,4,4
9308,1693226121696,1692253857481,1692253857485,1693226121735,39,4,35
9309,1693226121735,1692253857489,1692253857492,1693226121742,7,3,4
9310,1693226121742,1692253857498,1692253857500,1693226121750,8,2,6
9311,1693226121750,1692253857505,1692253857507,1693226121760,10,2,8
9312,1693226121760,1692253857518,1692253857520,1693226121770,10,2,8
9313,1693226121770,1692253857526,1692253857529,1693226121778,8,3,5
9314,1693226121778,1692253857541,1692253857544,1693226121793,15,3,12
9315,1693226121793,1692253857548,1692253857563,1693226121813,20,15,5
9316,1693226121813,1692253857588,1692253857591,1693226121841,28,3,25
9317,1693226121841,1692253857595,1692253857654,1693226121903,62,59,3
9318,1693226121904,1692253857662,1692253857666,1693226121915,11,4,7
9319,1693226121915,1692253857680,1692253857684,1693226121933,18,4,14
9320,1693226121933,1692253857749,1692253857752,1693226122002,69,3,66
9321,1693226122002,1692253857790,1692253857793,1693226122043,41,3,38
9322,1693226122043,1692253857797,1692253857800,1693226122050,7,3,4
9323,1693226122050,1692253857805,1692253857809,1693226122059,9,4,5
9324,1693226122059,1692253857849,1692253857852,1693226122102,43,3,40
9325,1693226122102,1692253857870,1692253857889,1693226122139,37,19,18
9326,1693226122139,1692253857941,1692253857945,1693226122194,55,4,51
9327,1693226122194,1692253857949,1692253857952,1693226122202,8,3,5
9328,1693226122202,1692253857957,1692253857960,1693226122210,8,3,5
9329,1693226122210,1692253857986,1692253857989,1693226122239,29,3,26
9330,1693226122239,1692253857993,1692253857996,1693226122246,7,3,4
9331,1693226122246,1692253858000,1692253858002,1693226122252,6,2,4
9332,1693226122252,1692253858007,1692253858010,1693226122260,8,3,5
9333,1693226122260,1692253858015,1692253858019,1693226122271,11,4,7
9334,1693226122271,1692253858046,1692253858049,1693226122298,27,3,24
9335,1693226122298,1692253858065,1692253858068,1693226122318,20,3,17
9336,1693226122318,1692253858072,1692253858075,1693226122325,7,3,4
9337,1693226122325,1692253858080,1692253858083,1693226122333,8,3,5
9338,1693226122333,1692253858087,1692253858090,1693226122342,9,3,6
9339,1693226122342,1692253858110,1692253858112,1693226122362,20,2,18
9340,1693226122362,1692253858117,1692253858120,1693226122370,8,3,5
9341,1693226122370,1692253858126,1692253858129,1693226122379,9,3,6
9342,1693226122379,1692253858133,1692253858136,1693226122385,6,3,3
9343,1693226122386,1692253858142,1692253858145,1693226122394,8,3,5
9344,1693226122394,1692253858149,1692253858152,1693226122402,8,3,5
9345,1693226122402,1692253858157,1692253858160,1693226122410,8,3,5
9346,1693226122410,1692253858164,1692253858167,1693226122417,7,3,4
9347,1693226122417,1692253858171,1692253858174,1693226122424,7,3,4
9348,1693226122424,1692253858178,1692253858181,1693226122431,7,3,4
9349,1693226122431,1692253858186,1692253858189,1693226122439,8,3,5
9350,1693226122439,1692253858194,1692253858196,1693226122447,8,2,6
9351,1693226122447,1692253858202,1692253858205,1693226122455,8,3,5
9352,1693226122455,1692253858209,1692253858213,1693226122463,8,4,4
9353,1693226122463,1692253858217,1692253858219,1693226122469,6,2,4
9354,1693226122470,1692253858224,1692253858227,1693226122477,7,3,4
9355,1693226122477,1692253858246,1692253858248,1693226122498,21,2,19
9356,1693226122498,1692253858253,1692253858255,1693226122505,7,2,5
9357,1693226122505,1692253858261,1692253858264,1693226122514,9,3,6
9358,1693226122514,1692253858277,1692253858280,1693226122530,16,3,13
9359,1693226122530,1692253858286,1692253858288,1693226122538,8,2,6
9360,1693226122538,1692253858322,1692253858324,1693226122574,36,2,34
9361,1693226122574,1692253858334,1692253858336,1693226122586,12,2,10
9362,1693226122586,1692253858342,1692253858345,1693226122595,9,3,6
9363,1693226122595,1692253858354,1692253858356,1693226122606,11,2,9
9364,1693226122606,1692253858382,1692253858384,1693226122634,28,2,26
9365,1693226122634,1692253858440,1692253858443,1693226122693,59,3,56
9366,1693226122693,1692253858493,1692253858496,1693226122745,52,3,49
9367,1693226122745,1692253858506,1692253858509,1693226122759,14,3,11
9368,1693226122759,1692253858554,1692253858557,1693226122807,48,3,45
9369,1693226122807,1692253858570,1692253858576,1693226122826,19,6,13
9370,1693226122826,1692253858594,1692253858641,1693226122891,65,47,18
9371,1693226122891,1692253858664,1692253858667,1693226122917,26,3,23
9372,1693226122917,1692253858673,1692253858676,1693226122926,9,3,6
9373,1693226122926,1692253858714,1692253858717,1693226122967,41,3,38
9374,1693226122967,1692253858794,1692253858797,1693226123047,80,3,77
9375,1693226123047,1692253858802,1692253858805,1693226123055,8,3,5
9376,1693226123055,1692253858833,1692253858836,1693226123086,31,3,28
9377,1693226123086,1692253858846,1692253858849,1693226123099,13,3,10
9378,1693226123099,1692253858855,1692253858858,1693226123108,9,3,6
9379,1693226123108,1692253858863,1692253858865,1693226123115,7,2,5
9380,1693226123115,1692253858878,1692253858880,1693226123130,15,2,13
9381,1693226123130,1692253858906,1692253858909,1693226123159,29,3,26
9382,1693226123159,1692253858914,1692253858917,1693226123166,7,3,4
9383,1693226123166,1692253858921,1692253858924,1693226123173,7,3,4
9384,1693226123173,1692253858930,1692253858933,1693226123182,9,3,6
9385,1693226123182,1692253858938,1692253858941,1693226123194,12,3,9
9386,1693226123194,1692253858950,1692253858952,1693226123219,25,2,23
9387,1693226123219,1692253859022,1692253859025,1693226123274,55,3,52
9388,1693226123274,1692253859069,1692253859072,1693226123321,47,3,44
9389,1693226123322,1692253859105,1692253859108,1693226123358,36,3,33
9390,1693226123358,1692253859112,1692253859116,1693226123365,7,4,3
9391,1693226123365,1692253859121,1692253859123,1693226123373,8,2,6
9392,1693226123373,1692253859128,1692253859131,1693226123380,7,3,4
9393,1693226123380,1692253859134,1692253859137,1693226123387,7,3,4
9394,1693226123387,1692253859141,1692253859144,1693226123394,7,3,4
9395,1693226123394,1692253859150,1692253859153,1693226123403,9,3,6
9396,1693226123403,1692253859162,1692253859165,1693226123415,12,3,9
9397,1693226123415,1692253859169,1692253859172,1693226123421,6,3,3
9398,1693226123422,1692253859209,1692253859211,1693226123461,39,2,37
9399,1693226123461,1692253859221,1692253859224,1693226123474,13,3,10
9400,1693226123474,1692253859253,1692253859256,1693226123506,32,3,29
9401,1693226123506,1692253859260,1692253859263,1693226123513,7,3,4
9402,1693226123513,1692253859301,1692253859304,1693226123554,41,3,38
9403,1693226123554,1692253859333,1692253859336,1693226123595,41,3,38
9404,1693226123595,1692253859350,1692253859353,1693226123603,8,3,5
9405,1693226123603,1692253859358,1692253859361,1693226123611,8,3,5
9406,1693226123611,1692253859366,1692253859370,1693226123619,8,4,4
9407,1693226123619,1692253859374,1692253859377,1693226123627,8,3,5
9408,1693226123627,1692253859382,1692253859385,1693226123635,8,3,5
9409,1693226123635,1692253859389,1692253859392,1693226123641,6,3,3
9410,1693226123641,1692253859440,1692253859443,1693226123693,52,3,49
9411,1693226123693,1692253859448,1692253859451,1693226123700,7,3,4
9412,1693226123700,1692253859477,1692253859480,1693226123730,30,3,27
9413,1693226123730,1692253859525,1692253859528,1693226123777,47,3,44
9414,1693226123777,1692253859565,1692253859569,1693226123818,41,4,37
9415,1693226123818,1692253859573,1692253859576,1693226123825,7,3,4
9416,1693226123826,1692253859580,1692253859583,1693226123832,6,3,3
9417,1693226123832,1692253859589,1692253859593,1693226123843,11,4,7
9418,1693226123843,1692253859614,1692253859617,1693226123867,24,3,21
9419,1693226123867,1692253859646,1692253859649,1693226123899,32,3,29
9420,1693226123899,1692253859653,1692253859656,1693226123905,6,3,3
9421,1693226123905,1692253859662,1692253859665,1693226123915,10,3,7
9422,1693226123915,1692253859669,1692253859672,1693226123922,7,3,4
9423,1693226123922,1692253859677,1692253859685,1693226123935,13,8,5
9424,1693226123935,1692253859689,1692253859692,1693226123942,7,3,4
9425,1693226123942,1692253859715,1692253859722,1693226123972,30,7,23
9426,1693226123972,1692253859727,1692253859730,1693226123980,8,3,5
9427,1693226123980,1692253859761,1692253859764,1693226124013,33,3,30
9428,1693226124014,1692253859768,1692253859771,1693226124021,7,3,4
9429,1693226124021,1692253859776,1692253859779,1693226124028,7,3,4
9430,1693226124028,1692253859783,1692253859786,1693226124036,8,3,5
9431,1693226124036,1692253859791,1692253859794,1693226124044,8,3,5
9432,1693226124044,1692253859799,1692253859803,1693226124053,9,4,5
9433,1693226124053,1692253859807,1692253859810,1693226124060,7,3,4
9434,1693226124060,1692253859821,1692253859825,1693226124075,15,4,11
9435,1693226124075,1692253859829,1692253859832,1693226124082,7,3,4
9436,1693226124082,1692253859837,1692253859840,1693226124089,7,3,4
9437,1693226124089,1692253859844,1692253859847,1693226124097,8,3,5
9438,1693226124097,1692253859886,1692253859897,1693226124147,50,11,39
9439,1693226124147,1692253859901,1692253859904,1693226124153,6,3,3
9440,1693226124153,1692253859908,1692253859911,1693226124161,8,3,5
9441,1693226124161,1692253859916,1692253859919,1693226124169,8,3,5
9442,1693226124169,1692253859924,1692253859927,1693226124177,8,3,5
9443,1693226124177,1692253859932,1692253859937,1693226124186,9,5,4
9444,1693226124186,1692253859941,1692253859944,1693226124194,8,3,5
9445,1693226124194,1692253859949,1692253859952,1693226124202,8,3,5
9446,1693226124202,1692253859957,1692253859960,1693226124209,7,3,4
9447,1693226124209,1692253859998,1692253860002,1693226124252,43,4,39
9448,1693226124252,1692253860010,1692253860013,1693226124263,11,3,8
9449,1693226124263,1692253860018,1692253860020,1693226124270,7,2,5
9450,1693226124270,1692253860070,1692253860074,1693226124323,53,4,49
9451,1693226124323,1692253860089,1692253860092,1693226124342,19,3,16
9452,1693226124342,1692253860096,1692253860100,1693226124350,8,4,4
9453,1693226124350,1692253860105,1692253860108,1693226124357,7,3,4
9454,1693226124357,1692253860126,1692253860129,1693226124379,22,3,19
9455,1693226124379,1692253860169,1692253860172,1693226124422,43,3,40
9456,1693226124422,1692253860218,1692253860222,1693226124472,50,4,46
9457,1693226124472,1692253860233,1692253860236,1693226124486,14,3,11
9458,1693226124486,1692253860261,1692253860265,1693226124515,29,4,25
9459,1693226124515,1692253860274,1692253860276,1693226124526,11,2,9
9460,1693226124526,1692253860322,1692253860325,1693226124575,49,3,46
9461,1693226124575,1692253860334,1692253860337,1693226124586,11,3,8
9462,1693226124586,1692253860346,1692253860348,1693226124598,12,2,10
9463,1693226124598,1692253860353,1692253860356,1693226124606,8,3,5
9464,1693226124606,1692253860362,1692253860364,1693226124614,8,2,6
9465,1693226124614,1692253860368,1692253860371,1693226124621,7,3,4
9466,1693226124621,1692253860375,1692253860378,1693226124628,7,3,4
9467,1693226124628,1692253860383,1692253860386,1693226124635,7,3,4
9468,1693226124636,1692253860390,1692253860393,1693226124643,7,3,4
9469,1693226124643,1692253860398,1692253860401,1693226124650,7,3,4
9470,1693226124650,1692253860405,1692253860408,1693226124658,8,3,5
9471,1693226124658,1692253860412,1692253860416,1693226124666,8,4,4
9472,1693226124666,1692253860420,1692253860423,1693226124673,7,3,4
9473,1693226124673,1692253860428,1692253860430,1693226124680,7,2,5
9474,1693226124680,1692253860435,1692253860437,1693226124687,7,2,5
9475,1693226124687,1692253860444,1692253860447,1693226124721,34,3,31
9476,1693226124721,1692253860476,1692253860479,1693226124729,8,3,5
9477,1693226124729,1692253860494,1692253860496,1693226124750,21,2,19
9478,1693226124750,1692253860517,1692253860520,1693226124771,21,3,18
9479,1693226124771,1692253860525,1692253860528,1693226124778,7,3,4
9480,1693226124778,1692253860541,1692253860549,1693226124799,21,8,13
9481,1693226124799,1692253860558,1692253860561,1693226124810,11,3,8
9482,1693226124810,1692253860589,1692253860592,1693226124842,32,3,29
9483,1693226124842,1692253860601,1692253860625,1693226124877,35,24,11
9484,1693226124877,1692253860632,1692253860635,1693226124885,8,3,5
9485,1693226124885,1692253860681,1692253860684,1693226124952,67,3,64
9486,1693226124952,1692253860714,1692253860717,1693226124967,15,3,12
9487,1693226124967,1692253860742,1692253860745,1693226124995,28,3,25
9488,1693226124995,1692253860754,1692253860756,1693226125006,11,2,9
9489,1693226125006,1692253860761,1692253860764,1693226125013,7,3,4
9490,1693226125013,1692253860777,1692253860781,1693226125031,18,4,14
9491,1693226125031,1692253860785,1692253860789,1693226125039,8,4,4
9492,1693226125039,1692253860794,1692253860798,1693226125047,8,4,4
9493,1693226125047,1692253860817,1692253860820,1693226125070,23,3,20
9494,1693226125070,1692253860826,1692253860829,1693226125079,9,3,6
9495,1693226125079,1692253860847,1692253860850,1693226125100,21,3,18
9496,1693226125100,1692253860893,1692253860896,1693226125146,46,3,43
9497,1693226125146,1692253860902,1692253860905,1693226125155,9,3,6
9498,1693226125155,1692253860909,1692253860912,1693226125162,7,3,4
9499,1693226125162,1692253860917,1692253860920,1693226125170,8,3,5
9500,1693226125170,1692253860925,1692253860928,1693226125177,7,3,4
9501,1693226125177,1692253860932,1692253860935,1693226125185,8,3,5
9502,1693226125185,1692253860939,1692253860942,1693226125192,7,3,4
9503,1693226125192,1692253860948,1692253860951,1693226125202,10,3,7
9504,1693226125202,1692253860956,1692253860960,1693226125210,8,4,4
9505,1693226125210,1692253861006,1692253861008,1693226125259,49,2,47
9506,1693226125259,1692253861046,1692253861050,1693226125299,40,4,36
9507,1693226125299,1692253861133,1692253861136,1693226125386,87,3,84
9508,1693226125386,1692253861173,1692253861176,1693226125425,39,3,36
9509,1693226125425,1692253861180,1692253861184,1693226125434,9,4,5
9510,1693226125434,1692253861188,1692253861199,1693226125449,15,11,4
9511,1693226125449,1692253861245,1692253861249,1693226125498,49,4,45
9512,1693226125498,1692253861253,1692253861256,1693226125506,8,3,5
9513,1693226125506,1692253861261,1692253861270,1693226125520,14,9,5
9514,1693226125520,1692253861275,1692253861277,1693226125527,7,2,5
9515,1693226125527,1692253861282,1692253861285,1693226125534,7,3,4
9516,1693226125535,1692253861289,1692253861292,1693226125542,7,3,4
9517,1693226125542,1692253861333,1692253861342,1693226125592,50,9,41
9518,1693226125592,1692253861349,1692253861352,1693226125602,10,3,7
9519,1693226125602,1692253861396,1692253861399,1693226125650,48,3,45
9520,1693226125650,1692253861406,1692253861409,1693226125659,9,3,6
9521,1693226125659,1692253861418,1692253861420,1693226125678,19,2,17
9522,1693226125678,1692253861442,1692253861446,1693226125696,18,4,14
9523,1693226125696,1692253861461,1692253861465,1693226125715,19,4,15
9524,1693226125715,1692253861513,1692253861516,1693226125766,51,3,48
9525,1693226125766,1692253861526,1692253861529,1693226125779,13,3,10
9526,1693226125779,1692253861533,1692253861536,1693226125786,7,3,4
9527,1693226125786,1692253861565,1692253861568,1693226125818,32,3,29
9528,1693226125818,1692253861597,1692253861600,1693226125850,32,3,29
9529,1693226125850,1692253861608,1692253861613,1693226125863,13,5,8
9530,1693226125863,1692253861661,1692253861665,1693226125914,51,4,47
9531,1693226125914,1692253861669,1692253861672,1693226125922,8,3,5
9532,1693226125922,1692253861686,1692253861689,1693226125939,17,3,14
9533,1693226125939,1692253861709,1692253861712,1693226125962,23,3,20
9534,1693226125962,1692253861721,1692253861724,1693226125974,12,3,9
9535,1693226125974,1692253861786,1692253861789,1693226126042,68,3,65
9536,1693226126042,1692253861796,1692253861800,1693226126050,8,4,4
9537,1693226126050,1692253861865,1692253861868,1693226126133,83,3,80
9538,1693226126133,1692253861949,1692253861952,1693226126202,69,3,66
9539,1693226126202,1692253861956,1692253861960,1693226126209,7,4,3
9540,1693226126209,1692253862039,1692253862042,1693226126292,83,3,80
9541,1693226126292,1692253862046,1692253862049,1693226126299,7,3,4
9542,1693226126299,1692253862054,1692253862056,1693226126306,7,2,5
9543,1693226126306,1692253862060,1692253862063,1693226126313,7,3,4
9544,1693226126313,1692253862068,1692253862071,1693226126321,8,3,5
9545,1693226126321,1692253862076,1692253862079,1693226126329,8,3,5
9546,1693226126329,1692253862083,1692253862086,1693226126336,7,3,4
9547,1693226126336,1692253862090,1692253862093,1693226126343,7,3,4
9548,1693226126343,1692253862101,1692253862104,1693226126354,11,3,8
9549,1693226126354,1692253862113,1692253862116,1693226126367,13,3,10
9550,1693226126367,1692253862126,1692253862128,1693226126378,11,2,9
9551,1693226126378,1692253862133,1692253862136,1693226126386,8,3,5
9552,1693226126386,1692253862217,1692253862220,1693226126470,84,3,81
9553,1693226126470,1692253862234,1692253862238,1693226126488,18,4,14
9554,1693226126488,1692253862242,1692253862245,1693226126495,7,3,4
9555,1693226126495,1692253862249,1692253862251,1693226126501,6,2,4
9556,1693226126501,1692253862256,1692253862259,1693226126509,8,3,5
9557,1693226126509,1692253862266,1692253862269,1693226126518,9,3,6
9558,1693226126518,1692253862273,1692253862276,1693226126526,8,3,5
9559,1693226126526,1692253862281,1692253862284,1693226126534,8,3,5
9560,1693226126534,1692253862397,1692253862401,1693226126651,117,4,113
9561,1693226126651,1692253862413,1692253862416,1693226126666,15,3,12
9562,1693226126666,1692253862426,1692253862428,1693226126678,12,2,10
9563,1693226126678,1692253862437,1692253862442,1693226126691,13,5,8
9564,1693226126691,1692253862446,1692253862449,1693226126699,8,3,5
9565,1693226126699,1692253862453,1692253862456,1693226126706,7,3,4
9566,1693226126706,1692253862461,1692253862464,1693226126714,8,3,5
9567,1693226126714,1692253862469,1692253862471,1693226126721,7,2,5
9568,1693226126721,1692253862476,1692253862478,1693226126728,7,2,5
9569,1693226126728,1692253862483,1692253862485,1693226126735,7,2,5
9570,1693226126735,1692253862489,1692253862492,1693226126741,6,3,3
9571,1693226126741,1692253862496,1692253862498,1693226126748,7,2,5
9572,1693226126748,1692253862503,1692253862507,1693226126874,126,4,122
9573,1693226126874,1692253862634,1692253862642,1693226126892,18,8,10
9574,1693226126892,1692253862647,1692253862650,1693226126900,8,3,5
9575,1693226126900,1692253862717,1692253862720,1693226126970,70,3,67
9576,1693226126970,1692253862729,1692253862733,1693226126983,13,4,9
9577,1693226126983,1692253862737,1692253862740,1693226126989,6,3,3
9578,1693226126989,1692253862744,1692253862747,1693226126997,8,3,5
9579,1693226126997,1692253862752,1692253862755,1693226127005,8,3,5
9580,1693226127005,1692253862762,1692253862764,1693226127014,9,2,7
9581,1693226127014,1692253862768,1692253862771,1693226127021,7,3,4
9582,1693226127021,1692253862775,1692253862778,1693226127028,7,3,4
9583,1693226127028,1692253862794,1692253862798,1693226127048,20,4,16
9584,1693226127048,1692253862802,1692253862806,1693226127056,8,4,4
9585,1693226127056,1692253862901,1692253862904,1693226127154,98,3,95
9586,1693226127154,1692253862921,1692253862924,1693226127174,20,3,17
9587,1693226127174,1692253862934,1692253862936,1693226127186,12,2,10
9588,1693226127186,1692253862941,1692253862944,1693226127193,7,3,4
9589,1693226127193,1692253862948,1692253862953,1693226127203,10,5,5
9590,1693226127203,1692253862957,1692253862961,1693226127212,9,4,5
9591,1693226127212,1692253863013,1692253863016,1693226127265,53,3,50
9592,1693226127265,1692253863022,1692253863025,1693226127275,10,3,7
9593,1693226127276,1692253863034,1692253863036,1693226127290,14,2,12
9594,1693226127290,1692253863057,1692253863060,1693226127310,20,3,17
9595,1693226127310,1692253863064,1692253863067,1693226127317,7,3,4
9596,1693226127317,1692253863071,1692253863074,1693226127324,7,3,4
9597,1693226127324,1692253863078,1692253863081,1693226127331,7,3,4
9598,1693226127331,1692253863097,1692253863100,1693226127350,19,3,16
9599,1693226127350,1692253863105,1692253863108,1693226127358,8,3,5
9600,1693226127358,1692253863113,1692253863116,1693226127366,8,3,5
9601,1693226127366,1692253863126,1692253863129,1693226127379,13,3,10
9602,1693226127379,1692253863158,1692253863160,1693226127412,33,2,31
9603,1693226127412,1692253863173,1692253863176,1693226127426,14,3,11
9604,1693226127426,1692253863214,1692253863217,1693226127467,41,3,38
9605,1693226127467,1692253863225,1692253863228,1693226127477,10,3,7
9606,1693226127478,1692253863234,1692253863236,1693226127486,8,2,6
9607,1693226127486,1692253863241,1692253863244,1693226127494,8,3,5
9608,1693226127494,1692253863318,1692253863321,1693226127579,85,3,82
9609,1693226127579,1692253863342,1692253863345,1693226127596,17,3,14
9610,1693226127596,1692253863354,1692253863356,1693226127606,10,2,8
9611,1693226127606,1692253863361,1692253863363,1693226127617,11,2,9
9612,1693226127617,1692253863385,1692253863388,1693226127638,21,3,18
9613,1693226127638,1692253863413,1692253863416,1693226127666,28,3,25
9614,1693226127666,1692253863422,1692253863425,1693226127675,9,3,6
9615,1693226127675,1692253863446,1692253863451,1693226127701,26,5,21
9616,1693226127701,1692253863456,1692253863459,1693226127708,7,3,4
9617,1693226127708,1692253863502,1692253863505,1693226127755,47,3,44
9618,1693226127755,1692253863510,1692253863513,1693226127762,7,3,4
9619,1693226127762,1692253863518,1692253863521,1693226127771,9,3,6
9620,1693226127771,1692253863530,1692253863532,1693226127782,11,2,9
9621,1693226127782,1692253863538,1692253863541,1693226127790,8,3,5
9622,1693226127790,1692253863558,1692253863560,1693226127810,20,2,18
9623,1693226127810,1692253863570,1692253863573,1693226127823,13,3,10
9624,1693226127823,1692253863578,1692253863580,1693226127831,8,2,6
9625,1693226127831,1692253863589,1692253863592,1693226127842,11,3,8
9626,1693226127842,1692253863597,1692253863603,1693226127853,11,6,5
9627,1693226127853,1692253863614,1692253863617,1693226127867,14,3,11
9628,1693226127867,1692253863622,1692253863625,1693226127874,7,3,4
9629,1693226127875,1692253863629,1692253863631,1693226127881,6,2,4
9630,1693226127881,1692253863653,1692253863656,1693226127906,25,3,22
9631,1693226127906,1692253863678,1692253863686,1693226127936,30,8,22
9632,1693226127936,1692253863691,1692253863693,1693226127943,7,2,5
9633,1693226127943,1692253863698,1692253863705,1693226127955,12,7,5
9634,1693226127955,1692253863710,1692253863713,1693226127963,8,3,5
9635,1693226127963,1692253863718,1692253863721,1693226127971,8,3,5
9636,1693226127971,1692253863730,1692253863734,1693226127983,12,4,8
9637,1693226127984,1692253863742,1692253863744,1693226127994,10,2,8
9638,1693226127994,1692253863750,1692253863753,1693226128003,9,3,6
9639,1693226128003,1692253863773,1692253863776,1693226128026,23,3,20
9640,1693226128026,1692253863786,1692253863793,1693226128043,17,7,10
9641,1693226128043,1692253863798,1692253863801,1693226128051,8,3,5
9642,1693226128051,1692253863806,1692253863853,1693226128103,52,47,5
9643,1693226128103,1692253863909,1692253863912,1693226128162,59,3,56
9644,1693226128162,1692253863917,1692253863920,1693226128170,8,3,5
9645,1693226128170,1692253863925,1692253863928,1693226128177,7,3,4
9646,1693226128177,1692253863950,1692253863952,1693226128202,25,2,23
9647,1693226128202,1692253863956,1692253863960,1693226128210,8,4,4
9648,1693226128210,1692253863978,1692253863980,1693226128230,20,2,18
9649,1693226128230,1692253864003,1692253864006,1693226128255,25,3,22
9650,1693226128255,1692253864010,1692253864014,1693226128264,9,4,5
9651,1693226128264,1692253864022,1692253864024,1693226128274,10,2,8
9652,1693226128274,1692253864029,1692253864032,1693226128281,7,3,4
9653,1693226128281,1692253864038,1692253864041,1693226128291,10,3,7
9654,1693226128291,1692253864046,1692253864048,1693226128298,7,2,5
9655,1693226128298,1692253864052,1692253864055,1693226128305,7,3,4
9656,1693226128305,1692253864069,1692253864073,1693226128323,18,4,14
9657,1693226128323,1692253864098,1692253864101,1693226128351,28,3,25
9658,1693226128351,1692253864110,1692253864113,1693226128363,12,3,9
9659,1693226128363,1692253864169,1692253864172,1693226128422,59,3,56
9660,1693226128422,1692253864189,1692253864192,1693226128442,20,3,17
9661,1693226128442,1692253864317,1692253864320,1693226128570,128,3,125
9662,1693226128570,1692253864326,1692253864329,1693226128578,8,3,5
9663,1693226128579,1692253864350,1692253864354,1693226128604,25,4,21
9664,1693226128604,1692253864362,1692253864364,1693226128614,10,2,8
9665,1693226128614,1692253864451,1692253864455,1693226128704,90,4,86
9666,1693226128705,1692253864459,1692253864462,1693226128711,6,3,3
9667,1693226128712,1692253864597,1692253864600,1693226128850,138,3,135
9668,1693226128850,1692253864605,1692253864609,1693226128859,9,4,5
9669,1693226128859,1692253864730,1692253864733,1693226128983,124,3,121
9670,1693226128983,1692253864738,1692253864769,1693226129019,36,31,5
9671,1693226129019,1692253864773,1692253864776,1693226129025,6,3,3
9672,1693226129025,1692253864794,1692253864798,1693226129048,23,4,19
9673,1693226129048,1692253864873,1692253864876,1693226129126,78,3,75
9674,1693226129126,1692253864894,1692253864897,1693226129147,21,3,18
9675,1693226129147,1692253864937,1692253864940,1693226129190,43,3,40
9676,1693226129190,1692253864946,1692253864949,1693226129199,9,3,6
9677,1693226129199,1692253864955,1692253864958,1693226129207,8,3,5
9678,1693226129207,1692253864962,1692253864965,1693226129215,8,3,5
9679,1693226129215,1692253865010,1692253865013,1693226129262,47,3,44
9680,1693226129262,1692253865057,1692253865060,1693226129309,47,3,44
9681,1693226129309,1692253865064,1692253865067,1693226129317,8,3,5
9682,1693226129317,1692253865072,1692253865076,1693226129325,8,4,4
9683,1693226129325,1692253865081,1692253865083,1693226129333,8,2,6
9684,1693226129333,1692253865091,1692253865094,1693226129343,10,3,7
9685,1693226129343,1692253865105,1692253865108,1693226129358,15,3,12
9686,1693226129358,1692253865112,1692253865115,1693226129365,7,3,4
9687,1693226129365,1692253865130,1692253865133,1693226129383,18,3,15
9688,1693226129383,1692253865149,1692253865153,1693226129403,20,4,16
9689,1693226129403,1692253865158,1692253865161,1693226129411,8,3,5
9690,1693226129411,1692253865189,1692253865192,1693226129444,33,3,30
9691,1693226129444,1692253865226,1692253865229,1693226129479,35,3,32
9692,1693226129479,1692253865246,1692253865249,1693226129499,20,3,17
9693,1693226129499,1692253865265,1692253865268,1693226129517,18,3,15
9694,1693226129518,1692253865285,1692253865288,1693226129538,20,3,17
9695,1693226129538,1692253865305,1692253865308,1693226129558,20,3,17
9696,1693226129558,1692253865317,1692253865320,1693226129570,12,3,9
9697,1693226129570,1692253865324,1692253865327,1693226129577,7,3,4
9698,1693226129577,1692253865357,1692253865360,1693226129609,32,3,29
9699,1693226129609,1692253865390,1692253865393,1693226129644,35,3,32
9700,1693226129644,1692253865399,1692253865403,1693226129653,9,4,5
9701,1693226129653,1692253865414,1692253865417,1693226129667,14,3,11
9702,1693226129667,1692253865424,1692253865427,1693226129676,9,3,6
9703,1693226129676,1692253865432,1692253865434,1693226129684,8,2,6
9704,1693226129684,1692253865438,1692253865441,1693226129690,6,3,3
9705,1693226129690,1692253865449,1692253865452,1693226129702,12,3,9
9706,1693226129702,1692253865478,1692253865481,1693226129731,29,3,26
9707,1693226129731,1692253865485,1692253865488,1693226129738,7,3,4
9708,1693226129738,1692253865492,1692253865495,1693226129746,8,3,5
9709,1693226129746,1692253865501,1692253865504,1693226129753,7,3,4
9710,1693226129754,1692253865508,1692253865511,1693226129762,8,3,5
9711,1693226129762,1692253865516,1692253865519,1693226129768,6,3,3
9712,1693226129768,1692253865522,1692253865526,1693226129775,7,4,3
9713,1693226129775,1692253865531,1692253865534,1693226129784,9,3,6
9714,1693226129784,1692253865539,1692253865542,1693226129791,7,3,4
9715,1693226129791,1692253865546,1692253865549,1693226129798,7,3,4
9716,1693226129798,1692253865553,1692253865556,1693226129806,8,3,5
9717,1693226129806,1692253865561,1692253865564,1693226129814,8,3,5
9718,1693226129814,1692253865568,1692253865571,1693226129821,7,3,4
9719,1693226129821,1692253865575,1692253865577,1693226129827,6,2,4
9720,1693226129827,1692253865582,1692253865585,1693226129835,8,3,5
9721,1693226129835,1692253865590,1692253865592,1693226129842,7,2,5
9722,1693226129842,1692253865598,1692253865602,1693226129851,9,4,5
9723,1693226129851,1692253865606,1692253865609,1693226129859,8,3,5
9724,1693226129859,1692253865647,1692253865650,1693226129900,41,3,38
9725,1693226129900,1692253865662,1692253865664,1693226129914,14,2,12
9726,1693226129914,1692253865693,1692253865696,1693226129946,32,3,29
9727,1693226129946,1692253865713,1692253865717,1693226129990,44,4,40
9728,1693226129990,1692253865758,1692253865763,1693226130014,24,5,19
9729,1693226130014,1692253865789,1692253865792,1693226130042,28,3,25
9730,1693226130042,1692253865798,1692253865801,1693226130051,9,3,6
9731,1693226130051,1692253865813,1692253865817,1693226130067,16,4,12
9732,1693226130067,1692253865822,1692253865826,1693226130076,9,4,5
9733,1693226130076,1692253865830,1692253865834,1693226130083,7,4,3
9734,1693226130084,1692253865838,1692253865861,1693226130111,27,23,4
9735,1693226130111,1692253865874,1692253865877,1693226130126,15,3,12
9736,1693226130126,1692253865881,1692253865884,1693226130134,8,3,5
9737,1693226130134,1692253865889,1692253865893,1693226130143,9,4,5
9738,1693226130143,1692253865898,1692253865901,1693226130157,14,3,11
9739,1693226130157,1692253865930,1692253865941,1693226130194,37,11,26
9740,1693226130194,1692253865949,1692253865952,1693226130207,13,3,10
9741,1693226130207,1692253865961,1692253865965,1693226130214,7,4,3
9742,1693226130215,1692253865969,1692253865972,1693226130222,7,3,4
9743,1693226130222,1692253865981,1692253865984,1693226130239,17,3,14
9744,1693226130240,1692253865995,1692253865998,1693226130255,15,3,12
9745,1693226130255,1692253866011,1692253866015,1693226130265,10,4,6
9746,1693226130265,1692253866026,1692253866029,1693226130278,13,3,10
9747,1693226130278,1692253866034,1692253866037,1693226130287,9,3,6
9748,1693226130287,1692253866045,1692253866049,1693226130299,12,4,8
9749,1693226130299,1692253866053,1692253866056,1693226130306,7,3,4
9750,1693226130306,1692253866061,1692253866064,1693226130313,7,3,4
9751,1693226130313,1692253866068,1692253866071,1693226130321,8,3,5
9752,1693226130322,1692253866076,1692253866079,1693226130328,6,3,3
9753,1693226130328,1692253866089,1692253866092,1693226130342,14,3,11
9754,1693226130342,1692253866098,1692253866103,1693226130353,11,5,6
9755,1693226130353,1692253866108,1692253866111,1693226130362,9,3,6
9756,1693226130362,1692253866130,1692253866133,1693226130383,21,3,18
9757,1693226130383,1692253866146,1692253866149,1693226130399,16,3,13
9758,1693226130399,1692253866161,1692253866164,1693226130413,14,3,11
9759,1693226130413,1692253866168,1692253866171,1693226130421,8,3,5
9760,1693226130421,1692253866175,1692253866178,1693226130428,7,3,4
9761,1693226130428,1692253866183,1692253866186,1693226130436,8,3,5
9762,1693226130436,1692253866217,1692253866220,1693226130469,33,3,30
9763,1693226130470,1692253866225,1692253866228,1693226130479,9,3,6
9764,1693226130479,1692253866263,1692253866265,1693226130515,36,2,34
9765,1693226130515,1692253866326,1692253866329,1693226130579,64,3,61
9766,1693226130579,1692253866346,1692253866348,1693226130598,19,2,17
9767,1693226130598,1692253866354,1692253866356,1693226130606,8,2,6
9768,1693226130606,1692253866405,1692253866408,1693226130658,52,3,49
9769,1693226130658,1692253866450,1692253866454,1693226130704,46,4,42
9770,1693226130704,1692253866558,1692253866561,1693226130811,107,3,104
9771,1693226130811,1692253866567,1692253866569,1693226130819,8,2,6
9772,1693226130819,1692253866573,1692253866576,1693226130826,7,3,4
9773,1693226130826,1692253866581,1692253866585,1693226130835,9,4,5
9774,1693226130835,1692253866590,1692253866593,1693226130842,7,3,4
9775,1693226130842,1692253866597,1692253866600,1693226130850,8,3,5
9776,1693226130850,1692253866604,1692253866607,1693226130857,7,3,4
9777,1693226130857,1692253866612,1692253866615,1693226130865,8,3,5
9778,1693226130865,1692253866657,1692253866661,1693226130946,81,4,77
9779,1693226130946,1692253866707,1692253866710,1693226130960,14,3,11
9780,1693226130960,1692253866715,1692253866718,1693226130967,7,3,4
9781,1693226130967,1692253866729,1692253866732,1693226130984,17,3,14
9782,1693226130984,1692253866746,1692253866749,1693226130999,15,3,12
9783,1693226130999,1692253866758,1692253866761,1693226131010,11,3,8
9784,1693226131010,1692253866765,1692253866768,1693226131018,8,3,5
9785,1693226131018,1692253866773,1692253866776,1693226131025,7,3,4
9786,1693226131025,1692253866779,1692253866782,1693226131032,7,3,4
9787,1693226131032,1692253866792,1692253866795,1693226131045,13,3,10
9788,1693226131045,1692253866801,1692253866804,1693226131054,9,3,6
9789,1693226131054,1692253866809,1692253866814,1693226131064,10,5,5
9790,1693226131064,1692253866878,1692253866880,1693226131142,78,2,76
9791,1693226131142,1692253866897,1692253866900,1693226131150,8,3,5
9792,1693226131150,1692253866904,1692253866907,1693226131157,7,3,4
9793,1693226131157,1692253866911,1692253866914,1693226131164,7,3,4
9794,1693226131164,1692253866918,1692253866921,1693226131171,7,3,4
9795,1693226131171,1692253866926,1692253866930,1693226131180,9,4,5
9796,1693226131180,1692253866937,1692253866940,1693226131190,10,3,7
9797,1693226131190,1692253866944,1692253866947,1693226131197,7,3,4
9798,1693226131197,1692253866952,1692253866955,1693226131205,8,3,5
9799,1693226131205,1692253866980,1692253866983,1693226131233,28,3,25
9800,1693226131233,1692253866988,1692253867027,1693226131276,43,39,4
9801,1693226131276,1692253867034,1692253867039,1693226131289,13,5,8
9802,1693226131289,1692253867046,1692253867049,1693226131299,10,3,7
9803,1693226131299,1692253867053,1692253867056,1693226131306,7,3,4
9804,1693226131306,1692253867061,1692253867064,1693226131313,7,3,4
9805,1693226131313,1692253867068,1692253867071,1693226131320,7,3,4
9806,1693226131320,1692253867076,1692253867078,1693226131328,8,2,6
9807,1693226131328,1692253867083,1692253867086,1693226131336,8,3,5
9808,1693226131336,1692253867090,1692253867093,1693226131343,7,3,4
9809,1693226131343,1692253867126,1692253867131,1693226131380,37,5,32
9810,1693226131380,1692253867137,1692253867140,1693226131390,10,3,7
9811,1693226131390,1692253867144,1692253867147,1693226131397,7,3,4
9812,1693226131397,1692253867152,1692253867155,1693226131404,7,3,4
9813,1693226131404,1692253867193,1692253867196,1693226131446,42,3,39
9814,1693226131446,1692253867202,1692253867205,1693226131456,10,3,7
9815,1693226131456,1692253867211,1692253867214,1693226131464,8,3,5
9816,1693226131464,1692253867219,1692253867222,1693226131472,8,3,5
9817,1693226131472,1692253867226,1692253867229,1693226131479,7,3,4
9818,1693226131479,1692253867234,1692253867236,1693226131487,8,2,6
9819,1693226131487,1692253867261,1692253867265,1693226131514,27,4,23
9820,1693226131514,1692253867290,1692253867293,1693226131543,29,3,26
9821,1693226131543,1692253867303,1692253867305,1693226131555,12,2,10
9822,1693226131555,1692253867310,1692253867313,1693226131562,7,3,4
9823,1693226131562,1692253867318,1692253867321,1693226131571,9,3,6
9824,1693226131571,1692253867326,1692253867330,1693226131579,8,4,4
9825,1693226131579,1692253867334,1692253867337,1693226131587,8,3,5
9826,1693226131587,1692253867406,1692253867409,1693226131659,72,3,69
9827,1693226131659,1692253867457,1692253867460,1693226131710,51,3,48
9828,1693226131710,1692253867466,1692253867469,1693226131719,9,3,6
9829,1693226131719,1692253867518,1692253867522,1693226131771,52,4,48
9830,1693226131771,1692253867529,1692253867532,1693226131781,10,3,7
9831,1693226131781,1692253867542,1692253867544,1693226131794,13,2,11
9832,1693226131794,1692253867554,1692253867556,1693226131806,12,2,10
9833,1693226131806,1692253867608,1692253867612,1693226131861,55,4,51
9834,1693226131861,1692253867642,1692253867645,1693226131897,36,3,33
9835,1693226131897,1692253867681,1692253867684,1693226131934,37,3,34
9836,1693226131934,1692253867753,1692253867756,1693226132006,72,3,69
9837,1693226132006,1692253867760,1692253867764,1693226132014,8,4,4
9838,1693226132014,1692253867800,1692253867805,1693226132054,40,5,35
9839,1693226132054,1692253867810,1692253867814,1693226132064,10,4,6
9840,1693226132064,1692253867819,1692253867821,1693226132071,7,2,5
9841,1693226132071,1692253867826,1692253867829,1693226132079,8,3,5
9842,1693226132079,1692253867834,1692253867837,1693226132087,8,3,5
9843,1693226132087,1692253867890,1692253867896,1693226132150,63,6,57
9844,1693226132150,1692253867925,1692253867928,1693226132177,27,3,24
9845,1693226132177,1692253867957,1692253867960,1693226132209,32,3,29
9846,1693226132209,1692253867965,1692253867969,1693226132219,10,4,6
9847,1693226132219,1692253867981,1692253867984,1693226132234,15,3,12
9848,1693226132234,1692253867989,1692253867992,1693226132254,20,3,17
9849,1693226132254,1692253868008,1692253868012,1693226132262,8,4,4
9850,1693226132262,1692253868017,1692253868020,1693226132270,8,3,5
9851,1693226132270,1692253868025,1692253868028,1693226132278,8,3,5
9852,1693226132278,1692253868032,1692253868036,1693226132285,7,4,3
9853,1693226132285,1692253868046,1692253868049,1693226132298,13,3,10
9854,1693226132299,1692253868061,1692253868064,1693226132314,15,3,12
9855,1693226132314,1692253868068,1692253868072,1693226132321,7,4,3
9856,1693226132321,1692253868093,1692253868096,1693226132346,25,3,22
9857,1693226132346,1692253868100,1692253868103,1693226132353,7,3,4
9858,1693226132353,1692253868107,1692253868111,1693226132361,8,4,4
9859,1693226132361,1692253868137,1692253868145,1693226132395,34,8,26
9860,1693226132395,1692253868149,1692253868152,1693226132402,7,3,4
9861,1693226132402,1692253868157,1692253868160,1693226132410,8,3,5
9862,1693226132410,1692253868178,1692253868180,1693226132430,20,2,18
9863,1693226132430,1692253868186,1692253868189,1693226132439,9,3,6
9864,1693226132439,1692253868237,1692253868240,1693226132490,51,3,48
9865,1693226132490,1692253868249,1692253868252,1693226132506,16,3,13
9866,1693226132506,1692253868277,1692253868280,1693226132530,24,3,21
9867,1693226132530,1692253868302,1692253868305,1693226132554,24,3,21
9868,1693226132554,1692253868309,1692253868312,1693226132561,7,3,4
9869,1693226132561,1692253868318,1692253868333,1693226132583,22,15,7
9870,1693226132583,1692253868345,1692253868354,1693226132604,21,9,12
9871,1693226132604,1692253868373,1692253868376,1693226132625,21,3,18
9872,1693226132625,1692253868380,1692253868383,1693226132633,8,3,5
9873,1693226132633,1692253868389,1692253868392,1693226132641,8,3,5
9874,1693226132641,1692253868402,1692253868404,1693226132654,13,2,11
9875,1693226132654,1692253868426,1692253868429,1693226132679,25,3,22
9876,1693226132679,1692253868446,1692253868449,1693226132698,19,3,16
9877,1693226132698,1692253868456,1692253868459,1693226132709,11,3,8
9878,1693226132709,1692253868464,1692253868467,1693226132716,7,3,4
9879,1693226132716,1692253868501,1692253868504,1693226132754,38,3,35
9880,1693226132754,1692253868510,1692253868512,1693226132762,8,2,6
9881,1693226132762,1692253868516,1692253868519,1693226132769,7,3,4
9882,1693226132769,1692253868524,1692253868527,1693226132776,7,3,4
9883,1693226132777,1692253868532,1692253868536,1693226132787,10,4,6
9884,1693226132787,1692253868542,1692253868544,1693226132795,8,2,6
9885,1693226132795,1692253868549,1692253868552,1693226132801,6,3,3
9886,1693226132801,1692253868556,1692253868559,1693226132808,7,3,4
9887,1693226132808,1692253868563,1692253868566,1693226132815,7,3,4
9888,1693226132816,1692253868571,1692253868574,1693226132824,8,3,5
9889,1693226132824,1692253868605,1692253868608,1693226132861,37,3,34
9890,1693226132861,1692253868616,1692253868619,1693226132869,8,3,5
9891,1693226132869,1692253868624,1692253868630,1693226132879,10,6,4
9892,1693226132879,1692253868643,1692253868646,1693226132896,17,3,14
9893,1693226132896,1692253868651,1692253868653,1693226132903,7,2,5
9894,1693226132903,1692253868658,1692253868661,1693226132911,8,3,5
9895,1693226132911,1692253868666,1692253868669,1693226132921,10,3,7
9896,1693226132921,1692253868676,1692253868679,1693226132928,7,3,4
9897,1693226132928,1692253868694,1692253868697,1693226132946,18,3,15
9898,1693226132947,1692253868701,1692253868704,1693226132954,7,3,4
9899,1693226132954,1692253868708,1692253868712,1693226132962,8,4,4
9900,1693226132962,1692253868717,1692253868720,1693226132970,8,3,5
9901,1693226132970,1692253868777,1692253868780,1693226133034,64,3,61
9902,1693226133034,1692253868789,1692253868792,1693226133041,7,3,4
9903,1693226133041,1692253868796,1692253868798,1693226133048,7,2,5
9904,1693226133048,1692253868803,1692253868807,1693226133057,9,4,5
9905,1693226133057,1692253868850,1692253868852,1693226133102,45,2,43
9906,1693226133102,1692253868858,1692253868861,1693226133111,9,3,6
9907,1693226133111,1692253868877,1692253868880,1693226133130,19,3,16
9908,1693226133130,1692253868886,1692253868888,1693226133138,8,2,6
9909,1693226133138,1692253868906,1692253868908,1693226133158,20,2,18
9910,1693226133158,1692253868926,1692253868929,1693226133179,21,3,18
9911,1693226133179,1692253868976,1692253868979,1693226133229,50,3,47
9912,1693226133229,1692253868984,1692253868987,1693226133237,8,3,5
9913,1693226133237,1692253869129,1692253869132,1693226133382,145,3,142
9914,1693226133382,1692253869138,1692253869141,1693226133390,8,3,5
9915,1693226133391,1692253869153,1692253869156,1693226133406,15,3,12
9916,1693226133406,1692253869198,1692253869200,1693226133450,44,2,42
9917,1693226133450,1692253869205,1692253869207,1693226133457,7,2,5
9918,1693226133457,1692253869214,1692253869216,1693226133468,11,2,9
9919,1693226133468,1692253869223,1692253869227,1693226133477,9,4,5
9920,1693226133477,1692253869232,1692253869235,1693226133485,8,3,5
9921,1693226133485,1692253869239,1692253869242,1693226133492,7,3,4
9922,1693226133492,1692253869246,1692253869252,1693226133501,9,6,3
9923,1693226133501,1692253869262,1692253869264,1693226133514,13,2,11
9924,1693226133514,1692253869269,1692253869272,1693226133522,8,3,5
9925,1693226133522,1692253869321,1692253869324,1693226133574,52,3,49
9926,1693226133574,1692253869334,1692253869336,1693226133586,12,2,10
9927,1693226133586,1692253869361,1692253869374,1693226133624,38,13,25
9928,1693226133624,1692253869378,1692253869381,1693226133631,7,3,4
9929,1693226133631,1692253869418,1692253869421,1693226133670,39,3,36
9930,1693226133670,1692253869425,1692253869428,1693226133678,8,3,5
9931,1693226133678,1692253869442,1692253869445,1693226133694,16,3,13
9932,1693226133694,1692253869458,1692253869462,1693226133711,17,4,13
9933,1693226133711,1692253869470,1692253869473,1693226133723,12,3,9
9934,1693226133723,1692253869479,1692253869482,1693226133732,9,3,6
9935,1693226133732,1692253869486,1692253869489,1693226133740,8,3,5
9936,1693226133740,1692253869495,1692253869497,1693226133747,7,2,5
9937,1693226133747,1692253869502,1692253869505,1693226133755,8,3,5
9938,1693226133755,1692253869510,1692253869512,1693226133762,7,2,5
9939,1693226133762,1692253869517,1692253869519,1693226133769,7,2,5
9940,1693226133769,1692253869525,1692253869528,1693226133778,9,3,6
9941,1693226133778,1692253869538,1692253869541,1693226133790,12,3,9
9942,1693226133790,1692253869545,1692253869549,1693226133799,9,4,5
9943,1693226133799,1692253869553,1692253869556,1693226133806,7,3,4
9944,1693226133806,1692253869564,1692253869567,1693226133817,11,3,8
9945,1693226133817,1692253869577,1692253869580,1693226133830,13,3,10
9946,1693226133830,1692253869614,1692253869617,1693226133867,37,3,34
9947,1693226133867,1692253869621,1692253869624,1693226133874,7,3,4
9948,1693226133874,1692253869629,1692253869655,1693226133905,31,26,5
9949,1693226133905,1692253869709,1692253869712,1693226133962,57,3,54
9950,1693226133962,1692253869777,1692253869780,1693226134030,68,3,65
9951,1693226134030,1692253869810,1692253869813,1693226134063,33,3,30
9952,1693226134063,1692253869818,1692253869838,1693226134088,25,20,5
9953,1693226134088,1692253869846,1692253869849,1693226134099,11,3,8
9954,1693226134099,1692253869854,1692253869857,1693226134106,7,3,4
9955,1693226134106,1692253869877,1692253869883,1693226134132,26,6,20
9956,1693226134132,1692253869894,1692253869897,1693226134146,14,3,11
9957,1693226134146,1692253869903,1692253869905,1693226134155,9,2,7
9958,1693226134155,1692253869910,1692253869912,1693226134162,7,2,5
9959,1693226134162,1692253869945,1692253869966,1693226134215,53,21,32
9960,1693226134215,1692253869975,1692253869979,1693226134229,14,4,10
9961,1693226134229,1692253869984,1692253870029,1693226134279,50,45,5
9962,1693226134279,1692253870041,1692253870044,1693226134293,14,3,11
9963,1693226134293,1692253870061,1692253870064,1693226134314,21,3,18
9964,1693226134314,1692253870069,1692253870074,1693226134323,9,5,4
9965,1693226134323,1692253870085,1692253870088,1693226134338,15,3,12
9966,1693226134338,1692253870133,1692253870136,1693226134386,48,3,45
9967,1693226134386,1692253870140,1692253870143,1693226134393,7,3,4
9968,1693226134393,1692253870157,1692253870160,1693226134410,17,3,14
9969,1693226134410,1692253870165,1692253870168,1693226134417,7,3,4
9970,1693226134418,1692253870250,1692253870253,1693226134503,85,3,82
9971,1693226134503,1692253870258,1692253870261,1693226134511,8,3,5
9972,1693226134511,1692253870270,1692253870273,1693226134522,11,3,8
9973,1693226134523,1692253870277,1692253870280,1693226134530,7,3,4
9974,1693226134530,1692253870285,1692253870288,1693226134538,8,3,5
9975,1693226134538,1692253870313,1692253870317,1693226134566,28,4,24
9976,1693226134566,1692253870326,1692253870329,1693226134578,12,3,9
9977,1693226134578,1692253870345,1692253870348,1693226134597,19,3,16
9978,1693226134597,1692253870354,1692253870356,1693226134606,9,2,7
9979,1693226134606,1692253870366,1692253870368,1693226134618,12,2,10
9980,1693226134618,1692253870374,1692253870377,1693226134626,8,3,5
9981,1693226134626,1692253870393,1692253870396,1693226134645,19,3,16
9982,1693226134646,1692253870433,1692253870436,1693226134686,40,3,37
9983,1693226134686,1692253870440,1692253870443,1693226134693,7,3,4
9984,1693226134693,1692253870457,1692253870460,1693226134710,17,3,14
9985,1693226134710,1692253870464,1692253870469,1693226134718,8,5,3
9986,1693226134718,1692253870610,1692253870614,1693226134866,148,4,144
9987,1693226134866,1692253870646,1692253870649,1693226134899,33,3,30
9988,1693226134899,1692253870661,1692253870664,1693226134914,15,3,12
9989,1693226134914,1692253870677,1692253870680,1693226134930,16,3,13
9990,1693226134930,1692253870696,1692253870699,1693226134949,19,3,16
9991,1693226134949,1692253870765,1692253870769,1693226135019,70,4,66
9992,1693226135019,1692253870778,1692253870781,1693226135031,12,3,9
9993,1693226135031,1692253870786,1692253870788,1693226135038,7,2,5
9994,1693226135038,1692253870793,1692253870796,1693226135045,7,3,4
9995,1693226135045,1692253870813,1692253870816,1693226135066,21,3,18
9996,1693226135066,1692253870821,1692253870824,1693226135073,7,3,4
9997,1693226135073,1692253870885,1692253870888,1693226135138,65,3,62
9998,1693226135138,1692253870937,1692253870940,1693226135190,52,3,49
9999,1693226135190,1692253870944,1692253870947,1693226135197,7,3,4
10000,1693226135197,1692253870951,1692253870954,1693226135204,7,3,4
10001,1693226135204,1692253870961,1692253870963,1693226135213,9,2,7
10002,1693226135213,1692253870968,1692253870971,1693226135221,8,3,5
10003,1693226135221,1692253870978,1692253870982,1693226135231,10,4,6
10004,1693226135231,1692253871029,1692253871032,1693226135282,51,3,48
10005,1693226135282,1692253871036,1692253871039,1693226135289,7,3,4
10006,1693226135289,1692253871048,1692253871051,1693226135300,11,3,8
10007,1693226135300,1692253871069,1692253871072,1693226135321,21,3,18
10008,1693226135321,1692253871075,1692253871078,1693226135328,7,3,4
10009,1693226135328,1692253871083,1692253871086,1693226135335,7,3,4
10010,1693226135336,1692253871090,1692253871093,1693226135343,7,3,4
10011,1693226135343,1692253871097,1692253871101,1693226135350,7,4,3
10012,1693226135350,1692253871146,1692253871149,1693226135399,49,3,46
10013,1693226135399,1692253871162,1692253871165,1693226135415,16,3,13
10014,1693226135415,1692253871210,1692253871213,1693226135463,48,3,45
10015,1693226135463,1692253871230,1692253871233,1693226135483,20,3,17
10016,1693226135483,1692253871277,1692253871281,1693226135530,47,4,43
10017,1693226135530,1692253871294,1692253871296,1693226135546,16,2,14
10018,1693226135546,1692253871329,1692253871332,1693226135583,37,3,34
10019,1693226135583,1692253871362,1692253871364,1693226135614,31,2,29
10020,1693226135614,1692253871369,1692253871372,1693226135621,7,3,4
10021,1693226135621,1692253871375,1692253871378,1693226135628,7,3,4
10022,1693226135628,1692253871413,1692253871416,1693226135665,37,3,34
10023,1693226135665,1692253871430,1692253871433,1693226135686,21,3,18
10024,1693226135686,1692253871441,1692253871443,1693226135693,7,2,5
10025,1693226135693,1692253871457,1692253871459,1693226135710,17,2,15
10026,1693226135710,1692253871465,1692253871468,1693226135718,8,3,5
10027,1693226135718,1692253871530,1692253871533,1693226135784,66,3,63
10028,1693226135784,1692253871541,1692253871546,1693226135795,11,5,6
10029,1693226135795,1692253871553,1692253871556,1693226135806,11,3,8
10030,1693226135806,1692253871561,1692253871564,1693226135813,7,3,4
10031,1693226135813,1692253871568,1692253871574,1693226135824,11,6,5
10032,1693226135824,1692253871578,1692253871581,1693226135830,6,3,3
10033,1693226135830,1692253871584,1692253871587,1693226135837,7,3,4
10034,1693226135837,1692253871591,1692253871594,1693226135844,7,3,4
10035,1693226135844,1692253871598,1692253871601,1693226135851,7,3,4
10036,1693226135851,1692253871606,1692253871610,1693226135860,9,4,5
10037,1693226135860,1692253871630,1692253871633,1693226135883,23,3,20
10038,1693226135883,1692253871638,1692253871734,1693226135984,101,96,5
10039,1693226135984,1692253871796,1692253871800,1693226136050,66,4,62
10040,1693226136050,1692253871806,1692253871808,1693226136058,8,2,6
10041,1693226136058,1692253871814,1692253871818,1693226136068,10,4,6
10042,1693226136068,1692253871825,1692253871828,1693226136078,10,3,7
10043,1693226136078,1692253871833,1692253871836,1693226136086,8,3,5
10044,1693226136086,1692253871844,1692253871847,1693226136097,11,3,8
10045,1693226136097,1692253871852,1692253871855,1693226136104,7,3,4
10046,1693226136104,1692253871859,1692253871862,1693226136112,8,3,5
10047,1693226136112,1692253871867,1692253871870,1693226136119,7,3,4
10048,1693226136119,1692253871874,1692253871878,1693226136128,9,4,5
10049,1693226136128,1692253871883,1692253871887,1693226136136,8,4,4
10050,1693226136136,1692253871969,1692253871972,1693226136222,86,3,83
10051,1693226136222,1692253871978,1692253871981,1693226136231,9,3,6
10052,1693226136231,1692253871986,1692253871992,1693226136241,10,6,4
10053,1693226136241,1692253872006,1692253872008,1693226136258,17,2,15
10054,1693226136258,1692253872029,1692253872032,1693226136282,24,3,21
10055,1693226136282,1692253872046,1692253872049,1693226136300,18,3,15
10056,1693226136300,1692253872054,1692253872058,1693226136307,7,4,3
10057,1693226136307,1692253872061,1692253872064,1693226136314,7,3,4
10058,1693226136314,1692253872068,1692253872071,1693226136321,7,3,4
10059,1693226136321,1692253872075,1692253872078,1693226136328,7,3,4
10060,1693226136328,1692253872083,1692253872086,1693226136336,8,3,5
10061,1693226136336,1692253872098,1692253872100,1693226136350,14,2,12
10062,1693226136350,1692253872110,1692253872113,1693226136362,12,3,9
10063,1693226136362,1692253872116,1692253872121,1693226136370,8,5,3
10064,1693226136370,1692253872126,1692253872128,1693226136398,28,2,26
10065,1693226136398,1692253872178,1692253872181,1693226136431,33,3,30
10066,1693226136431,1692253872186,1692253872189,1693226136438,7,3,4
10067,1693226136438,1692253872201,1692253872204,1693226136454,16,3,13
10068,1693226136454,1692253872242,1692253872245,1693226136495,41,3,38
10069,1693226136495,1692253872249,1692253872252,1693226136502,7,3,4
10070,1693226136502,1692253872259,1692253872262,1693226136512,10,3,7
10071,1693226136512,1692253872267,1692253872270,1693226136520,8,3,5
10072,1693226136520,1692253872274,1692253872278,1693226136527,7,4,3
10073,1693226136528,1692253872283,1692253872286,1693226136535,7,3,4
10074,1693226136535,1692253872294,1692253872297,1693226136547,12,3,9
10075,1693226136547,1692253872302,1692253872304,1693226136554,7,2,5
10076,1693226136554,1692253872309,1692253872312,1693226136562,8,3,5
10077,1693226136562,1692253872316,1692253872319,1693226136569,7,3,4
10078,1693226136569,1692253872324,1692253872327,1693226136576,7,3,4
10079,1693226136576,1692253872332,1692253872335,1693226136585,9,3,6
10080,1693226136585,1692253872343,1692253872346,1693226136595,10,3,7
10081,1693226136595,1692253872350,1692253872353,1693226136602,7,3,4
10082,1693226136602,1692253872360,1692253872363,1693226136612,10,3,7
10083,1693226136612,1692253872366,1692253872370,1693226136619,7,4,3
10084,1693226136619,1692253872373,1692253872376,1693226136626,7,3,4
10085,1693226136626,1692253872385,1692253872388,1693226136637,11,3,8
10086,1693226136637,1692253872413,1692253872416,1693226136666,29,3,26
10087,1693226136666,1692253872425,1692253872428,1693226136678,12,3,9
10088,1693226136678,1692253872432,1692253872435,1693226136684,6,3,3
10089,1693226136684,1692253872440,1692253872443,1693226136692,8,3,5
10090,1693226136692,1692253872448,1692253872451,1693226136701,9,3,6
10091,1693226136701,1692253872455,1692253872459,1693226136709,8,4,4
10092,1693226136709,1692253872466,1692253872469,1693226136719,10,3,7
10093,1693226136719,1692253872478,1692253872481,1693226136731,12,3,9
10094,1693226136731,1692253872486,1692253872497,1693226136747,16,11,5
10095,1693226136747,1692253872510,1692253872513,1693226136762,15,3,12
10096,1693226136762,1692253872517,1692253872520,1693226136770,8,3,5
10097,1693226136770,1692253872524,1692253872527,1693226136776,6,3,3
10098,1693226136776,1692253872534,1692253872537,1693226136786,10,3,7
10099,1693226136786,1692253872541,1692253872543,1693226136793,7,2,5
10100,1693226136793,1692253872547,1692253872552,1693226136802,9,5,4
10101,1693226136802,1692253872556,1692253872560,1693226136812,10,4,6
10102,1693226136812,1692253872566,1692253872569,1693226136819,7,3,4
10103,1693226136819,1692253872605,1692253872609,1693226136859,40,4,36
10104,1693226136859,1692253872619,1692253872623,1693226136873,14,4,10
10105,1693226136873,1692253872628,1692253872630,1693226136880,7,2,5
10106,1693226136880,1692253872682,1692253872685,1693226136935,55,3,52
10107,1693226136935,1692253872701,1692253872704,1693226136953,18,3,15
10108,1693226136954,1692253872713,1692253872716,1693226136966,12,3,9
10109,1693226136966,1692253872757,1692253872760,1693226137010,44,3,41
10110,1693226137010,1692253872769,1692253872772,1693226137022,12,3,9
10111,1693226137022,1692253872777,1692253872780,1693226137030,8,3,5
10112,1693226137030,1692253872794,1692253872797,1693226137046,16,3,13
10113,1693226137047,1692253872812,1692253872817,1693226137066,19,5,14
10114,1693226137067,1692253872821,1692253872825,1693226137075,8,4,4
10115,1693226137075,1692253872829,1692253872833,1693226137086,11,4,7
10116,1693226137086,1692253872941,1692253872944,1693226137194,108,3,105
10117,1693226137194,1692253872950,1692253872953,1693226137202,8,3,5
10118,1693226137203,1692253872983,1692253872987,1693226137236,33,4,29
10119,1693226137236,1692253872991,1692253872994,1693226137244,8,3,5
10120,1693226137244,1692253873029,1692253873032,1693226137282,38,3,35
10121,1693226137282,1692253873036,1692253873039,1693226137289,7,3,4
10122,1693226137289,1692253873044,1692253873047,1693226137297,8,3,5
10123,1693226137297,1692253873051,1692253873054,1693226137304,7,3,4
10124,1693226137304,1692253873059,1692253873061,1693226137311,7,2,5
10125,1693226137311,1692253873066,1692253873069,1693226137319,8,3,5
10126,1693226137319,1692253873082,1692253873085,1693226137335,16,3,13
10127,1693226137335,1692253873163,1692253873166,1693226137416,81,3,78
10128,1693226137416,1692253873178,1692253873181,1693226137430,14,3,11
10129,1693226137430,1692253873188,1692253873191,1693226137441,11,3,8
10130,1693226137441,1692253873196,1692253873199,1693226137449,8,3,5
10131,1693226137449,1692253873213,1692253873216,1693226137466,17,3,14
10132,1693226137466,1692253873230,1692253873233,1693226137483,17,3,14
10133,1693226137483,1692253873242,1692253873244,1693226137494,11,2,9
10134,1693226137494,1692253873249,1692253873251,1693226137501,7,2,5
10135,1693226137501,1692253873257,1692253873260,1693226137510,9,3,6
10136,1693226137510,1692253873269,1692253873272,1693226137522,12,3,9
10137,1693226137522,1692253873302,1692253873307,1693226137557,35,5,30
10138,1693226137557,1692253873330,1692253873333,1693226137583,26,3,23
10139,1693226137583,1692253873346,1692253873349,1693226137598,15,3,12
10140,1693226137599,1692253873357,1692253873360,1693226137609,10,3,7
10141,1693226137609,1692253873366,1692253873369,1693226137619,10,3,7
10142,1693226137619,1692253873385,1692253873388,1693226137637,18,3,15
10143,1693226137637,1692253873392,1692253873394,1693226137644,7,2,5
10144,1693226137644,1692253873399,1692253873402,1693226137651,7,3,4
10145,1693226137652,1692253873437,1692253873447,1693226137697,45,10,35
10146,1693226137697,1692253873451,1692253873454,1693226137704,7,3,4
10147,1693226137704,1692253873460,1692253873464,1693226137714,10,4,6
10148,1693226137714,1692253873505,1692253873533,1693226137782,68,28,40
10149,1693226137782,1692253873542,1692253873545,1693226137794,12,3,9
10150,1693226137794,1692253873554,1692253873565,1693226137815,21,11,10
10151,1693226137815,1692253873578,1692253873580,1693226137830,15,2,13
10152,1693226137830,1692253873585,1692253873588,1693226137838,8,3,5
10153,1693226137838,1692253873592,1692253873595,1693226137845,7,3,4
10154,1693226137845,1692253873626,1692253873630,1693226137879,34,4,30
10155,1693226137879,1692253873634,1692253873658,1693226137908,29,24,5
10156,1693226137908,1692253873678,1692253873685,1693226137935,27,7,20
10157,1693226137935,1692253873693,1692253873696,1693226137946,11,3,8
10158,1693226137946,1692253873702,1692253873704,1693226137954,8,2,6
10159,1693226137954,1692253873708,1692253873711,1693226137961,7,3,4
10160,1693226137961,1692253873715,1692253873718,1693226137968,7,3,4
10161,1693226137968,1692253873723,1692253873726,1693226137975,7,3,4
10162,1693226137975,1692253873749,1692253873752,1693226138001,26,3,23
10163,1693226138001,1692253873756,1692253873759,1693226138008,7,3,4
10164,1693226138009,1692253873796,1692253873799,1693226138049,40,3,37
10165,1693226138049,1692253873813,1692253873816,1693226138066,17,3,14
10166,1693226138066,1692253873821,1692253873824,1693226138075,9,3,6
10167,1693226138075,1692253873837,1692253873840,1693226138089,14,3,11
10168,1693226138089,1692253873846,1692253873850,1693226138099,10,4,6
10169,1693226138099,1692253873869,1692253873872,1693226138122,23,3,20
10170,1693226138122,1692253873913,1692253873916,1693226138166,44,3,41
10171,1693226141209,1692253876968,1692253876972,1693226141222,13,4,9
10172,1693226141222,1692253876979,1692253876982,1693226141231,9,3,6
10173,1693226141231,1692253876986,1692253876991,1693226141241,10,5,5
10174,1693226141241,1692253876995,1692253876998,1693226141248,7,3,4
10175,1693226141248,1692253877002,1692253877005,1693226141255,7,3,4
10176,1693226141255,1692253877010,1692253877013,1693226141263,8,3,5
10177,1693226141263,1692253877018,1692253877021,1693226141271,8,3,5
10178,1693226141271,1692253877026,1692253877029,1693226141279,8,3,5
10179,1693226141279,1692253877034,1692253877036,1693226141285,6,2,4
10180,1693226141285,1692253877040,1692253877044,1693226141293,8,4,4
10181,1693226141293,1692253877047,1692253877051,1693226141301,8,4,4
10182,1693226141301,1692253877055,1692253877059,1693226141308,7,4,3
10183,1693226141308,1692253877064,1692253877068,1693226141318,10,4,6
10184,1693226141318,1692253877073,1692253877075,1693226141325,7,2,5
10185,1693226141325,1692253877081,1692253877085,1693226141334,9,4,5
10186,1693226141334,1692253877088,1692253877092,1693226141341,7,4,3
10187,1693226141341,1692253877096,1692253877099,1693226141349,8,3,5
10188,1693226141349,1692253877103,1692253877106,1693226141356,7,3,4
10189,1693226141356,1692253877110,1692253877113,1693226141363,7,3,4
10190,1693226141363,1692253877118,1692253877121,1693226141371,8,3,5
10191,1693226141371,1692253877126,1692253877128,1693226141378,7,2,5
10192,1693226141378,1692253877134,1692253877137,1693226141387,9,3,6
10193,1693226141387,1692253877141,1692253877144,1693226141394,7,3,4
10194,1693226141394,1692253877149,1692253877152,1693226141401,7,3,4
10195,1693226141402,1692253877156,1692253877159,1693226141409,7,3,4
10196,1693226141409,1692253877164,1692253877167,1693226141419,10,3,7
10197,1693226141419,1692253877174,1692253877178,1693226141428,9,4,5
10198,1693226141428,1692253877182,1692253877186,1693226141435,7,4,3
10199,1693226141435,1692253877192,1692253877196,1693226141446,11,4,7
10200,1693226141446,1692253877200,1692253877204,1693226141454,8,4,4
10201,1693226141454,1692253877208,1692253877211,1693226141461,7,3,4
10202,1693226141461,1692253877215,1692253877218,1693226141467,6,3,3
10203,1693226141467,1692253877222,1692253877225,1693226141475,8,3,5
10204,1693226141475,1692253877229,1692253877233,1693226141482,7,4,3
10205,1693226141482,1692253877237,1692253877240,1693226141490,8,3,5
10206,1693226141490,1692253877245,1692253877249,1693226141498,8,4,4
10207,1693226141498,1692253877253,1692253877256,1693226141506,8,3,5
10208,1693226141506,1692253877261,1692253877263,1693226141516,10,2,8
10209,1693226141516,1692253877270,1692253877274,1693226141523,7,4,3
10210,1693226141523,1692253877279,1692253877284,1693226141534,11,5,6
10211,1693226141534,1692253877291,1692253877294,1693226141543,9,3,6
10212,1693226141543,1692253877298,1692253877302,1693226141551,8,4,4
10213,1693226141551,1692253877306,1692253877309,1693226141558,7,3,4
10214,1693226141558,1692253877313,1692253877316,1693226141566,8,3,5
10215,1693226141566,1692253877321,1692253877324,1693226141573,7,3,4
10216,1693226141573,1692253877328,1692253877331,1693226141580,7,3,4
10217,1693226141580,1692253877335,1692253877338,1693226141587,7,3,4
10218,1693226141587,1692253877342,1692253877346,1693226141596,9,4,5
10219,1693226141596,1692253877350,1692253877354,1693226141603,7,4,3
10220,1693226141604,1692253877359,1692253877362,1693226141612,8,3,5
10221,1693226141612,1692253877367,1692253877370,1693226141619,7,3,4
10222,1693226141619,1692253877374,1692253877377,1693226141627,8,3,5
10223,1693226141627,1692253877381,1692253877384,1693226141634,7,3,4
10224,1693226141634,1692253877388,1692253877392,1693226141642,8,4,4
10225,1693226141642,1692253877396,1692253877400,1693226141649,7,4,3
10226,1693226141649,1692253877404,1692253877408,1693226141658,9,4,5
10227,1693226141658,1692253877413,1692253877417,1693226141666,8,4,4
10228,1693226141666,1692253877421,1692253877425,1693226141674,8,4,4
10229,1693226141674,1692253877429,1692253877432,1693226141682,8,3,5
10230,1693226141682,1692253877436,1692253877440,1693226141690,8,4,4
10231,1693226141690,1692253877445,1692253877448,1693226141698,8,3,5
10232,1693226141698,1692253877452,1692253877455,1693226141705,7,3,4
10233,1693226141705,1692253877459,1692253877462,1693226141712,7,3,4
10234,1693226141712,1692253877467,1692253877470,1693226141720,8,3,5
10235,1693226141720,1692253877475,1692253877479,1693226141728,8,4,4
10236,1693226141728,1692253877483,1692253877487,1693226141737,9,4,5
10237,1693226141737,1692253877492,1692253877495,1693226141745,8,3,5
10238,1693226141745,1692253877499,1692253877502,1693226141752,7,3,4
10239,1693226141752,1692253877506,1692253877509,1693226141759,7,3,4
10240,1693226141759,1692253877514,1692253877518,1693226141768,9,4,5
10241,1693226141768,1692253877523,1692253877525,1693226141775,7,2,5
10242,1693226141775,1692253877530,1692253877533,1693226141783,8,3,5
10243,1693226141783,1692253877537,1692253877540,1693226141789,6,3,3
10244,1693226141789,1692253877547,1692253877550,1693226141799,10,3,7
10245,1693226141799,1692253877554,1692253877558,1693226141808,9,4,5
10246,1693226141808,1692253877563,1692253877566,1693226141816,8,3,5
10247,1693226141816,1692253877571,1692253877575,1693226141825,9,4,5
10248,1693226141825,1692253877582,1692253877585,1693226141834,9,3,6
10249,1693226141834,1692253877588,1692253877592,1693226141842,8,4,4
10250,1693226141842,1692253877596,1692253877600,1693226141850,8,4,4
10251,1693226141850,1692253877605,1692253877607,1693226141857,7,2,5
10252,1693226141857,1692253877612,1692253877616,1693226141865,8,4,4
10253,1693226141865,1692253877620,1692253877623,1693226141872,7,3,4
10254,1693226141872,1692253877627,1692253877631,1693226141880,8,4,4
10255,1693226141880,1692253877635,1692253877639,1693226141889,9,4,5
10256,1693226141889,1692253877644,1692253877647,1693226141897,8,3,5
10257,1693226141897,1692253877652,1692253877655,1693226141904,7,3,4
10258,1693226141904,1692253877659,1692253877662,1693226141911,7,3,4
10259,1693226141911,1692253877666,1692253877669,1693226141919,8,3,5
10260,1693226141919,1692253877674,1692253877677,1693226141926,7,3,4
10261,1693226141926,1692253877681,1692253877684,1693226141933,7,3,4
10262,1693226141933,1692253877688,1692253877691,1693226141940,7,3,4
10263,1693226141940,1692253877695,1692253877698,1693226141948,8,3,5
10264,1693226141948,1692253877703,1692253877706,1693226141955,7,3,4
10265,1693226141956,1692253877710,1692253877713,1693226141963,7,3,4
10266,1693226141963,1692253877718,1692253877721,1693226141970,7,3,4
10267,1693226141970,1692253877725,1692253877729,1693226141978,8,4,4
10268,1693226141978,1692253877733,1692253877736,1693226141986,8,3,5
10269,1693226141986,1692253877741,1692253877744,1693226141994,8,3,5
10270,1693226141994,1692253877748,1692253877751,1693226142001,7,3,4
10271,1693226142001,1692253877755,1692253877759,1693226142008,7,4,3
10272,1693226142008,1692253877763,1692253877767,1693226142017,9,4,5
10273,1693226142017,1692253877772,1692253877775,1693226142025,8,3,5
10274,1693226142025,1692253877780,1692253877784,1693226142034,9,4,5
10275,1693226142034,1692253877788,1692253877791,1693226142041,7,3,4
10276,1693226142041,1692253877795,1692253877799,1693226142048,7,4,3
10277,1693226142048,1692253877803,1692253877807,1693226142056,8,4,4
10278,1693226142056,1692253877811,1692253877815,1693226142069,13,4,9
10279,1693226142069,1692253877824,1692253877827,1693226142077,8,3,5
10280,1693226142077,1692253877831,1692253877835,1693226142084,7,4,3
10281,1693226142084,1692253877839,1692253877843,1693226142092,8,4,4
10282,1693226142092,1692253877847,1692253877851,1693226142100,8,4,4
10283,1693226142100,1692253877855,1692253877858,1693226142108,8,3,5
10284,1693226142108,1692253877863,1692253877868,1693226142118,10,5,5
10285,1693226142118,1692253877873,1692253877876,1693226142126,8,3,5
10286,1693226142126,1692253877880,1692253877884,1693226142137,11,4,7
10287,1693226142137,1692253877891,1692253877895,1693226142144,7,4,3
10288,1693226142144,1692253877899,1692253877902,1693226142152,8,3,5
10289,1693226142152,1692253877907,1692253877910,1693226142160,8,3,5
10290,1693226142160,1692253877914,1692253877918,1693226142168,8,4,4
10291,1693226142169,1692253877923,1692253877927,1693226142177,8,4,4
10292,1693226142177,1692253877931,1692253877935,1693226142184,7,4,3
10293,1693226142184,1692253877939,1692253877942,1693226142192,8,3,5
10294,1693226142192,1692253877947,1692253877950,1693226142199,7,3,4
10295,1693226142199,1692253877954,1692253877957,1693226142206,7,3,4
10296,1693226142206,1692253877961,1692253877964,1693226142214,8,3,5
10297,1693226142214,1692253877969,1692253877972,1693226142222,8,3,5
10298,1693226142222,1692253877976,1692253877980,1693226142229,7,4,3
10299,1693226142229,1692253877984,1692253877987,1693226142239,10,3,7
10300,1693226142239,1692253877993,1692253877996,1693226142246,7,3,4
10301,1693226142246,1692253878001,1692253878004,1693226142253,7,3,4
10302,1693226142253,1692253878008,1692253878012,1693226142262,9,4,5
10303,1693226142262,1692253878017,1692253878020,1693226142269,7,3,4
10304,1693226142269,1692253878024,1692253878028,1693226142278,9,4,5
10305,1693226142278,1692253878033,1692253878036,1693226142286,8,3,5
10306,1693226142286,1692253878041,1692253878044,1693226142293,7,3,4
10307,1693226142294,1692253878048,1692253878051,1693226142301,7,3,4
10308,1693226142301,1692253878056,1692253878060,1693226142309,8,4,4
10309,1693226142309,1692253878064,1692253878067,1693226142316,7,3,4
10310,1693226142316,1692253878071,1692253878074,1693226142323,7,3,4
10311,1693226142323,1692253878078,1692253878080,1693226142330,7,2,5
10312,1693226142330,1692253878085,1692253878088,1693226142337,7,3,4
10313,1693226142337,1692253878094,1692253878097,1693226142347,10,3,7
10314,1693226142347,1692253878102,1692253878106,1693226142357,10,4,6
10315,1693226142357,1692253878112,1692253878115,1693226142365,8,3,5
10316,1693226142365,1692253878128,1692253878131,1693226142393,28,3,25
10317,1693226142393,1692253878148,1692253878151,1693226142401,8,3,5
10318,1693226142401,1692253878155,1692253878158,1693226142409,8,3,5
10319,1693226142410,1692253878174,1692253878177,1693226142427,17,3,14
10320,1693226142427,1692253878187,1692253878190,1693226142440,13,3,10
10321,1693226142440,1692253878197,1692253878201,1693226142451,11,4,7
10322,1693226142451,1692253878206,1692253878209,1693226142459,8,3,5
10323,1693226142459,1692253878214,1692253878218,1693226142468,9,4,5
10324,1693226142468,1692253878227,1692253878231,1693226142480,12,4,8
10325,1693226142480,1692253878236,1692253878238,1693226142488,8,2,6
10326,1693226142488,1692253878254,1692253878257,1693226142507,19,3,16
10327,1693226142507,1692253878262,1692253878265,1693226142515,8,3,5
10328,1693226142515,1692253878279,1692253878282,1693226142531,16,3,13
10329,1693226142531,1692253878287,1692253878291,1693226142540,9,4,5
10330,1693226142540,1692253878295,1692253878298,1693226142548,8,3,5
10331,1693226142548,1692253878302,1692253878305,1693226142554,6,3,3
10332,1693226142554,1692253878309,1692253878313,1693226142563,9,4,5
10333,1693226142563,1692253878318,1692253878321,1693226142570,7,3,4
10334,1693226142570,1692253878325,1692253878328,1693226142578,8,3,5
10335,1693226142578,1692253878332,1692253878336,1693226142609,31,4,27
10336,1693226142609,1692253878365,1692253878367,1693226142617,8,2,6
10337,1693226142617,1692253878371,1692253878375,1693226142625,8,4,4
10338,1693226142625,1692253878380,1692253878384,1693226142634,9,4,5
10339,1693226142634,1692253878388,1692253878390,1693226142640,6,2,4
10340,1693226142640,1692253878395,1692253878398,1693226142649,9,3,6
10341,1693226142649,1692253878404,1692253878408,1693226142657,8,4,4
10342,1693226142657,1692253878412,1692253878415,1693226142665,8,3,5
10343,1693226142665,1692253878419,1692253878422,1693226142672,7,3,4
10344,1693226142672,1692253878427,1692253878430,1693226142680,8,3,5
10345,1693226142680,1692253878435,1692253878438,1693226142688,8,3,5
10346,1693226142688,1692253878443,1692253878446,1693226142695,7,3,4
10347,1693226142695,1692253878451,1692253878454,1693226142704,9,3,6
10348,1693226142704,1692253878459,1692253878462,1693226142711,7,3,4
10349,1693226142712,1692253878466,1692253878469,1693226142719,7,3,4
10350,1693226142719,1692253878474,1692253878478,1693226142728,9,4,5
10351,1693226142728,1692253878483,1692253878486,1693226142735,7,3,4
10352,1693226142735,1692253878490,1692253878493,1693226142743,8,3,5
10353,1693226142743,1692253878498,1692253878501,1693226142751,8,3,5
10354,1693226142751,1692253878505,1692253878510,1693226142759,8,5,3
10355,1693226142759,1692253878514,1692253878517,1693226142767,8,3,5
10356,1693226142767,1692253878523,1692253878527,1693226142776,9,4,5
10357,1693226142776,1692253878531,1692253878534,1693226142784,8,3,5
10358,1693226142784,1692253878538,1692253878543,1693226142793,9,5,4
10359,1693226142793,1692253878548,1692253878551,1693226142801,8,3,5
10360,1693226142801,1692253878556,1692253878559,1693226142808,7,3,4
10361,1693226142808,1692253878563,1692253878567,1693226142816,8,4,4
10362,1693226142816,1692253878570,1692253878573,1693226142823,7,3,4
10363,1693226142823,1692253878577,1692253878580,1693226142830,7,3,4
10364,1693226142830,1692253878585,1692253878589,1693226142839,9,4,5
10365,1693226142839,1692253878594,1692253878598,1693226142847,8,4,4
10366,1693226142847,1692253878602,1692253878605,1693226142855,8,3,5
10367,1693226142855,1692253878609,1692253878612,1693226142861,6,3,3
10368,1693226142861,1692253878616,1692253878619,1693226142869,8,3,5
10369,1693226142869,1692253878624,1692253878627,1693226142877,8,3,5
10370,1693226142877,1692253878632,1692253878635,1693226142886,9,3,6
10371,1693226142886,1692253878641,1692253878645,1693226142895,9,4,5
10372,1693226142895,1692253878650,1692253878653,1693226142902,7,3,4
10373,1693226142902,1692253878656,1692253878660,1693226142910,8,4,4
10374,1693226142910,1692253878665,1692253878668,1693226142917,7,3,4
10375,1693226142917,1692253878671,1692253878675,1693226142924,7,4,3
10376,1693226142924,1692253878679,1692253878682,1693226142932,8,3,5
10377,1693226142932,1692253878687,1692253878690,1693226142940,8,3,5
10378,1693226142940,1692253878694,1692253878698,1693226142947,7,4,3
10379,1693226142947,1692253878703,1692253878706,1693226142956,9,3,6
10380,1693226142956,1692253878711,1692253878714,1693226142963,7,3,4
10381,1693226142963,1692253878718,1692253878721,1693226142971,8,3,5
10382,1693226142971,1692253878729,1692253878732,1693226142981,10,3,7
10383,1693226142981,1692253878735,1692253878739,1693226142989,8,4,4
10384,1693226142989,1692253878744,1692253878748,1693226142998,9,4,5
10385,1693226142998,1692253878752,1692253878756,1693226143005,7,4,3
10386,1693226143005,1692253878760,1692253878763,1693226143013,8,3,5
10387,1693226143013,1692253878768,1692253878771,1693226143020,7,3,4
10388,1693226143021,1692253878775,1692253878778,1693226143027,6,3,3
10389,1693226143027,1692253878782,1692253878786,1693226143035,8,4,4
10390,1693226143035,1692253878789,1692253878793,1693226143043,8,4,4
10391,1693226143043,1692253878798,1692253878800,1693226143050,7,2,5
10392,1693226143050,1692253878805,1692253878808,1693226143058,8,3,5
10393,1693226143058,1692253878813,1692253878816,1693226143066,8,3,5
10394,1693226143066,1692253878821,1692253878825,1693226143074,8,4,4
10395,1693226143074,1692253878829,1692253878834,1693226143084,10,5,5
10396,1693226143084,1692253878839,1692253878842,1693226143091,7,3,4
10397,1693226143091,1692253878846,1692253878850,1693226143099,8,4,4
10398,1693226143099,1692253878854,1692253878858,1693226143108,9,4,5
10399,1693226143108,1692253878862,1692253878868,1693226143118,10,6,4
10400,1693226143118,1692253878872,1692253878875,1693226143125,7,3,4
10401,1693226143125,1692253878880,1692253878883,1693226143133,8,3,5
10402,1693226143133,1692253878888,1692253878891,1693226143141,8,3,5
10403,1693226143141,1692253878896,1692253878899,1693226143148,7,3,4
10404,1693226143148,1692253878903,1692253878906,1693226143156,8,3,5
10405,1693226143156,1692253878913,1692253878916,1693226143166,10,3,7
10406,1693226143166,1692253878921,1692253878924,1693226143174,8,3,5
10407,1693226143174,1692253878929,1692253878932,1693226143182,8,3,5
10408,1693226143182,1692253878937,1692253878941,1693226143191,9,4,5
10409,1693226143191,1692253878945,1692253878949,1693226143198,7,4,3
10410,1693226143198,1692253878953,1692253878957,1693226143207,9,4,5
10411,1693226143207,1692253878962,1692253878965,1693226143215,8,3,5
10412,1693226143215,1692253878970,1692253878973,1693226143223,8,3,5
10413,1693226143223,1692253878977,1692253878981,1693226143230,7,4,3
10414,1693226143230,1692253878985,1692253878988,1693226143238,8,3,5
10415,1693226143238,1692253878993,1692253878996,1693226143246,8,3,5
10416,1693226143246,1692253879000,1692253879004,1693226143253,7,4,3
10417,1693226143254,1692253879008,1692253879012,1693226143263,9,4,5
10418,1693226143263,1692253879018,1692253879021,1693226143270,7,3,4
10419,1693226143270,1692253879025,1692253879029,1693226143279,9,4,5
10420,1693226143279,1692253879034,1692253879037,1693226143287,8,3,5
10421,1693226143287,1692253879041,1692253879044,1693226143294,7,3,4
10422,1693226143294,1692253879049,1692253879051,1693226143301,7,2,5
10423,1693226143301,1692253879056,1692253879059,1693226143309,8,3,5
10424,1693226143309,1692253879063,1692253879066,1693226143316,7,3,4
10425,1693226143316,1692253879071,1692253879074,1693226143324,8,3,5
10426,1693226143324,1692253879079,1692253879083,1693226143332,8,4,4
10427,1693226143332,1692253879088,1692253879091,1693226143340,8,3,5
10428,1693226143340,1692253879095,1692253879098,1693226143348,8,3,5
10429,1693226143348,1692253879102,1692253879105,1693226143354,6,3,3
10430,1693226143354,1692253879109,1692253879112,1693226143361,7,3,4
10431,1693226143361,1692253879118,1692253879123,1693226143373,12,5,7
10432,1693226143373,1692253879129,1692253879132,1693226143382,9,3,6
10433,1693226143382,1692253879136,1692253879139,1693226143388,6,3,3
10434,1693226143388,1692253879142,1692253879146,1693226143396,8,4,4
10435,1693226143396,1692253879151,1692253879155,1693226143404,8,4,4
10436,1693226143404,1692253879159,1692253879163,1693226143412,8,4,4
10437,1693226143412,1692253879167,1692253879171,1693226143420,8,4,4
10438,1693226143420,1692253879175,1692253879178,1693226143427,7,3,4
10439,1693226143427,1692253879182,1692253879185,1693226143434,7,3,4
10440,1693226143434,1692253879189,1692253879192,1693226143442,8,3,5
10441,1693226143442,1692253879196,1692253879201,1693226143451,9,5,4
10442,1693226143451,1692253879206,1692253879210,1693226143459,8,4,4
10443,1693226143459,1692253879214,1692253879217,1693226143467,8,3,5
10444,1693226143467,1692253879222,1692253879225,1693226143474,7,3,4
10445,1693226143475,1692253879229,1692253879233,1693226143483,8,4,4
10446,1693226143483,1692253879238,1692253879241,1693226143490,7,3,4
10447,1693226143490,1692253879245,1692253879248,1693226143498,8,3,5
10448,1693226143498,1692253879253,1692253879256,1693226143505,7,3,4
10449,1693226143505,1692253879259,1692253879262,1693226143511,6,3,3
10450,1693226143511,1692253879266,1692253879269,1693226143519,8,3,5
10451,1693226143519,1692253879273,1692253879276,1693226143529,10,3,7
10452,1693226143529,1692253879284,1692253879287,1693226143537,8,3,5
10453,1693226143537,1692253879292,1692253879294,1693226143544,7,2,5
10454,1693226143544,1692253879299,1692253879302,1693226143551,7,3,4
10455,1693226143551,1692253879306,1692253879309,1693226143560,9,3,6
10456,1693226143560,1692253879315,1692253879318,1693226143570,10,3,7
10457,1693226143570,1692253879324,1692253879327,1693226143577,7,3,4
10458,1693226143577,1692253879333,1692253879337,1693226143586,9,4,5
10459,1693226143586,1692253879341,1692253879344,1693226143593,7,3,4
10460,1693226143594,1692253879349,1692253879353,1693226143602,8,4,4
10461,1693226143602,1692253879356,1692253879360,1693226143609,7,4,3
10462,1693226143609,1692253879364,1692253879367,1693226143617,8,3,5
10463,1693226143617,1692253879371,1692253879375,1693226143625,8,4,4
10464,1693226143625,1692253879380,1692253879383,1693226143633,8,3,5
10465,1693226143633,1692253879388,1692253879392,1693226143641,8,4,4
10466,1693226143641,1692253879396,1692253879401,1693226143651,10,5,5
10467,1693226143651,1692253879405,1692253879409,1693226143659,8,4,4
10468,1693226143659,1692253879414,1692253879416,1693226143666,7,2,5
10469,1693226143666,1692253879421,1692253879424,1693226143674,8,3,5
10470,1693226143674,1692253879429,1692253879433,1693226143682,8,4,4
10471,1693226143683,1692253879438,1692253879444,1693226143693,10,6,4
10472,1693226143693,1692253879448,1692253879452,1693226143702,9,4,5
10473,1693226143702,1692253879458,1692253879461,1693226143710,8,3,5
10474,1693226143710,1692253879465,1692253879468,1693226143718,8,3,5
10475,1693226143718,1692253879472,1692253879475,1693226143725,7,3,4
10476,1693226143725,1692253879480,1692253879484,1693226143733,8,4,4
10477,1693226143733,1692253879488,1692253879491,1693226143741,8,3,5
10478,1693226143741,1692253879498,1692253879501,1693226143751,10,3,7
10479,1693226143751,1692253879506,1692253879508,1693226143758,7,2,5
10480,1693226143758,1692253879513,1692253879516,1693226143766,8,3,5
10481,1693226143766,1692253879521,1692253879524,1693226143775,9,3,6
10482,1693226143775,1692253879531,1692253879535,1693226143784,9,4,5
10483,1693226143784,1692253879539,1692253879543,1693226143792,8,4,4
10484,1693226143792,1692253879546,1692253879550,1693226143799,7,4,3
10485,1693226143799,1692253879554,1692253879558,1693226143807,8,4,4
10486,1693226143807,1692253879565,1692253879568,1693226143818,11,3,8
10487,1693226143818,1692253879573,1692253879577,1693226143827,9,4,5
10488,1693226143827,1692253879582,1692253879585,1693226143834,7,3,4
10489,1693226143834,1692253879589,1692253879592,1693226143841,7,3,4
10490,1693226143841,1692253879596,1692253879599,1693226143849,8,3,5
10491,1693226143849,1692253879603,1692253879606,1693226143855,6,3,3
10492,1693226143855,1692253879610,1692253879613,1693226143863,8,3,5
10493,1693226143863,1692253879618,1692253879621,1693226143871,8,3,5
10494,1693226143871,1692253879626,1692253879629,1693226143878,7,3,4
10495,1693226143878,1692253879633,1692253879636,1693226143885,7,3,4
10496,1693226143885,1692253879641,1692253879644,1693226143894,9,3,6
10497,1693226143894,1692253879649,1692253879652,1693226143902,8,3,5
10498,1693226143902,1692253879656,1692253879660,1693226143909,7,4,3
10499,1693226143910,1692253879665,1692253879668,1693226143917,7,3,4
10500,1693226143917,1692253879671,1692253879675,1693226143924,7,4,3
10501,1693226143924,1692253879679,1692253879682,1693226143932,8,3,5
10502,1693226143932,1692253879686,1692253879692,1693226143941,9,6,3
10503,1693226143941,1692253879696,1692253879701,1693226143950,9,5,4
10504,1693226143950,1692253879705,1692253879708,1693226143957,7,3,4
10505,1693226143957,1692253879712,1692253879716,1693226143966,9,4,5
10506,1693226143966,1692253879720,1692253879723,1693226143972,6,3,3
10507,1693226143972,1692253879727,1692253879731,1693226143981,9,4,5
10508,1693226143981,1692253879736,1692253879740,1693226143990,9,4,5
10509,1693226143990,1692253879745,1692253879748,1693226143997,7,3,4
10510,1693226143997,1692253879752,1692253879755,1693226144005,8,3,5
10511,1693226144005,1692253879759,1692253879762,1693226144011,6,3,3
10512,1693226144011,1692253879766,1692253879769,1693226144018,7,3,4
10513,1693226144019,1692253879773,1692253879776,1693226144026,7,3,4
10514,1693226144026,1692253879789,1692253879792,1693226144042,16,3,13
10515,1693226144042,1692253879796,1692253879799,1693226144049,7,3,4
10516,1693226144049,1692253879804,1692253879807,1693226144057,8,3,5
10517,1693226144057,1692253879812,1692253879815,1693226144065,8,3,5
10518,1693226144065,1692253879820,1692253879823,1693226144073,8,3,5
10519,1693226144073,1692253879827,1692253879830,1693226144082,9,3,6
10520,1693226144082,1692253879836,1692253879839,1693226144088,6,3,3
10521,1693226144088,1692253879843,1692253879846,1693226144095,7,3,4
10522,1693226144095,1692253879850,1692253879854,1693226144103,8,4,4
10523,1693226144103,1692253879858,1692253879860,1693226144110,7,2,5
10524,1693226144110,1692253879865,1692253879869,1693226144118,8,4,4
10525,1693226144118,1692253879873,1692253879876,1693226144126,8,3,5
10526,1693226144126,1692253879880,1692253879884,1693226144133,7,4,3
10527,1693226144133,1692253879889,1692253879892,1693226144142,9,3,6
10528,1693226144142,1692253879898,1692253879901,1693226144151,9,3,6
10529,1693226144151,1692253879906,1692253879909,1693226144159,8,3,5
10530,1693226144159,1692253879913,1692253879918,1693226144167,8,5,3
10531,1693226144167,1692253879923,1692253879927,1693226144176,9,4,5
10532,1693226144176,1692253879931,1692253879935,1693226144185,9,4,5
10533,1693226144185,1692253879939,1692253879942,1693226144192,7,3,4
10534,1693226144192,1692253879947,1692253879951,1693226144200,8,4,4
10535,1693226144200,1692253879955,1692253879958,1693226144207,7,3,4
10536,1693226144207,1692253879962,1692253879965,1693226144215,8,3,5
10537,1693226144215,1692253879970,1692253879973,1693226144223,8,3,5
10538,1693226144223,1692253879978,1692253879981,1693226144231,8,3,5
10539,1693226144231,1692253879986,1692253879991,1693226144240,9,5,4
10540,1693226144240,1692253879995,1692253879998,1693226144248,8,3,5
10541,1693226144248,1692253880002,1692253880006,1693226144256,8,4,4
10542,1693226144256,1692253880010,1692253880014,1693226144263,7,4,3
10543,1693226144263,1692253880018,1692253880021,1693226144271,8,3,5
10544,1693226144271,1692253880026,1692253880029,1693226144278,7,3,4
10545,1693226144278,1692253880033,1692253880037,1693226144287,9,4,5
10546,1693226144287,1692253880041,1692253880044,1693226144294,7,3,4
10547,1693226144294,1692253880048,1692253880052,1693226144301,7,4,3
10548,1693226144301,1692253880056,1692253880060,1693226144309,8,4,4
10549,1693226144309,1692253880064,1692253880067,1693226144316,7,3,4
10550,1693226144317,1692253880071,1692253880074,1693226144324,7,3,4
10551,1693226144324,1692253880078,1692253880081,1693226144331,7,3,4
10552,1693226144331,1692253880085,1692253880088,1693226144337,6,3,3
10553,1693226144337,1692253880092,1692253880095,1693226144345,8,3,5
10554,1693226144345,1692253880100,1692253880103,1693226144352,7,3,4
10555,1693226144352,1692253880107,1692253880111,1693226144361,9,4,5
10556,1693226144361,1692253880116,1692253880120,1693226144369,8,4,4
10557,1693226144369,1692253880123,1692253880127,1693226144377,8,4,4
10558,1693226144377,1692253880132,1692253880135,1693226144385,8,3,5
10559,1693226144385,1692253880141,1692253880144,1693226144394,9,3,6
10560,1693226144394,1692253880149,1692253880152,1693226144402,8,3,5
10561,1693226144402,1692253880158,1692253880161,1693226144411,9,3,6
10562,1693226144411,1692253880165,1692253880169,1693226144418,7,4,3
10563,1693226144418,1692253880172,1692253880175,1693226144424,6,3,3
10564,1693226144424,1692253880179,1692253880183,1693226144433,9,4,5
10565,1693226144433,1692253880188,1692253880191,1693226144441,8,3,5
10566,1693226144441,1692253880196,1692253880198,1693226144448,7,2,5
10567,1693226144448,1692253880202,1692253880205,1693226144455,7,3,4
10568,1693226144455,1692253880209,1692253880212,1693226144462,7,3,4
10569,1693226144462,1692253880217,1692253880221,1693226144470,8,4,4
10570,1693226144470,1692253880224,1692253880227,1693226144476,6,3,3
10571,1693226144477,1692253880232,1692253880235,1693226144485,8,3,5
10572,1693226144485,1692253880239,1692253880243,1693226144492,7,4,3
10573,1693226144492,1692253880246,1692253880250,1693226144500,8,4,4
10574,1693226144500,1692253880254,1692253880257,1693226144507,7,3,4
10575,1693226144507,1692253880262,1692253880265,1693226144515,8,3,5
10576,1693226144515,1692253880270,1692253880275,1693226144525,10,5,5
10577,1693226144525,1692253880280,1692253880283,1693226144534,9,3,6
10578,1693226144534,1692253880289,1692253880293,1693226144543,9,4,5
10579,1693226144543,1692253880298,1692253880301,1693226144551,8,3,5
10580,1693226144551,1692253880306,1692253880309,1693226144559,8,3,5
10581,1693226144559,1692253880314,1692253880317,1693226144567,8,3,5
10582,1693226144567,1692253880322,1692253880325,1693226144575,8,3,5
10583,1693226144575,1692253880329,1692253880332,1693226144582,7,3,4
10584,1693226144582,1692253880336,1692253880340,1693226144589,7,4,3
10585,1693226144589,1692253880347,1692253880350,1693226144600,11,3,8
10586,1693226144600,1692253880355,1692253880358,1693226144610,10,3,7
10587,1693226144610,1692253880365,1692253880368,1693226144618,8,3,5
10588,1693226144618,1692253880372,1692253880376,1693226144625,7,4,3
10589,1693226144625,1692253880380,1692253880384,1693226144633,8,4,4
10590,1693226144633,1692253880388,1692253880391,1693226144641,8,3,5
10591,1693226144641,1692253880395,1692253880398,1693226144648,7,3,4
10592,1693226144648,1692253880404,1692253880407,1693226144656,8,3,5
10593,1693226144656,1692253880411,1692253880415,1693226144665,9,4,5
10594,1693226144665,1692253880420,1692253880423,1693226144673,8,3,5
10595,1693226144673,1692253880428,1692253880431,1693226144680,7,3,4
10596,1693226144680,1692253880435,1692253880439,1693226144688,8,4,4
10597,1693226144688,1692253880443,1692253880445,1693226144697,9,2,7
10598,1693226144697,1692253880452,1692253880455,1693226144707,10,3,7
10599,1693226144707,1692253880462,1692253880465,1693226144714,7,3,4
10600,1693226144714,1692253880469,1692253880473,1693226144723,9,4,5
10601,1693226144723,1692253880477,1692253880481,1693226144731,8,4,4
10602,1693226144731,1692253880485,1692253880489,1693226144738,7,4,3
10603,1693226144738,1692253880493,1692253880496,1693226144745,7,3,4
10604,1693226144745,1692253880499,1692253880502,1693226144752,7,3,4
10605,1693226144752,1692253880506,1692253880509,1693226144759,7,3,4
10606,1693226144759,1692253880514,1692253880517,1693226144767,8,3,5
10607,1693226144767,1692253880521,1692253880524,1693226144774,7,3,4
10608,1693226144774,1692253880529,1692253880532,1693226144781,7,3,4
10609,1693226144781,1692253880537,1692253880540,1693226144789,8,3,5
10610,1693226144789,1692253880543,1692253880546,1693226144795,6,3,3
10611,1693226144796,1692253880552,1692253880555,1693226144805,9,3,6
10612,1693226144805,1692253880560,1692253880562,1693226144812,7,2,5
10613,1693226144812,1692253880567,1692253880571,1693226144821,9,4,5
10614,1693226144821,1692253880575,1692253880578,1693226144828,7,3,4
10615,1693226144828,1692253880583,1692253880586,1693226144835,7,3,4
10616,1693226144835,1692253880590,1692253880593,1693226144843,8,3,5
10617,1693226144843,1692253880597,1692253880600,1693226144850,7,3,4
10618,1693226144850,1692253880606,1692253880609,1693226144858,8,3,5
10619,1693226144858,1692253880613,1692253880616,1693226144865,7,3,4
10620,1693226144865,1692253880620,1692253880623,1693226144873,8,3,5
10621,1693226144873,1692253880628,1692253880631,1693226144880,7,3,4
10622,1693226144880,1692253880635,1692253880638,1693226144887,7,3,4
10623,1693226144887,1692253880642,1692253880645,1693226144895,8,3,5
10624,1693226144895,1692253880650,1692253880654,1693226144903,8,4,4
10625,1693226144903,1692253880658,1692253880661,1693226144911,8,3,5
10626,1693226144911,1692253880666,1692253880669,1693226144918,7,3,4
10627,1693226144918,1692253880672,1692253880676,1693226144926,8,4,4
10628,1693226144926,1692253880680,1692253880683,1693226144933,7,3,4
10629,1693226144933,1692253880688,1692253880691,1693226144941,8,3,5
10630,1693226144941,1692253880695,1692253880698,1693226144948,7,3,4
10631,1693226144948,1692253880702,1692253880705,1693226144955,7,3,4
10632,1693226144955,1692253880710,1692253880713,1693226144962,7,3,4
10633,1693226144963,1692253880717,1692253880721,1693226144970,7,4,3
10634,1693226144970,1692253880725,1692253880728,1693226144978,8,3,5
10635,1693226144978,1692253880732,1692253880736,1693226144986,8,4,4
10636,1693226144986,1692253880740,1692253880744,1693226144993,7,4,3
10637,1693226144993,1692253880750,1692253880753,1693226145003,10,3,7
10638,1693226145003,1692253880758,1692253880761,1693226145011,8,3,5
10639,1693226145011,1692253880766,1692253880771,1693226145021,10,5,5
10640,1693226145021,1692253880776,1692253880779,1693226145028,7,3,4
10641,1693226145029,1692253880784,1692253880787,1693226145037,8,3,5
10642,1693226145037,1692253880794,1692253880797,1693226145047,10,3,7
10643,1693226145047,1692253880802,1692253880805,1693226145054,7,3,4
10644,1693226145054,1692253880809,1692253880812,1693226145062,8,3,5
10645,1693226145062,1692253880825,1692253880828,1693226145078,16,3,13
10646,1693226145078,1692253880833,1692253880836,1693226145086,8,3,5
10647,1693226145086,1692253880840,1692253880843,1693226145093,7,3,4
10648,1693226145093,1692253880848,1692253880852,1693226145101,8,4,4
10649,1693226145101,1692253880858,1692253880863,1693226145113,12,5,7
10650,1693226145113,1692253880868,1692253880870,1693226145120,7,2,5
10651,1693226145120,1692253880875,1692253880878,1693226145127,7,3,4
10652,1693226145127,1692253880882,1692253880885,1693226145135,8,3,5
10653,1693226145135,1692253880890,1692253880893,1693226145142,7,3,4
10654,1693226145142,1692253880897,1692253880900,1693226145150,8,3,5
10655,1693226145150,1692253880905,1692253880909,1693226145158,8,4,4
10656,1693226145158,1692253880914,1692253880917,1693226145166,8,3,5
10657,1693226145166,1692253880922,1692253880925,1693226145175,9,3,6
10658,1693226145175,1692253880930,1692253880933,1693226145183,8,3,5
10659,1693226145183,1692253880938,1692253880940,1693226145190,7,2,5
10660,1693226145190,1692253880945,1692253880949,1693226145198,8,4,4
10661,1693226145198,1692253880953,1692253880956,1693226145209,11,3,8
10662,1693226145209,1692253880964,1692253880968,1693226145218,9,4,5
10663,1693226145218,1692253880972,1692253880975,1693226145225,7,3,4
10664,1693226145225,1692253880980,1692253880983,1693226145232,7,3,4
10665,1693226145232,1692253880987,1692253880990,1693226145239,7,3,4
10666,1693226145239,1692253880994,1692253880997,1693226145247,8,3,5
10667,1693226145247,1692253881001,1692253881004,1693226145254,7,3,4
10668,1693226145254,1692253881009,1692253881012,1693226145262,8,3,5
10669,1693226145262,1692253881017,1692253881020,1693226145270,8,3,5
10670,1693226145270,1692253881025,1692253881028,1693226145277,7,3,4
10671,1693226145277,1692253881032,1692253881035,1693226145285,8,3,5
10672,1693226145285,1692253881039,1692253881044,1693226145293,8,5,3
10673,1693226145293,1692253881048,1692253881051,1693226145300,7,3,4
10674,1693226145301,1692253881055,1692253881059,1693226145311,10,4,6
10675,1693226145311,1692253881066,1692253881070,1693226145319,8,4,4
10676,1693226145319,1692253881073,1692253881076,1693226145325,6,3,3
10677,1693226145325,1692253881080,1692253881083,1693226145333,8,3,5
10678,1693226145333,1692253881087,1692253881090,1693226145340,7,3,4
10679,1693226145340,1692253881095,1692253881098,1693226145348,8,3,5
10680,1693226145348,1692253881103,1692253881106,1693226145356,8,3,5
10681,1693226145356,1692253881110,1692253881113,1693226145363,7,3,4
10682,1693226145363,1692253881117,1692253881120,1693226145370,7,3,4
10683,1693226145370,1692253881125,1692253881129,1693226145378,8,4,4
10684,1693226145378,1692253881133,1692253881136,1693226145386,8,3,5
10685,1693226145386,1692253881141,1692253881143,1693226145393,7,2,5
10686,1693226145393,1692253881148,1692253881153,1693226145402,9,5,4
10687,1693226145402,1692253881166,1692253881169,1693226145419,17,3,14
10688,1693226145419,1692253881174,1692253881177,1693226145427,8,3,5
10689,1693226145427,1692253881181,1692253881185,1693226145434,7,4,3
10690,1693226145434,1692253881189,1692253881192,1693226145441,7,3,4
10691,1693226145441,1692253881196,1692253881199,1693226145449,8,3,5
10692,1693226145449,1692253881203,1692253881206,1693226145456,7,3,4
10693,1693226145456,1692253881212,1692253881217,1693226145466,10,5,5
10694,1693226145466,1692253881221,1692253881225,1693226145475,9,4,5
10695,1693226145475,1692253881230,1692253881233,1693226145482,7,3,4
10696,1693226145482,1692253881237,1692253881240,1693226145490,8,3,5
10697,1693226145490,1692253881244,1692253881247,1693226145496,6,3,3
10698,1693226145496,1692253881251,1692253881254,1693226145503,7,3,4
10699,1693226145503,1692253881258,1692253881261,1693226145511,8,3,5
10700,1693226145511,1692253881268,1692253881272,1693226145521,10,4,6
10701,1693226145521,1692253881276,1692253881279,1693226145528,7,3,4
10702,1693226145528,1692253881284,1692253881287,1693226145540,12,3,9
10703,1693226145540,1692253881295,1692253881298,1693226145548,8,3,5
10704,1693226145548,1692253881303,1692253881306,1693226145555,7,3,4
10705,1693226145555,1692253881310,1692253881313,1693226145563,8,3,5
10706,1693226145563,1692253881317,1692253881320,1693226145570,7,3,4
10707,1693226145570,1692253881325,1692253881327,1693226145577,7,2,5
10708,1693226145577,1692253881332,1692253881336,1693226145585,8,4,4
10709,1693226145585,1692253881339,1692253881342,1693226145592,7,3,4
10710,1693226145592,1692253881347,1692253881349,1693226145599,7,2,5
10711,1693226145599,1692253881354,1692253881357,1693226145607,8,3,5
10712,1693226145607,1692253881361,1692253881364,1693226145614,7,3,4
10713,1693226145614,1692253881371,1692253881374,1693226145624,10,3,7
10714,1693226145624,1692253881379,1692253881382,1693226145632,8,3,5
10715,1693226145632,1692253881386,1692253881389,1693226145639,7,3,4
10716,1693226145639,1692253881394,1692253881397,1693226145647,8,3,5
10717,1693226145647,1692253881401,1692253881404,1693226145654,7,3,4
10718,1693226145654,1692253881408,1692253881411,1693226145661,7,3,4
10719,1693226145661,1692253881416,1692253881419,1693226145668,7,3,4
10720,1693226145668,1692253881423,1692253881426,1693226145676,8,3,5
10721,1693226145676,1692253881430,1692253881434,1693226145684,8,4,4
10722,1693226145684,1692253881439,1692253881444,1693226145694,10,5,5
10723,1693226145694,1692253881449,1692253881452,1693226145702,8,3,5
10724,1693226145702,1692253881458,1692253881461,1693226145711,9,3,6
10725,1693226145711,1692253881467,1692253881471,1693226145722,11,4,7
10726,1693226145722,1692253881477,1692253881481,1693226145731,9,4,5
10727,1693226145731,1692253881486,1692253881490,1693226145739,8,4,4
10728,1693226145739,1692253881494,1692253881497,1693226145747,8,3,5
10729,1693226145747,1692253881502,1692253881505,1693226145754,7,3,4
10730,1693226145754,1692253881509,1692253881512,1693226145762,8,3,5
10731,1693226145762,1692253881517,1692253881520,1693226145769,7,3,4
10732,1693226145769,1692253881524,1692253881527,1693226145776,7,3,4
10733,1693226145776,1692253881531,1692253881533,1693226145783,7,2,5
10734,1693226145783,1692253881538,1692253881542,1693226145792,9,4,5
10735,1693226145792,1692253881547,1692253881550,1693226145799,7,3,4
10736,1693226145799,1692253881554,1692253881556,1693226145806,7,2,5
10737,1693226145806,1692253881561,1692253881564,1693226145814,8,3,5
10738,1693226145814,1692253881571,1692253881573,1693226145823,9,2,7
10739,1693226145823,1692253881578,1692253881581,1693226145830,7,3,4
10740,1693226145830,1692253881585,1692253881588,1693226145839,9,3,6
10741,1693226145839,1692253881594,1692253881597,1693226145847,8,3,5
10742,1693226145847,1692253881602,1692253881604,1693226145854,7,2,5
10743,1693226145854,1692253881609,1692253881611,1693226145861,7,2,5
10744,1693226145861,1692253881616,1692253881619,1693226145868,7,3,4
10745,1693226145868,1692253881623,1692253881626,1693226145876,8,3,5
10746,1693226145876,1692253881631,1692253881634,1693226145884,8,3,5
10747,1693226145884,1692253881639,1692253881642,1693226145892,8,3,5
10748,1693226145892,1692253881647,1692253881650,1693226145899,7,3,4
10749,1693226145899,1692253881654,1692253881658,1693226145907,8,4,4
10750,1693226145907,1692253881662,1692253881665,1693226145915,8,3,5
10751,1693226145915,1692253881670,1692253881673,1693226145922,7,3,4
10752,1693226145923,1692253881679,1692253881682,1693226145932,9,3,6
10753,1693226145932,1692253881688,1692253881691,1693226145941,9,3,6
10754,1693226145941,1692253881696,1692253881699,1693226145949,8,3,5
10755,1693226145949,1692253881703,1692253881707,1693226145957,8,4,4
10756,1693226145957,1692253881711,1692253881716,1693226145966,9,5,4
10757,1693226145966,1692253881721,1692253881724,1693226145974,8,3,5
10758,1693226145974,1692253881729,1692253881732,1693226145981,7,3,4
10759,1693226145981,1692253881735,1692253881740,1693226145990,9,5,4
10760,1693226145990,1692253881745,1692253881748,1693226145998,8,3,5
10761,1693226145998,1692253881752,1692253881756,1693226146006,8,4,4
10762,1693226146006,1692253881761,1692253881764,1693226146013,7,3,4
10763,1693226146013,1692253881768,1692253881771,1693226146021,8,3,5
10764,1693226146021,1692253881775,1692253881779,1693226146029,8,4,4
10765,1693226146029,1692253881784,1692253881787,1693226146037,8,3,5
10766,1693226146037,1692253881792,1692253881795,1693226146045,8,3,5
10767,1693226146045,1692253881800,1692253881804,1693226146053,8,4,4
10768,1693226146053,1692253881808,1692253881812,1693226146062,9,4,5
10769,1693226146062,1692253881816,1692253881821,1693226146070,8,5,3
10770,1693226146070,1692253881824,1692253881828,1693226146078,8,4,4
10771,1693226146078,1692253881833,1692253881836,1693226146086,8,3,5
10772,1693226146086,1692253881841,1692253881844,1693226146093,7,3,4
10773,1693226146094,1692253881848,1692253881852,1693226146101,7,4,3
10774,1693226146101,1692253881856,1692253881859,1693226146108,7,3,4
10775,1693226146108,1692253881864,1692253881867,1693226146117,9,3,6
10776,1693226146117,1692253881871,1692253881875,1693226146125,8,4,4
10777,1693226146125,1692253881882,1692253881886,1693226146135,10,4,6
10778,1693226146135,1692253881890,1692253881894,1693226146144,9,4,5
10779,1693226146144,1692253881899,1692253881903,1693226146152,8,4,4
10780,1693226146152,1692253881907,1692253881910,1693226146160,8,3,5
10781,1693226146160,1692253881915,1692253881918,1693226146168,8,3,5
10782,1693226146168,1692253881923,1692253881925,1693226146175,7,2,5
10783,1693226146175,1692253881930,1692253881934,1693226146183,8,4,4
10784,1693226146183,1692253881939,1692253881942,1693226146192,9,3,6
10785,1693226146192,1692253881946,1692253881950,1693226146199,7,4,3
10786,1693226146199,1692253881953,1692253881956,1693226146206,7,3,4
10787,1693226146206,1692253881961,1692253881964,1693226146214,8,3,5
10788,1693226146214,1692253881969,1692253881972,1693226146221,7,3,4
10789,1693226146221,1692253881976,1692253881979,1693226146228,7,3,4
10790,1693226146228,1692253881985,1692253881989,1693226146238,10,4,6
10791,1693226146238,1692253881993,1692253881996,1693226146246,8,3,5
10792,1693226146246,1692253882002,1692253882005,1693226146255,9,3,6
10793,1693226146255,1692253882010,1692253882013,1693226146263,8,3,5
10794,1693226146263,1692253882017,1692253882021,1693226146271,8,4,4
10795,1693226146271,1692253882027,1692253882031,1693226146280,9,4,5
10796,1693226146280,1692253882035,1692253882040,1693226146290,10,5,5
10797,1693226146290,1692253882044,1692253882048,1693226146297,7,4,3
10798,1693226146298,1692253882052,1692253882055,1693226146305,7,3,4
10799,1693226146305,1692253882063,1692253882066,1693226146316,11,3,8
10800,1693226146316,1692253882071,1692253882074,1693226146324,8,3,5
10801,1693226146324,1692253882087,1692253882090,1693226146340,16,3,13
10802,1693226146340,1692253882094,1692253882098,1693226146348,8,4,4
10803,1693226146348,1692253882104,1692253882107,1693226146357,9,3,6
10804,1693226146357,1692253882112,1692253882115,1693226146365,8,3,5
10805,1693226146365,1692253882120,1692253882123,1693226146373,8,3,5
10806,1693226146373,1692253882128,1692253882131,1693226146380,7,3,4
10807,1693226146380,1692253882135,1692253882138,1693226146388,8,3,5
10808,1693226146388,1692253882142,1692253882145,1693226146395,7,3,4
10809,1693226146395,1692253882150,1692253882153,1693226146403,8,3,5
10810,1693226146403,1692253882157,1692253882160,1693226146410,7,3,4
10811,1693226146410,1692253882164,1692253882167,1693226146417,7,3,4
10812,1693226146417,1692253882172,1692253882175,1693226146424,7,3,4
10813,1693226146424,1692253882180,1692253882183,1693226146433,9,3,6
10814,1693226146433,1692253882190,1692253882193,1693226146443,10,3,7
10815,1693226146443,1692253882198,1692253882201,1693226146451,8,3,5
10816,1693226146451,1692253882206,1692253882209,1693226146459,8,3,5
10817,1693226146459,1692253882214,1692253882217,1693226146467,8,3,5
10818,1693226146467,1692253882221,1692253882226,1693226146476,9,5,4
10819,1693226146476,1692253882231,1692253882235,1693226146484,8,4,4
10820,1693226146484,1692253882239,1692253882242,1693226146492,8,3,5
10821,1693226146492,1692253882247,1692253882250,1693226146500,8,3,5
10822,1693226146500,1692253882255,1692253882258,1693226146507,7,3,4
10823,1693226146507,1692253882262,1692253882265,1693226146514,7,3,4
10824,1693226146514,1692253882269,1692253882272,1693226146522,8,3,5
10825,1693226146522,1692253882277,1692253882280,1693226146530,8,3,5
10826,1693226146530,1692253882285,1692253882288,1693226146540,10,3,7
10827,1693226146540,1692253882298,1692253882302,1693226146552,12,4,8
10828,1693226146552,1692253882306,1692253882310,1693226146560,8,4,4
10829,1693226146560,1692253882315,1692253882317,1693226146567,7,2,5
10830,1693226146567,1692253882321,1692253882324,1693226146574,7,3,4
10831,1693226146574,1692253882329,1692253882332,1693226146581,7,3,4
10832,1693226146581,1692253882337,1692253882341,1693226146591,10,4,6
10833,1693226146591,1692253882345,1692253882348,1693226146598,7,3,4
10834,1693226146598,1692253882353,1692253882355,1693226146605,7,2,5
10835,1693226146605,1692253882360,1692253882362,1693226146612,7,2,5
10836,1693226146612,1692253882367,1692253882370,1693226146620,8,3,5
10837,1693226146620,1692253882375,1692253882378,1693226146627,7,3,4
10838,1693226146627,1692253882382,1692253882386,1693226146636,9,4,5
10839,1693226146636,1692253882391,1692253882395,1693226146644,8,4,4
10840,1693226146644,1692253882399,1692253882402,1693226146652,8,3,5
10841,1693226146652,1692253882406,1692253882410,1693226146659,7,4,3
10842,1693226146659,1692253882414,1692253882417,1693226146667,8,3,5
10843,1693226146667,1692253882422,1692253882425,1693226146674,7,3,4
10844,1693226146674,1692253882428,1692253882432,1693226146681,7,4,3
10845,1693226146681,1692253882435,1692253882439,1693226146688,7,4,3
10846,1693226146688,1692253882443,1692253882446,1693226146696,8,3,5
10847,1693226146696,1692253882451,1692253882454,1693226146704,8,3,5
10848,1693226146704,1692253882460,1692253882464,1693226146713,9,4,5
10849,1693226146713,1692253882468,1692253882471,1693226146721,8,3,5
10850,1693226146721,1692253882476,1692253882480,1693226146730,9,4,5
10851,1693226146730,1692253882485,1692253882488,1693226146738,8,3,5
10852,1693226146738,1692253882492,1692253882495,1693226146745,7,3,4
10853,1693226146745,1692253882501,1692253882504,1693226146754,9,3,6
10854,1693226146754,1692253882509,1692253882512,1693226146762,8,3,5
10855,1693226146762,1692253882517,1692253882519,1693226146769,7,2,5
10856,1693226146769,1692253882524,1692253882527,1693226146777,8,3,5
10857,1693226146777,1692253882539,1692253882542,1693226146791,14,3,11
10858,1693226146791,1692253882546,1692253882552,1693226146801,10,6,4
10859,1693226146801,1692253882556,1692253882559,1693226146808,7,3,4
10860,1693226146808,1692253882563,1692253882567,1693226146816,8,4,4
10861,1693226146816,1692253882572,1692253882575,1693226146825,9,3,6
10862,1693226146825,1692253882580,1692253882583,1693226146832,7,3,4
10863,1693226146832,1692253882587,1692253882589,1693226146839,7,2,5
10864,1693226146839,1692253882594,1692253882598,1693226146848,9,4,5
10865,1693226146848,1692253882603,1692253882606,1693226146856,8,3,5
10866,1693226146856,1692253882611,1692253882613,1693226146863,7,2,5
10867,1693226146863,1692253882618,1692253882620,1693226146870,7,2,5
10868,1693226146870,1692253882625,1692253882630,1693226146879,9,5,4
10869,1693226146879,1692253882634,1692253882637,1693226146886,7,3,4
10870,1693226146886,1692253882641,1692253882643,1693226146893,7,2,5
10871,1693226146893,1692253882648,1692253882651,1693226146901,8,3,5
10872,1693226146901,1692253882656,1692253882659,1693226146908,7,3,4
10873,1693226146908,1692253882664,1692253882667,1693226146917,9,3,6
10874,1693226146917,1692253882671,1692253882675,1693226146925,8,4,4
10875,1693226146925,1692253882680,1692253882683,1693226146933,8,3,5
10876,1693226146933,1692253882687,1692253882690,1693226146940,7,3,4
10877,1693226146940,1692253882695,1692253882698,1693226146949,9,3,6
10878,1693226146949,1692253882704,1692253882708,1693226146957,8,4,4
10879,1693226146957,1692253882712,1692253882716,1693226146965,8,4,4
10880,1693226146965,1692253882721,1692253882724,1693226146974,9,3,6
10881,1693226146974,1692253882729,1692253882732,1693226146982,8,3,5
10882,1693226146982,1692253882737,1692253882740,1693226146990,8,3,5
10883,1693226146991,1692253882745,1692253882749,1693226146999,8,4,4
10884,1693226146999,1692253882754,1692253882757,1693226147007,8,3,5
10885,1693226147007,1692253882761,1692253882764,1693226147014,7,3,4
10886,1693226147014,1692253882769,1692253882772,1693226147021,7,3,4
10887,1693226147021,1692253882776,1692253882780,1693226147030,9,4,5
10888,1693226147030,1692253882785,1692253882787,1693226147037,7,2,5
10889,1693226147037,1692253882791,1692253882795,1693226147044,7,4,3
10890,1693226147044,1692253882799,1692253882802,1693226147052,8,3,5
10891,1693226147052,1692253882806,1692253882809,1693226147059,7,3,4
10892,1693226147059,1692253882814,1692253882816,1693226147066,7,2,5
10893,1693226147066,1692253882821,1692253882825,1693226147075,9,4,5
10894,1693226147075,1692253882830,1692253882833,1693226147083,8,3,5
10895,1693226147083,1692253882837,1692253882842,1693226147091,8,5,3
10896,1693226147091,1692253882846,1692253882849,1693226147099,8,3,5
10897,1693226147099,1692253882854,1692253882858,1693226147107,8,4,4
10898,1693226147107,1692253882862,1692253882866,1693226147116,9,4,5
10899,1693226147116,1692253882871,1692253882874,1693226147123,7,3,4
10900,1693226147123,1692253882878,1692253882880,1693226147130,7,2,5
10901,1693226147130,1692253882885,1692253882888,1693226147137,7,3,4
10902,1693226147137,1692253882892,1692253882895,1693226147145,8,3,5
10903,1693226147145,1692253882900,1692253882903,1693226147154,9,3,6
10904,1693226147154,1692253882908,1692253882913,1693226147163,9,5,4
10905,1693226147163,1692253882917,1692253882921,1693226147170,7,4,3
10906,1693226147170,1692253882925,1692253882928,1693226147177,7,3,4
10907,1693226147177,1692253882933,1692253882936,1693226147185,8,3,5
10908,1693226147185,1692253882941,1692253882945,1693226147194,9,4,5
10909,1693226147194,1692253882949,1692253882952,1693226147202,8,3,5
10910,1693226147202,1692253882956,1692253882959,1693226147209,7,3,4
10911,1693226147209,1692253882964,1692253882967,1693226147217,8,3,5
10912,1693226147217,1692253882972,1692253882976,1693226147225,8,4,4
10913,1693226147225,1692253882980,1692253882983,1693226147233,8,3,5
10914,1693226147233,1692253882992,1692253882995,1693226147244,11,3,8
10915,1693226147244,1692253882999,1692253883002,1693226147252,8,3,5
10916,1693226147252,1692253883006,1692253883010,1693226147260,8,4,4
10917,1693226147260,1692253883015,1692253883019,1693226147268,8,4,4
10918,1693226147268,1692253883023,1692253883026,1693226147276,8,3,5
10919,1693226147276,1692253883031,1692253883034,1693226147283,7,3,4
10920,1693226147283,1692253883038,1692253883041,1693226147291,8,3,5
10921,1693226147291,1692253883045,1692253883049,1693226147299,8,4,4
10922,1693226147299,1692253883054,1692253883057,1693226147307,8,3,5
10923,1693226147307,1692253883062,1692253883065,1693226147314,7,3,4
10924,1693226147314,1692253883069,1692253883072,1693226147322,8,3,5
10925,1693226147322,1692253883077,1692253883080,1693226147330,8,3,5
10926,1693226147330,1692253883084,1692253883087,1693226147337,7,3,4
10927,1693226147337,1692253883092,1692253883095,1693226147344,7,3,4
10928,1693226147344,1692253883099,1692253883103,1693226147353,9,4,5
10929,1693226147353,1692253883108,1692253883110,1693226147360,7,2,5
10930,1693226147360,1692253883115,1692253883118,1693226147368,8,3,5
10931,1693226147368,1692253883122,1692253883126,1693226147375,7,4,3
10932,1693226147375,1692253883130,1692253883134,1693226147383,8,4,4
10933,1693226147383,1692253883138,1692253883141,1693226147391,8,3,5
10934,1693226147391,1692253883146,1692253883149,1693226147398,7,3,4
10935,1693226147398,1692253883153,1692253883156,1693226147405,7,3,4
10936,1693226147405,1692253883160,1692253883163,1693226147412,7,3,4
10937,1693226147412,1692253883167,1692253883170,1693226147420,8,3,5
10938,1693226147420,1692253883175,1692253883178,1693226147428,8,3,5
10939,1693226147428,1692253883183,1692253883186,1693226147436,8,3,5
10940,1693226147436,1692253883191,1692253883194,1693226147443,7,3,4
10941,1693226147443,1692253883198,1692253883203,1693226147452,9,5,4
10942,1693226147452,1692253883207,1692253883209,1693226147461,9,2,7
10943,1693226147461,1692253883216,1692253883219,1693226147469,8,3,5
10944,1693226147469,1692253883224,1692253883228,1693226147477,8,4,4
10945,1693226147477,1692253883232,1692253883236,1693226147485,8,4,4
10946,1693226147485,1692253883240,1692253883244,1693226147494,9,4,5
10947,1693226147494,1692253883248,1692253883251,1693226147501,7,3,4
10948,1693226147501,1692253883256,1692253883259,1693226147509,8,3,5
10949,1693226147509,1692253883263,1692253883266,1693226147516,7,3,4
10950,1693226147516,1692253883271,1692253883274,1693226147524,8,3,5
10951,1693226147524,1692253883279,1692253883282,1693226147531,7,3,4
10952,1693226147531,1692253883286,1692253883289,1693226147539,8,3,5
10953,1693226147539,1692253883293,1692253883297,1693226147547,8,4,4
10954,1693226147547,1692253883305,1692253883309,1693226147559,12,4,8
10955,1693226147559,1692253883316,1692253883319,1693226147569,10,3,7
10956,1693226147569,1692253883324,1692253883328,1693226147577,8,4,4
10957,1693226147577,1692253883333,1692253883336,1693226147585,8,3,5
10958,1693226147585,1692253883345,1692253883348,1693226147601,16,3,13
10959,1693226147601,1692253883357,1692253883360,1693226147610,9,3,6
10960,1693226147610,1692253883368,1692253883371,1693226147620,10,3,7
10961,1693226147620,1692253883374,1692253883377,1693226147627,7,3,4
10962,1693226147627,1692253883382,1692253883385,1693226147634,7,3,4
10963,1693226147634,1692253883388,1692253883391,1693226147641,7,3,4
10964,1693226147641,1692253883395,1692253883399,1693226147649,8,4,4
10965,1693226147649,1692253883404,1692253883408,1693226147657,8,4,4
10966,1693226147657,1692253883411,1692253883414,1693226147666,9,3,6
10967,1693226147666,1692253883422,1692253883425,1693226147674,8,3,5
10968,1693226147674,1692253883429,1692253883432,1693226147682,8,3,5
10969,1693226147682,1692253883437,1692253883441,1693226147691,9,4,5
10970,1693226147691,1692253883445,1692253883449,1693226147699,8,4,4
10971,1693226147699,1692253883454,1692253883457,1693226147707,8,3,5
10972,1693226147707,1692253883462,1692253883465,1693226147715,8,3,5
10973,1693226147715,1692253883470,1692253883473,1693226147723,8,3,5
10974,1693226147723,1692253883480,1692253883483,1693226147733,10,3,7
10975,1693226147733,1692253883487,1692253883491,1693226147740,7,4,3
10976,1693226147740,1692253883496,1692253883499,1693226147749,9,3,6
10977,1693226147749,1692253883504,1692253883508,1693226147757,8,4,4
10978,1693226147757,1692253883512,1692253883517,1693226147769,12,5,7
10979,1693226147769,1692253883528,1692253883532,1693226147782,13,4,9
10980,1693226147782,1692253883537,1692253883540,1693226147790,8,3,5
10981,1693226147790,1692253883545,1692253883548,1693226147798,8,3,5
10982,1693226147798,1692253883552,1692253883555,1693226147805,7,3,4
10983,1693226147805,1692253883559,1692253883562,1693226147812,7,3,4
10984,1693226147812,1692253883567,1692253883570,1693226147820,8,3,5
10985,1693226147820,1692253883574,1692253883577,1693226147826,6,3,3
10986,1693226147826,1692253883581,1692253883584,1693226147834,8,3,5
10987,1693226147834,1692253883589,1692253883592,1693226147841,7,3,4
10988,1693226147841,1692253883596,1692253883599,1693226147848,7,3,4
10989,1693226147848,1692253883603,1692253883607,1693226147857,9,4,5
10990,1693226147857,1692253883611,1692253883615,1693226147864,7,4,3
10991,1693226147864,1692253883619,1692253883626,1693226147875,11,7,4
10992,1693226147875,1692253883630,1692253883633,1693226147883,8,3,5
10993,1693226147883,1692253883638,1692253883641,1693226147891,8,3,5
10994,1693226147891,1692253883646,1692253883649,1693226147899,8,3,5
10995,1693226147899,1692253883654,1692253883658,1693226147908,9,4,5
10996,1693226147908,1692253883662,1692253883666,1693226147916,8,4,4
10997,1693226147916,1692253883671,1692253883674,1693226147924,8,3,5
10998,1693226147924,1692253883679,1692253883682,1693226147932,8,3,5
10999,1693226147932,1692253883687,1692253883690,1693226147940,8,3,5
11000,1693226147940,1692253883695,1692253883698,1693226147947,7,3,4
11001,1693226147947,1692253883702,1692253883705,1693226147955,8,3,5
11002,1693226147955,1692253883710,1692253883714,1693226147963,8,4,4
11003,1693226147963,1692253883718,1692253883720,1693226147970,7,2,5
11004,1693226147970,1692253883726,1692253883729,1693226147979,9,3,6
11005,1693226147979,1692253883734,1692253883737,1693226147986,7,3,4
11006,1693226147986,1692253883741,1692253883745,1693226147994,8,4,4
11007,1693226147994,1692253883749,1692253883753,1693226148003,9,4,5
11008,1693226148003,1692253883759,1692253883763,1693226148012,9,4,5
11009,1693226148012,1692253883767,1692253883771,1693226148020,8,4,4
11010,1693226148020,1692253883775,1692253883777,1693226148027,7,2,5
11011,1693226148027,1692253883782,1692253883784,1693226148034,7,2,5
11012,1693226148034,1692253883791,1692253883795,1693226148044,10,4,6
11013,1693226148044,1692253883799,1692253883803,1693226148052,8,4,4
11014,1693226148052,1692253883807,1692253883810,1693226148060,8,3,5
11015,1693226148060,1692253883815,1692253883820,1693226148069,9,5,4
11016,1693226148069,1692253883824,1692253883827,1693226148077,8,3,5
11017,1693226148077,1692253883832,1692253883835,1693226148084,7,3,4
11018,1693226148084,1692253883839,1692253883842,1693226148092,8,3,5
11019,1693226148092,1692253883847,1692253883850,1693226148100,8,3,5
11020,1693226148100,1692253883855,1692253883858,1693226148108,8,3,5
11021,1693226148108,1692253883862,1692253883866,1693226148115,7,4,3
11022,1693226148115,1692253883870,1692253883873,1693226148123,8,3,5
11023,1693226148123,1692253883878,1692253883880,1693226148130,7,2,5
11024,1693226148130,1692253883885,1692253883888,1693226148138,8,3,5
11025,1693226148138,1692253883893,1692253883897,1693226148146,8,4,4
11026,1693226148146,1692253883901,1692253883904,1693226148154,8,3,5
11027,1693226148154,1692253883911,1692253883915,1693226148164,10,4,6
11028,1693226148164,1692253883919,1692253883923,1693226148172,8,4,4
11029,1693226148172,1692253883927,1692253883930,1693226148180,8,3,5
11030,1693226148180,1692253883935,1692253883938,1693226148187,7,3,4
11031,1693226148187,1692253883942,1692253883945,1693226148195,8,3,5
11032,1693226148195,1692253883949,1692253883953,1693226148202,7,4,3
11033,1693226148202,1692253883957,1692253883961,1693226148211,9,4,5
11034,1693226148211,1692253883967,1692253883970,1693226148220,9,3,6
11035,1693226148220,1692253883975,1692253883977,1693226148227,7,2,5
11036,1693226148227,1692253883981,1692253883984,1693226148234,7,3,4
11037,1693226148234,1692253883989,1692253883993,1693226148242,8,4,4
11038,1693226148242,1692253883997,1692253884000,1693226148250,8,3,5
11039,1693226148250,1692253884005,1692253884009,1693226148258,8,4,4
11040,1693226148258,1692253884013,1692253884016,1693226148266,8,3,5
11041,1693226148266,1692253884021,1692253884024,1693226148273,7,3,4
11042,1693226148273,1692253884028,1692253884031,1693226148281,8,3,5
11043,1693226148281,1692253884036,1692253884040,1693226148289,8,4,4
11044,1693226148289,1692253884044,1692253884047,1693226148297,8,3,5
11045,1693226148297,1692253884052,1692253884056,1693226148305,8,4,4
11046,1693226148305,1692253884059,1692253884063,1693226148312,7,4,3
11047,1693226148312,1692253884067,1692253884070,1693226148320,8,3,5
11048,1693226148320,1692253884075,1692253884078,1693226148327,7,3,4
11049,1693226148327,1692253884082,1692253884085,1693226148336,9,3,6
11050,1693226148336,1692253884092,1692253884095,1693226148345,9,3,6
11051,1693226148345,1692253884099,1692253884103,1693226148353,8,4,4
11052,1693226148353,1692253884108,1692253884112,1693226148362,9,4,5
11053,1693226148362,1692253884116,1692253884120,1693226148369,7,4,3
11054,1693226148369,1692253884124,1692253884128,1693226148378,9,4,5
11055,1693226148378,1692253884135,1692253884138,1693226148388,10,3,7
11056,1693226148388,1692253884142,1692253884145,1693226148395,7,3,4
11057,1693226148395,1692253884150,1692253884153,1693226148403,8,3,5
11058,1693226148403,1692253884158,1692253884162,1693226148411,8,4,4
11059,1693226148411,1692253884167,1692253884170,1693226148419,8,3,5
11060,1693226148419,1692253884174,1692253884177,1693226148427,8,3,5
11061,1693226148427,1692253884182,1692253884186,1693226148436,9,4,5
11062,1693226148436,1692253884191,1692253884195,1693226148444,8,4,4
11063,1693226148444,1692253884199,1692253884202,1693226148451,7,3,4
11064,1693226148451,1692253884206,1692253884210,1693226148460,9,4,5
11065,1693226148460,1692253884215,1692253884218,1693226148467,7,3,4
11066,1693226148467,1692253884222,1692253884226,1693226148475,8,4,4
11067,1693226148475,1692253884230,1692253884234,1693226148485,10,4,6
11068,1693226148485,1692253884240,1692253884244,1693226148494,9,4,5
11069,1693226148494,1692253884249,1692253884252,1693226148502,8,3,5
11070,1693226148502,1692253884257,1692253884260,1693226148509,7,3,4
11071,1693226148509,1692253884264,1692253884267,1693226148517,8,3,5
11072,1693226148517,1692253884272,1692253884275,1693226148524,7,3,4
11073,1693226148524,1692253884279,1692253884282,1693226148531,7,3,4
11074,1693226148531,1692253884287,1692253884290,1693226148540,9,3,6
11075,1693226148540,1692253884297,1692253884300,1693226148550,10,3,7
11076,1693226148550,1692253884305,1692253884307,1693226148558,8,2,6
11077,1693226148558,1692253884312,1692253884315,1693226148565,7,3,4
11078,1693226148565,1692253884320,1692253884324,1693226148573,8,4,4
11079,1693226148573,1692253884327,1692253884331,1693226148581,8,4,4
11080,1693226148581,1692253884336,1692253884339,1693226148589,8,3,5
11081,1693226148589,1692253884344,1692253884347,1693226148596,7,3,4
11082,1693226148596,1692253884350,1692253884354,1693226148603,7,4,3
11083,1693226148603,1692253884358,1692253884361,1693226148611,8,3,5
11084,1693226148611,1692253884366,1692253884369,1693226148618,7,3,4
11085,1693226148618,1692253884373,1692253884376,1693226148626,8,3,5
11086,1693226148626,1692253884381,1692253884384,1693226148634,8,3,5
11087,1693226148634,1692253884388,1692253884391,1693226148641,7,3,4
11088,1693226148641,1692253884395,1692253884399,1693226148649,8,4,4
11089,1693226148649,1692253884404,1692253884409,1693226148659,10,5,5
11090,1693226148659,1692253884414,1692253884417,1693226148667,8,3,5
11091,1693226148667,1692253884422,1692253884425,1693226148674,7,3,4
11092,1693226148674,1692253884429,1692253884432,1693226148681,7,3,4
11093,1693226148681,1692253884436,1692253884439,1693226148690,9,3,6
11094,1693226148690,1692253884445,1692253884448,1693226148702,12,3,9
11095,1693226148702,1692253884573,1692253884576,1693226148832,130,3,127
11096,1693226148832,1692253884587,1692253884591,1693226148840,8,4,4
11097,1693226148840,1692253884595,1692253884598,1693226148847,7,3,4
11098,1693226148847,1692253884601,1692253884604,1693226148853,6,3,3
11099,1693226148853,1692253884608,1692253884611,1693226148860,7,3,4
11100,1693226148860,1692253884615,1692253884618,1693226148868,8,3,5
11101,1693226148868,1692253884628,1692253884632,1693226148881,13,4,9
11102,1693226148881,1692253884636,1692253884640,1693226148889,8,4,4
11103,1693226148889,1692253884652,1692253884655,1693226148905,16,3,13
11104,1693226148905,1692253884659,1692253884663,1693226148912,7,4,3
11105,1693226148912,1692253884667,1692253884670,1693226148920,8,3,5
11106,1693226148920,1692253884674,1692253884677,1693226148926,6,3,3
11107,1693226148926,1692253884682,1692253884685,1693226148934,8,3,5
11108,1693226148934,1692253884689,1692253884692,1693226148942,8,3,5
11109,1693226148942,1692253884696,1692253884699,1693226148948,6,3,3
11110,1693226148948,1692253884704,1692253884708,1693226148957,9,4,5
11111,1693226148957,1692253884712,1692253884715,1693226148965,8,3,5
11112,1693226148965,1692253884719,1692253884722,1693226148972,7,3,4
11113,1693226148972,1692253884727,1692253884730,1693226148979,7,3,4
11114,1693226148979,1692253884734,1692253884737,1693226148987,8,3,5
11115,1693226148987,1692253884742,1692253884745,1693226148996,9,3,6
11116,1693226148996,1692253884751,1692253884755,1693226149004,8,4,4
11117,1693226149004,1692253884759,1692253884762,1693226149012,8,3,5
11118,1693226149012,1692253884768,1692253884771,1693226149021,9,3,6
11119,1693226149021,1692253884775,1692253884778,1693226149027,6,3,3
11120,1693226149027,1692253884782,1692253884785,1693226149034,7,3,4
11121,1693226149034,1692253884790,1692253884793,1693226149042,8,3,5
11122,1693226149042,1692253884797,1692253884800,1693226149049,7,3,4
11123,1693226149049,1692253884804,1692253884807,1693226149056,7,3,4
11124,1693226149056,1692253884811,1692253884815,1693226149064,8,4,4
11125,1693226149064,1692253884819,1692253884822,1693226149071,7,3,4
11126,1693226149071,1692253884826,1692253884830,1693226149079,8,4,4
11127,1693226149079,1692253884834,1692253884837,1693226149086,7,3,4
11128,1693226149086,1692253884841,1692253884844,1693226149093,7,3,4
11129,1693226149094,1692253884853,1692253884856,1693226149105,11,3,8
11130,1693226149105,1692253884860,1692253884863,1693226149112,7,3,4
11131,1693226149112,1692253884868,1692253884872,1693226149122,10,4,6
11132,1693226149122,1692253884876,1692253884880,1693226149129,7,4,3
11133,1693226149129,1692253884884,1692253884887,1693226149136,7,3,4
11134,1693226149136,1692253884891,1692253884894,1693226149143,7,3,4
11135,1693226149143,1692253884898,1692253884901,1693226149150,7,3,4
11136,1693226149150,1692253884905,1692253884908,1693226149157,7,3,4
11137,1693226149157,1692253884912,1692253884914,1693226149164,7,2,5
11138,1693226149164,1692253884919,1692253884922,1693226149171,7,3,4
11139,1693226149171,1692253884926,1692253884929,1693226149178,7,3,4
11140,1693226149178,1692253884933,1692253884937,1693226149186,8,4,4
11141,1693226149186,1692253884941,1692253884944,1693226149193,7,3,4
11142,1693226149193,1692253884948,1692253884950,1693226149202,9,2,7
11143,1693226149202,1692253884956,1692253884959,1693226149209,7,3,4
11144,1693226149209,1692253884963,1692253884966,1693226149216,7,3,4
11145,1693226149216,1692253884971,1692253884974,1693226149226,10,3,7
11146,1693226149226,1692253884983,1692253884987,1693226149236,10,4,6
11147,1693226149236,1692253884992,1692253884995,1693226149257,21,3,18
11148,1693226149257,1692253885012,1692253885015,1693226149266,9,3,6
11149,1693226149266,1692253885025,1692253885028,1693226149294,28,3,25
11150,1693226149294,1692253885049,1692253885052,1693226149304,10,3,7
11151,1693226149304,1692253885059,1692253885063,1693226149312,8,4,4
11152,1693226149312,1692253885066,1692253885070,1693226149319,7,4,3
11153,1693226149319,1692253885074,1692253885077,1693226149326,7,3,4
11154,1693226149326,1692253885082,1692253885085,1693226149337,11,3,8
11155,1693226149337,1692253885091,1692253885094,1693226149344,7,3,4
11156,1693226149344,1692253885098,1692253885102,1693226149351,7,4,3
11157,1693226149351,1692253885105,1692253885109,1693226149358,7,4,3
11158,1693226149358,1692253885113,1692253885116,1693226149365,7,3,4
11159,1693226149365,1692253885119,1692253885123,1693226149372,7,4,3
11160,1693226149372,1692253885129,1692253885133,1693226149382,10,4,6
11161,1693226149382,1692253885137,1692253885140,1693226149389,7,3,4
11162,1693226149389,1692253885144,1692253885147,1693226149398,9,3,6
11163,1693226149398,1692253885153,1692253885157,1693226149407,9,4,5
11164,1693226149407,1692253885162,1692253885165,1693226149416,9,3,6
11165,1693226149416,1692253885172,1692253885175,1693226149469,53,3,50
11166,1693226149471,1692253885226,1692253885229,1693226149478,7,3,4
11167,1693226149478,1692253885232,1692253885238,1693226149487,9,6,3
11168,1693226149487,1692253885243,1692253885247,1693226149496,9,4,5
11169,1693226149496,1692253885250,1692253885254,1693226149503,7,4,3
11170,1693226149503,1692253885257,1692253885260,1693226149509,6,3,3
11171,1693226149509,1692253885264,1692253885267,1693226149517,8,3,5
11172,1693226149517,1692253885271,1692253885274,1693226149524,7,3,4
11173,1693226149524,1692253885278,1692253885281,1693226149531,7,3,4
11174,1693226149531,1692253885287,1692253885290,1693226149539,8,3,5
11175,1693226149539,1692253885294,1692253885298,1693226149547,8,4,4
11176,1693226149547,1692253885302,1692253885304,1693226149553,6,2,4
11177,1693226149553,1692253885309,1692253885312,1693226149564,11,3,8
11178,1693226149564,1692253885319,1692253885322,1693226149571,7,3,4
11179,1693226149571,1692253885326,1692253885330,1693226149579,8,4,4
11180,1693226149579,1692253885334,1692253885336,1693226149586,7,2,5
11181,1693226149586,1692253885340,1692253885343,1693226149592,6,3,3
11182,1693226149592,1692253885347,1692253885350,1693226149599,7,3,4
11183,1693226149599,1692253885356,1692253885359,1693226149611,12,3,9
11184,1693226149611,1692253885366,1692253885369,1693226149618,7,3,4
11185,1693226149618,1692253885373,1692253885376,1693226149625,7,3,4
11186,1693226149625,1692253885379,1692253885383,1693226149632,7,4,3
11187,1693226149632,1692253885388,1692253885391,1693226149640,8,3,5
11188,1693226149640,1692253885395,1692253885397,1693226149647,7,2,5
11189,1693226149647,1692253885402,1692253885405,1693226149655,8,3,5
11190,1693226149655,1692253885410,1692253885413,1693226149662,7,3,4
11191,1693226149662,1692253885417,1692253885420,1693226149669,7,3,4
11192,1693226149669,1692253885423,1692253885426,1693226149675,6,3,3
11193,1693226149675,1692253885430,1692253885433,1693226149683,8,3,5
11194,1693226149683,1692253885438,1692253885441,1693226149690,7,3,4
11195,1693226149690,1692253885445,1692253885448,1693226149698,8,3,5
11196,1693226149698,1692253885453,1692253885456,1693226149706,8,3,5
11197,1693226149706,1692253885461,1692253885465,1693226149714,8,4,4
11198,1693226149714,1692253885469,1692253885472,1693226149722,8,3,5
11199,1693226149722,1692253885477,1692253885481,1693226149731,9,4,5
11200,1693226149731,1692253885486,1692253885490,1693226149739,8,4,4
11201,1693226149739,1692253885494,1692253885498,1693226149747,8,4,4
11202,1693226149747,1692253885502,1692253885508,1693226149757,10,6,4
11203,1693226149757,1692253885511,1692253885514,1693226149764,7,3,4
11204,1693226149764,1692253885518,1692253885524,1693226149773,9,6,3
11205,1693226149773,1692253885528,1692253885532,1693226149782,9,4,5
11206,1693226149782,1692253885537,1692253885540,1693226149790,8,3,5
11207,1693226149790,1692253885545,1692253885548,1693226149797,7,3,4
11208,1693226149797,1692253885552,1692253885555,1693226149805,8,3,5
11209,1693226149805,1692253885560,1692253885563,1693226149813,8,3,5
11210,1693226149813,1692253885569,1692253885572,1693226149822,9,3,6
11211,1693226149822,1692253885577,1692253885580,1693226149830,8,3,5
11212,1693226149830,1692253885584,1692253885587,1693226149837,7,3,4
11213,1693226149837,1692253885591,1692253885594,1693226149844,7,3,4
11214,1693226149844,1692253885599,1692253885602,1693226149852,8,3,5
11215,1693226149852,1692253885607,1692253885611,1693226149860,8,4,4
11216,1693226149860,1692253885615,1692253885619,1693226149868,8,4,4
11217,1693226149868,1692253885623,1692253885627,1693226149876,8,4,4
11218,1693226149876,1692253885631,1692253885635,1693226149885,9,4,5
11219,1693226149885,1692253885641,1692253885643,1693226149893,8,2,6
11220,1693226149893,1692253885647,1692253885651,1693226149900,7,4,3
11221,1693226149900,1692253885655,1692253885658,1693226149908,8,3,5
11222,1693226149908,1692253885662,1692253885665,1693226149915,7,3,4
11223,1693226149915,1692253885672,1692253885675,1693226149924,9,3,6
11224,1693226149924,1692253885679,1692253885681,1693226149931,7,2,5
11225,1693226149931,1692253885686,1692253885689,1693226149939,8,3,5
11226,1693226149939,1692253885694,1692253885697,1693226149947,8,3,5
11227,1693226149947,1692253885702,1692253885704,1693226149954,7,2,5
11228,1693226149954,1692253885709,1692253885711,1693226149961,7,2,5
11229,1693226149961,1692253885716,1692253885719,1693226149968,7,3,4
11230,1693226149968,1692253885723,1692253885727,1693226149976,8,4,4
11231,1693226149976,1692253885731,1692253885733,1693226149983,7,2,5
11232,1693226149983,1692253885738,1692253885741,1693226149991,8,3,5
11233,1693226149991,1692253885746,1692253885749,1693226149998,7,3,4
11234,1693226149998,1692253885753,1692253885757,1693226150007,9,4,5
11235,1693226150007,1692253885762,1692253885765,1693226150015,8,3,5
11236,1693226150015,1692253885770,1692253885773,1693226150022,7,3,4
11237,1693226150022,1692253885777,1692253885781,1693226150031,9,4,5
11238,1693226150031,1692253885786,1692253885789,1693226150038,7,3,4
11239,1693226150038,1692253885793,1692253885795,1693226150045,7,2,5
11240,1693226150045,1692253885799,1692253885803,1693226150053,8,4,4
11241,1693226150053,1692253885808,1692253885811,1693226150061,8,3,5
11242,1693226150061,1692253885816,1692253885819,1693226150069,8,3,5
11243,1693226150069,1692253885824,1692253885827,1693226150077,8,3,5
11244,1693226150077,1692253885832,1692253885836,1693226150085,8,4,4
11245,1693226150085,1692253885840,1692253885843,1693226150093,8,3,5
11246,1693226150093,1692253885848,1692253885851,1693226150101,8,3,5
11247,1693226150101,1692253885856,1692253885861,1693226150110,9,5,4
11248,1693226150110,1692253885865,1692253885870,1693226150119,9,5,4
11249,1693226150119,1692253885876,1692253885879,1693226150129,10,3,7
11250,1693226150129,1692253885884,1692253885887,1693226150137,8,3,5
11251,1693226150137,1692253885892,1692253885895,1693226150144,7,3,4
11252,1693226150144,1692253885907,1692253885911,1693226150160,16,4,12
11253,1693226150160,1692253885915,1692253885918,1693226150168,8,3,5
11254,1693226150168,1692253885928,1692253885931,1693226150181,13,3,10
11255,1693226150181,1692253885936,1692253885939,1693226150189,8,3,5
11256,1693226150189,1692253885944,1692253885947,1693226150196,7,3,4
11257,1693226150196,1692253885951,1692253885955,1693226150204,8,4,4
11258,1693226150204,1692253885959,1692253885962,1693226150211,7,3,4
11259,1693226150212,1692253885966,1692253885970,1693226150219,7,4,3
11260,1693226150219,1692253885975,1692253885978,1693226150227,8,3,5
11261,1693226150227,1692253885982,1692253885986,1693226150235,8,4,4
11262,1693226150235,1692253885990,1692253885993,1693226150243,8,3,5
11263,1693226150243,1692253885998,1692253886001,1693226150251,8,3,5
11264,1693226150251,1692253886005,1692253886009,1693226150258,7,4,3
11265,1693226150258,1692253886014,1692253886018,1693226150267,9,4,5
11266,1693226150267,1692253886022,1692253886025,1693226150275,8,3,5
11267,1693226150275,1692253886030,1692253886033,1693226150283,8,3,5
11268,1693226150283,1692253886037,1692253886041,1693226150290,7,4,3
11269,1693226150290,1692253886044,1692253886047,1693226150297,7,3,4
11270,1693226150297,1692253886051,1692253886054,1693226150303,6,3,3
11271,1693226150303,1692253886058,1692253886062,1693226150312,9,4,5
11272,1693226150312,1692253886066,1692253886069,1693226150318,6,3,3
11273,1693226150318,1692253886072,1692253886078,1693226150328,10,6,4
11274,1693226150328,1692253886083,1692253886086,1693226150335,7,3,4
11275,1693226150335,1692253886090,1692253886092,1693226150342,7,2,5
11276,1693226150342,1692253886097,1692253886101,1693226150351,9,4,5
11277,1693226150351,1692253886105,1692253886108,1693226150358,7,3,4
11278,1693226150358,1692253886113,1692253886117,1693226150366,8,4,4
11279,1693226150366,1692253886120,1692253886124,1693226150373,7,4,3
11280,1693226150373,1692253886128,1692253886132,1693226150382,9,4,5
11281,1693226150382,1692253886136,1692253886139,1693226150389,7,3,4
11282,1693226150389,1692253886144,1692253886147,1693226150397,8,3,5
11283,1693226150397,1692253886151,1692253886155,1693226150404,7,4,3
11284,1693226150404,1692253886159,1692253886162,1693226150412,8,3,5
11285,1693226150412,1692253886166,1692253886170,1693226150419,7,4,3
11286,1693226150419,1692253886174,1692253886177,1693226150426,7,3,4
11287,1693226150426,1692253886183,1692253886186,1693226150436,10,3,7
11288,1693226150436,1692253886190,1692253886193,1693226150443,7,3,4
11289,1693226150443,1692253886198,1692253886201,1693226150450,7,3,4
11290,1693226150450,1692253886205,1692253886209,1693226150458,8,4,4
11291,1693226150458,1692253886213,1692253886216,1693226150465,7,3,4
11292,1693226150465,1692253886220,1692253886224,1693226150474,9,4,5
11293,1693226150474,1692253886229,1692253886233,1693226150482,8,4,4
11294,1693226150482,1692253886237,1692253886240,1693226150490,8,3,5
11295,1693226150490,1692253886245,1692253886248,1693226150498,8,3,5
11296,1693226150498,1692253886252,1692253886255,1693226150505,7,3,4
11297,1693226150505,1692253886260,1692253886265,1693226150514,9,5,4
11298,1693226150514,1692253886269,1692253886272,1693226150521,7,3,4
11299,1693226150521,1692253886275,1692253886279,1693226150529,8,4,4
11300,1693226150529,1692253886286,1692253886289,1693226150538,9,3,6
11301,1693226150538,1692253886293,1692253886296,1693226150546,8,3,5
11302,1693226150546,1692253886301,1692253886304,1693226150554,8,3,5
11303,1693226150554,1692253886309,1692253886312,1693226150562,8,3,5
11304,1693226150562,1692253886317,1692253886320,1693226150570,8,3,5
11305,1693226150570,1692253886325,1692253886329,1693226150578,8,4,4
11306,1693226150578,1692253886333,1692253886336,1693226150585,7,3,4
11307,1693226150585,1692253886341,1692253886345,1693226150594,9,4,5
11308,1693226150594,1692253886349,1692253886352,1693226150601,7,3,4
11309,1693226150601,1692253886356,1692253886359,1693226150609,8,3,5
11310,1693226150609,1692253886364,1692253886367,1693226150617,8,3,5
11311,1693226150617,1692253886372,1692253886375,1693226150624,7,3,4
11312,1693226150624,1692253886379,1692253886382,1693226150631,7,3,4
11313,1693226150631,1692253886388,1692253886391,1693226150640,9,3,6
11314,1693226150640,1692253886395,1692253886397,1693226150646,6,2,4
11315,1693226150647,1692253886401,1692253886405,1693226150654,7,4,3
11316,1693226150654,1692253886409,1692253886412,1693226150661,7,3,4
11317,1693226150661,1692253886416,1692253886419,1693226150668,7,3,4
11318,1693226150668,1692253886423,1692253886426,1693226150675,7,3,4
11319,1693226150676,1692253886430,1692253886434,1693226150683,7,4,3
11320,1693226150683,1692253886438,1692253886440,1693226150690,7,2,5
11321,1693226150690,1692253886446,1692253886448,1693226150698,8,2,6
11322,1693226150698,1692253886454,1692253886458,1693226150708,10,4,6
11323,1693226150708,1692253886464,1692253886467,1693226150717,9,3,6
11324,1693226150717,1692253886473,1692253886476,1693226150726,9,3,6
11325,1693226150726,1692253886482,1692253886486,1693226150735,9,4,5
11326,1693226150735,1692253886491,1692253886494,1693226150743,8,3,5
11327,1693226150743,1692253886498,1692253886501,1693226150751,8,3,5
11328,1693226150751,1692253886507,1692253886510,1693226150759,8,3,5
11329,1693226150759,1692253886514,1692253886517,1693226150767,8,3,5
11330,1693226150767,1692253886522,1692253886525,1693226150774,7,3,4
11331,1693226150774,1692253886529,1692253886533,1693226150782,8,4,4
11332,1693226150782,1692253886536,1692253886539,1693226150789,7,3,4
11333,1693226150789,1692253886544,1692253886547,1693226150796,7,3,4
11334,1693226150796,1692253886551,1692253886554,1693226150804,8,3,5
11335,1693226150804,1692253886558,1692253886561,1693226150811,7,3,4
11336,1693226150811,1692253886566,1692253886569,1693226150822,11,3,8
11337,1693226150822,1692253886577,1692253886580,1693226150829,7,3,4
11338,1693226150829,1692253886584,1692253886587,1693226150836,7,3,4
11339,1693226150836,1692253886593,1692253886596,1693226150845,9,3,6
11340,1693226150845,1692253886600,1692253886603,1693226150852,7,3,4
11341,1693226150852,1692253886607,1692253886610,1693226150860,8,3,5
11342,1693226150860,1692253886615,1692253886618,1693226150868,8,3,5
11343,1693226150868,1692253886623,1692253886629,1693226150879,11,6,5
11344,1693226150879,1692253886634,1692253886636,1693226150886,7,2,5
11345,1693226150886,1692253886641,1692253886644,1693226150894,8,3,5
11346,1693226150894,1692253886649,1692253886653,1693226150902,8,4,4
11347,1693226150902,1692253886659,1692253886662,1693226150912,10,3,7
11348,1693226150912,1692253886668,1692253886671,1693226150921,9,3,6
11349,1693226150921,1692253886676,1692253886679,1693226150928,7,3,4
11350,1693226150928,1692253886683,1692253886686,1693226150936,8,3,5
11351,1693226150936,1692253886690,1692253886693,1693226150943,7,3,4
11352,1693226150943,1692253886698,1692253886701,1693226150950,7,3,4
11353,1693226150950,1692253886706,1692253886709,1693226150958,8,3,5
11354,1693226150958,1692253886713,1692253886716,1693226150965,7,3,4
11355,1693226150965,1692253886720,1692253886723,1693226150973,8,3,5
11356,1693226150973,1692253886728,1692253886731,1693226150980,7,3,4
11357,1693226150980,1692253886735,1692253886739,1693226150988,8,4,4
11358,1693226150989,1692253886743,1692253886745,1693226150995,6,2,4
11359,1693226150995,1692253886750,1692253886754,1693226151003,8,4,4
11360,1693226151003,1692253886760,1692253886763,1693226151013,10,3,7
11361,1693226151013,1692253886768,1692253886771,1693226151021,8,3,5
11362,1693226151021,1692253886776,1692253886779,1693226151028,7,3,4
11363,1693226151028,1692253886783,1692253886785,1693226151034,6,2,4
11364,1693226151034,1692253886789,1692253886791,1693226151041,7,2,5
11365,1693226151041,1692253886798,1692253886801,1693226151050,9,3,6
11366,1693226151051,1692253886805,1692253886808,1693226151058,7,3,4
11367,1693226151058,1692253886815,1692253886818,1693226151068,10,3,7
11368,1693226151068,1692253886822,1692253886826,1693226151076,8,4,4
11369,1693226151076,1692253886831,1692253886835,1693226151085,9,4,5
11370,1693226151085,1692253886840,1692253886844,1693226151093,8,4,4
11371,1693226151093,1692253886848,1692253886852,1693226151102,9,4,5
11372,1693226151102,1692253886857,1692253886860,1693226151109,7,3,4
11373,1693226151109,1692253886864,1692253886867,1693226151117,8,3,5
11374,1693226151117,1692253886872,1692253886874,1693226151124,7,2,5
11375,1693226151124,1692253886879,1692253886883,1693226151133,9,4,5
11376,1693226151133,1692253886888,1692253886891,1693226151141,8,3,5
11377,1693226151141,1692253886896,1692253886899,1693226151149,8,3,5
11378,1693226151149,1692253886904,1692253886908,1693226151157,8,4,4
11379,1693226151157,1692253886912,1692253886915,1693226151165,8,3,5
11380,1693226151165,1692253886920,1692253886925,1693226151175,10,5,5
11381,1693226151175,1692253886931,1692253886934,1693226151183,8,3,5
11382,1693226151184,1692253886939,1692253886942,1693226151192,8,3,5
11383,1693226151192,1692253886947,1692253886950,1693226151200,8,3,5
11384,1693226151200,1692253886955,1692253886958,1693226151207,7,3,4
11385,1693226151207,1692253886962,1692253886966,1693226151215,8,4,4
11386,1693226151215,1692253886970,1692253886973,1693226151222,7,3,4
11387,1693226151222,1692253886978,1692253886981,1693226151231,9,3,6
11388,1693226151231,1692253886986,1692253886988,1693226151238,7,2,5
11389,1693226151238,1692253886993,1692253886996,1693226151245,7,3,4
11390,1693226151245,1692253887002,1692253887006,1693226151255,10,4,6
11391,1693226151255,1692253887010,1692253887014,1693226151263,8,4,4
11392,1693226151263,1692253887019,1692253887023,1693226151272,9,4,5
11393,1693226151272,1692253887027,1692253887029,1693226151278,6,2,4
11394,1693226151278,1692253887033,1692253887036,1693226151286,8,3,5
11395,1693226151286,1692253887040,1692253887043,1693226151293,7,3,4
11396,1693226151293,1692253887047,1692253887050,1693226151299,6,3,3
11397,1693226151299,1692253887055,1692253887058,1693226151308,9,3,6
11398,1693226151308,1692253887063,1692253887066,1693226151315,7,3,4
11399,1693226151315,1692253887070,1692253887073,1693226151322,7,3,4
11400,1693226151322,1692253887077,1692253887080,1693226151330,8,3,5
11401,1693226151330,1692253887085,1692253887088,1693226151337,7,3,4
11402,1693226151337,1692253887092,1692253887095,1693226151345,8,3,5
11403,1693226151345,1692253887100,1692253887103,1693226151353,8,3,5
11404,1693226151353,1692253887107,1692253887110,1693226151359,6,3,3
11405,1693226151360,1692253887115,1692253887119,1693226151368,8,4,4
11406,1693226151368,1692253887123,1692253887127,1693226151376,8,4,4
11407,1693226151376,1692253887131,1692253887134,1693226151385,9,3,6
11408,1693226151385,1692253887140,1692253887144,1693226151394,9,4,5
11409,1693226151394,1692253887149,1692253887152,1693226151401,7,3,4
11410,1693226151401,1692253887156,1692253887160,1693226151410,9,4,5
11411,1693226151410,1692253887164,1692253887168,1693226151417,7,4,3
11412,1693226151417,1692253887172,1692253887175,1693226151425,8,3,5
11413,1693226151425,1692253887190,1692253887194,1693226151443,18,4,14
11414,1693226151443,1692253887198,1692253887201,1693226151451,8,3,5
11415,1693226151451,1692253887212,1692253887218,1693226151468,17,6,11
11416,1693226151468,1692253887222,1692253887227,1693226151476,8,5,3
11417,1693226151476,1692253887231,1692253887234,1693226151484,8,3,5
11418,1693226151484,1692253887238,1692253887241,1693226151490,6,3,3
11419,1693226151490,1692253887245,1692253887249,1693226151499,9,4,5
11420,1693226151499,1692253887254,1692253887257,1693226151506,7,3,4
11421,1693226151506,1692253887261,1692253887264,1693226151513,7,3,4
11422,1693226151513,1692253887270,1692253887273,1693226151522,9,3,6
11423,1693226151522,1692253887277,1692253887280,1693226151529,7,3,4
11424,1693226151529,1692253887284,1692253887286,1693226151536,7,2,5
11425,1693226151536,1692253887291,1692253887294,1693226151543,7,3,4
11426,1693226151543,1692253887297,1692253887301,1693226151550,7,4,3
11427,1693226151550,1692253887305,1692253887309,1693226151559,9,4,5
11428,1693226151559,1692253887313,1692253887316,1693226151566,7,3,4
11429,1693226151566,1692253887321,1692253887324,1693226151576,10,3,7
11430,1693226151576,1692253887330,1692253887335,1693226151584,8,5,3
11431,1693226151584,1692253887339,1692253887342,1693226151592,8,3,5
11432,1693226151592,1692253887347,1692253887350,1693226151600,8,3,5
11433,1693226151600,1692253887355,1692253887358,1693226151607,7,3,4
11434,1693226151607,1692253887362,1692253887364,1693226151614,7,2,5
11435,1693226151614,1692253887369,1692253887373,1693226151622,8,4,4
11436,1693226151622,1692253887377,1692253887380,1693226151630,8,3,5
11437,1693226151630,1692253887385,1692253887389,1693226151638,8,4,4
11438,1693226151638,1692253887393,1692253887396,1693226151645,7,3,4
11439,1693226151645,1692253887400,1692253887404,1693226151653,8,4,4
11440,1693226151653,1692253887408,1692253887411,1693226151661,8,3,5
11441,1693226151661,1692253887416,1692253887419,1693226151668,7,3,4
11442,1693226151668,1692253887423,1692253887426,1693226151676,8,3,5
11443,1693226151676,1692253887431,1692253887434,1693226151683,7,3,4
11444,1693226151683,1692253887437,1692253887441,1693226151690,7,4,3
11445,1693226151690,1692253887445,1692253887448,1693226151697,7,3,4
11446,1693226151697,1692253887452,1692253887455,1693226151704,7,3,4
11447,1693226151704,1692253887461,1692253887464,1693226151713,9,3,6
11448,1693226151713,1692253887468,1692253887471,1693226151721,8,3,5
11449,1693226151721,1692253887476,1692253887480,1693226151729,8,4,4
11450,1693226151729,1692253887484,1692253887487,1693226151737,8,3,5
11451,1693226151737,1692253887493,1692253887496,1693226151746,9,3,6
11452,1693226151746,1692253887500,1692253887504,1693226151753,7,4,3
11453,1693226151753,1692253887508,1692253887512,1693226151762,9,4,5
11454,1693226151762,1692253887517,1692253887520,1693226151770,8,3,5
11455,1693226151770,1692253887524,1692253887527,1693226151776,6,3,3
11456,1693226151776,1692253887531,1692253887535,1693226151785,9,4,5
11457,1693226151785,1692253887540,1692253887543,1693226151792,7,3,4
11458,1693226151792,1692253887547,1692253887551,1693226151801,9,4,5
11459,1693226151801,1692253887555,1692253887558,1693226151807,6,3,3
11460,1693226151808,1692253887562,1692253887565,1693226151815,7,3,4
11461,1693226151815,1692253887570,1692253887572,1693226151821,6,2,4
11462,1693226151821,1692253887576,1692253887579,1693226151829,8,3,5
11463,1693226151830,1692253887584,1692253887587,1693226151837,7,3,4
11464,1693226151837,1692253887592,1692253887595,1693226151844,7,3,4
11465,1693226151844,1692253887600,1692253887603,1693226151853,9,3,6
11466,1693226151853,1692253887607,1692253887612,1693226151861,8,5,3
11467,1693226151861,1692253887617,1692253887621,1693226151871,10,4,6
11468,1693226151871,1692253887626,1692253887629,1693226151880,9,3,6
11469,1693226151880,1692253887636,1692253887639,1693226151888,8,3,5
11470,1693226151888,1692253887643,1692253887645,1693226151895,7,2,5
11471,1693226151895,1692253887650,1692253887653,1693226151903,8,3,5
11472,1693226151903,1692253887658,1692253887661,1693226151911,8,3,5
11473,1693226151911,1692253887666,1692253887669,1693226151918,7,3,4
11474,1693226151918,1692253887673,1692253887677,1693226151926,8,4,4
11475,1693226151926,1692253887682,1692253887685,1693226151935,9,3,6
11476,1693226151935,1692253887690,1692253887693,1693226151942,7,3,4
11477,1693226151942,1692253887696,1692253887699,1693226151948,6,3,3
11478,1693226151948,1692253887703,1692253887707,1693226151956,8,4,4
11479,1693226151956,1692253887711,1692253887715,1693226151967,11,4,7
11480,1693226151967,1692253887722,1692253887725,1693226151974,7,3,4
11481,1693226151974,1692253887729,1692253887732,1693226151981,7,3,4
11482,1693226151982,1692253887736,1692253887739,1693226151989,7,3,4
11483,1693226151989,1692253887744,1692253887747,1693226151997,8,3,5
11484,1693226151997,1692253887752,1692253887755,1693226152005,8,3,5
11485,1693226152005,1692253887759,1692253887763,1693226152013,8,4,4
11486,1693226152013,1692253887767,1692253887770,1693226152019,6,3,3
11487,1693226152019,1692253887774,1692253887777,1693226152026,7,3,4
11488,1693226152026,1692253887781,1692253887784,1693226152033,7,3,4
11489,1693226152033,1692253887788,1692253887793,1693226152042,9,5,4
11490,1693226152042,1692253887797,1692253887800,1693226152050,8,3,5
11491,1693226152050,1692253887805,1692253887808,1693226152057,7,3,4
11492,1693226152057,1692253887812,1692253887815,1693226152065,8,3,5
11493,1693226152065,1692253887822,1692253887826,1693226152075,10,4,6
11494,1693226152075,1692253887830,1692253887834,1693226152083,8,4,4
11495,1693226152084,1692253887839,1692253887842,1693226152091,7,3,4
11496,1693226152091,1692253887846,1692253887848,1693226152098,7,2,5
11497,1693226152098,1692253887853,1692253887856,1693226152105,7,3,4
11498,1693226152105,1692253887860,1692253887863,1693226152113,8,3,5
11499,1693226152113,1692253887868,1692253887871,1693226152120,7,3,4
11500,1693226152120,1692253887875,1692253887879,1693226152128,8,4,4
11501,1693226152128,1692253887884,1692253887887,1693226152136,8,3,5
11502,1693226152136,1692253887891,1692253887894,1693226152144,8,3,5
11503,1693226152144,1692253887899,1692253887903,1693226152153,9,4,5
11504,1693226152153,1692253887908,1692253887911,1693226152161,8,3,5
11505,1693226152161,1692253887916,1692253887920,1693226152172,11,4,7
11506,1693226152172,1692253887926,1692253887930,1693226152180,8,4,4
11507,1693226152180,1692253887935,1692253887938,1693226152188,8,3,5
11508,1693226152188,1692253887943,1692253887947,1693226152196,8,4,4
11509,1693226152196,1692253887951,1692253887955,1693226152205,9,4,5
11510,1693226152205,1692253887960,1692253887964,1693226152214,9,4,5
11511,1693226152214,1692253887968,1692253887971,1693226152221,7,3,4
11512,1693226152221,1692253887975,1692253887978,1693226152229,8,3,5
11513,1693226152229,1692253887984,1692253887987,1693226152236,7,3,4
11514,1693226152236,1692253887995,1692253888000,1693226152250,14,5,9
11515,1693226152250,1692253888005,1692253888009,1693226152258,8,4,4
11516,1693226152258,1692253888012,1692253888016,1693226152266,8,4,4
11517,1693226152266,1692253888020,1692253888023,1693226152274,8,3,5
11518,1693226152274,1692253888029,1692253888033,1693226152282,8,4,4
11519,1693226152282,1692253888037,1692253888041,1693226152292,10,4,6
11520,1693226152292,1692253888047,1692253888050,1693226152299,7,3,4
11521,1693226152299,1692253888055,1692253888058,1693226152307,8,3,5
11522,1693226152307,1692253888062,1692253888065,1693226152315,8,3,5
11523,1693226152315,1692253888070,1692253888073,1693226152322,7,3,4
11524,1693226152322,1692253888077,1692253888081,1693226152331,9,4,5
11525,1693226152331,1692253888085,1692253888088,1693226152337,6,3,3
11526,1693226152337,1692253888092,1692253888095,1693226152345,8,3,5
11527,1693226152345,1692253888099,1692253888102,1693226152352,7,3,4
11528,1693226152352,1692253888106,1692253888110,1693226152359,7,4,3
11529,1693226152359,1692253888114,1692253888117,1693226152366,7,3,4
11530,1693226152366,1692253888121,1692253888123,1693226152373,7,2,5
11531,1693226152373,1692253888129,1692253888133,1693226152382,9,4,5
11532,1693226152382,1692253888137,1692253888141,1693226152390,8,4,4
11533,1693226152390,1692253888144,1692253888148,1693226152398,8,4,4
11534,1693226152398,1692253888153,1692253888156,1693226152405,7,3,4
11535,1693226152405,1692253888160,1692253888164,1693226152413,8,4,4
11536,1693226152413,1692253888168,1692253888171,1693226152421,8,3,5
11537,1693226152421,1692253888175,1692253888179,1693226152429,8,4,4
11538,1693226152429,1692253888183,1692253888186,1693226152439,10,3,7
11539,1693226152439,1692253888194,1692253888197,1693226152447,8,3,5
11540,1693226152447,1692253888201,1692253888205,1693226152455,8,4,4
11541,1693226152455,1692253888210,1692253888213,1693226152462,7,3,4
11542,1693226152462,1692253888217,1692253888221,1693226152470,8,4,4
11543,1693226152470,1692253888225,1692253888228,1693226152479,9,3,6
11544,1693226152479,1692253888234,1692253888237,1693226152487,8,3,5
11545,1693226152487,1692253888242,1692253888246,1693226152496,9,4,5
11546,1693226152496,1692253888251,1692253888254,1693226152504,8,3,5
11547,1693226152504,1692253888258,1692253888262,1693226152511,7,4,3
11548,1693226152512,1692253888267,1692253888269,1693226152519,7,2,5
11549,1693226152519,1692253888273,1692253888277,1693226152526,7,4,3
11550,1693226152526,1692253888280,1692253888284,1693226152534,8,4,4
11551,1693226152534,1692253888288,1692253888292,1693226152542,8,4,4
11552,1693226152542,1692253888296,1692253888300,1693226152549,7,4,3
11553,1693226152549,1692253888303,1692253888307,1693226152556,7,4,3
11554,1693226152556,1692253888311,1692253888314,1693226152564,8,3,5
11555,1693226152564,1692253888318,1692253888322,1693226152572,8,4,4
11556,1693226152572,1692253888326,1692253888329,1693226152582,10,3,7
11557,1693226152582,1692253888337,1692253888341,1693226152590,8,4,4
11558,1693226152590,1692253888344,1692253888348,1693226152597,7,4,3
11559,1693226152597,1692253888352,1692253888355,1693226152605,8,3,5
11560,1693226152605,1692253888360,1692253888362,1693226152612,7,2,5
11561,1693226152612,1692253888367,1692253888372,1693226152621,9,5,4
11562,1693226152621,1692253888376,1692253888379,1693226152629,8,3,5
11563,1693226152629,1692253888383,1692253888386,1693226152635,6,3,3
11564,1693226152635,1692253888391,1692253888393,1693226152643,8,2,6
11565,1693226152643,1692253888398,1692253888401,1693226152650,7,3,4
11566,1693226152650,1692253888406,1692253888409,1693226152659,9,3,6
11567,1693226152659,1692253888414,1692253888417,1693226152667,8,3,5
11568,1693226152667,1692253888422,1692253888425,1693226152674,7,3,4
11569,1693226152674,1692253888429,1692253888432,1693226152683,9,3,6
11570,1693226152683,1692253888439,1692253888442,1693226152692,9,3,6
11571,1693226152692,1692253888447,1692253888450,1693226152699,7,3,4
11572,1693226152699,1692253888454,1692253888457,1693226152707,8,3,5
11573,1693226152707,1692253888462,1692253888465,1693226152715,8,3,5
11574,1693226152715,1692253888470,1692253888472,1693226152722,7,2,5
11575,1693226152722,1692253888477,1692253888480,1693226152730,8,3,5
11576,1693226152730,1692253888484,1692253888487,1693226152737,7,3,4
11577,1693226152737,1692253888492,1692253888496,1693226152745,8,4,4
11578,1693226152745,1692253888500,1692253888503,1693226152752,7,3,4
11579,1693226152752,1692253888506,1692253888509,1693226152758,6,3,3
11580,1693226152758,1692253888514,1692253888518,1693226152767,9,4,5
11581,1693226152767,1692253888522,1692253888525,1693226152775,8,3,5
11582,1693226152775,1692253888531,1692253888534,1693226152786,11,3,8
11583,1693226152786,1692253888542,1692253888546,1693226152795,9,4,5
11584,1693226152795,1692253888550,1692253888554,1693226152803,8,4,4
11585,1693226152803,1692253888558,1692253888561,1693226152811,8,3,5
11586,1693226152811,1692253888565,1692253888570,1693226152819,8,5,3
11587,1693226152820,1692253888574,1692253888577,1693226152826,6,3,3
11588,1693226152826,1692253888581,1692253888584,1693226152833,7,3,4
11589,1693226152833,1692253888588,1692253888591,1693226152841,8,3,5
11590,1693226152841,1692253888597,1692253888600,1693226152849,8,3,5
11591,1693226152849,1692253888604,1692253888607,1693226152856,7,3,4
11592,1693226152856,1692253888611,1692253888614,1693226152864,8,3,5
11593,1693226152864,1692253888618,1692253888621,1693226152871,7,3,4
11594,1693226152871,1692253888626,1692253888629,1693226152878,7,3,4
11595,1693226152878,1692253888632,1692253888635,1693226152885,7,3,4
11596,1693226152885,1692253888641,1692253888645,1693226152894,9,4,5
11597,1693226152895,1692253888649,1692253888653,1693226152902,7,4,3
11598,1693226152902,1692253888657,1692253888661,1693226152911,9,4,5
11599,1693226152911,1692253888666,1692253888669,1693226152919,8,3,5
11600,1693226152919,1692253888674,1692253888677,1693226152926,7,3,4
11601,1693226152926,1692253888681,1692253888685,1693226152935,9,4,5
11602,1693226152935,1692253888690,1692253888692,1693226152942,7,2,5
11603,1693226152942,1692253888697,1692253888701,1693226152950,8,4,4
11604,1693226152950,1692253888706,1692253888709,1693226152958,8,3,5
11605,1693226152958,1692253888712,1692253888716,1693226152966,8,4,4
11606,1693226152966,1692253888720,1692253888723,1693226152973,7,3,4
11607,1693226152973,1692253888728,1692253888731,1693226152981,8,3,5
11608,1693226152981,1692253888735,1692253888738,1693226152990,9,3,6
11609,1693226152990,1692253888745,1692253888749,1693226152999,9,4,5
11610,1693226152999,1692253888753,1692253888756,1693226153006,7,3,4
11611,1693226153006,1692253888761,1692253888765,1693226153014,8,4,4
11612,1693226153014,1692253888769,1692253888772,1693226153021,7,3,4
11613,1693226153021,1692253888777,1692253888780,1693226153029,8,3,5
11614,1693226153030,1692253888784,1692253888787,1693226153037,7,3,4
11615,1693226153037,1692253888791,1692253888794,1693226153044,7,3,4
11616,1693226153044,1692253888798,1692253888802,1693226153052,8,4,4
11617,1693226153052,1692253888807,1692253888810,1693226153059,7,3,4
11618,1693226153059,1692253888814,1692253888817,1693226153067,8,3,5
11619,1693226153067,1692253888822,1692253888826,1693226153075,8,4,4
11620,1693226153075,1692253888830,1692253888833,1693226153083,8,3,5
11621,1693226153083,1692253888837,1692253888841,1693226153090,7,4,3
11622,1693226153090,1692253888846,1692253888849,1693226153099,9,3,6
11623,1693226153099,1692253888854,1692253888856,1693226153106,7,2,5
11624,1693226153106,1692253888861,1692253888864,1693226153113,7,3,4
11625,1693226153113,1692253888868,1692253888872,1693226153121,8,4,4
11626,1693226153121,1692253888876,1692253888880,1693226153129,8,4,4
11627,1693226153129,1692253888884,1692253888889,1693226153139,10,5,5
11628,1693226153139,1692253888894,1692253888898,1693226153147,8,4,4
11629,1693226153147,1692253888902,1692253888905,1693226153155,8,3,5
11630,1693226153155,1692253888910,1692253888913,1693226153163,8,3,5
11631,1693226153163,1692253888917,1692253888921,1693226153171,8,4,4
11632,1693226153171,1692253888925,1692253888928,1693226153177,6,3,3
11633,1693226153177,1692253888932,1692253888935,1693226153184,7,3,4
11634,1693226153184,1692253888939,1692253888945,1693226153195,11,6,5
11635,1693226153196,1692253888951,1692253888955,1693226153204,8,4,4
11636,1693226153204,1692253888959,1692253888962,1693226153211,7,3,4
11637,1693226153211,1692253888966,1692253888969,1693226153219,8,3,5
11638,1693226153219,1692253888974,1692253888977,1693226153226,7,3,4
11639,1693226153226,1692253888981,1692253888985,1693226153234,8,4,4
11640,1693226153234,1692253888989,1692253888993,1693226153242,8,4,4
11641,1693226153242,1692253888997,1692253889000,1693226153250,8,3,5
11642,1693226153250,1692253889005,1692253889008,1693226153258,8,3,5
11643,1693226153258,1692253889013,1692253889016,1693226153265,7,3,4
11644,1693226153265,1692253889020,1692253889024,1693226153273,8,4,4
11645,1693226153273,1692253889028,1692253889032,1693226153281,8,4,4
11646,1693226153281,1692253889036,1692253889039,1693226153288,7,3,4
11647,1693226153288,1692253889043,1692253889045,1693226153295,7,2,5
11648,1693226153295,1692253889051,1692253889055,1693226153304,9,4,5
11649,1693226153304,1692253889059,1692253889062,1693226153312,8,3,5
11650,1693226153312,1692253889066,1692253889070,1693226153320,8,4,4
11651,1693226153320,1692253889075,1692253889078,1693226153327,7,3,4
11652,1693226153327,1692253889083,1692253889086,1693226153335,8,3,5
11653,1693226153335,1692253889089,1692253889092,1693226153342,7,3,4
11654,1693226153342,1692253889097,1692253889101,1693226153350,8,4,4
11655,1693226153350,1692253889105,1692253889109,1693226153358,8,4,4
11656,1693226153358,1692253889114,1692253889117,1693226153367,9,3,6
11657,1693226153367,1692253889122,1692253889124,1693226153374,7,2,5
11658,1693226153374,1692253889129,1692253889132,1693226153381,7,3,4
11659,1693226153381,1692253889136,1692253889140,1693226153389,8,4,4
11660,1693226153389,1692253889145,1692253889148,1693226153400,11,3,8
11661,1693226153400,1692253889155,1692253889158,1693226153408,8,3,5
11662,1693226153408,1692253889163,1692253889166,1693226153416,8,3,5
11663,1693226153416,1692253889171,1692253889173,1693226153423,7,2,5
11664,1693226153423,1692253889178,1692253889182,1693226153431,8,4,4
11665,1693226153432,1692253889186,1692253889189,1693226153439,7,3,4
11666,1693226153439,1692253889194,1692253889198,1693226153447,8,4,4
11667,1693226153447,1692253889201,1692253889204,1693226153454,7,3,4
11668,1693226153454,1692253889209,1692253889212,1693226153461,7,3,4
11669,1693226153461,1692253889216,1692253889219,1693226153468,7,3,4
11670,1693226153468,1692253889223,1692253889227,1693226153476,8,4,4
11671,1693226153476,1692253889231,1692253889236,1693226153485,9,5,4
11672,1693226153486,1692253889242,1692253889247,1693226153496,10,5,5
11673,1693226153496,1692253889250,1692253889254,1693226153503,7,4,3
11674,1693226153503,1692253889258,1692253889262,1693226153511,8,4,4
11675,1693226153511,1692253889266,1692253889269,1693226153519,8,3,5
11676,1693226153519,1692253889274,1692253889276,1693226153526,7,2,5
11677,1693226153526,1692253889282,1692253889284,1693226153534,8,2,6
11678,1693226153534,1692253889289,1692253889292,1693226153542,8,3,5
11679,1693226153542,1692253889297,1692253889300,1693226153549,7,3,4
11680,1693226153549,1692253889305,1692253889308,1693226153558,9,3,6
11681,1693226153558,1692253889313,1692253889317,1693226153566,8,4,4
11682,1693226153566,1692253889321,1692253889324,1693226153574,8,3,5
11683,1693226153574,1692253889328,1692253889332,1693226153581,7,4,3
11684,1693226153581,1692253889340,1692253889344,1693226153593,12,4,8
11685,1693226153593,1692253889348,1692253889352,1693226153602,9,4,5
11686,1693226153602,1692253889358,1692253889361,1693226153610,8,3,5
11687,1693226153610,1692253889365,1692253889369,1693226153621,11,4,7
11688,1693226153621,1692253889376,1692253889379,1693226153628,7,3,4
11689,1693226153629,1692253889384,1692253889387,1693226153637,8,3,5
11690,1693226153637,1692253889392,1692253889396,1693226153645,8,4,4
11691,1693226153646,1692253889400,1692253889404,1693226153653,7,4,3
11692,1693226153653,1692253889412,1692253889415,1693226153665,12,3,9
11693,1693226153665,1692253889421,1692253889425,1693226153675,10,4,6
11694,1693226153675,1692253889430,1692253889432,1693226153682,7,2,5
11695,1693226153682,1692253889437,1692253889440,1693226153689,7,3,4
11696,1693226153689,1692253889444,1692253889447,1693226153697,8,3,5
11697,1693226153697,1692253889451,1692253889455,1693226153704,7,4,3
11698,1693226153704,1692253889461,1692253889464,1693226153713,9,3,6
11699,1693226153713,1692253889468,1692253889472,1693226153722,9,4,5
11700,1693226153722,1692253889476,1692253889480,1693226153730,8,4,4
11701,1693226153730,1692253889485,1692253889489,1693226153738,8,4,4
11702,1693226153738,1692253889493,1692253889496,1693226153745,7,3,4
11703,1693226153745,1692253889500,1692253889503,1693226153753,8,3,5
11704,1693226153753,1692253889507,1692253889510,1693226153759,6,3,3
11705,1693226153759,1692253889514,1692253889517,1693226153767,8,3,5
11706,1693226153767,1692253889522,1692253889525,1693226153775,8,3,5
11707,1693226153775,1692253889530,1692253889532,1693226153782,7,2,5
11708,1693226153782,1692253889540,1692253889544,1693226153794,12,4,8
11709,1693226153794,1692253889550,1692253889553,1693226153803,9,3,6
11710,1693226153803,1692253889558,1692253889561,1693226153811,8,3,5
11711,1693226153811,1692253889565,1692253889569,1693226153818,7,4,3
11712,1693226153818,1692253889573,1692253889578,1693226153827,9,5,4
11713,1693226153827,1692253889582,1692253889586,1693226153835,8,4,4
11714,1693226153835,1692253889590,1692253889593,1693226153842,7,3,4
11715,1693226153842,1692253889597,1692253889600,1693226153850,8,3,5
11716,1693226153850,1692253889605,1692253889609,1693226153858,8,4,4
11717,1693226153858,1692253889612,1692253889616,1693226153866,8,4,4
11718,1693226153866,1692253889621,1692253889625,1693226153874,8,4,4
11719,1693226153874,1692253889629,1692253889633,1693226153882,8,4,4
11720,1693226153882,1692253889638,1692253889641,1693226153891,9,3,6
11721,1693226153891,1692253889646,1692253889649,1693226153899,8,3,5
11722,1693226153899,1692253889653,1692253889656,1693226153906,7,3,4
11723,1693226153906,1692253889661,1692253889664,1693226153914,8,3,5
11724,1693226153914,1692253889669,1692253889673,1693226153923,9,4,5
11725,1693226153923,1692253889678,1692253889681,1693226153931,8,3,5
11726,1693226153931,1692253889687,1692253889689,1693226153939,8,2,6
11727,1693226153939,1692253889693,1692253889696,1693226153946,7,3,4
11728,1693226153946,1692253889701,1692253889704,1693226153953,7,3,4
11729,1693226153953,1692253889708,1692253889711,1693226153961,8,3,5
11730,1693226153961,1692253889716,1692253889719,1693226153969,8,3,5
11731,1693226153969,1692253889724,1692253889728,1693226153977,8,4,4
11732,1693226153977,1692253889732,1692253889735,1693226153985,8,3,5
11733,1693226153985,1692253889740,1692253889743,1693226153993,8,3,5
11734,1693226153993,1692253889747,1692253889751,1693226154001,8,4,4
11735,1693226154001,1692253889756,1692253889759,1693226154008,7,3,4
11736,1693226154008,1692253889764,1692253889767,1693226154016,8,3,5
11737,1693226154016,1692253889771,1692253889774,1693226154024,8,3,5
11738,1693226154024,1692253889780,1692253889783,1693226154033,9,3,6
11739,1693226154033,1692253889788,1692253889791,1693226154040,7,3,4
11740,1693226154040,1692253889795,1692253889800,1693226154049,9,5,4
11741,1693226154049,1692253889804,1692253889807,1693226154057,8,3,5
11742,1693226154057,1692253889811,1692253889814,1693226154064,7,3,4
11743,1693226154064,1692253889818,1692253889821,1693226154071,7,3,4
11744,1693226154071,1692253889826,1692253889830,1693226154079,8,4,4
11745,1693226154079,1692253889834,1692253889837,1693226154086,7,3,4
11746,1693226154086,1692253889841,1692253889843,1693226154093,7,2,5
11747,1693226154093,1692253889848,1692253889851,1693226154100,7,3,4
11748,1693226154100,1692253889854,1692253889858,1693226154107,7,4,3
11749,1693226154107,1692253889863,1692253889866,1693226154117,10,3,7
11750,1693226154117,1692253889871,1692253889875,1693226154125,8,4,4
11751,1693226154125,1692253889881,1692253889885,1693226154134,9,4,5
11752,1693226154134,1692253889889,1692253889892,1693226154141,7,3,4
11753,1693226154142,1692253889896,1692253889899,1693226154149,7,3,4
11754,1693226154149,1692253889904,1692253889907,1693226154157,8,3,5
11755,1693226154157,1692253889912,1692253889915,1693226154165,8,3,5
11756,1693226154165,1692253889921,1692253889924,1693226154174,9,3,6
11757,1693226154174,1692253889929,1692253889932,1693226154181,7,3,4
11758,1693226154181,1692253889936,1692253889939,1693226154188,7,3,4
11759,1693226154188,1692253889943,1692253889947,1693226154196,8,4,4
11760,1693226154196,1692253889951,1692253889954,1693226154204,8,3,5
11761,1693226154204,1692253889959,1692253889962,1693226154212,8,3,5
11762,1693226154212,1692253889967,1692253889970,1693226154219,7,3,4
11763,1693226154219,1692253889974,1692253889977,1693226154227,8,3,5
11764,1693226154227,1692253889981,1692253889984,1693226154234,7,3,4
11765,1693226154234,1692253889989,1692253889993,1693226154242,8,4,4
11766,1693226154242,1692253889997,1692253890001,1693226154250,8,4,4
11767,1693226154251,1692253890005,1692253890009,1693226154258,7,4,3
11768,1693226154258,1692253890014,1692253890017,1693226154266,8,3,5
11769,1693226154266,1692253890021,1692253890025,1693226154275,9,4,5
11770,1693226154275,1692253890030,1692253890032,1693226154282,7,2,5
11771,1693226154282,1692253890037,1692253890040,1693226154290,8,3,5
11772,1693226154290,1692253890045,1692253890047,1693226154297,7,2,5
11773,1693226154297,1692253890052,1692253890055,1693226154305,8,3,5
11774,1693226154305,1692253890060,1692253890063,1693226154313,8,3,5
11775,1693226154313,1692253890067,1692253890070,1693226154322,9,3,6
11776,1693226154322,1692253890077,1692253890080,1693226154330,8,3,5
11777,1693226154330,1692253890085,1692253890089,1693226154338,8,4,4
11778,1693226154338,1692253890093,1692253890096,1693226154346,8,3,5
11779,1693226154346,1692253890100,1692253890104,1693226154353,7,4,3
11780,1693226154353,1692253890108,1692253890113,1693226154363,10,5,5
11781,1693226154363,1692253890118,1692253890122,1693226154371,8,4,4
11782,1693226154371,1692253890126,1692253890129,1693226154379,8,3,5
11783,1693226154379,1692253890134,1692253890137,1693226154386,7,3,4
11784,1693226154386,1692253890141,1692253890144,1693226154393,7,3,4
11785,1693226154393,1692253890148,1692253890151,1693226154400,7,3,4
11786,1693226154400,1692253890155,1692253890158,1693226154407,7,3,4
11787,1693226154408,1692253890162,1692253890165,1693226154415,7,3,4
11788,1693226154415,1692253890170,1692253890173,1693226154424,9,3,6
11789,1693226154424,1692253890178,1692253890182,1693226154431,7,4,3
11790,1693226154431,1692253890186,1692253890189,1693226154438,7,3,4
11791,1693226154438,1692253890194,1692253890197,1693226154447,9,3,6
11792,1693226154447,1692253890201,1692253890204,1693226154454,7,3,4
11793,1693226154454,1692253890209,1692253890212,1693226154462,8,3,5
11794,1693226154462,1692253890216,1692253890220,1693226154469,7,4,3
11795,1693226154469,1692253890224,1692253890227,1693226154476,7,3,4
11796,1693226154476,1692253890231,1692253890234,1693226154483,7,3,4
11797,1693226154483,1692253890238,1692253890242,1693226154491,8,4,4
11798,1693226154491,1692253890246,1692253890249,1693226154499,8,3,5
11799,1693226154499,1692253890254,1692253890257,1693226154506,7,3,4
11800,1693226154506,1692253890261,1692253890264,1693226154514,8,3,5
11801,1693226154514,1692253890268,1692253890271,1693226154520,6,3,3
11802,1693226154520,1692253890275,1692253890278,1693226154529,9,3,6
11803,1693226154529,1692253890283,1692253890287,1693226154536,7,4,3
11804,1693226154536,1692253890291,1692253890294,1693226154543,7,3,4
11805,1693226154543,1692253890297,1692253890301,1693226154550,7,4,3
11806,1693226154550,1692253890304,1692253890307,1693226154556,6,3,3
11807,1693226154556,1692253890311,1692253890314,1693226154564,8,3,5
11808,1693226154564,1692253890319,1692253890322,1693226154571,7,3,4
11809,1693226154571,1692253890326,1692253890330,1693226154579,8,4,4
11810,1693226154579,1692253890334,1692253890336,1693226154585,6,2,4
11811,1693226154585,1692253890340,1692253890343,1693226154594,9,3,6
11812,1693226154594,1692253890348,1692253890351,1693226154601,7,3,4
11813,1693226154601,1692253890356,1692253890359,1693226154609,8,3,5
11814,1693226154609,1692253890364,1692253890367,1693226154617,8,3,5
11815,1693226154617,1692253890372,1692253890375,1693226154625,8,3,5
11816,1693226154625,1692253890382,1692253890385,1693226154634,9,3,6
11817,1693226154634,1692253890389,1692253890394,1693226154644,10,5,5
11818,1693226154644,1692253890399,1692253890402,1693226154652,8,3,5
11819,1693226154652,1692253890407,1692253890410,1693226154659,7,3,4
11820,1693226154659,1692253890415,1692253890418,1693226154667,8,3,5
11821,1693226154667,1692253890422,1692253890425,1693226154675,8,3,5
11822,1693226154675,1692253890429,1692253890432,1693226154682,7,3,4
11823,1693226154682,1692253890437,1692253890440,1693226154691,9,3,6
11824,1693226154691,1692253890446,1692253890448,1693226154698,7,2,5
11825,1693226154698,1692253890453,1692253890457,1693226154706,8,4,4
11826,1693226154706,1692253890461,1692253890464,1693226154714,8,3,5
11827,1693226154714,1692253890469,1692253890472,1693226154722,8,3,5
11828,1693226154722,1692253890477,1692253890480,1693226154731,9,3,6
11829,1693226154731,1692253890491,1692253890494,1693226154743,12,3,9
11830,1693226154743,1692253890498,1692253890501,1693226154751,8,3,5
11831,1693226154751,1692253890506,1692253890510,1693226154760,9,4,5
11832,1693226154760,1692253890515,1692253890518,1693226154768,8,3,5
11833,1693226154768,1692253890523,1692253890525,1693226154775,7,2,5
11834,1693226154775,1692253890530,1692253890533,1693226154783,8,3,5
11835,1693226154783,1692253890538,1692253890541,1693226154790,7,3,4
11836,1693226154790,1692253890545,1692253890549,1693226154798,8,4,4
11837,1693226154798,1692253890552,1692253890556,1693226154806,8,4,4
11838,1693226154806,1692253890561,1692253890564,1693226154814,8,3,5
11839,1693226154814,1692253890568,1692253890571,1693226154824,10,3,7
11840,1693226154824,1692253890579,1692253890582,1693226154831,7,3,4
11841,1693226154831,1692253890587,1692253890591,1693226154844,13,4,9
11842,1693226154844,1692253890600,1692253890603,1693226154852,8,3,5
11843,1693226154852,1692253890607,1692253890609,1693226154858,6,2,4
11844,1693226154858,1692253890613,1692253890616,1693226154865,7,3,4
11845,1693226154865,1692253890621,1692253890625,1693226154878,13,4,9
11846,1693226154878,1692253890633,1692253890637,1693226154886,8,4,4
11847,1693226154886,1692253890641,1692253890644,1693226154893,7,3,4
11848,1693226154893,1692253890648,1692253890651,1693226154900,7,3,4
11849,1693226154900,1692253890654,1692253890658,1693226154907,7,4,3
11850,1693226154907,1692253890668,1692253890671,1693226154922,15,3,12
11851,1693226154922,1692253890706,1692253890709,1693226154959,37,3,34
11852,1693226154959,1692253890714,1692253890718,1693226154967,8,4,4
11853,1693226154967,1692253890722,1692253890725,1693226154975,8,3,5
11854,1693226154975,1692253890730,1692253890735,1693226154985,10,5,5
11855,1693226154985,1692253890740,1692253890744,1693226154993,8,4,4
11856,1693226154993,1692253890749,1692253890753,1693226155002,9,4,5
11857,1693226155002,1692253890756,1692253890760,1693226155009,7,4,3
11858,1693226155009,1692253890763,1692253890767,1693226155016,7,4,3
11859,1693226155016,1692253890771,1692253890775,1693226155024,8,4,4
11860,1693226155024,1692253890780,1692253890783,1693226155033,9,3,6
11861,1693226155033,1692253890788,1692253890792,1693226155041,8,4,4
11862,1693226155041,1692253890796,1692253890800,1693226155049,8,4,4
11863,1693226155049,1692253890803,1692253890807,1693226155056,7,4,3
11864,1693226155056,1692253890811,1692253890815,1693226155064,8,4,4
11865,1693226155064,1692253890819,1692253890823,1693226155073,9,4,5
11866,1693226155073,1692253890828,1692253890832,1693226155081,8,4,4
11867,1693226155081,1692253890836,1692253890840,1693226155089,8,4,4
11868,1693226155089,1692253890843,1692253890847,1693226155097,8,4,4
11869,1693226155097,1692253890852,1692253890855,1693226155104,7,3,4
11870,1693226155104,1692253890859,1692253890862,1693226155112,8,3,5
11871,1693226155112,1692253890867,1692253890870,1693226155121,9,3,6
11872,1693226155121,1692253890876,1692253890879,1693226155128,7,3,4
11873,1693226155128,1692253890883,1692253890886,1693226155135,7,3,4
11874,1693226155135,1692253890891,1692253890894,1693226155143,8,3,5
11875,1693226155143,1692253890898,1692253890901,1693226155151,8,3,5
11876,1693226155151,1692253890906,1692253890909,1693226155158,7,3,4
11877,1693226155158,1692253890914,1692253890917,1693226155167,9,3,6
11878,1693226155167,1692253890921,1692253890924,1693226155174,7,3,4
11879,1693226155174,1692253890929,1692253890932,1693226155181,7,3,4
11880,1693226155181,1692253890936,1692253890939,1693226155189,8,3,5
11881,1693226155189,1692253890943,1692253890947,1693226155196,7,4,3
11882,1693226155196,1692253890951,1692253890954,1693226155204,8,3,5
11883,1693226155204,1692253890959,1692253890962,1693226155211,7,3,4
11884,1693226155211,1692253890966,1692253890969,1693226155219,8,3,5
11885,1693226155219,1692253890974,1692253890977,1693226155226,7,3,4
11886,1693226155226,1692253890981,1692253890985,1693226155234,8,4,4
11887,1693226155234,1692253890989,1692253890992,1693226155244,10,3,7
11888,1693226155244,1692253890998,1692253891002,1693226155252,8,4,4
11889,1693226155252,1692253891007,1692253891010,1693226155259,7,3,4
11890,1693226155259,1692253891015,1692253891018,1693226155267,8,3,5
11891,1693226155267,1692253891022,1692253891027,1693226155277,10,5,5
11892,1693226155277,1692253891032,1692253891036,1693226155286,9,4,5
11893,1693226155286,1692253891040,1692253891043,1693226155292,6,3,3
11894,1693226155292,1692253891047,1692253891050,1693226155299,7,3,4
11895,1693226155299,1692253891054,1692253891057,1693226155307,8,3,5
11896,1693226155307,1692253891063,1692253891066,1693226155315,8,3,5
11897,1693226155315,1692253891070,1692253891074,1693226155323,8,4,4
11898,1693226155323,1692253891078,1692253891081,1693226155331,8,3,5
11899,1693226155331,1692253891085,1692253891088,1693226155338,7,3,4
11900,1693226155338,1692253891093,1692253891096,1693226155346,8,3,5
11901,1693226155346,1692253891102,1692253891106,1693226155355,9,4,5
11902,1693226155355,1692253891110,1692253891113,1693226155363,8,3,5
11903,1693226155363,1692253891118,1692253891122,1693226155371,8,4,4
11904,1693226155371,1692253891126,1692253891129,1693226155378,7,3,4
11905,1693226155378,1692253891133,1692253891135,1693226155385,7,2,5
11906,1693226155385,1692253891141,1692253891144,1693226155394,9,3,6
11907,1693226155394,1692253891149,1692253891152,1693226155401,7,3,4
11908,1693226155402,1692253891157,1692253891160,1693226155409,7,3,4
11909,1693226155409,1692253891164,1692253891167,1693226155417,8,3,5
11910,1693226155417,1692253891172,1692253891175,1693226155425,8,3,5
11911,1693226155425,1692253891180,1692253891183,1693226155433,8,3,5
11912,1693226155433,1692253891188,1692253891191,1693226155441,8,3,5
11913,1693226155441,1692253891196,1692253891200,1693226155450,9,4,5
11914,1693226155450,1692253891204,1692253891208,1693226155457,7,4,3
11915,1693226155457,1692253891213,1692253891217,1693226155467,10,4,6
11916,1693226155467,1692253891222,1692253891225,1693226155475,8,3,5
11917,1693226155475,1692253891231,1692253891234,1693226155484,9,3,6
11918,1693226155484,1692253891239,1692253891242,1693226155492,8,3,5
11919,1693226155492,1692253891246,1692253891249,1693226155499,7,3,4
11920,1693226155499,1692253891254,1692253891257,1693226155507,8,3,5
11921,1693226155507,1692253891262,1692253891266,1693226155516,9,4,5
11922,1693226155516,1692253891271,1692253891274,1693226155524,8,3,5
11923,1693226155524,1692253891279,1692253891282,1693226155532,8,3,5
11924,1693226155532,1692253891287,1692253891290,1693226155540,8,3,5
11925,1693226155540,1692253891295,1692253891298,1693226155550,10,3,7
11926,1693226155550,1692253891306,1692253891309,1693226155558,8,3,5
11927,1693226155558,1692253891314,1692253891318,1693226155567,9,4,5
11928,1693226155567,1692253891322,1692253891327,1693226155576,9,5,4
11929,1693226155577,1692253891331,1692253891334,1693226155584,7,3,4
11930,1693226155584,1692253891339,1692253891342,1693226155592,8,3,5
11931,1693226155592,1692253891346,1692253891350,1693226155600,8,4,4
11932,1693226155600,1692253891355,1692253891358,1693226155608,8,3,5
11933,1693226155608,1692253891363,1692253891366,1693226155615,7,3,4
11934,1693226155615,1692253891370,1692253891373,1693226155622,7,3,4
11935,1693226155622,1692253891377,1692253891381,1693226155630,8,4,4
11936,1693226155630,1692253891385,1692253891388,1693226155638,8,3,5
11937,1693226155638,1692253891393,1692253891396,1693226155645,7,3,4
11938,1693226155645,1692253891400,1692253891403,1693226155653,8,3,5
11939,1693226155653,1692253891408,1692253891412,1693226155661,8,4,4
11940,1693226155661,1692253891416,1692253891419,1693226155669,8,3,5
11941,1693226155669,1692253891424,1692253891427,1693226155676,7,3,4
11942,1693226155676,1692253891431,1692253891434,1693226155683,7,3,4
11943,1693226155683,1692253891438,1692253891441,1693226155690,7,3,4
11944,1693226155690,1692253891445,1692253891448,1693226155698,8,3,5
11945,1693226155698,1692253891453,1692253891456,1693226155707,9,3,6
11946,1693226155707,1692253891462,1692253891466,1693226155716,9,4,5
11947,1693226155716,1692253891472,1692253891475,1693226155725,9,3,6
11948,1693226155725,1692253891481,1692253891484,1693226155733,8,3,5
11949,1693226155733,1692253891489,1692253891493,1693226155742,9,4,5
11950,1693226155742,1692253891496,1692253891500,1693226155750,8,4,4
11951,1693226155750,1692253891508,1692253891511,1693226155760,10,3,7
11952,1693226155760,1692253891515,1692253891518,1693226155768,8,3,5
11953,1693226155768,1692253891524,1692253891527,1693226155777,9,3,6
11954,1693226155777,1692253891531,1692253891534,1693226155784,7,3,4
11955,1693226155784,1692253891538,1692253891542,1693226155791,7,4,3
11956,1693226155791,1692253891546,1692253891548,1693226155798,7,2,5
11957,1693226155798,1692253891553,1692253891556,1693226155805,7,3,4
11958,1693226155805,1692253891560,1692253891563,1693226155813,8,3,5
11959,1693226155813,1692253891569,1692253891572,1693226155821,8,3,5
11960,1693226155821,1692253891576,1692253891579,1693226155828,7,3,4
11961,1693226155828,1692253891583,1692253891586,1693226155835,7,3,4
11962,1693226155835,1692253891590,1692253891593,1693226155843,8,3,5
11963,1693226155843,1692253891598,1692253891601,1693226155851,8,3,5
11964,1693226155851,1692253891606,1692253891609,1693226155859,8,3,5
11965,1693226155859,1692253891613,1692253891618,1693226155867,8,5,3
11966,1693226155867,1692253891623,1692253891626,1693226155876,9,3,6
11967,1693226155876,1692253891630,1692253891635,1693226155885,9,5,4
11968,1693226155885,1692253891640,1692253891643,1693226155893,8,3,5
11969,1693226155893,1692253891648,1692253891652,1693226155903,10,4,6
11970,1693226155903,1692253891658,1692253891661,1693226155910,7,3,4
11971,1693226155910,1692253891666,1692253891669,1693226155918,8,3,5
11972,1693226155918,1692253891674,1692253891677,1693226155927,9,3,6
11973,1693226155927,1692253891682,1692253891684,1693226155934,7,2,5
11974,1693226155934,1692253891689,1692253891691,1693226155941,7,2,5
11975,1693226155941,1692253891695,1692253891698,1693226155948,7,3,4
11976,1693226155948,1692253891703,1692253891706,1693226155956,8,3,5
11977,1693226155956,1692253891713,1692253891716,1693226155966,10,3,7
11978,1693226155966,1692253891721,1692253891725,1693226155976,10,4,6
11979,1693226155976,1692253891731,1692253891734,1693226155983,7,3,4
11980,1693226155983,1692253891739,1692253891742,1693226155992,9,3,6
11981,1693226155992,1692253891746,1692253891750,1693226155999,7,4,3
11982,1693226155999,1692253891754,1692253891757,1693226156007,8,3,5
11983,1693226156007,1692253891762,1692253891765,1693226156015,8,3,5
11984,1693226156015,1692253891770,1692253891773,1693226156022,7,3,4
11985,1693226156022,1692253891777,1692253891780,1693226156029,7,3,4
11986,1693226156029,1692253891784,1692253891786,1693226156036,7,2,5
11987,1693226156036,1692253891791,1692253891794,1693226156043,7,3,4
11988,1693226156043,1692253891798,1692253891802,1693226156051,8,4,4
11989,1693226156051,1692253891806,1692253891810,1693226156059,8,4,4
11990,1693226156059,1692253891816,1692253891819,1693226156068,9,3,6
11991,1693226156068,1692253891823,1692253891826,1693226156075,7,3,4
11992,1693226156075,1692253891830,1692253891834,1693226156083,8,4,4
11993,1693226156083,1692253891838,1692253891841,1693226156090,7,3,4
11994,1693226156090,1692253891845,1692253891849,1693226156099,9,4,5
11995,1693226156099,1692253891854,1692253891857,1693226156106,7,3,4
11996,1693226156106,1692253891861,1692253891864,1693226156113,7,3,4
11997,1693226156113,1692253891869,1692253891872,1693226156122,9,3,6
11998,1693226156122,1692253891877,1692253891879,1693226156129,7,2,5
11999,1693226156129,1692253891885,1692253891888,1693226156138,9,3,6
12000,1693226156138,1692253891893,1692253891896,1693226156146,8,3,5
12001,1693226156146,1692253891900,1692253891904,1693226156154,8,4,4
12002,1693226156154,1692253891908,1692253891912,1693226156161,7,4,3
12003,1693226156161,1692253891918,1692253891921,1693226156171,10,3,7
12004,1693226156171,1692253891927,1692253891929,1693226156179,8,2,6
12005,1693226156179,1692253891934,1692253891937,1693226156187,8,3,5
12006,1693226156187,1692253891942,1692253891945,1693226156197,10,3,7
12007,1693226156197,1692253891952,1692253891955,1693226156204,7,3,4
12008,1693226156205,1692253891959,1692253891963,1693226156212,7,4,3
12009,1693226156212,1692253891967,1692253891970,1693226156219,7,3,4
12010,1693226156219,1692253891974,1692253891978,1693226156227,8,4,4
12011,1693226156227,1692253891982,1692253891985,1693226156235,8,3,5
12012,1693226156235,1692253891989,1692253891995,1693226156244,9,6,3
12013,1693226156244,1692253891999,1692253892002,1693226156251,7,3,4
12014,1693226156251,1692253892006,1692253892010,1693226156260,9,4,5
12015,1693226156260,1692253892015,1692253892018,1693226156268,8,3,5
12016,1693226156268,1692253892023,1692253892026,1693226156275,7,3,4
12017,1693226156275,1692253892030,1692253892033,1693226156283,8,3,5
12018,1693226156283,1692253892038,1692253892041,1693226156291,8,3,5
12019,1693226156291,1692253892046,1692253892049,1693226156298,7,3,4
12020,1693226156298,1692253892053,1692253892057,1693226156306,8,4,4
12021,1693226156307,1692253892062,1692253892064,1693226156314,7,2,5
12022,1693226156314,1692253892069,1692253892072,1693226156321,7,3,4
12023,1693226156322,1692253892077,1692253892080,1693226156330,8,3,5
12024,1693226156330,1692253892085,1692253892088,1693226156338,8,3,5
12025,1693226156338,1692253892093,1692253892097,1693226156347,9,4,5
12026,1693226156347,1692253892102,1692253892105,1693226156354,7,3,4
12027,1693226156354,1692253892109,1692253892113,1693226156362,8,4,4
12028,1693226156362,1692253892117,1692253892119,1693226156370,8,2,6
12029,1693226156370,1692253892125,1692253892128,1693226156378,8,3,5
12030,1693226156378,1692253892133,1692253892136,1693226156385,7,3,4
12031,1693226156386,1692253892141,1692253892144,1693226156393,7,3,4
12032,1693226156393,1692253892148,1692253892151,1693226156400,7,3,4
12033,1693226156400,1692253892156,1692253892160,1693226156409,9,4,5
12034,1693226156409,1692253892164,1692253892167,1693226156416,7,3,4
12035,1693226156416,1692253892171,1692253892174,1693226156424,8,3,5
12036,1693226156424,1692253892179,1692253892182,1693226156431,7,3,4
12037,1693226156431,1692253892186,1692253892191,1693226156441,10,5,5
12038,1693226156441,1692253892196,1692253892199,1693226156449,8,3,5
12039,1693226156449,1692253892204,1692253892207,1693226156457,8,3,5
12040,1693226156457,1692253892212,1692253892216,1693226156465,8,4,4
12041,1693226156465,1692253892220,1692253892223,1693226156472,7,3,4
12042,1693226156472,1692253892227,1692253892230,1693226156480,8,3,5
12043,1693226156480,1692253892235,1692253892238,1693226156488,8,3,5
12044,1693226156488,1692253892243,1692253892246,1693226156495,7,3,4
12045,1693226156495,1692253892250,1692253892254,1693226156503,8,4,4
12046,1693226156503,1692253892259,1692253892262,1693226156511,8,3,5
12047,1693226156511,1692253892266,1692253892269,1693226156518,7,3,4
12048,1693226156518,1692253892273,1692253892277,1693226156526,8,4,4
12049,1693226156526,1692253892282,1692253892284,1693226156534,8,2,6
12050,1693226156534,1692253892289,1692253892293,1693226156542,8,4,4
12051,1693226156542,1692253892300,1692253892303,1693226156553,11,3,8
12052,1693226156553,1692253892308,1692253892311,1693226156561,8,3,5
12053,1693226156561,1692253892315,1692253892320,1693226156569,8,5,3
12054,1693226156569,1692253892324,1692253892328,1693226156577,8,4,4
12055,1693226156577,1692253892334,1692253892337,1693226156586,9,3,6
12056,1693226156586,1692253892341,1692253892345,1693226156594,8,4,4
12057,1693226156594,1692253892349,1692253892352,1693226156606,12,3,9
12058,1693226156606,1692253892361,1692253892364,1693226156614,8,3,5
12059,1693226156614,1692253892369,1692253892373,1693226156623,9,4,5
12060,1693226156623,1692253892379,1692253892382,1693226156632,9,3,6
12061,1693226156632,1692253892387,1692253892390,1693226156639,7,3,4
12062,1693226156639,1692253892395,1692253892398,1693226156647,8,3,5
12063,1693226156647,1692253892402,1692253892405,1693226156655,8,3,5
12064,1693226156655,1692253892410,1692253892413,1693226156663,8,3,5
12065,1693226156663,1692253892418,1692253892421,1693226156670,7,3,4
12066,1693226156670,1692253892426,1692253892429,1693226156678,8,3,5
12067,1693226156678,1692253892433,1692253892436,1693226156685,7,3,4
12068,1693226156685,1692253892441,1692253892444,1693226156693,8,3,5
12069,1693226156693,1692253892448,1692253892451,1693226156700,7,3,4
12070,1693226156700,1692253892455,1692253892459,1693226156708,8,4,4
12071,1693226156708,1692253892463,1692253892466,1693226156716,8,3,5
12072,1693226156716,1692253892470,1692253892474,1693226156723,7,4,3
12073,1693226156723,1692253892479,1692253892482,1693226156732,9,3,6
12074,1693226156732,1692253892487,1692253892491,1693226156741,9,4,5
12075,1693226156741,1692253892496,1692253892499,1693226156748,7,3,4
12076,1693226156748,1692253892503,1692253892506,1693226156755,7,3,4
12077,1693226156755,1692253892509,1692253892512,1693226156762,7,3,4
12078,1693226156762,1692253892516,1692253892520,1693226156769,7,4,3
12079,1693226156769,1692253892524,1692253892528,1693226156785,16,4,12
12080,1693226156785,1692253892540,1692253892544,1693226156793,8,4,4
12081,1693226156793,1692253892548,1692253892551,1693226156801,8,3,5
12082,1693226156801,1692253892556,1692253892559,1693226156809,8,3,5
12083,1693226156809,1692253892565,1692253892568,1693226156818,9,3,6
12084,1693226156818,1692253892573,1692253892577,1693226156826,8,4,4
12085,1693226156826,1692253892581,1692253892584,1693226156833,7,3,4
12086,1693226156833,1692253892588,1692253892591,1693226156841,8,3,5
12087,1693226156841,1692253892596,1692253892600,1693226156849,8,4,4
12088,1693226156849,1692253892604,1692253892609,1693226156859,10,5,5
12089,1693226156859,1692253892613,1692253892617,1693226156867,8,4,4
12090,1693226156867,1692253892621,1692253892625,1693226156874,7,4,3
12091,1693226156874,1692253892629,1692253892632,1693226156882,8,3,5
12092,1693226156882,1692253892636,1692253892640,1693226156889,7,4,3
12093,1693226156889,1692253892644,1692253892647,1693226156897,8,3,5
12094,1693226156897,1692253892652,1692253892655,1693226156905,8,3,5
12095,1693226156905,1692253892660,1692253892662,1693226156912,7,2,5
12096,1693226156912,1692253892667,1692253892670,1693226156919,7,3,4
12097,1693226156919,1692253892674,1692253892677,1693226156926,7,3,4
12098,1693226156926,1692253892681,1692253892684,1693226156933,7,3,4
12099,1693226156933,1692253892688,1692253892691,1693226156941,8,3,5
12100,1693226156941,1692253892696,1692253892700,1693226156949,8,4,4
12101,1693226156949,1692253892704,1692253892710,1693226156959,10,6,4
12102,1693226156959,1692253892714,1692253892717,1693226156967,8,3,5
12103,1693226156967,1692253892722,1692253892725,1693226156975,8,3,5
12104,1693226156975,1692253892730,1692253892733,1693226156985,10,3,7
12105,1693226156985,1692253892741,1692253892744,1693226156994,9,3,6
12106,1693226156994,1692253892749,1692253892753,1693226157002,8,4,4
12107,1693226157002,1692253892756,1692253892760,1693226157010,8,4,4
12108,1693226157010,1692253892764,1692253892768,1693226157017,7,4,3
12109,1693226157017,1692253892772,1692253892775,1693226157024,7,3,4
12110,1693226157025,1692253892780,1692253892785,1693226157034,9,5,4
12111,1693226157034,1692253892790,1692253892793,1693226157042,8,3,5
12112,1693226157042,1692253892797,1692253892799,1693226157049,7,2,5
12113,1693226157049,1692253892804,1692253892807,1693226157058,9,3,6
12114,1693226157058,1692253892813,1692253892817,1693226157066,8,4,4
12115,1693226157066,1692253892822,1692253892826,1693226157075,9,4,5
12116,1693226157075,1692253892831,1692253892833,1693226157082,7,2,5
12117,1693226157082,1692253892839,1692253892843,1693226157092,10,4,6
12118,1693226157092,1692253892847,1692253892850,1693226157100,8,3,5
12119,1693226157100,1692253892854,1692253892857,1693226157107,7,3,4
12120,1693226157107,1692253892862,1692253892865,1693226157114,7,3,4
12121,1693226157114,1692253892872,1692253892875,1693226157124,10,3,7
12122,1693226157124,1692253892878,1692253892881,1693226157131,7,3,4
12123,1693226157131,1692253892886,1692253892889,1693226157138,7,3,4
12124,1693226157138,1692253892893,1692253892897,1693226157147,9,4,5
12125,1693226157147,1692253892902,1692253892905,1693226157155,8,3,5
12126,1693226157155,1692253892910,1692253892913,1693226157162,7,3,4
12127,1693226157162,1692253892916,1692253892919,1693226157169,7,3,4
12128,1693226157169,1692253892924,1692253892930,1693226157179,10,6,4
12129,1693226157179,1692253892934,1692253892936,1693226157186,7,2,5
12130,1693226157186,1692253892942,1692253892945,1693226157195,9,3,6
12131,1693226157195,1692253892950,1692253892953,1693226157202,7,3,4
12132,1693226157202,1692253892957,1692253892961,1693226157210,8,4,4
12133,1693226157210,1692253892965,1692253892967,1693226157217,7,2,5
12134,1693226157217,1692253892972,1692253892975,1693226157225,8,3,5
12135,1693226157225,1692253892980,1692253892983,1693226157232,7,3,4
12136,1693226157232,1692253892988,1692253892991,1693226157241,9,3,6
12137,1693226157241,1692253892996,1692253892999,1693226157248,7,3,4
12138,1693226157249,1692253893003,1692253893006,1693226157255,6,3,3
12139,1693226157256,1692253893011,1692253893014,1693226157263,7,3,4
12140,1693226157263,1692253893017,1692253893020,1693226157270,7,3,4
12141,1693226157270,1692253893025,1692253893028,1693226157277,7,3,4
12142,1693226157277,1692253893032,1692253893035,1693226157284,7,3,4
12143,1693226157284,1692253893039,1692253893042,1693226157291,7,3,4
12144,1693226157291,1692253893047,1692253893050,1693226157299,8,3,5
12145,1693226157299,1692253893054,1692253893058,1693226157308,9,4,5
12146,1693226157308,1692253893063,1692253893068,1693226157317,9,5,4
12147,1693226157317,1692253893072,1692253893075,1693226157324,7,3,4
12148,1693226157324,1692253893079,1692253893083,1693226157332,8,4,4
12149,1693226157332,1692253893087,1692253893090,1693226157340,8,3,5
12150,1693226157340,1692253893095,1692253893099,1693226157349,9,4,5
12151,1693226157349,1692253893104,1692253893106,1693226157356,7,2,5
12152,1693226157356,1692253893111,1692253893114,1693226157364,8,3,5
12153,1693226157364,1692253893119,1692253893122,1693226157372,8,3,5
12154,1693226157372,1692253893126,1692253893129,1693226157379,7,3,4
12155,1693226157379,1692253893134,1692253893137,1693226157386,7,3,4
12156,1693226157386,1692253893142,1692253893146,1693226157395,9,4,5
12157,1693226157395,1692253893150,1692253893153,1693226157403,8,3,5
12158,1693226157403,1692253893158,1692253893161,1693226157415,12,3,9
12159,1693226157415,1692253893172,1692253893175,1693226157425,10,3,7
12160,1693226157425,1692253893180,1692253893183,1693226157434,9,3,6
12161,1693226157434,1692253893189,1692253893192,1693226157442,8,3,5
12162,1693226157442,1692253893197,1692253893200,1693226157449,7,3,4
12163,1693226157449,1692253893204,1692253893208,1693226157457,8,4,4
12164,1693226157457,1692253893211,1692253893215,1693226157464,7,4,3
12165,1693226157464,1692253893219,1692253893223,1693226157472,8,4,4
12166,1693226157472,1692253893227,1692253893229,1693226157479,7,2,5
12167,1693226157479,1692253893233,1692253893237,1693226157486,7,4,3
12168,1693226157486,1692253893241,1692253893245,1693226157496,10,4,6
12169,1693226157496,1692253893255,1692253893258,1693226157508,12,3,9
12170,1693226157508,1692253893263,1692253893266,1693226157516,8,3,5
12171,1693226157516,1692253893275,1692253893278,1693226157527,11,3,8
12172,1693226157527,1692253893283,1692253893286,1693226157535,8,3,5
12173,1693226157535,1692253893290,1692253893293,1693226157542,7,3,4
12174,1693226157542,1692253893297,1692253893300,1693226157549,7,3,4
12175,1693226157549,1692253893305,1692253893308,1693226157582,33,3,30
12176,1693226157582,1692253893337,1692253893340,1693226157590,8,3,5
12177,1693226157590,1692253893346,1692253893349,1693226157599,9,3,6
12178,1693226157599,1692253893354,1692253893357,1693226157607,8,3,5
12179,1693226157607,1692253893370,1692253893373,1693226157628,21,3,18
12180,1693226157628,1692253893386,1692253893389,1693226157639,11,3,8
12181,1693226157639,1692253893394,1692253893398,1693226157647,8,4,4
12182,1693226157647,1692253893402,1692253893405,1693226157655,8,3,5
12183,1693226157655,1692253893410,1692253893415,1693226157665,10,5,5
12184,1693226157665,1692253893420,1692253893423,1693226157672,7,3,4
12185,1693226157672,1692253893427,1692253893431,1693226157681,9,4,5
12186,1693226157681,1692253893436,1692253893439,1693226157719,38,3,35
12187,1693226157719,1692253893474,1692253893477,1693226157727,8,3,5
12188,1693226157727,1692253893482,1692253893485,1693226157735,8,3,5
12189,1693226157735,1692253893490,1692253893493,1693226157743,8,3,5
12190,1693226157743,1692253893498,1692253893502,1693226157751,8,4,4
12191,1693226157751,1692253893506,1692253893509,1693226157759,8,3,5
12192,1693226157759,1692253893513,1692253893516,1693226157765,6,3,3
12193,1693226157765,1692253893520,1692253893523,1693226157772,7,3,4
12194,1693226157772,1692253893527,1692253893530,1693226157779,7,3,4
12195,1693226157779,1692253893534,1692253893537,1693226157786,7,3,4
12196,1693226157786,1692253893541,1692253893544,1693226157793,7,3,4
12197,1693226157793,1692253893548,1692253893551,1693226157800,7,3,4
12198,1693226157800,1692253893557,1692253893560,1693226157809,9,3,6
12199,1693226157809,1692253893565,1692253893568,1693226157817,8,3,5
12200,1693226157817,1692253893572,1692253893575,1693226157825,8,3,5
12201,1693226157825,1692253893582,1692253893586,1693226157835,10,4,6
12202,1693226157835,1692253893590,1692253893593,1693226157843,8,3,5
12203,1693226157843,1692253893598,1692253893601,1693226157850,7,3,4
12204,1693226157850,1692253893605,1692253893609,1693226157858,8,4,4
12205,1693226157858,1692253893613,1692253893617,1693226157866,8,4,4
12206,1693226157866,1692253893621,1692253893624,1693226157874,8,3,5
12207,1693226157874,1692253893629,1692253893633,1693226157883,9,4,5
12208,1693226157883,1692253893639,1692253893642,1693226157892,9,3,6
12209,1693226157892,1692253893647,1692253893651,1693226157900,8,4,4
12210,1693226157900,1692253893655,1692253893658,1693226157908,8,3,5
12211,1693226157908,1692253893663,1692253893666,1693226157915,7,3,4
12212,1693226157915,1692253893670,1692253893674,1693226157924,9,4,5
12213,1693226157924,1692253893678,1692253893681,1693226157931,7,3,4
12214,1693226157931,1692253893686,1692253893689,1693226157939,8,3,5
12215,1693226157939,1692253893695,1692253893698,1693226157947,8,3,5
12216,1693226157947,1692253893702,1692253893706,1693226157955,8,4,4
12217,1693226157955,1692253893710,1692253893713,1693226157962,7,3,4
12218,1693226157962,1692253893718,1692253893721,1693226157970,8,3,5
12219,1693226157971,1692253893725,1692253893730,1693226157979,8,5,3
12220,1693226157979,1692253893734,1692253893738,1693226157987,8,4,4
12221,1693226157987,1692253893742,1692253893746,1693226157996,9,4,5
12222,1693226157996,1692253893751,1692253893754,1693226158004,8,3,5
12223,1693226158004,1692253893760,1692253893764,1693226158013,9,4,5
12224,1693226158013,1692253893768,1692253893774,1693226158024,11,6,5
12225,1693226158024,1692253893779,1692253893782,1693226158032,8,3,5
12226,1693226158032,1692253893787,1692253893790,1693226158040,8,3,5
12227,1693226158040,1692253893794,1692253893798,1693226158047,7,4,3
12228,1693226158047,1692253893802,1692253893806,1693226158055,8,4,4
12229,1693226158055,1692253893810,1692253893813,1693226158063,8,3,5
12230,1693226158063,1692253893818,1692253893821,1693226158071,8,3,5
12231,1693226158071,1692253893826,1692253893829,1693226158078,7,3,4
12232,1693226158078,1692253893833,1692253893836,1693226158085,7,3,4
12233,1693226158085,1692253893840,1692253893843,1693226158092,7,3,4
12234,1693226158092,1692253893847,1692253893850,1693226158100,8,3,5
12235,1693226158100,1692253893855,1692253893859,1693226158111,11,4,7
12236,1693226158111,1692253893866,1692253893869,1693226158118,7,3,4
12237,1693226158119,1692253893873,1692253893876,1693226158126,7,3,4
12238,1693226158126,1692253893881,1692253893885,1693226158134,8,4,4
12239,1693226158134,1692253893889,1692253893892,1693226158141,7,3,4
12240,1693226158141,1692253893896,1692253893899,1693226158149,8,3,5
12241,1693226158149,1692253893904,1692253893907,1693226158156,7,3,4
12242,1693226158156,1692253893912,1692253893915,1693226158165,9,3,6
12243,1693226158165,1692253893919,1692253893922,1693226158172,7,3,4
12244,1693226158172,1692253893927,1692253893930,1693226158180,8,3,5
12245,1693226158180,1692253893935,1692253893938,1693226158188,8,3,5
12246,1693226158188,1692253893944,1692253893947,1693226158196,8,3,5
12247,1693226158196,1692253893951,1692253893955,1693226158204,8,4,4
12248,1693226158204,1692253893958,1692253893962,1693226158213,9,4,5
12249,1693226158213,1692253893968,1692253893971,1693226158221,8,3,5
12250,1693226158221,1692253893975,1692253893979,1693226158229,8,4,4
12251,1693226158229,1692253893984,1692253893986,1693226158236,7,2,5
12252,1693226158236,1692253893991,1692253893995,1693226158245,9,4,5
12253,1693226158245,1692253893999,1692253894003,1693226158252,7,4,3
12254,1693226158252,1692253894007,1692253894010,1693226158260,8,3,5
12255,1693226158260,1692253894015,1692253894019,1693226158269,9,4,5
12256,1693226158269,1692253894024,1692253894026,1693226158276,7,2,5
12257,1693226158276,1692253894030,1692253894033,1693226158283,7,3,4
12258,1693226158283,1692253894038,1692253894040,1693226158289,6,2,4
12259,1693226158289,1692253894044,1692253894047,1693226158297,8,3,5
12260,1693226158297,1692253894052,1692253894055,1693226158304,7,3,4
12261,1693226158304,1692253894059,1692253894063,1693226158312,8,4,4
12262,1693226158312,1692253894068,1692253894072,1693226158322,10,4,6
12263,1693226158322,1692253894077,1692253894080,1693226158330,8,3,5
12264,1693226158330,1692253894085,1692253894088,1693226158338,8,3,5
12265,1693226158338,1692253894093,1692253894097,1693226158347,9,4,5
12266,1693226158347,1692253894101,1692253894104,1693226158353,6,3,3
12267,1693226158353,1692253894109,1692253894112,1693226158362,9,3,6
12268,1693226158362,1692253894117,1692253894119,1693226158369,7,2,5
12269,1693226158369,1692253894123,1692253894127,1693226158376,7,4,3
12270,1693226158376,1692253894132,1692253894135,1693226158385,9,3,6
12271,1693226158385,1692253894140,1692253894143,1693226158393,8,3,5
12272,1693226158393,1692253894148,1692253894151,1693226158400,7,3,4
12273,1693226158400,1692253894159,1692253894162,1693226158411,11,3,8
12274,1693226158412,1692253894170,1692253894174,1693226158423,11,4,7
12275,1693226158423,1692253894178,1692253894182,1693226158431,8,4,4
12276,1693226158431,1692253894186,1692253894189,1693226158438,7,3,4
12277,1693226158439,1692253894193,1692253894196,1693226158445,6,3,3
12278,1693226158445,1692253894201,1692253894204,1693226158453,8,3,5
12279,1693226158453,1692253894208,1692253894210,1693226158460,7,2,5
12280,1693226158460,1692253894215,1692253894218,1693226158468,8,3,5
12281,1693226158468,1692253894223,1692253894226,1693226158476,8,3,5
12282,1693226158476,1692253894231,1692253894234,1693226158484,8,3,5
12283,1693226158484,1692253894239,1692253894242,1693226158491,7,3,4
12284,1693226158491,1692253894246,1692253894248,1693226158498,7,2,5
12285,1693226158498,1692253894252,1692253894256,1693226158505,7,4,3
12286,1693226158505,1692253894260,1692253894263,1693226158513,8,3,5
12287,1693226158513,1692253894268,1692253894272,1693226158521,8,4,4
12288,1693226158521,1692253894277,1692253894281,1693226158530,9,4,5
12289,1693226158530,1692253894285,1692253894287,1693226158537,7,2,5
12290,1693226158537,1692253894291,1692253894295,1693226158544,7,4,3
12291,1693226158544,1692253894300,1692253894303,1693226158553,9,3,6
12292,1693226158553,1692253894308,1692253894312,1693226158562,9,4,5
12293,1693226158562,1692253894317,1692253894321,1693226158570,8,4,4
12294,1693226158570,1692253894325,1692253894327,1693226158577,7,2,5
12295,1693226158577,1692253894331,1692253894335,1693226158584,7,4,3
12296,1693226158584,1692253894339,1692253894342,1693226158592,8,3,5
12297,1693226158592,1692253894347,1692253894350,1693226158599,7,3,4
12298,1693226158599,1692253894354,1692253894358,1693226158607,8,4,4
12299,1693226158607,1692253894362,1692253894365,1693226158618,11,3,8
12300,1693226158618,1692253894375,1692253894379,1693226158629,11,4,7
12301,1693226158629,1692253894384,1692253894387,1693226158636,7,3,4
12302,1693226158636,1692253894391,1692253894394,1693226158644,8,3,5
12303,1693226158644,1692253894399,1692253894403,1693226158652,8,4,4
12304,1693226158652,1692253894407,1692253894410,1693226158660,8,3,5
12305,1693226158660,1692253894414,1692253894417,1693226158666,6,3,3
12306,1693226158666,1692253894421,1692253894425,1693226158674,8,4,4
12307,1693226158674,1692253894429,1692253894432,1693226158681,7,3,4
12308,1693226158682,1692253894437,1692253894439,1693226158688,6,2,4
12309,1693226158688,1692253894444,1692253894447,1693226158696,8,3,5
12310,1693226158696,1692253894451,1692253894456,1693226158705,9,5,4
12311,1693226158705,1692253894462,1692253894465,1693226158714,9,3,6
12312,1693226158714,1692253894469,1692253894472,1693226158722,8,3,5
12313,1693226158722,1692253894478,1692253894481,1693226158731,9,3,6
12314,1693226158731,1692253894486,1692253894489,1693226158738,7,3,4
12315,1693226158738,1692253894493,1692253894496,1693226158746,8,3,5
12316,1693226158746,1692253894502,1692253894505,1693226158755,9,3,6
12317,1693226158755,1692253894509,1692253894512,1693226158761,6,3,3
12318,1693226158761,1692253894516,1692253894520,1693226158769,8,4,4
12319,1693226158769,1692253894524,1692253894528,1693226158777,8,4,4
12320,1693226158777,1692253894532,1692253894536,1693226158785,8,4,4
12321,1693226158785,1692253894540,1692253894543,1693226158792,7,3,4
12322,1693226158792,1692253894547,1692253894550,1693226158800,8,3,5
12323,1693226158800,1692253894555,1692253894558,1693226158807,7,3,4
12324,1693226158807,1692253894562,1692253894565,1693226158815,8,3,5
12325,1693226158815,1692253894570,1692253894573,1693226158822,7,3,4
12326,1693226158822,1692253894577,1692253894581,1693226158830,8,4,4
12327,1693226158830,1692253894585,1692253894588,1693226158838,8,3,5
12328,1693226158838,1692253894594,1692253894598,1693226158848,10,4,6
12329,1693226158848,1692253894603,1692253894608,1693226158858,10,5,5
12330,1693226158858,1692253894612,1692253894616,1693226158865,7,4,3
12331,1693226158865,1692253894620,1692253894624,1693226158873,8,4,4
12332,1693226158874,1692253894629,1692253894632,1693226158881,7,3,4
12333,1693226158882,1692253894637,1692253894640,1693226158890,8,3,5
12334,1693226158890,1692253894645,1692253894648,1693226158898,8,3,5
12335,1693226158898,1692253894652,1692253894656,1693226158906,8,4,4
12336,1693226158906,1692253894661,1692253894665,1693226158914,8,4,4
12337,1693226158914,1692253894669,1692253894671,1693226158921,7,2,5
12338,1693226158921,1692253894676,1692253894679,1693226158930,9,3,6
12339,1693226158930,1692253894685,1692253894688,1693226158938,8,3,5
12340,1693226158938,1692253894693,1692253894695,1693226158944,6,2,4
12341,1693226158945,1692253894699,1692253894703,1693226158952,7,4,3
12342,1693226158952,1692253894707,1692253894710,1693226158960,8,3,5
12343,1693226158960,1692253894715,1692253894718,1693226158968,8,3,5
12344,1693226158968,1692253894723,1692253894727,1693226158976,8,4,4
12345,1693226158976,1692253894731,1692253894734,1693226158983,7,3,4
12346,1693226158983,1692253894737,1692253894740,1693226158990,7,3,4
12347,1693226158990,1692253894745,1692253894748,1693226158998,8,3,5
12348,1693226158998,1692253894752,1692253894755,1693226159005,7,3,4
12349,1693226159005,1692253894760,1692253894763,1693226159013,8,3,5
12350,1693226159013,1692253894768,1692253894771,1693226159021,8,3,5
12351,1693226159021,1692253894775,1692253894778,1693226159028,7,3,4
12352,1693226159028,1692253894785,1692253894788,1693226159037,9,3,6
12353,1693226159037,1692253894792,1692253894796,1693226159045,8,4,4
12354,1693226159045,1692253894800,1692253894803,1693226159053,8,3,5
12355,1693226159053,1692253894808,1692253894810,1693226159060,7,2,5
12356,1693226159060,1692253894815,1692253894819,1693226159068,8,4,4
12357,1693226159068,1692253894823,1692253894826,1693226159076,8,3,5
12358,1693226159076,1692253894831,1692253894834,1693226159083,7,3,4
12359,1693226159083,1692253894838,1692253894841,1693226159091,8,3,5
12360,1693226159091,1692253894846,1692253894850,1693226159099,8,4,4
12361,1693226159100,1692253894854,1692253894858,1693226159107,7,4,3
12362,1693226159107,1692253894862,1692253894865,1693226159115,8,3,5
12363,1693226159115,1692253894874,1692253894878,1693226159127,12,4,8
12364,1693226159127,1692253894882,1692253894886,1693226159135,8,4,4
12365,1693226159135,1692253894890,1692253894893,1693226159143,8,3,5
12366,1693226159143,1692253894899,1692253894904,1693226159154,11,5,6
12367,1693226159154,1692253894910,1692253894914,1693226159163,9,4,5
12368,1693226159163,1692253894921,1692253894925,1693226159174,11,4,7
12369,1693226159174,1692253894929,1692253894932,1693226159182,8,3,5
12370,1693226159182,1692253894936,1692253894939,1693226159188,6,3,3
12371,1693226159188,1692253894944,1692253894948,1693226159198,10,4,6
12372,1693226159198,1692253894955,1692253894958,1693226159208,10,3,7
12373,1693226159208,1692253894963,1692253894966,1693226159215,7,3,4
12374,1693226159215,1692253894970,1692253894974,1693226159223,8,4,4
12375,1693226159223,1692253894978,1692253894981,1693226159230,7,3,4
12376,1693226159230,1692253894984,1692253894988,1693226159238,8,4,4
12377,1693226159238,1692253894993,1692253894996,1693226159246,8,3,5
12378,1693226159246,1692253895001,1692253895005,1693226159254,8,4,4
12379,1693226159254,1692253895009,1692253895012,1693226159262,8,3,5
12380,1693226159262,1692253895016,1692253895020,1693226159269,7,4,3
12381,1693226159269,1692253895024,1692253895028,1693226159278,9,4,5
12382,1693226159278,1692253895037,1692253895040,1693226159290,12,3,9
12383,1693226159290,1692253895045,1692253895048,1693226159298,8,3,5
12384,1693226159298,1692253895052,1692253895058,1693226159307,9,6,3
12385,1693226159307,1692253895062,1692253895065,1693226159315,8,3,5
12386,1693226159315,1692253895069,1692253895072,1693226159322,7,3,4
12387,1693226159322,1692253895077,1692253895080,1693226159329,7,3,4
12388,1693226159329,1692253895084,1692253895088,1693226159339,10,4,6
12389,1693226159339,1692253895095,1692253895098,1693226159347,8,3,5
12390,1693226159347,1692253895102,1692253895105,1693226159355,8,3,5
12391,1693226159355,1692253895110,1692253895114,1693226159363,8,4,4
12392,1693226159363,1692253895118,1692253895121,1693226159371,8,3,5
12393,1693226159371,1692253895126,1692253895128,1693226159378,7,2,5
12394,1693226159378,1692253895133,1692253895136,1693226159386,8,3,5
12395,1693226159386,1692253895141,1692253895144,1693226159394,8,3,5
12396,1693226159394,1692253895148,1692253895152,1693226159402,8,4,4
12397,1693226159402,1692253895156,1692253895159,1693226159409,7,3,4
12398,1693226159409,1692253895164,1692253895167,1693226159416,7,3,4
12399,1693226159416,1692253895171,1692253895175,1693226159424,8,4,4
12400,1693226159424,1692253895179,1692253895182,1693226159431,7,3,4
12401,1693226159431,1692253895186,1692253895189,1693226159439,8,3,5
12402,1693226159439,1692253895196,1692253895201,1693226159450,11,5,6
12403,1693226159450,1692253895205,1692253895208,1693226159457,7,3,4
12404,1693226159457,1692253895212,1692253895216,1693226159465,8,4,4
12405,1693226159465,1692253895220,1692253895223,1693226159473,8,3,5
12406,1693226159473,1692253895228,1692253895232,1693226159481,8,4,4
12407,1693226159481,1692253895236,1692253895239,1693226159489,8,3,5
12408,1693226159489,1692253895244,1692253895247,1693226159496,7,3,4
12409,1693226159497,1692253895252,1692253895255,1693226159505,8,3,5
12410,1693226159505,1692253895259,1692253895263,1693226159512,7,4,3
12411,1693226159512,1692253895267,1692253895270,1693226159520,8,3,5
12412,1693226159520,1692253895275,1692253895279,1693226159528,8,4,4
12413,1693226159528,1692253895283,1692253895286,1693226159536,8,3,5
12414,1693226159536,1692253895293,1692253895296,1693226159546,10,3,7
12415,1693226159546,1692253895301,1692253895304,1693226159554,8,3,5
12416,1693226159554,1692253895308,1692253895312,1693226159561,7,4,3
12417,1693226159561,1692253895316,1692253895320,1693226159569,8,4,4
12418,1693226159569,1692253895324,1692253895327,1693226159576,7,3,4
12419,1693226159576,1692253895331,1692253895335,1693226159584,8,4,4
12420,1693226159584,1692253895339,1692253895343,1693226159592,8,4,4
12421,1693226159592,1692253895347,1692253895350,1693226159600,8,3,5
12422,1693226159600,1692253895354,1692253895357,1693226159607,7,3,4
12423,1693226159607,1692253895362,1692253895365,1693226159614,7,3,4
12424,1693226159614,1692253895369,1692253895372,1693226159624,10,3,7
12425,1693226159624,1692253895379,1692253895382,1693226159632,8,3,5
12426,1693226159632,1692253895387,1692253895390,1693226159640,8,3,5
12427,1693226159640,1692253895396,1692253895399,1693226159648,8,3,5
12428,1693226159648,1692253895402,1692253895406,1693226159655,7,4,3
12429,1693226159655,1692253895410,1692253895413,1693226159662,7,3,4
12430,1693226159662,1692253895418,1692253895421,1693226159670,8,3,5
12431,1693226159670,1692253895425,1692253895428,1693226159679,9,3,6
12432,1693226159679,1692253895435,1692253895438,1693226159688,9,3,6
12433,1693226159688,1692253895443,1692253895446,1693226159695,7,3,4
12434,1693226159695,1692253895450,1692253895453,1693226159703,8,3,5
12435,1693226159703,1692253895458,1692253895463,1693226159713,10,5,5
12436,1693226159713,1692253895468,1692253895471,1693226159720,7,3,4
12437,1693226159720,1692253895474,1692253895478,1693226159727,7,4,3
12438,1693226159727,1692253895482,1692253895487,1693226159737,10,5,5
12439,1693226159737,1692253895492,1692253895496,1693226159745,8,4,4
12440,1693226159745,1692253895508,1692253895512,1693226159761,16,4,12
12441,1693226159761,1692253895516,1692253895520,1693226159769,8,4,4
12442,1693226159769,1692253895524,1692253895527,1693226159777,8,3,5
12443,1693226159777,1692253895532,1692253895536,1693226159785,8,4,4
12444,1693226159785,1692253895540,1692253895543,1693226159793,8,3,5
12445,1693226159793,1692253895548,1692253895551,1693226159800,7,3,4
12446,1693226159800,1692253895555,1692253895558,1693226159807,7,3,4
12447,1693226159807,1692253895565,1692253895569,1693226159818,11,4,7
12448,1693226159818,1692253895573,1692253895576,1693226159826,8,3,5
12449,1693226159826,1692253895582,1692253895585,1693226159835,9,3,6
12450,1693226159835,1692253895589,1692253895593,1693226159842,7,4,3
12451,1693226159842,1692253895597,1692253895600,1693226159851,9,3,6
12452,1693226159851,1692253895607,1692253895610,1693226159860,9,3,6
12453,1693226159860,1692253895615,1692253895618,1693226159868,8,3,5
12454,1693226159868,1692253895623,1692253895626,1693226159876,8,3,5
12455,1693226159876,1692253895631,1692253895634,1693226159883,7,3,4
12456,1693226159883,1692253895638,1692253895641,1693226159891,8,3,5
12457,1693226159891,1692253895646,1692253895650,1693226159899,8,4,4
12458,1693226159899,1692253895654,1692253895657,1693226159908,9,3,6
12459,1693226159908,1692253895663,1692253895666,1693226159916,8,3,5
12460,1693226159916,1692253895672,1692253895675,1693226159925,9,3,6
12461,1693226159925,1692253895679,1692253895682,1693226159932,7,3,4
12462,1693226159932,1692253895686,1692253895689,1693226159939,7,3,4
12463,1693226159939,1692253895694,1692253895697,1693226159947,8,3,5
12464,1693226159947,1692253895702,1692253895705,1693226159955,8,3,5
12465,1693226159955,1692253895709,1692253895713,1693226159962,7,4,3
12466,1693226159962,1692253895717,1692253895719,1693226159969,7,2,5
12467,1693226159969,1692253895724,1692253895727,1693226159976,7,3,4
12468,1693226159977,1692253895731,1692253895735,1693226159985,8,4,4
12469,1693226159985,1692253895739,1692253895743,1693226159992,7,4,3
12470,1693226159992,1692253895747,1692253895751,1693226160000,8,4,4
12471,1693226160000,1692253895754,1692253895758,1693226160007,7,4,3
12472,1693226160007,1692253895763,1692253895766,1693226160016,9,3,6
12473,1693226160016,1692253895771,1692253895775,1693226160024,8,4,4
12474,1693226160024,1692253895779,1692253895782,1693226160031,7,3,4
12475,1693226160031,1692253895786,1692253895791,1693226160040,9,5,4
12476,1693226160040,1692253895795,1692253895798,1693226160047,7,3,4
12477,1693226160047,1692253895802,1692253895805,1693226160057,10,3,7
12478,1693226160057,1692253895814,1692253895817,1693226160067,10,3,7
12479,1693226160067,1692253895822,1692253895825,1693226160075,8,3,5
12480,1693226160075,1692253895830,1692253895833,1693226160082,7,3,4
12481,1693226160082,1692253895837,1692253895841,1693226160091,9,4,5
12482,1693226160091,1692253895846,1692253895849,1693226160099,8,3,5
12483,1693226160099,1692253895853,1692253895856,1693226160106,7,3,4
12484,1693226160106,1692253895861,1692253895864,1693226160113,7,3,4
12485,1693226160113,1692253895868,1692253895872,1693226160122,9,4,5
12486,1693226160122,1692253895877,1692253895880,1693226160129,7,3,4
12487,1693226160129,1692253895884,1692253895887,1693226160136,7,3,4
12488,1693226160136,1692253895891,1692253895895,1693226160144,8,4,4
12489,1693226160144,1692253895899,1692253895902,1693226160151,7,3,4
12490,1693226160151,1692253895915,1692253895918,1693226160167,16,3,13
12491,1693226160167,1692253895923,1692253895927,1693226160176,9,4,5
12492,1693226160176,1692253895931,1692253895934,1693226160183,7,3,4
12493,1693226160183,1692253895938,1692253895940,1693226160190,7,2,5
12494,1693226160190,1692253895944,1692253895947,1693226160196,6,3,3
12495,1693226160196,1692253895951,1692253895954,1693226160204,8,3,5
12496,1693226160204,1692253895958,1692253895961,1693226160211,7,3,4
12497,1693226160211,1692253895966,1692253895968,1693226160218,7,2,5
12498,1693226160218,1692253895972,1692253895975,1693226160225,7,3,4
12499,1693226160225,1692253895979,1692253895982,1693226160232,7,3,4
12500,1693226160232,1692253895986,1692253895990,1693226160239,7,4,3
12501,1693226160239,1692253895994,1692253895997,1693226160247,8,3,5
12502,1693226160247,1692253896002,1692253896004,1693226160254,7,2,5
12503,1693226160254,1692253896009,1692253896012,1693226160262,8,3,5
12504,1693226160262,1692253896017,1692253896020,1693226160269,7,3,4
12505,1693226160269,1692253896024,1692253896028,1693226160277,8,4,4
12506,1693226160277,1692253896032,1692253896035,1693226160284,7,3,4
12507,1693226160284,1692253896040,1692253896043,1693226160292,8,3,5
12508,1693226160292,1692253896047,1692253896051,1693226160300,8,4,4
12509,1693226160300,1692253896055,1692253896058,1693226160307,7,3,4
12510,1693226160307,1692253896062,1692253896065,1693226160315,8,3,5
12511,1693226160315,1692253896070,1692253896073,1693226160322,7,3,4
12512,1693226160322,1692253896078,1692253896082,1693226160332,10,4,6
12513,1693226160332,1692253896086,1692253896090,1693226160339,7,4,3
12514,1693226160339,1692253896094,1692253896098,1693226160347,8,4,4
12515,1693226160347,1692253896103,1692253896106,1693226160355,8,3,5
12516,1693226160355,1692253896110,1692253896113,1693226160363,8,3,5
12517,1693226160363,1692253896118,1692253896122,1693226160372,9,4,5
12518,1693226160372,1692253896127,1692253896130,1693226160380,8,3,5
12519,1693226160380,1692253896135,1692253896137,1693226160387,7,2,5
12520,1693226160387,1692253896142,1692253896145,1693226160395,8,3,5
12521,1693226160395,1692253896150,1692253896153,1693226160402,7,3,4
12522,1693226160402,1692253896157,1692253896160,1693226160410,8,3,5
12523,1693226160410,1692253896164,1692253896168,1693226160417,7,4,3
12524,1693226160417,1692253896172,1692253896175,1693226160424,7,3,4
12525,1693226160424,1692253896179,1692253896182,1693226160432,8,3,5
12526,1693226160432,1692253896187,1692253896190,1693226160439,7,3,4
12527,1693226160439,1692253896194,1692253896197,1693226160447,8,3,5
12528,1693226160447,1692253896202,1692253896205,1693226160455,8,3,5
12529,1693226160455,1692253896210,1692253896212,1693226160462,7,2,5
12530,1693226160462,1692253896219,1692253896222,1693226160472,10,3,7
12531,1693226160472,1692253896226,1692253896230,1693226160480,8,4,4
12532,1693226160480,1692253896235,1692253896238,1693226160488,8,3,5
12533,1693226160488,1692253896242,1692253896245,1693226160495,7,3,4
12534,1693226160495,1692253896250,1692253896254,1693226160503,8,4,4
12535,1693226160503,1692253896258,1692253896262,1693226160511,8,4,4
12536,1693226160511,1692253896266,1692253896269,1693226160519,8,3,5
12537,1693226160519,1692253896274,1692253896276,1693226160526,7,2,5
12538,1693226160526,1692253896281,1692253896284,1693226160533,7,3,4
12539,1693226160533,1692253896287,1692253896291,1693226160540,7,4,3
12540,1693226160540,1692253896295,1692253896299,1693226160548,8,4,4
12541,1693226160549,1692253896303,1692253896307,1693226160556,7,4,3
12542,1693226160556,1692253896311,1692253896314,1693226160564,8,3,5
12543,1693226160564,1692253896321,1692253896323,1693226160572,8,2,6
12544,1693226160572,1692253896327,1692253896332,1693226160582,10,5,5
12545,1693226160582,1692253896337,1692253896340,1693226160590,8,3,5
12546,1693226160590,1692253896345,1692253896349,1693226160598,8,4,4
12547,1693226160598,1692253896353,1692253896356,1693226160605,7,3,4
12548,1693226160605,1692253896360,1692253896365,1693226160614,9,5,4
12549,1693226160614,1692253896370,1692253896372,1693226160622,8,2,6
12550,1693226160622,1692253896377,1692253896380,1693226160630,8,3,5
12551,1693226160630,1692253896386,1692253896389,1693226160639,9,3,6
12552,1693226160639,1692253896394,1692253896398,1693226160647,8,4,4
12553,1693226160647,1692253896402,1692253896405,1693226160654,7,3,4
12554,1693226160654,1692253896409,1692253896412,1693226160661,7,3,4
12555,1693226160661,1692253896416,1692253896420,1693226160671,10,4,6
12556,1693226160671,1692253896435,1692253896439,1693226160688,17,4,13
12557,1693226160688,1692253896443,1692253896446,1693226160695,7,3,4
12558,1693226160695,1692253896449,1692253896453,1693226160703,8,4,4
12559,1693226160703,1692253896458,1692253896462,1693226160712,9,4,5
12560,1693226160712,1692253896468,1692253896471,1693226160721,9,3,6
12561,1693226160721,1692253896476,1692253896479,1693226160729,8,3,5
12562,1693226160729,1692253896485,1692253896488,1693226160738,9,3,6
12563,1693226160738,1692253896494,1692253896496,1693226160746,8,2,6
12564,1693226160746,1692253896501,1692253896505,1693226160754,8,4,4
12565,1693226160754,1692253896510,1692253896513,1693226160763,9,3,6
12566,1693226160763,1692253896518,1692253896520,1693226160770,7,2,5
12567,1693226160770,1692253896526,1692253896530,1693226160779,9,4,5
12568,1693226160779,1692253896534,1692253896538,1693226160788,9,4,5
12569,1693226160788,1692253896543,1692253896547,1693226160796,8,4,4
12570,1693226160796,1692253896551,1692253896554,1693226160804,8,3,5
12571,1693226160804,1692253896559,1692253896562,1693226160812,8,3,5
12572,1693226160812,1692253896566,1692253896569,1693226160819,7,3,4
12573,1693226160819,1692253896574,1692253896577,1693226160826,7,3,4
12574,1693226160827,1692253896582,1692253896585,1693226160834,7,3,4
12575,1693226160834,1692253896590,1692253896593,1693226160842,8,3,5
12576,1693226160842,1692253896597,1692253896600,1693226160850,8,3,5
12577,1693226160850,1692253896605,1692253896607,1693226160857,7,2,5
12578,1693226160857,1692253896611,1692253896615,1693226160864,7,4,3
12579,1693226160864,1692253896619,1692253896623,1693226160872,8,4,4
12580,1693226160872,1692253896628,1692253896632,1693226160881,9,4,5
12581,1693226160881,1692253896637,1692253896640,1693226160890,9,3,6
12582,1693226160890,1692253896645,1692253896648,1693226160897,7,3,4
12583,1693226160897,1692253896652,1692253896656,1693226160907,10,4,6
12584,1693226160907,1692253896663,1692253896667,1693226160916,9,4,5
12585,1693226160916,1692253896671,1692253896676,1693226160926,10,5,5
12586,1693226160926,1692253896681,1692253896684,1693226160933,7,3,4
12587,1693226160933,1692253896689,1692253896692,1693226160941,8,3,5
12588,1693226160941,1692253896696,1692253896700,1693226160949,8,4,4
12589,1693226160949,1692253896703,1692253896706,1693226160956,7,3,4
12590,1693226160956,1692253896711,1692253896715,1693226160964,8,4,4
12591,1693226160964,1692253896719,1692253896722,1693226160972,8,3,5
12592,1693226160972,1692253896726,1692253896729,1693226160979,7,3,4
12593,1693226160979,1692253896733,1692253896736,1693226160986,7,3,4
12594,1693226160986,1692253896741,1692253896744,1693226160993,7,3,4
12595,1693226160994,1692253896748,1692253896751,1693226161001,7,3,4
12596,1693226161001,1692253896755,1692253896759,1693226161009,8,4,4
12597,1693226161009,1692253896763,1692253896766,1693226161016,7,3,4
12598,1693226161016,1692253896770,1692253896774,1693226161024,8,4,4
12599,1693226161024,1692253896779,1692253896783,1693226161032,8,4,4
12600,1693226161032,1692253896790,1692253896794,1693226161043,11,4,7
12601,1693226161043,1692253896799,1692253896802,1693226161051,8,3,5
12602,1693226161051,1692253896806,1692253896809,1693226161059,8,3,5
12603,1693226161059,1692253896813,1692253896816,1693226161066,7,3,4
12604,1693226161066,1692253896820,1692253896824,1693226161073,7,4,3
12605,1693226161073,1692253896828,1692253896831,1693226161082,9,3,6
12606,1693226161082,1692253896836,1692253896841,1693226161090,8,5,3
12607,1693226161090,1692253896845,1692253896849,1693226161098,8,4,4
12608,1693226161098,1692253896854,1692253896857,1693226161107,9,3,6
12609,1693226161107,1692253896862,1692253896865,1693226161114,7,3,4
12610,1693226161114,1692253896869,1692253896872,1693226161121,7,3,4
12611,1693226161121,1692253896876,1692253896879,1693226161129,8,3,5
12612,1693226161129,1692253896884,1692253896887,1693226161136,7,3,4
12613,1693226161136,1692253896891,1692253896894,1693226161144,8,3,5
12614,1693226161144,1692253896899,1692253896902,1693226161152,8,3,5
12615,1693226161152,1692253896906,1692253896909,1693226161159,7,3,4
12616,1693226161159,1692253896914,1692253896917,1693226161167,8,3,5
12617,1693226161167,1692253896923,1692253896926,1693226161176,9,3,6
12618,1693226161176,1692253896932,1692253896935,1693226161184,8,3,5
12619,1693226161184,1692253896940,1692253896943,1693226161192,8,3,5
12620,1693226161192,1692253896947,1692253896951,1693226161200,8,4,4
12621,1693226161200,1692253896955,1692253896958,1693226161207,7,3,4
12622,1693226161207,1692253896962,1692253896967,1693226161217,10,5,5
12623,1693226161217,1692253896972,1692253896976,1693226161225,8,4,4
12624,1693226161225,1692253896980,1692253896983,1693226161232,7,3,4
12625,1693226161232,1692253896988,1692253896991,1693226161241,9,3,6
12626,1693226161241,1692253896996,1692253896999,1693226161248,7,3,4
12627,1693226161248,1692253897003,1692253897007,1693226161256,8,4,4
12628,1693226161256,1692253897011,1692253897015,1693226161264,8,4,4
12629,1693226161264,1692253897019,1692253897022,1693226161271,7,3,4
12630,1693226161272,1692253897027,1692253897029,1693226161279,7,2,5
12631,1693226161279,1692253897033,1692253897036,1693226161285,6,3,3
12632,1693226161286,1692253897040,1692253897043,1693226161293,7,3,4
12633,1693226161293,1692253897047,1692253897050,1693226161300,7,3,4
12634,1693226161300,1692253897055,1692253897058,1693226161307,7,3,4
12635,1693226161307,1692253897062,1692253897066,1693226161315,8,4,4
12636,1693226161315,1692253897069,1692253897073,1693226161322,7,4,3
12637,1693226161322,1692253897077,1692253897081,1693226161330,8,4,4
12638,1693226161330,1692253897085,1692253897089,1693226161338,8,4,4
12639,1693226161338,1692253897093,1692253897096,1693226161345,7,3,4
12640,1693226161345,1692253897099,1692253897102,1693226161351,6,3,3
12641,1693226161351,1692253897106,1692253897109,1693226161359,8,3,5
12642,1693226161359,1692253897114,1692253897118,1693226161367,8,4,4
12643,1693226161367,1692253897123,1692253897126,1693226161376,9,3,6
12644,1693226161376,1692253897131,1692253897133,1693226161382,6,2,4
12645,1693226161382,1692253897137,1692253897141,1693226161390,8,4,4
12646,1693226161390,1692253897145,1692253897149,1693226161398,8,4,4
12647,1693226161398,1692253897153,1692253897156,1693226161405,7,3,4
12648,1693226161405,1692253897160,1692253897164,1693226161413,8,4,4
12649,1693226161413,1692253897168,1692253897171,1693226161421,8,3,5
12650,1693226161421,1692253897175,1692253897178,1693226161427,6,3,3
12651,1693226161427,1692253897182,1692253897186,1693226161435,8,4,4
12652,1693226161435,1692253897190,1692253897193,1693226161443,8,3,5
12653,1693226161443,1692253897198,1692253897201,1693226161450,7,3,4
12654,1693226161451,1692253897205,1692253897208,1693226161458,7,3,4
12655,1693226161458,1692253897213,1692253897216,1693226161466,8,3,5
12656,1693226161466,1692253897220,1692253897223,1693226161473,7,3,4
12657,1693226161473,1692253897228,1692253897231,1693226161480,7,3,4
12658,1693226161480,1692253897235,1692253897240,1693226161490,10,5,5
12659,1693226161490,1692253897245,1692253897247,1693226161497,7,2,5
12660,1693226161497,1692253897252,1692253897256,1693226161505,8,4,4
12661,1693226161505,1692253897260,1692253897262,1693226161512,7,2,5
12662,1693226161512,1692253897267,1692253897270,1693226161519,7,3,4
12663,1693226161519,1692253897274,1692253897277,1693226161527,8,3,5
12664,1693226161527,1692253897282,1692253897284,1693226161534,7,2,5
12665,1693226161534,1692253897289,1692253897292,1693226161542,8,3,5
12666,1693226161542,1692253897296,1692253897300,1693226161549,7,4,3
12667,1693226161549,1692253897304,1692253897307,1693226161557,8,3,5
12668,1693226161557,1692253897312,1692253897315,1693226161564,7,3,4
12669,1693226161564,1692253897319,1692253897322,1693226161572,8,3,5
12670,1693226161572,1692253897327,1692253897330,1693226161579,7,3,4
12671,1693226161579,1692253897334,1692253897337,1693226161586,7,3,4
12672,1693226161586,1692253897341,1692253897344,1693226161593,7,3,4
12673,1693226161593,1692253897348,1692253897351,1693226161600,7,3,4
12674,1693226161600,1692253897355,1692253897358,1693226161607,7,3,4
12675,1693226161607,1692253897362,1692253897366,1693226161615,8,4,4
12676,1693226161615,1692253897370,1692253897374,1693226161623,8,4,4
12677,1693226161623,1692253897378,1692253897382,1693226161636,13,4,9
12678,1693226161636,1692253897391,1692253897394,1693226161644,8,3,5
12679,1693226161644,1692253897399,1692253897402,1693226161651,7,3,4
12680,1693226161651,1692253897406,1692253897409,1693226161659,8,3,5
12681,1693226161659,1692253897414,1692253897418,1693226161667,8,4,4
12682,1693226161667,1692253897422,1692253897425,1693226161675,8,3,5
12683,1693226161675,1692253897430,1692253897433,1693226161682,7,3,4
12684,1693226161682,1692253897437,1692253897440,1693226161689,7,3,4
12685,1693226161689,1692253897444,1692253897448,1693226161697,8,4,4
12686,1693226161697,1692253897453,1692253897456,1693226161705,8,3,5
12687,1693226161705,1692253897460,1692253897464,1693226161713,8,4,4
12688,1693226161713,1692253897468,1692253897471,1693226161721,8,3,5
12689,1693226161721,1692253897475,1692253897479,1693226161728,7,4,3
12690,1693226161728,1692253897483,1692253897487,1693226161736,8,4,4
12691,1693226161736,1692253897491,1692253897495,1693226161744,8,4,4
12692,1693226161744,1692253897499,1692253897502,1693226161752,8,3,5
12693,1693226161752,1692253897509,1692253897512,1693226161762,10,3,7
12694,1693226161762,1692253897517,1692253897520,1693226161769,7,3,4
12695,1693226161769,1692253897524,1692253897529,1693226161778,9,5,4
12696,1693226161778,1692253897533,1692253897536,1693226161786,8,3,5
12697,1693226161786,1692253897543,1692253897546,1693226161797,11,3,8
12698,1693226161797,1692253897554,1692253897557,1693226161806,9,3,6
12699,1693226161806,1692253897561,1692253897564,1693226161813,7,3,4
12700,1693226161813,1692253897568,1692253897571,1693226161821,8,3,5
12701,1693226161821,1692253897577,1692253897580,1693226161829,8,3,5
12702,1693226161829,1692253897584,1692253897588,1693226161837,8,4,4
12703,1693226161837,1692253897592,1692253897595,1693226161845,8,3,5
12704,1693226161845,1692253897600,1692253897604,1693226161853,8,4,4
12705,1693226161853,1692253897614,1692253897618,1693226161867,14,4,10
12706,1693226161867,1692253897622,1692253897626,1693226161875,8,4,4
12707,1693226161875,1692253897636,1692253897640,1693226161889,14,4,10
12708,1693226161889,1692253897644,1692253897648,1693226161899,10,4,6
12709,1693226161899,1692253897655,1692253897658,1693226161908,9,3,6
12710,1693226161908,1692253897666,1692253897670,1693226161919,11,4,7
12711,1693226161919,1692253897675,1692253897677,1693226161927,8,2,6
12712,1693226161927,1692253897689,1692253897692,1693226161942,15,3,12
12713,1693226161942,1692253897698,1692253897701,1693226161950,8,3,5
12714,1693226161950,1692253897710,1692253897712,1693226161962,12,2,10
12715,1693226161962,1692253897717,1692253897720,1693226161970,8,3,5
12716,1693226161970,1692253897731,1692253897734,1693226161983,13,3,10
12717,1693226161983,1692253897739,1692253897742,1693226161991,8,3,5
12718,1693226161991,1692253897747,1692253897749,1693226162001,10,2,8
12719,1693226162001,1692253897757,1692253897762,1693226162012,11,5,6
12720,1693226162012,1692253897767,1692253897771,1693226162020,8,4,4
12721,1693226162021,1692253897778,1692253897782,1693226162032,11,4,7
12722,1693226162032,1692253897787,1692253897790,1693226162039,7,3,4
12723,1693226162039,1692253897799,1692253897803,1693226162053,14,4,10
12724,1693226162053,1692253897808,1692253897811,1693226162060,7,3,4
12725,1693226162061,1692253897816,1692253897819,1693226162069,8,3,5
12726,1693226162069,1692253897824,1692253897827,1693226162076,7,3,4
12727,1693226162076,1692253897831,1692253897835,1693226162084,8,4,4
12728,1693226162084,1692253897839,1692253897842,1693226162091,7,3,4
12729,1693226162091,1692253897846,1692253897849,1693226162099,8,3,5
12730,1693226162099,1692253897856,1692253897860,1693226162109,10,4,6
12731,1693226162109,1692253897864,1692253897869,1693226162119,10,5,5
12732,1693226162119,1692253897874,1692253897877,1693226162126,7,3,4
12733,1693226162126,1692253897881,1692253897885,1693226162134,8,4,4
12734,1693226162134,1692253897889,1692253897893,1693226162142,8,4,4
12735,1693226162142,1692253897897,1692253897900,1693226162150,8,3,5
12736,1693226162150,1692253897905,1692253897908,1693226162157,7,3,4
12737,1693226162157,1692253897911,1692253897914,1693226162164,7,3,4
12738,1693226162164,1692253897919,1692253897922,1693226162172,8,3,5
12739,1693226162172,1692253897926,1692253897930,1693226162179,7,4,3
12740,1693226162179,1692253897934,1692253897938,1693226162187,8,4,4
12741,1693226162187,1692253897942,1692253897945,1693226162194,7,3,4
12742,1693226162194,1692253897949,1692253897952,1693226162202,8,3,5
12743,1693226162202,1692253897959,1692253897963,1693226162212,10,4,6
12744,1693226162212,1692253897967,1692253897970,1693226162219,7,3,4
12745,1693226162220,1692253897976,1692253897979,1693226162229,9,3,6
12746,1693226162229,1692253897984,1692253897987,1693226162236,7,3,4
12747,1693226162236,1692253897991,1692253897993,1693226162247,11,2,9
12748,1693226162247,1692253898002,1692253898005,1693226162255,8,3,5
12749,1693226162255,1692253898010,1692253898014,1693226162264,9,4,5
12750,1693226162264,1692253898020,1692253898024,1693226162273,9,4,5
12751,1693226162273,1692253898028,1692253898031,1693226162280,7,3,4
12752,1693226162280,1692253898035,1692253898038,1693226162287,7,3,4
12753,1693226162287,1692253898042,1692253898045,1693226162295,8,3,5
12754,1693226162295,1692253898050,1692253898052,1693226162302,7,2,5
12755,1693226162302,1692253898057,1692253898061,1693226162310,8,4,4
12756,1693226162310,1692253898066,1692253898069,1693226162318,8,3,5
12757,1693226162318,1692253898073,1692253898076,1693226162326,8,3,5
12758,1693226162326,1692253898081,1692253898084,1693226162333,7,3,4
12759,1693226162333,1692253898088,1692253898091,1693226162340,7,3,4
12760,1693226162340,1692253898095,1692253898098,1693226162347,7,3,4
12761,1693226162347,1692253898102,1692253898105,1693226162355,8,3,5
12762,1693226162355,1692253898109,1692253898112,1693226162361,6,3,3
12763,1693226162361,1692253898116,1692253898119,1693226162368,7,3,4
12764,1693226162368,1692253898123,1692253898126,1693226162375,7,3,4
12765,1693226162375,1692253898130,1692253898132,1693226162382,7,2,5
12766,1693226162382,1692253898136,1692253898140,1693226162389,7,4,3
12767,1693226162389,1692253898144,1692253898147,1693226162396,7,3,4
12768,1693226162396,1692253898151,1692253898155,1693226162405,9,4,5
12769,1693226162405,1692253898159,1692253898162,1693226162411,6,3,3
12770,1693226162411,1692253898167,1692253898170,1693226162419,8,3,5
12771,1693226162419,1692253898174,1692253898177,1693226162427,8,3,5
12772,1693226162427,1692253898182,1692253898185,1693226162434,7,3,4
12773,1693226162434,1692253898189,1692253898192,1693226162441,7,3,4
12774,1693226162441,1692253898196,1692253898199,1693226162448,7,3,4
12775,1693226162448,1692253898204,1692253898209,1693226162458,10,5,5
12776,1693226162458,1692253898213,1692253898216,1693226162466,8,3,5
12777,1693226162466,1692253898221,1692253898224,1693226162474,8,3,5
12778,1693226162474,1692253898229,1692253898232,1693226162481,7,3,4
12779,1693226162481,1692253898236,1692253898240,1693226162489,8,4,4
12780,1693226162489,1692253898243,1692253898246,1693226162496,7,3,4
12781,1693226162496,1692253898251,1692253898254,1693226162503,7,3,4
12782,1693226162503,1692253898258,1692253898261,1693226162510,7,3,4
12783,1693226162511,1692253898267,1692253898270,1693226162519,8,3,5
12784,1693226162519,1692253898274,1692253898277,1693226162527,8,3,5
12785,1693226162527,1692253898282,1692253898286,1693226162535,8,4,4
12786,1693226162535,1692253898289,1692253898292,1693226162542,7,3,4
12787,1693226162542,1692253898296,1692253898300,1693226162549,7,4,3
12788,1693226162549,1692253898305,1692253898308,1693226162558,9,3,6
12789,1693226162558,1692253898313,1692253898316,1693226162566,8,3,5
12790,1693226162566,1692253898321,1692253898324,1693226162574,8,3,5
12791,1693226162574,1692253898329,1692253898331,1693226162581,7,2,5
12792,1693226162581,1692253898335,1692253898338,1693226162588,7,3,4
12793,1693226162588,1692253898343,1692253898347,1693226162597,9,4,5
12794,1693226162597,1692253898352,1692253898354,1693226162604,7,2,5
12795,1693226162604,1692253898358,1692253898361,1693226162611,7,3,4
12796,1693226162611,1692253898366,1692253898369,1693226162619,8,3,5
12797,1693226162619,1692253898373,1692253898377,1693226162626,7,4,3
12798,1693226162627,1692253898382,1692253898384,1693226162634,7,2,5
12799,1693226162634,1692253898389,1692253898392,1693226162641,7,3,4
12800,1693226162641,1692253898396,1692253898399,1693226162648,7,3,4
12801,1693226162648,1692253898403,1692253898407,1693226162656,8,4,4
12802,1693226162656,1692253898411,1692253898415,1693226162664,8,4,4
12803,1693226162664,1692253898419,1692253898423,1693226162672,8,4,4
12804,1693226162672,1692253898428,1692253898433,1693226162682,10,5,5
12805,1693226162682,1692253898437,1692253898441,1693226162690,8,4,4
12806,1693226162690,1692253898445,1692253898448,1693226162697,7,3,4
12807,1693226162697,1692253898453,1692253898456,1693226162706,9,3,6
12808,1693226162706,1692253898461,1692253898465,1693226162714,8,4,4
12809,1693226162714,1692253898472,1692253898475,1693226162724,10,3,7
12810,1693226162724,1692253898479,1692253898482,1693226162731,7,3,4
12811,1693226162731,1692253898486,1692253898489,1693226162738,7,3,4
12812,1693226162738,1692253898493,1692253898497,1693226162747,9,4,5
12813,1693226162747,1692253898502,1692253898505,1693226162754,7,3,4
12814,1693226162754,1692253898509,1692253898512,1693226162762,8,3,5
12815,1693226162762,1692253898517,1692253898520,1693226162769,7,3,4
12816,1693226162769,1692253898524,1692253898528,1693226162777,8,4,4
12817,1693226162777,1692253898532,1692253898535,1693226162785,8,3,5
12818,1693226162785,1692253898540,1692253898544,1693226162793,8,4,4
12819,1693226162793,1692253898548,1692253898551,1693226162800,7,3,4
12820,1693226162800,1692253898555,1692253898558,1693226162808,8,3,5
12821,1693226162808,1692253898562,1692253898566,1693226162815,7,4,3
12822,1693226162815,1692253898569,1692253898572,1693226162822,7,3,4
12823,1693226162822,1692253898576,1692253898579,1693226162829,7,3,4
12824,1693226162829,1692253898584,1692253898587,1693226162837,8,3,5
12825,1693226162837,1692253898592,1692253898595,1693226162844,7,3,4
12826,1693226162844,1692253898599,1692253898602,1693226162851,7,3,4
12827,1693226162851,1692253898606,1692253898610,1693226162859,8,4,4
12828,1693226162859,1692253898614,1692253898618,1693226162867,8,4,4
12829,1693226162867,1692253898622,1692253898625,1693226162875,8,3,5
12830,1693226162875,1692253898630,1692253898634,1693226162883,8,4,4
12831,1693226162883,1692253898638,1692253898641,1693226162890,7,3,4
12832,1693226162890,1692253898645,1692253898649,1693226162898,8,4,4
12833,1693226162898,1692253898653,1692253898656,1693226162906,8,3,5
12834,1693226162906,1692253898661,1692253898664,1693226162914,8,3,5
12835,1693226162914,1692253898669,1692253898672,1693226162923,9,3,6
12836,1693226162923,1692253898678,1692253898682,1693226162931,8,4,4
12837,1693226162931,1692253898686,1692253898689,1693226162939,8,3,5
12838,1693226162940,1692253898694,1692253898698,1693226162947,7,4,3
12839,1693226162947,1692253898702,1692253898706,1693226162955,8,4,4
12840,1693226162955,1692253898711,1692253898714,1693226162963,8,3,5
12841,1693226162964,1692253898719,1692253898724,1693226162973,9,5,4
12842,1693226162973,1692253898728,1692253898731,1693226162981,8,3,5
12843,1693226162981,1692253898735,1692253898739,1693226162989,8,4,4
12844,1693226162989,1692253898743,1692253898747,1693226162996,7,4,3
12845,1693226162996,1692253898751,1692253898754,1693226163004,8,3,5
12846,1693226163004,1692253898759,1692253898762,1693226163011,7,3,4
12847,1693226163011,1692253898766,1692253898769,1693226163018,7,3,4
12848,1693226163018,1692253898773,1692253898777,1693226163026,8,4,4
12849,1693226163026,1692253898781,1692253898785,1693226163034,8,4,4
12850,1693226163034,1692253898789,1692253898792,1693226163042,8,3,5
12851,1693226163042,1692253898797,1692253898800,1693226163050,8,3,5
12852,1693226163050,1692253898805,1692253898808,1693226163059,9,3,6
12853,1693226163059,1692253898814,1692253898817,1693226163067,8,3,5
12854,1693226163067,1692253898821,1692253898825,1693226163075,8,4,4
12855,1693226163075,1692253898831,1692253898834,1693226163084,9,3,6
12856,1693226163084,1692253898839,1692253898842,1693226163092,8,3,5
12857,1693226163092,1692253898847,1692253898850,1693226163099,7,3,4
12858,1693226163099,1692253898854,1692253898857,1693226163106,7,3,4
12859,1693226163106,1692253898861,1692253898865,1693226163114,8,4,4
12860,1693226163115,1692253898870,1692253898873,1693226163122,7,3,4
12861,1693226163122,1692253898877,1692253898880,1693226163129,7,3,4
12862,1693226163129,1692253898884,1692253898887,1693226163136,7,3,4
12863,1693226163137,1692253898891,1692253898895,1693226163144,7,4,3
12864,1693226163144,1692253898899,1692253898903,1693226163152,8,4,4
12865,1693226163152,1692253898907,1692253898909,1693226163159,7,2,5
12866,1693226163159,1692253898914,1692253898917,1693226163167,8,3,5
12867,1693226163167,1692253898922,1692253898925,1693226163174,7,3,4
12868,1693226163174,1692253898929,1692253898933,1693226163182,8,4,4
12869,1693226163182,1692253898937,1692253898939,1693226163189,7,2,5
12870,1693226163189,1692253898944,1692253898947,1693226163197,8,3,5
12871,1693226163197,1692253898952,1692253898955,1693226163204,7,3,4
12872,1693226163204,1692253898959,1692253898963,1693226163212,8,4,4
12873,1693226163212,1692253898968,1692253898970,1693226163220,8,2,6
12874,1693226163220,1692253898974,1692253898977,1693226163227,7,3,4
12875,1693226163227,1692253898984,1692253898987,1693226163236,9,3,6
12876,1693226163236,1692253898991,1692253898993,1693226163243,7,2,5
12877,1693226163243,1692253898998,1692253899001,1693226163251,8,3,5
12878,1693226163251,1692253899006,1692253899010,1693226163260,9,4,5
12879,1693226163260,1692253899015,1692253899018,1693226163267,7,3,4
12880,1693226163267,1692253899021,1692253899025,1693226163274,7,4,3
12881,1693226163274,1692253899029,1692253899033,1693226163282,8,4,4
12882,1693226163282,1692253899037,1692253899040,1693226163290,8,3,5
12883,1693226163290,1692253899045,1692253899048,1693226163297,7,3,4
12884,1693226163297,1692253899052,1692253899055,1693226163304,7,3,4
12885,1693226163304,1692253899059,1692253899062,1693226163311,7,3,4
12886,1693226163311,1692253899066,1692253899069,1693226163319,8,3,5
12887,1693226163319,1692253899073,1692253899076,1693226163325,6,3,3
12888,1693226163325,1692253899080,1692253899083,1693226163333,8,3,5
12889,1693226163333,1692253899088,1692253899091,1693226163340,7,3,4
12890,1693226163340,1692253899095,1692253899099,1693226163348,8,4,4
12891,1693226163348,1692253899102,1692253899105,1693226163354,6,3,3
12892,1693226163354,1692253899110,1692253899113,1693226163362,8,3,5
12893,1693226163362,1692253899116,1692253899120,1693226163369,7,4,3
12894,1693226163369,1692253899124,1692253899127,1693226163376,7,3,4
12895,1693226163376,1692253899131,1692253899135,1693226163384,8,4,4
12896,1693226163384,1692253899138,1692253899142,1693226163391,7,4,3
12897,1693226163391,1692253899147,1692253899150,1693226163399,8,3,5
12898,1693226163399,1692253899154,1692253899157,1693226163406,7,3,4
12899,1693226163406,1692253899161,1692253899164,1693226163414,8,3,5
12900,1693226163414,1692253899169,1692253899172,1693226163421,7,3,4
12901,1693226163421,1692253899176,1692253899179,1693226163428,7,3,4
12902,1693226163428,1692253899183,1692253899187,1693226163436,8,4,4
12903,1693226163436,1692253899191,1692253899194,1693226163443,7,3,4
12904,1693226163443,1692253899198,1692253899201,1693226163451,8,3,5
12905,1693226163451,1692253899206,1692253899209,1693226163459,8,3,5
12906,1693226163459,1692253899214,1692253899217,1693226163466,7,3,4
12907,1693226163466,1692253899221,1692253899224,1693226163474,8,3,5
12908,1693226163474,1692253899229,1692253899232,1693226163481,7,3,4
12909,1693226163482,1692253899236,1692253899240,1693226163489,7,4,3
12910,1693226163489,1692253899244,1692253899248,1693226163497,8,4,4
12911,1693226163497,1692253899252,1692253899255,1693226163504,7,3,4
12912,1693226163504,1692253899259,1692253899261,1693226163511,7,2,5
12913,1693226163511,1692253899266,1692253899269,1693226163518,7,3,4
12914,1693226163518,1692253899274,1692253899278,1693226163527,9,4,5
12915,1693226163527,1692253899291,1692253899296,1693226163545,18,5,13
12916,1693226163545,1692253899300,1692253899303,1693226163553,8,3,5
12917,1693226163553,1692253899308,1692253899311,1693226163560,7,3,4
12918,1693226163560,1692253899316,1692253899319,1693226163568,8,3,5
12919,1693226163568,1692253899323,1692253899327,1693226163576,8,4,4
12920,1693226163576,1692253899331,1692253899335,1693226163584,8,4,4
12921,1693226163584,1692253899339,1692253899342,1693226163591,7,3,4
12922,1693226163591,1692253899346,1692253899349,1693226163599,8,3,5
12923,1693226163599,1692253899354,1692253899358,1693226163608,9,4,5
12924,1693226163608,1692253899363,1692253899366,1693226163616,8,3,5
12925,1693226163616,1692253899371,1692253899374,1693226163623,7,3,4
12926,1693226163623,1692253899379,1692253899383,1693226163632,9,4,5
12927,1693226163632,1692253899387,1692253899390,1693226163640,8,3,5
12928,1693226163640,1692253899395,1692253899398,1693226163648,8,3,5
12929,1693226163648,1692253899404,1692253899408,1693226163657,9,4,5
12930,1693226163657,1692253899425,1692253899428,1693226163677,20,3,17
12931,1693226163677,1692253899432,1692253899435,1693226163684,7,3,4
12932,1693226163685,1692253899439,1692253899443,1693226163692,7,4,3
12933,1693226163692,1692253899447,1692253899451,1693226163701,9,4,5
12934,1693226163701,1692253899457,1692253899461,1693226163710,9,4,5
12935,1693226163710,1692253899465,1692253899468,1693226163717,7,3,4
12936,1693226163717,1692253899472,1692253899475,1693226163724,7,3,4
12937,1693226163724,1692253899480,1692253899483,1693226163733,9,3,6
12938,1693226163733,1692253899487,1692253899490,1693226163740,7,3,4
12939,1693226163740,1692253899501,1692253899504,1693226163754,14,3,11
12940,1693226163754,1692253899509,1692253899512,1693226163762,8,3,5
12941,1693226163762,1692253899517,1692253899520,1693226163769,7,3,4
12942,1693226163769,1692253899524,1692253899527,1693226163777,8,3,5
12943,1693226163777,1692253899532,1692253899535,1693226163785,8,3,5
12944,1693226163785,1692253899539,1692253899543,1693226163792,7,4,3
12945,1693226163792,1692253899547,1692253899551,1693226163800,8,4,4
12946,1693226163800,1692253899554,1692253899557,1693226163807,7,3,4
12947,1693226163807,1692253899562,1692253899566,1693226163815,8,4,4
12948,1693226163815,1692253899571,1692253899574,1693226163823,8,3,5
12949,1693226163823,1692253899578,1692253899582,1693226163831,8,4,4
12950,1693226163831,1692253899586,1692253899589,1693226163838,7,3,4
12951,1693226163838,1692253899592,1692253899595,1693226163845,7,3,4
12952,1693226163845,1692253899599,1692253899604,1693226163853,8,5,3
12953,1693226163853,1692253899608,1692253899611,1693226163860,7,3,4
12954,1693226163860,1692253899615,1692253899619,1693226163868,8,4,4
12955,1693226163868,1692253899623,1692253899626,1693226163876,8,3,5
12956,1693226163876,1692253899632,1692253899635,1693226163885,9,3,6
12957,1693226163885,1692253899640,1692253899643,1693226163892,7,3,4
12958,1693226163893,1692253899648,1692253899650,1693226163900,7,2,5
12959,1693226163900,1692253899655,1692253899658,1693226163908,8,3,5
12960,1693226163908,1692253899663,1692253899666,1693226163922,14,3,11
12961,1693226163922,1692253899677,1692253899681,1693226163930,8,4,4
12962,1693226163930,1692253899685,1692253899689,1693226163939,9,4,5
12963,1693226163939,1692253899694,1692253899697,1693226163947,8,3,5
12964,1693226163947,1692253899702,1692253899706,1693226163955,8,4,4
12965,1693226163955,1692253899710,1692253899713,1693226163963,8,3,5
12966,1693226163963,1692253899718,1692253899721,1693226163970,7,3,4
12967,1693226163970,1692253899725,1692253899728,1693226163978,8,3,5
12968,1693226163978,1692253899733,1692253899736,1693226163985,7,3,4
12969,1693226163985,1692253899741,1692253899744,1693226163993,8,3,5
12970,1693226163993,1692253899748,1692253899752,1693226164001,8,4,4
12971,1693226164001,1692253899756,1692253899759,1693226164008,7,3,4
12972,1693226164008,1692253899763,1692253899767,1693226164016,8,4,4
12973,1693226164016,1692253899770,1692253899774,1693226164023,7,4,3
12974,1693226164023,1692253899778,1692253899782,1693226164032,9,4,5
12975,1693226164032,1692253899787,1692253899790,1693226164039,7,3,4
12976,1693226164039,1692253899794,1692253899798,1693226164049,10,4,6
12977,1693226164049,1692253899804,1692253899807,1693226164057,8,3,5
12978,1693226164057,1692253899812,1692253899815,1693226164065,8,3,5
12979,1693226164065,1692253899820,1692253899824,1693226164073,8,4,4
12980,1693226164074,1692253899829,1692253899832,1693226164082,8,3,5
12981,1693226164082,1692253899837,1692253899841,1693226164091,9,4,5
12982,1693226164091,1692253899846,1692253899849,1693226164099,8,3,5
12983,1693226164099,1692253899854,1692253899856,1693226164106,7,2,5
12984,1693226164106,1692253899861,1692253899864,1693226164114,8,3,5
12985,1693226164114,1692253899869,1692253899873,1693226164122,8,4,4
12986,1693226164122,1692253899878,1692253899883,1693226164132,10,5,5
12987,1693226164132,1692253899887,1692253899890,1693226164139,7,3,4
12988,1693226164139,1692253899894,1692253899899,1693226164149,10,5,5
12989,1693226164149,1692253899917,1692253899920,1693226164169,20,3,17
12990,1693226164169,1692253899924,1692253899927,1693226164177,8,3,5
12991,1693226164177,1692253899932,1692253899936,1693226164185,8,4,4
12992,1693226164185,1692253899941,1692253899944,1693226164193,8,3,5
12993,1693226164193,1692253899949,1692253899952,1693226164201,8,3,5
12994,1693226164201,1692253899957,1692253899960,1693226164209,8,3,5
12995,1693226164209,1692253899964,1692253899968,1693226164217,8,4,4
12996,1693226164217,1692253899972,1692253899975,1693226164224,7,3,4
12997,1693226164225,1692253899984,1692253899988,1693226164237,12,4,8
12998,1693226164237,1692253899993,1692253899995,1693226164245,8,2,6
12999,1693226164245,1692253900008,1692253900011,1693226164261,16,3,13
13000,1693226164261,1692253900019,1692253900022,1693226164271,10,3,7
13001,1693226164271,1692253900027,1692253900030,1693226164279,8,3,5
13002,1693226164279,1692253900035,1692253900039,1693226164288,9,4,5
13003,1693226164288,1692253900043,1692253900046,1693226164296,8,3,5
13004,1693226164296,1692253900051,1692253900054,1693226164303,7,3,4
13005,1693226164303,1692253900058,1692253900060,1693226164310,7,2,5
13006,1693226164310,1692253900065,1692253900068,1693226164318,8,3,5
13007,1693226164318,1692253900075,1692253900079,1693226164328,10,4,6
13008,1693226164328,1692253900083,1692253900087,1693226164336,8,4,4
13009,1693226164336,1692253900090,1692253900093,1693226164342,6,3,3
13010,1693226164342,1692253900097,1692253900100,1693226164349,7,3,4
13011,1693226164349,1692253900105,1692253900108,1693226164358,9,3,6
13012,1693226164358,1692253900113,1692253900116,1693226164365,7,3,4
13013,1693226164365,1692253900121,1692253900124,1693226164373,8,3,5
13014,1693226164373,1692253900128,1692253900131,1693226164381,8,3,5
13015,1693226164381,1692253900135,1692253900141,1693226164390,9,6,3
13016,1693226164390,1692253900145,1692253900149,1693226164398,8,4,4
13017,1693226164398,1692253900153,1692253900156,1693226164406,8,3,5
13018,1693226164406,1692253900161,1692253900164,1693226164414,8,3,5
13019,1693226164414,1692253900169,1692253900172,1693226164421,7,3,4
13020,1693226164421,1692253900175,1692253900178,1693226164427,6,3,3
13021,1693226164427,1692253900182,1692253900185,1693226164435,8,3,5
13022,1693226164435,1692253900189,1692253900192,1693226164441,6,3,3
13023,1693226164441,1692253900196,1692253900200,1693226164450,9,4,5
13024,1693226164450,1692253900205,1692253900208,1693226164459,9,3,6
13025,1693226164459,1692253900214,1692253900217,1693226164467,8,3,5
13026,1693226164467,1692253900221,1692253900225,1693226164475,8,4,4
13027,1693226164475,1692253900230,1692253900233,1693226164482,7,3,4
13028,1693226164482,1692253900238,1692253900241,1693226164491,9,3,6
13029,1693226164491,1692253900246,1692253900250,1693226164499,8,4,4
13030,1693226164499,1692253900254,1692253900256,1693226164505,6,2,4
13031,1693226164505,1692253900260,1692253900264,1693226164513,8,4,4
13032,1693226164513,1692253900269,1692253900272,1693226164521,8,3,5
13033,1693226164521,1692253900277,1692253900280,1693226164529,8,3,5
13034,1693226164529,1692253900284,1692253900288,1693226164537,8,4,4
13035,1693226164537,1692253900292,1692253900295,1693226164545,8,3,5
13036,1693226164545,1692253900299,1692253900302,1693226164552,7,3,4
13037,1693226164552,1692253900307,1692253900310,1693226164562,10,3,7
13038,1693226164562,1692253900317,1692253900320,1693226164569,7,3,4
13039,1693226164570,1692253900325,1692253900329,1693226164578,8,4,4
13040,1693226164578,1692253900333,1692253900336,1693226164585,7,3,4
13041,1693226164585,1692253900339,1692253900343,1693226164592,7,4,3
13042,1693226164592,1692253900347,1692253900351,1693226164600,8,4,4
13043,1693226164600,1692253900355,1692253900359,1693226164608,8,4,4
13044,1693226164608,1692253900363,1692253900367,1693226164617,9,4,5
13045,1693226164617,1692253900372,1692253900375,1693226164624,7,3,4
13046,1693226164624,1692253900379,1692253900383,1693226164632,8,4,4
13047,1693226164632,1692253900387,1692253900390,1693226164640,8,3,5
13048,1693226164640,1692253900395,1692253900399,1693226164648,8,4,4
13049,1693226164648,1692253900407,1692253900411,1693226164660,12,4,8
13050,1693226164660,1692253900417,1692253900421,1693226164670,10,4,6
13051,1693226164670,1692253900426,1692253900429,1693226164680,10,3,7
13052,1693226164680,1692253900435,1692253900439,1693226164689,9,4,5
13053,1693226164689,1692253900444,1692253900447,1693226164696,7,3,4
13054,1693226164696,1692253900452,1692253900455,1693226164704,8,3,5
13055,1693226164704,1692253900459,1692253900462,1693226164712,8,3,5
13056,1693226164712,1692253900467,1692253900470,1693226164719,7,3,4
13057,1693226164719,1692253900475,1692253900478,1693226164727,8,3,5
13058,1693226164727,1692253900483,1692253900487,1693226164736,9,4,5
13059,1693226164736,1692253900491,1692253900494,1693226164744,8,3,5
13060,1693226164744,1692253900498,1692253900502,1693226164752,8,4,4
13061,1693226164752,1692253900507,1692253900512,1693226164762,10,5,5
13062,1693226164762,1692253900519,1692253900523,1693226164772,10,4,6
13063,1693226164772,1692253900528,1692253900531,1693226164783,11,3,8
13064,1693226164783,1692253900538,1692253900541,1693226164791,8,3,5
13065,1693226164791,1692253900547,1692253900550,1693226164799,8,3,5
13066,1693226164799,1692253900555,1692253900558,1693226164807,8,3,5
13067,1693226164807,1692253900562,1692253900566,1693226164815,8,4,4
13068,1693226164815,1692253900570,1692253900573,1693226164823,8,3,5
13069,1693226164823,1692253900578,1692253900581,1693226164830,7,3,4
13070,1693226164830,1692253900585,1692253900588,1693226164838,8,3,5
13071,1693226164838,1692253900593,1692253900596,1693226164845,7,3,4
13072,1693226164845,1692253900601,1692253900604,1693226164853,8,3,5
13073,1693226164853,1692253900608,1692253900612,1693226164861,8,4,4
13074,1693226164861,1692253900617,1692253900620,1693226164869,8,3,5
13075,1693226164869,1692253900625,1692253900628,1693226164877,8,3,5
13076,1693226164877,1692253900633,1692253900636,1693226164885,8,3,5
13077,1693226164885,1692253900640,1692253900644,1693226164894,9,4,5
13078,1693226164894,1692253900649,1692253900652,1693226164901,7,3,4
13079,1693226164901,1692253900656,1692253900660,1693226164909,8,4,4
13080,1693226164909,1692253900664,1692253900667,1693226164916,7,3,4
13081,1693226164916,1692253900671,1692253900673,1693226164922,6,2,4
13082,1693226164922,1692253900678,1692253900680,1693226164930,8,2,6
13083,1693226164930,1692253900685,1692253900688,1693226164937,7,3,4
13084,1693226164937,1692253900692,1692253900695,1693226164945,8,3,5
13085,1693226164945,1692253900699,1692253900703,1693226164952,7,4,3
13086,1693226164952,1692253900708,1692253900711,1693226164961,9,3,6
13087,1693226164961,1692253900716,1692253900719,1693226164971,10,3,7
13088,1693226164971,1692253900726,1692253900729,1693226164978,7,3,4
13089,1693226164978,1692253900733,1692253900737,1693226164986,8,4,4
13090,1693226164986,1692253900741,1692253900744,1693226164994,8,3,5
13091,1693226164994,1692253900749,1692253900752,1693226165002,8,3,5
13092,1693226165002,1692253900758,1692253900762,1693226165011,9,4,5
13093,1693226165011,1692253900766,1692253900769,1693226165019,8,3,5
13094,1693226165019,1692253900774,1692253900777,1693226165026,7,3,4
13095,1693226165026,1692253900789,1692253900792,1693226165042,16,3,13
13096,1693226165042,1692253900797,1692253900801,1693226165050,8,4,4
13097,1693226165050,1692253900806,1692253900811,1693226165060,10,5,5
13098,1693226165060,1692253900816,1692253900819,1693226165068,8,3,5
13099,1693226165068,1692253900823,1692253900827,1693226165076,8,4,4
13100,1693226165076,1692253900831,1692253900835,1693226165084,8,4,4
13101,1693226165084,1692253900839,1692253900842,1693226165092,8,3,5
13102,1693226165092,1692253900847,1692253900850,1693226165100,8,3,5
13103,1693226165100,1692253900855,1692253900858,1693226165108,8,3,5
13104,1693226165108,1692253900863,1692253900866,1693226165115,7,3,4
13105,1693226165115,1692253900870,1692253900873,1693226165123,8,3,5
13106,1693226165123,1692253900878,1692253900881,1693226165131,8,3,5
13107,1693226165131,1692253900886,1692253900889,1693226165139,8,3,5
13108,1693226165139,1692253900894,1692253900897,1693226165147,8,3,5
13109,1693226165147,1692253900902,1692253900905,1693226165154,7,3,4
13110,1693226165154,1692253900909,1692253900912,1693226165161,7,3,4
13111,1693226165161,1692253900917,1692253900920,1693226165169,8,3,5
13112,1693226165169,1692253900925,1692253900929,1693226165178,9,4,5
13113,1693226165178,1692253900933,1692253900937,1693226165186,8,4,4
13114,1693226165186,1692253900941,1692253900945,1693226165194,8,4,4
13115,1693226165194,1692253900949,1692253900952,1693226165201,7,3,4
13116,1693226165201,1692253900956,1692253900959,1693226165208,7,3,4
13117,1693226165208,1692253900963,1692253900966,1693226165216,8,3,5
13118,1693226165216,1692253900971,1692253900974,1693226165224,8,3,5
13119,1693226165224,1692253900978,1692253900981,1693226165231,7,3,4
13120,1693226165231,1692253900986,1692253900989,1693226165239,8,3,5
13121,1693226165239,1692253900994,1692253900998,1693226165247,8,4,4
13122,1693226165247,1692253901002,1692253901005,1693226165255,8,3,5
13123,1693226165255,1692253901010,1692253901013,1693226165262,7,3,4
13124,1693226165262,1692253901017,1692253901020,1693226165270,8,3,5
13125,1693226165270,1692253901026,1692253901029,1693226165279,9,3,6
13126,1693226165279,1692253901033,1692253901036,1693226165285,6,3,3
13127,1693226165285,1692253901040,1692253901043,1693226165295,10,3,7
13128,1693226165295,1692253901050,1692253901053,1693226165303,8,3,5
13129,1693226165303,1692253901058,1692253901061,1693226165310,7,3,4
13130,1693226165310,1692253901066,1692253901069,1693226165318,8,3,5
13131,1693226165318,1692253901073,1692253901076,1693226165325,7,3,4
13132,1693226165325,1692253901080,1692253901083,1693226165332,7,3,4
13133,1693226165332,1692253901087,1692253901090,1693226165339,7,3,4
13134,1693226165339,1692253901094,1692253901099,1693226165348,9,5,4
13135,1693226165348,1692253901103,1692253901106,1693226165355,7,3,4
13136,1693226165355,1692253901110,1692253901114,1693226165363,8,4,4
13137,1693226165363,1692253901118,1692253901121,1693226165370,7,3,4
13138,1693226165370,1692253901125,1692253901128,1693226165377,7,3,4
13139,1693226165377,1692253901134,1692253901137,1693226165387,10,3,7
13140,1693226165387,1692253901142,1692253901145,1693226165395,8,3,5
13141,1693226165395,1692253901150,1692253901154,1693226165403,8,4,4
13142,1693226165403,1692253901158,1692253901161,1693226165411,8,3,5
13143,1693226165411,1692253901167,1692253901170,1693226165419,8,3,5
13144,1693226165419,1692253901174,1692253901177,1693226165426,7,3,4
13145,1693226165426,1692253901182,1692253901184,1693226165434,8,2,6
13146,1693226165434,1692253901189,1692253901193,1693226165442,8,4,4
13147,1693226165442,1692253901197,1692253901200,1693226165450,8,3,5
13148,1693226165450,1692253901204,1692253901207,1693226165456,6,3,3
13149,1693226165456,1692253901211,1692253901214,1693226165464,8,3,5
13150,1693226165464,1692253901219,1692253901222,1693226165472,8,3,5
13151,1693226165472,1692253901227,1692253901230,1693226165479,7,3,4
13152,1693226165479,1692253901236,1692253901240,1693226165489,10,4,6
13153,1693226165489,1692253901244,1692253901247,1693226165497,8,3,5
13154,1693226165497,1692253901252,1692253901256,1693226165505,8,4,4
13155,1693226165505,1692253901266,1692253901269,1693226165519,14,3,11
13156,1693226165519,1692253901274,1692253901277,1693226165527,8,3,5
13157,1693226165527,1692253901289,1692253901292,1693226165542,15,3,12
13158,1693226165542,1692253901297,1692253901300,1693226165549,7,3,4
13159,1693226165549,1692253901304,1692253901308,1693226165557,8,4,4
13160,1693226165558,1692253901312,1692253901315,1693226165564,6,3,3
13161,1693226165564,1692253901320,1692253901324,1693226165573,9,4,5
13162,1693226165573,1692253901328,1692253901331,1693226165580,7,3,4
13163,1693226165580,1692253901335,1692253901338,1693226165587,7,3,4
13164,1693226165587,1692253901342,1692253901346,1693226165595,8,4,4
13165,1693226165595,1692253901350,1692253901354,1693226165603,8,4,4
13166,1693226165603,1692253901357,1692253901360,1693226165610,7,3,4
13167,1693226165610,1692253901364,1692253901368,1693226165617,7,4,3
13168,1693226165617,1692253901371,1692253901375,1693226165625,8,4,4
13169,1693226165625,1692253901380,1692253901383,1693226165632,7,3,4
13170,1693226165633,1692253901387,1692253901391,1693226165640,7,4,3
13171,1693226165640,1692253901395,1692253901399,1693226165649,9,4,5
13172,1693226165649,1692253901404,1692253901407,1693226165660,11,3,8
13173,1693226165660,1692253901415,1692253901418,1693226165668,8,3,5
13174,1693226165668,1692253901423,1692253901427,1693226165676,8,4,4
13175,1693226165676,1692253901431,1692253901435,1693226165684,8,4,4
13176,1693226165684,1692253901441,1692253901444,1693226165694,10,3,7
13177,1693226165694,1692253901449,1692253901453,1693226165702,8,4,4
13178,1693226165702,1692253901457,1692253901461,1693226165711,9,4,5
13179,1693226165711,1692253901467,1692253901471,1693226165721,10,4,6
13180,1693226165721,1692253901477,1692253901480,1693226165730,9,3,6
13181,1693226165730,1692253901485,1692253901488,1693226165738,8,3,5
13182,1693226165738,1692253901494,1692253901497,1693226165747,9,3,6
13183,1693226165747,1692253901502,1692253901506,1693226165755,8,4,4
13184,1693226165755,1692253901511,1692253901514,1693226165763,8,3,5
13185,1693226165763,1692253901518,1692253901522,1693226165772,9,4,5
13186,1693226165772,1692253901527,1692253901530,1693226165780,8,3,5
13187,1693226165780,1692253901535,1692253901538,1693226165790,10,3,7
13188,1693226165790,1692253901546,1692253901550,1693226165799,9,4,5
13189,1693226165799,1692253901555,1692253901558,1693226165807,8,3,5
13190,1693226165807,1692253901561,1692253901565,1693226165814,7,4,3
13191,1693226165814,1692253901571,1692253901574,1693226165824,10,3,7
13192,1693226165824,1692253901578,1692253901582,1693226165831,7,4,3
13193,1693226165831,1692253901587,1692253901590,1693226165839,8,3,5
13194,1693226165839,1692253901594,1692253901597,1693226165847,8,3,5
13195,1693226165847,1692253901601,1692253901604,1693226165853,6,3,3
13196,1693226165853,1692253901609,1692253901612,1693226165862,9,3,6
13197,1693226165862,1692253901617,1692253901620,1693226165870,8,3,5
13198,1693226165870,1692253901625,1692253901628,1693226165877,7,3,4
13199,1693226165878,1692253901633,1692253901635,1693226165885,7,2,5
13200,1693226165885,1692253901640,1692253901643,1693226165893,8,3,5
13201,1693226165893,1692253901647,1692253901651,1693226165900,7,4,3
13202,1693226165900,1692253901655,1692253901658,1693226165908,8,3,5
13203,1693226165908,1692253901663,1692253901666,1693226165916,8,3,5
13204,1693226165916,1692253901671,1692253901675,1693226165925,9,4,5
13205,1693226165925,1692253901680,1692253901683,1693226165932,7,3,4
13206,1693226165932,1692253901687,1692253901691,1693226165940,8,4,4
13207,1693226165940,1692253901695,1692253901698,1693226165948,8,3,5
13208,1693226165948,1692253901703,1692253901708,1693226165957,9,5,4
13209,1693226165957,1692253901712,1692253901715,1693226165964,7,3,4
13210,1693226165964,1692253901720,1692253901724,1693226165974,10,4,6
13211,1693226165974,1692253901728,1692253901732,1693226165981,7,4,3
13212,1693226165981,1692253901736,1692253901739,1693226165988,7,3,4
13213,1693226165988,1692253901743,1692253901747,1693226165996,8,4,4
13214,1693226165996,1692253901751,1692253901754,1693226166003,7,3,4
13215,1693226166003,1692253901758,1692253901762,1693226166011,8,4,4
13216,1693226166011,1692253901766,1692253901769,1693226166018,7,3,4
13217,1693226166018,1692253901773,1692253901777,1693226166026,8,4,4
13218,1693226166026,1692253901781,1692253901785,1693226166034,8,4,4
13219,1693226166034,1692253901789,1692253901793,1693226166042,8,4,4
13220,1693226166042,1692253901797,1692253901801,1693226166050,8,4,4
13221,1693226166050,1692253901804,1692253901807,1693226166057,7,3,4
13222,1693226166057,1692253901812,1692253901815,1693226166064,7,3,4
13223,1693226166064,1692253901819,1692253901823,1693226166072,8,4,4
13224,1693226166072,1692253901828,1692253901831,1693226166080,8,3,5
13225,1693226166080,1692253901836,1692253901839,1693226166088,8,3,5
13226,1693226166088,1692253901843,1692253901846,1693226166098,10,3,7
13227,1693226166098,1692253901853,1692253901856,1693226166105,7,3,4
13228,1693226166106,1692253901861,1692253901864,1693226166114,8,3,5
13229,1693226166114,1692253901869,1692253901873,1693226166122,8,4,4
13230,1693226166122,1692253901878,1692253901881,1693226166130,8,3,5
13231,1693226166130,1692253901885,1692253901888,1693226166138,8,3,5
13232,1693226166138,1692253901893,1692253901897,1693226166146,8,4,4
13233,1693226166146,1692253901901,1692253901904,1693226166153,7,3,4
13234,1693226166153,1692253901909,1692253901912,1693226166161,8,3,5
13235,1693226166161,1692253901916,1692253901919,1693226166168,7,3,4
13236,1693226166169,1692253901924,1692253901927,1693226166176,7,3,4
13237,1693226166176,1692253901931,1692253901934,1693226166183,7,3,4
13238,1693226166183,1692253901938,1692253901940,1693226166190,7,2,5
13239,1693226166190,1692253901945,1692253901949,1693226166201,11,4,7
13240,1693226166201,1692253901956,1692253901959,1693226166209,8,3,5
13241,1693226166209,1692253901964,1692253901967,1693226166217,8,3,5
13242,1693226166217,1692253901971,1692253901975,1693226166224,7,4,3
13243,1693226166224,1692253901979,1692253901983,1693226166232,8,4,4
13244,1693226166232,1692253901987,1692253901991,1693226166240,8,4,4
13245,1693226166241,1692253901996,1692253902001,1693226166250,9,5,4
13246,1693226166250,1692253902006,1692253902009,1693226166258,8,3,5
13247,1693226166259,1692253902013,1692253902016,1693226166266,7,3,4
13248,1693226166266,1692253902021,1692253902024,1693226166273,7,3,4
13249,1693226166273,1692253902028,1692253902031,1693226166281,8,3,5
13250,1693226166281,1692253902036,1692253902039,1693226166289,8,3,5
13251,1693226166289,1692253902044,1692253902047,1693226166297,8,3,5
13252,1693226166297,1692253902052,1692253902055,1693226166304,7,3,4
13253,1693226166304,1692253902059,1692253902062,1693226166311,7,3,4
13254,1693226166311,1692253902067,1692253902069,1693226166319,8,2,6
13255,1693226166319,1692253902074,1692253902076,1693226166326,7,2,5
13256,1693226166326,1692253902081,1692253902084,1693226166335,9,3,6
13257,1693226166335,1692253902090,1692253902094,1693226166343,8,4,4
13258,1693226166343,1692253902098,1692253902101,1693226166350,7,3,4
13259,1693226166350,1692253902105,1692253902108,1693226166358,8,3,5
13260,1693226166358,1692253902113,1692253902116,1693226166366,8,3,5
13261,1693226166366,1692253902124,1692253902127,1693226166376,10,3,7
13262,1693226166376,1692253902131,1692253902135,1693226166384,8,4,4
13263,1693226166384,1692253902139,1692253902142,1693226166392,8,3,5
13264,1693226166392,1692253902147,1692253902150,1693226166400,8,3,5
13265,1693226166400,1692253902158,1692253902161,1693226166410,10,3,7
13266,1693226166410,1692253902166,1692253902169,1693226166418,8,3,5
13267,1693226166418,1692253902173,1692253902177,1693226166426,8,4,4
13268,1693226166426,1692253902181,1692253902184,1693226166433,7,3,4
13269,1693226166433,1692253902188,1692253902191,1693226166440,7,3,4
13270,1693226166440,1692253902195,1692253902199,1693226166448,8,4,4
13271,1693226166448,1692253902203,1692253902206,1693226166456,8,3,5
13272,1693226166456,1692253902211,1692253902213,1693226166463,7,2,5
13273,1693226166463,1692253902217,1692253902220,1693226166469,6,3,3
13274,1693226166469,1692253902224,1692253902228,1693226166477,8,4,4
13275,1693226166477,1692253902233,1692253902236,1693226166485,8,3,5
13276,1693226166485,1692253902240,1692253902243,1693226166492,7,3,4
13277,1693226166492,1692253902248,1692253902250,1693226166500,8,2,6
13278,1693226166500,1692253902254,1692253902257,1693226166507,7,3,4
13279,1693226166507,1692253902262,1692253902266,1693226166516,9,4,5
13280,1693226166516,1692253902271,1692253902274,1693226166524,8,3,5
13281,1693226166524,1692253902278,1692253902282,1693226166531,7,4,3
13282,1693226166531,1692253902287,1692253902291,1693226166541,10,4,6
13283,1693226166541,1692253902295,1692253902298,1693226166547,6,3,3
13284,1693226166547,1692253902303,1692253902305,1693226166555,8,2,6
13285,1693226166555,1692253902310,1692253902313,1693226166562,7,3,4
13286,1693226166562,1692253902317,1692253902320,1693226166569,7,3,4
13287,1693226166569,1692253902324,1692253902328,1693226166577,8,4,4
13288,1693226166577,1692253902332,1692253902334,1693226166584,7,2,5
13289,1693226166584,1692253902338,1692253902341,1693226166590,6,3,3
13290,1693226166590,1692253902345,1692253902348,1693226166598,8,3,5
13291,1693226166598,1692253902353,1692253902356,1693226166606,8,3,5
13292,1693226166606,1692253902363,1692253902366,1693226166615,9,3,6
13293,1693226166615,1692253902370,1692253902373,1693226166622,7,3,4
13294,1693226166622,1692253902378,1692253902381,1693226166630,8,3,5
13295,1693226166630,1692253902385,1692253902389,1693226166638,8,4,4
13296,1693226166638,1692253902393,1692253902396,1693226166645,7,3,4
13297,1693226166645,1692253902400,1692253902403,1693226166652,7,3,4
13298,1693226166653,1692253902408,1692253902410,1693226166660,7,2,5
13299,1693226166660,1692253902419,1692253902422,1693226166673,13,3,10
13300,1693226166673,1692253902427,1692253902431,1693226166680,7,4,3
13301,1693226166680,1692253902435,1692253902437,1693226166686,6,2,4
13302,1693226166686,1692253902442,1692253902445,1693226166694,8,3,5
13303,1693226166694,1692253902450,1692253902453,1693226166702,8,3,5
13304,1693226166702,1692253902457,1692253902460,1693226166712,10,3,7
13305,1693226166712,1692253902468,1692253902472,1693226166722,10,4,6
13306,1693226166722,1692253902477,1692253902480,1693226166729,7,3,4
13307,1693226166729,1692253902484,1692253902488,1693226166737,8,4,4
13308,1693226166737,1692253902492,1692253902495,1693226166744,7,3,4
13309,1693226166744,1692253902499,1692253902503,1693226166752,8,4,4
13310,1693226166752,1692253902506,1692253902510,1693226166759,7,4,3
13311,1693226166759,1692253902514,1692253902517,1693226166767,8,3,5
13312,1693226166767,1692253902522,1692253902525,1693226166775,8,3,5
13313,1693226166775,1692253902530,1692253902534,1693226166783,8,4,4
13314,1693226166783,1692253902548,1692253902552,1693226166801,18,4,14
13315,1693226166801,1692253902556,1692253902559,1693226166808,7,3,4
13316,1693226166809,1692253902568,1692253902571,1693226166820,11,3,8
13317,1693226166820,1692253902576,1692253902579,1693226166828,8,3,5
13318,1693226166828,1692253902583,1692253902586,1693226166836,8,3,5
13319,1693226166836,1692253902590,1692253902595,1693226166845,9,5,4
13320,1693226166845,1692253902600,1692253902603,1693226166853,8,3,5
13321,1693226166853,1692253902608,1692253902612,1693226166861,8,4,4
13322,1693226166861,1692253902616,1692253902620,1693226166869,8,4,4
13323,1693226166869,1692253902624,1692253902629,1693226166879,10,5,5
13324,1693226166879,1692253902634,1692253902638,1693226166887,8,4,4
13325,1693226166887,1692253902643,1692253902646,1693226166895,8,3,5
13326,1693226166895,1692253902650,1692253902653,1693226166903,8,3,5
13327,1693226166903,1692253902658,1692253902661,1693226166910,7,3,4
13328,1693226166910,1692253902666,1692253902669,1693226166918,8,3,5
13329,1693226166918,1692253902672,1692253902675,1693226166925,7,3,4
13330,1693226166925,1692253902680,1692253902684,1693226166933,8,4,4
13331,1693226166933,1692253902688,1692253902691,1693226166940,7,3,4
13332,1693226166940,1692253902695,1692253902698,1693226166947,7,3,4
13333,1693226166947,1692253902702,1692253902705,1693226166955,8,3,5
13334,1693226166955,1692253902710,1692253902713,1693226166962,7,3,4
13335,1693226166962,1692253902717,1692253902721,1693226166970,8,4,4
13336,1693226166970,1692253902725,1692253902728,1693226166977,7,3,4
13337,1693226166977,1692253902733,1692253902736,1693226166985,8,3,5
13338,1693226166985,1692253902740,1692253902743,1693226166992,7,3,4
13339,1693226166993,1692253902748,1692253902751,1693226167001,8,3,5
13340,1693226167001,1692253902756,1692253902759,1693226167008,7,3,4
13341,1693226167008,1692253902763,1692253902767,1693226167016,8,4,4
13342,1693226167016,1692253902772,1692253902775,1693226167025,9,3,6
13343,1693226167025,1692253902780,1692253902783,1693226167032,7,3,4
13344,1693226167032,1692253902788,1692253902792,1693226167041,9,4,5
13345,1693226167041,1692253902796,1692253902800,1693226167049,8,4,4
13346,1693226167049,1692253902804,1692253902808,1693226167057,8,4,4
13347,1693226167057,1692253902813,1692253902816,1693226167065,8,3,5
13348,1693226167065,1692253902820,1692253902824,1693226167073,8,4,4
13349,1693226167073,1692253902828,1692253902831,1693226167081,8,3,5
13350,1693226167081,1692253902836,1692253902839,1693226167089,8,3,5
13351,1693226167089,1692253902844,1692253902847,1693226167096,7,3,4
13352,1693226167096,1692253902851,1692253902855,1693226167104,8,4,4
13353,1693226167104,1692253902860,1692253902864,1693226167113,9,4,5
13354,1693226167113,1692253902868,1692253902871,1693226167122,9,3,6
13355,1693226167122,1692253902876,1692253902882,1693226167132,10,6,4
13356,1693226167132,1692253902887,1692253902890,1693226167140,8,3,5
13357,1693226167140,1692253902895,1692253902898,1693226167147,7,3,4
13358,1693226167148,1692253902903,1692253902906,1693226167156,8,3,5
13359,1693226167156,1692253902910,1692253902914,1693226167163,7,4,3
13360,1693226167163,1692253902918,1692253902922,1693226167171,8,4,4
13361,1693226167171,1692253902926,1692253902929,1693226167179,8,3,5
13362,1693226167179,1692253902934,1692253902937,1693226167186,7,3,4
13363,1693226167186,1692253902943,1692253902946,1693226167195,9,3,6
13364,1693226167195,1692253902950,1692253902954,1693226167203,8,4,4
13365,1693226167203,1692253902958,1692253902961,1693226167210,7,3,4
13366,1693226167210,1692253902966,1692253902968,1693226167218,8,2,6
13367,1693226167218,1692253902973,1692253902976,1693226167225,7,3,4
13368,1693226167225,1692253902980,1692253902983,1693226167233,8,3,5
13369,1693226167233,1692253902987,1692253902991,1693226167240,7,4,3
13370,1693226167240,1692253902995,1692253902998,1693226167248,8,3,5
13371,1693226167248,1692253903003,1692253903007,1693226167257,9,4,5
13372,1693226167257,1692253903012,1692253903016,1693226167265,8,4,4
13373,1693226167265,1692253903020,1692253903023,1693226167272,7,3,4
13374,1693226167273,1692253903028,1692253903031,1693226167280,7,3,4
13375,1693226167280,1692253903035,1692253903038,1693226167288,8,3,5
13376,1693226167288,1692253903050,1692253903054,1693226167304,16,4,12
13377,1693226167304,1692253903058,1692253903061,1693226167310,6,3,3
13378,1693226167310,1692253903066,1692253903068,1693226167318,8,2,6
13379,1693226167318,1692253903072,1692253903075,1693226167326,8,3,5
13380,1693226167326,1692253903082,1692253903084,1693226167334,8,2,6
13381,1693226167334,1692253903088,1692253903093,1693226167343,9,5,4
13382,1693226167343,1692253903098,1692253903101,1693226167350,7,3,4
13383,1693226167350,1692253903106,1692253903109,1693226167358,8,3,5
13384,1693226167358,1692253903113,1692253903116,1693226167365,7,3,4
13385,1693226167365,1692253903121,1692253903124,1693226167374,9,3,6
13386,1693226167374,1692253903129,1692253903133,1693226167382,8,4,4
13387,1693226167382,1692253903137,1692253903141,1693226167390,8,4,4
13388,1693226167391,1692253903146,1692253903149,1693226167398,7,3,4
13389,1693226167398,1692253903152,1692253903156,1693226167405,7,4,3
13390,1693226167405,1692253903160,1692253903164,1693226167413,8,4,4
13391,1693226167413,1692253903168,1692253903172,1693226167421,8,4,4
13392,1693226167421,1692253903176,1692253903179,1693226167428,7,3,4
13393,1693226167428,1692253903183,1692253903186,1693226167435,7,3,4
13394,1693226167435,1692253903190,1692253903194,1693226167444,9,4,5
13395,1693226167444,1692253903199,1692253903203,1693226167453,9,4,5
13396,1693226167453,1692253903208,1692253903211,1693226167461,8,3,5
13397,1693226167461,1692253903216,1692253903219,1693226167468,7,3,4
13398,1693226167468,1692253903223,1692253903226,1693226167475,7,3,4
13399,1693226167475,1692253903230,1692253903233,1693226167482,7,3,4
13400,1693226167482,1692253903237,1692253903241,1693226167490,8,4,4
13401,1693226167490,1692253903245,1692253903249,1693226167499,9,4,5
13402,1693226167499,1692253903254,1692253903257,1693226167506,7,3,4
13403,1693226167507,1692253903262,1692253903265,1693226167520,13,3,10
13404,1693226167520,1692253903275,1692253903278,1693226167528,8,3,5
13405,1693226167528,1692253903284,1692253903288,1693226167537,9,4,5
13406,1693226167537,1692253903292,1692253903296,1693226167546,9,4,5
13407,1693226167547,1692253903302,1692253903305,1693226167555,8,3,5
13408,1693226167555,1692253903310,1692253903313,1693226167562,7,3,4
13409,1693226167562,1692253903317,1692253903320,1693226167569,7,3,4
13410,1693226167569,1692253903324,1692253903327,1693226167576,7,3,4
13411,1693226167576,1692253903331,1692253903334,1693226167584,8,3,5
13412,1693226167584,1692253903339,1692253903342,1693226167591,7,3,4
13413,1693226167591,1692253903346,1692253903350,1693226167599,8,4,4
13414,1693226167599,1692253903353,1692253903356,1693226167606,7,3,4
13415,1693226167606,1692253903361,1692253903365,1693226167614,8,4,4
13416,1693226167614,1692253903370,1692253903373,1693226167622,8,3,5
13417,1693226167622,1692253903377,1692253903380,1693226167630,8,3,5
13418,1693226167630,1692253903387,1692253903390,1693226167639,9,3,6
13419,1693226167639,1692253903394,1692253903397,1693226167647,8,3,5
13420,1693226167647,1692253903403,1692253903406,1693226167656,9,3,6
13421,1693226167656,1692253903411,1692253903414,1693226167663,7,3,4
13422,1693226167663,1692253903419,1692253903421,1693226167672,9,2,7
13423,1693226167672,1692253903426,1692253903429,1693226167679,7,3,4
13424,1693226167679,1692253903434,1692253903437,1693226167686,7,3,4
13425,1693226167686,1692253903441,1692253903444,1693226167693,7,3,4
13426,1693226167693,1692253903449,1692253903452,1693226167701,8,3,5
13427,1693226167701,1692253903456,1692253903460,1693226167709,8,4,4
13428,1693226167709,1692253903464,1692253903470,1693226167719,10,6,4
13429,1693226167719,1692253903474,1692253903477,1693226167726,7,3,4
13430,1693226167726,1692253903481,1692253903485,1693226167736,10,4,6
13431,1693226167736,1692253903491,1692253903494,1693226167743,7,3,4
13432,1693226167743,1692253903498,1692253903502,1693226167751,8,4,4
13433,1693226167751,1692253903507,1692253903510,1693226167759,8,3,5
13434,1693226167759,1692253903514,1692253903516,1693226167765,6,2,4
13435,1693226167765,1692253903521,1692253903524,1693226167773,8,3,5
13436,1693226167773,1692253903528,1692253903531,1693226167780,7,3,4
13437,1693226167780,1692253903535,1692253903538,1693226167787,7,3,4
13438,1693226167787,1692253903542,1692253903545,1693226167794,7,3,4
13439,1693226167794,1692253903549,1692253903552,1693226167802,8,3,5
13440,1693226167802,1692253903557,1692253903560,1693226167809,7,3,4
13441,1693226167809,1692253903564,1692253903568,1693226167817,8,4,4
13442,1693226167817,1692253903572,1692253903575,1693226167825,8,3,5
13443,1693226167825,1692253903579,1692253903583,1693226167832,7,4,3
13444,1693226167832,1692253903587,1692253903591,1693226167840,8,4,4
13445,1693226167840,1692253903595,1692253903599,1693226167848,8,4,4
13446,1693226167848,1692253903603,1692253903605,1693226167854,6,2,4
13447,1693226167854,1692253903610,1692253903613,1693226167863,9,3,6
13448,1693226167863,1692253903618,1692253903620,1693226167870,7,2,5
13449,1693226167870,1692253903626,1692253903630,1693226167879,9,4,5
13450,1693226167879,1692253903634,1692253903637,1693226167886,7,3,4
13451,1693226167886,1692253903641,1692253903644,1693226167893,7,3,4
13452,1693226167893,1692253903648,1692253903651,1693226167901,8,3,5
13453,1693226167901,1692253903656,1692253903659,1693226167908,7,3,4
13454,1693226167908,1692253903663,1692253903666,1693226167915,7,3,4
13455,1693226167915,1692253903670,1692253903674,1693226167923,8,4,4
13456,1693226167923,1692253903678,1692253903681,1693226167930,7,3,4
13457,1693226167930,1692253903685,1692253903688,1693226167937,7,3,4
13458,1693226167937,1692253903694,1692253903697,1693226167947,10,3,7
13459,1693226167947,1692253903702,1692253903705,1693226167954,7,3,4
13460,1693226167954,1692253903710,1692253903714,1693226167964,10,4,6
13461,1693226167964,1692253903719,1692253903722,1693226167971,7,3,4
13462,1693226167971,1692253903726,1692253903729,1693226167978,7,3,4
13463,1693226167978,1692253903733,1692253903736,1693226167986,8,3,5
13464,1693226167986,1692253903741,1692253903744,1693226167993,7,3,4
13465,1693226167993,1692253903749,1692253903754,1693226168003,10,5,5
13466,1693226168003,1692253903758,1692253903761,1693226168010,7,3,4
13467,1693226168010,1692253903765,1692253903768,1693226168018,8,3,5
13468,1693226168018,1692253903773,1692253903776,1693226168025,7,3,4
13469,1693226168025,1692253903789,1692253903792,1693226168043,18,3,15
13470,1693226168043,1692253903798,1692253903802,1693226168052,9,4,5
13471,1693226168052,1692253903806,1692253903809,1693226168058,6,3,3
13472,1693226168059,1692253903814,1692253903817,1693226168067,8,3,5
13473,1693226168067,1692253903828,1692253903832,1693226168081,14,4,10
13474,1693226168081,1692253903836,1692253903839,1693226168089,8,3,5
13475,1693226168089,1692253903849,1692253903852,1693226168102,13,3,10
13476,1693226168102,1692253903857,1692253903860,1693226168109,7,3,4
13477,1693226168110,1692253903864,1692253903868,1693226168117,7,4,3
13478,1693226168117,1692253903872,1692253903876,1693226168125,8,4,4
13479,1693226168125,1692253903880,1692253903883,1693226168132,7,3,4
13480,1693226168132,1692253903888,1692253903891,1693226168140,8,3,5
13481,1693226168140,1692253903895,1692253903898,1693226168148,8,3,5
13482,1693226168148,1692253903903,1692253903906,1693226168156,8,3,5
13483,1693226168156,1692253903911,1692253903915,1693226168164,8,4,4
13484,1693226168164,1692253903919,1692253903923,1693226168172,8,4,4
13485,1693226168172,1692253903927,1692253903930,1693226168179,7,3,4
13486,1693226168179,1692253903934,1692253903937,1693226168186,7,3,4
13487,1693226168186,1692253903941,1692253903945,1693226168194,8,4,4
13488,1693226168194,1692253903949,1692253903952,1693226168201,7,3,4
13489,1693226168201,1692253903956,1692253903960,1693226168210,9,4,5
13490,1693226168210,1692253903965,1692253903968,1693226168217,7,3,4
13491,1693226168218,1692253903973,1692253903976,1693226168225,7,3,4
13492,1693226168226,1692253903981,1692253903984,1693226168233,7,3,4
13493,1693226168233,1692253903988,1692253903991,1693226168240,7,3,4
13494,1693226168240,1692253903995,1692253903998,1693226168249,9,3,6
13495,1693226168249,1692253904005,1692253904008,1693226168257,8,3,5
13496,1693226168257,1692253904012,1692253904015,1693226168264,7,3,4
13497,1693226168264,1692253904020,1692253904023,1693226168272,8,3,5
13498,1693226168272,1692253904027,1692253904030,1693226168279,7,3,4
13499,1693226168279,1692253904034,1692253904038,1693226168287,8,4,4
13500,1693226168287,1692253904041,1692253904044,1693226168294,7,3,4
13501,1693226168294,1692253904049,1692253904052,1693226168302,8,3,5
13502,1693226168302,1692253904057,1692253904061,1693226168311,9,4,5
13503,1693226168311,1692253904066,1692253904071,1693226168320,9,5,4
13504,1693226168320,1692253904075,1692253904078,1693226168327,7,3,4
13505,1693226168328,1692253904083,1692253904086,1693226168335,7,3,4
13506,1693226168335,1692253904090,1692253904094,1693226168343,8,4,4
13507,1693226168343,1692253904098,1692253904102,1693226168351,8,4,4
13508,1693226168352,1692253904107,1692253904109,1693226168358,6,2,4
13509,1693226168358,1692253904114,1692253904117,1693226168367,9,3,6
13510,1693226168367,1692253904122,1692253904125,1693226168374,7,3,4
13511,1693226168374,1692253904129,1692253904132,1693226168382,8,3,5
13512,1693226168382,1692253904137,1692253904140,1693226168389,7,3,4
13513,1693226168389,1692253904144,1692253904147,1693226168396,7,3,4
13514,1693226168397,1692253904151,1692253904155,1693226168404,7,4,3
13515,1693226168404,1692253904160,1692253904162,1693226168412,8,2,6
13516,1693226168412,1692253904167,1692253904171,1693226168420,8,4,4
13517,1693226168420,1692253904175,1692253904179,1693226168428,8,4,4
13518,1693226168428,1692253904183,1692253904186,1693226168436,8,3,5
13519,1693226168436,1692253904191,1692253904194,1693226168443,7,3,4
13520,1693226168443,1692253904198,1692253904201,1693226168453,10,3,7
13521,1693226168453,1692253904208,1692253904211,1693226168461,8,3,5
13522,1693226168461,1692253904216,1692253904220,1693226168469,8,4,4
13523,1693226168469,1692253904224,1692253904228,1693226168477,8,4,4
13524,1693226168477,1692253904232,1692253904235,1693226168485,8,3,5
13525,1693226168485,1692253904240,1692253904244,1693226168493,8,4,4
13526,1693226168493,1692253904248,1692253904252,1693226168501,8,4,4
13527,1693226168501,1692253904256,1692253904260,1693226168509,8,4,4
13528,1693226168509,1692253904264,1692253904267,1693226168516,7,3,4
13529,1693226168516,1692253904272,1692253904275,1693226168524,8,3,5
13530,1693226168524,1692253904279,1692253904282,1693226168532,8,3,5
13531,1693226168532,1692253904287,1692253904290,1693226168540,8,3,5
13532,1693226168540,1692253904295,1692253904299,1693226168548,8,4,4
13533,1693226168548,1692253904303,1692253904307,1693226168557,9,4,5
13534,1693226168557,1692253904312,1692253904315,1693226168564,7,3,4
13535,1693226168564,1692253904319,1692253904322,1693226168572,8,3,5
13536,1693226168572,1692253904327,1692253904330,1693226168580,8,3,5
13537,1693226168580,1692253904335,1692253904338,1693226168588,8,3,5
13538,1693226168588,1692253904343,1692253904349,1693226168598,10,6,4
13539,1693226168598,1692253904353,1692253904357,1693226168606,8,4,4
13540,1693226168606,1692253904361,1692253904364,1693226168614,8,3,5
13541,1693226168614,1692253904369,1692253904372,1693226168621,7,3,4
13542,1693226168622,1692253904377,1692253904379,1693226168629,7,2,5
13543,1693226168629,1692253904384,1692253904387,1693226168636,7,3,4
13544,1693226168637,1692253904392,1692253904397,1693226168646,9,5,4
13545,1693226168646,1692253904402,1692253904405,1693226168654,8,3,5
13546,1693226168654,1692253904411,1692253904415,1693226168664,10,4,6
13547,1693226168665,1692253904420,1692253904422,1693226168672,7,2,5
13548,1693226168672,1692253904431,1692253904434,1693226168683,11,3,8
13549,1693226168683,1692253904438,1692253904442,1693226168691,8,4,4
13550,1693226168692,1692253904446,1692253904449,1693226168699,7,3,4
13551,1693226168699,1692253904454,1692253904457,1693226168706,7,3,4
13552,1693226168706,1692253904462,1692253904465,1693226168714,8,3,5
13553,1693226168714,1692253904469,1692253904472,1693226168722,8,3,5
13554,1693226168722,1692253904477,1692253904480,1693226168730,8,3,5
13555,1693226168730,1692253904484,1692253904487,1693226168736,6,3,3
13556,1693226168736,1692253904492,1692253904495,1693226168745,9,3,6
13557,1693226168745,1692253904500,1692253904503,1693226168752,7,3,4
13558,1693226168752,1692253904507,1692253904510,1693226168760,8,3,5
13559,1693226168760,1692253904515,1692253904518,1693226168767,7,3,4
13560,1693226168767,1692253904522,1692253904525,1693226168775,8,3,5
13561,1693226168775,1692253904529,1692253904533,1693226168782,7,4,3
13562,1693226168782,1692253904537,1692253904540,1693226168789,7,3,4
13563,1693226168789,1692253904544,1692253904548,1693226168797,8,4,4
13564,1693226168797,1692253904554,1692253904556,1693226168806,9,2,7
13565,1693226168806,1692253904561,1692253904565,1693226168814,8,4,4
13566,1693226168814,1692253904569,1692253904573,1693226168822,8,4,4
13567,1693226168822,1692253904578,1692253904581,1693226168830,8,3,5
13568,1693226168830,1692253904586,1692253904589,1693226168838,8,3,5
13569,1693226168838,1692253904593,1692253904596,1693226168845,7,3,4
13570,1693226168845,1692253904600,1692253904604,1693226168854,9,4,5
13571,1693226168854,1692253904609,1692253904612,1693226168862,8,3,5
13572,1693226168862,1692253904617,1692253904621,1693226168870,8,4,4
13573,1693226168870,1692253904626,1692253904630,1693226168879,9,4,5
13574,1693226168879,1692253904634,1692253904638,1693226168888,9,4,5
13575,1693226168888,1692253904643,1692253904646,1693226168895,7,3,4
13576,1693226168895,1692253904650,1692253904654,1693226168903,8,4,4
13577,1693226168904,1692253904659,1692253904662,1693226168911,7,3,4
13578,1693226168911,1692253904666,1692253904670,1693226168919,8,4,4
13579,1693226168919,1692253904674,1692253904677,1693226168926,7,3,4
13580,1693226168926,1692253904681,1692253904684,1693226168933,7,3,4
13581,1693226168933,1692253904688,1692253904691,1693226168940,7,3,4
13582,1693226168940,1692253904696,1692253904699,1693226168949,9,3,6
13583,1693226168949,1692253904704,1692253904707,1693226168956,7,3,4
13584,1693226168956,1692253904710,1692253904714,1693226168965,9,4,5
13585,1693226168965,1692253904720,1692253904723,1693226168972,7,3,4
13586,1693226168972,1692253904727,1692253904731,1693226168980,8,4,4
13587,1693226168980,1692253904735,1692253904738,1693226168988,8,3,5
13588,1693226168988,1692253904743,1692253904747,1693226168996,8,4,4
13589,1693226168996,1692253904751,1692253904754,1693226169003,7,3,4
13590,1693226169003,1692253904758,1692253904761,1693226169011,8,3,5
13591,1693226169011,1692253904765,1692253904768,1693226169017,6,3,3
13592,1693226169017,1692253904772,1692253904776,1693226169025,8,4,4
13593,1693226169025,1692253904781,1692253904785,1693226169035,10,4,6
13594,1693226169035,1692253904790,1692253904793,1693226169042,7,3,4
13595,1693226169042,1692253904797,1692253904801,1693226169050,8,4,4
13596,1693226169050,1692253904806,1692253904809,1693226169058,8,3,5
13597,1693226169058,1692253904813,1692253904816,1693226169067,9,3,6
13598,1693226169067,1692253904823,1692253904827,1693226169076,9,4,5
13599,1693226169076,1692253904831,1692253904835,1693226169084,8,4,4
13600,1693226169084,1692253904839,1692253904842,1693226169092,8,3,5
13601,1693226169092,1692253904846,1692253904849,1693226169099,7,3,4
13602,1693226169099,1692253904854,1692253904856,1693226169106,7,2,5
13603,1693226169106,1692253904861,1692253904864,1693226169113,7,3,4
13604,1693226169114,1692253904869,1692253904872,1693226169121,7,3,4
13605,1693226169121,1692253904876,1692253904879,1693226169128,7,3,4
13606,1693226169129,1692253904884,1692253904888,1693226169137,8,4,4
13607,1693226169137,1692253904893,1692253904896,1693226169146,9,3,6
13608,1693226169146,1692253904901,1692253904904,1693226169154,8,3,5
13609,1693226169154,1692253904909,1692253904912,1693226169161,7,3,4
13610,1693226169161,1692253904916,1692253904919,1693226169169,8,3,5
13611,1693226169169,1692253904925,1692253904929,1693226169178,9,4,5
13612,1693226169178,1692253904933,1692253904937,1693226169187,9,4,5
13613,1693226169187,1692253904942,1692253904945,1693226169195,8,3,5
13614,1693226169195,1692253904950,1692253904952,1693226169202,7,2,5
13615,1693226169202,1692253904957,1692253904960,1693226169209,7,3,4
13616,1693226169209,1692253904964,1692253904967,1693226169217,8,3,5
13617,1693226169217,1692253904972,1692253904975,1693226169224,7,3,4
13618,1693226169224,1692253904980,1692253904984,1693226169233,9,4,5
13619,1693226169233,1692253904988,1692253904991,1693226169240,7,3,4
13620,1693226169240,1692253904995,1692253904999,1693226169248,8,4,4
13621,1693226169248,1692253905003,1692253905007,1693226169256,8,4,4
13622,1693226169256,1692253905011,1692253905014,1693226169264,8,3,5
13623,1693226169264,1692253905019,1692253905022,1693226169273,9,3,6
13624,1693226169273,1692253905028,1692253905032,1693226169281,8,4,4
13625,1693226169281,1692253905036,1692253905039,1693226169289,8,3,5
13626,1693226169289,1692253905043,1692253905046,1693226169296,7,3,4
13627,1693226169296,1692253905051,1692253905054,1693226169304,8,3,5
13628,1693226169304,1692253905059,1692253905063,1693226169312,8,4,4
13629,1693226169312,1692253905068,1692253905071,1693226169321,9,3,6
13630,1693226169321,1692253905077,1692253905080,1693226169329,8,3,5
13631,1693226169329,1692253905085,1692253905087,1693226169337,8,2,6
13632,1693226169337,1692253905092,1692253905095,1693226169344,7,3,4
13633,1693226169344,1692253905099,1692253905103,1693226169352,8,4,4
13634,1693226169352,1692253905111,1692253905115,1693226169364,12,4,8
13635,1693226169364,1692253905118,1692253905121,1693226169371,7,3,4
13636,1693226169371,1692253905133,1692253905136,1693226169385,14,3,11
13637,1693226169385,1692253905140,1692253905143,1693226169392,7,3,4
13638,1693226169392,1692253905148,1692253905151,1693226169400,8,3,5
13639,1693226169400,1692253905155,1692253905159,1693226169408,8,4,4
13640,1693226169408,1692253905163,1692253905167,1693226169416,8,4,4
13641,1693226169416,1692253905171,1692253905175,1693226169424,8,4,4
13642,1693226169424,1692253905178,1692253905182,1693226169431,7,4,3
13643,1693226169431,1692253905186,1692253905189,1693226169438,7,3,4
13644,1693226169438,1692253905193,1692253905196,1693226169445,7,3,4
13645,1693226169445,1692253905200,1692253905203,1693226169452,7,3,4
13646,1693226169452,1692253905207,1692253905211,1693226169460,8,4,4
13647,1693226169460,1692253905214,1692253905218,1693226169467,7,4,3
13648,1693226169467,1692253905221,1692253905227,1693226169477,10,6,4
13649,1693226169477,1692253905232,1692253905236,1693226169485,8,4,4
13650,1693226169485,1692253905240,1692253905243,1693226169493,8,3,5
13651,1693226169493,1692253905248,1692253905252,1693226169501,8,4,4
13652,1693226169501,1692253905256,1692253905259,1693226169508,7,3,4
13653,1693226169508,1692253905263,1692253905266,1693226169515,7,3,4
13654,1693226169515,1692253905270,1692253905274,1693226169523,8,4,4
13655,1693226169523,1692253905279,1692253905282,1693226169532,9,3,6
13656,1693226169532,1692253905290,1692253905294,1693226169544,12,4,8
13657,1693226169544,1692253905299,1692253905302,1693226169552,8,3,5
13658,1693226169552,1692253905307,1692253905310,1693226169559,7,3,4
13659,1693226169559,1692253905314,1692253905317,1693226169566,7,3,4
13660,1693226169566,1692253905321,1692253905325,1693226169574,8,4,4
13661,1693226169574,1692253905329,1692253905332,1693226169581,7,3,4
13662,1693226169581,1692253905336,1692253905340,1693226169590,9,4,5
13663,1693226169590,1692253905345,1692253905348,1693226169597,7,3,4
13664,1693226169597,1692253905352,1692253905357,1693226169606,9,5,4
13665,1693226169606,1692253905361,1692253905365,1693226169614,8,4,4
13666,1693226169614,1692253905369,1692253905372,1693226169621,7,3,4
13667,1693226169621,1692253905376,1692253905379,1693226169628,7,3,4
13668,1693226169628,1692253905382,1692253905385,1693226169634,6,3,3
13669,1693226169634,1692253905389,1692253905392,1693226169641,7,3,4
13670,1693226169641,1692253905396,1692253905400,1693226169649,8,4,4
13671,1693226169649,1692253905403,1692253905407,1693226169656,7,4,3
13672,1693226169656,1692253905411,1692253905414,1693226169664,8,3,5
13673,1693226169664,1692253905419,1692253905422,1693226169672,8,3,5
13674,1693226169672,1692253905427,1692253905431,1693226169683,11,4,7
13675,1693226169684,1692253905439,1692253905442,1693226169692,8,3,5
13676,1693226169692,1692253905447,1692253905451,1693226169700,8,4,4
13677,1693226169700,1692253905455,1692253905458,1693226169707,7,3,4
13678,1693226169707,1692253905462,1692253905465,1693226169714,7,3,4
13679,1693226169714,1692253905469,1692253905472,1693226169722,8,3,5
13680,1693226169722,1692253905478,1692253905481,1693226169730,8,3,5
13681,1693226169730,1692253905485,1692253905488,1693226169742,12,3,9
13682,1693226169742,1692253905501,1692253905504,1693226169754,12,3,9
13683,1693226169754,1692253905513,1692253905517,1693226169766,12,4,8
13684,1693226169766,1692253905521,1692253905525,1693226169774,8,4,4
13685,1693226169774,1692253905528,1692253905533,1693226169784,10,5,5
13686,1693226169784,1692253905539,1692253905542,1693226169791,7,3,4
13687,1693226169791,1692253905545,1692253905548,1693226169798,7,3,4
13688,1693226169798,1692253905553,1692253905557,1693226169807,9,4,5
13689,1693226169807,1692253905562,1692253905565,1693226169814,7,3,4
13690,1693226169814,1692253905569,1692253905572,1693226169821,7,3,4
13691,1693226169821,1692253905581,1692253905584,1693226169834,13,3,10
13692,1693226169834,1692253905589,1692253905592,1693226169842,8,3,5
13693,1693226169842,1692253905601,1692253905607,1693226169856,14,6,8
13694,1693226169856,1692253905610,1692253905614,1693226169863,7,4,3
13695,1693226169863,1692253905618,1692253905621,1693226169871,8,3,5
13696,1693226169871,1692253905626,1692253905630,1693226169879,8,4,4
13697,1693226169879,1692253905634,1692253905638,1693226169889,10,4,6
13698,1693226169889,1692253905644,1692253905648,1693226169897,8,4,4
13699,1693226169897,1692253905652,1692253905656,1693226169905,8,4,4
13700,1693226169905,1692253905660,1692253905664,1693226169913,8,4,4
13701,1693226169913,1692253905668,1692253905672,1693226169921,8,4,4
13702,1693226169921,1692253905676,1692253905680,1693226169929,8,4,4
13703,1693226169929,1692253905684,1692253905688,1693226169942,13,4,9
13704,1693226169942,1692253905707,1692253905711,1693226169960,18,4,14
13705,1693226169960,1692253905715,1692253905719,1693226169968,8,4,4
13706,1693226169968,1692253905723,1692253905726,1693226169976,8,3,5
13707,1693226169976,1692253905731,1692253905735,1693226169984,8,4,4
13708,1693226169984,1692253905738,1692253905741,1693226169990,6,3,3
13709,1693226169990,1692253905745,1692253905748,1693226169998,8,3,5
13710,1693226169998,1692253905754,1692253905757,1693226170008,10,3,7
13711,1693226170008,1692253905764,1692253905767,1693226170017,9,3,6
13712,1693226170017,1692253905772,1692253905775,1693226170024,7,3,4
13713,1693226170024,1692253905779,1692253905783,1693226170032,8,4,4
13714,1693226170032,1692253905788,1692253905791,1693226170041,9,3,6
13715,1693226170041,1692253905797,1692253905800,1693226170050,9,3,6
13716,1693226170050,1692253905804,1692253905808,1693226170057,7,4,3
13717,1693226170057,1692253905812,1692253905816,1693226170065,8,4,4
13718,1693226170065,1692253905820,1692253905823,1693226170073,8,3,5
13719,1693226170073,1692253905828,1692253905831,1693226170081,8,3,5
13720,1693226170081,1692253905836,1692253905839,1693226170091,10,3,7
13721,1693226170091,1692253905846,1692253905851,1693226170100,9,5,4
13722,1693226170100,1692253905855,1692253905858,1693226170108,8,3,5
13723,1693226170108,1692253905862,1692253905866,1693226170116,8,4,4
13724,1693226170116,1692253905871,1692253905874,1693226170123,7,3,4
13725,1693226170123,1692253905878,1692253905882,1693226170131,8,4,4
13726,1693226170131,1692253905887,1692253905891,1693226170140,9,4,5
13727,1693226170140,1692253905895,1692253905898,1693226170148,8,3,5
13728,1693226170148,1692253905903,1692253905906,1693226170155,7,3,4
13729,1693226170155,1692253905909,1692253905912,1693226170162,7,3,4
13730,1693226170162,1692253905917,1692253905920,1693226170169,7,3,4
13731,1693226170170,1692253905925,1692253905929,1693226170178,8,4,4
13732,1693226170178,1692253905934,1692253905937,1693226170186,8,3,5
13733,1693226170186,1692253905940,1692253905944,1693226170193,7,4,3
13734,1693226170193,1692253905948,1692253905951,1693226170200,7,3,4
13735,1693226170200,1692253905956,1692253905959,1693226170208,8,3,5
13736,1693226170208,1692253905964,1692253905966,1693226170216,8,2,6
13737,1693226170216,1692253905972,1692253905975,1693226170224,8,3,5
13738,1693226170225,1692253905980,1692253905983,1693226170232,7,3,4
13739,1693226170232,1692253905987,1692253905991,1693226170240,8,4,4
13740,1693226170240,1692253905995,1692253905998,1693226170247,7,3,4
13741,1693226170247,1692253906002,1692253906005,1693226170255,8,3,5
13742,1693226170255,1692253906010,1692253906013,1693226170262,7,3,4
13743,1693226170263,1692253906018,1692253906020,1693226170270,7,2,5
13744,1693226170270,1692253906025,1692253906028,1693226170277,7,3,4
13745,1693226170277,1692253906032,1692253906035,1693226170284,7,3,4
13746,1693226170284,1692253906039,1692253906042,1693226170291,7,3,4
13747,1693226170291,1692253906046,1692253906049,1693226170298,7,3,4
13748,1693226170298,1692253906059,1692253906065,1693226170314,16,6,10
13749,1693226170314,1692253906069,1692253906072,1693226170322,8,3,5
13750,1693226170322,1692253906077,1692253906080,1693226170329,7,3,4
13751,1693226170329,1692253906084,1692253906087,1693226170336,7,3,4
13752,1693226170336,1692253906091,1692253906093,1693226170343,7,2,5
13753,1693226170343,1692253906097,1692253906101,1693226170350,7,4,3
13754,1693226170350,1692253906105,1692253906108,1693226170357,7,3,4
13755,1693226170357,1692253906112,1692253906115,1693226170365,8,3,5
13756,1693226170365,1692253906120,1692253906122,1693226170372,7,2,5
13757,1693226170372,1692253906127,1692253906131,1693226170381,9,4,5
13758,1693226170381,1692253906136,1692253906139,1693226170388,7,3,4
13759,1693226170388,1692253906143,1692253906146,1693226170395,7,3,4
13760,1693226170395,1692253906152,1692253906155,1693226170404,9,3,6
13761,1693226170404,1692253906159,1692253906163,1693226170413,9,4,5
13762,1693226170413,1692253906168,1692253906171,1693226170420,7,3,4
13763,1693226170420,1692253906175,1692253906178,1693226170428,8,3,5
13764,1693226170428,1692253906183,1692253906186,1693226170435,7,3,4
13765,1693226170435,1692253906189,1692253906193,1693226170442,7,4,3
13766,1693226170442,1692253906196,1692253906200,1693226170449,7,4,3
13767,1693226170449,1692253906204,1692253906208,1693226170457,8,4,4
13768,1693226170457,1692253906213,1692253906216,1693226170465,8,3,5
13769,1693226170465,1692253906221,1692253906224,1693226170473,8,3,5
13770,1693226170473,1692253906228,1692253906232,1693226170481,8,4,4
13771,1693226170481,1692253906236,1692253906239,1693226170488,7,3,4
13772,1693226170488,1692253906243,1692253906246,1693226170496,8,3,5
13773,1693226170496,1692253906253,1692253906256,1693226170505,9,3,6
13774,1693226170505,1692253906260,1692253906263,1693226170513,8,3,5
13775,1693226170513,1692253906268,1692253906272,1693226170521,8,4,4
13776,1693226170521,1692253906275,1692253906278,1693226170527,6,3,3
13777,1693226170527,1692253906282,1692253906285,1693226170534,7,3,4
13778,1693226170534,1692253906289,1692253906292,1693226170542,8,3,5
13779,1693226170542,1692253906297,1692253906301,1693226170550,8,4,4
13780,1693226170550,1692253906305,1692253906308,1693226170558,8,3,5
13781,1693226170558,1692253906313,1692253906315,1693226170565,7,2,5
13782,1693226170565,1692253906320,1692253906324,1693226170573,8,4,4
13783,1693226170573,1692253906328,1692253906332,1693226170581,8,4,4
13784,1693226170581,1692253906337,1692253906340,1693226170590,9,3,6
13785,1693226170590,1692253906345,1692253906348,1693226170597,7,3,4
13786,1693226170597,1692253906355,1692253906359,1693226170609,12,4,8
13787,1693226170609,1692253906363,1692253906367,1693226170617,8,4,4
13788,1693226170617,1692253906372,1692253906376,1693226170625,8,4,4
13789,1693226170625,1692253906380,1692253906384,1693226170634,9,4,5
13790,1693226170634,1692253906393,1692253906397,1693226170646,12,4,8
13791,1693226170646,1692253906401,1692253906405,1693226170654,8,4,4
13792,1693226170654,1692253906415,1692253906418,1693226170668,14,3,11
13793,1693226170668,1692253906424,1692253906426,1693226170676,8,2,6
13794,1693226170676,1692253906431,1692253906436,1693226170690,14,5,9
13795,1693226170690,1692253906445,1692253906448,1693226170698,8,3,5
13796,1693226170698,1692253906453,1692253906456,1693226170706,8,3,5
13797,1693226170706,1692253906462,1692253906465,1693226170715,9,3,6
13798,1693226170715,1692253906470,1692253906474,1693226170723,8,4,4
13799,1693226170723,1692253906479,1692253906482,1693226170732,9,3,6
13800,1693226170732,1692253906488,1692253906492,1693226170742,10,4,6
13801,1693226170742,1692253906498,1692253906501,1693226170751,9,3,6
13802,1693226170751,1692253906506,1692253906510,1693226170759,8,4,4
13803,1693226170759,1692253906515,1692253906518,1693226170768,9,3,6
13804,1693226170768,1692253906523,1692253906527,1693226170776,8,4,4
13805,1693226170776,1692253906531,1692253906534,1693226170783,7,3,4
13806,1693226170783,1692253906539,1692253906542,1693226170792,9,3,6
13807,1693226170792,1692253906547,1692253906551,1693226170800,8,4,4
13808,1693226170800,1692253906555,1692253906559,1693226170808,8,4,4
13809,1693226170808,1692253906563,1692253906566,1693226170815,7,3,4
13810,1693226170815,1692253906570,1692253906574,1693226170824,9,4,5
13811,1693226170824,1692253906579,1692253906582,1693226170831,7,3,4
13812,1693226170831,1692253906587,1692253906590,1693226170840,9,3,6
13813,1693226170840,1692253906595,1692253906599,1693226170848,8,4,4
13814,1693226170848,1692253906604,1692253906607,1693226170857,9,3,6
13815,1693226170857,1692253906612,1692253906615,1693226170865,8,3,5
13816,1693226170865,1692253906620,1692253906623,1693226170873,8,3,5
13817,1693226170873,1692253906629,1692253906632,1693226170882,9,3,6
13818,1693226170882,1692253906637,1692253906640,1693226170889,7,3,4
13819,1693226170889,1692253906644,1692253906647,1693226170896,7,3,4
13820,1693226170896,1692253906651,1692253906655,1693226170904,8,4,4
13821,1693226170904,1692253906659,1692253906665,1693226170914,10,6,4
13822,1693226170914,1692253906669,1692253906672,1693226170922,8,3,5
13823,1693226170922,1692253906677,1692253906681,1693226170930,8,4,4
13824,1693226170930,1692253906685,1692253906689,1693226170938,8,4,4
13825,1693226170938,1692253906693,1692253906696,1693226170946,8,3,5
13826,1693226170946,1692253906701,1692253906704,1693226170954,8,3,5
13827,1693226170954,1692253906709,1692253906712,1693226170962,8,3,5
13828,1693226170962,1692253906717,1692253906720,1693226170970,8,3,5
13829,1693226170970,1692253906725,1692253906728,1693226170978,8,3,5
13830,1693226170978,1692253906733,1692253906738,1693226170987,9,5,4
13831,1693226170987,1692253906742,1692253906746,1693226170995,8,4,4
13832,1693226170995,1692253906751,1692253906754,1693226171004,9,3,6
13833,1693226171004,1692253906758,1692253906761,1693226171013,9,3,6
13834,1693226171013,1692253906768,1692253906771,1693226171021,8,3,5
13835,1693226171021,1692253906776,1692253906779,1693226171028,7,3,4
13836,1693226171028,1692253906782,1692253906785,1693226171035,7,3,4
13837,1693226171035,1692253906794,1692253906798,1693226171047,12,4,8
13838,1693226171047,1692253906802,1692253906805,1693226171055,8,3,5
13839,1693226171055,1692253906810,1692253906813,1693226171062,7,3,4
13840,1693226171062,1692253906817,1692253906821,1693226171070,8,4,4
13841,1693226171070,1692253906825,1692253906829,1693226171078,8,4,4
13842,1693226171078,1692253906833,1692253906837,1693226171086,8,4,4
13843,1693226171086,1692253906841,1692253906843,1693226171093,7,2,5
13844,1693226171093,1692253906848,1692253906851,1693226171101,8,3,5
13845,1693226171101,1692253906856,1692253906859,1693226171108,7,3,4
13846,1693226171108,1692253906863,1692253906867,1693226171116,8,4,4
13847,1693226171116,1692253906871,1692253906874,1693226171124,8,3,5
13848,1693226171124,1692253906879,1692253906883,1693226171132,8,4,4
13849,1693226171132,1692253906887,1692253906890,1693226171139,7,3,4
13850,1693226171139,1692253906894,1692253906898,1693226171147,8,4,4
13851,1693226171147,1692253906902,1692253906905,1693226171155,8,3,5
13852,1693226171155,1692253906910,1692253906912,1693226171162,7,2,5
13853,1693226171162,1692253906917,1692253906920,1693226171169,7,3,4
13854,1693226171169,1692253906924,1692253906927,1693226171176,7,3,4
13855,1693226171176,1692253906931,1692253906933,1693226171183,7,2,5
13856,1693226171183,1692253906938,1692253906941,1693226171191,8,3,5
13857,1693226171191,1692253906946,1692253906950,1693226171199,8,4,4
13858,1693226171199,1692253906954,1692253906957,1693226171206,7,3,4
13859,1693226171206,1692253906961,1692253906964,1693226171213,7,3,4
13860,1693226171393,1692253907149,1692253907153,1693226171403,10,4,6
13861,1693226171403,1692253907158,1692253907162,1693226171412,9,4,5
13862,1693226171412,1692253907168,1692253907174,1693226171423,11,6,5
13863,1693226171423,1692253907184,1692253907188,1693226171438,15,4,11
13864,1693226171438,1692253907193,1692253907196,1693226171446,8,3,5
13865,1693226171446,1692253907201,1692253907206,1693226171456,10,5,5
13866,1693226171456,1692253907218,1692253907222,1693226171472,16,4,12
13867,1693226171472,1692253907228,1692253907235,1693226171484,12,7,5
13868,1693226171485,1692253907240,1692253907243,1693226171492,7,3,4
13869,1693226171492,1692253907247,1692253907251,1693226171500,8,4,4
13870,1693226171500,1692253907256,1692253907259,1693226171508,8,3,5
13871,1693226171508,1692253907264,1692253907267,1693226171516,8,3,5
13872,1693226171516,1692253907271,1692253907274,1693226171524,8,3,5
13873,1693226171524,1692253907279,1692253907311,1693226171560,36,32,4
13874,1693226171560,1692253907330,1692253907333,1693226171582,22,3,19
13875,1693226171582,1692253907341,1692253907344,1693226171593,11,3,8
13876,1693226171593,1692253907353,1692253907356,1693226171606,13,3,10
13877,1693226171606,1692253907363,1692253907366,1693226171615,9,3,6
13878,1693226171615,1692253907374,1692253907377,1693226171627,12,3,9
13879,1693226171627,1692253907386,1692253907389,1693226171638,11,3,8
13880,1693226171638,1692253907393,1692253907397,1693226171647,9,4,5
13881,1693226171647,1692253907404,1692253907408,1693226171657,10,4,6
13882,1693226171657,1692253907464,1692253907469,1693226171719,62,5,57
13883,1693226171719,1692253907475,1692253907479,1693226171729,10,4,6
13884,1693226171729,1692253907489,1692253907492,1693226171741,12,3,9
13885,1693226171742,1692253907497,1692253907501,1693226171750,8,4,4
13886,1693226171750,1692253907533,1692253907536,1693226171785,35,3,32
13887,1693226171785,1692253907640,1692253907644,1693226171894,109,4,105
13888,1693226171894,1692253907681,1692253907684,1693226171934,40,3,37
13889,1693226171934,1692253907706,1692253907709,1693226171959,25,3,22
13890,1693226171959,1692253907718,1692253907721,1693226171970,11,3,8
13891,1693226171970,1692253907725,1692253907728,1693226171978,8,3,5
13892,1693226171978,1692253907733,1692253907736,1693226171985,7,3,4
13893,1693226171985,1692253907750,1692253907753,1693226172002,17,3,14
13894,1693226172002,1692253907757,1692253907761,1693226172031,29,4,25
13895,1693226172031,1692253907786,1692253907788,1693226172038,7,2,5
13896,1693226172038,1692253907797,1692253907800,1693226172049,11,3,8
13897,1693226172049,1692253907806,1692253907808,1693226172058,9,2,7
13898,1693226172058,1692253907818,1692253907821,1693226172071,13,3,10
13899,1693226172071,1692253907825,1692253907829,1693226172078,7,4,3
13900,1693226172078,1692253907833,1692253907837,1693226172186,108,4,104
13901,1693226172186,1692253907954,1692253907957,1693226172206,20,3,17
13902,1693226172206,1692253907989,1692253907993,1693226172242,36,4,32
13903,1693226172242,1692253907998,1692253908000,1693226172250,8,2,6
13904,1693226172250,1692253908025,1692253908030,1693226172279,29,5,24
13905,1693226172279,1692253908038,1692253908041,1693226172290,11,3,8
13906,1693226172290,1692253908045,1692253908049,1693226172298,8,4,4
13907,1693226172298,1692253908053,1692253908056,1693226172305,7,3,4
13908,1693226172305,1692253908101,1692253908104,1693226172422,117,3,114
13909,1693226172422,1692253908177,1692253908179,1693226172433,11,2,9
13910,1693226172433,1692253908187,1692253908190,1693226172440,7,3,4
13911,1693226172440,1692253908222,1692253908225,1693226172474,34,3,31
13912,1693226172474,1692253908241,1692253908244,1693226172493,19,3,16
13913,1693226172493,1692253908253,1692253908256,1693226172505,12,3,9
13914,1693226172505,1692253908261,1692253908264,1693226172513,8,3,5
13915,1693226172513,1692253908270,1692253908273,1693226172522,9,3,6
13916,1693226172522,1692253908277,1692253908280,1693226172530,8,3,5
13917,1693226172530,1692253908326,1692253908328,1693226172580,50,2,48
13918,1693226172580,1692253908361,1692253908364,1693226172613,33,3,30
13919,1693226172613,1692253908368,1692253908371,1693226172620,7,3,4
13920,1693226172620,1692253908375,1692253908378,1693226172627,7,3,4
13921,1693226172627,1692253908382,1692253908385,1693226172635,8,3,5
13922,1693226172635,1692253908390,1692253908393,1693226172642,7,3,4
13923,1693226172642,1692253908398,1692253908401,1693226172651,9,3,6
13924,1693226172651,1692253908406,1692253908409,1693226172658,7,3,4
13925,1693226172658,1692253908413,1692253908415,1693226172665,7,2,5
13926,1693226172665,1692253908420,1692253908423,1693226172672,7,3,4
13927,1693226172672,1692253908449,1692253908452,1693226172705,33,3,30
13928,1693226172705,1692253908474,1692253908476,1693226172818,113,2,111
13929,1693226172818,1692253908574,1692253908577,1693226172827,9,3,6
13930,1693226172827,1692253908582,1692253908589,1693226172838,11,7,4
13931,1693226172838,1692253908593,1692253908596,1693226172846,8,3,5
13932,1693226172846,1692253908601,1692253908604,1693226172856,10,3,7
13933,1693226172856,1692253908611,1692253908614,1693226172863,7,3,4
13934,1693226172864,1692253908633,1692253908636,1693226172886,22,3,19
13935,1693226172886,1692253908677,1692253908680,1693226172929,43,3,40
13936,1693226172929,1692253908686,1692253908688,1693226172942,13,2,11
13937,1693226172942,1692253908709,1692253908712,1693226172961,19,3,16
13938,1693226172961,1692253908730,1692253908733,1693226172982,21,3,18
13939,1693226172982,1692253908737,1692253908740,1693226172989,7,3,4
13940,1693226172989,1692253908745,1692253908748,1693226172997,8,3,5
13941,1693226172997,1692253908753,1692253908757,1693226173006,9,4,5
13942,1693226173006,1692253908764,1692253908767,1693226173016,10,3,7
13943,1693226173016,1692253908778,1692253908780,1693226173029,13,2,11
13944,1693226173029,1692253908784,1692253908787,1693226173036,7,3,4
13945,1693226173036,1692253908794,1692253908797,1693226173046,10,3,7
13946,1693226173046,1692253908801,1692253908804,1693226173053,7,3,4
13947,1693226173053,1692253908808,1692253908811,1693226173061,8,3,5
13948,1693226173061,1692253908817,1692253908820,1693226173069,8,3,5
13949,1693226173069,1692253908824,1692253908827,1693226173077,8,3,5
13950,1693226173077,1692253908832,1692253908836,1693226173085,8,4,4
13951,1693226173085,1692253908847,1692253908850,1693226173100,15,3,12
13952,1693226173100,1692253908855,1692253908858,1693226173107,7,3,4
13953,1693226173107,1692253908869,1692253908877,1693226173134,27,8,19
13954,1693226173134,1692253908889,1692253908892,1693226173142,8,3,5
13955,1693226173142,1692253908897,1692253908900,1693226173149,7,3,4
13956,1693226173149,1692253908910,1692253908912,1693226173163,14,2,12
13957,1693226173163,1692253908918,1692253908921,1693226173171,8,3,5
13958,1693226173171,1692253908926,1692253908929,1693226173178,7,3,4
13959,1693226173178,1692253908949,1692253908952,1693226173201,23,3,20
13960,1693226173201,1692253908958,1692253908960,1693226173210,9,2,7
13961,1693226173210,1692253908985,1692253908988,1693226173245,35,3,32
13962,1693226173245,1692253909000,1692253909003,1693226173252,7,3,4
13963,1693226173252,1692253909025,1692253909029,1693226173279,27,4,23
13964,1693226173279,1692253909038,1692253909040,1693226173289,10,2,8
13965,1693226173289,1692253909053,1692253909056,1693226173305,16,3,13
13966,1693226173305,1692253909061,1692253909063,1693226173312,7,2,5
13967,1693226173312,1692253909067,1692253909071,1693226173320,8,4,4
13968,1693226173320,1692253909097,1692253909100,1693226173350,30,3,27
13969,1693226173350,1692253909141,1692253909144,1693226173393,43,3,40
13970,1693226173393,1692253909147,1692253909151,1693226173400,7,4,3
13971,1693226173400,1692253909165,1692253909168,1693226173417,17,3,14
13972,1693226173417,1692253909242,1692253909245,1693226173494,77,3,74
13973,1693226173494,1692253909249,1692253909252,1693226173501,7,3,4
13974,1693226173501,1692253909263,1692253909266,1693226173515,14,3,11
13975,1693226173515,1692253909270,1692253909273,1693226173522,7,3,4
13976,1693226173522,1692253909277,1692253909281,1693226173530,8,4,4
13977,1693226173530,1692253909294,1692253909298,1693226173548,18,4,14
13978,1693226173548,1692253909303,1692253909306,1693226173555,7,3,4
13979,1693226173555,1692253909311,1692253909313,1693226173563,8,2,6
13980,1693226173563,1692253909322,1692253909325,1693226173574,11,3,8
13981,1693226173574,1692253909329,1692253909332,1693226173581,7,3,4
13982,1693226173581,1692253909357,1692253909360,1693226173609,28,3,25
13983,1693226173609,1692253909364,1692253909368,1693226173617,8,4,4
13984,1693226173617,1692253909412,1692253909415,1693226173664,47,3,44
13985,1693226173665,1692253909422,1692253909424,1693226173675,10,2,8
13986,1693226173675,1692253909431,1692253909434,1693226173683,8,3,5
13987,1693226173683,1692253909463,1692253909467,1693226173716,33,4,29
13988,1693226173716,1692253909472,1692253909475,1693226173725,9,3,6
13989,1693226173725,1692253909486,1692253909489,1693226173738,13,3,10
13990,1693226173738,1692253909494,1692253909497,1693226173746,8,3,5
13991,1693226173746,1692253909502,1692253909504,1693226173753,7,2,5
13992,1693226173753,1692253909509,1692253909512,1693226173762,9,3,6
13993,1693226173762,1692253909529,1692253909532,1693226173781,19,3,16
13994,1693226173781,1692253909536,1692253909539,1693226173788,7,3,4
13995,1693226173788,1692253909579,1692253909582,1693226173832,44,3,41
13996,1693226173832,1692253909606,1692253909608,1693226173858,26,2,24
13997,1693226173858,1692253909613,1692253909616,1693226173865,7,3,4
13998,1693226173865,1692253909620,1692253909623,1693226173872,7,3,4
13999,1693226173872,1692253909633,1692253909636,1693226173886,14,3,11
14000,1693226173886,1692253909641,1692253909645,1693226173895,9,4,5
14001,1693226173895,1692253909733,1692253909736,1693226173986,91,3,88
14002,1693226173986,1692253909741,1692253909744,1693226173993,7,3,4
14003,1693226173993,1692253909748,1692253909751,1693226174001,8,3,5
14004,1693226174001,1692253909761,1692253909764,1693226174013,12,3,9
14005,1693226174013,1692253909768,1692253909771,1693226174021,8,3,5
14006,1693226174021,1692253909797,1692253909800,1693226174049,28,3,25
14007,1693226174049,1692253909810,1692253909813,1693226174066,17,3,14
14008,1693226174066,1692253909822,1692253909824,1693226174074,8,2,6
14009,1693226174074,1692253909829,1692253909832,1693226174081,7,3,4
14010,1693226174081,1692253909858,1692253909869,1693226174119,38,11,27
14011,1693226174119,1692253909945,1692253909948,1693226174197,78,3,75
14012,1693226174197,1692253909952,1692253909955,1693226174204,7,3,4
14013,1693226174204,1692253909959,1692253909962,1693226174211,7,3,4
14014,1693226174211,1692253909998,1692253910003,1693226174253,42,5,37
14015,1693226174253,1692253910008,1692253910011,1693226174261,8,3,5
14016,1693226174261,1692253910016,1692253910019,1693226174268,7,3,4
14017,1693226174268,1692253910129,1692253910132,1693226174382,114,3,111
14018,1693226174382,1692253910138,1692253910141,1693226174393,11,3,8
14019,1693226174393,1692253910229,1692253910233,1693226174482,89,4,85
14020,1693226174482,1692253910286,1692253910289,1693226174538,56,3,53
14021,1693226174538,1692253910293,1692253910296,1693226174546,8,3,5
14022,1693226174546,1692253910301,1692253910304,1693226174553,7,3,4
14023,1693226174553,1692253910369,1692253910372,1693226174621,68,3,65
14024,1693226174621,1692253910376,1692253910379,1693226174629,8,3,5
14025,1693226174629,1692253910383,1692253910386,1693226174636,7,3,4
14026,1693226174636,1692253910409,1692253910412,1693226174661,25,3,22
14027,1693226174661,1692253910425,1692253910438,1693226174687,26,13,13
14028,1693226174687,1692253910469,1692253910472,1693226174722,35,3,32
14029,1693226174722,1692253910517,1692253910520,1693226174769,47,3,44
14030,1693226174769,1692253910533,1692253910536,1693226174785,16,3,13
14031,1693226174785,1692253910542,1692253910544,1693226174795,10,2,8
14032,1693226174795,1692253910550,1692253910553,1693226174802,7,3,4
14033,1693226174802,1692253910561,1692253910565,1693226174814,12,4,8
14034,1693226174814,1692253910569,1692253910572,1693226174821,7,3,4
14035,1693226174821,1692253910577,1692253910579,1693226174828,7,2,5
14036,1693226174828,1692253910583,1692253910586,1693226174836,8,3,5
14037,1693226174836,1692253910591,1692253910594,1693226174843,7,3,4
14038,1693226174843,1692253910598,1692253910601,1693226174850,7,3,4
14039,1693226174850,1692253910605,1692253910609,1693226174858,8,4,4
14040,1693226174858,1692253910613,1692253910616,1693226174865,7,3,4
14041,1693226174865,1692253910620,1692253910623,1693226174872,7,3,4
14042,1693226174872,1692253910630,1692253910633,1693226174882,10,3,7
14043,1693226174882,1692253910638,1692253910642,1693226174891,9,4,5
14044,1693226174892,1692253910666,1692253910669,1693226174920,28,3,25
14045,1693226174920,1692253910693,1692253910696,1693226174945,25,3,22
14046,1693226174945,1692253910705,1692253910708,1693226174957,12,3,9
14047,1693226174957,1692253910721,1692253910724,1693226174974,17,3,14
14048,1693226174974,1692253910733,1692253910736,1693226174985,11,3,8
14049,1693226174985,1692253910742,1692253910744,1693226174994,9,2,7
14050,1693226174994,1692253910749,1692253910754,1693226175003,9,5,4
14051,1693226175003,1692253910782,1692253910785,1693226175034,31,3,28
14052,1693226175034,1692253910814,1692253910817,1693226175067,33,3,30
14053,1693226175067,1692253910831,1692253910834,1693226175083,16,3,13
14054,1693226175083,1692253910838,1692253910842,1693226175091,8,4,4
14055,1693226175091,1692253910846,1692253910850,1693226175099,8,4,4
14056,1693226175099,1692253910854,1692253910858,1693226175109,10,4,6
14057,1693226175109,1692253910917,1692253910921,1693226175170,61,4,57
14058,1693226175170,1692253910946,1692253910949,1693226175199,29,3,26
14059,1693226175199,1692253910953,1692253910956,1693226175205,6,3,3
14060,1693226175205,1692253910961,1692253910964,1693226175213,8,3,5
14061,1693226175213,1692253910968,1692253910971,1693226175220,7,3,4
14062,1693226175220,1692253910975,1692253910978,1693226175227,7,3,4
14063,1693226175227,1692253910983,1692253910986,1693226175235,8,3,5
14064,1693226175235,1692253910990,1692253910993,1693226175242,7,3,4
14065,1693226175242,1692253910998,1692253911001,1693226175250,8,3,5
14066,1693226175250,1692253911046,1692253911048,1693226175298,48,2,46
14067,1693226175298,1692253911097,1692253911100,1693226175349,51,3,48
14068,1693226175349,1692253911106,1692253911109,1693226175359,10,3,7
14069,1693226175359,1692253911201,1692253911204,1693226175453,94,3,91
14070,1693226175453,1692253911210,1692253911212,1693226175461,8,2,6
14071,1693226175461,1692253911245,1692253911248,1693226175497,36,3,33
14072,1693226175497,1692253911253,1692253911256,1693226175505,8,3,5
14073,1693226175505,1692253911279,1692253911282,1693226175532,27,3,24
14074,1693226175532,1692253911345,1692253911348,1693226175598,66,3,63
14075,1693226175598,1692253911447,1692253911450,1693226175699,101,3,98
14076,1693226175699,1692253911465,1692253911468,1693226175720,21,3,18
14077,1693226175720,1692253911481,1692253911484,1693226175733,13,3,10
14078,1693226175733,1692253911510,1692253911513,1693226175762,29,3,26
14079,1693226175762,1692253911518,1692253911522,1693226175771,9,4,5
14080,1693226175771,1692253911569,1692253911573,1693226175826,55,4,51
14081,1693226175826,1692253911586,1692253911589,1693226175838,12,3,9
14082,1693226175838,1692253911593,1692253911596,1693226175846,8,3,5
14083,1693226175846,1692253911601,1692253911604,1693226175853,7,3,4
14084,1693226175853,1692253911608,1692253911610,1693226175860,7,2,5
14085,1693226175860,1692253911618,1692253911620,1693226175869,9,2,7
14086,1693226175869,1692253911624,1692253911627,1693226175876,7,3,4
14087,1693226175876,1692253911631,1692253911636,1693226175885,9,5,4
14088,1693226175885,1692253911640,1692253911660,1693226175909,24,20,4
14089,1693226175909,1692253911664,1692253911667,1693226175916,7,3,4
14090,1693226175916,1692253911685,1692253911688,1693226175942,26,3,23
14091,1693226175942,1692253911697,1692253911700,1693226175949,7,3,4
14092,1693226175949,1692253911704,1692253911707,1693226175957,8,3,5
14093,1693226175957,1692253911712,1692253911715,1693226175964,7,3,4
14094,1693226175964,1692253911719,1692253911722,1693226175971,7,3,4
14095,1693226175971,1692253911825,1692253911827,1693226176077,106,2,104
14096,1693226176077,1692253911832,1692253911835,1693226176084,7,3,4
14097,1693226176084,1692253911910,1692253911913,1693226176162,78,3,75
14098,1693226176162,1692253911918,1692253911921,1693226176170,8,3,5
14099,1693226176170,1692253911925,1692253911928,1693226176177,7,3,4
14100,1693226176177,1692253911932,1692253911935,1693226176184,7,3,4
14101,1693226176184,1692253911939,1692253911942,1693226176191,7,3,4
14102,1693226176191,1692253911947,1692253911950,1693226176199,8,3,5
14103,1693226176199,1692253911954,1692253911957,1693226176206,7,3,4
14104,1693226176206,1692253911961,1692253911963,1693226176213,7,2,5
14105,1693226176213,1692253911969,1692253911971,1693226176221,8,2,6
14106,1693226176221,1692253911976,1692253911991,1693226176240,19,15,4
14107,1693226176240,1692253912001,1692253912004,1693226176254,14,3,11
14108,1693226176254,1692253912034,1692253912037,1693226176334,80,3,77
14109,1693226176334,1692253912091,1692253912094,1693226176343,9,3,6
14110,1693226176343,1692253912098,1692253912101,1693226176351,8,3,5
14111,1693226176351,1692253912107,1692253912110,1693226176359,8,3,5
14112,1693226176359,1692253912115,1692253912118,1693226176367,8,3,5
14113,1693226176367,1692253912126,1692253912129,1693226176378,11,3,8
14114,1693226176378,1692253912134,1692253912137,1693226176386,8,3,5
14115,1693226176386,1692253912158,1692253912161,1693226176410,24,3,21
14116,1693226176410,1692253912166,1692253912169,1693226176418,8,3,5
14117,1693226176418,1692253912173,1692253912176,1693226176425,7,3,4
14118,1693226176425,1692253912182,1692253912185,1693226176435,10,3,7
14119,1693226176435,1692253912281,1692253912284,1693226176533,98,3,95
14120,1693226176533,1692253912288,1692253912291,1693226176542,9,3,6
14121,1693226176542,1692253912297,1692253912300,1693226176549,7,3,4
14122,1693226176549,1692253912304,1692253912307,1693226176557,8,3,5
14123,1693226176557,1692253912312,1692253912315,1693226176564,7,3,4
14124,1693226176564,1692253912320,1692253912324,1693226176574,10,4,6
14125,1693226176574,1692253912358,1692253912361,1693226176610,36,3,33
14126,1693226176610,1692253912365,1692253912368,1693226176617,7,3,4
14127,1693226176617,1692253912377,1692253912380,1693226176629,12,3,9
14128,1693226176629,1692253912389,1692253912392,1693226176642,13,3,10
14129,1693226176642,1692253912398,1692253912409,1693226176658,16,11,5
14130,1693226176658,1692253912421,1692253912424,1693226176674,16,3,13
14131,1693226176674,1692253912462,1692253912466,1693226176715,41,4,37
14132,1693226176715,1692253912470,1692253912473,1693226176726,11,3,8
14133,1693226176726,1692253912482,1692253912485,1693226176734,8,3,5
14134,1693226176734,1692253912489,1692253912492,1693226176741,7,3,4
14135,1693226176741,1692253912496,1692253912499,1693226176748,7,3,4
14136,1693226176748,1692253912504,1692253912507,1693226176756,8,3,5
14137,1693226176756,1692253912511,1692253912514,1693226176763,7,3,4
14138,1693226176763,1692253912518,1692253912522,1693226176771,8,4,4
14139,1693226176771,1692253912526,1692253912529,1693226176778,7,3,4
14140,1693226176778,1692253912533,1692253912536,1693226176785,7,3,4
14141,1693226176785,1692253912541,1692253912544,1693226176793,8,3,5
14142,1693226176793,1692253912548,1692253912552,1693226176801,8,4,4
14143,1693226176801,1692253912556,1692253912558,1693226176808,7,2,5
14144,1693226176808,1692253912564,1692253912566,1693226176816,8,2,6
14145,1693226176816,1692253912571,1692253912574,1693226176823,7,3,4
14146,1693226176823,1692253912590,1692253912593,1693226176854,31,3,28
14147,1693226176854,1692253912609,1692253912612,1693226176862,8,3,5
14148,1693226176862,1692253912621,1692253912624,1693226176873,11,3,8
14149,1693226176873,1692253912629,1692253912633,1693226176882,9,4,5
14150,1693226176882,1692253912649,1692253912653,1693226176902,20,4,16
14151,1693226176902,1692253912657,1692253912660,1693226176909,7,3,4
14152,1693226176909,1692253912678,1692253912680,1693226176930,21,2,19
14153,1693226176930,1692253912685,1692253912688,1693226176937,7,3,4
14154,1693226176937,1692253912692,1692253912696,1693226176945,8,4,4
14155,1693226176945,1692253912714,1692253912717,1693226176966,21,3,18
14156,1693226176966,1692253912721,1692253912725,1693226176974,8,4,4
14157,1693226176974,1692253912733,1692253912736,1693226176985,11,3,8
14158,1693226176985,1692253912745,1692253912748,1693226176998,13,3,10
14159,1693226176998,1692253912753,1692253912756,1693226177005,7,3,4
14160,1693226177005,1692253912760,1692253912763,1693226177013,8,3,5
14161,1693226177013,1692253912767,1692253912772,1693226177021,8,5,3
14162,1693226177021,1692253912776,1692253912779,1693226177028,7,3,4
14163,1693226177028,1692253912786,1692253912809,1693226177058,30,23,7
14164,1693226177058,1692253912814,1692253912817,1693226177066,8,3,5
14165,1693226177066,1692253912825,1692253912827,1693226177077,11,2,9
14166,1693226177077,1692253912832,1692253912835,1693226177085,8,3,5
14167,1693226177085,1692253912841,1692253912844,1693226177094,9,3,6
14168,1693226177094,1692253912858,1692253912861,1693226177111,17,3,14
14169,1693226177111,1692253912866,1692253912870,1693226177120,9,4,5
14170,1693226177120,1692253912876,1692253912879,1693226177129,9,3,6
14171,1693226177129,1692253912897,1692253912900,1693226177149,20,3,17
14172,1693226177149,1692253912914,1692253912916,1693226177166,17,2,15
14173,1693226177166,1692253912933,1692253912936,1693226177186,20,3,17
14174,1693226177186,1692253912941,1692253912944,1693226177193,7,3,4
14175,1693226177193,1692253912948,1692253912951,1693226177201,8,3,5
14176,1693226177201,1692253912961,1692253912965,1693226177214,13,4,9
14177,1693226177214,1692253912969,1692253912972,1693226177221,7,3,4
14178,1693226177221,1692253912986,1692253912988,1693226177242,21,2,19
14179,1693226177242,1692253912999,1692253913003,1693226177253,11,4,7
14180,1693226177253,1692253913007,1692253913011,1693226177260,7,4,3
14181,1693226177260,1692253913015,1692253913018,1693226177269,9,3,6
14182,1693226177269,1692253913026,1692253913029,1693226177278,9,3,6
14183,1693226177278,1692253913034,1692253913045,1693226177294,16,11,5
14184,1693226177294,1692253913073,1692253913076,1693226177326,32,3,29
14185,1693226177326,1692253913082,1692253913085,1693226177334,8,3,5
14186,1693226177334,1692253913097,1692253913100,1693226177349,15,3,12
14187,1693226177349,1692253913106,1692253913109,1693226177358,9,3,6
14188,1693226177358,1692253913169,1692253913172,1693226177422,64,3,61
14189,1693226177422,1692253913245,1692253913248,1693226177498,76,3,73
14190,1693226177498,1692253913252,1692253913255,1693226177505,7,3,4
14191,1693226177505,1692253913260,1692253913262,1693226177512,7,2,5
14192,1693226177512,1692253913267,1692253913270,1693226177519,7,3,4
14193,1693226177519,1692253913278,1692253913289,1693226177538,19,11,8
14194,1693226177538,1692253913298,1692253913300,1693226177549,11,2,9
14195,1693226177550,1692253913305,1692253913308,1693226177557,7,3,4
14196,1693226177557,1692253913353,1692253913356,1693226177605,48,3,45
14197,1693226177605,1692253913360,1692253913363,1693226177612,7,3,4
14198,1693226177612,1692253913367,1692253913371,1693226177620,8,4,4
14199,1693226177620,1692253913376,1692253913381,1693226177630,10,5,5
14200,1693226177630,1692253913409,1692253913412,1693226177661,31,3,28
14201,1693226177661,1692253913416,1692253913461,1693226177710,49,45,4
14202,1693226177710,1692253913465,1692253913469,1693226177719,9,4,5
14203,1693226177719,1692253913473,1692253913476,1693226177726,7,3,4
14204,1693226177726,1692253913485,1692253913488,1693226177737,11,3,8
14205,1693226177737,1692253913494,1692253913501,1693226177750,13,7,6
14206,1693226177750,1692253913505,1692253913508,1693226177761,11,3,8
14207,1693226177761,1692253913516,1692253913519,1693226177768,7,3,4
14208,1693226177768,1692253913562,1692253913565,1693226177815,47,3,44
14209,1693226177815,1692253913585,1692253913588,1693226177837,22,3,19
14210,1693226177837,1692253913592,1692253913594,1693226177844,7,2,5
14211,1693226177844,1692253913599,1692253913602,1693226177851,7,3,4
14212,1693226177851,1692253913606,1692253913610,1693226177859,8,4,4
14213,1693226177859,1692253913614,1692253913617,1693226177866,7,3,4
14214,1693226177866,1692253913621,1692253913624,1693226177873,7,3,4
14215,1693226177873,1692253913629,1692253913632,1693226177881,8,3,5
14216,1693226177881,1692253913636,1692253913640,1693226177890,9,4,5
14217,1693226177890,1692253913698,1692253913700,1693226177950,60,2,58
14218,1693226177950,1692253913705,1692253913708,1693226177957,7,3,4
14219,1693226177957,1692253913712,1692253913715,1693226177964,7,3,4
14220,1693226177964,1692253913719,1692253913722,1693226177971,7,3,4
14221,1693226177971,1692253913728,1692253913731,1693226177981,10,3,7
14222,1693226177981,1692253913736,1692253913739,1693226177988,7,3,4
14223,1693226177988,1692253913743,1692253913746,1693226177995,7,3,4
14224,1693226177995,1692253913750,1692253913753,1693226178002,7,3,4
14225,1693226178002,1692253913794,1692253913798,1693226178047,45,4,41
14226,1693226178047,1692253913806,1692253913808,1693226178058,11,2,9
14227,1693226178058,1692253913813,1692253913816,1693226178065,7,3,4
14228,1693226178065,1692253913822,1692253913826,1693226178075,10,4,6
14229,1693226178075,1692253913832,1692253913835,1693226178084,9,3,6
14230,1693226178084,1692253913926,1692253913929,1693226178180,96,3,93
14231,1693226178180,1692253913970,1692253913973,1693226178222,42,3,39
14232,1693226178222,1692253913999,1692253914001,1693226178251,29,2,27
14233,1693226178251,1692253914007,1692253914011,1693226178261,10,4,6
14234,1693226178261,1692253914047,1692253914050,1693226178300,39,3,36
14235,1693226178300,1692253914055,1692253914059,1693226178308,8,4,4
14236,1693226178308,1692253914067,1692253914069,1693226178318,10,2,8
14237,1693226178318,1692253914073,1692253914076,1693226178325,7,3,4
14238,1693226178325,1692253914105,1692253914108,1693226178357,32,3,29
14239,1693226178357,1692253914112,1692253914115,1693226178364,7,3,4
14240,1693226178364,1692253914119,1692253914123,1693226178372,8,4,4
14241,1693226178372,1692253914127,1692253914130,1693226178379,7,3,4
14242,1693226178379,1692253914134,1692253914137,1693226178386,7,3,4
14243,1693226178386,1692253914145,1692253914148,1693226178397,11,3,8
14244,1693226178397,1692253914173,1692253914176,1693226178425,28,3,25
14245,1693226178425,1692253914181,1692253914184,1693226178433,8,3,5
14246,1693226178433,1692253914189,1692253914192,1693226178441,8,3,5
14247,1693226178441,1692253914196,1692253914199,1693226178449,8,3,5
14248,1693226178449,1692253914204,1692253914207,1693226178456,7,3,4
14249,1693226178456,1692253914211,1692253914214,1693226178463,7,3,4
14250,1693226178463,1692253914225,1692253914229,1693226178478,15,4,11
14251,1693226178478,1692253914232,1692253914235,1693226178484,6,3,3
14252,1693226178484,1692253914241,1692253914244,1693226178493,9,3,6
14253,1693226178493,1692253914247,1692253914250,1693226178500,7,3,4
14254,1693226178500,1692253914255,1692253914258,1693226178507,7,3,4
14255,1693226178507,1692253914262,1692253914266,1693226178515,8,4,4
14256,1693226178515,1692253914270,1692253914272,1693226178521,6,2,4
14257,1693226178521,1692253914276,1692253914279,1693226178528,7,3,4
14258,1693226178528,1692253914286,1692253914288,1693226178537,9,2,7
14259,1693226178537,1692253914293,1692253914296,1693226178566,29,3,26
14260,1693226178566,1692253914321,1692253914324,1693226178573,7,3,4
14261,1693226178573,1692253914357,1692253914360,1693226178609,36,3,33
14262,1693226178609,1692253914365,1692253914368,1693226178617,8,3,5
14263,1693226178617,1692253914372,1692253914375,1693226178624,7,3,4
14264,1693226178624,1692253914401,1692253914405,1693226178654,30,4,26
14265,1693226178654,1692253914409,1692253914411,1693226178661,7,2,5
14266,1693226178661,1692253914416,1692253914419,1693226178668,7,3,4
14267,1693226178668,1692253914429,1692253914432,1693226178681,13,3,10
14268,1693226178681,1692253914436,1692253914439,1693226178689,8,3,5
14269,1693226178689,1692253914482,1692253914485,1693226178923,234,3,231
14270,1693226178923,1692253914679,1692253914683,1693226178994,71,4,67
14271,1693226178994,1692253914749,1692253914752,1693226179028,34,3,31
14272,1693226179028,1692253914801,1692253914804,1693226179053,25,3,22
14273,1693226179053,1692253914825,1692253914828,1693226179078,25,3,22
14274,1693226179078,1692253914833,1692253914861,1693226179111,33,28,5
14275,1693226179111,1692253914874,1692253914877,1693226179126,15,3,12
14276,1693226179126,1692253914897,1692253914900,1693226179149,23,3,20
14277,1693226179149,1692253914997,1692253915002,1693226179252,103,5,98
14278,1693226179252,1692253915008,1692253915011,1693226179261,9,3,6
14279,1693226179261,1692253915105,1692253915109,1693226179359,98,4,94
14280,1693226179359,1692253915114,1692253915118,1693226179367,8,4,4
14281,1693226179367,1692253915133,1692253915138,1693226179388,21,5,16
14282,1693226179388,1692253915144,1692253915146,1693226179396,8,2,6
14283,1693226179396,1692253915150,1692253915153,1693226179402,6,3,3
14284,1693226179402,1692253915157,1692253915160,1693226179409,7,3,4
14285,1693226179409,1692253915166,1692253915170,1693226179419,10,4,6
14286,1693226179419,1692253915174,1692253915176,1693226179441,22,2,20
14287,1693226179441,1692253915196,1692253915199,1693226179448,7,3,4
14288,1693226179449,1692253915225,1692253915228,1693226179477,28,3,25
14289,1693226179477,1692253915232,1692253915235,1693226179484,7,3,4
14290,1693226179484,1692253915239,1692253915242,1693226179491,7,3,4
14291,1693226179491,1692253915309,1692253915312,1693226179561,70,3,67
14292,1693226179561,1692253915316,1692253915321,1693226179571,10,5,5
14293,1693226179571,1692253915326,1692253915329,1693226179578,7,3,4
14294,1693226179578,1692253915333,1692253915337,1693226179587,9,4,5
14295,1693226179587,1692253915346,1692253915349,1693226179598,11,3,8
14296,1693226179598,1692253915353,1692253915356,1693226179605,7,3,4
14297,1693226179605,1692253915362,1692253915365,1693226179615,10,3,7
14298,1693226179615,1692253915378,1692253915380,1693226179630,15,2,13
14299,1693226179630,1692253915393,1692253915396,1693226179645,15,3,12
14300,1693226179645,1692253915410,1692253915412,1693226179662,17,2,15
14301,1693226179662,1692253915434,1692253915437,1693226179686,24,3,21
14302,1693226179686,1692253915442,1692253915444,1693226179693,7,2,5
14303,1693226179693,1692253915454,1692253915457,1693226179706,13,3,10
14304,1693226179706,1692253915470,1692253915472,1693226179722,16,2,14
14305,1693226179722,1692253915478,1692253915483,1693226179733,11,5,6
14306,1693226179733,1692253915518,1692253915521,1693226179770,37,3,34
14307,1693226179770,1692253915529,1692253915532,1693226179781,11,3,8
14308,1693226179781,1692253915538,1692253915540,1693226179790,9,2,7
14309,1693226179790,1692253915545,1692253915548,1693226179797,7,3,4
14310,1693226179798,1692253915553,1692253915556,1693226179805,7,3,4
14311,1693226179805,1692253915560,1692253915564,1693226179813,8,4,4
14312,1693226179813,1692253915567,1692253915570,1693226179819,6,3,3
14313,1693226179819,1692253915574,1692253915577,1693226179826,7,3,4
14314,1693226179826,1692253915585,1692253915588,1693226179837,11,3,8
14315,1693226179837,1692253915593,1692253915596,1693226179845,8,3,5
14316,1693226179845,1692253915600,1692253915603,1693226179852,7,3,4
14317,1693226179852,1692253915634,1692253915637,1693226179887,35,3,32
14318,1693226179887,1692253915643,1692253915647,1693226179897,10,4,6
14319,1693226179897,1692253915658,1692253915661,1693226179910,13,3,10
14320,1693226179910,1692253915670,1692253915672,1693226179922,12,2,10
14321,1693226179922,1692253915678,1692253915689,1693226179938,16,11,5
14322,1693226179938,1692253915698,1692253915700,1693226179949,11,2,9
14323,1693226179949,1692253915773,1692253915776,1693226180025,76,3,73
14324,1693226180025,1692253915785,1692253915788,1693226180037,12,3,9
14325,1693226180037,1692253915793,1692253915796,1693226180045,8,3,5
14326,1693226180045,1692253915800,1692253915803,1693226180052,7,3,4
14327,1693226180052,1692253915814,1692253915817,1693226180066,14,3,11
14328,1693226180066,1692253915821,1692253915824,1693226180077,11,3,8
14329,1693226180077,1692253915833,1692253915836,1693226180085,8,3,5
14330,1693226180085,1692253915870,1692253915873,1693226180123,38,3,35
14331,1693226180123,1692253915882,1692253915884,1693226180134,11,2,9
14332,1693226180134,1692253915902,1692253915904,1693226180153,19,2,17
14333,1693226180153,1692253915909,1692253915911,1693226180160,7,2,5
14334,1693226180161,1692253915918,1692253915921,1693226180170,9,3,6
14335,1693226180170,1692253916003,1692253916006,1693226180256,86,3,83
14336,1693226180256,1692253916011,1692253916014,1693226180263,7,3,4
14337,1693226180263,1692253916018,1692253916021,1693226180270,7,3,4
14338,1693226180270,1692253916089,1692253916092,1693226180342,72,3,69
14339,1693226180342,1692253916133,1692253916137,1693226180386,44,4,40
14340,1693226180386,1692253916197,1692253916200,1693226180449,63,3,60
14341,1693226180449,1692253916205,1692253916208,1693226180458,9,3,6
14342,1693226180458,1692253916214,1692253916218,1693226180467,9,4,5
14343,1693226180467,1692253916223,1692253916226,1693226180475,8,3,5
14344,1693226180475,1692253916232,1692253916235,1693226180484,9,3,6
14345,1693226180484,1692253916239,1692253916242,1693226180491,7,3,4
14346,1693226180491,1692253916270,1692253916273,1693226180522,31,3,28
14347,1693226180522,1692253916281,1692253916284,1693226180537,15,3,12
14348,1693226180537,1692253916314,1692253916317,1693226180566,29,3,26
14349,1693226180566,1692253916321,1692253916326,1693226180575,9,5,4
14350,1693226180575,1692253916341,1692253916344,1693226180593,18,3,15
14351,1693226180593,1692253916401,1692253916404,1693226180654,61,3,58
14352,1693226180654,1692253916408,1692253916411,1693226180660,6,3,3
14353,1693226180660,1692253916415,1692253916418,1693226180668,8,3,5
14354,1693226180668,1692253916423,1692253916426,1693226180676,8,3,5
14355,1693226180676,1692253916431,1692253916434,1693226180683,7,3,4
14356,1693226180683,1692253916477,1692253916481,1693226180730,47,4,43
14357,1693226180730,1692253916519,1692253916522,1693226180771,41,3,38
14358,1693226180771,1692253916526,1692253916541,1693226180790,19,15,4
14359,1693226180790,1692253916545,1692253916549,1693226180802,12,4,8
14360,1693226180802,1692253916593,1692253916596,1693226180845,43,3,40
14361,1693226180845,1692253916600,1692253916603,1693226180852,7,3,4
14362,1693226180853,1692253916608,1692253916611,1693226180860,7,3,4
14363,1693226180860,1692253916638,1692253916648,1693226180897,37,10,27
14364,1693226180897,1692253916653,1692253916656,1693226180905,8,3,5
14365,1693226180905,1692253916690,1692253916693,1693226180942,37,3,34
14366,1693226180942,1692253916705,1692253916708,1693226180957,15,3,12
14367,1693226180957,1692253916717,1692253916720,1693226180969,12,3,9
14368,1693226180969,1692253916729,1692253916732,1693226180981,12,3,9
14369,1693226180981,1692253916738,1692253916740,1693226180990,9,2,7
14370,1693226180990,1692253916745,1692253916748,1693226180997,7,3,4
14371,1693226180998,1692253916753,1692253916755,1693226181005,7,2,5
14372,1693226181005,1692253916760,1692253916763,1693226181012,7,3,4
14373,1693226181012,1692253916770,1692253916772,1693226181021,9,2,7
14374,1693226181021,1692253916786,1692253916789,1693226181038,17,3,14
14375,1693226181038,1692253916794,1692253916797,1693226181048,10,3,7
14376,1693226181048,1692253916817,1692253916820,1693226181069,21,3,18
14377,1693226181069,1692253916829,1692253916833,1693226181082,13,4,9
14378,1693226181082,1692253916837,1692253916843,1693226181092,10,6,4
14379,1693226181092,1692253916866,1692253916869,1693226181118,26,3,23
14380,1693226181118,1692253916878,1692253916881,1693226181162,44,3,41
14381,1693226181162,1692253916961,1692253916964,1693226181213,51,3,48
14382,1693226181213,1692253916980,1692253916983,1693226181233,20,3,17
14383,1693226181233,1692253917004,1692253917007,1693226181258,25,3,22
14384,1693226181258,1692253917013,1692253917016,1693226181265,7,3,4
14385,1693226181266,1692253917034,1692253917037,1693226181287,21,3,18
14386,1693226181287,1692253917073,1692253917076,1693226181325,38,3,35
14387,1693226181325,1692253917081,1692253917085,1693226181334,9,4,5
14388,1693226181334,1692253917101,1692253917104,1693226181355,21,3,18
14389,1693226181355,1692253917145,1692253917148,1693226181397,42,3,39
14390,1693226181397,1692253917152,1692253917155,1693226181404,7,3,4
14391,1693226181404,1692253917160,1692253917162,1693226181412,8,2,6
14392,1693226181412,1692253917167,1692253917171,1693226181420,8,4,4
14393,1693226181420,1692253917175,1692253917178,1693226181427,7,3,4
14394,1693226181427,1692253917183,1692253917188,1693226181437,10,5,5
14395,1693226181437,1692253917193,1692253917196,1693226181445,8,3,5
14396,1693226181445,1692253917200,1692253917203,1693226181452,7,3,4
14397,1693226181452,1692253917210,1692253917213,1693226181462,10,3,7
14398,1693226181463,1692253917253,1692253917256,1693226181505,42,3,39
14399,1693226181505,1692253917301,1692253917304,1693226181553,48,3,45
14400,1693226181553,1692253917358,1692253917360,1693226181610,57,2,55
14401,1693226181610,1692253917378,1692253917381,1693226181630,20,3,17
14402,1693226181630,1692253917397,1692253917401,1693226181650,20,4,16
14403,1693226181650,1692253917406,1692253917409,1693226181658,8,3,5
14404,1693226181658,1692253917418,1692253917420,1693226181669,11,2,9
14405,1693226181669,1692253917426,1692253917429,1693226181678,9,3,6
14406,1693226181678,1692253917438,1692253917440,1693226181689,11,2,9
14407,1693226181689,1692253917454,1692253917456,1693226181706,17,2,15
14408,1693226181706,1692253917461,1692253917465,1693226181714,8,4,4
14409,1693226181714,1692253917477,1692253917481,1693226181730,16,4,12
14410,1693226181730,1692253917484,1692253917488,1693226181737,7,4,3
14411,1693226181737,1692253917534,1692253917537,1693226181786,49,3,46
14412,1693226181786,1692253917570,1692253917573,1693226181822,36,3,33
14413,1693226181822,1692253917585,1692253917591,1693226181840,18,6,12
14414,1693226181840,1692253917595,1692253917598,1693226181847,7,3,4
14415,1693226181847,1692253917610,1692253917613,1693226181862,15,3,12
14416,1693226181862,1692253917617,1692253917620,1693226181870,8,3,5
14417,1693226181870,1692253917628,1692253917631,1693226181881,11,3,8
14418,1693226181881,1692253917636,1692253917639,1693226181888,7,3,4
14419,1693226181888,1692253917644,1692253917647,1693226181897,9,3,6
14420,1693226181897,1692253917664,1692253917667,1693226181917,20,3,17
14421,1693226181917,1692253917706,1692253917709,1693226181958,41,3,38
14422,1693226181958,1692253917730,1692253917733,1693226181982,24,3,21
14423,1693226181982,1692253917742,1692253917745,1693226181994,12,3,9
14424,1693226181994,1692253917749,1692253917752,1693226182001,7,3,4
14425,1693226182001,1692253917756,1692253917759,1693226182008,7,3,4
14426,1693226182008,1692253917763,1692253917767,1693226182016,8,4,4
14427,1693226182016,1692253917771,1692253917774,1693226182024,8,3,5
14428,1693226182024,1692253917779,1692253917781,1693226182031,7,2,5
14429,1693226182031,1692253917786,1692253917789,1693226182038,7,3,4
14430,1693226182038,1692253917821,1692253917824,1693226182073,35,3,32
14431,1693226182073,1692253917830,1692253917833,1693226182082,9,3,6
14432,1693226182082,1692253917837,1692253917898,1693226182147,65,61,4
14433,1693226182147,1692253917965,1692253917968,1693226182217,70,3,67
14434,1693226182218,1692253917981,1692253917984,1693226182233,15,3,12
14435,1693226182233,1692253917989,1692253917991,1693226182241,8,2,6
14436,1693226182241,1692253918003,1692253918006,1693226182255,14,3,11
14437,1693226182255,1692253918010,1692253918013,1693226182262,7,3,4
14438,1693226182262,1692253918077,1692253918080,1693226182329,67,3,64
14439,1693226182329,1692253918085,1692253918088,1693226182337,8,3,5
14440,1693226182337,1692253918098,1692253918100,1693226182350,13,2,11
14441,1693226182350,1692253918106,1692253918108,1693226182358,8,2,6
14442,1693226182358,1692253918153,1692253918156,1693226182405,47,3,44
14443,1693226182405,1692253918173,1692253918176,1693226182425,20,3,17
14444,1693226182426,1692253918289,1692253918293,1693226182543,117,4,113
14445,1693226182543,1692253918298,1692253918301,1693226182550,7,3,4
14446,1693226182550,1692253918304,1692253918307,1693226182556,6,3,3
14447,1693226182556,1692253918311,1692253918316,1693226182565,9,5,4
14448,1693226182565,1692253918394,1692253918396,1693226182646,81,2,79
14449,1693226182646,1692253918401,1692253918406,1693226182655,9,5,4
14450,1693226182655,1692253918409,1692253918412,1693226182662,7,3,4
14451,1693226182662,1692253918477,1692253918480,1693226182729,67,3,64
14452,1693226182729,1692253918487,1692253918490,1693226182740,11,3,8
14453,1693226182740,1692253918494,1692253918498,1693226182748,8,4,4
14454,1693226182748,1692253918526,1692253918529,1693226182778,30,3,27
14455,1693226182779,1692253918538,1692253918541,1693226182790,11,3,8
14456,1693226182790,1692253918545,1692253918548,1693226182797,7,3,4
14457,1693226182797,1692253918557,1692253918560,1693226182809,12,3,9
14458,1693226182809,1692253918601,1692253918604,1693226182853,44,3,41
14459,1693226182853,1692253918608,1692253918611,1693226182861,8,3,5
14460,1693226182861,1692253918629,1692253918632,1693226182881,20,3,17
14461,1693226182881,1692253918636,1692253918677,1693226182927,46,41,5
14462,1693226182927,1692253918826,1692253918830,1693226183079,152,4,148
14463,1693226183079,1692253918834,1692253918838,1693226183087,8,4,4
14464,1693226183087,1692253918906,1692253918909,1693226183158,71,3,68
14465,1693226183158,1692253918938,1692253918961,1693226183210,52,23,29
14466,1693226183210,1692253918970,1692253918973,1693226183222,12,3,9
14467,1693226183222,1692253918977,1692253918981,1693226183230,8,4,4
14468,1693226183230,1692253918985,1692253918988,1693226183237,7,3,4
14469,1693226183237,1692253919004,1692253919007,1693226183256,19,3,16
14470,1693226183256,1692253919012,1692253919015,1693226183265,9,3,6
14471,1693226183265,1692253919030,1692253919033,1693226183282,17,3,14
14472,1693226183282,1692253919042,1692253919048,1693226183297,15,6,9
14473,1693226183297,1692253919054,1692253919057,1693226183305,8,3,5
14474,1693226183305,1692253919060,1692253919063,1693226183312,7,3,4
14475,1693226183312,1692253919069,1692253919072,1693226183321,9,3,6
14476,1693226183321,1692253919076,1692253919080,1693226183329,8,4,4
14477,1693226183329,1692253919084,1692253919087,1693226183336,7,3,4
14478,1693226183336,1692253919091,1692253919094,1693226183343,7,3,4
14479,1693226183343,1692253919110,1692253919113,1693226183361,18,3,15
14480,1693226183361,1692253919122,1692253919124,1693226183373,12,2,10
14481,1693226183373,1692253919128,1692253919131,1693226183380,7,3,4
14482,1693226183380,1692253919173,1692253919176,1693226183425,45,3,42
14483,1693226183425,1692253919189,1692253919192,1693226183454,29,3,26
14484,1693226183454,1692253919226,1692253919231,1693226183480,26,5,21
14485,1693226183480,1692253919235,1692253919238,1693226183487,7,3,4
14486,1693226183487,1692253919243,1692253919246,1693226183496,9,3,6
14487,1693226183496,1692253919250,1692253919254,1693226183505,9,4,5
14488,1693226183505,1692253919285,1692253919288,1693226183537,32,3,29
14489,1693226183537,1692253919292,1692253919295,1693226183545,8,3,5
14490,1693226183545,1692253919300,1692253919303,1693226183552,7,3,4
14491,1693226183552,1692253919307,1692253919310,1693226183559,7,3,4
14492,1693226183559,1692253919315,1692253919318,1693226183567,8,3,5
14493,1693226183567,1692253919323,1692253919326,1693226183575,8,3,5
14494,1693226183575,1692253919364,1692253919367,1693226183616,41,3,38
14495,1693226183616,1692253919422,1692253919424,1693226183674,58,2,56
14496,1693226183674,1692253919429,1692253919432,1693226183682,8,3,5
14497,1693226183682,1692253919465,1692253919468,1693226183717,35,3,32
14498,1693226183717,1692253919473,1692253919476,1693226183725,8,3,5
14499,1693226183725,1692253919482,1692253919485,1693226183734,9,3,6
14500,1693226183734,1692253919489,1692253919492,1693226183742,8,3,5
14501,1693226183742,1692253919497,1692253919503,1693226183752,10,6,4
14502,1693226183753,1692253919564,1692253919566,1693226183816,63,2,61
14503,1693226183816,1692253919577,1692253919581,1693226183830,14,4,10
14504,1693226183830,1692253919629,1692253919632,1693226183882,52,3,49
14505,1693226183882,1692253919636,1692253919639,1693226183888,6,3,3
14506,1693226183888,1692253919654,1692253919657,1693226183907,19,3,16
14507,1693226183907,1692253919747,1692253919750,1693226183999,92,3,89
14508,1693226183999,1692253919829,1692253919834,1693226184084,85,5,80
14509,1693226184084,1692253919839,1692253919842,1693226184091,7,3,4
14510,1693226184091,1692253919846,1692253919850,1693226184101,10,4,6
14511,1693226184101,1692253919856,1692253919860,1693226184110,9,4,5
14512,1693226184110,1692253919865,1692253919868,1693226184119,9,3,6
14513,1693226184119,1692253919874,1692253919877,1693226184126,7,3,4
14514,1693226184126,1692253919881,1692253919883,1693226184132,6,2,4
14515,1693226184132,1692253919889,1692253919892,1693226184142,10,3,7
14516,1693226184142,1692253919909,1692253919911,1693226184161,19,2,17
14517,1693226184161,1692253919918,1692253919922,1693226184171,10,4,6
14518,1693226184171,1692253919925,1692253919928,1693226184178,7,3,4
14519,1693226184178,1692253919933,1692253919961,1693226184210,32,28,4
14520,1693226184210,1692253920005,1692253920077,1693226184326,116,72,44
14521,1693226184326,1692253920081,1692253920086,1693226184335,9,5,4
14522,1693226184335,1692253920090,1692253920093,1693226184343,8,3,5
14523,1693226184343,1692253920098,1692253920101,1693226184350,7,3,4
14524,1693226184350,1692253920105,1692253920108,1693226184358,8,3,5
14525,1693226184358,1692253920113,1692253920116,1693226184365,7,3,4
14526,1693226184365,1692253920120,1692253920123,1693226184372,7,3,4
14527,1693226184372,1692253920128,1692253920131,1693226184381,9,3,6
14528,1693226184381,1692253920136,1692253920139,1693226184388,7,3,4
14529,1693226184388,1692253920145,1692253920148,1693226184397,9,3,6
14530,1693226184398,1692253920166,1692253920168,1693226184418,20,2,18
14531,1693226184418,1692253920178,1692253920181,1693226184431,13,3,10
14532,1693226184431,1692253920186,1692253920189,1693226184438,7,3,4
14533,1693226184438,1692253920194,1692253920197,1693226184446,8,3,5
14534,1693226184446,1692253920210,1692253920230,1693226184479,33,20,13
14535,1693226184479,1692253920234,1692253920237,1693226184486,7,3,4
14536,1693226184486,1692253920242,1692253920245,1693226184494,8,3,5
14537,1693226184494,1692253920250,1692253920253,1693226184502,8,3,5
14538,1693226184502,1692253920257,1692253920260,1693226184509,7,3,4
14539,1693226184510,1692253920289,1692253920292,1693226184541,31,3,28
14540,1693226184541,1692253920313,1692253920316,1693226184565,24,3,21
14541,1693226184565,1692253920330,1692253920333,1693226184582,17,3,14
14542,1693226184582,1692253920350,1692253920352,1693226184602,20,2,18
14543,1693226184602,1692253920357,1692253920360,1693226184609,7,3,4
14544,1693226184609,1692253920366,1692253920369,1693226184618,9,3,6
14545,1693226184618,1692253920380,1692253920383,1693226184634,16,3,13
14546,1693226184634,1692253920389,1692253920392,1693226184641,7,3,4
14547,1693226184641,1692253920396,1692253920399,1693226184649,8,3,5
14548,1693226184649,1692253920404,1692253920414,1693226184663,14,10,4
14549,1693226184663,1692253920426,1692253920429,1693226184678,15,3,12
14550,1693226184678,1692253920434,1692253920437,1693226184686,8,3,5
14551,1693226184686,1692253920441,1692253920444,1693226184693,7,3,4
14552,1693226184693,1692253920448,1692253920451,1693226184700,7,3,4
14553,1693226184700,1692253920456,1692253920459,1693226184708,8,3,5
14554,1693226184708,1692253920493,1692253920497,1693226184746,38,4,34
14555,1693226184746,1692253920502,1692253920557,1693226184806,60,55,5
14556,1693226184806,1692253920561,1692253920564,1693226184813,7,3,4
14557,1693226184813,1692253920568,1692253920572,1693226184823,10,4,6
14558,1693226184823,1692253920578,1692253920583,1693226184832,9,5,4
14559,1693226184832,1692253920590,1692253920594,1693226184874,42,4,38
14560,1693226184874,1692253920629,1692253920632,1693226184881,7,3,4
14561,1693226184881,1692253920641,1692253920645,1693226184896,15,4,11
14562,1693226184896,1692253920680,1692253920683,1693226184944,48,3,45
14563,1693226184944,1692253920717,1692253920720,1693226184970,26,3,23
14564,1693226184970,1692253920730,1692253920732,1693226184981,11,2,9
14565,1693226184981,1692253920777,1692253920780,1693226185042,61,3,58
14566,1693226185042,1692253920798,1692253920800,1693226185050,8,2,6
14567,1693226185050,1692253920805,1692253920808,1693226185057,7,3,4
14568,1693226185057,1692253920813,1692253920818,1693226185067,10,5,5
14569,1693226185067,1692253920823,1692253920826,1693226185075,8,3,5
14570,1693226185075,1692253920833,1692253920836,1693226185086,11,3,8
14571,1693226185086,1692253920841,1692253920844,1693226185093,7,3,4
14572,1693226185093,1692253920874,1692253920878,1693226185127,34,4,30
14573,1693226185127,1692253920882,1692253920886,1693226185135,8,4,4
14574,1693226185135,1692253920894,1692253920897,1693226185146,11,3,8
14575,1693226185146,1692253920910,1692253920912,1693226185162,16,2,14
14576,1693226185162,1692253920917,1692253920920,1693226185169,7,3,4
14577,1693226185169,1692253920924,1692253920928,1693226185177,8,4,4
14578,1693226185177,1692253920932,1692253920934,1693226185183,6,2,4
14579,1693226185183,1692253920945,1692253920948,1693226185198,15,3,12
14580,1693226185198,1692253920953,1692253920956,1693226185205,7,3,4
14581,1693226185205,1692253920961,1692253920964,1693226185213,8,3,5
14582,1693226185213,1692253921002,1692253921006,1693226185255,42,4,38
14583,1693226185255,1692253921011,1692253921014,1693226185263,8,3,5
14584,1693226185263,1692253921019,1692253921022,1693226185271,8,3,5
14585,1693226185271,1692253921026,1692253921030,1693226185279,8,4,4
14586,1693226185279,1692253921046,1692253921048,1693226185297,18,2,16
14587,1693226185297,1692253921052,1692253921055,1693226185304,7,3,4
14588,1693226185304,1692253921077,1692253921080,1693226185329,25,3,22
14589,1693226185329,1692253921109,1692253921112,1693226185362,33,3,30
14590,1693226185362,1692253921130,1692253921133,1693226185382,20,3,17
14591,1693226185382,1692253921145,1692253921156,1693226185405,23,11,12
14592,1693226185405,1692253921162,1692253921165,1693226185414,9,3,6
14593,1693226185414,1692253921170,1692253921172,1693226185421,7,2,5
14594,1693226185421,1692253921176,1692253921186,1693226185435,14,10,4
14595,1693226185435,1692253921196,1692253921199,1693226185451,16,3,13
14596,1693226185451,1692253921206,1692253921208,1693226185458,7,2,5
14597,1693226185458,1692253921213,1692253921216,1693226185465,7,3,4
14598,1693226185465,1692253921220,1692253921224,1693226185473,8,4,4
14599,1693226185473,1692253921233,1692253921236,1693226185485,12,3,9
14600,1693226185485,1692253921257,1692253921260,1693226185509,24,3,21
14601,1693226185510,1692253921265,1692253921268,1693226185517,7,3,4
14602,1693226185517,1692253921272,1692253921275,1693226185524,7,3,4
14603,1693226185524,1692253921286,1692253921289,1693226185538,14,3,11
14604,1693226185538,1692253921331,1692253921334,1693226185583,45,3,42
14605,1693226185583,1692253921377,1692253921380,1693226185630,47,3,44
14606,1693226185630,1692253921385,1692253921388,1693226185637,7,3,4
14607,1693226185637,1692253921392,1692253921395,1693226185644,7,3,4
14608,1693226185644,1692253921400,1692253921403,1693226185652,8,3,5
14609,1693226185652,1692253921414,1692253921417,1693226185667,15,3,12
14610,1693226185667,1692253921422,1692253921425,1693226185674,7,3,4
14611,1693226185674,1692253921428,1692253921431,1693226185681,7,3,4
14612,1693226185681,1692253921477,1692253921480,1693226185729,48,3,45
14613,1693226185729,1692253921485,1692253921488,1693226185737,8,3,5
14614,1693226185737,1692253921494,1692253921498,1693226185747,10,4,6
14615,1693226185747,1692253921504,1692253921507,1693226185760,13,3,10
14616,1693226185760,1692253921638,1692253921642,1693226185892,132,4,128
14617,1693226185892,1692253921661,1692253921664,1693226185913,21,3,18
14618,1693226185913,1692253921674,1692253921677,1693226185926,13,3,10
14619,1693226185926,1692253921682,1692253921684,1693226185933,7,2,5
14620,1693226185933,1692253921688,1692253921691,1693226185940,7,3,4
14621,1693226185940,1692253921695,1692253921698,1693226185947,7,3,4
14622,1693226185947,1692253921702,1692253921705,1693226185954,7,3,4
14623,1693226185954,1692253921709,1692253921712,1693226185963,9,3,6
14624,1693226185963,1692253921718,1692253921721,1693226185970,7,3,4
14625,1693226185970,1692253921725,1692253921728,1693226185978,8,3,5
14626,1693226185978,1692253921733,1692253921736,1693226185985,7,3,4
14627,1693226185985,1692253921741,1692253921744,1693226185993,8,3,5
14628,1693226185993,1692253921877,1692253921880,1693226186129,136,3,133
14629,1693226186129,1692253921884,1692253921887,1693226186137,8,3,5
14630,1693226186137,1692253921957,1692253921960,1693226186209,72,3,69
14631,1693226186209,1692253921985,1692253921990,1693226186239,30,5,25
14632,1693226186239,1692253922011,1692253922014,1693226186263,24,3,21
14633,1693226186263,1692253922019,1692253922022,1693226186271,8,3,5
14634,1693226186271,1692253922027,1692253922030,1693226186280,9,3,6
14635,1693226186280,1692253922038,1692253922040,1693226186290,10,2,8
14636,1693226186290,1692253922045,1692253922048,1693226186297,7,3,4
14637,1693226186297,1692253922054,1692253922057,1693226186306,9,3,6
14638,1693226186306,1692253922077,1692253922080,1693226186329,23,3,20
14639,1693226186329,1692253922084,1692253922088,1693226186337,8,4,4
14640,1693226186337,1692253922092,1692253922096,1693226186345,8,4,4
14641,1693226186345,1692253922100,1692253922103,1693226186352,7,3,4
14642,1693226186352,1692253922113,1692253922116,1693226186385,33,3,30
14643,1693226186385,1692253922140,1692253922144,1693226186393,8,4,4
14644,1693226186393,1692253922148,1692253922152,1693226186401,8,4,4
14645,1693226186401,1692253922162,1692253922165,1693226186414,13,3,10
14646,1693226186414,1692253922189,1692253922192,1693226186441,27,3,24
14647,1693226186441,1692253922210,1692253922214,1693226186463,22,4,18
14648,1693226186463,1692253922218,1692253922221,1693226186470,7,3,4
14649,1693226186470,1692253922265,1692253922268,1693226186517,47,3,44
14650,1693226186517,1692253922274,1692253922277,1693226186526,9,3,6
14651,1693226186526,1692253922284,1692253922287,1693226186536,10,3,7
14652,1693226186536,1692253922292,1692253922295,1693226186544,8,3,5
14653,1693226186544,1692253922299,1692253922302,1693226186552,8,3,5
14654,1693226186552,1692253922308,1692253922310,1693226186559,7,2,5
14655,1693226186559,1692253922314,1692253922318,1693226186567,8,4,4
14656,1693226186567,1692253922323,1692253922325,1693226186574,7,2,5
14657,1693226186574,1692253922331,1692253922334,1693226186583,9,3,6
14658,1693226186583,1692253922350,1692253922353,1693226186602,19,3,16
14659,1693226186602,1692253922361,1692253922364,1693226186613,11,3,8
14660,1693226186613,1692253922370,1692253922373,1693226186622,9,3,6
14661,1693226186622,1692253922378,1692253922380,1693226186634,12,2,10
14662,1693226186634,1692253922496,1692253922500,1693226186749,115,4,111
14663,1693226186749,1692253922517,1692253922520,1693226186769,20,3,17
14664,1693226186769,1692253922565,1692253922568,1693226186817,48,3,45
14665,1693226186817,1692253922578,1692253922581,1693226186830,13,3,10
14666,1693226186830,1692253922585,1692253922587,1693226186836,6,2,4
14667,1693226186836,1692253922591,1692253922595,1693226186843,7,4,3
14668,1693226186843,1692253922601,1692253922605,1693226186854,11,4,7
14669,1693226186854,1692253922622,1692253922625,1693226186874,20,3,17
14670,1693226186874,1692253922637,1692253922641,1693226186890,16,4,12
14671,1693226186890,1692253922647,1692253922650,1693226186899,9,3,6
14672,1693226186899,1692253922698,1692253922701,1693226186950,51,3,48
14673,1693226186950,1692253922798,1692253922800,1693226187050,100,2,98
14674,1693226187050,1692253922814,1692253922829,1693226187078,28,15,13
14675,1693226187078,1692253922836,1692253922840,1693226187089,11,4,7
14676,1693226187089,1692253922846,1692253922851,1693226187101,12,5,7
14677,1693226187101,1692253922869,1692253922872,1693226187121,20,3,17
14678,1693226187121,1692253922893,1692253922896,1693226187145,24,3,21
14679,1693226187145,1692253922901,1692253922905,1693226187154,9,4,5
14680,1693226187154,1692253922909,1692253922912,1693226187161,7,3,4
14681,1693226187161,1692253922921,1692253922924,1693226187173,12,3,9
14682,1693226187174,1692253922929,1692253922932,1693226187181,7,3,4
14683,1693226187181,1692253922942,1692253922944,1693226187193,12,2,10
14684,1693226187193,1692253922950,1692253922952,1693226187202,9,2,7
14685,1693226187202,1692253922970,1692253922973,1693226187222,20,3,17
14686,1693226187223,1692253922981,1692253922983,1693226187233,10,2,8
14687,1693226187233,1692253923011,1692253923016,1693226187265,32,5,27
14688,1693226187265,1692253923049,1692253923053,1693226187303,38,4,34
14689,1693226187303,1692253923061,1692253923064,1693226187314,11,3,8
14690,1693226187314,1692253923069,1692253923072,1693226187321,7,3,4
14691,1693226187321,1692253923076,1692253923079,1693226187329,8,3,5
14692,1693226187329,1692253923084,1692253923087,1693226187336,7,3,4
14693,1693226187336,1692253923092,1692253923095,1693226187344,8,3,5
14694,1693226187344,1692253923100,1692253923103,1693226187352,8,3,5
14695,1693226187352,1692253923109,1692253923112,1693226187361,9,3,6
14696,1693226187361,1692253923121,1692253923124,1693226187373,12,3,9
14697,1693226187373,1692253923141,1692253923144,1693226187393,20,3,17
14698,1693226187393,1692253923249,1692253923252,1693226187501,108,3,105
14699,1693226187501,1692253923333,1692253923336,1693226187586,85,3,82
14700,1693226187586,1692253923370,1692253923373,1693226187622,36,3,33
14701,1693226187622,1692253923377,1692253923380,1693226187629,7,3,4
14702,1693226187629,1692253923384,1692253923387,1693226187636,7,3,4
14703,1693226187636,1692253923394,1692253923396,1693226187645,9,2,7
14704,1693226187645,1692253923402,1692253923405,1693226187654,9,3,6
14705,1693226187654,1692253923425,1692253923429,1693226187683,29,4,25
14706,1693226187683,1692253923462,1692253923465,1693226187714,31,3,28
14707,1693226187714,1692253923470,1692253923472,1693226187734,20,2,18
14708,1693226187734,1692253923501,1692253923504,1693226187753,19,3,16
14709,1693226187753,1692253923509,1692253923512,1693226187761,8,3,5
14710,1693226187761,1692253923578,1692253923581,1693226187830,69,3,66
14711,1693226187830,1692253923594,1692253923597,1693226187846,16,3,13
14712,1693226187846,1692253923602,1692253923605,1693226187854,8,3,5
14713,1693226187854,1692253923625,1692253923628,1693226187877,23,3,20
14714,1693226187877,1692253923637,1692253923641,1693226187890,13,4,9
14715,1693226187890,1692253923646,1692253923725,1693226187975,85,79,6
14716,1693226187975,1692253923802,1692253923806,1693226188055,80,4,76
14717,1693226188055,1692253923833,1692253923837,1693226188086,31,4,27
14718,1693226188086,1692253923841,1692253923845,1693226188094,8,4,4
14719,1693226188094,1692253923849,1692253923851,1693226188100,6,2,4
14720,1693226188100,1692253923855,1692253923859,1693226188108,8,4,4
14721,1693226188108,1692253923993,1692253923996,1693226188246,138,3,135
14722,1693226188246,1692253924001,1692253924004,1693226188253,7,3,4
14723,1693226188253,1692253924014,1692253924077,1693226188327,74,63,11
14724,1693226188327,1692253924129,1692253924132,1693226188382,55,3,52
14725,1693226188382,1692253924137,1692253924140,1693226188402,20,3,17
14726,1693226188402,1692253924166,1692253924168,1693226188420,18,2,16
14727,1693226188420,1692253924182,1692253924184,1693226188433,13,2,11
14728,1693226188433,1692253924214,1692253924216,1693226188465,32,2,30
14729,1693226188465,1692253924221,1692253924224,1693226188473,8,3,5
14730,1693226188473,1692253924229,1692253924231,1693226188480,7,2,5
14731,1693226188481,1692253924293,1692253924296,1693226188545,64,3,61
14732,1693226188545,1692253924301,1692253924304,1693226188553,8,3,5
14733,1693226188553,1692253924318,1692253924321,1693226188570,17,3,14
14734,1693226188570,1692253924330,1692253924333,1693226188582,12,3,9
14735,1693226188582,1692253924389,1692253924391,1693226188641,59,2,57
14736,1693226188641,1692253924414,1692253924417,1693226188666,25,3,22
14737,1693226188666,1692253924421,1692253924424,1693226188673,7,3,4
14738,1693226188673,1692253924458,1692253924461,1693226188710,37,3,34
14739,1693226188710,1692253924505,1692253924509,1693226188758,48,4,44
14740,1693226188758,1692253924514,1692253924516,1693226188774,16,2,14
14741,1693226188774,1692253924579,1692253924582,1693226188831,57,3,54
14742,1693226188831,1692253924586,1692253924590,1693226188839,8,4,4
14743,1693226188839,1692253924605,1692253924608,1693226188858,19,3,16
14744,1693226188858,1692253924647,1692253924650,1693226188900,42,3,39
14745,1693226188900,1692253924655,1692253924657,1693226188907,7,2,5
14746,1693226188907,1692253924686,1692253924693,1693226188942,35,7,28
14747,1693226188942,1692253924721,1692253924724,1693226188974,32,3,29
14748,1693226188974,1692253924730,1692253924733,1693226188981,7,3,4
14749,1693226188981,1692253924738,1692253924741,1693226189006,25,3,22
14750,1693226189006,1692253924790,1692253924793,1693226189042,36,3,33
14751,1693226189042,1692253924797,1692253924800,1693226189050,8,3,5
14752,1693226189050,1692253924806,1692253924808,1693226189058,8,2,6
14753,1693226189058,1692253924813,1692253924816,1693226189065,7,3,4
14754,1693226189065,1692253924821,1692253924824,1693226189073,8,3,5
14755,1693226189073,1692253924829,1692253924832,1693226189081,8,3,5
14756,1693226189081,1692253924837,1692253924840,1693226189089,8,3,5
14757,1693226189089,1692253924882,1692253924885,1693226189137,48,3,45
14758,1693226189137,1692253924894,1692253924897,1693226189146,9,3,6
14759,1693226189146,1692253924902,1692253924904,1693226189154,8,2,6
14760,1693226189154,1692253924929,1692253924932,1693226189181,27,3,24
14761,1693226189181,1692253925001,1692253925004,1693226189253,72,3,69
14762,1693226189253,1692253925008,1692253925012,1693226189261,8,4,4
14763,1693226189261,1692253925016,1692253925019,1693226189268,7,3,4
14764,1693226189268,1692253925062,1692253925067,1693226189317,49,5,44
14765,1693226189317,1692253925117,1692253925120,1693226189370,53,3,50
14766,1693226189370,1692253925137,1692253925140,1693226189389,19,3,16
14767,1693226189389,1692253925157,1692253925160,1693226189409,20,3,17
14768,1693226189409,1692253925164,1692253925167,1693226189416,7,3,4
14769,1693226189416,1692253925185,1692253925188,1693226189437,21,3,18
14770,1693226189437,1692253925194,1692253925196,1693226189446,9,2,7
14771,1693226189446,1692253925205,1692253925208,1693226189457,11,3,8
14772,1693226189457,1692253925212,1692253925215,1693226189464,7,3,4
14773,1693226189464,1692253925249,1692253925252,1693226189501,37,3,34
14774,1693226189501,1692253925256,1692253925259,1693226189508,7,3,4
14775,1693226189508,1692253925263,1692253925266,1693226189515,7,3,4
14776,1693226189515,1692253925271,1692253925274,1693226189523,8,3,5
14777,1693226189524,1692253925322,1692253925324,1693226189573,49,2,47
14778,1693226189573,1692253925338,1692253925342,1693226189591,18,4,14
14779,1693226189591,1692253925358,1692253925361,1693226189610,19,3,16
14780,1693226189610,1692253925370,1692253925372,1693226189622,12,2,10
14781,1693226189622,1692253925378,1692253925381,1693226189630,8,3,5
14782,1693226189630,1692253925430,1692253925433,1693226189682,52,3,49
14783,1693226189682,1692253925446,1692253925449,1693226189698,16,3,13
14784,1693226189698,1692253925489,1692253925492,1693226189742,44,3,41
14785,1693226189742,1692253925497,1692253925500,1693226189753,11,3,8
14786,1693226189753,1692253925517,1692253925520,1693226189769,16,3,13
14787,1693226189769,1692253925525,1692253925528,1693226189777,8,3,5
14788,1693226189777,1692253925533,1692253925536,1693226189786,9,3,6
14789,1693226189786,1692253925629,1692253925632,1693226189881,95,3,92
14790,1693226189881,1692253925638,1692253925641,1693226189890,9,3,6
14791,1693226189890,1692253925646,1692253925649,1693226189898,8,3,5
14792,1693226189898,1692253925654,1692253925657,1693226189907,9,3,6
14793,1693226189907,1692253925663,1692253925666,1693226189915,8,3,5
14794,1693226189915,1692253925674,1692253925676,1693226189925,10,2,8
14795,1693226189925,1692253925682,1692253925685,1693226189934,9,3,6
14796,1693226189934,1692253925730,1692253925733,1693226189982,48,3,45
14797,1693226189982,1692253925761,1692253925764,1693226190013,31,3,28
14798,1693226190013,1692253925817,1692253925820,1693226190069,56,3,53
14799,1693226190069,1692253925824,1692253925827,1693226190076,7,3,4
14800,1693226190076,1692253925845,1692253925848,1693226190097,21,3,18
14801,1693226190097,1692253925854,1692253925857,1693226190107,10,3,7
14802,1693226190107,1692253925862,1692253925865,1693226190114,7,3,4
14803,1693226190114,1692253925870,1692253925872,1693226190121,7,2,5
14804,1693226190121,1692253925881,1692253925884,1693226190133,12,3,9
14805,1693226190133,1692253925894,1692253925897,1693226190146,13,3,10
14806,1693226190146,1692253925910,1692253925913,1693226190163,17,3,14
14807,1693226190163,1692253925918,1692253925920,1693226190170,7,2,5
14808,1693226190170,1692253925945,1692253925948,1693226190198,28,3,25
14809,1693226190198,1692253925954,1692253925956,1693226190206,8,2,6
14810,1693226190206,1692253925962,1692253926013,1693226190264,58,51,7
14811,1693226190264,1692253926019,1692253926022,1693226190271,7,3,4
14812,1693226190271,1692253926185,1692253926188,1693226190438,167,3,164
14813,1693226190438,1692253926193,1692253926196,1693226190445,7,3,4
14814,1693226190445,1692253926217,1692253926221,1693226190470,25,4,21
14815,1693226190470,1692253926226,1692253926230,1693226190479,9,4,5
14816,1693226190479,1692253926243,1692253926247,1693226190497,18,4,14
14817,1693226190497,1692253926258,1692253926260,1693226190509,12,2,10
14818,1693226190510,1692253926274,1692253926276,1693226190526,16,2,14
14819,1693226190526,1692253926286,1692253926288,1693226190537,11,2,9
14820,1693226190537,1692253926363,1692253926365,1693226190615,78,2,76
14821,1693226190615,1692253926374,1692253926377,1693226190626,11,3,8
14822,1693226190626,1692253926434,1692253926437,1693226190686,60,3,57
14823,1693226190686,1692253926512,1692253926515,1693226190765,79,3,76
14824,1693226190765,1692253926520,1692253926555,1693226190804,39,35,4
14825,1693226190804,1692253926563,1692253926566,1693226190815,11,3,8
14826,1693226190815,1692253926629,1692253926632,1693226190881,66,3,63
14827,1693226190881,1692253926636,1692253926639,1693226190889,8,3,5
14828,1693226190889,1692253926646,1692253926650,1693226190899,10,4,6
14829,1693226190899,1692253926670,1692253926673,1693226190922,23,3,20
14830,1693226190922,1692253926677,1692253926680,1693226190929,7,3,4
14831,1693226190929,1692253926684,1692253926687,1693226190936,7,3,4
14832,1693226190936,1692253926691,1692253926694,1693226190943,7,3,4
14833,1693226190943,1692253926713,1692253926716,1693226190965,22,3,19
14834,1693226190965,1692253926720,1692253926722,1693226190971,6,2,4
14835,1693226190971,1692253926738,1692253926740,1693226190989,18,2,16
14836,1693226190989,1692253926744,1692253926747,1693226190997,8,3,5
14837,1693226190997,1692253926752,1692253926755,1693226191004,7,3,4
14838,1693226191004,1692253926785,1692253926788,1693226191037,33,3,30
14839,1693226191037,1692253926794,1692253926797,1693226191046,9,3,6
14840,1693226191046,1692253926801,1692253926804,1693226191053,7,3,4
14841,1693226191053,1692253926808,1692253926811,1693226191060,7,3,4
14842,1693226191060,1692253926826,1692253926829,1693226191078,18,3,15
14843,1693226191078,1692253926836,1692253926839,1693226191087,9,3,6
14844,1693226191087,1692253926845,1692253926849,1693226191099,12,4,8
14845,1693226191099,1692253926855,1692253926859,1693226191108,9,4,5
14846,1693226191108,1692253926864,1692253926867,1693226191116,8,3,5
14847,1693226191116,1692253926872,1692253926875,1693226191124,8,3,5
14848,1693226191124,1692253926881,1692253926884,1693226191133,9,3,6
14849,1693226191133,1692253926961,1692253926964,1693226191213,80,3,77
14850,1693226191213,1692253926982,1692253926986,1693226191236,23,4,19
14851,1693226191236,1692253927006,1692253927009,1693226191258,22,3,19
14852,1693226191259,1692253927014,1692253927017,1693226191266,7,3,4
14853,1693226191266,1692253927021,1692253927025,1693226191274,8,4,4
14854,1693226191275,1692253927037,1692253927040,1693226191289,14,3,11
14855,1693226191289,1692253927054,1692253927057,1693226191306,17,3,14
14856,1693226191306,1692253927064,1692253927067,1693226191316,10,3,7
14857,1693226191316,1692253927073,1692253927076,1693226191325,9,3,6
14858,1693226191325,1692253927125,1692253927128,1693226191377,52,3,49
14859,1693226191377,1692253927164,1692253927167,1693226191416,39,3,36
14860,1693226191416,1692253927171,1692253927173,1693226191422,6,2,4
14861,1693226191422,1692253927178,1692253927180,1693226191429,7,2,5
14862,1693226191429,1692253927185,1692253927187,1693226191436,7,2,5
14863,1693226191436,1692253927191,1692253927193,1693226191442,6,2,4
14864,1693226191442,1692253927198,1692253927200,1693226191449,7,2,5
14865,1693226191449,1692253927205,1692253927208,1693226191457,8,3,5
14866,1693226191457,1692253927212,1692253927214,1693226191463,6,2,4
14867,1693226191463,1692253927219,1692253927224,1693226191473,10,5,5
14868,1693226191473,1692253927228,1692253927231,1693226191480,7,3,4
14869,1693226191481,1692253927236,1692253927239,1693226191488,7,3,4
14870,1693226191488,1692253927245,1692253927248,1693226191497,9,3,6
14871,1693226191497,1692253927252,1692253927255,1693226191504,7,3,4
14872,1693226191504,1692253927259,1692253927262,1693226191511,7,3,4
14873,1693226191511,1692253927410,1692253927413,1693226191662,151,3,148
14874,1693226191662,1692253927418,1692253927421,1693226191670,8,3,5
14875,1693226191670,1692253927512,1692253927518,1693226191767,97,6,91
14876,1693226191767,1692253927522,1692253927541,1693226191790,23,19,4
14877,1693226191790,1692253927558,1692253927561,1693226191810,20,3,17
14878,1693226191810,1692253927569,1692253927572,1693226191821,11,3,8
14879,1693226191821,1692253927576,1692253927579,1693226191828,7,3,4
14880,1693226191828,1692253927586,1692253927589,1693226191838,10,3,7
14881,1693226191838,1692253927593,1692253927596,1693226191845,7,3,4
14882,1693226191845,1692253927613,1692253927616,1693226191865,20,3,17
14883,1693226191865,1692253927625,1692253927628,1693226191877,12,3,9
14884,1693226191877,1692253927633,1692253927635,1693226191885,8,2,6
14885,1693226191885,1692253927640,1692253927645,1693226191895,10,5,5
14886,1693226191895,1692253927650,1692253927657,1693226191907,12,7,5
14887,1693226191907,1692253927680,1692253927683,1693226191932,25,3,22
14888,1693226191932,1692253927688,1692253927694,1693226191943,11,6,5
14889,1693226191943,1692253927699,1692253927702,1693226191952,9,3,6
14890,1693226191952,1692253927707,1692253927710,1693226191959,7,3,4
14891,1693226191959,1692253927715,1692253927718,1693226191968,9,3,6
14892,1693226191968,1692253927723,1692253927727,1693226191976,8,4,4
14893,1693226191976,1692253927731,1692253927734,1693226191983,7,3,4
14894,1693226191983,1692253927738,1692253927741,1693226191990,7,3,4
14895,1693226191990,1692253927770,1692253927773,1693226192023,33,3,30
14896,1693226192023,1692253927848,1692253927851,1693226192101,78,3,75
14897,1693226192101,1692253927896,1692253927900,1693226192149,48,4,44
14898,1693226192149,1692253927934,1692253927937,1693226192186,37,3,34
14899,1693226192186,1692253927993,1692253927996,1693226192245,59,3,56
14900,1693226192245,1692253928001,1692253928003,1693226192253,8,2,6
14901,1693226192253,1692253928007,1692253928010,1693226192259,6,3,3
14902,1693226192260,1692253928015,1692253928018,1693226192268,8,3,5
14903,1693226192268,1692253928033,1692253928037,1693226192286,18,4,14
14904,1693226192286,1692253928058,1692253928060,1693226192312,26,2,24
14905,1693226192312,1692253928074,1692253928077,1693226192326,14,3,11
14906,1693226192326,1692253928106,1692253928109,1693226192358,32,3,29
14907,1693226192358,1692253928114,1692253928116,1693226192365,7,2,5
14908,1693226192365,1692253928120,1692253928123,1693226192373,8,3,5
14909,1693226192373,1692253928129,1692253928131,1693226192380,7,2,5
14910,1693226192380,1692253928197,1692253928201,1693226192454,74,4,70
14911,1693226192454,1692253928210,1692253928213,1693226192462,8,3,5
14912,1693226192462,1692253928218,1692253928221,1693226192470,8,3,5
14913,1693226192470,1692253928238,1692253928241,1693226192490,20,3,17
14914,1693226192490,1692253928249,1692253928252,1693226192501,11,3,8
14915,1693226192501,1692253928256,1692253928259,1693226192508,7,3,4
14916,1693226192508,1692253928278,1692253928281,1693226192530,22,3,19
14917,1693226192530,1692253928285,1692253928288,1693226192536,6,3,3
14918,1693226192536,1692253928294,1692253928296,1693226192546,10,2,8
14919,1693226192546,1692253928345,1692253928348,1693226192597,51,3,48
14920,1693226192597,1692253928363,1692253928366,1693226192615,18,3,15
14921,1693226192615,1692253928409,1692253928414,1693226192663,48,5,43
14922,1693226192663,1692253928418,1692253928422,1693226192671,8,4,4
14923,1693226192671,1692253928434,1692253928436,1693226192686,15,2,13
14924,1693226192686,1692253928441,1692253928444,1693226192693,7,3,4
14925,1693226192693,1692253928449,1692253928452,1693226192701,8,3,5
14926,1693226192701,1692253928477,1692253928480,1693226192729,28,3,25
14927,1693226192729,1692253928484,1692253928487,1693226192736,7,3,4
14928,1693226192736,1692253928492,1692253928494,1693226192743,7,2,5
14929,1693226192743,1692253928498,1692253928501,1693226192750,7,3,4
14930,1693226192750,1692253928512,1692253928515,1693226192765,15,3,12
14931,1693226192765,1692253928520,1692253928524,1693226192773,8,4,4
14932,1693226192773,1692253928533,1692253928536,1693226192785,12,3,9
14933,1693226192785,1692253928565,1692253928568,1693226192824,39,3,36
14934,1693226192824,1692253928586,1692253928589,1693226192838,14,3,11
14935,1693226192838,1692253928598,1692253928600,1693226192849,11,2,9
14936,1693226192849,1692253928609,1692253928612,1693226192861,12,3,9
14937,1693226192861,1692253928618,1692253928621,1693226192870,9,3,6
14938,1693226192870,1692253928625,1692253928628,1693226192877,7,3,4
14939,1693226192877,1692253928632,1692253928635,1693226192884,7,3,4
14940,1693226192884,1692253928641,1692253928643,1693226192893,9,2,7
14941,1693226192893,1692253928648,1692253928651,1693226192900,7,3,4
14942,1693226192900,1692253928656,1692253928660,1693226192909,9,4,5
14943,1693226192909,1692253928814,1692253928817,1693226193066,157,3,154
14944,1693226193066,1692253928845,1692253928850,1693226193099,33,5,28
14945,1693226193099,1692253928863,1692253928865,1693226193115,16,2,14
14946,1693226193115,1692253928874,1692253928877,1693226193126,11,3,8
14947,1693226193126,1692253928894,1692253928897,1693226193146,20,3,17
14948,1693226193146,1692253928901,1692253928905,1693226193154,8,4,4
14949,1693226193154,1692253928913,1692253928916,1693226193165,11,3,8
14950,1693226193165,1692253928921,1692253928923,1693226193172,7,2,5
14951,1693226193173,1692253928928,1692253928931,1693226193180,7,3,4
14952,1693226193180,1692253928936,1692253928938,1693226193188,8,2,6
14953,1693226193188,1692253928953,1692253928957,1693226193206,18,4,14
14954,1693226193206,1692253928961,1692253928963,1693226193212,6,2,4
14955,1693226193212,1692253929009,1692253929012,1693226193261,49,3,46
14956,1693226193261,1692253929017,1692253929020,1693226193269,8,3,5
14957,1693226193269,1692253929024,1692253929027,1693226193276,7,3,4
14958,1693226193276,1692253929042,1692253929046,1693226193296,20,4,16
14959,1693226193296,1692253929054,1692253929057,1693226193306,10,3,7
14960,1693226193306,1692253929061,1692253929064,1693226193313,7,3,4
14961,1693226193313,1692253929069,1692253929072,1693226193321,8,3,5
14962,1693226193321,1692253929098,1692253929101,1693226193350,29,3,26
14963,1693226193350,1692253929113,1692253929116,1693226193365,15,3,12
14964,1693226193365,1692253929120,1692253929124,1693226193372,7,4,3
14965,1693226193372,1692253929127,1692253929130,1693226193380,8,3,5
14966,1693226193380,1692253929135,1692253929138,1693226193386,6,3,3
14967,1693226193386,1692253929142,1692253929144,1693226193394,8,2,6
14968,1693226193394,1692253929148,1692253929152,1693226193401,7,4,3
14969,1693226193401,1692253929181,1692253929184,1693226193439,38,3,35
14970,1693226193439,1692253929194,1692253929197,1693226193446,7,3,4
14971,1693226193446,1692253929253,1692253929256,1693226193505,59,3,56
14972,1693226193505,1692253929261,1692253929264,1693226193513,8,3,5
14973,1693226193513,1692253929268,1692253929271,1693226193520,7,3,4
14974,1693226193520,1692253929276,1692253929278,1693226193527,7,2,5
14975,1693226193527,1692253929283,1692253929286,1693226193535,8,3,5
14976,1693226193535,1692253929293,1692253929296,1693226193545,10,3,7
14977,1693226193545,1692253929341,1692253929344,1693226193593,48,3,45
14978,1693226193593,1692253929409,1692253929412,1693226193662,69,3,66
14979,1693226193662,1692253929418,1692253929421,1693226193670,8,3,5
14980,1693226193670,1692253929428,1692253929431,1693226193680,10,3,7
14981,1693226193680,1692253929473,1692253929476,1693226193725,45,3,42
14982,1693226193725,1692253929480,1692253929483,1693226193732,7,3,4
14983,1693226193732,1692253929518,1692253929522,1693226193771,39,4,35
14984,1693226193771,1692253929526,1692253929530,1693226193779,8,4,4
14985,1693226193779,1692253929561,1692253929564,1693226193813,34,3,31
14986,1693226193813,1692253929578,1692253929581,1693226193830,17,3,14
14987,1693226193830,1692253929585,1692253929588,1693226193837,7,3,4
14988,1693226193837,1692253929592,1692253929595,1693226193844,7,3,4
14989,1693226193844,1692253929646,1692253929649,1693226193898,54,3,51
14990,1693226193898,1692253929653,1692253929657,1693226193906,8,4,4
14991,1693226193907,1692253929774,1692253929777,1693226194026,119,3,116
14992,1693226194026,1692253929781,1692253929784,1693226194033,7,3,4
14993,1693226194033,1692253929788,1692253929792,1693226194041,8,4,4
14994,1693226194041,1692253929814,1692253929816,1693226194065,24,2,22
14995,1693226194065,1692253929821,1692253929826,1693226194075,10,5,5
14996,1693226194075,1692253929830,1692253929833,1693226194082,7,3,4
14997,1693226194083,1692253929850,1692253929854,1693226194104,21,4,17
14998,1693226194104,1692253929859,1692253929863,1693226194112,8,4,4
14999,1693226194112,1692253929868,1692253929871,1693226194120,8,3,5
15000,1693226194120,1692253929926,1692253929929,1693226194178,58,3,55
15001,1693226194178,1692253929949,1692253929952,1693226194201,23,3,20
15002,1693226194201,1692253929973,1692253929976,1693226194225,24,3,21
15003,1693226194225,1692253929981,1692253929983,1693226194232,7,2,5
15004,1693226194232,1692253930013,1692253930016,1693226194265,33,3,30
15005,1693226194265,1692253930020,1692253930026,1693226194275,10,6,4
15006,1693226194275,1692253930030,1692253930033,1693226194283,8,3,5
15007,1693226194283,1692253930038,1692253930041,1693226194290,7,3,4
15008,1693226194290,1692253930046,1692253930049,1693226194298,8,3,5
15009,1693226194298,1692253930086,1692253930089,1693226194338,40,3,37
15010,1693226194338,1692253930113,1692253930116,1693226194365,27,3,24
15011,1693226194365,1692253930122,1692253930125,1693226194374,9,3,6
15012,1693226194374,1692253930129,1692253930132,1693226194381,7,3,4
15013,1693226194381,1692253930245,1692253930248,1693226194498,117,3,114
15014,1693226194498,1692253930253,1692253930256,1693226194505,7,3,4
15015,1693226194505,1692253930260,1692253930263,1693226194513,8,3,5
15016,1693226194513,1692253930268,1692253930271,1693226194520,7,3,4
15017,1693226194520,1692253930276,1692253930279,1693226194528,8,3,5
15018,1693226194528,1692253930317,1692253930320,1693226194569,41,3,38
15019,1693226194569,1692253930334,1692253930337,1693226194586,17,3,14
15020,1693226194586,1692253930341,1692253930345,1693226194594,8,4,4
15021,1693226194594,1692253930349,1692253930352,1693226194601,7,3,4
15022,1693226194601,1692253930356,1692253930359,1693226194609,8,3,5
15023,1693226194609,1692253930364,1692253930367,1693226194616,7,3,4
15024,1693226194616,1692253930374,1692253930377,1693226194626,10,3,7
15025,1693226194626,1692253930386,1692253930388,1693226194637,11,2,9
15026,1693226194637,1692253930393,1692253930396,1693226194645,8,3,5
15027,1693226194645,1692253930400,1692253930404,1693226194652,7,4,3
15028,1693226194652,1692253930407,1692253930410,1693226194659,7,3,4
15029,1693226194659,1692253930421,1692253930424,1693226194673,14,3,11
15030,1693226194673,1692253930445,1692253930448,1693226194698,25,3,22
15031,1693226194698,1692253930461,1692253930465,1693226194715,17,4,13
15032,1693226194715,1692253930478,1692253930481,1693226194730,15,3,12
15033,1693226194730,1692253930521,1692253930524,1693226194773,43,3,40
15034,1693226194773,1692253930528,1692253930531,1693226194781,8,3,5
15035,1693226194781,1692253930574,1692253930577,1693226194826,45,3,42
15036,1693226194826,1692253930586,1692253930590,1693226194839,13,4,9
15037,1693226194839,1692253930597,1692253930600,1693226194849,10,3,7
15038,1693226194849,1692253930606,1692253930608,1693226194858,9,2,7
15039,1693226194858,1692253930613,1692253930616,1693226194865,7,3,4
15040,1693226194865,1692253930620,1692253930623,1693226194874,9,3,6
15041,1693226194874,1692253930631,1692253930634,1693226194883,9,3,6
15042,1693226194883,1692253930639,1692253930642,1693226194895,12,3,9
15043,1693226194895,1692253930651,1692253930654,1693226194903,8,3,5
15044,1693226194903,1692253930674,1692253930677,1693226194926,23,3,20
15045,1693226194926,1692253930722,1692253930725,1693226194974,48,3,45
15046,1693226194974,1692253930769,1692253930797,1693226195046,72,28,44
15047,1693226195046,1692253930801,1692253930804,1693226195053,7,3,4
15048,1693226195053,1692253930808,1692253930812,1693226195061,8,4,4
15049,1693226195061,1692253930816,1692253930819,1693226195068,7,3,4
15050,1693226195068,1692253930823,1692253930826,1693226195076,8,3,5
15051,1693226195076,1692253930832,1692253930835,1693226195084,8,3,5
15052,1693226195084,1692253930839,1692253930842,1693226195091,7,3,4
15053,1693226195091,1692253930857,1692253930860,1693226195109,18,3,15
15054,1693226195109,1692253930907,1692253930910,1693226195159,50,3,47
15055,1693226195159,1692253930915,1692253930918,1693226195167,8,3,5
15056,1693226195167,1692253930961,1692253930964,1693226195213,46,3,43
15057,1693226195213,1692253930969,1692253930972,1693226195221,8,3,5
15058,1693226195221,1692253930997,1692253931000,1693226195248,27,3,24
15059,1693226195249,1692253931009,1692253931012,1693226195261,12,3,9
15060,1693226195261,1692253931019,1692253931023,1693226195271,10,4,6
15061,1693226195271,1692253931027,1692253931045,1693226195294,23,18,5
15062,1693226195294,1692253931073,1692253931077,1693226195326,32,4,28
15063,1693226195326,1692253931149,1692253931152,1693226195406,80,3,77
15064,1693226195406,1692253931162,1692253931165,1693226195414,8,3,5
15065,1693226195414,1692253931169,1692253931172,1693226195421,7,3,4
15066,1693226195421,1692253931176,1692253931179,1693226195428,7,3,4
15067,1693226195428,1692253931183,1692253931186,1693226195435,7,3,4
15068,1693226195435,1692253931210,1692253931215,1693226195464,29,5,24
15069,1693226195464,1692253931219,1692253931222,1693226195471,7,3,4
15070,1693226195471,1692253931228,1692253931231,1693226195480,9,3,6
15071,1693226195480,1692253931236,1692253931239,1693226195488,8,3,5
15072,1693226195488,1692253931266,1692253931268,1693226195518,30,2,28
15073,1693226195518,1692253931301,1692253931304,1693226195553,35,3,32
15074,1693226195553,1692253931308,1692253931311,1693226195560,7,3,4
15075,1693226195560,1692253931315,1692253931318,1693226195567,7,3,4
15076,1693226195567,1692253931322,1692253931325,1693226195574,7,3,4
15077,1693226195574,1692253931330,1692253931333,1693226195582,8,3,5
15078,1693226195582,1692253931338,1692253931341,1693226195590,8,3,5
15079,1693226195590,1692253931345,1692253931348,1693226195597,7,3,4
15080,1693226195597,1692253931352,1692253931355,1693226195604,7,3,4
15081,1693226195604,1692253931361,1692253931364,1693226195613,9,3,6
15082,1693226195613,1692253931369,1692253931372,1693226195621,8,3,5
15083,1693226195621,1692253931376,1692253931379,1693226195628,7,3,4
15084,1693226195628,1692253931386,1692253931389,1693226195638,10,3,7
15085,1693226195638,1692253931396,1692253931399,1693226195648,10,3,7
15086,1693226195648,1692253931404,1692253931407,1693226195657,9,3,6
15087,1693226195657,1692253931521,1692253931525,1693226195774,117,4,113
15088,1693226195775,1692253931531,1692253931534,1693226195783,8,3,5
15089,1693226195783,1692253931577,1692253931582,1693226195831,48,5,43
15090,1693226195831,1692253931586,1692253931593,1693226195842,11,7,4
15091,1693226195842,1692253931597,1692253931601,1693226195850,8,4,4
15092,1693226195850,1692253931606,1692253931608,1693226195858,8,2,6
15093,1693226195858,1692253931617,1692253931620,1693226195869,11,3,8
15094,1693226195869,1692253931630,1692253931633,1693226195890,21,3,18
15095,1693226195890,1692253931646,1692253931650,1693226195899,9,4,5
15096,1693226195899,1692253931654,1692253931657,1693226195906,7,3,4
15097,1693226195906,1692253931664,1692253931666,1693226195915,9,2,7
15098,1693226195915,1692253931681,1692253931684,1693226195934,19,3,16
15099,1693226195934,1692253931702,1692253931704,1693226195953,19,2,17
15100,1693226195953,1692253931714,1692253931716,1693226195965,12,2,10
15101,1693226195965,1692253931726,1692253931728,1693226195978,13,2,11
15102,1693226195978,1692253931734,1692253931736,1693226195985,7,2,5
15103,1693226195985,1692253931794,1692253931797,1693226196046,61,3,58
15104,1693226196046,1692253931825,1692253931828,1693226196077,31,3,28
15105,1693226196077,1692253931849,1692253931853,1693226196102,25,4,21
15106,1693226196102,1692253931858,1692253931861,1693226196110,8,3,5
15107,1693226196110,1692253932002,1692253932005,1693226196254,144,3,141
15108,1693226196254,1692253932019,1692253932023,1693226196272,18,4,14
15109,1693226196272,1692253932027,1692253932043,1693226196291,19,16,3
15110,1693226196291,1692253932138,1692253932141,1693226196390,99,3,96
15111,1693226196390,1692253932162,1692253932164,1693226196414,24,2,22
15112,1693226196414,1692253932170,1692253932172,1693226196422,8,2,6
15113,1693226196422,1692253932178,1692253932180,1693226196429,7,2,5
15114,1693226196429,1692253932292,1692253932295,1693226196544,115,3,112
15115,1693226196544,1692253932322,1692253932325,1693226196574,30,3,27
15116,1693226196574,1692253932389,1692253932392,1693226196642,68,3,65
15117,1693226196642,1692253932425,1692253932428,1693226196677,35,3,32
15118,1693226196677,1692253932433,1692253932435,1693226196684,7,2,5
15119,1693226196684,1692253932440,1692253932443,1693226196692,8,3,5
15120,1693226196692,1692253932447,1692253932450,1693226196700,8,3,5
15121,1693226196700,1692253932465,1692253932468,1693226196717,17,3,14
15122,1693226196717,1692253932485,1692253932489,1693226196738,21,4,17
15123,1693226196738,1692253932497,1692253932500,1693226196749,11,3,8
15124,1693226196749,1692253932520,1692253932523,1693226196773,24,3,21
15125,1693226196773,1692253932529,1692253932532,1693226196781,8,3,5
15126,1693226196781,1692253932561,1692253932564,1693226196812,31,3,28
15127,1693226196812,1692253932589,1692253932592,1693226196845,33,3,30
15128,1693226196845,1692253932613,1692253932616,1693226196866,21,3,18
15129,1693226196866,1692253932622,1692253932625,1693226196874,8,3,5
15130,1693226196874,1692253932629,1692253932633,1693226196882,8,4,4
15131,1693226196882,1692253932637,1692253932641,1693226196890,8,4,4
15132,1693226196890,1692253932646,1692253932650,1693226196899,9,4,5
15133,1693226196899,1692253932655,1692253932743,1693226196993,94,88,6
15134,1693226196993,1692253932781,1692253932784,1693226197033,40,3,37
15135,1693226197033,1692253932789,1692253932792,1693226197042,9,3,6
15136,1693226197042,1692253932797,1692253932800,1693226197049,7,3,4
15137,1693226197049,1692253932825,1692253932828,1693226197077,28,3,25
15138,1693226197077,1692253932859,1692253932862,1693226197111,34,3,31
15139,1693226197111,1692253932866,1692253932869,1693226197118,7,3,4
15140,1693226197118,1692253932874,1692253932941,1693226197191,73,67,6
15141,1693226197191,1692253932946,1692253932949,1693226197198,7,3,4
15142,1693226197198,1692253932953,1692253933013,1693226197267,69,60,9
15143,1693226197267,1692253933022,1692253933026,1693226197275,8,4,4
15144,1693226197275,1692253933050,1692253933053,1693226197302,27,3,24
15145,1693226197302,1692253933057,1692253933060,1693226197309,7,3,4
15146,1693226197309,1692253933064,1692253933067,1693226197316,7,3,4
15147,1693226197316,1692253933072,1692253933074,1693226197323,7,2,5
15148,1693226197323,1692253933080,1692253933083,1693226197332,9,3,6
15149,1693226197332,1692253933088,1692253933091,1693226197340,8,3,5
15150,1693226197340,1692253933096,1692253933098,1693226197347,7,2,5
15151,1693226197347,1692253933102,1692253933105,1693226197354,7,3,4
15152,1693226197354,1692253933109,1692253933113,1693226197362,8,4,4
15153,1693226197362,1692253933117,1692253933120,1693226197369,7,3,4
15154,1693226197369,1692253933133,1692253933137,1693226197386,17,4,13
15155,1693226197386,1692253933147,1692253933154,1693226197403,17,7,10
15156,1693226197403,1692253933158,1692253933161,1693226197410,7,3,4
15157,1693226197410,1692253933166,1692253933169,1693226197418,8,3,5
15158,1693226197418,1692253933174,1692253933177,1693226197426,8,3,5
15159,1693226197426,1692253933184,1692253933187,1693226197435,9,3,6
15160,1693226197435,1692253933190,1692253933194,1693226197443,8,4,4
15161,1693226197443,1692253933198,1692253933202,1693226197451,8,4,4
15162,1693226197451,1692253933214,1692253933216,1693226197466,15,2,13
15163,1693226197466,1692253933230,1692253933233,1693226197482,16,3,13
15164,1693226197482,1692253933237,1692253933240,1693226197489,7,3,4
15165,1693226197489,1692253933262,1692253933265,1693226197514,25,3,22
15166,1693226197514,1692253933270,1692253933297,1693226197546,32,27,5
15167,1693226197546,1692253933321,1692253933324,1693226197573,27,3,24
15168,1693226197573,1692253933329,1692253933332,1693226197581,8,3,5
15169,1693226197581,1692253933337,1692253933340,1693226197589,8,3,5
15170,1693226197589,1692253933344,1692253933348,1693226197597,8,4,4
15171,1693226197597,1692253933352,1692253933355,1693226197604,7,3,4
15172,1693226197604,1692253933358,1692253933362,1693226197611,7,4,3
15173,1693226197611,1692253933370,1692253933373,1693226197622,11,3,8
15174,1693226197623,1692253933378,1692253933389,1693226197639,16,11,5
15175,1693226197639,1692253933405,1692253933408,1693226197657,18,3,15
15176,1693226197657,1692253933412,1692253933415,1693226197664,7,3,4
15177,1693226197664,1692253933453,1692253933456,1693226197705,41,3,38
15178,1693226197705,1692253933462,1692253933465,1693226197714,9,3,6
15179,1693226197714,1692253933486,1692253933491,1693226197740,26,5,21
15180,1693226197740,1692253933495,1692253933498,1693226197747,7,3,4
15181,1693226197747,1692253933502,1692253933506,1693226197755,8,4,4
15182,1693226197755,1692253933510,1692253933513,1693226197762,7,3,4
15183,1693226197762,1692253933517,1692253933520,1693226197768,6,3,3
15184,1693226197768,1692253933525,1692253933529,1693226197778,10,4,6
15185,1693226197778,1692253933533,1692253933536,1693226197785,7,3,4
15186,1693226197785,1692253933563,1692253933566,1693226197834,49,3,46
15187,1693226197834,1692253933589,1692253933591,1693226197841,7,2,5
15188,1693226197841,1692253933621,1692253933624,1693226197872,31,3,28
15189,1693226197872,1692253933645,1692253933649,1693226197898,26,4,22
15190,1693226197898,1692253933664,1692253933667,1693226197916,18,3,15
15191,1693226197916,1692253933672,1692253933675,1693226197924,8,3,5
15192,1693226197924,1692253933697,1692253933699,1693226197948,24,2,22
15193,1693226197948,1692253933706,1692253933709,1693226197958,10,3,7
15194,1693226197958,1692253933722,1692253933724,1693226197974,16,2,14
15195,1693226197974,1692253933729,1692253933732,1693226197981,7,3,4
15196,1693226197981,1692253933736,1692253933740,1693226197989,8,4,4
15197,1693226197989,1692253933744,1692253933747,1693226197996,7,3,4
15198,1693226197996,1692253933752,1692253933755,1693226198004,8,3,5
15199,1693226198004,1692253933762,1692253933764,1693226198013,9,2,7
15200,1693226198014,1692253933769,1692253933772,1693226198021,7,3,4
15201,1693226198021,1692253933776,1692253933779,1693226198028,7,3,4
15202,1693226198028,1692253933784,1692253933787,1693226198041,13,3,10
15203,1693226198041,1692253933809,1692253933812,1693226198063,22,3,19
15204,1693226198064,1692253933818,1692253933821,1693226198149,85,3,82
15205,1693226198149,1692253933913,1692253933917,1693226198178,29,4,25
15206,1693226198178,1692253933947,1692253933950,1693226198199,21,3,18
15207,1693226198199,1692253933973,1692253933976,1693226198225,26,3,23
15208,1693226198225,1692253933980,1692253933984,1693226198233,8,4,4
15209,1693226198233,1692253933989,1692253933992,1693226198241,8,3,5
15210,1693226198241,1692253933996,1692253933999,1693226198248,7,3,4
15211,1693226198248,1692253934004,1692253934007,1693226198256,8,3,5
15212,1693226198256,1692253934011,1692253934015,1693226198264,8,4,4
15213,1693226198264,1692253934019,1692253934022,1693226198271,7,3,4
15214,1693226198271,1692253934028,1692253934031,1693226198280,9,3,6
15215,1693226198280,1692253934061,1692253934064,1693226198314,34,3,31
15216,1693226198314,1692253934080,1692253934084,1693226198333,19,4,15
15217,1693226198333,1692253934089,1692253934092,1693226198341,8,3,5
15218,1693226198341,1692253934097,1692253934099,1693226198348,7,2,5
15219,1693226198348,1692253934117,1692253934120,1693226198369,21,3,18
15220,1693226198369,1692253934142,1692253934144,1693226198394,25,2,23
15221,1693226198394,1692253934149,1692253934153,1693226198422,28,4,24
15222,1693226198422,1692253934177,1692253934180,1693226198430,8,3,5
15223,1693226198430,1692253934185,1692253934188,1693226198437,7,3,4
15224,1693226198437,1692253934197,1692253934199,1693226198448,11,2,9
15225,1693226198449,1692253934261,1692253934264,1693226198513,64,3,61
15226,1693226198513,1692253934293,1692253934296,1693226198545,32,3,29
15227,1693226198546,1692253934313,1692253934316,1693226198565,19,3,16
15228,1693226198565,1692253934357,1692253934360,1693226198608,43,3,40
15229,1693226198608,1692253934364,1692253934367,1693226198616,8,3,5
15230,1693226198616,1692253934374,1692253934377,1693226198626,10,3,7
15231,1693226198626,1692253934381,1692253934384,1693226198633,7,3,4
15232,1693226198633,1692253934388,1692253934391,1693226198640,7,3,4
15233,1693226198640,1692253934396,1692253934399,1693226198648,8,3,5
15234,1693226198648,1692253934469,1692253934472,1693226198722,74,3,71
15235,1693226198722,1692253934552,1692253934556,1693226198805,83,4,79
15236,1693226198805,1692253934570,1692253934573,1693226198823,18,3,15
15237,1693226198823,1692253934585,1692253934588,1693226198837,14,3,11
15238,1693226198837,1692253934593,1692253934596,1693226198845,8,3,5
15239,1693226198845,1692253934603,1692253934606,1693226198857,12,3,9
15240,1693226198857,1692253934612,1692253934615,1693226198865,8,3,5
15241,1693226198865,1692253934620,1692253934623,1693226198871,6,3,3
15242,1693226198871,1692253934645,1692253934648,1693226198897,26,3,23
15243,1693226198897,1692253934653,1692253934656,1693226198905,8,3,5
15244,1693226198905,1692253934660,1692253934663,1693226198912,7,3,4
15245,1693226198912,1692253934667,1692253934670,1693226198919,7,3,4
15246,1693226198919,1692253934681,1692253934686,1693226199085,166,5,161
15247,1693226199085,1692253934842,1692253934849,1693226199098,13,7,6
15248,1693226199098,1692253934853,1692253934857,1693226199106,8,4,4
15249,1693226199106,1692253934862,1692253934865,1693226199114,8,3,5
15250,1693226199114,1692253934869,1692253934872,1693226199121,7,3,4
15251,1693226199121,1692253934880,1692253934883,1693226199132,11,3,8
15252,1693226199132,1692253934890,1692253934892,1693226199141,9,2,7
15253,1693226199141,1692253934897,1692253934901,1693226199151,10,4,6
15254,1693226199151,1692253934906,1692253934909,1693226199158,7,3,4
15255,1693226199158,1692253934914,1692253934917,1693226199166,8,3,5
15256,1693226199166,1692253934921,1692253934924,1693226199173,7,3,4
15257,1693226199173,1692253934928,1692253934931,1693226199180,7,3,4
15258,1693226199180,1692253934935,1692253934943,1693226199202,22,8,14
15259,1693226199202,1692253934957,1692253934960,1693226199209,7,3,4
15260,1693226199209,1692253934964,1692253934975,1693226199224,15,11,4
15261,1693226199224,1692253934979,1692253934983,1693226199232,8,4,4
15262,1693226199232,1692253934987,1692253934990,1693226199239,7,3,4
15263,1693226199239,1692253934995,1692253934997,1693226199246,7,2,5
15264,1693226199246,1692253935009,1692253935012,1693226199261,15,3,12
15265,1693226199261,1692253935018,1692253935020,1693226199278,17,2,15
15266,1693226199278,1692253935033,1692253935037,1693226199286,8,4,4
15267,1693226199286,1692253935041,1692253935046,1693226199295,9,5,4
15268,1693226199295,1692253935054,1692253935057,1693226199306,11,3,8
15269,1693226199306,1692253935061,1692253935065,1693226199314,8,4,4
15270,1693226199314,1692253935113,1692253935116,1693226199365,51,3,48
15271,1693226199365,1692253935125,1692253935128,1693226199377,12,3,9
15272,1693226199377,1692253935161,1692253935164,1693226199413,36,3,33
15273,1693226199413,1692253935245,1692253935248,1693226199497,84,3,81
15274,1693226199497,1692253935253,1692253935255,1693226199504,7,2,5
15275,1693226199504,1692253935260,1692253935263,1693226199512,8,3,5
15276,1693226199512,1692253935267,1692253935271,1693226199520,8,4,4
15277,1693226199520,1692253935275,1692253935278,1693226199527,7,3,4
15278,1693226199527,1692253935282,1692253935285,1693226199533,6,3,3
15279,1693226199533,1692253935288,1692253935292,1693226199540,7,4,3
15280,1693226199540,1692253935302,1692253935305,1693226199554,14,3,11
15281,1693226199554,1692253935337,1692253935339,1693226199589,35,2,33
15282,1693226199589,1692253935350,1692253935353,1693226199602,13,3,10
15283,1693226199602,1692253935361,1692253935364,1693226199613,11,3,8
15284,1693226199613,1692253935368,1692253935371,1693226199620,7,3,4
15285,1693226199621,1692253935376,1692253935379,1693226199628,7,3,4
15286,1693226199628,1692253935409,1692253935411,1693226199661,33,2,31
15287,1693226199661,1692253935418,1692253935421,1693226199670,9,3,6
15288,1693226199670,1692253935442,1692253935444,1693226199758,88,2,86
15289,1693226199758,1692253935518,1692253935522,1693226199772,14,4,10
15290,1693226199772,1692253935527,1692253935530,1693226199779,7,3,4
15291,1693226199779,1692253935534,1692253935539,1693226199788,9,5,4
15292,1693226199788,1692253935581,1692253935584,1693226199832,44,3,41
15293,1693226199832,1692253935590,1692253935592,1693226199841,9,2,7
15294,1693226199841,1692253935601,1692253935604,1693226199853,12,3,9
15295,1693226199853,1692253935613,1692253935616,1693226199866,13,3,10
15296,1693226199866,1692253935641,1692253935644,1693226199950,84,3,81
15297,1693226199950,1692253935708,1692253935711,1693226199960,10,3,7
15298,1693226199960,1692253935718,1692253935721,1693226199970,10,3,7
15299,1693226199970,1692253935765,1692253935768,1693226200017,47,3,44
15300,1693226200017,1692253935773,1692253935776,1693226200025,8,3,5
15301,1693226200025,1692253935782,1692253935785,1693226200034,9,3,6
15302,1693226200034,1692253935790,1692253935793,1693226200042,8,3,5
15303,1693226200042,1692253935797,1692253935800,1693226200049,7,3,4
15304,1693226200049,1692253935805,1692253935808,1693226200074,25,3,22
15305,1693226200074,1692253935834,1692253935837,1693226200086,12,3,9
15306,1693226200086,1692253935856,1692253935860,1693226200110,24,4,20
15307,1693226200110,1692253935866,1692253935869,1693226200118,8,3,5
15308,1693226200118,1692253935873,1692253935876,1693226200125,7,3,4
15309,1693226200125,1692253935895,1692253935898,1693226200147,22,3,19
15310,1693226200147,1692253935929,1692253935932,1693226200181,34,3,31
15311,1693226200182,1692253935957,1692253935960,1693226200209,27,3,24
15312,1693226200209,1692253935965,1692253935967,1693226200216,7,2,5
15313,1693226200216,1692253935972,1692253935975,1693226200224,8,3,5
15314,1693226200224,1692253936006,1692253936009,1693226200258,34,3,31
15315,1693226200258,1692253936030,1692253936033,1693226200283,25,3,22
15316,1693226200283,1692253936038,1692253936042,1693226200291,8,4,4
15317,1693226200291,1692253936066,1692253936068,1693226200317,26,2,24
15318,1693226200317,1692253936073,1692253936076,1693226200325,8,3,5
15319,1693226200325,1692253936086,1692253936088,1693226200337,12,2,10
15320,1693226200337,1692253936093,1692253936096,1693226200345,8,3,5
15321,1693226200345,1692253936142,1692253936145,1693226200394,49,3,46
15322,1693226200394,1692253936158,1692253936163,1693226200412,18,5,13
15323,1693226200412,1692253936170,1692253936172,1693226200421,9,2,7
15324,1693226200421,1692253936186,1692253936189,1693226200438,17,3,14
15325,1693226200438,1692253936193,1692253936198,1693226200447,9,5,4
15326,1693226200447,1692253936293,1692253936296,1693226200546,99,3,96
15327,1693226200546,1692253936305,1692253936308,1693226200557,11,3,8
15328,1693226200557,1692253936312,1692253936315,1693226200564,7,3,4
15329,1693226200564,1692253936319,1692253936327,1693226200576,12,8,4
15330,1693226200576,1692253936332,1692253936335,1693226200584,8,3,5
15331,1693226200584,1692253936338,1692253936342,1693226200591,7,4,3
15332,1693226200591,1692253936346,1692253936363,1693226200613,22,17,5
15333,1693226200613,1692253936377,1692253936380,1693226200629,16,3,13
15334,1693226200629,1692253936421,1692253936424,1693226200673,44,3,41
15335,1693226200673,1692253936438,1692253936440,1693226200689,16,2,14
15336,1693226200690,1692253936446,1692253936449,1693226200698,8,3,5
15337,1693226200698,1692253936466,1692253936469,1693226200718,20,3,17
15338,1693226200718,1692253936473,1692253936476,1693226200726,8,3,5
15339,1693226200726,1692253936486,1692253936488,1693226200737,11,2,9
15340,1693226200737,1692253936493,1692253936495,1693226200745,8,2,6
15341,1693226200745,1692253936501,1692253936504,1693226200753,8,3,5
15342,1693226200753,1692253936513,1692253936516,1693226200765,12,3,9
15343,1693226200765,1692253936521,1692253936524,1693226200774,9,3,6
15344,1693226200774,1692253936530,1692253936533,1693226200782,8,3,5
15345,1693226200782,1692253936538,1692253936541,1693226200791,9,3,6
15346,1693226200791,1692253936581,1692253936584,1693226200833,42,3,39
15347,1693226200833,1692253936590,1692253936593,1693226200842,9,3,6
15348,1693226200842,1692253936597,1692253936600,1693226200850,8,3,5
15349,1693226200850,1692253936605,1692253936608,1693226200857,7,3,4
15350,1693226200857,1692253936641,1692253936645,1693226200897,40,4,36
15351,1693226200897,1692253936653,1692253936656,1693226200905,8,3,5
15352,1693226200905,1692253936678,1692253936681,1693226200930,25,3,22
15353,1693226200930,1692253936709,1692253936712,1693226200962,32,3,29
15354,1693226200962,1692253936741,1692253936744,1693226200993,31,3,28
15355,1693226200993,1692253936748,1692253936751,1693226201001,8,3,5
15356,1693226201001,1692253936773,1692253936776,1693226201025,24,3,21
15357,1693226201025,1692253936781,1692253936783,1693226201032,7,2,5
15358,1693226201032,1692253936788,1692253936791,1693226201040,8,3,5
15359,1693226201040,1692253936795,1692253936798,1693226201047,7,3,4
15360,1693226201047,1692253936803,1692253936806,1693226201055,8,3,5
15361,1693226201055,1692253936810,1692253936813,1693226201062,7,3,4
15362,1693226201063,1692253936818,1692253936822,1693226201074,11,4,7
15363,1693226201074,1692253936861,1692253936865,1693226201114,40,4,36
15364,1693226201114,1692253936871,1692253936875,1693226201124,10,4,6
15365,1693226201124,1692253936880,1692253936884,1693226201133,9,4,5
15366,1693226201134,1692253936909,1692253936913,1693226201162,28,4,24
15367,1693226201162,1692253936917,1692253936921,1693226201170,8,4,4
15368,1693226201170,1692253936925,1692253936928,1693226201177,7,3,4
15369,1693226201177,1692253936934,1692253936937,1693226201186,9,3,6
15370,1693226201186,1692253936941,1692253936944,1693226201193,7,3,4
15371,1693226201193,1692253936962,1692253936965,1693226201215,22,3,19
15372,1693226201215,1692253936970,1692253936973,1693226201222,7,3,4
15373,1693226201222,1692253936978,1692253936985,1693226201239,17,7,10
15374,1693226201239,1692253937010,1692253937013,1693226201285,46,3,43
15375,1693226201285,1692253937041,1692253937044,1693226201302,17,3,14
15376,1693226201302,1692253937057,1692253937060,1693226201309,7,3,4
15377,1693226201309,1692253937113,1692253937116,1693226201365,56,3,53
15378,1693226201365,1692253937125,1692253937128,1693226201377,12,3,9
15379,1693226201377,1692253937189,1692253937192,1693226201441,64,3,61
15380,1693226204534,1692253940289,1692253940293,1693226204542,8,4,4
15381,1693226204542,1692253940298,1692253940301,1693226204550,8,3,5
15382,1693226204550,1692253940305,1692253940308,1693226204557,7,3,4
15383,1693226204557,1692253940314,1692253940318,1693226204567,10,4,6
15384,1693226204567,1692253940322,1692253940326,1693226204574,7,4,3
15385,1693226204574,1692253940330,1692253940333,1693226204582,8,3,5
15386,1693226204582,1692253940337,1692253940340,1693226204589,7,3,4
15387,1693226204589,1692253940345,1692253940349,1693226204599,10,4,6
15388,1693226204599,1692253940355,1692253940358,1693226204607,8,3,5
15389,1693226204607,1692253940363,1692253940366,1693226204615,8,3,5
15390,1693226204615,1692253940370,1692253940373,1693226204622,7,3,4
15391,1693226204622,1692253940377,1692253940380,1693226204630,8,3,5
15392,1693226204630,1692253940385,1692253940388,1693226204637,7,3,4
15393,1693226204637,1692253940393,1692253940396,1693226204645,8,3,5
15394,1693226204645,1692253940401,1692253940404,1693226204653,8,3,5
15395,1693226204653,1692253940408,1692253940412,1693226204660,7,4,3
15396,1693226204660,1692253940417,1692253940421,1693226204670,10,4,6
15397,1693226204670,1692253940425,1692253940428,1693226204678,8,3,5
15398,1693226204678,1692253940433,1692253940436,1693226204685,7,3,4
15399,1693226204686,1692253940441,1692253940445,1693226204694,8,4,4
15400,1693226204694,1692253940449,1692253940452,1693226204701,7,3,4
15401,1693226204701,1692253940457,1692253940459,1693226204709,8,2,6
15402,1693226204709,1692253940464,1692253940467,1693226204716,7,3,4
15403,1693226204716,1692253940471,1692253940474,1693226204723,7,3,4
15404,1693226204723,1692253940478,1692253940481,1693226204730,7,3,4
15405,1693226204731,1692253940485,1692253940489,1693226204738,7,4,3
15406,1693226204738,1692253940493,1692253940496,1693226204745,7,3,4
15407,1693226204745,1692253940500,1692253940503,1693226204752,7,3,4
15408,1693226204752,1692253940508,1692253940511,1693226204760,8,3,5
15409,1693226204760,1692253940515,1692253940518,1693226204767,7,3,4
15410,1693226204767,1692253940523,1692253940526,1693226204775,8,3,5
15411,1693226204775,1692253940530,1692253940533,1693226204782,7,3,4
15412,1693226204782,1692253940537,1692253940540,1693226204789,7,3,4
15413,1693226204789,1692253940545,1692253940548,1693226204797,8,3,5
15414,1693226204797,1692253940552,1692253940555,1693226204804,7,3,4
15415,1693226204804,1692253940560,1692253940564,1693226204813,9,4,5
15416,1693226204813,1692253940569,1692253940572,1693226204820,7,3,4
15417,1693226204820,1692253940576,1692253940579,1693226204828,8,3,5
15418,1693226204828,1692253940583,1692253940585,1693226204834,6,2,4
15419,1693226204834,1692253940590,1692253940592,1693226204841,7,2,5
15420,1693226204842,1692253940597,1692253940600,1693226204849,7,3,4
15421,1693226204849,1692253940605,1692253940608,1693226204857,8,3,5
15422,1693226204857,1692253940612,1692253940615,1693226204864,7,3,4
15423,1693226204864,1692253940619,1692253940623,1693226204873,9,4,5
15424,1693226204873,1692253940628,1692253940631,1693226204880,7,3,4
15425,1693226204880,1692253940635,1692253940638,1693226204887,7,3,4
15426,1693226204887,1692253940647,1692253940651,1693226204900,13,4,9
15427,1693226204900,1692253940655,1692253940659,1693226204908,8,4,4
15428,1693226204908,1692253940664,1692253940667,1693226204916,8,3,5
15429,1693226204916,1692253940672,1692253940676,1693226204925,9,4,5
15430,1693226204925,1692253940680,1692253940683,1693226204932,7,3,4
15431,1693226204932,1692253940688,1692253940691,1693226204940,8,3,5
15432,1693226204940,1692253940695,1692253940698,1693226204948,8,3,5
15433,1693226204948,1692253940703,1692253940705,1693226204954,6,2,4
15434,1693226204954,1692253940710,1692253940712,1693226204961,7,2,5
15435,1693226204961,1692253940716,1692253940720,1693226204969,8,4,4
15436,1693226204969,1692253940724,1692253940729,1693226204978,9,5,4
15437,1693226204978,1692253940733,1692253940737,1693226204986,8,4,4
15438,1693226204986,1692253940741,1692253940743,1693226204992,6,2,4
15439,1693226204992,1692253940747,1692253940751,1693226204999,7,4,3
15440,1693226205000,1692253940755,1692253940758,1693226205009,9,3,6
15441,1693226205009,1692253940764,1692253940768,1693226205017,8,4,4
15442,1693226205017,1692253940773,1692253940776,1693226205025,8,3,5
15443,1693226205025,1692253940780,1692253940783,1693226205032,7,3,4
15444,1693226205032,1692253940787,1692253940790,1693226205039,7,3,4
15445,1693226205039,1692253940795,1692253940798,1693226205047,8,3,5
15446,1693226205047,1692253940802,1692253940805,1693226205054,7,3,4
15447,1693226205054,1692253940810,1692253940813,1693226205062,8,3,5
15448,1693226205062,1692253940817,1692253940821,1693226205069,7,4,3
15449,1693226205069,1692253940826,1692253940830,1693226205078,9,4,5
15450,1693226205078,1692253940834,1692253940837,1693226205086,8,3,5
15451,1693226205086,1692253940841,1692253940843,1693226205092,6,2,4
15452,1693226205092,1692253940848,1692253940851,1693226205100,8,3,5
15453,1693226205100,1692253940856,1692253940859,1693226205113,13,3,10
15454,1693226205113,1692253940868,1692253940873,1693226205123,10,5,5
15455,1693226205123,1692253940878,1692253940881,1693226205130,7,3,4
15456,1693226205130,1692253940885,1692253940888,1693226205137,7,3,4
15457,1693226205137,1692253940893,1692253940897,1693226205146,9,4,5
15458,1693226205146,1692253940901,1692253940904,1693226205153,7,3,4
15459,1693226205153,1692253940908,1692253940911,1693226205160,7,3,4
15460,1693226205160,1692253940915,1692253940918,1693226205167,7,3,4
15461,1693226205167,1692253940923,1692253940926,1693226205175,8,3,5
15462,1693226205175,1692253940931,1692253940935,1693226205184,9,4,5
15463,1693226205184,1692253940939,1692253940942,1693226205191,7,3,4
15464,1693226205191,1692253940946,1692253940950,1693226205199,8,4,4
15465,1693226205199,1692253940956,1692253940959,1693226205208,9,3,6
15466,1693226205208,1692253940963,1692253940967,1693226205216,8,4,4
15467,1693226205216,1692253940971,1692253940975,1693226205224,8,4,4
15468,1693226205224,1692253940980,1692253940983,1693226205232,8,3,5
15469,1693226205232,1692253940988,1692253940991,1693226205239,7,3,4
15470,1693226205239,1692253940995,1692253940998,1693226205247,8,3,5
15471,1693226205247,1692253941002,1692253941006,1693226205255,8,4,4
15472,1693226205255,1692253941012,1692253941016,1693226205266,11,4,7
15473,1693226205266,1692253941023,1692253941027,1693226205275,9,4,5
15474,1693226205276,1692253941031,1692253941034,1693226205284,8,3,5
15475,1693226205284,1692253941039,1692253941043,1693226205292,8,4,4
15476,1693226205292,1692253941048,1692253941052,1693226205301,9,4,5
15477,1693226205301,1692253941057,1692253941060,1693226205310,9,3,6
15478,1693226205310,1692253941065,1692253941069,1693226205318,8,4,4
15479,1693226205318,1692253941073,1692253941077,1693226205326,8,4,4
15480,1693226205326,1692253941081,1692253941085,1693226205334,8,4,4
15481,1693226205334,1692253941089,1692253941091,1693226205340,6,2,4
15482,1693226205340,1692253941096,1692253941099,1693226205348,8,3,5
15483,1693226205348,1692253941104,1692253941108,1693226205357,9,4,5
15484,1693226205357,1692253941112,1692253941116,1693226205365,8,4,4
15485,1693226205365,1692253941121,1692253941125,1693226205374,9,4,5
15486,1693226205374,1692253941130,1692253941133,1693226205382,8,3,5
15487,1693226205382,1692253941139,1692253941142,1693226205391,9,3,6
15488,1693226205391,1692253941147,1692253941151,1693226205400,9,4,5
15489,1693226205400,1692253941156,1692253941159,1693226205408,8,3,5
15490,1693226205408,1692253941164,1692253941167,1693226205418,10,3,7
15491,1693226205418,1692253941173,1692253941177,1693226205426,8,4,4
15492,1693226205426,1692253941182,1692253941184,1693226205433,7,2,5
15493,1693226205433,1692253941189,1692253941193,1693226205441,8,4,4
15494,1693226205441,1692253941197,1692253941200,1693226205449,8,3,5
15495,1693226205449,1692253941204,1692253941208,1693226205457,8,4,4
15496,1693226205457,1692253941212,1692253941216,1693226205465,8,4,4
15497,1693226205465,1692253941220,1692253941224,1693226205473,8,4,4
15498,1693226205473,1692253941228,1692253941231,1693226205480,7,3,4
15499,1693226205480,1692253941236,1692253941239,1693226205487,7,3,4
15500,1693226205487,1692253941243,1692253941246,1693226205495,8,3,5
15501,1693226205495,1692253941250,1692253941253,1693226205502,7,3,4
15502,1693226205502,1692253941257,1692253941260,1693226205509,7,3,4
15503,1693226205510,1692253941265,1692253941268,1693226205517,7,3,4
15504,1693226205517,1692253941274,1692253941276,1693226205525,8,2,6
15505,1693226205525,1692253941281,1692253941285,1693226205534,9,4,5
15506,1693226205534,1692253941289,1692253941293,1693226205542,8,4,4
15507,1693226205542,1692253941297,1692253941300,1693226205549,7,3,4
15508,1693226205549,1692253941307,1692253941310,1693226205559,10,3,7
15509,1693226205559,1692253941314,1692253941319,1693226205568,9,5,4
15510,1693226205568,1692253941323,1692253941326,1693226205575,7,3,4
15511,1693226205575,1692253941331,1692253941335,1693226205584,9,4,5
15512,1693226205584,1692253941339,1692253941343,1693226205592,8,4,4
15513,1693226205592,1692253941348,1692253941351,1693226205600,8,3,5
15514,1693226205600,1692253941356,1692253941359,1693226205608,8,3,5
15515,1693226205608,1692253941363,1692253941366,1693226205615,7,3,4
15516,1693226205615,1692253941371,1692253941374,1693226205623,8,3,5
15517,1693226205623,1692253941379,1692253941382,1693226205631,8,3,5
15518,1693226205631,1692253941386,1692253941391,1693226205640,9,5,4
15519,1693226205640,1692253941396,1692253941399,1693226205648,8,3,5
15520,1693226205648,1692253941403,1692253941406,1693226205655,7,3,4
15521,1693226205655,1692253941410,1692253941414,1693226205662,7,4,3
15522,1693226205662,1692253941417,1692253941420,1693226205669,7,3,4
15523,1693226205669,1692253941425,1692253941428,1693226205677,8,3,5
15524,1693226205677,1692253941432,1692253941436,1693226205685,8,4,4
15525,1693226205685,1692253941441,1692253941443,1693226205692,7,2,5
15526,1693226205692,1692253941447,1692253941450,1693226205699,7,3,4
15527,1693226205700,1692253941455,1692253941459,1693226205708,8,4,4
15528,1693226205708,1692253941463,1692253941466,1693226205715,7,3,4
15529,1693226205716,1692253941471,1692253941474,1693226205727,11,3,8
15530,1693226205727,1692253941482,1692253941485,1693226205734,7,3,4
15531,1693226205734,1692253941490,1692253941493,1693226205742,8,3,5
15532,1693226205742,1692253941497,1692253941501,1693226205751,9,4,5
15533,1693226205751,1692253941507,1692253941510,1693226205759,8,3,5
15534,1693226205759,1692253941515,1692253941518,1693226205767,8,3,5
15535,1693226205767,1692253941523,1692253941527,1693226205776,9,4,5
15536,1693226205776,1692253941533,1692253941537,1693226205786,10,4,6
15537,1693226205786,1692253941544,1692253941548,1693226205798,12,4,8
15538,1693226205798,1692253941553,1692253941556,1693226205805,7,3,4
15539,1693226205805,1692253941561,1692253941565,1693226205814,9,4,5
15540,1693226205814,1692253941569,1692253941572,1693226205821,7,3,4
15541,1693226205821,1692253941577,1692253941580,1693226205829,8,3,5
15542,1693226205829,1692253941584,1692253941587,1693226205836,7,3,4
15543,1693226205836,1692253941592,1692253941595,1693226205844,8,3,5
15544,1693226205844,1692253941599,1692253941603,1693226205852,8,4,4
15545,1693226205852,1692253941607,1692253941611,1693226205860,8,4,4
15546,1693226205860,1692253941616,1692253941619,1693226205868,8,3,5
15547,1693226205868,1692253941624,1692253941627,1693226205876,8,3,5
15548,1693226205876,1692253941631,1692253941635,1693226205885,9,4,5
15549,1693226205885,1692253941640,1692253941643,1693226205892,7,3,4
15550,1693226205892,1692253941647,1692253941651,1693226205900,8,4,4
15551,1693226205900,1692253941656,1692253941659,1693226205908,8,3,5
15552,1693226205908,1692253941664,1692253941667,1693226205916,8,3,5
15553,1693226205916,1692253941671,1692253941674,1693226205923,7,3,4
15554,1693226205923,1692253941679,1692253941682,1693226205932,9,3,6
15555,1693226205932,1692253941687,1692253941690,1693226205939,7,3,4
15556,1693226205939,1692253941694,1692253941698,1693226205946,7,4,3
15557,1693226205947,1692253941702,1692253941704,1693226205953,6,2,4
15558,1693226205953,1692253941708,1692253941712,1693226205961,8,4,4
15559,1693226205961,1692253941717,1692253941719,1693226205968,7,2,5
15560,1693226205968,1692253941724,1692253941727,1693226205975,7,3,4
15561,1693226205975,1692253941730,1692253941733,1693226205982,7,3,4
15562,1693226205982,1692253941738,1692253941741,1693226205990,8,3,5
15563,1693226205990,1692253941745,1692253941749,1693226205998,8,4,4
15564,1693226205998,1692253941754,1692253941756,1693226206006,8,2,6
15565,1693226206006,1692253941761,1692253941765,1693226206014,8,4,4
15566,1693226206014,1692253941769,1692253941773,1693226206022,8,4,4
15567,1693226206022,1692253941777,1692253941780,1693226206029,7,3,4
15568,1693226206029,1692253941787,1692253941790,1693226206039,10,3,7
15569,1693226206039,1692253941795,1692253941798,1693226206048,9,3,6
15570,1693226206048,1692253941803,1692253941806,1693226206055,7,3,4
15571,1693226206055,1692253941810,1692253941813,1693226206062,7,3,4
15572,1693226206062,1692253941817,1692253941820,1693226206069,7,3,4
15573,1693226206069,1692253941824,1692253941828,1693226206076,7,4,3
15574,1693226206076,1692253941831,1692253941835,1693226206084,8,4,4
15575,1693226206084,1692253941840,1692253941843,1693226206092,8,3,5
15576,1693226206092,1692253941847,1692253941850,1693226206099,7,3,4
15577,1693226206099,1692253941854,1692253941857,1693226206106,7,3,4
15578,1693226206106,1692253941862,1692253941865,1693226206114,8,3,5
15579,1693226206114,1692253941870,1692253941874,1693226206122,8,4,4
15580,1693226206123,1692253941878,1692253941881,1693226206130,7,3,4
15581,1693226206130,1692253941888,1692253941891,1693226206140,10,3,7
15582,1693226206140,1692253941895,1692253941900,1693226206149,9,5,4
15583,1693226206149,1692253941905,1692253941908,1693226206157,8,3,5
15584,1693226206157,1692253941913,1692253941916,1693226206165,8,3,5
15585,1693226206165,1692253941921,1692253941924,1693226206173,8,3,5
15586,1693226206173,1692253941928,1692253941932,1693226206180,7,4,3
15587,1693226206180,1692253941935,1692253941939,1693226206188,8,4,4
15588,1693226206188,1692253941944,1692253941947,1693226206196,8,3,5
15589,1693226206196,1692253941952,1692253941955,1693226206204,8,3,5
15590,1693226206204,1692253941960,1692253941962,1693226206211,7,2,5
15591,1693226206212,1692253941967,1692253941970,1693226206219,7,3,4
15592,1693226206219,1692253941974,1692253941978,1693226206227,8,4,4
15593,1693226206227,1692253941982,1692253941986,1693226206234,7,4,3
15594,1693226206235,1692253941991,1692253941995,1693226206244,9,4,5
15595,1693226206244,1692253942000,1692253942003,1693226206252,8,3,5
15596,1693226206252,1692253942007,1692253942010,1693226206259,7,3,4
15597,1693226206259,1692253942015,1692253942018,1693226206268,9,3,6
15598,1693226206268,1692253942024,1692253942027,1693226206276,8,3,5
15599,1693226206276,1692253942031,1692253942034,1693226206283,7,3,4
15600,1693226206283,1692253942038,1692253942041,1693226206290,7,3,4
15601,1693226206290,1692253942046,1692253942048,1693226206297,7,2,5
15602,1693226206297,1692253942053,1692253942056,1693226206305,8,3,5
15603,1693226206305,1692253942060,1692253942063,1693226206312,7,3,4
15604,1693226206312,1692253942067,1692253942070,1693226206319,7,3,4
15605,1693226206319,1692253942075,1692253942077,1693226206326,7,2,5
15606,1693226206326,1692253942082,1692253942085,1693226206334,8,3,5
15607,1693226206334,1692253942090,1692253942093,1693226206342,8,3,5
15608,1693226206342,1692253942097,1692253942101,1693226206350,8,4,4
15609,1693226206350,1692253942105,1692253942108,1693226206357,7,3,4
15610,1693226206357,1692253942113,1692253942116,1693226206366,9,3,6
15611,1693226206366,1692253942121,1692253942124,1693226206373,7,3,4
15612,1693226206373,1692253942128,1692253942131,1693226206380,7,3,4
15613,1693226206381,1692253942136,1692253942139,1693226206388,7,3,4
15614,1693226206388,1692253942143,1692253942147,1693226206395,7,4,3
15615,1693226206395,1692253942150,1692253942153,1693226206403,8,3,5
15616,1693226206403,1692253942158,1692253942161,1693226206410,7,3,4
15617,1693226206410,1692253942166,1692253942169,1693226206418,8,3,5
15618,1693226206418,1692253942174,1692253942176,1693226206425,7,2,5
15619,1693226206425,1692253942180,1692253942185,1693226206434,9,5,4
15620,1693226206434,1692253942190,1692253942193,1693226206442,8,3,5
15621,1693226206442,1692253942198,1692253942201,1693226206450,8,3,5
15622,1693226206450,1692253942206,1692253942208,1693226206459,9,2,7
15623,1693226206459,1692253942214,1692253942218,1693226206466,7,4,3
15624,1693226206466,1692253942222,1692253942225,1693226206474,8,3,5
15625,1693226206474,1692253942229,1692253942233,1693226206482,8,4,4
15626,1693226206482,1692253942238,1692253942242,1693226206491,9,4,5
15627,1693226206491,1692253942246,1692253942250,1693226206499,8,4,4
15628,1693226206499,1692253942255,1692253942258,1693226206506,7,3,4
15629,1693226206506,1692253942261,1692253942265,1693226206514,8,4,4
15630,1693226206514,1692253942270,1692253942273,1693226206522,8,3,5
15631,1693226206522,1692253942278,1692253942281,1693226206530,8,3,5
15632,1693226206530,1692253942286,1692253942289,1693226206538,8,3,5
15633,1693226206538,1692253942294,1692253942298,1693226206547,9,4,5
15634,1693226206547,1692253942302,1692253942306,1693226206555,8,4,4
15635,1693226206555,1692253942310,1692253942314,1693226206562,7,4,3
15636,1693226206562,1692253942318,1692253942320,1693226206569,7,2,5
15637,1693226206569,1692253942325,1692253942327,1693226206576,7,2,5
15638,1693226206576,1692253942332,1692253942336,1693226206585,9,4,5
15639,1693226206585,1692253942340,1692253942343,1693226206592,7,3,4
15640,1693226206592,1692253942347,1692253942351,1693226206600,8,4,4
15641,1693226206600,1692253942356,1692253942359,1693226206608,8,3,5
15642,1693226206608,1692253942363,1692253942367,1693226206616,8,4,4
15643,1693226206616,1692253942371,1692253942374,1693226206623,7,3,4
15644,1693226206623,1692253942379,1692253942383,1693226206632,9,4,5
15645,1693226206632,1692253942387,1692253942389,1693226206638,6,2,4
15646,1693226206638,1692253942394,1692253942397,1693226206647,9,3,6
15647,1693226206647,1692253942403,1692253942406,1693226206655,8,3,5
15648,1693226206655,1692253942410,1692253942413,1693226206662,7,3,4
15649,1693226206662,1692253942418,1692253942421,1693226206670,8,3,5
15650,1693226206670,1692253942425,1692253942429,1693226206679,9,4,5
15651,1693226206679,1692253942436,1692253942439,1693226206688,9,3,6
15652,1693226206688,1692253942445,1692253942448,1693226206697,9,3,6
15653,1693226206697,1692253942453,1692253942456,1693226206705,8,3,5
15654,1693226206705,1692253942461,1692253942464,1693226206713,8,3,5
15655,1693226206713,1692253942468,1692253942471,1693226206720,7,3,4
15656,1693226206720,1692253942476,1692253942481,1693226206730,10,5,5
15657,1693226206730,1692253942485,1692253942488,1693226206738,8,3,5
15658,1693226206738,1692253942494,1692253942497,1693226206746,8,3,5
15659,1693226206746,1692253942503,1692253942507,1693226206756,10,4,6
15660,1693226206756,1692253942511,1692253942515,1693226206764,8,4,4
15661,1693226206764,1692253942520,1692253942524,1693226206773,9,4,5
15662,1693226206773,1692253942528,1692253942532,1693226206782,9,4,5
15663,1693226206782,1692253942537,1692253942540,1693226206789,7,3,4
15664,1693226206789,1692253942545,1692253942548,1693226206797,8,3,5
15665,1693226206797,1692253942552,1692253942555,1693226206804,7,3,4
15666,1693226206804,1692253942560,1692253942564,1693226206813,9,4,5
15667,1693226206813,1692253942568,1692253942571,1693226206820,7,3,4
15668,1693226206820,1692253942575,1692253942579,1693226206828,8,4,4
15669,1693226206828,1692253942583,1692253942586,1693226206835,7,3,4
15670,1693226206835,1692253942590,1692253942593,1693226206842,7,3,4
15671,1693226206842,1692253942597,1692253942600,1693226206852,10,3,7
15672,1693226206852,1692253942608,1692253942610,1693226206859,7,2,5
15673,1693226206859,1692253942615,1692253942618,1693226206867,8,3,5
15674,1693226206867,1692253942622,1692253942627,1693226206875,8,5,3
15675,1693226206875,1692253942630,1692253942633,1693226206882,7,3,4
15676,1693226206882,1692253942638,1692253942641,1693226206890,8,3,5
15677,1693226206890,1692253942646,1692253942649,1693226206898,8,3,5
15678,1693226206898,1692253942658,1692253942661,1693226206910,12,3,9
15679,1693226206910,1692253942665,1692253942669,1693226206918,8,4,4
15680,1693226206918,1692253942673,1692253942676,1693226206925,7,3,4
15681,1693226206925,1692253942680,1692253942683,1693226206932,7,3,4
15682,1693226206932,1692253942688,1692253942692,1693226206941,9,4,5
15683,1693226206941,1692253942696,1692253942699,1693226206948,7,3,4
15684,1693226206948,1692253942704,1692253942707,1693226206956,8,3,5
15685,1693226206956,1692253942711,1692253942715,1693226206964,8,4,4
15686,1693226206964,1692253942720,1692253942723,1693226206971,7,3,4
15687,1693226206971,1692253942727,1692253942731,1693226206980,9,4,5
15688,1693226206980,1692253942735,1692253942738,1693226206987,7,3,4
15689,1693226206987,1692253942743,1692253942745,1693226206994,7,2,5
15690,1693226206994,1692253942749,1692253942752,1693226207001,7,3,4
15691,1693226207001,1692253942757,1692253942760,1693226207009,8,3,5
15692,1693226207009,1692253942764,1692253942767,1693226207016,7,3,4
15693,1693226207016,1692253942772,1692253942777,1693226207026,10,5,5
15694,1693226207026,1692253942782,1692253942786,1693226207035,9,4,5
15695,1693226207035,1692253942791,1692253942794,1693226207043,8,3,5
15696,1693226207043,1692253942798,1692253942802,1693226207051,8,4,4
15697,1693226207051,1692253942806,1692253942809,1693226207058,7,3,4
15698,1693226207058,1692253942814,1692253942817,1693226207066,8,3,5
15699,1693226207066,1692253942822,1692253942825,1693226207074,8,3,5
15700,1693226207074,1692253942830,1692253942834,1693226207082,8,4,4
15701,1693226207083,1692253942838,1692253942840,1693226207089,6,2,4
15702,1693226207089,1692253942845,1692253942849,1693226207098,9,4,5
15703,1693226207098,1692253942854,1692253942857,1693226207106,8,3,5
15704,1693226207106,1692253942861,1692253942865,1693226207114,8,4,4
15705,1693226207114,1692253942870,1692253942874,1693226207123,9,4,5
15706,1693226207123,1692253942878,1692253942881,1693226207130,7,3,4
15707,1693226207130,1692253942885,1692253942888,1693226207137,7,3,4
15708,1693226207137,1692253942893,1692253942896,1693226207145,8,3,5
15709,1693226207145,1692253942900,1692253942903,1693226207152,7,3,4
15710,1693226207152,1692253942908,1692253942911,1693226207160,8,3,5
15711,1693226207160,1692253942916,1692253942920,1693226207169,9,4,5
15712,1693226207169,1692253942924,1692253942927,1693226207176,7,3,4
15713,1693226207176,1692253942931,1692253942934,1693226207183,7,3,4
15714,1693226207183,1692253942938,1692253942942,1693226207192,9,4,5
15715,1693226207192,1692253942948,1692253942951,1693226207200,8,3,5
15716,1693226207200,1692253942956,1692253942959,1693226207208,8,3,5
15717,1693226207208,1692253942964,1692253942967,1693226207216,8,3,5
15718,1693226207217,1692253942972,1692253942975,1693226207224,7,3,4
15719,1693226207224,1692253942980,1692253942983,1693226207232,8,3,5
15720,1693226207232,1692253942987,1692253942991,1693226207240,8,4,4
15721,1693226207240,1692253942995,1692253942998,1693226207247,7,3,4
15722,1693226207247,1692253943003,1692253943007,1693226207256,9,4,5
15723,1693226207256,1692253943011,1692253943014,1693226207263,7,3,4
15724,1693226207263,1692253943019,1692253943022,1693226207271,8,3,5
15725,1693226207271,1692253943026,1692253943029,1693226207278,7,3,4
15726,1693226207278,1692253943033,1692253943036,1693226207285,7,3,4
15727,1693226207285,1692253943040,1692253943044,1693226207292,7,4,3
15728,1693226207292,1692253943048,1692253943051,1693226207300,8,3,5
15729,1693226207300,1692253943055,1692253943060,1693226207309,9,5,4
15730,1693226207309,1692253943064,1692253943067,1693226207316,7,3,4
15731,1693226207316,1692253943072,1692253943075,1693226207324,8,3,5
15732,1693226207324,1692253943080,1692253943083,1693226207331,7,3,4
15733,1693226207331,1692253943086,1692253943089,1693226207338,7,3,4
15734,1693226207338,1692253943093,1692253943097,1693226207346,8,4,4
15735,1693226207346,1692253943101,1692253943104,1693226207353,7,3,4
15736,1693226207353,1692253943108,1692253943112,1693226207361,8,4,4
15737,1693226207361,1692253943118,1692253943121,1693226207370,9,3,6
15738,1693226207370,1692253943125,1692253943129,1693226207377,7,4,3
15739,1693226207377,1692253943133,1692253943137,1693226207386,9,4,5
15740,1693226207386,1692253943141,1692253943145,1693226207395,9,4,5
15741,1693226207395,1692253943150,1692253943154,1693226207403,8,4,4
15742,1693226207403,1692253943164,1692253943167,1693226207416,13,3,10
15743,1693226207416,1692253943171,1692253943175,1693226207424,8,4,4
15744,1693226207424,1692253943181,1692253943184,1693226207433,9,3,6
15745,1693226207433,1692253943188,1692253943192,1693226207441,8,4,4
15746,1693226207441,1692253943196,1692253943198,1693226207448,7,2,5
15747,1693226207448,1692253943203,1692253943206,1693226207456,8,3,5
15748,1693226207456,1692253943211,1692253943215,1693226207466,10,4,6
15749,1693226207466,1692253943222,1692253943225,1693226207475,9,3,6
15750,1693226207475,1692253943230,1692253943233,1693226207482,7,3,4
15751,1693226207482,1692253943237,1692253943240,1693226207489,7,3,4
15752,1693226207489,1692253943245,1692253943249,1693226207498,9,4,5
15753,1693226207498,1692253943253,1692253943256,1693226207505,7,3,4
15754,1693226207506,1692253943261,1692253943264,1693226207513,7,3,4
15755,1693226207513,1692253943269,1692253943272,1693226207521,8,3,5
15756,1693226207521,1692253943278,1692253943281,1693226207531,10,3,7
15757,1693226207531,1692253943287,1692253943290,1693226207539,8,3,5
15758,1693226207539,1692253943294,1692253943298,1693226207547,8,4,4
15759,1693226207547,1692253943302,1692253943305,1693226207554,7,3,4
15760,1693226207554,1692253943310,1692253943313,1693226207562,8,3,5
15761,1693226207562,1692253943317,1692253943320,1693226207569,7,3,4
15762,1693226207569,1692253943324,1692253943330,1693226207579,10,6,4
15763,1693226207579,1692253943335,1692253943337,1693226207586,7,2,5
15764,1693226207586,1692253943343,1692253943346,1693226207595,9,3,6
15765,1693226207595,1692253943350,1692253943355,1693226207604,9,5,4
15766,1693226207604,1692253943361,1692253943364,1693226207614,10,3,7
15767,1693226207614,1692253943370,1692253943374,1693226207623,9,4,5
15768,1693226207623,1692253943379,1692253943382,1693226207631,8,3,5
15769,1693226207631,1692253943387,1692253943391,1693226207640,9,4,5
15770,1693226207640,1692253943395,1692253943398,1693226207647,7,3,4
15771,1693226207647,1692253943402,1692253943406,1693226207654,7,4,3
15772,1693226207654,1692253943409,1692253943413,1693226207662,8,4,4
15773,1693226207662,1692253943417,1692253943421,1693226207671,9,4,5
15774,1693226207671,1692253943428,1692253943430,1693226207679,8,2,6
15775,1693226207679,1692253943434,1692253943438,1693226207687,8,4,4
15776,1693226207687,1692253943442,1692253943445,1693226207694,7,3,4
15777,1693226207694,1692253943450,1692253943454,1693226207703,9,4,5
15778,1693226207703,1692253943458,1692253943461,1693226207710,7,3,4
15779,1693226207710,1692253943466,1692253943468,1693226207717,7,2,5
15780,1693226207717,1692253943472,1692253943476,1693226207725,8,4,4
15781,1693226207725,1692253943481,1692253943484,1693226207733,8,3,5
15782,1693226207733,1692253943489,1692253943493,1693226207742,9,4,5
15783,1693226207742,1692253943498,1692253943502,1693226207751,9,4,5
15784,1693226207751,1692253943506,1692253943509,1693226207758,7,3,4
15785,1693226207758,1692253943514,1692253943517,1693226207766,8,3,5
15786,1693226207766,1692253943521,1692253943524,1693226207773,7,3,4
15787,1693226207773,1692253943530,1692253943534,1693226207783,10,4,6
15788,1693226207783,1692253943538,1692253943542,1693226207791,8,4,4
15789,1693226207791,1692253943546,1692253943552,1693226207801,10,6,4
15790,1693226207801,1692253943556,1692253943559,1693226207808,7,3,4
15791,1693226207808,1692253943563,1692253943566,1693226207815,7,3,4
15792,1693226207815,1692253943570,1692253943574,1693226207822,7,4,3
15793,1693226207823,1692253943578,1692253943581,1693226207830,7,3,4
15794,1693226207830,1692253943585,1692253943588,1693226207837,7,3,4
15795,1693226207837,1692253943593,1692253943597,1693226207846,9,4,5
15796,1693226207846,1692253943601,1692253943604,1693226207853,7,3,4
15797,1693226207853,1692253943610,1692253943614,1693226207863,10,4,6
15798,1693226207863,1692253943619,1692253943622,1693226207871,8,3,5
15799,1693226207871,1692253943626,1692253943629,1693226207878,7,3,4
15800,1693226207878,1692253943634,1692253943637,1693226207886,8,3,5
15801,1693226207886,1692253943642,1692253943646,1693226207894,8,4,4
15802,1693226207894,1692253943650,1692253943653,1693226207902,8,3,5
15803,1693226207902,1692253943657,1692253943660,1693226207911,9,3,6
15804,1693226207911,1692253943667,1692253943670,1693226207919,8,3,5
15805,1693226207919,1692253943675,1692253943678,1693226207927,8,3,5
15806,1693226207927,1692253943684,1692253943687,1693226207936,9,3,6
15807,1693226207936,1692253943691,1692253943694,1693226207943,7,3,4
15808,1693226207943,1692253943699,1692253943703,1693226207951,8,4,4
15809,1693226207951,1692253943706,1692253943709,1693226207958,7,3,4
15810,1693226207958,1692253943714,1692253943717,1693226207966,8,3,5
15811,1693226207966,1692253943722,1692253943725,1693226207974,8,3,5
15812,1693226207974,1692253943732,1692253943735,1693226207984,10,3,7
15813,1693226207984,1692253943739,1692253943742,1693226207991,7,3,4
15814,1693226207991,1692253943746,1692253943749,1693226207998,7,3,4
15815,1693226207998,1692253943753,1692253943756,1693226208005,7,3,4
15816,1693226208005,1692253943763,1692253943766,1693226208015,10,3,7
15817,1693226208015,1692253943770,1692253943773,1693226208022,7,3,4
15818,1693226208022,1692253943777,1692253943780,1693226208029,7,3,4
15819,1693226208029,1692253943785,1692253943788,1693226208036,7,3,4
15820,1693226208036,1692253943792,1692253943795,1693226208044,8,3,5
15821,1693226208044,1692253943799,1692253943803,1693226208052,8,4,4
15822,1693226208052,1692253943808,1692253943811,1693226208060,8,3,5
15823,1693226208060,1692253943815,1692253943818,1693226208067,7,3,4
15824,1693226208067,1692253943822,1692253943825,1693226208074,7,3,4
15825,1693226208074,1692253943829,1692253943833,1693226208082,8,4,4
15826,1693226208082,1692253943837,1692253943840,1693226208089,7,3,4
15827,1693226208089,1692253943845,1692253943848,1693226208097,8,3,5
15828,1693226208097,1692253943852,1692253943855,1693226208104,7,3,4
15829,1693226208104,1692253943859,1692253943862,1693226208111,7,3,4
15830,1693226208111,1692253943867,1692253943870,1693226208119,8,3,5
15831,1693226208119,1692253943874,1692253943877,1693226208126,7,3,4
15832,1693226208126,1692253943882,1692253943886,1693226208135,9,4,5
15833,1693226208135,1692253943890,1692253943894,1693226208142,7,4,3
15834,1693226208143,1692253943898,1692253943902,1693226208150,7,4,3
15835,1693226208150,1692253943907,1692253943910,1693226208159,9,3,6
15836,1693226208159,1692253943915,1692253943918,1693226208167,8,3,5
15837,1693226208167,1692253943923,1692253943926,1693226208175,8,3,5
15838,1693226208175,1692253943931,1692253943935,1693226208184,9,4,5
15839,1693226208184,1692253943939,1692253943943,1693226208192,8,4,4
15840,1693226208192,1692253943948,1692253943951,1693226208200,8,3,5
15841,1693226208200,1692253943955,1692253943958,1693226208207,7,3,4
15842,1693226208207,1692253943962,1692253943965,1693226208214,7,3,4
15843,1693226208214,1692253943969,1692253943973,1693226208221,7,4,3
15844,1693226208221,1692253943976,1692253943980,1693226208229,8,4,4
15845,1693226208229,1692253943985,1692253943988,1693226208237,8,3,5
15846,1693226208237,1692253943993,1692253943996,1693226208245,8,3,5
15847,1693226208245,1692253944001,1692253944004,1693226208253,8,3,5
15848,1693226208253,1692253944009,1692253944012,1693226208261,8,3,5
15849,1693226208261,1692253944016,1692253944020,1693226208269,8,4,4
15850,1693226208269,1692253944024,1692253944027,1693226208276,7,3,4
15851,1693226208276,1692253944032,1692253944036,1693226208285,9,4,5
15852,1693226208285,1692253944040,1692253944043,1693226208292,7,3,4
15853,1693226208292,1692253944047,1692253944051,1693226208300,8,4,4
15854,1693226208300,1692253944056,1692253944060,1693226208308,8,4,4
15855,1693226208308,1692253944063,1692253944066,1693226208315,7,3,4
15856,1693226208315,1692253944071,1692253944074,1693226208322,7,3,4
15857,1693226208322,1692253944078,1692253944082,1693226208331,9,4,5
15858,1693226208331,1692253944086,1692253944088,1693226208337,6,2,4
15859,1693226208337,1692253944093,1692253944096,1693226208345,8,3,5
15860,1693226208345,1692253944100,1692253944103,1693226208352,7,3,4
15861,1693226208352,1692253944107,1692253944111,1693226208360,8,4,4
15862,1693226208360,1692253944116,1692253944119,1693226208368,8,3,5
15863,1693226208368,1692253944124,1692253944127,1693226208376,8,3,5
15864,1693226208376,1692253944131,1692253944135,1693226208384,8,4,4
15865,1693226208384,1692253944141,1692253944144,1693226208393,9,3,6
15866,1693226208393,1692253944149,1692253944152,1693226208401,8,3,5
15867,1693226208401,1692253944158,1692253944160,1693226208409,8,2,6
15868,1693226208409,1692253944165,1692253944169,1693226208418,9,4,5
15869,1693226208418,1692253944173,1692253944176,1693226208425,7,3,4
15870,1693226208425,1692253944180,1692253944184,1693226208433,8,4,4
15871,1693226208433,1692253944188,1692253944191,1693226208440,7,3,4
15872,1693226208440,1692253944196,1692253944199,1693226208448,8,3,5
15873,1693226208448,1692253944204,1692253944207,1693226208459,11,3,8
15874,1693226208459,1692253944215,1692253944219,1693226208468,9,4,5
15875,1693226208468,1692253944223,1692253944227,1693226208476,8,4,4
15876,1693226208476,1692253944232,1692253944235,1693226208484,8,3,5
15877,1693226208484,1692253944240,1692253944243,1693226208492,8,3,5
15878,1693226208492,1692253944247,1692253944251,1693226208499,7,4,3
15879,1693226208500,1692253944255,1692253944258,1693226208507,7,3,4
15880,1693226208507,1692253944262,1692253944265,1693226208514,7,3,4
15881,1693226208514,1692253944269,1692253944273,1693226208522,8,4,4
15882,1693226208522,1692253944277,1692253944280,1693226208529,7,3,4
15883,1693226208529,1692253944285,1692253944287,1693226208537,8,2,6
15884,1693226208537,1692253944292,1692253944295,1693226208545,8,3,5
15885,1693226208545,1692253944300,1692253944303,1693226208552,7,3,4
15886,1693226208552,1692253944307,1692253944310,1693226208559,7,3,4
15887,1693226208559,1692253944314,1692253944317,1693226208566,7,3,4
15888,1693226208566,1692253944322,1692253944325,1693226208574,8,3,5
15889,1693226208574,1692253944329,1692253944333,1693226208582,8,4,4
15890,1693226208582,1692253944338,1692253944340,1693226208589,7,2,5
15891,1693226208589,1692253944346,1692253944349,1693226208598,9,3,6
15892,1693226208598,1692253944354,1692253944356,1693226208605,7,2,5
15893,1693226208605,1692253944362,1692253944365,1693226208614,9,3,6
15894,1693226208614,1692253944370,1692253944373,1693226208622,8,3,5
15895,1693226208622,1692253944377,1692253944380,1693226208629,7,3,4
15896,1693226208629,1692253944384,1692253944387,1693226208636,7,3,4
15897,1693226208636,1692253944392,1692253944396,1693226208645,9,4,5
15898,1693226208645,1692253944400,1692253944404,1693226208653,8,4,4
15899,1693226208653,1692253944409,1692253944412,1693226208661,8,3,5
15900,1693226208661,1692253944417,1692253944420,1693226208669,8,3,5
15901,1693226208669,1692253944424,1692253944427,1693226208676,7,3,4
15902,1693226208676,1692253944432,1692253944435,1693226208684,8,3,5
15903,1693226208684,1692253944439,1692253944441,1693226208690,6,2,4
15904,1693226208690,1692253944445,1692253944449,1693226208698,8,4,4
15905,1693226208698,1692253944453,1692253944457,1693226208706,8,4,4
15906,1693226208706,1692253944461,1692253944465,1693226208713,7,4,3
15907,1693226208713,1692253944469,1692253944471,1693226208720,7,2,5
15908,1693226208720,1692253944475,1692253944478,1693226208727,7,3,4
15909,1693226208727,1692253944483,1692253944487,1693226208735,8,4,4
15910,1693226208736,1692253944491,1692253944495,1693226208744,8,4,4
15911,1693226208744,1692253944499,1692253944503,1693226208752,8,4,4
15912,1693226208752,1692253944507,1692253944511,1693226208760,8,4,4
15913,1693226208760,1692253944516,1692253944519,1693226208926,166,3,163
15914,1693226208926,1692253944682,1692253944686,1693226208935,9,4,5
15915,1693226208935,1692253944691,1692253944694,1693226208943,8,3,5
15916,1693226208943,1692253944698,1692253944702,1693226208951,8,4,4
15917,1693226208951,1692253944706,1692253944710,1693226208959,8,4,4
15918,1693226208959,1692253944714,1692253944718,1693226208967,8,4,4
15919,1693226208967,1692253944723,1692253944726,1693226208976,9,3,6
15920,1693226208976,1692253944731,1692253944734,1693226208983,7,3,4
15921,1693226208983,1692253944738,1692253944742,1693226208991,8,4,4
15922,1693226208991,1692253944746,1692253944750,1693226208998,7,4,3
15923,1693226208998,1692253944783,1692253944787,1693226209036,38,4,34
15924,1693226209036,1692253944796,1692253944799,1693226209048,12,3,9
15925,1693226209048,1692253944804,1692253944807,1693226209056,8,3,5
15926,1693226209056,1692253944813,1692253944817,1693226209065,9,4,5
15927,1693226209065,1692253944821,1692253944824,1693226209073,8,3,5
15928,1693226209073,1692253944828,1692253944831,1693226209080,7,3,4
15929,1693226209080,1692253944835,1692253944838,1693226209087,7,3,4
15930,1693226209087,1692253944842,1692253944845,1693226209093,6,3,3
15931,1693226209093,1692253944848,1692253944852,1693226209100,7,4,3
15932,1693226209100,1692253944858,1692253944862,1693226209111,11,4,7
15933,1693226209111,1692253944866,1692253944869,1693226209118,7,3,4
15934,1693226209118,1692253944875,1692253944878,1693226209127,9,3,6
15935,1693226209127,1692253944883,1692253944886,1693226209136,9,3,6
15936,1693226209136,1692253944891,1692253944895,1693226209144,8,4,4
15937,1693226209144,1692253944899,1692253944903,1693226209152,8,4,4
15938,1693226209152,1692253944907,1692253944910,1693226209159,7,3,4
15939,1693226209159,1692253944914,1692253944918,1693226209167,8,4,4
15940,1693226209167,1692253944923,1692253944926,1693226209175,8,3,5
15941,1693226209175,1692253944931,1692253944935,1693226209184,9,4,5
15942,1693226209184,1692253944939,1692253944942,1693226209191,7,3,4
15943,1693226209191,1692253944947,1692253944950,1693226209199,8,3,5
15944,1693226209199,1692253944954,1692253944957,1693226209208,9,3,6
15945,1693226209208,1692253944964,1692253944968,1693226209217,9,4,5
15946,1693226209217,1692253944973,1692253944976,1693226209225,8,3,5
15947,1693226209225,1692253944981,1692253944985,1693226209234,9,4,5
15948,1693226209234,1692253944988,1692253944991,1693226209240,6,3,3
15949,1693226209240,1692253944995,1692253945000,1693226209249,9,5,4
15950,1693226209249,1692253945005,1692253945008,1693226209257,8,3,5
15951,1693226209257,1692253945012,1692253945016,1693226209265,8,4,4
15952,1693226209265,1692253945020,1692253945024,1693226209273,8,4,4
15953,1693226209273,1692253945028,1692253945030,1693226209279,6,2,4
15954,1693226209279,1692253945034,1692253945038,1693226209287,8,4,4
15955,1693226209287,1692253945043,1692253945045,1693226209294,7,2,5
15956,1693226209294,1692253945050,1692253945053,1693226209302,8,3,5
15957,1693226209302,1692253945057,1692253945061,1693226209310,8,4,4
15958,1693226209310,1692253945066,1692253945069,1693226209317,7,3,4
15959,1693226209317,1692253945072,1692253945075,1693226209326,9,3,6
15960,1693226209326,1692253945081,1692253945084,1693226209333,7,3,4
15961,1693226209333,1692253945088,1692253945091,1693226209341,8,3,5
15962,1693226209341,1692253945096,1692253945100,1693226209349,8,4,4
15963,1693226209349,1692253945104,1692253945107,1693226209356,7,3,4
15964,1693226209356,1692253945111,1692253945115,1693226209363,7,4,3
15965,1693226209363,1692253945119,1692253945122,1693226209370,7,3,4
15966,1693226209370,1692253945127,1692253945130,1693226209379,9,3,6
15967,1693226209379,1692253945134,1692253945138,1693226209386,7,4,3
15968,1693226209386,1692253945141,1692253945145,1693226209394,8,4,4
15969,1693226209394,1692253945150,1692253945152,1693226209401,7,2,5
15970,1693226209401,1692253945156,1692253945160,1693226209408,7,4,3
15971,1693226209409,1692253945166,1692253945169,1693226209417,8,3,5
15972,1693226209417,1692253945172,1692253945176,1693226209425,8,4,4
15973,1693226209425,1692253945181,1692253945184,1693226209433,8,3,5
15974,1693226209433,1692253945188,1692253945193,1693226209441,8,5,3
15975,1693226209441,1692253945196,1692253945200,1693226209449,8,4,4
15976,1693226209449,1692253945204,1692253945208,1693226209456,7,4,3
15977,1693226209457,1692253945212,1692253945216,1693226209465,8,4,4
15978,1693226209465,1692253945221,1692253945224,1693226209473,8,3,5
15979,1693226209473,1692253945229,1692253945232,1693226209481,8,3,5
15980,1693226209481,1692253945236,1692253945239,1693226209488,7,3,4
15981,1693226209488,1692253945244,1692253945247,1693226209496,8,3,5
15982,1693226209496,1692253945251,1692253945254,1693226209503,7,3,4
15983,1693226209503,1692253945258,1692253945261,1693226209510,7,3,4
15984,1693226209511,1692253945268,1692253945271,1693226209520,9,3,6
15985,1693226209520,1692253945276,1692253945279,1693226209527,7,3,4
15986,1693226209527,1692253945283,1692253945288,1693226209537,10,5,5
15987,1693226209537,1692253945292,1692253945296,1693226209545,8,4,4
15988,1693226209545,1692253945300,1692253945303,1693226209552,7,3,4
15989,1693226209552,1692253945308,1692253945311,1693226209560,8,3,5
15990,1693226209560,1692253945315,1692253945318,1693226209567,7,3,4
15991,1693226209567,1692253945327,1692253945331,1693226209580,13,4,9
15992,1693226209580,1692253945335,1692253945339,1693226209588,8,4,4
15993,1693226209588,1692253945343,1692253945346,1693226209595,7,3,4
15994,1693226209595,1692253945350,1692253945353,1693226209602,7,3,4
15995,1693226209602,1692253945358,1692253945361,1693226209610,8,3,5
15996,1693226209610,1692253945366,1692253945369,1693226209618,8,3,5
15997,1693226209618,1692253945373,1692253945376,1693226209625,7,3,4
15998,1693226209625,1692253945381,1692253945384,1693226209633,8,3,5
15999,1693226209633,1692253945388,1692253945392,1693226209640,7,4,3
16000,1693226209640,1692253945395,1692253945398,1693226209648,8,3,5
16001,1693226209648,1692253945406,1692253945409,1693226209658,10,3,7
16002,1693226209658,1692253945414,1692253945417,1693226209666,8,3,5
16003,1693226209666,1692253945422,1692253945424,1693226209674,8,2,6
16004,1693226209674,1692253945429,1692253945432,1693226209681,7,3,4
16005,1693226209681,1692253945436,1692253945439,1693226209688,7,3,4
16006,1693226209688,1692253945443,1692253945446,1693226209696,8,3,5
16007,1693226209696,1692253945452,1692253945455,1693226209704,8,3,5
16008,1693226209704,1692253945460,1692253945463,1693226209712,8,3,5
16009,1693226209712,1692253945468,1692253945471,1693226209720,8,3,5
16010,1693226209720,1692253945476,1692253945480,1693226209729,9,4,5
16011,1693226209729,1692253945484,1692253945487,1693226209736,7,3,4
16012,1693226209736,1692253945492,1692253945495,1693226209745,9,3,6
16013,1693226209745,1692253945501,1692253945504,1693226209752,7,3,4
16014,1693226209752,1692253945508,1692253945512,1693226209761,9,4,5
16015,1693226209761,1692253945516,1692253945519,1693226209768,7,3,4
16016,1693226209768,1692253945524,1692253945527,1693226209777,9,3,6
16017,1693226209777,1692253945533,1692253945538,1693226209787,10,5,5
16018,1693226209787,1692253945543,1692253945546,1693226209795,8,3,5
16019,1693226209796,1692253945551,1692253945554,1693226209803,7,3,4
16020,1693226209803,1692253945559,1692253945562,1693226209811,8,3,5
16021,1693226209811,1692253945566,1692253945570,1693226209821,10,4,6
16022,1693226209821,1692253945576,1692253945580,1693226209829,8,4,4
16023,1693226209829,1692253945584,1692253945587,1693226209836,7,3,4
16024,1693226209836,1692253945591,1692253945594,1693226209843,7,3,4
16025,1693226209843,1692253945598,1692253945601,1693226209850,7,3,4
16026,1693226209850,1692253945605,1692253945608,1693226209857,7,3,4
16027,1693226209857,1692253945612,1692253945615,1693226209863,6,3,3
16028,1693226209864,1692253945619,1692253945621,1693226209870,6,2,4
16029,1693226209870,1692253945625,1692253945628,1693226209876,6,3,3
16030,1693226209876,1692253945632,1692253945635,1693226209884,8,3,5
16031,1693226209884,1692253945640,1692253945643,1693226209892,8,3,5
16032,1693226209892,1692253945647,1692253945651,1693226209899,7,4,3
16033,1693226209899,1692253945655,1692253945658,1693226209907,8,3,5
16034,1693226209907,1692253945662,1692253945665,1693226209914,7,3,4
16035,1693226209914,1692253945669,1692253945672,1693226209923,9,3,6
16036,1693226209923,1692253945679,1692253945682,1693226209931,8,3,5
16037,1693226209931,1692253945686,1692253945689,1693226209939,8,3,5
16038,1693226209939,1692253945694,1692253945698,1693226209947,8,4,4
16039,1693226209947,1692253945703,1692253945706,1693226209956,9,3,6
16040,1693226209956,1692253945711,1692253945714,1693226209963,7,3,4
16041,1693226209963,1692253945718,1692253945721,1693226209970,7,3,4
16042,1693226209970,1692253945725,1692253945728,1693226209977,7,3,4
16043,1693226209977,1692253945732,1692253945736,1693226209984,7,4,3
16044,1693226209984,1692253945740,1692253945743,1693226209992,8,3,5
16045,1693226209992,1692253945748,1692253945751,1693226210000,8,3,5
16046,1693226210000,1692253945757,1692253945760,1693226210009,9,3,6
16047,1693226210009,1692253945765,1692253945767,1693226210016,7,2,5
16048,1693226210016,1692253945771,1692253945775,1693226210026,10,4,6
16049,1693226210026,1692253945782,1692253945785,1693226210034,8,3,5
16050,1693226210034,1692253945790,1692253945793,1693226210042,8,3,5
16051,1693226210042,1692253945798,1692253945801,1693226210050,8,3,5
16052,1693226210050,1692253945806,1692253945809,1693226210057,7,3,4
16053,1693226210057,1692253945813,1692253945816,1693226210065,8,3,5
16054,1693226210065,1692253945820,1692253945823,1693226210073,8,3,5
16055,1693226210073,1692253945829,1692253945831,1693226210080,7,2,5
16056,1693226210080,1692253945838,1692253945843,1693226210091,11,5,6
16057,1693226210091,1692253945846,1692253945849,1693226210098,7,3,4
16058,1693226210098,1692253945853,1692253945857,1693226210106,8,4,4
16059,1693226210106,1692253945861,1692253945866,1693226210115,9,5,4
16060,1693226210115,1692253945871,1692253945874,1693226210123,8,3,5
16061,1693226210123,1692253945878,1692253945881,1693226210130,7,3,4
16062,1693226210130,1692253945886,1692253945889,1693226210138,8,3,5
16063,1693226210138,1692253945893,1692253945896,1693226210145,7,3,4
16064,1693226210145,1692253945901,1692253945905,1693226210154,9,4,5
16065,1693226210154,1692253945909,1692253945912,1693226210161,7,3,4
16066,1693226210161,1692253945917,1692253945920,1693226210169,8,3,5
16067,1693226210169,1692253945925,1692253945928,1693226210176,7,3,4
16068,1693226210176,1692253945932,1692253945935,1693226210184,8,3,5
16069,1693226210184,1692253945939,1692253945942,1693226210191,7,3,4
16070,1693226210191,1692253945947,1692253945951,1693226210199,8,4,4
16071,1693226210199,1692253945955,1692253945959,1693226210208,9,4,5
16072,1693226210208,1692253945964,1692253945967,1693226210216,8,3,5
16073,1693226210216,1692253945971,1692253945974,1693226210222,6,3,3
16074,1693226210222,1692253945978,1692253945981,1693226210232,10,3,7
16075,1693226210232,1692253945987,1692253945990,1693226210239,7,3,4
16076,1693226210239,1692253945995,1692253945997,1693226210247,8,2,6
16077,1693226210247,1692253946002,1692253946006,1693226210254,7,4,3
16078,1693226210254,1692253946010,1692253946013,1693226210264,10,3,7
16079,1693226210264,1692253946019,1692253946022,1693226210271,7,3,4
16080,1693226210271,1692253946026,1692253946030,1693226210279,8,4,4
16081,1693226210279,1692253946034,1692253946038,1693226210287,8,4,4
16082,1693226210287,1692253946042,1692253946045,1693226210294,7,3,4
16083,1693226210294,1692253946049,1692253946052,1693226210301,7,3,4
16084,1693226210301,1692253946056,1692253946059,1693226210308,7,3,4
16085,1693226210308,1692253946064,1692253946067,1693226210316,8,3,5
16086,1693226210316,1692253946071,1692253946075,1693226210324,8,4,4
16087,1693226210324,1692253946079,1692253946082,1693226210333,9,3,6
16088,1693226210333,1692253946089,1692253946092,1693226210341,8,3,5
16089,1693226210341,1692253946096,1692253946100,1693226210349,8,4,4
16090,1693226210349,1692253946105,1692253946108,1693226210357,8,3,5
16091,1693226210357,1692253946123,1692253946126,1693226210375,18,3,15
16092,1693226210375,1692253946131,1692253946135,1693226210383,8,4,4
16093,1693226210383,1692253946139,1692253946141,1693226210390,7,2,5
16094,1693226210390,1692253946146,1692253946149,1693226210398,8,3,5
16095,1693226210398,1692253946156,1692253946159,1693226210408,10,3,7
16096,1693226210408,1692253946164,1692253946169,1693226210418,10,5,5
16097,1693226210418,1692253946173,1692253946176,1693226210425,7,3,4
16098,1693226210425,1692253946181,1692253946184,1693226210433,8,3,5
16099,1693226210433,1692253946190,1692253946193,1693226210442,9,3,6
16100,1693226210442,1692253946197,1692253946201,1693226210449,7,4,3
16101,1693226210449,1692253946205,1692253946207,1693226210456,7,2,5
16102,1693226210456,1692253946212,1692253946216,1693226210464,8,4,4
16103,1693226210464,1692253946220,1692253946223,1693226210472,8,3,5
16104,1693226210472,1692253946227,1692253946230,1693226210480,8,3,5
16105,1693226210480,1692253946235,1692253946238,1693226210487,7,3,4
16106,1693226210487,1692253946243,1692253946246,1693226210495,8,3,5
16107,1693226210495,1692253946251,1692253946254,1693226210503,8,3,5
16108,1693226210503,1692253946258,1692253946262,1693226210511,8,4,4
16109,1693226210511,1692253946267,1692253946270,1693226210519,8,3,5
16110,1693226210519,1692253946274,1692253946277,1693226210526,7,3,4
16111,1693226210526,1692253946281,1692253946284,1693226210533,7,3,4
16112,1693226210533,1692253946292,1692253946296,1693226210544,11,4,7
16113,1693226210544,1692253946299,1692253946302,1693226210551,7,3,4
16114,1693226210551,1692253946309,1692253946312,1693226210561,10,3,7
16115,1693226210562,1692253946317,1692253946320,1693226210570,8,3,5
16116,1693226210570,1692253946326,1692253946329,1693226210578,8,3,5
16117,1693226210578,1692253946333,1692253946336,1693226210585,7,3,4
16118,1693226210585,1692253946340,1692253946344,1693226210592,7,4,3
16119,1693226210592,1692253946348,1692253946351,1693226210600,8,3,5
16120,1693226210600,1692253946356,1692253946359,1693226210608,8,3,5
16121,1693226210608,1692253946363,1692253946367,1693226210616,8,4,4
16122,1693226210616,1692253946371,1692253946375,1693226210624,8,4,4
16123,1693226210624,1692253946380,1692253946383,1693226210632,8,3,5
16124,1693226210632,1692253946387,1692253946390,1693226210641,9,3,6
16125,1693226210641,1692253946396,1692253946400,1693226210649,8,4,4
16126,1693226210649,1692253946405,1692253946409,1693226210658,9,4,5
16127,1693226210658,1692253946413,1692253946417,1693226210666,8,4,4
16128,1693226210666,1692253946421,1692253946425,1693226210674,8,4,4
16129,1693226210674,1692253946429,1692253946432,1693226210681,7,3,4
16130,1693226210681,1692253946436,1692253946439,1693226210688,7,3,4
16131,1693226210688,1692253946444,1692253946448,1693226210697,9,4,5
16132,1693226210697,1692253946452,1692253946455,1693226210704,7,3,4
16133,1693226210704,1692253946460,1692253946464,1693226210713,9,4,5
16134,1693226210713,1692253946468,1692253946471,1693226210719,6,3,3
16135,1693226210719,1692253946474,1692253946478,1693226210727,8,4,4
16136,1693226210727,1692253946482,1692253946486,1693226210735,8,4,4
16137,1693226210735,1692253946491,1692253946493,1693226210743,8,2,6
16138,1693226210743,1692253946499,1692253946502,1693226210751,8,3,5
16139,1693226210751,1692253946506,1692253946510,1693226210759,8,4,4
16140,1693226210759,1692253946515,1692253946518,1693226210767,8,3,5
16141,1693226210767,1692253946524,1692253946527,1693226210776,9,3,6
16142,1693226210776,1692253946533,1692253946536,1693226210786,10,3,7
16143,1693226210786,1692253946542,1692253946545,1693226210794,8,3,5
16144,1693226210794,1692253946550,1692253946553,1693226210802,8,3,5
16145,1693226210802,1692253946558,1692253946561,1693226210810,8,3,5
16146,1693226210810,1692253946565,1692253946569,1693226210818,8,4,4
16147,1693226210818,1692253946573,1692253946576,1693226210825,7,3,4
16148,1693226210825,1692253946580,1692253946583,1693226210832,7,3,4
16149,1693226210832,1692253946588,1692253946590,1693226210839,7,2,5
16150,1693226210839,1692253946594,1692253946597,1693226210847,8,3,5
16151,1693226210847,1692253946602,1692253946605,1693226210854,7,3,4
16152,1693226210854,1692253946610,1692253946613,1693226210862,8,3,5
16153,1693226210862,1692253946617,1692253946620,1693226210869,7,3,4
16154,1693226210869,1692253946625,1692253946628,1693226210877,8,3,5
16155,1693226210877,1692253946633,1692253946636,1693226210885,8,3,5
16156,1693226210885,1692253946641,1692253946644,1693226210893,8,3,5
16157,1693226210893,1692253946650,1692253946654,1693226210903,10,4,6
16158,1693226210903,1692253946658,1692253946662,1693226210911,8,4,4
16159,1693226210911,1692253946667,1692253946671,1693226210920,9,4,5
16160,1693226210920,1692253946675,1692253946678,1693226210929,9,3,6
16161,1693226210929,1692253946685,1692253946688,1693226210937,8,3,5
16162,1693226210937,1692253946693,1692253946696,1693226210945,8,3,5
16163,1693226210945,1692253946702,1692253946705,1693226210954,9,3,6
16164,1693226210954,1692253946709,1692253946712,1693226210961,7,3,4
16165,1693226210961,1692253946717,1692253946720,1693226210969,8,3,5
16166,1693226210969,1692253946724,1692253946727,1693226210976,7,3,4
16167,1693226210976,1692253946732,1692253946735,1693226210984,8,3,5
16168,1693226210984,1692253946740,1692253946743,1693226210992,8,3,5
16169,1693226210992,1692253946747,1692253946752,1693226211001,9,5,4
16170,1693226211001,1692253946756,1692253946760,1693226211009,8,4,4
16171,1693226211009,1692253946765,1692253946768,1693226211017,8,3,5
16172,1693226211017,1692253946772,1692253946776,1693226211025,8,4,4
16173,1693226211025,1692253946781,1692253946785,1693226211034,9,4,5
16174,1693226211034,1692253946789,1692253946792,1693226211041,7,3,4
16175,1693226211041,1692253946796,1692253946799,1693226211050,9,3,6
16176,1693226211050,1692253946806,1692253946809,1693226211058,8,3,5
16177,1693226211058,1692253946813,1692253946816,1693226211067,9,3,6
16178,1693226211067,1692253946823,1692253946826,1693226211075,8,3,5
16179,1693226211075,1692253946831,1692253946834,1693226211083,8,3,5
16180,1693226211083,1692253946838,1692253946841,1693226211090,7,3,4
16181,1693226211090,1692253946846,1692253946849,1693226211098,8,3,5
16182,1693226211098,1692253946853,1692253946856,1693226211105,7,3,4
16183,1693226211105,1692253946861,1692253946864,1693226211113,8,3,5
16184,1693226211113,1692253946869,1692253946872,1693226211121,8,3,5
16185,1693226211121,1692253946876,1692253946880,1693226211129,8,4,4
16186,1693226211129,1692253946885,1692253946888,1693226211137,8,3,5
16187,1693226211137,1692253946892,1692253946896,1693226211145,8,4,4
16188,1693226211145,1692253946901,1692253946904,1693226211153,8,3,5
16189,1693226211153,1692253946914,1692253946918,1693226211166,13,4,9
16190,1693226211166,1692253946922,1692253946925,1693226211174,8,3,5
16191,1693226211174,1692253946930,1692253946933,1693226211182,8,3,5
16192,1693226211182,1692253946937,1692253946940,1693226211189,7,3,4
16193,1693226211189,1692253946945,1692253946948,1693226211197,8,3,5
16194,1693226211197,1692253946952,1692253946955,1693226211204,7,3,4
16195,1693226211204,1692253946959,1692253946962,1693226211211,7,3,4
16196,1693226211211,1692253946966,1692253946969,1693226211218,7,3,4
16197,1693226211218,1692253946973,1692253946976,1693226211225,7,3,4
16198,1693226211225,1692253946981,1692253946984,1693226211233,8,3,5
16199,1693226211233,1692253946989,1692253946992,1693226211241,8,3,5
16200,1693226211241,1692253946997,1692253947001,1693226211249,8,4,4
16201,1693226211249,1692253947005,1692253947008,1693226211257,8,3,5
16202,1693226211257,1692253947013,1692253947016,1693226211265,8,3,5
16203,1693226211265,1692253947020,1692253947023,1693226211272,7,3,4
16204,1693226211272,1692253947027,1692253947030,1693226211279,7,3,4
16205,1693226211279,1692253947035,1692253947038,1693226211287,8,3,5
16206,1693226211287,1692253947042,1692253947046,1693226211295,8,4,4
16207,1693226211296,1692253947051,1692253947054,1693226211303,7,3,4
16208,1693226211303,1692253947058,1692253947061,1693226211310,7,3,4
16209,1693226211310,1692253947065,1692253947069,1693226211318,8,4,4
16210,1693226211318,1692253947074,1692253947077,1693226211326,8,3,5
16211,1693226211326,1692253947082,1692253947088,1693226211337,11,6,5
16212,1693226211337,1692253947092,1692253947095,1693226211344,7,3,4
16213,1693226211344,1692253947100,1692253947103,1693226211352,8,3,5
16214,1693226211352,1692253947107,1692253947110,1693226211359,7,3,4
16215,1693226211359,1692253947114,1692253947117,1693226211366,7,3,4
16216,1693226211366,1692253947122,1692253947124,1693226211373,7,2,5
16217,1693226211373,1692253947128,1692253947131,1693226211380,7,3,4
16218,1693226211380,1692253947136,1692253947139,1693226211388,8,3,5
16219,1693226211388,1692253947143,1692253947146,1693226211395,7,3,4
16220,1693226211395,1692253947151,1692253947154,1693226211403,8,3,5
16221,1693226211403,1692253947158,1692253947161,1693226211410,7,3,4
16222,1693226211410,1692253947165,1692253947168,1693226211417,7,3,4
16223,1693226211417,1692253947172,1692253947175,1693226211424,7,3,4
16224,1693226211424,1692253947179,1692253947182,1693226211431,7,3,4
16225,1693226211431,1692253947187,1692253947190,1693226211439,8,3,5
16226,1693226211439,1692253947195,1692253947198,1693226211447,8,3,5
16227,1693226211447,1692253947202,1692253947205,1693226211454,7,3,4
16228,1693226211454,1692253947209,1692253947212,1693226211461,7,3,4
16229,1693226211461,1692253947216,1692253947219,1693226211468,7,3,4
16230,1693226211468,1692253947223,1692253947226,1693226211474,6,3,3
16231,1693226211475,1692253947230,1692253947234,1693226211483,8,4,4
16232,1693226211483,1692253947238,1692253947241,1693226211490,7,3,4
16233,1693226211490,1692253947246,1692253947249,1693226211498,8,3,5
16234,1693226211498,1692253947253,1692253947256,1693226211505,7,3,4
16235,1693226211505,1692253947261,1692253947264,1693226211513,8,3,5
16236,1693226211513,1692253947269,1692253947272,1693226211521,8,3,5
16237,1693226211521,1692253947278,1692253947281,1693226211530,9,3,6
16238,1693226211530,1692253947287,1692253947290,1693226211539,9,3,6
16239,1693226211539,1692253947294,1692253947297,1693226211546,7,3,4
16240,1693226211546,1692253947302,1692253947305,1693226211553,7,3,4
16241,1693226211553,1692253947308,1692253947311,1693226211562,9,3,6
16242,1693226211562,1692253947318,1692253947323,1693226211571,9,5,4
16243,1693226211571,1692253947327,1692253947331,1693226211580,9,4,5
16244,1693226211580,1692253947335,1692253947338,1693226211587,7,3,4
16245,1693226211587,1692253947342,1692253947346,1693226211595,8,4,4
16246,1693226211595,1692253947351,1692253947354,1693226211603,8,3,5
16247,1693226211603,1692253947358,1692253947361,1693226211610,7,3,4
16248,1693226211610,1692253947365,1692253947368,1693226211617,7,3,4
16249,1693226211617,1692253947373,1692253947376,1693226211625,8,3,5
16250,1693226211625,1692253947381,1692253947385,1693226211633,8,4,4
16251,1693226211633,1692253947391,1692253947394,1693226211643,10,3,7
16252,1693226211643,1692253947399,1692253947403,1693226211652,9,4,5
16253,1693226211652,1692253947407,1692253947410,1693226211659,7,3,4
16254,1693226211659,1692253947414,1692253947417,1693226211666,7,3,4
16255,1693226211666,1692253947422,1692253947425,1693226211674,8,3,5
16256,1693226211674,1692253947430,1692253947433,1693226211682,8,3,5
16257,1693226211682,1692253947438,1692253947441,1693226211689,7,3,4
16258,1693226211689,1692253947445,1692253947448,1693226211697,8,3,5
16259,1693226211697,1692253947453,1692253947456,1693226211704,7,3,4
16260,1693226211704,1692253947460,1692253947462,1693226211711,7,2,5
16261,1693226211711,1692253947468,1692253947472,1693226211721,10,4,6
16262,1693226211721,1692253947476,1692253947479,1693226211728,7,3,4
16263,1693226211728,1692253947483,1692253947487,1693226211736,8,4,4
16264,1693226211736,1692253947492,1692253947495,1693226211744,8,3,5
16265,1693226211744,1692253947500,1692253947503,1693226211752,8,3,5
16266,1693226211752,1692253947508,1692253947511,1693226211760,8,3,5
16267,1693226211760,1692253947516,1692253947519,1693226211768,8,3,5
16268,1693226211768,1692253947526,1692253947529,1693226211778,10,3,7
16269,1693226211778,1692253947534,1692253947538,1693226211787,9,4,5
16270,1693226211787,1692253947543,1692253947546,1693226211796,9,3,6
16271,1693226211796,1692253947551,1692253947554,1693226211803,7,3,4
16272,1693226211803,1692253947559,1692253947562,1693226211811,8,3,5
16273,1693226211811,1692253947567,1692253947570,1693226211819,8,3,5
16274,1693226211819,1692253947574,1692253947576,1693226211826,7,2,5
16275,1693226211826,1692253947582,1692253947585,1693226211834,8,3,5
16276,1693226211835,1692253947590,1692253947594,1693226211843,8,4,4
16277,1693226211843,1692253947599,1692253947601,1693226211851,8,2,6
16278,1693226211851,1692253947606,1692253947609,1693226211858,7,3,4
16279,1693226211858,1692253947614,1692253947620,1693226211869,11,6,5
16280,1693226211869,1692253947625,1692253947628,1693226211877,8,3,5
16281,1693226211877,1692253947633,1692253947636,1693226211885,8,3,5
16282,1693226211885,1692253947640,1692253947644,1693226211893,8,4,4
16283,1693226211893,1692253947649,1692253947654,1693226211903,10,5,5
16284,1693226211903,1692253947664,1692253947667,1693226211916,13,3,10
16285,1693226211916,1692253947672,1692253947675,1693226211924,8,3,5
16286,1693226211924,1692253947680,1692253947683,1693226211935,11,3,8
16287,1693226211935,1692253947691,1692253947694,1693226211943,8,3,5
16288,1693226211943,1692253947698,1692253947701,1693226211950,7,3,4
16289,1693226211950,1692253947705,1692253947708,1693226211957,7,3,4
16290,1693226211957,1692253947713,1692253947716,1693226211965,8,3,5
16291,1693226211965,1692253947721,1692253947724,1693226211973,8,3,5
16292,1693226211973,1692253947729,1692253947732,1693226211981,8,3,5
16293,1693226211981,1692253947737,1692253947739,1693226211988,7,2,5
16294,1693226211988,1692253947743,1692253947746,1693226211996,8,3,5
16295,1693226211996,1692253947752,1692253947755,1693226212004,8,3,5
16296,1693226212004,1692253947760,1692253947763,1693226212012,8,3,5
16297,1693226212012,1692253947767,1692253947770,1693226212019,7,3,4
16298,1693226212019,1692253947774,1692253947777,1693226212026,7,3,4
16299,1693226212026,1692253947782,1692253947786,1693226212035,9,4,5
16300,1693226212035,1692253947790,1692253947793,1693226212042,7,3,4
16301,1693226212042,1692253947798,1692253947801,1693226212050,8,3,5
16302,1693226212050,1692253947806,1692253947809,1693226212058,8,3,5
16303,1693226212058,1692253947814,1692253947817,1693226212066,8,3,5
16304,1693226212066,1692253947821,1692253947824,1693226212074,8,3,5
16305,1693226212074,1692253947830,1692253947833,1693226212082,8,3,5
16306,1693226212082,1692253947837,1692253947841,1693226212090,8,4,4
16307,1693226212090,1692253947845,1692253947848,1693226212097,7,3,4
16308,1693226212097,1692253947852,1692253947856,1693226212104,7,4,3
16309,1693226212105,1692253947860,1692253947864,1693226212112,7,4,3
16310,1693226212112,1692253947868,1692253947871,1693226212120,8,3,5
16311,1693226212120,1692253947875,1692253947878,1693226212127,7,3,4
16312,1693226212127,1692253947882,1692253947886,1693226212134,7,4,3
16313,1693226212135,1692253947891,1692253947894,1693226212142,7,3,4
16314,1693226212142,1692253947898,1692253947901,1693226212149,7,3,4
16315,1693226212149,1692253947906,1692253947910,1693226212159,10,4,6
16316,1693226212159,1692253947915,1692253947918,1693226212167,8,3,5
16317,1693226212167,1692253947923,1692253947926,1693226212177,10,3,7
16318,1693226212177,1692253947932,1692253947935,1693226212184,7,3,4
16319,1693226212184,1692253947939,1692253947942,1693226212191,7,3,4
16320,1693226212191,1692253947947,1692253947951,1693226212200,9,4,5
16321,1693226212200,1692253947955,1692253947958,1693226212207,7,3,4
16322,1693226212207,1692253947963,1692253947966,1693226212215,8,3,5
16323,1693226212215,1692253947970,1692253947973,1693226212222,7,3,4
16324,1693226212222,1692253947978,1692253947981,1693226212230,8,3,5
16325,1693226212230,1692253947985,1692253947988,1693226212237,7,3,4
16326,1693226212237,1692253947992,1692253947995,1693226212244,7,3,4
16327,1693226212244,1692253948000,1692253948003,1693226212252,8,3,5
16328,1693226212252,1692253948008,1692253948011,1693226212260,8,3,5
16329,1693226212260,1692253948015,1692253948019,1693226212268,8,4,4
16330,1693226212268,1692253948023,1692253948026,1693226212275,7,3,4
16331,1693226212275,1692253948032,1692253948036,1693226212284,9,4,5
16332,1693226212284,1692253948041,1692253948044,1693226212293,9,3,6
16333,1693226212293,1692253948049,1692253948051,1693226212300,7,2,5
16334,1693226212300,1692253948056,1692253948059,1693226212307,7,3,4
16335,1693226212307,1692253948063,1692253948066,1693226212315,8,3,5
16336,1693226212315,1692253948070,1692253948073,1693226212322,7,3,4
16337,1693226212322,1692253948077,1692253948081,1693226212330,8,4,4
16338,1693226212330,1692253948085,1692253948090,1693226212339,9,5,4
16339,1693226212340,1692253948096,1692253948099,1693226212348,8,3,5
16340,1693226212348,1692253948103,1692253948106,1693226212354,6,3,3
16341,1693226212354,1692253948109,1692253948112,1693226212361,7,3,4
16342,1693226212361,1692253948122,1692253948125,1693226212374,13,3,10
16343,1693226212374,1692253948130,1692253948133,1693226212382,8,3,5
16344,1693226212382,1692253948140,1692253948143,1693226212392,10,3,7
16345,1693226212392,1692253948147,1692253948150,1693226212399,7,3,4
16346,1693226212399,1692253948155,1692253948157,1693226212406,7,2,5
16347,1693226212406,1692253948162,1692253948165,1693226212413,7,3,4
16348,1693226212414,1692253948169,1692253948173,1693226212422,8,4,4
16349,1693226212422,1692253948177,1692253948180,1693226212429,7,3,4
16350,1693226212429,1692253948184,1692253948186,1693226212435,6,2,4
16351,1693226212435,1692253948190,1692253948195,1693226212443,8,5,3
16352,1693226212444,1692253948199,1692253948203,1693226212451,7,4,3
16353,1693226212451,1692253948206,1692253948209,1693226212458,7,3,4
16354,1693226212458,1692253948213,1692253948216,1693226212465,7,3,4
16355,1693226212465,1692253948221,1692253948223,1693226212472,7,2,5
16356,1693226212472,1692253948227,1692253948230,1693226212479,7,3,4
16357,1693226212479,1692253948237,1692253948240,1693226212489,10,3,7
16358,1693226212489,1692253948244,1692253948246,1693226212495,6,2,4
16359,1693226212495,1692253948251,1692253948254,1693226212503,8,3,5
16360,1693226212503,1692253948259,1692253948262,1693226212511,8,3,5
16361,1693226212511,1692253948266,1692253948270,1693226212519,8,4,4
16362,1693226212519,1692253948274,1692253948277,1693226212526,7,3,4
16363,1693226212526,1692253948281,1692253948285,1693226212534,8,4,4
16364,1693226212534,1692253948290,1692253948293,1693226212542,8,3,5
16365,1693226212542,1692253948298,1692253948300,1693226212549,7,2,5
16366,1693226212549,1692253948305,1692253948308,1693226212556,7,3,4
16367,1693226212556,1692253948311,1692253948314,1693226212563,7,3,4
16368,1693226212563,1692253948319,1692253948322,1693226212571,8,3,5
16369,1693226212571,1692253948326,1692253948329,1693226212578,7,3,4
16370,1693226212578,1692253948334,1692253948337,1693226212586,8,3,5
16371,1693226212586,1692253948342,1692253948345,1693226212594,8,3,5
16372,1693226212594,1692253948349,1692253948352,1693226212601,7,3,4
16373,1693226212601,1692253948356,1692253948359,1693226212608,7,3,4
16374,1693226212608,1692253948364,1692253948367,1693226212617,9,3,6
16375,1693226212617,1692253948372,1692253948376,1693226212625,8,4,4
16376,1693226212625,1692253948380,1692253948383,1693226212633,8,3,5
16377,1693226212633,1692253948388,1692253948391,1693226212640,7,3,4
16378,1693226212640,1692253948395,1692253948399,1693226212648,8,4,4
16379,1693226212648,1692253948406,1692253948410,1693226212659,11,4,7
16380,1693226212659,1692253948414,1692253948420,1693226212669,10,6,4
16381,1693226212669,1692253948425,1692253948428,1693226212676,7,3,4
16382,1693226212676,1692253948431,1692253948435,1693226212683,7,4,3
16383,1693226212683,1692253948438,1692253948441,1693226212690,7,3,4
16384,1693226212690,1692253948446,1692253948449,1693226212698,8,3,5
16385,1693226212698,1692253948454,1692253948457,1693226212705,7,3,4
16386,1693226212706,1692253948461,1692253948465,1693226212714,8,4,4
16387,1693226212714,1692253948469,1692253948474,1693226212723,9,5,4
16388,1693226212723,1692253948478,1692253948481,1693226212730,7,3,4
16389,1693226212730,1692253948486,1692253948488,1693226212737,7,2,5
16390,1693226212737,1692253948493,1692253948495,1693226212744,7,2,5
16391,1693226212744,1692253948500,1692253948503,1693226212752,8,3,5
16392,1693226212752,1692253948507,1692253948510,1693226212759,7,3,4
16393,1693226212759,1692253948514,1692253948517,1693226212766,7,3,4
16394,1693226212766,1692253948522,1692253948526,1693226212775,9,4,5
16395,1693226212775,1692253948530,1692253948534,1693226212783,8,4,4
16396,1693226212783,1692253948539,1692253948542,1693226212791,8,3,5
16397,1693226212791,1692253948546,1692253948550,1693226212798,7,4,3
16398,1693226212798,1692253948554,1692253948557,1693226212806,8,3,5
16399,1693226212806,1692253948561,1692253948565,1693226212814,8,4,4
16400,1693226212814,1692253948569,1692253948572,1693226212821,7,3,4
16401,1693226212821,1692253948576,1692253948579,1693226212828,7,3,4
16402,1693226212828,1692253948583,1692253948586,1693226212835,7,3,4
16403,1693226212835,1692253948590,1692253948593,1693226212843,8,3,5
16404,1693226212843,1692253948599,1692253948602,1693226212850,7,3,4
16405,1693226212850,1692253948606,1692253948609,1693226212865,15,3,12
16406,1693226212865,1692253948621,1692253948624,1693226212873,8,3,5
16407,1693226212873,1692253948628,1692253948631,1693226212880,7,3,4
16408,1693226212880,1692253948636,1692253948639,1693226212888,8,3,5
16409,1693226212888,1692253948644,1692253948648,1693226212897,9,4,5
16410,1693226212897,1692253948653,1692253948655,1693226212904,7,2,5
16411,1693226212904,1692253948660,1692253948662,1693226212911,7,2,5
16412,1693226212911,1692253948667,1692253948670,1693226212919,8,3,5
16413,1693226212919,1692253948674,1692253948676,1693226212925,6,2,4
16414,1693226212925,1692253948680,1692253948683,1693226212932,7,3,4
16415,1693226212932,1692253948687,1692253948691,1693226212941,9,4,5
16416,1693226212941,1692253948697,1692253948700,1693226212949,8,3,5
16417,1693226212949,1692253948705,1692253948708,1693226212957,8,3,5
16418,1693226212957,1692253948712,1692253948715,1693226212964,7,3,4
16419,1693226212964,1692253948719,1692253948723,1693226212972,8,4,4
16420,1693226212972,1692253948727,1692253948730,1693226212979,7,3,4
16421,1693226212979,1692253948735,1692253948738,1693226212987,8,3,5
16422,1693226212987,1692253948743,1692253948746,1693226212996,9,3,6
16423,1693226212996,1692253948751,1692253948755,1693226213004,8,4,4
16424,1693226213004,1692253948759,1692253948764,1693226213012,8,5,3
16425,1693226213013,1692253948768,1692253948771,1693226213019,6,3,3
16426,1693226213019,1692253948775,1692253948779,1693226213028,9,4,5
16427,1693226213028,1692253948784,1692253948787,1693226213036,8,3,5
16428,1693226213036,1692253948792,1692253948794,1693226213043,7,2,5
16429,1693226213043,1692253948798,1692253948801,1693226213050,7,3,4
16430,1693226213050,1692253948805,1692253948809,1693226213058,8,4,4
16431,1693226213058,1692253948813,1692253948817,1693226213066,8,4,4
16432,1693226213066,1692253948821,1692253948825,1693226213074,8,4,4
16433,1693226213074,1692253948830,1692253948834,1693226213082,8,4,4
16434,1693226213082,1692253948839,1692253948843,1693226213092,10,4,6
16435,1693226213092,1692253948847,1692253948851,1693226213100,8,4,4
16436,1693226213100,1692253948855,1692253948858,1693226213107,7,3,4
16437,1693226213107,1692253948863,1692253948866,1693226213115,8,3,5
16438,1693226213115,1692253948871,1692253948874,1693226213123,8,3,5
16439,1693226213123,1692253948878,1692253948881,1693226213130,7,3,4
16440,1693226213130,1692253948885,1692253948888,1693226213137,7,3,4
16441,1693226213137,1692253948892,1692253948895,1693226213144,7,3,4
16442,1693226213144,1692253948899,1692253948902,1693226213151,7,3,4
16443,1693226213151,1692253948907,1692253948910,1693226213159,8,3,5
16444,1693226213159,1692253948915,1692253948918,1693226213167,8,3,5
16445,1693226213167,1692253948922,1692253948925,1693226213174,7,3,4
16446,1693226213174,1692253948930,1692253948933,1693226213182,8,3,5
16447,1693226213182,1692253948938,1692253948941,1693226213190,8,3,5
16448,1693226213190,1692253948945,1692253948949,1693226213200,10,4,6
16449,1693226213200,1692253948955,1692253948959,1693226213208,8,4,4
16450,1693226213208,1692253948963,1692253948966,1693226213217,9,3,6
16451,1693226213217,1692253948972,1692253948976,1693226213225,8,4,4
16452,1693226213225,1692253948980,1692253948984,1693226213233,8,4,4
16453,1693226213233,1692253948989,1692253948992,1693226213241,8,3,5
16454,1693226213241,1692253948996,1692253948999,1693226213248,7,3,4
16455,1693226213248,1692253949003,1692253949006,1693226213255,7,3,4
16456,1693226213255,1692253949010,1692253949013,1693226213262,7,3,4
16457,1693226213262,1692253949018,1692253949022,1693226213271,9,4,5
16458,1693226213271,1692253949026,1692253949029,1693226213278,7,3,4
16459,1693226213278,1692253949034,1692253949038,1693226213286,8,4,4
16460,1693226213286,1692253949041,1692253949045,1693226213294,8,4,4
16461,1693226213294,1692253949050,1692253949055,1693226213304,10,5,5
16462,1693226213304,1692253949060,1692253949063,1693226213312,8,3,5
16463,1693226213312,1692253949068,1692253949070,1693226213319,7,2,5
16464,1693226213319,1692253949075,1692253949077,1693226213326,7,2,5
16465,1693226213326,1692253949081,1692253949084,1693226213333,7,3,4
16466,1693226213333,1692253949088,1692253949092,1693226213341,8,4,4
16467,1693226213341,1692253949096,1692253949099,1693226213347,6,3,3
16468,1693226213347,1692253949102,1692253949105,1693226213354,7,3,4
16469,1693226213354,1692253949109,1692253949112,1693226213362,8,3,5
16470,1693226213362,1692253949117,1692253949120,1693226213369,7,3,4
16471,1693226213369,1692253949124,1692253949128,1693226213377,8,4,4
16472,1693226213377,1692253949132,1692253949135,1693226213384,7,3,4
16473,1693226213385,1692253949140,1692253949142,1693226213391,6,2,4
16474,1693226213391,1692253949147,1692253949150,1693226213399,8,3,5
16475,1693226213399,1692253949154,1692253949157,1693226213406,7,3,4
16476,1693226213406,1692253949164,1692253949167,1693226213416,10,3,7
16477,1693226213416,1692253949172,1692253949175,1693226213424,8,3,5
16478,1693226213424,1692253949180,1692253949183,1693226213432,8,3,5
16479,1693226213432,1692253949190,1692253949193,1693226213442,10,3,7
16480,1693226213442,1692253949198,1692253949200,1693226213449,7,2,5
16481,1693226213449,1692253949205,1692253949208,1693226213457,8,3,5
16482,1693226213457,1692253949212,1692253949216,1693226213464,7,4,3
16483,1693226213464,1692253949220,1692253949222,1693226213471,7,2,5
16484,1693226213471,1692253949227,1692253949230,1693226213479,8,3,5
16485,1693226213479,1692253949234,1692253949237,1693226213486,7,3,4
16486,1693226213486,1692253949241,1692253949244,1693226213493,7,3,4
16487,1693226213493,1692253949249,1692253949252,1693226213501,8,3,5
16488,1693226213501,1692253949256,1692253949259,1693226213509,8,3,5
16489,1693226213509,1692253949264,1692253949268,1693226213517,8,4,4
16490,1693226213517,1692253949272,1692253949276,1693226213524,7,4,3
16491,1693226213524,1692253949279,1692253949283,1693226213531,7,4,3
16492,1693226213531,1692253949287,1692253949290,1693226213539,8,3,5
16493,1693226213539,1692253949295,1692253949298,1693226213547,8,3,5
16494,1693226213547,1692253949303,1692253949305,1693226213554,7,2,5
16495,1693226213554,1692253949311,1692253949314,1693226213563,9,3,6
16496,1693226213563,1692253949319,1692253949323,1693226213572,9,4,5
16497,1693226213572,1692253949329,1692253949332,1693226213581,9,3,6
16498,1693226213581,1692253949336,1692253949341,1693226213590,9,5,4
16499,1693226213590,1692253949346,1692253949349,1693226213598,8,3,5
16500,1693226213598,1692253949353,1692253949356,1693226213605,7,3,4
16501,1693226213605,1692253949360,1692253949363,1693226213612,7,3,4
16502,1693226213612,1692253949368,1692253949371,1693226213620,8,3,5
16503,1693226213620,1692253949376,1692253949379,1693226213628,8,3,5
16504,1693226213628,1692253949383,1692253949386,1693226213635,7,3,4
16505,1693226213635,1692253949390,1692253949394,1693226213643,8,4,4
16506,1693226213643,1692253949399,1692253949402,1693226213651,8,3,5
16507,1693226213651,1692253949406,1692253949408,1693226213657,6,2,4
16508,1693226213657,1692253949413,1692253949417,1693226213666,9,4,5
16509,1693226213666,1692253949422,1692253949425,1693226213674,8,3,5
16510,1693226213674,1692253949430,1692253949433,1693226213682,8,3,5
16511,1693226213682,1692253949438,1692253949440,1693226213689,7,2,5
16512,1693226213689,1692253949444,1692253949448,1693226213697,8,4,4
16513,1693226213697,1692253949452,1692253949456,1693226213704,7,4,3
16514,1693226213704,1692253949460,1692253949463,1693226213713,9,3,6
16515,1693226213713,1692253949469,1692253949472,1693226213721,8,3,5
16516,1693226213721,1692253949477,1692253949480,1693226213729,8,3,5
16517,1693226213729,1692253949484,1692253949487,1693226213736,7,3,4
16518,1693226213736,1692253949491,1692253949494,1693226213743,7,3,4
16519,1693226213744,1692253949499,1692253949503,1693226213752,8,4,4
16520,1693226213752,1692253949508,1692253949511,1693226213760,8,3,5
16521,1693226213760,1692253949515,1692253949518,1693226213767,7,3,4
16522,1693226213767,1692253949522,1692253949526,1693226213775,8,4,4
16523,1693226213775,1692253949534,1692253949537,1693226213786,11,3,8
16524,1693226213786,1692253949541,1692253949544,1693226213793,7,3,4
16525,1693226213793,1692253949549,1692253949552,1693226213801,8,3,5
16526,1693226213801,1692253949556,1692253949559,1693226213808,7,3,4
16527,1693226213808,1692253949563,1692253949566,1693226213815,7,3,4
16528,1693226213815,1692253949570,1692253949574,1693226213822,7,4,3
16529,1693226213822,1692253949578,1692253949581,1693226213830,8,3,5
16530,1693226213830,1692253949586,1692253949589,1693226213838,8,3,5
16531,1693226213838,1692253949594,1692253949597,1693226213848,10,3,7
16532,1693226213848,1692253949603,1692253949606,1693226213854,6,3,3
16533,1693226213854,1692253949610,1692253949612,1693226213861,7,2,5
16534,1693226213861,1692253949617,1692253949620,1693226213869,8,3,5
16535,1693226213869,1692253949624,1692253949628,1693226213877,8,4,4
16536,1693226213877,1692253949632,1692253949635,1693226213884,7,3,4
16537,1693226213884,1692253949640,1692253949644,1693226213893,9,4,5
16538,1693226213893,1692253949650,1692253949653,1693226213902,9,3,6
16539,1693226213902,1692253949657,1692253949660,1693226213909,7,3,4
16540,1693226213909,1692253949665,1692253949668,1693226213918,9,3,6
16541,1693226213918,1692253949673,1692253949677,1693226213927,9,4,5
16542,1693226213927,1692253949683,1692253949685,1693226213934,7,2,5
16543,1693226213934,1692253949689,1692253949692,1693226213940,6,3,3
16544,1693226213940,1692253949701,1692253949705,1693226213953,13,4,9
16545,1693226213954,1692253949709,1692253949712,1693226213961,7,3,4
16546,1693226213961,1692253949716,1692253949720,1693226213969,8,4,4
16547,1693226213969,1692253949724,1692253949728,1693226213977,8,4,4
16548,1693226213977,1692253949732,1692253949735,1693226213984,7,3,4
16549,1693226213984,1692253949740,1692253949743,1693226213992,8,3,5
16550,1693226213992,1692253949747,1692253949751,1693226214000,8,4,4
16551,1693226214000,1692253949755,1692253949759,1693226214008,8,4,4
16552,1693226214008,1692253949764,1692253949767,1693226214016,8,3,5
16553,1693226214016,1692253949774,1692253949778,1693226214029,13,4,9
16554,1693226214029,1692253949785,1692253949788,1693226214038,9,3,6
16555,1693226214038,1692253949794,1692253949798,1693226214047,9,4,5
16556,1693226214047,1692253949803,1692253949806,1693226214054,7,3,4
16557,1693226214054,1692253949810,1692253949813,1693226214062,8,3,5
16558,1693226214062,1692253949818,1692253949821,1693226214070,8,3,5
16559,1693226214070,1692253949825,1692253949828,1693226214077,7,3,4
16560,1693226214077,1692253949833,1692253949837,1693226214086,9,4,5
16561,1693226214086,1692253949841,1692253949845,1693226214094,8,4,4
16562,1693226214094,1692253949849,1692253949853,1693226214101,7,4,3
16563,1693226214101,1692253949857,1692253949860,1693226214109,8,3,5
16564,1693226214109,1692253949865,1692253949868,1693226214117,8,3,5
16565,1693226214117,1692253949875,1692253949879,1693226214128,11,4,7
16566,1693226214128,1692253949884,1692253949887,1693226214136,8,3,5
16567,1693226214136,1692253949891,1692253949894,1693226214143,7,3,4
16568,1693226214143,1692253949901,1692253949905,1693226214154,11,4,7
16569,1693226214154,1692253949911,1692253949914,1693226214163,9,3,6
16570,1693226214163,1692253949919,1692253949921,1693226214170,7,2,5
16571,1693226214170,1692253949926,1692253949929,1693226214178,8,3,5
16572,1693226214178,1692253949934,1692253949938,1693226214188,10,4,6
16573,1693226214188,1692253949945,1692253949948,1693226214198,10,3,7
16574,1693226214198,1692253949954,1692253949958,1693226214207,9,4,5
16575,1693226214207,1692253949962,1692253949965,1693226214214,7,3,4
16576,1693226214214,1692253949970,1692253949973,1693226214226,12,3,9
16577,1693226214226,1692253949981,1692253949985,1693226214234,8,4,4
16578,1693226214234,1692253949990,1692253949993,1693226214242,8,3,5
16579,1693226214242,1692253949997,1692253950001,1693226214249,7,4,3
16580,1693226214249,1692253950005,1692253950009,1693226214258,9,4,5
16581,1693226214258,1692253950014,1692253950017,1693226214266,8,3,5
16582,1693226214266,1692253950021,1692253950024,1693226214273,7,3,4
16583,1693226214273,1692253950028,1692253950031,1693226214280,7,3,4
16584,1693226214280,1692253950037,1692253950040,1693226214289,9,3,6
16585,1693226214289,1692253950052,1692253950055,1693226214304,15,3,12
16586,1693226214304,1692253950060,1692253950064,1693226214313,9,4,5
16587,1693226214313,1692253950068,1692253950071,1693226214320,7,3,4
16588,1693226214320,1692253950075,1692253950078,1693226214328,8,3,5
16589,1693226214328,1692253950084,1692253950088,1693226214337,9,4,5
16590,1693226214337,1692253950092,1692253950096,1693226214344,7,4,3
16591,1693226214344,1692253950099,1692253950103,1693226214351,7,4,3
16592,1693226214351,1692253950108,1692253950110,1693226214359,8,2,6
16593,1693226214359,1692253950115,1692253950119,1693226214368,9,4,5
16594,1693226214368,1692253950123,1692253950126,1693226214375,7,3,4
16595,1693226214375,1692253950130,1692253950133,1693226214382,7,3,4
16596,1693226214382,1692253950138,1692253950142,1693226214391,9,4,5
16597,1693226214391,1692253950147,1692253950151,1693226214400,9,4,5
16598,1693226214400,1692253950156,1692253950159,1693226214407,7,3,4
16599,1693226214408,1692253950163,1692253950167,1693226214415,7,4,3
16600,1693226214415,1692253950171,1692253950174,1693226214423,8,3,5
16601,1693226214423,1692253950178,1692253950181,1693226214430,7,3,4
16602,1693226214430,1692253950185,1692253950189,1693226214437,7,4,3
16603,1693226214437,1692253950192,1692253950196,1693226214445,8,4,4
16604,1693226214445,1692253950201,1692253950204,1693226214453,8,3,5
16605,1693226214453,1692253950209,1692253950211,1693226214460,7,2,5
16606,1693226214460,1692253950216,1692253950219,1693226214468,8,3,5
16607,1693226214468,1692253950223,1692253950227,1693226214475,7,4,3
16608,1693226214476,1692253950231,1692253950236,1693226214484,8,5,3
16609,1693226214485,1692253950240,1692253950244,1693226214493,8,4,4
16610,1693226214493,1692253950249,1692253950252,1693226214501,8,3,5
16611,1693226214501,1692253950257,1692253950260,1693226214508,7,3,4
16612,1693226214508,1692253950264,1692253950267,1693226214516,8,3,5
16613,1693226214516,1692253950272,1692253950275,1693226214524,8,3,5
16614,1693226214524,1692253950279,1692253950282,1693226214532,8,3,5
16615,1693226214532,1692253950287,1692253950290,1693226214539,7,3,4
16616,1693226214539,1692253950299,1692253950302,1693226214550,11,3,8
16617,1693226214550,1692253950305,1692253950309,1693226214558,8,4,4
16618,1693226214558,1692253950314,1692253950318,1693226214567,9,4,5
16619,1693226214567,1692253950322,1692253950325,1693226214574,7,3,4
16620,1693226214574,1692253950330,1692253950333,1693226214582,8,3,5
16621,1693226214582,1692253950338,1692253950341,1693226214589,7,3,4
16622,1693226214589,1692253950344,1692253950347,1693226214596,7,3,4
16623,1693226214596,1692253950352,1692253950355,1693226214604,8,3,5
16624,1693226214604,1692253950359,1692253950363,1693226214612,8,4,4
16625,1693226214612,1692253950367,1692253950371,1693226214619,7,4,3
16626,1693226214619,1692253950374,1692253950377,1693226214626,7,3,4
16627,1693226214626,1692253950382,1692253950385,1693226214634,8,3,5
16628,1693226214634,1692253950389,1692253950392,1693226214641,7,3,4
16629,1693226214641,1692253950396,1692253950400,1693226214649,8,4,4
16630,1693226214649,1692253950404,1692253950407,1693226214656,7,3,4
16631,1693226214656,1692253950411,1692253950414,1693226214663,7,3,4
16632,1693226214663,1692253950419,1692253950422,1693226214671,8,3,5
16633,1693226214671,1692253950426,1692253950429,1693226214678,7,3,4
16634,1693226214678,1692253950433,1692253950439,1693226214689,11,6,5
16635,1693226214689,1692253950445,1692253950448,1693226214697,8,3,5
16636,1693226214697,1692253950452,1692253950456,1693226214704,7,4,3
16637,1693226214704,1692253950460,1692253950464,1693226214712,8,4,4
16638,1693226214712,1692253950467,1692253950470,1693226214719,7,3,4
16639,1693226214719,1692253950474,1692253950477,1693226214726,7,3,4
16640,1693226214726,1692253950481,1692253950485,1693226214747,21,4,17
16641,1693226214748,1692253950507,1692253950511,1693226214760,12,4,8
16642,1693226214760,1692253950516,1692253950519,1693226214768,8,3,5
16643,1693226214768,1692253950524,1692253950527,1693226214776,8,3,5
16644,1693226214776,1692253950532,1692253950535,1693226214784,8,3,5
16645,1693226214784,1692253950540,1692253950544,1693226214793,9,4,5
16646,1693226214793,1692253950549,1692253950552,1693226214800,7,3,4
16647,1693226214800,1692253950557,1692253950560,1693226214809,9,3,6
16648,1693226214809,1692253950565,1692253950567,1693226214818,9,2,7
16649,1693226214818,1692253950577,1692253950580,1693226214829,11,3,8
16650,1693226214829,1692253950584,1692253950588,1693226214843,14,4,10
16651,1693226214843,1692253950598,1692253950602,1693226214851,8,4,4
16652,1693226214851,1692253950606,1692253950609,1693226214858,7,3,4
16653,1693226214858,1692253950614,1692253950617,1693226214868,10,3,7
16654,1693226214868,1692253950624,1692253950627,1693226214875,7,3,4
16655,1693226214875,1692253950631,1692253950635,1693226214883,8,4,4
16656,1693226214883,1692253950638,1692253950641,1693226214890,7,3,4
16657,1693226214890,1692253950646,1692253950650,1693226214899,9,4,5
16658,1693226214899,1692253950663,1692253950668,1693226214917,18,5,13
16659,1693226214917,1692253950673,1692253950676,1693226214925,8,3,5
16660,1693226214925,1692253950682,1692253950685,1693226214934,9,3,6
16661,1693226214934,1692253950690,1692253950692,1693226214941,7,2,5
16662,1693226214941,1692253950697,1692253950700,1693226214954,13,3,10
16663,1693226214954,1692253950709,1692253950713,1693226214962,8,4,4
16664,1693226214962,1692253950718,1692253950721,1693226214969,7,3,4
16665,1693226214969,1692253950724,1692253950728,1693226214977,8,4,4
16666,1693226214977,1692253950734,1692253950738,1693226214987,10,4,6
16667,1693226214987,1692253950742,1692253950745,1693226214994,7,3,4
16668,1693226214994,1692253950750,1692253950753,1693226215002,8,3,5
16669,1693226215002,1692253950787,1692253950790,1693226215039,37,3,34
16670,1693226215039,1692253950794,1692253950797,1693226215046,7,3,4
16671,1693226215046,1692253950801,1692253950805,1693226215053,7,4,3
16672,1693226215053,1692253950809,1692253950812,1693226215061,8,3,5
16673,1693226215061,1692253950817,1692253950819,1693226215068,7,2,5
16674,1693226215068,1692253950824,1692253950827,1693226215076,8,3,5
16675,1693226215076,1692253950832,1692253950835,1693226215083,7,3,4
16676,1693226215083,1692253950839,1692253950842,1693226215091,8,3,5
16677,1693226215091,1692253950846,1692253950849,1693226215098,7,3,4
16678,1693226215098,1692253950857,1692253950860,1693226215109,11,3,8
16679,1693226215109,1692253950865,1692253950868,1693226215117,8,3,5
16680,1693226215117,1692253950873,1692253950876,1693226215124,7,3,4
16681,1693226215124,1692253950880,1692253950883,1693226215131,7,3,4
16682,1693226215131,1692253950886,1692253950891,1693226215140,9,5,4
16683,1693226215140,1692253950895,1692253950899,1693226215148,8,4,4
16684,1693226215148,1692253950904,1692253950909,1693226215158,10,5,5
16685,1693226215158,1692253950914,1692253950918,1693226215166,8,4,4
16686,1693226215166,1692253950922,1692253950924,1693226215173,7,2,5
16687,1693226215173,1692253950928,1692253950931,1693226215179,6,3,3
16688,1693226215179,1692253950935,1692253950938,1693226215186,7,3,4
16689,1693226215186,1692253950942,1692253950944,1693226215193,7,2,5
16690,1693226215193,1692253950948,1692253950951,1693226215200,7,3,4
16691,1693226215200,1692253950956,1692253950960,1693226215208,8,4,4
16692,1693226215208,1692253950964,1692253950967,1693226215216,8,3,5
16693,1693226215216,1692253950972,1692253950975,1693226215224,8,3,5
16694,1693226215224,1692253950979,1692253950982,1693226215231,7,3,4
16695,1693226215231,1692253950987,1692253950991,1693226215239,8,4,4
16696,1693226215239,1692253950994,1692253950998,1693226215248,9,4,5
16697,1693226215248,1692253951004,1692253951007,1693226215256,8,3,5
16698,1693226215256,1692253951012,1692253951015,1693226215264,8,3,5
16699,1693226215264,1692253951020,1692253951023,1693226215272,8,3,5
16700,1693226215272,1692253951029,1692253951032,1693226215281,9,3,6
16701,1693226215281,1692253951036,1692253951040,1693226215288,7,4,3
16702,1693226215288,1692253951044,1692253951046,1693226215295,7,2,5
16703,1693226215295,1692253951051,1692253951054,1693226215303,8,3,5
16704,1693226215303,1692253951058,1692253951061,1693226215310,7,3,4
16705,1693226215310,1692253951067,1692253951070,1693226215319,9,3,6
16706,1693226215319,1692253951075,1692253951078,1693226215327,8,3,5
16707,1693226215327,1692253951082,1692253951085,1693226215333,6,3,3
16708,1693226215333,1692253951089,1692253951091,1693226215340,7,2,5
16709,1693226215340,1692253951095,1692253951098,1693226215347,7,3,4
16710,1693226215347,1692253951104,1692253951108,1693226215357,10,4,6
16711,1693226215357,1692253951113,1692253951116,1693226215365,8,3,5
16712,1693226215365,1692253951121,1692253951125,1693226215374,9,4,5
16713,1693226215374,1692253951129,1692253951132,1693226215380,6,3,3
16714,1693226215380,1692253951135,1692253951139,1693226215387,7,4,3
16715,1693226215387,1692253951143,1692253951146,1693226215395,8,3,5
16716,1693226215395,1692253951151,1692253951155,1693226215404,9,4,5
16717,1693226215404,1692253951162,1692253951164,1693226215413,9,2,7
16718,1693226215413,1692253951172,1692253951177,1693226215425,12,5,7
16719,1693226215425,1692253951182,1692253951186,1693226215434,9,4,5
16720,1693226215434,1692253951191,1692253951194,1693226215443,9,3,6
16721,1693226215443,1692253951207,1692253951210,1693226215458,15,3,12
16722,1693226215458,1692253951214,1692253951216,1693226215465,7,2,5
16723,1693226215465,1692253951224,1692253951227,1693226215476,11,3,8
16724,1693226215476,1692253951231,1692253951234,1693226215483,7,3,4
16725,1693226215483,1692253951239,1692253951242,1693226215491,8,3,5
16726,1693226215491,1692253951246,1692253951250,1693226215499,8,4,4
16727,1693226215499,1692253951254,1692253951257,1693226215506,7,3,4
16728,1693226215506,1692253951261,1692253951265,1693226215514,8,4,4
16729,1693226215514,1692253951270,1692253951273,1693226215522,8,3,5
16730,1693226215522,1692253951278,1692253951281,1693226215530,8,3,5
16731,1693226215530,1692253951289,1692253951292,1693226215541,11,3,8
16732,1693226215541,1692253951296,1692253951299,1693226215548,7,3,4
16733,1693226215548,1692253951304,1692253951307,1693226215556,8,3,5
16734,1693226215556,1692253951312,1692253951315,1693226215564,8,3,5
16735,1693226215564,1692253951320,1692253951323,1693226215572,8,3,5
16736,1693226215572,1692253951328,1692253951331,1693226215580,8,3,5
16737,1693226215580,1692253951335,1692253951338,1693226215587,7,3,4
16738,1693226215587,1692253951343,1692253951347,1693226215596,9,4,5
16739,1693226215596,1692253951352,1692253951356,1693226215605,9,4,5
16740,1693226215605,1692253951360,1692253951364,1693226215613,8,4,4
16741,1693226215613,1692253951368,1692253951371,1693226215620,7,3,4
16742,1693226215620,1692253951377,1692253951380,1693226215629,9,3,6
16743,1693226215629,1692253951385,1692253951388,1693226215637,8,3,5
16744,1693226215637,1692253951392,1692253951395,1693226215644,7,3,4
16745,1693226215644,1692253951400,1692253951403,1693226215652,8,3,5
16746,1693226215652,1692253951408,1692253951412,1693226215661,9,4,5
16747,1693226215661,1692253951416,1692253951420,1693226215669,8,4,4
16748,1693226215669,1692253951424,1692253951427,1693226215676,7,3,4
16749,1693226215676,1692253951431,1692253951434,1693226215683,7,3,4
16750,1693226215683,1692253951438,1692253951442,1693226215691,8,4,4
16751,1693226215691,1692253951446,1692253951449,1693226215698,7,3,4
16752,1693226215698,1692253951454,1692253951459,1693226215708,10,5,5
16753,1693226215708,1692253951464,1692253951466,1693226215715,7,2,5
16754,1693226215715,1692253951471,1692253951475,1693226215725,10,4,6
16755,1693226215725,1692253951480,1692253951484,1693226215733,8,4,4
16756,1693226215733,1692253951488,1692253951491,1693226215740,7,3,4
16757,1693226215740,1692253951495,1692253951498,1693226215747,7,3,4
16758,1693226215747,1692253951502,1692253951505,1693226215754,7,3,4
16759,1693226215754,1692253951509,1692253951512,1693226215762,8,3,5
16760,1693226215762,1692253951519,1692253951522,1693226215772,10,3,7
16761,1693226215772,1692253951529,1692253951533,1693226215782,10,4,6
16762,1693226215782,1692253951538,1692253951541,1693226215791,9,3,6
16763,1693226215791,1692253951547,1692253951550,1693226215800,9,3,6
16764,1693226215800,1692253951556,1692253951559,1693226215808,8,3,5
16765,1693226215808,1692253951564,1692253951567,1693226215816,8,3,5
16766,1693226215816,1692253951571,1692253951575,1693226215823,7,4,3
16767,1693226215823,1692253951579,1692253951582,1693226215832,9,3,6
16768,1693226215832,1692253951588,1692253951591,1693226215840,8,3,5
16769,1693226215840,1692253951596,1692253951599,1693226215848,8,3,5
16770,1693226215848,1692253951605,1692253951608,1693226215857,9,3,6
16771,1693226215857,1692253951612,1692253951616,1693226215865,8,4,4
16772,1693226215865,1692253951620,1692253951623,1693226215872,7,3,4
16773,1693226215872,1692253951627,1692253951631,1693226215880,8,4,4
16774,1693226215880,1692253951635,1692253951638,1693226215887,7,3,4
16775,1693226215887,1692253951643,1692253951646,1693226215895,8,3,5
16776,1693226215895,1692253951652,1692253951655,1693226215904,9,3,6
16777,1693226215904,1692253951659,1692253951663,1693226215912,8,4,4
16778,1693226215912,1692253951667,1692253951670,1693226215919,7,3,4
16779,1693226215919,1692253951674,1692253951678,1693226215927,8,4,4
16780,1693226215927,1692253951682,1692253951685,1693226215933,6,3,3
16781,1693226215933,1692253951689,1692253951692,1693226215942,9,3,6
16782,1693226215942,1692253951697,1692253951701,1693226215949,7,4,3
16783,1693226215949,1692253951704,1692253951707,1693226215959,10,3,7
16784,1693226215959,1692253951715,1692253951717,1693226215966,7,2,5
16785,1693226215967,1692253951722,1692253951725,1693226215974,7,3,4
16786,1693226215974,1692253951731,1692253951734,1693226215983,9,3,6
16787,1693226215983,1692253951738,1692253951742,1693226215990,7,4,3
16788,1693226215990,1692253951746,1692253951749,1693226215998,8,3,5
16789,1693226215998,1692253951753,1692253951757,1693226216006,8,4,4
16790,1693226216006,1692253951762,1692253951765,1693226216014,8,3,5
16791,1693226216014,1692253951770,1692253951774,1693226216023,9,4,5
16792,1693226216023,1692253951779,1692253951782,1693226216031,8,3,5
16793,1693226216031,1692253951786,1692253951789,1693226216037,6,3,3
16794,1693226216037,1692253951792,1692253951795,1693226216044,7,3,4
16795,1693226216044,1692253951800,1692253951803,1693226216052,8,3,5
16796,1693226216052,1692253951808,1692253951811,1693226216060,8,3,5
16797,1693226216060,1692253951816,1692253951819,1693226216068,8,3,5
16798,1693226216068,1692253951823,1692253951826,1693226216075,7,3,4
16799,1693226216075,1692253951830,1692253951833,1693226216081,6,3,3
16800,1693226216081,1692253951836,1692253951839,1693226216088,7,3,4
16801,1693226216088,1692253951844,1692253951847,1693226216096,8,3,5
16802,1693226216096,1692253951852,1692253951855,1693226216104,8,3,5
16803,1693226216104,1692253951860,1692253951863,1693226216112,8,3,5
16804,1693226216112,1692253951868,1692253951871,1693226216120,8,3,5
16805,1693226216120,1692253951875,1692253951878,1693226216127,7,3,4
16806,1693226216127,1692253951883,1692253951886,1693226216135,8,3,5
16807,1693226216135,1692253951891,1692253951894,1693226216144,9,3,6
16808,1693226216144,1692253951900,1692253951903,1693226216152,8,3,5
16809,1693226216152,1692253951907,1692253951911,1693226216160,8,4,4
16810,1693226216160,1692253951916,1692253951920,1693226216170,10,4,6
16811,1693226216171,1692253951926,1692253951930,1693226216179,8,4,4
16812,1693226216179,1692253951935,1692253951938,1693226216187,8,3,5
16813,1693226216188,1692253951943,1692253951946,1693226216195,7,3,4
16814,1693226216195,1692253951950,1692253951953,1693226216203,8,3,5
16815,1693226216203,1692253951959,1692253951963,1693226216212,9,4,5
16816,1693226216212,1692253951967,1692253951971,1693226216220,8,4,4
16817,1693226216220,1692253951975,1692253951978,1693226216227,7,3,4
16818,1693226216227,1692253951983,1692253951986,1693226216235,8,3,5
16819,1693226216235,1692253951991,1692253951994,1693226216243,8,3,5
16820,1693226216243,1692253951998,1692253952002,1693226216251,8,4,4
16821,1693226216251,1692253952007,1692253952010,1693226216259,8,3,5
16822,1693226216259,1692253952015,1692253952018,1693226216267,8,3,5
16823,1693226216267,1692253952022,1692253952026,1693226216274,7,4,3
16824,1693226216274,1692253952031,1692253952034,1693226216283,9,3,6
16825,1693226216283,1692253952039,1692253952042,1693226216291,8,3,5
16826,1693226216291,1692253952047,1692253952050,1693226216299,8,3,5
16827,1693226216299,1692253952055,1692253952058,1693226216307,8,3,5
16828,1693226216307,1692253952063,1692253952067,1693226216316,9,4,5
16829,1693226216316,1692253952071,1692253952074,1693226216323,7,3,4
16830,1693226216323,1692253952078,1692253952081,1693226216330,7,3,4
16831,1693226216330,1692253952086,1692253952089,1693226216338,8,3,5
16832,1693226216338,1692253952094,1692253952097,1693226216346,8,3,5
16833,1693226216346,1692253952102,1692253952104,1693226216353,7,2,5
16834,1693226216353,1692253952109,1692253952112,1693226216360,7,3,4
16835,1693226216360,1692253952116,1692253952119,1693226216368,8,3,5
16836,1693226216368,1692253952123,1692253952126,1693226216376,8,3,5
16837,1693226216376,1692253952132,1692253952135,1693226216384,8,3,5
16838,1693226216384,1692253952140,1692253952142,1693226216391,7,2,5
16839,1693226216391,1692253952147,1692253952150,1693226216399,8,3,5
16840,1693226216399,1692253952154,1692253952157,1693226216406,7,3,4
16841,1693226216406,1692253952162,1692253952165,1693226216414,8,3,5
16842,1693226216414,1692253952170,1692253952173,1693226216422,8,3,5
16843,1693226216422,1692253952178,1692253952180,1693226216429,7,2,5
16844,1693226216429,1692253952184,1692253952188,1693226216437,8,4,4
16845,1693226216437,1692253952192,1692253952195,1693226216443,6,3,3
16846,1693226216443,1692253952199,1692253952202,1693226216451,8,3,5
16847,1693226216451,1692253952207,1692253952210,1693226216459,8,3,5
16848,1693226216459,1692253952214,1692253952217,1693226216466,7,3,4
16849,1693226216466,1692253952222,1692253952225,1693226216474,8,3,5
16850,1693226216474,1692253952231,1692253952234,1693226216483,9,3,6
16851,1693226216483,1692253952238,1692253952242,1693226216490,7,4,3
16852,1693226216490,1692253952247,1692253952250,1693226216499,9,3,6
16853,1693226216499,1692253952255,1692253952257,1693226216506,7,2,5
16854,1693226216506,1692253952262,1692253952265,1693226216514,8,3,5
16855,1693226216514,1692253952270,1692253952272,1693226216521,7,2,5
16856,1693226216521,1692253952276,1692253952279,1693226216528,7,3,4
16857,1693226216528,1692253952284,1692253952287,1693226216535,7,3,4
16858,1693226216536,1692253952291,1692253952293,1693226216542,6,2,4
16859,1693226216542,1692253952298,1692253952304,1693226216552,10,6,4
16860,1693226216552,1692253952308,1692253952310,1693226216559,7,2,5
16861,1693226216559,1692253952315,1692253952318,1693226216566,7,3,4
16862,1693226216566,1692253952321,1692253952324,1693226216573,7,3,4
16863,1693226216573,1692253952329,1692253952332,1693226216581,8,3,5
16864,1693226216581,1692253952337,1692253952341,1693226216590,9,4,5
16865,1693226216590,1692253952346,1692253952349,1693226216598,8,3,5
16866,1693226216598,1692253952354,1692253952357,1693226216605,7,3,4
16867,1693226216605,1692253952361,1692253952364,1693226216613,8,3,5
16868,1693226216613,1692253952369,1692253952372,1693226216620,7,3,4
16869,1693226216620,1692253952375,1692253952379,1693226216628,8,4,4
16870,1693226216628,1692253952384,1692253952387,1693226216635,7,3,4
16871,1693226216636,1692253952392,1692253952395,1693226216644,8,3,5
16872,1693226216644,1692253952399,1692253952403,1693226216652,8,4,4
16873,1693226216652,1692253952407,1692253952410,1693226216659,7,3,4
16874,1693226216659,1692253952414,1692253952417,1693226216666,7,3,4
16875,1693226216666,1692253952422,1692253952425,1693226216674,8,3,5
16876,1693226216674,1692253952430,1692253952433,1693226216682,8,3,5
16877,1693226216682,1692253952438,1692253952441,1693226216690,8,3,5
16878,1693226216690,1692253952445,1692253952449,1693226216698,8,4,4
16879,1693226216698,1692253952454,1692253952457,1693226216706,8,3,5
16880,1693226216706,1692253952465,1692253952468,1693226216717,11,3,8
16881,1693226216717,1692253952473,1692253952476,1693226216724,7,3,4
16882,1693226216724,1692253952487,1692253952490,1693226216739,15,3,12
16883,1693226216739,1692253952496,1692253952499,1693226216748,9,3,6
16884,1693226216748,1692253952504,1692253952508,1693226216757,9,4,5
16885,1693226216757,1692253952512,1692253952516,1693226216765,8,4,4
16886,1693226216765,1692253952520,1692253952523,1693226216772,7,3,4
16887,1693226216772,1692253952528,1692253952530,1693226216779,7,2,5
16888,1693226216779,1692253952535,1692253952539,1693226216788,9,4,5
16889,1693226216788,1692253952543,1692253952546,1693226216795,7,3,4
16890,1693226216795,1692253952555,1692253952558,1693226216807,12,3,9
16891,1693226216807,1692253952562,1692253952565,1693226216815,8,3,5
16892,1693226216815,1692253952571,1692253952574,1693226216823,8,3,5
16893,1693226216823,1692253952578,1692253952582,1693226216831,8,4,4
16894,1693226216831,1692253952586,1692253952590,1693226216838,7,4,3
16895,1693226216838,1692253952594,1692253952598,1693226216847,9,4,5
16896,1693226216847,1692253952603,1692253952606,1693226216855,8,3,5
16897,1693226216855,1692253952610,1692253952614,1693226216862,7,4,3
16898,1693226216863,1692253952618,1692253952621,1693226216870,7,3,4
16899,1693226216870,1692253952625,1692253952629,1693226216878,8,4,4
16900,1693226216878,1692253952633,1692253952636,1693226216887,9,3,6
16901,1693226216887,1692253952642,1692253952647,1693226216896,9,5,4
16902,1693226216896,1692253952651,1692253952655,1693226216903,7,4,3
16903,1693226216903,1692253952659,1692253952662,1693226216910,7,3,4
16904,1693226216910,1692253952666,1692253952669,1693226216918,8,3,5
16905,1693226216918,1692253952674,1692253952677,1693226216926,8,3,5
16906,1693226216926,1692253952682,1692253952685,1693226216934,8,3,5
16907,1693226216934,1692253952689,1692253952692,1693226216941,7,3,4
16908,1693226216941,1692253952697,1692253952700,1693226216949,8,3,5
16909,1693226216949,1692253952705,1692253952708,1693226216957,8,3,5
16910,1693226216957,1692253952712,1692253952715,1693226216965,8,3,5
16911,1693226216965,1692253952723,1692253952726,1693226216975,10,3,7
16912,1693226216975,1692253952731,1692253952735,1693226216984,9,4,5
16913,1693226216984,1692253952739,1692253952742,1693226216991,7,3,4
16914,1693226216991,1692253952747,1692253952750,1693226216999,8,3,5
16915,1693226216999,1692253952755,1692253952758,1693226217006,7,3,4
16916,1693226217006,1692253952762,1692253952764,1693226217013,7,2,5
16917,1693226217013,1692253952768,1692253952771,1693226217020,7,3,4
16918,1693226217020,1692253952776,1692253952779,1693226217028,8,3,5
16919,1693226217028,1692253952784,1692253952788,1693226217036,8,4,4
16920,1693226217036,1692253952792,1692253952795,1693226217044,8,3,5
16921,1693226217044,1692253952800,1692253952803,1693226217052,8,3,5
16922,1693226217052,1692253952807,1692253952811,1693226217060,8,4,4
16923,1693226217060,1692253952815,1692253952818,1693226217067,7,3,4
16924,1693226217067,1692253952823,1692253952825,1693226217074,7,2,5
16925,1693226217074,1692253952830,1692253952834,1693226217083,9,4,5
16926,1693226217083,1692253952839,1692253952842,1693226217092,9,3,6
16927,1693226217092,1692253952848,1692253952851,1693226217099,7,3,4
16928,1693226217099,1692253952855,1692253952858,1693226217107,8,3,5
16929,1693226217107,1692253952863,1692253952866,1693226217114,7,3,4
16930,1693226217114,1692253952870,1692253952873,1693226217122,8,3,5
16931,1693226217122,1692253952878,1692253952881,1693226217130,8,3,5
16932,1693226217130,1692253952886,1692253952888,1693226217137,7,2,5
16933,1693226217137,1692253952892,1692253952896,1693226217144,7,4,3
16934,1693226217144,1692253952900,1692253952903,1693226217152,8,3,5
16935,1693226217152,1692253952908,1692253952914,1693226217163,11,6,5
16936,1693226217163,1692253952918,1692253952921,1693226217170,7,3,4
16937,1693226217170,1692253952926,1692253952930,1693226217179,9,4,5
16938,1693226217179,1692253952934,1692253952937,1693226217185,6,3,3
16939,1693226217185,1692253952940,1692253952943,1693226217194,9,3,6
16940,1693226217194,1692253952950,1692253952953,1693226217202,8,3,5
16941,1693226217202,1692253952958,1692253952960,1693226217209,7,2,5
16942,1693226217209,1692253952965,1692253952968,1693226217216,7,3,4
16943,1693226217216,1692253952971,1692253952974,1693226217223,7,3,4
16944,1693226217223,1692253952978,1692253952982,1693226217230,7,4,3
16945,1693226217230,1692253952986,1692253952989,1693226217237,7,3,4
16946,1693226217237,1692253952993,1692253952995,1693226217244,7,2,5
16947,1693226217244,1692253953000,1692253953002,1693226217251,7,2,5
16948,1693226217252,1692253953007,1692253953011,1693226217260,8,4,4
16949,1693226217260,1692253953015,1692253953018,1693226217267,7,3,4
16950,1693226217267,1692253953023,1692253953026,1693226217275,8,3,5
16951,1693226217275,1692253953030,1692253953033,1693226217282,7,3,4
16952,1693226217282,1692253953038,1692253953041,1693226217289,7,3,4
16953,1693226217289,1692253953044,1692253953048,1693226217297,8,4,4
16954,1693226217297,1692253953053,1692253953056,1693226217305,8,3,5
16955,1693226217305,1692253953060,1692253953063,1693226217312,7,3,4
16956,1693226217312,1692253953067,1692253953072,1693226217320,8,5,3
16957,1693226217320,1692253953076,1692253953079,1693226217327,7,3,4
16958,1693226217327,1692253953083,1692253953086,1693226217334,7,3,4
16959,1693226217334,1692253953089,1692253953093,1693226217341,7,4,3
16960,1693226217341,1692253953096,1692253953100,1693226217349,8,4,4
16961,1693226217349,1692253953104,1692253953107,1693226217356,7,3,4
16962,1693226217356,1692253953111,1692253953114,1693226217363,7,3,4
16963,1693226217363,1692253953119,1692253953122,1693226217371,8,3,5
16964,1693226217371,1692253953127,1692253953130,1693226217378,7,3,4
16965,1693226217378,1692253953134,1692253953137,1693226217386,8,3,5
16966,1693226217386,1692253953141,1692253953144,1693226217393,7,3,4
16967,1693226217393,1692253953149,1692253953152,1693226217401,8,3,5
16968,1693226217401,1692253953165,1692253953169,1693226217418,17,4,13
16969,1693226217418,1692253953181,1692253953184,1693226217433,15,3,12
16970,1693226217433,1692253953189,1692253953192,1693226217444,11,3,8
16971,1693226217444,1692253953200,1692253953203,1693226217452,8,3,5
16972,1693226217452,1692253953208,1692253953210,1693226217459,7,2,5
16973,1693226217459,1692253953215,1692253953219,1693226217467,8,4,4
16974,1693226217467,1692253953223,1692253953227,1693226217476,9,4,5
16975,1693226217476,1692253953231,1692253953233,1693226217482,6,2,4
16976,1693226217482,1692253953238,1692253953240,1693226217489,7,2,5
16977,1693226217489,1692253953244,1692253953247,1693226217496,7,3,4
16978,1693226217496,1692253953254,1692253953257,1693226217506,10,3,7
16979,1693226217506,1692253953261,1692253953264,1693226217513,7,3,4
16980,1693226217513,1692253953268,1692253953271,1693226217521,8,3,5
16981,1693226217521,1692253953276,1692253953279,1693226217528,7,3,4
16982,1693226217528,1692253953283,1692253953286,1693226217536,8,3,5
16983,1693226217536,1692253953291,1692253953295,1693226217543,7,4,3
16984,1693226217544,1692253953299,1692253953302,1693226217550,6,3,3
16985,1693226217550,1692253953306,1692253953309,1693226217558,8,3,5
16986,1693226217558,1692253953314,1692253953317,1693226217572,14,3,11
16987,1693226217572,1692253953329,1692253953332,1693226217581,9,3,6
16988,1693226217581,1692253953336,1692253953340,1693226217588,7,4,3
16989,1693226217588,1692253953343,1692253953346,1693226217595,7,3,4
16990,1693226217595,1692253953351,1692253953354,1693226217603,8,3,5
16991,1693226217603,1692253953359,1692253953362,1693226217611,8,3,5
16992,1693226217611,1692253953366,1692253953369,1693226217618,7,3,4
16993,1693226217618,1692253953375,1692253953379,1693226217627,9,4,5
16994,1693226217627,1692253953382,1692253953386,1693226217635,8,4,4
16995,1693226217635,1692253953390,1692253953394,1693226217643,8,4,4
16996,1693226217643,1692253953399,1692253953403,1693226217652,9,4,5
16997,1693226217652,1692253953407,1692253953410,1693226217659,7,3,4
16998,1693226217659,1692253953415,1692253953418,1693226217667,8,3,5
16999,1693226217667,1692253953423,1692253953427,1693226217675,8,4,4
17000,1693226217676,1692253953431,1692253953435,1693226217684,8,4,4
17001,1693226217684,1692253953440,1692253953443,1693226217692,8,3,5
17002,1693226217692,1692253953448,1692253953452,1693226217700,8,4,4
17003,1693226217700,1692253953456,1692253953459,1693226217708,8,3,5
17004,1693226217708,1692253953463,1692253953467,1693226217722,14,4,10
17005,1693226217722,1692253953487,1692253953491,1693226217741,19,4,15
17006,1693226217742,1692253953497,1692253953501,1693226217750,8,4,4
17007,1693226217750,1692253953505,1692253953508,1693226217757,7,3,4
17008,1693226217757,1692253953512,1692253953515,1693226217764,7,3,4
17009,1693226217764,1692253953519,1692253953522,1693226217771,7,3,4
17010,1693226217771,1692253953527,1692253953530,1693226217779,8,3,5
17011,1693226217779,1692253953535,1692253953541,1693226217789,10,6,4
17012,1693226217789,1692253953545,1692253953548,1693226217796,7,3,4
17013,1693226217796,1692253953552,1692253953555,1693226217804,8,3,5
17014,1693226217804,1692253953561,1692253953564,1693226217813,9,3,6
17015,1693226217813,1692253953569,1692253953572,1693226217821,8,3,5
17016,1693226217821,1692253953576,1692253953579,1693226217828,7,3,4
17017,1693226217828,1692253953583,1692253953586,1693226217835,7,3,4
17018,1693226217835,1692253953590,1692253953593,1693226217842,7,3,4
17019,1693226217842,1692253953597,1692253953600,1693226217849,7,3,4
17020,1693226217849,1692253953604,1692253953607,1693226217856,7,3,4
17021,1693226217856,1692253953612,1692253953615,1693226217864,8,3,5
17022,1693226217864,1692253953619,1692253953623,1693226217872,8,4,4
17023,1693226217872,1692253953627,1692253953631,1693226217880,8,4,4
17024,1693226217880,1692253953635,1692253953638,1693226217887,7,3,4
17025,1693226217887,1692253953643,1692253953646,1693226217894,7,3,4
17026,1693226217894,1692253953650,1692253953653,1693226217901,7,3,4
17027,1693226217901,1692253953657,1692253953660,1693226217911,10,3,7
17028,1693226217911,1692253953667,1692253953670,1693226217919,8,3,5
17029,1693226217919,1692253953674,1692253953677,1693226217926,7,3,4
17030,1693226217926,1692253953681,1692253953684,1693226217933,7,3,4
17031,1693226217933,1692253953689,1692253953692,1693226217941,8,3,5
17032,1693226217941,1692253953697,1692253953699,1693226217948,7,2,5
17033,1693226217948,1692253953703,1692253953707,1693226217956,8,4,4
17034,1693226217956,1692253953711,1692253953714,1693226217964,8,3,5
17035,1693226217964,1692253953719,1692253953722,1693226217972,8,3,5
17036,1693226217972,1692253953729,1692253953732,1693226217981,9,3,6
17037,1693226217981,1692253953747,1692253953750,1693226217999,18,3,15
17038,1693226217999,1692253953754,1692253953757,1693226218006,7,3,4
17039,1693226218006,1692253953768,1692253953772,1693226218021,15,4,11
17040,1693226218021,1692253953776,1692253953780,1693226218029,8,4,4
17041,1693226218029,1692253953786,1692253953789,1693226218037,8,3,5
17042,1693226218037,1692253953793,1692253953795,1693226218044,7,2,5
17043,1693226218044,1692253953800,1692253953803,1693226218052,8,3,5
17044,1693226218052,1692253953810,1692253953814,1693226218063,11,4,7
17045,1693226218063,1692253953818,1692253953821,1693226218070,7,3,4
17046,1693226218070,1692253953826,1692253953829,1693226218077,7,3,4
17047,1693226218077,1692253953833,1692253953838,1693226218087,10,5,5
17048,1693226218087,1692253953842,1692253953846,1693226218095,8,4,4
17049,1693226218095,1692253953850,1692253953853,1693226218102,7,3,4
17050,1693226218102,1692253953858,1692253953862,1693226218111,9,4,5
17051,1693226218111,1692253953869,1692253953872,1693226218120,9,3,6
17052,1693226218120,1692253953876,1692253953879,1693226218128,8,3,5
17053,1693226218128,1692253953883,1692253953886,1693226218136,8,3,5
17054,1693226218136,1692253953892,1692253953895,1693226218144,8,3,5
17055,1693226218144,1692253953900,1692253953903,1693226218152,8,3,5
17056,1693226218152,1692253953908,1692253953911,1693226218160,8,3,5
17057,1693226218160,1692253953915,1692253953919,1693226218168,8,4,4
17058,1693226218168,1692253953923,1692253953927,1693226218175,7,4,3
17059,1693226218176,1692253953931,1692253953934,1693226218183,7,3,4
17060,1693226218183,1692253953938,1692253953942,1693226218191,8,4,4
17061,1693226218191,1692253953947,1692253953950,1693226218199,8,3,5
17062,1693226218199,1692253953954,1692253953958,1693226218206,7,4,3
17063,1693226218206,1692253953962,1692253953965,1693226218214,8,3,5
17064,1693226218214,1692253953971,1692253953975,1693226218224,10,4,6
17065,1693226218224,1692253953979,1692253953982,1693226218231,7,3,4
17066,1693226218231,1692253953986,1692253953990,1693226218238,7,4,3
17067,1693226218239,1692253953994,1692253953997,1693226218246,7,3,4
17068,1693226218246,1692253954001,1692253954005,1693226218254,8,4,4
17069,1693226218254,1692253954012,1692253954015,1693226218264,10,3,7
17070,1693226218264,1692253954019,1692253954023,1693226218272,8,4,4
17071,1693226218272,1692253954027,1692253954030,1693226218279,7,3,4
17072,1693226218279,1692253954036,1692253954039,1693226218289,10,3,7
17073,1693226218289,1692253954046,1692253954050,1693226218299,10,4,6
17074,1693226218299,1692253954054,1692253954057,1693226218306,7,3,4
17075,1693226218306,1692253954062,1692253954065,1693226218314,8,3,5
17076,1693226218314,1692253954070,1692253954073,1693226218322,8,3,5
17077,1693226218322,1692253954077,1692253954080,1693226218329,7,3,4
17078,1693226218329,1692253954084,1692253954087,1693226218337,8,3,5
17079,1693226218337,1692253954092,1692253954095,1693226218344,7,3,4
17080,1693226218344,1692253954100,1692253954105,1693226218354,10,5,5
17081,1693226218354,1692253954110,1692253954113,1693226218362,8,3,5
17082,1693226218362,1692253954118,1692253954121,1693226218370,8,3,5
17083,1693226218370,1692253954125,1692253954130,1693226218378,8,5,3
17084,1693226218378,1692253954134,1692253954137,1693226218386,8,3,5
17085,1693226218386,1692253954142,1692253954145,1693226218394,8,3,5
17086,1693226218394,1692253954150,1692253954152,1693226218402,8,2,6
17087,1693226218402,1692253954157,1692253954161,1693226218409,7,4,3
17088,1693226218409,1692253954165,1692253954168,1693226218417,8,3,5
17089,1693226218417,1692253954173,1692253954176,1693226218425,8,3,5
17090,1693226218425,1692253954180,1692253954184,1693226218433,8,4,4
17091,1693226218433,1692253954188,1692253954192,1693226218441,8,4,4
17092,1693226218441,1692253954196,1692253954202,1693226218451,10,6,4
17093,1693226218451,1692253954206,1692253954209,1693226218458,7,3,4
17094,1693226218458,1692253954214,1692253954218,1693226218467,9,4,5
17095,1693226218467,1692253954223,1692253954226,1693226218475,8,3,5
17096,1693226218475,1692253954231,1692253954234,1693226218483,8,3,5
17097,1693226218483,1692253954240,1692253954244,1693226218493,10,4,6
17098,1693226218493,1692253954249,1692253954252,1693226218501,8,3,5
17099,1693226218501,1692253954256,1692253954260,1693226218509,8,4,4
17100,1693226218509,1692253954265,1692253954268,1693226218517,8,3,5
17101,1693226218517,1692253954273,1692253954276,1693226218525,8,3,5
17102,1693226218525,1692253954280,1692253954284,1693226218533,8,4,4
17103,1693226218533,1692253954289,1692253954291,1693226218540,7,2,5
17104,1693226218540,1692253954296,1692253954300,1693226218549,9,4,5
17105,1693226218549,1692253954304,1692253954308,1693226218557,8,4,4
17106,1693226218557,1692253954313,1692253954317,1693226218566,9,4,5
17107,1693226218566,1692253954321,1692253954324,1693226218573,7,3,4
17108,1693226218573,1692253954328,1692253954331,1693226218580,7,3,4
17109,1693226218580,1692253954335,1692253954338,1693226218587,7,3,4
17110,1693226218587,1692253954344,1692253954348,1693226218596,9,4,5
17111,1693226218596,1692253954352,1692253954356,1693226218605,9,4,5
17112,1693226218605,1692253954360,1692253954364,1693226218612,7,4,3
17113,1693226218612,1692253954367,1692253954370,1693226218619,7,3,4
17114,1693226218619,1692253954374,1692253954378,1693226218628,9,4,5
17115,1693226218628,1692253954383,1692253954386,1693226218635,7,3,4
17116,1693226218635,1692253954391,1692253954393,1693226218642,7,2,5
17117,1693226218642,1692253954398,1692253954402,1693226218651,9,4,5
17118,1693226218651,1692253954407,1692253954410,1693226218660,9,3,6
17119,1693226218660,1692253954416,1692253954421,1693226218670,10,5,5
17120,1693226218670,1692253954426,1692253954429,1693226218678,8,3,5
17121,1693226218678,1692253954434,1692253954437,1693226218686,8,3,5
17122,1693226218686,1692253954441,1692253954444,1693226218693,7,3,4
17123,1693226218693,1692253954448,1692253954451,1693226218700,7,3,4
17124,1693226218700,1692253954456,1692253954459,1693226218707,7,3,4
17125,1693226218708,1692253954463,1692253954467,1693226218716,8,4,4
17126,1693226218716,1692253954472,1692253954475,1693226218724,8,3,5
17127,1693226218724,1692253954479,1692253954483,1693226218731,7,4,3
17128,1693226218731,1692253954487,1692253954490,1693226218739,8,3,5
17129,1693226218739,1692253954495,1692253954498,1693226218747,8,3,5
17130,1693226218747,1692253954502,1692253954505,1693226218753,6,3,3
17131,1693226218754,1692253954510,1692253954513,1693226218763,9,3,6
17132,1693226218763,1692253954520,1692253954523,1693226218771,8,3,5
17133,1693226218771,1692253954527,1692253954530,1693226218779,8,3,5
17134,1693226218779,1692253954534,1692253954537,1693226218786,7,3,4
17135,1693226218786,1692253954542,1692253954547,1693226218796,10,5,5
17136,1693226218796,1692253954551,1692253954554,1693226218803,7,3,4
17137,1693226218803,1692253954559,1692253954562,1693226218811,8,3,5
17138,1693226218811,1692253954566,1692253954569,1693226218817,6,3,3
17139,1693226218818,1692253954573,1692253954577,1693226218826,8,4,4
17140,1693226218826,1692253954581,1692253954584,1693226218833,7,3,4
17141,1693226218833,1692253954588,1692253954592,1693226218841,8,4,4
17142,1693226218841,1692253954597,1692253954600,1693226218849,8,3,5
17143,1693226218849,1692253954604,1692253954607,1693226218856,7,3,4
17144,1693226218856,1692253954611,1692253954614,1693226218862,6,3,3
17145,1693226218862,1692253954618,1692253954621,1693226218870,8,3,5
17146,1693226218870,1692253954626,1692253954630,1693226218879,9,4,5
17147,1693226218879,1692253954634,1692253954637,1693226218886,7,3,4
17148,1693226218886,1692253954642,1692253954645,1693226218894,8,3,5
17149,1693226218894,1692253954650,1692253954653,1693226218902,8,3,5
17150,1693226218902,1692253954657,1692253954661,1693226218909,7,4,3
17151,1693226218910,1692253954667,1692253954671,1693226218919,9,4,5
17152,1693226218919,1692253954675,1692253954678,1693226218927,8,3,5
17153,1693226218927,1692253954683,1692253954686,1693226218935,8,3,5
17154,1693226218935,1692253954691,1692253954694,1693226218942,7,3,4
17155,1693226218942,1692253954698,1692253954701,1693226218951,9,3,6
17156,1693226218951,1692253954706,1692253954712,1693226218961,10,6,4
17157,1693226218961,1692253954716,1692253954720,1693226218968,7,4,3
17158,1693226218968,1692253954724,1692253954727,1693226218977,9,3,6
17159,1693226218977,1692253954736,1692253954739,1693226218988,11,3,8
17160,1693226218988,1692253954743,1692253954747,1693226218995,7,4,3
17161,1693226218995,1692253954751,1692253954754,1693226219003,8,3,5
17162,1693226219003,1692253954760,1692253954762,1693226219011,8,2,6
17163,1693226219011,1692253954767,1692253954770,1693226219019,8,3,5
17164,1693226219019,1692253954774,1692253954778,1693226219027,8,4,4
17165,1693226219027,1692253954782,1692253954785,1693226219034,7,3,4
17166,1693226219034,1692253954791,1692253954794,1693226219043,9,3,6
17167,1693226219043,1692253954798,1692253954802,1693226219050,7,4,3
17168,1693226219050,1692253954807,1692253954811,1693226219059,9,4,5
17169,1693226219059,1692253954815,1692253954818,1693226219067,8,3,5
17170,1693226219067,1692253954822,1692253954826,1693226219075,8,4,4
17171,1693226219075,1692253954831,1692253954835,1693226219083,8,4,4
17172,1693226219083,1692253954839,1692253954842,1693226219091,8,3,5
17173,1693226219091,1692253954846,1692253954849,1693226219098,7,3,4
17174,1693226219098,1692253954854,1692253954858,1693226219106,8,4,4
17175,1693226219106,1692253954862,1692253954866,1693226219115,9,4,5
17176,1693226219115,1692253954871,1692253954874,1693226219123,8,3,5
17177,1693226219123,1692253954879,1692253954882,1693226219131,8,3,5
17178,1693226219131,1692253954887,1692253954890,1693226219140,9,3,6
17179,1693226219140,1692253954895,1692253954899,1693226219147,7,4,3
17180,1693226219147,1692253954904,1692253954907,1693226219156,9,3,6
17181,1693226219156,1692253954912,1692253954915,1693226219164,8,3,5
17182,1693226219164,1692253954919,1692253954922,1693226219171,7,3,4
17183,1693226219171,1692253954926,1692253954930,1693226219179,8,4,4
17184,1693226219179,1692253954934,1692253954939,1693226219188,9,5,4
17185,1693226219188,1692253954943,1692253954946,1693226219195,7,3,4
17186,1693226219195,1692253954950,1692253954953,1693226219201,6,3,3
17187,1693226219202,1692253954957,1692253954960,1693226219209,7,3,4
17188,1693226219209,1692253954965,1692253954969,1693226219218,9,4,5
17189,1693226219218,1692253954974,1692253954978,1693226219227,9,4,5
17190,1693226219227,1692253954982,1692253954985,1693226219234,7,3,4
17191,1693226219234,1692253954990,1692253954994,1693226219243,9,4,5
17192,1693226219243,1692253954999,1692253955002,1693226219251,8,3,5
17193,1693226219251,1692253955006,1692253955009,1693226219259,8,3,5
17194,1693226219259,1692253955015,1692253955018,1693226219267,8,3,5
17195,1693226219267,1692253955027,1692253955029,1693226219278,11,2,9
17196,1693226219278,1692253955033,1692253955037,1693226219286,8,4,4
17197,1693226219286,1692253955043,1692253955047,1693226219296,10,4,6
17198,1693226219296,1692253955052,1692253955056,1693226219305,9,4,5
17199,1693226219305,1692253955060,1692253955064,1693226219312,7,4,3
17200,1693226219312,1692253955075,1692253955079,1693226219327,15,4,11
17201,1693226219327,1692253955083,1692253955087,1693226219335,8,4,4
17202,1693226219335,1692253955091,1692253955094,1693226219345,10,3,7
17203,1693226219345,1692253955100,1692253955104,1693226219353,8,4,4
17204,1693226219353,1692253955108,1692253955111,1693226219361,8,3,5
17205,1693226219361,1692253955116,1692253955120,1693226219369,8,4,4
17206,1693226219369,1692253955124,1692253955128,1693226219376,7,4,3
17207,1693226219376,1692253955132,1692253955135,1693226219384,8,3,5
17208,1693226219384,1692253955139,1692253955143,1693226219392,8,4,4
17209,1693226219392,1692253955147,1692253955150,1693226219399,7,3,4
17210,1693226219399,1692253955156,1692253955159,1693226219408,9,3,6
17211,1693226219408,1692253955166,1692253955169,1693226219418,10,3,7
17212,1693226219418,1692253955173,1692253955176,1693226219425,7,3,4
17213,1693226219425,1692253955182,1692253955185,1693226219434,9,3,6
17214,1693226219434,1692253955189,1692253955192,1693226219440,6,3,3
17215,1693226219440,1692253955196,1692253955199,1693226219448,8,3,5
17216,1693226219448,1692253955203,1692253955208,1693226219457,9,5,4
17217,1693226219457,1692253955212,1692253955216,1693226219464,7,4,3
17218,1693226219464,1692253955222,1692253955225,1693226219474,10,3,7
17219,1693226219474,1692253955229,1692253955233,1693226219481,7,4,3
17220,1693226219481,1692253955237,1692253955240,1693226219489,8,3,5
17221,1693226219489,1692253955244,1692253955248,1693226219496,7,4,3
17222,1693226219496,1692253955252,1692253955255,1693226219504,8,3,5
17223,1693226219504,1692253955260,1692253955263,1693226219512,8,3,5
17224,1693226219512,1692253955267,1692253955271,1693226219520,8,4,4
17225,1693226219520,1692253955276,1692253955278,1693226219527,7,2,5
17226,1693226219527,1692253955283,1692253955287,1693226219536,9,4,5
17227,1693226219536,1692253955291,1692253955294,1693226219543,7,3,4
17228,1693226219543,1692253955298,1692253955302,1693226219551,8,4,4
17229,1693226219551,1692253955307,1692253955310,1693226219559,8,3,5
17230,1693226219559,1692253955315,1692253955318,1693226219567,8,3,5
17231,1693226219567,1692253955322,1692253955325,1693226219574,7,3,4
17232,1693226219574,1692253955329,1692253955332,1693226219581,7,3,4
17233,1693226219581,1692253955336,1692253955339,1693226219588,7,3,4
17234,1693226219588,1692253955344,1692253955347,1693226219596,8,3,5
17235,1693226219596,1692253955351,1692253955354,1693226219603,7,3,4
17236,1693226219603,1692253955359,1692253955362,1693226219610,7,3,4
17237,1693226219610,1692253955367,1692253955369,1693226219618,8,2,6
17238,1693226219618,1692253955374,1692253955377,1693226219626,8,3,5
17239,1693226219626,1692253955381,1692253955384,1693226219633,7,3,4
17240,1693226219633,1692253955388,1692253955391,1693226219640,7,3,4
17241,1693226219640,1692253955396,1692253955399,1693226219648,8,3,5
17242,1693226219648,1692253955405,1692253955408,1693226219657,9,3,6
17243,1693226219657,1692253955413,1692253955416,1693226219665,8,3,5
17244,1693226219665,1692253955421,1692253955425,1693226219673,8,4,4
17245,1693226219673,1692253955430,1692253955434,1693226219683,10,4,6
17246,1693226219683,1692253955438,1692253955441,1693226219690,7,3,4
17247,1693226219690,1692253955446,1692253955449,1693226219698,8,3,5
17248,1693226219698,1692253955453,1692253955457,1693226219706,8,4,4
17249,1693226219706,1692253955462,1692253955465,1693226219714,8,3,5
17250,1693226219714,1692253955470,1692253955474,1693226219723,9,4,5
17251,1693226219723,1692253955478,1692253955481,1693226219730,7,3,4
17252,1693226219730,1692253955485,1692253955488,1693226219737,7,3,4
17253,1693226219737,1692253955493,1692253955496,1693226219745,8,3,5
17254,1693226219745,1692253955500,1692253955504,1693226219754,9,4,5
17255,1693226219754,1692253955510,1692253955513,1693226219762,8,3,5
17256,1693226219762,1692253955518,1692253955521,1693226219769,7,3,4
17257,1693226219770,1692253955526,1692253955529,1693226219778,8,3,5
17258,1693226219778,1692253955534,1692253955536,1693226219785,7,2,5
17259,1693226219785,1692253955541,1692253955544,1693226219793,8,3,5
17260,1693226219793,1692253955548,1692253955552,1693226219800,7,4,3
17261,1693226219800,1692253955556,1692253955559,1693226219808,8,3,5
17262,1693226219808,1692253955564,1692253955567,1693226219816,8,3,5
17263,1693226219816,1692253955574,1692253955577,1693226219826,10,3,7
17264,1693226219826,1692253955583,1692253955586,1693226219834,8,3,5
17265,1693226219834,1692253955589,1692253955594,1693226219842,8,5,3
17266,1693226219843,1692253955598,1692253955601,1693226219850,7,3,4
17267,1693226219850,1692253955606,1692253955609,1693226219858,8,3,5
17268,1693226219858,1692253955614,1692253955616,1693226219865,7,2,5
17269,1693226219865,1692253955622,1692253955626,1693226219874,9,4,5
17270,1693226219874,1692253955630,1692253955633,1693226219882,8,3,5
17271,1693226219882,1692253955637,1692253955640,1693226219889,7,3,4
17272,1693226219889,1692253955645,1692253955648,1693226219896,7,3,4
17273,1693226219896,1692253955652,1692253955655,1693226219904,8,3,5
17274,1693226219904,1692253955663,1692253955666,1693226219915,11,3,8
17275,1693226219915,1692253955671,1692253955674,1693226219923,8,3,5
17276,1693226219923,1692253955678,1692253955682,1693226219931,8,4,4
17277,1693226219931,1692253955687,1692253955690,1693226219939,8,3,5
17278,1693226219939,1692253955695,1692253955698,1693226219947,8,3,5
17279,1693226219947,1692253955703,1692253955707,1693226219956,9,4,5
17280,1693226219956,1692253955712,1692253955716,1693226219964,8,4,4
17281,1693226219965,1692253955720,1692253955722,1693226219971,6,2,4
17282,1693226219971,1692253955727,1692253955731,1693226219983,12,4,8
17283,1693226219983,1692253955738,1692253955741,1693226219990,7,3,4
17284,1693226219990,1692253955746,1692253955750,1693226219999,9,4,5
17285,1693226219999,1692253955754,1692253955757,1693226220006,7,3,4
17286,1693226220006,1692253955761,1692253955765,1693226220014,8,4,4
17287,1693226220014,1692253955770,1692253955773,1693226220022,8,3,5
17288,1693226220022,1692253955778,1692253955781,1693226220030,8,3,5
17289,1693226220030,1692253955785,1692253955789,1693226220038,8,4,4
17290,1693226220038,1692253955794,1692253955797,1693226220046,8,3,5
17291,1693226220046,1692253955801,1692253955804,1693226220053,7,3,4
17292,1693226220053,1692253955809,1692253955812,1693226220061,8,3,5
17293,1693226220061,1692253955816,1692253955820,1693226220069,8,4,4
17294,1693226220069,1692253955824,1692253955828,1693226220077,8,4,4
17295,1693226220077,1692253955833,1692253955836,1693226220085,8,3,5
17296,1693226220085,1692253955840,1692253955843,1693226220091,6,3,3
17297,1693226220091,1692253955846,1692253955849,1693226220098,7,3,4
17298,1693226220098,1692253955854,1692253955857,1693226220106,8,3,5
17299,1693226220106,1692253955862,1692253955865,1693226220114,8,3,5
17300,1693226220114,1692253955870,1692253955873,1693226220121,7,3,4
17301,1693226220121,1692253955876,1692253955880,1693226220128,7,4,3
17302,1693226220128,1692253955883,1692253955888,1693226220136,8,5,3
17303,1693226220136,1692253955892,1692253955896,1693226220145,9,4,5
17304,1693226220145,1692253955900,1692253955904,1693226220153,8,4,4
17305,1693226220153,1692253955908,1692253955911,1693226220161,8,3,5
17306,1693226220161,1692253955918,1692253955922,1693226220170,9,4,5
17307,1693226220170,1692253955925,1692253955929,1693226220178,8,4,4
17308,1693226220179,1692253955934,1692253955938,1693226220187,8,4,4
17309,1693226220187,1692253955942,1692253955946,1693226220196,9,4,5
17310,1693226220196,1692253955952,1692253955955,1693226220203,7,3,4
17311,1693226220203,1692253955958,1692253955961,1693226220210,7,3,4
17312,1693226220210,1692253955965,1692253955969,1693226220217,7,4,3
17313,1693226220217,1692253955972,1692253955976,1693226220225,8,4,4
17314,1693226220225,1692253955984,1692253955987,1693226220236,11,3,8
17315,1693226220236,1692253955992,1692253955995,1693226220244,8,3,5
17316,1693226220244,1692253955999,1692253956002,1693226220250,6,3,3
17317,1693226220250,1692253956006,1692253956009,1693226220258,8,3,5
17318,1693226220258,1692253956014,1692253956018,1693226220267,9,4,5
17319,1693226220267,1692253956023,1692253956026,1693226220275,8,3,5
17320,1693226220275,1692253956030,1692253956034,1693226220283,8,4,4
17321,1693226220283,1692253956038,1692253956041,1693226220290,7,3,4
17322,1693226220290,1692253956045,1692253956048,1693226220296,6,3,3
17323,1693226220296,1692253956052,1692253956055,1693226220304,8,3,5
17324,1693226220304,1692253956060,1692253956062,1693226220311,7,2,5
17325,1693226220311,1692253956067,1692253956070,1693226220318,7,3,4
17326,1693226220318,1692253956073,1692253956077,1693226220325,7,4,3
17327,1693226220325,1692253956081,1692253956084,1693226220333,8,3,5
17328,1693226220333,1692253956088,1692253956091,1693226220340,7,3,4
17329,1693226220340,1692253956096,1692253956099,1693226220348,8,3,5
17330,1693226220348,1692253956104,1692253956106,1693226220355,7,2,5
17331,1693226220355,1692253956111,1692253956114,1693226220363,8,3,5
17332,1693226220363,1692253956119,1692253956122,1693226220371,8,3,5
17333,1693226220371,1692253956126,1692253956130,1693226220378,7,4,3
17334,1693226220378,1692253956134,1692253956136,1693226220385,7,2,5
17335,1693226220385,1692253956140,1692253956144,1693226220393,8,4,4
17336,1693226220393,1692253956148,1692253956151,1693226220400,7,3,4
17337,1693226220400,1692253956156,1692253956159,1693226220408,8,3,5
17338,1693226220408,1692253956163,1692253956166,1693226220415,7,3,4
17339,1693226220415,1692253956171,1692253956176,1693226220425,10,5,5
17340,1693226220425,1692253956181,1692253956184,1693226220433,8,3,5
17341,1693226220433,1692253956189,1692253956192,1693226220441,8,3,5
17342,1693226220441,1692253956197,1692253956200,1693226220449,8,3,5
17343,1693226220449,1692253956204,1692253956208,1693226220457,8,4,4
17344,1693226220457,1692253956212,1692253956215,1693226220463,6,3,3
17345,1693226220463,1692253956219,1692253956222,1693226220472,9,3,6
17346,1693226220472,1692253956227,1692253956230,1693226220479,7,3,4
17347,1693226220479,1692253956235,1692253956237,1693226220487,8,2,6
17348,1693226220487,1692253956242,1692253956246,1693226220495,8,4,4
17349,1693226220495,1692253956252,1692253956255,1693226220504,9,3,6
17350,1693226220504,1692253956259,1692253956262,1693226220511,7,3,4
17351,1693226220511,1692253956267,1692253956270,1693226220519,8,3,5
17352,1693226220519,1692253956275,1692253956278,1693226220527,8,3,5
17353,1693226220527,1692253956289,1692253956293,1693226220542,15,4,11
17354,1693226220542,1692253956297,1692253956301,1693226220550,8,4,4
17355,1693226220550,1692253956309,1692253956312,1693226220561,11,3,8
17356,1693226220561,1692253956317,1692253956320,1693226220569,8,3,5
17357,1693226220569,1692253956330,1692253956334,1693226220583,14,4,10
17358,1693226220583,1692253956339,1692253956343,1693226220592,9,4,5
17359,1693226220592,1692253956348,1692253956351,1693226220600,8,3,5
17360,1693226220600,1692253956355,1692253956359,1693226220608,8,4,4
17361,1693226220608,1692253956364,1692253956367,1693226220616,8,3,5
17362,1693226220616,1692253956372,1692253956375,1693226220624,8,3,5
17363,1693226220625,1692253956381,1692253956384,1693226220633,8,3,5
17364,1693226220633,1692253956389,1692253956392,1693226220641,8,3,5
17365,1693226220641,1692253956397,1692253956400,1693226220649,8,3,5
17366,1693226220649,1692253956405,1692253956408,1693226220657,8,3,5
17367,1693226220657,1692253956413,1692253956416,1693226220665,8,3,5
17368,1693226220665,1692253956421,1692253956424,1693226220673,8,3,5
17369,1693226220673,1692253956430,1692253956433,1693226220681,8,3,5
17370,1693226220681,1692253956437,1692253956440,1693226220689,8,3,5
17371,1693226220689,1692253956444,1692253956447,1693226220696,7,3,4
17372,1693226220696,1692253956452,1692253956455,1693226220703,7,3,4
17373,1693226220703,1692253956459,1692253956462,1693226220711,8,3,5
17374,1693226220711,1692253956466,1692253956469,1693226220718,7,3,4
17375,1693226220718,1692253956474,1692253956477,1693226220726,8,3,5
17376,1693226220726,1692253956481,1692253956486,1693226220734,8,5,3
17377,1693226220734,1692253956489,1692253956493,1693226220741,7,4,3
17378,1693226220741,1692253956497,1692253956500,1693226220749,8,3,5
17379,1693226220749,1692253956505,1692253956508,1693226220757,8,3,5
17380,1693226220757,1692253956512,1692253956516,1693226220765,8,4,4
17381,1693226220765,1692253956521,1692253956525,1693226220774,9,4,5
17382,1693226220774,1692253956532,1692253956535,1693226220785,11,3,8
17383,1693226220785,1692253956541,1692253956544,1693226220794,9,3,6
17384,1693226220794,1692253956550,1692253956553,1693226220802,8,3,5
17385,1693226220802,1692253956558,1692253956562,1693226220810,8,4,4
17386,1693226220810,1692253956566,1692253956569,1693226220817,7,3,4
17387,1693226220817,1692253956573,1692253956576,1693226220825,8,3,5
17388,1693226220825,1692253956581,1692253956584,1693226220833,8,3,5
17389,1693226220833,1692253956588,1692253956591,1693226220840,7,3,4
17390,1693226220840,1692253956597,1692253956600,1693226220849,9,3,6
17391,1693226220849,1692253956605,1692253956608,1693226220856,7,3,4
17392,1693226220856,1692253956612,1692253956616,1693226220865,9,4,5
17393,1693226220865,1692253956621,1692253956624,1693226220873,8,3,5
17394,1693226220873,1692253956629,1692253956632,1693226220881,8,3,5
17395,1693226220881,1692253956636,1692253956640,1693226220888,7,4,3
17396,1693226220888,1692253956644,1692253956647,1693226220896,8,3,5
17397,1693226220896,1692253956651,1692253956655,1693226220904,8,4,4
17398,1693226220904,1692253956659,1692253956663,1693226220911,7,4,3
17399,1693226220911,1692253956666,1692253956670,1693226220918,7,4,3
17400,1693226220918,1692253956674,1692253956677,1693226220926,8,3,5
17401,1693226220926,1692253956681,1692253956685,1693226220934,8,4,4
17402,1693226220934,1692253956690,1692253956694,1693226220942,8,4,4
17403,1693226220942,1692253956699,1692253956702,1693226220951,9,3,6
17404,1693226220951,1692253956706,1692253956709,1693226220958,7,3,4
17405,1693226220958,1692253956714,1692253956717,1693226220966,8,3,5
17406,1693226220966,1692253956722,1692253956725,1693226220973,7,3,4
17407,1693226220974,1692253956729,1692253956733,1693226220983,9,4,5
17408,1693226220983,1692253956742,1692253956745,1693226220994,11,3,8
17409,1693226220994,1692253956750,1692253956753,1693226221002,8,3,5
17410,1693226221002,1692253956758,1692253956761,1693226221010,8,3,5
17411,1693226221010,1692253956765,1692253956768,1693226221017,7,3,4
17412,1693226221017,1692253956773,1692253956775,1693226221024,7,2,5
17413,1693226221024,1692253956779,1692253956784,1693226221032,8,5,3
17414,1693226221032,1692253956788,1692253956790,1693226221039,7,2,5
17415,1693226221039,1692253956797,1692253956800,1693226221049,10,3,7
17416,1693226221049,1692253956804,1692253956808,1693226221056,7,4,3
17417,1693226221056,1692253956812,1692253956815,1693226221064,8,3,5
17418,1693226221064,1692253956819,1692253956823,1693226221072,8,4,4
17419,1693226221072,1692253956827,1692253956830,1693226221078,6,3,3
17420,1693226221078,1692253956834,1692253956837,1693226221086,8,3,5
17421,1693226221086,1692253956841,1692253956845,1693226221094,8,4,4
17422,1693226221094,1692253956849,1692253956852,1693226221101,7,3,4
17423,1693226221101,1692253956857,1692253956859,1693226221108,7,2,5
17424,1693226221108,1692253956864,1692253956868,1693226221117,9,4,5
17425,1693226221117,1692253956873,1692253956876,1693226221125,8,3,5
17426,1693226221125,1692253956880,1692253956886,1693226221135,10,6,4
17427,1693226221135,1692253956891,1692253956893,1693226221142,7,2,5
17428,1693226221142,1692253956897,1692253956901,1693226221150,8,4,4
17429,1693226221150,1692253956913,1692253956917,1693226221166,16,4,12
17430,1693226221166,1692253956922,1692253956925,1693226221174,8,3,5
17431,1693226221174,1692253956930,1692253956934,1693226221183,9,4,5
17432,1693226221183,1692253956941,1692253956944,1693226221193,10,3,7
17433,1693226221193,1692253956949,1692253956952,1693226221201,8,3,5
17434,1693226221202,1692253956957,1692253956961,1693226221210,8,4,4
17435,1693226221210,1692253956965,1692253956968,1693226221217,7,3,4
17436,1693226221217,1692253956973,1692253956975,1693226221224,7,2,5
17437,1693226221224,1692253956979,1692253956982,1693226221231,7,3,4
17438,1693226221231,1692253956986,1692253956989,1693226221238,7,3,4
17439,1693226221238,1692253956994,1692253956996,1693226221245,7,2,5
17440,1693226221245,1692253957001,1692253957004,1693226221252,7,3,4
17441,1693226221252,1692253957008,1692253957011,1693226221260,8,3,5
17442,1693226221260,1692253957016,1692253957020,1693226221268,8,4,4
17443,1693226221268,1692253957024,1692253957027,1693226221276,8,3,5
17444,1693226221276,1692253957031,1692253957034,1693226221283,7,3,4
17445,1693226221283,1692253957038,1692253957042,1693226221291,8,4,4
17446,1693226221291,1692253957046,1692253957050,1693226221299,8,4,4
17447,1693226221299,1692253957055,1692253957057,1693226221306,7,2,5
17448,1693226221306,1692253957062,1692253957065,1693226221314,8,3,5
17449,1693226221314,1692253957069,1692253957074,1693226221323,9,5,4
17450,1693226221323,1692253957079,1692253957081,1693226221330,7,2,5
17451,1693226221330,1692253957086,1692253957089,1693226221338,8,3,5
17452,1693226221338,1692253957094,1692253957097,1693226221346,8,3,5
17453,1693226221346,1692253957102,1692253957105,1693226221354,8,3,5
17454,1693226221354,1692253957110,1692253957113,1693226221362,8,3,5
17455,1693226221362,1692253957117,1692253957120,1693226221369,7,3,4
17456,1693226221369,1692253957124,1692253957127,1693226221376,7,3,4
17457,1693226221376,1692253957131,1692253957134,1693226221383,7,3,4
17458,1693226221383,1692253957139,1692253957143,1693226221392,9,4,5
17459,1693226221392,1692253957148,1692253957151,1693226221399,7,3,4
17460,1693226221399,1692253957155,1692253957158,1693226221407,8,3,5
17461,1693226221407,1692253957162,1692253957165,1693226221414,7,3,4
17462,1693226221414,1692253957170,1692253957173,1693226221421,7,3,4
17463,1693226221422,1692253957178,1692253957180,1693226221429,7,2,5
17464,1693226221429,1692253957184,1692253957188,1693226221436,7,4,3
17465,1693226221436,1692253957192,1692253957195,1693226221444,8,3,5
17466,1693226221444,1692253957199,1692253957203,1693226221452,8,4,4
17467,1693226221452,1692253957207,1692253957211,1693226221460,8,4,4
17468,1693226221460,1692253957215,1692253957219,1693226221467,7,4,3
17469,1693226221467,1692253957223,1692253957226,1693226221475,8,3,5
17470,1693226221475,1692253957230,1692253957233,1693226221482,7,3,4
17471,1693226221482,1692253957237,1692253957240,1693226221489,7,3,4
17472,1693226221489,1692253957245,1692253957248,1693226221497,8,3,5
17473,1693226221497,1692253957252,1692253957256,1693226221504,7,4,3
17474,1693226221504,1692253957261,1692253957264,1693226221513,9,3,6
17475,1693226221513,1692253957268,1692253957272,1693226221521,8,4,4
17476,1693226221521,1692253957276,1692253957279,1693226221528,7,3,4
17477,1693226221528,1692253957284,1692253957287,1693226221536,8,3,5
17478,1693226221536,1692253957292,1692253957295,1693226221544,8,3,5
17479,1693226221544,1692253957300,1692253957303,1693226221552,8,3,5
17480,1693226221552,1692253957307,1692253957310,1693226221559,7,3,4
17481,1693226221559,1692253957315,1692253957318,1693226221567,8,3,5
17482,1693226221567,1692253957323,1692253957326,1693226221575,8,3,5
17483,1693226221575,1692253957331,1692253957334,1693226221583,8,3,5
17484,1693226221583,1692253957338,1692253957342,1693226221591,8,4,4
17485,1693226221591,1692253957347,1692253957352,1693226221601,10,5,5
17486,1693226221601,1692253957356,1692253957359,1693226221608,7,3,4
17487,1693226221608,1692253957363,1692253957367,1693226221616,8,4,4
17488,1693226221616,1692253957371,1692253957374,1693226221623,7,3,4
17489,1693226221623,1692253957379,1692253957382,1693226221631,8,3,5
17490,1693226221631,1692253957387,1692253957390,1693226221638,7,3,4
17491,1693226221638,1692253957394,1692253957397,1693226221646,8,3,5
17492,1693226221646,1692253957402,1692253957405,1693226221654,8,3,5
17493,1693226221654,1692253957410,1692253957413,1693226221662,8,3,5
17494,1693226221662,1692253957417,1692253957420,1693226221669,7,3,4
17495,1693226221669,1692253957425,1692253957428,1693226221677,8,3,5
17496,1693226221677,1692253957432,1692253957435,1693226221684,7,3,4
17497,1693226221684,1692253957439,1692253957443,1693226221691,7,4,3
17498,1693226221691,1692253957447,1692253957450,1693226221699,8,3,5
17499,1693226221700,1692253957455,1692253957458,1693226221707,7,3,4
17500,1693226221707,1692253957462,1692253957465,1693226221714,7,3,4
17501,1693226221714,1692253957469,1692253957472,1693226221721,7,3,4
17502,1693226221721,1692253957476,1692253957480,1693226221728,7,4,3
17503,1693226221728,1692253957483,1692253957487,1693226221735,7,4,3
17504,1693226221735,1692253957491,1692253957494,1693226221743,8,3,5
17505,1693226221743,1692253957498,1692253957502,1693226221750,7,4,3
17506,1693226221750,1692253957506,1692253957509,1693226221758,8,3,5
17507,1693226221758,1692253957514,1692253957517,1693226221766,8,3,5
17508,1693226221766,1692253957522,1692253957525,1693226221774,8,3,5
17509,1693226221774,1692253957530,1692253957534,1693226221782,8,4,4
17510,1693226221782,1692253957543,1692253957546,1693226221795,13,3,10
17511,1693226221795,1692253957551,1692253957554,1693226221803,8,3,5
17512,1693226221803,1692253957559,1692253957563,1693226221811,8,4,4
17513,1693226221811,1692253957566,1692253957569,1693226221818,7,3,4
17514,1693226221818,1692253957573,1692253957576,1693226221825,7,3,4
17515,1693226221825,1692253957591,1692253957594,1693226221842,17,3,14
17516,1693226221843,1692253957599,1692253957602,1693226221851,8,3,5
17517,1693226221851,1692253957612,1692253957616,1693226221868,17,4,13
17518,1693226221868,1692253957623,1692253957626,1693226221875,7,3,4
17519,1693226221875,1692253957630,1692253957633,1693226221882,7,3,4
17520,1693226221882,1692253957637,1692253957641,1693226221889,7,4,3
17521,1693226221890,1692253957645,1692253957648,1693226221896,6,3,3
17522,1693226221896,1692253957652,1692253957656,1693226221905,9,4,5
17523,1693226221905,1692253957661,1692253957664,1693226221913,8,3,5
17524,1693226221913,1692253957670,1692253957673,1693226221921,8,3,5
17525,1693226221921,1692253957677,1692253957679,1693226221928,7,2,5
17526,1693226221928,1692253957683,1692253957686,1693226221936,8,3,5
17527,1693226221936,1692253957691,1692253957695,1693226221944,8,4,4
17528,1693226221944,1692253957700,1692253957703,1693226221952,8,3,5
17529,1693226221952,1692253957707,1692253957711,1693226221959,7,4,3
17530,1693226221959,1692253957714,1692253957718,1693226221966,7,4,3
17531,1693226221966,1692253957723,1692253957726,1693226221975,9,3,6
17532,1693226221975,1692253957730,1692253957734,1693226221983,8,4,4
17533,1693226221983,1692253957739,1692253957741,1693226221994,11,2,9
17534,1693226221994,1692253957750,1692253957753,1693226222002,8,3,5
17535,1693226222002,1692253957757,1692253957761,1693226222009,7,4,3
17536,1693226222009,1692253957765,1692253957768,1693226222017,8,3,5
17537,1693226222017,1692253957773,1692253957776,1693226222025,8,3,5
17538,1693226222025,1692253957781,1692253957784,1693226222032,7,3,4
17539,1693226222032,1692253957788,1692253957792,1693226222040,8,4,4
17540,1693226222041,1692253957797,1692253957800,1693226222049,8,3,5
17541,1693226222049,1692253957805,1692253957808,1693226222057,8,3,5
17542,1693226222057,1692253957812,1692253957816,1693226222065,8,4,4
17543,1693226222065,1692253957820,1692253957824,1693226222073,8,4,4
17544,1693226222073,1692253957829,1692253957832,1693226222081,8,3,5
17545,1693226222081,1692253957836,1692253957840,1693226222089,8,4,4
17546,1693226222089,1692253957844,1692253957847,1693226222096,7,3,4
17547,1693226222096,1692253957851,1692253957855,1693226222104,8,4,4
17548,1693226222104,1692253957860,1692253957863,1693226222112,8,3,5
17549,1693226222112,1692253957867,1692253957870,1693226222119,7,3,4
17550,1693226222119,1692253957874,1692253957877,1693226222126,7,3,4
17551,1693226222126,1692253957881,1692253957885,1693226222133,7,4,3
17552,1693226222133,1692253957889,1692253957892,1693226222141,8,3,5
17553,1693226222141,1692253957899,1692253957903,1693226222151,10,4,6
17554,1693226222151,1692253957907,1692253957911,1693226222159,8,4,4
17555,1693226222159,1692253957915,1692253957918,1693226222167,8,3,5
17556,1693226222167,1692253957922,1692253957925,1693226222174,7,3,4
17557,1693226222174,1692253957929,1692253957933,1693226222181,7,4,3
17558,1693226222181,1692253957937,1692253957940,1693226222189,8,3,5
17559,1693226222189,1692253957945,1692253957950,1693226222198,9,5,4
17560,1693226222198,1692253957955,1692253957958,1693226222207,9,3,6
17561,1693226222207,1692253957965,1692253957969,1693226222217,10,4,6
17562,1693226222217,1692253957973,1692253957976,1693226222225,8,3,5
17563,1693226222225,1692253957982,1692253957985,1693226222234,9,3,6
17564,1693226222234,1692253957990,1692253957993,1693226222242,8,3,5
17565,1693226222242,1692253957997,1692253958000,1693226222249,7,3,4
17566,1693226222249,1692253958005,1692253958008,1693226222257,8,3,5
17567,1693226222257,1692253958012,1692253958015,1693226222264,7,3,4
17568,1693226222264,1692253958020,1692253958023,1693226222272,8,3,5
17569,1693226222272,1692253958028,1692253958031,1693226222280,8,3,5
17570,1693226222280,1692253958036,1692253958039,1693226222288,8,3,5
17571,1693226222288,1692253958044,1692253958047,1693226222295,7,3,4
17572,1693226222295,1692253958051,1692253958055,1693226222304,9,4,5
17573,1693226222304,1692253958059,1692253958063,1693226222314,10,4,6
17574,1693226222314,1692253958070,1692253958072,1693226222321,7,2,5
17575,1693226222321,1692253958078,1692253958081,1693226222330,9,3,6
17576,1693226222330,1692253958086,1692253958088,1693226222337,7,2,5
17577,1693226222337,1692253958092,1692253958095,1693226222344,7,3,4
17578,1693226222344,1692253958100,1692253958102,1693226222353,9,2,7
17579,1693226222353,1692253958109,1692253958113,1693226222362,9,4,5
17580,1693226222362,1692253958118,1692253958120,1693226222369,7,2,5
17581,1693226222369,1692253958125,1692253958128,1693226222376,7,3,4
17582,1693226222376,1692253958133,1692253958136,1693226222385,9,3,6
17583,1693226222385,1692253958141,1692253958144,1693226222393,8,3,5
17584,1693226222393,1692253958148,1692253958151,1693226222400,7,3,4
17585,1693226222401,1692253958160,1692253958164,1693226222412,11,4,7
17586,1693226222412,1692253958170,1692253958173,1693226222422,10,3,7
17587,1693226222422,1692253958178,1692253958181,1693226222430,8,3,5
17588,1693226222430,1692253958186,1692253958189,1693226222437,7,3,4
17589,1693226222437,1692253958193,1692253958196,1693226222445,8,3,5
17590,1693226222445,1692253958201,1692253958204,1693226222453,8,3,5
17591,1693226222453,1692253958208,1692253958212,1693226222460,7,4,3
17592,1693226222460,1692253958216,1692253958219,1693226222468,8,3,5
17593,1693226222468,1692253958223,1692253958227,1693226222476,8,4,4
17594,1693226222476,1692253958232,1692253958235,1693226222484,8,3,5
17595,1693226222484,1692253958239,1692253958242,1693226222491,7,3,4
17596,1693226222491,1692253958247,1692253958251,1693226222500,9,4,5
17597,1693226222500,1692253958256,1692253958260,1693226222509,9,4,5
17598,1693226222509,1692253958265,1692253958268,1693226222520,11,3,8
17599,1693226222520,1692253958275,1692253958278,1693226222527,7,3,4
17600,1693226222527,1692253958283,1692253958287,1693226222536,9,4,5
17601,1693226222536,1692253958292,1692253958294,1693226222543,7,2,5
17602,1693226222543,1692253958298,1692253958301,1693226222551,8,3,5
17603,1693226222551,1692253958307,1692253958310,1693226222559,8,3,5
17604,1693226222559,1692253958315,1692253958318,1693226222567,8,3,5
17605,1693226222567,1692253958327,1692253958331,1693226222579,12,4,8
17606,1693226222579,1692253958336,1692253958338,1693226222587,8,2,6
17607,1693226222587,1692253958344,1692253958348,1693226222596,9,4,5
17608,1693226222596,1692253958352,1692253958355,1693226222604,8,3,5
17609,1693226222604,1692253958359,1692253958362,1693226222611,7,3,4
17610,1693226222611,1692253958367,1692253958370,1693226222621,10,3,7
17611,1693226222621,1692253958376,1692253958380,1693226222628,7,4,3
17612,1693226222628,1692253958384,1692253958387,1693226222636,8,3,5
17613,1693226222636,1692253958392,1692253958395,1693226222644,8,3,5
17614,1693226222644,1692253958399,1692253958403,1693226222652,8,4,4
17615,1693226222652,1692253958408,1692253958412,1693226222660,8,4,4
17616,1693226222660,1692253958416,1692253958419,1693226222667,7,3,4
17617,1693226222667,1692253958423,1692253958426,1693226222675,8,3,5
17618,1693226222675,1692253958431,1692253958434,1693226222683,8,3,5
17619,1693226222683,1692253958439,1692253958441,1693226222690,7,2,5
17620,1693226222690,1692253958446,1692253958449,1693226222698,8,3,5
17621,1693226222698,1692253958454,1692253958457,1693226222706,8,3,5
17622,1693226222706,1692253958463,1692253958466,1693226222715,9,3,6
17623,1693226222715,1692253958471,1692253958474,1693226222724,9,3,6
17624,1693226222724,1692253958480,1692253958483,1693226222732,8,3,5
17625,1693226222732,1692253958488,1692253958492,1693226222740,8,4,4
17626,1693226222740,1692253958496,1692253958499,1693226222748,8,3,5
17627,1693226222748,1692253958504,1692253958507,1693226222756,8,3,5
17628,1693226222756,1692253958512,1692253958515,1693226222763,7,3,4
17629,1693226222763,1692253958519,1692253958523,1693226222772,9,4,5
17630,1693226222772,1692253958528,1692253958531,1693226222780,8,3,5
17631,1693226222780,1692253958536,1692253958539,1693226222788,8,3,5
17632,1693226222788,1692253958544,1692253958548,1693226222796,8,4,4
17633,1693226222796,1692253958552,1692253958556,1693226222806,10,4,6
17634,1693226222806,1692253958562,1692253958566,1693226222815,9,4,5
17635,1693226222815,1692253958570,1692253958574,1693226222822,7,4,3
17636,1693226222822,1692253958580,1692253958583,1693226222832,10,3,7
17637,1693226222832,1692253958589,1692253958592,1693226222842,10,3,7
17638,1693226222842,1692253958598,1692253958601,1693226222850,8,3,5
17639,1693226222850,1692253958605,1692253958608,1693226222856,6,3,3
17640,1693226222856,1692253958612,1692253958616,1693226222864,8,4,4
17641,1693226222864,1692253958619,1692253958622,1693226222871,7,3,4
17642,1693226222871,1692253958626,1692253958630,1693226222879,8,4,4
17643,1693226222879,1692253958635,1692253958638,1693226222886,7,3,4
17644,1693226222886,1692253958643,1692253958647,1693226222896,10,4,6
17645,1693226222896,1692253958652,1692253958655,1693226222903,7,3,4
17646,1693226222904,1692253958659,1692253958662,1693226222910,6,3,3
17647,1693226222910,1692253958666,1692253958669,1693226222918,8,3,5
17648,1693226222918,1692253958673,1692253958676,1693226222925,7,3,4
17649,1693226222925,1692253958682,1692253958685,1693226222934,9,3,6
17650,1693226222934,1692253958690,1692253958693,1693226222942,8,3,5
17651,1693226222942,1692253958698,1692253958701,1693226222949,7,3,4
17652,1693226222949,1692253958704,1692253958708,1693226222956,7,4,3
17653,1693226222956,1692253958712,1692253958715,1693226222964,8,3,5
17654,1693226222964,1692253958719,1692253958722,1693226222971,7,3,4
17655,1693226222971,1692253958727,1692253958730,1693226222979,8,3,5
17656,1693226222979,1692253958734,1692253958738,1693226222987,8,4,4
17657,1693226222987,1692253958742,1692253958745,1693226222994,7,3,4
17658,1693226222994,1692253958754,1692253958758,1693226223006,12,4,8
17659,1693226223006,1692253958762,1692253958766,1693226223015,9,4,5
17660,1693226223015,1692253958771,1692253958774,1693226223023,8,3,5
17661,1693226223023,1692253958787,1692253958790,1693226223039,16,3,13
17662,1693226223039,1692253958794,1692253958797,1693226223046,7,3,4
17663,1693226223046,1692253958802,1692253958805,1693226223054,8,3,5
17664,1693226223054,1692253958810,1692253958813,1693226223062,8,3,5
17665,1693226223062,1692253958818,1692253958822,1693226223070,8,4,4
17666,1693226223070,1692253958826,1692253958829,1693226223078,8,3,5
17667,1693226223078,1692253958833,1692253958836,1693226223085,7,3,4
17668,1693226223085,1692253958841,1692253958844,1693226223092,7,3,4
17669,1693226223092,1692253958848,1692253958852,1693226223101,9,4,5
17670,1693226223101,1692253958856,1692253958861,1693226223110,9,5,4
17671,1693226223110,1692253958875,1692253958879,1693226223127,17,4,13
17672,1693226223127,1692253958883,1692253958887,1693226223135,8,4,4
17673,1693226223135,1692253958896,1692253958899,1693226223149,14,3,11
17674,1693226223149,1692253958904,1692253958907,1693226223155,6,3,3
17675,1693226223155,1692253958911,1692253958914,1693226223164,9,3,6
17676,1693226223164,1692253958919,1692253958921,1693226223170,6,2,4
17677,1693226223170,1692253958925,1692253958929,1693226223177,7,4,3
17678,1693226223177,1692253958933,1692253958936,1693226223184,7,3,4
17679,1693226223184,1692253958940,1692253958942,1693226223191,7,2,5
17680,1693226223191,1692253958947,1692253958950,1693226223199,8,3,5
17681,1693226223199,1692253958956,1692253958959,1693226223208,9,3,6
17682,1693226223208,1692253958963,1692253958967,1693226223215,7,4,3
17683,1693226223216,1692253958971,1692253958974,1693226223223,7,3,4
17684,1693226223223,1692253958979,1692253958982,1693226223230,7,3,4
17685,1693226223231,1692253958986,1692253958989,1693226223238,7,3,4
17686,1693226223238,1692253958993,1692253958996,1693226223244,6,3,3
17687,1693226223244,1692253959000,1692253959003,1693226223253,9,3,6
17688,1693226223253,1692253959008,1692253959011,1693226223260,7,3,4
17689,1693226223260,1692253959016,1692253959020,1693226223269,9,4,5
17690,1693226223269,1692253959024,1692253959028,1693226223276,7,4,3
17691,1693226223276,1692253959032,1692253959036,1693226223285,9,4,5
17692,1693226223285,1692253959040,1692253959043,1693226223292,7,3,4
17693,1693226223292,1692253959048,1692253959051,1693226223300,8,3,5
17694,1693226223300,1692253959056,1692253959059,1693226223308,8,3,5
17695,1693226223308,1692253959064,1692253959067,1693226223316,8,3,5
17696,1693226223316,1692253959071,1692253959074,1693226223323,7,3,4
17697,1693226223323,1692253959079,1692253959082,1693226223331,8,3,5
17698,1693226223331,1692253959086,1692253959089,1693226223337,6,3,3
17699,1693226223337,1692253959093,1692253959097,1693226223346,9,4,5
17700,1693226223346,1692253959102,1692253959105,1693226223354,8,3,5
17701,1693226223354,1692253959110,1692253959113,1693226223362,8,3,5
17702,1693226223362,1692253959117,1692253959120,1693226223369,7,3,4
17703,1693226223369,1692253959125,1692253959127,1693226223376,7,2,5
17704,1693226223376,1692253959132,1692253959135,1693226223383,7,3,4
17705,1693226223384,1692253959139,1692253959143,1693226223392,8,4,4
17706,1693226223392,1692253959148,1692253959151,1693226223400,8,3,5
17707,1693226223400,1692253959155,1692253959160,1693226223408,8,5,3
17708,1693226223408,1692253959164,1692253959167,1693226223415,7,3,4
17709,1693226223415,1692253959171,1692253959173,1693226223422,7,2,5
17710,1693226223422,1692253959179,1692253959182,1693226223430,8,3,5
17711,1693226223430,1692253959186,1692253959188,1693226223437,7,2,5
17712,1693226223437,1692253959194,1692253959197,1693226223446,9,3,6
17713,1693226223446,1692253959202,1692253959205,1693226223454,8,3,5
17714,1693226223454,1692253959210,1692253959213,1693226223462,8,3,5
17715,1693226223462,1692253959218,1692253959220,1693226223469,7,2,5
17716,1693226223469,1692253959225,1692253959228,1693226223477,8,3,5
17717,1693226223477,1692253959233,1692253959236,1693226223485,8,3,5
17718,1693226223485,1692253959241,1692253959244,1693226223493,8,3,5
17719,1693226223493,1692253959248,1692253959251,1693226223500,7,3,4
17720,1693226223500,1692253959255,1692253959259,1693226223508,8,4,4
17721,1693226223508,1692253959264,1692253959267,1693226223516,8,3,5
17722,1693226223516,1692253959272,1692253959275,1693226223524,8,3,5
17723,1693226223524,1692253959280,1692253959283,1693226223532,8,3,5
17724,1693226223532,1692253959287,1692253959290,1693226223539,7,3,4
17725,1693226223539,1692253959298,1692253959301,1693226223550,11,3,8
17726,1693226223550,1692253959305,1692253959309,1693226223558,8,4,4
17727,1693226223558,1692253959313,1692253959316,1693226223565,7,3,4
17728,1693226223565,1692253959321,1692253959324,1693226223573,8,3,5
17729,1693226223573,1692253959329,1692253959333,1693226223581,8,4,4
17730,1693226223581,1692253959336,1692253959339,1693226223588,7,3,4
17731,1693226223588,1692253959343,1692253959346,1693226223595,7,3,4
17732,1693226223595,1692253959350,1692253959353,1693226223602,7,3,4
17733,1693226223602,1692253959358,1692253959361,1693226223610,8,3,5
17734,1693226223610,1692253959366,1692253959368,1693226223617,7,2,5
17735,1693226223617,1692253959373,1692253959376,1693226223624,7,3,4
17736,1693226223624,1692253959380,1692253959383,1693226223632,8,3,5
17737,1693226223632,1692253959387,1692253959391,1693226223640,8,4,4
17738,1693226223640,1692253959396,1692253959398,1693226223647,7,2,5
17739,1693226223647,1692253959404,1692253959407,1693226223655,8,3,5
17740,1693226223655,1692253959411,1692253959414,1693226223662,7,3,4
17741,1693226223662,1692253959418,1692253959421,1693226223670,8,3,5
17742,1693226223670,1692253959425,1692253959429,1693226223678,8,4,4
17743,1693226223678,1692253959433,1692253959436,1693226223685,7,3,4
17744,1693226223685,1692253959440,1692253959445,1693226223693,8,5,3
17745,1693226223693,1692253959449,1692253959451,1693226223700,7,2,5
17746,1693226223700,1692253959456,1692253959460,1693226223709,9,4,5
17747,1693226223709,1692253959465,1692253959469,1693226223717,8,4,4
17748,1693226223717,1692253959473,1692253959477,1693226223726,9,4,5
17749,1693226223726,1692253959481,1692253959484,1693226223733,7,3,4
17750,1693226223733,1692253959489,1692253959492,1693226223741,8,3,5
17751,1693226223741,1692253959497,1692253959500,1693226223749,8,3,5
17752,1693226223749,1692253959504,1692253959507,1693226223756,7,3,4
17753,1693226223756,1692253959512,1692253959515,1693226223764,8,3,5
17754,1693226223764,1692253959520,1692253959523,1693226223772,8,3,5
17755,1693226223772,1692253959528,1692253959531,1693226223779,7,3,4
17756,1693226223779,1692253959535,1692253959538,1693226223787,8,3,5
17757,1693226223787,1692253959542,1692253959545,1693226223794,7,3,4
17758,1693226223794,1692253959550,1692253959553,1693226223802,8,3,5
17759,1693226223802,1692253959557,1692253959560,1693226223808,6,3,3
17760,1693226223809,1692253959564,1692253959567,1693226223816,7,3,4
17761,1693226223816,1692253959571,1692253959575,1693226223823,7,4,3
17762,1693226223823,1692253959579,1692253959583,1693226223831,8,4,4
17763,1693226223831,1692253959587,1692253959590,1693226223838,7,3,4
17764,1693226223838,1692253959593,1692253959596,1693226223844,6,3,3
17765,1693226223844,1692253959600,1692253959604,1693226223853,9,4,5
17766,1693226223853,1692253959608,1692253959611,1693226223860,7,3,4
17767,1693226223860,1692253959616,1692253959618,1693226223867,7,2,5
17768,1693226223867,1692253959624,1692253959627,1693226223876,9,3,6
17769,1693226223876,1692253959631,1692253959634,1693226223883,7,3,4
17770,1693226223883,1692253959639,1692253959643,1693226223892,9,4,5
17771,1693226223892,1692253959647,1692253959651,1693226223900,8,4,4
17772,1693226223900,1692253959655,1692253959658,1693226223907,7,3,4
17773,1693226223907,1692253959662,1692253959666,1693226223915,8,4,4
17774,1693226223915,1692253959670,1692253959673,1693226223922,7,3,4
17775,1693226223922,1692253959678,1692253959680,1693226223929,7,2,5
17776,1693226223929,1692253959685,1692253959688,1693226223938,9,3,6
17777,1693226223938,1692253959694,1692253959697,1693226223946,8,3,5
17778,1693226223946,1692253959701,1692253959705,1693226223953,7,4,3
17779,1693226223953,1692253959709,1692253959711,1693226223960,7,2,5
17780,1693226223960,1692253959715,1692253959719,1693226223968,8,4,4
17781,1693226223969,1692253959725,1692253959729,1693226223978,9,4,5
17782,1693226223978,1692253959733,1692253959737,1693226223986,8,4,4
17783,1693226223986,1692253959742,1692253959745,1693226223994,8,3,5
17784,1693226223994,1692253959750,1692253959753,1693226224001,7,3,4
17785,1693226224001,1692253959761,1692253959764,1693226224013,12,3,9
17786,1693226224013,1692253959769,1692253959772,1693226224020,7,3,4
17787,1693226224020,1692253959776,1692253959779,1693226224028,8,3,5
17788,1693226224028,1692253959783,1692253959787,1693226224035,7,4,3
17789,1693226224035,1692253959791,1692253959794,1693226224042,7,3,4
17790,1693226224043,1692253959798,1692253959801,1693226224050,7,3,4
17791,1693226224050,1692253959808,1692253959811,1693226224060,10,3,7
17792,1693226224060,1692253959815,1692253959820,1693226224068,8,5,3
17793,1693226224068,1692253959825,1692253959829,1693226224077,9,4,5
17794,1693226224077,1692253959833,1692253959836,1693226224085,8,3,5
17795,1693226224085,1692253959842,1692253959845,1693226224094,9,3,6
17796,1693226224094,1692253959850,1692253959852,1693226224101,7,2,5
17797,1693226224101,1692253959857,1692253959860,1693226224109,8,3,5
17798,1693226224109,1692253959865,1692253959868,1693226224116,7,3,4
17799,1693226224117,1692253959873,1692253959876,1693226224125,8,3,5
17800,1693226224125,1692253959881,1692253959884,1693226224133,8,3,5
17801,1693226224133,1692253959889,1692253959893,1693226224142,9,4,5
17802,1693226224142,1692253959898,1692253959902,1693226224150,8,4,4
17803,1693226224150,1692253959906,1692253959909,1693226224158,8,3,5
17804,1693226224158,1692253959914,1692253959917,1693226224165,7,3,4
17805,1693226224166,1692253959921,1692253959923,1693226224173,7,2,5
17806,1693226224173,1692253959929,1692253959932,1693226224181,8,3,5
17807,1693226224181,1692253959937,1692253959940,1693226224189,8,3,5
17808,1693226224189,1692253959944,1692253959947,1693226224196,7,3,4
17809,1693226224196,1692253959952,1692253959955,1693226224204,8,3,5
17810,1693226224204,1692253959960,1692253959963,1693226224212,8,3,5
17811,1693226224212,1692253959968,1692253959970,1693226224219,7,2,5
17812,1693226224219,1692253959975,1692253959978,1693226224227,8,3,5
17813,1693226224227,1692253959982,1692253959985,1693226224233,6,3,3
17814,1693226224233,1692253959988,1692253959992,1693226224241,8,4,4
17815,1693226224241,1692253959996,1692253960000,1693226224249,8,4,4
17816,1693226224249,1692253960004,1692253960008,1693226224260,11,4,7
17817,1693226224260,1692253960020,1692253960023,1693226224272,12,3,9
17818,1693226224272,1692253960029,1692253960034,1693226224282,10,5,5
17819,1693226224282,1692253960038,1692253960041,1693226224290,8,3,5
17820,1693226224290,1692253960050,1692253960053,1693226224302,12,3,9
17821,1693226224302,1692253960058,1692253960060,1693226224309,7,2,5
17822,1693226224309,1692253960064,1692253960067,1693226224316,7,3,4
17823,1693226224316,1692253960072,1692253960074,1693226224323,7,2,5
17824,1693226224323,1692253960079,1692253960083,1693226224331,8,4,4
17825,1693226224331,1692253960086,1692253960090,1693226224339,8,4,4
17826,1693226224339,1692253960095,1692253960098,1693226224346,7,3,4
17827,1693226224347,1692253960103,1692253960105,1693226224354,7,2,5
17828,1693226224354,1692253960109,1692253960112,1693226224362,8,3,5
17829,1693226224362,1692253960118,1692253960121,1693226224370,8,3,5
17830,1693226224370,1692253960126,1692253960129,1693226224378,8,3,5
17831,1693226224378,1692253960134,1692253960138,1693226224386,8,4,4
17832,1693226224386,1692253960142,1692253960144,1693226224393,7,2,5
17833,1693226224393,1692253960156,1692253960159,1693226224408,15,3,12
17834,1693226224408,1692253960164,1692253960168,1693226224417,9,4,5
17835,1693226224417,1692253960178,1692253960181,1693226224429,12,3,9
17836,1693226224429,1692253960185,1692253960187,1693226224436,7,2,5
17837,1693226224436,1692253960192,1692253960195,1693226224444,8,3,5
17838,1693226224444,1692253960200,1692253960203,1693226224452,8,3,5
17839,1693226224452,1692253960208,1692253960212,1693226224460,8,4,4
17840,1693226224460,1692253960218,1692253960222,1693226224470,10,4,6
17841,1693226224470,1692253960226,1692253960230,1693226224478,8,4,4
17842,1693226224479,1692253960234,1692253960236,1693226224485,6,2,4
17843,1693226224485,1692253960240,1692253960243,1693226224492,7,3,4
17844,1693226224492,1692253960247,1692253960252,1693226224501,9,5,4
17845,1693226224501,1692253960257,1692253960259,1693226224508,7,2,5
17846,1693226224508,1692253960263,1692253960267,1693226224515,7,4,3
17847,1693226224515,1692253960270,1692253960274,1693226224522,7,4,3
17848,1693226224522,1692253960278,1692253960281,1693226224530,8,3,5
17849,1693226224530,1692253960285,1692253960288,1693226224537,7,3,4
17850,1693226224537,1692253960293,1692253960296,1693226224545,8,3,5
17851,1693226224545,1692253960301,1692253960305,1693226224553,8,4,4
17852,1693226224553,1692253960309,1692253960311,1693226224560,7,2,5
17853,1693226224560,1692253960315,1692253960318,1693226224568,8,3,5
17854,1693226224568,1692253960323,1692253960327,1693226224576,8,4,4
17855,1693226224576,1692253960332,1692253960335,1693226224584,8,3,5
17856,1693226224584,1692253960339,1692253960342,1693226224591,7,3,4
17857,1693226224591,1692253960348,1692253960351,1693226224600,9,3,6
17858,1693226224600,1692253960355,1692253960359,1693226224608,8,4,4
17859,1693226224608,1692253960364,1692253960367,1693226224615,7,3,4
17860,1693226224615,1692253960370,1692253960374,1693226224623,8,4,4
17861,1693226224623,1692253960379,1692253960382,1693226224630,7,3,4
17862,1693226224630,1692253960386,1692253960389,1693226224638,8,3,5
17863,1693226224638,1692253960393,1692253960396,1693226224645,7,3,4
17864,1693226224645,1692253960400,1692253960404,1693226224653,8,4,4
17865,1693226224653,1692253960408,1692253960411,1693226224660,7,3,4
17866,1693226224660,1692253960416,1692253960419,1693226224669,9,3,6
17867,1693226224669,1692253960425,1692253960428,1693226224676,7,3,4
17868,1693226224676,1692253960432,1692253960435,1693226224684,8,3,5
17869,1693226224684,1692253960440,1692253960443,1693226224691,7,3,4
17870,1693226224691,1692253960447,1692253960450,1693226224699,8,3,5
17871,1693226224699,1692253960455,1692253960458,1693226224706,7,3,4
17872,1693226224706,1692253960462,1692253960465,1693226224713,7,3,4
17873,1693226224713,1692253960469,1692253960472,1693226224721,8,3,5
17874,1693226224721,1692253960477,1692253960479,1693226224728,7,2,5
17875,1693226224728,1692253960484,1692253960487,1693226224737,9,3,6
17876,1693226224737,1692253960493,1692253960497,1693226224745,8,4,4
17877,1693226224745,1692253960501,1692253960504,1693226224753,8,3,5
17878,1693226224753,1692253960508,1692253960511,1693226224760,7,3,4
17879,1693226224760,1692253960515,1692253960518,1693226224767,7,3,4
17880,1693226224767,1692253960525,1692253960529,1693226224778,11,4,7
17881,1693226224778,1692253960534,1692253960537,1693226224786,8,3,5
17882,1693226224786,1692253960541,1692253960544,1693226224793,7,3,4
17883,1693226224793,1692253960548,1692253960552,1693226224800,7,4,3
17884,1693226224800,1692253960556,1692253960560,1693226224808,8,4,4
17885,1693226224808,1692253960564,1692253960567,1693226224815,7,3,4
17886,1693226224816,1692253960571,1692253960574,1693226224823,7,3,4
17887,1693226224823,1692253960578,1692253960581,1693226224830,7,3,4
17888,1693226224830,1692253960585,1692253960588,1693226224836,6,3,3
17889,1693226224836,1692253960592,1692253960596,1693226224844,8,4,4
17890,1693226224844,1692253960600,1692253960603,1693226224852,8,3,5
17891,1693226224852,1692253960608,1692253960613,1693226224862,10,5,5
17892,1693226224862,1692253960618,1692253960622,1693226224870,8,4,4
17893,1693226224870,1692253960628,1692253960631,1693226224880,10,3,7
17894,1693226224880,1692253960636,1692253960639,1693226224888,8,3,5
17895,1693226224888,1692253960644,1692253960646,1693226224895,7,2,5
17896,1693226224895,1692253960651,1692253960655,1693226224904,9,4,5
17897,1693226224904,1692253960661,1692253960664,1693226224913,9,3,6
17898,1693226224914,1692253960669,1692253960673,1693226224921,7,4,3
17899,1693226224921,1692253960677,1692253960680,1693226224929,8,3,5
17900,1693226224929,1692253960685,1692253960688,1693226224937,8,3,5
17901,1693226224937,1692253960694,1692253960697,1693226224946,9,3,6
17902,1693226224946,1692253960702,1692253960705,1693226224954,8,3,5
17903,1693226224954,1692253960710,1692253960713,1693226224962,8,3,5
17904,1693226224962,1692253960717,1692253960720,1693226224969,7,3,4
17905,1693226224969,1692253960724,1692253960728,1693226224977,8,4,4
17906,1693226224977,1692253960732,1692253960735,1693226224984,7,3,4
17907,1693226224984,1692253960740,1692253960743,1693226224993,9,3,6
17908,1693226224993,1692253960748,1692253960751,1693226225000,7,3,4
17909,1693226225000,1692253960756,1692253960760,1693226225013,13,4,9
17910,1693226225013,1692253960769,1692253960772,1693226225021,8,3,5
17911,1693226225021,1692253960777,1692253960780,1693226225029,8,3,5
17912,1693226225029,1692253960785,1692253960788,1693226225037,8,3,5
17913,1693226225037,1692253960796,1692253960800,1693226225048,11,4,7
17914,1693226225048,1692253960803,1692253960806,1693226225057,9,3,6
17915,1693226225057,1692253960813,1692253960817,1693226225066,9,4,5
17916,1693226225066,1692253960821,1692253960825,1693226225073,7,4,3
17917,1693226225073,1692253960829,1692253960832,1693226225080,7,3,4
17918,1693226225080,1692253960835,1692253960839,1693226225088,8,4,4
17919,1693226225088,1692253960844,1692253960847,1693226225096,8,3,5
17920,1693226225096,1692253960851,1692253960855,1693226225104,8,4,4
17921,1693226225104,1692253960859,1692253960862,1693226225111,7,3,4
17922,1693226225111,1692253960867,1692253960870,1693226225119,8,3,5
17923,1693226225119,1692253960875,1692253960878,1693226225127,8,3,5
17924,1693226225127,1692253960882,1692253960885,1693226225134,7,3,4
17925,1693226225134,1692253960890,1692253960893,1693226225141,7,3,4
17926,1693226225141,1692253960898,1692253960901,1693226225150,9,3,6
17927,1693226225150,1692253960906,1692253960910,1693226225160,10,4,6
17928,1693226225160,1692253960915,1692253960918,1693226225167,7,3,4
17929,1693226225167,1692253960922,1692253960925,1693226225174,7,3,4
17930,1693226225174,1692253960929,1692253960932,1693226225181,7,3,4
17931,1693226225181,1692253960936,1692253960940,1693226225189,8,4,4
17932,1693226225189,1692253960945,1692253960948,1693226225198,9,3,6
17933,1693226225198,1692253960954,1692253960957,1693226225205,7,3,4
17934,1693226225205,1692253960960,1692253960963,1693226225212,7,3,4
17935,1693226225212,1692253960968,1692253960972,1693226225221,9,4,5
17936,1693226225221,1692253960976,1692253960979,1693226225228,7,3,4
17937,1693226225228,1692253960984,1692253960987,1693226225235,7,3,4
17938,1693226225235,1692253960991,1692253960994,1693226225242,7,3,4
17939,1693226225242,1692253960998,1692253961001,1693226225250,8,3,5
17940,1693226225250,1692253961005,1692253961008,1693226225257,7,3,4
17941,1693226225257,1692253961013,1692253961016,1693226225265,8,3,5
17942,1693226225265,1692253961021,1692253961024,1693226225273,8,3,5
17943,1693226225273,1692253961029,1692253961032,1693226225280,7,3,4
17944,1693226225280,1692253961038,1692253961041,1693226225289,9,3,6
17945,1693226225289,1692253961046,1692253961050,1693226225298,9,4,5
17946,1693226225298,1692253961054,1692253961057,1693226225306,8,3,5
17947,1693226225306,1692253961061,1692253961065,1693226225314,8,4,4
17948,1693226225314,1692253961070,1692253961073,1693226225321,7,3,4
17949,1693226225322,1692253961077,1692253961080,1693226225328,6,3,3
17950,1693226225328,1692253961083,1692253961086,1693226225335,7,3,4
17951,1693226225335,1692253961090,1692253961093,1693226225342,7,3,4
17952,1693226225342,1692253961098,1692253961101,1693226225350,8,3,5
17953,1693226225350,1692253961106,1692253961109,1693226225358,8,3,5
17954,1693226225358,1692253961114,1692253961117,1693226225366,8,3,5
17955,1693226225366,1692253961121,1692253961124,1693226225373,7,3,4
17956,1693226225373,1692253961128,1692253961131,1693226225380,7,3,4
17957,1693226225380,1692253961136,1692253961139,1693226225388,8,3,5
17958,1693226225388,1692253961144,1692253961146,1693226225395,7,2,5
17959,1693226225395,1692253961151,1692253961154,1693226225403,8,3,5
17960,1693226225403,1692253961158,1692253961161,1693226225409,6,3,3
17961,1693226225409,1692253961164,1692253961168,1693226225417,8,4,4
17962,1693226225417,1692253961173,1692253961176,1693226225424,7,3,4
17963,1693226225424,1692253961180,1692253961183,1693226225431,7,3,4
17964,1693226225431,1692253961187,1692253961191,1693226225440,9,4,5
17965,1693226225440,1692253961196,1692253961199,1693226225448,8,3,5
17966,1693226225448,1692253961203,1692253961206,1693226225455,7,3,4
17967,1693226225455,1692253961210,1692253961213,1693226225462,7,3,4
17968,1693226225462,1692253961218,1692253961221,1693226225469,7,3,4
17969,1693226225469,1692253961225,1692253961228,1693226225477,8,3,5
17970,1693226225477,1692253961233,1692253961237,1693226225485,8,4,4
17971,1693226225485,1692253961242,1692253961246,1693226225495,10,4,6
17972,1693226225495,1692253961251,1692253961254,1693226225503,8,3,5
17973,1693226225503,1692253961258,1692253961262,1693226225511,8,4,4
17974,1693226225511,1692253961266,1692253961270,1693226225519,8,4,4
17975,1693226225519,1692253961274,1692253961277,1693226225526,7,3,4
17976,1693226225526,1692253961281,1692253961284,1693226225533,7,3,4
17977,1693226225533,1692253961288,1692253961293,1693226225542,9,5,4
17978,1693226225542,1692253961297,1692253961301,1693226225549,7,4,3
17979,1693226225549,1692253961305,1692253961307,1693226225556,7,2,5
17980,1693226225556,1692253961311,1692253961314,1693226225563,7,3,4
17981,1693226225563,1692253961318,1692253961322,1693226225571,8,4,4
17982,1693226225571,1692253961326,1692253961329,1693226225578,7,3,4
17983,1693226225578,1692253961334,1692253961337,1693226225586,8,3,5
17984,1693226225586,1692253961346,1692253961349,1693226225597,11,3,8
17985,1693226225597,1692253961353,1692253961356,1693226225604,7,3,4
17986,1693226225604,1692253961360,1692253961363,1693226225612,8,3,5
17987,1693226225612,1692253961367,1692253961370,1693226225619,7,3,4
17988,1693226225619,1692253961374,1692253961378,1693226225626,7,4,3
17989,1693226225626,1692253961382,1692253961385,1693226225634,8,3,5
17990,1693226225634,1692253961390,1692253961393,1693226225641,7,3,4
17991,1693226225642,1692253961397,1692253961401,1693226225650,8,4,4
17992,1693226225650,1692253961405,1692253961408,1693226225657,7,3,4
17993,1693226225657,1692253961413,1692253961415,1693226225664,7,2,5
17994,1693226225664,1692253961420,1692253961424,1693226225673,9,4,5
17995,1693226225673,1692253961428,1692253961431,1693226225680,7,3,4
17996,1693226225680,1692253961435,1692253961438,1693226225687,7,3,4
17997,1693226225687,1692253961443,1692253961446,1693226225695,8,3,5
17998,1693226225695,1692253961450,1692253961453,1693226225702,7,3,4
17999,1693226225702,1692253961461,1692253961464,1693226225713,11,3,8
18000,1693226225713,1692253961474,1692253961476,1693226225726,13,2,11
18001,1693226225726,1692253961482,1692253961486,1693226225735,9,4,5
18002,1693226225735,1692253961490,1692253961493,1693226225742,7,3,4
18003,1693226225742,1692253961498,1692253961501,1693226225750,8,3,5
18004,1693226225750,1692253961506,1692253961509,1693226225758,8,3,5
18005,1693226225758,1692253961514,1692253961517,1693226225766,8,3,5
18006,1693226225766,1692253961522,1692253961525,1693226225774,8,3,5
18007,1693226225774,1692253961530,1692253961532,1693226225781,7,2,5
18008,1693226225781,1692253961537,1692253961540,1693226225789,8,3,5
18009,1693226225789,1692253961546,1692253961549,1693226225798,9,3,6
18010,1693226225798,1692253961554,1692253961557,1693226225807,9,3,6
18011,1693226225807,1692253961562,1692253961566,1693226225814,7,4,3
18012,1693226225814,1692253961570,1692253961573,1693226225821,7,3,4
18013,1693226225821,1692253961577,1692253961580,1693226225829,8,3,5
18014,1693226225829,1692253961585,1692253961588,1693226225836,7,3,4
18015,1693226225836,1692253961592,1692253961594,1693226225843,7,2,5
18016,1693226225843,1692253961599,1692253961602,1693226225850,7,3,4
18017,1693226225850,1692253961607,1692253961610,1693226225859,9,3,6
18018,1693226225859,1692253961615,1692253961619,1693226225867,8,4,4
18019,1693226225867,1692253961623,1692253961626,1693226225875,8,3,5
18020,1693226225875,1692253961631,1692253961634,1693226225883,8,3,5
18021,1693226225883,1692253961638,1692253961642,1693226225891,8,4,4
18022,1693226225891,1692253961647,1692253961650,1693226225899,8,3,5
18023,1693226225899,1692253961655,1692253961660,1693226225909,10,5,5
18024,1693226225909,1692253961665,1692253961668,1693226225917,8,3,5
18025,1693226225917,1692253961673,1692253961675,1693226225924,7,2,5
18026,1693226225924,1692253961679,1692253961682,1693226225931,7,3,4
18027,1693226225931,1692253961687,1692253961689,1693226225938,7,2,5
18028,1693226225938,1692253961693,1692253961697,1693226225945,7,4,3
18029,1693226225945,1692253961701,1692253961705,1693226225954,9,4,5
18030,1693226225954,1692253961709,1692253961712,1693226225962,8,3,5
18031,1693226225962,1692253961718,1692253961721,1693226225970,8,3,5
18032,1693226225970,1692253961725,1692253961728,1693226225976,6,3,3
18033,1693226225976,1692253961732,1692253961735,1693226225984,8,3,5
18034,1693226225984,1692253961739,1692253961742,1693226225991,7,3,4
18035,1693226225991,1692253961747,1692253961750,1693226226000,9,3,6
18036,1693226226000,1692253961756,1692253961759,1693226226008,8,3,5
18037,1693226226008,1692253961763,1692253961768,1693226226018,10,5,5
18038,1693226226018,1692253961774,1692253961777,1693226226026,8,3,5
18039,1693226226026,1692253961782,1692253961785,1693226226033,7,3,4
18040,1693226226033,1692253961789,1692253961793,1693226226042,9,4,5
18041,1693226226042,1692253961799,1692253961802,1693226226050,8,3,5
18042,1693226226051,1692253961806,1692253961809,1693226226058,7,3,4
18043,1693226226058,1692253961813,1692253961817,1693226226066,8,4,4
18044,1693226226066,1692253961822,1692253961825,1693226226074,8,3,5
18045,1693226226074,1692253961830,1692253961833,1693226226082,8,3,5
18046,1693226226082,1692253961837,1692253961841,1693226226090,8,4,4
18047,1693226226090,1692253961846,1692253961850,1693226226099,9,4,5
18048,1693226226099,1692253961856,1692253961860,1693226226109,10,4,6
18049,1693226226109,1692253961865,1692253961869,1693226226118,9,4,5
18050,1693226226118,1692253961873,1692253961877,1693226226126,8,4,4
18051,1693226226126,1692253961882,1692253961885,1693226226134,8,3,5
18052,1693226226134,1692253961889,1692253961893,1693226226141,7,4,3
18053,1693226226141,1692253961897,1692253961901,1693226226150,9,4,5
18054,1693226226150,1692253961905,1692253961909,1693226226158,8,4,4
18055,1693226226158,1692253961914,1692253961917,1693226226166,8,3,5
18056,1693226226166,1692253961921,1692253961924,1693226226173,7,3,4
18057,1693226226173,1692253961929,1692253961932,1693226226181,8,3,5
18058,1693226226181,1692253961936,1692253961939,1693226226188,7,3,4
18059,1693226226188,1692253961944,1692253961948,1693226226196,8,4,4
18060,1693226226197,1692253961952,1692253961955,1693226226205,8,3,5
18061,1693226226205,1692253961960,1692253961964,1693226226212,7,4,3
18062,1693226226212,1692253961968,1692253961971,1693226226220,8,3,5
18063,1693226226220,1692253961976,1692253961978,1693226226227,7,2,5
18064,1693226226227,1692253961983,1692253961985,1693226226234,7,2,5
18065,1693226226234,1692253961990,1692253961993,1693226226242,8,3,5
18066,1693226226242,1692253961998,1692253962001,1693226226250,8,3,5
18067,1693226226250,1692253962005,1692253962008,1693226226257,7,3,4
18068,1693226226257,1692253962012,1692253962015,1693226226264,7,3,4
18069,1693226226264,1692253962019,1692253962023,1693226226272,8,4,4
18070,1693226226272,1692253962030,1692253962033,1693226226282,10,3,7
18071,1693226226282,1692253962041,1692253962045,1693226226294,12,4,8
18072,1693226226294,1692253962050,1692253962052,1693226226301,7,2,5
18073,1693226226301,1692253962056,1692253962059,1693226226308,7,3,4
18074,1693226226308,1692253962063,1692253962068,1693226226317,9,5,4
18075,1693226226317,1692253962073,1692253962076,1693226226325,8,3,5
18076,1693226226325,1692253962081,1692253962084,1693226226333,8,3,5
18077,1693226226333,1692253962089,1692253962092,1693226226340,7,3,4
18078,1693226226340,1692253962095,1692253962099,1693226226347,7,4,3
18079,1693226226347,1692253962103,1692253962106,1693226226355,8,3,5
18080,1693226226355,1692253962110,1692253962114,1693226226362,7,4,3
18081,1693226226362,1692253962118,1692253962122,1693226226370,8,4,4
18082,1693226226370,1692253962126,1692253962129,1693226226377,7,3,4
18083,1693226226377,1692253962132,1692253962135,1693226226384,7,3,4
18084,1693226226384,1692253962140,1692253962143,1693226226391,7,3,4
18085,1693226226391,1692253962147,1692253962150,1693226226398,7,3,4
18086,1693226226398,1692253962154,1692253962156,1693226226405,7,2,5
18087,1693226226405,1692253962163,1692253962167,1693226226415,10,4,6
18088,1693226226416,1692253962171,1692253962174,1693226226422,6,3,3
18089,1693226226422,1692253962178,1692253962181,1693226226430,8,3,5
18090,1693226226430,1692253962185,1692253962188,1693226226437,7,3,4
18091,1693226226437,1692253962193,1692253962196,1693226226445,8,3,5
18092,1693226226445,1692253962201,1692253962204,1693226226453,8,3,5
18093,1693226226453,1692253962209,1692253962213,1693226226461,8,4,4
18094,1693226226461,1692253962217,1692253962220,1693226226469,8,3,5
18095,1693226226469,1692253962224,1692253962227,1693226226476,7,3,4
18096,1693226226476,1692253962232,1692253962235,1693226226484,8,3,5
18097,1693226226484,1692253962239,1692253962242,1693226226491,7,3,4
18098,1693226226491,1692253962247,1692253962250,1693226226499,8,3,5
18099,1693226226499,1692253962255,1692253962258,1693226226507,8,3,5
18100,1693226226507,1692253962262,1692253962266,1693226226514,7,4,3
18101,1693226226514,1692253962270,1692253962272,1693226226521,7,2,5
18102,1693226226521,1692253962277,1692253962279,1693226226528,7,2,5
18103,1693226226528,1692253962284,1692253962287,1693226226536,8,3,5
18104,1693226226536,1692253962292,1692253962295,1693226226543,7,3,4
18105,1693226226543,1692253962299,1692253962302,1693226226551,8,3,5
18106,1693226226551,1692253962307,1692253962310,1693226226559,8,3,5
18107,1693226226559,1692253962315,1692253962318,1693226226567,8,3,5
18108,1693226226567,1692253962323,1692253962325,1693226226574,7,2,5
18109,1693226226574,1692253962331,1692253962334,1693226226583,9,3,6
18110,1693226226583,1692253962339,1692253962342,1693226226591,8,3,5
18111,1693226226591,1692253962346,1692253962351,1693226226599,8,5,3
18112,1693226226599,1692253962355,1692253962358,1693226226607,8,3,5
18113,1693226226607,1692253962363,1692253962366,1693226226616,9,3,6
18114,1693226226616,1692253962372,1692253962375,1693226226624,8,3,5
18115,1693226226624,1692253962382,1692253962388,1693226226637,13,6,7
18116,1693226226637,1692253962392,1692253962395,1693226226644,7,3,4
18117,1693226226644,1692253962399,1692253962402,1693226226651,7,3,4
18118,1693226226651,1692253962407,1692253962409,1693226226658,7,2,5
18119,1693226226658,1692253962414,1692253962417,1693226226665,7,3,4
18120,1693226226665,1692253962421,1692253962423,1693226226672,7,2,5
18121,1693226226672,1692253962427,1692253962430,1693226226679,7,3,4
18122,1693226226679,1692253962434,1692253962438,1693226226687,8,4,4
18123,1693226226687,1692253962442,1692253962445,1693226226694,7,3,4
18124,1693226226694,1692253962450,1692253962453,1693226226702,8,3,5
18125,1693226226702,1692253962458,1692253962460,1693226226709,7,2,5
18126,1693226226709,1692253962464,1692253962467,1693226226717,8,3,5
18127,1693226226717,1692253962473,1692253962476,1693226226725,8,3,5
18128,1693226226725,1692253962481,1692253962485,1693226226733,8,4,4
18129,1693226226733,1692253962489,1692253962492,1693226226741,8,3,5
18130,1693226226741,1692253962497,1692253962500,1693226226748,7,3,4
18131,1693226226748,1692253962504,1692253962507,1693226226756,8,3,5
18132,1693226226756,1692253962512,1692253962515,1693226226763,7,3,4
18133,1693226226763,1692253962519,1692253962522,1693226226771,8,3,5
18134,1693226226771,1692253962527,1692253962530,1693226226779,8,3,5
18135,1693226226779,1692253962535,1692253962539,1693226226788,9,4,5
18136,1693226226788,1692253962544,1692253962547,1693226226796,8,3,5
18137,1693226226796,1692253962551,1692253962554,1693226226803,7,3,4
18138,1693226226803,1692253962559,1692253962562,1693226226811,8,3,5
18139,1693226226811,1692253962566,1692253962569,1693226226819,8,3,5
18140,1693226226820,1692253962575,1692253962578,1693226226827,7,3,4
18141,1693226226827,1692253962583,1692253962586,1693226226835,8,3,5
18142,1693226226835,1692253962590,1692253962594,1693226226842,7,4,3
18143,1693226226842,1692253962598,1692253962601,1693226226852,10,3,7
18144,1693226226852,1692253962607,1692253962611,1693226226859,7,4,3
18145,1693226226860,1692253962616,1692253962620,1693226226869,9,4,5
18146,1693226226869,1692253962624,1692253962627,1693226226876,7,3,4
18147,1693226226876,1692253962631,1692253962636,1693226226885,9,5,4
18148,1693226226885,1692253962640,1692253962643,1693226226892,7,3,4
18149,1693226226892,1692253962648,1692253962651,1693226226900,8,3,5
18150,1693226226900,1692253962655,1692253962659,1693226226907,7,4,3
18151,1693226226908,1692253962663,1692253962667,1693226226916,8,4,4
18152,1693226226916,1692253962671,1692253962675,1693226226924,8,4,4
18153,1693226226924,1692253962679,1692253962682,1693226226931,7,3,4
18154,1693226226931,1692253962687,1692253962690,1693226226938,7,3,4
18155,1693226226938,1692253962694,1692253962698,1693226226947,9,4,5
18156,1693226226947,1692253962703,1692253962707,1693226226955,8,4,4
18157,1693226226955,1692253962711,1692253962715,1693226226963,8,4,4
18158,1693226226964,1692253962719,1692253962722,1693226226970,6,3,3
18159,1693226226971,1692253962726,1692253962729,1693226226978,7,3,4
18160,1693226226978,1692253962734,1692253962738,1693226226986,8,4,4
18161,1693226226986,1692253962742,1692253962745,1693226226994,8,3,5
18162,1693226226994,1692253962749,1692253962753,1693226227002,8,4,4
18163,1693226227002,1692253962758,1692253962760,1693226227009,7,2,5
18164,1693226227009,1692253962765,1692253962768,1693226227017,8,3,5
18165,1693226227017,1692253962772,1692253962776,1693226227025,8,4,4
18166,1693226227025,1692253962781,1692253962783,1693226227032,7,2,5
18167,1693226227032,1692253962789,1692253962792,1693226227041,9,3,6
18168,1693226227041,1692253962796,1692253962799,1693226227048,7,3,4
18169,1693226227048,1692253962804,1692253962807,1693226227056,8,3,5
18170,1693226227056,1692253962812,1692253962815,1693226227064,8,3,5
18171,1693226227064,1692253962820,1692253962823,1693226227071,7,3,4
18172,1693226227072,1692253962827,1692253962831,1693226227080,8,4,4
18173,1693226227080,1692253962835,1692253962839,1693226227088,8,4,4
18174,1693226227088,1692253962844,1692253962847,1693226227096,8,3,5
18175,1693226227096,1692253962852,1692253962856,1693226227104,8,4,4
18176,1693226227104,1692253962860,1692253962863,1693226227112,8,3,5
18177,1693226227112,1692253962868,1692253962871,1693226227119,7,3,4
18178,1693226227119,1692253962875,1692253962878,1693226227127,8,3,5
18179,1693226227127,1692253962882,1692253962885,1693226227134,7,3,4
18180,1693226227134,1692253962889,1692253962893,1693226227141,7,4,3
18181,1693226227141,1692253962897,1692253962900,1693226227149,8,3,5
18182,1693226227149,1692253962904,1692253962907,1693226227156,7,3,4
18183,1693226227156,1692253962912,1692253962914,1693226227163,7,2,5
18184,1693226227163,1692253962918,1692253962923,1693226227171,8,5,3
18185,1693226227171,1692253962927,1692253962930,1693226227178,7,3,4
18186,1693226227178,1692253962933,1692253962936,1693226227185,7,3,4
18187,1693226227185,1692253962941,1692253962945,1693226227194,9,4,5
18188,1693226227194,1692253962950,1692253962953,1693226227202,8,3,5
18189,1693226227202,1692253962957,1692253962960,1693226227209,7,3,4
18190,1693226227209,1692253962964,1692253962968,1693226227216,7,4,3
18191,1693226227216,1692253962972,1692253962975,1693226227224,8,3,5
18192,1693226227224,1692253962980,1692253962983,1693226227232,8,3,5
18193,1693226227232,1692253962988,1692253962991,1693226227240,8,3,5
18194,1693226227240,1692253962995,1692253962998,1693226227246,6,3,3
18195,1693226227246,1692253963002,1692253963005,1693226227254,8,3,5
18196,1693226227254,1692253963009,1692253963012,1693226227261,7,3,4
18197,1693226227261,1692253963017,1692253963020,1693226227269,8,3,5
18198,1693226227269,1692253963025,1692253963028,1693226227277,8,3,5
18199,1693226227277,1692253963033,1692253963036,1693226227285,8,3,5
18200,1693226227285,1692253963040,1692253963043,1693226227292,7,3,4
18201,1693226227292,1692253963048,1692253963050,1693226227299,7,2,5
18202,1693226227299,1692253963054,1692253963057,1693226227306,7,3,4
18203,1693226227306,1692253963062,1692253963065,1693226227314,8,3,5
18204,1693226227314,1692253963070,1692253963074,1693226227322,8,4,4
18205,1693226227322,1692253963077,1692253963081,1693226227331,9,4,5
18206,1693226227331,1692253963086,1692253963089,1693226227338,7,3,4
18207,1693226227338,1692253963094,1692253963097,1693226227345,7,3,4
18208,1693226227345,1692253963101,1692253963103,1693226227352,7,2,5
18209,1693226227352,1692253963108,1692253963111,1693226227360,8,3,5
18210,1693226227360,1692253963115,1692253963119,1693226227367,7,4,3
18211,1693226227368,1692253963123,1692253963125,1693226227374,6,2,4
18212,1693226227374,1692253963130,1692253963133,1693226227382,8,3,5
18213,1693226227382,1692253963138,1692253963142,1693226227391,9,4,5
18214,1693226227391,1692253963147,1692253963150,1693226227399,8,3,5
18215,1693226227399,1692253963154,1692253963158,1693226227407,8,4,4
18216,1693226227407,1692253963162,1692253963166,1693226227414,7,4,3
18217,1693226227414,1692253963170,1692253963174,1693226227423,9,4,5
18218,1693226227423,1692253963179,1692253963182,1693226227434,11,3,8
18219,1693226227434,1692253963195,1692253963198,1693226227447,13,3,10
18220,1693226227447,1692253963204,1692253963207,1693226227456,9,3,6
18221,1693226227456,1692253963211,1692253963215,1693226227464,8,4,4
18222,1693226227464,1692253963219,1692253963222,1693226227471,7,3,4
18223,1693226227471,1692253963227,1692253963229,1693226227478,7,2,5
18224,1693226227478,1692253963233,1692253963236,1693226227484,6,3,3
18225,1693226227484,1692253963240,1692253963243,1693226227491,7,3,4
18226,1693226227491,1692253963247,1692253963250,1693226227498,7,3,4
18227,1693226227498,1692253963254,1692253963257,1693226227506,8,3,5
18228,1693226227506,1692253963262,1692253963265,1693226227514,8,3,5
18229,1693226227514,1692253963269,1692253963272,1693226227521,7,3,4
18230,1693226227521,1692253963276,1692253963280,1693226227529,8,4,4
18231,1693226227529,1692253963284,1692253963287,1693226227536,7,3,4
18232,1693226227536,1692253963292,1692253963295,1693226227544,8,3,5
18233,1693226227544,1692253963299,1692253963302,1693226227551,7,3,4
18234,1693226227551,1692253963307,1692253963310,1693226227559,8,3,5
18235,1693226227559,1692253963315,1692253963318,1693226227567,8,3,5
18236,1693226227567,1692253963322,1692253963325,1693226227573,6,3,3
18237,1693226227573,1692253963330,1692253963333,1693226227581,8,3,5
18238,1693226227581,1692253963337,1692253963340,1693226227589,8,3,5
18239,1693226227589,1692253963345,1692253963347,1693226227596,7,2,5
18240,1693226227596,1692253963352,1692253963354,1693226227603,7,2,5
18241,1693226227603,1692253963361,1692253963364,1693226227613,10,3,7
18242,1693226227613,1692253963368,1692253963371,1693226227620,7,3,4
18243,1693226227620,1692253963376,1692253963378,1693226227627,7,2,5
18244,1693226227627,1692253963383,1692253963386,1693226227635,8,3,5
18245,1693226227635,1692253963392,1692253963396,1693226227645,10,4,6
18246,1693226227645,1692253963401,1692253963404,1693226227654,9,3,6
18247,1693226227654,1692253963410,1692253963413,1693226227661,7,3,4
18248,1693226227661,1692253963418,1692253963421,1693226227671,10,3,7
18249,1693226227671,1692253963427,1692253963429,1693226227678,7,2,5
18250,1693226227678,1692253963433,1692253963437,1693226227685,7,4,3
18251,1693226227685,1692253963441,1692253963445,1693226227693,8,4,4
18252,1693226227693,1692253963449,1692253963452,1693226227702,9,3,6
18253,1693226227702,1692253963458,1692253963461,1693226227714,12,3,9
18254,1693226227714,1692253963470,1692253963474,1693226227722,8,4,4
18255,1693226227722,1692253963478,1692253963481,1693226227730,8,3,5
18256,1693226227730,1692253963486,1692253963490,1693226227741,11,4,7
18257,1693226227741,1692253963496,1692253963500,1693226227748,7,4,3
18258,1693226227748,1692253963504,1692253963508,1693226227757,9,4,5
18259,1693226227757,1692253963512,1692253963515,1693226227764,7,3,4
18260,1693226227764,1692253963519,1692253963522,1693226227771,7,3,4
18261,1693226227771,1692253963527,1692253963530,1693226227778,7,3,4
18262,1693226227778,1692253963538,1692253963541,1693226227789,11,3,8
18263,1693226227789,1692253963544,1692253963547,1693226227796,7,3,4
18264,1693226227796,1692253963552,1692253963555,1693226227804,8,3,5
18265,1693226227804,1692253963560,1692253963562,1693226227811,7,2,5
18266,1693226227811,1692253963567,1692253963570,1693226227818,7,3,4
18267,1693226227818,1692253963574,1692253963579,1693226227827,9,5,4
18268,1693226227827,1692253963582,1692253963585,1693226227834,7,3,4
18269,1693226227834,1692253963590,1692253963593,1693226227843,9,3,6
18270,1693226227843,1692253963599,1692253963603,1693226227851,8,4,4
18271,1693226227852,1692253963607,1692253963610,1693226227860,8,3,5
18272,1693226227860,1692253963615,1692253963619,1693226227868,8,4,4
18273,1693226227868,1692253963623,1692253963626,1693226227875,7,3,4
18274,1693226227875,1692253963631,1692253963635,1693226227883,8,4,4
18275,1693226227883,1692253963639,1692253963642,1693226227891,8,3,5
18276,1693226227891,1692253963646,1692253963650,1693226227898,7,4,3
18277,1693226227898,1692253963654,1692253963657,1693226227905,7,3,4
18278,1693226227905,1692253963661,1692253963665,1693226227914,9,4,5
18279,1693226227914,1692253963670,1692253963672,1693226227921,7,2,5
18280,1693226227921,1692253963677,1692253963680,1693226227929,8,3,5
18281,1693226227929,1692253963684,1692253963687,1693226227936,7,3,4
18282,1693226227936,1692253963693,1692253963696,1693226227946,10,3,7
18283,1693226227946,1692253963702,1692253963706,1693226227955,9,4,5
18284,1693226227955,1692253963710,1692253963713,1693226227962,7,3,4
18285,1693226227962,1692253963718,1692253963721,1693226227970,8,3,5
18286,1693226227970,1692253963726,1692253963729,1693226227978,8,3,5
18287,1693226227978,1692253963734,1692253963737,1693226227986,8,3,5
18288,1693226227986,1692253963742,1692253963744,1693226227993,7,2,5
18289,1693226227993,1692253963748,1692253963752,1693226228000,7,4,3
18290,1693226228000,1692253963756,1692253963760,1693226228008,8,4,4
18291,1693226228008,1692253963765,1692253963768,1693226228016,8,3,5
18292,1693226228016,1692253963771,1692253963774,1693226228023,7,3,4
18293,1693226228023,1692253963778,1692253963781,1693226228031,8,3,5
18294,1693226228031,1692253963787,1692253963792,1693226228040,9,5,4
18295,1693226228040,1692253963796,1692253963799,1693226228048,8,3,5
18296,1693226228048,1692253963806,1692253963809,1693226228058,10,3,7
18297,1693226228058,1692253963813,1692253963816,1693226228065,7,3,4
18298,1693226228065,1692253963820,1692253963823,1693226228072,7,3,4
18299,1693226228072,1692253963827,1692253963830,1693226228079,7,3,4
18300,1693226228079,1692253963834,1692253963837,1693226228086,7,3,4
18301,1693226228086,1692253963842,1692253963845,1693226228094,8,3,5
18302,1693226228094,1692253963850,1692253963853,1693226228101,7,3,4
18303,1693226228101,1692253963857,1692253963860,1693226228109,8,3,5
18304,1693226228109,1692253963866,1692253963868,1693226228117,8,2,6
18305,1693226228117,1692253963874,1692253963877,1693226228126,9,3,6
18306,1693226228126,1692253963882,1692253963885,1693226228134,8,3,5
18307,1693226228134,1692253963889,1692253963892,1693226228141,7,3,4
18308,1693226228141,1692253963896,1692253963899,1693226228148,7,3,4
18309,1693226228148,1692253963904,1692253963908,1693226228160,12,4,8
18310,1693226228160,1692253963915,1692253963919,1693226228168,8,4,4
18311,1693226228168,1692253963924,1692253963927,1693226228176,8,3,5
18312,1693226228176,1692253963932,1692253963935,1693226228184,8,3,5
18313,1693226228184,1692253963939,1692253963943,1693226228191,7,4,3
18314,1693226228191,1692253963947,1692253963951,1693226228200,9,4,5
18315,1693226228200,1692253963956,1692253963959,1693226228208,8,3,5
18316,1693226228208,1692253963964,1692253963967,1693226228216,8,3,5
18317,1693226228216,1692253963974,1692253963977,1693226228225,9,3,6
18318,1693226228225,1692253963981,1692253963984,1693226228232,7,3,4
18319,1693226228232,1692253963988,1692253963992,1693226228241,9,4,5
18320,1693226228241,1692253963997,1692253964000,1693226228248,7,3,4
18321,1693226228248,1692253964007,1692253964010,1693226228259,11,3,8
18322,1693226228259,1692253964015,1692253964018,1693226228271,12,3,9
18323,1693226228271,1692253964027,1692253964031,1693226228280,9,4,5
18324,1693226228280,1692253964038,1692253964042,1693226228291,11,4,7
18325,1693226228291,1692253964047,1692253964050,1693226228299,8,3,5
18326,1693226228299,1692253964055,1692253964058,1693226228306,7,3,4
18327,1693226228306,1692253964064,1692253964067,1693226228316,10,3,7
18328,1693226228316,1692253964071,1692253964075,1693226228324,8,4,4
18329,1693226228324,1692253964079,1692253964082,1693226228331,7,3,4
18330,1693226228331,1692253964086,1692253964090,1693226228339,8,4,4
18331,1693226228339,1692253964094,1692253964099,1693226228348,9,5,4
18332,1693226228348,1692253964105,1692253964108,1693226228357,9,3,6
18333,1693226228357,1692253964112,1692253964116,1693226228365,8,4,4
18334,1693226228365,1692253964120,1692253964123,1693226228372,7,3,4
18335,1693226228372,1692253964128,1692253964131,1693226228380,8,3,5
18336,1693226228380,1692253964136,1692253964139,1693226228388,8,3,5
18337,1693226228388,1692253964144,1692253964148,1693226228397,9,4,5
18338,1693226228397,1692253964152,1692253964156,1693226228404,7,4,3
18339,1693226228404,1692253964160,1692253964164,1693226228413,9,4,5
18340,1693226228413,1692253964168,1692253964171,1693226228420,7,3,4
18341,1693226228420,1692253964183,1692253964186,1693226228450,30,3,27
18342,1693226228450,1692253964206,1692253964209,1693226228458,8,3,5
18343,1693226228458,1692253964214,1692253964217,1693226228466,8,3,5
18344,1693226228466,1692253964221,1692253964225,1693226228474,8,4,4
18345,1693226228474,1692253964230,1692253964233,1693226228482,8,3,5
18346,1693226228482,1692253964238,1692253964241,1693226228489,7,3,4
18347,1693226228489,1692253964245,1692253964248,1693226228497,8,3,5
18348,1693226228497,1692253964253,1692253964256,1693226228504,7,3,4
18349,1693226228504,1692253964260,1692253964264,1693226228513,9,4,5
18350,1693226228513,1692253964268,1692253964272,1693226228521,8,4,4
18351,1693226228521,1692253964280,1692253964283,1693226228531,10,3,7
18352,1693226228531,1692253964288,1692253964291,1693226228539,8,3,5
18353,1693226228539,1692253964295,1692253964298,1693226228547,8,3,5
18354,1693226228547,1692253964303,1692253964306,1693226228555,8,3,5
18355,1693226228555,1692253964311,1692253964314,1693226228563,8,3,5
18356,1693226228563,1692253964318,1692253964321,1693226228570,7,3,4
18357,1693226228570,1692253964325,1692253964327,1693226228577,7,2,5
18358,1693226228577,1692253964332,1692253964337,1693226228585,8,5,3
18359,1693226228586,1692253964341,1692253964345,1693226228594,8,4,4
18360,1693226228594,1692253964349,1692253964352,1693226228601,7,3,4
18361,1693226228601,1692253964357,1692253964360,1693226228609,8,3,5
18362,1693226228609,1692253964365,1692253964368,1693226228617,8,3,5
18363,1693226228617,1692253964373,1692253964377,1693226228626,9,4,5
18364,1693226228626,1692253964381,1692253964384,1693226228633,7,3,4
18365,1693226228633,1692253964388,1692253964392,1693226228641,8,4,4
18366,1693226228641,1692253964397,1692253964400,1693226228649,8,3,5
18367,1693226228649,1692253964405,1692253964410,1693226228659,10,5,5
18368,1693226228659,1692253964416,1692253964419,1693226228668,9,3,6
18369,1693226228668,1692253964426,1692253964429,1693226228678,10,3,7
18370,1693226228678,1692253964433,1692253964436,1693226228685,7,3,4
18371,1693226228685,1692253964441,1692253964444,1693226228693,8,3,5
18372,1693226228693,1692253964448,1692253964452,1693226228700,7,4,3
18373,1693226228700,1692253964456,1692253964460,1693226228709,9,4,5
18374,1693226228709,1692253964464,1692253964467,1693226228716,7,3,4
18375,1693226228716,1692253964475,1692253964478,1693226228727,11,3,8
18376,1693226228727,1692253964482,1692253964485,1693226228734,7,3,4
18377,1693226228734,1692253964489,1692253964492,1693226228741,7,3,4
18378,1693226228741,1692253964497,1692253964500,1693226228749,8,3,5
18379,1693226228749,1692253964505,1692253964508,1693226228757,8,3,5
18380,1693226228757,1692253964512,1692253964515,1693226228765,8,3,5
18381,1693226228765,1692253964521,1692253964525,1693226228773,8,4,4
18382,1693226228773,1692253964529,1692253964532,1693226228781,8,3,5
18383,1693226228781,1692253964537,1692253964541,1693226228789,8,4,4
18384,1693226228789,1692253964544,1692253964547,1693226228797,8,3,5
18385,1693226228797,1692253964552,1692253964555,1693226228804,7,3,4
18386,1693226228804,1692253964560,1692253964563,1693226228812,8,3,5
18387,1693226228812,1692253964568,1692253964571,1693226228819,7,3,4
18388,1693226228819,1692253964575,1692253964577,1693226228826,7,2,5
18389,1693226228826,1692253964582,1692253964585,1693226228834,8,3,5
18390,1693226228834,1692253964590,1692253964594,1693226228842,8,4,4
18391,1693226228842,1692253964598,1692253964601,1693226228850,8,3,5
18392,1693226228850,1692253964606,1692253964609,1693226228857,7,3,4
18393,1693226228857,1692253964612,1692253964616,1693226228865,8,4,4
18394,1693226228865,1692253964621,1692253964624,1693226228873,8,3,5
18395,1693226228873,1692253964628,1692253964631,1693226228880,7,3,4
18396,1693226228880,1692253964636,1692253964639,1693226228888,8,3,5
18397,1693226228888,1692253964644,1692253964647,1693226228896,8,3,5
18398,1693226228896,1692253964652,1692253964655,1693226228904,8,3,5
18399,1693226228904,1692253964660,1692253964663,1693226228912,8,3,5
18400,1693226228912,1692253964668,1692253964671,1693226228920,8,3,5
18401,1693226228920,1692253964676,1692253964679,1693226228928,8,3,5
18402,1693226228928,1692253964684,1692253964688,1693226228936,8,4,4
18403,1693226228936,1692253964691,1692253964695,1693226228943,7,4,3
18404,1693226228943,1692253964699,1692253964704,1693226228953,10,5,5
18405,1693226228953,1692253964709,1692253964712,1693226228960,7,3,4
18406,1693226228960,1692253964716,1692253964719,1693226228970,10,3,7
18407,1693226228970,1692253964726,1692253964729,1693226228978,8,3,5
18408,1693226228978,1692253964733,1692253964735,1693226228984,6,2,4
18409,1693226228984,1692253964740,1692253964743,1693226228991,7,3,4
18410,1693226228991,1692253964747,1692253964750,1693226228999,8,3,5
18411,1693226228999,1692253964755,1692253964758,1693226229006,7,3,4
18412,1693226229006,1692253964762,1692253964765,1693226229014,8,3,5
18413,1693226229014,1692253964770,1692253964773,1693226229021,7,3,4
18414,1693226229021,1692253964776,1692253964780,1693226229029,8,4,4
18415,1693226229029,1692253964785,1692253964788,1693226229037,8,3,5
18416,1693226229037,1692253964795,1692253964799,1693226229051,14,4,10
18417,1693226229051,1692253964834,1692253964838,1693226229087,36,4,32
18418,1693226229087,1692253964843,1692253964848,1693226229096,9,5,4
18419,1693226229096,1692253964853,1692253964857,1693226229106,10,4,6
18420,1693226229106,1692253964862,1692253964865,1693226229114,8,3,5
18421,1693226229114,1692253964870,1692253964873,1693226229122,8,3,5
18422,1693226229122,1692253964878,1692253964882,1693226229131,9,4,5
18423,1693226229131,1692253964887,1692253964891,1693226229140,9,4,5
18424,1693226229140,1692253964895,1692253964899,1693226229148,8,4,4
18425,1693226229148,1692253964905,1692253964908,1693226229157,9,3,6
18426,1693226229157,1692253964913,1692253964916,1693226229165,8,3,5
18427,1693226229165,1692253964921,1692253964924,1693226229174,9,3,6
18428,1693226229174,1692253964930,1692253964933,1693226229182,8,3,5
18429,1693226229182,1692253964938,1692253964943,1693226229192,10,5,5
18430,1693226229192,1692253964948,1692253964951,1693226229200,8,3,5
18431,1693226229200,1692253964957,1692253964960,1693226229208,8,3,5
18432,1693226229208,1692253964964,1692253964968,1693226229217,9,4,5
18433,1693226229217,1692253964973,1692253964976,1693226229225,8,3,5
18434,1693226229225,1692253964981,1692253964984,1693226229233,8,3,5
18435,1693226229233,1692253964989,1692253964991,1693226229254,21,2,19
18436,1693226229254,1692253965019,1692253965023,1693226229272,18,4,14
18437,1693226229272,1692253965028,1692253965031,1693226229280,8,3,5
18438,1693226229280,1692253965038,1692253965041,1693226229290,10,3,7
18439,1693226229290,1692253965047,1692253965050,1693226229298,8,3,5
18440,1693226229298,1692253965054,1692253965058,1693226229307,9,4,5
18441,1693226229307,1692253965066,1692253965069,1693226229318,11,3,8
18442,1693226229318,1692253965074,1692253965077,1693226229326,8,3,5
18443,1693226229326,1692253965082,1692253965086,1693226229334,8,4,4
18444,1693226229334,1692253965090,1692253965093,1693226229342,8,3,5
18445,1693226229342,1692253965098,1692253965102,1693226229351,9,4,5
18446,1693226229351,1692253965107,1692253965109,1693226229358,7,2,5
18447,1693226229358,1692253965114,1692253965116,1693226229365,7,2,5
18448,1693226229365,1692253965121,1692253965123,1693226229372,7,2,5
18449,1693226229372,1692253965127,1692253965130,1693226229379,7,3,4
18450,1693226229379,1692253965135,1692253965137,1693226229386,7,2,5
18451,1693226229386,1692253965142,1692253965145,1693226229394,8,3,5
18452,1693226229394,1692253965150,1692253965154,1693226229402,8,4,4
18453,1693226229402,1692253965158,1692253965162,1693226229411,9,4,5
18454,1693226229411,1692253965166,1692253965169,1693226229417,6,3,3
18455,1693226229417,1692253965174,1692253965177,1693226229426,9,3,6
18456,1693226229426,1692253965181,1692253965184,1693226229433,7,3,4
18457,1693226229433,1692253965189,1692253965192,1693226229440,7,3,4
18458,1693226229440,1692253965196,1692253965199,1693226229448,8,3,5
18459,1693226229448,1692253965203,1692253965206,1693226229455,7,3,4
18460,1693226229455,1692253965210,1692253965213,1693226229462,7,3,4
18461,1693226229462,1692253965219,1692253965223,1693226229471,9,4,5
18462,1693226229471,1692253965227,1692253965230,1693226229479,8,3,5
18463,1693226229479,1692253965236,1692253965239,1693226229488,9,3,6
18464,1693226229488,1692253965243,1692253965247,1693226229495,7,4,3
18465,1693226229495,1692253965252,1692253965255,1693226229504,9,3,6
18466,1693226229504,1692253965260,1692253965264,1693226229513,9,4,5
18467,1693226229513,1692253965268,1692253965272,1693226229521,8,4,4
18468,1693226229521,1692253965276,1692253965280,1693226229529,8,4,4
18469,1693226229529,1692253965285,1692253965288,1693226229536,7,3,4
18470,1693226229536,1692253965292,1692253965295,1693226229544,8,3,5
18471,1693226229544,1692253965304,1692253965307,1693226229556,12,3,9
18472,1693226229556,1692253965312,1692253965315,1693226229564,8,3,5
18473,1693226229564,1692253965320,1692253965323,1693226229572,8,3,5
18474,1693226229572,1692253965328,1692253965331,1693226229580,8,3,5
18475,1693226229580,1692253965337,1692253965341,1693226229589,9,4,5
18476,1693226229589,1692253965345,1692253965348,1693226229597,8,3,5
18477,1693226229597,1692253965354,1692253965360,1693226229609,12,6,6
18478,1693226229609,1692253965365,1692253965368,1693226229617,8,3,5
18479,1693226229617,1692253965373,1692253965375,1693226229624,7,2,5
18480,1693226229624,1692253965379,1692253965383,1693226229631,7,4,3
18481,1693226229631,1692253965387,1692253965390,1693226229638,7,3,4
18482,1693226229639,1692253965394,1692253965397,1693226229646,7,3,4
18483,1693226229646,1692253965403,1692253965406,1693226229655,9,3,6
18484,1693226229655,1692253965411,1692253965414,1693226229662,7,3,4
18485,1693226229662,1692253965418,1692253965422,1693226229670,8,4,4
18486,1693226229670,1692253965426,1692253965429,1693226229678,8,3,5
18487,1693226229678,1692253965434,1692253965437,1693226229689,11,3,8
18488,1693226229689,1692253965446,1692253965450,1693226229699,10,4,6
18489,1693226229699,1692253965455,1692253965457,1693226229706,7,2,5
18490,1693226229706,1692253965461,1692253965464,1693226229713,7,3,4
18491,1693226229713,1692253965468,1692253965471,1693226229720,7,3,4
18492,1693226229720,1692253965476,1692253965479,1693226229727,7,3,4
18493,1693226229727,1692253965483,1692253965486,1693226229741,14,3,11
18494,1693226229741,1692253965503,1692253965506,1693226229757,16,3,13
18495,1693226229757,1692253965513,1692253965516,1693226229765,8,3,5
18496,1693226229765,1692253965521,1692253965526,1693226229775,10,5,5
18497,1693226229775,1692253965531,1692253965534,1693226229783,8,3,5
18498,1693226229783,1692253965538,1692253965542,1693226229790,7,4,3
18499,1693226229790,1692253965546,1692253965549,1693226229798,8,3,5
18500,1693226229798,1692253965554,1692253965557,1693226229806,8,3,5
18501,1693226229806,1692253965561,1692253965565,1693226229813,7,4,3
18502,1693226229813,1692253965569,1692253965573,1693226229823,10,4,6
18503,1693226229823,1692253965582,1692253965585,1693226229834,11,3,8
18504,1693226229834,1692253965590,1692253965594,1693226229845,11,4,7
18505,1693226229845,1692253965601,1692253965604,1693226229853,8,3,5
18506,1693226229853,1692253965608,1692253965612,1693226229861,8,4,4
18507,1693226229861,1692253965617,1692253965620,1693226229869,8,3,5
18508,1693226229869,1692253965625,1692253965628,1693226229876,7,3,4
18509,1693226229876,1692253965632,1692253965636,1693226229885,9,4,5
18510,1693226229885,1692253965640,1692253965644,1693226229893,8,4,4
18511,1693226229893,1692253965649,1692253965652,1693226229901,8,3,5
18512,1693226229901,1692253965657,1692253965660,1693226229909,8,3,5
18513,1693226229909,1692253965666,1692253965670,1693226229918,9,4,5
18514,1693226229918,1692253965674,1692253965679,1693226229928,10,5,5
18515,1693226229928,1692253965683,1692253965686,1693226229954,26,3,23
18516,1693226229954,1692253965709,1692253965713,1693226229962,8,4,4
18517,1693226229962,1692253965717,1692253965720,1693226229969,7,3,4
18518,1693226229969,1692253965725,1692253965728,1693226229977,8,3,5
18519,1693226229977,1692253965733,1692253965736,1693226229984,7,3,4
18520,1693226229984,1692253965740,1692253965744,1693226229994,10,4,6
18521,1693226229994,1692253965750,1692253965752,1693226230001,7,2,5
18522,1693226230001,1692253965759,1692253965762,1693226230011,10,3,7
18523,1693226230011,1692253965767,1692253965770,1693226230019,8,3,5
18524,1693226230019,1692253965775,1692253965777,1693226230026,7,2,5
18525,1693226230026,1692253965787,1692253965791,1693226230042,16,4,12
18526,1693226230043,1692253965798,1692253965802,1693226230050,7,4,3
18527,1693226230050,1692253965806,1692253965809,1693226230058,8,3,5
18528,1693226230058,1692253965814,1692253965817,1693226230066,8,3,5
18529,1693226230066,1692253965822,1692253965825,1693226230074,8,3,5
18530,1693226230074,1692253965830,1692253965833,1693226230082,8,3,5
18531,1693226230082,1692253965837,1692253965840,1693226230089,7,3,4
18532,1693226230089,1692253965844,1692253965847,1693226230096,7,3,4
18533,1693226230096,1692253965852,1692253965855,1693226230104,8,3,5
18534,1693226230104,1692253965860,1692253965863,1693226230113,9,3,6
18535,1693226230113,1692253965869,1692253965872,1693226230120,7,3,4
18536,1693226230120,1692253965875,1692253965880,1693226230128,8,5,3
18537,1693226230128,1692253965884,1692253965887,1693226230136,8,3,5
18538,1693226230136,1692253965891,1692253965894,1693226230143,7,3,4
18539,1693226230143,1692253965899,1692253965903,1693226230151,8,4,4
18540,1693226230151,1692253965907,1692253965910,1693226230159,8,3,5
18541,1693226230159,1692253965915,1692253965918,1693226230166,7,3,4
18542,1693226230166,1692253965922,1692253965925,1693226230173,7,3,4
18543,1693226230174,1692253965929,1692253965932,1693226230181,7,3,4
18544,1693226230181,1692253965937,1692253965940,1693226230189,8,3,5
18545,1693226230189,1692253965945,1692253965948,1693226230199,10,3,7
18546,1693226230199,1692253965955,1692253965958,1693226230207,8,3,5
18547,1693226230207,1692253965963,1692253965967,1693226230216,9,4,5
18548,1693226230216,1692253965972,1692253965975,1693226230224,8,3,5
18549,1693226230224,1692253965979,1692253965982,1693226230231,7,3,4
18550,1693226230231,1692253965987,1692253965991,1693226230239,8,4,4
18551,1693226230240,1692253965995,1692253966000,1693226230249,9,5,4
18552,1693226230249,1692253966004,1692253966007,1693226230256,7,3,4
18553,1693226230256,1692253966012,1692253966015,1693226230263,7,3,4
18554,1693226230263,1692253966019,1692253966023,1693226230271,8,4,4
18555,1693226230271,1692253966027,1692253966030,1693226230279,8,3,5
18556,1693226230279,1692253966035,1692253966038,1693226230287,8,3,5
18557,1693226230287,1692253966042,1692253966045,1693226230294,7,3,4
18558,1693226230294,1692253966051,1692253966055,1693226230304,10,4,6
18559,1693226230304,1692253966060,1692253966064,1693226230312,8,4,4
18560,1693226230312,1692253966068,1692253966071,1693226230320,8,3,5
18561,1693226230320,1692253966075,1692253966078,1693226230327,7,3,4
18562,1693226230327,1692253966082,1692253966085,1693226230334,7,3,4
18563,1693226230334,1692253966089,1692253966093,1693226230341,7,4,3
18564,1693226230341,1692253966097,1692253966100,1693226230348,7,3,4
18565,1693226230348,1692253966104,1692253966108,1693226230356,8,4,4
18566,1693226230356,1692253966112,1692253966115,1693226230363,7,3,4
18567,1693226230363,1692253966119,1692253966123,1693226230372,9,4,5
18568,1693226230372,1692253966127,1692253966130,1693226230378,6,3,3
18569,1693226230378,1692253966134,1692253966137,1693226230386,8,3,5
18570,1693226230386,1692253966142,1692253966145,1693226230394,8,3,5
18571,1693226230394,1692253966149,1692253966152,1693226230403,9,3,6
18572,1693226230403,1692253966159,1692253966163,1693226230412,9,4,5
18573,1693226230412,1692253966170,1692253966174,1693226230422,10,4,6
18574,1693226230422,1692253966177,1692253966181,1693226230430,8,4,4
18575,1693226230430,1692253966186,1692253966189,1693226230438,8,3,5
18576,1693226230438,1692253966194,1692253966197,1693226230445,7,3,4
18577,1693226230445,1692253966201,1692253966204,1693226230453,8,3,5
18578,1693226230453,1692253966209,1692253966212,1693226230461,8,3,5
18579,1693226230461,1692253966217,1692253966220,1693226230469,8,3,5
18580,1693226230469,1692253966224,1692253966228,1693226230477,8,4,4
18581,1693226230477,1692253966232,1692253966236,1693226230485,8,4,4
18582,1693226230485,1692253966240,1692253966244,1693226230493,8,4,4
18583,1693226230493,1692253966248,1692253966251,1693226230500,7,3,4
18584,1693226230500,1692253966256,1692253966259,1693226230508,8,3,5
18585,1693226230508,1692253966263,1692253966266,1693226230515,7,3,4
18586,1693226230515,1692253966271,1692253966273,1693226230522,7,2,5
18587,1693226230522,1692253966278,1692253966281,1693226230530,8,3,5
18588,1693226230530,1692253966285,1692253966290,1693226230538,8,5,3
18589,1693226230538,1692253966293,1692253966296,1693226230545,7,3,4
18590,1693226230545,1692253966301,1692253966304,1693226230553,8,3,5
18591,1693226230553,1692253966309,1692253966311,1693226230560,7,2,5
18592,1693226230560,1692253966316,1692253966319,1693226230568,8,3,5
18593,1693226230568,1692253966323,1692253966326,1693226230575,7,3,4
18594,1693226230575,1692253966330,1692253966336,1693226230585,10,6,4
18595,1693226230585,1692253966341,1692253966345,1693226230594,9,4,5
18596,1693226230594,1692253966349,1692253966352,1693226230601,7,3,4
18597,1693226230601,1692253966357,1692253966360,1693226230609,8,3,5
18598,1693226230609,1692253966365,1692253966368,1693226230617,8,3,5
18599,1693226230617,1692253966374,1692253966378,1693226230627,10,4,6
18600,1693226230627,1692253966383,1692253966386,1693226230634,7,3,4
18601,1693226230634,1692253966390,1692253966394,1693226230642,8,4,4
18602,1693226230642,1692253966398,1692253966401,1693226230650,8,3,5
18603,1693226230650,1692253966406,1692253966409,1693226230658,8,3,5
18604,1693226230658,1692253966413,1692253966417,1693226230666,8,4,4
18605,1693226230666,1692253966422,1692253966425,1693226230674,8,3,5
18606,1693226230674,1692253966429,1692253966433,1693226230681,7,4,3
18607,1693226230681,1692253966437,1692253966440,1693226230688,7,3,4
18608,1693226230688,1692253966446,1692253966450,1693226230698,10,4,6
18609,1693226230698,1692253966453,1692253966457,1693226230705,7,4,3
18610,1693226230705,1692253966460,1692253966463,1693226230712,7,3,4
18611,1693226230712,1692253966468,1692253966471,1693226230719,7,3,4
18612,1693226230719,1692253966475,1692253966478,1693226230727,8,3,5
18613,1693226230727,1692253966483,1692253966487,1693226230735,8,4,4
18614,1693226230735,1692253966491,1692253966494,1693226230742,7,3,4
18615,1693226230742,1692253966498,1692253966501,1693226230750,8,3,5
18616,1693226230750,1692253966505,1692253966508,1693226230757,7,3,4
18617,1693226230757,1692253966512,1692253966515,1693226230764,7,3,4
18618,1693226230764,1692253966519,1692253966522,1693226230771,7,3,4
18619,1693226230771,1692253966530,1692253966534,1693226230783,12,4,8
18620,1693226230783,1692253966542,1692253966545,1693226230794,11,3,8
18621,1693226230794,1692253966550,1692253966554,1693226230803,9,4,5
18622,1693226230803,1692253966559,1692253966562,1693226230813,10,3,7
18623,1693226230813,1692253966569,1692253966572,1693226230820,7,3,4
18624,1693226230820,1692253966576,1692253966581,1693226230829,9,5,4
18625,1693226230829,1692253966587,1692253966590,1693226230839,10,3,7
18626,1693226230839,1692253966596,1692253966599,1693226230848,9,3,6
18627,1693226230848,1692253966605,1692253966608,1693226230857,9,3,6
18628,1693226230857,1692253966614,1692253966616,1693226230865,8,2,6
18629,1693226230865,1692253966620,1692253966623,1693226230872,7,3,4
18630,1693226230872,1692253966627,1692253966630,1693226230879,7,3,4
18631,1693226230879,1692253966634,1692253966636,1693226230885,6,2,4
18632,1693226230885,1692253966641,1692253966643,1693226230892,7,2,5
18633,1693226230892,1692253966647,1692253966651,1693226230899,7,4,3
18634,1693226230899,1692253966655,1692253966658,1693226230907,8,3,5
18635,1693226230907,1692253966663,1692253966667,1693226230916,9,4,5
18636,1693226230916,1692253966671,1692253966674,1693226230923,7,3,4
18637,1693226230923,1692253966678,1692253966682,1693226230931,8,4,4
18638,1693226230931,1692253966687,1692253966692,1693226230941,10,5,5
18639,1693226230941,1692253966696,1692253966700,1693226230949,8,4,4
18640,1693226230949,1692253966705,1692253966708,1693226230957,8,3,5
18641,1693226230957,1692253966712,1692253966716,1693226230964,7,4,3
18642,1693226230965,1692253966720,1692253966723,1693226230972,7,3,4
18643,1693226230972,1692253966728,1692253966732,1693226230981,9,4,5
18644,1693226230981,1692253966736,1692253966739,1693226230988,7,3,4
18645,1693226230988,1692253966743,1692253966746,1693226230995,7,3,4
18646,1693226230995,1692253966751,1692253966754,1693226231003,8,3,5
18647,1693226231003,1692253966758,1692253966762,1693226231010,7,4,3
18648,1693226231010,1692253966766,1692253966769,1693226231018,8,3,5
18649,1693226231018,1692253966776,1692253966779,1693226231027,9,3,6
18650,1693226231027,1692253966783,1692253966786,1693226231034,7,3,4
18651,1693226231034,1692253966790,1692253966793,1693226231042,8,3,5
18652,1693226231042,1692253966802,1692253966805,1693226231054,12,3,9
18653,1693226231054,1692253966810,1692253966814,1693226231063,9,4,5
18654,1693226231063,1692253966818,1692253966821,1693226231070,7,3,4
18655,1693226231070,1692253966825,1692253966829,1693226231077,7,4,3
18656,1693226231077,1692253966833,1692253966838,1693226231086,9,5,4
18657,1693226231086,1692253966843,1692253966847,1693226231096,10,4,6
18658,1693226231096,1692253966852,1692253966855,1693226231104,8,3,5
18659,1693226231104,1692253966860,1692253966863,1693226231112,8,3,5
18660,1693226231112,1692253966867,1692253966872,1693226231121,9,5,4
18661,1693226231121,1692253966877,1692253966879,1693226231128,7,2,5
18662,1693226231128,1692253966884,1692253966886,1693226231135,7,2,5
18663,1693226231135,1692253966891,1692253966894,1693226231143,8,3,5
18664,1693226231143,1692253966899,1692253966903,1693226231152,9,4,5
18665,1693226231152,1692253966908,1692253966911,1693226231160,8,3,5
18666,1693226231160,1692253966915,1692253966919,1693226231167,7,4,3
18667,1693226231167,1692253966923,1692253966926,1693226231175,8,3,5
18668,1693226231175,1692253966931,1692253966934,1693226231183,8,3,5
18669,1693226231183,1692253966938,1692253966942,1693226231191,8,4,4
18670,1693226231191,1692253966946,1692253966950,1693226231198,7,4,3
18671,1693226231198,1692253966954,1692253966956,1693226231205,7,2,5
18672,1693226231205,1692253966960,1692253966963,1693226231212,7,3,4
18673,1693226231212,1692253966968,1692253966971,1693226231220,8,3,5
18674,1693226231220,1692253966977,1692253966980,1693226231228,8,3,5
18675,1693226231228,1692253966983,1692253966987,1693226231236,8,4,4
18676,1693226231236,1692253966991,1692253966995,1693226231243,7,4,3
18677,1693226231243,1692253966999,1692253967002,1693226231250,7,3,4
18678,1693226231250,1692253967006,1692253967010,1693226231259,9,4,5
18679,1693226231259,1692253967015,1692253967018,1693226231266,7,3,4
18680,1693226231266,1692253967022,1692253967025,1693226231273,7,3,4
18681,1693226231273,1692253967029,1692253967033,1693226231281,8,4,4
18682,1693226231281,1692253967037,1692253967040,1693226231289,8,3,5
18683,1693226231289,1692253967044,1692253967048,1693226231296,7,4,3
18684,1693226231297,1692253967052,1692253967056,1693226231305,8,4,4
18685,1693226231305,1692253967061,1692253967063,1693226231312,7,2,5
18686,1693226231312,1692253967067,1692253967071,1693226231320,8,4,4
18687,1693226231320,1692253967078,1692253967081,1693226231330,10,3,7
18688,1693226231330,1692253967086,1692253967092,1693226231341,11,6,5
18689,1693226231341,1692253967097,1692253967100,1693226231348,7,3,4
18690,1693226231349,1692253967104,1692253967108,1693226231357,8,4,4
18691,1693226231357,1692253967113,1692253967117,1693226231366,9,4,5
18692,1693226231366,1692253967122,1692253967125,1693226231374,8,3,5
18693,1693226231374,1692253967130,1692253967133,1693226231382,8,3,5
18694,1693226231382,1692253967138,1692253967141,1693226231390,8,3,5
18695,1693226231390,1692253967145,1692253967148,1693226231397,7,3,4
18696,1693226231397,1692253967153,1692253967157,1693226231405,8,4,4
18697,1693226231405,1692253967161,1692253967164,1693226231413,8,3,5
18698,1693226231413,1692253967169,1692253967173,1693226231422,9,4,5
18699,1693226231422,1692253967178,1692253967182,1693226231431,9,4,5
18700,1693226231431,1692253967187,1692253967192,1693226231441,10,5,5
18701,1693226231441,1692253967196,1692253967200,1693226231449,8,4,4
18702,1693226231449,1692253967204,1692253967207,1693226231456,7,3,4
18703,1693226231456,1692253967212,1692253967215,1693226231464,8,3,5
18704,1693226231464,1692253967219,1692253967222,1693226231471,7,3,4
18705,1693226231471,1692253967227,1692253967231,1693226231479,8,4,4
18706,1693226231479,1692253967234,1692253967238,1693226231486,7,4,3
18707,1693226231486,1692253967242,1692253967245,1693226231494,8,3,5
18708,1693226231494,1692253967249,1692253967253,1693226231501,7,4,3
18709,1693226231501,1692253967257,1692253967260,1693226231510,9,3,6
18710,1693226231510,1692253967266,1692253967269,1693226231518,8,3,5
18711,1693226231518,1692253967273,1692253967277,1693226231526,8,4,4
18712,1693226231526,1692253967284,1692253967287,1693226231536,10,3,7
18713,1693226231536,1692253967292,1692253967296,1693226231544,8,4,4
18714,1693226231544,1692253967300,1692253967303,1693226231552,8,3,5
18715,1693226231552,1692253967308,1692253967311,1693226231560,8,3,5
18716,1693226231560,1692253967316,1692253967320,1693226231568,8,4,4
18717,1693226231568,1692253967324,1692253967327,1693226231576,8,3,5
18718,1693226231576,1692253967331,1692253967334,1693226231583,7,3,4
18719,1693226231583,1692253967339,1692253967342,1693226231591,8,3,5
18720,1693226231591,1692253967347,1692253967350,1693226231598,7,3,4
18721,1693226231598,1692253967353,1692253967357,1693226231605,7,4,3
18722,1693226231605,1692253967361,1692253967364,1693226231612,7,3,4
18723,1693226231612,1692253967368,1692253967371,1693226231620,8,3,5
18724,1693226231620,1692253967376,1692253967379,1693226231628,8,3,5
18725,1693226231628,1692253967386,1692253967390,1693226231638,10,4,6
18726,1693226231638,1692253967393,1692253967396,1693226231645,7,3,4
18727,1693226231645,1692253967400,1692253967404,1693226231652,7,4,3
18728,1693226231652,1692253967408,1692253967411,1693226231660,8,3,5
18729,1693226231660,1692253967415,1692253967419,1693226231668,8,4,4
18730,1693226231668,1692253967423,1692253967427,1693226231675,7,4,3
18731,1693226231675,1692253967431,1692253967434,1693226231683,8,3,5
18732,1693226231683,1692253967438,1692253967441,1693226231689,6,3,3
18733,1693226231689,1692253967445,1692253967449,1693226231698,9,4,5
18734,1693226231698,1692253967453,1692253967456,1693226231705,7,3,4
18735,1693226231705,1692253967461,1692253967464,1693226231713,8,3,5
18736,1693226231713,1692253967469,1692253967473,1693226231721,8,4,4
18737,1693226231721,1692253967476,1692253967479,1693226231728,7,3,4
18738,1693226231728,1692253967484,1692253967487,1693226231736,8,3,5
18739,1693226231736,1692253967492,1692253967495,1693226231744,8,3,5
18740,1693226231744,1692253967499,1692253967502,1693226231751,7,3,4
18741,1693226231751,1692253967507,1692253967511,1693226231759,8,4,4
18742,1693226231759,1692253967514,1692253967518,1693226231767,8,4,4
18743,1693226231767,1692253967523,1692253967526,1693226231775,8,3,5
18744,1693226231775,1692253967531,1692253967534,1693226231783,8,3,5
18745,1693226231783,1692253967539,1692253967542,1693226231791,8,3,5
18746,1693226231791,1692253967547,1692253967550,1693226231798,7,3,4
18747,1693226231798,1692253967553,1692253967556,1693226231805,7,3,4
18748,1693226231805,1692253967560,1692253967564,1693226231812,7,4,3
18749,1693226231812,1692253967568,1692253967574,1693226231823,11,6,5
18750,1693226231823,1692253967579,1692253967582,1693226231831,8,3,5
18751,1693226231831,1692253967587,1692253967590,1693226231838,7,3,4
18752,1693226231838,1692253967594,1692253967596,1693226231844,6,2,4
18753,1693226231844,1692253967600,1692253967603,1693226231852,8,3,5
18754,1693226231852,1692253967607,1692253967610,1693226231859,7,3,4
18755,1693226231859,1692253967615,1692253967618,1693226231867,8,3,5
18756,1693226231867,1692253967622,1692253967625,1693226231874,7,3,4
18757,1693226231874,1692253967629,1692253967633,1693226231881,7,4,3
18758,1693226231881,1692253967636,1692253967640,1693226231888,7,4,3
18759,1693226231888,1692253967644,1692253967648,1693226231897,9,4,5
18760,1693226231897,1692253967654,1692253967657,1693226231906,9,3,6
18761,1693226231906,1692253967662,1692253967665,1693226231914,8,3,5
18762,1693226231914,1692253967670,1692253967672,1693226231921,7,2,5
18763,1693226231921,1692253967676,1692253967680,1693226231929,8,4,4
18764,1693226231929,1692253967685,1692253967688,1693226231937,8,3,5
18765,1693226231937,1692253967693,1692253967697,1693226231945,8,4,4
18766,1693226231945,1692253967701,1692253967705,1693226231954,9,4,5
18767,1693226231954,1692253967710,1692253967713,1693226231962,8,3,5
18768,1693226231962,1692253967717,1692253967722,1693226231971,9,5,4
18769,1693226231971,1692253967727,1692253967730,1693226231979,8,3,5
18770,1693226231979,1692253967734,1692253967738,1693226231986,7,4,3
18771,1693226231986,1692253967742,1692253967746,1693226231994,8,4,4
18772,1693226231994,1692253967750,1692253967753,1693226232002,8,3,5
18773,1693226232002,1692253967758,1692253967761,1693226232009,7,3,4
18774,1693226232009,1692253967764,1692253967768,1693226232017,8,4,4
18775,1693226232017,1692253967772,1692253967776,1693226232024,7,4,3
18776,1693226232024,1692253967780,1692253967783,1693226232032,8,3,5
18777,1693226232032,1692253967788,1692253967791,1693226232042,10,3,7
18778,1693226232042,1692253967798,1692253967801,1693226232049,7,3,4
18779,1693226232049,1692253967809,1692253967812,1693226232061,12,3,9
18780,1693226232061,1692253967817,1692253967820,1693226232069,8,3,5
18781,1693226232069,1692253967825,1692253967828,1693226232077,8,3,5
18782,1693226232077,1692253967833,1692253967836,1693226232084,7,3,4
18783,1693226232084,1692253967843,1692253967847,1693226232095,11,4,7
18784,1693226232095,1692253967851,1692253967854,1693226232103,8,3,5
18785,1693226232103,1692253967860,1692253967863,1693226232112,9,3,6
18786,1693226232112,1692253967868,1692253967872,1693226232121,9,4,5
18787,1693226232121,1692253967877,1692253967880,1693226232129,8,3,5
18788,1693226232129,1692253967884,1692253967887,1693226232136,7,3,4
18789,1693226232136,1692253967892,1692253967896,1693226232144,8,4,4
18790,1693226232145,1692253967900,1692253967904,1693226232153,8,4,4
18791,1693226232153,1692253967909,1692253967912,1693226232160,7,3,4
18792,1693226232161,1692253967916,1692253967920,1693226232168,7,4,3
18793,1693226232168,1692253967924,1692253967928,1693226232177,9,4,5
18794,1693226232177,1692253967933,1692253967937,1693226232186,9,4,5
18795,1693226232186,1692253967942,1692253967946,1693226232194,8,4,4
18796,1693226232194,1692253967951,1692253967954,1693226232203,9,3,6
18797,1693226232203,1692253967959,1692253967963,1693226232211,8,4,4
18798,1693226232211,1692253967966,1692253967970,1693226232218,7,4,3
18799,1693226232218,1692253967974,1692253967977,1693226232225,7,3,4
18800,1693226232225,1692253967981,1692253967984,1693226232233,8,3,5
18801,1693226232233,1692253967988,1692253967991,1693226232240,7,3,4
18802,1693226232240,1692253967996,1692253967999,1693226232248,8,3,5
18803,1693226232248,1692253968003,1692253968006,1693226232254,6,3,3
18804,1693226232254,1692253968010,1692253968014,1693226232263,9,4,5
18805,1693226232263,1692253968019,1692253968022,1693226232271,8,3,5
18806,1693226232271,1692253968030,1692253968034,1693226232282,11,4,7
18807,1693226232282,1692253968038,1692253968041,1693226232290,8,3,5
18808,1693226232290,1692253968045,1692253968049,1693226232297,7,4,3
18809,1693226232297,1692253968052,1692253968056,1693226232304,7,4,3
18810,1693226232304,1692253968060,1692253968063,1693226232312,8,3,5
18811,1693226232312,1692253968068,1692253968071,1693226232320,8,3,5
18812,1693226232320,1692253968076,1692253968079,1693226232328,8,3,5
18813,1693226232328,1692253968084,1692253968088,1693226232336,8,4,4
18814,1693226232336,1692253968092,1692253968095,1693226232343,7,3,4
18815,1693226232343,1692253968099,1692253968103,1693226232352,9,4,5
18816,1693226232352,1692253968108,1692253968111,1693226232360,8,3,5
18817,1693226232360,1692253968116,1692253968119,1693226232373,13,3,10
18818,1693226232373,1692253968145,1692253968150,1693226232398,25,5,20
18819,1693226232398,1692253968154,1692253968157,1693226232406,8,3,5
18820,1693226232406,1692253968162,1692253968166,1693226232414,8,4,4
18821,1693226232414,1692253968170,1692253968173,1693226232421,7,3,4
18822,1693226232421,1692253968177,1692253968180,1693226232431,10,3,7
18823,1693226232431,1692253968187,1692253968191,1693226232439,8,4,4
18824,1693226232439,1692253968195,1692253968198,1693226232447,8,3,5
18825,1693226232447,1692253968205,1692253968208,1693226232456,9,3,6
18826,1693226232456,1692253968212,1692253968215,1693226232464,8,3,5
18827,1693226232464,1692253968219,1692253968222,1693226232471,7,3,4
18828,1693226232471,1692253968227,1692253968230,1693226232478,7,3,4
18829,1693226232478,1692253968235,1692253968239,1693226232487,9,4,5
18830,1693226232487,1692253968243,1692253968246,1693226232498,11,3,8
18831,1693226232498,1692253968253,1692253968256,1693226232505,7,3,4
18832,1693226232505,1692253968260,1692253968264,1693226232513,8,4,4
18833,1693226232513,1692253968273,1692253968276,1693226232525,12,3,9
18834,1693226232525,1692253968281,1692253968284,1693226232532,7,3,4
18835,1693226232532,1692253968288,1692253968291,1693226232540,8,3,5
18836,1693226232540,1692253968295,1692253968298,1693226232547,7,3,4
18837,1693226232547,1692253968310,1692253968313,1693226232564,17,3,14
18838,1693226232564,1692253968320,1692253968323,1693226232572,8,3,5
18839,1693226232572,1692253968328,1692253968331,1693226232584,12,3,9
18840,1693226232584,1692253968360,1692253968364,1693226232613,29,4,25
18841,1693226232613,1692253968369,1692253968373,1693226232621,8,4,4
18842,1693226232621,1692253968376,1692253968379,1693226232628,7,3,4
18843,1693226232628,1692253968383,1692253968386,1693226232635,7,3,4
18844,1693226232635,1692253968391,1692253968394,1693226232643,8,3,5
18845,1693226232643,1692253968398,1692253968402,1693226232650,7,4,3
18846,1693226232650,1692253968406,1692253968409,1693226232658,8,3,5
18847,1693226232658,1692253968414,1692253968417,1693226232666,8,3,5
18848,1693226232666,1692253968422,1692253968425,1693226232674,8,3,5
18849,1693226232674,1692253968429,1692253968433,1693226232682,8,4,4
18850,1693226232682,1692253968437,1692253968440,1693226232689,7,3,4
18851,1693226232689,1692253968446,1692253968449,1693226232698,9,3,6
18852,1693226232698,1692253968454,1692253968457,1693226232709,11,3,8
18853,1693226232709,1692253968464,1692253968468,1693226232716,7,4,3
18854,1693226232716,1692253968473,1692253968476,1693226232725,9,3,6
18855,1693226232725,1692253968480,1692253968484,1693226232733,8,4,4
18856,1693226232733,1692253968489,1692253968492,1693226232741,8,3,5
18857,1693226232741,1692253968496,1692253968500,1693226232748,7,4,3
18858,1693226232748,1692253968503,1692253968507,1693226232756,8,4,4
18859,1693226232756,1692253968512,1692253968515,1693226232764,8,3,5
18860,1693226232764,1692253968519,1692253968523,1693226232772,8,4,4
18861,1693226232772,1692253968528,1692253968532,1693226232781,9,4,5
18862,1693226232781,1692253968536,1692253968540,1693226232788,7,4,3
18863,1693226232788,1692253968544,1692253968547,1693226232796,8,3,5
18864,1693226232796,1692253968551,1692253968554,1693226232803,7,3,4
18865,1693226232803,1692253968559,1692253968562,1693226232810,7,3,4
18866,1693226232810,1692253968566,1692253968569,1693226232818,8,3,5
18867,1693226232818,1692253968573,1692253968577,1693226232826,8,4,4
18868,1693226232826,1692253968582,1692253968585,1693226232834,8,3,5
18869,1693226232834,1692253968590,1692253968594,1693226232842,8,4,4
18870,1693226232842,1692253968598,1692253968601,1693226232850,8,3,5
18871,1693226232850,1692253968606,1692253968610,1693226232861,11,4,7
18872,1693226232861,1692253968617,1692253968620,1693226232869,8,3,5
18873,1693226232869,1692253968624,1692253968627,1693226232876,7,3,4
18874,1693226232876,1692253968632,1692253968634,1693226232883,7,2,5
18875,1693226232883,1692253968640,1692253968643,1693226232892,9,3,6
18876,1693226232892,1692253968648,1692253968651,1693226232900,8,3,5
18877,1693226232900,1692253968655,1692253968658,1693226232906,6,3,3
18878,1693226232906,1692253968662,1692253968667,1693226232916,10,5,5
18879,1693226232916,1692253968671,1692253968674,1693226232923,7,3,4
18880,1693226232923,1692253968679,1692253968683,1693226232931,8,4,4
18881,1693226232931,1692253968687,1692253968690,1693226232939,8,3,5
18882,1693226232939,1692253968695,1692253968698,1693226232947,8,3,5
18883,1693226232947,1692253968703,1692253968707,1693226232955,8,4,4
18884,1693226232955,1692253968711,1692253968714,1693226232963,8,3,5
18885,1693226232963,1692253968719,1692253968723,1693226232971,8,4,4
18886,1693226232971,1692253968727,1692253968730,1693226232979,8,3,5
18887,1693226232979,1692253968735,1692253968739,1693226232987,8,4,4
18888,1693226232987,1692253968743,1692253968746,1693226232994,7,3,4
18889,1693226232994,1692253968750,1692253968753,1693226233002,8,3,5
18890,1693226233002,1692253968757,1692253968761,1693226233010,8,4,4
18891,1693226233010,1692253968765,1692253968769,1693226233017,7,4,3
18892,1693226233017,1692253968772,1692253968776,1693226233024,7,4,3
18893,1693226233024,1692253968788,1692253968791,1693226233039,15,3,12
18894,1693226233039,1692253968795,1692253968798,1693226233046,7,3,4
18895,1693226233046,1692253968802,1692253968805,1693226233054,8,3,5
18896,1693226233054,1692253968814,1692253968818,1693226233067,13,4,9
18897,1693226233067,1692253968822,1692253968825,1693226233073,6,3,3
18898,1693226233073,1692253968829,1692253968833,1693226233081,8,4,4
18899,1693226233081,1692253968837,1692253968840,1693226233088,7,3,4
18900,1693226233088,1692253968843,1692253968846,1693226233095,7,3,4
18901,1693226233095,1692253968851,1692253968854,1693226233103,8,3,5
18902,1693226233103,1692253968859,1692253968862,1693226233111,8,3,5
18903,1693226233111,1692253968867,1692253968870,1693226233119,8,3,5
18904,1693226233119,1692253968875,1692253968878,1693226233127,8,3,5
18905,1693226233127,1692253968882,1692253968885,1693226233134,7,3,4
18906,1693226233134,1692253968889,1692253968893,1693226233142,8,4,4
18907,1693226233142,1692253968898,1692253968902,1693226233151,9,4,5
18908,1693226233151,1692253968907,1692253968910,1693226233159,8,3,5
18909,1693226233159,1692253968914,1692253968918,1693226233168,9,4,5
18910,1693226233168,1692253968923,1692253968926,1693226233174,6,3,3
18911,1693226233174,1692253968930,1692253968933,1693226233182,8,3,5
18912,1693226233182,1692253968938,1692253968942,1693226233190,8,4,4
18913,1693226233190,1692253968946,1692253968949,1693226233198,8,3,5
18914,1693226233198,1692253968954,1692253968957,1693226233206,8,3,5
18915,1693226233206,1692253968962,1692253968966,1693226233215,9,4,5
18916,1693226233215,1692253968971,1692253968974,1693226233223,8,3,5
18917,1693226233223,1692253968979,1692253968982,1693226233231,8,3,5
18918,1693226233231,1692253968987,1692253968990,1693226233239,8,3,5
18919,1693226233239,1692253968994,1692253968998,1693226233246,7,4,3
18920,1693226233246,1692253969001,1692253969004,1693226233253,7,3,4
18921,1693226233253,1692253969009,1692253969011,1693226233260,7,2,5
18922,1693226233260,1692253969015,1692253969018,1693226233267,7,3,4
18923,1693226233267,1692253969024,1692253969028,1693226233277,10,4,6
18924,1693226233277,1692253969033,1692253969036,1693226233284,7,3,4
18925,1693226233284,1692253969040,1692253969042,1693226233291,7,2,5
18926,1693226233291,1692253969046,1692253969049,1693226233298,7,3,4
18927,1693226233298,1692253969053,1692253969057,1693226233306,8,4,4
18928,1693226233306,1692253969061,1692253969065,1693226233314,8,4,4
18929,1693226233314,1692253969070,1692253969073,1693226233321,7,3,4
18930,1693226233321,1692253969077,1692253969080,1693226233329,8,3,5
18931,1693226233329,1692253969085,1692253969089,1693226233338,9,4,5
18932,1693226233338,1692253969094,1692253969098,1693226233346,8,4,4
18933,1693226233346,1692253969103,1692253969106,1693226233355,9,3,6
18934,1693226233355,1692253969111,1692253969114,1693226233363,8,3,5
18935,1693226233363,1692253969118,1692253969121,1693226233370,7,3,4
18936,1693226233370,1692253969127,1692253969131,1693226233379,9,4,5
18937,1693226233379,1692253969135,1692253969138,1693226233387,8,3,5
18938,1693226233387,1692253969146,1692253969149,1693226233398,11,3,8
18939,1693226233398,1692253969153,1692253969156,1693226233404,6,3,3
18940,1693226233404,1692253969161,1692253969164,1693226233413,9,3,6
18941,1693226233413,1692253969168,1692253969172,1693226233421,8,4,4
18942,1693226233421,1692253969176,1692253969179,1693226233428,7,3,4
18943,1693226233428,1692253969184,1692253969188,1693226233437,9,4,5
18944,1693226233437,1692253969193,1692253969196,1693226233445,8,3,5
18945,1693226233445,1692253969201,1692253969204,1693226233452,7,3,4
18946,1693226233452,1692253969209,1692253969212,1693226233461,9,3,6
18947,1693226233461,1692253969216,1692253969220,1693226233469,8,4,4
18948,1693226233469,1692253969225,1692253969228,1693226233477,8,3,5
18949,1693226233477,1692253969232,1692253969235,1693226233484,7,3,4
18950,1693226233484,1692253969240,1692253969243,1693226233492,8,3,5
18951,1693226233492,1692253969247,1692253969250,1693226233499,7,3,4
18952,1693226233499,1692253969255,1692253969260,1693226233509,10,5,5
18953,1693226233509,1692253969266,1692253969269,1693226233518,9,3,6
18954,1693226233518,1692253969274,1692253969277,1693226233526,8,3,5
18955,1693226233526,1692253969282,1692253969285,1693226233534,8,3,5
18956,1693226233534,1692253969290,1692253969293,1693226233542,8,3,5
18957,1693226233542,1692253969297,1692253969301,1693226233550,8,4,4
18958,1693226233550,1692253969306,1692253969309,1693226233558,8,3,5
18959,1693226233558,1692253969314,1692253969317,1693226233566,8,3,5
18960,1693226233566,1692253969322,1692253969325,1693226233574,8,3,5
18961,1693226233574,1692253969332,1692253969335,1693226233584,10,3,7
18962,1693226233584,1692253969340,1692253969344,1693226233593,9,4,5
18963,1693226233593,1692253969349,1692253969352,1693226233601,8,3,5
18964,1693226233601,1692253969357,1692253969360,1693226233609,8,3,5
18965,1693226233609,1692253969365,1692253969368,1693226233617,8,3,5
18966,1693226233617,1692253969373,1692253969376,1693226233624,7,3,4
18967,1693226233624,1692253969381,1692253969384,1693226233633,9,3,6
18968,1693226233633,1692253969388,1692253969392,1693226233641,8,4,4
18969,1693226233641,1692253969396,1692253969400,1693226233649,8,4,4
18970,1693226233649,1692253969404,1692253969408,1693226233656,7,4,3
18971,1693226233656,1692253969412,1692253969415,1693226233663,7,3,4
18972,1693226233663,1692253969420,1692253969423,1693226233671,8,3,5
18973,1693226233672,1692253969427,1692253969430,1693226233680,8,3,5
18974,1693226233680,1692253969436,1692253969439,1693226233687,7,3,4
18975,1693226233687,1692253969443,1692253969446,1693226233697,10,3,7
18976,1693226233697,1692253969454,1692253969457,1693226233706,9,3,6
18977,1693226233706,1692253969461,1692253969465,1693226233713,7,4,3
18978,1693226233714,1692253969469,1692253969473,1693226233722,8,4,4
18979,1693226233722,1692253969477,1692253969480,1693226233729,7,3,4
18980,1693226233729,1692253969485,1692253969488,1693226233736,7,3,4
18981,1693226233736,1692253969492,1692253969497,1693226233745,9,5,4
18982,1693226233745,1692253969501,1692253969504,1693226233753,8,3,5
18983,1693226233753,1692253969509,1692253969512,1693226233761,8,3,5
18984,1693226233761,1692253969516,1692253969520,1693226233768,7,4,3
18985,1693226233769,1692253969524,1692253969527,1693226233776,7,3,4
18986,1693226233776,1692253969536,1692253969540,1693226233789,13,4,9
18987,1693226233789,1692253969544,1692253969547,1693226233796,7,3,4
18988,1693226233796,1692253969551,1692253969556,1693226233805,9,5,4
18989,1693226233805,1692253969561,1692253969564,1693226233813,8,3,5
18990,1693226233813,1692253969568,1692253969572,1693226233821,8,4,4
18991,1693226233821,1692253969576,1692253969580,1693226233829,8,4,4
18992,1693226233829,1692253969584,1692253969587,1693226233836,7,3,4
18993,1693226233836,1692253969592,1692253969594,1693226233843,7,2,5
18994,1693226233843,1692253969599,1692253969602,1693226233851,8,3,5
18995,1693226233851,1692253969606,1692253969609,1693226233857,6,3,3
18996,1693226233857,1692253969614,1692253969617,1693226233866,9,3,6
18997,1693226233866,1692253969622,1692253969624,1693226233873,7,2,5
18998,1693226233873,1692253969629,1692253969632,1693226233880,7,3,4
18999,1693226233880,1692253969638,1692253969642,1693226233891,11,4,7
19000,1693226233891,1692253969647,1692253969650,1693226233898,7,3,4
19001,1693226233898,1692253969654,1692253969657,1693226233906,8,3,5
19002,1693226233906,1692253969662,1692253969665,1693226233913,7,3,4
19003,1693226233913,1692253969669,1692253969672,1693226233921,8,3,5
19004,1693226233921,1692253969677,1692253969680,1693226233929,8,3,5
19005,1693226233929,1692253969684,1692253969688,1693226233936,7,4,3
19006,1693226233937,1692253969692,1692253969696,1693226233944,7,4,3
19007,1693226233944,1692253969700,1692253969703,1693226233952,8,3,5
19008,1693226233952,1692253969707,1692253969711,1693226233959,7,4,3
19009,1693226233959,1692253969715,1692253969719,1693226233967,8,4,4
19010,1693226233967,1692253969723,1692253969726,1693226233975,8,3,5
19011,1693226233975,1692253969731,1692253969734,1693226233983,8,3,5
19012,1693226233983,1692253969741,1692253969744,1693226233992,9,3,6
19013,1693226233992,1692253969747,1692253969751,1693226234000,8,4,4
19014,1693226234000,1692253969756,1692253969758,1693226234007,7,2,5
19015,1693226234007,1692253969764,1692253969767,1693226234016,9,3,6
19016,1693226234016,1692253969771,1692253969775,1693226234024,8,4,4
19017,1693226234024,1692253969779,1692253969782,1693226234031,7,3,4
19018,1693226234031,1692253969787,1692253969790,1693226234039,8,3,5
19019,1693226234039,1692253969795,1692253969799,1693226234047,8,4,4
19020,1693226234047,1692253969803,1692253969805,1693226234054,7,2,5
19021,1693226234054,1692253969810,1692253969813,1693226234068,14,3,11
19022,1693226234068,1692253969824,1692253969827,1693226234075,7,3,4
19023,1693226234076,1692253969832,1692253969836,1693226234085,9,4,5
19024,1693226234085,1692253969845,1692253969848,1693226234096,11,3,8
19025,1693226234096,1692253969853,1692253969857,1693226234106,10,4,6
19026,1693226234106,1692253969862,1692253969866,1693226234115,9,4,5
19027,1693226234115,1692253969871,1692253969875,1693226234124,9,4,5
19028,1693226234124,1692253969880,1692253969883,1693226234132,8,3,5
19029,1693226234132,1692253969888,1692253969891,1693226234140,8,3,5
19030,1693226234140,1692253969895,1692253969899,1693226234147,7,4,3
19031,1693226234147,1692253969904,1692253969907,1693226234156,9,3,6
19032,1693226234156,1692253969911,1692253969914,1693226234163,7,3,4
19033,1693226234163,1692253969919,1692253969922,1693226234171,8,3,5
19034,1693226234171,1692253969927,1692253969930,1693226234179,8,3,5
19035,1693226234179,1692253969934,1692253969937,1693226234186,7,3,4
19036,1693226234186,1692253969941,1692253969945,1693226234194,8,4,4
19037,1693226234194,1692253969949,1692253969952,1693226234200,6,3,3
19038,1693226234200,1692253969956,1692253969960,1693226234208,8,4,4
19039,1693226234208,1692253969964,1692253969968,1693226234216,8,4,4
19040,1693226234216,1692253969972,1692253969975,1693226234224,8,3,5
19041,1693226234224,1692253969979,1692253969983,1693226234232,8,4,4
19042,1693226234232,1692253969988,1692253969991,1693226234240,8,3,5
19043,1693226234240,1692253969996,1692253969999,1693226234247,7,3,4
19044,1693226234247,1692253970003,1692253970006,1693226234255,8,3,5
19045,1693226234255,1692253970011,1692253970014,1693226234263,8,3,5
19046,1693226234263,1692253970019,1692253970023,1693226234271,8,4,4
19047,1693226234271,1692253970027,1692253970030,1693226234279,8,3,5
19048,1693226234279,1692253970034,1692253970038,1693226234287,8,4,4
19049,1693226234287,1692253970043,1692253970046,1693226234294,7,3,4
19050,1693226234294,1692253970050,1692253970053,1693226234302,8,3,5
19051,1693226234302,1692253970059,1692253970062,1693226234311,9,3,6
19052,1693226234311,1692253970066,1692253970069,1693226234318,7,3,4
19053,1693226234318,1692253970074,1692253970077,1693226234327,9,3,6
19054,1693226234327,1692253970082,1692253970086,1693226234334,7,4,3
19055,1693226234334,1692253970090,1692253970093,1693226234342,8,3,5
19056,1693226234342,1692253970097,1692253970101,1693226234349,7,4,3
19057,1693226234349,1692253970105,1692253970109,1693226234358,9,4,5
19058,1693226234358,1692253970113,1692253970117,1693226234366,8,4,4
19059,1693226234366,1692253970121,1692253970124,1693226234372,6,3,3
19060,1693226234372,1692253970128,1692253970131,1693226234380,8,3,5
19061,1693226234380,1692253970135,1692253970138,1693226234387,7,3,4
19062,1693226234387,1692253970143,1692253970148,1693226234397,10,5,5
19063,1693226234397,1692253970153,1692253970156,1693226234405,8,3,5
19064,1693226234405,1692253970160,1692253970163,1693226234413,8,3,5
19065,1693226234413,1692253970168,1692253970172,1693226234420,7,4,3
19066,1693226234420,1692253970176,1692253970179,1693226234428,8,3,5
19067,1693226234428,1692253970184,1692253970187,1693226234436,8,3,5
19068,1693226234436,1692253970192,1692253970195,1693226234444,8,3,5
19069,1693226234444,1692253970199,1692253970202,1693226234451,7,3,4
19070,1693226234451,1692253970206,1692253970210,1693226234458,7,4,3
19071,1693226234459,1692253970215,1692253970218,1693226234467,8,3,5
19072,1693226234467,1692253970223,1692253970227,1693226234475,8,4,4
19073,1693226234475,1692253970231,1692253970234,1693226234483,8,3,5
19074,1693226234483,1692253970238,1692253970241,1693226234490,7,3,4
19075,1693226234490,1692253970246,1692253970249,1693226234499,9,3,6
19076,1693226234499,1692253970255,1692253970258,1693226234507,8,3,5
19077,1693226234507,1692253970263,1692253970267,1693226234515,8,4,4
19078,1693226234515,1692253970271,1692253970274,1693226234523,8,3,5
19079,1693226234523,1692253970280,1692253970284,1693226234533,10,4,6
19080,1693226234533,1692253970289,1692253970292,1693226234541,8,3,5
19081,1693226234717,1692253970473,1692253970477,1693226234726,9,4,5
19082,1693226234726,1692253970482,1692253970485,1693226234735,9,3,6
19083,1693226234735,1692253970491,1692253970495,1693226234744,9,4,5
19084,1693226234744,1692253970500,1692253970505,1693226234753,9,5,4
19085,1693226234753,1692253970509,1692253970512,1693226234761,8,3,5
19086,1693226234761,1692253970517,1692253970520,1693226234769,8,3,5
19087,1693226234769,1692253970525,1692253970528,1693226234776,7,3,4
19088,1693226234776,1692253970532,1692253970536,1693226234784,8,4,4
19089,1693226234784,1692253970541,1692253970583,1693226234832,48,42,6
19090,1693226234832,1692253970593,1692253970596,1693226234845,13,3,10
19091,1693226234845,1692253970629,1692253970632,1693226234881,36,3,33
19092,1693226234881,1692253970642,1692253970645,1693226234897,16,3,13
19093,1693226234897,1692253970653,1692253970657,1693226234906,9,4,5
19094,1693226234906,1692253970675,1692253970678,1693226234927,21,3,18
19095,1693226234927,1692253970682,1692253970685,1693226234934,7,3,4
19096,1693226234934,1692253970689,1692253970692,1693226234941,7,3,4
19097,1693226234941,1692253970697,1692253970700,1693226234949,8,3,5
19098,1693226234949,1692253970705,1692253970707,1693226234956,7,2,5
19099,1693226234956,1692253970712,1692253970724,1693226235028,72,12,60
19100,1693226235028,1692253970814,1692253970816,1693226235065,37,2,35
19101,1693226235065,1692253970821,1692253970824,1693226235074,9,3,6
19102,1693226235074,1692253970834,1692253970836,1693226235085,11,2,9
19103,1693226235085,1692253970841,1692253970845,1693226235097,12,4,8
19104,1693226235097,1692253970853,1692253970856,1693226235114,17,3,14
19105,1693226235114,1692253970870,1692253970874,1693226235124,10,4,6
19106,1693226235124,1692253970880,1692253970883,1693226235132,8,3,5
19107,1693226235132,1692253970913,1692253970917,1693226235166,34,4,30
19108,1693226235166,1692253970922,1692253970925,1693226235173,7,3,4
19109,1693226235173,1692253970937,1692253970940,1693226235197,24,3,21
19110,1693226235197,1692253970954,1692253970956,1693226235205,8,2,6
19111,1693226235205,1692253970962,1692253970965,1693226235216,11,3,8
19112,1693226235216,1692253970977,1692253970980,1693226235229,13,3,10
19113,1693226235229,1692253970984,1692253970987,1693226235236,7,3,4
19114,1693226235236,1692253971005,1692253971008,1693226235256,20,3,17
19115,1693226235257,1692253971026,1692253971029,1693226235278,21,3,18
19116,1693226235278,1692253971038,1692253971043,1693226235292,14,5,9
19117,1693226235292,1692253971048,1692253971051,1693226235300,8,3,5
19118,1693226235300,1692253971097,1692253971100,1693226235349,49,3,46
19119,1693226235349,1692253971106,1692253971109,1693226235357,8,3,5
19120,1693226235357,1692253971164,1692253971167,1693226235416,59,3,56
19121,1693226235416,1692253971180,1692253971183,1693226235432,16,3,13
19122,1693226235432,1692253971201,1692253971204,1693226235452,20,3,17
19123,1693226235452,1692253971209,1692253971212,1693226235461,9,3,6
19124,1693226235461,1692253971216,1692253971220,1693226235469,8,4,4
19125,1693226235469,1692253971224,1692253971227,1693226235476,7,3,4
19126,1693226235476,1692253971232,1692253971235,1693226235484,8,3,5
19127,1693226235484,1692253971240,1692253971243,1693226235492,8,3,5
19128,1693226235492,1692253971258,1692253971261,1693226235509,17,3,14
19129,1693226235509,1692253971265,1692253971268,1693226235517,8,3,5
19130,1693226235517,1692253971273,1692253971276,1693226235585,68,3,65
19131,1693226235585,1692253971341,1692253971344,1693226235592,7,3,4
19132,1693226235593,1692253971348,1692253971351,1693226235600,7,3,4
19133,1693226235600,1692253971356,1692253971359,1693226235607,7,3,4
19134,1693226235607,1692253971379,1692253971383,1693226235631,24,4,20
19135,1693226235631,1692253971461,1692253971464,1693226235713,82,3,79
19136,1693226235713,1692253971468,1692253971472,1693226235721,8,4,4
19137,1693226235721,1692253971477,1692253971480,1693226235729,8,3,5
19138,1693226235729,1692253971485,1692253971488,1693226235737,8,3,5
19139,1693226235737,1692253971505,1692253971508,1693226235757,20,3,17
19140,1693226235757,1692253971534,1692253971538,1693226235787,30,4,26
19141,1693226235787,1692253971543,1692253971547,1693226235795,8,4,4
19142,1693226235795,1692253971577,1692253971580,1693226235832,37,3,34
19143,1693226235832,1692253971597,1692253971599,1693226235849,17,2,15
19144,1693226235849,1692253971609,1692253971612,1693226235861,12,3,9
19145,1693226235861,1692253971622,1692253971624,1693226235873,12,2,10
19146,1693226235873,1692253971629,1692253971632,1693226235881,8,3,5
19147,1693226235881,1692253971637,1692253971640,1693226235889,8,3,5
19148,1693226235889,1692253971645,1692253971647,1693226235896,7,2,5
19149,1693226235896,1692253971658,1692253971705,1693226235954,58,47,11
19150,1693226235954,1692253971730,1692253971733,1693226235982,28,3,25
19151,1693226235982,1692253971742,1692253971744,1693226235992,10,2,8
19152,1693226235992,1692253971818,1692253971821,1693226236070,78,3,75
19153,1693226236070,1692253971830,1692253971833,1693226236082,12,3,9
19154,1693226236082,1692253971837,1692253971840,1693226236089,7,3,4
19155,1693226236089,1692253971845,1692253971848,1693226236097,8,3,5
19156,1693226236097,1692253971853,1692253971855,1693226236104,7,2,5
19157,1693226236104,1692253971860,1692253971863,1693226236112,8,3,5
19158,1693226236112,1692253971868,1692253971872,1693226236121,9,4,5
19159,1693226236121,1692253971877,1692253971880,1693226236165,44,3,41
19160,1693226236165,1692253972033,1692253972036,1693226236285,120,3,117
19161,1693226236285,1692253972040,1692253972045,1693226236293,8,5,3
19162,1693226236293,1692253972086,1692253972088,1693226236349,56,2,54
19163,1693226236349,1692253972105,1692253972109,1693226236359,10,4,6
19164,1693226236359,1692253972118,1692253972120,1693226236369,10,2,8
19165,1693226236369,1692253972125,1692253972127,1693226236377,8,2,6
19166,1693226236378,1692253972133,1692253972137,1693226236385,7,4,3
19167,1693226236385,1692253972149,1692253972152,1693226236401,16,3,13
19168,1693226236401,1692253972161,1692253972165,1693226236413,12,4,8
19169,1693226236413,1692253972169,1692253972172,1693226236421,8,3,5
19170,1693226236421,1692253972217,1692253972220,1693226236469,48,3,45
19171,1693226236469,1692253972246,1692253972249,1693226236497,28,3,25
19172,1693226236497,1692253972349,1692253972352,1693226236601,104,3,101
19173,1693226236601,1692253972356,1692253972361,1693226236610,9,5,4
19174,1693226236610,1692253972366,1692253972369,1693226236618,8,3,5
19175,1693226236618,1692253972374,1692253972377,1693226236626,8,3,5
19176,1693226236626,1692253972382,1692253972385,1693226236633,7,3,4
19177,1693226236633,1692253972393,1692253972396,1693226236645,12,3,9
19178,1693226236645,1692253972417,1692253972419,1693226236668,23,2,21
19179,1693226236668,1692253972450,1692253972452,1693226236701,33,2,31
19180,1693226236701,1692253972457,1692253972460,1693226236708,7,3,4
19181,1693226236708,1692253972464,1692253972467,1693226236716,8,3,5
19182,1693226236716,1692253972493,1692253972496,1693226236744,28,3,25
19183,1693226236744,1692253972509,1692253972512,1693226236761,17,3,14
19184,1693226236761,1692253972516,1692253972520,1693226236768,7,4,3
19185,1693226236768,1692253972525,1692253972527,1693226236776,8,2,6
19186,1693226236776,1692253972532,1692253972535,1693226236783,7,3,4
19187,1693226236783,1692253972546,1692253972549,1693226236798,15,3,12
19188,1693226236798,1692253972585,1692253972588,1693226236837,39,3,36
19189,1693226236837,1692253972593,1692253972596,1693226236845,8,3,5
19190,1693226236845,1692253972602,1692253972605,1693226236856,11,3,8
19191,1693226236856,1692253972637,1692253972640,1693226236889,33,3,30
19192,1693226236889,1692253972657,1692253972660,1693226236909,20,3,17
19193,1693226236909,1692253972665,1692253972668,1693226236994,85,3,82
19194,1693226236994,1692253972750,1692253972753,1693226237002,8,3,5
19195,1693226237002,1692253972758,1692253972761,1693226237009,7,3,4
19196,1693226237009,1692253972765,1692253972768,1693226237016,7,3,4
19197,1693226237017,1692253972772,1692253972775,1693226237024,7,3,4
19198,1693226237024,1692253972779,1692253972782,1693226237031,7,3,4
19199,1693226237031,1692253972786,1692253972789,1693226237038,7,3,4
19200,1693226237038,1692253972793,1692253972796,1693226237046,8,3,5
19201,1693226237046,1692253972801,1692253972805,1693226237053,7,4,3
19202,1693226237053,1692253972809,1692253972812,1693226237060,7,3,4
19203,1693226237060,1692253972816,1692253972819,1693226237067,7,3,4
19204,1693226237067,1692253972823,1692253972826,1693226237075,8,3,5
19205,1693226237075,1692253972862,1692253972866,1693226237115,40,4,36
19206,1693226237115,1692253972880,1692253972883,1693226237132,17,3,14
19207,1693226237132,1692253972893,1692253972896,1693226237145,13,3,10
19208,1693226237145,1692253972909,1692253972913,1693226237162,17,4,13
19209,1693226237162,1692253972918,1692253972921,1693226237169,7,3,4
19210,1693226237169,1692253972925,1692253972929,1693226237178,9,4,5
19211,1693226237178,1692253972933,1692253972936,1693226237184,6,3,3
19212,1693226237184,1692253972940,1692253972943,1693226237191,7,3,4
19213,1693226237191,1692253972947,1692253972951,1693226237199,8,4,4
19214,1693226237199,1692253972963,1692253972966,1693226237215,16,3,13
19215,1693226237215,1692253972971,1692253972974,1693226237222,7,3,4
19216,1693226237222,1692253972978,1692253972982,1693226237230,8,4,4
19217,1693226237230,1692253973034,1692253973038,1693226237286,56,4,52
19218,1693226237286,1692253973058,1692253973062,1693226237310,24,4,20
19219,1693226237310,1692253973097,1692253973100,1693226237349,39,3,36
19220,1693226237349,1692253973104,1692253973107,1693226237356,7,3,4
19221,1693226237356,1692253973114,1692253973117,1693226237366,10,3,7
19222,1693226237366,1692253973126,1692253973128,1693226237377,11,2,9
19223,1693226237377,1692253973186,1692253973189,1693226237437,60,3,57
19224,1693226237437,1692253973226,1692253973229,1693226237477,40,3,37
19225,1693226237477,1692253973233,1692253973236,1693226237484,7,3,4
19226,1693226237484,1692253973277,1692253973280,1693226237529,45,3,42
19227,1693226237529,1692253973296,1692253973299,1693226237548,19,3,16
19228,1693226237548,1692253973321,1692253973324,1693226237572,24,3,21
19229,1693226237573,1692253973328,1692253973330,1693226237579,6,2,4
19230,1693226237579,1692253973341,1692253973344,1693226237593,14,3,11
19231,1693226237593,1692253973353,1692253973356,1693226237605,12,3,9
19232,1693226237605,1692253973361,1692253973363,1693226237611,6,2,4
19233,1693226237612,1692253973369,1692253973372,1693226237621,9,3,6
19234,1693226237621,1692253973390,1692253973393,1693226237642,21,3,18
19235,1693226237642,1692253973398,1692253973400,1693226237649,7,2,5
19236,1693226237649,1692253973405,1692253973408,1693226237657,8,3,5
19237,1693226237657,1692253973413,1692253973416,1693226237664,7,3,4
19238,1693226237665,1692253973420,1692253973423,1693226237674,9,3,6
19239,1693226237674,1692253973429,1692253973432,1693226237681,7,3,4
19240,1693226237681,1692253973437,1692253973440,1693226237689,8,3,5
19241,1693226237689,1692253973444,1692253973447,1693226237695,6,3,3
19242,1693226237695,1692253973451,1692253973454,1693226237703,8,3,5
19243,1693226237703,1692253973473,1692253973476,1693226237725,22,3,19
19244,1693226237725,1692253973510,1692253973521,1693226237769,44,11,33
19245,1693226237769,1692253973529,1692253973532,1693226237781,12,3,9
19246,1693226237781,1692253973538,1692253973543,1693226237792,11,5,6
19247,1693226237792,1692253973547,1692253973550,1693226237799,7,3,4
19248,1693226237799,1692253973558,1692253973561,1693226237810,11,3,8
19249,1693226237810,1692253973566,1692253973579,1693226237827,17,13,4
19250,1693226237827,1692253973656,1692253973660,1693226237909,82,4,78
19251,1693226237909,1692253973680,1692253973683,1693226237931,22,3,19
19252,1693226237931,1692253973694,1692253973697,1693226237945,14,3,11
19253,1693226237945,1692253973701,1692253973704,1693226237953,8,3,5
19254,1693226237953,1692253973709,1692253973712,1693226237961,8,3,5
19255,1693226237961,1692253973716,1692253973720,1693226237968,7,4,3
19256,1693226237968,1692253973753,1692253973756,1693226238004,36,3,33
19257,1693226238004,1692253973760,1692253973763,1693226238012,8,3,5
19258,1693226238013,1692253973770,1692253973773,1693226238021,8,3,5
19259,1693226238021,1692253973777,1692253973781,1693226238029,8,4,4
19260,1693226238029,1692253973801,1692253973804,1693226238052,23,3,20
19261,1693226238052,1692253973845,1692253973848,1693226238097,45,3,42
19262,1693226238097,1692253973866,1692253973870,1693226238118,21,4,17
19263,1693226238118,1692253973874,1692253973878,1693226238127,9,4,5
19264,1693226238127,1692253973883,1692253973887,1693226238135,8,4,4
19265,1693226238136,1692253973993,1692253973996,1693226238245,109,3,106
19266,1693226238245,1692253974000,1692253974003,1693226238252,7,3,4
19267,1693226238252,1692253974013,1692253974016,1693226238265,13,3,10
19268,1693226238265,1692253974020,1692253974024,1693226238272,7,4,3
19269,1693226238272,1692253974035,1692253974040,1693226238288,16,5,11
19270,1693226238288,1692253974044,1692253974048,1693226238296,8,4,4
19271,1693226238296,1692253974054,1692253974057,1693226238306,10,3,7
19272,1693226238306,1692253974102,1692253974105,1693226238353,47,3,44
19273,1693226238353,1692253974133,1692253974136,1693226238385,32,3,29
19274,1693226238385,1692253974140,1692253974144,1693226238392,7,4,3
19275,1693226238392,1692253974173,1692253974176,1693226238425,33,3,30
19276,1693226238425,1692253974197,1692253974200,1693226238449,24,3,21
19277,1693226238449,1692253974205,1692253974207,1693226238456,7,2,5
19278,1693226238456,1692253974211,1692253974214,1693226238463,7,3,4
19279,1693226238463,1692253974222,1692253974226,1693226238474,11,4,7
19280,1693226238474,1692253974230,1692253974233,1693226238482,8,3,5
19281,1693226238482,1692253974246,1692253974248,1693226238501,19,2,17
19282,1693226238501,1692253974258,1692253974260,1693226238509,8,2,6
19283,1693226238509,1692253974267,1692253974271,1693226238520,11,4,7
19284,1693226238520,1692253974278,1692253974280,1693226238553,33,2,31
19285,1693226238553,1692253974345,1692253974348,1693226238596,43,3,40
19286,1693226238596,1692253974354,1692253974356,1693226238605,9,2,7
19287,1693226238605,1692253974360,1692253974363,1693226238611,6,3,3
19288,1693226238611,1692253974402,1692253974405,1693226238654,43,3,40
19289,1693226238654,1692253974437,1692253974440,1693226238689,35,3,32
19290,1693226238689,1692253974463,1692253974466,1693226238714,25,3,22
19291,1693226238714,1692253974485,1692253974488,1693226238736,22,3,19
19292,1693226238736,1692253974491,1692253974495,1693226238743,7,4,3
19293,1693226238743,1692253974505,1692253974508,1693226238756,13,3,10
19294,1693226238756,1692253974513,1692253974516,1693226238765,9,3,6
19295,1693226238765,1692253974522,1692253974527,1693226238929,164,5,159
19296,1693226238929,1692253974686,1692253974689,1693226238937,8,3,5
19297,1693226238937,1692253974693,1692253974697,1693226238945,8,4,4
19298,1693226238945,1692253974706,1692253974708,1693226238957,12,2,10
19299,1693226238957,1692253974714,1692253974717,1693226238965,8,3,5
19300,1693226238965,1692253974741,1692253974744,1693226238993,28,3,25
19301,1693226238993,1692253974754,1692253974756,1693226239032,39,2,37
19302,1693226239032,1692253974810,1692253974813,1693226239062,30,3,27
19303,1693226239062,1692253974833,1692253974836,1693226239084,22,3,19
19304,1693226239084,1692253974840,1692253974843,1693226239091,7,3,4
19305,1693226239091,1692253974851,1692253974853,1693226239102,11,2,9
19306,1693226239102,1692253974861,1692253974865,1693226239114,12,4,8
19307,1693226239114,1692253974870,1692253974873,1693226239121,7,3,4
19308,1693226239122,1692253974877,1692253974880,1693226239128,6,3,3
19309,1693226239128,1692253974896,1692253974899,1693226239148,20,3,17
19310,1693226239148,1692253974929,1692253974932,1693226239210,62,3,59
19311,1693226239210,1692253974965,1692253974968,1693226239217,7,3,4
19312,1693226239217,1692253974977,1692253974979,1693226239228,11,2,9
19313,1693226239228,1692253974984,1692253974987,1693226239236,8,3,5
19314,1693226239236,1692253975033,1692253975036,1693226239285,49,3,46
19315,1693226239286,1692253975042,1692253975045,1693226239294,8,3,5
19316,1693226239294,1692253975050,1692253975053,1693226239302,8,3,5
19317,1693226239302,1692253975058,1692253975061,1693226239312,10,3,7
19318,1693226239312,1692253975091,1692253975093,1693226239343,31,2,29
19319,1693226239343,1692253975141,1692253975146,1693226239395,52,5,47
19320,1693226239395,1692253975225,1692253975228,1693226239476,81,3,78
19321,1693226239477,1692253975238,1692253975241,1693226239489,12,3,9
19322,1693226239489,1692253975245,1692253975248,1693226239497,8,3,5
19323,1693226239497,1692253975293,1692253975296,1693226239545,48,3,45
19324,1693226239545,1692253975301,1692253975304,1693226239553,8,3,5
19325,1693226239553,1692253975317,1692253975320,1693226239569,16,3,13
19326,1693226239569,1692253975330,1692253975333,1693226239582,13,3,10
19327,1693226239582,1692253975353,1692253975356,1693226239604,22,3,19
19328,1693226239604,1692253975362,1692253975365,1693226239614,10,3,7
19329,1693226239614,1692253975374,1692253975376,1693226239625,11,2,9
19330,1693226239625,1692253975380,1692253975384,1693226239632,7,4,3
19331,1693226239632,1692253975394,1692253975396,1693226239645,13,2,11
19332,1693226239645,1692253975401,1692253975405,1693226239653,8,4,4
19333,1693226239653,1692253975454,1692253975456,1693226239705,52,2,50
19334,1693226239705,1692253975462,1692253975465,1693226239713,8,3,5
19335,1693226239713,1692253975474,1692253975476,1693226239725,12,2,10
19336,1693226239725,1692253975482,1692253975484,1693226239733,8,2,6
19337,1693226239733,1692253975539,1692253975542,1693226239792,59,3,56
19338,1693226239792,1692253975548,1692253975550,1693226239799,7,2,5
19339,1693226239799,1692253975556,1692253975559,1693226239808,9,3,6
19340,1693226239808,1692253975613,1692253975616,1693226239865,57,3,54
19341,1693226239865,1692253975653,1692253975656,1693226239904,39,3,36
19342,1693226239904,1692253975661,1692253975664,1693226239913,9,3,6
19343,1693226239913,1692253975701,1692253975704,1693226239952,39,3,36
19344,1693226239952,1692253975746,1692253975749,1693226239998,46,3,43
19345,1693226239998,1692253975762,1692253975766,1693226240014,16,4,12
19346,1693226240014,1692253975787,1692253975790,1693226240039,25,3,22
19347,1693226240039,1692253975814,1692253975817,1693226240066,27,3,24
19348,1693226240066,1692253975866,1692253975870,1693226240119,53,4,49
19349,1693226240119,1692253975875,1692253975878,1693226240174,55,3,52
19350,1693226240174,1692253976034,1692253976038,1693226240286,112,4,108
19351,1693226240286,1692253976043,1692253976070,1693226240318,32,27,5
19352,1693226240318,1692253976149,1692253976152,1693226240401,83,3,80
19353,1693226240401,1692253976162,1692253976165,1693226240413,12,3,9
19354,1693226240413,1692253976169,1692253976172,1693226240420,7,3,4
19355,1693226240420,1692253976176,1692253976179,1693226240428,8,3,5
19356,1693226240428,1692253976184,1692253976188,1693226240440,12,4,8
19357,1693226240440,1692253976196,1692253976199,1693226240447,7,3,4
19358,1693226240447,1692253976203,1692253976206,1693226240455,8,3,5
19359,1693226240455,1692253976211,1692253976214,1693226240463,8,3,5
19360,1693226240463,1692253976219,1692253976222,1693226240471,8,3,5
19361,1693226240471,1692253976226,1692253976229,1693226240478,7,3,4
19362,1693226240478,1692253976234,1692253976237,1693226240486,8,3,5
19363,1693226240486,1692253976241,1692253976246,1693226240495,9,5,4
19364,1693226240495,1692253976251,1692253976254,1693226240502,7,3,4
19365,1693226240502,1692253976258,1692253976260,1693226240509,7,2,5
19366,1693226240509,1692253976265,1692253976267,1693226240516,7,2,5
19367,1693226240516,1692253976271,1692253976274,1693226240523,7,3,4
19368,1693226240523,1692253976294,1692253976296,1693226240545,22,2,20
19369,1693226240545,1692253976301,1692253976304,1693226240553,8,3,5
19370,1693226240553,1692253976309,1692253976312,1693226240560,7,3,4
19371,1693226240560,1692253976316,1692253976319,1693226240568,8,3,5
19372,1693226240568,1692253976323,1692253976326,1693226240575,7,3,4
19373,1693226240575,1692253976338,1692253976340,1693226240589,14,2,12
19374,1693226240589,1692253976357,1692253976360,1693226240611,22,3,19
19375,1693226240611,1692253976437,1692253976440,1693226240688,77,3,74
19376,1693226240688,1692253976444,1692253976449,1693226240698,10,5,5
19377,1693226240698,1692253976453,1692253976456,1693226240713,15,3,12
19378,1693226240713,1692253976480,1692253976483,1693226240731,18,3,15
19379,1693226240731,1692253976487,1692253976489,1693226240738,7,2,5
19380,1693226240738,1692253976494,1692253976497,1693226240746,8,3,5
19381,1693226240746,1692253976526,1692253976528,1693226240777,31,2,29
19382,1693226240777,1692253976533,1692253976536,1693226240784,7,3,4
19383,1693226240784,1692253976541,1692253976544,1693226240794,10,3,7
19384,1693226240794,1692253976550,1692253976554,1693226240803,9,4,5
19385,1693226240803,1692253976570,1692253976573,1693226240822,19,3,16
19386,1693226240822,1692253976580,1692253976584,1693226240832,10,4,6
19387,1693226240832,1692253976588,1692253976591,1693226240840,8,3,5
19388,1693226240840,1692253976660,1692253976664,1693226240913,73,4,69
19389,1693226240913,1692253976669,1692253976672,1693226240921,8,3,5
19390,1693226240921,1692253976677,1692253976684,1693226240932,11,7,4
19391,1693226240933,1692253976730,1692253976733,1693226240982,49,3,46
19392,1693226240982,1692253976746,1692253976751,1693226240999,17,5,12
19393,1693226240999,1692253976758,1692253976761,1693226241009,10,3,7
19394,1693226241009,1692253976770,1692253976772,1693226241021,12,2,10
19395,1693226241021,1692253976777,1692253976780,1693226241029,8,3,5
19396,1693226241029,1692253976794,1692253976796,1693226241045,16,2,14
19397,1693226241045,1692253976801,1692253976804,1693226241053,8,3,5
19398,1693226241053,1692253976837,1692253976840,1693226241089,36,3,33
19399,1693226241089,1692253976844,1692253976847,1693226241096,7,3,4
19400,1693226241096,1692253976851,1692253976854,1693226241103,7,3,4
19401,1693226241103,1692253976869,1692253976882,1693226241131,28,13,15
19402,1693226241131,1692253976887,1692253976890,1693226241138,7,3,4
19403,1693226241138,1692253976897,1692253976900,1693226241149,11,3,8
19404,1693226241149,1692253976905,1692253976907,1693226241156,7,2,5
19405,1693226241156,1692253976921,1692253976924,1693226241172,16,3,13
19406,1693226241172,1692253976938,1692253976940,1693226241189,17,2,15
19407,1693226241189,1692253976946,1692253976950,1693226241198,9,4,5
19408,1693226241198,1692253976954,1692253976957,1693226241206,8,3,5
19409,1693226241206,1692253976961,1692253976964,1693226241213,7,3,4
19410,1693226241213,1692253976968,1692253976971,1693226241219,6,3,3
19411,1693226241219,1692253976979,1692253976983,1693226241231,12,4,8
19412,1693226241231,1692253976987,1692253976990,1693226241238,7,3,4
19413,1693226241238,1692253976994,1692253976998,1693226241246,8,4,4
19414,1693226241246,1692253977006,1692253977008,1693226241257,11,2,9
19415,1693226241257,1692253977034,1692253977037,1693226241286,29,3,26
19416,1693226241286,1692253977043,1692253977061,1693226241310,24,18,6
19417,1693226241310,1692253977106,1692253977108,1693226241357,47,2,45
19418,1693226241357,1692253977141,1692253977144,1693226241393,36,3,33
19419,1693226241393,1692253977166,1692253977169,1693226241417,24,3,21
19420,1693226241417,1692253977173,1692253977176,1693226241425,8,3,5
19421,1693226241425,1692253977181,1692253977184,1693226241432,7,3,4
19422,1693226241432,1692253977188,1692253977191,1693226241439,7,3,4
19423,1693226241439,1692253977194,1692253977197,1693226241446,7,3,4
19424,1693226241446,1692253977202,1692253977204,1693226241453,7,2,5
19425,1693226241453,1692253977208,1692253977211,1693226241463,10,3,7
19426,1693226241463,1692253977241,1692253977244,1693226241493,30,3,27
19427,1693226241493,1692253977257,1692253977260,1693226241509,16,3,13
19428,1693226241509,1692253977264,1692253977281,1693226241530,21,17,4
19429,1693226241530,1692253977286,1692253977289,1693226241537,7,3,4
19430,1693226241537,1692253977293,1692253977296,1693226241544,7,3,4
19431,1693226241544,1692253977373,1692253977376,1693226241625,81,3,78
19432,1693226241625,1692253977382,1692253977384,1693226241633,8,2,6
19433,1693226241633,1692253977401,1692253977404,1693226241653,20,3,17
19434,1693226241653,1692253977410,1692253977413,1693226241661,8,3,5
19435,1693226241661,1692253977417,1692253977420,1693226241668,7,3,4
19436,1693226241668,1692253977424,1692253977427,1693226241675,7,3,4
19437,1693226241675,1692253977437,1692253977440,1693226241689,14,3,11
19438,1693226241689,1692253977445,1692253977448,1693226241696,7,3,4
19439,1693226241696,1692253977452,1692253977455,1693226241703,7,3,4
19440,1693226241703,1692253977459,1692253977462,1693226241711,8,3,5
19441,1693226241711,1692253977474,1692253977476,1693226241725,14,2,12
19442,1693226241725,1692253977481,1692253977484,1693226241732,7,3,4
19443,1693226241732,1692253977509,1692253977512,1693226241760,28,3,25
19444,1693226241760,1692253977534,1692253977537,1693226241786,26,3,23
19445,1693226241786,1692253977542,1692253977546,1693226241794,8,4,4
19446,1693226241794,1692253977558,1692253977561,1693226241809,15,3,12
19447,1693226241809,1692253977565,1692253977569,1693226241817,8,4,4
19448,1693226241817,1692253977573,1692253977576,1693226241824,7,3,4
19449,1693226241824,1692253977580,1692253977583,1693226241832,8,3,5
19450,1693226241832,1692253977597,1692253977600,1693226241848,16,3,13
19451,1693226241848,1692253977614,1692253977617,1693226241865,17,3,14
19452,1693226241865,1692253977621,1692253977624,1693226241873,8,3,5
19453,1693226241873,1692253977633,1692253977636,1693226241885,12,3,9
19454,1693226241885,1692253977658,1692253977662,1693226241910,25,4,21
19455,1693226241911,1692253977667,1692253977670,1693226241919,8,3,5
19456,1693226241919,1692253977678,1692253977681,1693226241931,12,3,9
19457,1693226241931,1692253977796,1692253977823,1693226242072,141,27,114
19458,1693226242072,1692253977830,1692253977845,1693226242105,33,15,18
19459,1693226242105,1692253977861,1692253977865,1693226242114,9,4,5
19460,1693226242114,1692253977921,1692253977924,1693226242173,59,3,56
19461,1693226242173,1692253977934,1692253977937,1693226242186,13,3,10
19462,1693226242186,1692253977949,1692253977952,1693226242201,15,3,12
19463,1693226242201,1692253977981,1692253977984,1693226242232,31,3,28
19464,1693226242232,1692253977997,1692253978000,1693226242249,17,3,14
19465,1693226242249,1692253978005,1692253978009,1693226242258,9,4,5
19466,1693226242259,1692253978033,1692253978036,1693226242285,26,3,23
19467,1693226242285,1692253978041,1692253978085,1693226242333,48,44,4
19468,1693226242333,1692253978194,1692253978197,1693226242446,113,3,110
19469,1693226242446,1692253978226,1692253978229,1693226242477,31,3,28
19470,1693226242477,1692253978233,1692253978236,1693226242486,9,3,6
19471,1693226242486,1692253978242,1692253978245,1693226242494,8,3,5
19472,1693226242494,1692253978250,1692253978252,1693226242501,7,2,5
19473,1693226242501,1692253978257,1692253978260,1693226242508,7,3,4
19474,1693226242508,1692253978289,1692253978292,1693226242540,32,3,29
19475,1693226242540,1692253978302,1692253978305,1693226242554,14,3,11
19476,1693226242554,1692253978341,1692253978344,1693226242592,38,3,35
19477,1693226242592,1692253978354,1692253978356,1693226242605,13,2,11
19478,1693226242605,1692253978361,1692253978364,1693226242612,7,3,4
19479,1693226242612,1692253978378,1692253978380,1693226242629,17,2,15
19480,1693226242629,1692253978394,1692253978396,1693226242645,16,2,14
19481,1693226242645,1692253978401,1692253978404,1693226242652,7,3,4
19482,1693226242652,1692253978435,1692253978439,1693226242687,35,4,31
19483,1693226242687,1692253978497,1692253978500,1693226242749,62,3,59
19484,1693226242749,1692253978506,1692253978509,1693226242758,9,3,6
19485,1693226242758,1692253978541,1692253978544,1693226242794,36,3,33
19486,1693226242794,1692253978550,1692253978553,1693226242801,7,3,4
19487,1693226242801,1692253978574,1692253978578,1693226242826,25,4,21
19488,1693226242827,1692253978594,1692253978597,1693226242846,19,3,16
19489,1693226242846,1692253978603,1692253978606,1693226242854,8,3,5
19490,1693226242854,1692253978610,1692253978613,1693226242862,8,3,5
19491,1693226242862,1692253978618,1692253978621,1693226242870,8,3,5
19492,1693226242870,1692253978626,1692253978629,1693226242905,35,3,32
19493,1693226242905,1692253978663,1692253978666,1693226242914,9,3,6
19494,1693226242914,1692253978671,1692253978673,1693226242922,8,2,6
19495,1693226242922,1692253978682,1692253978685,1693226242933,11,3,8
19496,1693226242933,1692253978689,1692253978692,1693226242941,8,3,5
19497,1693226242941,1692253978696,1692253978699,1693226242948,7,3,4
19498,1693226242948,1692253978704,1692253978706,1693226242955,7,2,5
19499,1693226242955,1692253978710,1692253978713,1693226242962,7,3,4
19500,1693226242962,1692253978718,1692253978721,1693226242969,7,3,4
19501,1693226242969,1692253978862,1692253978865,1693226243114,145,3,142
19502,1693226243114,1692253978875,1692253978880,1693226243129,15,5,10
19503,1693226243129,1692253978890,1692253978893,1693226243141,12,3,9
19504,1693226243141,1692253978897,1692253978900,1693226243148,7,3,4
19505,1693226243148,1692253978926,1692253978929,1693226243178,30,3,27
19506,1693226243178,1692253978942,1692253978944,1693226243193,15,2,13
19507,1693226243193,1692253978997,1692253979000,1693226243249,56,3,53
19508,1693226243249,1692253979005,1692253979008,1693226243256,7,3,4
19509,1693226243256,1692253979018,1692253979020,1693226243269,13,2,11
19510,1693226243270,1692253979034,1692253979037,1693226243286,16,3,13
19511,1693226243286,1692253979042,1692253979063,1693226243312,26,21,5
19512,1693226243312,1692253979121,1692253979125,1693226243374,62,4,58
19513,1693226243374,1692253979129,1692253979132,1693226243381,7,3,4
19514,1693226243381,1692253979150,1692253979152,1693226243401,20,2,18
19515,1693226243401,1692253979229,1692253979232,1693226243481,80,3,77
19516,1693226243481,1692253979258,1692253979260,1693226243510,29,2,27
19517,1693226243510,1692253979369,1692253979372,1693226243621,111,3,108
19518,1693226243621,1692253979382,1692253979385,1693226243633,12,3,9
19519,1693226243633,1692253979397,1692253979401,1693226243650,17,4,13
19520,1693226243650,1692253979477,1692253979480,1693226243729,79,3,76
19521,1693226243729,1692253979501,1692253979504,1693226243753,24,3,21
19522,1693226243753,1692253979513,1692253979516,1693226243764,11,3,8
19523,1693226243764,1692253979520,1692253979523,1693226243771,7,3,4
19524,1693226243771,1692253979541,1692253979544,1693226243792,21,3,18
19525,1693226243792,1692253979549,1692253979558,1693226243806,14,9,5
19526,1693226243806,1692253979614,1692253979617,1693226243865,59,3,56
19527,1693226243865,1692253979647,1692253979650,1693226243898,33,3,30
19528,1693226243898,1692253979680,1692253979684,1693226243932,34,4,30
19529,1693226243932,1692253979689,1692253979692,1693226243940,8,3,5
19530,1693226243940,1692253979705,1692253979708,1693226243960,20,3,17
19531,1693226243960,1692253979738,1692253979740,1693226243989,29,2,27
19532,1693226243989,1692253979745,1692253979748,1693226244025,36,3,33
19533,1693226244025,1692253979781,1692253979784,1693226244032,7,3,4
19534,1693226244032,1692253979788,1692253979791,1693226244039,7,3,4
19535,1693226244039,1692253979806,1692253979809,1693226244058,19,3,16
19536,1693226244058,1692253979833,1692253979836,1693226244085,27,3,24
19537,1693226244085,1692253979859,1692253979863,1693226244112,27,4,23
19538,1693226244112,1692253979868,1692253979871,1693226244120,8,3,5
19539,1693226244120,1692253979886,1692253979891,1693226244139,19,5,14
19540,1693226244139,1692253979963,1692253979966,1693226244215,76,3,73
19541,1693226244215,1692253980045,1692253980049,1693226244297,82,4,78
19542,1693226244297,1692253980054,1692253980059,1693226244308,11,5,6
19543,1693226244308,1692253980070,1692253980073,1693226244322,14,3,11
19544,1693226244322,1692253980077,1692253980081,1693226244330,8,4,4
19545,1693226244330,1692253980090,1692253980093,1693226244342,12,3,9
19546,1693226244342,1692253980146,1692253980149,1693226244398,56,3,53
19547,1693226244398,1692253980154,1692253980158,1693226244407,9,4,5
19548,1693226244407,1692253980163,1692253980166,1693226244415,8,3,5
19549,1693226244415,1692253980171,1692253980175,1693226244423,8,4,4
19550,1693226244423,1692253980193,1692253980196,1693226244457,34,3,31
19551,1693226244457,1692253980229,1692253980233,1693226244481,24,4,20
19552,1693226244481,1692253980245,1692253980266,1693226244514,33,21,12
19553,1693226244514,1692253980270,1692253980273,1693226244522,8,3,5
19554,1693226244523,1692253980278,1692253980282,1693226244531,8,4,4
19555,1693226244531,1692253980313,1692253980316,1693226244564,33,3,30
19556,1693226244564,1692253980320,1692253980323,1693226244571,7,3,4
19557,1693226244571,1692253980327,1692253980330,1693226244579,8,3,5
19558,1693226244579,1692253980347,1692253980350,1693226244599,20,3,17
19559,1693226244599,1692253980355,1692253980358,1693226244606,7,3,4
19560,1693226244606,1692253980363,1692253980366,1693226244614,8,3,5
19561,1693226244614,1692253980370,1692253980373,1693226244621,7,3,4
19562,1693226244621,1692253980385,1692253980388,1693226244637,16,3,13
19563,1693226244637,1692253980421,1692253980425,1693226244673,36,4,32
19564,1693226244673,1692253980438,1692253980441,1693226244690,17,3,14
19565,1693226244690,1692253980446,1692253980449,1693226244697,7,3,4
19566,1693226244697,1692253980453,1692253980456,1693226244705,8,3,5
19567,1693226244705,1692253980460,1692253980463,1693226244711,6,3,3
19568,1693226244711,1692253980493,1692253980496,1693226244745,34,3,31
19569,1693226244745,1692253980530,1692253980533,1693226244781,36,3,33
19570,1693226244781,1692253980537,1692253980541,1693226244790,9,4,5
19571,1693226244790,1692253980546,1692253980549,1693226244798,8,3,5
19572,1693226244798,1692253980589,1692253980592,1693226244846,48,3,45
19573,1693226244846,1692253980602,1692253980605,1693226244854,8,3,5
19574,1693226244854,1692253980613,1692253980616,1693226244865,11,3,8
19575,1693226244865,1692253980623,1692253980626,1693226244874,9,3,6
19576,1693226244874,1692253980637,1692253980645,1693226244895,21,8,13
19577,1693226244895,1692253980654,1692253980657,1693226244906,11,3,8
19578,1693226244906,1692253980662,1692253980666,1693226244914,8,4,4
19579,1693226244914,1692253980670,1692253980675,1693226244924,10,5,5
19580,1693226244924,1692253980706,1692253980709,1693226244969,45,3,42
19581,1693226244969,1692253980737,1692253980740,1693226244988,19,3,16
19582,1693226244988,1692253980754,1692253980756,1693226245005,17,2,15
19583,1693226245005,1692253980761,1692253980764,1693226245013,8,3,5
19584,1693226245013,1692253980769,1692253980772,1693226245020,7,3,4
19585,1693226245020,1692253980781,1692253980784,1693226245033,13,3,10
19586,1693226245033,1692253980797,1692253980800,1693226245048,15,3,12
19587,1693226245048,1692253980814,1692253980816,1693226245065,17,2,15
19588,1693226245065,1692253980826,1692253980829,1693226245077,12,3,9
19589,1693226245077,1692253980860,1692253980864,1693226245112,35,4,31
19590,1693226245113,1692253980869,1692253980872,1693226245121,8,3,5
19591,1693226245121,1692253980880,1692253980883,1693226245133,12,3,9
19592,1693226245133,1692253980905,1692253980908,1693226245157,24,3,21
19593,1693226245157,1692253980912,1692253980915,1693226245164,7,3,4
19594,1693226245164,1692253981004,1692253981007,1693226245256,92,3,89
19595,1693226245256,1692253981014,1692253981017,1693226245266,10,3,7
19596,1693226245266,1692253981034,1692253981037,1693226245285,19,3,16
19597,1693226245285,1692253981041,1692253981045,1693226245293,8,4,4
19598,1693226245293,1692253981051,1692253981054,1693226245303,10,3,7
19599,1693226245303,1692253981102,1692253981104,1693226245353,50,2,48
19600,1693226245354,1692253981146,1692253981149,1693226245398,44,3,41
19601,1693226245398,1692253981230,1692253981233,1693226245481,83,3,80
19602,1693226245481,1692253981237,1692253981239,1693226245488,7,2,5
19603,1693226245488,1692253981262,1692253981265,1693226245513,25,3,22
19604,1693226245513,1692253981277,1692253981281,1693226245529,16,4,12
19605,1693226245529,1692253981318,1692253981321,1693226245569,40,3,37
19606,1693226245569,1692253981369,1692253981372,1693226245620,51,3,48
19607,1693226245620,1692253981376,1692253981379,1693226245628,8,3,5
19608,1693226245628,1692253981383,1692253981386,1693226245635,7,3,4
19609,1693226245635,1692253981391,1692253981394,1693226245642,7,3,4
19610,1693226245643,1692253981398,1692253981402,1693226245650,7,4,3
19611,1693226245650,1692253981410,1692253981412,1693226245660,10,2,8
19612,1693226245660,1692253981521,1692253981524,1693226245773,113,3,110
19613,1693226245773,1692253981534,1692253981538,1693226245787,14,4,10
19614,1693226245788,1692253981545,1692253981548,1693226245796,8,3,5
19615,1693226245796,1692253981552,1692253981555,1693226245804,8,3,5
19616,1693226245804,1692253981589,1692253981592,1693226245841,37,3,34
19617,1693226245841,1692253981597,1692253981600,1693226245849,8,3,5
19618,1693226245849,1692253981614,1692253981616,1693226245865,16,2,14
19619,1693226245866,1692253981622,1692253981625,1693226245873,7,3,4
19620,1693226245873,1692253981665,1692253981668,1693226245917,44,3,41
19621,1693226245917,1692253981673,1692253981675,1693226245924,7,2,5
19622,1693226245924,1692253981740,1692253981743,1693226245992,68,3,65
19623,1693226245992,1692253981747,1692253981751,1693226246000,8,4,4
19624,1693226246000,1692253981755,1692253981758,1693226246007,7,3,4
19625,1693226246007,1692253981764,1692253981767,1693226246016,9,3,6
19626,1693226246016,1692253981771,1692253981774,1693226246023,7,3,4
19627,1693226246023,1692253981779,1692253981782,1693226246031,8,3,5
19628,1693226246031,1692253981787,1692253981789,1693226246038,7,2,5
19629,1693226246038,1692253981793,1692253981797,1693226246045,7,4,3
19630,1693226246045,1692253981801,1692253981805,1693226246053,8,4,4
19631,1693226246053,1692253981809,1692253981812,1693226246060,7,3,4
19632,1693226246060,1692253981816,1692253981820,1693226246072,12,4,8
19633,1693226246072,1692253981861,1692253981864,1693226246112,40,3,37
19634,1693226246112,1692253981868,1692253981871,1693226246120,8,3,5
19635,1693226246120,1692253981875,1692253981881,1693226246130,10,6,4
19636,1693226246130,1692253981886,1692253981888,1693226246138,8,2,6
19637,1693226246138,1692253981902,1692253981905,1693226246153,15,3,12
19638,1693226246153,1692253981908,1692253981912,1693226246160,7,4,3
19639,1693226246160,1692253981917,1692253981919,1693226246168,8,2,6
19640,1693226246168,1692253981923,1692253981926,1693226246174,6,3,3
19641,1693226246174,1692253981946,1692253981948,1693226246197,23,2,21
19642,1693226246197,1692253981952,1692253981955,1693226246203,6,3,3
19643,1693226246203,1692253981960,1692253981962,1693226246211,8,2,6
19644,1693226246211,1692253981967,1692253981970,1693226246218,7,3,4
19645,1693226246218,1692253981974,1692253981977,1693226246225,7,3,4
19646,1693226246225,1692253981996,1692253981999,1693226246248,23,3,20
19647,1693226246248,1692253982014,1692253982017,1693226246265,17,3,14
19648,1693226246265,1692253982030,1692253982033,1693226246282,17,3,14
19649,1693226246282,1692253982038,1692253982041,1693226246289,7,3,4
19650,1693226246289,1692253982045,1692253982049,1693226246298,9,4,5
19651,1693226246298,1692253982054,1692253982057,1693226246306,8,3,5
19652,1693226246306,1692253982062,1692253982065,1693226246313,7,3,4
19653,1693226246313,1692253982090,1692253982093,1693226246342,29,3,26
19654,1693226246342,1692253982098,1692253982100,1693226246349,7,2,5
19655,1693226246349,1692253982105,1692253982108,1693226246356,7,3,4
19656,1693226246356,1692253982112,1692253982115,1693226246364,8,3,5
19657,1693226246364,1692253982129,1692253982133,1693226246381,17,4,13
19658,1693226246381,1692253982161,1692253982164,1693226246413,32,3,29
19659,1693226246413,1692253982169,1692253982172,1693226246420,7,3,4
19660,1693226246420,1692253982193,1692253982196,1693226246445,25,3,22
19661,1693226246445,1692253982241,1692253982244,1693226246493,48,3,45
19662,1693226246493,1692253982250,1692253982253,1693226246502,9,3,6
19663,1693226246502,1692253982262,1692253982265,1693226246514,12,3,9
19664,1693226246514,1692253982294,1692253982296,1693226246545,31,2,29
19665,1693226246545,1692253982312,1692253982316,1693226246564,19,4,15
19666,1693226246565,1692253982330,1692253982333,1693226246583,18,3,15
19667,1693226246583,1692253982338,1692253982341,1693226246589,6,3,3
19668,1693226246590,1692253982345,1692253982348,1693226246597,7,3,4
19669,1693226246597,1692253982373,1692253982376,1693226246637,40,3,37
19670,1693226246637,1692253982392,1692253982395,1693226246644,7,3,4
19671,1693226246644,1692253982400,1692253982403,1693226246652,8,3,5
19672,1693226246652,1692253982408,1692253982411,1693226246659,7,3,4
19673,1693226246659,1692253982415,1692253982418,1693226246666,7,3,4
19674,1693226246666,1692253982422,1692253982425,1693226246673,7,3,4
19675,1693226246673,1692253982429,1692253982432,1693226246680,7,3,4
19676,1693226246680,1692253982442,1692253982444,1693226246693,13,2,11
19677,1693226246693,1692253982448,1692253982451,1693226246700,7,3,4
19678,1693226246700,1692253982455,1692253982458,1693226246706,6,3,3
19679,1693226246706,1692253982465,1692253982468,1693226246716,10,3,7
19680,1693226246716,1692253982489,1692253982492,1693226246741,25,3,22
19681,1693226246741,1692253982541,1692253982544,1693226246792,51,3,48
19682,1693226246792,1692253982548,1692253982567,1693226246815,23,19,4
19683,1693226246815,1692253982673,1692253982676,1693226246925,110,3,107
19684,1693226246925,1692253982682,1692253982688,1693226246936,11,6,5
19685,1693226246936,1692253982868,1692253982872,1693226247121,185,4,181
19686,1693226247121,1692253982877,1692253982896,1693226247145,24,19,5
19687,1693226247145,1692253982949,1692253982952,1693226247201,56,3,53
19688,1693226247201,1692253982957,1692253982960,1693226247208,7,3,4
19689,1693226247208,1692253982964,1692253982967,1693226247215,7,3,4
19690,1693226247215,1692253983009,1692253983012,1693226247269,54,3,51
19691,1693226247269,1692253983030,1692253983033,1693226247282,13,3,10
19692,1693226247282,1692253983042,1692253983044,1693226247293,11,2,9
19693,1693226247293,1692253983051,1692253983055,1693226247303,10,4,6
19694,1693226247304,1692253983085,1692253983089,1693226247337,33,4,29
19695,1693226247337,1692253983129,1692253983132,1693226247388,51,3,48
19696,1693226247388,1692253983293,1692253983296,1693226247544,156,3,153
19697,1693226247545,1692253983302,1692253983304,1693226247553,8,2,6
19698,1693226247553,1692253983365,1692253983368,1693226247620,67,3,64
19699,1693226247620,1692253983386,1692253983388,1693226247637,17,2,15
19700,1693226247637,1692253983437,1692253983440,1693226247715,78,3,75
19701,1693226247715,1692253983471,1692253983474,1693226247722,7,3,4
19702,1693226247722,1692253983479,1692253983482,1693226247731,9,3,6
19703,1693226247731,1692253983490,1692253983492,1693226247741,10,2,8
19704,1693226247741,1692253983529,1692253983532,1693226247780,39,3,36
19705,1693226247780,1692253983541,1692253983544,1693226247793,13,3,10
19706,1693226247793,1692253983548,1692253983622,1693226247871,78,74,4
19707,1693226247871,1692253983626,1692253983629,1693226247878,7,3,4
19708,1693226247878,1692253983641,1692253983644,1693226247892,14,3,11
19709,1693226247892,1692253983648,1692253983651,1693226247900,8,3,5
19710,1693226247900,1692253983656,1692253983658,1693226247907,7,2,5
19711,1693226247907,1692253983673,1692253983676,1693226247925,18,3,15
19712,1693226247925,1692253983681,1692253983688,1693226247936,11,7,4
19713,1693226247936,1692253983692,1692253983696,1693226247945,9,4,5
19714,1693226247945,1692253983706,1692253983709,1693226247958,13,3,10
19715,1693226247958,1692253983717,1692253983720,1693226247969,11,3,8
19716,1693226247969,1692253983741,1692253983744,1693226247993,24,3,21
19717,1693226247993,1692253983754,1692253983757,1693226248005,12,3,9
19718,1693226248005,1692253983762,1692253983765,1693226248016,11,3,8
19719,1693226248016,1692253983772,1692253983775,1693226248023,7,3,4
19720,1693226248023,1692253983787,1692253983790,1693226248039,16,3,13
19721,1693226248039,1692253983802,1692253983805,1693226248054,15,3,12
19722,1693226248054,1692253983810,1692253983814,1693226248063,9,4,5
19723,1693226248063,1692253983833,1692253983836,1693226248084,21,3,18
19724,1693226248084,1692253983854,1692253983856,1693226248105,21,2,19
19725,1693226248105,1692253983863,1692253983867,1693226248119,14,4,10
19726,1693226248119,1692253983876,1692253983879,1693226248128,9,3,6
19727,1693226248128,1692253983884,1692253983887,1693226248135,7,3,4
19728,1693226248135,1692253983891,1692253983895,1693226248143,8,4,4
19729,1693226248144,1692253983904,1692253983907,1693226248155,11,3,8
19730,1693226248155,1692253983911,1692253983914,1693226248162,7,3,4
19731,1693226248162,1692253983918,1692253983921,1693226248170,8,3,5
19732,1693226248170,1692253983925,1692253983929,1693226248177,7,4,3
19733,1693226248177,1692253983933,1692253983936,1693226248185,8,3,5
19734,1693226248185,1692253983941,1692253983944,1693226248193,8,3,5
19735,1693226248193,1692253983948,1692253983951,1693226248200,7,3,4
19736,1693226248200,1692253983955,1692253983958,1693226248206,6,3,3
19737,1693226248206,1692253983962,1692253983964,1693226248213,7,2,5
19738,1693226248213,1692253983969,1692253983972,1693226248221,8,3,5
19739,1693226248221,1692253983976,1692253983980,1693226248229,8,4,4
19740,1693226248229,1692253983984,1692253983987,1693226248236,7,3,4
19741,1693226248236,1692253983992,1692253983995,1693226248244,8,3,5
19742,1693226248244,1692253983999,1692253984002,1693226248251,7,3,4
19743,1693226248251,1692253984006,1692253984009,1693226248258,7,3,4
19744,1693226248258,1692253984014,1692253984017,1693226248265,7,3,4
19745,1693226248265,1692253984021,1692253984024,1693226248272,7,3,4
19746,1693226248272,1692253984028,1692253984032,1693226248280,8,4,4
19747,1693226248280,1692253984036,1692253984039,1693226248288,8,3,5
19748,1693226248288,1692253984044,1692253984047,1693226248296,8,3,5
19749,1693226248296,1692253984052,1692253984055,1693226248304,8,3,5
19750,1693226248304,1692253984060,1692253984064,1693226248314,10,4,6
19751,1693226248314,1692253984070,1692253984073,1693226248323,9,3,6
19752,1693226248323,1692253984078,1692253984081,1693226248330,7,3,4
19753,1693226248330,1692253984087,1692253984090,1693226248339,9,3,6
19754,1693226248339,1692253984095,1692253984100,1693226248348,9,5,4
19755,1693226248348,1692253984104,1692253984107,1693226248356,8,3,5
19756,1693226248356,1692253984111,1692253984115,1693226248363,7,4,3
19757,1693226248363,1692253984119,1692253984122,1693226248371,8,3,5
19758,1693226248371,1692253984126,1692253984129,1693226248378,7,3,4
19759,1693226248378,1692253984134,1692253984139,1693226248388,10,5,5
19760,1693226248388,1692253984144,1692253984147,1693226248396,8,3,5
19761,1693226248396,1692253984152,1692253984156,1693226248404,8,4,4
19762,1693226248404,1692253984160,1692253984164,1693226248413,9,4,5
19763,1693226248413,1692253984168,1692253984171,1693226248420,7,3,4
19764,1693226248420,1692253984175,1692253984178,1693226248426,6,3,3
19765,1693226248426,1692253984182,1692253984185,1693226248434,8,3,5
19766,1693226248434,1692253984190,1692253984193,1693226248441,7,3,4
19767,1693226248441,1692253984197,1692253984200,1693226248449,8,3,5
19768,1693226248449,1692253984205,1692253984208,1693226248456,7,3,4
19769,1693226248456,1692253984212,1692253984216,1693226248464,8,4,4
19770,1693226248464,1692253984220,1692253984224,1693226248472,8,4,4
19771,1693226248472,1692253984228,1692253984231,1693226248479,7,3,4
19772,1693226248479,1692253984235,1692253984239,1693226248488,9,4,5
19773,1693226248488,1692253984244,1692253984247,1693226248495,7,3,4
19774,1693226248495,1692253984251,1692253984254,1693226248503,8,3,5
19775,1693226248503,1692253984259,1692253984263,1693226248511,8,4,4
19776,1693226248511,1692253984302,1692253984305,1693226248554,43,3,40
19777,1693226248554,1692253984310,1692253984313,1693226248562,8,3,5
19778,1693226248562,1692253984329,1692253984332,1693226248581,19,3,16
19779,1693226248581,1692253984378,1692253984381,1693226248630,49,3,46
19780,1693226248630,1692253984390,1692253984393,1693226248642,12,3,9
19781,1693226248642,1692253984398,1692253984400,1693226248649,7,2,5
19782,1693226248649,1692253984405,1692253984408,1693226248656,7,3,4
19783,1693226248656,1692253984412,1692253984415,1693226248664,8,3,5
19784,1693226248664,1692253984420,1692253984423,1693226248672,8,3,5
19785,1693226248672,1692253984427,1692253984430,1693226248679,7,3,4
19786,1693226248679,1692253984435,1692253984438,1693226248686,7,3,4
19787,1693226248686,1692253984447,1692253984450,1693226248698,12,3,9
19788,1693226248698,1692253984454,1692253984457,1693226248706,8,3,5
19789,1693226248706,1692253984464,1692253984467,1693226248716,10,3,7
19790,1693226248716,1692253984474,1692253984477,1693226248726,10,3,7
19791,1693226248726,1692253984482,1692253984485,1693226248733,7,3,4
19792,1693226248734,1692253984490,1692253984492,1693226248741,7,2,5
19793,1693226248741,1692253984497,1692253984500,1693226248749,8,3,5
19794,1693226248749,1692253984505,1692253984508,1693226248757,8,3,5
19795,1693226248757,1692253984512,1692253984516,1693226248765,8,4,4
19796,1693226248765,1692253984521,1692253984534,1693226248782,17,13,4
19797,1693226248782,1692253984541,1692253984544,1693226248792,10,3,7
19798,1693226248793,1692253984550,1692253984553,1693226248802,9,3,6
19799,1693226248802,1692253984558,1692253984561,1693226248809,7,3,4
19800,1693226248809,1692253984565,1692253984568,1693226248817,8,3,5
19801,1693226248817,1692253984572,1692253984575,1693226248824,7,3,4
19802,1693226248824,1692253984580,1692253984583,1693226248831,7,3,4
19803,1693226248831,1692253984589,1692253984592,1693226248840,9,3,6
19804,1693226248840,1692253984596,1692253984599,1693226248847,7,3,4
19805,1693226248848,1692253984605,1692253984608,1693226248857,9,3,6
19806,1693226248857,1692253984613,1692253984616,1693226248865,8,3,5
19807,1693226248865,1692253984622,1692253984672,1693226248921,56,50,6
19808,1693226248921,1692253984676,1692253984680,1693226248928,7,4,3
19809,1693226248928,1692253984706,1692253984709,1693226248957,29,3,26
19810,1693226248957,1692253984714,1692253984716,1693226248964,7,2,5
19811,1693226248965,1692253984720,1692253984723,1693226248971,6,3,3
19812,1693226248971,1692253984757,1692253984760,1693226249008,37,3,34
19813,1693226249008,1692253984774,1692253984776,1693226249025,17,2,15
19814,1693226249025,1692253984781,1692253984785,1693226249033,8,4,4
19815,1693226249033,1692253984794,1692253984797,1693226249045,12,3,9
19816,1693226249045,1692253984805,1692253984808,1693226249056,11,3,8
19817,1693226249056,1692253984817,1692253984820,1693226249069,13,3,10
19818,1693226249069,1692253984826,1692253984829,1693226249078,9,3,6
19819,1693226249078,1692253984841,1692253984844,1693226249092,14,3,11
19820,1693226249092,1692253984876,1692253984879,1693226249128,36,3,33
19821,1693226249128,1692253984884,1692253984887,1693226249136,8,3,5
19822,1693226249136,1692253984982,1692253984985,1693226249234,98,3,95
19823,1693226249234,1692253984989,1692253984992,1693226249241,7,3,4
19824,1693226249241,1692253984999,1692253985001,1693226249250,9,2,7
19825,1693226249250,1692253985005,1692253985008,1693226249257,7,3,4
19826,1693226249257,1692253985013,1692253985016,1693226249265,8,3,5
19827,1693226249265,1692253985020,1692253985023,1693226249272,7,3,4
19828,1693226249272,1692253985027,1692253985030,1693226249278,6,3,3
19829,1693226249279,1692253985035,1692253985039,1693226249287,8,4,4
19830,1693226249287,1692253985044,1692253985047,1693226249296,9,3,6
19831,1693226249296,1692253985194,1692253985197,1693226249446,150,3,147
19832,1693226249446,1692253985210,1692253985212,1693226249461,15,2,13
19833,1693226249461,1692253985216,1692253985220,1693226249469,8,4,4
19834,1693226249469,1692253985226,1692253985229,1693226249477,8,3,5
19835,1693226249477,1692253985233,1692253985236,1693226249484,7,3,4
19836,1693226249484,1692253985341,1692253985344,1693226249593,109,3,106
19837,1693226249593,1692253985349,1692253985352,1693226249600,7,3,4
19838,1693226249601,1692253985394,1692253985396,1693226249645,44,2,42
19839,1693226249645,1692253985521,1692253985524,1693226249773,128,3,125
19840,1693226249773,1692253985530,1692253985533,1693226249781,8,3,5
19841,1693226249781,1692253985542,1692253985545,1693226249793,12,3,9
19842,1693226249793,1692253985566,1692253985570,1693226249818,25,4,21
19843,1693226249818,1692253985621,1692253985624,1693226249873,55,3,52
19844,1693226249873,1692253985633,1692253985636,1693226249884,11,3,8
19845,1693226249884,1692253985662,1692253985665,1693226249913,29,3,26
19846,1693226249913,1692253985668,1692253985672,1693226249920,7,4,3
19847,1693226249920,1692253985677,1692253985680,1693226249928,8,3,5
19848,1693226249928,1692253985684,1692253985721,1693226249969,41,37,4
19849,1693226249969,1692253985726,1692253985729,1693226249978,9,3,6
19850,1693226249978,1692253985745,1692253985748,1693226249997,19,3,16
19851,1693226249997,1692253985797,1692253985800,1693226250049,52,3,49
19852,1693226250049,1692253985853,1692253985856,1693226250104,55,3,52
19853,1693226250104,1692253985860,1692253985863,1693226250111,7,3,4
19854,1693226250111,1692253985869,1692253985872,1693226250121,10,3,7
19855,1693226250121,1692253985881,1692253985884,1693226250133,12,3,9
19856,1693226250133,1692253985938,1692253985941,1693226250190,57,3,54
19857,1693226250190,1692253985946,1692253985949,1693226250199,9,3,6
19858,1693226250199,1692253986010,1692253986012,1693226250262,63,2,61
19859,1693226250262,1692253986035,1692253986038,1693226250287,25,3,22
19860,1693226250287,1692253986069,1692253986072,1693226250320,33,3,30
19861,1693226250320,1692253986078,1692253986081,1693226250329,9,3,6
19862,1693226250329,1692253986093,1692253986096,1693226250345,16,3,13
19863,1693226250345,1692253986101,1692253986103,1693226250352,7,2,5
19864,1693226250352,1692253986147,1692253986151,1693226250399,47,4,43
19865,1693226250399,1692253986265,1692253986268,1693226250517,118,3,115
19866,1693226250517,1692253986278,1692253986281,1693226250530,13,3,10
19867,1693226250530,1692253986285,1692253986288,1693226250536,6,3,3
19868,1693226250536,1692253986292,1692253986295,1693226250543,7,3,4
19869,1693226250543,1692253986322,1692253986325,1693226250575,32,3,29
19870,1693226250575,1692253986331,1692253986335,1693226250584,9,4,5
19871,1693226250584,1692253986349,1692253986352,1693226250600,16,3,13
19872,1693226250600,1692253986356,1692253986359,1693226250608,8,3,5
19873,1693226250608,1692253986364,1692253986366,1693226250615,7,2,5
19874,1693226250615,1692253986370,1692253986374,1693226250622,7,4,3
19875,1693226250622,1692253986378,1692253986381,1693226250630,8,3,5
19876,1693226250630,1692253986409,1692253986412,1693226250660,30,3,27
19877,1693226250660,1692253986453,1692253986455,1693226250704,44,2,42
19878,1693226250704,1692253986490,1692253986493,1693226250741,37,3,34
19879,1693226250741,1692253986497,1692253986499,1693226250748,7,2,5
19880,1693226250748,1692253986503,1692253986506,1693226250755,7,3,4
19881,1693226250755,1692253986510,1692253986514,1693226250762,7,4,3
19882,1693226250762,1692253986530,1692253986533,1693226250782,20,3,17
19883,1693226250782,1692253986538,1692253986541,1693226250789,7,3,4
19884,1693226250789,1692253986546,1692253986549,1693226250798,9,3,6
19885,1693226250798,1692253986554,1692253986558,1693226250807,9,4,5
19886,1693226250807,1692253986677,1692253986680,1693226250929,122,3,119
19887,1693226250929,1692253986685,1692253986688,1693226250965,36,3,33
19888,1693226250965,1692253986722,1692253986726,1693226250975,10,4,6
19889,1693226250975,1692253986731,1692253986733,1693226250982,7,2,5
19890,1693226250982,1692253986739,1692253986742,1693226250991,9,3,6
19891,1693226250991,1692253986747,1692253986750,1693226250999,8,3,5
19892,1693226250999,1692253986762,1692253986764,1693226251017,18,2,16
19893,1693226251017,1692253986773,1692253986776,1693226251025,8,3,5
19894,1693226251025,1692253986789,1692253986792,1693226251041,16,3,13
19895,1693226251041,1692253986825,1692253986828,1693226251076,35,3,32
19896,1693226251076,1692253986865,1692253986868,1693226251117,41,3,38
19897,1693226251117,1692253986873,1692253986876,1693226251125,8,3,5
19898,1693226251125,1692253986881,1692253986884,1693226251133,8,3,5
19899,1693226251133,1692253986889,1692253986894,1693226251142,9,5,4
19900,1693226251142,1692253986914,1692253986918,1693226251169,27,4,23
19901,1693226251169,1692253986925,1692253986927,1693226251175,6,2,4
19902,1693226251176,1692253986946,1692253986948,1693226251197,21,2,19
19903,1693226251197,1692253986970,1692253986973,1693226251221,24,3,21
19904,1693226251221,1692253986977,1692253986980,1693226251228,7,3,4
19905,1693226251228,1692253986984,1692253986987,1693226251236,8,3,5
19906,1693226251236,1692253986992,1692253986995,1693226251243,7,3,4
19907,1693226251243,1692253986999,1692253987003,1693226251252,9,4,5
19908,1693226251252,1692253987007,1692253987010,1693226251258,6,3,3
19909,1693226251258,1692253987014,1692253987017,1693226251265,7,3,4
19910,1693226251266,1692253987022,1692253987025,1693226251273,7,3,4
19911,1693226251273,1692253987033,1692253987036,1693226251284,11,3,8
19912,1693226251284,1692253987041,1692253987045,1693226251294,10,4,6
19913,1693226251294,1692253987061,1692253987064,1693226251312,18,3,15
19914,1693226251312,1692253987069,1692253987072,1693226251320,8,3,5
19915,1693226251320,1692253987081,1692253987085,1693226251333,13,4,9
19916,1693226251333,1692253987101,1692253987104,1693226251357,24,3,21
19917,1693226251357,1692253987112,1692253987116,1693226251364,7,4,3
19918,1693226251364,1692253987120,1692253987123,1693226251372,8,3,5
19919,1693226251372,1692253987130,1692253987132,1693226251381,9,2,7
19920,1693226251381,1692253987137,1692253987140,1693226251388,7,3,4
19921,1693226251388,1692253987144,1692253987148,1693226251396,8,4,4
19922,1693226251396,1692253987197,1692253987200,1693226251449,53,3,50
19923,1693226251449,1692253987204,1692253987207,1693226251455,6,3,3
19924,1693226251456,1692253987250,1692253987253,1693226251502,46,3,43
19925,1693226251502,1692253987265,1692253987268,1693226251517,15,3,12
19926,1693226251517,1692253987278,1692253987281,1693226251530,13,3,10
19927,1693226251530,1692253987286,1692253987289,1693226251537,7,3,4
19928,1693226251537,1692253987295,1692253987298,1693226251546,9,3,6
19929,1693226251546,1692253987313,1692253987317,1693226251565,19,4,15
19930,1693226251565,1692253987329,1692253987332,1693226251580,15,3,12
19931,1693226251580,1692253987338,1692253987340,1693226251589,9,2,7
19932,1693226251589,1692253987346,1692253987349,1693226251600,11,3,8
19933,1693226251600,1692253987405,1692253987408,1693226251657,57,3,54
19934,1693226251657,1692253987413,1692253987415,1693226251664,7,2,5
19935,1693226251664,1692253987420,1692253987423,1693226251672,8,3,5
19936,1693226251672,1692253987441,1692253987444,1693226251693,21,3,18
19937,1693226251693,1692253987497,1692253987500,1693226251748,55,3,52
19938,1693226251748,1692253987504,1692253987507,1693226251756,8,3,5
19939,1693226251756,1692253987513,1692253987516,1693226251764,8,3,5
19940,1693226251764,1692253987521,1692253987524,1693226251773,9,3,6
19941,1693226251773,1692253987530,1692253987532,1693226251781,8,2,6
19942,1693226251781,1692253987562,1692253987566,1693226251814,33,4,29
19943,1693226251814,1692253987571,1692253987582,1693226251831,17,11,6
19944,1693226251831,1692253987645,1692253987650,1693226251899,68,5,63
19945,1693226251899,1692253987658,1692253987661,1693226251909,10,3,7
19946,1693226251909,1692253987676,1692253987679,1693226251927,18,3,15
19947,1693226251927,1692253987684,1692253987688,1693226251937,10,4,6
19948,1693226251937,1692253987786,1692253987789,1693226252038,101,3,98
19949,1693226252038,1692253987797,1692253987800,1693226252049,11,3,8
19950,1693226252049,1692253987805,1692253987808,1693226252061,12,3,9
19951,1693226252061,1692253987822,1692253987829,1693226252077,16,7,9
19952,1693226252077,1692253987842,1692253987844,1693226252093,16,2,14
19953,1693226252093,1692253987880,1692253987883,1693226252132,39,3,36
19954,1693226252132,1692253987888,1692253987892,1693226252140,8,4,4
19955,1693226252140,1692253987905,1692253987909,1693226252157,17,4,13
19956,1693226252157,1692253987914,1692253987917,1693226252165,8,3,5
19957,1693226252165,1692253987922,1692253987925,1693226252175,10,3,7
19958,1693226252175,1692253987931,1692253987933,1693226252182,7,2,5
19959,1693226252182,1692253987938,1692253987940,1693226252189,7,2,5
19960,1693226252189,1692253987945,1692253987949,1693226252197,8,4,4
19961,1693226252197,1692253987953,1692253987956,1693226252205,8,3,5
19962,1693226252205,1692253987960,1692253987964,1693226252215,10,4,6
19963,1693226252215,1692253987984,1692253987987,1693226252235,20,3,17
19964,1693226252235,1692253987991,1692253987994,1693226252243,8,3,5
19965,1693226252243,1692253988006,1692253988008,1693226252257,14,2,12
19966,1693226252257,1692253988013,1692253988016,1693226252264,7,3,4
19967,1693226252264,1692253988021,1692253988024,1693226252273,9,3,6
19968,1693226252273,1692253988030,1692253988033,1693226252282,9,3,6
19969,1693226252282,1692253988043,1692253988047,1693226252295,13,4,9
19970,1693226252295,1692253988070,1692253988073,1693226252321,26,3,23
19971,1693226252321,1692253988081,1692253988105,1693226252354,33,24,9
19972,1693226252354,1692253988110,1692253988117,1693226252365,11,7,4
19973,1693226252365,1692253988129,1692253988132,1693226252380,15,3,12
19974,1693226252380,1692253988136,1692253988139,1693226252388,8,3,5
19975,1693226252388,1692253988144,1692253988147,1693226252396,8,3,5
19976,1693226252396,1692253988151,1692253988155,1693226252403,7,4,3
19977,1693226252403,1692253988159,1692253988162,1693226252410,7,3,4
19978,1693226252410,1692253988166,1692253988169,1693226252419,9,3,6
19979,1693226252419,1692253988175,1692253988178,1693226252426,7,3,4
19980,1693226252426,1692253988182,1692253988185,1693226252433,7,3,4
19981,1693226252433,1692253988189,1692253988194,1693226252442,9,5,4
19982,1693226252442,1692253988229,1692253988232,1693226252480,38,3,35
19983,1693226252480,1692253988237,1692253988240,1693226252489,9,3,6
19984,1693226252489,1692253988244,1692253988248,1693226252496,7,4,3
19985,1693226252496,1692253988252,1692253988255,1693226252503,7,3,4
19986,1693226252503,1692253988260,1692253988273,1693226252521,18,13,5
19987,1693226252521,1692253988277,1692253988280,1693226252528,7,3,4
19988,1693226252528,1692253988284,1692253988287,1693226252536,8,3,5
19989,1693226252536,1692253988292,1692253988295,1693226252544,8,3,5
19990,1693226252544,1692253988300,1692253988303,1693226252552,8,3,5
19991,1693226252552,1692253988377,1692253988380,1693226252628,76,3,73
19992,1693226252628,1692253988406,1692253988409,1693226252657,29,3,26
19993,1693226252657,1692253988423,1692253988426,1693226252674,17,3,14
19994,1693226252674,1692253988430,1692253988433,1693226252685,11,3,8
19995,1693226252685,1692253988441,1692253988444,1693226252694,9,3,6
19996,1693226252694,1692253988449,1692253988452,1693226252703,9,3,6
19997,1693226252703,1692253988460,1692253988464,1693226252712,9,4,5
19998,1693226252712,1692253988468,1692253988471,1693226252722,10,3,7
19999,1693226252722,1692253988478,1692253988501,1693226252750,28,23,5
20000,1693226252750,1692253988506,1692253988510,1693226252761,11,4,7
20001,1693226252761,1692253988529,1692253988532,1693226252780,19,3,16
20002,1693226252780,1692253988536,1692253988539,1693226252788,8,3,5
20003,1693226252788,1692253988544,1692253988547,1693226252795,7,3,4
20004,1693226252795,1692253988551,1692253988554,1693226252802,7,3,4
20005,1693226252802,1692253988558,1692253988565,1693226252814,12,7,5
20006,1693226252814,1692253988580,1692253988595,1693226252845,31,15,16
20007,1693226252845,1692253988600,1692253988604,1693226252852,7,4,3
20008,1693226252852,1692253988608,1692253988611,1693226252860,8,3,5
20009,1693226252860,1692253988616,1692253988619,1693226252867,7,3,4
20010,1693226252867,1692253988623,1692253988626,1693226252875,8,3,5
20011,1693226252875,1692253988631,1692253988634,1693226252882,7,3,4
20012,1693226252882,1692253988639,1692253988641,1693226252890,8,2,6
20013,1693226252890,1692253988650,1692253988652,1693226252901,11,2,9
20014,1693226252901,1692253988656,1692253988660,1693226252908,7,4,3
20015,1693226252908,1692253988676,1692253988680,1693226252931,23,4,19
20016,1693226252931,1692253988687,1692253988692,1693226252940,9,5,4
20017,1693226252940,1692253988714,1692253988716,1693226252965,25,2,23
20018,1693226252965,1692253988721,1692253988725,1693226252976,11,4,7
20019,1693226252976,1692253988732,1692253988735,1693226252984,8,3,5
20020,1693226252984,1692253988740,1692253988744,1693226252992,8,4,4
20021,1693226252992,1692253988750,1692253988753,1693226253002,10,3,7
20022,1693226253002,1692253988760,1692253988777,1693226253026,24,17,7
20023,1693226253026,1692253988782,1692253988785,1693226253034,8,3,5
20024,1693226253034,1692253988790,1692253988793,1693226253041,7,3,4
20025,1693226253041,1692253988798,1692253988800,1693226253049,8,2,6
20026,1693226253049,1692253988805,1692253988808,1693226253056,7,3,4
20027,1693226253056,1692253988874,1692253988877,1693226253125,69,3,66
20028,1693226253125,1692253988885,1692253988889,1693226253137,12,4,8
20029,1693226253137,1692253988893,1692253988896,1693226253145,8,3,5
20030,1693226253145,1692253988901,1692253988905,1693226253154,9,4,5
20031,1693226253154,1692253988911,1692253988914,1693226253163,9,3,6
20032,1693226253163,1692253988918,1692253988921,1693226253170,7,3,4
20033,1693226253170,1692253989025,1692253989028,1693226253277,107,3,104
20034,1693226253277,1692253989036,1692253989039,1693226253288,11,3,8
20035,1693226253288,1692253989044,1692253989047,1693226253296,8,3,5
20036,1693226253296,1692253989090,1692253989093,1693226253341,45,3,42
20037,1693226253342,1692253989173,1692253989177,1693226253425,83,4,79
20038,1693226253425,1692253989186,1692253989188,1693226253437,12,2,10
20039,1693226253437,1692253989202,1692253989204,1693226253453,16,2,14
20040,1693226253453,1692253989210,1692253989212,1693226253461,8,2,6
20041,1693226253461,1692253989417,1692253989420,1693226253668,207,3,204
20042,1693226253668,1692253989505,1692253989508,1693226253757,89,3,86
20043,1693226253757,1692253989522,1692253989525,1693226253773,16,3,13
20044,1693226253773,1692253989570,1692253989573,1693226253822,49,3,46
20045,1693226253822,1692253989578,1692253989581,1693226253830,8,3,5
20046,1693226253830,1692253989680,1692253989683,1693226253932,102,3,99
20047,1693226253932,1692253989688,1692253989691,1693226253940,8,3,5
20048,1693226253940,1692253989774,1692253989777,1693226254026,86,3,83
20049,1693226254026,1692253989784,1692253989787,1693226254035,9,3,6
20050,1693226254035,1692253989791,1692253989794,1693226254042,7,3,4
20051,1693226254042,1692253989798,1692253989801,1693226254050,8,3,5
20052,1693226254050,1692253989813,1692253989816,1693226254064,14,3,11
20053,1693226254064,1692253989842,1692253989850,1693226254099,35,8,27
20054,1693226254099,1692253989855,1692253989859,1693226254107,8,4,4
20055,1693226254107,1692253989863,1692253989866,1693226254114,7,3,4
20056,1693226254114,1692253989874,1692253989877,1693226254125,11,3,8
20057,1693226254126,1692253989885,1692253989888,1693226254137,11,3,8
20058,1693226254137,1692253989893,1692253989896,1693226254144,7,3,4
20059,1693226254144,1692253989902,1692253989905,1693226254153,9,3,6
20060,1693226254153,1692253989910,1692253989912,1693226254161,8,2,6
20061,1693226254161,1692253989947,1692253989949,1693226254198,37,2,35
20062,1693226254198,1692253989961,1692253989964,1693226254213,15,3,12
20063,1693226254213,1692253989974,1692253989986,1693226254234,21,12,9
20064,1693226254234,1692253990035,1692253990039,1693226254288,54,4,50
20065,1693226254288,1692253990043,1692253990047,1693226254295,7,4,3
20066,1693226254295,1692253990051,1692253990054,1693226254302,7,3,4
20067,1693226254302,1692253990058,1692253990062,1693226254310,8,4,4
20068,1693226254310,1692253990141,1692253990145,1693226254409,99,4,95
20069,1693226254409,1692253990170,1692253990173,1693226254421,12,3,9
20070,1693226254421,1692253990186,1692253990189,1693226254437,16,3,13
20071,1693226254437,1692253990206,1692253990208,1693226254457,20,2,18
20072,1693226254457,1692253990213,1692253990215,1693226254464,7,2,5
20073,1693226254464,1692253990225,1692253990227,1693226254476,12,2,10
20074,1693226254476,1692253990238,1692253990241,1693226254489,13,3,10
20075,1693226254489,1692253990244,1692253990248,1693226254496,7,4,3
20076,1693226254496,1692253990274,1692253990277,1693226254526,30,3,27
20077,1693226254526,1692253990282,1692253990284,1693226254533,7,2,5
20078,1693226254533,1692253990313,1692253990316,1693226254564,31,3,28
20079,1693226254564,1692253990349,1692253990352,1693226254601,37,3,34
20080,1693226254601,1692253990357,1692253990359,1693226254608,7,2,5
20081,1693226254608,1692253990365,1692253990368,1693226254617,9,3,6
20082,1693226254617,1692253990389,1692253990392,1693226254640,23,3,20
20083,1693226254640,1692253990449,1692253990452,1693226254701,61,3,58
20084,1693226254701,1692253990506,1692253990509,1693226254757,56,3,53
20085,1693226254757,1692253990529,1692253990532,1693226254780,23,3,20
20086,1693226254780,1692253990538,1692253990540,1693226254790,10,2,8
20087,1693226254790,1692253990546,1692253990552,1693226254800,10,6,4
20088,1693226254800,1692253990556,1692253990559,1693226254808,8,3,5
20089,1693226254808,1692253990564,1692253990587,1693226254836,28,23,5
20090,1693226254836,1692253990653,1692253990656,1693226254909,73,3,70
20091,1693226254909,1692253990676,1692253990681,1693226254930,21,5,16
20092,1693226254930,1692253990686,1692253990690,1693226254938,8,4,4
20093,1693226254938,1692253990694,1692253990698,1693226254946,8,4,4
20094,1693226254946,1692253990702,1692253990705,1693226254953,7,3,4
20095,1693226254953,1692253990734,1692253990736,1693226254985,32,2,30
20096,1693226254985,1692253990741,1692253990744,1693226254992,7,3,4
20097,1693226254992,1692253990750,1692253990752,1693226255001,9,2,7
20098,1693226255001,1692253990759,1692253990762,1693226255010,9,3,6
20099,1693226255010,1692253990777,1692253990779,1693226255033,23,2,21
20100,1693226255033,1692253990788,1692253990791,1693226255040,7,3,4
20101,1693226255040,1692253990796,1692253990798,1693226255047,7,2,5
20102,1693226255047,1692253990803,1692253990805,1693226255054,7,2,5
20103,1693226255054,1692253990861,1692253990864,1693226255112,58,3,55
20104,1693226255112,1692253990868,1692253990871,1693226255119,7,3,4
20105,1693226255119,1692253990876,1692253990879,1693226255127,8,3,5
20106,1693226255127,1692253990899,1692253990902,1693226255151,24,3,21
20107,1693226255151,1692253990910,1692253990913,1693226255162,11,3,8
20108,1693226255162,1692253990918,1692253990921,1693226255170,8,3,5
20109,1693226255170,1692253990926,1692253990929,1693226255178,8,3,5
20110,1693226255178,1692253990934,1692253990937,1693226255186,8,3,5
20111,1693226255186,1692253990946,1692253990949,1693226255198,12,3,9
20112,1693226255198,1692253990997,1692253991000,1693226255249,51,3,48
20113,1693226255249,1692253991005,1692253991008,1693226255257,8,3,5
20114,1693226255257,1692253991013,1692253991016,1693226255264,7,3,4
20115,1693226255264,1692253991021,1692253991023,1693226255272,8,2,6
20116,1693226255272,1692253991036,1692253991040,1693226255289,17,4,13
20117,1693226255289,1692253991044,1692253991047,1693226255295,6,3,3
20118,1693226255295,1692253991051,1692253991054,1693226255302,7,3,4
20119,1693226255302,1692253991073,1692253991076,1693226255325,23,3,20
20120,1693226255325,1692253991097,1692253991100,1693226255349,24,3,21
20121,1693226255349,1692253991105,1692253991108,1693226255357,8,3,5
20122,1693226255357,1692253991113,1692253991116,1693226255365,8,3,5
20123,1693226255365,1692253991120,1692253991123,1693226255371,6,3,3
20124,1693226255371,1692253991138,1692253991141,1693226255389,18,3,15
20125,1693226255389,1692253991145,1692253991148,1693226255397,8,3,5
20126,1693226255397,1692253991154,1692253991156,1693226255405,8,2,6
20127,1693226255405,1692253991177,1692253991181,1693226255430,25,4,21
20128,1693226255430,1692253991185,1692253991188,1693226255437,7,3,4
20129,1693226255437,1692253991193,1692253991197,1693226255445,8,4,4
20130,1693226255446,1692253991225,1692253991228,1693226255476,30,3,27
20131,1693226255476,1692253991232,1692253991235,1693226255483,7,3,4
20132,1693226255483,1692253991238,1692253991241,1693226255491,8,3,5
20133,1693226255491,1692253991247,1692253991250,1693226255498,7,3,4
20134,1693226255498,1692253991262,1692253991265,1693226255513,15,3,12
20135,1693226255513,1692253991273,1692253991276,1693226255524,11,3,8
20136,1693226255524,1692253991290,1692253991293,1693226255541,17,3,14
20137,1693226255541,1692253991321,1692253991324,1693226255573,32,3,29
20138,1693226255573,1692253991329,1692253991331,1693226255580,7,2,5
20139,1693226255580,1692253991336,1692253991339,1693226255588,8,3,5
20140,1693226255588,1692253991344,1692253991347,1693226255595,7,3,4
20141,1693226255596,1692253991351,1692253991355,1693226255603,7,4,3
20142,1693226255603,1692253991359,1692253991361,1693226255610,7,2,5
20143,1693226255610,1692253991365,1692253991368,1693226255617,7,3,4
20144,1693226255617,1692253991372,1692253991375,1693226255624,7,3,4
20145,1693226255624,1692253991380,1692253991383,1693226255631,7,3,4
20146,1693226255631,1692253991387,1692253991390,1693226255638,7,3,4
20147,1693226255638,1692253991394,1692253991397,1693226255645,7,3,4
20148,1693226255646,1692253991401,1692253991405,1693226255653,7,4,3
20149,1693226255653,1692253991408,1692253991411,1693226255660,7,3,4
20150,1693226255660,1692253991416,1692253991419,1693226255667,7,3,4
20151,1693226255667,1692253991446,1692253991449,1693226255697,30,3,27
20152,1693226255697,1692253991461,1692253991465,1693226255713,16,4,12
20153,1693226255713,1692253991469,1692253991473,1693226255722,9,4,5
20154,1693226255722,1692253991478,1692253991480,1693226255729,7,2,5
20155,1693226255729,1692253991485,1692253991488,1693226255736,7,3,4
20156,1693226255736,1692253991496,1692253991499,1693226255748,12,3,9
20157,1693226255748,1692253991503,1692253991506,1693226255754,6,3,3
20158,1693226255755,1692253991511,1692253991514,1693226255763,8,3,5
20159,1693226255763,1692253991525,1692253991528,1693226255776,13,3,10
20160,1693226255776,1692253991541,1692253991544,1693226255792,16,3,13
20161,1693226255792,1692253991551,1692253991555,1693226255804,12,4,8
20162,1693226255804,1692253991560,1692253991564,1693226255814,10,4,6
20163,1693226255814,1692253991622,1692253991625,1693226255874,60,3,57
20164,1693226255874,1692253991641,1692253991645,1693226255894,20,4,16
20165,1693226255894,1692253991662,1692253991665,1693226255913,19,3,16
20166,1693226255913,1692253991670,1692253991673,1693226255922,9,3,6
20167,1693226255922,1692253991710,1692253991715,1693226255963,41,5,36
20168,1693226255963,1692253991720,1692253991723,1693226255971,8,3,5
20169,1693226255971,1692253991746,1692253991748,1693226255997,26,2,24
20170,1693226255997,1692253991753,1692253991756,1693226256004,7,3,4
20171,1693226256004,1692253991760,1692253991763,1693226256011,7,3,4
20172,1693226256011,1692253991781,1692253991784,1693226256033,22,3,19
20173,1693226256033,1692253991789,1692253991792,1693226256040,7,3,4
20174,1693226256040,1692253991796,1692253991799,1693226256047,7,3,4
20175,1693226256047,1692253991838,1692253991841,1693226256089,42,3,39
20176,1693226256089,1692253991862,1692253991865,1693226256113,24,3,21
20177,1693226256114,1692253991873,1692253991877,1693226256125,11,4,7
20178,1693226256125,1692253991897,1692253991901,1693226256149,24,4,20
20179,1693226256149,1692253991933,1692253991936,1693226256186,37,3,34
20180,1693226256186,1692253991953,1692253991958,1693226256208,22,5,17
20181,1693226256208,1692253991964,1692253991967,1693226256216,8,3,5
20182,1693226256216,1692253991989,1692253991992,1693226256240,24,3,21
20183,1693226256240,1692253991996,1692253991999,1693226256247,7,3,4
20184,1693226256247,1692253992003,1692253992006,1693226256255,8,3,5
20185,1693226256255,1692253992011,1692253992014,1693226256262,7,3,4
20186,1693226256262,1692253992033,1692253992036,1693226256285,23,3,20
20187,1693226256285,1692253992041,1692253992044,1693226256292,7,3,4
20188,1693226256293,1692253992048,1692253992051,1693226256300,7,3,4
20189,1693226256300,1692253992080,1692253992083,1693226256331,31,3,28
20190,1693226256331,1692253992102,1692253992105,1693226256353,22,3,19
20191,1693226256353,1692253992154,1692253992156,1693226256404,51,2,49
20192,1693226256405,1692253992193,1692253992196,1693226256444,39,3,36
20193,1693226256444,1692253992202,1692253992205,1693226256454,10,3,7
20194,1693226256454,1692253992233,1692253992236,1693226256485,31,3,28
20195,1693226256485,1692253992241,1692253992244,1693226256493,8,3,5
20196,1693226256493,1692253992249,1692253992252,1693226256501,8,3,5
20197,1693226256501,1692253992257,1692253992260,1693226256509,8,3,5
20198,1693226256509,1692253992429,1692253992433,1693226256681,172,4,168
20199,1693226256681,1692253992449,1692253992452,1693226256701,20,3,17
20200,1693226256701,1692253992462,1692253992466,1693226256714,13,4,9
20201,1693226256714,1692253992470,1692253992473,1693226256721,7,3,4
20202,1693226256721,1692253992497,1692253992500,1693226256749,28,3,25
20203,1693226256749,1692253992506,1692253992509,1693226256757,8,3,5
20204,1693226256757,1692253992513,1692253992516,1693226256765,8,3,5
20205,1693226256765,1692253992520,1692253992523,1693226256771,6,3,3
20206,1693226256771,1692253992527,1692253992530,1693226256778,7,3,4
20207,1693226256778,1692253992534,1692253992537,1693226256785,7,3,4
20208,1693226256785,1692253992542,1692253992544,1693226256793,8,2,6
20209,1693226256793,1692253992552,1692253992555,1693226256803,10,3,7
20210,1693226256803,1692253992560,1692253992563,1693226256811,8,3,5
20211,1693226256811,1692253992609,1692253992612,1693226256860,49,3,46
20212,1693226256860,1692253992625,1692253992628,1693226256876,16,3,13
20213,1693226256876,1692253992637,1692253992640,1693226256889,13,3,10
20214,1693226256889,1692253992645,1692253992648,1693226256897,8,3,5
20215,1693226256897,1692253992653,1692253992657,1693226256905,8,4,4
20216,1693226256905,1692253992664,1692253992666,1693226256914,9,2,7
20217,1693226256915,1692253992682,1692253992686,1693226256934,19,4,15
20218,1693226256934,1692253992701,1692253992704,1693226256952,18,3,15
20219,1693226256952,1692253992766,1692253992769,1693226257018,66,3,63
20220,1693226257018,1692253992826,1692253992828,1693226257077,59,2,57
20221,1693226257077,1692253992841,1692253992844,1693226257092,15,3,12
20222,1693226257092,1692253992854,1692253992856,1693226257105,13,2,11
20223,1693226257105,1692253992869,1692253992872,1693226257120,15,3,12
20224,1693226257120,1692253992876,1692253992879,1693226257129,9,3,6
20225,1693226257129,1692253992886,1692253992889,1693226257137,8,3,5
20226,1693226257137,1692253992892,1692253992895,1693226257144,7,3,4
20227,1693226257145,1692253992901,1692253992904,1693226257153,8,3,5
20228,1693226257153,1692253992909,1692253992913,1693226257161,8,4,4
20229,1693226257161,1692253992929,1692253992932,1693226257181,20,3,17
20230,1693226257181,1692253993014,1692253993017,1693226257266,85,3,82
20231,1693226257266,1692253993022,1692253993025,1693226257273,7,3,4
20232,1693226257274,1692253993040,1692253993044,1693226257293,19,4,15
20233,1693226257293,1692253993052,1692253993055,1693226257303,10,3,7
20234,1693226257303,1692253993086,1692253993089,1693226257338,35,3,32
20235,1693226257338,1692253993098,1692253993125,1693226257373,35,27,8
20236,1693226257373,1692253993137,1692253993140,1693226257388,15,3,12
20237,1693226257388,1692253993145,1692253993149,1693226257398,10,4,6
20238,1693226257398,1692253993154,1692253993157,1693226257405,7,3,4
20239,1693226257405,1692253993162,1692253993165,1693226257413,8,3,5
20240,1693226257413,1692253993169,1692253993172,1693226257420,7,3,4
20241,1693226257420,1692253993176,1692253993179,1693226257427,7,3,4
20242,1693226257428,1692253993183,1692253993186,1693226257436,8,3,5
20243,1693226257436,1692253993194,1692253993197,1693226257445,9,3,6
20244,1693226257446,1692253993202,1692253993205,1693226257453,7,3,4
20245,1693226257453,1692253993208,1692253993211,1693226257460,7,3,4
20246,1693226257460,1692253993216,1692253993219,1693226257467,7,3,4
20247,1693226257467,1692253993223,1692253993226,1693226257474,7,3,4
20248,1693226257474,1692253993230,1692253993233,1693226257481,7,3,4
20249,1693226257482,1692253993273,1692253993276,1693226257524,42,3,39
20250,1693226257524,1692253993290,1692253993292,1693226257541,17,2,15
20251,1693226257541,1692253993329,1692253993332,1693226257580,39,3,36
20252,1693226257580,1692253993336,1692253993339,1693226257587,7,3,4
20253,1693226257587,1692253993343,1692253993346,1693226257594,7,3,4
20254,1693226257594,1692253993351,1692253993355,1693226257603,9,4,5
20255,1693226257603,1692253993373,1692253993376,1693226257624,21,3,18
20256,1693226257624,1692253993380,1692253993383,1693226257637,13,3,10
20257,1693226257637,1692253993396,1692253993399,1693226257647,10,3,7
20258,1693226257648,1692253993403,1692253993406,1693226257655,7,3,4
20259,1693226257655,1692253993412,1692253993415,1693226257663,8,3,5
20260,1693226257663,1692253993430,1692253993433,1693226257681,18,3,15
20261,1693226257681,1692253993437,1692253993440,1693226257688,7,3,4
20262,1693226257688,1692253993445,1692253993448,1693226257696,8,3,5
20263,1693226257696,1692253993452,1692253993456,1693226257704,8,4,4
20264,1693226257704,1692253993479,1692253993482,1693226257731,27,3,24
20265,1693226257731,1692253993494,1692253993496,1693226257744,13,2,11
20266,1693226257744,1692253993502,1692253993505,1693226257753,9,3,6
20267,1693226257753,1692253993509,1692253993513,1693226257761,8,4,4
20268,1693226257761,1692253993516,1692253993519,1693226257767,6,3,3
20269,1693226257767,1692253993524,1692253993527,1693226257775,8,3,5
20270,1693226257775,1692253993541,1692253993544,1693226257792,17,3,14
20271,1693226257792,1692253993551,1692253993555,1693226257803,11,4,7
20272,1693226257803,1692253993559,1692253993563,1693226257812,9,4,5
20273,1693226257812,1692253993590,1692253993617,1693226257866,54,27,27
20274,1693226257866,1692253993622,1692253993627,1693226257875,9,5,4
20275,1693226257875,1692253993638,1692253993641,1693226257889,14,3,11
20276,1693226257889,1692253993646,1692253993649,1693226257901,12,3,9
20277,1693226257901,1692253993678,1692253993682,1693226257930,29,4,25
20278,1693226257930,1692253993689,1692253993696,1693226257949,19,7,12
20279,1693226257949,1692253993727,1692253993730,1693226257978,29,3,26
20280,1693226257978,1692253993734,1692253993737,1693226257986,8,3,5
20281,1693226257986,1692253993745,1692253993749,1693226257997,11,4,7
20282,1693226257997,1692253993753,1692253993756,1693226258005,8,3,5
20283,1693226258005,1692253993761,1692253993764,1693226258012,7,3,4
20284,1693226258012,1692253993770,1692253993773,1693226258021,9,3,6
20285,1693226258021,1692253993777,1692253993780,1693226258028,7,3,4
20286,1693226258028,1692253993786,1692253993789,1693226258037,9,3,6
20287,1693226258037,1692253993794,1692253993818,1693226258066,29,24,5
20288,1693226258066,1692253993862,1692253993865,1693226258113,47,3,44
20289,1693226258113,1692253993871,1692253993874,1693226258122,9,3,6
20290,1693226258122,1692253993878,1692253993882,1693226258130,8,4,4
20291,1693226258130,1692253993898,1692253993901,1693226258149,19,3,16
20292,1693226258149,1692253993908,1692253993911,1693226258159,10,3,7
20293,1693226258159,1692253993973,1692253993976,1693226258224,65,3,62
20294,1693226258224,1692253993990,1692253993993,1693226258241,17,3,14
20295,1693226258241,1692253994006,1692253994009,1693226258257,16,3,13
20296,1693226258257,1692253994013,1692253994016,1693226258264,7,3,4
20297,1693226258264,1692253994020,1692253994023,1693226258271,7,3,4
20298,1693226258272,1692253994033,1692253994036,1693226258286,14,3,11
20299,1693226258286,1692253994042,1692253994048,1693226258297,11,6,5
20300,1693226258297,1692253994063,1692253994067,1693226258315,18,4,14
20301,1693226258315,1692253994071,1692253994074,1693226258322,7,3,4
20302,1693226258322,1692253994081,1692253994084,1693226258333,11,3,8
20303,1693226258333,1692253994089,1692253994091,1693226258340,7,2,5
20304,1693226258340,1692253994096,1692253994099,1693226258347,7,3,4
20305,1693226258347,1692253994103,1692253994106,1693226258354,7,3,4
20306,1693226258354,1692253994113,1692253994116,1693226258365,11,3,8
20307,1693226258365,1692253994121,1692253994123,1693226258372,7,2,5
20308,1693226258372,1692253994128,1692253994131,1693226258379,7,3,4
20309,1693226258379,1692253994135,1692253994138,1693226258386,7,3,4
20310,1693226258386,1692253994142,1692253994146,1693226258395,9,4,5
20311,1693226258395,1692253994150,1692253994153,1693226258402,7,3,4
20312,1693226258402,1692253994157,1692253994160,1693226258408,6,3,3
20313,1693226258408,1692253994164,1692253994168,1693226258416,8,4,4
20314,1693226258416,1692253994172,1692253994175,1693226258423,7,3,4
20315,1693226258424,1692253994179,1692253994182,1693226258431,7,3,4
20316,1693226258431,1692253994187,1692253994189,1693226258437,6,2,4
20317,1693226258437,1692253994217,1692253994220,1693226258468,31,3,28
20318,1693226258468,1692253994224,1692253994227,1693226258476,8,3,5
20319,1693226258476,1692253994297,1692253994300,1693226258549,73,3,70
20320,1693226258549,1692253994304,1692253994307,1693226258555,6,3,3
20321,1693226258555,1692253994329,1692253994332,1693226258580,25,3,22
20322,1693226258580,1692253994377,1692253994380,1693226258629,49,3,46
20323,1693226258629,1692253994421,1692253994424,1693226258672,43,3,40
20324,1693226258672,1692253994428,1692253994431,1693226258679,7,3,4
20325,1693226258679,1692253994481,1692253994484,1693226258732,53,3,50
20326,1693226258733,1692253994488,1692253994492,1693226258740,7,4,3
20327,1693226258740,1692253994496,1692253994499,1693226258747,7,3,4
20328,1693226258747,1692253994522,1692253994526,1693226258774,27,4,23
20329,1693226258774,1692253994529,1692253994533,1693226258781,7,4,3
20330,1693226258781,1692253994542,1692253994545,1693226258793,12,3,9
20331,1693226258793,1692253994556,1692253994559,1693226258808,15,3,12
20332,1693226258808,1692253994564,1692253994567,1693226258816,8,3,5
20333,1693226258816,1692253994593,1692253994596,1693226258845,29,3,26
20334,1693226258845,1692253994661,1692253994664,1693226258913,68,3,65
20335,1693226258913,1692253994678,1692253994684,1693226258932,19,6,13
20336,1693226258932,1692253994689,1692253994692,1693226258940,8,3,5
20337,1693226258940,1692253994737,1692253994740,1693226258988,48,3,45
20338,1693226258988,1692253994762,1692253994801,1693226259050,62,39,23
20339,1693226259050,1692253994836,1692253994839,1693226259088,38,3,35
20340,1693226259088,1692253994844,1692253994847,1693226259095,7,3,4
20341,1693226259095,1692253994877,1692253994880,1693226259128,33,3,30
20342,1693226259128,1692253994897,1692253994900,1693226259149,21,3,18
20343,1693226259149,1692253994906,1692253994908,1693226259157,8,2,6
20344,1693226259157,1692253994913,1692253994916,1693226259164,7,3,4
20345,1693226259165,1692253994966,1692253994968,1693226259217,52,2,50
20346,1693226259217,1692253995017,1692253995022,1693226259270,53,5,48
20347,1693226259270,1692253995026,1692253995029,1693226259280,10,3,7
20348,1693226259280,1692253995035,1692253995038,1693226259287,7,3,4
20349,1693226259287,1692253995043,1692253995046,1693226259296,9,3,6
20350,1693226259296,1692253995066,1692253995068,1693226259337,41,2,39
20351,1693226259337,1692253995097,1692253995100,1693226259348,11,3,8
20352,1693226259348,1692253995110,1692253995114,1693226259362,14,4,10
20353,1693226259362,1692253995122,1692253995124,1693226259373,11,2,9
20354,1693226259373,1692253995158,1692253995160,1693226259409,36,2,34
20355,1693226259409,1692253995180,1692253995182,1693226259432,23,2,21
20356,1693226259432,1692253995188,1692253995191,1693226259440,8,3,5
20357,1693226259440,1692253995196,1692253995199,1693226259448,8,3,5
20358,1693226259448,1692253995204,1692253995207,1693226259456,8,3,5
20359,1693226259456,1692253995221,1692253995224,1693226259472,16,3,13
20360,1693226259472,1692253995230,1692253995233,1693226259484,12,3,9
20361,1693226259484,1692253995240,1692253995243,1693226259492,8,3,5
20362,1693226259492,1692253995254,1692253995257,1693226259505,13,3,10
20363,1693226259505,1692253995314,1692253995316,1693226259565,60,2,58
20364,1693226259565,1692253995330,1692253995333,1693226259581,16,3,13
20365,1693226259581,1692253995370,1692253995373,1693226259625,44,3,41
20366,1693226259625,1692253995453,1692253995456,1693226259705,80,3,77
20367,1693226259705,1692253995501,1692253995504,1693226259763,58,3,55
20368,1693226259763,1692253995558,1692253995560,1693226259809,46,2,44
20369,1693226259809,1692253995565,1692253995568,1693226259816,7,3,4
20370,1693226259816,1692253995596,1692253995599,1693226259848,32,3,29
20371,1693226259848,1692253995606,1692253995609,1693226259858,10,3,7
20372,1693226259858,1692253995614,1692253995617,1693226259866,8,3,5
20373,1693226259866,1692253995625,1692253995628,1693226259877,11,3,8
20374,1693226259877,1692253995633,1692253995636,1693226259884,7,3,4
20375,1693226259884,1692253995640,1692253995643,1693226259894,10,3,7
20376,1693226259894,1692253995662,1692253995665,1693226259914,20,3,17
20377,1693226259914,1692253995683,1692253995686,1693226259934,20,3,17
20378,1693226259934,1692253995757,1692253995760,1693226260009,75,3,72
20379,1693226260009,1692253995786,1692253995789,1693226260037,28,3,25
20380,1693226260037,1692253995822,1692253995825,1693226260074,37,3,34
20381,1693226260074,1692253995830,1692253995833,1693226260082,8,3,5
20382,1693226260082,1692253995842,1692253995845,1693226260093,11,3,8
20383,1693226260093,1692253995852,1692253995857,1693226260105,12,5,7
20384,1693226260105,1692253995864,1692253995867,1693226260115,10,3,7
20385,1693226260115,1692253995874,1692253995876,1693226260125,10,2,8
20386,1693226260125,1692253995893,1692253995897,1693226260145,20,4,16
20387,1693226260145,1692253995901,1692253995904,1693226260153,8,3,5
20388,1693226260153,1692253995909,1692253995912,1693226260161,8,3,5
20389,1693226260161,1692253995917,1692253995920,1693226260168,7,3,4
20390,1693226260168,1692253995958,1692253995961,1693226260209,41,3,38
20391,1693226260210,1692253995965,1692253995968,1693226260217,7,3,4
20392,1693226260217,1692253995976,1692253995979,1693226260227,10,3,7
20393,1693226260227,1692253995987,1692253995990,1693226260238,11,3,8
20394,1693226260238,1692253996030,1692253996033,1693226260281,43,3,40
20395,1693226260281,1692253996042,1692253996045,1693226260294,13,3,10
20396,1693226260294,1692253996050,1692253996054,1693226260304,10,4,6
20397,1693226260304,1692253996069,1692253996072,1693226260321,17,3,14
20398,1693226260321,1692253996110,1692253996113,1693226260362,41,3,38
20399,1693226260362,1692253996166,1692253996168,1693226260417,55,2,53
20400,1693226260417,1692253996173,1692253996175,1693226260424,7,2,5
20401,1693226260424,1692253996213,1692253996216,1693226260465,41,3,38
20402,1693226260465,1692253996221,1692253996224,1693226260472,7,3,4
20403,1693226260472,1692253996229,1692253996232,1693226260481,9,3,6
20404,1693226260481,1692253996237,1692253996240,1693226260488,7,3,4
20405,1693226260489,1692253996285,1692253996288,1693226260536,47,3,44
20406,1693226260536,1692253996318,1692253996320,1693226260569,33,2,31
20407,1693226260569,1692253996324,1692253996328,1693226260576,7,4,3
20408,1693226260576,1692253996332,1692253996336,1693226260584,8,4,4
20409,1693226260584,1692253996357,1692253996360,1693226260611,27,3,24
20410,1693226260611,1692253996367,1692253996370,1693226260618,7,3,4
20411,1693226260618,1692253996397,1692253996400,1693226260648,30,3,27
20412,1693226260648,1692253996404,1692253996407,1693226260656,8,3,5
20413,1693226260656,1692253996412,1692253996415,1693226260664,8,3,5
20414,1693226260664,1692253996420,1692253996423,1693226260671,7,3,4
20415,1693226260671,1692253996427,1692253996430,1693226260679,8,3,5
20416,1693226260679,1692253996436,1692253996439,1693226260688,9,3,6
20417,1693226260688,1692253996450,1692253996452,1693226260700,12,2,10
20418,1693226260700,1692253996456,1692253996459,1693226260707,7,3,4
20419,1693226260707,1692253996463,1692253996466,1693226260715,8,3,5
20420,1693226260715,1692253996481,1692253996493,1693226260742,27,12,15
20421,1693226260742,1692253996502,1692253996505,1693226260754,12,3,9
20422,1693226260754,1692253996510,1692253996512,1693226260761,7,2,5
20423,1693226260761,1692253996537,1692253996540,1693226260788,27,3,24
20424,1693226260788,1692253996561,1692253996565,1693226260818,30,4,26
20425,1693226260818,1692253996590,1692253996592,1693226260841,23,2,21
20426,1693226260841,1692253996598,1692253996601,1693226260850,9,3,6
20427,1693226260850,1692253996609,1692253996612,1693226260860,10,3,7
20428,1693226260861,1692253996616,1692253996620,1693226260868,7,4,3
20429,1693226260868,1692253996625,1692253996628,1693226260876,8,3,5
20430,1693226260876,1692253996633,1692253996636,1693226260901,25,3,22
20431,1693226260901,1692253996657,1692253996661,1693226260909,8,4,4
20432,1693226260909,1692253996665,1692253996669,1693226260918,9,4,5
20433,1693226260918,1692253996679,1692253996682,1693226260931,13,3,10
20434,1693226260931,1692253996687,1692253996690,1693226260938,7,3,4
20435,1693226260938,1692253996697,1692253996700,1693226260948,10,3,7
20436,1693226260948,1692253996705,1692253996708,1693226260956,8,3,5
20437,1693226260956,1692253996762,1692253996765,1693226261013,57,3,54
20438,1693226261013,1692253996770,1692253996773,1693226261021,8,3,5
20439,1693226261021,1692253996777,1692253996780,1693226261028,7,3,4
20440,1693226261028,1692253996784,1692253996787,1693226261039,11,3,8
20441,1693226261039,1692253996795,1692253996798,1693226261046,7,3,4
20442,1693226261046,1692253996805,1692253996808,1693226261057,11,3,8
20443,1693226261057,1692253996861,1692253996863,1693226261112,55,2,53
20444,1693226261112,1692253996870,1692253996873,1693226261123,11,3,8
20445,1693226261123,1692253996878,1692253996882,1693226261130,7,4,3
20446,1693226261130,1692253996893,1692253996896,1693226261144,14,3,11
20447,1693226261144,1692253996902,1692253996905,1693226261154,10,3,7
20448,1693226261154,1692253996909,1692253996913,1693226261162,8,4,4
20449,1693226261162,1692253996918,1692253996921,1693226261170,8,3,5
20450,1693226261170,1692253996926,1692253996929,1693226261178,8,3,5
20451,1693226261178,1692253996934,1692253996936,1693226261185,7,2,5
20452,1693226261185,1692253996946,1692253996948,1693226261197,12,2,10
20453,1693226261197,1692253996953,1692253996956,1693226261204,7,3,4
20454,1693226261204,1692253996959,1692253996962,1693226261210,6,3,3
20455,1693226261210,1692253996966,1692253996971,1693226261220,10,5,5
20456,1693226261220,1692253996976,1692253996980,1693226261229,9,4,5
20457,1693226261229,1692253997010,1692253997013,1693226261262,33,3,30
20458,1693226261262,1692253997043,1692253997047,1693226261296,34,4,30
20459,1693226261296,1692253997053,1692253997056,1693226261305,9,3,6
20460,1693226261305,1692253997098,1692253997101,1693226261350,45,3,42
20461,1693226261350,1692253997110,1692253997113,1693226261361,11,3,8
20462,1693226261361,1692253997117,1692253997120,1693226261369,8,3,5
20463,1693226261369,1692253997125,1692253997128,1693226261376,7,3,4
20464,1693226261376,1692253997166,1692253997168,1693226261417,41,2,39
20465,1693226261417,1692253997181,1692253997184,1693226261432,15,3,12
20466,1693226261432,1692253997188,1692253997191,1693226261440,8,3,5
20467,1693226261440,1692253997196,1692253997199,1693226261448,8,3,5
20468,1693226261448,1692253997204,1692253997207,1693226261455,7,3,4
20469,1693226261455,1692253997214,1692253997216,1693226261465,10,2,8
20470,1693226261465,1692253997221,1692253997224,1693226261472,7,3,4
20471,1693226261472,1692253997228,1692253997231,1693226261479,7,3,4
20472,1693226261479,1692253997236,1692253997239,1693226261487,8,3,5
20473,1693226261487,1692253997243,1692253997246,1693226261495,8,3,5
20474,1693226261495,1692253997250,1692253997253,1693226261502,7,3,4
20475,1693226261502,1692253997257,1692253997260,1693226261509,7,3,4
20476,1693226261509,1692253997271,1692253997274,1693226261522,13,3,10
20477,1693226261522,1692253997278,1692253997281,1693226261532,10,3,7
20478,1693226261532,1692253997292,1692253997295,1693226261543,11,3,8
20479,1693226261543,1692253997300,1692253997303,1693226261551,8,3,5
20480,1693226261551,1692253997333,1692253997335,1693226261584,33,2,31
20481,1693226261584,1692253997363,1692253997366,1693226261615,31,3,28
20482,1693226261615,1692253997376,1692253997389,1693226261637,22,13,9
20483,1693226261637,1692253997394,1692253997397,1693226261646,9,3,6
20484,1693226261646,1692253997402,1692253997405,1693226261654,8,3,5
20485,1693226261654,1692253997411,1692253997414,1693226261662,8,3,5
20486,1693226261662,1692253997418,1692253997421,1693226261670,8,3,5
20487,1693226261670,1692253997473,1692253997477,1693226261734,64,4,60
20488,1693226261734,1692253997498,1692253997501,1693226261749,15,3,12
20489,1693226261749,1692253997529,1692253997532,1693226261781,32,3,29
20490,1693226261781,1692253997557,1692253997560,1693226261809,28,3,25
20491,1693226261809,1692253997565,1692253997568,1693226261817,8,3,5
20492,1693226261817,1692253997572,1692253997588,1693226261836,19,16,3
20493,1693226261836,1692253997597,1692253997626,1693226261874,38,29,9
20494,1693226261874,1692253997657,1692253997660,1693226261908,34,3,31
20495,1693226261908,1692253997669,1692253997672,1693226261920,12,3,9
20496,1693226261920,1692253997678,1692253997682,1693226261930,10,4,6
20497,1693226261930,1692253997687,1692253997710,1693226261959,29,23,6
20498,1693226261959,1692253997722,1692253997725,1693226261974,15,3,12
20499,1693226261974,1692253997730,1692253997733,1693226261982,8,3,5
20500,1693226261982,1692253997821,1692253997824,1693226262072,90,3,87
20501,1693226262072,1692253997853,1692253997856,1693226262104,32,3,29
20502,1693226262104,1692253997874,1692253997876,1693226262125,21,2,19
20503,1693226262125,1692253997906,1692253997910,1693226262158,33,4,29
20504,1693226262158,1692253997914,1692253997917,1693226262165,7,3,4
20505,1693226262165,1692253997921,1692253997924,1693226262172,7,3,4
20506,1693226262172,1692253997982,1692253997985,1693226262234,62,3,59
20507,1693226262234,1692253997990,1692253997993,1693226262241,7,3,4
20508,1693226262241,1692253997997,1692253998000,1693226262249,8,3,5
20509,1693226262249,1692253998005,1692253998008,1693226262256,7,3,4
20510,1693226262256,1692253998077,1692253998080,1693226262329,73,3,70
20511,1693226262329,1692253998084,1692253998088,1693226262336,7,4,3
20512,1693226262336,1692253998092,1692253998096,1693226262345,9,4,5
20513,1693226262345,1692253998121,1692253998124,1693226262373,28,3,25
20514,1693226262373,1692253998129,1692253998132,1693226262382,9,3,6
20515,1693226262382,1692253998142,1692253998145,1693226262393,11,3,8
20516,1693226262393,1692253998149,1692253998152,1693226262401,8,3,5
20517,1693226262401,1692253998157,1692253998160,1693226262409,8,3,5
20518,1693226262410,1692253998166,1692253998168,1693226262417,7,2,5
20519,1693226262417,1692253998174,1692253998176,1693226262425,8,2,6
20520,1693226262425,1692253998290,1692253998292,1693226262541,116,2,114
20521,1693226262541,1692253998313,1692253998317,1693226262576,35,4,31
20522,1693226262576,1692253998337,1692253998339,1693226262594,18,2,16
20523,1693226262594,1692253998461,1692253998464,1693226262716,122,3,119
20524,1693226262716,1692253998509,1692253998512,1693226262761,45,3,42
20525,1693226262761,1692253998517,1692253998520,1693226262768,7,3,4
20526,1693226262768,1692253998529,1692253998532,1693226262781,13,3,10
20527,1693226262781,1692253998588,1692253998591,1693226262839,58,3,55
20528,1693226262839,1692253998596,1692253998611,1693226262860,21,15,6
20529,1693226262860,1692253998626,1692253998632,1693226262880,20,6,14
20530,1693226262880,1692253998683,1692253998686,1693226262935,55,3,52
20531,1693226262935,1692253998691,1692253998694,1693226262942,7,3,4
20532,1693226262942,1692253998757,1692253998761,1693226263009,67,4,63
20533,1693226263009,1692253998765,1692253998767,1693226263016,7,2,5
20534,1693226263016,1692253998773,1692253998776,1693226263024,8,3,5
20535,1693226263024,1692253998794,1692253998797,1693226263045,21,3,18
20536,1693226263045,1692253998821,1692253998825,1693226263073,28,4,24
20537,1693226263073,1692253998830,1692253998833,1693226263081,8,3,5
20538,1693226263081,1692253998838,1692253998841,1693226263089,8,3,5
20539,1693226263089,1692253998850,1692253998853,1693226263101,12,3,9
20540,1693226263101,1692253998858,1692253998860,1693226263108,7,2,5
20541,1693226263108,1692253998864,1692253998868,1693226263116,8,4,4
20542,1693226263116,1692253998872,1692253998875,1693226263123,7,3,4
20543,1693226263123,1692253998879,1692253998882,1693226263130,7,3,4
20544,1693226263130,1692253998886,1692253998889,1693226263137,7,3,4
20545,1693226263137,1692253998893,1692253998895,1693226263143,6,2,4
20546,1693226263144,1692253998899,1692253998902,1693226263151,7,3,4
20547,1693226263151,1692253998908,1692253998911,1693226263160,9,3,6
20548,1693226263160,1692253998916,1692253998920,1693226263171,11,4,7
20549,1693226263171,1692253998926,1692253998930,1693226263178,7,4,3
20550,1693226263178,1692253998935,1692253998937,1693226263186,8,2,6
20551,1693226263186,1692253998942,1692253998944,1693226263193,7,2,5
20552,1693226263193,1692253998949,1692253998952,1693226263201,8,3,5
20553,1693226263201,1692253998964,1692253998967,1693226263215,14,3,11
20554,1693226263215,1692253998974,1692253998976,1693226263225,10,2,8
20555,1693226263225,1692253998993,1692253998996,1693226263244,19,3,16
20556,1693226263244,1692253999000,1692253999003,1693226263251,7,3,4
20557,1693226263252,1692253999010,1692253999013,1693226263261,9,3,6
20558,1693226263261,1692253999017,1692253999020,1693226263269,8,3,5
20559,1693226263269,1692253999038,1692253999041,1693226263290,21,3,18
20560,1693226263290,1692253999047,1692253999051,1693226263299,9,4,5
20561,1693226263299,1692253999057,1692253999060,1693226263308,9,3,6
20562,1693226263308,1692253999077,1692253999080,1693226263329,21,3,18
20563,1693226263329,1692253999105,1692253999133,1693226263382,53,28,25
20564,1693226263382,1692253999142,1692253999145,1693226263394,12,3,9
20565,1693226263394,1692253999154,1692253999159,1693226263407,13,5,8
20566,1693226263407,1692253999164,1692253999167,1693226263415,8,3,5
20567,1693226263415,1692253999172,1692253999175,1693226263423,8,3,5
20568,1693226263423,1692253999179,1692253999182,1693226263430,7,3,4
20569,1693226263430,1692253999187,1692253999190,1693226263439,9,3,6
20570,1693226263439,1692253999213,1692253999216,1693226263465,26,3,23
20571,1693226263465,1692253999221,1692253999224,1693226263472,7,3,4
20572,1693226263472,1692253999237,1692253999240,1693226263488,16,3,13
20573,1693226263488,1692253999249,1692253999252,1693226263500,12,3,9
20574,1693226263500,1692253999256,1692253999259,1693226263508,8,3,5
20575,1693226263508,1692253999264,1692253999266,1693226263515,7,2,5
20576,1693226263515,1692253999271,1692253999274,1693226263523,8,3,5
20577,1693226263523,1692253999305,1692253999308,1693226263556,33,3,30
20578,1693226263556,1692253999314,1692253999317,1693226263565,9,3,6
20579,1693226263565,1692253999321,1692253999324,1693226263573,8,3,5
20580,1693226263573,1692253999350,1692253999353,1693226263601,28,3,25
20581,1693226263601,1692253999358,1692253999360,1693226263609,8,2,6
20582,1693226263609,1692253999365,1692253999368,1693226263616,7,3,4
20583,1693226263616,1692253999377,1692253999380,1693226263628,12,3,9
20584,1693226263628,1692253999518,1692253999521,1693226263769,141,3,138
20585,1693226263769,1692253999525,1692253999529,1693226263777,8,4,4
20586,1693226263777,1692253999562,1692253999564,1693226263813,36,2,34
20587,1693226263813,1692253999569,1692253999572,1693226263820,7,3,4
20588,1693226263820,1692253999577,1692253999591,1693226263840,20,14,6
20589,1693226263840,1692253999654,1692253999657,1693226263905,65,3,62
20590,1693226263905,1692253999663,1692253999667,1693226263915,10,4,6
20591,1693226263915,1692253999678,1692253999681,1693226263930,15,3,12
20592,1693226263930,1692253999686,1692253999690,1693226263938,8,4,4
20593,1693226263938,1692253999694,1692253999698,1693226263946,8,4,4
20594,1693226263946,1692253999722,1692253999725,1693226263974,28,3,25
20595,1693226263974,1692253999730,1692253999734,1693226263982,8,4,4
20596,1693226263982,1692253999741,1692253999743,1693226263992,10,2,8
20597,1693226263992,1692253999770,1692253999772,1693226264021,29,2,27
20598,1693226264021,1692253999782,1692253999784,1693226264033,12,2,10
20599,1693226264033,1692253999788,1692253999791,1693226264040,7,3,4
20600,1693226264040,1692253999814,1692253999816,1693226264065,25,2,23
20601,1693226264065,1692253999834,1692253999837,1693226264085,20,3,17
20602,1693226264085,1692253999841,1692253999845,1693226264094,9,4,5
20603,1693226264094,1692253999853,1692253999856,1693226264105,11,3,8
20604,1693226264105,1692253999870,1692253999872,1693226264120,15,2,13
20605,1693226264120,1692253999876,1692253999879,1693226264127,7,3,4
20606,1693226264127,1692253999883,1692253999886,1693226264135,8,3,5
20607,1693226264135,1692253999908,1692253999911,1693226264160,25,3,22
20608,1693226264160,1692253999916,1692253999919,1693226264168,8,3,5
20609,1693226264168,1692253999924,1692253999928,1693226264176,8,4,4
20610,1693226264176,1692253999938,1692253999941,1693226264189,13,3,10
20611,1693226264189,1692253999946,1692253999949,1693226264198,9,3,6
20612,1693226264198,1692253999958,1692253999993,1693226264241,43,35,8
20613,1693226264241,1692254000014,1692254000017,1693226264265,24,3,21
20614,1693226264265,1692254000030,1692254000032,1693226264281,16,2,14
20615,1693226264281,1692254000038,1692254000040,1693226264288,7,2,5
20616,1693226264288,1692254000045,1692254000048,1693226264297,9,3,6
20617,1693226264297,1692254000053,1692254000057,1693226264305,8,4,4
20618,1693226264305,1692254000062,1692254000065,1693226264313,8,3,5
20619,1693226264313,1692254000070,1692254000073,1693226264321,8,3,5
20620,1693226264321,1692254000109,1692254000113,1693226264361,40,4,36
20621,1693226264361,1692254000117,1692254000120,1693226264369,8,3,5
20622,1693226264369,1692254000125,1692254000128,1693226264376,7,3,4
20623,1693226264376,1692254000132,1692254000135,1693226264383,7,3,4
20624,1693226264383,1692254000139,1692254000142,1693226264391,8,3,5
20625,1693226264391,1692254000233,1692254000236,1693226264484,93,3,90
20626,1693226264484,1692254000253,1692254000257,1693226264505,21,4,17
20627,1693226264505,1692254000277,1692254000280,1693226264529,24,3,21
20628,1693226264529,1692254000286,1692254000289,1693226264537,8,3,5
20629,1693226264537,1692254000305,1692254000308,1693226264556,19,3,16
20630,1693226264556,1692254000361,1692254000364,1693226264613,57,3,54
20631,1693226264613,1692254000368,1692254000371,1693226264620,7,3,4
20632,1693226264620,1692254000375,1692254000378,1693226264626,6,3,3
20633,1693226264626,1692254000406,1692254000409,1693226264657,31,3,28
20634,1693226264657,1692254000430,1692254000433,1693226264681,24,3,21
20635,1693226264681,1692254000437,1692254000440,1693226264688,7,3,4
20636,1693226264688,1692254000444,1692254000447,1693226264695,7,3,4
20637,1693226264695,1692254000452,1692254000455,1693226264703,8,3,5
20638,1693226264703,1692254000461,1692254000464,1693226264712,9,3,6
20639,1693226264712,1692254000468,1692254000473,1693226264721,9,5,4
20640,1693226267763,1692254003519,1692254003523,1693226267771,8,4,4
20641,1693226267771,1692254003526,1692254003530,1693226267779,8,4,4
20642,1693226267779,1692254003534,1692254003538,1693226267789,10,4,6
20643,1693226267789,1692254003545,1692254003548,1693226267796,7,3,4
20644,1693226267796,1692254003552,1692254003555,1693226267803,7,3,4
20645,1693226267803,1692254003559,1692254003562,1693226267810,7,3,4
20646,1693226267810,1692254003566,1692254003569,1693226267817,7,3,4
20647,1693226267817,1692254003573,1692254003576,1693226267824,7,3,4
20648,1693226267824,1692254003580,1692254003583,1693226267831,7,3,4
20649,1693226267831,1692254003590,1692254003593,1693226267841,10,3,7
20650,1693226267842,1692254003598,1692254003601,1693226267849,7,3,4
20651,1693226267849,1692254003608,1692254003611,1693226267859,10,3,7
20652,1693226267859,1692254003616,1692254003619,1693226267867,8,3,5
20653,1693226267867,1692254003624,1692254003627,1693226267876,9,3,6
20654,1693226267876,1692254003632,1692254003635,1693226267884,8,3,5
20655,1693226267884,1692254003640,1692254003643,1693226267891,7,3,4
20656,1693226267891,1692254003647,1692254003650,1693226267898,7,3,4
20657,1693226267899,1692254003654,1692254003657,1693226267906,7,3,4
20658,1693226267906,1692254003663,1692254003667,1693226267916,10,4,6
20659,1693226267916,1692254003671,1692254003675,1693226267923,7,4,3
20660,1693226267923,1692254003686,1692254003689,1693226267937,14,3,11
20661,1693226267937,1692254003693,1692254003696,1693226267945,8,3,5
20662,1693226267945,1692254003700,1692254003704,1693226267952,7,4,3
20663,1693226267952,1692254003708,1692254003712,1693226267960,8,4,4
20664,1693226267960,1692254003717,1692254003720,1693226267968,8,3,5
20665,1693226267968,1692254003724,1692254003727,1693226267975,7,3,4
20666,1693226267975,1692254003731,1692254003734,1693226267983,8,3,5
20667,1693226267983,1692254003740,1692254003742,1693226267991,8,2,6
20668,1693226267991,1692254003747,1692254003750,1693226267998,7,3,4
20669,1693226267998,1692254003754,1692254003757,1693226268005,7,3,4
20670,1693226268005,1692254003761,1692254003764,1693226268013,8,3,5
20671,1693226268013,1692254003769,1692254003772,1693226268021,8,3,5
20672,1693226268021,1692254003777,1692254003779,1693226268028,7,2,5
20673,1693226268028,1692254003784,1692254003788,1693226268036,8,4,4
20674,1693226268036,1692254003792,1692254003795,1693226268044,8,3,5
20675,1693226268044,1692254003800,1692254003804,1693226268052,8,4,4
20676,1693226268052,1692254003808,1692254003813,1693226268062,10,5,5
20677,1693226268062,1692254003818,1692254003822,1693226268070,8,4,4
20678,1693226268070,1692254003827,1692254003830,1693226268079,9,3,6
20679,1693226268079,1692254003836,1692254003838,1693226268087,8,2,6
20680,1693226268087,1692254003843,1692254003846,1693226268095,8,3,5
20681,1693226268095,1692254003852,1692254003855,1693226268103,8,3,5
20682,1693226268104,1692254003860,1692254003863,1693226268112,8,3,5
20683,1693226268112,1692254003868,1692254003871,1693226268120,8,3,5
20684,1693226268120,1692254003876,1692254003879,1693226268128,8,3,5
20685,1693226268128,1692254003883,1692254003887,1693226268136,8,4,4
20686,1693226268136,1692254003892,1692254003895,1693226268143,7,3,4
20687,1693226268143,1692254003899,1692254003903,1693226268151,8,4,4
20688,1693226268151,1692254003908,1692254003911,1693226268159,8,3,5
20689,1693226268159,1692254003916,1692254003920,1693226268168,9,4,5
20690,1693226268168,1692254003924,1692254003928,1693226268176,8,4,4
20691,1693226268176,1692254003932,1692254003935,1693226268184,8,3,5
20692,1693226268184,1692254003942,1692254003946,1693226268194,10,4,6
20693,1693226268194,1692254003951,1692254003955,1693226268205,11,4,7
20694,1693226268205,1692254003961,1692254003964,1693226268213,8,3,5
20695,1693226268213,1692254003969,1692254003971,1693226268220,7,2,5
20696,1693226268220,1692254003976,1692254003979,1693226268227,7,3,4
20697,1693226268227,1692254003983,1692254003986,1693226268234,7,3,4
20698,1693226268234,1692254003990,1692254003994,1693226268242,8,4,4
20699,1693226268242,1692254003998,1692254004002,1693226268250,8,4,4
20700,1693226268250,1692254004007,1692254004011,1693226268259,9,4,5
20701,1693226268259,1692254004015,1692254004017,1693226268270,11,2,9
20702,1693226268270,1692254004027,1692254004030,1693226268279,9,3,6
20703,1693226268279,1692254004035,1692254004039,1693226268287,8,4,4
20704,1693226268287,1692254004045,1692254004049,1693226268297,10,4,6
20705,1693226268297,1692254004053,1692254004056,1693226268305,8,3,5
20706,1693226268305,1692254004061,1692254004065,1693226268313,8,4,4
20707,1693226268313,1692254004068,1692254004072,1693226268321,8,4,4
20708,1693226268321,1692254004078,1692254004081,1693226268329,8,3,5
20709,1693226268329,1692254004085,1692254004089,1693226268337,8,4,4
20710,1693226268337,1692254004092,1692254004096,1693226268344,7,4,3
20711,1693226268344,1692254004100,1692254004103,1693226268352,8,3,5
20712,1693226268352,1692254004108,1692254004111,1693226268360,8,3,5
20713,1693226268360,1692254004116,1692254004121,1693226268369,9,5,4
20714,1693226268369,1692254004125,1692254004128,1693226268376,7,3,4
20715,1693226268376,1692254004132,1692254004136,1693226268385,9,4,5
20716,1693226268385,1692254004141,1692254004144,1693226268393,8,3,5
20717,1693226268393,1692254004149,1692254004152,1693226268401,8,3,5
20718,1693226268401,1692254004157,1692254004159,1693226268408,7,2,5
20719,1693226268408,1692254004164,1692254004167,1693226268415,7,3,4
20720,1693226268415,1692254004171,1692254004174,1693226268423,8,3,5
20721,1693226268423,1692254004180,1692254004183,1693226268432,9,3,6
20722,1693226268432,1692254004188,1692254004191,1693226268439,7,3,4
20723,1693226268440,1692254004195,1692254004199,1693226268447,7,4,3
20724,1693226268448,1692254004204,1692254004207,1693226268456,8,3,5
20725,1693226268456,1692254004212,1692254004216,1693226268464,8,4,4
20726,1693226268464,1692254004221,1692254004224,1693226268472,8,3,5
20727,1693226268472,1692254004228,1692254004232,1693226268480,8,4,4
20728,1693226268480,1692254004236,1692254004239,1693226268487,7,3,4
20729,1693226268487,1692254004244,1692254004246,1693226268495,8,2,6
20730,1693226268495,1692254004251,1692254004254,1693226268503,8,3,5
20731,1693226268503,1692254004259,1692254004262,1693226268510,7,3,4
20732,1693226268510,1692254004267,1692254004270,1693226268519,9,3,6
20733,1693226268519,1692254004275,1692254004278,1693226268527,8,3,5
20734,1693226268527,1692254004283,1692254004285,1693226268534,7,2,5
20735,1693226268534,1692254004289,1692254004293,1693226268541,7,4,3
20736,1693226268541,1692254004298,1692254004301,1693226268549,8,3,5
20737,1693226268549,1692254004305,1692254004308,1693226268557,8,3,5
20738,1693226268557,1692254004314,1692254004317,1693226268565,8,3,5
20739,1693226268565,1692254004321,1692254004324,1693226268573,8,3,5
20740,1693226268573,1692254004329,1692254004332,1693226268580,7,3,4
20741,1693226268580,1692254004335,1692254004339,1693226268587,7,4,3
20742,1693226268587,1692254004343,1692254004347,1693226268599,12,4,8
20743,1693226268599,1692254004355,1692254004358,1693226268606,7,3,4
20744,1693226268606,1692254004362,1692254004365,1693226268615,9,3,6
20745,1693226268615,1692254004371,1692254004374,1693226268622,7,3,4
20746,1693226268622,1692254004377,1692254004381,1693226268629,7,4,3
20747,1693226268629,1692254004385,1692254004388,1693226268636,7,3,4
20748,1693226268636,1692254004392,1692254004395,1693226268643,7,3,4
20749,1693226268643,1692254004399,1692254004403,1693226268651,8,4,4
20750,1693226268651,1692254004407,1692254004415,1693226268663,12,8,4
20751,1693226268663,1692254004419,1692254004422,1693226268670,7,3,4
20752,1693226268670,1692254004426,1692254004430,1693226268678,8,4,4
20753,1693226268678,1692254004434,1692254004437,1693226268685,7,3,4
20754,1693226268685,1692254004441,1692254004445,1693226268693,8,4,4
20755,1693226268693,1692254004449,1692254004452,1693226268700,7,3,4
20756,1693226268700,1692254004456,1692254004459,1693226268708,8,3,5
20757,1693226268708,1692254004464,1692254004468,1693226268716,8,4,4
20758,1693226268716,1692254004472,1692254004475,1693226268724,8,3,5
20759,1693226268724,1692254004480,1692254004483,1693226268731,7,3,4
20760,1693226268731,1692254004488,1692254004491,1693226268739,8,3,5
20761,1693226268739,1692254004495,1692254004500,1693226268748,9,5,4
20762,1693226268748,1692254004504,1692254004507,1693226268755,7,3,4
20763,1693226268755,1692254004511,1692254004514,1693226268762,7,3,4
20764,1693226268762,1692254004518,1692254004521,1693226268769,7,3,4
20765,1693226268769,1692254004526,1692254004529,1693226268778,9,3,6
20766,1693226268778,1692254004534,1692254004537,1693226268785,7,3,4
20767,1693226268785,1692254004540,1692254004543,1693226268792,7,3,4
20768,1693226268792,1692254004548,1692254004553,1693226269033,241,5,236
20769,1693226269033,1692254004789,1692254004793,1693226269042,9,4,5
20770,1693226269042,1692254004797,1692254004801,1693226269050,8,4,4
20771,1693226269050,1692254004806,1692254004808,1693226269057,7,2,5
20772,1693226269057,1692254004813,1692254004817,1693226269066,9,4,5
20773,1693226269066,1692254004822,1692254004827,1693226269075,9,5,4
20774,1693226269075,1692254004831,1692254004834,1693226269082,7,3,4
20775,1693226269082,1692254004838,1692254004842,1693226269090,8,4,4
20776,1693226269090,1692254004846,1692254004850,1693226269098,8,4,4
20777,1693226269098,1692254004854,1692254004857,1693226269105,7,3,4
20778,1693226269105,1692254004891,1692254004896,1693226269144,39,5,34
20779,1693226269144,1692254004900,1692254004903,1693226269151,7,3,4
20780,1693226269152,1692254004908,1692254004912,1693226269161,9,4,5
20781,1693226269161,1692254004917,1692254004920,1693226269168,7,3,4
20782,1693226269168,1692254004924,1692254004928,1693226269176,8,4,4
20783,1693226269176,1692254004933,1692254004935,1693226269183,7,2,5
20784,1693226269183,1692254004946,1692254004949,1693226269198,15,3,12
20785,1693226269198,1692254004954,1692254004959,1693226269207,9,5,4
20786,1693226269207,1692254004968,1692254004971,1693226269219,12,3,9
20787,1693226269219,1692254004976,1692254004983,1693226269231,12,7,5
20788,1693226269232,1692254004988,1692254004990,1693226269239,7,2,5
20789,1693226269239,1692254004995,1692254004999,1693226269247,8,4,4
20790,1693226269247,1692254005003,1692254005007,1693226269255,8,4,4
20791,1693226269255,1692254005011,1692254005015,1693226269263,8,4,4
20792,1693226269263,1692254005019,1692254005022,1693226269271,8,3,5
20793,1693226269271,1692254005031,1692254005035,1693226269283,12,4,8
20794,1693226269283,1692254005040,1692254005043,1693226269291,8,3,5
20795,1693226269291,1692254005047,1692254005051,1693226269299,8,4,4
20796,1693226269299,1692254005055,1692254005058,1693226269307,8,3,5
20797,1693226269307,1692254005062,1692254005066,1693226269315,8,4,4
20798,1693226269315,1692254005071,1692254005075,1693226269323,8,4,4
20799,1693226269323,1692254005082,1692254005085,1693226269333,10,3,7
20800,1693226269334,1692254005090,1692254005093,1693226269341,7,3,4
20801,1693226269341,1692254005097,1692254005101,1693226269350,9,4,5
20802,1693226269350,1692254005106,1692254005109,1693226269358,8,3,5
20803,1693226269358,1692254005114,1692254005117,1693226269365,7,3,4
20804,1693226269365,1692254005121,1692254005125,1693226269374,9,4,5
20805,1693226269374,1692254005130,1692254005134,1693226269382,8,4,4
20806,1693226269382,1692254005138,1692254005141,1693226269389,7,3,4
20807,1693226269389,1692254005145,1692254005148,1693226269396,7,3,4
20808,1693226269396,1692254005152,1692254005155,1693226269404,8,3,5
20809,1693226269404,1692254005160,1692254005163,1693226269411,7,3,4
20810,1693226269411,1692254005167,1692254005171,1693226269419,8,4,4
20811,1693226269419,1692254005175,1692254005179,1693226269427,8,4,4
20812,1693226269427,1692254005183,1692254005186,1693226269435,8,3,5
20813,1693226269435,1692254005190,1692254005194,1693226269443,8,4,4
20814,1693226269443,1692254005198,1692254005202,1693226269450,7,4,3
20815,1693226269450,1692254005207,1692254005210,1693226269459,9,3,6
20816,1693226269459,1692254005215,1692254005218,1693226269467,8,3,5
20817,1693226269467,1692254005222,1692254005225,1693226269474,7,3,4
20818,1693226269474,1692254005230,1692254005233,1693226269482,8,3,5
20819,1693226269482,1692254005239,1692254005242,1693226269490,8,3,5
20820,1693226269490,1692254005246,1692254005251,1693226269500,10,5,5
20821,1693226269500,1692254005256,1692254005259,1693226269507,7,3,4
20822,1693226269507,1692254005263,1692254005266,1693226269515,8,3,5
20823,1693226269516,1692254005274,1692254005277,1693226269525,9,3,6
20824,1693226269525,1692254005281,1692254005285,1693226269533,8,4,4
20825,1693226269533,1692254005290,1692254005293,1693226269541,8,3,5
20826,1693226269541,1692254005297,1692254005301,1693226269550,9,4,5
20827,1693226269550,1692254005306,1692254005309,1693226269557,7,3,4
20828,1693226269557,1692254005314,1692254005317,1693226269565,8,3,5
20829,1693226269565,1692254005322,1692254005325,1693226269574,9,3,6
20830,1693226269574,1692254005330,1692254005333,1693226269582,8,3,5
20831,1693226269582,1692254005338,1692254005341,1693226269590,8,3,5
20832,1693226269590,1692254005345,1692254005349,1693226269597,7,4,3
20833,1693226269597,1692254005353,1692254005356,1693226269604,7,3,4
20834,1693226269604,1692254005360,1692254005363,1693226269612,8,3,5
20835,1693226269612,1692254005368,1692254005371,1693226269619,7,3,4
20836,1693226269619,1692254005376,1692254005379,1693226269627,8,3,5
20837,1693226269627,1692254005383,1692254005386,1693226269635,8,3,5
20838,1693226269635,1692254005391,1692254005394,1693226269642,7,3,4
20839,1693226269642,1692254005398,1692254005403,1693226269651,9,5,4
20840,1693226269651,1692254005408,1692254005411,1693226269659,8,3,5
20841,1693226269659,1692254005415,1692254005418,1693226269666,7,3,4
20842,1693226269666,1692254005422,1692254005425,1693226269674,8,3,5
20843,1693226269674,1692254005429,1692254005432,1693226269680,6,3,3
20844,1693226269680,1692254005436,1692254005439,1693226269687,7,3,4
20845,1693226269687,1692254005443,1692254005446,1693226269694,7,3,4
20846,1693226269694,1692254005450,1692254005453,1693226269702,8,3,5
20847,1693226269702,1692254005458,1692254005461,1693226269709,7,3,4
20848,1693226269709,1692254005465,1692254005468,1693226269716,7,3,4
20849,1693226269716,1692254005473,1692254005476,1693226269724,8,3,5
20850,1693226269724,1692254005481,1692254005484,1693226269732,8,3,5
20851,1693226269732,1692254005489,1692254005491,1693226269740,8,2,6
20852,1693226269741,1692254005497,1692254005500,1693226269748,7,3,4
20853,1693226269748,1692254005503,1692254005506,1693226269755,7,3,4
20854,1693226269755,1692254005510,1692254005513,1693226269761,6,3,3
20855,1693226269761,1692254005517,1692254005520,1693226269768,7,3,4
20856,1693226269768,1692254005524,1692254005527,1693226269775,7,3,4
20857,1693226269775,1692254005531,1692254005536,1693226269785,10,5,5
20858,1693226269785,1692254005542,1692254005545,1693226269793,8,3,5
20859,1693226269793,1692254005549,1692254005552,1693226269801,8,3,5
20860,1693226269801,1692254005557,1692254005561,1693226269809,8,4,4
20861,1693226269809,1692254005566,1692254005568,1693226269817,8,2,6
20862,1693226269817,1692254005572,1692254005576,1693226269824,7,4,3
20863,1693226269824,1692254005581,1692254005584,1693226269832,8,3,5
20864,1693226269832,1692254005588,1692254005591,1693226269839,7,3,4
20865,1693226269839,1692254005595,1692254005599,1693226269847,8,4,4
20866,1693226269847,1692254005604,1692254005607,1693226269855,8,3,5
20867,1693226269855,1692254005613,1692254005617,1693226269865,10,4,6
20868,1693226269865,1692254005622,1692254005625,1693226269873,8,3,5
20869,1693226269873,1692254005629,1692254005632,1693226269880,7,3,4
20870,1693226269880,1692254005636,1692254005640,1693226269888,8,4,4
20871,1693226269888,1692254005645,1692254005647,1693226269896,8,2,6
20872,1693226269896,1692254005651,1692254005655,1693226269903,7,4,3
20873,1693226269903,1692254005660,1692254005663,1693226269911,8,3,5
20874,1693226269911,1692254005666,1692254005670,1693226269918,7,4,3
20875,1693226269918,1692254005674,1692254005677,1693226269925,7,3,4
20876,1693226269925,1692254005683,1692254005687,1693226269936,11,4,7
20877,1693226269936,1692254005692,1692254005695,1693226269943,7,3,4
20878,1693226269943,1692254005699,1692254005703,1693226269951,8,4,4
20879,1693226269951,1692254005707,1692254005711,1693226269960,9,4,5
20880,1693226269960,1692254005716,1692254005719,1693226269968,8,3,5
20881,1693226269968,1692254005724,1692254005727,1693226269975,7,3,4
20882,1693226269975,1692254005732,1692254005735,1693226269983,8,3,5
20883,1693226269983,1692254005740,1692254005743,1693226269991,8,3,5
20884,1693226269991,1692254005748,1692254005751,1693226270000,9,3,6
20885,1693226270000,1692254005755,1692254005758,1693226270006,6,3,3
20886,1693226270006,1692254005764,1692254005767,1693226270015,9,3,6
20887,1693226270015,1692254005772,1692254005775,1693226270023,8,3,5
20888,1693226270023,1692254005780,1692254005783,1693226270031,8,3,5
20889,1693226270031,1692254005787,1692254005790,1693226270038,7,3,4
20890,1693226270038,1692254005794,1692254005797,1693226270046,8,3,5
20891,1693226270046,1692254005802,1692254005805,1693226270053,7,3,4
20892,1693226270054,1692254005810,1692254005814,1693226270062,8,4,4
20893,1693226270063,1692254005819,1692254005822,1693226270070,7,3,4
20894,1693226270070,1692254005827,1692254005832,1693226270080,10,5,5
20895,1693226270080,1692254005836,1692254005839,1693226270087,7,3,4
20896,1693226270087,1692254005843,1692254005847,1693226270095,8,4,4
20897,1693226270095,1692254005851,1692254005855,1693226270103,8,4,4
20898,1693226270103,1692254005859,1692254005862,1693226270111,8,3,5
20899,1693226270111,1692254005867,1692254005870,1693226270118,7,3,4
20900,1693226270118,1692254005874,1692254005877,1693226270125,7,3,4
20901,1693226270125,1692254005881,1692254005884,1693226270133,8,3,5
20902,1693226270133,1692254005889,1692254005892,1693226270140,7,3,4
20903,1693226270140,1692254005896,1692254005899,1693226270147,7,3,4
20904,1693226270147,1692254005903,1692254005906,1693226270154,7,3,4
20905,1693226270154,1692254005910,1692254005914,1693226270162,8,4,4
20906,1693226270162,1692254005918,1692254005922,1693226270170,8,4,4
20907,1693226270170,1692254005926,1692254005929,1693226270177,7,3,4
20908,1693226270177,1692254005933,1692254005936,1693226270184,7,3,4
20909,1693226270184,1692254005940,1692254005944,1693226270192,8,4,4
20910,1693226270192,1692254005948,1692254005951,1693226270199,7,3,4
20911,1693226270199,1692254005955,1692254005958,1693226270206,7,3,4
20912,1693226270206,1692254005965,1692254005968,1693226270217,11,3,8
20913,1693226270217,1692254005973,1692254005976,1693226270225,8,3,5
20914,1693226270225,1692254005981,1692254005984,1693226270232,7,3,4
20915,1693226270232,1692254005990,1692254005994,1693226270242,10,4,6
20916,1693226270242,1692254005998,1692254006001,1693226270250,8,3,5
20917,1693226270250,1692254006006,1692254006008,1693226270257,7,2,5
20918,1693226270257,1692254006013,1692254006016,1693226270265,8,3,5
20919,1693226270265,1692254006021,1692254006024,1693226270272,7,3,4
20920,1693226270272,1692254006029,1692254006033,1693226270282,10,4,6
20921,1693226270282,1692254006041,1692254006045,1693226270293,11,4,7
20922,1693226270293,1692254006049,1692254006054,1693226270302,9,5,4
20923,1693226270302,1692254006058,1692254006061,1693226270310,8,3,5
20924,1693226270310,1692254006066,1692254006069,1693226270317,7,3,4
20925,1693226270317,1692254006073,1692254006076,1693226270325,8,3,5
20926,1693226270325,1692254006081,1692254006085,1693226270334,9,4,5
20927,1693226270334,1692254006092,1692254006095,1693226270343,9,3,6
20928,1693226270343,1692254006099,1692254006102,1693226270351,8,3,5
20929,1693226270351,1692254006106,1692254006109,1693226270357,6,3,3
20930,1693226270357,1692254006113,1692254006116,1693226270364,7,3,4
20931,1693226270364,1692254006120,1692254006125,1693226270373,9,5,4
20932,1693226270373,1692254006129,1692254006133,1693226270381,8,4,4
20933,1693226270381,1692254006137,1692254006140,1693226270388,7,3,4
20934,1693226270388,1692254006144,1692254006148,1693226270396,8,4,4
20935,1693226270396,1692254006153,1692254006156,1693226270404,8,3,5
20936,1693226270404,1692254006160,1692254006163,1693226270411,7,3,4
20937,1693226270411,1692254006167,1692254006170,1693226270419,8,3,5
20938,1693226270419,1692254006174,1692254006177,1693226270425,6,3,3
20939,1693226270426,1692254006182,1692254006185,1693226270434,8,3,5
20940,1693226270434,1692254006190,1692254006193,1693226270441,7,3,4
20941,1693226270441,1692254006197,1692254006200,1693226270448,7,3,4
20942,1693226270448,1692254006204,1692254006207,1693226270455,7,3,4
20943,1693226270455,1692254006212,1692254006215,1693226270464,9,3,6
20944,1693226270464,1692254006226,1692254006230,1693226270479,15,4,11
20945,1693226270479,1692254006235,1692254006238,1693226270486,7,3,4
20946,1693226270486,1692254006244,1692254006247,1693226270495,9,3,6
20947,1693226270495,1692254006251,1692254006254,1693226270502,7,3,4
20948,1693226270502,1692254006259,1692254006261,1693226270509,7,2,5
20949,1693226270510,1692254006266,1692254006269,1693226270518,8,3,5
20950,1693226270518,1692254006274,1692254006277,1693226270525,7,3,4
20951,1693226270525,1692254006282,1692254006285,1693226270534,9,3,6
20952,1693226270534,1692254006290,1692254006293,1693226270543,9,3,6
20953,1693226270543,1692254006299,1692254006302,1693226270550,7,3,4
20954,1693226270550,1692254006306,1692254006310,1693226270558,8,4,4
20955,1693226270558,1692254006315,1692254006319,1693226270567,9,4,5
20956,1693226270567,1692254006323,1692254006326,1693226270575,8,3,5
20957,1693226270575,1692254006330,1692254006334,1693226270582,7,4,3
20958,1693226270582,1692254006338,1692254006342,1693226270590,8,4,4
20959,1693226270590,1692254006346,1692254006349,1693226270597,7,3,4
20960,1693226270598,1692254006354,1692254006357,1693226270605,7,3,4
20961,1693226270605,1692254006363,1692254006366,1693226270615,10,3,7
20962,1693226270615,1692254006371,1692254006375,1693226270623,8,4,4
20963,1693226270623,1692254006379,1692254006383,1693226270631,8,4,4
20964,1693226270631,1692254006387,1692254006390,1693226270638,7,3,4
20965,1693226270638,1692254006395,1692254006397,1693226270647,9,2,7
20966,1693226270647,1692254006403,1692254006405,1693226270653,6,2,4
20967,1693226270653,1692254006409,1692254006412,1693226270660,7,3,4
20968,1693226270660,1692254006417,1692254006421,1693226270669,9,4,5
20969,1693226270669,1692254006426,1692254006429,1693226270678,9,3,6
20970,1693226270678,1692254006434,1692254006437,1693226270686,8,3,5
20971,1693226270686,1692254006442,1692254006444,1693226270692,6,2,4
20972,1693226270692,1692254006448,1692254006451,1693226270700,8,3,5
20973,1693226270700,1692254006456,1692254006459,1693226270707,7,3,4
20974,1693226270707,1692254006463,1692254006467,1693226270715,8,4,4
20975,1693226270715,1692254006471,1692254006474,1693226270723,8,3,5
20976,1693226270723,1692254006480,1692254006482,1693226270731,8,2,6
20977,1693226270731,1692254006486,1692254006489,1693226270738,7,3,4
20978,1693226270738,1692254006494,1692254006497,1693226270748,10,3,7
20979,1693226270748,1692254006504,1692254006507,1693226270755,7,3,4
20980,1693226270755,1692254006511,1692254006514,1693226270762,7,3,4
20981,1693226270762,1692254006520,1692254006524,1693226270772,10,4,6
20982,1693226270772,1692254006528,1692254006531,1693226270780,8,3,5
20983,1693226270780,1692254006536,1692254006539,1693226270787,7,3,4
20984,1693226270787,1692254006544,1692254006547,1693226270796,9,3,6
20985,1693226270796,1692254006551,1692254006555,1693226270803,7,4,3
20986,1693226270803,1692254006559,1692254006562,1693226270810,7,3,4
20987,1693226270810,1692254006568,1692254006571,1693226270820,10,3,7
20988,1693226270820,1692254006576,1692254006579,1693226270827,7,3,4
20989,1693226270827,1692254006583,1692254006587,1693226270835,8,4,4
20990,1693226270835,1692254006591,1692254006595,1693226270843,8,4,4
20991,1693226270843,1692254006600,1692254006604,1693226270852,9,4,5
20992,1693226270852,1692254006609,1692254006615,1693226270863,11,6,5
20993,1693226270863,1692254006620,1692254006623,1693226270871,8,3,5
20994,1693226270871,1692254006627,1692254006631,1693226270879,8,4,4
20995,1693226270879,1692254006635,1692254006639,1693226270887,8,4,4
20996,1693226270887,1692254006643,1692254006646,1693226270895,8,3,5
20997,1693226270895,1692254006650,1692254006654,1693226270902,7,4,3
20998,1693226270902,1692254006658,1692254006662,1693226270910,8,4,4
20999,1693226270910,1692254006666,1692254006669,1693226270917,7,3,4
21000,1693226270917,1692254006674,1692254006677,1693226270926,9,3,6
21001,1693226270926,1692254006682,1692254006685,1693226270933,7,3,4
21002,1693226270933,1692254006689,1692254006693,1693226270941,8,4,4
21003,1693226270941,1692254006697,1692254006702,1693226270953,12,5,7
21004,1693226270953,1692254006709,1692254006712,1693226270960,7,3,4
21005,1693226270960,1692254006716,1692254006720,1693226270968,8,4,4
21006,1693226270968,1692254006724,1692254006728,1693226270976,8,4,4
21007,1693226270976,1692254006734,1692254006738,1693226270986,10,4,6
21008,1693226270986,1692254006742,1692254006745,1693226270993,7,3,4
21009,1693226270993,1692254006749,1692254006752,1693226271000,7,3,4
21010,1693226271000,1692254006756,1692254006760,1693226271008,8,4,4
21011,1693226271008,1692254006764,1692254006767,1693226271016,8,3,5
21012,1693226271016,1692254006773,1692254006776,1693226271024,8,3,5
21013,1693226271024,1692254006780,1692254006783,1693226271032,8,3,5
21014,1693226271032,1692254006788,1692254006791,1693226271040,8,3,5
21015,1693226271040,1692254006798,1692254006801,1693226271049,9,3,6
21016,1693226271049,1692254006805,1692254006809,1693226271057,8,4,4
21017,1693226271057,1692254006813,1692254006817,1693226271065,8,4,4
21018,1693226271065,1692254006822,1692254006825,1693226271073,8,3,5
21019,1693226271073,1692254006829,1692254006833,1693226271081,8,4,4
21020,1693226271081,1692254006837,1692254006840,1693226271089,8,3,5
21021,1693226271089,1692254006845,1692254006849,1693226271097,8,4,4
21022,1693226271097,1692254006854,1692254006857,1693226271105,8,3,5
21023,1693226271105,1692254006861,1692254006864,1693226271112,7,3,4
21024,1693226271112,1692254006869,1692254006872,1693226271120,8,3,5
21025,1693226271120,1692254006876,1692254006880,1693226271128,8,4,4
21026,1693226271128,1692254006884,1692254006887,1693226271136,8,3,5
21027,1693226271136,1692254006892,1692254006896,1693226271144,8,4,4
21028,1693226271144,1692254006900,1692254006903,1693226271151,7,3,4
21029,1693226271151,1692254006907,1692254006911,1693226271159,8,4,4
21030,1693226271160,1692254006915,1692254006919,1693226271167,7,4,3
21031,1693226271167,1692254006923,1692254006926,1693226271174,7,3,4
21032,1693226271175,1692254006930,1692254006933,1693226271182,7,3,4
21033,1693226271182,1692254006938,1692254006941,1693226271189,7,3,4
21034,1693226271189,1692254006945,1692254006949,1693226271197,8,4,4
21035,1693226271197,1692254006953,1692254006956,1693226271204,7,3,4
21036,1693226271204,1692254006960,1692254006963,1693226271212,8,3,5
21037,1693226271212,1692254006968,1692254006971,1693226271220,8,3,5
21038,1693226271220,1692254006976,1692254006980,1693226271228,8,4,4
21039,1693226271228,1692254006984,1692254006987,1693226271235,7,3,4
21040,1693226271236,1692254006991,1692254006996,1693226271244,8,5,3
21041,1693226271244,1692254007001,1692254007004,1693226271253,9,3,6
21042,1693226271253,1692254007009,1692254007012,1693226271260,7,3,4
21043,1693226271260,1692254007016,1692254007019,1693226271267,7,3,4
21044,1693226271267,1692254007023,1692254007026,1693226271275,8,3,5
21045,1693226271275,1692254007030,1692254007033,1693226271281,6,3,3
21046,1693226271281,1692254007042,1692254007046,1693226271294,13,4,9
21047,1693226271294,1692254007050,1692254007053,1693226271302,8,3,5
21048,1693226271302,1692254007058,1692254007061,1693226271309,7,3,4
21049,1693226271309,1692254007065,1692254007068,1693226271317,8,3,5
21050,1693226271317,1692254007073,1692254007077,1693226271326,9,4,5
21051,1693226271326,1692254007082,1692254007085,1693226271333,7,3,4
21052,1693226271333,1692254007089,1692254007093,1693226271341,8,4,4
21053,1693226271341,1692254007097,1692254007100,1693226271348,7,3,4
21054,1693226271348,1692254007104,1692254007107,1693226271355,7,3,4
21055,1693226271355,1692254007111,1692254007115,1693226271363,8,4,4
21056,1693226271363,1692254007119,1692254007123,1693226271371,8,4,4
21057,1693226271371,1692254007127,1692254007130,1693226271379,8,3,5
21058,1693226271379,1692254007135,1692254007138,1693226271386,7,3,4
21059,1693226271386,1692254007142,1692254007146,1693226271394,8,4,4
21060,1693226271394,1692254007150,1692254007153,1693226271402,8,3,5
21061,1693226271402,1692254007158,1692254007161,1693226271409,7,3,4
21062,1693226271409,1692254007165,1692254007169,1693226271417,8,4,4
21063,1693226271417,1692254007173,1692254007177,1693226271425,8,4,4
21064,1693226271425,1692254007182,1692254007185,1693226271433,8,3,5
21065,1693226271434,1692254007190,1692254007192,1693226271441,7,2,5
21066,1693226271441,1692254007197,1692254007201,1693226271449,8,4,4
21067,1693226271449,1692254007205,1692254007209,1693226271458,9,4,5
21068,1693226271458,1692254007214,1692254007217,1693226271465,7,3,4
21069,1693226271465,1692254007221,1692254007225,1693226271475,10,4,6
21070,1693226271475,1692254007232,1692254007235,1693226271483,8,3,5
21071,1693226271483,1692254007240,1692254007243,1693226271491,8,3,5
21072,1693226271491,1692254007247,1692254007251,1693226271501,10,4,6
21073,1693226271501,1692254007257,1692254007260,1693226271508,7,3,4
21074,1693226271508,1692254007264,1692254007267,1693226271515,7,3,4
21075,1693226271515,1692254007271,1692254007274,1693226271523,8,3,5
21076,1693226271523,1692254007279,1692254007282,1693226271530,7,3,4
21077,1693226271530,1692254007286,1692254007291,1693226271539,9,5,4
21078,1693226271539,1692254007295,1692254007298,1693226271547,8,3,5
21079,1693226271547,1692254007303,1692254007305,1693226271553,6,2,4
21080,1693226271553,1692254007309,1692254007313,1693226271561,8,4,4
21081,1693226271561,1692254007316,1692254007319,1693226271567,6,3,3
21082,1693226271568,1692254007324,1692254007327,1693226271575,7,3,4
21083,1693226271575,1692254007332,1692254007335,1693226271584,9,3,6
21084,1693226271584,1692254007340,1692254007344,1693226271592,8,4,4
21085,1693226271592,1692254007348,1692254007352,1693226271600,8,4,4
21086,1693226271600,1692254007356,1692254007360,1693226271608,8,4,4
21087,1693226271608,1692254007364,1692254007367,1693226271616,8,3,5
21088,1693226271616,1692254007372,1692254007374,1693226271623,7,2,5
21089,1693226271623,1692254007380,1692254007383,1693226271631,8,3,5
21090,1693226271631,1692254007387,1692254007390,1693226271639,8,3,5
21091,1693226271639,1692254007395,1692254007398,1693226271646,7,3,4
21092,1693226271646,1692254007403,1692254007406,1693226271654,8,3,5
21093,1693226271655,1692254007411,1692254007414,1693226271662,7,3,4
21094,1693226271662,1692254007418,1692254007421,1693226271671,9,3,6
21095,1693226271671,1692254007427,1692254007430,1693226271678,7,3,4
21096,1693226271678,1692254007434,1692254007437,1693226271687,9,3,6
21097,1693226271687,1692254007446,1692254007450,1693226271698,11,4,7
21098,1693226271698,1692254007456,1692254007459,1693226271707,9,3,6
21099,1693226271707,1692254007463,1692254007466,1693226271714,7,3,4
21100,1693226271714,1692254007470,1692254007473,1693226271722,8,3,5
21101,1693226271722,1692254007478,1692254007481,1693226271729,7,3,4
21102,1693226271729,1692254007485,1692254007488,1693226271736,7,3,4
21103,1693226271736,1692254007493,1692254007497,1693226271745,9,4,5
21104,1693226271745,1692254007508,1692254007512,1693226271760,15,4,11
21105,1693226271760,1692254007515,1692254007519,1693226271767,7,4,3
21106,1693226271767,1692254007530,1692254007533,1693226271781,14,3,11
21107,1693226271781,1692254007538,1692254007542,1693226271790,9,4,5
21108,1693226271790,1692254007546,1692254007549,1693226271797,7,3,4
21109,1693226271797,1692254007553,1692254007556,1693226271804,7,3,4
21110,1693226271804,1692254007560,1692254007563,1693226271811,7,3,4
21111,1693226271811,1692254007567,1692254007571,1693226271819,8,4,4
21112,1693226271819,1692254007575,1692254007578,1693226271826,7,3,4
21113,1693226271826,1692254007583,1692254007586,1693226271835,9,3,6
21114,1693226271835,1692254007591,1692254007597,1693226271845,10,6,4
21115,1693226271845,1692254007601,1692254007605,1693226271854,9,4,5
21116,1693226271854,1692254007610,1692254007613,1693226271861,7,3,4
21117,1693226271861,1692254007617,1692254007621,1693226271869,8,4,4
21118,1693226271870,1692254007628,1692254007632,1693226271880,10,4,6
21119,1693226271880,1692254007636,1692254007640,1693226271889,9,4,5
21120,1693226271889,1692254007645,1692254007649,1693226271897,8,4,4
21121,1693226271897,1692254007653,1692254007656,1693226271904,7,3,4
21122,1693226271904,1692254007661,1692254007664,1693226271912,8,3,5
21123,1693226271912,1692254007668,1692254007671,1693226271919,7,3,4
21124,1693226271919,1692254007675,1692254007679,1693226271927,8,4,4
21125,1693226271927,1692254007683,1692254007686,1693226271934,7,3,4
21126,1693226271934,1692254007691,1692254007693,1693226271942,8,2,6
21127,1693226271942,1692254007698,1692254007702,1693226271950,8,4,4
21128,1693226271950,1692254007706,1692254007710,1693226271958,8,4,4
21129,1693226271958,1692254007714,1692254007717,1693226271965,7,3,4
21130,1693226271965,1692254007721,1692254007724,1693226271973,8,3,5
21131,1693226271973,1692254007731,1692254007734,1693226271982,9,3,6
21132,1693226271982,1692254007738,1692254007741,1693226271990,8,3,5
21133,1693226271990,1692254007748,1692254007751,1693226271999,9,3,6
21134,1693226271999,1692254007755,1692254007759,1693226272008,9,4,5
21135,1693226272008,1692254007765,1692254007768,1693226272017,9,3,6
21136,1693226272017,1692254007773,1692254007776,1693226272024,7,3,4
21137,1693226272024,1692254007780,1692254007783,1693226272031,7,3,4
21138,1693226272031,1692254007788,1692254007791,1693226272039,8,3,5
21139,1693226272039,1692254007796,1692254007799,1693226272047,8,3,5
21140,1693226272047,1692254007803,1692254007806,1693226272054,7,3,4
21141,1693226272054,1692254007811,1692254007814,1693226272062,8,3,5
21142,1693226272062,1692254007818,1692254007821,1693226272069,7,3,4
21143,1693226272069,1692254007825,1692254007829,1693226272079,10,4,6
21144,1693226272079,1692254007835,1692254007838,1693226272086,7,3,4
21145,1693226272086,1692254007842,1692254007844,1693226272092,6,2,4
21146,1693226272092,1692254007848,1692254007852,1693226272100,8,4,4
21147,1693226272100,1692254007856,1692254007859,1693226272106,6,3,3
21148,1693226272106,1692254007862,1692254007866,1693226272114,8,4,4
21149,1693226272114,1692254007870,1692254007873,1693226272121,7,3,4
21150,1693226272121,1692254007877,1692254007880,1693226272127,6,3,3
21151,1693226272128,1692254007883,1692254007889,1693226272137,9,6,3
21152,1693226272137,1692254007893,1692254007896,1693226272144,7,3,4
21153,1693226272144,1692254007901,1692254007904,1693226272153,9,3,6
21154,1693226272153,1692254007909,1692254007912,1693226272160,7,3,4
21155,1693226272160,1692254007916,1692254007919,1693226272167,7,3,4
21156,1693226272167,1692254007923,1692254007927,1693226272175,8,4,4
21157,1693226272175,1692254007931,1692254007934,1693226272182,7,3,4
21158,1693226272182,1692254007938,1692254007941,1693226272190,8,3,5
21159,1693226272190,1692254007946,1692254007949,1693226272198,8,3,5
21160,1693226272198,1692254007955,1692254007957,1693226272205,7,2,5
21161,1693226272205,1692254007961,1692254007965,1693226272213,8,4,4
21162,1693226272213,1692254007969,1692254007972,1693226272220,7,3,4
21163,1693226272220,1692254007976,1692254007979,1693226272227,7,3,4
21164,1693226272227,1692254007984,1692254007986,1693226272235,8,2,6
21165,1693226272235,1692254007991,1692254007994,1693226272242,7,3,4
21166,1693226272242,1692254007998,1692254008001,1693226272250,8,3,5
21167,1693226272250,1692254008006,1692254008009,1693226272257,7,3,4
21168,1693226272257,1692254008014,1692254008017,1693226272265,8,3,5
21169,1693226272265,1692254008022,1692254008026,1693226272274,9,4,5
21170,1693226272274,1692254008030,1692254008033,1693226272281,7,3,4
21171,1693226272281,1692254008040,1692254008044,1693226272294,13,4,9
21172,1693226272294,1692254008050,1692254008053,1693226272301,7,3,4
21173,1693226272301,1692254008058,1692254008061,1693226272309,8,3,5
21174,1693226272309,1692254008065,1692254008068,1693226272317,8,3,5
21175,1693226272317,1692254008073,1692254008077,1693226272325,8,4,4
21176,1693226272325,1692254008081,1692254008084,1693226272332,7,3,4
21177,1693226272332,1692254008088,1692254008091,1693226272340,8,3,5
21178,1693226272340,1692254008095,1692254008099,1693226272347,7,4,3
21179,1693226272347,1692254008104,1692254008107,1693226272355,8,3,5
21180,1693226272355,1692254008111,1692254008115,1693226272363,8,4,4
21181,1693226272363,1692254008119,1692254008123,1693226272371,8,4,4
21182,1693226272371,1692254008127,1692254008130,1693226272378,7,3,4
21183,1693226272378,1692254008134,1692254008138,1693226272386,8,4,4
21184,1693226272386,1692254008143,1692254008147,1693226272395,9,4,5
21185,1693226272395,1692254008151,1692254008154,1693226272402,7,3,4
21186,1693226272402,1692254008158,1692254008161,1693226272409,7,3,4
21187,1693226272409,1692254008165,1692254008168,1693226272418,9,3,6
21188,1693226272418,1692254008174,1692254008178,1693226272426,8,4,4
21189,1693226272426,1692254008182,1692254008185,1693226272433,7,3,4
21190,1693226272433,1692254008190,1692254008192,1693226272441,8,2,6
21191,1693226272441,1692254008197,1692254008200,1693226272449,8,3,5
21192,1693226272449,1692254008205,1692254008208,1693226272457,8,3,5
21193,1693226272457,1692254008213,1692254008216,1693226272464,7,3,4
21194,1693226272465,1692254008221,1692254008224,1693226272473,8,3,5
21195,1693226272473,1692254008229,1692254008233,1693226272481,8,4,4
21196,1693226272481,1692254008237,1692254008240,1693226272489,8,3,5
21197,1693226272489,1692254008245,1692254008248,1693226272497,8,3,5
21198,1693226272497,1692254008253,1692254008256,1693226272505,8,3,5
21199,1693226272505,1692254008262,1692254008265,1693226272513,8,3,5
21200,1693226272513,1692254008270,1692254008273,1693226272522,9,3,6
21201,1693226272522,1692254008278,1692254008281,1693226272529,7,3,4
21202,1693226272529,1692254008285,1692254008289,1693226272537,8,4,4
21203,1693226272537,1692254008294,1692254008296,1693226272544,7,2,5
21204,1693226272544,1692254008300,1692254008304,1693226272552,8,4,4
21205,1693226272552,1692254008308,1692254008311,1693226272559,7,3,4
21206,1693226272559,1692254008316,1692254008319,1693226272567,8,3,5
21207,1693226272567,1692254008323,1692254008326,1693226272575,8,3,5
21208,1693226272575,1692254008331,1692254008334,1693226272583,8,3,5
21209,1693226272583,1692254008339,1692254008342,1693226272591,8,3,5
21210,1693226272592,1692254008348,1692254008351,1693226272599,7,3,4
21211,1693226272599,1692254008355,1692254008359,1693226272607,8,4,4
21212,1693226272607,1692254008363,1692254008367,1693226272615,8,4,4
21213,1693226272615,1692254008371,1692254008374,1693226272622,7,3,4
21214,1693226272622,1692254008378,1692254008382,1693226272630,8,4,4
21215,1693226272630,1692254008386,1692254008389,1693226272638,8,3,5
21216,1693226272638,1692254008394,1692254008397,1693226272645,7,3,4
21217,1693226272645,1692254008401,1692254008404,1693226272652,7,3,4
21218,1693226272652,1692254008408,1692254008410,1693226272659,7,2,5
21219,1693226272659,1692254008415,1692254008419,1693226272667,8,4,4
21220,1693226272667,1692254008423,1692254008426,1693226272674,7,3,4
21221,1693226272674,1692254008430,1692254008434,1693226272682,8,4,4
21222,1693226272682,1692254008438,1692254008441,1693226272689,7,3,4
21223,1693226272689,1692254008449,1692254008452,1693226272701,12,3,9
21224,1693226272701,1692254008457,1692254008459,1693226272708,7,2,5
21225,1693226272708,1692254008464,1692254008469,1693226272717,9,5,4
21226,1693226272717,1692254008473,1692254008476,1693226272725,8,3,5
21227,1693226272725,1692254008481,1692254008485,1693226272733,8,4,4
21228,1693226272733,1692254008489,1692254008492,1693226272740,7,3,4
21229,1693226272740,1692254008497,1692254008500,1693226272748,8,3,5
21230,1693226272748,1692254008505,1692254008507,1693226272756,8,2,6
21231,1693226272756,1692254008513,1692254008516,1693226272764,8,3,5
21232,1693226272764,1692254008520,1692254008523,1693226272772,8,3,5
21233,1693226272772,1692254008528,1692254008532,1693226272780,8,4,4
21234,1693226272780,1692254008536,1692254008540,1693226272789,9,4,5
21235,1693226272789,1692254008545,1692254008549,1693226272797,8,4,4
21236,1693226272797,1692254008553,1692254008556,1693226272805,8,3,5
21237,1693226272805,1692254008561,1692254008564,1693226272813,8,3,5
21238,1693226272813,1692254008569,1692254008573,1693226272821,8,4,4
21239,1693226272821,1692254008577,1692254008580,1693226272828,7,3,4
21240,1693226272828,1692254008584,1692254008587,1693226272835,7,3,4
21241,1693226272835,1692254008591,1692254008595,1693226272843,8,4,4
21242,1693226272843,1692254008599,1692254008602,1693226272851,8,3,5
21243,1693226272851,1692254008607,1692254008610,1693226272858,7,3,4
21244,1693226272858,1692254008614,1692254008617,1693226272866,8,3,5
21245,1693226272866,1692254008622,1692254008625,1693226272873,7,3,4
21246,1693226272873,1692254008630,1692254008634,1693226272882,9,4,5
21247,1693226272882,1692254008638,1692254008641,1693226272889,7,3,4
21248,1693226272889,1692254008645,1692254008649,1693226272898,9,4,5
21249,1693226272898,1692254008654,1692254008657,1693226272905,7,3,4
21250,1693226272905,1692254008662,1692254008665,1693226272913,8,3,5
21251,1693226272913,1692254008669,1692254008672,1693226272921,8,3,5
21252,1693226272921,1692254008676,1692254008680,1693226272928,7,4,3
21253,1693226272928,1692254008684,1692254008687,1693226272935,7,3,4
21254,1693226272935,1692254008692,1692254008695,1693226272943,8,3,5
21255,1693226272943,1692254008699,1692254008702,1693226272950,7,3,4
21256,1693226272950,1692254008706,1692254008710,1693226272959,9,4,5
21257,1693226272959,1692254008715,1692254008718,1693226272967,8,3,5
21258,1693226272967,1692254008724,1692254008728,1693226272976,9,4,5
21259,1693226272976,1692254008732,1692254008736,1693226272985,9,4,5
21260,1693226272985,1692254008741,1692254008743,1693226272992,7,2,5
21261,1693226272992,1692254008748,1692254008752,1693226273001,9,4,5
21262,1693226273001,1692254008757,1692254008761,1693226273010,9,4,5
21263,1693226273010,1692254008766,1692254008770,1693226273018,8,4,4
21264,1693226273018,1692254008775,1692254008777,1693226273026,8,2,6
21265,1693226273026,1692254008791,1692254008794,1693226273042,16,3,13
21266,1693226273042,1692254008799,1692254008802,1693226273051,9,3,6
21267,1693226273051,1692254008813,1692254008817,1693226273066,15,4,11
21268,1693226273066,1692254008822,1692254008827,1693226273075,9,5,4
21269,1693226273075,1692254008832,1692254008835,1693226273084,9,3,6
21270,1693226273084,1692254008841,1692254008844,1693226273093,9,3,6
21271,1693226273093,1692254008850,1692254008853,1693226273103,10,3,7
21272,1693226273103,1692254008859,1692254008862,1693226273110,7,3,4
21273,1693226273110,1692254008867,1692254008870,1693226273118,8,3,5
21274,1693226273118,1692254008874,1692254008877,1693226273126,8,3,5
21275,1693226273126,1692254008881,1692254008884,1693226273132,6,3,3
21276,1693226273132,1692254008889,1692254008893,1693226273141,9,4,5
21277,1693226273141,1692254008897,1692254008901,1693226273149,8,4,4
21278,1693226273149,1692254008905,1692254008909,1693226273157,8,4,4
21279,1693226273157,1692254008913,1692254008916,1693226273165,8,3,5
21280,1693226273165,1692254008922,1692254008924,1693226273173,8,2,6
21281,1693226273173,1692254008929,1692254008932,1693226273180,7,3,4
21282,1693226273181,1692254008937,1692254008941,1693226273189,8,4,4
21283,1693226273189,1692254008945,1692254008948,1693226273196,7,3,4
21284,1693226273196,1692254008952,1692254008956,1693226273207,11,4,7
21285,1693226273207,1692254008963,1692254008967,1693226273215,8,4,4
21286,1693226273215,1692254008971,1692254008974,1693226273222,7,3,4
21287,1693226273223,1692254008978,1692254008981,1693226273230,7,3,4
21288,1693226273230,1692254008985,1692254008988,1693226273237,7,3,4
21289,1693226273237,1692254008993,1692254008996,1693226273245,8,3,5
21290,1693226273245,1692254009000,1692254009004,1693226273252,7,4,3
21291,1693226273252,1692254009009,1692254009012,1693226273260,8,3,5
21292,1693226273260,1692254009016,1692254009020,1693226273268,8,4,4
21293,1693226273268,1692254009023,1692254009026,1693226273275,7,3,4
21294,1693226273275,1692254009031,1692254009034,1693226273283,8,3,5
21295,1693226273283,1692254009039,1692254009042,1693226273291,8,3,5
21296,1693226273291,1692254009047,1692254009051,1693226273300,9,4,5
21297,1693226273300,1692254009056,1692254009059,1693226273308,8,3,5
21298,1693226273308,1692254009064,1692254009067,1693226273315,7,3,4
21299,1693226273315,1692254009072,1692254009076,1693226273325,10,4,6
21300,1693226273325,1692254009081,1692254009084,1693226273332,7,3,4
21301,1693226273332,1692254009088,1692254009091,1693226273339,7,3,4
21302,1693226273339,1692254009095,1692254009098,1693226273346,7,3,4
21303,1693226273346,1692254009102,1692254009105,1693226273353,7,3,4
21304,1693226273353,1692254009109,1692254009111,1693226273359,6,2,4
21305,1693226273360,1692254009116,1692254009119,1693226273368,8,3,5
21306,1693226273368,1692254009124,1692254009127,1693226273376,8,3,5
21307,1693226273376,1692254009132,1692254009135,1693226273383,7,3,4
21308,1693226273383,1692254009139,1692254009143,1693226273391,8,4,4
21309,1693226273391,1692254009148,1692254009151,1693226273399,8,3,5
21310,1693226273399,1692254009155,1692254009158,1693226273407,8,3,5
21311,1693226273407,1692254009165,1692254009168,1693226273416,9,3,6
21312,1693226273416,1692254009172,1692254009175,1693226273423,7,3,4
21313,1693226273423,1692254009180,1692254009183,1693226273431,8,3,5
21314,1693226273431,1692254009187,1692254009189,1693226273438,7,2,5
21315,1693226273438,1692254009194,1692254009197,1693226273445,7,3,4
21316,1693226273445,1692254009201,1692254009204,1693226273452,7,3,4
21317,1693226273452,1692254009209,1692254009212,1693226273461,9,3,6
21318,1693226273461,1692254009217,1692254009221,1693226273469,8,4,4
21319,1693226273469,1692254009225,1692254009228,1693226273476,7,3,4
21320,1693226273476,1692254009232,1692254009235,1693226273483,7,3,4
21321,1693226273483,1692254009240,1692254009243,1693226273492,9,3,6
21322,1693226273492,1692254009248,1692254009251,1693226273500,8,3,5
21323,1693226273500,1692254009256,1692254009260,1693226273508,8,4,4
21324,1693226273508,1692254009264,1692254009266,1693226273515,7,2,5
21325,1693226273515,1692254009271,1692254009274,1693226273522,7,3,4
21326,1693226273522,1692254009278,1692254009282,1693226273530,8,4,4
21327,1693226273530,1692254009286,1692254009289,1693226273538,8,3,5
21328,1693226273538,1692254009294,1692254009297,1693226273545,7,3,4
21329,1693226273546,1692254009302,1692254009305,1693226273553,7,3,4
21330,1693226273553,1692254009308,1692254009311,1693226273559,6,3,3
21331,1693226273559,1692254009315,1692254009318,1693226273566,7,3,4
21332,1693226273566,1692254009322,1692254009325,1693226273573,7,3,4
21333,1693226273573,1692254009331,1692254009334,1693226273582,9,3,6
21334,1693226273582,1692254009338,1692254009341,1693226273589,7,3,4
21335,1693226273589,1692254009346,1692254009350,1693226273598,9,4,5
21336,1693226273598,1692254009353,1692254009358,1693226273606,8,5,3
21337,1693226273606,1692254009362,1692254009366,1693226273615,9,4,5
21338,1693226273615,1692254009372,1692254009375,1693226273623,8,3,5
21339,1693226273623,1692254009379,1692254009382,1693226273630,7,3,4
21340,1693226273630,1692254009386,1692254009390,1693226273638,8,4,4
21341,1693226273638,1692254009394,1692254009397,1693226273646,8,3,5
21342,1693226273646,1692254009401,1692254009404,1693226273652,6,3,3
21343,1693226273652,1692254009409,1692254009412,1693226273660,8,3,5
21344,1693226273660,1692254009417,1692254009421,1693226273669,9,4,5
21345,1693226273669,1692254009425,1692254009427,1693226273676,7,2,5
21346,1693226273676,1692254009431,1692254009434,1693226273682,6,3,3
21347,1693226273682,1692254009438,1692254009442,1693226273690,8,4,4
21348,1693226273690,1692254009447,1692254009449,1693226273698,8,2,6
21349,1693226273698,1692254009454,1692254009456,1693226273705,7,2,5
21350,1693226273705,1692254009461,1692254009464,1693226273712,7,3,4
21351,1693226273712,1692254009468,1692254009471,1693226273720,8,3,5
21352,1693226273720,1692254009476,1692254009479,1693226273727,7,3,4
21353,1693226273727,1692254009483,1692254009486,1693226273735,8,3,5
21354,1693226273735,1692254009491,1692254009493,1693226273742,7,2,5
21355,1693226273742,1692254009498,1692254009501,1693226273749,7,3,4
21356,1693226273750,1692254009506,1692254009509,1693226273758,8,3,5
21357,1693226273758,1692254009514,1692254009517,1693226273765,7,3,4
21358,1693226273765,1692254009521,1692254009524,1693226273773,8,3,5
21359,1693226273773,1692254009529,1692254009532,1693226273780,7,3,4
21360,1693226273780,1692254009537,1692254009541,1693226273789,9,4,5
21361,1693226273789,1692254009546,1692254009549,1693226273798,9,3,6
21362,1693226273798,1692254009553,1692254009556,1693226273804,6,3,3
21363,1693226273804,1692254009560,1692254009564,1693226273812,8,4,4
21364,1693226273812,1692254009568,1692254009572,1693226273820,8,4,4
21365,1693226273820,1692254009576,1692254009579,1693226273828,8,3,5
21366,1693226273828,1692254009584,1692254009587,1693226273837,9,3,6
21367,1693226273837,1692254009592,1692254009595,1693226273844,7,3,4
21368,1693226273844,1692254009600,1692254009603,1693226273851,7,3,4
21369,1693226273851,1692254009608,1692254009611,1693226273859,8,3,5
21370,1693226273859,1692254009615,1692254009618,1693226273867,8,3,5
21371,1693226273867,1692254009623,1692254009625,1693226273874,7,2,5
21372,1693226273874,1692254009630,1692254009634,1693226273882,8,4,4
21373,1693226273882,1692254009639,1692254009644,1693226273892,10,5,5
21374,1693226273892,1692254009648,1692254009652,1693226273900,8,4,4
21375,1693226273900,1692254009656,1692254009659,1693226273908,8,3,5
21376,1693226273908,1692254009664,1692254009667,1693226273916,8,3,5
21377,1693226273916,1692254009671,1692254009674,1693226273923,7,3,4
21378,1693226273923,1692254009678,1692254009681,1693226273929,6,3,3
21379,1693226273929,1692254009686,1692254009690,1693226273938,9,4,5
21380,1693226273938,1692254009694,1692254009697,1693226273946,8,3,5
21381,1693226273946,1692254009702,1692254009705,1693226273954,8,3,5
21382,1693226273954,1692254009710,1692254009713,1693226273961,7,3,4
21383,1693226273961,1692254009717,1692254009720,1693226273969,8,3,5
21384,1693226273969,1692254009726,1692254009729,1693226273977,8,3,5
21385,1693226273977,1692254009733,1692254009736,1693226273985,8,3,5
21386,1693226273985,1692254009741,1692254009744,1693226273992,7,3,4
21387,1693226273992,1692254009749,1692254009752,1693226274000,8,3,5
21388,1693226274000,1692254009757,1692254009760,1693226274008,8,3,5
21389,1693226274008,1692254009764,1692254009768,1693226274017,9,4,5
21390,1693226274017,1692254009773,1692254009776,1693226274025,8,3,5
21391,1693226274025,1692254009781,1692254009784,1693226274033,8,3,5
21392,1693226274033,1692254009789,1692254009792,1693226274041,8,3,5
21393,1693226274041,1692254009797,1692254009799,1693226274048,7,2,5
21394,1693226274048,1692254009804,1692254009808,1693226274057,9,4,5
21395,1693226274057,1692254009815,1692254009818,1693226274066,9,3,6
21396,1693226274066,1692254009822,1692254009826,1693226274074,8,4,4
21397,1693226274074,1692254009831,1692254009834,1693226274082,8,3,5
21398,1693226274082,1692254009838,1692254009841,1693226274089,7,3,4
21399,1693226274089,1692254009845,1692254009848,1693226274097,8,3,5
21400,1693226274097,1692254009852,1692254009856,1693226274104,7,4,3
21401,1693226274104,1692254009860,1692254009864,1693226274112,8,4,4
21402,1693226274112,1692254009868,1692254009871,1693226274119,7,3,4
21403,1693226274119,1692254009875,1692254009879,1693226274127,8,4,4
21404,1693226274127,1692254009883,1692254009887,1693226274135,8,4,4
21405,1693226274135,1692254009892,1692254009895,1693226274144,9,3,6
21406,1693226274144,1692254009900,1692254009904,1693226274152,8,4,4
21407,1693226274152,1692254009909,1692254009912,1693226274160,8,3,5
21408,1693226274160,1692254009916,1692254009918,1693226274167,7,2,5
21409,1693226274167,1692254009923,1692254009927,1693226274175,8,4,4
21410,1693226274175,1692254009931,1692254009936,1693226274185,10,5,5
21411,1693226274185,1692254009941,1692254009944,1693226274192,7,3,4
21412,1693226274192,1692254009949,1692254009951,1693226274200,8,2,6
21413,1693226274200,1692254009956,1692254009960,1693226274208,8,4,4
21414,1693226274208,1692254009964,1692254009968,1693226274216,8,4,4
21415,1693226274216,1692254009972,1692254009976,1693226274224,8,4,4
21416,1693226274224,1692254009980,1692254009983,1693226274232,8,3,5
21417,1693226274232,1692254009988,1692254009991,1693226274239,7,3,4
21418,1693226274240,1692254009996,1692254009999,1693226274247,7,3,4
21419,1693226274247,1692254010003,1692254010007,1693226274255,8,4,4
21420,1693226274255,1692254010012,1692254010015,1693226274263,8,3,5
21421,1693226274263,1692254010019,1692254010023,1693226274271,8,4,4
21422,1693226274271,1692254010027,1692254010031,1693226274280,9,4,5
21423,1693226274280,1692254010036,1692254010039,1693226274287,7,3,4
21424,1693226274287,1692254010043,1692254010046,1693226274294,7,3,4
21425,1693226274294,1692254010051,1692254010055,1693226274306,12,4,8
21426,1693226274306,1692254010064,1692254010068,1693226274317,11,4,7
21427,1693226274317,1692254010073,1692254010076,1693226274325,8,3,5
21428,1693226274325,1692254010081,1692254010084,1693226274332,7,3,4
21429,1693226274332,1692254010088,1692254010091,1693226274339,7,3,4
21430,1693226274339,1692254010095,1692254010099,1693226274347,8,4,4
21431,1693226274347,1692254010103,1692254010106,1693226274354,7,3,4
21432,1693226274354,1692254010113,1692254010117,1693226274365,11,4,7
21433,1693226274365,1692254010121,1692254010124,1693226274372,7,3,4
21434,1693226274372,1692254010128,1692254010132,1693226274381,9,4,5
21435,1693226274381,1692254010137,1692254010139,1693226274387,6,2,4
21436,1693226274387,1692254010144,1692254010147,1693226274396,9,3,6
21437,1693226274396,1692254010152,1692254010155,1693226274403,7,3,4
21438,1693226274403,1692254010159,1692254010162,1693226274410,7,3,4
21439,1693226274410,1692254010166,1692254010170,1693226274418,8,4,4
21440,1693226274418,1692254010174,1692254010177,1693226274425,7,3,4
21441,1693226274425,1692254010182,1692254010185,1693226274435,10,3,7
21442,1693226274435,1692254010191,1692254010195,1693226274444,9,4,5
21443,1693226274444,1692254010200,1692254010204,1693226274452,8,4,4
21444,1693226274452,1692254010208,1692254010211,1693226274459,7,3,4
21445,1693226274459,1692254010215,1692254010218,1693226274466,7,3,4
21446,1693226274466,1692254010223,1692254010227,1693226274476,10,4,6
21447,1693226274476,1692254010232,1692254010235,1693226274483,7,3,4
21448,1693226274483,1692254010240,1692254010243,1693226274491,8,3,5
21449,1693226274491,1692254010247,1692254010251,1693226274499,8,4,4
21450,1693226274499,1692254010256,1692254010259,1693226274507,8,3,5
21451,1693226274507,1692254010263,1692254010266,1693226274515,8,3,5
21452,1693226274515,1692254010271,1692254010276,1693226274524,9,5,4
21453,1693226274524,1692254010280,1692254010283,1693226274531,7,3,4
21454,1693226274531,1692254010287,1692254010290,1693226274538,7,3,4
21455,1693226274538,1692254010295,1692254010298,1693226274546,8,3,5
21456,1693226274546,1692254010302,1692254010305,1693226274553,7,3,4
21457,1693226274553,1692254010309,1692254010312,1693226274561,8,3,5
21458,1693226274561,1692254010316,1692254010320,1693226274568,7,4,3
21459,1693226274568,1692254010324,1692254010327,1693226274575,7,3,4
21460,1693226274575,1692254010331,1692254010335,1693226274583,8,4,4
21461,1693226274583,1692254010339,1692254010342,1693226274591,8,3,5
21462,1693226274591,1692254010347,1692254010350,1693226274598,7,3,4
21463,1693226274598,1692254010355,1692254010359,1693226274607,9,4,5
21464,1693226274607,1692254010363,1692254010366,1693226274614,7,3,4
21465,1693226274614,1692254010370,1692254010373,1693226274622,8,3,5
21466,1693226274622,1692254010378,1692254010382,1693226274630,8,4,4
21467,1693226274630,1692254010386,1692254010389,1693226274640,10,3,7
21468,1693226274640,1692254010396,1692254010399,1693226274647,7,3,4
21469,1693226274647,1692254010404,1692254010407,1693226274655,8,3,5
21470,1693226274655,1692254010411,1692254010414,1693226274662,7,3,4
21471,1693226274662,1692254010424,1692254010427,1693226274676,14,3,11
21472,1693226274676,1692254010432,1692254010435,1693226274683,7,3,4
21473,1693226274683,1692254010441,1692254010444,1693226274692,9,3,6
21474,1693226274692,1692254010448,1692254010451,1693226274700,8,3,5
21475,1693226274700,1692254010457,1692254010460,1693226274709,9,3,6
21476,1693226274709,1692254010465,1692254010468,1693226274716,7,3,4
21477,1693226274716,1692254010473,1692254010475,1693226274724,8,2,6
21478,1693226274724,1692254010480,1692254010484,1693226274734,10,4,6
21479,1693226274734,1692254010490,1692254010492,1693226274743,9,2,7
21480,1693226274743,1692254010499,1692254010502,1693226274764,21,3,18
21481,1693226274764,1692254010521,1692254010524,1693226274773,9,3,6
21482,1693226274773,1692254010529,1692254010532,1693226274780,7,3,4
21483,1693226274780,1692254010540,1692254010545,1693226274793,13,5,8
21484,1693226274793,1692254010550,1692254010553,1693226274801,8,3,5
21485,1693226274801,1692254010557,1692254010560,1693226274809,8,3,5
21486,1693226274809,1692254010565,1692254010568,1693226274820,11,3,8
21487,1693226274820,1692254010577,1692254010580,1693226274829,9,3,6
21488,1693226274829,1692254010584,1692254010587,1693226274836,7,3,4
21489,1693226274836,1692254010596,1692254010599,1693226274847,11,3,8
21490,1693226274847,1692254010603,1692254010606,1693226274854,7,3,4
21491,1693226274854,1692254010611,1692254010614,1693226274872,18,3,15
21492,1693226274872,1692254010638,1692254010641,1693226274889,17,3,14
21493,1693226274890,1692254010646,1692254010649,1693226274916,26,3,23
21494,1693226274916,1692254010675,1692254010679,1693226274951,35,4,31
21495,1693226274951,1692254010707,1692254010711,1693226274959,8,4,4
21496,1693226274959,1692254010715,1692254010719,1693226274968,9,4,5
21497,1693226274968,1692254010723,1692254010727,1693226274975,7,4,3
21498,1693226274975,1692254010734,1692254010740,1693226274989,14,6,8
21499,1693226274989,1692254010745,1692254010748,1693226274996,7,3,4
21500,1693226274996,1692254010752,1692254010755,1693226275004,8,3,5
21501,1693226275004,1692254010760,1692254010764,1693226275012,8,4,4
21502,1693226275012,1692254010768,1692254010771,1693226275019,7,3,4
21503,1693226275019,1692254010775,1692254010779,1693226275028,9,4,5
21504,1693226275028,1692254010784,1692254010787,1693226275036,8,3,5
21505,1693226275036,1692254010792,1692254010796,1693226275044,8,4,4
21506,1693226275044,1692254010803,1692254010807,1693226275056,12,4,8
21507,1693226275056,1692254010812,1692254010814,1693226275063,7,2,5
21508,1693226275063,1692254010819,1692254010822,1693226275071,8,3,5
21509,1693226275071,1692254010827,1692254010830,1693226275080,9,3,6
21510,1693226275080,1692254010837,1692254010841,1693226275089,9,4,5
21511,1693226275089,1692254010845,1692254010849,1693226275097,8,4,4
21512,1693226275097,1692254010852,1692254010856,1693226275104,7,4,3
21513,1693226275104,1692254010860,1692254010863,1693226275111,7,3,4
21514,1693226275111,1692254010868,1692254010871,1693226275119,8,3,5
21515,1693226275119,1692254010875,1692254010878,1693226275126,7,3,4
21516,1693226275126,1692254010883,1692254010886,1693226275135,9,3,6
21517,1693226275135,1692254010891,1692254010895,1693226275143,8,4,4
21518,1693226275143,1692254010899,1692254010905,1693226275153,10,6,4
21519,1693226275153,1692254010910,1692254010913,1693226275161,8,3,5
21520,1693226275161,1692254010918,1692254010924,1693226275172,11,6,5
21521,1693226275172,1692254010928,1692254010931,1693226275179,7,3,4
21522,1693226275179,1692254010936,1692254010939,1693226275188,9,3,6
21523,1693226275188,1692254010944,1692254010947,1693226275196,8,3,5
21524,1693226275196,1692254010952,1692254010955,1693226275203,7,3,4
21525,1693226275203,1692254010959,1692254010962,1693226275210,7,3,4
21526,1693226275210,1692254010967,1692254010970,1693226275218,8,3,5
21527,1693226275218,1692254010974,1692254010978,1693226275226,8,4,4
21528,1693226275226,1692254010982,1692254010986,1693226275234,8,4,4
21529,1693226275234,1692254010991,1692254010994,1693226275242,8,3,5
21530,1693226275242,1692254010998,1692254011001,1693226275249,7,3,4
21531,1693226275249,1692254011008,1692254011011,1693226275260,11,3,8
21532,1693226275260,1692254011016,1692254011019,1693226275267,7,3,4
21533,1693226275267,1692254011023,1692254011026,1693226275275,8,3,5
21534,1693226275275,1692254011031,1692254011034,1693226275282,7,3,4
21535,1693226275282,1692254011037,1692254011040,1693226275288,6,3,3
21536,1693226275288,1692254011044,1692254011047,1693226275295,7,3,4
21537,1693226275295,1692254011050,1692254011054,1693226275303,8,4,4
21538,1693226275303,1692254011059,1692254011062,1693226275312,9,3,6
21539,1693226275312,1692254011068,1692254011072,1693226275320,8,4,4
21540,1693226275320,1692254011076,1692254011079,1693226275328,8,3,5
21541,1693226275328,1692254011083,1692254011087,1693226275335,7,4,3
21542,1693226275335,1692254011092,1692254011095,1693226275344,9,3,6
21543,1693226275344,1692254011100,1692254011103,1693226275351,7,3,4
21544,1693226275352,1692254011110,1692254011114,1693226275362,10,4,6
21545,1693226275362,1692254011117,1692254011120,1693226275368,6,3,3
21546,1693226275368,1692254011125,1692254011128,1693226275377,9,3,6
21547,1693226275377,1692254011133,1692254011136,1693226275384,7,3,4
21548,1693226275384,1692254011141,1692254011144,1693226275392,8,3,5
21549,1693226275392,1692254011149,1692254011152,1693226275400,8,3,5
21550,1693226275400,1692254011156,1692254011159,1693226275407,7,3,4
21551,1693226275407,1692254011163,1692254011167,1693226275415,8,4,4
21552,1693226275415,1692254011171,1692254011174,1693226275422,7,3,4
21553,1693226275422,1692254011179,1692254011183,1693226275431,9,4,5
21554,1693226275431,1692254011188,1692254011191,1693226275439,8,3,5
21555,1693226275439,1692254011195,1692254011200,1693226275448,9,5,4
21556,1693226275448,1692254011205,1692254011208,1693226275458,10,3,7
21557,1693226275458,1692254011214,1692254011218,1693226275466,8,4,4
21558,1693226275466,1692254011221,1692254011224,1693226275472,6,3,3
21559,1693226275472,1692254011229,1692254011232,1693226275480,8,3,5
21560,1693226275480,1692254011236,1692254011239,1693226275487,7,3,4
21561,1693226275487,1692254011244,1692254011247,1693226275495,8,3,5
21562,1693226275495,1692254011250,1692254011254,1693226275503,8,4,4
21563,1693226275503,1692254011259,1692254011261,1693226275510,7,2,5
21564,1693226275510,1692254011266,1692254011269,1693226275518,8,3,5
21565,1693226275518,1692254011274,1692254011278,1693226275526,8,4,4
21566,1693226275526,1692254011282,1692254011284,1693226275533,7,2,5
21567,1693226275533,1692254011289,1692254011292,1693226275540,7,3,4
21568,1693226275540,1692254011296,1692254011299,1693226275547,7,3,4
21569,1693226275547,1692254011304,1692254011307,1693226275555,8,3,5
21570,1693226275555,1692254011312,1692254011314,1693226275563,8,2,6
21571,1693226275563,1692254011319,1692254011322,1693226275570,7,3,4
21572,1693226275570,1692254011327,1692254011331,1693226275579,9,4,5
21573,1693226275579,1692254011334,1692254011338,1693226275586,7,4,3
21574,1693226275586,1692254011347,1692254011351,1693226275599,13,4,9
21575,1693226275599,1692254011356,1692254011359,1693226275608,9,3,6
21576,1693226275608,1692254011363,1692254011367,1693226275615,7,4,3
21577,1693226275615,1692254011370,1692254011374,1693226275622,7,4,3
21578,1693226275622,1692254011378,1692254011382,1693226275630,8,4,4
21579,1693226275630,1692254011392,1692254011395,1693226275644,14,3,11
21580,1693226275644,1692254011400,1692254011403,1693226275651,7,3,4
21581,1693226275651,1692254011407,1692254011410,1693226275658,7,3,4
21582,1693226275658,1692254011417,1692254011420,1693226275668,10,3,7
21583,1693226275668,1692254011425,1692254011429,1693226275677,9,4,5
21584,1693226275677,1692254011434,1692254011437,1693226275685,8,3,5
21585,1693226275685,1692254011443,1692254011446,1693226275694,9,3,6
21586,1693226275694,1692254011450,1692254011453,1693226275701,7,3,4
21587,1693226275701,1692254011457,1692254011461,1693226275709,8,4,4
21588,1693226275709,1692254011465,1692254011468,1693226275716,7,3,4
21589,1693226275717,1692254011473,1692254011476,1693226275725,8,3,5
21590,1693226275725,1692254011482,1692254011486,1693226275734,9,4,5
21591,1693226275734,1692254011490,1692254011494,1693226275742,8,4,4
21592,1693226275742,1692254011498,1692254011503,1693226275752,10,5,5
21593,1693226275752,1692254011508,1692254011511,1693226275759,7,3,4
21594,1693226275759,1692254011516,1692254011519,1693226275767,8,3,5
21595,1693226275767,1692254011523,1692254011527,1693226275775,8,4,4
21596,1693226275775,1692254011531,1692254011534,1693226275783,8,3,5
21597,1693226275783,1692254011539,1692254011542,1693226275791,8,3,5
21598,1693226275791,1692254011547,1692254011550,1693226275798,7,3,4
21599,1693226275798,1692254011554,1692254011557,1693226275806,8,3,5
21600,1693226275806,1692254011562,1692254011566,1693226275814,8,4,4
21601,1693226275814,1692254011570,1692254011573,1693226275821,7,3,4
21602,1693226275822,1692254011578,1692254011581,1693226275829,7,3,4
21603,1693226275829,1692254011585,1692254011589,1693226275838,9,4,5
21604,1693226275838,1692254011594,1692254011597,1693226275846,8,3,5
21605,1693226275846,1692254011603,1692254011606,1693226275855,9,3,6
21606,1693226275855,1692254011611,1692254011614,1693226275863,8,3,5
21607,1693226275863,1692254011619,1692254011621,1693226275870,7,2,5
21608,1693226275870,1692254011626,1692254011629,1693226275878,8,3,5
21609,1693226275878,1692254011633,1692254011637,1693226275885,7,4,3
21610,1693226275885,1692254011641,1692254011645,1693226275893,8,4,4
21611,1693226275894,1692254011650,1692254011654,1693226275902,8,4,4
21612,1693226275902,1692254011659,1692254011662,1693226275910,8,3,5
21613,1693226275910,1692254011666,1692254011668,1693226275917,7,2,5
21614,1693226275917,1692254011673,1692254011676,1693226275924,7,3,4
21615,1693226275924,1692254011681,1692254011683,1693226275931,7,2,5
21616,1693226275932,1692254011688,1692254011691,1693226275939,7,3,4
21617,1693226275939,1692254011695,1692254011698,1693226275946,7,3,4
21618,1693226275946,1692254011702,1692254011704,1693226275953,7,2,5
21619,1693226275953,1692254011709,1692254011712,1693226275960,7,3,4
21620,1693226275961,1692254011717,1692254011720,1693226275970,9,3,6
21621,1693226275970,1692254011727,1692254011731,1693226275979,9,4,5
21622,1693226275979,1692254011735,1692254011739,1693226275987,8,4,4
21623,1693226275987,1692254011742,1692254011745,1693226275994,7,3,4
21624,1693226275994,1692254011750,1692254011753,1693226276001,7,3,4
21625,1693226276001,1692254011759,1692254011762,1693226276010,9,3,6
21626,1693226276010,1692254011766,1692254011769,1693226276017,7,3,4
21627,1693226276017,1692254011774,1692254011777,1693226276024,7,3,4
21628,1693226276024,1692254011781,1692254011784,1693226276032,8,3,5
21629,1693226276032,1692254011789,1692254011794,1693226276042,10,5,5
21630,1693226276042,1692254011798,1692254011801,1693226276050,8,3,5
21631,1693226276050,1692254011806,1692254011809,1693226276057,7,3,4
21632,1693226276057,1692254011814,1692254011816,1693226276064,7,2,5
21633,1693226276064,1692254011820,1692254011823,1693226276073,9,3,6
21634,1693226276073,1692254011829,1692254011832,1693226276080,7,3,4
21635,1693226276080,1692254011836,1692254011839,1693226276087,7,3,4
21636,1693226276087,1692254011843,1692254011846,1693226276094,7,3,4
21637,1693226276094,1692254011850,1692254011854,1693226276102,8,4,4
21638,1693226276103,1692254011858,1692254011862,1693226276110,7,4,3
21639,1693226276110,1692254011866,1692254011870,1693226276118,8,4,4
21640,1693226276118,1692254011874,1692254011878,1693226276126,8,4,4
21641,1693226276126,1692254011882,1692254011885,1693226276133,7,3,4
21642,1693226276133,1692254011889,1692254011893,1693226276141,8,4,4
21643,1693226276141,1692254011898,1692254011901,1693226276150,9,3,6
21644,1693226276150,1692254011906,1692254011910,1693226276158,8,4,4
21645,1693226276158,1692254011914,1692254011917,1693226276165,7,3,4
21646,1693226276165,1692254011921,1692254011924,1693226276172,7,3,4
21647,1693226276172,1692254011930,1692254011933,1693226276181,9,3,6
21648,1693226276182,1692254011937,1692254011941,1693226276189,7,4,3
21649,1693226276189,1692254011944,1692254011948,1693226276196,7,4,3
21650,1693226276196,1692254011952,1692254011955,1693226276203,7,3,4
21651,1693226276203,1692254011959,1692254011963,1693226276211,8,4,4
21652,1693226276211,1692254011967,1692254011970,1693226276218,7,3,4
21653,1693226276218,1692254011975,1692254011978,1693226276226,8,3,5
21654,1693226276226,1692254011982,1692254011985,1693226276234,8,3,5
21655,1693226276234,1692254011990,1692254011993,1693226276241,7,3,4
21656,1693226276241,1692254011997,1692254012000,1693226276248,7,3,4
21657,1693226276248,1692254012004,1692254012008,1693226276256,8,4,4
21658,1693226276256,1692254012012,1692254012015,1693226276263,7,3,4
21659,1693226276263,1692254012019,1692254012023,1693226276271,8,4,4
21660,1693226276271,1692254012027,1692254012030,1693226276278,7,3,4
21661,1693226276278,1692254012034,1692254012038,1693226276286,8,4,4
21662,1693226276286,1692254012042,1692254012046,1693226276294,8,4,4
21663,1693226276294,1692254012050,1692254012053,1693226276301,7,3,4
21664,1693226276301,1692254012057,1692254012060,1693226276308,7,3,4
21665,1693226276308,1692254012064,1692254012067,1693226276318,10,3,7
21666,1693226276318,1692254012075,1692254012080,1693226276328,10,5,5
21667,1693226276328,1692254012085,1692254012088,1693226276336,8,3,5
21668,1693226276336,1692254012092,1692254012095,1693226276343,7,3,4
21669,1693226276344,1692254012100,1692254012103,1693226276352,8,3,5
21670,1693226276352,1692254012107,1692254012111,1693226276359,7,4,3
21671,1693226276359,1692254012115,1692254012119,1693226276367,8,4,4
21672,1693226276367,1692254012123,1692254012126,1693226276374,7,3,4
21673,1693226276374,1692254012131,1692254012134,1693226276382,8,3,5
21674,1693226276382,1692254012138,1692254012142,1693226276390,8,4,4
21675,1693226276390,1692254012145,1692254012148,1693226276396,6,3,3
21676,1693226276397,1692254012153,1692254012156,1693226276404,7,3,4
21677,1693226276404,1692254012161,1692254012164,1693226276412,8,3,5
21678,1693226276412,1692254012168,1692254012172,1693226276420,8,4,4
21679,1693226276420,1692254012176,1692254012180,1693226276428,8,4,4
21680,1693226276428,1692254012184,1692254012187,1693226276435,7,3,4
21681,1693226276435,1692254012191,1692254012195,1693226276443,8,4,4
21682,1693226276444,1692254012200,1692254012203,1693226276451,7,3,4
21683,1693226276451,1692254012207,1692254012210,1693226276459,8,3,5
21684,1693226276459,1692254012215,1692254012218,1693226276466,7,3,4
21685,1693226276466,1692254012222,1692254012225,1693226276474,8,3,5
21686,1693226276474,1692254012229,1692254012233,1693226276482,8,4,4
21687,1693226276482,1692254012238,1692254012241,1693226276489,7,3,4
21688,1693226276489,1692254012246,1692254012249,1693226276497,8,3,5
21689,1693226276497,1692254012253,1692254012257,1693226276505,8,4,4
21690,1693226276505,1692254012262,1692254012266,1693226276514,9,4,5
21691,1693226276514,1692254012270,1692254012274,1693226276522,8,4,4
21692,1693226276522,1692254012278,1692254012282,1693226276530,8,4,4
21693,1693226276530,1692254012286,1692254012289,1693226276537,7,3,4
21694,1693226276537,1692254012294,1692254012297,1693226276546,9,3,6
21695,1693226276546,1692254012302,1692254012305,1693226276553,7,3,4
21696,1693226276553,1692254012308,1692254012312,1693226276560,7,4,3
21697,1693226276560,1692254012317,1692254012320,1693226276568,8,3,5
21698,1693226276568,1692254012325,1692254012328,1693226276576,8,3,5
21699,1693226276576,1692254012333,1692254012337,1693226276585,9,4,5
21700,1693226276585,1692254012341,1692254012345,1693226276593,8,4,4
21701,1693226276593,1692254012349,1692254012351,1693226276601,8,2,6
21702,1693226276601,1692254012357,1692254012361,1693226276609,8,4,4
21703,1693226276610,1692254012366,1692254012370,1693226276619,9,4,5
21704,1693226276619,1692254012375,1692254012377,1693226276626,7,2,5
21705,1693226276626,1692254012382,1692254012385,1693226276633,7,3,4
21706,1693226276633,1692254012389,1692254012392,1693226276641,8,3,5
21707,1693226276641,1692254012397,1692254012400,1693226276649,8,3,5
21708,1693226276649,1692254012405,1692254012408,1693226276657,8,3,5
21709,1693226276657,1692254012413,1692254012416,1693226276665,8,3,5
21710,1693226276665,1692254012421,1692254012424,1693226276672,7,3,4
21711,1693226276672,1692254012428,1692254012431,1693226276680,8,3,5
21712,1693226276680,1692254012436,1692254012438,1693226276687,7,2,5
21713,1693226276687,1692254012443,1692254012447,1693226276695,8,4,4
21714,1693226276695,1692254012451,1692254012454,1693226276703,8,3,5
21715,1693226276703,1692254012459,1692254012462,1693226276711,8,3,5
21716,1693226276711,1692254012467,1692254012471,1693226276719,8,4,4
21717,1693226276719,1692254012475,1692254012478,1693226276726,7,3,4
21718,1693226276726,1692254012483,1692254012485,1693226276734,8,2,6
21719,1693226276734,1692254012490,1692254012493,1693226276741,7,3,4
21720,1693226276741,1692254012498,1692254012500,1693226276748,7,2,5
21721,1693226276749,1692254012505,1692254012508,1693226276757,8,3,5
21722,1693226276757,1692254012514,1692254012517,1693226276765,8,3,5
21723,1693226276765,1692254012521,1692254012525,1693226276773,8,4,4
21724,1693226276773,1692254012530,1692254012533,1693226276781,8,3,5
21725,1693226276781,1692254012538,1692254012541,1693226276791,10,3,7
21726,1693226276791,1692254012548,1692254012551,1693226276799,8,3,5
21727,1693226276799,1692254012555,1692254012557,1693226276807,8,2,6
21728,1693226276807,1692254012565,1692254012569,1693226276817,10,4,6
21729,1693226276817,1692254012574,1692254012577,1693226276825,8,3,5
21730,1693226276825,1692254012582,1692254012585,1693226276834,9,3,6
21731,1693226276834,1692254012590,1692254012594,1693226276842,8,4,4
21732,1693226276842,1692254012598,1692254012602,1693226276850,8,4,4
21733,1693226276850,1692254012606,1692254012609,1693226276858,8,3,5
21734,1693226276858,1692254012615,1692254012619,1693226276867,9,4,5
21735,1693226276867,1692254012627,1692254012630,1693226276879,12,3,9
21736,1693226276879,1692254012635,1692254012638,1693226276887,8,3,5
21737,1693226276887,1692254012646,1692254012649,1693226276897,10,3,7
21738,1693226276897,1692254012653,1692254012657,1693226276905,8,4,4
21739,1693226276906,1692254012663,1692254012667,1693226276915,9,4,5
21740,1693226276915,1692254012675,1692254012680,1693226276928,13,5,8
21741,1693226276928,1692254012684,1692254012688,1693226276936,8,4,4
21742,1693226276936,1692254012692,1692254012696,1693226276944,8,4,4
21743,1693226276944,1692254012700,1692254012703,1693226276952,8,3,5
21744,1693226276952,1692254012708,1692254012712,1693226276960,8,4,4
21745,1693226276960,1692254012720,1692254012723,1693226276972,12,3,9
21746,1693226276972,1692254012728,1692254012731,1693226276979,7,3,4
21747,1693226276979,1692254012735,1692254012738,1693226276986,7,3,4
21748,1693226276986,1692254012742,1692254012745,1693226276994,8,3,5
21749,1693226276994,1692254012751,1692254012754,1693226277002,8,3,5
21750,1693226277002,1692254012758,1692254012761,1693226277009,7,3,4
21751,1693226277009,1692254012766,1692254012769,1693226277017,8,3,5
21752,1693226277017,1692254012774,1692254012777,1693226277025,8,3,5
21753,1693226277025,1692254012782,1692254012785,1693226277033,8,3,5
21754,1693226277033,1692254012789,1692254012793,1693226277041,8,4,4
21755,1693226277041,1692254012797,1692254012800,1693226277048,7,3,4
21756,1693226277049,1692254012805,1692254012808,1693226277056,7,3,4
21757,1693226277056,1692254012813,1692254012817,1693226277065,9,4,5
21758,1693226277065,1692254012820,1692254012824,1693226277072,7,4,3
21759,1693226277072,1692254012829,1692254012833,1693226277081,9,4,5
21760,1693226277081,1692254012837,1692254012840,1693226277089,8,3,5
21761,1693226277089,1692254012845,1692254012848,1693226277097,8,3,5
21762,1693226277097,1692254012852,1692254012856,1693226277104,7,4,3
21763,1693226277104,1692254012860,1692254012863,1693226277112,8,3,5
21764,1693226277112,1692254012868,1692254012871,1693226277119,7,3,4
21765,1693226277119,1692254012875,1692254012878,1693226277126,7,3,4
21766,1693226277126,1692254012883,1692254012886,1693226277134,8,3,5
21767,1693226277134,1692254012890,1692254012892,1693226277140,6,2,4
21768,1693226277140,1692254012897,1692254012899,1693226277147,7,2,5
21769,1693226277147,1692254012903,1692254012907,1693226277156,9,4,5
21770,1693226277156,1692254012912,1692254012915,1693226277163,7,3,4
21771,1693226277164,1692254012920,1692254012923,1693226277172,8,3,5
21772,1693226277172,1692254012928,1692254012935,1693226277183,11,7,4
21773,1693226277183,1692254012939,1692254012942,1693226277191,8,3,5
21774,1693226277191,1692254012947,1692254012950,1693226277199,8,3,5
21775,1693226277199,1692254012955,1692254012959,1693226277207,8,4,4
21776,1693226277207,1692254012963,1692254012967,1693226277215,8,4,4
21777,1693226277215,1692254012971,1692254012976,1693226277224,9,5,4
21778,1693226277224,1692254012980,1692254012983,1693226277231,7,3,4
21779,1693226277231,1692254012988,1692254012991,1693226277239,8,3,5
21780,1693226277239,1692254012995,1692254012998,1693226277247,8,3,5
21781,1693226277247,1692254013003,1692254013006,1693226277254,7,3,4
21782,1693226277254,1692254013010,1692254013013,1693226277261,7,3,4
21783,1693226277261,1692254013017,1692254013021,1693226277269,8,4,4
21784,1693226277269,1692254013025,1692254013028,1693226277277,8,3,5
21785,1693226277277,1692254013033,1692254013037,1693226277285,8,4,4
21786,1693226277285,1692254013041,1692254013043,1693226277291,6,2,4
21787,1693226277291,1692254013048,1692254013051,1693226277302,11,3,8
21788,1693226277302,1692254013058,1692254013062,1693226277310,8,4,4
21789,1693226277310,1692254013066,1692254013070,1693226277318,8,4,4
21790,1693226277318,1692254013078,1692254013082,1693226277331,13,4,9
21791,1693226277331,1692254013088,1692254013091,1693226277339,8,3,5
21792,1693226277340,1692254013096,1692254013100,1693226277348,8,4,4
21793,1693226277348,1692254013104,1692254013107,1693226277355,7,3,4
21794,1693226277355,1692254013112,1692254013115,1693226277363,8,3,5
21795,1693226277363,1692254013166,1692254013171,1693226277420,57,5,52
21796,1693226277420,1692254013177,1692254013180,1693226277430,10,3,7
21797,1693226277430,1692254013186,1692254013189,1693226277437,7,3,4
21798,1693226277437,1692254013193,1692254013198,1693226277446,9,5,4
21799,1693226277446,1692254013203,1692254013206,1693226277455,9,3,6
21800,1693226277455,1692254013211,1692254013214,1693226277462,7,3,4
21801,1693226277462,1692254013218,1692254013221,1693226277469,7,3,4
21802,1693226277469,1692254013225,1692254013229,1693226277477,8,4,4
21803,1693226277477,1692254013234,1692254013237,1693226277485,8,3,5
21804,1693226277485,1692254013242,1692254013245,1693226277496,11,3,8
21805,1693226277496,1692254013252,1692254013256,1693226277506,10,4,6
21806,1693226277506,1692254013263,1692254013267,1693226277517,11,4,7
21807,1693226277517,1692254013273,1692254013276,1693226277524,7,3,4
21808,1693226277524,1692254013280,1692254013283,1693226277531,7,3,4
21809,1693226277531,1692254013287,1692254013290,1693226277538,7,3,4
21810,1693226277538,1692254013294,1692254013297,1693226277545,7,3,4
21811,1693226277545,1692254013300,1692254013304,1693226277552,7,4,3
21812,1693226277552,1692254013308,1692254013312,1693226277568,16,4,12
21813,1693226277568,1692254013324,1692254013329,1693226277577,9,5,4
21814,1693226277577,1692254013335,1692254013338,1693226277587,10,3,7
21815,1693226277587,1692254013343,1692254013346,1693226277594,7,3,4
21816,1693226277594,1692254013350,1692254013353,1693226277607,13,3,10
21817,1693226277607,1692254013382,1692254013385,1693226277634,27,3,24
21818,1693226277634,1692254013390,1692254013392,1693226277640,6,2,4
21819,1693226277640,1692254013396,1692254013400,1693226277648,8,4,4
21820,1693226277648,1692254013404,1692254013409,1693226277657,9,5,4
21821,1693226277657,1692254013413,1692254013416,1693226277665,8,3,5
21822,1693226277665,1692254013421,1692254013424,1693226277678,13,3,10
21823,1693226277678,1692254013451,1692254013455,1693226277703,25,4,21
21824,1693226277703,1692254013459,1692254013463,1693226277711,8,4,4
21825,1693226277711,1692254013468,1692254013472,1693226277720,9,4,5
21826,1693226277720,1692254013475,1692254013479,1693226277727,7,4,3
21827,1693226277727,1692254013483,1692254013486,1693226277734,7,3,4
21828,1693226277734,1692254013490,1692254013493,1693226277742,8,3,5
21829,1693226277742,1692254013498,1692254013500,1693226277749,7,2,5
21830,1693226277749,1692254013506,1692254013509,1693226277757,8,3,5
21831,1693226277757,1692254013513,1692254013516,1693226277764,7,3,4
21832,1693226277764,1692254013520,1692254013523,1693226277773,9,3,6
21833,1693226277773,1692254013529,1692254013533,1693226277781,8,4,4
21834,1693226277781,1692254013537,1692254013540,1693226277788,7,3,4
21835,1693226277788,1692254013544,1692254013547,1693226277795,7,3,4
21836,1693226277795,1692254013551,1692254013554,1693226277802,7,3,4
21837,1693226277802,1692254013558,1692254013561,1693226277809,7,3,4
21838,1693226277809,1692254013568,1692254013571,1693226277820,11,3,8
21839,1693226277820,1692254013576,1692254013579,1693226277828,8,3,5
21840,1693226277828,1692254013584,1692254013587,1693226277835,7,3,4
21841,1693226277835,1692254013592,1692254013595,1693226277844,9,3,6
21842,1693226277844,1692254013600,1692254013604,1693226277852,8,4,4
21843,1693226277852,1692254013607,1692254013611,1693226277859,7,4,3
21844,1693226277859,1692254013615,1692254013618,1693226277867,8,3,5
21845,1693226277867,1692254013623,1692254013626,1693226277875,8,3,5
21846,1693226277875,1692254013635,1692254013638,1693226277887,12,3,9
21847,1693226277887,1692254013643,1692254013646,1693226277894,7,3,4
21848,1693226277894,1692254013651,1692254013654,1693226277903,9,3,6
21849,1693226277903,1692254013664,1692254013668,1693226277917,14,4,10
21850,1693226277917,1692254013673,1692254013676,1693226277924,7,3,4
21851,1693226277924,1692254013680,1692254013683,1693226277931,7,3,4
21852,1693226277931,1692254013688,1692254013691,1693226277939,8,3,5
21853,1693226277939,1692254013695,1692254013699,1693226277948,9,4,5
21854,1693226277948,1692254013704,1692254013707,1693226277955,7,3,4
21855,1693226277955,1692254013711,1692254013714,1693226277962,7,3,4
21856,1693226277962,1692254013718,1692254013722,1693226277970,8,4,4
21857,1693226277970,1692254013726,1692254013729,1693226277977,7,3,4
21858,1693226277977,1692254013734,1692254013737,1693226277985,8,3,5
21859,1693226277985,1692254013742,1692254013745,1693226277993,8,3,5
21860,1693226277993,1692254013749,1692254013752,1693226278001,8,3,5
21861,1693226278001,1692254013756,1692254013760,1693226278008,7,4,3
21862,1693226278008,1692254013764,1692254013767,1693226278015,7,3,4
21863,1693226278015,1692254013773,1692254013776,1693226278024,9,3,6
21864,1693226278024,1692254013780,1692254013783,1693226278031,7,3,4
21865,1693226278031,1692254013787,1692254013791,1693226278039,8,4,4
21866,1693226278039,1692254013795,1692254013798,1693226278046,7,3,4
21867,1693226278046,1692254013805,1692254013808,1693226278056,10,3,7
21868,1693226278056,1692254013812,1692254013815,1693226278063,7,3,4
21869,1693226278063,1692254013819,1692254013823,1693226278071,8,4,4
21870,1693226278071,1692254013827,1692254013829,1693226278077,6,2,4
21871,1693226278077,1692254013833,1692254013839,1693226278087,10,6,4
21872,1693226278087,1692254013843,1692254013846,1693226278094,7,3,4
21873,1693226278094,1692254013850,1692254013854,1693226278102,8,4,4
21874,1693226278102,1692254013858,1692254013861,1693226278109,7,3,4
21875,1693226278109,1692254013865,1692254013868,1693226278116,7,3,4
21876,1693226278116,1692254013875,1692254013879,1693226278127,11,4,7
21877,1693226278127,1692254013883,1692254013887,1693226278135,8,4,4
21878,1693226278135,1692254013891,1692254013894,1693226278142,7,3,4
21879,1693226278142,1692254013900,1692254013904,1693226278152,10,4,6
21880,1693226278152,1692254013908,1692254013911,1693226278159,7,3,4
21881,1693226278159,1692254013916,1692254013919,1693226278167,8,3,5
21882,1693226278167,1692254013923,1692254013926,1693226278175,8,3,5
21883,1693226278175,1692254013931,1692254013935,1693226278183,8,4,4
21884,1693226278183,1692254013940,1692254013946,1693226278194,11,6,5
21885,1693226278194,1692254013950,1692254013954,1693226278202,8,4,4
21886,1693226278202,1692254013961,1692254013964,1693226278213,11,3,8
21887,1693226278213,1692254013969,1692254013973,1693226278223,10,4,6
21888,1693226278223,1692254013979,1692254013982,1693226278230,7,3,4
21889,1693226278230,1692254013986,1692254013990,1693226278239,9,4,5
21890,1693226278239,1692254013995,1692254013999,1693226278247,8,4,4
21891,1693226278247,1692254014004,1692254014008,1693226278256,9,4,5
21892,1693226278256,1692254014012,1692254014015,1693226278263,7,3,4
21893,1693226278263,1692254014019,1692254014022,1693226278270,7,3,4
21894,1693226278270,1692254014026,1692254014030,1693226278278,8,4,4
21895,1693226278278,1692254014034,1692254014037,1693226278285,7,3,4
21896,1693226278285,1692254014042,1692254014046,1693226278294,9,4,5
21897,1693226278294,1692254014050,1692254014054,1693226278302,8,4,4
21898,1693226278302,1692254014058,1692254014061,1693226278310,8,3,5
21899,1693226278310,1692254014066,1692254014069,1693226278318,8,3,5
21900,1693226278318,1692254014074,1692254014077,1693226278330,12,3,9
21901,1693226278330,1692254014086,1692254014089,1693226278338,8,3,5
21902,1693226278338,1692254014094,1692254014098,1693226278346,8,4,4
21903,1693226278346,1692254014102,1692254014106,1693226278354,8,4,4
21904,1693226278354,1692254014110,1692254014113,1693226278361,7,3,4
21905,1693226278361,1692254014117,1692254014119,1693226278368,7,2,5
21906,1693226278368,1692254014124,1692254014127,1693226278375,7,3,4
21907,1693226278375,1692254014131,1692254014135,1693226278383,8,4,4
21908,1693226278383,1692254014140,1692254014143,1693226278391,8,3,5
21909,1693226278392,1692254014148,1692254014151,1693226278399,7,3,4
21910,1693226278399,1692254014156,1692254014159,1693226278407,8,3,5
21911,1693226278407,1692254014163,1692254014166,1693226278414,7,3,4
21912,1693226278415,1692254014171,1692254014175,1693226278423,8,4,4
21913,1693226278423,1692254014179,1692254014183,1693226278431,8,4,4
21914,1693226278431,1692254014187,1692254014191,1693226278439,8,4,4
21915,1693226278439,1692254014196,1692254014199,1693226278447,8,3,5
21916,1693226278447,1692254014204,1692254014207,1693226278455,8,3,5
21917,1693226278456,1692254014212,1692254014216,1693226278464,8,4,4
21918,1693226278464,1692254014221,1692254014224,1693226278472,8,3,5
21919,1693226278472,1692254014230,1692254014234,1693226278482,10,4,6
21920,1693226278482,1692254014238,1692254014241,1693226278490,8,3,5
21921,1693226278490,1692254014247,1692254014252,1693226278500,10,5,5
21922,1693226278500,1692254014257,1692254014260,1693226278508,8,3,5
21923,1693226278508,1692254014264,1692254014267,1693226278516,8,3,5
21924,1693226278516,1692254014272,1692254014275,1693226278523,7,3,4
21925,1693226278523,1692254014278,1692254014281,1693226278530,7,3,4
21926,1693226278530,1692254014286,1692254014289,1693226278538,8,3,5
21927,1693226278538,1692254014294,1692254014297,1693226278545,7,3,4
21928,1693226278545,1692254014301,1692254014304,1693226278553,8,3,5
21929,1693226278553,1692254014309,1692254014312,1693226278560,7,3,4
21930,1693226278560,1692254014316,1692254014319,1693226278567,7,3,4
21931,1693226278567,1692254014324,1692254014326,1693226278575,8,2,6
21932,1693226278575,1692254014331,1692254014335,1693226278583,8,4,4
21933,1693226278583,1692254014339,1692254014342,1693226278590,7,3,4
21934,1693226278590,1692254014346,1692254014348,1693226278597,7,2,5
21935,1693226278597,1692254014354,1692254014357,1693226278605,8,3,5
21936,1693226278605,1692254014361,1692254014365,1693226278613,8,4,4
21937,1693226278613,1692254014369,1692254014371,1693226278620,7,2,5
21938,1693226278620,1692254014376,1692254014380,1693226278628,8,4,4
21939,1693226278628,1692254014384,1692254014387,1693226278635,7,3,4
21940,1693226278635,1692254014392,1692254014395,1693226278643,8,3,5
21941,1693226278643,1692254014399,1692254014403,1693226278651,8,4,4
21942,1693226278651,1692254014410,1692254014414,1693226278662,11,4,7
21943,1693226278662,1692254014419,1692254014422,1693226278670,8,3,5
21944,1693226278670,1692254014426,1692254014430,1693226278678,8,4,4
21945,1693226278678,1692254014434,1692254014437,1693226278685,7,3,4
21946,1693226278685,1692254014441,1692254014443,1693226278692,7,2,5
21947,1693226278692,1692254014448,1692254014451,1693226278700,8,3,5
21948,1693226278700,1692254014456,1692254014459,1693226278707,7,3,4
21949,1693226278707,1692254014463,1692254014466,1693226278714,7,3,4
21950,1693226278714,1692254014470,1692254014473,1693226278722,8,3,5
21951,1693226278722,1692254014478,1692254014482,1693226278730,8,4,4
21952,1693226278730,1692254014489,1692254014492,1693226278740,10,3,7
21953,1693226278740,1692254014496,1692254014499,1693226278747,7,3,4
21954,1693226278747,1692254014503,1692254014507,1693226278755,8,4,4
21955,1693226278755,1692254014511,1692254014514,1693226278762,7,3,4
21956,1693226278762,1692254014518,1692254014522,1693226278770,8,4,4
21957,1693226278770,1692254014526,1692254014529,1693226278777,7,3,4
21958,1693226278777,1692254014533,1692254014538,1693226278786,9,5,4
21959,1693226278787,1692254014543,1692254014546,1693226278794,7,3,4
21960,1693226278794,1692254014551,1692254014553,1693226278801,7,2,5
21961,1693226278801,1692254014558,1692254014561,1693226278809,8,3,5
21962,1693226278809,1692254014566,1692254014569,1693226278818,9,3,6
21963,1693226278818,1692254014574,1692254014577,1693226278826,8,3,5
21964,1693226278826,1692254014582,1692254014585,1693226278833,7,3,4
21965,1693226278833,1692254014588,1692254014593,1693226278841,8,5,3
21966,1693226278841,1692254014597,1692254014600,1693226278848,7,3,4
21967,1693226278848,1692254014604,1692254014607,1693226278855,7,3,4
21968,1693226278855,1692254014611,1692254014614,1693226278863,8,3,5
21969,1693226278863,1692254014619,1692254014621,1693226278869,6,2,4
21970,1693226278869,1692254014625,1692254014629,1693226278877,8,4,4
21971,1693226278877,1692254014633,1692254014636,1693226278884,7,3,4
21972,1693226278885,1692254014641,1692254014644,1693226278892,7,3,4
21973,1693226278892,1692254014649,1692254014652,1693226278901,9,3,6
21974,1693226278901,1692254014657,1692254014660,1693226278908,7,3,4
21975,1693226278908,1692254014664,1692254014668,1693226278916,8,4,4
21976,1693226278916,1692254014672,1692254014676,1693226278924,8,4,4
21977,1693226278924,1692254014681,1692254014684,1693226278933,9,3,6
21978,1693226278933,1692254014689,1692254014692,1693226278941,8,3,5
21979,1693226278941,1692254014697,1692254014700,1693226278949,8,3,5
21980,1693226278949,1692254014705,1692254014708,1693226278956,7,3,4
21981,1693226278956,1692254014712,1692254014715,1693226278964,8,3,5
21982,1693226278964,1692254014720,1692254014723,1693226278972,8,3,5
21983,1693226278972,1692254014728,1692254014731,1693226278980,8,3,5
21984,1693226278980,1692254014736,1692254014739,1693226278987,7,3,4
21985,1693226278987,1692254014744,1692254014747,1693226278996,9,3,6
21986,1693226278996,1692254014752,1692254014755,1693226279003,7,3,4
21987,1693226279003,1692254014759,1692254014762,1693226279011,8,3,5
21988,1693226279011,1692254014767,1692254014770,1693226279018,7,3,4
21989,1693226279018,1692254014775,1692254014778,1693226279027,9,3,6
21990,1693226279027,1692254014783,1692254014786,1693226279035,8,3,5
21991,1693226279035,1692254014790,1692254014793,1693226279042,7,3,4
21992,1693226279042,1692254014799,1692254014802,1693226279051,9,3,6
21993,1693226279051,1692254014807,1692254014810,1693226279059,8,3,5
21994,1693226279059,1692254014816,1692254014819,1693226279067,8,3,5
21995,1693226279067,1692254014823,1692254014828,1693226279076,9,5,4
21996,1693226279076,1692254014833,1692254014837,1693226279085,9,4,5
21997,1693226279085,1692254014841,1692254014844,1693226279092,7,3,4
21998,1693226279092,1692254014849,1692254014853,1693226279101,9,4,5
21999,1693226279101,1692254014858,1692254014861,1693226279109,8,3,5
22000,1693226279109,1692254014866,1692254014869,1693226279117,8,3,5
22001,1693226279117,1692254014873,1692254014876,1693226279124,7,3,4
22002,1693226279124,1692254014881,1692254014884,1693226279132,8,3,5
22003,1693226279132,1692254014888,1692254014891,1693226279140,8,3,5
22004,1693226279140,1692254014896,1692254014899,1693226279148,8,3,5
22005,1693226279148,1692254014904,1692254014908,1693226279156,8,4,4
22006,1693226279156,1692254014912,1692254014916,1693226279164,8,4,4
22007,1693226279164,1692254014920,1692254014923,1693226279171,7,3,4
22008,1693226279171,1692254014928,1692254014932,1693226279180,9,4,5
22009,1693226279180,1692254014937,1692254014940,1693226279188,8,3,5
22010,1693226279188,1692254014945,1692254014950,1693226279199,11,5,6
22011,1693226279199,1692254014956,1692254014959,1693226279207,8,3,5
22012,1693226279207,1692254014964,1692254014967,1693226279216,9,3,6
22013,1693226279216,1692254014972,1692254014975,1693226279223,7,3,4
22014,1693226279223,1692254014979,1692254014982,1693226279230,7,3,4
22015,1693226279230,1692254014986,1692254014989,1693226279237,7,3,4
22016,1693226279237,1692254014993,1692254014996,1693226279248,11,3,8
22017,1693226279248,1692254015004,1692254015007,1693226279255,7,3,4
22018,1693226279255,1692254015010,1692254015013,1693226279261,6,3,3
22019,1693226279261,1692254015018,1692254015021,1693226279269,8,3,5
22020,1693226279269,1692254015025,1692254015028,1693226279276,7,3,4
22021,1693226279276,1692254015033,1692254015036,1693226279285,9,3,6
22022,1693226279285,1692254015040,1692254015043,1693226279291,6,3,3
22023,1693226279291,1692254015048,1692254015052,1693226279300,9,4,5
22024,1693226279300,1692254015056,1692254015060,1693226279308,8,4,4
22025,1693226279308,1692254015064,1692254015068,1693226279317,9,4,5
22026,1693226279317,1692254015074,1692254015077,1693226279325,8,3,5
22027,1693226279325,1692254015081,1692254015084,1693226279336,11,3,8
22028,1693226279336,1692254015092,1692254015095,1693226279343,7,3,4
22029,1693226279344,1692254015100,1692254015103,1693226279351,7,3,4
22030,1693226279351,1692254015108,1692254015112,1693226279360,9,4,5
22031,1693226279360,1692254015116,1692254015119,1693226279367,7,3,4
22032,1693226279367,1692254015123,1692254015128,1693226279377,10,5,5
22033,1693226279377,1692254015134,1692254015137,1693226279385,8,3,5
22034,1693226279385,1692254015142,1692254015145,1693226279393,8,3,5
22035,1693226279393,1692254015149,1692254015152,1693226279400,7,3,4
22036,1693226279400,1692254015156,1692254015159,1693226279408,8,3,5
22037,1693226279408,1692254015164,1692254015167,1693226279417,9,3,6
22038,1693226279417,1692254015172,1692254015176,1693226279424,7,4,3
22039,1693226279424,1692254015180,1692254015183,1693226279431,7,3,4
22040,1693226279432,1692254015188,1692254015192,1693226279440,8,4,4
22041,1693226279440,1692254015196,1692254015198,1693226279447,7,2,5
22042,1693226279447,1692254015203,1692254015206,1693226279454,7,3,4
22043,1693226279454,1692254015210,1692254015213,1693226279461,7,3,4
22044,1693226279461,1692254015217,1692254015220,1693226279469,8,3,5
22045,1693226279469,1692254015225,1692254015228,1693226279477,8,3,5
22046,1693226279477,1692254015233,1692254015237,1693226279485,8,4,4
22047,1693226279485,1692254015241,1692254015243,1693226279492,7,2,5
22048,1693226279492,1692254015248,1692254015251,1693226279499,7,3,4
22049,1693226279499,1692254015255,1692254015260,1693226279508,9,5,4
22050,1693226279508,1692254015265,1692254015268,1693226279518,10,3,7
22051,1693226279518,1692254015274,1692254015278,1693226279525,7,4,3
22052,1693226279525,1692254015282,1692254015285,1693226279533,8,3,5
22053,1693226279533,1692254015289,1692254015292,1693226279541,8,3,5
22054,1693226279541,1692254015297,1692254015300,1693226279548,7,3,4
22055,1693226279548,1692254015305,1692254015307,1693226279556,8,2,6
22056,1693226279556,1692254015312,1692254015316,1693226279564,8,4,4
22057,1693226279564,1692254015322,1692254015325,1693226279573,9,3,6
22058,1693226279573,1692254015329,1692254015333,1693226279581,8,4,4
22059,1693226279581,1692254015337,1692254015341,1693226279589,8,4,4
22060,1693226279589,1692254015345,1692254015348,1693226279596,7,3,4
22061,1693226279596,1692254015352,1692254015356,1693226279604,8,4,4
22062,1693226279604,1692254015361,1692254015364,1693226279613,9,3,6
22063,1693226279613,1692254015369,1692254015372,1693226279620,7,3,4
22064,1693226279620,1692254015376,1692254015379,1693226279627,7,3,4
22065,1693226279627,1692254015384,1692254015388,1693226279636,9,4,5
22066,1693226279636,1692254015392,1692254015395,1693226279643,7,3,4
22067,1693226279643,1692254015399,1692254015402,1693226279651,8,3,5
22068,1693226279651,1692254015407,1692254015410,1693226279659,8,3,5
22069,1693226279659,1692254015415,1692254015422,1693226279670,11,7,4
22070,1693226279670,1692254015426,1692254015429,1693226279677,7,3,4
22071,1693226279677,1692254015435,1692254015439,1693226279687,10,4,6
22072,1693226279687,1692254015443,1692254015446,1693226279694,7,3,4
22073,1693226279694,1692254015450,1692254015453,1693226279701,7,3,4
22074,1693226279701,1692254015458,1692254015461,1693226279709,8,3,5
22075,1693226279709,1692254015465,1692254015468,1693226279717,8,3,5
22076,1693226279717,1692254015473,1692254015476,1693226279724,7,3,4
22077,1693226279725,1692254015481,1692254015484,1693226279732,7,3,4
22078,1693226279732,1692254015488,1692254015491,1693226279739,7,3,4
22079,1693226279739,1692254015495,1692254015498,1693226279747,8,3,5
22080,1693226279747,1692254015503,1692254015506,1693226279754,7,3,4
22081,1693226279754,1692254015513,1692254015516,1693226279764,10,3,7
22082,1693226279764,1692254015520,1692254015523,1693226279771,7,3,4
22083,1693226279771,1692254015527,1692254015530,1693226279778,7,3,4
22084,1693226279778,1692254015535,1692254015538,1693226279786,8,3,5
22085,1693226279786,1692254015542,1692254015545,1693226279793,7,3,4
22086,1693226279793,1692254015550,1692254015553,1693226279801,8,3,5
22087,1693226279801,1692254015557,1692254015560,1693226279808,7,3,4
22088,1693226279808,1692254015565,1692254015569,1693226279817,9,4,5
22089,1693226279817,1692254015573,1692254015579,1693226279827,10,6,4
22090,1693226279827,1692254015583,1692254015587,1693226279834,7,4,3
22091,1693226279834,1692254015591,1692254015594,1693226279842,8,3,5
22092,1693226279842,1692254015598,1692254015602,1693226279849,7,4,3
22093,1693226279849,1692254015605,1692254015608,1693226279856,7,3,4
22094,1693226279856,1692254015612,1692254015615,1693226279863,7,3,4
22095,1693226279863,1692254015619,1692254015623,1693226279870,7,4,3
22096,1693226279870,1692254015626,1692254015629,1693226279878,8,3,5
22097,1693226279878,1692254015634,1692254015638,1693226279886,8,4,4
22098,1693226279886,1692254015642,1692254015645,1693226279893,7,3,4
22099,1693226279893,1692254015649,1692254015652,1693226279900,7,3,4
22100,1693226279900,1692254015656,1692254015660,1693226279908,8,4,4
22101,1693226279908,1692254015665,1692254015668,1693226279916,8,3,5
22102,1693226279916,1692254015674,1692254015676,1693226279925,9,2,7
22103,1693226279925,1692254015681,1692254015684,1693226279932,7,3,4
22104,1693226279932,1692254015688,1692254015691,1693226279940,8,3,5
22105,1693226279940,1692254015696,1692254015701,1693226279949,9,5,4
22106,1693226279949,1692254015706,1692254015709,1693226279958,9,3,6
22107,1693226279958,1692254015714,1692254015717,1693226279965,7,3,4
22108,1693226279965,1692254015721,1692254015724,1693226279972,7,3,4
22109,1693226279973,1692254015729,1692254015732,1693226279981,8,3,5
22110,1693226279981,1692254015737,1692254015740,1693226279988,7,3,4
22111,1693226279988,1692254015743,1692254015747,1693226279995,7,4,3
22112,1693226279995,1692254015751,1692254015755,1693226280003,8,4,4
22113,1693226280003,1692254015759,1692254015761,1693226280010,7,2,5
22114,1693226280010,1692254015766,1692254015770,1693226280018,8,4,4
22115,1693226280018,1692254015774,1692254015777,1693226280026,8,3,5
22116,1693226280026,1692254015782,1692254015785,1693226280034,8,3,5
22117,1693226280034,1692254015790,1692254015794,1693226280042,8,4,4
22118,1693226280042,1692254015798,1692254015801,1693226280049,7,3,4
22119,1693226280049,1692254015805,1692254015808,1693226280056,7,3,4
22120,1693226280056,1692254015813,1692254015815,1693226280066,10,2,8
22121,1693226280066,1692254015822,1692254015825,1693226280073,7,3,4
22122,1693226280074,1692254015829,1692254015833,1693226280081,7,4,3
22123,1693226280081,1692254015837,1692254015840,1693226280088,7,3,4
22124,1693226280088,1692254015844,1692254015847,1693226280095,7,3,4
22125,1693226280095,1692254015851,1692254015853,1693226280101,6,2,4
22126,1693226280101,1692254015857,1692254015861,1693226280108,7,4,3
22127,1693226280108,1692254015864,1692254015867,1693226280115,7,3,4
22128,1693226280115,1692254015871,1692254015874,1693226280122,7,3,4
22129,1693226280122,1692254015878,1692254015881,1693226280130,8,3,5
22130,1693226280130,1692254015886,1692254015889,1693226280136,6,3,3
22131,1693226280136,1692254015892,1692254015895,1693226280144,8,3,5
22132,1693226280144,1692254015900,1692254015904,1693226280152,8,4,4
22133,1693226280152,1692254015910,1692254015913,1693226280161,9,3,6
22134,1693226280161,1692254015918,1692254015923,1693226280171,10,5,5
22135,1693226280171,1692254015927,1692254015931,1693226280179,8,4,4
22136,1693226280179,1692254015934,1692254015937,1693226280185,6,3,3
22137,1693226280185,1692254015941,1692254015944,1693226280192,7,3,4
22138,1693226280192,1692254015948,1692254015952,1693226280200,8,4,4
22139,1693226280200,1692254015956,1692254015959,1693226280207,7,3,4
22140,1693226280207,1692254015963,1692254015966,1693226280214,7,3,4
22141,1693226280214,1692254015970,1692254015974,1693226280222,8,4,4
22142,1693226280222,1692254015978,1692254015982,1693226280231,9,4,5
22143,1693226280231,1692254015988,1692254015991,1693226280239,8,3,5
22144,1693226280239,1692254015995,1692254015998,1693226280247,8,3,5
22145,1693226280247,1692254016003,1692254016006,1693226280388,141,3,138
22146,1693226280388,1692254016146,1692254016150,1693226280398,10,4,6
22147,1693226280398,1692254016154,1692254016156,1693226280405,7,2,5
22148,1693226280405,1692254016161,1692254016164,1693226280412,7,3,4
22149,1693226280412,1692254016169,1692254016171,1693226280419,7,2,5
22150,1693226280419,1692254016176,1692254016179,1693226280427,8,3,5
22151,1693226280427,1692254016182,1692254016186,1693226280595,168,4,164
22152,1693226280595,1692254016352,1692254016355,1693226280603,8,3,5
22153,1693226280603,1692254016359,1692254016362,1693226280610,7,3,4
22154,1693226280610,1692254016366,1692254016369,1693226280617,7,3,4
22155,1693226280617,1692254016374,1692254016377,1693226280625,8,3,5
22156,1693226280625,1692254016381,1692254016384,1693226280633,8,3,5
22157,1693226280633,1692254016388,1692254016392,1693226280640,7,4,3
22158,1693226280640,1692254016397,1692254016401,1693226280784,144,4,140
22159,1693226280784,1692254016543,1692254016546,1693226280794,10,3,7
22160,1693226280794,1692254016550,1692254016554,1693226280802,8,4,4
22161,1693226280802,1692254016558,1692254016562,1693226280810,8,4,4
22162,1693226280810,1692254016568,1692254016571,1693226280819,9,3,6
22163,1693226280819,1692254016575,1692254016579,1693226280827,8,4,4
22164,1693226280827,1692254016584,1692254016587,1693226280835,8,3,5
22165,1693226280835,1692254016592,1692254016596,1693226280845,10,4,6
22166,1693226280845,1692254016603,1692254016606,1693226280855,10,3,7
22167,1693226280855,1692254016612,1692254016616,1693226280865,10,4,6
22168,1693226280865,1692254016622,1692254016625,1693226280873,8,3,5
22169,1693226280873,1692254016629,1692254016632,1693226280881,8,3,5
22170,1693226280881,1692254016639,1692254016642,1693226280891,10,3,7
22171,1693226280891,1692254016647,1692254016650,1693226280898,7,3,4
22172,1693226280898,1692254016654,1692254016657,1693226280905,7,3,4
22173,1693226280905,1692254016661,1692254016665,1693226280913,8,4,4
22174,1693226280913,1692254016671,1692254016674,1693226280923,10,3,7
22175,1693226280923,1692254016679,1692254016683,1693226280931,8,4,4
22176,1693226280931,1692254016687,1692254016690,1693226280939,8,3,5
22177,1693226280939,1692254016695,1692254016699,1693226280947,8,4,4
22178,1693226280947,1692254016704,1692254016708,1693226280956,9,4,5
22179,1693226280956,1692254016712,1692254016716,1693226280964,8,4,4
22180,1693226280964,1692254016721,1692254016724,1693226280972,8,3,5
22181,1693226280972,1692254016728,1692254016732,1693226280980,8,4,4
22182,1693226280980,1692254016737,1692254016740,1693226280988,8,3,5
22183,1693226280988,1692254016743,1692254016746,1693226280995,7,3,4
22184,1693226280995,1692254016751,1692254016755,1693226281004,9,4,5
22185,1693226281004,1692254016760,1692254016764,1693226281013,9,4,5
22186,1693226281013,1692254016769,1692254016772,1693226281021,8,3,5
22187,1693226281021,1692254016777,1692254016780,1693226281028,7,3,4
22188,1693226281028,1692254016785,1692254016789,1693226281037,9,4,5
22189,1693226281037,1692254016793,1692254016796,1693226281044,7,3,4
22190,1693226281044,1692254016800,1692254016804,1693226281053,9,4,5
22191,1693226281053,1692254016809,1692254016812,1693226281061,8,3,5
22192,1693226281061,1692254016817,1692254016820,1693226281068,7,3,4
22193,1693226281068,1692254016824,1692254016827,1693226281076,8,3,5
22194,1693226281076,1692254016832,1692254016835,1693226281084,8,3,5
22195,1693226281084,1692254016840,1692254016843,1693226281091,7,3,4
22196,1693226281091,1692254016847,1692254016850,1693226281098,7,3,4
22197,1693226281098,1692254016855,1692254016858,1693226281106,8,3,5
22198,1693226281106,1692254016863,1692254016866,1693226281114,8,3,5
22199,1693226281114,1692254016870,1692254016873,1693226281122,8,3,5
22200,1693226281122,1692254016878,1692254016881,1693226281129,7,3,4
22201,1693226281129,1692254016885,1692254016889,1693226281137,8,4,4
22202,1693226281137,1692254016893,1692254016896,1693226281145,8,3,5
22203,1693226281145,1692254016901,1692254016904,1693226281152,7,3,4
22204,1693226281152,1692254016910,1692254016913,1693226281161,9,3,6
22205,1693226281161,1692254016917,1692254016921,1693226281169,8,4,4
22206,1693226281169,1692254016925,1692254016928,1693226281176,7,3,4
22207,1693226281176,1692254016933,1692254016936,1693226281185,9,3,6
22208,1693226281185,1692254016942,1692254016945,1693226281193,8,3,5
22209,1693226281193,1692254016949,1692254016952,1693226281201,8,3,5
22210,1693226281201,1692254016957,1692254016961,1693226281210,9,4,5
22211,1693226281210,1692254016966,1692254016969,1693226281217,7,3,4
22212,1693226281217,1692254016974,1692254016977,1693226281226,9,3,6
22213,1693226281226,1692254016982,1692254016985,1693226281233,7,3,4
22214,1693226281233,1692254016989,1692254016993,1693226281242,9,4,5
22215,1693226281242,1692254016998,1692254017000,1693226281249,7,2,5
22216,1693226281249,1692254017004,1692254017009,1693226281257,8,5,3
22217,1693226281257,1692254017013,1692254017017,1693226281265,8,4,4
22218,1693226281265,1692254017022,1692254017025,1693226281273,8,3,5
22219,1693226281273,1692254017029,1692254017033,1693226281281,8,4,4
22220,1693226281281,1692254017038,1692254017041,1693226281289,8,3,5
22221,1693226281289,1692254017044,1692254017047,1693226281295,6,3,3
22222,1693226281296,1692254017052,1692254017055,1693226281304,8,3,5
22223,1693226281304,1692254017060,1692254017063,1693226281311,7,3,4
22224,1693226281311,1692254017068,1692254017070,1693226281318,7,2,5
22225,1693226281318,1692254017074,1692254017077,1693226281325,7,3,4
22226,1693226281325,1692254017082,1692254017086,1693226281334,9,4,5
22227,1693226281334,1692254017090,1692254017094,1693226281342,8,4,4
22228,1693226281342,1692254017102,1692254017106,1693226281354,12,4,8
22229,1693226281354,1692254017110,1692254017113,1693226281363,9,3,6
22230,1693226281363,1692254017119,1692254017122,1693226281370,7,3,4
22231,1693226281370,1692254017126,1692254017130,1693226281378,8,4,4
22232,1693226281378,1692254017134,1692254017137,1693226281385,7,3,4
22233,1693226281385,1692254017141,1692254017145,1693226281393,8,4,4
22234,1693226281393,1692254017152,1692254017156,1693226281404,11,4,7
22235,1693226281404,1692254017159,1692254017162,1693226281411,7,3,4
22236,1693226281411,1692254017169,1692254017172,1693226281420,9,3,6
22237,1693226281420,1692254017176,1692254017179,1693226281428,8,3,5
22238,1693226281428,1692254017184,1692254017187,1693226281435,7,3,4
22239,1693226281435,1692254017191,1692254017194,1693226281443,8,3,5
22240,1693226281443,1692254017199,1692254017203,1693226281451,8,4,4
22241,1693226281451,1692254017207,1692254017211,1693226281459,8,4,4
22242,1693226281459,1692254017217,1692254017220,1693226281468,9,3,6
22243,1693226281468,1692254017224,1692254017228,1693226281476,8,4,4
22244,1693226281476,1692254017232,1692254017235,1693226281483,7,3,4
22245,1693226281483,1692254017239,1692254017241,1693226281489,6,2,4
22246,1693226281489,1692254017245,1692254017248,1693226281496,7,3,4
22247,1693226281496,1692254017254,1692254017258,1693226281507,11,4,7
22248,1693226281507,1692254017263,1692254017266,1693226281514,7,3,4
22249,1693226281514,1692254017270,1692254017273,1693226281521,7,3,4
22250,1693226281521,1692254017277,1692254017280,1693226281528,7,3,4
22251,1693226281528,1692254017285,1692254017287,1693226281535,7,2,5
22252,1693226281535,1692254017291,1692254017294,1693226281543,8,3,5
22253,1693226281543,1692254017299,1692254017304,1693226281552,9,5,4
22254,1693226281552,1692254017308,1692254017311,1693226281559,7,3,4
22255,1693226281559,1692254017315,1692254017319,1693226281567,8,4,4
22256,1693226281567,1692254017323,1692254017326,1693226281574,7,3,4
22257,1693226281574,1692254017330,1692254017333,1693226281582,8,3,5
22258,1693226281582,1692254017338,1692254017342,1693226281590,8,4,4
22259,1693226281590,1692254017347,1692254017350,1693226281599,9,3,6
22260,1693226281599,1692254017357,1692254017360,1693226281609,10,3,7
22261,1693226281609,1692254017365,1692254017368,1693226281617,8,3,5
22262,1693226281617,1692254017373,1692254017376,1693226281624,7,3,4
22263,1693226281624,1692254017381,1692254017384,1693226281632,8,3,5
22264,1693226281632,1692254017388,1692254017392,1693226281639,7,4,3
22265,1693226281640,1692254017395,1692254017398,1693226281646,6,3,3
22266,1693226281647,1692254017403,1692254017406,1693226281654,7,3,4
22267,1693226281654,1692254017409,1692254017412,1693226281661,7,3,4
22268,1693226281661,1692254017417,1692254017420,1693226281668,7,3,4
22269,1693226281668,1692254017425,1692254017428,1693226281676,8,3,5
22270,1693226281676,1692254017432,1692254017435,1693226281683,7,3,4
22271,1693226281683,1692254017439,1692254017443,1693226281691,8,4,4
22272,1693226281691,1692254017447,1692254017450,1693226281698,7,3,4
22273,1693226281698,1692254017454,1692254017457,1693226281706,8,3,5
22274,1693226281706,1692254017462,1692254017465,1693226281713,7,3,4
22275,1693226281713,1692254017470,1692254017473,1693226281721,8,3,5
22276,1693226281721,1692254017477,1692254017480,1693226281728,7,3,4
22277,1693226281728,1692254017485,1692254017488,1693226281736,8,3,5
22278,1693226281736,1692254017492,1692254017494,1693226281743,7,2,5
22279,1693226281743,1692254017499,1692254017501,1693226281749,6,2,4
22280,1693226281749,1692254017506,1692254017509,1693226281757,8,3,5
22281,1693226281757,1692254017513,1692254017516,1693226281765,8,3,5
22282,1693226281765,1692254017522,1692254017525,1693226281773,8,3,5
22283,1693226281773,1692254017529,1692254017532,1693226281781,8,3,5
22284,1693226281781,1692254017537,1692254017540,1693226281788,7,3,4
22285,1693226281788,1692254017545,1692254017548,1693226281796,8,3,5
22286,1693226281796,1692254017552,1692254017556,1693226281804,8,4,4
22287,1693226281804,1692254017561,1692254017565,1693226281813,9,4,5
22288,1693226281813,1692254017569,1692254017573,1693226281821,8,4,4
22289,1693226281821,1692254017577,1692254017581,1693226281829,8,4,4
22290,1693226281829,1692254017585,1692254017590,1693226281838,9,5,4
22291,1693226281839,1692254017597,1692254017600,1693226281848,9,3,6
22292,1693226281848,1692254017605,1692254017608,1693226281856,8,3,5
22293,1693226281856,1692254017612,1692254017614,1693226281863,7,2,5
22294,1693226281863,1692254017619,1692254017622,1693226281871,8,3,5
22295,1693226281871,1692254017627,1692254017630,1693226281878,7,3,4
22296,1693226281878,1692254017634,1692254017637,1693226281885,7,3,4
22297,1693226281885,1692254017641,1692254017644,1693226281892,7,3,4
22298,1693226281892,1692254017648,1692254017651,1693226281899,7,3,4
22299,1693226281899,1692254017655,1692254017659,1693226281910,11,4,7
22300,1693226281911,1692254017667,1692254017670,1693226281919,8,3,5
22301,1693226281919,1692254017674,1692254017677,1693226281926,7,3,4
22302,1693226281926,1692254017682,1692254017685,1693226281933,7,3,4
22303,1693226281933,1692254017689,1692254017692,1693226281940,7,3,4
22304,1693226281940,1692254017696,1692254017699,1693226281947,7,3,4
22305,1693226281947,1692254017704,1692254017707,1693226281957,10,3,7
22306,1693226281957,1692254017713,1692254017717,1693226281965,8,4,4
22307,1693226281965,1692254017721,1692254017724,1693226281972,7,3,4
22308,1693226281972,1692254017729,1692254017732,1693226281981,9,3,6
22309,1693226281981,1692254017740,1692254017743,1693226281992,11,3,8
22310,1693226281992,1692254017748,1692254017752,1693226282000,8,4,4
22311,1693226282000,1692254017757,1692254017760,1693226282008,8,3,5
22312,1693226282008,1692254017766,1692254017769,1693226282018,10,3,7
22313,1693226282018,1692254017774,1692254017777,1693226282025,7,3,4
22314,1693226282025,1692254017786,1692254017788,1693226282036,11,2,9
22315,1693226282036,1692254017793,1692254017796,1693226282045,9,3,6
22316,1693226282045,1692254017801,1692254017804,1693226282052,7,3,4
22317,1693226282052,1692254017808,1692254017811,1693226282060,8,3,5
22318,1693226282060,1692254017818,1692254017821,1693226282069,9,3,6
22319,1693226282070,1692254017826,1692254017829,1693226282077,7,3,4
22320,1693226282077,1692254017834,1692254017837,1693226282085,8,3,5
22321,1693226282085,1692254017842,1692254017844,1693226282092,7,2,5
22322,1693226282092,1692254017848,1692254017851,1693226282100,8,3,5
22323,1693226282100,1692254017857,1692254017860,1693226282108,8,3,5
22324,1693226282108,1692254017865,1692254017868,1693226282116,8,3,5
22325,1693226282116,1692254017872,1692254017875,1693226282124,8,3,5
22326,1693226282124,1692254017880,1692254017885,1693226282133,9,5,4
22327,1693226282133,1692254017889,1692254017891,1693226282142,9,2,7
22328,1693226282142,1692254017898,1692254017901,1693226282149,7,3,4
22329,1693226282149,1692254017905,1692254017909,1693226282157,8,4,4
22330,1693226282157,1692254017914,1692254017917,1693226282166,9,3,6
22331,1693226282166,1692254017922,1692254017926,1693226282174,8,4,4
22332,1693226282174,1692254017930,1692254017934,1693226282182,8,4,4
22333,1693226282182,1692254017938,1692254017941,1693226282189,7,3,4
22334,1693226282189,1692254017945,1692254017949,1693226282197,8,4,4
22335,1693226282197,1692254017954,1692254017956,1693226282205,8,2,6
22336,1693226282205,1692254017961,1692254017964,1693226282212,7,3,4
22337,1693226282212,1692254017967,1692254017971,1693226282219,7,4,3
22338,1693226282219,1692254017974,1692254017978,1693226282226,7,4,3
22339,1693226282226,1692254017982,1692254017986,1693226282234,8,4,4
22340,1693226282234,1692254017990,1692254017993,1693226282242,8,3,5
22341,1693226282242,1692254017997,1692254018000,1693226282250,8,3,5
22342,1693226282250,1692254018006,1692254018010,1693226282258,8,4,4
22343,1693226282258,1692254018014,1692254018018,1693226282266,8,4,4
22344,1693226282266,1692254018022,1692254018025,1693226282273,7,3,4
22345,1693226282273,1692254018029,1692254018032,1693226282280,7,3,4
22346,1693226282281,1692254018037,1692254018040,1693226282289,8,3,5
22347,1693226282289,1692254018045,1692254018048,1693226282296,7,3,4
22348,1693226282296,1692254018052,1692254018055,1693226282303,7,3,4
22349,1693226282303,1692254018060,1692254018063,1693226282311,8,3,5
22350,1693226282311,1692254018068,1692254018071,1693226282320,9,3,6
22351,1693226282320,1692254018076,1692254018080,1693226282328,8,4,4
22352,1693226282328,1692254018083,1692254018086,1693226282334,6,3,3
22353,1693226282334,1692254018090,1692254018094,1693226282342,8,4,4
22354,1693226282342,1692254018099,1692254018102,1693226282353,11,3,8
22355,1693226282353,1692254018109,1692254018113,1693226282361,8,4,4
22356,1693226282361,1692254018118,1692254018121,1693226282369,8,3,5
22357,1693226282369,1692254018125,1692254018128,1693226282376,7,3,4
22358,1693226282376,1692254018132,1692254018135,1693226282383,7,3,4
22359,1693226282383,1692254018140,1692254018143,1693226282391,8,3,5
22360,1693226282391,1692254018147,1692254018151,1693226282399,8,4,4
22361,1693226282399,1692254018155,1692254018158,1693226282407,8,3,5
22362,1693226282407,1692254018163,1692254018167,1693226282415,8,4,4
22363,1693226282415,1692254018171,1692254018176,1693226282424,9,5,4
22364,1693226282424,1692254018180,1692254018183,1693226282432,8,3,5
22365,1693226282432,1692254018188,1692254018191,1693226282439,7,3,4
22366,1693226282439,1692254018195,1692254018198,1693226282446,7,3,4
22367,1693226282446,1692254018203,1692254018206,1693226282454,8,3,5
22368,1693226282454,1692254018210,1692254018213,1693226282461,7,3,4
22369,1693226282461,1692254018217,1692254018220,1693226282469,8,3,5
22370,1693226282469,1692254018225,1692254018229,1693226282477,8,4,4
22371,1693226282477,1692254018234,1692254018238,1693226282486,9,4,5
22372,1693226282486,1692254018242,1692254018245,1693226282493,7,3,4
22373,1693226282493,1692254018249,1692254018253,1693226282501,8,4,4
22374,1693226282501,1692254018258,1692254018261,1693226282509,8,3,5
22375,1693226282509,1692254018265,1692254018268,1693226282516,7,3,4
22376,1693226282517,1692254018273,1692254018276,1693226282524,7,3,4
22377,1693226282524,1692254018281,1692254018284,1693226282532,8,3,5
22378,1693226282532,1692254018288,1692254018292,1693226282540,8,4,4
22379,1693226282540,1692254018296,1692254018300,1693226282548,8,4,4
22380,1693226282548,1692254018304,1692254018307,1693226282555,7,3,4
22381,1693226282555,1692254018312,1692254018315,1693226282563,8,3,5
22382,1693226282563,1692254018320,1692254018323,1693226282571,8,3,5
22383,1693226282571,1692254018327,1692254018331,1693226282579,8,4,4
22384,1693226282579,1692254018335,1692254018338,1693226282586,7,3,4
22385,1693226282586,1692254018342,1692254018345,1693226282593,7,3,4
22386,1693226282593,1692254018350,1692254018353,1693226282601,8,3,5
22387,1693226282601,1692254018357,1692254018360,1693226282608,7,3,4
22388,1693226282608,1692254018365,1692254018368,1693226282616,8,3,5
22389,1693226282616,1692254018372,1692254018375,1693226282623,7,3,4
22390,1693226282623,1692254018381,1692254018384,1693226282632,9,3,6
22391,1693226282632,1692254018389,1692254018392,1693226282640,8,3,5
22392,1693226282640,1692254018397,1692254018401,1693226282649,9,4,5
22393,1693226282649,1692254018413,1692254018416,1693226282664,15,3,12
22394,1693226282664,1692254018420,1692254018423,1693226282671,7,3,4
22395,1693226282671,1692254018428,1692254018430,1693226282679,8,2,6
22396,1693226282679,1692254018435,1692254018439,1693226282687,8,4,4
22397,1693226282687,1692254018444,1692254018447,1693226282695,8,3,5
22398,1693226282695,1692254018451,1692254018455,1693226282703,8,4,4
22399,1693226282703,1692254018459,1692254018461,1693226282710,7,2,5
22400,1693226282710,1692254018466,1692254018470,1693226282719,9,4,5
22401,1693226282719,1692254018474,1692254018477,1693226282726,7,3,4
22402,1693226282726,1692254018483,1692254018486,1693226282735,9,3,6
22403,1693226282735,1692254018490,1692254018493,1693226282741,6,3,3
22404,1693226282741,1692254018497,1692254018501,1693226282749,8,4,4
22405,1693226282749,1692254018505,1692254018509,1693226282757,8,4,4
22406,1693226282757,1692254018514,1692254018517,1693226282765,8,3,5
22407,1693226282765,1692254018521,1692254018525,1693226282773,8,4,4
22408,1693226282773,1692254018529,1692254018532,1693226282780,7,3,4
22409,1693226282781,1692254018538,1692254018541,1693226282789,8,3,5
22410,1693226282789,1692254018545,1692254018548,1693226282797,8,3,5
22411,1693226282797,1692254018553,1692254018556,1693226282804,7,3,4
22412,1693226282804,1692254018560,1692254018563,1693226282811,7,3,4
22413,1693226282811,1692254018567,1692254018570,1693226282818,7,3,4
22414,1693226282818,1692254018575,1692254018578,1693226282826,8,3,5
22415,1693226282826,1692254018582,1692254018584,1693226282833,7,2,5
22416,1693226282833,1692254018589,1692254018593,1693226282841,8,4,4
22417,1693226282841,1692254018596,1692254018599,1693226282848,7,3,4
22418,1693226282848,1692254018604,1692254018607,1693226282855,7,3,4
22419,1693226282856,1692254018612,1692254018615,1693226282863,7,3,4
22420,1693226282863,1692254018619,1692254018622,1693226282870,7,3,4
22421,1693226282870,1692254018626,1692254018630,1693226282878,8,4,4
22422,1693226282878,1692254018634,1692254018638,1693226282886,8,4,4
22423,1693226282886,1692254018642,1692254018645,1693226282893,7,3,4
22424,1693226282893,1692254018649,1692254018654,1693226282902,9,5,4
22425,1693226282902,1692254018658,1692254018662,1693226282910,8,4,4
22426,1693226282910,1692254018666,1692254018669,1693226282917,7,3,4
22427,1693226282917,1692254018674,1692254018678,1693226282926,9,4,5
22428,1693226282926,1692254018682,1692254018686,1693226282935,9,4,5
22429,1693226282935,1692254018691,1692254018693,1693226282942,7,2,5
22430,1693226282942,1692254018698,1692254018701,1693226282949,7,3,4
22431,1693226282949,1692254018705,1692254018708,1693226282956,7,3,4
22432,1693226282956,1692254018713,1692254018717,1693226282965,9,4,5
22433,1693226282965,1692254018721,1692254018724,1693226282972,7,3,4
22434,1693226282972,1692254018728,1692254018731,1693226282980,8,3,5
22435,1693226282980,1692254018736,1692254018739,1693226282987,7,3,4
22436,1693226282987,1692254018742,1692254018748,1693226282996,9,6,3
22437,1693226282996,1692254018752,1692254018755,1693226283003,7,3,4
22438,1693226283003,1692254018760,1692254018763,1693226283011,8,3,5
22439,1693226283011,1692254018768,1692254018772,1693226283020,9,4,5
22440,1693226283020,1692254018776,1692254018779,1693226283027,7,3,4
22441,1693226283027,1692254018783,1692254018786,1693226283036,9,3,6
22442,1693226283036,1692254018792,1692254018795,1693226283043,7,3,4
22443,1693226283043,1692254018799,1692254018802,1693226283050,7,3,4
22444,1693226283050,1692254018807,1692254018810,1693226283058,8,3,5
22445,1693226283058,1692254018814,1692254018817,1693226283065,7,3,4
22446,1693226283065,1692254018822,1692254018825,1693226283073,8,3,5
22447,1693226283073,1692254018829,1692254018832,1693226283080,7,3,4
22448,1693226283080,1692254018836,1692254018839,1693226283087,7,3,4
22449,1693226283087,1692254018843,1692254018846,1693226283094,7,3,4
22450,1693226283094,1692254018850,1692254018853,1693226283102,8,3,5
22451,1693226283102,1692254018858,1692254018861,1693226283109,7,3,4
22452,1693226283109,1692254018865,1692254018868,1693226283117,8,3,5
22453,1693226283117,1692254018873,1692254018876,1693226283124,7,3,4
22454,1693226283124,1692254018881,1692254018884,1693226283133,9,3,6
22455,1693226283133,1692254018889,1692254018893,1693226283141,8,4,4
22456,1693226283141,1692254018897,1692254018900,1693226283148,7,3,4
22457,1693226283148,1692254018904,1692254018907,1693226283155,7,3,4
22458,1693226283155,1692254018911,1692254018914,1693226283162,7,3,4
22459,1693226283162,1692254018918,1692254018921,1693226283169,7,3,4
22460,1693226283169,1692254018925,1692254018928,1693226283176,7,3,4
22461,1693226283176,1692254018932,1692254018936,1693226283183,7,4,3
22462,1693226283183,1692254018939,1692254018942,1693226283190,7,3,4
22463,1693226283190,1692254018946,1692254018948,1693226283196,6,2,4
22464,1693226283197,1692254018952,1692254018956,1693226283204,7,4,3
22465,1693226283205,1692254018961,1692254018964,1693226283212,7,3,4
22466,1693226283212,1692254018968,1692254018971,1693226283219,7,3,4
22467,1693226283219,1692254018976,1692254018979,1693226283227,8,3,5
22468,1693226283227,1692254018984,1692254018987,1693226283235,8,3,5
22469,1693226283235,1692254018992,1692254018995,1693226283244,9,3,6
22470,1693226283244,1692254019000,1692254019003,1693226283251,7,3,4
22471,1693226283251,1692254019007,1692254019011,1693226283259,8,4,4
22472,1693226283259,1692254019016,1692254019019,1693226283267,8,3,5
22473,1693226283267,1692254019023,1692254019028,1693226283277,10,5,5
22474,1693226283277,1692254019033,1692254019036,1693226283284,7,3,4
22475,1693226283284,1692254019045,1692254019049,1693226283298,14,4,10
22476,1693226283298,1692254019054,1692254019057,1693226283306,8,3,5
22477,1693226283306,1692254019062,1692254019066,1693226283314,8,4,4
22478,1693226283314,1692254019072,1692254019075,1693226283324,10,3,7
22479,1693226283324,1692254019080,1692254019083,1693226283331,7,3,4
22480,1693226283332,1692254019088,1692254019091,1693226283340,8,3,5
22481,1693226283340,1692254019098,1692254019101,1693226283350,10,3,7
22482,1693226283350,1692254019106,1692254019110,1693226283361,11,4,7
22483,1693226283361,1692254019117,1692254019121,1693226283369,8,4,4
22484,1693226283369,1692254019125,1692254019128,1693226283377,8,3,5
22485,1693226283377,1692254019133,1692254019137,1693226283385,8,4,4
22486,1693226283385,1692254019142,1692254019145,1693226283393,8,3,5
22487,1693226283393,1692254019149,1692254019153,1693226283401,8,4,4
22488,1693226283401,1692254019157,1692254019160,1693226283408,7,3,4
22489,1693226283409,1692254019165,1692254019168,1693226283417,8,3,5
22490,1693226283417,1692254019173,1692254019177,1693226283425,8,4,4
22491,1693226283425,1692254019182,1692254019186,1693226283434,9,4,5
22492,1693226283434,1692254019190,1692254019192,1693226283440,6,2,4
22493,1693226283440,1692254019199,1692254019202,1693226283450,10,3,7
22494,1693226283450,1692254019207,1692254019210,1693226283458,8,3,5
22495,1693226283458,1692254019214,1692254019217,1693226283466,8,3,5
22496,1693226283466,1692254019222,1692254019225,1693226283473,7,3,4
22497,1693226283473,1692254019230,1692254019234,1693226283482,9,4,5
22498,1693226283482,1692254019238,1692254019241,1693226283489,7,3,4
22499,1693226283489,1692254019245,1692254019249,1693226283497,8,4,4
22500,1693226283497,1692254019253,1692254019257,1693226283505,8,4,4
22501,1693226283505,1692254019262,1692254019265,1693226283513,8,3,5
22502,1693226283514,1692254019270,1692254019273,1693226283521,7,3,4
22503,1693226283521,1692254019277,1692254019279,1693226283528,7,2,5
22504,1693226283528,1692254019284,1692254019287,1693226283536,8,3,5
22505,1693226283536,1692254019292,1692254019294,1693226283543,7,2,5
22506,1693226283543,1692254019299,1692254019302,1693226283550,7,3,4
22507,1693226283550,1692254019307,1692254019310,1693226283558,8,3,5
22508,1693226283558,1692254019314,1692254019317,1693226283565,7,3,4
22509,1693226283565,1692254019321,1692254019324,1693226283572,7,3,4
22510,1693226283572,1692254019328,1692254019332,1693226283581,9,4,5
22511,1693226283581,1692254019337,1692254019341,1693226283589,8,4,4
22512,1693226283589,1692254019346,1692254019349,1693226283597,8,3,5
22513,1693226283597,1692254019355,1692254019358,1693226283607,10,3,7
22514,1693226283607,1692254019363,1692254019366,1693226283614,7,3,4
22515,1693226283614,1692254019372,1692254019375,1693226283623,9,3,6
22516,1693226283623,1692254019379,1692254019382,1693226283631,8,3,5
22517,1693226283631,1692254019387,1692254019390,1693226283638,7,3,4
22518,1693226283639,1692254019395,1692254019398,1693226283646,7,3,4
22519,1693226283646,1692254019404,1692254019408,1693226283656,10,4,6
22520,1693226283656,1692254019411,1692254019415,1693226283663,7,4,3
22521,1693226283663,1692254019419,1692254019422,1693226283670,7,3,4
22522,1693226283670,1692254019426,1692254019430,1693226283678,8,4,4
22523,1693226283678,1692254019437,1692254019441,1693226283689,11,4,7
22524,1693226283689,1692254019445,1692254019449,1693226283697,8,4,4
22525,1693226283697,1692254019453,1692254019456,1693226283704,7,3,4
22526,1693226283704,1692254019461,1692254019464,1693226283712,8,3,5
22527,1693226283712,1692254019468,1692254019472,1693226283720,8,4,4
22528,1693226283720,1692254019476,1692254019479,1693226283727,7,3,4
22529,1693226283727,1692254019483,1692254019486,1693226283734,7,3,4
22530,1693226283734,1692254019490,1692254019493,1693226283741,7,3,4
22531,1693226283741,1692254019497,1692254019500,1693226283748,7,3,4
22532,1693226283748,1692254019507,1692254019511,1693226283759,11,4,7
22533,1693226283759,1692254019515,1692254019518,1693226283766,7,3,4
22534,1693226283766,1692254019524,1692254019528,1693226283776,10,4,6
22535,1693226283776,1692254019532,1692254019535,1693226283783,7,3,4
22536,1693226283783,1692254019540,1692254019543,1693226283791,8,3,5
22537,1693226283791,1692254019547,1692254019551,1693226283799,8,4,4
22538,1693226283799,1692254019556,1692254019559,1693226283807,8,3,5
22539,1693226283807,1692254019562,1692254019565,1693226283813,6,3,3
22540,1693226283814,1692254019571,1692254019575,1693226283823,9,4,5
22541,1693226283823,1692254019579,1692254019582,1693226283830,7,3,4
22542,1693226283830,1692254019587,1692254019593,1693226283841,11,6,5
22543,1693226283841,1692254019597,1692254019599,1693226283847,6,2,4
22544,1693226283847,1692254019603,1692254019606,1693226283855,8,3,5
22545,1693226283855,1692254019611,1692254019614,1693226283862,7,3,4
22546,1693226283862,1692254019618,1692254019623,1693226283872,10,5,5
22547,1693226283872,1692254019628,1692254019631,1693226283880,8,3,5
22548,1693226283880,1692254019636,1692254019640,1693226283888,8,4,4
22549,1693226283888,1692254019643,1692254019647,1693226283895,7,4,3
22550,1693226283895,1692254019652,1692254019655,1693226283903,8,3,5
22551,1693226283903,1692254019663,1692254019666,1693226283915,12,3,9
22552,1693226283915,1692254019671,1692254019675,1693226283922,7,4,3
22553,1693226283923,1692254019678,1692254019681,1693226283929,6,3,3
22554,1693226283929,1692254019685,1692254019688,1693226283937,8,3,5
22555,1693226283937,1692254019693,1692254019696,1693226283944,7,3,4
22556,1693226283944,1692254019701,1692254019704,1693226283952,8,3,5
22557,1693226283952,1692254019708,1692254019712,1693226283960,8,4,4
22558,1693226283960,1692254019720,1692254019724,1693226283971,11,4,7
22559,1693226283971,1692254019728,1692254019731,1693226283979,8,3,5
22560,1693226283979,1692254019735,1692254019738,1693226283986,7,3,4
22561,1693226283986,1692254019742,1692254019746,1693226283994,8,4,4
22562,1693226283994,1692254019750,1692254019753,1693226284001,7,3,4
22563,1693226284001,1692254019758,1692254019760,1693226284008,7,2,5
22564,1693226284008,1692254019765,1692254019769,1693226284017,9,4,5
22565,1693226284017,1692254019772,1692254019776,1693226284024,7,4,3
22566,1693226284024,1692254019780,1692254019784,1693226284032,8,4,4
22567,1693226284032,1692254019788,1692254019791,1693226284039,7,3,4
22568,1693226284039,1692254019796,1692254019799,1693226284047,8,3,5
22569,1693226284047,1692254019803,1692254019806,1693226284054,7,3,4
22570,1693226284054,1692254019810,1692254019813,1693226284061,7,3,4
22571,1693226284061,1692254019817,1692254019820,1693226284068,7,3,4
22572,1693226284068,1692254019825,1692254019828,1693226284076,8,3,5
22573,1693226284076,1692254019832,1692254019835,1693226284084,8,3,5
22574,1693226284084,1692254019840,1692254019842,1693226284091,7,2,5
22575,1693226284091,1692254019846,1692254019850,1693226284098,7,4,3
22576,1693226284098,1692254019853,1692254019857,1693226284105,7,4,3
22577,1693226284105,1692254019861,1692254019865,1693226284113,8,4,4
22578,1693226284113,1692254019870,1692254019873,1693226284121,8,3,5
22579,1693226284121,1692254019878,1692254019882,1693226284130,9,4,5
22580,1693226284130,1692254019886,1692254019889,1693226284137,7,3,4
22581,1693226284137,1692254019893,1692254019896,1693226284144,7,3,4
22582,1693226284144,1692254019901,1692254019904,1693226284152,8,3,5
22583,1693226284152,1692254019909,1692254019914,1693226284162,10,5,5
22584,1693226284162,1692254019919,1692254019923,1693226284171,9,4,5
22585,1693226284171,1692254019927,1692254019930,1693226284178,7,3,4
22586,1693226284178,1692254019934,1692254019937,1693226284185,7,3,4
22587,1693226284185,1692254019942,1692254019945,1693226284193,8,3,5
22588,1693226284193,1692254019950,1692254019953,1693226284201,8,3,5
22589,1693226284201,1692254019958,1692254019961,1693226284209,8,3,5
22590,1693226284209,1692254019965,1692254019969,1693226284217,8,4,4
22591,1693226284217,1692254019973,1692254019976,1693226284225,8,3,5
22592,1693226284225,1692254019981,1692254019984,1693226284232,7,3,4
22593,1693226284232,1692254019989,1692254019992,1693226284240,8,3,5
22594,1693226284240,1692254019996,1692254020000,1693226284248,8,4,4
22595,1693226284248,1692254020004,1692254020008,1693226284256,8,4,4
22596,1693226284256,1692254020011,1692254020015,1693226284265,9,4,5
22597,1693226284265,1692254020021,1692254020024,1693226284272,7,3,4
22598,1693226284272,1692254020028,1692254020031,1693226284280,8,3,5
22599,1693226284280,1692254020036,1692254020040,1693226284288,8,4,4
22600,1693226284288,1692254020044,1692254020047,1693226284295,7,3,4
22601,1693226284295,1692254020052,1692254020055,1693226284303,8,3,5
22602,1693226284303,1692254020059,1692254020062,1693226284310,7,3,4
22603,1693226284310,1692254020067,1692254020070,1693226284318,8,3,5
22604,1693226284318,1692254020074,1692254020077,1693226284325,7,3,4
22605,1693226284325,1692254020082,1692254020086,1693226284334,9,4,5
22606,1693226284334,1692254020090,1692254020093,1693226284342,8,3,5
22607,1693226284342,1692254020097,1692254020101,1693226284349,7,4,3
22608,1693226284349,1692254020106,1692254020109,1693226284357,8,3,5
22609,1693226284357,1692254020113,1692254020116,1693226284367,10,3,7
22610,1693226284367,1692254020124,1692254020127,1693226284375,8,3,5
22611,1693226284375,1692254020131,1692254020134,1693226284382,7,3,4
22612,1693226284382,1692254020138,1692254020142,1693226284389,7,4,3
22613,1693226284390,1692254020145,1692254020149,1693226284397,7,4,3
22614,1693226284397,1692254020154,1692254020157,1693226284406,9,3,6
22615,1693226284406,1692254020162,1692254020165,1693226284413,7,3,4
22616,1693226284413,1692254020170,1692254020173,1693226284421,8,3,5
22617,1693226284421,1692254020176,1692254020180,1693226284428,7,4,3
22618,1693226284428,1692254020184,1692254020187,1693226284435,7,3,4
22619,1693226284435,1692254020191,1692254020195,1693226284443,8,4,4
22620,1693226284443,1692254020199,1692254020205,1693226284453,10,6,4
22621,1693226284453,1692254020209,1692254020212,1693226284460,7,3,4
22622,1693226284460,1692254020216,1692254020219,1693226284469,9,3,6
22623,1693226284469,1692254020225,1692254020229,1693226284477,8,4,4
22624,1693226284477,1692254020233,1692254020236,1693226284484,7,3,4
22625,1693226284484,1692254020240,1692254020244,1693226284492,8,4,4
22626,1693226284492,1692254020250,1692254020253,1693226284501,9,3,6
22627,1693226284501,1692254020257,1692254020261,1693226284509,8,4,4
22628,1693226284509,1692254020265,1692254020268,1693226284517,8,3,5
22629,1693226284517,1692254020272,1692254020276,1693226284524,7,4,3
22630,1693226284524,1692254020286,1692254020290,1693226284538,14,4,10
22631,1693226284538,1692254020294,1692254020298,1693226284546,8,4,4
22632,1693226284546,1692254020306,1692254020308,1693226284556,10,2,8
22633,1693226284556,1692254020313,1692254020316,1693226284564,8,3,5
22634,1693226284564,1692254020322,1692254020326,1693226284574,10,4,6
22635,1693226284574,1692254020330,1692254020333,1693226284581,7,3,4
22636,1693226284581,1692254020341,1692254020344,1693226284593,12,3,9
22637,1693226284593,1692254020349,1692254020352,1693226284600,7,3,4
22638,1693226284600,1692254020357,1692254020360,1693226284609,9,3,6
22639,1693226284609,1692254020365,1692254020369,1693226284617,8,4,4
22640,1693226284617,1692254020373,1692254020377,1693226284625,8,4,4
22641,1693226284625,1692254020381,1692254020385,1693226284633,8,4,4
22642,1693226284633,1692254020391,1692254020394,1693226284642,9,3,6
22643,1693226284642,1692254020398,1692254020402,1693226284650,8,4,4
22644,1693226284650,1692254020406,1692254020410,1693226284658,8,4,4
22645,1693226284658,1692254020414,1692254020418,1693226284666,8,4,4
22646,1693226284666,1692254020422,1692254020425,1693226284674,8,3,5
22647,1693226284674,1692254020431,1692254020434,1693226284682,8,3,5
22648,1693226284682,1692254020438,1692254020442,1693226284691,9,4,5
22649,1693226284691,1692254020447,1692254020450,1693226284698,7,3,4
22650,1693226284698,1692254020455,1692254020458,1693226284706,8,3,5
22651,1693226284706,1692254020462,1692254020465,1693226284714,8,3,5
22652,1693226284714,1692254020470,1692254020473,1693226284721,7,3,4
22653,1693226284721,1692254020477,1692254020480,1693226284728,7,3,4
22654,1693226284728,1692254020484,1692254020487,1693226284735,7,3,4
22655,1693226284735,1692254020492,1692254020495,1693226284743,8,3,5
22656,1693226284743,1692254020499,1692254020502,1693226284751,8,3,5
22657,1693226284751,1692254020506,1692254020511,1693226284759,8,5,3
22658,1693226284759,1692254020516,1692254020519,1693226284767,8,3,5
22659,1693226284767,1692254020523,1692254020526,1693226284776,9,3,6
22660,1693226284777,1692254020534,1692254020537,1693226284786,9,3,6
22661,1693226284786,1692254020542,1692254020545,1693226284793,7,3,4
22662,1693226284793,1692254020550,1692254020553,1693226284801,8,3,5
22663,1693226284801,1692254020558,1692254020560,1693226284808,7,2,5
22664,1693226284808,1692254020565,1692254020568,1693226284817,9,3,6
22665,1693226284817,1692254020573,1692254020576,1693226284824,7,3,4
22666,1693226284824,1692254020580,1692254020584,1693226284832,8,4,4
22667,1693226284832,1692254020587,1692254020591,1693226284839,7,4,3
22668,1693226284839,1692254020596,1692254020599,1693226284847,8,3,5
22669,1693226284847,1692254020603,1692254020607,1693226284855,8,4,4
22670,1693226284855,1692254020611,1692254020615,1693226284863,8,4,4
22671,1693226284863,1692254020619,1692254020622,1693226284870,7,3,4
22672,1693226284870,1692254020626,1692254020629,1693226284879,9,3,6
22673,1693226284879,1692254020636,1692254020639,1693226284887,8,3,5
22674,1693226284887,1692254020643,1692254020646,1693226284894,7,3,4
22675,1693226284895,1692254020651,1692254020654,1693226284902,7,3,4
22676,1693226284902,1692254020658,1692254020661,1693226284909,7,3,4
22677,1693226284909,1692254020665,1692254020669,1693226284917,8,4,4
22678,1693226284917,1692254020673,1692254020676,1693226284925,8,3,5
22679,1693226284925,1692254020681,1692254020684,1693226284932,7,3,4
22680,1693226284932,1692254020689,1692254020691,1693226284940,8,2,6
22681,1693226284940,1692254020697,1692254020701,1693226284949,9,4,5
22682,1693226284949,1692254020705,1692254020708,1693226284957,8,3,5
22683,1693226284957,1692254020713,1692254020716,1693226284964,7,3,4
22684,1693226284964,1692254020720,1692254020724,1693226284972,8,4,4
22685,1693226284972,1692254020728,1692254020732,1693226284982,10,4,6
22686,1693226284982,1692254020739,1692254020742,1693226284990,8,3,5
22687,1693226284990,1692254020746,1692254020749,1693226284997,7,3,4
22688,1693226284997,1692254020753,1692254020756,1693226285004,7,3,4
22689,1693226285004,1692254020760,1692254020763,1693226285012,8,3,5
22690,1693226285012,1692254020768,1692254020771,1693226285019,7,3,4
22691,1693226285019,1692254020775,1692254020778,1693226285026,7,3,4
22692,1693226285026,1692254020783,1692254020786,1693226285034,8,3,5
22693,1693226285034,1692254020790,1692254020793,1693226285041,7,3,4
22694,1693226285041,1692254020798,1692254020803,1693226285051,10,5,5
22695,1693226285051,1692254020808,1692254020811,1693226285059,8,3,5
22696,1693226285059,1692254020815,1692254020818,1693226285065,6,3,3
22697,1693226285065,1692254020821,1692254020824,1693226285072,7,3,4
22698,1693226285072,1692254020828,1692254020831,1693226285079,7,3,4
22699,1693226285079,1692254020838,1692254020841,1693226285089,10,3,7
22700,1693226285089,1692254020846,1692254020849,1693226285097,8,3,5
22701,1693226285097,1692254020854,1692254020857,1693226285105,8,3,5
22702,1693226285105,1692254020861,1692254020865,1693226285113,8,4,4
22703,1693226285113,1692254020869,1692254020872,1693226285120,7,3,4
22704,1693226285120,1692254020876,1692254020880,1693226285128,8,4,4
22705,1693226285128,1692254020884,1692254020887,1693226285135,7,3,4
22706,1693226285135,1692254020891,1692254020895,1693226285143,8,4,4
22707,1693226285143,1692254020899,1692254020902,1693226285150,7,3,4
22708,1693226285150,1692254020906,1692254020910,1693226285158,8,4,4
22709,1693226285158,1692254020914,1692254020917,1693226285165,7,3,4
22710,1693226285165,1692254020922,1692254020925,1693226285173,8,3,5
22711,1693226285173,1692254020929,1692254020932,1693226285181,8,3,5
22712,1693226285181,1692254020937,1692254020941,1693226285189,8,4,4
22713,1693226285189,1692254020946,1692254020949,1693226285197,8,3,5
22714,1693226285197,1692254020953,1692254020955,1693226285203,6,2,4
22715,1693226285203,1692254020959,1692254020962,1693226285211,8,3,5
22716,1693226285211,1692254020966,1692254020969,1693226285218,7,3,4
22717,1693226285218,1692254020974,1692254020978,1693226285226,8,4,4
22718,1693226285226,1692254020982,1692254020985,1693226285233,7,3,4
22719,1693226285233,1692254020989,1692254020992,1693226285241,8,3,5
22720,1693226285241,1692254020997,1692254021002,1693226285250,9,5,4
22721,1693226285250,1692254021006,1692254021009,1693226285258,8,3,5
22722,1693226285258,1692254021014,1692254021018,1693226285266,8,4,4
22723,1693226285266,1692254021022,1692254021025,1693226285273,7,3,4
22724,1693226285273,1692254021030,1692254021033,1693226285281,8,3,5
22725,1693226285281,1692254021038,1692254021040,1693226285288,7,2,5
22726,1693226285288,1692254021045,1692254021048,1693226285297,9,3,6
22727,1693226285297,1692254021053,1692254021057,1693226285305,8,4,4
22728,1693226285305,1692254021061,1692254021065,1693226285314,9,4,5
22729,1693226285314,1692254021070,1692254021073,1693226285321,7,3,4
22730,1693226285321,1692254021078,1692254021081,1693226285329,8,3,5
22731,1693226285329,1692254021085,1692254021090,1693226285338,9,5,4
22732,1693226285338,1692254021094,1692254021097,1693226285345,7,3,4
22733,1693226285345,1692254021101,1692254021105,1693226285353,8,4,4
22734,1693226285353,1692254021110,1692254021113,1693226285361,8,3,5
22735,1693226285361,1692254021117,1692254021119,1693226285372,11,2,9
22736,1693226285372,1692254021128,1692254021132,1693226285380,8,4,4
22737,1693226285380,1692254021137,1692254021140,1693226285391,11,3,8
22738,1693226285391,1692254021147,1692254021151,1693226285398,7,4,3
22739,1693226285398,1692254021154,1692254021157,1693226285406,8,3,5
22740,1693226285406,1692254021161,1692254021164,1693226285412,6,3,3
22741,1693226285412,1692254021169,1692254021172,1693226285421,9,3,6
22742,1693226285421,1692254021177,1692254021181,1693226285429,8,4,4
22743,1693226285429,1692254021185,1692254021188,1693226285436,7,3,4
22744,1693226285436,1692254021192,1692254021194,1693226285442,6,2,4
22745,1693226285442,1692254021198,1692254021202,1693226285450,8,4,4
22746,1693226285450,1692254021207,1692254021210,1693226285458,8,3,5
22747,1693226285458,1692254021214,1692254021217,1693226285465,7,3,4
22748,1693226285465,1692254021222,1692254021225,1693226285473,8,3,5
22749,1693226285473,1692254021230,1692254021233,1693226285481,8,3,5
22750,1693226285481,1692254021237,1692254021240,1693226285489,8,3,5
22751,1693226285489,1692254021248,1692254021251,1693226285499,10,3,7
22752,1693226285500,1692254021256,1692254021259,1693226285507,7,3,4
22753,1693226285507,1692254021265,1692254021268,1693226285516,9,3,6
22754,1693226285517,1692254021273,1692254021276,1693226285524,7,3,4
22755,1693226285524,1692254021280,1692254021284,1693226285532,8,4,4
22756,1693226285532,1692254021290,1692254021293,1693226285542,10,3,7
22757,1693226285542,1692254021298,1692254021301,1693226285549,7,3,4
22758,1693226285549,1692254021306,1692254021310,1693226285559,10,4,6
22759,1693226285559,1692254021315,1692254021318,1693226285566,7,3,4
22760,1693226285566,1692254021322,1692254021325,1693226285574,8,3,5
22761,1693226285574,1692254021331,1692254021334,1693226285582,8,3,5
22762,1693226285582,1692254021338,1692254021341,1693226285589,7,3,4
22763,1693226285589,1692254021346,1692254021349,1693226285597,8,3,5
22764,1693226285597,1692254021354,1692254021357,1693226285605,8,3,5
22765,1693226285605,1692254021361,1692254021364,1693226285612,7,3,4
22766,1693226285612,1692254021369,1692254021371,1693226285620,8,2,6
22767,1693226285620,1692254021376,1692254021381,1693226285629,9,5,4
22768,1693226285629,1692254021386,1692254021388,1693226285636,7,2,5
22769,1693226285637,1692254021393,1692254021396,1693226285644,7,3,4
22770,1693226285644,1692254021400,1692254021404,1693226285652,8,4,4
22771,1693226285652,1692254021408,1692254021411,1693226285660,8,3,5
22772,1693226285660,1692254021418,1692254021421,1693226285670,10,3,7
22773,1693226285670,1692254021426,1692254021429,1693226285677,7,3,4
22774,1693226285677,1692254021433,1692254021437,1693226285685,8,4,4
22775,1693226285685,1692254021442,1692254021444,1693226285693,8,2,6
22776,1693226285693,1692254021449,1692254021452,1693226285700,7,3,4
22777,1693226285700,1692254021457,1692254021460,1693226285708,8,3,5
22778,1693226285708,1692254021465,1692254021468,1693226285716,8,3,5
22779,1693226285716,1692254021472,1692254021475,1693226285723,7,3,4
22780,1693226285723,1692254021479,1692254021483,1693226285731,8,4,4
22781,1693226285731,1692254021488,1692254021491,1693226285739,8,3,5
22782,1693226285739,1692254021496,1692254021499,1693226285747,8,3,5
22783,1693226285747,1692254021503,1692254021506,1693226285755,8,3,5
22784,1693226285755,1692254021511,1692254021515,1693226285763,8,4,4
22785,1693226285763,1692254021520,1692254021523,1693226285771,8,3,5
22786,1693226285771,1692254021527,1692254021530,1693226285778,7,3,4
22787,1693226285778,1692254021534,1692254021537,1693226285785,7,3,4
22788,1693226285785,1692254021541,1692254021544,1693226285792,7,3,4
22789,1693226285792,1692254021548,1692254021551,1693226285801,9,3,6
22790,1693226285801,1692254021561,1692254021564,1693226285812,11,3,8
22791,1693226285812,1692254021568,1692254021572,1693226285821,9,4,5
22792,1693226285821,1692254021577,1692254021581,1693226285829,8,4,4
22793,1693226285829,1692254021589,1692254021593,1693226285841,12,4,8
22794,1693226285841,1692254021598,1692254021601,1693226285849,8,3,5
22795,1693226285849,1692254021610,1692254021614,1693226285863,14,4,10
22796,1693226285863,1692254021620,1692254021623,1693226285871,8,3,5
22797,1693226285871,1692254021627,1692254021630,1693226285878,7,3,4
22798,1693226285878,1692254021635,1692254021638,1693226285886,8,3,5
22799,1693226285886,1692254021643,1692254021646,1693226285894,8,3,5
22800,1693226285894,1692254021650,1692254021653,1693226285903,9,3,6
22801,1693226285903,1692254021659,1692254021662,1693226285910,7,3,4
22802,1693226285910,1692254021667,1692254021671,1693226285919,9,4,5
22803,1693226285919,1692254021676,1692254021678,1693226285926,7,2,5
22804,1693226285926,1692254021683,1692254021689,1693226285937,11,6,5
22805,1693226285937,1692254021693,1692254021696,1693226285944,7,3,4
22806,1693226285944,1692254021700,1692254021703,1693226285952,8,3,5
22807,1693226285952,1692254021708,1692254021711,1693226285959,7,3,4
22808,1693226285959,1692254021716,1692254021719,1693226285967,8,3,5
22809,1693226285967,1692254021724,1692254021728,1693226285976,9,4,5
22810,1693226285976,1692254021732,1692254021735,1693226285983,7,3,4
22811,1693226285983,1692254021738,1692254021741,1693226285989,6,3,3
22812,1693226285989,1692254021745,1692254021749,1693226285997,8,4,4
22813,1693226285997,1692254021753,1692254021757,1693226286006,9,4,5
22814,1693226286006,1692254021762,1692254021766,1693226286014,8,4,4
22815,1693226286014,1692254021770,1692254021773,1693226286021,7,3,4
22816,1693226286021,1692254021777,1692254021780,1693226286028,7,3,4
22817,1693226286028,1692254021784,1692254021787,1693226286036,8,3,5
22818,1693226286036,1692254021792,1692254021795,1693226286044,8,3,5
22819,1693226286044,1692254021800,1692254021804,1693226286052,8,4,4
22820,1693226286052,1692254021809,1692254021812,1693226286059,7,3,4
22821,1693226286059,1692254021815,1692254021819,1693226286067,8,4,4
22822,1693226286067,1692254021824,1692254021828,1693226286076,9,4,5
22823,1693226286076,1692254021831,1692254021835,1693226286083,7,4,3
22824,1693226286083,1692254021839,1692254021843,1693226286091,8,4,4
22825,1693226286091,1692254021847,1692254021851,1693226286099,8,4,4
22826,1693226286099,1692254021854,1692254021857,1693226286108,9,3,6
22827,1693226286108,1692254021864,1692254021868,1693226286116,8,4,4
22828,1693226286116,1692254021872,1692254021875,1693226286123,7,3,4
22829,1693226286123,1692254021879,1692254021882,1693226286130,7,3,4
22830,1693226286130,1692254021886,1692254021888,1693226286136,6,2,4
22831,1693226286136,1692254021893,1692254021896,1693226286144,8,3,5
22832,1693226286144,1692254021899,1692254021902,1693226286151,7,3,4
22833,1693226286151,1692254021907,1692254021911,1693226286159,8,4,4
22834,1693226286159,1692254021915,1692254021920,1693226286168,9,5,4
22835,1693226286168,1692254021925,1692254021929,1693226286178,10,4,6
22836,1693226286178,1692254021934,1692254021937,1693226286185,7,3,4
22837,1693226286185,1692254021941,1692254021944,1693226286192,7,3,4
22838,1693226286192,1692254021948,1692254021951,1693226286199,7,3,4
22839,1693226286199,1692254021956,1692254021959,1693226286207,8,3,5
22840,1693226286207,1692254021965,1692254021970,1693226286218,11,5,6
22841,1693226286218,1692254021974,1692254021978,1693226286226,8,4,4
22842,1693226286226,1692254021983,1692254021987,1693226286235,9,4,5
22843,1693226286235,1692254021991,1692254021995,1693226286243,8,4,4
22844,1693226286243,1692254021999,1692254022003,1693226286251,8,4,4
22845,1693226286251,1692254022007,1692254022010,1693226286258,7,3,4
22846,1693226286258,1692254022015,1692254022018,1693226286266,8,3,5
22847,1693226286266,1692254022022,1692254022025,1693226286273,7,3,4
22848,1693226286273,1692254022030,1692254022033,1693226286282,9,3,6
22849,1693226286282,1692254022038,1692254022041,1693226286289,7,3,4
22850,1693226286289,1692254022046,1692254022050,1693226286298,9,4,5
22851,1693226286298,1692254022054,1692254022057,1693226286305,7,3,4
22852,1693226286305,1692254022061,1692254022065,1693226286313,8,4,4
22853,1693226286313,1692254022070,1692254022073,1693226286322,9,3,6
22854,1693226286322,1692254022078,1692254022080,1693226286329,7,2,5
22855,1693226286329,1692254022085,1692254022088,1693226286336,7,3,4
22856,1693226286336,1692254022093,1692254022096,1693226286344,8,3,5
22857,1693226286344,1692254022100,1692254022104,1693226286352,8,4,4
22858,1693226286352,1692254022108,1692254022112,1693226286360,8,4,4
22859,1693226286360,1692254022117,1692254022120,1693226286368,8,3,5
22860,1693226286368,1692254022124,1692254022128,1693226286378,10,4,6
22861,1693226286378,1692254022134,1692254022137,1693226286385,7,3,4
22862,1693226286385,1692254022142,1692254022145,1693226286393,8,3,5
22863,1693226286393,1692254022150,1692254022153,1693226286401,8,3,5
22864,1693226286401,1692254022161,1692254022165,1693226286415,14,4,10
22865,1693226286415,1692254022171,1692254022175,1693226286422,7,4,3
22866,1693226286422,1692254022181,1692254022185,1693226286433,11,4,7
22867,1693226286433,1692254022189,1692254022192,1693226286440,7,3,4
22868,1693226286440,1692254022196,1692254022200,1693226286448,8,4,4
22869,1693226286448,1692254022204,1692254022208,1693226286456,8,4,4
22870,1693226286456,1692254022212,1692254022215,1693226286463,7,3,4
22871,1693226286463,1692254022219,1692254022222,1693226286470,7,3,4
22872,1693226286470,1692254022226,1692254022229,1693226286478,8,3,5
22873,1693226286478,1692254022234,1692254022237,1693226286485,7,3,4
22874,1693226286485,1692254022241,1692254022244,1693226286492,7,3,4
22875,1693226286492,1692254022248,1692254022251,1693226286499,7,3,4
22876,1693226286499,1692254022255,1692254022258,1693226286506,7,3,4
22877,1693226286506,1692254022262,1692254022267,1693226286517,11,5,6
22878,1693226286517,1692254022274,1692254022277,1693226286525,8,3,5
22879,1693226286525,1692254022281,1692254022284,1693226286532,7,3,4
22880,1693226286532,1692254022289,1692254022293,1693226286541,9,4,5
22881,1693226286541,1692254022298,1692254022301,1693226286549,8,3,5
22882,1693226286549,1692254022306,1692254022309,1693226286557,8,3,5
22883,1693226286557,1692254022314,1692254022317,1693226286565,8,3,5
22884,1693226286565,1692254022321,1692254022325,1693226286573,8,4,4
22885,1693226286573,1692254022329,1692254022332,1693226286581,8,3,5
22886,1693226286581,1692254022337,1692254022340,1693226286589,8,3,5
22887,1693226286589,1692254022344,1692254022348,1693226286596,7,4,3
22888,1693226286596,1692254022352,1692254022355,1693226286603,7,3,4
22889,1693226286603,1692254022359,1692254022363,1693226286611,8,4,4
22890,1693226286612,1692254022368,1692254022371,1693226286620,8,3,5
22891,1693226286620,1692254022376,1692254022379,1693226286627,7,3,4
22892,1693226286627,1692254022383,1692254022387,1693226286635,8,4,4
22893,1693226286635,1692254022391,1692254022395,1693226286643,8,4,4
22894,1693226286643,1692254022399,1692254022404,1693226286652,9,5,4
22895,1693226286652,1692254022408,1692254022411,1693226286659,7,3,4
22896,1693226286659,1692254022415,1692254022419,1693226286667,8,4,4
22897,1693226286667,1692254022423,1692254022427,1693226286675,8,4,4
22898,1693226286675,1692254022431,1692254022435,1693226286683,8,4,4
22899,1693226286683,1692254022439,1692254022443,1693226286691,8,4,4
22900,1693226286691,1692254022447,1692254022450,1693226286698,7,3,4
22901,1693226286698,1692254022455,1692254022458,1693226286706,8,3,5
22902,1693226286706,1692254022462,1692254022465,1693226286713,7,3,4
22903,1693226286713,1692254022469,1692254022473,1693226286722,9,4,5
22904,1693226286722,1692254022478,1692254022482,1693226286730,8,4,4
22905,1693226286730,1692254022486,1692254022490,1693226286738,8,4,4
22906,1693226286738,1692254022494,1692254022498,1693226286746,8,4,4
22907,1693226286746,1692254022502,1692254022506,1693226286754,8,4,4
22908,1693226286754,1692254022510,1692254022513,1693226286761,7,3,4
22909,1693226286761,1692254022518,1692254022522,1693226286770,9,4,5
22910,1693226286770,1692254022527,1692254022530,1693226286778,8,3,5
22911,1693226286778,1692254022535,1692254022538,1693226286786,8,3,5
22912,1693226286786,1692254022543,1692254022546,1693226286794,8,3,5
22913,1693226286794,1692254022550,1692254022554,1693226286802,8,4,4
22914,1693226286802,1692254022559,1692254022562,1693226286810,8,3,5
22915,1693226286810,1692254022567,1692254022570,1693226286819,9,3,6
22916,1693226286819,1692254022575,1692254022578,1693226286827,8,3,5
22917,1693226286827,1692254022583,1692254022587,1693226286835,8,4,4
22918,1693226286835,1692254022591,1692254022597,1693226286845,10,6,4
22919,1693226286845,1692254022601,1692254022605,1693226286853,8,4,4
22920,1693226286853,1692254022609,1692254022613,1693226286861,8,4,4
22921,1693226286861,1692254022617,1692254022620,1693226286868,7,3,4
22922,1693226286868,1692254022624,1692254022627,1693226286875,7,3,4
22923,1693226286875,1692254022631,1692254022635,1693226286882,7,4,3
22924,1693226286882,1692254022638,1692254022642,1693226286890,8,4,4
22925,1693226286890,1692254022646,1692254022649,1693226286897,7,3,4
22926,1693226286897,1692254022653,1692254022657,1693226286905,8,4,4
22927,1693226286905,1692254022662,1692254022665,1693226286913,8,3,5
22928,1693226286913,1692254022669,1692254022672,1693226286920,7,3,4
22929,1693226286920,1692254022676,1692254022679,1693226286927,7,3,4
22930,1693226286927,1692254022684,1692254022687,1693226286935,8,3,5
22931,1693226286935,1692254022691,1692254022695,1693226286944,9,4,5
22932,1693226286944,1692254022700,1692254022703,1693226286951,7,3,4
22933,1693226286951,1692254022707,1692254022710,1693226286958,7,3,4
22934,1693226286958,1692254022715,1692254022718,1693226286966,8,3,5
22935,1693226286966,1692254022723,1692254022726,1693226286974,8,3,5
22936,1693226286974,1692254022731,1692254022734,1693226286982,8,3,5
22937,1693226286982,1692254022738,1692254022742,1693226286990,8,4,4
22938,1693226286990,1692254022747,1692254022751,1693226286999,9,4,5
22939,1693226286999,1692254022755,1692254022758,1693226287006,7,3,4
22940,1693226287006,1692254022762,1692254022765,1693226287013,7,3,4
22941,1693226287013,1692254022770,1692254022773,1693226287021,8,3,5
22942,1693226287021,1692254022786,1692254022789,1693226287037,16,3,13
22943,1693226287037,1692254022793,1692254022796,1693226287044,7,3,4
22944,1693226287044,1692254022800,1692254022803,1693226287051,7,3,4
22945,1693226287051,1692254022808,1692254022811,1693226287059,8,3,5
22946,1693226287059,1692254022816,1692254022819,1693226287067,8,3,5
22947,1693226287067,1692254022823,1692254022827,1693226287074,7,4,3
22948,1693226287075,1692254022830,1692254022833,1693226287081,6,3,3
22949,1693226287081,1692254022838,1692254022842,1693226287090,9,4,5
22950,1693226287090,1692254022847,1692254022851,1693226287099,9,4,5
22951,1693226287099,1692254022855,1692254022859,1693226287107,8,4,4
22952,1693226287107,1692254022863,1692254022867,1693226287116,9,4,5
22953,1693226287116,1692254022872,1692254022875,1693226287123,7,3,4
22954,1693226287123,1692254022879,1692254022882,1693226287132,9,3,6
22955,1693226287132,1692254022889,1692254022892,1693226287140,8,3,5
22956,1693226287140,1692254022896,1692254022899,1693226287148,8,3,5
22957,1693226287148,1692254022905,1692254022908,1693226287157,9,3,6
22958,1693226287157,1692254022912,1692254022915,1693226287163,6,3,3
22959,1693226287163,1692254022919,1692254022923,1693226287170,7,4,3
22960,1693226287170,1692254022926,1692254022930,1693226287178,8,4,4
22961,1693226287178,1692254022935,1692254022938,1693226287186,8,3,5
22962,1693226287186,1692254022943,1692254022946,1693226287194,8,3,5
22963,1693226287194,1692254022951,1692254022954,1693226287202,8,3,5
22964,1693226287202,1692254022958,1692254022961,1693226287209,7,3,4
22965,1693226287209,1692254022965,1692254022968,1693226287216,7,3,4
22966,1693226287216,1692254022972,1692254022975,1693226287223,7,3,4
22967,1693226287223,1692254022979,1692254022983,1693226287231,8,4,4
22968,1693226287231,1692254022989,1692254022991,1693226287239,8,2,6
22969,1693226287239,1692254022995,1692254022998,1693226287247,8,3,5
22970,1693226287247,1692254023003,1692254023006,1693226287254,7,3,4
22971,1693226287254,1692254023010,1692254023019,1693226287267,13,9,4
22972,1693226287267,1692254023024,1692254023027,1693226287275,8,3,5
22973,1693226287275,1692254023031,1692254023035,1693226287283,8,4,4
22974,1693226287283,1692254023039,1692254023042,1693226287290,7,3,4
22975,1693226287290,1692254023047,1692254023051,1693226287299,9,4,5
22976,1693226287299,1692254023055,1692254023058,1693226287306,7,3,4
22977,1693226287306,1692254023062,1692254023066,1693226287314,8,4,4
22978,1693226287314,1692254023070,1692254023074,1693226287322,8,4,4
22979,1693226287322,1692254023079,1692254023083,1693226287331,9,4,5
22980,1693226287331,1692254023087,1692254023090,1693226287338,7,3,4
22981,1693226287338,1692254023094,1692254023097,1693226287346,8,3,5
22982,1693226287346,1692254023102,1692254023104,1693226287353,7,2,5
22983,1693226287353,1692254023109,1692254023112,1693226287361,8,3,5
22984,1693226287361,1692254023117,1692254023120,1693226287368,7,3,4
22985,1693226287368,1692254023124,1692254023129,1693226287377,9,5,4
22986,1693226287377,1692254023138,1692254023141,1693226287390,13,3,10
22987,1693226287390,1692254023146,1692254023150,1693226287398,8,4,4
22988,1693226287398,1692254023155,1692254023158,1693226287406,8,3,5
22989,1693226287406,1692254023162,1692254023166,1693226287414,8,4,4
22990,1693226287414,1692254023170,1692254023173,1693226287421,7,3,4
22991,1693226287421,1692254023177,1692254023180,1693226287428,7,3,4
22992,1693226287428,1692254023184,1692254023187,1693226287435,7,3,4
22993,1693226287435,1692254023193,1692254023196,1693226287444,9,3,6
22994,1693226287444,1692254023200,1692254023204,1693226287452,8,4,4
22995,1693226287452,1692254023208,1692254023211,1693226287459,7,3,4
22996,1693226287459,1692254023215,1692254023219,1693226287467,8,4,4
22997,1693226287467,1692254023223,1692254023227,1693226287475,8,4,4
22998,1693226287475,1692254023231,1692254023234,1693226287481,6,3,3
22999,1693226287482,1692254023237,1692254023240,1693226287488,6,3,3
23000,1693226287488,1692254023244,1692254023247,1693226287494,6,3,3
23001,1693226287494,1692254023251,1692254023254,1693226287502,8,3,5
23002,1693226287502,1692254023258,1692254023261,1693226287509,7,3,4
23003,1693226287509,1692254023266,1692254023269,1693226287517,8,3,5
23004,1693226287517,1692254023273,1692254023276,1693226287523,6,3,3
23005,1693226287523,1692254023279,1692254023283,1693226287531,8,4,4
23006,1693226287531,1692254023286,1692254023289,1693226287537,6,3,3
23007,1693226287537,1692254023295,1692254023299,1693226287547,10,4,6
23008,1693226287547,1692254023303,1692254023306,1693226287554,7,3,4
23009,1693226287554,1692254023310,1692254023313,1693226287562,8,3,5
23010,1693226287562,1692254023318,1692254023321,1693226287569,7,3,4
23011,1693226287569,1692254023325,1692254023328,1693226287576,7,3,4
23012,1693226287576,1692254023332,1692254023338,1693226287586,10,6,4
23013,1693226287586,1692254023343,1692254023347,1693226287595,9,4,5
23014,1693226287595,1692254023351,1692254023354,1693226287602,7,3,4
23015,1693226287602,1692254023358,1692254023361,1693226287609,7,3,4
23016,1693226287609,1692254023366,1692254023370,1693226287618,9,4,5
23017,1693226287618,1692254023374,1692254023377,1693226287625,7,3,4
23018,1693226287625,1692254023381,1692254023384,1693226287632,7,3,4
23019,1693226287632,1692254023388,1692254023391,1693226287639,7,3,4
23020,1693226287639,1692254023398,1692254023401,1693226287649,10,3,7
23021,1693226287649,1692254023410,1692254023415,1693226287663,14,5,9
23022,1693226287663,1692254023420,1692254023423,1693226287671,8,3,5
23023,1693226287671,1692254023428,1692254023432,1693226287680,9,4,5
23024,1693226287680,1692254023436,1692254023440,1693226287688,8,4,4
23025,1693226287688,1692254023445,1692254023449,1693226287697,9,4,5
23026,1693226287697,1692254023453,1692254023457,1693226287705,8,4,4
23027,1693226287705,1692254023463,1692254023466,1693226287714,9,3,6
23028,1693226287714,1692254023471,1692254023474,1693226287722,8,3,5
23029,1693226287723,1692254023479,1692254023482,1693226287730,7,3,4
23030,1693226287730,1692254023486,1692254023489,1693226287737,7,3,4
23031,1693226287737,1692254023494,1692254023497,1693226287746,9,3,6
23032,1693226287746,1692254023502,1692254023505,1693226287753,7,3,4
23033,1693226287753,1692254023510,1692254023513,1693226287761,8,3,5
23034,1693226287761,1692254023518,1692254023520,1693226287768,7,2,5
23035,1693226287768,1692254023525,1692254023528,1693226287776,8,3,5
23036,1693226287776,1692254023532,1692254023536,1693226287784,8,4,4
23037,1693226287784,1692254023540,1692254023543,1693226287792,8,3,5
23038,1693226287792,1692254023548,1692254023551,1693226287799,7,3,4
23039,1693226287799,1692254023555,1692254023558,1693226287806,7,3,4
23040,1693226287806,1692254023562,1692254023566,1693226287813,7,4,3
23041,1693226287813,1692254023570,1692254023572,1693226287820,7,2,5
23042,1693226287820,1692254023576,1692254023579,1693226287827,7,3,4
23043,1693226287827,1692254023583,1692254023586,1693226287834,7,3,4
23044,1693226287834,1692254023590,1692254023593,1693226287841,7,3,4
23045,1693226287841,1692254023597,1692254023600,1693226287849,8,3,5
23046,1693226287849,1692254023605,1692254023609,1693226287857,8,4,4
23047,1693226287857,1692254023613,1692254023616,1693226287864,7,3,4
23048,1693226287864,1692254023620,1692254023623,1693226287871,7,3,4
23049,1693226287871,1692254023627,1692254023630,1693226287878,7,3,4
23050,1693226287878,1692254023635,1692254023638,1693226287886,8,3,5
23051,1693226287886,1692254023641,1692254023645,1693226287893,7,4,3
23052,1693226287893,1692254023649,1692254023652,1693226287900,7,3,4
23053,1693226287900,1692254023656,1692254023659,1693226287907,7,3,4
23054,1693226287907,1692254023663,1692254023667,1693226287915,8,4,4
23055,1693226287915,1692254023671,1692254023673,1693226287922,7,2,5
23056,1693226287922,1692254023678,1692254023681,1693226287929,7,3,4
23057,1693226287929,1692254023685,1692254023688,1693226287936,7,3,4
23058,1693226287936,1692254023692,1692254023696,1693226287944,8,4,4
23059,1693226287944,1692254023700,1692254023704,1693226287952,8,4,4
23060,1693226287952,1692254023709,1692254023712,1693226287960,8,3,5
23061,1693226287960,1692254023717,1692254023719,1693226287967,7,2,5
23062,1693226287967,1692254023724,1692254023727,1693226287975,8,3,5
23063,1693226287975,1692254023731,1692254023734,1693226287982,7,3,4
23064,1693226287982,1692254023738,1692254023741,1693226287989,7,3,4
23065,1693226287989,1692254023744,1692254023747,1693226287996,7,3,4
23066,1693226287996,1692254023752,1692254023754,1693226288002,6,2,4
23067,1693226288003,1692254023760,1692254023763,1693226288011,8,3,5
23068,1693226288011,1692254023767,1692254023770,1693226288018,7,3,4
23069,1693226288018,1692254023775,1692254023778,1693226288026,8,3,5
23070,1693226288026,1692254023782,1692254023785,1693226288033,7,3,4
23071,1693226288033,1692254023789,1692254023792,1693226288040,7,3,4
23072,1693226288040,1692254023796,1692254023799,1693226288047,7,3,4
23073,1693226288047,1692254023803,1692254023805,1693226288055,8,2,6
23074,1693226288055,1692254023812,1692254023815,1693226288062,7,3,4
23075,1693226288063,1692254023818,1692254023822,1693226288070,7,4,3
23076,1693226288070,1692254023825,1692254023828,1693226288076,6,3,3
23077,1693226288076,1692254023832,1692254023835,1693226288083,7,3,4
23078,1693226288083,1692254023839,1692254023842,1693226288090,7,3,4
23079,1693226288090,1692254023846,1692254023849,1693226288097,7,3,4
23080,1693226288097,1692254023854,1692254023856,1693226288104,7,2,5
23081,1693226288104,1692254023861,1692254023865,1693226288113,9,4,5
23082,1693226288113,1692254023869,1692254023872,1693226288120,7,3,4
23083,1693226288120,1692254023876,1692254023878,1693226288126,6,2,4
23084,1693226288126,1692254023882,1692254023885,1693226288133,7,3,4
23085,1693226288133,1692254023889,1692254023893,1693226288141,8,4,4
23086,1693226288141,1692254023897,1692254023900,1693226288148,7,3,4
23087,1693226288148,1692254023903,1692254023906,1693226288156,8,3,5
23088,1693226288156,1692254023912,1692254023916,1693226288164,8,4,4
23089,1693226288164,1692254023921,1692254023924,1693226288173,9,3,6
23090,1693226288173,1692254023928,1692254023931,1693226288179,6,3,3
23091,1693226288179,1692254023935,1692254023939,1693226288187,8,4,4
23092,1693226288187,1692254023943,1692254023945,1693226288193,6,2,4
23093,1693226288193,1692254023950,1692254023953,1693226288201,8,3,5
23094,1693226288201,1692254023958,1692254023961,1693226288209,8,3,5
23095,1693226288209,1692254023965,1692254023970,1693226288218,9,5,4
23096,1693226288218,1692254023975,1692254023979,1693226288227,9,4,5
23097,1693226288227,1692254023983,1692254023986,1693226288234,7,3,4
23098,1693226288234,1692254023990,1692254023993,1693226288241,7,3,4
23099,1693226288241,1692254023998,1692254024000,1693226288249,8,2,6
23100,1693226288249,1692254024005,1692254024009,1693226288258,9,4,5
23101,1693226288258,1692254024015,1692254024018,1693226288266,8,3,5
23102,1693226288266,1692254024022,1692254024025,1693226288273,7,3,4
23103,1693226288273,1692254024029,1692254024032,1693226288280,7,3,4
23104,1693226288280,1692254024040,1692254024043,1693226288291,11,3,8
23105,1693226288291,1692254024047,1692254024051,1693226288299,8,4,4
23106,1693226288299,1692254024056,1692254024060,1693226288308,9,4,5
23107,1693226288308,1692254024065,1692254024068,1693226288315,7,3,4
23108,1693226288315,1692254024072,1692254024075,1693226288323,8,3,5
23109,1693226288323,1692254024080,1692254024083,1693226288331,8,3,5
23110,1693226288331,1692254024087,1692254024091,1693226288339,8,4,4
23111,1693226288339,1692254024095,1692254024098,1693226288346,7,3,4
23112,1693226288346,1692254024104,1692254024107,1693226288355,9,3,6
23113,1693226288355,1692254024115,1692254024118,1693226288366,11,3,8
23114,1693226288366,1692254024122,1692254024127,1693226288375,9,5,4
23115,1693226288375,1692254024131,1692254024135,1693226288383,8,4,4
23116,1693226288383,1692254024145,1692254024148,1693226288396,13,3,10
23117,1693226288396,1692254024152,1692254024156,1693226288404,8,4,4
23118,1693226288404,1692254024160,1692254024163,1693226288412,8,3,5
23119,1693226288412,1692254024168,1692254024171,1693226288419,7,3,4
23120,1693226288419,1692254024176,1692254024179,1693226288427,8,3,5
23121,1693226288427,1692254024183,1692254024186,1693226288434,7,3,4
23122,1693226288434,1692254024190,1692254024193,1693226288441,7,3,4
23123,1693226288441,1692254024197,1692254024201,1693226288449,8,4,4
23124,1693226288449,1692254024210,1692254024213,1693226288463,14,3,11
23125,1693226288463,1692254024219,1692254024222,1693226288470,7,3,4
23126,1693226288470,1692254024226,1692254024230,1693226288478,8,4,4
23127,1693226288478,1692254024234,1692254024237,1693226288485,7,3,4
23128,1693226288485,1692254024241,1692254024244,1693226288493,8,3,5
23129,1693226288493,1692254024250,1692254024253,1693226288501,8,3,5
23130,1693226288502,1692254024258,1692254024261,1693226288509,7,3,4
23131,1693226288509,1692254024266,1692254024270,1693226288517,8,4,4
23132,1693226288517,1692254024273,1692254024278,1693226288527,10,5,5
23133,1693226288527,1692254024283,1692254024286,1693226288534,7,3,4
23134,1693226288534,1692254024290,1692254024294,1693226288542,8,4,4
23135,1693226288542,1692254024299,1692254024302,1693226288550,8,3,5
23136,1693226288550,1692254024306,1692254024309,1693226288557,7,3,4
23137,1693226288557,1692254024313,1692254024316,1693226288565,8,3,5
23138,1693226288565,1692254024321,1692254024324,1693226288572,7,3,4
23139,1693226288572,1692254024329,1692254024332,1693226288582,10,3,7
23140,1693226288582,1692254024339,1692254024343,1693226288591,9,4,5
23141,1693226288591,1692254024346,1692254024349,1693226288597,6,3,3
23142,1693226288597,1692254024353,1692254024356,1693226288604,7,3,4
23143,1693226288604,1692254024361,1692254024364,1693226288612,8,3,5
23144,1693226288612,1692254024369,1692254024372,1693226288619,7,3,4
23145,1693226288619,1692254024375,1692254024378,1693226288626,7,3,4
23146,1693226288626,1692254024383,1692254024387,1693226288635,9,4,5
23147,1693226288635,1692254024391,1692254024394,1693226288641,6,3,3
23148,1693226288641,1692254024397,1692254024401,1693226288649,8,4,4
23149,1693226288649,1692254024405,1692254024408,1693226288656,7,3,4
23150,1693226288656,1692254024412,1692254024415,1693226288663,7,3,4
23151,1693226288663,1692254024422,1692254024425,1693226288673,10,3,7
23152,1693226288673,1692254024429,1692254024432,1693226288680,7,3,4
23153,1693226288680,1692254024436,1692254024440,1693226288688,8,4,4
23154,1693226288688,1692254024443,1692254024446,1693226288695,7,3,4
23155,1693226288695,1692254024451,1692254024455,1693226288703,8,4,4
23156,1693226288703,1692254024459,1692254024462,1693226288710,7,3,4
23157,1693226288710,1692254024467,1692254024469,1693226288717,7,2,5
23158,1693226288717,1692254024473,1692254024476,1693226288724,7,3,4
23159,1693226288724,1692254024480,1692254024483,1693226288730,6,3,3
23160,1693226288730,1692254024487,1692254024490,1693226288738,8,3,5
23161,1693226288738,1692254024494,1692254024498,1693226288746,8,4,4
23162,1693226288746,1692254024503,1692254024506,1693226288754,8,3,5
23163,1693226288754,1692254024510,1692254024513,1693226288760,6,3,3
23164,1693226288761,1692254024516,1692254024520,1693226288770,9,4,5
23165,1693226288770,1692254024526,1692254024530,1693226288777,7,4,3
23166,1693226288778,1692254024534,1692254024536,1693226288784,6,2,4
23167,1693226288784,1692254024541,1692254024545,1693226288793,9,4,5
23168,1693226288793,1692254024550,1692254024553,1693226288801,8,3,5
23169,1693226288801,1692254024557,1692254024562,1693226288810,9,5,4
23170,1693226288810,1692254024569,1692254024572,1693226288820,10,3,7
23171,1693226288820,1692254024576,1692254024580,1693226288829,9,4,5
23172,1693226288829,1692254024585,1692254024589,1693226288837,8,4,4
23173,1693226288837,1692254024593,1692254024596,1693226288844,7,3,4
23174,1693226288844,1692254024600,1692254024603,1693226288851,7,3,4
23175,1693226288851,1692254024609,1692254024612,1693226288860,9,3,6
23176,1693226288860,1692254024616,1692254024620,1693226288868,8,4,4
23177,1693226288868,1692254024627,1692254024630,1693226288878,10,3,7
23178,1693226288878,1692254024634,1692254024637,1693226288885,7,3,4
23179,1693226288885,1692254024641,1692254024644,1693226288892,7,3,4
23180,1693226288892,1692254024649,1692254024652,1693226288900,8,3,5
23181,1693226288900,1692254024657,1692254024660,1693226288908,8,3,5
23182,1693226288908,1692254024666,1692254024669,1693226288917,9,3,6
23183,1693226288917,1692254024673,1692254024676,1693226288924,7,3,4
23184,1693226288924,1692254024680,1692254024683,1693226288931,7,3,4
23185,1693226288931,1692254024687,1692254024691,1693226288939,8,4,4
23186,1693226288939,1692254024695,1692254024699,1693226288947,8,4,4
23187,1693226288947,1692254024703,1692254024706,1693226288954,7,3,4
23188,1693226288954,1692254024710,1692254024714,1693226288962,8,4,4
23189,1693226288962,1692254024718,1692254024722,1693226288970,8,4,4
23190,1693226288970,1692254024726,1692254024729,1693226288977,7,3,4
23191,1693226288977,1692254024733,1692254024736,1693226288984,7,3,4
23192,1693226288984,1692254024740,1692254024742,1693226288991,7,2,5
23193,1693226288991,1692254024747,1692254024750,1693226288998,7,3,4
23194,1693226288998,1692254024754,1692254024757,1693226289005,7,3,4
23195,1693226289005,1692254024762,1692254024765,1693226289013,8,3,5
23196,1693226289013,1692254024769,1692254024773,1693226289021,8,4,4
23197,1693226289021,1692254024777,1692254024781,1693226289029,8,4,4
23198,1693226289029,1692254024784,1692254024788,1693226289036,7,4,3
23199,1693226289036,1692254024793,1692254024797,1693226289045,9,4,5
23200,1693226289045,1692254024802,1692254024805,1693226289053,8,3,5
23201,1693226289053,1692254024809,1692254024812,1693226289060,7,3,4
23202,1693226289060,1692254024816,1692254024818,1693226289066,6,2,4
23203,1693226289066,1692254024822,1692254024825,1693226289073,7,3,4
23204,1693226289073,1692254024831,1692254024834,1693226289082,9,3,6
23205,1693226289082,1692254024838,1692254024843,1693226289091,9,5,4
23206,1693226289091,1692254024849,1692254024852,1693226289100,9,3,6
23207,1693226289100,1692254024857,1692254024860,1693226289108,8,3,5
23208,1693226289108,1692254024864,1692254024868,1693226289116,8,4,4
23209,1693226289116,1692254024872,1692254024876,1693226289123,7,4,3
23210,1693226289123,1692254024879,1692254024882,1693226289130,7,3,4
23211,1693226289130,1692254024886,1692254024889,1693226289137,7,3,4
23212,1693226289137,1692254024893,1692254024896,1693226289145,8,3,5
23213,1693226289145,1692254024901,1692254024904,1693226289152,7,3,4
23214,1693226289152,1692254024909,1692254024912,1693226289160,8,3,5
23215,1693226289160,1692254024916,1692254024919,1693226289167,7,3,4
23216,1693226289167,1692254024923,1692254024925,1693226289173,6,2,4
23217,1693226289173,1692254024929,1692254024932,1693226289180,7,3,4
23218,1693226289180,1692254024936,1692254024940,1693226289188,8,4,4
23219,1693226289188,1692254024944,1692254024948,1693226289196,8,4,4
23220,1693226289196,1692254024953,1692254024956,1693226289204,8,3,5
23221,1693226289204,1692254024959,1692254024962,1693226289211,7,3,4
23222,1693226289211,1692254024967,1692254024971,1693226289219,8,4,4
23223,1693226289219,1692254024975,1692254024977,1693226289225,6,2,4
23224,1693226289225,1692254024981,1692254024984,1693226289232,7,3,4
23225,1693226289232,1692254024990,1692254024993,1693226289241,9,3,6
23226,1693226289241,1692254024997,1692254024999,1693226289247,6,2,4
23227,1693226289247,1692254025003,1692254025005,1693226289253,6,2,4
23228,1693226289253,1692254025010,1692254025013,1693226289261,8,3,5
23229,1693226289261,1692254025017,1692254025020,1693226289269,8,3,5
23230,1693226289269,1692254025026,1692254025029,1693226289277,8,3,5
23231,1693226289277,1692254025036,1692254025039,1693226289287,10,3,7
23232,1693226289287,1692254025043,1692254025046,1693226289295,8,3,5
23233,1693226289295,1692254025051,1692254025054,1693226289302,7,3,4
23234,1693226289302,1692254025058,1692254025062,1693226289310,8,4,4
23235,1693226289310,1692254025067,1692254025070,1693226289318,8,3,5
23236,1693226289318,1692254025074,1692254025078,1693226289325,7,4,3
23237,1693226289325,1692254025081,1692254025085,1693226289333,8,4,4
23238,1693226289333,1692254025089,1692254025092,1693226289340,7,3,4
23239,1693226289340,1692254025096,1692254025099,1693226289347,7,3,4
23240,1693226289347,1692254025103,1692254025107,1693226289355,8,4,4
23241,1693226289355,1692254025111,1692254025114,1693226289363,8,3,5
23242,1693226289363,1692254025119,1692254025124,1693226289372,9,5,4
23243,1693226289372,1692254025128,1692254025130,1693226289378,6,2,4
23244,1693226289378,1692254025134,1692254025138,1693226289386,8,4,4
23245,1693226289386,1692254025142,1692254025145,1693226289396,10,3,7
23246,1693226289396,1692254025152,1692254025155,1693226289404,8,3,5
23247,1693226289404,1692254025160,1692254025164,1693226289412,8,4,4
23248,1693226289412,1692254025170,1692254025173,1693226289421,9,3,6
23249,1693226289421,1692254025179,1692254025182,1693226289430,9,3,6
23250,1693226289430,1692254025186,1692254025190,1693226289438,8,4,4
23251,1693226289438,1692254025194,1692254025196,1693226289445,7,2,5
23252,1693226289445,1692254025202,1692254025205,1693226289454,9,3,6
23253,1693226289454,1692254025209,1692254025212,1693226289460,6,3,3
23254,1693226289460,1692254025216,1692254025219,1693226289467,7,3,4
23255,1693226289467,1692254025223,1692254025226,1693226289474,7,3,4
23256,1693226289475,1692254025231,1692254025234,1693226289482,7,3,4
23257,1693226289482,1692254025241,1692254025245,1693226289493,11,4,7
23258,1693226289493,1692254025249,1692254025251,1693226289500,7,2,5
23259,1693226289500,1692254025256,1692254025260,1693226289509,9,4,5
23260,1693226289509,1692254025265,1692254025269,1693226289518,9,4,5
23261,1693226289518,1692254025274,1692254025277,1693226289525,7,3,4
23262,1693226289525,1692254025282,1692254025285,1693226289533,8,3,5
23263,1693226289533,1692254025291,1692254025295,1693226289543,10,4,6
23264,1693226289543,1692254025299,1692254025302,1693226289550,7,3,4
23265,1693226289550,1692254025306,1692254025309,1693226289557,7,3,4
23266,1693226289558,1692254025314,1692254025316,1693226289564,6,2,4
23267,1693226289565,1692254025321,1692254025324,1693226289572,7,3,4
23268,1693226289572,1692254025327,1692254025331,1693226289579,7,4,3
23269,1693226289579,1692254025335,1692254025338,1693226289586,7,3,4
23270,1693226289586,1692254025344,1692254025347,1693226289595,9,3,6
23271,1693226289595,1692254025351,1692254025355,1693226289603,8,4,4
23272,1693226289603,1692254025360,1692254025363,1693226289611,8,3,5
23273,1693226289611,1692254025368,1692254025372,1693226289620,9,4,5
23274,1693226289620,1692254025376,1692254025379,1693226289627,7,3,4
23275,1693226289627,1692254025383,1692254025386,1693226289634,7,3,4
23276,1693226289634,1692254025391,1692254025394,1693226289642,8,3,5
23277,1693226289642,1692254025398,1692254025402,1693226289650,8,4,4
23278,1693226289650,1692254025407,1692254025410,1693226289658,8,3,5
23279,1693226289658,1692254025414,1692254025419,1693226289667,9,5,4
23280,1693226289667,1692254025430,1692254025432,1693226289681,14,2,12
23281,1693226289681,1692254025437,1692254025440,1693226289697,16,3,13
23282,1693226289697,1692254025470,1692254025474,1693226289722,25,4,21
23283,1693226289722,1692254025478,1692254025482,1693226289733,11,4,7
23284,1693226289733,1692254025490,1692254025493,1693226289741,8,3,5
23285,1693226289741,1692254025497,1692254025501,1693226289749,8,4,4
23286,1693226289749,1692254025513,1692254025516,1693226289764,15,3,12
23287,1693226289764,1692254025520,1692254025524,1693226289772,8,4,4
23288,1693226289772,1692254025528,1692254025531,1693226289779,7,3,4
23289,1693226289779,1692254025535,1692254025539,1693226289787,8,4,4
23290,1693226289787,1692254025543,1692254025546,1693226289794,7,3,4
23291,1693226289794,1692254025550,1692254025554,1693226289802,8,4,4
23292,1693226289802,1692254025558,1692254025561,1693226289810,8,3,5
23293,1693226289810,1692254025566,1692254025569,1693226289821,11,3,8
23294,1693226289821,1692254025578,1692254025582,1693226289830,9,4,5
23295,1693226289830,1692254025586,1692254025589,1693226289841,11,3,8
23296,1693226289841,1692254025597,1692254025600,1693226289848,7,3,4
23297,1693226289848,1692254025605,1692254025608,1693226289856,8,3,5
23298,1693226289856,1692254025614,1692254025617,1693226289865,9,3,6
23299,1693226289865,1692254025621,1692254025624,1693226289872,7,3,4
23300,1693226289872,1692254025628,1692254025631,1693226289879,7,3,4
23301,1693226289879,1692254025640,1692254025643,1693226289894,15,3,12
23302,1693226289894,1692254025652,1692254025656,1693226289910,16,4,12
23303,1693226289910,1692254025683,1692254025686,1693226289945,35,3,32
23304,1693226289945,1692254025704,1692254025707,1693226289956,11,3,8
23305,1693226289956,1692254025713,1692254025717,1693226289965,9,4,5
23306,1693226289965,1692254025721,1692254025724,1693226289972,7,3,4
23307,1693226289972,1692254025729,1692254025732,1693226289980,8,3,5
23308,1693226289980,1692254025736,1692254025740,1693226289987,7,4,3
23309,1693226289987,1692254025743,1692254025746,1693226289994,7,3,4
23310,1693226289994,1692254025750,1692254025755,1693226290003,9,5,4
23311,1693226290003,1692254025760,1692254025766,1693226290015,12,6,6
23312,1693226290015,1692254025772,1692254025775,1693226290023,8,3,5
23313,1693226290023,1692254025779,1692254025783,1693226290031,8,4,4
23314,1693226290031,1692254025787,1692254025790,1693226290037,6,3,3
23315,1693226290037,1692254025794,1692254025798,1693226290046,9,4,5
23316,1693226290046,1692254025802,1692254025805,1693226290053,7,3,4
23317,1693226290053,1692254025810,1692254025813,1693226290061,8,3,5
23318,1693226290061,1692254025818,1692254025821,1693226290069,8,3,5
23319,1693226290069,1692254025825,1692254025828,1693226290076,7,3,4
23320,1693226290076,1692254025832,1692254025836,1693226290084,8,4,4
23321,1693226290084,1692254025840,1692254025843,1693226290091,7,3,4
23322,1693226290091,1692254025847,1692254025851,1693226290102,11,4,7
23323,1693226290102,1692254025859,1692254025862,1693226290110,8,3,5
23324,1693226290110,1692254025867,1692254025870,1693226290118,8,3,5
23325,1693226290118,1692254025874,1692254025877,1693226290125,7,3,4
23326,1693226290125,1692254025882,1692254025885,1693226290133,8,3,5
23327,1693226290133,1692254025889,1692254025892,1693226290141,8,3,5
23328,1693226290141,1692254025897,1692254025900,1693226290149,8,3,5
23329,1693226290149,1692254025907,1692254025911,1693226290159,10,4,6
23330,1693226290159,1692254025916,1692254025920,1693226290168,9,4,5
23331,1693226290168,1692254025925,1692254025927,1693226290175,7,2,5
23332,1693226290176,1692254025932,1692254025935,1693226290183,7,3,4
23333,1693226290183,1692254025939,1692254025942,1693226290190,7,3,4
23334,1693226290190,1692254025947,1692254025949,1693226290197,7,2,5
23335,1693226290197,1692254025953,1692254025956,1693226290206,9,3,6
23336,1693226290206,1692254025966,1692254025970,1693226290222,16,4,12
23337,1693226290222,1692254025977,1692254025981,1693226290310,88,4,84
23338,1693226290310,1692254026066,1692254026070,1693226290318,8,4,4
23339,1693226290318,1692254026074,1692254026077,1693226290325,7,3,4
23340,1693226290325,1692254026081,1692254026084,1693226290332,7,3,4
23341,1693226290332,1692254026089,1692254026092,1693226290340,8,3,5
23342,1693226290340,1692254026097,1692254026100,1693226290348,8,3,5
23343,1693226290348,1692254026104,1692254026107,1693226290355,7,3,4
23344,1693226290355,1692254026111,1692254026115,1693226290363,8,4,4
23345,1693226290363,1692254026119,1692254026122,1693226290370,7,3,4
23346,1693226290370,1692254026127,1692254026130,1693226290378,8,3,5
23347,1693226290378,1692254026135,1692254026137,1693226290385,7,2,5
23348,1693226290385,1692254026141,1692254026144,1693226290392,7,3,4
23349,1693226290392,1692254026148,1692254026152,1693226290402,10,4,6
23350,1693226290402,1692254026158,1692254026162,1693226290410,8,4,4
23351,1693226290410,1692254026166,1692254026170,1693226290418,8,4,4
23352,1693226290418,1692254026175,1692254026180,1693226290428,10,5,5
23353,1693226290428,1692254026184,1692254026187,1693226290434,6,3,3
23354,1693226290434,1692254026190,1692254026194,1693226290442,8,4,4
23355,1693226290442,1692254026198,1692254026201,1693226290449,7,3,4
23356,1693226290449,1692254026205,1692254026207,1693226290455,6,2,4
23357,1693226290455,1692254026212,1692254026215,1693226290463,8,3,5
23358,1693226290463,1692254026220,1692254026223,1693226290471,8,3,5
23359,1693226290471,1692254026228,1692254026232,1693226290480,9,4,5
23360,1693226290480,1692254026236,1692254026239,1693226290487,7,3,4
23361,1693226290487,1692254026243,1692254026246,1693226290494,7,3,4
23362,1693226290494,1692254026250,1692254026253,1693226290502,8,3,5
23363,1693226290502,1692254026258,1692254026261,1693226290511,9,3,6
23364,1693226290511,1692254026267,1692254026271,1693226290518,7,4,3
23365,1693226290518,1692254026274,1692254026278,1693226290526,8,4,4
23366,1693226290526,1692254026282,1692254026286,1693226290534,8,4,4
23367,1693226290534,1692254026291,1692254026294,1693226290542,8,3,5
23368,1693226290542,1692254026298,1692254026301,1693226290549,7,3,4
23369,1693226290549,1692254026306,1692254026309,1693226290557,8,3,5
23370,1693226290557,1692254026313,1692254026316,1693226290565,8,3,5
23371,1693226290565,1692254026321,1692254026324,1693226290572,7,3,4
23372,1693226290572,1692254026328,1692254026331,1693226290579,7,3,4
23373,1693226290579,1692254026336,1692254026339,1693226290587,8,3,5
23374,1693226290587,1692254026343,1692254026346,1693226290594,7,3,4
23375,1693226290594,1692254026350,1692254026353,1693226290601,7,3,4
23376,1693226290601,1692254026357,1692254026360,1693226290608,7,3,4
23377,1693226290608,1692254026367,1692254026370,1693226290618,10,3,7
23378,1693226290618,1692254026374,1692254026377,1693226290626,8,3,5
23379,1693226290626,1692254026382,1692254026386,1693226290633,7,4,3
23380,1693226290633,1692254026389,1692254026393,1693226290641,8,4,4
23381,1693226290641,1692254026397,1692254026401,1693226290649,8,4,4
23382,1693226290649,1692254026405,1692254026408,1693226290656,7,3,4
23383,1693226290656,1692254026412,1692254026416,1693226290665,9,4,5
23384,1693226290665,1692254026421,1692254026424,1693226290672,7,3,4
23385,1693226290672,1692254026428,1692254026432,1693226290679,7,4,3
23386,1693226290679,1692254026435,1692254026439,1693226290687,8,4,4
23387,1693226290687,1692254026443,1692254026447,1693226290695,8,4,4
23388,1693226290695,1692254026452,1692254026455,1693226290703,8,3,5
23389,1693226290703,1692254026459,1692254026464,1693226290712,9,5,4
23390,1693226290712,1692254026470,1692254026473,1693226290721,9,3,6
23391,1693226290721,1692254026478,1692254026482,1693226290730,9,4,5
23392,1693226290730,1692254026485,1692254026489,1693226290737,7,4,3
23393,1693226290737,1692254026492,1692254026495,1693226290743,6,3,3
23394,1693226290743,1692254026499,1692254026505,1693226290753,10,6,4
23395,1693226290753,1692254026509,1692254026513,1693226290762,9,4,5
23396,1693226290762,1692254026517,1692254026520,1693226290768,6,3,3
23397,1693226290768,1692254026524,1692254026527,1693226290775,7,3,4
23398,1693226290775,1692254026537,1692254026541,1693226290789,14,4,10
23399,1693226290789,1692254026545,1692254026548,1693226290796,7,3,4
23400,1693226290796,1692254026553,1692254026557,1693226290804,8,4,4
23401,1693226290804,1692254026561,1692254026565,1693226290812,8,4,4
23402,1693226290812,1692254026569,1692254026572,1693226290820,8,3,5
23403,1693226290820,1692254026576,1692254026579,1693226290826,6,3,3
23404,1693226290826,1692254026583,1692254026586,1693226290833,7,3,4
23405,1693226290833,1692254026590,1692254026593,1693226290841,8,3,5
23406,1693226290841,1692254026598,1692254026601,1693226290849,8,3,5
23407,1693226290849,1692254026606,1692254026609,1693226290857,8,3,5
23408,1693226290857,1692254026615,1692254026618,1693226290866,9,3,6
23409,1693226290866,1692254026623,1692254026626,1693226290874,8,3,5
23410,1693226290874,1692254026630,1692254026634,1693226290882,8,4,4
23411,1693226290882,1692254026638,1692254026641,1693226290889,7,3,4
23412,1693226290889,1692254026645,1692254026648,1693226290897,8,3,5
23413,1693226290897,1692254026653,1692254026656,1693226290905,8,3,5
23414,1693226290905,1692254026661,1692254026665,1693226290913,8,4,4
23415,1693226290913,1692254026669,1692254026672,1693226290920,7,3,4
23416,1693226290920,1692254026677,1692254026681,1693226290929,9,4,5
23417,1693226290929,1692254026685,1692254026689,1693226290937,8,4,4
23418,1693226290937,1692254026693,1692254026696,1693226290944,7,3,4
23419,1693226290944,1692254026700,1692254026703,1693226290952,8,3,5
23420,1693226290952,1692254026712,1692254026715,1693226290963,11,3,8
23421,1693226290963,1692254026719,1692254026722,1693226290970,7,3,4
23422,1693226290970,1692254026734,1692254026737,1693226290985,15,3,12
23423,1693226290985,1692254026741,1692254026745,1693226290993,8,4,4
23424,1693226290993,1692254026749,1692254026752,1693226291000,7,3,4
23425,1693226291000,1692254026756,1692254026761,1693226291009,9,5,4
23426,1693226291009,1692254026765,1692254026769,1693226291017,8,4,4
23427,1693226291017,1692254026773,1692254026776,1693226291024,7,3,4
23428,1693226291024,1692254026780,1692254026784,1693226291032,8,4,4
23429,1693226291032,1692254026788,1692254026791,1693226291039,7,3,4
23430,1693226291039,1692254026795,1692254026798,1693226291046,7,3,4
23431,1693226291046,1692254026802,1692254026805,1693226291053,7,3,4
23432,1693226291054,1692254026810,1692254026813,1693226291061,7,3,4
23433,1693226291061,1692254026818,1692254026821,1693226291068,7,3,4
23434,1693226291068,1692254026825,1692254026828,1693226291076,8,3,5
23435,1693226291076,1692254026832,1692254026835,1693226291083,7,3,4
23436,1693226291083,1692254026839,1692254026842,1693226291090,7,3,4
23437,1693226291090,1692254026846,1692254026850,1693226291098,8,4,4
23438,1693226291098,1692254026854,1692254026857,1693226291105,7,3,4
23439,1693226291105,1692254026861,1692254026865,1693226291114,9,4,5
23440,1693226291114,1692254026870,1692254026873,1693226291121,7,3,4
23441,1693226291121,1692254026879,1692254026883,1693226291130,9,4,5
23442,1693226291130,1692254026887,1692254026890,1693226291138,8,3,5
23443,1693226291138,1692254026894,1692254026897,1693226291145,7,3,4
23444,1693226291145,1692254026902,1692254026905,1693226291153,8,3,5
23445,1693226291153,1692254026910,1692254026913,1693226291161,8,3,5
23446,1693226291161,1692254026918,1692254026921,1693226291169,8,3,5
23447,1693226291169,1692254026925,1692254026928,1693226291176,7,3,4
23448,1693226291176,1692254026932,1692254026935,1693226291183,7,3,4
23449,1693226291183,1692254026939,1692254026942,1693226291190,7,3,4
23450,1693226291190,1692254026947,1692254026950,1693226291199,9,3,6
23451,1693226291199,1692254026955,1692254026958,1693226291206,7,3,4
23452,1693226291206,1692254026962,1692254026964,1693226291212,6,2,4
23453,1693226291213,1692254026969,1692254026973,1693226291221,8,4,4
23454,1693226291221,1692254026977,1692254026981,1693226291228,7,4,3
23455,1693226291228,1692254026984,1692254026988,1693226291236,8,4,4
23456,1693226291236,1692254026992,1692254026995,1693226291243,7,3,4
23457,1693226291243,1692254027000,1692254027003,1693226291251,8,3,5
23458,1693226291251,1692254027007,1692254027010,1693226291258,7,3,4
23459,1693226291259,1692254027016,1692254027019,1693226291268,9,3,6
23460,1693226291268,1692254027024,1692254027027,1693226291276,8,3,5
23461,1693226291276,1692254027032,1692254027035,1693226291283,7,3,4
23462,1693226291283,1692254027040,1692254027045,1693226291293,10,5,5
23463,1693226291293,1692254027049,1692254027053,1693226291301,8,4,4
23464,1693226291301,1692254027058,1692254027061,1693226291309,8,3,5
23465,1693226291309,1692254027065,1692254027068,1693226291317,8,3,5
23466,1693226291317,1692254027073,1692254027077,1693226291324,7,4,3
23467,1693226291324,1692254027080,1692254027083,1693226291331,7,3,4
23468,1693226291331,1692254027087,1692254027090,1693226291338,7,3,4
23469,1693226291338,1692254027094,1692254027096,1693226291345,7,2,5
23470,1693226291345,1692254027102,1692254027105,1693226291353,8,3,5
23471,1693226291353,1692254027110,1692254027112,1693226291362,9,2,7
23472,1693226291362,1692254027119,1692254027122,1693226291370,8,3,5
23473,1693226291370,1692254027127,1692254027131,1693226291379,9,4,5
23474,1693226291379,1692254027135,1692254027139,1693226291387,8,4,4
23475,1693226291387,1692254027145,1692254027148,1693226291397,10,3,7
23476,1693226291397,1692254027162,1692254027165,1693226291413,16,3,13
23477,1693226291413,1692254027170,1692254027173,1693226291421,8,3,5
23478,1693226291421,1692254027178,1692254027181,1693226291429,8,3,5
23479,1693226291429,1692254027187,1692254027190,1693226291437,8,3,5
23480,1693226291437,1692254027193,1692254027197,1693226291446,9,4,5
23481,1693226291446,1692254027202,1692254027206,1693226291454,8,4,4
23482,1693226291454,1692254027210,1692254027213,1693226291461,7,3,4
23483,1693226291461,1692254027218,1692254027221,1693226291469,8,3,5
23484,1693226291469,1692254027225,1692254027229,1693226291477,8,4,4
23485,1693226291477,1692254027233,1692254027236,1693226291484,7,3,4
23486,1693226291484,1692254027241,1692254027244,1693226291492,8,3,5
23487,1693226291492,1692254027248,1692254027252,1693226291500,8,4,4
23488,1693226291500,1692254027256,1692254027260,1693226291508,8,4,4
23489,1693226291508,1692254027264,1692254027268,1693226291516,8,4,4
23490,1693226291516,1692254027272,1692254027275,1693226291523,7,3,4
23491,1693226291523,1692254027279,1692254027282,1693226291530,7,3,4
23492,1693226291530,1692254027286,1692254027289,1693226291537,7,3,4
23493,1693226291537,1692254027293,1692254027296,1693226291544,7,3,4
23494,1693226291544,1692254027300,1692254027303,1693226291551,7,3,4
23495,1693226291552,1692254027308,1692254027311,1693226291559,7,3,4
23496,1693226291559,1692254027316,1692254027319,1693226291567,8,3,5
23497,1693226291567,1692254027324,1692254027327,1693226291575,8,3,5
23498,1693226291575,1692254027331,1692254027334,1693226291582,7,3,4
23499,1693226291582,1692254027338,1692254027342,1693226291590,8,4,4
23500,1693226291590,1692254027346,1692254027349,1693226291597,7,3,4
23501,1693226291597,1692254027354,1692254027357,1693226291606,9,3,6
23502,1693226291606,1692254027362,1692254027365,1693226291613,7,3,4
23503,1693226291613,1692254027369,1692254027372,1693226291620,7,3,4
23504,1693226291620,1692254027376,1692254027379,1693226291627,7,3,4
23505,1693226291627,1692254027383,1692254027386,1693226291634,7,3,4
23506,1693226291634,1692254027392,1692254027395,1693226291643,9,3,6
23507,1693226291643,1692254027400,1692254027403,1693226291651,8,3,5
23508,1693226291651,1692254027407,1692254027411,1693226291658,7,4,3
23509,1693226291658,1692254027416,1692254027419,1693226291667,9,3,6
23510,1693226291667,1692254027423,1692254027426,1693226291674,7,3,4
23511,1693226291674,1692254027430,1692254027434,1693226291681,7,4,3
23512,1693226291682,1692254027438,1692254027441,1693226291689,7,3,4
23513,1693226291689,1692254027444,1692254027448,1693226291696,7,4,3
23514,1693226291696,1692254027452,1692254027456,1693226291704,8,4,4
23515,1693226291704,1692254027461,1692254027464,1693226291712,8,3,5
23516,1693226291712,1692254027469,1692254027473,1693226291721,9,4,5
23517,1693226291721,1692254027477,1692254027480,1693226291729,8,3,5
23518,1693226291729,1692254027485,1692254027488,1693226291736,7,3,4
23519,1693226291736,1692254027494,1692254027498,1693226291746,10,4,6
23520,1693226291746,1692254027502,1692254027506,1693226291754,8,4,4
23521,1693226291754,1692254027511,1692254027514,1693226291763,9,3,6
23522,1693226291763,1692254027519,1692254027522,1693226291770,7,3,4
23523,1693226291770,1692254027526,1692254027529,1693226291777,7,3,4
23524,1693226291777,1692254027533,1692254027536,1693226291784,7,3,4
23525,1693226291784,1692254027540,1692254027543,1693226291791,7,3,4
23526,1693226291791,1692254027548,1692254027551,1693226291799,8,3,5
23527,1693226291799,1692254027555,1692254027557,1693226291805,6,2,4
23528,1693226291805,1692254027562,1692254027565,1693226291813,8,3,5
23529,1693226291813,1692254027570,1692254027573,1693226291821,8,3,5
23530,1693226291821,1692254027578,1692254027581,1693226291829,8,3,5
23531,1693226291829,1692254027585,1692254027589,1693226291837,8,4,4
23532,1693226291837,1692254027593,1692254027596,1693226291845,8,3,5
23533,1693226291845,1692254027602,1692254027605,1693226291853,8,3,5
23534,1693226291853,1692254027610,1692254027613,1693226291861,8,3,5
23535,1693226291861,1692254027617,1692254027620,1693226291868,7,3,4
23536,1693226291868,1692254027624,1692254027629,1693226291877,9,5,4
23537,1693226291877,1692254027634,1692254027637,1693226291885,8,3,5
23538,1693226291885,1692254027641,1692254027644,1693226291892,7,3,4
23539,1693226291892,1692254027649,1692254027652,1693226291899,7,3,4
23540,1693226291899,1692254027656,1692254027658,1693226291906,7,2,5
23541,1693226291906,1692254027663,1692254027667,1693226291915,9,4,5
23542,1693226291915,1692254027671,1692254027673,1693226291921,6,2,4
23543,1693226291921,1692254027678,1692254027681,1693226291929,8,3,5
23544,1693226291929,1692254027686,1692254027689,1693226291937,8,3,5
23545,1693226291937,1692254027694,1692254027697,1693226291945,8,3,5
23546,1693226291945,1692254027701,1692254027704,1693226291952,7,3,4
23547,1693226291952,1692254027708,1692254027711,1693226291961,9,3,6
23548,1693226291961,1692254027717,1692254027721,1693226291969,8,4,4
23549,1693226291969,1692254027726,1692254027728,1693226291976,7,2,5
23550,1693226291976,1692254027733,1692254027737,1693226291985,9,4,5
23551,1693226291985,1692254027741,1692254027744,1693226291993,8,3,5
23552,1693226291993,1692254027749,1692254027753,1693226292001,8,4,4
23553,1693226292001,1692254027757,1692254027761,1693226292010,9,4,5
23554,1693226292010,1692254027766,1692254027769,1693226292017,7,3,4
23555,1693226292017,1692254027773,1692254027776,1693226292024,7,3,4
23556,1693226292024,1692254027784,1692254027788,1693226292036,12,4,8
23557,1693226292036,1692254027793,1692254027795,1693226292044,8,2,6
23558,1693226292044,1692254027802,1692254027805,1693226292054,10,3,7
23559,1693226292054,1692254027810,1692254027814,1693226292062,8,4,4
23560,1693226292062,1692254027819,1692254027823,1693226292071,9,4,5
23561,1693226292071,1692254027827,1692254027830,1693226292078,7,3,4
23562,1693226292078,1692254027834,1692254027837,1693226292085,7,3,4
23563,1693226292085,1692254027841,1692254027844,1693226292092,7,3,4
23564,1693226292092,1692254027849,1692254027852,1693226292100,8,3,5
23565,1693226292100,1692254027857,1692254027860,1693226292108,8,3,5
23566,1693226292108,1692254027864,1692254027868,1693226292116,8,4,4
23567,1693226292116,1692254027872,1692254027876,1693226292124,8,4,4
23568,1693226292124,1692254027881,1692254027884,1693226292132,8,3,5
23569,1693226292132,1692254027889,1692254027892,1693226292140,8,3,5
23570,1693226292140,1692254027897,1692254027901,1693226292150,10,4,6
23571,1693226292150,1692254027906,1692254027909,1693226292157,7,3,4
23572,1693226292157,1692254027915,1692254027918,1693226292166,9,3,6
23573,1693226292166,1692254027922,1692254027926,1693226292174,8,4,4
23574,1693226292175,1692254027931,1692254027934,1693226292182,7,3,4
23575,1693226292182,1692254027938,1692254027941,1693226292189,7,3,4
23576,1693226292189,1692254027945,1692254027949,1693226292197,8,4,4
23577,1693226292197,1692254027953,1692254027956,1693226292205,8,3,5
23578,1693226292205,1692254027961,1692254027964,1693226292212,7,3,4
23579,1693226292212,1692254027969,1692254027973,1693226292221,9,4,5
23580,1693226292221,1692254027978,1692254027981,1693226292228,7,3,4
23581,1693226292228,1692254027993,1692254027997,1693226292245,17,4,13
23582,1693226292245,1692254028002,1692254028004,1693226292252,7,2,5
23583,1693226292252,1692254028014,1692254028018,1693226292267,15,4,11
23584,1693226292267,1692254028023,1692254028027,1693226292275,8,4,4
23585,1693226292275,1692254028031,1692254028034,1693226292283,8,3,5
23586,1693226292283,1692254028039,1692254028042,1693226292290,7,3,4
23587,1693226292290,1692254028047,1692254028051,1693226292299,9,4,5
23588,1693226292299,1692254028055,1692254028058,1693226292306,7,3,4
23589,1693226292306,1692254028063,1692254028066,1693226292314,8,3,5
23590,1693226292314,1692254028070,1692254028073,1693226292321,7,3,4
23591,1693226292321,1692254028077,1692254028081,1693226292329,8,4,4
23592,1693226292329,1692254028085,1692254028088,1693226292336,7,3,4
23593,1693226292336,1692254028093,1692254028096,1693226292344,8,3,5
23594,1693226292344,1692254028100,1692254028104,1693226292354,10,4,6
23595,1693226292354,1692254028110,1692254028113,1693226292362,8,3,5
23596,1693226292362,1692254028119,1692254028122,1693226292371,9,3,6
23597,1693226292371,1692254028127,1692254028131,1693226292379,8,4,4
23598,1693226292379,1692254028135,1692254028138,1693226292386,7,3,4
23599,1693226292386,1692254028142,1692254028145,1693226292393,7,3,4
23600,1693226292393,1692254028149,1692254028152,1693226292400,7,3,4
23601,1693226292400,1692254028157,1692254028161,1693226292414,14,4,10
23602,1693226292414,1692254028171,1692254028175,1693226292423,9,4,5
23603,1693226292423,1692254028179,1692254028182,1693226292430,7,3,4
23604,1693226292430,1692254028187,1692254028190,1693226292438,8,3,5
23605,1693226292438,1692254028194,1692254028197,1693226292445,7,3,4
23606,1693226292446,1692254028202,1692254028205,1693226292453,7,3,4
23607,1693226292453,1692254028211,1692254028215,1693226292463,10,4,6
23608,1693226292463,1692254028219,1692254028223,1693226292471,8,4,4
23609,1693226292471,1692254028227,1692254028231,1693226292479,8,4,4
23610,1693226292479,1692254028235,1692254028239,1693226292488,9,4,5
23611,1693226292488,1692254028244,1692254028247,1693226292499,11,3,8
23612,1693226292499,1692254028256,1692254028259,1693226292507,8,3,5
23613,1693226292507,1692254028264,1692254028267,1693226292519,12,3,9
23614,1693226292519,1692254028276,1692254028279,1693226292527,8,3,5
23615,1693226292527,1692254028283,1692254028286,1693226292535,8,3,5
23616,1693226292535,1692254028291,1692254028294,1693226292555,20,3,17
23617,1693226292555,1692254028311,1692254028314,1693226292562,7,3,4
23618,1693226292562,1692254028320,1692254028324,1693226292572,10,4,6
23619,1693226292572,1692254028329,1692254028332,1693226292580,8,3,5
23620,1693226292580,1692254028336,1692254028340,1693226292588,8,4,4
23621,1693226292588,1692254028345,1692254028348,1693226292596,8,3,5
23622,1693226292596,1692254028353,1692254028356,1693226292604,8,3,5
23623,1693226292604,1692254028361,1692254028364,1693226292612,8,3,5
23624,1693226292612,1692254028368,1692254028371,1693226292619,7,3,4
23625,1693226292620,1692254028376,1692254028379,1693226292627,7,3,4
23626,1693226292627,1692254028383,1692254028386,1693226292634,7,3,4
23627,1693226292634,1692254028390,1692254028393,1693226292641,7,3,4
23628,1693226292641,1692254028397,1692254028401,1693226292649,8,4,4
23629,1693226292649,1692254028405,1692254028408,1693226292656,7,3,4
23630,1693226292656,1692254028412,1692254028417,1693226292665,9,5,4
23631,1693226292665,1692254028421,1692254028424,1693226292672,7,3,4
23632,1693226292672,1692254028428,1692254028432,1693226292680,8,4,4
23633,1693226292680,1692254028436,1692254028438,1693226292686,6,2,4
23634,1693226292686,1692254028447,1692254028450,1693226292698,12,3,9
23635,1693226292698,1692254028454,1692254028457,1693226292711,13,3,10
23636,1693226292711,1692254028484,1692254028487,1693226292735,24,3,21
23637,1693226292735,1692254028491,1692254028495,1693226292743,8,4,4
23638,1693226292743,1692254028499,1692254028502,1693226292751,8,3,5
23639,1693226292751,1692254028508,1692254028511,1693226292760,9,3,6
23640,1693226292760,1692254028518,1692254028521,1693226292769,9,3,6
23641,1693226292769,1692254028525,1692254028528,1693226292776,7,3,4
23642,1693226292776,1692254028532,1692254028535,1693226292783,7,3,4
23643,1693226292783,1692254028539,1692254028542,1693226292789,6,3,3
23644,1693226292789,1692254028545,1692254028548,1693226292797,8,3,5
23645,1693226292797,1692254028553,1692254028557,1693226292805,8,4,4
23646,1693226292805,1692254028562,1692254028567,1693226292815,10,5,5
23647,1693226292815,1692254028571,1692254028574,1693226292822,7,3,4
23648,1693226292822,1692254028579,1692254028582,1693226292829,7,3,4
23649,1693226292830,1692254028586,1692254028590,1693226292838,8,4,4
23650,1693226292838,1692254028594,1692254028598,1693226292846,8,4,4
23651,1693226292846,1692254028602,1692254028606,1693226292854,8,4,4
23652,1693226292854,1692254028610,1692254028612,1693226292860,6,2,4
23653,1693226292860,1692254028616,1692254028619,1693226292867,7,3,4
23654,1693226292868,1692254028624,1692254028627,1693226292875,7,3,4
23655,1693226292875,1692254028632,1692254028635,1693226292883,8,3,5
23656,1693226292883,1692254028639,1692254028641,1693226292889,6,2,4
23657,1693226292889,1692254028645,1692254028648,1693226292897,8,3,5
23658,1693226292897,1692254028653,1692254028657,1693226292905,8,4,4
23659,1693226292905,1692254028661,1692254028664,1693226292912,7,3,4
23660,1693226292912,1692254028668,1692254028672,1693226292920,8,4,4
23661,1693226292920,1692254028676,1692254028679,1693226292927,7,3,4
23662,1693226292927,1692254028685,1692254028689,1693226292936,9,4,5
23663,1693226292936,1692254028692,1692254028696,1693226292944,8,4,4
23664,1693226292944,1692254028701,1692254028704,1693226292952,8,3,5
23665,1693226292952,1692254028709,1692254028713,1693226292961,9,4,5
23666,1693226292961,1692254028717,1692254028721,1693226292969,8,4,4
23667,1693226292969,1692254028725,1692254028728,1693226292976,7,3,4
23668,1693226292976,1692254028732,1692254028736,1693226292985,9,4,5
23669,1693226292985,1692254028741,1692254028745,1693226292993,8,4,4
23670,1693226292993,1692254028750,1692254028752,1693226293001,8,2,6
23671,1693226293001,1692254028757,1692254028761,1693226293009,8,4,4
23672,1693226293009,1692254028766,1692254028769,1693226293017,8,3,5
23673,1693226293017,1692254028773,1692254028776,1693226293024,7,3,4
23674,1693226293024,1692254028780,1692254028784,1693226293032,8,4,4
23675,1693226293032,1692254028789,1692254028792,1693226293040,8,3,5
23676,1693226293040,1692254028796,1692254028799,1693226293047,7,3,4
23677,1693226293047,1692254028803,1692254028806,1693226293054,7,3,4
23678,1693226293054,1692254028811,1692254028814,1693226293062,8,3,5
23679,1693226293062,1692254028818,1692254028822,1693226293071,9,4,5
23680,1693226293071,1692254028827,1692254028831,1693226293079,8,4,4
23681,1693226293079,1692254028835,1692254028839,1693226293086,7,4,3
23682,1693226293086,1692254028842,1692254028845,1693226293093,7,3,4
23683,1693226293093,1692254028849,1692254028854,1693226293102,9,5,4
23684,1693226293102,1692254028858,1692254028861,1693226293110,8,3,5
23685,1693226293110,1692254028867,1692254028870,1693226293118,8,3,5
23686,1693226293118,1692254028874,1692254028876,1693226293124,6,2,4
23687,1693226293124,1692254028880,1692254028883,1693226293131,7,3,4
23688,1693226293131,1692254028887,1692254028891,1693226293139,8,4,4
23689,1693226293139,1692254028895,1692254028898,1693226293146,7,3,4
23690,1693226293146,1692254028902,1692254028905,1693226293154,8,3,5
23691,1693226293154,1692254028910,1692254028913,1693226293162,8,3,5
23692,1693226293162,1692254028918,1692254028921,1693226293169,7,3,4
23693,1693226293169,1692254028928,1692254028932,1693226293180,11,4,7
23694,1693226293180,1692254028936,1692254028939,1693226293187,7,3,4
23695,1693226293187,1692254028944,1692254028948,1693226293196,9,4,5
23696,1693226293196,1692254028952,1692254028955,1693226293203,7,3,4
23697,1693226293203,1692254028960,1692254028963,1693226293211,8,3,5
23698,1693226293211,1692254028968,1692254028971,1693226293219,8,3,5
23699,1693226293219,1692254028976,1692254028979,1693226293227,8,3,5
23700,1693226293227,1692254028983,1692254028986,1693226293234,7,3,4
23701,1693226293234,1692254028992,1692254028995,1693226293243,9,3,6
23702,1693226293243,1692254028999,1692254029003,1693226293251,8,4,4
23703,1693226293251,1692254029008,1692254029011,1693226293260,9,3,6
23704,1693226293260,1692254029016,1692254029019,1693226293267,7,3,4
23705,1693226293267,1692254029023,1692254029025,1693226293275,8,2,6
23706,1693226293275,1692254029032,1692254029035,1693226293283,8,3,5
23707,1693226293283,1692254029040,1692254029043,1693226293291,8,3,5
23708,1693226293291,1692254029047,1692254029050,1693226293299,8,3,5
23709,1693226293299,1692254029055,1692254029058,1693226293306,7,3,4
23710,1693226293306,1692254029063,1692254029066,1693226293314,8,3,5
23711,1693226293314,1692254029070,1692254029074,1693226293322,8,4,4
23712,1693226293322,1692254029078,1692254029081,1693226293330,8,3,5
23713,1693226293330,1692254029088,1692254029091,1693226293339,9,3,6
23714,1693226293339,1692254029095,1692254029099,1693226293346,7,4,3
23715,1693226293346,1692254029103,1692254029107,1693226293356,10,4,6
23716,1693226293356,1692254029113,1692254029117,1693226293365,9,4,5
23717,1693226293365,1692254029121,1692254029124,1693226293372,7,3,4
23718,1693226293372,1692254029128,1692254029131,1693226293378,6,3,3
23719,1693226293378,1692254029135,1692254029138,1693226293385,7,3,4
23720,1693226293385,1692254029142,1692254029146,1693226293395,10,4,6
23721,1693226293395,1692254029151,1692254029155,1693226293403,8,4,4
23722,1693226293403,1692254029159,1692254029162,1693226293410,7,3,4
23723,1693226293410,1692254029166,1692254029169,1693226293419,9,3,6
23724,1693226293419,1692254029176,1692254029179,1693226293427,8,3,5
23725,1693226293427,1692254029183,1692254029186,1693226293434,7,3,4
23726,1693226293434,1692254029190,1692254029192,1693226293441,7,2,5
23727,1693226293441,1692254029197,1692254029201,1693226293449,8,4,4
23728,1693226293449,1692254029205,1692254029208,1693226293456,7,3,4
23729,1693226293456,1692254029213,1692254029216,1693226293464,8,3,5
23730,1693226293464,1692254029220,1692254029223,1693226293471,7,3,4
23731,1693226293471,1692254029227,1692254029231,1693226293480,9,4,5
23732,1693226293480,1692254029236,1692254029242,1693226293490,10,6,4
23733,1693226293490,1692254029246,1692254029249,1693226293497,7,3,4
23734,1693226293497,1692254029254,1692254029257,1693226293505,8,3,5
23735,1693226293505,1692254029261,1692254029265,1693226293513,8,4,4
23736,1693226293513,1692254029272,1692254029276,1693226293524,11,4,7
23737,1693226293524,1692254029280,1692254029283,1693226293531,7,3,4
23738,1693226293531,1692254029287,1692254029291,1693226293539,8,4,4
23739,1693226293539,1692254029301,1692254029305,1693226293553,14,4,10
23740,1693226293553,1692254029310,1692254029313,1693226293561,8,3,5
23741,1693226293561,1692254029318,1692254029321,1693226293569,8,3,5
23742,1693226293569,1692254029325,1692254029328,1693226293576,7,3,4
23743,1693226293576,1692254029333,1692254029336,1693226293584,8,3,5
23744,1693226293584,1692254029340,1692254029343,1693226293591,7,3,4
23745,1693226293591,1692254029347,1692254029350,1693226293598,7,3,4
23746,1693226293598,1692254029355,1692254029358,1693226293606,8,3,5
23747,1693226293606,1692254029362,1692254029366,1693226293615,9,4,5
23748,1693226293615,1692254029371,1692254029374,1693226293622,7,3,4
23749,1693226293622,1692254029379,1692254029382,1693226293630,8,3,5
23750,1693226293630,1692254029386,1692254029389,1693226293637,7,3,4
23751,1693226293637,1692254029393,1692254029396,1693226293644,7,3,4
23752,1693226293644,1692254029400,1692254029404,1693226293651,7,4,3
23753,1693226293651,1692254029407,1692254029411,1693226293659,8,4,4
23754,1693226293659,1692254029416,1692254029419,1693226293667,8,3,5
23755,1693226293667,1692254029423,1692254029425,1693226293673,6,2,4
23756,1693226293673,1692254029430,1692254029434,1693226293682,9,4,5
23757,1693226293682,1692254029440,1692254029443,1693226293691,9,3,6
23758,1693226293691,1692254029447,1692254029451,1693226293699,8,4,4
23759,1693226293699,1692254029456,1692254029459,1693226293707,8,3,5
23760,1693226293707,1692254029463,1692254029466,1693226293714,7,3,4
23761,1693226293714,1692254029470,1692254029473,1693226293721,7,3,4
23762,1693226293721,1692254029477,1692254029480,1693226293728,7,3,4
23763,1693226293728,1692254029484,1692254029487,1693226293735,7,3,4
23764,1693226293735,1692254029491,1692254029494,1693226293743,8,3,5
23765,1693226293743,1692254029499,1692254029502,1693226293750,7,3,4
23766,1693226293750,1692254029506,1692254029510,1693226293758,8,4,4
23767,1693226293758,1692254029514,1692254029517,1693226293765,7,3,4
23768,1693226293765,1692254029521,1692254029524,1693226293771,6,3,3
23769,1693226293771,1692254029527,1692254029530,1693226293778,7,3,4
23770,1693226293778,1692254029535,1692254029539,1693226293787,9,4,5
23771,1693226293787,1692254029543,1692254029547,1693226293794,7,4,3
23772,1693226293794,1692254029551,1692254029554,1693226293802,8,3,5
23773,1693226293802,1692254029558,1692254029561,1693226293809,7,3,4
23774,1693226293809,1692254029566,1692254029570,1693226293818,9,4,5
23775,1693226293818,1692254029574,1692254029577,1693226293824,6,3,3
23776,1693226293825,1692254029580,1692254029584,1693226293832,7,4,3
23777,1693226293832,1692254029588,1692254029591,1693226293839,7,3,4
23778,1693226293839,1692254029595,1692254029599,1693226293847,8,4,4
23779,1693226293847,1692254029604,1692254029606,1693226293855,8,2,6
23780,1693226293855,1692254029612,1692254029616,1693226293864,9,4,5
23781,1693226293864,1692254029621,1692254029624,1693226293872,8,3,5
23782,1693226293872,1692254029628,1692254029631,1693226293879,7,3,4
23783,1693226293879,1692254029635,1692254029638,1693226293886,7,3,4
23784,1693226293886,1692254029644,1692254029647,1693226293895,9,3,6
23785,1693226293895,1692254029652,1692254029655,1693226293903,8,3,5
23786,1693226293903,1692254029662,1692254029665,1693226293913,10,3,7
23787,1693226293913,1692254029670,1692254029673,1693226293921,8,3,5
23788,1693226293921,1692254029677,1692254029680,1693226293928,7,3,4
23789,1693226293928,1692254029685,1692254029689,1693226293937,9,4,5
23790,1693226293937,1692254029693,1692254029697,1693226293945,8,4,4
23791,1693226293945,1692254029701,1692254029704,1693226293952,7,3,4
23792,1693226293952,1692254029709,1692254029712,1693226293960,8,3,5
23793,1693226293960,1692254029716,1692254029720,1693226293968,8,4,4
23794,1693226293968,1692254029724,1692254029728,1693226293976,8,4,4
23795,1693226293976,1692254029732,1692254029736,1693226293983,7,4,3
23796,1693226293984,1692254029739,1692254029743,1693226293993,9,4,5
23797,1693226293993,1692254029749,1692254029753,1693226294000,7,4,3
23798,1693226294000,1692254029757,1692254029760,1693226294008,8,3,5
23799,1693226294008,1692254029764,1692254029767,1693226294015,7,3,4
23800,1693226294015,1692254029771,1692254029774,1693226294022,7,3,4
23801,1693226294022,1692254029778,1692254029782,1693226294030,8,4,4
23802,1693226294030,1692254029786,1692254029789,1693226294036,6,3,3
23803,1693226294036,1692254029793,1692254029796,1693226294044,8,3,5
23804,1693226294044,1692254029800,1692254029803,1693226294050,6,3,3
23805,1693226294050,1692254029807,1692254029810,1693226294058,8,3,5
23806,1693226294058,1692254029814,1692254029818,1693226294066,8,4,4
23807,1693226294066,1692254029822,1692254029825,1693226294073,7,3,4
23808,1693226294073,1692254029829,1692254029833,1693226294080,7,4,3
23809,1693226294080,1692254029836,1692254029839,1693226294087,7,3,4
23810,1693226294087,1692254029843,1692254029847,1693226294095,8,4,4
23811,1693226294095,1692254029851,1692254029855,1693226294103,8,4,4
23812,1693226294103,1692254029859,1692254029862,1693226294110,7,3,4
23813,1693226294110,1692254029866,1692254029869,1693226294117,7,3,4
23814,1693226294117,1692254029873,1692254029877,1693226294125,8,4,4
23815,1693226294125,1692254029881,1692254029884,1693226294132,7,3,4
23816,1693226294132,1692254029888,1692254029891,1693226294139,7,3,4
23817,1693226294139,1692254029896,1692254029899,1693226294147,8,3,5
23818,1693226294147,1692254029904,1692254029907,1693226294155,8,3,5
23819,1693226294155,1692254029912,1692254029915,1693226294163,8,3,5
23820,1693226294163,1692254029919,1692254029922,1693226294171,8,3,5
23821,1693226294171,1692254029927,1692254029931,1693226294179,8,4,4
23822,1693226294179,1692254029935,1692254029938,1693226294186,7,3,4
23823,1693226294186,1692254029942,1692254029946,1693226294194,8,4,4
23824,1693226294194,1692254029952,1692254029955,1693226294204,10,3,7
23825,1693226294204,1692254029960,1692254029963,1693226294212,8,3,5
23826,1693226294212,1692254029968,1692254029971,1693226294219,7,3,4
23827,1693226294219,1692254029975,1692254029979,1693226294227,8,4,4
23828,1693226294227,1692254029984,1692254029987,1693226294235,8,3,5
23829,1693226294235,1692254029991,1692254029994,1693226294242,7,3,4
23830,1693226294242,1692254029998,1692254030003,1693226294251,9,5,4
23831,1693226294251,1692254030007,1692254030010,1693226294259,8,3,5
23832,1693226294259,1692254030016,1692254030019,1693226294268,9,3,6
23833,1693226294268,1692254030025,1692254030029,1693226294277,9,4,5
23834,1693226294277,1692254030035,1692254030039,1693226294286,9,4,5
23835,1693226294286,1692254030043,1692254030045,1693226294293,7,2,5
23836,1693226294293,1692254030050,1692254030053,1693226294301,8,3,5
23837,1693226294301,1692254030058,1692254030061,1693226294309,8,3,5
23838,1693226294309,1692254030066,1692254030069,1693226294317,8,3,5
23839,1693226294317,1692254030073,1692254030076,1693226294324,7,3,4
23840,1693226294324,1692254030080,1692254030084,1693226294332,8,4,4
23841,1693226294332,1692254030088,1692254030091,1693226294339,7,3,4
23842,1693226294339,1692254030095,1692254030098,1693226294346,7,3,4
23843,1693226294346,1692254030102,1692254030106,1693226294354,8,4,4
23844,1693226294355,1692254030111,1692254030114,1693226294362,7,3,4
23845,1693226294362,1692254030120,1692254030123,1693226294371,9,3,6
23846,1693226294371,1692254030128,1692254030131,1693226294379,8,3,5
23847,1693226294379,1692254030135,1692254030138,1693226294386,7,3,4
23848,1693226294386,1692254030142,1692254030145,1693226294393,7,3,4
23849,1693226294393,1692254030150,1692254030153,1693226294402,9,3,6
23850,1693226294402,1692254030158,1692254030162,1693226294409,7,4,3
23851,1693226294410,1692254030166,1692254030168,1693226294416,6,2,4
23852,1693226294416,1692254030172,1692254030177,1693226294425,9,5,4
23853,1693226294425,1692254030181,1692254030184,1693226294432,7,3,4
23854,1693226294432,1692254030189,1692254030191,1693226294439,7,2,5
23855,1693226294439,1692254030195,1692254030198,1693226294446,7,3,4
23856,1693226294446,1692254030202,1692254030206,1693226294454,8,4,4
23857,1693226294454,1692254030211,1692254030214,1693226294462,8,3,5
23858,1693226294462,1692254030218,1692254030222,1693226294470,8,4,4
23859,1693226294470,1692254030226,1692254030228,1693226294476,6,2,4
23860,1693226294476,1692254030233,1692254030236,1693226294484,8,3,5
23861,1693226294484,1692254030240,1692254030243,1693226294491,7,3,4
23862,1693226294491,1692254030248,1692254030251,1693226294499,8,3,5
23863,1693226294499,1692254030256,1692254030259,1693226294507,8,3,5
23864,1693226294507,1692254030264,1692254030267,1693226294515,8,3,5
23865,1693226294515,1692254030272,1692254030275,1693226294523,8,3,5
23866,1693226294523,1692254030283,1692254030287,1693226294535,12,4,8
23867,1693226294535,1692254030292,1692254030297,1693226294545,10,5,5
23868,1693226294545,1692254030302,1692254030305,1693226294553,8,3,5
23869,1693226294553,1692254030309,1692254030312,1693226294560,7,3,4
23870,1693226294560,1692254030317,1692254030321,1693226294569,9,4,5
23871,1693226294569,1692254030325,1692254030329,1693226294577,8,4,4
23872,1693226294577,1692254030334,1692254030338,1693226294585,8,4,4
23873,1693226294585,1692254030342,1692254030347,1693226294595,10,5,5
23874,1693226294595,1692254030351,1692254030355,1693226294603,8,4,4
23875,1693226294603,1692254030361,1692254030365,1693226294613,10,4,6
23876,1693226294613,1692254030369,1692254030372,1693226294620,7,3,4
23877,1693226294620,1692254030377,1692254030380,1693226294628,8,3,5
23878,1693226294628,1692254030384,1692254030387,1693226294635,7,3,4
23879,1693226294635,1692254030391,1692254030395,1693226294643,8,4,4
23880,1693226294643,1692254030399,1692254030403,1693226294650,7,4,3
23881,1693226294650,1692254030406,1692254030409,1693226294657,7,3,4
23882,1693226294657,1692254030414,1692254030416,1693226294664,7,2,5
23883,1693226294664,1692254030420,1692254030423,1693226294671,7,3,4
23884,1693226294671,1692254030429,1692254030432,1693226294680,9,3,6
23885,1693226294680,1692254030436,1692254030439,1693226294687,7,3,4
23886,1693226294687,1692254030443,1692254030446,1693226294694,7,3,4
23887,1693226294694,1692254030450,1692254030453,1693226294701,7,3,4
23888,1693226294701,1692254030457,1692254030459,1693226294709,8,2,6
23889,1693226294709,1692254030466,1692254030469,1693226294717,8,3,5
23890,1693226294717,1692254030474,1692254030476,1693226294724,7,2,5
23891,1693226294724,1692254030480,1692254030484,1693226294731,7,4,3
23892,1693226294731,1692254030487,1692254030491,1693226294739,8,4,4
23893,1693226294739,1692254030495,1692254030499,1693226294747,8,4,4
23894,1693226294747,1692254030503,1692254030507,1693226294755,8,4,4
23895,1693226294755,1692254030511,1692254030514,1693226294762,7,3,4
23896,1693226294762,1692254030518,1692254030521,1693226294769,7,3,4
23897,1693226294769,1692254030525,1692254030528,1693226294776,7,3,4
23898,1693226294776,1692254030533,1692254030537,1693226294785,9,4,5
23899,1693226294785,1692254030541,1692254030544,1693226294793,8,3,5
23900,1693226294793,1692254030550,1692254030554,1693226294802,9,4,5
23901,1693226294802,1692254030558,1692254030561,1693226294811,9,3,6
23902,1693226294811,1692254030568,1692254030571,1693226294820,9,3,6
23903,1693226294820,1692254030576,1692254030581,1693226294829,9,5,4
23904,1693226294829,1692254030585,1692254030588,1693226294836,7,3,4
23905,1693226294836,1692254030593,1692254030596,1693226294844,8,3,5
23906,1693226294844,1692254030600,1692254030604,1693226294852,8,4,4
23907,1693226294852,1692254030608,1692254030612,1693226294860,8,4,4
23908,1693226294860,1692254030618,1692254030621,1693226294869,9,3,6
23909,1693226294869,1692254030626,1692254030629,1693226294877,8,3,5
23910,1693226294877,1692254030633,1692254030637,1693226294885,8,4,4
23911,1693226294885,1692254030641,1692254030643,1693226294891,6,2,4
23912,1693226294891,1692254030648,1692254030651,1693226294899,8,3,5
23913,1693226294899,1692254030655,1692254030658,1693226294907,8,3,5
23914,1693226294907,1692254030663,1692254030666,1693226294914,7,3,4
23915,1693226294914,1692254030671,1692254030673,1693226294921,7,2,5
23916,1693226294921,1692254030677,1692254030680,1693226294928,7,3,4
23917,1693226294928,1692254030686,1692254030689,1693226294937,9,3,6
23918,1693226294937,1692254030693,1692254030696,1693226294946,9,3,6
23919,1693226294946,1692254030703,1692254030707,1693226294955,9,4,5
23920,1693226294955,1692254030712,1692254030715,1693226294963,8,3,5
23921,1693226294963,1692254030720,1692254030723,1693226294971,8,3,5
23922,1693226294971,1692254030728,1692254030732,1693226294980,9,4,5
23923,1693226294980,1692254030736,1692254030739,1693226294987,7,3,4
23924,1693226294987,1692254030743,1692254030746,1693226294994,7,3,4
23925,1693226294994,1692254030750,1692254030753,1693226295001,7,3,4
23926,1693226295001,1692254030757,1692254030761,1693226295009,8,4,4
23927,1693226295009,1692254030766,1692254030768,1693226295017,8,2,6
23928,1693226295017,1692254030773,1692254030777,1693226295025,8,4,4
23929,1693226295025,1692254030781,1692254030784,1693226295032,7,3,4
23930,1693226295032,1692254030788,1692254030791,1693226295039,7,3,4
23931,1693226295039,1692254030795,1692254030799,1693226295047,8,4,4
23932,1693226295047,1692254030803,1692254030807,1693226295055,8,4,4
23933,1693226295055,1692254030811,1692254030814,1693226295062,7,3,4
23934,1693226295062,1692254030818,1692254030821,1693226295069,7,3,4
23935,1693226295069,1692254030826,1692254030829,1693226295077,8,3,5
23936,1693226295077,1692254030833,1692254030836,1693226295084,7,3,4
23937,1693226295084,1692254030840,1692254030843,1693226295091,7,3,4
23938,1693226295091,1692254030848,1692254030851,1693226295099,8,3,5
23939,1693226295099,1692254030855,1692254030858,1693226295106,7,3,4
23940,1693226295106,1692254030862,1692254030866,1693226295114,8,4,4
23941,1693226295114,1692254030873,1692254030877,1693226295125,11,4,7
23942,1693226295125,1692254030881,1692254030885,1693226295133,8,4,4
23943,1693226295133,1692254030889,1692254030893,1693226295140,7,4,3
23944,1693226295140,1692254030897,1692254030900,1693226295148,8,3,5
23945,1693226295148,1692254030904,1692254030907,1693226295155,7,3,4
23946,1693226295156,1692254030912,1692254030916,1693226295164,8,4,4
23947,1693226295164,1692254030921,1692254030924,1693226295172,8,3,5
23948,1693226295172,1692254030928,1692254030932,1693226295179,7,4,3
23949,1693226295179,1692254030935,1692254030938,1693226295186,7,3,4
23950,1693226295186,1692254030942,1692254030945,1693226295193,7,3,4
23951,1693226295193,1692254030949,1692254030952,1693226295199,6,3,3
23952,1693226295199,1692254030955,1692254030958,1693226295206,7,3,4
23953,1693226295206,1692254030963,1692254030967,1693226295215,9,4,5
23954,1693226295215,1692254030971,1692254030974,1693226295222,7,3,4
23955,1693226295222,1692254030978,1692254030981,1693226295229,7,3,4
23956,1693226295229,1692254030986,1692254030989,1693226295238,9,3,6
23957,1693226295238,1692254030994,1692254030996,1693226295245,7,2,5
23958,1693226295245,1692254031001,1692254031004,1693226295252,7,3,4
23959,1693226295252,1692254031009,1692254031012,1693226295260,8,3,5
23960,1693226295260,1692254031016,1692254031020,1693226295267,7,4,3
23961,1693226295267,1692254031023,1692254031027,1693226295275,8,4,4
23962,1693226295275,1692254031031,1692254031034,1693226295282,7,3,4
23963,1693226295282,1692254031038,1692254031041,1693226295289,7,3,4
23964,1693226295289,1692254031045,1692254031048,1693226295296,7,3,4
23965,1693226295296,1692254031053,1692254031056,1693226295304,8,3,5
23966,1693226295304,1692254031060,1692254031063,1693226295311,7,3,4
23967,1693226295311,1692254031067,1692254031070,1693226295318,7,3,4
23968,1693226295319,1692254031078,1692254031081,1693226295329,10,3,7
23969,1693226295329,1692254031085,1692254031088,1693226295336,7,3,4
23970,1693226295336,1692254031092,1692254031095,1693226295343,7,3,4
23971,1693226295343,1692254031099,1692254031103,1693226295351,8,4,4
23972,1693226295351,1692254031107,1692254031111,1693226295359,8,4,4
23973,1693226295359,1692254031115,1692254031117,1693226295365,6,2,4
23974,1693226295365,1692254031121,1692254031125,1693226295373,8,4,4
23975,1693226295373,1692254031129,1692254031132,1693226295380,7,3,4
23976,1693226295380,1692254031136,1692254031139,1693226295387,7,3,4
23977,1693226295387,1692254031143,1692254031148,1693226295396,9,5,4
23978,1693226295396,1692254031152,1692254031156,1693226295404,8,4,4
23979,1693226295404,1692254031161,1692254031164,1693226295412,8,3,5
23980,1693226295412,1692254031168,1692254031171,1693226295419,7,3,4
23981,1693226295419,1692254031176,1692254031180,1693226295431,12,4,8
23982,1693226295431,1692254031187,1692254031190,1693226295438,7,3,4
23983,1693226295438,1692254031195,1692254031198,1693226295446,8,3,5
23984,1693226295446,1692254031203,1692254031206,1693226295454,8,3,5
23985,1693226295454,1692254031210,1692254031214,1693226295462,8,4,4
23986,1693226295462,1692254031219,1692254031222,1693226295470,8,3,5
23987,1693226295470,1692254031226,1692254031229,1693226295477,7,3,4
23988,1693226295477,1692254031233,1692254031237,1693226295485,8,4,4
23989,1693226295485,1692254031241,1692254031244,1693226295492,7,3,4
23990,1693226295492,1692254031250,1692254031253,1693226295501,9,3,6
23991,1693226295501,1692254031258,1692254031261,1693226295509,8,3,5
23992,1693226295509,1692254031265,1692254031268,1693226295516,7,3,4
23993,1693226295516,1692254031273,1692254031276,1693226295524,8,3,5
23994,1693226295524,1692254031283,1692254031286,1693226295534,10,3,7
23995,1693226295534,1692254031290,1692254031293,1693226295541,7,3,4
23996,1693226295541,1692254031298,1692254031301,1693226295548,7,3,4
23997,1693226295548,1692254031304,1692254031307,1693226295555,7,3,4
23998,1693226295555,1692254031313,1692254031316,1693226295564,9,3,6
23999,1693226295564,1692254031321,1692254031324,1693226295572,8,3,5
24000,1693226295572,1692254031328,1692254031331,1693226295579,7,3,4
24001,1693226295579,1692254031335,1692254031338,1693226295585,6,3,3
24002,1693226295585,1692254031342,1692254031346,1693226295596,11,4,7
24003,1693226295596,1692254031352,1692254031355,1693226295606,10,3,7
24004,1693226295606,1692254031362,1692254031365,1693226295614,8,3,5
24005,1693226295614,1692254031370,1692254031373,1693226295621,7,3,4
24006,1693226295621,1692254031377,1692254031380,1693226295630,9,3,6
24007,1693226295630,1692254031387,1692254031391,1693226295638,8,4,4
24008,1693226295638,1692254031395,1692254031398,1693226295648,10,3,7
24009,1693226295648,1692254031404,1692254031407,1693226295655,7,3,4
24010,1693226295655,1692254031412,1692254031415,1693226295663,8,3,5
24011,1693226295663,1692254031420,1692254031423,1693226295671,8,3,5
24012,1693226295671,1692254031427,1692254031430,1693226295678,7,3,4
24013,1693226295678,1692254031434,1692254031436,1693226295684,6,2,4
24014,1693226295684,1692254031440,1692254031445,1693226295693,9,5,4
24015,1693226295693,1692254031450,1692254031454,1693226295702,9,4,5
24016,1693226295702,1692254031458,1692254031462,1693226295710,8,4,4
24017,1693226295710,1692254031467,1692254031470,1693226295718,8,3,5
24018,1693226295718,1692254031474,1692254031477,1693226295725,7,3,4
24019,1693226295725,1692254031481,1692254031485,1693226295733,8,4,4
24020,1693226295733,1692254031489,1692254031491,1693226295739,6,2,4
24021,1693226295739,1692254031495,1692254031498,1693226295746,7,3,4
24022,1693226295746,1692254031503,1692254031505,1693226295753,7,2,5
24023,1693226295753,1692254031509,1692254031512,1693226295760,7,3,4
24024,1693226295760,1692254031517,1692254031520,1693226295768,8,3,5
24025,1693226295768,1692254031524,1692254031528,1693226295776,8,4,4
24026,1693226295776,1692254031532,1692254031536,1693226295784,8,4,4
24027,1693226295784,1692254031540,1692254031543,1693226295791,7,3,4
24028,1693226295791,1692254031547,1692254031551,1693226295798,7,4,3
24029,1693226295798,1692254031555,1692254031558,1693226295806,8,3,5
24030,1693226295806,1692254031562,1692254031565,1693226295814,8,3,5
24031,1693226295814,1692254031570,1692254031573,1693226295821,7,3,4
24032,1693226295821,1692254031577,1692254031580,1693226295828,7,3,4
24033,1693226295828,1692254031584,1692254031588,1693226295836,8,4,4
24034,1693226295836,1692254031593,1692254031597,1693226295845,9,4,5
24035,1693226295845,1692254031602,1692254031605,1693226295853,8,3,5
24036,1693226295853,1692254031610,1692254031612,1693226295861,8,2,6
24037,1693226295861,1692254031618,1692254031623,1693226295871,10,5,5
24038,1693226295871,1692254031628,1692254031632,1693226295880,9,4,5
24039,1693226295880,1692254031637,1692254031641,1693226295889,9,4,5
24040,1693226295889,1692254031645,1692254031648,1693226295896,7,3,4
24041,1693226295896,1692254031652,1692254031656,1693226295904,8,4,4
24042,1693226295904,1692254031660,1692254031663,1693226295911,7,3,4
24043,1693226295911,1692254031667,1692254031671,1693226295918,7,4,3
24044,1693226295918,1692254031674,1692254031677,1693226295925,7,3,4
24045,1693226295925,1692254031681,1692254031684,1693226295932,7,3,4
24046,1693226295932,1692254031688,1692254031691,1693226295939,7,3,4
24047,1693226295939,1692254031699,1692254031702,1693226295950,11,3,8
24048,1693226295950,1692254031707,1692254031711,1693226295959,9,4,5
24049,1693226295959,1692254031716,1692254031719,1693226295967,8,3,5
24050,1693226295967,1692254031724,1692254031729,1693226295977,10,5,5
24051,1693226295977,1692254031733,1692254031736,1693226295984,7,3,4
24052,1693226295984,1692254031741,1692254031744,1693226295992,8,3,5
24053,1693226295992,1692254031749,1692254031752,1693226296000,8,3,5
24054,1693226296000,1692254031757,1692254031760,1693226296008,8,3,5
24055,1693226296008,1692254031765,1692254031768,1693226296016,8,3,5
24056,1693226296016,1692254031772,1692254031775,1693226296023,7,3,4
24057,1693226296023,1692254031783,1692254031787,1693226296035,12,4,8
24058,1693226296035,1692254031791,1692254031794,1693226296042,7,3,4
24059,1693226296042,1692254031798,1692254031801,1693226296049,7,3,4
24060,1693226296049,1692254031805,1692254031809,1693226296057,8,4,4
24061,1693226296057,1692254031814,1692254031817,1693226296065,8,3,5
24062,1693226296065,1692254031822,1692254031826,1693226296074,9,4,5
24063,1693226296074,1692254031830,1692254031833,1693226296081,7,3,4
24064,1693226296081,1692254031838,1692254031841,1693226296089,8,3,5
24065,1693226296089,1692254031846,1692254031849,1693226296097,8,3,5
24066,1693226296097,1692254031854,1692254031857,1693226296105,8,3,5
24067,1693226296105,1692254031862,1692254031865,1693226296113,8,3,5
24068,1693226296113,1692254031870,1692254031873,1693226296121,8,3,5
24069,1693226296122,1692254031878,1692254031882,1693226296130,8,4,4
24070,1693226296130,1692254031887,1692254031890,1693226296138,8,3,5
24071,1693226296138,1692254031897,1692254031900,1693226296148,10,3,7
24072,1693226296148,1692254031905,1692254031909,1693226296157,9,4,5
24073,1693226296157,1692254031913,1692254031917,1693226296164,7,4,3
24074,1693226296164,1692254031921,1692254031924,1693226296172,8,3,5
24075,1693226296172,1692254031928,1692254031932,1693226296179,7,4,3
24076,1693226296180,1692254031935,1692254031938,1693226296186,6,3,3
24077,1693226296186,1692254031942,1692254031945,1693226296193,7,3,4
24078,1693226296193,1692254031949,1692254031953,1693226296201,8,4,4
24079,1693226296201,1692254031957,1692254031961,1693226296209,8,4,4
24080,1693226296209,1692254031966,1692254031969,1693226296223,14,3,11
24081,1693226296223,1692254031979,1692254031983,1693226296230,7,4,3
24082,1693226296230,1692254031987,1692254031990,1693226296238,8,3,5
24083,1693226296238,1692254031994,1692254031997,1693226296246,8,3,5
24084,1693226296246,1692254032003,1692254032006,1693226296254,8,3,5
24085,1693226296254,1692254032011,1692254032014,1693226296262,8,3,5
24086,1693226296262,1692254032018,1692254032024,1693226296272,10,6,4
24087,1693226296272,1692254032029,1692254032034,1693226296282,10,5,5
24088,1693226296282,1692254032038,1692254032041,1693226296289,7,3,4
24089,1693226296289,1692254032046,1692254032049,1693226296297,8,3,5
24090,1693226296297,1692254032054,1692254032058,1693226296306,9,4,5
24091,1693226296306,1692254032064,1692254032068,1693226296316,10,4,6
24092,1693226296316,1692254032073,1692254032076,1693226296324,8,3,5
24093,1693226296324,1692254032080,1692254032084,1693226296331,7,4,3
24094,1693226296331,1692254032089,1692254032092,1693226296340,9,3,6
24095,1693226296340,1692254032097,1692254032100,1693226296349,9,3,6
24096,1693226296349,1692254032105,1692254032108,1693226296357,8,3,5
24097,1693226296357,1692254032113,1692254032117,1693226296365,8,4,4
24098,1693226296365,1692254032122,1692254032124,1693226296372,7,2,5
24099,1693226296372,1692254032129,1692254032132,1693226296380,8,3,5
24100,1693226296380,1692254032136,1692254032140,1693226296387,7,4,3
24101,1693226296387,1692254032144,1692254032147,1693226296395,8,3,5
24102,1693226296395,1692254032152,1692254032155,1693226296403,8,3,5
24103,1693226296403,1692254032160,1692254032163,1693226296411,8,3,5
24104,1693226296411,1692254032167,1692254032170,1693226296418,7,3,4
24105,1693226296418,1692254032175,1692254032178,1693226296426,8,3,5
24106,1693226296426,1692254032182,1692254032185,1693226296438,12,3,9
24107,1693226296438,1692254032194,1692254032198,1693226296446,8,4,4
24108,1693226296446,1692254032205,1692254032209,1693226296457,11,4,7
24109,1693226296457,1692254032214,1692254032217,1693226296465,8,3,5
24110,1693226296465,1692254032221,1692254032224,1693226296472,7,3,4
24111,1693226296472,1692254032229,1692254032232,1693226296481,9,3,6
24112,1693226296481,1692254032237,1692254032240,1693226296487,6,3,3
24113,1693226296487,1692254032243,1692254032247,1693226296495,8,4,4
24114,1693226296495,1692254032251,1692254032254,1693226296502,7,3,4
24115,1693226296502,1692254032258,1692254032260,1693226296509,7,2,5
24116,1693226296509,1692254032265,1692254032268,1693226296516,7,3,4
24117,1693226296516,1692254032272,1692254032276,1693226296523,7,4,3
24118,1693226296523,1692254032279,1692254032282,1693226296530,7,3,4
24119,1693226296530,1692254032286,1692254032290,1693226296538,8,4,4
24120,1693226296538,1692254032294,1692254032298,1693226296546,8,4,4
24121,1693226296546,1692254032302,1692254032305,1693226296553,7,3,4
24122,1693226296553,1692254032309,1692254032314,1693226296561,8,5,3
24123,1693226296562,1692254032317,1692254032321,1693226296569,7,4,3
24124,1693226296569,1692254032325,1692254032327,1693226296575,6,2,4
24125,1693226296575,1692254032331,1692254032335,1693226296583,8,4,4
24126,1693226296583,1692254032339,1692254032342,1693226296590,7,3,4
24127,1693226296590,1692254032347,1692254032351,1693226296599,9,4,5
24128,1693226296599,1692254032357,1692254032360,1693226296608,9,3,6
24129,1693226296608,1692254032365,1692254032368,1693226296616,8,3,5
24130,1693226296616,1692254032372,1692254032375,1693226296623,7,3,4
24131,1693226296623,1692254032379,1692254032382,1693226296630,7,3,4
24132,1693226296630,1692254032386,1692254032389,1693226296637,7,3,4
24133,1693226296637,1692254032393,1692254032396,1693226296644,7,3,4
24134,1693226296644,1692254032400,1692254032402,1693226296650,6,2,4
24135,1693226296650,1692254032409,1692254032412,1693226296660,10,3,7
24136,1693226296660,1692254032416,1692254032420,1693226296668,8,4,4
24137,1693226296668,1692254032425,1692254032428,1693226296675,7,3,4
24138,1693226296675,1692254032431,1692254032434,1693226296682,7,3,4
24139,1693226296682,1692254032438,1692254032441,1693226296689,7,3,4
24140,1693226296689,1692254032446,1692254032449,1693226296697,8,3,5
24141,1693226296697,1692254032454,1692254032457,1693226296705,8,3,5
24142,1693226296705,1692254032462,1692254032465,1693226296714,9,3,6
24143,1693226296714,1692254032471,1692254032474,1693226296722,8,3,5
24144,1693226296722,1692254032478,1692254032481,1693226296729,7,3,4
24145,1693226296729,1692254032485,1692254032488,1693226296736,7,3,4
24146,1693226296736,1692254032493,1692254032496,1693226296744,8,3,5
24147,1693226296744,1692254032500,1692254032503,1693226296752,8,3,5
24148,1693226296752,1692254032508,1692254032512,1693226296760,8,4,4
24149,1693226296760,1692254032516,1692254032519,1693226296767,7,3,4
24150,1693226296767,1692254032523,1692254032526,1693226296774,7,3,4
24151,1693226296774,1692254032533,1692254032537,1693226296785,11,4,7
24152,1693226296785,1692254032542,1692254032544,1693226296793,8,2,6
24153,1693226296793,1692254032549,1692254032552,1693226296800,7,3,4
24154,1693226296800,1692254032557,1692254032560,1693226296808,8,3,5
24155,1693226296808,1692254032564,1692254032568,1693226296816,8,4,4
24156,1693226296816,1692254032573,1692254032577,1693226296826,10,4,6
24157,1693226296826,1692254032582,1692254032585,1693226296833,7,3,4
24158,1693226296833,1692254032589,1692254032592,1693226296841,8,3,5
24159,1693226296841,1692254032597,1692254032602,1693226296850,9,5,4
24160,1693226296850,1692254032607,1692254032610,1693226296860,10,3,7
24161,1693226296860,1692254032617,1692254032620,1693226296868,8,3,5
24162,1693226296868,1692254032625,1692254032628,1693226296876,8,3,5
24163,1693226296876,1692254032632,1692254032635,1693226296883,7,3,4
24164,1693226296883,1692254032639,1692254032642,1693226296890,7,3,4
24165,1693226296890,1692254032646,1692254032649,1693226296897,7,3,4
24166,1693226296897,1692254032654,1692254032657,1693226296905,8,3,5
24167,1693226296905,1692254032661,1692254032664,1693226296912,7,3,4
24168,1693226296912,1692254032668,1692254032671,1693226296919,7,3,4
24169,1693226296919,1692254032675,1692254032678,1693226296926,7,3,4
24170,1693226296926,1692254032685,1692254032689,1693226296937,11,4,7
24171,1693226296937,1692254032693,1692254032695,1693226296943,6,2,4
24172,1693226296944,1692254032700,1692254032703,1693226296951,7,3,4
24173,1693226296951,1692254032711,1692254032715,1693226296964,13,4,9
24174,1693226296964,1692254032720,1692254032724,1693226296972,8,4,4
24175,1693226296972,1692254032728,1692254032731,1693226296978,6,3,3
24176,1693226296978,1692254032735,1692254032741,1693226296989,11,6,5
24177,1693226296989,1692254032745,1692254032748,1693226296996,7,3,4
24178,1693226296996,1692254032752,1692254032755,1693226297003,7,3,4
24179,1693226297003,1692254032760,1692254032763,1693226297010,7,3,4
24180,1693226297010,1692254032766,1692254032770,1693226297017,7,4,3
24181,1693226297017,1692254032773,1692254032777,1693226297024,7,4,3
24182,1693226297024,1692254032781,1692254032784,1693226297032,8,3,5
24183,1693226297032,1692254032788,1692254032791,1693226297039,7,3,4
24184,1693226297039,1692254032795,1692254032798,1693226297046,7,3,4
24185,1693226297046,1692254032802,1692254032805,1693226297053,7,3,4
24186,1693226297053,1692254032809,1692254032812,1693226297060,7,3,4
24187,1693226297060,1692254032818,1692254032822,1693226297070,10,4,6
24188,1693226297070,1692254032827,1692254032830,1693226297078,8,3,5
24189,1693226297078,1692254032835,1692254032838,1693226297086,8,3,5
24190,1693226297086,1692254032842,1692254032845,1693226297093,7,3,4
24191,1693226297093,1692254032849,1692254032853,1693226297101,8,4,4
24192,1693226297101,1692254032857,1692254032861,1693226297109,8,4,4
24193,1693226297109,1692254032865,1692254032868,1693226297116,7,3,4
24194,1693226297116,1692254032872,1692254032876,1693226297125,9,4,5
24195,1693226297125,1692254032881,1692254032885,1693226297133,8,4,4
24196,1693226297133,1692254032889,1692254032892,1693226297140,7,3,4
24197,1693226297140,1692254032896,1692254032899,1693226297147,7,3,4
24198,1693226297147,1692254032905,1692254032908,1693226297156,9,3,6
24199,1693226297156,1692254032913,1692254032916,1693226297164,8,3,5
24200,1693226297164,1692254032921,1692254032925,1693226297172,8,4,4
24201,1693226297172,1692254032929,1692254032932,1693226297180,8,3,5
24202,1693226297180,1692254032936,1692254032940,1693226297188,8,4,4
24203,1693226297188,1692254032944,1692254032947,1693226297195,7,3,4
24204,1693226297195,1692254032951,1692254032954,1693226297202,7,3,4
24205,1693226297202,1692254032959,1692254032962,1693226297210,8,3,5
24206,1693226297210,1692254032966,1692254032970,1693226297218,8,4,4
24207,1693226297218,1692254032974,1692254032976,1693226297224,6,2,4
24208,1693226297224,1692254032980,1692254032983,1693226297231,7,3,4
24209,1693226297231,1692254032987,1692254032990,1693226297238,7,3,4
24210,1693226297238,1692254032994,1692254032997,1693226297245,7,3,4
24211,1693226297245,1692254033001,1692254033005,1693226297253,8,4,4
24212,1693226297253,1692254033009,1692254033012,1693226297260,7,3,4
24213,1693226297260,1692254033016,1692254033019,1693226297271,11,3,8
24214,1693226297271,1692254033027,1692254033031,1693226297278,7,4,3
24215,1693226297278,1692254033034,1692254033037,1693226297285,7,3,4
24216,1693226297285,1692254033042,1692254033045,1693226297293,8,3,5
24217,1693226297293,1692254033049,1692254033053,1693226297301,8,4,4
24218,1693226297301,1692254033058,1692254033061,1693226297309,8,3,5
24219,1693226297309,1692254033066,1692254033070,1693226297317,8,4,4
24220,1693226297317,1692254033073,1692254033077,1693226297324,7,4,3
24221,1693226297325,1692254033081,1692254033084,1693226297332,7,3,4
24222,1693226297332,1692254033088,1692254033092,1693226297340,8,4,4
24223,1693226297340,1692254033096,1692254033101,1693226297349,9,5,4
24224,1693226297349,1692254033108,1692254033112,1693226297360,11,4,7
24225,1693226297360,1692254033116,1692254033120,1693226297368,8,4,4
24226,1693226297368,1692254033131,1692254033134,1693226297382,14,3,11
24227,1693226297382,1692254033138,1692254033141,1693226297389,7,3,4
24228,1693226297389,1692254033144,1692254033147,1693226297395,6,3,3
24229,1693226297395,1692254033152,1692254033155,1693226297403,8,3,5
24230,1693226297403,1692254033159,1692254033162,1693226297410,7,3,4
24231,1693226297410,1692254033166,1692254033169,1693226297417,7,3,4
24232,1693226297417,1692254033173,1692254033178,1693226297425,8,5,3
24233,1693226297426,1692254033183,1692254033186,1693226297436,10,3,7
24234,1693226297436,1692254033192,1692254033195,1693226297443,7,3,4
24235,1693226297443,1692254033200,1692254033203,1693226297451,8,3,5
24236,1693226297452,1692254033208,1692254033211,1693226297459,7,3,4
24237,1693226297459,1692254033215,1692254033218,1693226297466,7,3,4
24238,1693226297466,1692254033222,1692254033225,1693226297474,8,3,5
24239,1693226297474,1692254033230,1692254033233,1693226297481,7,3,4
24240,1693226297481,1692254033237,1692254033240,1693226297488,7,3,4
24241,1693226297488,1692254033245,1692254033248,1693226297496,8,3,5
24242,1693226297496,1692254033253,1692254033256,1693226297504,8,3,5
24243,1693226297504,1692254033260,1692254033264,1693226297512,8,4,4
24244,1693226297512,1692254033268,1692254033272,1693226297519,7,4,3
24245,1693226297520,1692254033276,1692254033279,1693226297526,6,3,3
24246,1693226297526,1692254033282,1692254033285,1693226297533,7,3,4
24247,1693226297533,1692254033289,1692254033292,1693226297540,7,3,4
24248,1693226297540,1692254033299,1692254033302,1693226297550,10,3,7
24249,1693226297550,1692254033306,1692254033309,1693226297557,7,3,4
24250,1693226297557,1692254033315,1692254033319,1693226297567,10,4,6
24251,1693226297567,1692254033323,1692254033326,1693226297576,9,3,6
24252,1693226297576,1692254033332,1692254033335,1693226297583,7,3,4
24253,1693226297583,1692254033339,1692254033343,1693226297592,9,4,5
24254,1693226297592,1692254033349,1692254033352,1693226297600,8,3,5
24255,1693226297600,1692254033356,1692254033359,1693226297607,7,3,4
24256,1693226297607,1692254033363,1692254033366,1693226297615,8,3,5
24257,1693226297615,1692254033371,1692254033374,1693226297622,7,3,4
24258,1693226297622,1692254033379,1692254033383,1693226297631,9,4,5
24259,1693226297631,1692254033387,1692254033390,1693226297638,7,3,4
24260,1693226297638,1692254033395,1692254033398,1693226297646,8,3,5
24261,1693226297646,1692254033402,1692254033405,1693226297653,7,3,4
24262,1693226297653,1692254033411,1692254033415,1693226297663,10,4,6
24263,1693226297663,1692254033419,1692254033423,1693226297671,8,4,4
24264,1693226297671,1692254033428,1692254033431,1693226297679,8,3,5
24265,1693226297679,1692254033435,1692254033437,1693226297685,6,2,4
24266,1693226297685,1692254033441,1692254033445,1693226297693,8,4,4
24267,1693226297693,1692254033450,1692254033453,1693226297701,8,3,5
24268,1693226297701,1692254033458,1692254033461,1693226297709,8,3,5
24269,1693226297709,1692254033465,1692254033470,1693226297717,8,5,3
24270,1693226297717,1692254033474,1692254033477,1693226297725,8,3,5
24271,1693226297725,1692254033481,1692254033484,1693226297732,7,3,4
24272,1693226297732,1692254033488,1692254033491,1693226297738,6,3,3
24273,1693226297739,1692254033495,1692254033498,1693226297746,7,3,4
24274,1693226297746,1692254033502,1692254033505,1693226297753,7,3,4
24275,1693226297753,1692254033509,1692254033512,1693226297760,7,3,4
24276,1693226297760,1692254033516,1692254033520,1693226297768,8,4,4
24277,1693226297949,1692254033706,1692254033711,1693226297959,10,5,5
24278,1693226297959,1692254033716,1692254033719,1693226297967,8,3,5
24279,1693226297967,1692254033725,1692254033728,1693226297977,10,3,7
24280,1693226297977,1692254033734,1692254033737,1693226297986,9,3,6
24281,1693226297986,1692254033743,1692254033746,1693226297994,8,3,5
24282,1693226297994,1692254033754,1692254033756,1693226298004,10,2,8
24283,1693226298004,1692254033761,1692254033765,1693226298012,8,4,4
24284,1693226298013,1692254033769,1692254033771,1693226298019,6,2,4
24285,1693226298019,1692254033776,1692254033779,1693226298026,7,3,4
24286,1693226298026,1692254033782,1692254033785,1693226298033,7,3,4
24287,1693226298033,1692254033789,1692254033792,1693226298040,7,3,4
24288,1693226298040,1692254033796,1692254033800,1693226298048,8,4,4
24289,1693226298048,1692254033804,1692254033807,1693226298055,7,3,4
24290,1693226298055,1692254033811,1692254033815,1693226298063,8,4,4
24291,1693226298063,1692254033819,1692254033822,1693226298070,7,3,4
24292,1693226298070,1692254033826,1692254033829,1693226298077,7,3,4
24293,1693226298077,1692254033833,1692254033836,1693226298084,7,3,4
24294,1693226298085,1692254033866,1692254033869,1693226298117,32,3,29
24295,1693226298117,1692254033873,1692254033876,1693226298124,7,3,4
24296,1693226298124,1692254033880,1692254033883,1693226298130,6,3,3
24297,1693226298130,1692254033894,1692254033896,1693226298148,18,2,16
24298,1693226298149,1692254033904,1692254033907,1693226298155,6,3,3
24299,1693226298155,1692254033912,1692254033915,1693226298163,8,3,5
24300,1693226298163,1692254033920,1692254033924,1693226298172,9,4,5
24301,1693226298172,1692254033961,1692254033964,1693226298212,40,3,37
24302,1693226298212,1692254033970,1692254033973,1693226298221,9,3,6
24303,1693226298221,1692254033977,1692254033981,1693226298228,7,4,3
24304,1693226298228,1692254033984,1692254033988,1693226298236,8,4,4
24305,1693226298236,1692254033992,1692254033995,1693226298243,7,3,4
24306,1693226298243,1692254034014,1692254034023,1693226298271,28,9,19
24307,1693226298271,1692254034027,1692254034030,1693226298278,7,3,4
24308,1693226298278,1692254034038,1692254034040,1693226298288,10,2,8
24309,1693226298288,1692254034050,1692254034054,1693226298302,14,4,10
24310,1693226298302,1692254034058,1692254034062,1693226298310,8,4,4
24311,1693226298310,1692254034067,1692254034070,1693226298318,8,3,5
24312,1693226298318,1692254034250,1692254034254,1693226298502,184,4,180
24313,1693226298502,1692254034262,1692254034265,1693226298513,11,3,8
24314,1693226298513,1692254034274,1692254034277,1693226298525,12,3,9
24315,1693226298525,1692254034301,1692254034304,1693226298552,27,3,24
24316,1693226298552,1692254034309,1692254034312,1693226298560,8,3,5
24317,1693226298560,1692254034316,1692254034319,1693226298568,8,3,5
24318,1693226298568,1692254034349,1692254034352,1693226298601,33,3,30
24319,1693226298601,1692254034389,1692254034392,1693226298640,39,3,36
24320,1693226298640,1692254034462,1692254034464,1693226298712,72,2,70
24321,1693226298712,1692254034506,1692254034508,1693226298758,46,2,44
24322,1693226298758,1692254034569,1692254034572,1693226298820,62,3,59
24323,1693226298820,1692254034577,1692254034608,1693226299218,398,31,367
24324,1693226299218,1692254034975,1692254034978,1693226299226,8,3,5
24325,1693226299226,1692254034997,1692254035000,1693226299248,22,3,19
24326,1693226299248,1692254035004,1692254035007,1693226299255,7,3,4
24327,1693226299255,1692254035011,1692254035015,1693226299263,8,4,4
24328,1693226299263,1692254035019,1692254035022,1693226299270,7,3,4
24329,1693226299270,1692254035027,1692254035030,1693226299278,8,3,5
24330,1693226299278,1692254035034,1692254035036,1693226299284,6,2,4
24331,1693226299284,1692254035041,1692254035044,1693226299292,8,3,5
24332,1693226299292,1692254035049,1692254035052,1693226299300,8,3,5
24333,1693226299300,1692254035056,1692254035059,1693226299308,8,3,5
24334,1693226299308,1692254035064,1692254035109,1693226299358,50,45,5
24335,1693226299358,1692254035118,1692254035121,1693226299369,11,3,8
24336,1693226299369,1692254035173,1692254035176,1693226299424,55,3,52
24337,1693226299424,1692254035241,1692254035244,1693226299492,68,3,65
24338,1693226299492,1692254035250,1692254035252,1693226299500,8,2,6
24339,1693226299501,1692254035258,1692254035263,1693226299511,10,5,5
24340,1693226299511,1692254035302,1692254035305,1693226299553,42,3,39
24341,1693226299553,1692254035337,1692254035340,1693226299588,35,3,32
24342,1693226299588,1692254035357,1692254035362,1693226299609,21,5,16
24343,1693226299609,1692254035366,1692254035369,1693226299617,8,3,5
24344,1693226299617,1692254035375,1692254035378,1693226299626,9,3,6
24345,1693226299626,1692254035382,1692254035385,1693226299632,6,3,3
24346,1693226299632,1692254035413,1692254035416,1693226299664,32,3,29
24347,1693226299664,1692254035420,1692254035423,1693226299671,7,3,4
24348,1693226299671,1692254035427,1692254035430,1693226299677,6,3,3
24349,1693226299677,1692254035454,1692254035456,1693226299705,28,2,26
24350,1693226299705,1692254035513,1692254035516,1693226299764,59,3,56
24351,1693226299764,1692254035520,1692254035523,1693226299771,7,3,4
24352,1693226299771,1692254035527,1692254035530,1693226299778,7,3,4
24353,1693226299778,1692254035570,1692254035573,1693226299821,43,3,40
24354,1693226299821,1692254035578,1692254035632,1693226299880,59,54,5
24355,1693226299880,1692254035638,1692254035641,1693226299889,9,3,6
24356,1693226299889,1692254035679,1692254035682,1693226299931,42,3,39
24357,1693226299931,1692254035694,1692254035698,1693226299946,15,4,11
24358,1693226299946,1692254035785,1692254035788,1693226300037,91,3,88
24359,1693226300037,1692254035794,1692254035798,1693226300046,9,4,5
24360,1693226300046,1692254035809,1692254035812,1693226300060,14,3,11
24361,1693226300060,1692254035821,1692254035824,1693226300073,13,3,10
24362,1693226300073,1692254035829,1692254035832,1693226300080,7,3,4
24363,1693226300080,1692254035846,1692254035848,1693226300096,16,2,14
24364,1693226300096,1692254035862,1692254035864,1693226300112,16,2,14
24365,1693226300112,1692254035870,1692254035872,1693226300120,8,2,6
24366,1693226300120,1692254035886,1692254035888,1693226300137,17,2,15
24367,1693226300137,1692254035913,1692254035916,1693226300165,28,3,25
24368,1693226300165,1692254035922,1692254035929,1693226300177,12,7,5
24369,1693226300177,1692254036005,1692254036008,1693226300256,79,3,76
24370,1693226300256,1692254036018,1692254036021,1693226300268,12,3,9
24371,1693226300268,1692254036025,1692254036027,1693226300275,7,2,5
24372,1693226300275,1692254036036,1692254036039,1693226300286,11,3,8
24373,1693226300286,1692254036042,1692254036045,1693226300293,7,3,4
24374,1693226300293,1692254036048,1692254036052,1693226300300,7,4,3
24375,1693226300300,1692254036056,1692254036059,1693226300307,7,3,4
24376,1693226300307,1692254036154,1692254036157,1693226300406,99,3,96
24377,1693226300406,1692254036174,1692254036177,1693226300425,19,3,16
24378,1693226300425,1692254036182,1692254036184,1693226300432,7,2,5
24379,1693226300433,1692254036190,1692254036194,1693226300443,10,4,6
24380,1693226300443,1692254036202,1692254036205,1693226300453,10,3,7
24381,1693226300453,1692254036210,1692254036213,1693226300462,9,3,6
24382,1693226300462,1692254036222,1692254036225,1693226300473,11,3,8
24383,1693226300473,1692254036230,1692254036233,1693226300481,8,3,5
24384,1693226300481,1692254036237,1692254036240,1693226300488,7,3,4
24385,1693226300488,1692254036244,1692254036247,1693226300495,7,3,4
24386,1693226300495,1692254036251,1692254036255,1693226300503,8,4,4
24387,1693226300503,1692254036259,1692254036262,1693226300510,7,3,4
24388,1693226300510,1692254036267,1692254036272,1693226300520,10,5,5
24389,1693226300520,1692254036277,1692254036280,1693226300527,7,3,4
24390,1693226300527,1692254036283,1692254036286,1693226300534,7,3,4
24391,1693226300534,1692254036291,1692254036294,1693226300542,8,3,5
24392,1693226300542,1692254036300,1692254036303,1693226300551,9,3,6
24393,1693226300551,1692254036353,1692254036356,1693226300604,53,3,50
24394,1693226300604,1692254036365,1692254036368,1693226300616,12,3,9
24395,1693226300616,1692254036372,1692254036375,1693226300623,7,3,4
24396,1693226300623,1692254036379,1692254036382,1693226300630,7,3,4
24397,1693226300630,1692254036387,1692254036390,1693226300638,8,3,5
24398,1693226300638,1692254036406,1692254036409,1693226300657,19,3,16
24399,1693226300657,1692254036414,1692254036417,1693226300665,8,3,5
24400,1693226300665,1692254036422,1692254036424,1693226300672,7,2,5
24401,1693226300673,1692254036429,1692254036431,1693226300680,7,2,5
24402,1693226300680,1692254036436,1692254036439,1693226300687,7,3,4
24403,1693226300687,1692254036444,1692254036447,1693226300695,8,3,5
24404,1693226300695,1692254036451,1692254036454,1693226300702,7,3,4
24405,1693226300702,1692254036458,1692254036461,1693226300709,7,3,4
24406,1693226300709,1692254036477,1692254036480,1693226300729,20,3,17
24407,1693226300729,1692254036485,1692254036488,1693226300736,7,3,4
24408,1693226300736,1692254036498,1692254036500,1693226300750,14,2,12
24409,1693226300750,1692254036506,1692254036509,1693226300758,8,3,5
24410,1693226300758,1692254036521,1692254036524,1693226300772,14,3,11
24411,1693226300772,1692254036529,1692254036532,1693226300780,8,3,5
24412,1693226300780,1692254036536,1692254036539,1693226300787,7,3,4
24413,1693226300787,1692254036544,1692254036547,1693226300795,8,3,5
24414,1693226300795,1692254036552,1692254036555,1693226300803,8,3,5
24415,1693226300803,1692254036559,1692254036563,1693226300812,9,4,5
24416,1693226300812,1692254036569,1692254036571,1693226300819,7,2,5
24417,1693226300819,1692254036575,1692254036578,1693226300826,7,3,4
24418,1693226300826,1692254036583,1692254036615,1693226300863,37,32,5
24419,1693226300863,1692254036620,1692254036623,1693226300871,8,3,5
24420,1693226300871,1692254036630,1692254036641,1693226300889,18,11,7
24421,1693226300890,1692254036647,1692254036650,1693226300898,8,3,5
24422,1693226300898,1692254036661,1692254036664,1693226300912,14,3,11
24423,1693226300912,1692254036689,1692254036692,1693226300941,29,3,26
24424,1693226300941,1692254036697,1692254036700,1693226300947,6,3,3
24425,1693226300947,1692254036704,1692254036707,1693226300956,9,3,6
24426,1693226300956,1692254036734,1692254036737,1693226300985,29,3,26
24427,1693226300985,1692254036742,1692254036746,1693226300993,8,4,4
24428,1693226300993,1692254036908,1692254036911,1693226301160,167,3,164
24429,1693226301160,1692254036917,1692254036921,1693226301169,9,4,5
24430,1693226301169,1692254036925,1692254036927,1693226301176,7,2,5
24431,1693226301176,1692254036945,1692254036948,1693226301196,20,3,17
24432,1693226301196,1692254036952,1692254036955,1693226301203,7,3,4
24433,1693226301203,1692254036985,1692254036988,1693226301237,34,3,31
24434,1693226301237,1692254036994,1692254036996,1693226301245,8,2,6
24435,1693226301245,1692254037001,1692254037004,1693226301252,7,3,4
24436,1693226301252,1692254037009,1692254037012,1693226301263,11,3,8
24437,1693226301263,1692254037019,1692254037022,1693226301271,8,3,5
24438,1693226301271,1692254037027,1692254037030,1693226301279,8,3,5
24439,1693226301279,1692254037035,1692254037039,1693226301287,8,4,4
24440,1693226301287,1692254037043,1692254037046,1693226301294,7,3,4
24441,1693226301294,1692254037065,1692254037068,1693226301316,22,3,19
24442,1693226301316,1692254037073,1692254037076,1693226301324,8,3,5
24443,1693226301324,1692254037081,1692254037084,1693226301332,8,3,5
24444,1693226301332,1692254037089,1692254037092,1693226301340,8,3,5
24445,1693226301340,1692254037122,1692254037125,1693226301373,33,3,30
24446,1693226301373,1692254037149,1692254037152,1693226301400,27,3,24
24447,1693226301400,1692254037169,1692254037172,1693226301420,20,3,17
24448,1693226301420,1692254037193,1692254037196,1693226301444,24,3,21
24449,1693226301444,1692254037289,1692254037292,1693226301541,97,3,94
24450,1693226301541,1692254037306,1692254037309,1693226301557,16,3,13
24451,1693226301557,1692254037313,1692254037316,1693226301564,7,3,4
24452,1693226301564,1692254037369,1692254037373,1693226301621,57,4,53
24453,1693226301621,1692254037378,1692254037385,1693226301633,12,7,5
24454,1693226301633,1692254037426,1692254037430,1693226301677,44,4,40
24455,1693226301677,1692254037438,1692254037441,1693226301689,12,3,9
24456,1693226301689,1692254037449,1692254037451,1693226301699,10,2,8
24457,1693226301700,1692254037458,1692254037461,1693226301709,9,3,6
24458,1693226301709,1692254037469,1692254037472,1693226301720,11,3,8
24459,1693226301720,1692254037482,1692254037484,1693226301732,12,2,10
24460,1693226301732,1692254037494,1692254037496,1693226301744,12,2,10
24461,1693226301745,1692254037502,1692254037504,1693226301752,7,2,5
24462,1693226301752,1692254037512,1692254037516,1693226301763,11,4,7
24463,1693226301763,1692254037522,1692254037524,1693226301775,12,2,10
24464,1693226301775,1692254037535,1692254037538,1693226301786,11,3,8
24465,1693226301786,1692254037542,1692254037545,1693226301793,7,3,4
24466,1693226301793,1692254037554,1692254037556,1693226301804,11,2,9
24467,1693226301804,1692254037560,1692254037563,1693226301811,7,3,4
24468,1693226301811,1692254037567,1692254037570,1693226301818,7,3,4
24469,1693226301818,1692254037577,1692254037581,1693226301829,11,4,7
24470,1693226301829,1692254037614,1692254037617,1693226301865,36,3,33
24471,1693226301865,1692254037622,1692254037625,1693226301873,8,3,5
24472,1693226301873,1692254037634,1692254037637,1693226301885,12,3,9
24473,1693226301885,1692254037646,1692254037648,1693226301896,11,2,9
24474,1693226301896,1692254037653,1692254037656,1693226301904,8,3,5
24475,1693226301904,1692254037661,1692254037664,1693226301912,8,3,5
24476,1693226301912,1692254037668,1692254037671,1693226301919,7,3,4
24477,1693226301919,1692254037689,1692254037692,1693226301940,21,3,18
24478,1693226301940,1692254037698,1692254037700,1693226301981,41,2,39
24479,1693226301981,1692254037753,1692254037756,1693226302004,23,3,20
24480,1693226302004,1692254037790,1692254037793,1693226302041,37,3,34
24481,1693226302041,1692254037797,1692254037800,1693226302048,7,3,4
24482,1693226302048,1692254037829,1692254037832,1693226302082,34,3,31
24483,1693226302082,1692254037857,1692254037860,1693226302108,26,3,23
24484,1693226302108,1692254037873,1692254037876,1693226302124,16,3,13
24485,1693226302124,1692254037914,1692254037917,1693226302165,41,3,38
24486,1693226302165,1692254037922,1692254037925,1693226302173,8,3,5
24487,1693226302173,1692254037930,1692254037932,1693226302180,7,2,5
24488,1693226302180,1692254037993,1692254037996,1693226302244,64,3,61
24489,1693226302244,1692254038055,1692254038060,1693226302308,64,5,59
24490,1693226302308,1692254038086,1692254038090,1693226302338,30,4,26
24491,1693226302338,1692254038106,1692254038109,1693226302373,35,3,32
24492,1693226302373,1692254038142,1692254038144,1693226302392,19,2,17
24493,1693226302392,1692254038149,1692254038152,1693226302399,7,3,4
24494,1693226302400,1692254038157,1692254038160,1693226302408,8,3,5
24495,1693226302408,1692254038262,1692254038265,1693226302513,105,3,102
24496,1693226302513,1692254038309,1692254038313,1693226302561,48,4,44
24497,1693226302561,1692254038317,1692254038320,1693226302568,7,3,4
24498,1693226302568,1692254038324,1692254038326,1693226302575,7,2,5
24499,1693226302575,1692254038332,1692254038335,1693226302583,8,3,5
24500,1693226302583,1692254038340,1692254038343,1693226302591,8,3,5
24501,1693226302591,1692254038348,1692254038351,1693226302599,8,3,5
24502,1693226302599,1692254038473,1692254038476,1693226302724,125,3,122
24503,1693226302724,1692254038494,1692254038497,1693226302745,21,3,18
24504,1693226302745,1692254038518,1692254038520,1693226302769,24,2,22
24505,1693226302769,1692254038573,1692254038577,1693226302829,60,4,56
24506,1693226302829,1692254038685,1692254038688,1693226302939,110,3,107
24507,1693226302939,1692254038696,1692254038701,1693226302949,10,5,5
24508,1693226302949,1692254038738,1692254038740,1693226302988,39,2,37
24509,1693226302989,1692254038745,1692254038749,1693226302996,7,4,3
24510,1693226302996,1692254038758,1692254038761,1693226303009,13,3,10
24511,1693226303009,1692254038785,1692254038788,1693226303036,27,3,24
24512,1693226303036,1692254038797,1692254038800,1693226303047,11,3,8
24513,1693226303047,1692254038810,1692254038812,1693226303060,13,2,11
24514,1693226303060,1692254038834,1692254038837,1693226303085,25,3,22
24515,1693226303085,1692254038841,1692254038845,1693226303093,8,4,4
24516,1693226303093,1692254038849,1692254038852,1693226303100,7,3,4
24517,1693226303101,1692254038889,1692254038892,1693226303140,39,3,36
24518,1693226303140,1692254038896,1692254038900,1693226303148,8,4,4
24519,1693226303148,1692254038906,1692254038908,1693226303156,8,2,6
24520,1693226303156,1692254038914,1692254038918,1693226303166,10,4,6
24521,1693226303166,1692254038924,1692254038927,1693226303175,9,3,6
24522,1693226303175,1692254038937,1692254038940,1693226303188,13,3,10
24523,1693226303188,1692254038946,1692254038949,1693226303197,9,3,6
24524,1693226303197,1692254038954,1692254038989,1693226303237,40,35,5
24525,1693226303237,1692254039005,1692254039014,1693226303262,25,9,16
24526,1693226303262,1692254039018,1692254039021,1693226303269,7,3,4
24527,1693226303269,1692254039026,1692254039029,1693226303276,7,3,4
24528,1693226303276,1692254039041,1692254039044,1693226303292,16,3,13
24529,1693226303292,1692254039053,1692254039057,1693226303305,13,4,9
24530,1693226303305,1692254039061,1692254039065,1693226303313,8,4,4
24531,1693226303313,1692254039069,1692254039116,1693226303364,51,47,4
24532,1693226303364,1692254039138,1692254039142,1693226303390,26,4,22
24533,1693226303390,1692254039179,1692254039182,1693226303430,40,3,37
24534,1693226303430,1692254039197,1692254039200,1693226303448,18,3,15
24535,1693226303448,1692254039221,1692254039224,1693226303472,24,3,21
24536,1693226303472,1692254039230,1692254039233,1693226303489,17,3,14
24537,1693226303489,1692254039262,1692254039265,1693226303517,28,3,25
24538,1693226303517,1692254039282,1692254039284,1693226303532,15,2,13
24539,1693226303532,1692254039289,1692254039291,1693226303539,7,2,5
24540,1693226303539,1692254039301,1692254039304,1693226303552,13,3,10
24541,1693226303552,1692254039313,1692254039316,1693226303564,12,3,9
24542,1693226303564,1692254039325,1692254039329,1693226303577,13,4,9
24543,1693226303577,1692254039333,1692254039336,1693226303584,7,3,4
24544,1693226303584,1692254039341,1692254039343,1693226303591,7,2,5
24545,1693226303591,1692254039348,1692254039351,1693226303599,8,3,5
24546,1693226303599,1692254039356,1692254039359,1693226303607,8,3,5
24547,1693226303607,1692254039364,1692254039366,1693226303614,7,2,5
24548,1693226303614,1692254039422,1692254039441,1693226303689,75,19,56
24549,1693226303689,1692254039445,1692254039448,1693226303696,7,3,4
24550,1693226303696,1692254039470,1692254039472,1693226303720,24,2,22
24551,1693226303720,1692254039478,1692254039481,1693226303728,8,3,5
24552,1693226303728,1692254039498,1692254039501,1693226303749,21,3,18
24553,1693226303749,1692254039509,1692254039512,1693226303760,11,3,8
24554,1693226303760,1692254039516,1692254039519,1693226303766,6,3,3
24555,1693226303766,1692254039530,1692254039532,1693226303781,15,2,13
24556,1693226303781,1692254039539,1692254039542,1693226303790,9,3,6
24557,1693226303790,1692254039548,1692254039551,1693226303799,9,3,6
24558,1693226303799,1692254039555,1692254039558,1693226303806,7,3,4
24559,1693226303806,1692254039572,1692254039576,1693226303824,18,4,14
24560,1693226303824,1692254039595,1692254039598,1693226303846,22,3,19
24561,1693226303846,1692254039603,1692254039606,1693226303854,8,3,5
24562,1693226303854,1692254039613,1692254039618,1693226303866,12,5,7
24563,1693226303866,1692254039622,1692254039625,1693226303873,7,3,4
24564,1693226303873,1692254039629,1692254039632,1693226303879,6,3,3
24565,1693226303879,1692254039637,1692254039641,1693226303889,10,4,6
24566,1693226303889,1692254039645,1692254039648,1693226303896,7,3,4
24567,1693226303896,1692254039653,1692254039656,1693226303904,8,3,5
24568,1693226303904,1692254039677,1692254039681,1693226303929,25,4,21
24569,1693226303929,1692254039690,1692254039693,1693226303941,12,3,9
24570,1693226303941,1692254039698,1692254039726,1693226303974,33,28,5
24571,1693226303974,1692254039765,1692254039769,1693226304017,43,4,39
24572,1693226304017,1692254039793,1692254039796,1693226304044,27,3,24
24573,1693226304044,1692254039821,1692254039824,1693226304072,28,3,25
24574,1693226304072,1692254039842,1692254039845,1693226304093,21,3,18
24575,1693226304093,1692254039849,1692254039853,1693226304101,8,4,4
24576,1693226304101,1692254039889,1692254039892,1693226304140,39,3,36
24577,1693226304140,1692254039901,1692254039904,1693226304152,12,3,9
24578,1693226304152,1692254039908,1692254039912,1693226304160,8,4,4
24579,1693226304160,1692254039917,1692254039921,1693226304169,9,4,5
24580,1693226304169,1692254039937,1692254039941,1693226304189,20,4,16
24581,1693226304189,1692254039946,1692254039949,1693226304196,7,3,4
24582,1693226304196,1692254039952,1692254039955,1693226304203,7,3,4
24583,1693226304203,1692254039978,1692254039981,1693226304228,25,3,22
24584,1693226304228,1692254039987,1692254039990,1693226304238,10,3,7
24585,1693226304238,1692254039994,1692254039997,1693226304245,7,3,4
24586,1693226304245,1692254040018,1692254040025,1693226304273,28,7,21
24587,1693226304273,1692254040029,1692254040032,1693226304280,7,3,4
24588,1693226304280,1692254040036,1692254040039,1693226304287,7,3,4
24589,1693226304287,1692254040043,1692254040047,1693226304295,8,4,4
24590,1693226304295,1692254040052,1692254040055,1693226304303,8,3,5
24591,1693226304303,1692254040066,1692254040068,1693226304317,14,2,12
24592,1693226304317,1692254040073,1692254040076,1693226304324,7,3,4
24593,1693226304324,1692254040080,1692254040083,1693226304331,7,3,4
24594,1693226304331,1692254040094,1692254040099,1693226304347,16,5,11
24595,1693226304347,1692254040245,1692254040248,1693226304497,150,3,147
24596,1693226304497,1692254040270,1692254040273,1693226304521,24,3,21
24597,1693226304521,1692254040277,1692254040281,1693226304529,8,4,4
24598,1693226304529,1692254040285,1692254040288,1693226304536,7,3,4
24599,1693226304536,1692254040294,1692254040300,1693226304547,11,6,5
24600,1693226304547,1692254040309,1692254040312,1693226304560,13,3,10
24601,1693226304560,1692254040326,1692254040329,1693226304576,16,3,13
24602,1693226304576,1692254040342,1692254040344,1693226304592,16,2,14
24603,1693226304592,1692254040353,1692254040356,1693226304603,11,3,8
24604,1693226304603,1692254040365,1692254040369,1693226304616,13,4,9
24605,1693226304616,1692254040389,1692254040392,1693226304641,25,3,22
24606,1693226304641,1692254040398,1692254040401,1693226304648,7,3,4
24607,1693226304648,1692254040404,1692254040419,1693226304667,19,15,4
24608,1693226304667,1692254040446,1692254040448,1693226304696,29,2,27
24609,1693226304696,1692254040452,1692254040455,1693226304702,6,3,3
24610,1693226304702,1692254040485,1692254040488,1693226304736,34,3,31
24611,1693226304736,1692254040499,1692254040502,1693226304750,14,3,11
24612,1693226304750,1692254040507,1692254040510,1693226304779,29,3,26
24613,1693226304779,1692254040535,1692254040538,1693226304786,7,3,4
24614,1693226304786,1692254040543,1692254040545,1693226304793,7,2,5
24615,1693226304793,1692254040549,1692254040552,1693226304800,7,3,4
24616,1693226304800,1692254040556,1692254040559,1693226304807,7,3,4
24617,1693226304807,1692254040564,1692254040567,1693226304815,8,3,5
24618,1693226304815,1692254040572,1692254040575,1693226304823,8,3,5
24619,1693226304823,1692254040580,1692254040583,1693226304830,7,3,4
24620,1693226304830,1692254040587,1692254040590,1693226304838,8,3,5
24621,1693226304838,1692254040613,1692254040616,1693226304873,35,3,32
24622,1693226304873,1692254040629,1692254040633,1693226304881,8,4,4
24623,1693226304881,1692254040637,1692254040640,1693226304892,11,3,8
24624,1693226304892,1692254040649,1692254040651,1693226304899,7,2,5
24625,1693226304899,1692254040656,1692254040658,1693226304906,7,2,5
24626,1693226304906,1692254040694,1692254040707,1693226304955,49,13,36
24627,1693226304955,1692254040714,1692254040717,1693226304965,10,3,7
24628,1693226304965,1692254040765,1692254040768,1693226305016,51,3,48
24629,1693226305016,1692254040793,1692254040805,1693226305053,37,12,25
24630,1693226305053,1692254040814,1692254040817,1693226305065,12,3,9
24631,1693226305065,1692254040823,1692254040825,1693226305073,8,2,6
24632,1693226305073,1692254040845,1692254040847,1693226305095,22,2,20
24633,1693226305095,1692254040866,1692254040869,1693226305117,22,3,19
24634,1693226305117,1692254040875,1692254040878,1693226305126,9,3,6
24635,1693226305126,1692254040883,1692254040885,1693226305133,7,2,5
24636,1693226305133,1692254040890,1692254040894,1693226305143,10,4,6
24637,1693226305143,1692254040899,1692254040902,1693226305150,7,3,4
24638,1693226305150,1692254040912,1692254040915,1693226305163,13,3,10
24639,1693226305163,1692254040919,1692254040923,1693226305171,8,4,4
24640,1693226305171,1692254040928,1692254040932,1693226305179,8,4,4
24641,1693226305179,1692254040979,1692254040982,1693226305230,51,3,48
24642,1693226305230,1692254040986,1692254040993,1693226305241,11,7,4
24643,1693226305241,1692254040998,1692254041001,1693226305249,8,3,5
24644,1693226305249,1692254041006,1692254041009,1693226305257,8,3,5
24645,1693226305257,1692254041014,1692254041017,1693226305265,8,3,5
24646,1693226305265,1692254041021,1692254041024,1693226305272,7,3,4
24647,1693226305272,1692254041029,1692254041032,1693226305280,8,3,5
24648,1693226305280,1692254041036,1692254041039,1693226305287,7,3,4
24649,1693226305287,1692254041044,1692254041047,1693226305295,8,3,5
24650,1693226305295,1692254041052,1692254041060,1693226305308,13,8,5
24651,1693226305308,1692254041064,1692254041085,1693226305333,25,21,4
24652,1693226305333,1692254041129,1692254041133,1693226305381,48,4,44
24653,1693226305381,1692254041137,1692254041140,1693226305388,7,3,4
24654,1693226305388,1692254041147,1692254041150,1693226305398,10,3,7
24655,1693226305398,1692254041158,1692254041162,1693226305410,12,4,8
24656,1693226305410,1692254041177,1692254041180,1693226305428,18,3,15
24657,1693226305428,1692254041241,1692254041244,1693226305492,64,3,61
24658,1693226305492,1692254041250,1692254041253,1693226305501,9,3,6
24659,1693226305501,1692254041282,1692254041285,1693226305532,31,3,28
24660,1693226305532,1692254041346,1692254041349,1693226305597,65,3,62
24661,1693226305597,1692254041402,1692254041405,1693226305653,56,3,53
24662,1693226305653,1692254041461,1692254041464,1693226305712,59,3,56
24663,1693226305712,1692254041486,1692254041493,1693226305741,29,7,22
24664,1693226305741,1692254041497,1692254041500,1693226305748,7,3,4
24665,1693226305748,1692254041504,1692254041507,1693226305755,7,3,4
24666,1693226305755,1692254041511,1692254041514,1693226305762,7,3,4
24667,1693226305762,1692254041518,1692254041521,1693226305769,7,3,4
24668,1693226305769,1692254041525,1692254041528,1693226305776,7,3,4
24669,1693226305776,1692254041533,1692254041536,1693226305785,9,3,6
24670,1693226305785,1692254041577,1692254041581,1693226305829,44,4,40
24671,1693226305829,1692254041585,1692254041588,1693226305836,7,3,4
24672,1693226305836,1692254041602,1692254041606,1693226305855,19,4,15
24673,1693226305855,1692254041612,1692254041615,1693226305864,9,3,6
24674,1693226305864,1692254041620,1692254041623,1693226305871,7,3,4
24675,1693226305871,1692254041689,1692254041692,1693226305940,69,3,66
24676,1693226305940,1692254041697,1692254041699,1693226305947,7,2,5
24677,1693226305947,1692254041704,1692254041706,1693226305954,7,2,5
24678,1693226305954,1692254041729,1692254041733,1693226305980,26,4,22
24679,1693226305980,1692254041797,1692254041800,1693226306048,68,3,65
24680,1693226306048,1692254041811,1692254041814,1693226306062,14,3,11
24681,1693226306062,1692254041822,1692254041825,1693226306073,11,3,8
24682,1693226306073,1692254041830,1692254041833,1693226306081,8,3,5
24683,1693226306081,1692254041846,1692254041848,1693226306096,15,2,13
24684,1693226306096,1692254041853,1692254041856,1693226306104,8,3,5
24685,1693226306104,1692254041941,1692254041944,1693226306193,89,3,86
24686,1693226306193,1692254041950,1692254041954,1693226306202,9,4,5
24687,1693226306202,1692254042050,1692254042053,1693226306301,99,3,96
24688,1693226306302,1692254042059,1692254042063,1693226306311,9,4,5
24689,1693226306311,1692254042067,1692254042070,1693226306318,7,3,4
24690,1693226306318,1692254042145,1692254042148,1693226306396,78,3,75
24691,1693226306396,1692254042158,1692254042160,1693226306408,12,2,10
24692,1693226306408,1692254042166,1692254042169,1693226306417,9,3,6
24693,1693226306417,1692254042189,1692254042192,1693226306441,24,3,21
24694,1693226306441,1692254042210,1692254042212,1693226306460,19,2,17
24695,1693226306460,1692254042217,1692254042221,1693226306469,9,4,5
24696,1693226306469,1692254042230,1692254042233,1693226306480,11,3,8
24697,1693226306480,1692254042239,1692254042242,1693226306490,10,3,7
24698,1693226306490,1692254042246,1692254042249,1693226306497,7,3,4
24699,1693226306497,1692254042254,1692254042257,1693226306505,8,3,5
24700,1693226306505,1692254042277,1692254042280,1693226306528,23,3,20
24701,1693226306528,1692254042306,1692254042309,1693226306557,29,3,26
24702,1693226306557,1692254042313,1692254042316,1693226306564,7,3,4
24703,1693226306564,1692254042322,1692254042324,1693226306572,8,2,6
24704,1693226306572,1692254042350,1692254042353,1693226306601,29,3,26
24705,1693226306601,1692254042358,1692254042362,1693226306609,8,4,4
24706,1693226306610,1692254042446,1692254042449,1693226306697,87,3,84
24707,1693226306697,1692254042474,1692254042477,1693226306725,28,3,25
24708,1693226306725,1692254042482,1692254042484,1693226306732,7,2,5
24709,1693226306732,1692254042490,1692254042494,1693226306742,10,4,6
24710,1693226306742,1692254042502,1692254042505,1693226306753,11,3,8
24711,1693226306753,1692254042510,1692254042513,1693226306761,8,3,5
24712,1693226306761,1692254042518,1692254042520,1693226306768,7,2,5
24713,1693226306768,1692254042530,1692254042532,1693226306780,12,2,10
24714,1693226306780,1692254042542,1692254042544,1693226306792,12,2,10
24715,1693226306792,1692254042553,1692254042556,1693226306804,12,3,9
24716,1693226306804,1692254042560,1692254042563,1693226306811,7,3,4
24717,1693226306811,1692254042567,1692254042571,1693226306819,8,4,4
24718,1693226306819,1692254042575,1692254042578,1693226306826,7,3,4
24719,1693226306826,1692254042582,1692254042586,1693226306834,8,4,4
24720,1693226306834,1692254042593,1692254042597,1693226306845,11,4,7
24721,1693226306845,1692254042601,1692254042604,1693226306852,7,3,4
24722,1693226306852,1692254042609,1692254042612,1693226306860,8,3,5
24723,1693226306860,1692254042616,1692254042619,1693226306890,30,3,27
24724,1693226306890,1692254042649,1692254042651,1693226306899,9,2,7
24725,1693226306899,1692254042688,1692254042691,1693226306939,40,3,37
24726,1693226306939,1692254042695,1692254042698,1693226306946,7,3,4
24727,1693226306946,1692254042703,1692254042706,1693226306954,8,3,5
24728,1693226306954,1692254042714,1692254042717,1693226306965,11,3,8
24729,1693226306965,1692254042721,1692254042724,1693226306972,7,3,4
24730,1693226306972,1692254042728,1692254042731,1693226306979,7,3,4
24731,1693226306979,1692254042735,1692254042738,1693226306986,7,3,4
24732,1693226306986,1692254042743,1692254042746,1693226306994,8,3,5
24733,1693226306994,1692254042752,1692254042755,1693226307003,9,3,6
24734,1693226307003,1692254042759,1692254042762,1693226307010,7,3,4
24735,1693226307010,1692254042768,1692254042771,1693226307018,8,3,5
24736,1693226307018,1692254042774,1692254042777,1693226307025,7,3,4
24737,1693226307025,1692254042833,1692254042836,1693226307108,83,3,80
24738,1693226307108,1692254042878,1692254042881,1693226307129,21,3,18
24739,1693226307129,1692254042893,1692254042896,1693226307144,15,3,12
24740,1693226307144,1692254042925,1692254042928,1693226307176,32,3,29
24741,1693226307176,1692254042933,1692254042936,1693226307209,33,3,30
24742,1693226307209,1692254042965,1692254042968,1693226307216,7,3,4
24743,1693226307216,1692254042996,1692254042998,1693226307246,30,2,28
24744,1693226307246,1692254043004,1692254043007,1693226307255,9,3,6
24745,1693226307255,1692254043012,1692254043015,1693226307263,8,3,5
24746,1693226307263,1692254043062,1692254043067,1693226307315,52,5,47
24747,1693226307315,1692254043101,1692254043104,1693226307352,37,3,34
24748,1693226307352,1692254043108,1692254043111,1693226307359,7,3,4
24749,1693226307359,1692254043117,1692254043120,1693226307367,8,3,5
24750,1693226307367,1692254043124,1692254043127,1693226307375,8,3,5
24751,1693226307375,1692254043131,1692254043134,1693226307382,7,3,4
24752,1693226307382,1692254043146,1692254043155,1693226307407,25,9,16
24753,1693226307407,1692254043163,1692254043166,1693226307414,7,3,4
24754,1693226307414,1692254043221,1692254043224,1693226307472,58,3,55
24755,1693226307472,1692254043245,1692254043248,1693226307497,25,3,22
24756,1693226307497,1692254043261,1692254043265,1693226307516,19,4,15
24757,1693226307516,1692254043285,1692254043288,1693226307536,20,3,17
24758,1693226307536,1692254043318,1692254043321,1693226307582,46,3,43
24759,1693226307582,1692254043396,1692254043413,1693226307661,79,17,62
24760,1693226307661,1692254043417,1692254043420,1693226307668,7,3,4
24761,1693226307668,1692254043424,1692254043428,1693226307676,8,4,4
24762,1693226307676,1692254043445,1692254043448,1693226307701,25,3,22
24763,1693226307701,1692254043489,1692254043492,1693226307740,39,3,36
24764,1693226307740,1692254043496,1692254043499,1693226307746,6,3,3
24765,1693226307747,1692254043510,1692254043513,1693226307761,14,3,11
24766,1693226307761,1692254043517,1692254043520,1693226307768,7,3,4
24767,1693226307768,1692254043524,1692254043527,1693226307775,7,3,4
24768,1693226307775,1692254043533,1692254043536,1693226307784,9,3,6
24769,1693226307784,1692254043578,1692254043583,1693226307832,48,5,43
24770,1693226307832,1692254043588,1692254043623,1693226307871,39,35,4
24771,1693226307871,1692254043627,1692254043630,1693226307878,7,3,4
24772,1693226307878,1692254043637,1692254043640,1693226307888,10,3,7
24773,1693226307888,1692254043682,1692254043685,1693226307935,47,3,44
24774,1693226307935,1692254043691,1692254043694,1693226307942,7,3,4
24775,1693226307942,1692254043698,1692254043721,1693226307969,27,23,4
24776,1693226307969,1692254043725,1692254043728,1693226307976,7,3,4
24777,1693226307976,1692254043733,1692254043736,1693226307984,8,3,5
24778,1693226307984,1692254043740,1692254043743,1693226307991,7,3,4
24779,1693226307991,1692254043747,1692254043750,1693226307998,7,3,4
24780,1693226307998,1692254043762,1692254043765,1693226308013,15,3,12
24781,1693226308013,1692254043769,1692254043771,1693226308021,8,2,6
24782,1693226308021,1692254043782,1692254043786,1693226308034,13,4,9
24783,1693226308034,1692254043905,1692254043908,1693226308160,126,3,123
24784,1693226308160,1692254043917,1692254043920,1693226308168,8,3,5
24785,1693226308168,1692254043924,1692254043927,1693226308175,7,3,4
24786,1693226308175,1692254043982,1692254043985,1693226308233,58,3,55
24787,1693226308233,1692254043989,1692254043992,1693226308240,7,3,4
24788,1693226308241,1692254044025,1692254044028,1693226308276,35,3,32
24789,1693226308276,1692254044034,1692254044036,1693226308284,8,2,6
24790,1693226308285,1692254044042,1692254044044,1693226308292,7,2,5
24791,1693226308292,1692254044049,1692254044051,1693226308299,7,2,5
24792,1693226308300,1692254044063,1692254044066,1693226308314,14,3,11
24793,1693226308314,1692254044071,1692254044081,1693226308329,15,10,5
24794,1693226308329,1692254044153,1692254044156,1693226308404,75,3,72
24795,1693226308404,1692254044262,1692254044265,1693226308514,110,3,107
24796,1693226308514,1692254044274,1692254044276,1693226308524,10,2,8
24797,1693226308525,1692254044282,1692254044285,1693226308534,9,3,6
24798,1693226308534,1692254044377,1692254044380,1693226308628,94,3,91
24799,1693226308628,1692254044418,1692254044421,1693226308668,40,3,37
24800,1693226308668,1692254044424,1692254044427,1693226308675,7,3,4
24801,1693226308675,1692254044489,1692254044492,1693226308740,65,3,62
24802,1693226308740,1692254044529,1692254044533,1693226308780,40,4,36
24803,1693226308780,1692254044577,1692254044581,1693226308829,49,4,45
24804,1693226308829,1692254044629,1692254044632,1693226308881,52,3,49
24805,1693226308881,1692254044666,1692254044668,1693226308916,35,2,33
24806,1693226308916,1692254044673,1692254044675,1693226308923,7,2,5
24807,1693226308923,1692254044689,1692254044693,1693226308943,20,4,16
24808,1693226308943,1692254044699,1692254044716,1693226308964,21,17,4
24809,1693226308964,1692254044738,1692254044741,1693226308989,25,3,22
24810,1693226308989,1692254044761,1692254044764,1693226309012,23,3,20
24811,1693226309012,1692254044768,1692254044771,1693226309019,7,3,4
24812,1693226309019,1692254044776,1692254044778,1693226309026,7,2,5
24813,1693226309026,1692254044783,1692254044786,1693226309034,8,3,5
24814,1693226309034,1692254044809,1692254044812,1693226309064,30,3,27
24815,1693226309064,1692254044821,1692254044824,1693226309071,7,3,4
24816,1693226309071,1692254044827,1692254044830,1693226309078,7,3,4
24817,1693226309078,1692254044834,1692254044837,1693226309085,7,3,4
24818,1693226309085,1692254044865,1692254044868,1693226309116,31,3,28
24819,1693226309116,1692254044872,1692254044877,1693226309129,13,5,8
24820,1693226309129,1692254044885,1692254044905,1693226309153,24,20,4
24821,1693226309153,1692254044910,1692254044914,1693226309162,9,4,5
24822,1693226309162,1692254044919,1692254044923,1693226309170,8,4,4
24823,1693226309170,1692254044927,1692254044976,1693226309265,95,49,46
24824,1693226309265,1692254045021,1692254045024,1693226309272,7,3,4
24825,1693226309272,1692254045061,1692254045064,1693226309312,40,3,37
24826,1693226309313,1692254045072,1692254045075,1693226309322,9,3,6
24827,1693226309323,1692254045079,1692254045083,1693226309331,8,4,4
24828,1693226309331,1692254045088,1692254045091,1693226309339,8,3,5
24829,1693226309339,1692254045101,1692254045104,1693226309352,13,3,10
24830,1693226309352,1692254045114,1692254045117,1693226309365,13,3,10
24831,1693226309365,1692254045185,1692254045190,1693226309439,74,5,69
24832,1693226309439,1692254045206,1692254045209,1693226309458,19,3,16
24833,1693226309458,1692254045218,1692254045220,1693226309469,11,2,9
24834,1693226309469,1692254045233,1692254045236,1693226309484,15,3,12
24835,1693226309484,1692254045254,1692254045256,1693226309505,21,2,19
24836,1693226309505,1692254045296,1692254045299,1693226309547,42,3,39
24837,1693226309547,1692254045304,1692254045307,1693226309558,11,3,8
24838,1693226309558,1692254045346,1692254045349,1693226309597,39,3,36
24839,1693226309597,1692254045353,1692254045356,1693226309604,7,3,4
24840,1693226309604,1692254045361,1692254045365,1693226309613,9,4,5
24841,1693226309613,1692254045379,1692254045382,1693226309631,18,3,15
24842,1693226309631,1692254045387,1692254045390,1693226309638,7,3,4
24843,1693226309638,1692254045394,1692254045397,1693226309645,7,3,4
24844,1693226309645,1692254045401,1692254045405,1693226309652,7,4,3
24845,1693226309652,1692254045408,1692254045411,1693226309659,7,3,4
24846,1693226309659,1692254045416,1692254045419,1693226309668,9,3,6
24847,1693226309668,1692254045437,1692254045439,1693226309687,19,2,17
24848,1693226309687,1692254045453,1692254045456,1693226309704,17,3,14
24849,1693226309704,1692254045460,1692254045464,1693226309711,7,4,3
24850,1693226309711,1692254045468,1692254045471,1693226309719,8,3,5
24851,1693226309719,1692254045475,1692254045478,1693226309725,6,3,3
24852,1693226309726,1692254045482,1692254045484,1693226309732,6,2,4
24853,1693226309732,1692254045489,1692254045493,1693226309745,13,4,9
24854,1693226309745,1692254045522,1692254045524,1693226309772,27,2,25
24855,1693226309772,1692254045529,1692254045533,1693226309781,9,4,5
24856,1693226309781,1692254045557,1692254045560,1693226309808,27,3,24
24857,1693226309808,1692254045566,1692254045568,1693226309816,8,2,6
24858,1693226309816,1692254045579,1692254045582,1693226309830,14,3,11
24859,1693226309830,1692254045587,1692254045590,1693226309838,8,3,5
24860,1693226309838,1692254045595,1692254045598,1693226309846,8,3,5
24861,1693226309846,1692254045706,1692254045709,1693226309958,112,3,109
24862,1693226309958,1692254045714,1692254045717,1693226309967,9,3,6
24863,1693226309967,1692254045773,1692254045776,1693226310024,57,3,54
24864,1693226310024,1692254045829,1692254045845,1693226310093,69,16,53
24865,1693226310093,1692254045862,1692254045865,1693226310113,20,3,17
24866,1693226310113,1692254045870,1692254045872,1693226310120,7,2,5
24867,1693226310120,1692254045886,1692254045888,1693226310136,16,2,14
24868,1693226310136,1692254045912,1692254045915,1693226310163,27,3,24
24869,1693226310163,1692254045920,1692254045923,1693226310171,8,3,5
24870,1693226310171,1692254045930,1692254045933,1693226310181,10,3,7
24871,1693226310181,1692254046009,1692254046012,1693226310260,79,3,76
24872,1693226310260,1692254046016,1692254046023,1693226310271,11,7,4
24873,1693226310271,1692254046076,1692254046080,1693226310328,57,4,53
24874,1693226310328,1692254046105,1692254046108,1693226310356,28,3,25
24875,1693226310356,1692254046157,1692254046160,1693226310408,52,3,49
24876,1693226310408,1692254046164,1692254046167,1693226310415,7,3,4
24877,1693226310415,1692254046179,1692254046182,1693226310430,15,3,12
24878,1693226310430,1692254046193,1692254046196,1693226310444,14,3,11
24879,1693226310444,1692254046201,1692254046204,1693226310452,8,3,5
24880,1693226310452,1692254046237,1692254046240,1693226310488,36,3,33
24881,1693226310488,1692254046281,1692254046284,1693226310531,43,3,40
24882,1693226310531,1692254046293,1692254046296,1693226310544,13,3,10
24883,1693226310544,1692254046300,1692254046303,1693226310551,7,3,4
24884,1693226310551,1692254046308,1692254046312,1693226310683,132,4,128
24885,1693226310683,1692254046446,1692254046450,1693226310697,14,4,10
24886,1693226310697,1692254046477,1692254046480,1693226310728,31,3,28
24887,1693226310728,1692254046517,1692254046520,1693226310767,39,3,36
24888,1693226310767,1692254046525,1692254046528,1693226310776,9,3,6
24889,1693226310776,1692254046534,1692254046537,1693226310785,9,3,6
24890,1693226310785,1692254046558,1692254046560,1693226310808,23,2,21
24891,1693226310808,1692254046586,1692254046589,1693226310837,29,3,26
24892,1693226310837,1692254046594,1692254046658,1693226310907,70,64,6
24893,1693226310907,1692254046690,1692254046693,1693226310941,34,3,31
24894,1693226310941,1692254046698,1692254046701,1693226310949,8,3,5
24895,1693226310949,1692254046730,1692254046733,1693226310981,32,3,29
24896,1693226310981,1692254046738,1692254046740,1693226310990,9,2,7
24897,1693226310991,1692254046747,1692254046750,1693226310998,7,3,4
24898,1693226310998,1692254046754,1692254046757,1693226311005,7,3,4
24899,1693226311005,1692254046774,1692254046829,1693226311077,72,55,17
24900,1693226311077,1692254046834,1692254046845,1693226311093,16,11,5
24901,1693226311093,1692254046849,1692254046853,1693226311101,8,4,4
24902,1693226311101,1692254046858,1692254046861,1693226311109,8,3,5
24903,1693226311109,1692254046865,1692254046868,1693226311116,7,3,4
24904,1693226311116,1692254046872,1692254046875,1693226311123,7,3,4
24905,1693226311123,1692254046882,1692254046885,1693226311133,10,3,7
24906,1693226311133,1692254046889,1692254046892,1693226311139,6,3,3
24907,1693226311140,1692254046896,1692254046898,1693226311146,6,2,4
24908,1693226311146,1692254046903,1692254046906,1693226311154,8,3,5
24909,1693226311154,1692254046915,1692254046918,1693226311166,12,3,9
24910,1693226311166,1692254046923,1692254046926,1693226311174,8,3,5
24911,1693226311174,1692254046931,1692254046934,1693226311182,8,3,5
24912,1693226311182,1692254046946,1692254046949,1693226311197,15,3,12
24913,1693226311197,1692254046958,1692254046961,1693226311209,12,3,9
24914,1693226311209,1692254046979,1692254046982,1693226311230,21,3,18
24915,1693226311230,1692254046990,1692254046992,1693226311240,10,2,8
24916,1693226311240,1692254047006,1692254047009,1693226311257,17,3,14
24917,1693226311257,1692254047014,1692254047017,1693226311265,8,3,5
24918,1693226311265,1692254047021,1692254047024,1693226311272,7,3,4
24919,1693226311272,1692254047065,1692254047068,1693226311316,44,3,41
24920,1693226311316,1692254047072,1692254047076,1693226311324,8,4,4
24921,1693226311324,1692254047081,1692254047084,1693226311332,8,3,5
24922,1693226311332,1692254047089,1692254047092,1693226311340,8,3,5
24923,1693226311340,1692254047118,1692254047121,1693226311369,29,3,26
24924,1693226311369,1692254047138,1692254047141,1693226311389,20,3,17
24925,1693226311389,1692254047145,1692254047148,1693226311396,7,3,4
24926,1693226311396,1692254047157,1692254047160,1693226311408,12,3,9
24927,1693226311408,1692254047167,1692254047170,1693226311418,10,3,7
24928,1693226311418,1692254047178,1692254047180,1693226311428,10,2,8
24929,1693226311428,1692254047186,1692254047191,1693226311439,11,5,6
24930,1693226311439,1692254047205,1692254047225,1693226311473,34,20,14
24931,1693226311473,1692254047230,1692254047233,1693226311481,8,3,5
24932,1693226311481,1692254047249,1692254047252,1693226311503,22,3,19
24933,1693226311503,1692254047259,1692254047262,1693226311510,7,3,4
24934,1693226311510,1692254047270,1692254047272,1693226311520,10,2,8
24935,1693226311520,1692254047289,1692254047292,1693226311540,20,3,17
24936,1693226311540,1692254047297,1692254047299,1693226311547,7,2,5
24937,1693226311547,1692254047304,1692254047307,1693226311554,7,3,4
24938,1693226311555,1692254047321,1692254047324,1693226311572,17,3,14
24939,1693226311572,1692254047346,1692254047369,1693226311617,45,23,22
24940,1693226311617,1692254047374,1692254047377,1693226311625,8,3,5
24941,1693226311625,1692254047382,1692254047384,1693226311632,7,2,5
24942,1693226311632,1692254047389,1692254047392,1693226311640,8,3,5
24943,1693226311640,1692254047396,1692254047399,1693226311647,7,3,4
24944,1693226311647,1692254047404,1692254047406,1693226311654,7,2,5
24945,1693226311654,1692254047411,1692254047414,1693226311662,8,3,5
24946,1693226311662,1692254047418,1692254047421,1693226311670,8,3,5
24947,1693226311670,1692254047453,1692254047456,1693226311704,34,3,31
24948,1693226311704,1692254047465,1692254047468,1693226311716,12,3,9
24949,1693226311716,1692254047473,1692254047475,1693226311723,7,2,5
24950,1693226311723,1692254047479,1692254047482,1693226311730,7,3,4
24951,1693226311730,1692254047486,1692254047489,1693226311737,7,3,4
24952,1693226311737,1692254047493,1692254047496,1693226311743,6,3,3
24953,1693226311743,1692254047506,1692254047508,1693226311756,13,2,11
24954,1693226311756,1692254047513,1692254047516,1693226311764,8,3,5
24955,1693226311764,1692254047520,1692254047523,1693226311770,6,3,3
24956,1693226311770,1692254047554,1692254047556,1693226311804,34,2,32
24957,1693226311804,1692254047573,1692254047576,1693226311824,20,3,17
24958,1693226311824,1692254047581,1692254047583,1693226311831,7,2,5
24959,1693226311831,1692254047594,1692254047598,1693226311845,14,4,10
24960,1693226311845,1692254047602,1692254047605,1693226311852,7,3,4
24961,1693226311852,1692254047609,1692254047612,1693226311860,8,3,5
24962,1693226311860,1692254047646,1692254047648,1693226311896,36,2,34
24963,1693226311897,1692254047654,1692254047656,1693226311904,7,2,5
24964,1693226311904,1692254047673,1692254047677,1693226311926,22,4,18
24965,1693226311926,1692254047690,1692254047692,1693226311940,14,2,12
24966,1693226311940,1692254047697,1692254047700,1693226311948,8,3,5
24967,1693226311949,1692254047706,1692254047709,1693226311958,9,3,6
24968,1693226311958,1692254047714,1692254047718,1693226311966,8,4,4
24969,1693226311966,1692254047741,1692254047744,1693226311992,26,3,23
24970,1693226311992,1692254047750,1692254047754,1693226312002,10,4,6
24971,1693226312002,1692254047758,1692254047762,1693226312011,9,4,5
24972,1693226312011,1692254047770,1692254047773,1693226312021,10,3,7
24973,1693226312021,1692254047777,1692254047781,1693226312028,7,4,3
24974,1693226312028,1692254047786,1692254047789,1693226312037,9,3,6
24975,1693226312037,1692254047794,1692254047797,1693226312045,8,3,5
24976,1693226312045,1692254047802,1692254047804,1693226312052,7,2,5
24977,1693226312052,1692254047809,1692254047812,1693226312060,8,3,5
24978,1693226312060,1692254047816,1692254047819,1693226312067,7,3,4
24979,1693226312067,1692254047824,1692254047827,1693226312075,8,3,5
24980,1693226312075,1692254047831,1692254047834,1693226312082,7,3,4
24981,1693226312082,1692254047839,1692254047842,1693226312089,7,3,4
24982,1693226312090,1692254047846,1692254047849,1693226312097,7,3,4
24983,1693226312097,1692254047854,1692254047856,1693226312104,7,2,5
24984,1693226312104,1692254047861,1692254047864,1693226312111,7,3,4
24985,1693226312111,1692254047868,1692254047871,1693226312119,8,3,5
24986,1693226312119,1692254047875,1692254047878,1693226312125,6,3,3
24987,1693226312125,1692254047882,1692254047885,1693226312134,9,3,6
24988,1693226312134,1692254047891,1692254047894,1693226312141,7,3,4
24989,1693226312142,1692254047898,1692254047901,1693226312149,7,3,4
24990,1693226312149,1692254047906,1692254047908,1693226312156,7,2,5
24991,1693226312156,1692254047913,1692254047916,1693226312164,8,3,5
24992,1693226312164,1692254047920,1692254047924,1693226312171,7,4,3
24993,1693226312171,1692254047947,1692254047950,1693226312198,27,3,24
24994,1693226312198,1692254047962,1692254047964,1693226312212,14,2,12
24995,1693226312212,1692254047969,1692254047972,1693226312220,8,3,5
24996,1693226312220,1692254047976,1692254047979,1693226312227,7,3,4
24997,1693226312227,1692254047983,1692254047986,1693226312236,9,3,6
24998,1693226312236,1692254047992,1692254047995,1693226312243,7,3,4
24999,1693226312243,1692254047999,1692254048002,1693226312250,7,3,4
25000,1693226312250,1692254048007,1692254048009,1693226312257,7,2,5
25001,1693226312257,1692254048014,1692254048018,1693226312266,9,4,5
25002,1693226312266,1692254048038,1692254048040,1693226312289,23,2,21
25003,1693226312289,1692254048045,1692254048048,1693226312296,7,3,4
25004,1693226312296,1692254048053,1692254048056,1693226312304,8,3,5
25005,1693226312304,1692254048074,1692254048077,1693226312325,21,3,18
25006,1693226312325,1692254048082,1692254048085,1693226312333,8,3,5
25007,1693226312333,1692254048097,1692254048100,1693226312348,15,3,12
25008,1693226312348,1692254048105,1692254048108,1693226312356,8,3,5
25009,1693226312356,1692254048117,1692254048120,1693226312367,11,3,8
25010,1693226312367,1692254048123,1692254048127,1693226312374,7,4,3
25011,1693226312374,1692254048146,1692254048148,1693226312396,22,2,20
25012,1693226312396,1692254048153,1692254048157,1693226312405,9,4,5
25013,1693226312405,1692254048162,1692254048165,1693226312412,7,3,4
25014,1693226312412,1692254048169,1692254048172,1693226312419,7,3,4
25015,1693226312419,1692254048194,1692254048197,1693226312445,26,3,23
25016,1693226312445,1692254048302,1692254048305,1693226312553,108,3,105
25017,1693226312553,1692254048309,1692254048312,1693226312560,7,3,4
25018,1693226312560,1692254048316,1692254048321,1693226312569,9,5,4
25019,1693226312569,1692254048358,1692254048360,1693226312608,39,2,37
25020,1693226312608,1692254048366,1692254048368,1693226312616,8,2,6
25021,1693226312616,1692254048373,1692254048376,1693226312623,7,3,4
25022,1693226312624,1692254048418,1692254048421,1693226312669,45,3,42
25023,1693226312669,1692254048425,1692254048428,1693226312676,7,3,4
25024,1693226312676,1692254048432,1692254048435,1693226312683,7,3,4
25025,1693226312683,1692254048454,1692254048456,1693226312704,21,2,19
25026,1693226312704,1692254048462,1692254048465,1693226312713,9,3,6
25027,1693226312713,1692254048502,1692254048504,1693226312752,39,2,37
25028,1693226312752,1692254048522,1692254048525,1693226312773,21,3,18
25029,1693226312773,1692254048530,1692254048533,1693226312781,8,3,5
25030,1693226312781,1692254048540,1692254048543,1693226312791,10,3,7
25031,1693226312791,1692254048547,1692254048550,1693226312798,7,3,4
25032,1693226312798,1692254048554,1692254048557,1693226312805,7,3,4
25033,1693226312805,1692254048570,1692254048573,1693226312821,16,3,13
25034,1693226312821,1692254048581,1692254048584,1693226312833,12,3,9
25035,1693226312833,1692254048590,1692254048593,1693226312841,8,3,5
25036,1693226312841,1692254048598,1692254048602,1693226312849,8,4,4
25037,1693226312849,1692254048638,1692254048642,1693226312890,41,4,37
25038,1693226312890,1692254048647,1692254048650,1693226312898,8,3,5
25039,1693226312898,1692254048680,1692254048682,1693226312930,32,2,30
25040,1693226312930,1692254048705,1692254048708,1693226312956,26,3,23
25041,1693226312956,1692254048741,1692254048744,1693226312992,36,3,33
25042,1693226312992,1692254048748,1692254048751,1693226312999,7,3,4
25043,1693226312999,1692254048756,1692254048759,1693226313007,8,3,5
25044,1693226313007,1692254048764,1692254048767,1693226313015,8,3,5
25045,1693226313015,1692254048771,1692254048774,1693226313022,7,3,4
25046,1693226313022,1692254048778,1692254048781,1693226313029,7,3,4
25047,1693226313029,1692254048830,1692254048833,1693226313081,52,3,49
25048,1693226313081,1692254048842,1692254048845,1693226313096,15,3,12
25049,1693226313096,1692254048862,1692254048865,1693226313112,16,3,13
25050,1693226313112,1692254048869,1692254048872,1693226313120,8,3,5
25051,1693226313120,1692254048876,1692254048879,1693226313127,7,3,4
25052,1693226313127,1692254048917,1692254048920,1693226313168,41,3,38
25053,1693226313168,1692254048924,1692254048928,1693226313176,8,4,4
25054,1693226313176,1692254048932,1692254048936,1693226313183,7,4,3
25055,1693226313183,1692254049075,1692254049078,1693226313326,143,3,140
25056,1693226313326,1692254049146,1692254049149,1693226313397,71,3,68
25057,1693226313397,1692254049213,1692254049216,1693226313464,67,3,64
25058,1693226313464,1692254049222,1692254049225,1693226313473,9,3,6
25059,1693226313473,1692254049230,1692254049232,1693226313481,8,2,6
25060,1693226313481,1692254049261,1692254049264,1693226313512,31,3,28
25061,1693226313512,1692254049268,1692254049272,1693226313519,7,4,3
25062,1693226313520,1692254049276,1692254049279,1693226313527,7,3,4
25063,1693226313527,1692254049297,1692254049300,1693226313550,23,3,20
25064,1693226313550,1692254049333,1692254049336,1693226313584,34,3,31
25065,1693226313584,1692254049340,1692254049344,1693226313591,7,4,3
25066,1693226313591,1692254049348,1692254049351,1693226313599,8,3,5
25067,1693226313599,1692254049356,1692254049358,1693226313606,7,2,5
25068,1693226313606,1692254049398,1692254049400,1693226313648,42,2,40
25069,1693226313648,1692254049417,1692254049420,1693226313668,20,3,17
25070,1693226313668,1692254049453,1692254049456,1693226313704,36,3,33
25071,1693226313704,1692254049461,1692254049464,1693226313712,8,3,5
25072,1693226313712,1692254049469,1692254049472,1693226313720,8,3,5
25073,1693226313720,1692254049476,1692254049479,1693226313727,7,3,4
25074,1693226313727,1692254049484,1692254049489,1693226313737,10,5,5
25075,1693226313737,1692254049535,1692254049539,1693226313787,50,4,46
25076,1693226313787,1692254049550,1692254049552,1693226313801,14,2,12
25077,1693226313801,1692254049557,1692254049561,1693226313809,8,4,4
25078,1693226313809,1692254049565,1692254049574,1693226313823,14,9,5
25079,1693226313823,1692254049579,1692254049582,1693226313831,8,3,5
25080,1693226313831,1692254049589,1692254049593,1693226313841,10,4,6
25081,1693226313841,1692254049597,1692254049633,1693226313881,40,36,4
25082,1693226313881,1692254049674,1692254049677,1693226313925,44,3,41
25083,1693226313925,1692254049683,1692254049686,1693226313934,9,3,6
25084,1693226313934,1692254049697,1692254049700,1693226313948,14,3,11
25085,1693226313948,1692254049710,1692254049714,1693226313961,13,4,9
25086,1693226313961,1692254049718,1692254049722,1693226313970,9,4,5
25087,1693226313970,1692254049727,1692254049730,1693226313978,8,3,5
25088,1693226313978,1692254049745,1692254049748,1693226313996,18,3,15
25089,1693226313996,1692254049754,1692254049758,1693226314006,10,4,6
25090,1693226314006,1692254049805,1692254049808,1693226314056,50,3,47
25091,1693226314056,1692254049812,1692254049815,1693226314063,7,3,4
25092,1693226314063,1692254049819,1692254049822,1693226314070,7,3,4
25093,1693226314070,1692254049826,1692254049829,1693226314077,7,3,4
25094,1693226314077,1692254049833,1692254049836,1693226314084,7,3,4
25095,1693226314084,1692254049862,1692254049864,1693226314112,28,2,26
25096,1693226314112,1692254049913,1692254049917,1693226314166,54,4,50
25097,1693226314166,1692254049922,1692254049927,1693226314174,8,5,3
25098,1693226314174,1692254049942,1692254049944,1693226314192,18,2,16
25099,1693226314192,1692254049949,1692254049952,1693226314200,8,3,5
25100,1693226314200,1692254049956,1692254049959,1693226314207,7,3,4
25101,1693226314207,1692254050037,1692254050040,1693226314288,81,3,78
25102,1693226314288,1692254050044,1692254050047,1693226314294,6,3,3
25103,1693226314294,1692254050084,1692254050087,1693226314335,41,3,38
25104,1693226314335,1692254050091,1692254050094,1693226314342,7,3,4
25105,1693226314342,1692254050110,1692254050113,1693226314361,19,3,16
25106,1693226314361,1692254050150,1692254050152,1693226314401,40,2,38
25107,1693226314401,1692254050166,1692254050169,1693226314417,16,3,13
25108,1693226314417,1692254050178,1692254050180,1693226314428,11,2,9
25109,1693226314428,1692254050185,1692254050189,1693226314438,10,4,6
25110,1693226314438,1692254050202,1692254050206,1693226314481,43,4,39
25111,1693226314481,1692254050249,1692254050252,1693226314500,19,3,16
25112,1693226314500,1692254050263,1692254050266,1693226314514,14,3,11
25113,1693226314514,1692254050271,1692254050274,1693226314521,7,3,4
25114,1693226314521,1692254050277,1692254050280,1693226314528,7,3,4
25115,1693226314528,1692254050317,1692254050320,1693226314568,40,3,37
25116,1693226314568,1692254050324,1692254050327,1693226314575,7,3,4
25117,1693226314575,1692254050331,1692254050334,1693226314582,7,3,4
25118,1693226314582,1692254050338,1692254050341,1693226314589,7,3,4
25119,1693226314589,1692254050346,1692254050348,1693226314596,7,2,5
25120,1693226314596,1692254050353,1692254050356,1693226314604,8,3,5
25121,1693226314604,1692254050361,1692254050364,1693226314612,8,3,5
25122,1693226314612,1692254050368,1692254050371,1693226314619,7,3,4
25123,1693226314619,1692254050375,1692254050378,1693226314626,7,3,4
25124,1693226314626,1692254050383,1692254050385,1693226314633,7,2,5
25125,1693226314633,1692254050390,1692254050405,1693226314652,19,15,4
25126,1693226314653,1692254050420,1692254050423,1693226314671,18,3,15
25127,1693226314671,1692254050428,1692254050431,1693226314679,8,3,5
25128,1693226314679,1692254050441,1692254050444,1693226314692,13,3,10
25129,1693226314692,1692254050449,1692254050452,1693226314700,8,3,5
25130,1693226314700,1692254050457,1692254050460,1693226314707,7,3,4
25131,1693226314707,1692254050464,1692254050467,1693226314714,7,3,4
25132,1693226314714,1692254050471,1692254050473,1693226314721,7,2,5
25133,1693226314721,1692254050478,1692254050481,1693226314729,8,3,5
25134,1693226314729,1692254050485,1692254050488,1693226314736,7,3,4
25135,1693226314736,1692254050492,1692254050495,1693226314743,7,3,4
25136,1693226314743,1692254050499,1692254050502,1693226314750,7,3,4
25137,1693226314750,1692254050506,1692254050509,1693226314757,7,3,4
25138,1693226314757,1692254050534,1692254050536,1693226314784,27,2,25
25139,1693226314784,1692254050561,1692254050564,1693226314812,28,3,25
25140,1693226314812,1692254050569,1692254050571,1693226314819,7,2,5
25141,1693226314819,1692254050576,1692254050579,1693226314835,16,3,13
25142,1693226314835,1692254050592,1692254050613,1693226314861,26,21,5
25143,1693226314862,1692254050618,1692254050620,1693226314868,6,2,4
25144,1693226314868,1692254050630,1692254050632,1693226314910,42,2,40
25145,1693226314910,1692254050667,1692254050670,1693226314918,8,3,5
25146,1693226314918,1692254050675,1692254050679,1693226314927,9,4,5
25147,1693226314927,1692254050686,1692254050689,1693226314937,10,3,7
25148,1693226314937,1692254050706,1692254050708,1693226314957,20,2,18
25149,1693226314957,1692254050714,1692254050718,1693226314965,8,4,4
25150,1693226314965,1692254050729,1692254050732,1693226314980,15,3,12
25151,1693226314980,1692254050738,1692254050742,1693226314989,9,4,5
25152,1693226314989,1692254050746,1692254050748,1693226314996,7,2,5
25153,1693226314996,1692254050752,1692254050755,1693226315003,7,3,4
25154,1693226315003,1692254050760,1692254050762,1693226315010,7,2,5
25155,1693226315010,1692254050767,1692254050771,1693226315019,9,4,5
25156,1693226315019,1692254050775,1692254050778,1693226315026,7,3,4
25157,1693226315026,1692254050782,1692254050785,1693226315033,7,3,4
25158,1693226315033,1692254050789,1692254050793,1693226315137,104,4,100
25159,1693226315137,1692254050913,1692254050917,1693226315165,28,4,24
25160,1693226315165,1692254050921,1692254050924,1693226315172,7,3,4
25161,1693226315172,1692254050929,1692254050932,1693226315180,8,3,5
25162,1693226315180,1692254050985,1692254050988,1693226315236,56,3,53
25163,1693226315236,1692254051014,1692254051017,1693226315265,29,3,26
25164,1693226315265,1692254051029,1692254051032,1693226315280,15,3,12
25165,1693226315280,1692254051037,1692254051040,1693226315288,8,3,5
25166,1693226315288,1692254051046,1692254051048,1693226315296,8,2,6
25167,1693226315296,1692254051053,1692254051056,1693226315303,7,3,4
25168,1693226315303,1692254051062,1692254051069,1693226315317,14,7,7
25169,1693226315317,1692254051073,1692254051076,1693226315324,7,3,4
25170,1693226315324,1692254051080,1692254051083,1693226315331,7,3,4
25171,1693226315331,1692254051087,1692254051092,1693226315340,9,5,4
25172,1693226315340,1692254051096,1692254051099,1693226315348,8,3,5
25173,1693226315348,1692254051114,1692254051117,1693226315365,17,3,14
25174,1693226315365,1692254051121,1692254051124,1693226315372,7,3,4
25175,1693226315372,1692254051128,1692254051131,1693226315379,7,3,4
25176,1693226315379,1692254051135,1692254051138,1693226315385,6,3,3
25177,1693226315385,1692254051158,1692254051161,1693226315409,24,3,21
25178,1693226315409,1692254051193,1692254051195,1693226315444,35,2,33
25179,1693226315444,1692254051200,1692254051204,1693226315452,8,4,4
25180,1693226315452,1692254051209,1692254051212,1693226315460,8,3,5
25181,1693226315460,1692254051238,1692254051241,1693226315488,28,3,25
25182,1693226315489,1692254051246,1692254051249,1693226315497,8,3,5
25183,1693226315497,1692254051273,1692254051293,1693226315541,44,20,24
25184,1693226315541,1692254051301,1692254051304,1693226315552,11,3,8
25185,1693226315552,1692254051310,1692254051313,1693226315561,9,3,6
25186,1693226315561,1692254051322,1692254051324,1693226315572,11,2,9
25187,1693226315572,1692254051329,1692254051332,1693226315579,7,3,4
25188,1693226315579,1692254051342,1692254051345,1693226315593,14,3,11
25189,1693226315593,1692254051354,1692254051356,1693226315604,11,2,9
25190,1693226315604,1692254051361,1692254051364,1693226315612,8,3,5
25191,1693226315612,1692254051370,1692254051373,1693226315621,9,3,6
25192,1693226315621,1692254051377,1692254051380,1693226315628,7,3,4
25193,1693226315628,1692254051384,1692254051388,1693226315635,7,4,3
25194,1693226315636,1692254051393,1692254051396,1693226315643,7,3,4
25195,1693226315643,1692254051400,1692254051403,1693226315651,8,3,5
25196,1693226315651,1692254051407,1692254051410,1693226315658,7,3,4
25197,1693226315658,1692254051415,1692254051419,1693226315666,8,4,4
25198,1693226315666,1692254051423,1692254051425,1693226315673,7,2,5
25199,1693226315673,1692254051429,1692254051431,1693226315679,6,2,4
25200,1693226315679,1692254051436,1692254051439,1693226315687,8,3,5
25201,1693226315687,1692254051443,1692254051446,1693226315694,7,3,4
25202,1693226315694,1692254051454,1692254051457,1693226315705,11,3,8
25203,1693226315705,1692254051461,1692254051463,1693226315711,6,2,4
25204,1693226315711,1692254051467,1692254051470,1693226315718,7,3,4
25205,1693226315718,1692254051474,1692254051478,1693226315725,7,4,3
25206,1693226315725,1692254051482,1692254051485,1693226315733,8,3,5
25207,1693226315733,1692254051490,1692254051493,1693226315741,8,3,5
25208,1693226315741,1692254051497,1692254051500,1693226315747,6,3,3
25209,1693226315747,1692254051504,1692254051506,1693226315754,7,2,5
25210,1693226315754,1692254051510,1692254051513,1693226315761,7,3,4
25211,1693226315761,1692254051517,1692254051520,1693226315767,6,3,3
25212,1693226315767,1692254051524,1692254051527,1693226315775,8,3,5
25213,1693226315775,1692254051534,1692254051537,1693226315784,9,3,6
25214,1693226315785,1692254051562,1692254051565,1693226315813,28,3,25
25215,1693226315813,1692254051573,1692254051576,1693226315824,11,3,8
25216,1693226315824,1692254051580,1692254051583,1693226315830,6,3,3
25217,1693226315830,1692254051588,1692254051592,1693226315840,10,4,6
25218,1693226315840,1692254051596,1692254051610,1693226315858,18,14,4
25219,1693226315858,1692254051649,1692254051653,1693226315901,43,4,39
25220,1693226315901,1692254051677,1692254051682,1693226315930,29,5,24
25221,1693226315930,1692254051701,1692254051704,1693226315952,22,3,19
25222,1693226315952,1692254051710,1692254051715,1693226315963,11,5,6
25223,1693226315963,1692254051734,1692254051736,1693226315984,21,2,19
25224,1693226315984,1692254051741,1692254051744,1693226315992,8,3,5
25225,1693226315992,1692254051757,1692254051760,1693226316008,16,3,13
25226,1693226316008,1692254051781,1692254051784,1693226316031,23,3,20
25227,1693226316031,1692254051805,1692254051808,1693226316056,25,3,22
25228,1693226316056,1692254051814,1692254051817,1693226316065,9,3,6
25229,1693226316065,1692254051846,1692254051850,1693226316098,33,4,29
25230,1693226316098,1692254051858,1692254051860,1693226316110,12,2,10
25231,1693226316110,1692254051870,1692254051873,1693226316121,11,3,8
25232,1693226316121,1692254051877,1692254051881,1693226316129,8,4,4
25233,1693226316129,1692254051913,1692254051916,1693226316164,35,3,32
25234,1693226316164,1692254051921,1692254051923,1693226316171,7,2,5
25235,1693226316171,1692254051929,1692254051932,1693226316180,9,3,6
25236,1693226316180,1692254051937,1692254051940,1693226316188,8,3,5
25237,1693226316188,1692254051954,1692254051956,1693226316204,16,2,14
25238,1693226316204,1692254051960,1692254051964,1693226316213,9,4,5
25239,1693226316213,1692254051969,1692254051973,1693226316221,8,4,4
25240,1693226316221,1692254051977,1692254051980,1693226316228,7,3,4
25241,1693226316228,1692254051984,1692254051987,1693226316235,7,3,4
25242,1693226316235,1692254051991,1692254051994,1693226316242,7,3,4
25243,1693226316242,1692254052002,1692254052005,1693226316253,11,3,8
25244,1693226316253,1692254052010,1692254052012,1693226316260,7,2,5
25245,1693226316260,1692254052017,1692254052020,1693226316268,8,3,5
25246,1693226316268,1692254052025,1692254052028,1693226316276,8,3,5
25247,1693226316276,1692254052037,1692254052040,1693226316288,12,3,9
25248,1693226316288,1692254052050,1692254052053,1693226316300,12,3,9
25249,1693226316301,1692254052057,1692254052060,1693226316308,7,3,4
25250,1693226316308,1692254052064,1692254052068,1693226316315,7,4,3
25251,1693226316316,1692254052072,1692254052076,1693226316324,8,4,4
25252,1693226316324,1692254052080,1692254052083,1693226316330,6,3,3
25253,1693226316330,1692254052087,1692254052091,1693226316339,9,4,5
25254,1693226316339,1692254052096,1692254052099,1693226316347,8,3,5
25255,1693226316347,1692254052110,1692254052113,1693226316361,14,3,11
25256,1693226316361,1692254052147,1692254052149,1693226316397,36,2,34
25257,1693226316397,1692254052170,1692254052174,1693226316422,25,4,21
25258,1693226316422,1692254052201,1692254052204,1693226316452,30,3,27
25259,1693226316452,1692254052208,1692254052211,1693226316459,7,3,4
25260,1693226316459,1692254052216,1692254052219,1693226316467,8,3,5
25261,1693226316467,1692254052224,1692254052227,1693226316475,8,3,5
25262,1693226316475,1692254052237,1692254052240,1693226316488,13,3,10
25263,1693226316488,1692254052245,1692254052248,1693226316496,8,3,5
25264,1693226316496,1692254052257,1692254052260,1693226316543,47,3,44
25265,1693226316543,1692254052299,1692254052302,1693226316550,7,3,4
25266,1693226316550,1692254052353,1692254052356,1693226316604,54,3,51
25267,1693226316604,1692254052393,1692254052396,1693226316644,40,3,37
25268,1693226316644,1692254052406,1692254052409,1693226316656,12,3,9
25269,1693226316657,1692254052441,1692254052443,1693226316691,34,2,32
25270,1693226316691,1692254052466,1692254052469,1693226316717,26,3,23
25271,1693226316717,1692254052513,1692254052516,1693226316764,47,3,44
25272,1693226316764,1692254052588,1692254052591,1693226316839,75,3,72
25273,1693226316840,1692254052618,1692254052621,1693226316869,29,3,26
25274,1693226316869,1692254052625,1692254052628,1693226316876,7,3,4
25275,1693226316876,1692254052632,1692254052635,1693226316883,7,3,4
25276,1693226316883,1692254052697,1692254052701,1693226316948,65,4,61
25277,1693226316949,1692254052710,1692254052713,1693226316961,12,3,9
25278,1693226316961,1692254052718,1692254052741,1693226316989,28,23,5
25279,1693226316989,1692254052909,1692254052913,1693226317161,172,4,168
25280,1693226317161,1692254052918,1692254052922,1693226317170,9,4,5
25281,1693226317170,1692254052927,1692254052931,1693226317178,8,4,4
25282,1693226317178,1692254052936,1692254052939,1693226317187,9,3,6
25283,1693226317187,1692254052943,1692254052946,1693226317194,7,3,4
25284,1693226317194,1692254052966,1692254052970,1693226317218,24,4,20
25285,1693226317218,1692254052986,1692254052988,1693226317237,19,2,17
25286,1693226317237,1692254052993,1692254052996,1693226317244,7,3,4
25287,1693226317244,1692254053000,1692254053003,1693226317251,7,3,4
25288,1693226317251,1692254053008,1692254053011,1693226317259,8,3,5
25289,1693226317259,1692254053015,1692254053017,1693226317265,6,2,4
25290,1693226317265,1692254053022,1692254053024,1693226317272,7,2,5
25291,1693226317272,1692254053028,1692254053031,1693226317279,7,3,4
25292,1693226317279,1692254053041,1692254053044,1693226317292,13,3,10
25293,1693226317292,1692254053049,1692254053052,1693226317299,7,3,4
25294,1693226317299,1692254053062,1692254053066,1693226317314,15,4,11
25295,1693226317314,1692254053071,1692254053074,1693226317322,8,3,5
25296,1693226317322,1692254053078,1692254053081,1693226317328,6,3,3
25297,1693226317328,1692254053093,1692254053096,1693226317344,16,3,13
25298,1693226317344,1692254053102,1692254053150,1693226317398,54,48,6
25299,1693226317398,1692254053206,1692254053209,1693226317457,59,3,56
25300,1693226317457,1692254053217,1692254053220,1693226317468,11,3,8
25301,1693226317468,1692254053256,1692254053259,1693226317506,38,3,35
25302,1693226317506,1692254053263,1692254053266,1693226317514,8,3,5
25303,1693226317514,1692254053280,1692254053282,1693226317530,16,2,14
25304,1693226317530,1692254053294,1692254053296,1693226317544,14,2,12
25305,1693226317544,1692254053306,1692254053309,1693226317557,13,3,10
25306,1693226317557,1692254053393,1692254053396,1693226317646,89,3,86
25307,1693226317646,1692254053406,1692254053408,1693226317656,10,2,8
25308,1693226317656,1692254053412,1692254053416,1693226317663,7,4,3
25309,1693226317664,1692254053422,1692254053424,1693226317672,8,2,6
25310,1693226317672,1692254053486,1692254053489,1693226317737,65,3,62
25311,1693226317737,1692254053545,1692254053548,1693226317796,59,3,56
25312,1693226317796,1692254053558,1692254053560,1693226317808,12,2,10
25313,1693226317808,1692254053565,1692254053568,1693226317816,8,3,5
25314,1693226317816,1692254053572,1692254053576,1693226317823,7,4,3
25315,1693226317824,1692254053588,1692254053592,1693226317839,15,4,11
25316,1693226317839,1692254053596,1692254053599,1693226317847,8,3,5
25317,1693226317847,1692254053645,1692254053649,1693226317897,50,4,46
25318,1693226317897,1692254053681,1692254053684,1693226317932,35,3,32
25319,1693226317932,1692254053706,1692254053710,1693226317958,26,4,22
25320,1693226317958,1692254053715,1692254053719,1693226317967,9,4,5
25321,1693226317967,1692254053745,1692254053748,1693226317996,29,3,26
25322,1693226317996,1692254053753,1692254053756,1693226318004,8,3,5
25323,1693226318004,1692254053762,1692254053765,1693226318013,9,3,6
25324,1693226318013,1692254053770,1692254053773,1693226318021,8,3,5
25325,1693226318021,1692254053778,1692254053781,1693226318029,8,3,5
25326,1693226318029,1692254053786,1692254053789,1693226318037,8,3,5
25327,1693226318037,1692254053873,1692254053876,1693226318124,87,3,84
25328,1693226318124,1692254053887,1692254053890,1693226318138,14,3,11
25329,1693226318138,1692254053894,1692254053897,1693226318145,7,3,4
25330,1693226318145,1692254053902,1692254053904,1693226318153,8,2,6
25331,1693226318153,1692254053909,1692254053914,1693226318161,8,5,3
25332,1693226318161,1692254053918,1692254053921,1693226318169,8,3,5
25333,1693226318169,1692254053926,1692254053929,1693226318177,8,3,5
25334,1693226318177,1692254053934,1692254053938,1693226318186,9,4,5
25335,1693226318186,1692254053943,1692254053953,1693226318201,15,10,5
25336,1693226318201,1692254053961,1692254053969,1693226318216,15,8,7
25337,1693226318216,1692254053973,1692254053976,1693226318223,7,3,4
25338,1693226318223,1692254053983,1692254053986,1693226318234,11,3,8
25339,1693226318234,1692254053998,1692254054000,1693226318248,14,2,12
25340,1693226318248,1692254054006,1692254054009,1693226318257,9,3,6
25341,1693226318257,1692254054025,1692254054028,1693226318276,19,3,16
25342,1693226318276,1692254054050,1692254054053,1693226318301,25,3,22
25343,1693226318301,1692254054064,1692254054067,1693226318315,14,3,11
25344,1693226318315,1692254054074,1692254054076,1693226318324,9,2,7
25345,1693226318324,1692254054081,1692254054084,1693226318332,8,3,5
25346,1693226318332,1692254054088,1692254054092,1693226318339,7,4,3
25347,1693226318339,1692254054096,1692254054099,1693226318347,8,3,5
25348,1693226318347,1692254054103,1692254054108,1693226318355,8,5,3
25349,1693226318355,1692254054145,1692254054148,1693226318396,41,3,38
25350,1693226318396,1692254054158,1692254054160,1693226318408,12,2,10
25351,1693226318408,1692254054166,1692254054168,1693226318416,8,2,6
25352,1693226318416,1692254054179,1692254054182,1693226318430,14,3,11
25353,1693226318430,1692254054194,1692254054197,1693226318445,15,3,12
25354,1693226318445,1692254054206,1692254054208,1693226318456,11,2,9
25355,1693226318456,1692254054213,1692254054216,1693226318466,10,3,7
25356,1693226318466,1692254054225,1692254054228,1693226318476,10,3,7
25357,1693226318476,1692254054249,1692254054252,1693226318500,24,3,21
25358,1693226318500,1692254054282,1692254054284,1693226318532,32,2,30
25359,1693226318532,1692254054302,1692254054305,1693226318552,20,3,17
25360,1693226318553,1692254054310,1692254054312,1693226318560,7,2,5
25361,1693226318560,1692254054322,1692254054325,1693226318573,13,3,10
25362,1693226318573,1692254054330,1692254054333,1693226318581,8,3,5
25363,1693226318581,1692254054346,1692254054349,1693226318597,16,3,13
25364,1693226318597,1692254054354,1692254054356,1693226318604,7,2,5
25365,1693226318604,1692254054382,1692254054385,1693226318633,29,3,26
25366,1693226318633,1692254054390,1692254054392,1693226318640,7,2,5
25367,1693226318640,1692254054398,1692254054401,1693226318648,8,3,5
25368,1693226318649,1692254054421,1692254054425,1693226318673,24,4,20
25369,1693226318673,1692254054437,1692254054440,1693226318688,15,3,12
25370,1693226318688,1692254054449,1692254054452,1693226318700,12,3,9
25371,1693226318700,1692254054462,1692254054464,1693226318712,12,2,10
25372,1693226318712,1692254054468,1692254054471,1693226318718,6,3,3
25373,1693226318718,1692254054489,1692254054492,1693226318740,22,3,19
25374,1693226318740,1692254054506,1692254054509,1693226318756,16,3,13
25375,1693226318756,1692254054517,1692254054520,1693226318768,12,3,9
25376,1693226318768,1692254054524,1692254054527,1693226318775,7,3,4
25377,1693226318775,1692254054531,1692254054534,1693226318782,7,3,4
25378,1693226318782,1692254054542,1692254054549,1693226318796,14,7,7
25379,1693226318796,1692254054558,1692254054561,1693226318809,13,3,10
25380,1693226318809,1692254054566,1692254054568,1693226318816,7,2,5
25381,1693226318816,1692254054572,1692254054575,1693226318823,7,3,4
25382,1693226318823,1692254054580,1692254054582,1693226318830,7,2,5
25383,1693226318830,1692254054590,1692254054595,1693226318843,13,5,8
25384,1693226318843,1692254054600,1692254054603,1693226318851,8,3,5
25385,1693226318851,1692254054709,1692254054712,1693226318960,109,3,106
25386,1693226318960,1692254054717,1692254054720,1693226318968,8,3,5
25387,1693226318968,1692254054738,1692254054741,1693226318989,21,3,18
25388,1693226318989,1692254054746,1692254054749,1693226318997,8,3,5
25389,1693226318997,1692254054762,1692254054765,1693226319013,16,3,13
25390,1693226319013,1692254054781,1692254054784,1693226319032,19,3,16
25391,1693226319032,1692254054794,1692254054797,1693226319045,13,3,10
25392,1693226319045,1692254054802,1692254054805,1693226319053,8,3,5
25393,1693226319053,1692254054810,1692254054813,1693226319061,8,3,5
25394,1693226319061,1692254054817,1692254054820,1693226319068,7,3,4
25395,1693226319068,1692254054824,1692254054827,1693226319075,7,3,4
25396,1693226319075,1692254054841,1692254054843,1693226319091,16,2,14
25397,1693226319091,1692254054854,1692254054856,1693226319104,13,2,11
25398,1693226319104,1692254054861,1692254054864,1693226319111,7,3,4
25399,1693226319112,1692254054868,1692254054871,1693226319119,7,3,4
25400,1693226319119,1692254054875,1692254054878,1693226319126,7,3,4
25401,1693226319126,1692254054884,1692254054887,1693226319135,9,3,6
25402,1693226319135,1692254054891,1692254054894,1693226319142,7,3,4
25403,1693226319142,1692254054927,1692254054930,1693226319178,36,3,33
25404,1693226319178,1692254054937,1692254054943,1693226319191,13,6,7
25405,1693226319191,1692254054948,1692254054951,1693226319199,8,3,5
25406,1693226319199,1692254054956,1692254054959,1693226319207,8,3,5
25407,1693226319207,1692254054964,1692254054967,1693226319215,8,3,5
25408,1693226319215,1692254054971,1692254054974,1693226319222,7,3,4
25409,1693226319222,1692254054978,1692254054981,1693226319229,7,3,4
25410,1693226319229,1692254054986,1692254054989,1693226319237,8,3,5
25411,1693226319237,1692254054993,1692254054996,1693226319244,7,3,4
25412,1693226319244,1692254055002,1692254055005,1693226319253,9,3,6
25413,1693226319253,1692254055009,1692254055012,1693226319260,7,3,4
25414,1693226319260,1692254055025,1692254055028,1693226319276,16,3,13
25415,1693226319276,1692254055032,1692254055035,1693226319285,9,3,6
25416,1693226319285,1692254055065,1692254055068,1693226319316,31,3,28
25417,1693226319316,1692254055072,1692254055075,1693226319323,7,3,4
25418,1693226319323,1692254055079,1692254055082,1693226319330,7,3,4
25419,1693226319330,1692254055086,1692254055089,1693226319337,7,3,4
25420,1693226319337,1692254055095,1692254055098,1693226319346,9,3,6
25421,1693226319346,1692254055133,1692254055136,1693226319387,41,3,38
25422,1693226319387,1692254055145,1692254055148,1693226319396,9,3,6
25423,1693226319396,1692254055162,1692254055164,1693226319412,16,2,14
25424,1693226319412,1692254055177,1692254055181,1693226319428,16,4,12
25425,1693226319428,1692254055186,1692254055189,1693226319436,8,3,5
25426,1693226319436,1692254055205,1692254055209,1693226319457,21,4,17
25427,1693226319457,1692254055213,1692254055216,1693226319464,7,3,4
25428,1693226319464,1692254055221,1692254055224,1693226319472,8,3,5
25429,1693226319472,1692254055228,1692254055231,1693226319479,7,3,4
25430,1693226319479,1692254055245,1692254055249,1693226319497,18,4,14
25431,1693226319497,1692254055271,1692254055275,1693226319522,25,4,21
25432,1693226319523,1692254055279,1692254055282,1693226319529,6,3,3
25433,1693226319529,1692254055286,1692254055288,1693226319536,7,2,5
25434,1693226319536,1692254055321,1692254055324,1693226319576,40,3,37
25435,1693226319576,1692254055333,1692254055336,1693226319583,7,3,4
25436,1693226319583,1692254055340,1692254055344,1693226319592,9,4,5
25437,1693226319592,1692254055349,1692254055352,1693226319599,7,3,4
25438,1693226319600,1692254055356,1692254055359,1693226319608,8,3,5
25439,1693226319608,1692254055449,1692254055452,1693226319700,92,3,89
25440,1693226319700,1692254055457,1692254055461,1693226319710,10,4,6
25441,1693226319710,1692254055466,1692254055469,1693226319717,7,3,4
25442,1693226319717,1692254055474,1692254055476,1693226319724,7,2,5
25443,1693226319724,1692254055481,1692254055484,1693226319732,8,3,5
25444,1693226319732,1692254055489,1692254055492,1693226319740,8,3,5
25445,1693226319740,1692254055522,1692254055525,1693226319773,33,3,30
25446,1693226319773,1692254055530,1692254055533,1693226319780,7,3,4
25447,1693226319780,1692254055537,1692254055540,1693226319787,7,3,4
25448,1693226319787,1692254055544,1692254055547,1693226319798,11,3,8
25449,1693226319798,1692254055554,1692254055557,1693226319805,7,3,4
25450,1693226319805,1692254055562,1692254055565,1693226319823,18,3,15
25451,1693226319823,1692254055580,1692254055582,1693226319830,7,2,5
25452,1693226319830,1692254055590,1692254055595,1693226319845,15,5,10
25453,1693226319845,1692254055618,1692254055621,1693226319868,23,3,20
25454,1693226319868,1692254055634,1692254055637,1693226319884,16,3,13
25455,1693226319884,1692254055649,1692254055652,1693226319900,16,3,13
25456,1693226319900,1692254055657,1692254055659,1693226319910,10,2,8
25457,1693226319910,1692254055709,1692254055713,1693226319961,51,4,47
25458,1693226319961,1692254055718,1692254055721,1693226319969,8,3,5
25459,1693226319969,1692254055770,1692254055772,1693226320020,51,2,49
25460,1693226320020,1692254055777,1692254055780,1693226320028,8,3,5
25461,1693226320028,1692254055785,1692254055788,1693226320036,8,3,5
25462,1693226320036,1692254055809,1692254055812,1693226320059,23,3,20
25463,1693226320059,1692254055816,1692254055819,1693226320067,8,3,5
25464,1693226320067,1692254055823,1692254055826,1693226320074,7,3,4
25465,1693226320074,1692254055831,1692254055833,1693226320081,7,2,5
25466,1693226320081,1692254055837,1692254055840,1693226320088,7,3,4
25467,1693226320088,1692254055845,1692254055847,1693226320095,7,2,5
25468,1693226320095,1692254055896,1692254055907,1693226320155,60,11,49
25469,1693226320155,1692254055925,1692254055928,1693226320176,21,3,18
25470,1693226320176,1692254055940,1692254055944,1693226320192,16,4,12
25471,1693226320192,1692254055973,1692254055976,1693226320224,32,3,29
25472,1693226320224,1692254055981,1692254055984,1693226320232,8,3,5
25473,1693226320232,1692254055989,1692254055991,1693226320239,7,2,5
25474,1693226320239,1692254056013,1692254056016,1693226320264,25,3,22
25475,1693226320264,1692254056061,1692254056064,1693226320312,48,3,45
25476,1693226320312,1692254056085,1692254056088,1693226320336,24,3,21
25477,1693226320336,1692254056099,1692254056103,1693226320351,15,4,11
25478,1693226320351,1692254056107,1692254056110,1693226320358,7,3,4
25479,1693226320358,1692254056115,1692254056118,1693226320366,8,3,5
25480,1693226320366,1692254056130,1692254056133,1693226320381,15,3,12
25481,1693226320381,1692254056144,1692254056147,1693226320395,14,3,11
25482,1693226320395,1692254056151,1692254056154,1693226320402,7,3,4
25483,1693226320402,1692254056166,1692254056169,1693226320417,15,3,12
25484,1693226320417,1692254056174,1692254056177,1693226320425,8,3,5
25485,1693226320425,1692254056183,1692254056186,1693226320433,8,3,5
25486,1693226320433,1692254056189,1692254056192,1693226320440,7,3,4
25487,1693226320440,1692254056197,1692254056200,1693226320447,7,3,4
25488,1693226320447,1692254056245,1692254056249,1693226320497,50,4,46
25489,1693226320497,1692254056257,1692254056260,1693226320508,11,3,8
25490,1693226320508,1692254056273,1692254056276,1693226320523,15,3,12
25491,1693226320523,1692254056280,1692254056283,1693226320531,8,3,5
25492,1693226320531,1692254056296,1692254056299,1693226320547,16,3,13
25493,1693226320547,1692254056306,1692254056309,1693226320557,10,3,7
25494,1693226320557,1692254056314,1692254056373,1693226320621,64,59,5
25495,1693226320621,1692254056378,1692254056381,1693226320628,7,3,4
25496,1693226320628,1692254056385,1692254056388,1693226320636,8,3,5
25497,1693226320636,1692254056392,1692254056395,1693226320643,7,3,4
25498,1693226320643,1692254056401,1692254056404,1693226320652,9,3,6
25499,1693226320652,1692254056429,1692254056432,1693226320680,28,3,25
25500,1693226320680,1692254056461,1692254056464,1693226320712,32,3,29
25501,1693226320712,1692254056473,1692254056476,1693226320724,12,3,9
25502,1693226320724,1692254056482,1692254056485,1693226320733,9,3,6
25503,1693226320733,1692254056506,1692254056509,1693226320757,24,3,21
25504,1693226320757,1692254056530,1692254056533,1693226320780,23,3,20
25505,1693226320780,1692254056562,1692254056565,1693226320813,33,3,30
25506,1693226320813,1692254056577,1692254056580,1693226320828,15,3,12
25507,1693226320828,1692254056601,1692254056604,1693226320852,24,3,21
25508,1693226320852,1692254056693,1692254056696,1693226320944,92,3,89
25509,1693226320944,1692254056712,1692254056715,1693226320963,19,3,16
25510,1693226320963,1692254056722,1692254056724,1693226320972,9,2,7
25511,1693226320972,1692254056729,1692254056732,1693226320980,8,3,5
25512,1693226320980,1692254056745,1692254056748,1693226320996,16,3,13
25513,1693226320996,1692254056753,1692254056755,1693226321003,7,2,5
25514,1693226321003,1692254056761,1692254056765,1693226321013,10,4,6
25515,1693226321013,1692254056770,1692254056773,1693226321021,8,3,5
25516,1693226321021,1692254056806,1692254056808,1693226321056,35,2,33
25517,1693226321056,1692254056813,1692254056816,1693226321063,7,3,4
25518,1693226321063,1692254056845,1692254056848,1693226321096,33,3,30
25519,1693226321096,1692254056938,1692254056941,1693226321189,93,3,90
25520,1693226321189,1692254056946,1692254056950,1693226321199,10,4,6
25521,1693226321199,1692254056955,1692254056958,1693226321209,10,3,7
25522,1693226321209,1692254056973,1692254056976,1693226321224,15,3,12
25523,1693226321224,1692254056980,1692254056983,1693226321231,7,3,4
25524,1693226321231,1692254056987,1692254056990,1693226321238,7,3,4
25525,1693226321238,1692254056994,1692254056998,1693226321246,8,4,4
25526,1693226321246,1692254057009,1692254057012,1693226321260,14,3,11
25527,1693226321260,1692254057017,1692254057020,1693226321268,8,3,5
25528,1693226321268,1692254057024,1692254057027,1693226321275,7,3,4
25529,1693226321275,1692254057049,1692254057051,1693226321299,24,2,22
25530,1693226321299,1692254057069,1692254057072,1693226321320,21,3,18
25531,1693226321320,1692254057078,1692254057080,1693226321328,8,2,6
25532,1693226321328,1692254057090,1692254057092,1693226321340,12,2,10
25533,1693226321340,1692254057097,1692254057102,1693226321350,10,5,5
25534,1693226321350,1692254057107,1692254057110,1693226321358,8,3,5
25535,1693226321358,1692254057261,1692254057264,1693226321512,154,3,151
25536,1693226321512,1692254057318,1692254057321,1693226321569,57,3,54
25537,1693226321569,1692254057373,1692254057376,1693226321624,55,3,52
25538,1693226321624,1692254057390,1692254057392,1693226321640,16,2,14
25539,1693226321640,1692254057442,1692254057445,1693226321693,53,3,50
25540,1693226321693,1692254057450,1692254057453,1693226321701,8,3,5
25541,1693226321701,1692254057461,1692254057464,1693226321712,11,3,8
25542,1693226321712,1692254057481,1692254057483,1693226321731,19,2,17
25543,1693226321731,1692254057487,1692254057491,1693226321738,7,4,3
25544,1693226321739,1692254057513,1692254057516,1693226321764,25,3,22
25545,1693226321764,1692254057580,1692254057583,1693226321831,67,3,64
25546,1693226321831,1692254057590,1692254057593,1693226321841,10,3,7
25547,1693226321841,1692254057599,1692254057603,1693226321850,9,4,5
25548,1693226321851,1692254057607,1692254057610,1693226321858,7,3,4
25549,1693226321859,1692254057673,1692254057677,1693226321924,65,4,61
25550,1693226321924,1692254057714,1692254057718,1693226321966,42,4,38
25551,1693226321966,1692254057722,1692254057726,1693226321974,8,4,4
25552,1693226321974,1692254057793,1692254057796,1693226322044,70,3,67
25553,1693226322044,1692254057810,1692254057812,1693226322060,16,2,14
25554,1693226322060,1692254057869,1692254057872,1693226322120,60,3,57
25555,1693226322120,1692254057885,1692254057888,1693226322136,16,3,13
25556,1693226322136,1692254057892,1692254057895,1693226322143,7,3,4
25557,1693226322143,1692254057900,1692254057903,1693226322152,9,3,6
25558,1693226322152,1692254057938,1692254057941,1693226322189,37,3,34
25559,1693226322189,1692254057945,1692254057949,1693226322196,7,4,3
25560,1693226322196,1692254057974,1692254057977,1693226322225,29,3,26
25561,1693226322225,1692254057982,1692254057985,1693226322233,8,3,5
25562,1693226322233,1692254057990,1692254057993,1693226322241,8,3,5
25563,1693226322241,1692254057998,1692254058000,1693226322248,7,2,5
25564,1693226322248,1692254058010,1692254058012,1693226322260,12,2,10
25565,1693226322260,1692254058017,1692254058020,1693226322268,8,3,5
25566,1693226322268,1692254058026,1692254058029,1693226322277,9,3,6
25567,1693226322277,1692254058093,1692254058096,1693226322344,67,3,64
25568,1693226322344,1692254058103,1692254058106,1693226322357,13,3,10
25569,1693226322357,1692254058131,1692254058134,1693226322388,31,3,28
25570,1693226322388,1692254058290,1692254058293,1693226322541,153,3,150
25571,1693226322541,1692254058310,1692254058313,1693226322561,20,3,17
25572,1693226322561,1692254058318,1692254058321,1693226322569,8,3,5
25573,1693226322569,1692254058330,1692254058332,1693226322604,35,2,33
25574,1693226322604,1692254058360,1692254058363,1693226322611,7,3,4
25575,1693226322611,1692254058368,1692254058371,1693226322619,8,3,5
25576,1693226322619,1692254058376,1692254058378,1693226322626,7,2,5
25577,1693226322626,1692254058383,1692254058385,1693226322633,7,2,5
25578,1693226322633,1692254058390,1692254058392,1693226322640,7,2,5
25579,1693226322640,1692254058425,1692254058428,1693226322676,36,3,33
25580,1693226322676,1692254058450,1692254058453,1693226322701,25,3,22
25581,1693226322701,1692254058481,1692254058483,1693226322731,30,2,28
25582,1693226322731,1692254058488,1692254058491,1693226322738,7,3,4
25583,1693226322738,1692254058495,1692254058498,1693226322745,7,3,4
25584,1693226322745,1692254058502,1692254058504,1693226322752,7,2,5
25585,1693226322752,1692254058509,1692254058512,1693226322759,7,3,4
25586,1693226322759,1692254058516,1692254058520,1693226322768,9,4,5
25587,1693226322768,1692254058524,1692254058527,1693226322775,7,3,4
25588,1693226322775,1692254058595,1692254058600,1693226322848,73,5,68
25589,1693226322848,1692254058604,1692254058607,1693226322855,7,3,4
25590,1693226322855,1692254058611,1692254058614,1693226322862,7,3,4
25591,1693226322862,1692254058638,1692254058641,1693226322889,27,3,24
25592,1693226322889,1692254058646,1692254058649,1693226322897,8,3,5
25593,1693226322897,1692254058654,1692254058656,1693226322904,7,2,5
25594,1693226322904,1692254058661,1692254058664,1693226322912,8,3,5
25595,1693226322912,1692254058674,1692254058677,1693226322925,13,3,10
25596,1693226322925,1692254058681,1692254058684,1693226322931,6,3,3
25597,1693226322931,1692254058688,1692254058691,1693226322938,7,3,4
25598,1693226322938,1692254058695,1692254058698,1693226322946,8,3,5
25599,1693226322946,1692254058719,1692254058721,1693226322971,25,2,23
25600,1693226322971,1692254058754,1692254058757,1693226323005,34,3,31
25601,1693226323005,1692254058762,1692254058765,1693226323013,8,3,5
25602,1693226323013,1692254058770,1692254058772,1693226323028,15,2,13
25603,1693226323028,1692254058829,1692254058832,1693226323080,52,3,49
25604,1693226323080,1692254058853,1692254058856,1693226323104,24,3,21
25605,1693226323104,1692254058862,1692254058865,1693226323113,9,3,6
25606,1693226323113,1692254058870,1692254058872,1693226323120,7,2,5
25607,1693226323120,1692254058898,1692254058903,1693226323151,31,5,26
25608,1693226323151,1692254058910,1692254058913,1693226323160,9,3,6
25609,1693226323160,1692254058933,1692254058935,1693226323183,23,2,21
25610,1693226323183,1692254058940,1692254058943,1693226323191,8,3,5
25611,1693226323191,1692254058948,1692254058969,1693226323216,25,21,4
25612,1693226323216,1692254058973,1692254058976,1693226323224,8,3,5
25613,1693226323224,1692254058980,1692254058984,1693226323232,8,4,4
25614,1693226323232,1692254058994,1692254058996,1693226323244,12,2,10
25615,1693226323244,1692254059025,1692254059027,1693226323275,31,2,29
25616,1693226323275,1692254059034,1692254059036,1693226323284,9,2,7
25617,1693226323284,1692254059041,1692254059044,1693226323291,7,3,4
25618,1693226323292,1692254059048,1692254059051,1693226323299,7,3,4
25619,1693226323299,1692254059055,1692254059059,1693226323306,7,4,3
25620,1693226323306,1692254059063,1692254059068,1693226323316,10,5,5
25621,1693226323316,1692254059103,1692254059107,1693226323355,39,4,35
25622,1693226323355,1692254059111,1692254059114,1693226323362,7,3,4
25623,1693226323362,1692254059137,1692254059142,1693226323390,28,5,23
25624,1693226323390,1692254059146,1692254059150,1693226323397,7,4,3
25625,1693226323397,1692254059162,1692254059165,1693226323413,16,3,13
25626,1693226323413,1692254059169,1692254059172,1693226323420,7,3,4
25627,1693226323420,1692254059176,1692254059179,1693226323427,7,3,4
25628,1693226323427,1692254059183,1692254059186,1693226323434,7,3,4
25629,1693226323434,1692254059190,1692254059193,1693226323440,6,3,3
25630,1693226323440,1692254059197,1692254059200,1693226323448,8,3,5
25631,1693226323448,1692254059257,1692254059261,1693226323508,60,4,56
25632,1693226323509,1692254059265,1692254059268,1693226323516,7,3,4
25633,1693226323516,1692254059272,1692254059275,1693226323523,7,3,4
25634,1693226323523,1692254059304,1692254059306,1693226323554,31,2,29
25635,1693226323554,1692254059322,1692254059325,1693226323573,19,3,16
25636,1693226323573,1692254059329,1692254059332,1693226323580,7,3,4
25637,1693226323580,1692254059389,1692254059392,1693226323664,84,3,81
25638,1693226323664,1692254059421,1692254059424,1693226323671,7,3,4
25639,1693226323671,1692254059433,1692254059436,1693226323683,12,3,9
25640,1693226323683,1692254059442,1692254059445,1693226323708,25,3,22
25641,1693226323709,1692254059497,1692254059500,1693226323748,39,3,36
25642,1693226323748,1692254059504,1692254059507,1693226323754,6,3,3
25643,1693226323754,1692254059511,1692254059513,1693226323761,7,2,5
25644,1693226323761,1692254059522,1692254059524,1693226323792,31,2,29
25645,1693226323792,1692254059570,1692254059573,1693226323821,29,3,26
25646,1693226323821,1692254059582,1692254059589,1693226323837,16,7,9
25647,1693226323837,1692254059594,1692254059658,1693226323907,70,64,6
25648,1693226323907,1692254059664,1692254059667,1693226323915,8,3,5
25649,1693226323915,1692254059697,1692254059700,1693226323948,33,3,30
25650,1693226323948,1692254059710,1692254059713,1693226323960,12,3,9
25651,1693226323960,1692254059717,1692254059721,1693226323969,9,4,5
25652,1693226323969,1692254059726,1692254059729,1693226323988,19,3,16
25653,1693226323988,1692254059765,1692254059768,1693226324016,28,3,25
25654,1693226324016,1692254059772,1692254059775,1693226324023,7,3,4
25655,1693226324023,1692254059786,1692254059788,1693226324036,13,2,11
25656,1693226324036,1692254059801,1692254059804,1693226324052,16,3,13
25657,1693226324052,1692254059808,1692254059812,1693226324059,7,4,3
25658,1693226324059,1692254059817,1692254059821,1693226324068,9,4,5
25659,1693226324069,1692254059825,1692254059828,1693226324075,6,3,3
25660,1693226324075,1692254059832,1692254059836,1693226324140,65,4,61
25661,1693226324140,1692254059902,1692254059905,1693226324153,13,3,10
25662,1693226324153,1692254059911,1692254059914,1693226324162,9,3,6
25663,1693226324162,1692254059918,1692254059921,1693226324169,7,3,4
25664,1693226324169,1692254059937,1692254059940,1693226324188,19,3,16
25665,1693226324188,1692254059945,1692254059949,1693226324199,11,4,7
25666,1693226324199,1692254059956,1692254059960,1693226324207,8,4,4
25667,1693226324207,1692254059977,1692254059980,1693226324228,21,3,18
25668,1693226324228,1692254059989,1692254059992,1693226324239,11,3,8
25669,1693226324239,1692254059996,1692254060000,1693226324247,8,4,4
25670,1693226324247,1692254060004,1692254060007,1693226324255,8,3,5
25671,1693226324255,1692254060021,1692254060024,1693226324272,17,3,14
25672,1693226324272,1692254060030,1692254060032,1693226324280,8,2,6
25673,1693226324280,1692254060053,1692254060056,1693226324304,24,3,21
25674,1693226324304,1692254060063,1692254060066,1693226324314,10,3,7
25675,1693226324314,1692254060071,1692254060074,1693226324321,7,3,4
25676,1693226324321,1692254060103,1692254060106,1693226324354,33,3,30
25677,1693226324354,1692254060110,1692254060113,1693226324362,8,3,5
25678,1693226324362,1692254060202,1692254060204,1693226324452,90,2,88
25679,1693226324452,1692254060213,1692254060216,1693226324464,12,3,9
25680,1693226324464,1692254060221,1692254060224,1693226324471,7,3,4
25681,1693226324471,1692254060230,1692254060233,1693226324480,9,3,6
25682,1693226324480,1692254060237,1692254060240,1693226324488,8,3,5
25683,1693226324488,1692254060245,1692254060248,1693226324495,7,3,4
25684,1693226324495,1692254060252,1692254060254,1693226324502,7,2,5
25685,1693226324502,1692254060258,1692254060261,1693226324509,7,3,4
25686,1693226324509,1692254060281,1692254060284,1693226324532,23,3,20
25687,1693226324532,1692254060301,1692254060303,1693226324551,19,2,17
25688,1693226324551,1692254060308,1692254060311,1693226324559,8,3,5
25689,1693226324559,1692254060318,1692254060320,1693226324568,9,2,7
25690,1693226324568,1692254060327,1692254060330,1693226324578,10,3,7
25691,1693226324578,1692254060349,1692254060351,1693226324599,21,2,19
25692,1693226324599,1692254060381,1692254060384,1693226324655,56,3,53
25693,1693226324655,1692254060412,1692254060444,1693226324695,40,32,8
25694,1693226324695,1692254060458,1692254060461,1693226324709,14,3,11
25695,1693226324709,1692254060468,1692254060471,1693226324719,10,3,7
25696,1693226324719,1692254060475,1692254060478,1693226324726,7,3,4
25697,1693226324726,1692254060482,1692254060487,1693226324734,8,5,3
25698,1693226324734,1692254060491,1692254060494,1693226324743,9,3,6
25699,1693226324743,1692254060566,1692254060569,1693226324817,74,3,71
25700,1693226324817,1692254060573,1692254060576,1693226324824,7,3,4
25701,1693226324824,1692254060581,1692254060584,1693226324832,8,3,5
25702,1693226324832,1692254060590,1692254060594,1693226324841,9,4,5
25703,1693226324841,1692254060599,1692254060602,1693226324850,9,3,6
25704,1693226324850,1692254060709,1692254060712,1693226324960,110,3,107
25705,1693226324960,1692254060724,1692254060727,1693226324975,15,3,12
25706,1693226324975,1692254060733,1692254060736,1693226324984,9,3,6
25707,1693226324984,1692254060806,1692254060810,1693226325058,74,4,70
25708,1693226325058,1692254060818,1692254060822,1693226325069,11,4,7
25709,1693226325069,1692254060825,1692254060829,1693226325076,7,4,3
25710,1693226325076,1692254060834,1692254060836,1693226325084,8,2,6
25711,1693226325084,1692254060846,1692254060849,1693226325096,12,3,9
25712,1693226325096,1692254060857,1692254060860,1693226325108,12,3,9
25713,1693226325108,1692254060870,1692254060873,1693226325121,13,3,10
25714,1693226325121,1692254060893,1692254060895,1693226325143,22,2,20
25715,1693226325143,1692254060900,1692254060903,1693226325151,8,3,5
25716,1693226325151,1692254060907,1692254060909,1693226325157,6,2,4
25717,1693226325157,1692254060914,1692254060916,1693226325164,7,2,5
25718,1693226325165,1692254060921,1692254060924,1693226325172,7,3,4
25719,1693226325172,1692254060928,1692254060931,1693226325178,6,3,3
25720,1693226325178,1692254060935,1692254060938,1693226325187,9,3,6
25721,1693226325187,1692254060946,1692254060950,1693226325198,11,4,7
25722,1693226325198,1692254060954,1692254060957,1693226325205,7,3,4
25723,1693226325205,1692254060973,1692254060976,1693226325223,18,3,15
25724,1693226325223,1692254061010,1692254061012,1693226325260,37,2,35
25725,1693226325260,1692254061017,1692254061020,1693226325268,8,3,5
25726,1693226325268,1692254061070,1692254061073,1693226325320,52,3,49
25727,1693226325320,1692254061077,1692254061080,1693226325328,8,3,5
25728,1693226325328,1692254061107,1692254061110,1693226325358,30,3,27
25729,1693226325358,1692254061114,1692254061119,1693226325367,9,5,4
25730,1693226325367,1692254061202,1692254061205,1693226325453,86,3,83
25731,1693226325453,1692254061217,1692254061220,1693226325468,15,3,12
25732,1693226325468,1692254061245,1692254061248,1693226325496,28,3,25
25733,1693226325496,1692254061252,1692254061255,1693226325503,7,3,4
25734,1693226325503,1692254061267,1692254061271,1693226325519,16,4,12
25735,1693226325519,1692254061278,1692254061281,1693226325531,12,3,9
25736,1693226325531,1692254061306,1692254061309,1693226325564,33,3,30
25737,1693226325564,1692254061323,1692254061326,1693226325573,9,3,6
25738,1693226325573,1692254061341,1692254061344,1693226325592,19,3,16
25739,1693226325592,1692254061361,1692254061364,1693226325612,20,3,17
25740,1693226325612,1692254061382,1692254061384,1693226325633,21,2,19
25741,1693226325633,1692254061390,1692254061393,1693226325641,8,3,5
25742,1693226325641,1692254061397,1692254061401,1693226325649,8,4,4
25743,1693226325649,1692254061405,1692254061408,1693226325655,6,3,3
25744,1693226325655,1692254061412,1692254061415,1693226325662,7,3,4
25745,1693226325662,1692254061419,1692254061422,1693226325670,8,3,5
25746,1693226325670,1692254061426,1692254061430,1693226325677,7,4,3
25747,1693226325678,1692254061434,1692254061437,1693226325685,7,3,4
25748,1693226325685,1692254061442,1692254061444,1693226325692,7,2,5
25749,1693226325692,1692254061458,1692254061461,1693226325709,17,3,14
25750,1693226325709,1692254061466,1692254061468,1693226325716,7,2,5
25751,1693226325716,1692254061478,1692254061481,1693226325729,13,3,10
25752,1693226325729,1692254061489,1692254061493,1693226325740,11,4,7
25753,1693226325741,1692254061497,1692254061500,1693226325747,6,3,3
25754,1693226325747,1692254061504,1692254061507,1693226325754,7,3,4
25755,1693226325754,1692254061513,1692254061516,1693226325763,9,3,6
25756,1693226325763,1692254061589,1692254061592,1693226325840,77,3,74
25757,1693226325840,1692254061597,1692254061600,1693226325847,7,3,4
25758,1693226325848,1692254061634,1692254061637,1693226325885,37,3,34
25759,1693226325885,1692254061655,1692254061658,1693226325906,21,3,18
25760,1693226325906,1692254061713,1692254061716,1693226325964,58,3,55
25761,1693226325964,1692254061721,1692254061724,1693226325972,8,3,5
25762,1693226325972,1692254061729,1692254061733,1693226325980,8,4,4
25763,1693226325980,1692254061809,1692254061813,1693226326061,81,4,77
25764,1693226326061,1692254061877,1692254061880,1693226326127,66,3,63
25765,1693226326127,1692254061905,1692254061909,1693226326157,30,4,26
25766,1693226326157,1692254061929,1692254061932,1693226326180,23,3,20
25767,1693226326180,1692254061940,1692254061944,1693226326192,12,4,8
25768,1693226326192,1692254061949,1692254061953,1693226326200,8,4,4
25769,1693226326200,1692254062013,1692254062017,1693226326265,65,4,61
25770,1693226326265,1692254062041,1692254062044,1693226326292,27,3,24
25771,1693226326292,1692254062109,1692254062113,1693226326361,69,4,65
25772,1693226326361,1692254062134,1692254062137,1693226326385,24,3,21
25773,1693226326385,1692254062146,1692254062148,1693226326396,11,2,9
25774,1693226326396,1692254062179,1692254062182,1693226326430,34,3,31
25775,1693226326430,1692254062261,1692254062264,1693226326512,82,3,79
25776,1693226326512,1692254062269,1692254062272,1693226326520,8,3,5
25777,1693226326520,1692254062326,1692254062329,1693226326577,57,3,54
25778,1693226326577,1692254062381,1692254062384,1693226326632,55,3,52
25779,1693226326632,1692254062421,1692254062424,1693226326671,39,3,36
25780,1693226326671,1692254062430,1692254062433,1693226326681,10,3,7
25781,1693226326681,1692254062442,1692254062444,1693226326692,11,2,9
25782,1693226326692,1692254062478,1692254062481,1693226326729,37,3,34
25783,1693226326729,1692254062537,1692254062541,1693226326789,60,4,56
25784,1693226326789,1692254062546,1692254062549,1693226326797,8,3,5
25785,1693226326797,1692254062554,1692254062557,1693226326804,7,3,4
25786,1693226326805,1692254062561,1692254062564,1693226326812,7,3,4
25787,1693226326812,1692254062568,1692254062571,1693226326819,7,3,4
25788,1693226326819,1692254062575,1692254062579,1693226326827,8,4,4
25789,1693226326827,1692254062583,1692254062586,1693226326834,7,3,4
25790,1693226326834,1692254062591,1692254062594,1693226326842,8,3,5
25791,1693226326842,1692254062629,1692254062633,1693226326912,70,4,66
25792,1693226326912,1692254062669,1692254062672,1693226326919,7,3,4
25793,1693226326919,1692254062677,1692254062680,1693226326928,9,3,6
25794,1693226326928,1692254062689,1692254062692,1693226326940,12,3,9
25795,1693226326940,1692254062717,1692254062724,1693226326972,32,7,25
25796,1693226326972,1692254062729,1692254062732,1693226326980,8,3,5
25797,1693226326980,1692254062801,1692254062804,1693226327052,72,3,69
25798,1693226327052,1692254062810,1692254062813,1693226327061,9,3,6
25799,1693226327061,1692254062837,1692254062840,1693226327088,27,3,24
25800,1693226327088,1692254062861,1692254062864,1693226327112,24,3,21
25801,1693226327112,1692254062889,1692254062891,1693226327139,27,2,25
25802,1693226327139,1692254062929,1692254062932,1693226327179,40,3,37
25803,1693226327179,1692254062941,1692254062944,1693226327192,13,3,10
25804,1693226327192,1692254063013,1692254063016,1693226327272,80,3,77
25805,1693226327272,1692254063034,1692254063037,1693226327285,13,3,10
25806,1693226327285,1692254063042,1692254063044,1693226327292,7,2,5
25807,1693226327292,1692254063050,1692254063052,1693226327300,8,2,6
25808,1693226327300,1692254063062,1692254063066,1693226327314,14,4,10
25809,1693226327314,1692254063086,1692254063088,1693226327336,22,2,20
25810,1693226327336,1692254063110,1692254063113,1693226327361,25,3,22
25811,1693226327361,1692254063118,1692254063122,1693226327369,8,4,4
25812,1693226327369,1692254063154,1692254063157,1693226327405,36,3,33
25813,1693226327405,1692254063171,1692254063174,1693226327421,16,3,13
25814,1693226327422,1692254063181,1692254063185,1693226327432,10,4,6
25815,1693226327432,1692254063189,1692254063191,1693226327439,7,2,5
25816,1693226327439,1692254063196,1692254063199,1693226327446,7,3,4
25817,1693226327446,1692254063238,1692254063241,1693226327488,42,3,39
25818,1693226327488,1692254063245,1692254063248,1693226327496,8,3,5
25819,1693226327496,1692254063253,1692254063256,1693226327503,7,3,4
25820,1693226327503,1692254063385,1692254063387,1693226327635,132,2,130
25821,1693226327635,1692254063394,1692254063397,1693226327645,10,3,7
25822,1693226327645,1692254063401,1692254063404,1693226327652,7,3,4
25823,1693226327652,1692254063425,1692254063428,1693226327675,23,3,20
25824,1693226327675,1692254063434,1692254063437,1693226327684,9,3,6
25825,1693226327684,1692254063445,1692254063448,1693226327696,12,3,9
25826,1693226327696,1692254063526,1692254063533,1693226327781,85,7,78
25827,1693226327781,1692254063541,1692254063544,1693226327792,11,3,8
25828,1693226327792,1692254063550,1692254063573,1693226327821,29,23,6
25829,1693226327821,1692254063590,1692254063593,1693226327841,20,3,17
25830,1693226327841,1692254063598,1692254063617,1693226327865,24,19,5
25831,1693226327865,1692254063701,1692254063704,1693226327952,87,3,84
25832,1693226330972,1692254066729,1692254066733,1693226330981,9,4,5
25833,1693226330981,1692254066738,1692254066741,1693226330989,8,3,5
25834,1693226330989,1692254066746,1692254066750,1693226330998,9,4,5
25835,1693226330998,1692254066755,1692254066758,1693226331006,8,3,5
25836,1693226331006,1692254066763,1692254066766,1693226331014,8,3,5
25837,1693226331014,1692254066771,1692254066774,1693226331021,7,3,4
25838,1693226331021,1692254066778,1692254066782,1693226331030,9,4,5
25839,1693226331030,1692254066791,1692254066794,1693226331042,12,3,9
25840,1693226331042,1692254066799,1692254066802,1693226331050,8,3,5
25841,1693226331050,1692254066807,1692254066812,1693226331061,11,5,6
25842,1693226331062,1692254066819,1692254066822,1693226331070,8,3,5
25843,1693226331070,1692254066827,1692254066831,1693226331079,9,4,5
25844,1693226331079,1692254066836,1692254066839,1693226331087,8,3,5
25845,1693226331087,1692254066844,1692254066848,1693226331095,8,4,4
25846,1693226331095,1692254066852,1692254066855,1693226331103,8,3,5
25847,1693226331103,1692254066860,1692254066863,1693226331111,8,3,5
25848,1693226331111,1692254066867,1692254066870,1693226331118,7,3,4
25849,1693226331118,1692254066875,1692254066878,1693226331126,8,3,5
25850,1693226331126,1692254066883,1692254066886,1693226331133,7,3,4
25851,1693226331133,1692254066891,1692254066894,1693226331141,8,3,5
25852,1693226331141,1692254066898,1692254066901,1693226331148,7,3,4
25853,1693226331148,1692254066905,1692254066908,1693226331156,8,3,5
25854,1693226331156,1692254066913,1692254066916,1693226331164,8,3,5
25855,1693226331164,1692254066921,1692254066924,1693226331172,8,3,5
25856,1693226331172,1692254066928,1692254066931,1693226331179,7,3,4
25857,1693226331179,1692254066937,1692254066941,1693226331189,10,4,6
25858,1693226331189,1692254066946,1692254066949,1693226331196,7,3,4
25859,1693226331196,1692254066953,1692254066956,1693226331204,8,3,5
25860,1693226331204,1692254066961,1692254066964,1693226331212,8,3,5
25861,1693226331212,1692254066968,1692254066972,1693226331219,7,4,3
25862,1693226331219,1692254066976,1692254066979,1693226331227,8,3,5
25863,1693226331227,1692254066984,1692254066987,1693226331235,8,3,5
25864,1693226331235,1692254066992,1692254066995,1693226331243,8,3,5
25865,1693226331243,1692254067000,1692254067002,1693226331250,7,2,5
25866,1693226331250,1692254067007,1692254067010,1693226331258,8,3,5
25867,1693226331258,1692254067014,1692254067018,1693226331265,7,4,3
25868,1693226331265,1692254067022,1692254067025,1693226331273,8,3,5
25869,1693226331273,1692254067030,1692254067032,1693226331280,7,2,5
25870,1693226331280,1692254067037,1692254067040,1693226331288,8,3,5
25871,1693226331288,1692254067045,1692254067047,1693226331296,8,2,6
25872,1693226331296,1692254067052,1692254067056,1693226331303,7,4,3
25873,1693226331303,1692254067060,1692254067063,1693226331311,8,3,5
25874,1693226331311,1692254067068,1692254067071,1693226331318,7,3,4
25875,1693226331318,1692254067075,1692254067078,1693226331326,8,3,5
25876,1693226331326,1692254067082,1692254067086,1693226331334,8,4,4
25877,1693226331334,1692254067090,1692254067094,1693226331341,7,4,3
25878,1693226331341,1692254067098,1692254067101,1693226331349,8,3,5
25879,1693226331349,1692254067106,1692254067110,1693226331357,8,4,4
25880,1693226331357,1692254067113,1692254067118,1693226331367,10,5,5
25881,1693226331367,1692254067125,1692254067128,1693226331375,8,3,5
25882,1693226331375,1692254067132,1692254067135,1693226331383,8,3,5
25883,1693226331383,1692254067140,1692254067143,1693226331390,7,3,4
25884,1693226331390,1692254067147,1692254067150,1693226331398,8,3,5
25885,1693226331398,1692254067155,1692254067158,1693226331406,8,3,5
25886,1693226331406,1692254067162,1692254067165,1693226331413,7,3,4
25887,1693226331413,1692254067170,1692254067173,1693226331420,7,3,4
25888,1693226331420,1692254067176,1692254067180,1693226331428,8,4,4
25889,1693226331428,1692254067185,1692254067188,1693226331436,8,3,5
25890,1693226331436,1692254067193,1692254067196,1693226331443,7,3,4
25891,1693226331444,1692254067200,1692254067204,1693226331451,7,4,3
25892,1693226331451,1692254067208,1692254067211,1693226331459,8,3,5
25893,1693226331459,1692254067215,1692254067218,1693226331465,6,3,3
25894,1693226331465,1692254067222,1692254067226,1693226331473,8,4,4
25895,1693226331473,1692254067230,1692254067233,1693226331480,7,3,4
25896,1693226331480,1692254067237,1692254067241,1693226331488,8,4,4
25897,1693226331488,1692254067245,1692254067248,1693226331497,9,3,6
25898,1693226331497,1692254067253,1692254067256,1693226331504,7,3,4
25899,1693226331504,1692254067260,1692254067264,1693226331511,7,4,3
25900,1693226331511,1692254067268,1692254067272,1693226331519,8,4,4
25901,1693226331519,1692254067276,1692254067279,1693226331527,8,3,5
25902,1693226331527,1692254067284,1692254067287,1693226331535,8,3,5
25903,1693226331535,1692254067292,1692254067295,1693226331542,7,3,4
25904,1693226331542,1692254067299,1692254067302,1693226331550,8,3,5
25905,1693226331550,1692254067307,1692254067309,1693226331557,7,2,5
25906,1693226331557,1692254067313,1692254067316,1693226331564,7,3,4
25907,1693226331564,1692254067320,1692254067323,1693226331572,8,3,5
25908,1693226331572,1692254067329,1692254067332,1693226331579,7,3,4
25909,1693226331579,1692254067336,1692254067339,1693226331587,8,3,5
25910,1693226331587,1692254067343,1692254067346,1693226331594,7,3,4
25911,1693226331594,1692254067350,1692254067353,1693226331600,6,3,3
25912,1693226331600,1692254067359,1692254067362,1693226331610,10,3,7
25913,1693226331610,1692254067368,1692254067371,1693226331619,9,3,6
25914,1693226331619,1692254067375,1692254067378,1693226331626,7,3,4
25915,1693226331626,1692254067382,1692254067386,1693226331634,8,4,4
25916,1693226331634,1692254067391,1692254067395,1693226331647,13,4,9
25917,1693226331647,1692254067404,1692254067408,1693226331656,9,4,5
25918,1693226331656,1692254067413,1692254067416,1693226331664,8,3,5
25919,1693226331664,1692254067421,1692254067424,1693226331672,8,3,5
25920,1693226331672,1692254067430,1692254067434,1693226331681,9,4,5
25921,1693226331681,1692254067438,1692254067441,1693226331689,8,3,5
25922,1693226331689,1692254067446,1692254067449,1693226331697,8,3,5
25923,1693226331697,1692254067453,1692254067457,1693226331705,8,4,4
25924,1693226331705,1692254067461,1692254067465,1693226331712,7,4,3
25925,1693226331712,1692254067469,1692254067472,1693226331720,8,3,5
25926,1693226331720,1692254067477,1692254067480,1693226331728,8,3,5
25927,1693226331728,1692254067484,1692254067487,1693226331734,6,3,3
25928,1693226331734,1692254067491,1692254067493,1693226331741,7,2,5
25929,1693226331741,1692254067498,1692254067502,1693226331750,9,4,5
25930,1693226331750,1692254067506,1692254067509,1693226331757,7,3,4
25931,1693226331757,1692254067513,1692254067517,1693226331765,8,4,4
25932,1693226331765,1692254067522,1692254067524,1693226331772,7,2,5
25933,1693226331772,1692254067537,1692254067541,1693226331788,16,4,12
25934,1693226331788,1692254067545,1692254067548,1693226331796,8,3,5
25935,1693226331796,1692254067552,1692254067555,1693226331803,7,3,4
25936,1693226331803,1692254067560,1692254067564,1693226331811,8,4,4
25937,1693226331811,1692254067568,1692254067571,1693226331818,7,3,4
25938,1693226331818,1692254067575,1692254067579,1693226331826,8,4,4
25939,1693226331826,1692254067582,1692254067586,1693226331833,7,4,3
25940,1693226331833,1692254067590,1692254067593,1693226331841,8,3,5
25941,1693226331841,1692254067598,1692254067601,1693226331848,7,3,4
25942,1693226331848,1692254067604,1692254067608,1693226331855,7,4,3
25943,1693226331855,1692254067612,1692254067615,1693226331863,8,3,5
25944,1693226331863,1692254067620,1692254067623,1693226331871,8,3,5
25945,1693226331871,1692254067627,1692254067630,1693226331880,9,3,6
25946,1693226331880,1692254067636,1692254067639,1693226331887,7,3,4
25947,1693226331887,1692254067643,1692254067646,1693226331893,6,3,3
25948,1693226331893,1692254067651,1692254067653,1693226331901,8,2,6
25949,1693226331901,1692254067658,1692254067662,1693226331910,9,4,5
25950,1693226331910,1692254067673,1692254067676,1693226331924,14,3,11
25951,1693226331924,1692254067680,1692254067684,1693226331932,8,4,4
25952,1693226331932,1692254067695,1692254067698,1693226331946,14,3,11
25953,1693226331946,1692254067705,1692254067709,1693226331957,11,4,7
25954,1693226331957,1692254067713,1692254067717,1693226331964,7,4,3
25955,1693226331964,1692254067721,1692254067725,1693226331972,8,4,4
25956,1693226331972,1692254067736,1692254067740,1693226331988,16,4,12
25957,1693226331988,1692254067746,1692254067749,1693226331998,10,3,7
25958,1693226331998,1692254067754,1692254067757,1693226332005,7,3,4
25959,1693226332005,1692254067762,1692254067765,1693226332013,8,3,5
25960,1693226332013,1692254067769,1692254067772,1693226332020,7,3,4
25961,1693226332020,1692254067777,1692254067781,1693226332029,9,4,5
25962,1693226332029,1692254067786,1692254067788,1693226332036,7,2,5
25963,1693226332036,1692254067792,1692254067795,1693226332043,7,3,4
25964,1693226332043,1692254067799,1692254067803,1693226332050,7,4,3
25965,1693226332050,1692254067807,1692254067810,1693226332058,8,3,5
25966,1693226332058,1692254067815,1692254067818,1693226332066,8,3,5
25967,1693226332066,1692254067822,1692254067825,1693226332073,7,3,4
25968,1693226332073,1692254067829,1692254067833,1693226332080,7,4,3
25969,1693226332080,1692254067839,1692254067843,1693226332090,10,4,6
25970,1693226332090,1692254067847,1692254067849,1693226332097,7,2,5
25971,1693226332097,1692254067854,1692254067856,1693226332103,6,2,4
25972,1693226332103,1692254067861,1692254067864,1693226332112,9,3,6
25973,1693226332112,1692254067868,1692254067872,1693226332119,7,4,3
25974,1693226332119,1692254067876,1692254067879,1693226332126,7,3,4
25975,1693226332126,1692254067883,1692254067886,1693226332134,8,3,5
25976,1693226332134,1692254067890,1692254067893,1693226332141,7,3,4
25977,1693226332141,1692254067898,1692254067901,1693226332149,8,3,5
25978,1693226332149,1692254067906,1692254067908,1693226332156,7,2,5
25979,1693226332156,1692254067912,1692254067915,1693226332163,7,3,4
25980,1693226332163,1692254067920,1692254067923,1693226332171,8,3,5
25981,1693226332171,1692254067927,1692254067930,1693226332178,7,3,4
25982,1693226332178,1692254067935,1692254067938,1693226332187,9,3,6
25983,1693226332187,1692254067943,1692254067947,1693226332194,7,4,3
25984,1693226332194,1692254067952,1692254067955,1693226332202,8,3,5
25985,1693226332202,1692254067959,1692254067962,1693226332210,8,3,5
25986,1693226332210,1692254067967,1692254067969,1693226332217,7,2,5
25987,1693226332217,1692254067974,1692254067977,1693226332225,8,3,5
25988,1693226332225,1692254067981,1692254067984,1693226332232,7,3,4
25989,1693226332232,1692254067988,1692254067991,1693226332239,7,3,4
25990,1693226332239,1692254067995,1692254068000,1693226332248,9,5,4
25991,1693226332248,1692254068005,1692254068009,1693226332256,8,4,4
25992,1693226332256,1692254068013,1692254068017,1693226332265,9,4,5
25993,1693226332265,1692254068022,1692254068026,1693226332274,9,4,5
25994,1693226332274,1692254068030,1692254068034,1693226332282,8,4,4
25995,1693226332282,1692254068039,1692254068042,1693226332290,8,3,5
25996,1693226332290,1692254068047,1692254068050,1693226332298,8,3,5
25997,1693226332298,1692254068055,1692254068058,1693226332306,8,3,5
25998,1693226332306,1692254068063,1692254068067,1693226332315,9,4,5
25999,1693226332315,1692254068071,1692254068076,1693226332323,8,5,3
26000,1693226332323,1692254068079,1692254068083,1693226332330,7,4,3
26001,1693226332330,1692254068088,1692254068091,1693226332338,8,3,5
26002,1693226332338,1692254068095,1692254068098,1693226332346,8,3,5
26003,1693226332346,1692254068103,1692254068106,1693226332354,8,3,5
26004,1693226332354,1692254068111,1692254068114,1693226332362,8,3,5
26005,1693226332362,1692254068118,1692254068122,1693226332369,7,4,3
26006,1693226332369,1692254068126,1692254068129,1693226332376,7,3,4
26007,1693226332376,1692254068133,1692254068136,1693226332384,8,3,5
26008,1693226332384,1692254068141,1692254068144,1693226332392,8,3,5
26009,1693226332392,1692254068149,1692254068153,1693226332400,8,4,4
26010,1693226332400,1692254068156,1692254068160,1693226332407,7,4,3
26011,1693226332407,1692254068164,1692254068167,1693226332415,8,3,5
26012,1693226332415,1692254068171,1692254068175,1693226332422,7,4,3
26013,1693226332422,1692254068179,1692254068183,1693226332430,8,4,4
26014,1693226332430,1692254068187,1692254068190,1693226332438,8,3,5
26015,1693226332438,1692254068194,1692254068197,1693226332445,7,3,4
26016,1693226332445,1692254068202,1692254068205,1693226332453,8,3,5
26017,1693226332453,1692254068210,1692254068213,1693226332461,8,3,5
26018,1693226332461,1692254068218,1692254068220,1693226332468,7,2,5
26019,1693226332468,1692254068225,1692254068228,1693226332476,8,3,5
26020,1693226332476,1692254068233,1692254068236,1693226332484,8,3,5
26021,1693226332484,1692254068241,1692254068244,1693226332494,10,3,7
26022,1693226332494,1692254068250,1692254068254,1693226332501,7,4,3
26023,1693226332501,1692254068258,1692254068262,1693226332510,9,4,5
26024,1693226332510,1692254068267,1692254068270,1693226332518,8,3,5
26025,1693226332518,1692254068275,1692254068278,1693226332525,7,3,4
26026,1693226332526,1692254068286,1692254068290,1693226332538,12,4,8
26027,1693226332538,1692254068294,1692254068299,1693226332547,9,5,4
26028,1693226332547,1692254068303,1692254068307,1693226332554,7,4,3
26029,1693226332554,1692254068311,1692254068314,1693226332561,7,3,4
26030,1693226332561,1692254068318,1692254068321,1693226332568,7,3,4
26031,1693226332568,1692254068325,1692254068328,1693226332575,7,3,4
26032,1693226332575,1692254068332,1692254068336,1693226332584,9,4,5
26033,1693226332584,1692254068340,1692254068343,1693226332591,7,3,4
26034,1693226332591,1692254068348,1692254068351,1693226332599,8,3,5
26035,1693226332599,1692254068356,1692254068359,1693226332607,8,3,5
26036,1693226332607,1692254068363,1692254068367,1693226332614,7,4,3
26037,1693226332614,1692254068372,1692254068375,1693226332622,8,3,5
26038,1693226332622,1692254068379,1692254068382,1693226332630,8,3,5
26039,1693226332630,1692254068387,1692254068389,1693226332637,7,2,5
26040,1693226332637,1692254068394,1692254068398,1693226332646,9,4,5
26041,1693226332646,1692254068402,1692254068404,1693226332653,7,2,5
26042,1693226332653,1692254068410,1692254068413,1693226332661,8,3,5
26043,1693226332662,1692254068418,1692254068421,1693226332669,7,3,4
26044,1693226332669,1692254068426,1692254068429,1693226332677,8,3,5
26045,1693226332677,1692254068434,1692254068437,1693226332684,7,3,4
26046,1693226332684,1692254068441,1692254068444,1693226332691,7,3,4
26047,1693226332691,1692254068449,1692254068452,1693226332699,8,3,5
26048,1693226332699,1692254068456,1692254068460,1693226332708,9,4,5
26049,1693226332708,1692254068464,1692254068467,1693226332715,7,3,4
26050,1693226332715,1692254068472,1692254068476,1693226332723,8,4,4
26051,1693226332724,1692254068480,1692254068483,1693226332731,7,3,4
26052,1693226332731,1692254068488,1692254068491,1693226332738,7,3,4
26053,1693226332738,1692254068495,1692254068499,1693226332747,9,4,5
26054,1693226332747,1692254068504,1692254068507,1693226332754,7,3,4
26055,1693226332754,1692254068512,1692254068515,1693226332763,9,3,6
26056,1693226332763,1692254068519,1692254068522,1693226332769,6,3,3
26057,1693226332769,1692254068526,1692254068529,1693226332777,8,3,5
26058,1693226332777,1692254068534,1692254068537,1693226332785,8,3,5
26059,1693226332785,1692254068542,1692254068545,1693226332792,7,3,4
26060,1693226332792,1692254068549,1692254068555,1693226332803,11,6,5
26061,1693226332803,1692254068560,1692254068563,1693226332811,8,3,5
26062,1693226332811,1692254068568,1692254068571,1693226332819,8,3,5
26063,1693226332819,1692254068576,1692254068581,1693226332829,10,5,5
26064,1693226332829,1692254068586,1692254068589,1693226332837,8,3,5
26065,1693226332837,1692254068594,1692254068597,1693226332845,8,3,5
26066,1693226332845,1692254068602,1692254068605,1693226332853,8,3,5
26067,1693226332853,1692254068610,1692254068613,1693226332861,8,3,5
26068,1693226332861,1692254068618,1692254068621,1693226332869,8,3,5
26069,1693226332869,1692254068626,1692254068629,1693226332877,8,3,5
26070,1693226332877,1692254068633,1692254068637,1693226332885,8,4,4
26071,1693226332885,1692254068641,1692254068644,1693226332892,7,3,4
26072,1693226332892,1692254068649,1692254068652,1693226332899,7,3,4
26073,1693226332899,1692254068658,1692254068662,1693226332910,11,4,7
26074,1693226332910,1692254068666,1692254068670,1693226332918,8,4,4
26075,1693226332918,1692254068674,1692254068677,1693226332925,7,3,4
26076,1693226332925,1692254068681,1692254068685,1693226332933,8,4,4
26077,1693226332933,1692254068689,1692254068692,1693226332940,7,3,4
26078,1693226332940,1692254068697,1692254068700,1693226332948,8,3,5
26079,1693226332948,1692254068705,1692254068708,1693226332956,8,3,5
26080,1693226332956,1692254068714,1692254068717,1693226332965,9,3,6
26081,1693226332965,1692254068721,1692254068724,1693226332972,7,3,4
26082,1693226332972,1692254068728,1692254068732,1693226332979,7,4,3
26083,1693226332979,1692254068736,1692254068738,1693226332986,7,2,5
26084,1693226332986,1692254068742,1692254068746,1693226332993,7,4,3
26085,1693226332994,1692254068750,1692254068753,1693226333001,7,3,4
26086,1693226333001,1692254068758,1692254068761,1693226333009,8,3,5
26087,1693226333009,1692254068765,1692254068768,1693226333018,9,3,6
26088,1693226333018,1692254068775,1692254068778,1693226333025,7,3,4
26089,1693226333025,1692254068781,1692254068784,1693226333031,6,3,3
26090,1693226333031,1692254068788,1692254068792,1693226333039,8,4,4
26091,1693226333039,1692254068796,1692254068800,1693226333047,8,4,4
26092,1693226333047,1692254068804,1692254068808,1693226333055,8,4,4
26093,1693226333055,1692254068812,1692254068816,1693226333063,8,4,4
26094,1693226333063,1692254068820,1692254068824,1693226333071,8,4,4
26095,1693226333071,1692254068828,1692254068832,1693226333080,9,4,5
26096,1693226333080,1692254068836,1692254068840,1693226333087,7,4,3
26097,1693226333087,1692254068843,1692254068846,1693226333094,7,3,4
26098,1693226333094,1692254068850,1692254068855,1693226333103,9,5,4
26099,1693226333103,1692254068859,1692254068864,1693226333112,9,5,4
26100,1693226333112,1692254068869,1692254068872,1693226333120,8,3,5
26101,1693226333120,1692254068879,1692254068883,1693226333130,10,4,6
26102,1693226333130,1692254068887,1692254068889,1693226333137,7,2,5
26103,1693226333137,1692254068893,1692254068897,1693226333144,7,4,3
26104,1693226333144,1692254068901,1692254068904,1693226333151,7,3,4
26105,1693226333151,1692254068908,1692254068911,1693226333158,7,3,4
26106,1693226333158,1692254068915,1692254068919,1693226333167,9,4,5
26107,1693226333167,1692254068924,1692254068927,1693226333175,8,3,5
26108,1693226333175,1692254068932,1692254068935,1693226333183,8,3,5
26109,1693226333183,1692254068940,1692254068943,1693226333191,8,3,5
26110,1693226333191,1692254068954,1692254068958,1693226333206,15,4,11
26111,1693226333206,1692254068963,1692254068966,1693226333220,14,3,11
26112,1693226333221,1692254068978,1692254068982,1693226333229,8,4,4
26113,1693226333229,1692254068986,1692254068990,1693226333237,8,4,4
26114,1693226333238,1692254068994,1692254068998,1693226333246,8,4,4
26115,1693226333246,1692254069002,1692254069005,1693226333254,8,3,5
26116,1693226333254,1692254069011,1692254069014,1693226333262,8,3,5
26117,1693226333262,1692254069019,1692254069022,1693226333269,7,3,4
26118,1693226333269,1692254069028,1692254069032,1693226333280,11,4,7
26119,1693226333280,1692254069040,1692254069044,1693226333292,12,4,8
26120,1693226333292,1692254069049,1692254069052,1693226333299,7,3,4
26121,1693226333299,1692254069056,1692254069059,1693226333306,7,3,4
26122,1693226333306,1692254069063,1692254069065,1693226333313,7,2,5
26123,1693226333313,1692254069069,1692254069072,1693226333320,7,3,4
26124,1693226333320,1692254069077,1692254069080,1693226333328,8,3,5
26125,1693226333328,1692254069084,1692254069088,1693226333336,8,4,4
26126,1693226333336,1692254069092,1692254069096,1693226333344,8,4,4
26127,1693226333344,1692254069101,1692254069104,1693226333352,8,3,5
26128,1693226333352,1692254069109,1692254069112,1693226333360,8,3,5
26129,1693226333360,1692254069116,1692254069120,1693226333367,7,4,3
26130,1693226333367,1692254069124,1692254069128,1693226333375,8,4,4
26131,1693226333375,1692254069133,1692254069136,1693226333384,9,3,6
26132,1693226333384,1692254069140,1692254069145,1693226333393,9,5,4
26133,1693226333393,1692254069150,1692254069152,1693226333400,7,2,5
26134,1693226333400,1692254069157,1692254069160,1693226333407,7,3,4
26135,1693226333407,1692254069164,1692254069169,1693226333417,10,5,5
26136,1693226333417,1692254069173,1692254069176,1693226333423,6,3,3
26137,1693226333423,1692254069180,1692254069183,1693226333431,8,3,5
26138,1693226333431,1692254069188,1692254069191,1693226333438,7,3,4
26139,1693226333438,1692254069195,1692254069198,1693226333446,8,3,5
26140,1693226333446,1692254069203,1692254069206,1693226333454,8,3,5
26141,1693226333454,1692254069211,1692254069214,1693226333462,8,3,5
26142,1693226333462,1692254069218,1692254069221,1693226333469,7,3,4
26143,1693226333469,1692254069226,1692254069229,1693226333477,8,3,5
26144,1693226333477,1692254069237,1692254069240,1693226333488,11,3,8
26145,1693226333488,1692254069245,1692254069248,1693226333495,7,3,4
26146,1693226333495,1692254069252,1692254069256,1693226333503,8,4,4
26147,1693226333503,1692254069260,1692254069263,1693226333511,8,3,5
26148,1693226333511,1692254069267,1692254069270,1693226333518,7,3,4
26149,1693226333518,1692254069275,1692254069277,1693226333525,7,2,5
26150,1693226333525,1692254069282,1692254069285,1693226333533,8,3,5
26151,1693226333533,1692254069289,1692254069292,1693226333539,6,3,3
26152,1693226333539,1692254069296,1692254069300,1693226333547,8,4,4
26153,1693226333547,1692254069305,1692254069307,1693226333555,8,2,6
26154,1693226333555,1692254069312,1692254069315,1693226333562,7,3,4
26155,1693226333562,1692254069319,1692254069321,1693226333569,7,2,5
26156,1693226333569,1692254069326,1692254069329,1693226333577,8,3,5
26157,1693226333577,1692254069333,1692254069337,1693226333584,7,4,3
26158,1693226333584,1692254069341,1692254069344,1693226333592,8,3,5
26159,1693226333592,1692254069349,1692254069351,1693226333599,7,2,5
26160,1693226333599,1692254069356,1692254069359,1693226333606,7,3,4
26161,1693226333606,1692254069363,1692254069367,1693226333615,9,4,5
26162,1693226333615,1692254069371,1692254069375,1693226333622,7,4,3
26163,1693226333622,1692254069380,1692254069382,1693226333630,8,2,6
26164,1693226333630,1692254069386,1692254069392,1693226333639,9,6,3
26165,1693226333639,1692254069396,1692254069400,1693226333647,8,4,4
26166,1693226333647,1692254069403,1692254069407,1693226333659,12,4,8
26167,1693226333659,1692254069416,1692254069419,1693226333667,8,3,5
26168,1693226333667,1692254069423,1692254069426,1693226333674,7,3,4
26169,1693226333674,1692254069431,1692254069434,1693226333682,8,3,5
26170,1693226333682,1692254069441,1692254069444,1693226333692,10,3,7
26171,1693226333692,1692254069448,1692254069453,1693226333700,8,5,3
26172,1693226333700,1692254069457,1692254069460,1693226333707,7,3,4
26173,1693226333707,1692254069464,1692254069467,1693226333715,8,3,5
26174,1693226333715,1692254069472,1692254069476,1693226333723,8,4,4
26175,1693226333723,1692254069480,1692254069483,1693226333731,8,3,5
26176,1693226333731,1692254069487,1692254069490,1693226333738,7,3,4
26177,1693226333738,1692254069494,1692254069497,1693226333745,7,3,4
26178,1693226333745,1692254069502,1692254069505,1693226333752,7,3,4
26179,1693226333752,1692254069509,1692254069513,1693226333760,8,4,4
26180,1693226333760,1692254069517,1692254069521,1693226333768,8,4,4
26181,1693226333768,1692254069525,1692254069528,1693226333775,7,3,4
26182,1693226333775,1692254069532,1692254069536,1693226333784,9,4,5
26183,1693226333784,1692254069540,1692254069544,1693226333793,9,4,5
26184,1693226333793,1692254069549,1692254069552,1693226333800,7,3,4
26185,1693226333800,1692254069557,1692254069560,1693226333808,8,3,5
26186,1693226333808,1692254069565,1692254069568,1693226333816,8,3,5
26187,1693226333816,1692254069573,1692254069575,1693226333825,9,2,7
26188,1693226333825,1692254069582,1692254069586,1693226333834,9,4,5
26189,1693226333834,1692254069590,1692254069594,1693226333841,7,4,3
26190,1693226333841,1692254069598,1692254069601,1693226333852,11,3,8
26191,1693226333852,1692254069612,1692254069615,1693226333863,11,3,8
26192,1693226333863,1692254069620,1692254069623,1693226333871,8,3,5
26193,1693226333871,1692254069628,1692254069631,1693226333879,8,3,5
26194,1693226333879,1692254069636,1692254069638,1693226333886,7,2,5
26195,1693226333886,1692254069643,1692254069646,1693226333894,8,3,5
26196,1693226333894,1692254069650,1692254069653,1693226333900,6,3,3
26197,1693226333900,1692254069657,1692254069661,1693226333909,9,4,5
26198,1693226333909,1692254069666,1692254069669,1693226333916,7,3,4
26199,1693226333916,1692254069672,1692254069675,1693226333923,7,3,4
26200,1693226333923,1692254069682,1692254069685,1693226333933,10,3,7
26201,1693226333933,1692254069693,1692254069696,1693226333945,12,3,9
26202,1693226333945,1692254069703,1692254069707,1693226333954,9,4,5
26203,1693226333954,1692254069711,1692254069714,1693226333962,8,3,5
26204,1693226333962,1692254069718,1692254069722,1693226333969,7,4,3
26205,1693226333969,1692254069726,1692254069729,1693226333976,7,3,4
26206,1693226333976,1692254069733,1692254069736,1693226333984,8,3,5
26207,1693226333984,1692254069742,1692254069745,1693226333993,9,3,6
26208,1693226333993,1692254069750,1692254069754,1693226334002,9,4,5
26209,1693226334002,1692254069759,1692254069762,1693226334010,8,3,5
26210,1693226334010,1692254069766,1692254069769,1693226334017,7,3,4
26211,1693226334017,1692254069774,1692254069777,1693226334024,7,3,4
26212,1693226334025,1692254069786,1692254069789,1693226334036,11,3,8
26213,1693226334036,1692254069793,1692254069796,1693226334044,8,3,5
26214,1693226334044,1692254069800,1692254069803,1693226334051,7,3,4
26215,1693226334051,1692254069808,1692254069811,1693226334059,8,3,5
26216,1693226334059,1692254069815,1692254069819,1693226334067,8,4,4
26217,1693226334067,1692254069824,1692254069827,1693226334075,8,3,5
26218,1693226334075,1692254069832,1692254069837,1693226334085,10,5,5
26219,1693226334085,1692254069842,1692254069846,1693226334093,8,4,4
26220,1693226334093,1692254069850,1692254069853,1693226334101,8,3,5
26221,1693226334101,1692254069858,1692254069861,1693226334109,8,3,5
26222,1693226334109,1692254069865,1692254069869,1693226334117,8,4,4
26223,1693226334117,1692254069873,1692254069876,1693226334123,6,3,3
26224,1693226334123,1692254069880,1692254069883,1693226334134,11,3,8
26225,1693226334134,1692254069891,1692254069894,1693226334142,8,3,5
26226,1693226334142,1692254069900,1692254069904,1693226334151,9,4,5
26227,1693226334152,1692254069909,1692254069912,1693226334159,7,3,4
26228,1693226334159,1692254069916,1692254069919,1693226334167,8,3,5
26229,1693226334167,1692254069923,1692254069926,1693226334174,7,3,4
26230,1693226334174,1692254069930,1692254069934,1693226334182,8,4,4
26231,1693226334182,1692254069939,1692254069942,1693226334190,8,3,5
26232,1693226334190,1692254069947,1692254069950,1693226334197,7,3,4
26233,1693226334197,1692254069954,1692254069957,1693226334205,8,3,5
26234,1693226334205,1692254069961,1692254069965,1693226334212,7,4,3
26235,1693226334212,1692254069968,1692254069971,1693226334219,7,3,4
26236,1693226334219,1692254069977,1692254069980,1693226334228,9,3,6
26237,1693226334228,1692254069984,1692254069987,1693226334235,7,3,4
26238,1693226334235,1692254069992,1692254069995,1693226334242,7,3,4
26239,1693226334242,1692254069998,1692254070002,1693226334249,7,4,3
26240,1693226334249,1692254070006,1692254070008,1693226334256,7,2,5
26241,1693226334256,1692254070013,1692254070015,1693226334263,7,2,5
26242,1693226334263,1692254070020,1692254070023,1693226334271,8,3,5
26243,1693226334271,1692254070027,1692254070030,1693226334278,7,3,4
26244,1693226334278,1692254070034,1692254070039,1693226334287,9,5,4
26245,1693226334287,1692254070044,1692254070047,1693226334294,7,3,4
26246,1693226334294,1692254070051,1692254070054,1693226334301,7,3,4
26247,1693226334301,1692254070059,1692254070063,1693226334310,9,4,5
26248,1693226334310,1692254070067,1692254070071,1693226334319,9,4,5
26249,1693226334319,1692254070075,1692254070078,1693226334326,7,3,4
26250,1693226334326,1692254070083,1692254070086,1693226334334,8,3,5
26251,1693226334334,1692254070092,1692254070095,1693226334342,8,3,5
26252,1693226334342,1692254070099,1692254070102,1693226334350,8,3,5
26253,1693226334350,1692254070108,1692254070111,1693226334359,9,3,6
26254,1693226334359,1692254070115,1692254070119,1693226334367,8,4,4
26255,1693226334367,1692254070123,1692254070126,1693226334374,7,3,4
26256,1693226334374,1692254070131,1692254070133,1693226334381,7,2,5
26257,1693226334381,1692254070137,1692254070140,1693226334388,7,3,4
26258,1693226334388,1692254070145,1692254070148,1693226334396,8,3,5
26259,1693226334396,1692254070154,1692254070157,1693226334405,9,3,6
26260,1693226334405,1692254070162,1692254070165,1693226334413,8,3,5
26261,1693226334413,1692254070170,1692254070173,1693226334421,8,3,5
26262,1693226334421,1692254070177,1692254070180,1693226334428,7,3,4
26263,1693226334428,1692254070185,1692254070188,1693226334436,8,3,5
26264,1693226334436,1692254070195,1692254070198,1693226334445,9,3,6
26265,1693226334445,1692254070202,1692254070205,1693226334453,8,3,5
26266,1693226334453,1692254070211,1692254070215,1693226334462,9,4,5
26267,1693226334462,1692254070219,1692254070222,1693226334469,7,3,4
26268,1693226334469,1692254070226,1692254070230,1693226334477,8,4,4
26269,1693226334477,1692254070234,1692254070237,1693226334485,8,3,5
26270,1693226334485,1692254070242,1692254070245,1693226334493,8,3,5
26271,1693226334493,1692254070249,1692254070253,1693226334501,8,4,4
26272,1693226334501,1692254070257,1692254070262,1693226334510,9,5,4
26273,1693226334510,1692254070267,1692254070270,1693226334517,7,3,4
26274,1693226334517,1692254070274,1692254070278,1693226334525,8,4,4
26275,1693226334525,1692254070281,1692254070284,1693226334531,6,3,3
26276,1693226334531,1692254070288,1692254070291,1693226334539,8,3,5
26277,1693226334539,1692254070297,1692254070300,1693226334548,9,3,6
26278,1693226334548,1692254070304,1692254070307,1693226334555,7,3,4
26279,1693226334555,1692254070312,1692254070316,1693226334564,9,4,5
26280,1693226334564,1692254070321,1692254070325,1693226334573,9,4,5
26281,1693226334573,1692254070329,1692254070333,1693226334580,7,4,3
26282,1693226334580,1692254070338,1692254070341,1693226334589,9,3,6
26283,1693226334589,1692254070345,1692254070348,1693226334596,7,3,4
26284,1693226334596,1692254070353,1692254070356,1693226334604,8,3,5
26285,1693226334604,1692254070361,1692254070364,1693226334612,8,3,5
26286,1693226334612,1692254070368,1692254070372,1693226334620,8,4,4
26287,1693226334620,1692254070376,1692254070379,1693226334627,7,3,4
26288,1693226334627,1692254070383,1692254070387,1693226334634,7,4,3
26289,1693226334634,1692254070391,1692254070394,1693226334641,7,3,4
26290,1693226334641,1692254070399,1692254070403,1693226334650,9,4,5
26291,1693226334650,1692254070407,1692254070410,1693226334658,8,3,5
26292,1693226334658,1692254070420,1692254070423,1693226334671,13,3,10
26293,1693226334671,1692254070428,1692254070431,1693226334679,8,3,5
26294,1693226334679,1692254070436,1692254070439,1693226334709,30,3,27
26295,1693226334709,1692254070466,1692254070469,1693226334717,8,3,5
26296,1693226334717,1692254070473,1692254070476,1693226334723,6,3,3
26297,1693226334723,1692254070485,1692254070489,1693226334736,13,4,9
26298,1693226334737,1692254070493,1692254070497,1693226334748,11,4,7
26299,1693226334748,1692254070504,1692254070508,1693226334755,7,4,3
26300,1693226334755,1692254070512,1692254070515,1693226334763,8,3,5
26301,1693226334763,1692254070522,1692254070525,1693226334773,10,3,7
26302,1693226334773,1692254070535,1692254070538,1693226334786,13,3,10
26303,1693226334786,1692254070543,1692254070547,1693226334795,9,4,5
26304,1693226334795,1692254070551,1692254070554,1693226334802,7,3,4
26305,1693226334802,1692254070559,1692254070561,1693226334809,7,2,5
26306,1693226334809,1692254070572,1692254070576,1693226334823,14,4,10
26307,1693226334823,1692254070580,1692254070583,1693226334831,8,3,5
26308,1693226334831,1692254070589,1692254070592,1693226334840,9,3,6
26309,1693226334840,1692254070597,1692254070600,1693226334849,9,3,6
26310,1693226334849,1692254070606,1692254070610,1693226334882,33,4,29
26311,1693226334882,1692254070640,1692254070643,1693226334891,9,3,6
26312,1693226334891,1692254070648,1692254070652,1693226334899,8,4,4
26313,1693226334899,1692254070667,1692254070670,1693226334920,21,3,18
26314,1693226334920,1692254070682,1692254070686,1693226334934,14,4,10
26315,1693226334934,1692254070690,1692254070693,1693226334941,7,3,4
26316,1693226334941,1692254070698,1692254070702,1693226334952,11,4,7
26317,1693226334952,1692254070708,1692254070711,1693226334959,7,3,4
26318,1693226334959,1692254070716,1692254070720,1693226334968,9,4,5
26319,1693226334968,1692254070725,1692254070729,1693226334977,9,4,5
26320,1693226334977,1692254070734,1692254070737,1693226334985,8,3,5
26321,1693226334985,1692254070742,1692254070745,1693226334993,8,3,5
26322,1693226334993,1692254070750,1692254070753,1693226335001,8,3,5
26323,1693226335001,1692254070758,1692254070760,1693226335007,6,2,4
26324,1693226335007,1692254070764,1692254070766,1693226335014,7,2,5
26325,1693226335014,1692254070770,1692254070773,1693226335021,7,3,4
26326,1693226335021,1692254070778,1692254070781,1693226335029,8,3,5
26327,1693226335029,1692254070787,1692254070790,1693226335038,9,3,6
26328,1693226335038,1692254070795,1692254070798,1693226335045,7,3,4
26329,1693226335046,1692254070802,1692254070805,1693226335054,8,3,5
26330,1693226335054,1692254070811,1692254070814,1693226335062,8,3,5
26331,1693226335062,1692254070818,1692254070821,1693226335069,7,3,4
26332,1693226335069,1692254070826,1692254070829,1693226335077,8,3,5
26333,1693226335077,1692254070834,1692254070837,1693226335085,8,3,5
26334,1693226335085,1692254070842,1692254070846,1693226335093,8,4,4
26335,1693226335093,1692254070850,1692254070853,1693226335101,8,3,5
26336,1693226335101,1692254070857,1692254070860,1693226335108,7,3,4
26337,1693226335108,1692254070865,1692254070868,1693226335116,8,3,5
26338,1693226335116,1692254070873,1692254070876,1693226335123,7,3,4
26339,1693226335123,1692254070880,1692254070883,1693226335131,8,3,5
26340,1693226335131,1692254070887,1692254070890,1693226335138,7,3,4
26341,1693226335138,1692254070894,1692254070897,1693226335145,7,3,4
26342,1693226335145,1692254070901,1692254070905,1693226335152,7,4,3
26343,1693226335152,1692254070912,1692254070915,1693226335163,11,3,8
26344,1693226335163,1692254070920,1692254070923,1693226335170,7,3,4
26345,1693226335170,1692254070927,1692254070930,1693226335177,7,3,4
26346,1693226335177,1692254070934,1692254070938,1693226335186,9,4,5
26347,1693226335186,1692254070942,1692254070946,1693226335193,7,4,3
26348,1693226335193,1692254070950,1692254070954,1693226335202,9,4,5
26349,1693226335202,1692254070959,1692254070962,1693226335209,7,3,4
26350,1693226335209,1692254070966,1692254070969,1693226335217,8,3,5
26351,1693226335217,1692254070974,1692254070978,1693226335225,8,4,4
26352,1693226335225,1692254070982,1692254070985,1693226335233,8,3,5
26353,1693226335233,1692254070989,1692254070993,1693226335241,8,4,4
26354,1693226335241,1692254070998,1692254071002,1693226335249,8,4,4
26355,1693226335249,1692254071006,1692254071009,1693226335259,10,3,7
26356,1693226335259,1692254071016,1692254071019,1693226335267,8,3,5
26357,1693226335267,1692254071024,1692254071028,1693226335276,9,4,5
26358,1693226335276,1692254071032,1692254071036,1693226335283,7,4,3
26359,1693226335283,1692254071040,1692254071043,1693226335291,8,3,5
26360,1693226335291,1692254071047,1692254071051,1693226335299,8,4,4
26361,1693226335299,1692254071056,1692254071059,1693226335307,8,3,5
26362,1693226335307,1692254071064,1692254071067,1693226335315,8,3,5
26363,1693226335315,1692254071072,1692254071075,1693226335322,7,3,4
26364,1693226335322,1692254071079,1692254071083,1693226335330,8,4,4
26365,1693226335330,1692254071087,1692254071091,1693226335339,9,4,5
26366,1693226335339,1692254071096,1692254071099,1693226335347,8,3,5
26367,1693226335347,1692254071104,1692254071108,1693226335355,8,4,4
26368,1693226335355,1692254071112,1692254071116,1693226335364,9,4,5
26369,1693226335364,1692254071121,1692254071124,1693226335372,8,3,5
26370,1693226335372,1692254071128,1692254071132,1693226335379,7,4,3
26371,1693226335379,1692254071136,1692254071139,1693226335386,7,3,4
26372,1693226335386,1692254071143,1692254071147,1693226335394,8,4,4
26373,1693226335394,1692254071151,1692254071155,1693226335403,9,4,5
26374,1693226335403,1692254071160,1692254071163,1693226335410,7,3,4
26375,1693226335410,1692254071166,1692254071169,1693226335417,7,3,4
26376,1693226335417,1692254071174,1692254071177,1693226335424,7,3,4
26377,1693226335424,1692254071182,1692254071186,1693226335433,9,4,5
26378,1693226335434,1692254071190,1692254071193,1693226335441,7,3,4
26379,1693226335441,1692254071198,1692254071202,1693226335450,9,4,5
26380,1693226335450,1692254071206,1692254071209,1693226335457,7,3,4
26381,1693226335457,1692254071213,1692254071216,1693226335463,6,3,3
26382,1693226335463,1692254071220,1692254071224,1693226335471,8,4,4
26383,1693226335471,1692254071228,1692254071231,1693226335481,10,3,7
26384,1693226335481,1692254071238,1692254071242,1693226335489,8,4,4
26385,1693226335489,1692254071246,1692254071249,1693226335496,7,3,4
26386,1693226335496,1692254071253,1692254071256,1693226335504,8,3,5
26387,1693226335504,1692254071260,1692254071264,1693226335512,8,4,4
26388,1693226335512,1692254071268,1692254071271,1693226335519,7,3,4
26389,1693226335519,1692254071275,1692254071278,1693226335526,7,3,4
26390,1693226335526,1692254071283,1692254071289,1693226335536,10,6,4
26391,1693226335536,1692254071293,1692254071296,1693226335543,7,3,4
26392,1693226335543,1692254071300,1692254071302,1693226335550,7,2,5
26393,1693226335550,1692254071307,1692254071310,1693226335558,8,3,5
26394,1693226335558,1692254071315,1692254071318,1693226335566,8,3,5
26395,1693226335566,1692254071323,1692254071326,1693226335573,7,3,4
26396,1693226335573,1692254071330,1692254071333,1693226335580,7,3,4
26397,1693226335581,1692254071337,1692254071340,1693226335588,7,3,4
26398,1693226335588,1692254071346,1692254071349,1693226335597,9,3,6
26399,1693226335597,1692254071354,1692254071357,1693226335605,8,3,5
26400,1693226335605,1692254071362,1692254071366,1693226335613,8,4,4
26401,1693226335613,1692254071370,1692254071373,1693226335621,8,3,5
26402,1693226335621,1692254071377,1692254071381,1693226335629,8,4,4
26403,1693226335629,1692254071386,1692254071390,1693226335638,9,4,5
26404,1693226335638,1692254071396,1692254071401,1693226335649,11,5,6
26405,1693226335649,1692254071406,1692254071409,1693226335656,7,3,4
26406,1693226335656,1692254071414,1692254071417,1693226335664,8,3,5
26407,1693226335664,1692254071426,1692254071429,1693226335677,13,3,10
26408,1693226335677,1692254071434,1692254071437,1693226335685,8,3,5
26409,1693226335685,1692254071442,1692254071445,1693226335693,8,3,5
26410,1693226335693,1692254071450,1692254071452,1693226335700,7,2,5
26411,1693226335700,1692254071456,1692254071460,1693226335708,8,4,4
26412,1693226335708,1692254071465,1692254071468,1693226335716,8,3,5
26413,1693226335716,1692254071473,1692254071476,1693226335724,8,3,5
26414,1693226335724,1692254071481,1692254071484,1693226335733,9,3,6
26415,1693226335733,1692254071489,1692254071492,1693226335740,7,3,4
26416,1693226335740,1692254071504,1692254071508,1693226335756,16,4,12
26417,1693226335756,1692254071513,1692254071516,1693226335763,7,3,4
26418,1693226335763,1692254071520,1692254071524,1693226335771,8,4,4
26419,1693226335771,1692254071528,1692254071532,1693226335779,8,4,4
26420,1693226335779,1692254071536,1692254071539,1693226335787,8,3,5
26421,1693226335787,1692254071543,1692254071546,1693226335793,6,3,3
26422,1693226335794,1692254071550,1692254071553,1693226335801,7,3,4
26423,1693226335801,1692254071558,1692254071561,1693226335808,7,3,4
26424,1693226335808,1692254071565,1692254071568,1693226335815,7,3,4
26425,1693226335816,1692254071572,1692254071575,1693226335823,7,3,4
26426,1693226335823,1692254071579,1692254071582,1693226335830,7,3,4
26427,1693226335830,1692254071587,1692254071592,1693226335840,10,5,5
26428,1693226335840,1692254071596,1692254071600,1693226335848,8,4,4
26429,1693226335848,1692254071606,1692254071609,1693226335857,9,3,6
26430,1693226335857,1692254071615,1692254071619,1693226335867,10,4,6
26431,1693226335867,1692254071623,1692254071627,1693226335875,8,4,4
26432,1693226335875,1692254071632,1692254071636,1693226335883,8,4,4
26433,1693226335884,1692254071641,1692254071644,1693226335891,7,3,4
26434,1693226335892,1692254071649,1692254071652,1693226335900,8,3,5
26435,1693226335900,1692254071658,1692254071660,1693226335908,8,2,6
26436,1693226335908,1692254071666,1692254071670,1693226335917,9,4,5
26437,1693226335917,1692254071675,1692254071678,1693226335925,8,3,5
26438,1693226335925,1692254071683,1692254071686,1693226335933,8,3,5
26439,1693226335933,1692254071690,1692254071693,1693226335941,8,3,5
26440,1693226335941,1692254071697,1692254071701,1693226335949,8,4,4
26441,1693226335949,1692254071705,1692254071708,1693226335956,7,3,4
26442,1693226335956,1692254071713,1692254071716,1693226335963,7,3,4
26443,1693226335963,1692254071720,1692254071723,1693226335970,7,3,4
26444,1693226335970,1692254071727,1692254071731,1693226335979,9,4,5
26445,1693226335979,1692254071735,1692254071739,1693226335987,8,4,4
26446,1693226335987,1692254071744,1692254071748,1693226335995,8,4,4
26447,1693226335995,1692254071752,1692254071755,1693226336003,8,3,5
26448,1693226336003,1692254071759,1692254071762,1693226336010,7,3,4
26449,1693226336010,1692254071766,1692254071769,1693226336017,7,3,4
26450,1693226336017,1692254071774,1692254071776,1693226336024,7,2,5
26451,1693226336024,1692254071780,1692254071783,1693226336031,7,3,4
26452,1693226336031,1692254071787,1692254071791,1693226336038,7,4,3
26453,1693226336038,1692254071797,1692254071800,1693226336047,9,3,6
26454,1693226336047,1692254071804,1692254071807,1693226336055,8,3,5
26455,1693226336055,1692254071812,1692254071814,1693226336062,7,2,5
26456,1693226336062,1692254071818,1692254071821,1693226336069,7,3,4
26457,1693226336069,1692254071826,1692254071829,1693226336078,9,3,6
26458,1693226336078,1692254071834,1692254071837,1693226336085,7,3,4
26459,1693226336085,1692254071842,1692254071845,1693226336092,7,3,4
26460,1693226336092,1692254071850,1692254071854,1693226336101,9,4,5
26461,1693226336101,1692254071857,1692254071861,1693226336108,7,4,3
26462,1693226336108,1692254071865,1692254071869,1693226336117,9,4,5
26463,1693226336117,1692254071873,1692254071876,1693226336123,6,3,3
26464,1693226336123,1692254071880,1692254071885,1693226336133,10,5,5
26465,1693226336133,1692254071890,1692254071893,1693226336141,8,3,5
26466,1693226336141,1692254071898,1692254071902,1693226336150,9,4,5
26467,1693226336150,1692254071907,1692254071910,1693226336157,7,3,4
26468,1693226336157,1692254071914,1692254071917,1693226336165,8,3,5
26469,1693226336165,1692254071922,1692254071925,1693226336173,8,3,5
26470,1693226336173,1692254071930,1692254071933,1693226336181,8,3,5
26471,1693226336181,1692254071938,1692254071941,1693226336189,8,3,5
26472,1693226336189,1692254071945,1692254071948,1693226336196,7,3,4
26473,1693226336196,1692254071953,1692254071956,1693226336204,8,3,5
26474,1693226336204,1692254071961,1692254071964,1693226336212,8,3,5
26475,1693226336212,1692254071968,1692254071972,1693226336220,8,4,4
26476,1693226336220,1692254071977,1692254071980,1693226336228,8,3,5
26477,1693226336228,1692254071984,1692254071987,1693226336235,7,3,4
26478,1693226336235,1692254071992,1692254071995,1693226336242,7,3,4
26479,1693226336242,1692254072000,1692254072004,1693226336252,10,4,6
26480,1693226336252,1692254072009,1692254072011,1693226336259,7,2,5
26481,1693226336259,1692254072016,1692254072019,1693226336266,7,3,4
26482,1693226336266,1692254072023,1692254072025,1693226336273,7,2,5
26483,1693226336273,1692254072032,1692254072035,1693226336283,10,3,7
26484,1693226336283,1692254072039,1692254072042,1693226336290,7,3,4
26485,1693226336290,1692254072047,1692254072050,1693226336298,8,3,5
26486,1693226336298,1692254072055,1692254072059,1693226336306,8,4,4
26487,1693226336306,1692254072062,1692254072066,1693226336313,7,4,3
26488,1693226336313,1692254072070,1692254072074,1693226336321,8,4,4
26489,1693226336321,1692254072078,1692254072082,1693226336330,9,4,5
26490,1693226336330,1692254072087,1692254072089,1693226336337,7,2,5
26491,1693226336337,1692254072094,1692254072097,1693226336344,7,3,4
26492,1693226336344,1692254072102,1692254072105,1693226336352,8,3,5
26493,1693226336352,1692254072109,1692254072112,1693226336360,8,3,5
26494,1693226336360,1692254072117,1692254072120,1693226336368,8,3,5
26495,1693226336368,1692254072124,1692254072127,1693226336375,7,3,4
26496,1693226336375,1692254072132,1692254072135,1693226336385,10,3,7
26497,1693226336385,1692254072142,1692254072146,1693226336393,8,4,4
26498,1693226336393,1692254072150,1692254072153,1693226336400,7,3,4
26499,1693226336400,1692254072157,1692254072159,1693226336407,7,2,5
26500,1693226336407,1692254072164,1692254072167,1693226336416,9,3,6
26501,1693226336416,1692254072173,1692254072177,1693226336425,9,4,5
26502,1693226336425,1692254072182,1692254072185,1693226336432,7,3,4
26503,1693226336432,1692254072189,1692254072192,1693226336439,7,3,4
26504,1693226336440,1692254072196,1692254072199,1693226336447,7,3,4
26505,1693226336447,1692254072203,1692254072207,1693226336455,8,4,4
26506,1693226336455,1692254072212,1692254072214,1693226336462,7,2,5
26507,1693226336462,1692254072219,1692254072222,1693226336469,7,3,4
26508,1693226336469,1692254072226,1692254072229,1693226336476,7,3,4
26509,1693226336476,1692254072233,1692254072237,1693226336485,9,4,5
26510,1693226336485,1692254072242,1692254072245,1693226336493,8,3,5
26511,1693226336493,1692254072250,1692254072253,1693226336501,8,3,5
26512,1693226336501,1692254072259,1692254072262,1693226336509,8,3,5
26513,1693226336509,1692254072266,1692254072269,1693226336517,8,3,5
26514,1693226336517,1692254072274,1692254072278,1693226336526,9,4,5
26515,1693226336526,1692254072283,1692254072286,1693226336534,8,3,5
26516,1693226336534,1692254072291,1692254072294,1693226336542,8,3,5
26517,1693226336542,1692254072299,1692254072302,1693226336549,7,3,4
26518,1693226336549,1692254072307,1692254072310,1693226336558,9,3,6
26519,1693226336558,1692254072314,1692254072318,1693226336565,7,4,3
26520,1693226336565,1692254072322,1692254072325,1693226336573,8,3,5
26521,1693226336573,1692254072329,1692254072332,1693226336580,7,3,4
26522,1693226336580,1692254072337,1692254072340,1693226336590,10,3,7
26523,1693226336590,1692254072347,1692254072350,1693226336598,8,3,5
26524,1693226336598,1692254072354,1692254072357,1693226336604,6,3,3
26525,1693226336605,1692254072361,1692254072364,1693226336611,6,3,3
26526,1693226336611,1692254072369,1692254072372,1693226336620,9,3,6
26527,1693226336620,1692254072376,1692254072379,1693226336627,7,3,4
26528,1693226336627,1692254072384,1692254072387,1693226336634,7,3,4
26529,1693226336634,1692254072391,1692254072393,1693226336641,7,2,5
26530,1693226336641,1692254072398,1692254072402,1693226336649,8,4,4
26531,1693226336649,1692254072406,1692254072409,1693226336657,8,3,5
26532,1693226336657,1692254072414,1692254072417,1693226336665,8,3,5
26533,1693226336665,1692254072422,1692254072424,1693226336672,7,2,5
26534,1693226336672,1692254072433,1692254072435,1693226336683,11,2,9
26535,1693226336683,1692254072440,1692254072444,1693226336692,9,4,5
26536,1693226336692,1692254072449,1692254072453,1693226336700,8,4,4
26537,1693226336700,1692254072457,1692254072461,1693226336708,8,4,4
26538,1693226336709,1692254072465,1692254072470,1693226336718,9,5,4
26539,1693226336718,1692254072474,1692254072477,1693226336725,7,3,4
26540,1693226336725,1692254072482,1692254072485,1693226336733,8,3,5
26541,1693226336733,1692254072490,1692254072492,1693226336740,7,2,5
26542,1693226336740,1692254072497,1692254072499,1693226336747,7,2,5
26543,1693226336747,1692254072503,1692254072507,1693226336754,7,4,3
26544,1693226336754,1692254072512,1692254072516,1693226336764,10,4,6
26545,1693226336764,1692254072521,1692254072524,1693226336772,8,3,5
26546,1693226336772,1692254072529,1692254072531,1693226336779,7,2,5
26547,1693226336779,1692254072535,1692254072538,1693226336786,7,3,4
26548,1693226336786,1692254072543,1692254072547,1693226336795,9,4,5
26549,1693226336795,1692254072551,1692254072555,1693226336802,7,4,3
26550,1693226336802,1692254072558,1692254072562,1693226336809,7,4,3
26551,1693226336809,1692254072566,1692254072568,1693226336816,7,2,5
26552,1693226336816,1692254072573,1692254072577,1693226336824,8,4,4
26553,1693226336824,1692254072580,1692254072584,1693226336832,8,4,4
26554,1693226336832,1692254072590,1692254072593,1693226336840,8,3,5
26555,1693226336840,1692254072597,1692254072600,1693226336847,7,3,4
26556,1693226336847,1692254072605,1692254072608,1693226336856,9,3,6
26557,1693226336856,1692254072614,1692254072618,1693226336865,9,4,5
26558,1693226336865,1692254072622,1692254072625,1693226336873,8,3,5
26559,1693226336873,1692254072630,1692254072633,1693226336881,8,3,5
26560,1693226336881,1692254072637,1692254072640,1693226336888,7,3,4
26561,1693226336888,1692254072645,1692254072648,1693226336897,9,3,6
26562,1693226336897,1692254072654,1692254072657,1693226336905,8,3,5
26563,1693226336905,1692254072662,1692254072665,1693226336914,9,3,6
26564,1693226336914,1692254072671,1692254072674,1693226336921,7,3,4
26565,1693226336921,1692254072678,1692254072681,1693226336928,7,3,4
26566,1693226336928,1692254072685,1692254072689,1693226336936,8,4,4
26567,1693226336936,1692254072694,1692254072697,1693226336944,8,3,5
26568,1693226336944,1692254072702,1692254072705,1693226336952,8,3,5
26569,1693226336952,1692254072709,1692254072712,1693226336960,8,3,5
26570,1693226336960,1692254072717,1692254072720,1693226336968,8,3,5
26571,1693226336968,1692254072724,1692254072727,1693226336975,7,3,4
26572,1693226336975,1692254072732,1692254072735,1693226336983,8,3,5
26573,1693226336983,1692254072739,1692254072742,1693226336990,7,3,4
26574,1693226336990,1692254072747,1692254072750,1693226336999,9,3,6
26575,1693226336999,1692254072756,1692254072760,1693226337008,9,4,5
26576,1693226337008,1692254072765,1692254072768,1693226337015,7,3,4
26577,1693226337015,1692254072772,1692254072775,1693226337023,8,3,5
26578,1693226337023,1692254072787,1692254072791,1693226337038,15,4,11
26579,1693226337038,1692254072794,1692254072798,1693226337045,7,4,3
26580,1693226337045,1692254072802,1692254072805,1693226337052,7,3,4
26581,1693226337052,1692254072809,1692254072812,1693226337060,8,3,5
26582,1693226337060,1692254072816,1692254072819,1693226337067,7,3,4
26583,1693226337067,1692254072824,1692254072827,1693226337074,7,3,4
26584,1693226337074,1692254072831,1692254072834,1693226337081,7,3,4
26585,1693226337081,1692254072838,1692254072840,1693226337088,7,2,5
26586,1693226337088,1692254072845,1692254072849,1693226337096,8,4,4
26587,1693226337096,1692254072857,1692254072860,1693226337107,11,3,8
26588,1693226337107,1692254072864,1692254072868,1693226337115,8,4,4
26589,1693226337115,1692254072874,1692254072877,1693226337124,9,3,6
26590,1693226337124,1692254072881,1692254072884,1693226337132,8,3,5
26591,1693226337132,1692254072889,1692254072892,1693226337139,7,3,4
26592,1693226337139,1692254072896,1692254072899,1693226337147,8,3,5
26593,1693226337147,1692254072903,1692254072907,1693226337154,7,4,3
26594,1693226337154,1692254072911,1692254072914,1693226337162,8,3,5
26595,1693226337162,1692254072918,1692254072922,1693226337169,7,4,3
26596,1693226337169,1692254072925,1692254072929,1693226337176,7,4,3
26597,1693226337176,1692254072932,1692254072935,1693226337183,7,3,4
26598,1693226337183,1692254072939,1692254072943,1693226337191,8,4,4
26599,1693226337191,1692254072948,1692254072951,1693226337198,7,3,4
26600,1693226337198,1692254072955,1692254072959,1693226337206,8,4,4
26601,1693226337206,1692254072963,1692254072965,1693226337213,7,2,5
26602,1693226337213,1692254072970,1692254072974,1693226337222,9,4,5
26603,1693226337222,1692254072978,1692254072981,1693226337229,7,3,4
26604,1693226337229,1692254072987,1692254072990,1693226337238,9,3,6
26605,1693226337238,1692254072995,1692254072998,1693226337245,7,3,4
26606,1693226337245,1692254073002,1692254073005,1693226337253,8,3,5
26607,1693226337253,1692254073010,1692254073012,1693226337260,7,2,5
26608,1693226337260,1692254073016,1692254073020,1693226337267,7,4,3
26609,1693226337267,1692254073023,1692254073026,1693226337278,11,3,8
26610,1693226337278,1692254073035,1692254073039,1693226337286,8,4,4
26611,1693226337286,1692254073042,1692254073045,1693226337293,7,3,4
26612,1693226337293,1692254073049,1692254073054,1693226337302,9,5,4
26613,1693226337302,1692254073062,1692254073066,1693226337313,11,4,7
26614,1693226337313,1692254073070,1692254073073,1693226337321,8,3,5
26615,1693226337321,1692254073079,1692254073082,1693226337330,9,3,6
26616,1693226337330,1692254073087,1692254073090,1693226337338,8,3,5
26617,1693226337338,1692254073095,1692254073099,1693226337347,9,4,5
26618,1693226337347,1692254073103,1692254073106,1693226337354,7,3,4
26619,1693226337354,1692254073111,1692254073114,1693226337362,8,3,5
26620,1693226337362,1692254073118,1692254073122,1693226337370,8,4,4
26621,1693226337370,1692254073126,1692254073129,1693226337377,7,3,4
26622,1693226337377,1692254073133,1692254073136,1693226337396,19,3,16
26623,1693226337396,1692254073171,1692254073174,1693226337422,26,3,23
26624,1693226337422,1692254073180,1692254073183,1693226337431,9,3,6
26625,1693226337431,1692254073188,1692254073191,1693226337439,8,3,5
26626,1693226337439,1692254073196,1692254073199,1693226337447,8,3,5
26627,1693226337447,1692254073204,1692254073207,1693226337455,8,3,5
26628,1693226337455,1692254073212,1692254073215,1693226337462,7,3,4
26629,1693226337462,1692254073219,1692254073222,1693226337470,8,3,5
26630,1693226337470,1692254073228,1692254073232,1693226337480,10,4,6
26631,1693226337480,1692254073237,1692254073239,1693226337487,7,2,5
26632,1693226337487,1692254073244,1692254073247,1693226337497,10,3,7
26633,1693226337497,1692254073254,1692254073257,1693226337505,8,3,5
26634,1693226337505,1692254073262,1692254073266,1693226337517,12,4,8
26635,1693226337517,1692254073274,1692254073277,1693226337526,9,3,6
26636,1693226337526,1692254073284,1692254073287,1693226337535,9,3,6
26637,1693226337535,1692254073291,1692254073294,1693226337541,6,3,3
26638,1693226337541,1692254073298,1692254073301,1693226337549,8,3,5
26639,1693226337549,1692254073305,1692254073309,1693226337557,8,4,4
26640,1693226337557,1692254073314,1692254073317,1693226337565,8,3,5
26641,1693226337565,1692254073348,1692254073352,1693226337599,34,4,30
26642,1693226337599,1692254073358,1692254073362,1693226337609,10,4,6
26643,1693226337609,1692254073368,1692254073371,1693226337619,10,3,7
26644,1693226337619,1692254073376,1692254073379,1693226337626,7,3,4
26645,1693226337626,1692254073383,1692254073386,1693226337634,8,3,5
26646,1693226337634,1692254073390,1692254073394,1693226337641,7,4,3
26647,1693226337641,1692254073398,1692254073401,1693226337648,7,3,4
26648,1693226337648,1692254073405,1692254073409,1693226337656,8,4,4
26649,1693226337657,1692254073413,1692254073418,1693226337666,9,5,4
26650,1693226337666,1692254073423,1692254073426,1693226337674,8,3,5
26651,1693226337674,1692254073431,1692254073434,1693226337684,10,3,7
26652,1693226337684,1692254073442,1692254073445,1693226337693,9,3,6
26653,1693226337693,1692254073450,1692254073452,1693226337700,7,2,5
26654,1693226337700,1692254073457,1692254073459,1693226337707,7,2,5
26655,1693226337707,1692254073464,1692254073467,1693226337716,9,3,6
26656,1693226337716,1692254073473,1692254073476,1693226337724,8,3,5
26657,1693226337724,1692254073481,1692254073485,1693226337733,9,4,5
26658,1693226337733,1692254073490,1692254073494,1693226337741,8,4,4
26659,1693226337741,1692254073499,1692254073502,1693226337750,9,3,6
26660,1693226337750,1692254073507,1692254073510,1693226337758,8,3,5
26661,1693226337758,1692254073514,1692254073517,1693226337764,6,3,3
26662,1693226337764,1692254073521,1692254073524,1693226337771,7,3,4
26663,1693226337771,1692254073528,1692254073531,1693226337778,7,3,4
26664,1693226337778,1692254073539,1692254073545,1693226337793,15,6,9
26665,1693226337793,1692254073550,1692254073552,1693226337800,7,2,5
26666,1693226337800,1692254073556,1692254073559,1693226337807,7,3,4
26667,1693226337807,1692254073563,1692254073567,1693226337815,8,4,4
26668,1693226337815,1692254073573,1692254073577,1693226337824,9,4,5
26669,1693226337824,1692254073581,1692254073584,1693226337832,8,3,5
26670,1693226337832,1692254073589,1692254073592,1693226337839,7,3,4
26671,1693226337839,1692254073596,1692254073599,1693226337846,7,3,4
26672,1693226337846,1692254073603,1692254073606,1693226337853,7,3,4
26673,1693226337853,1692254073609,1692254073612,1693226337860,7,3,4
26674,1693226337860,1692254073616,1692254073619,1693226337867,7,3,4
26675,1693226337867,1692254073623,1692254073626,1693226337873,6,3,3
26676,1693226337873,1692254073630,1692254073633,1693226337880,7,3,4
26677,1693226337880,1692254073637,1692254073639,1693226337886,6,2,4
26678,1693226337886,1692254073643,1692254073647,1693226337894,8,4,4
26679,1693226337894,1692254073651,1692254073653,1693226337900,6,2,4
26680,1693226337900,1692254073658,1692254073661,1693226337909,9,3,6
26681,1693226337909,1692254073665,1692254073668,1693226337915,6,3,3
26682,1693226337915,1692254073671,1692254073674,1693226337921,6,3,3
26683,1693226337921,1692254073678,1692254073680,1693226337928,7,2,5
26684,1693226337928,1692254073684,1692254073688,1693226337935,7,4,3
26685,1693226337935,1692254073691,1692254073696,1693226337944,9,5,4
26686,1693226337944,1692254073700,1692254073703,1693226337950,6,3,3
26687,1693226337950,1692254073706,1692254073710,1693226337957,7,4,3
26688,1693226337957,1692254073714,1692254073718,1693226337966,9,4,5
26689,1693226337966,1692254073722,1692254073725,1693226337973,7,3,4
26690,1693226337973,1692254073730,1692254073733,1693226337981,8,3,5
26691,1693226337981,1692254073738,1692254073741,1693226337989,8,3,5
26692,1693226337989,1692254073745,1692254073748,1693226337996,7,3,4
26693,1693226337996,1692254073753,1692254073756,1693226338004,8,3,5
26694,1693226338004,1692254073760,1692254073763,1693226338011,7,3,4
26695,1693226338011,1692254073768,1692254073771,1693226338019,8,3,5
26696,1693226338019,1692254073775,1692254073778,1693226338026,7,3,4
26697,1693226338026,1692254073783,1692254073786,1693226338033,7,3,4
26698,1693226338033,1692254073790,1692254073793,1693226338041,8,3,5
26699,1693226338041,1692254073797,1692254073800,1693226338048,7,3,4
26700,1693226338048,1692254073806,1692254073809,1693226338056,8,3,5
26701,1693226338057,1692254073814,1692254073817,1693226338065,8,3,5
26702,1693226338065,1692254073822,1692254073824,1693226338072,7,2,5
26703,1693226338072,1692254073829,1692254073833,1693226338080,8,4,4
26704,1693226338080,1692254073836,1692254073839,1693226338087,7,3,4
26705,1693226338087,1692254073844,1692254073847,1693226338095,8,3,5
26706,1693226338095,1692254073852,1692254073855,1693226338102,7,3,4
26707,1693226338102,1692254073859,1692254073862,1693226338109,7,3,4
26708,1693226338109,1692254073866,1692254073869,1693226338117,8,3,5
26709,1693226338117,1692254073880,1692254073884,1693226338131,14,4,10
26710,1693226338131,1692254073888,1692254073892,1693226338140,9,4,5
26711,1693226338140,1692254073897,1692254073900,1693226338148,8,3,5
26712,1693226338148,1692254073904,1692254073907,1693226338155,7,3,4
26713,1693226338155,1692254073912,1692254073915,1693226338163,8,3,5
26714,1693226338163,1692254073919,1692254073922,1693226338169,6,3,3
26715,1693226338169,1692254073926,1692254073929,1693226338176,7,3,4
26716,1693226338176,1692254073934,1692254073937,1693226338185,9,3,6
26717,1693226338185,1692254073942,1692254073945,1693226338193,8,3,5
26718,1693226338193,1692254073950,1692254073953,1693226338200,7,3,4
26719,1693226338200,1692254073957,1692254073960,1693226338208,8,3,5
26720,1693226338208,1692254073965,1692254073968,1693226338216,8,3,5
26721,1693226338216,1692254073972,1692254073977,1693226338225,9,5,4
26722,1693226338225,1692254073985,1692254073989,1693226338236,11,4,7
26723,1693226338236,1692254073993,1692254073997,1693226338244,8,4,4
26724,1693226338244,1692254074002,1692254074005,1693226338252,8,3,5
26725,1693226338252,1692254074009,1692254074013,1693226338260,8,4,4
26726,1693226338260,1692254074017,1692254074020,1693226338268,8,3,5
26727,1693226338268,1692254074025,1692254074028,1693226338276,8,3,5
26728,1693226338276,1692254074033,1692254074038,1693226338285,9,5,4
26729,1693226338285,1692254074042,1692254074045,1693226338293,8,3,5
26730,1693226338293,1692254074051,1692254074054,1693226338302,9,3,6
26731,1693226338302,1692254074063,1692254074067,1693226338314,12,4,8
26732,1693226338314,1692254074071,1692254074074,1693226338322,8,3,5
26733,1693226338322,1692254074080,1692254074084,1693226338331,9,4,5
26734,1693226338332,1692254074088,1692254074091,1693226338339,7,3,4
26735,1693226338339,1692254074096,1692254074099,1693226338347,8,3,5
26736,1693226338347,1692254074104,1692254074107,1693226338355,8,3,5
26737,1693226338355,1692254074111,1692254074115,1693226338363,8,4,4
26738,1693226338363,1692254074119,1692254074122,1693226338369,6,3,3
26739,1693226338369,1692254074125,1692254074129,1693226338376,7,4,3
26740,1693226338376,1692254074133,1692254074136,1693226338384,8,3,5
26741,1693226338384,1692254074142,1692254074144,1693226338392,8,2,6
26742,1693226338392,1692254074149,1692254074154,1693226338402,10,5,5
26743,1693226338402,1692254074159,1692254074162,1693226338409,7,3,4
26744,1693226338409,1692254074166,1692254074169,1693226338417,8,3,5
26745,1693226338417,1692254074173,1692254074176,1693226338424,7,3,4
26746,1693226338424,1692254074180,1692254074183,1693226338433,9,3,6
26747,1693226338433,1692254074190,1692254074193,1693226338441,8,3,5
26748,1693226338441,1692254074197,1692254074201,1693226338449,8,4,4
26749,1693226338449,1692254074205,1692254074208,1693226338456,7,3,4
26750,1693226338456,1692254074213,1692254074216,1693226338464,8,3,5
26751,1693226338464,1692254074221,1692254074224,1693226338472,8,3,5
26752,1693226338472,1692254074228,1692254074231,1693226338479,7,3,4
26753,1693226338479,1692254074236,1692254074239,1693226338486,7,3,4
26754,1693226338486,1692254074243,1692254074246,1693226338493,7,3,4
26755,1693226338493,1692254074250,1692254074253,1693226338500,7,3,4
26756,1693226338500,1692254074257,1692254074261,1693226338509,9,4,5
26757,1693226338509,1692254074265,1692254074268,1693226338516,7,3,4
26758,1693226338516,1692254074274,1692254074277,1693226338524,8,3,5
26759,1693226338525,1692254074281,1692254074285,1693226338533,8,4,4
26760,1693226338533,1692254074291,1692254074294,1693226338541,8,3,5
26761,1693226338541,1692254074299,1692254074302,1693226338550,9,3,6
26762,1693226338550,1692254074307,1692254074309,1693226338557,7,2,5
26763,1693226338557,1692254074314,1692254074318,1693226338565,8,4,4
26764,1693226338565,1692254074321,1692254074324,1693226338572,7,3,4
26765,1693226338572,1692254074328,1692254074331,1693226338579,7,3,4
26766,1693226338579,1692254074336,1692254074339,1693226338587,8,3,5
26767,1693226338587,1692254074343,1692254074346,1693226338594,7,3,4
26768,1693226338594,1692254074353,1692254074356,1693226338604,10,3,7
26769,1693226338604,1692254074361,1692254074364,1693226338612,8,3,5
26770,1693226338612,1692254074368,1692254074372,1693226338620,8,4,4
26771,1693226338620,1692254074376,1692254074379,1693226338627,7,3,4
26772,1693226338627,1692254074384,1692254074388,1693226338638,11,4,7
26773,1693226338638,1692254074394,1692254074398,1693226338645,7,4,3
26774,1693226338645,1692254074406,1692254074410,1693226338657,12,4,8
26775,1693226338657,1692254074416,1692254074419,1693226338667,10,3,7
26776,1693226338667,1692254074423,1692254074427,1693226338675,8,4,4
26777,1693226338675,1692254074432,1692254074435,1693226338683,8,3,5
26778,1693226338683,1692254074443,1692254074447,1693226338694,11,4,7
26779,1693226338694,1692254074452,1692254074456,1693226338704,10,4,6
26780,1693226338704,1692254074461,1692254074464,1693226338712,8,3,5
26781,1693226338712,1692254074469,1692254074472,1693226338720,8,3,5
26782,1693226338720,1692254074477,1692254074481,1693226338729,9,4,5
26783,1693226338729,1692254074485,1692254074488,1693226338735,6,3,3
26784,1693226338735,1692254074492,1692254074495,1693226338743,8,3,5
26785,1693226338743,1692254074499,1692254074502,1693226338750,7,3,4
26786,1693226338750,1692254074507,1692254074510,1693226338760,10,3,7
26787,1693226338760,1692254074517,1692254074520,1693226338768,8,3,5
26788,1693226338768,1692254074526,1692254074529,1693226338776,8,3,5
26789,1693226338777,1692254074534,1692254074537,1693226338784,7,3,4
26790,1693226338784,1692254074541,1692254074544,1693226338792,8,3,5
26791,1693226338792,1692254074549,1692254074552,1693226338799,7,3,4
26792,1693226338799,1692254074556,1692254074560,1693226338807,8,4,4
26793,1693226338807,1692254074564,1692254074569,1693226338817,10,5,5
26794,1693226338817,1692254074573,1692254074576,1693226338824,7,3,4
26795,1693226338824,1692254074581,1692254074584,1693226338831,7,3,4
26796,1693226338832,1692254074588,1692254074592,1693226338840,8,4,4
26797,1693226338840,1692254074598,1692254074601,1693226338848,8,3,5
26798,1693226338848,1692254074605,1692254074609,1693226338857,9,4,5
26799,1693226338857,1692254074614,1692254074617,1693226338865,8,3,5
26800,1693226338865,1692254074622,1692254074625,1693226338873,8,3,5
26801,1693226338873,1692254074630,1692254074633,1693226338880,7,3,4
26802,1693226338880,1692254074637,1692254074641,1693226338888,8,4,4
26803,1693226338888,1692254074645,1692254074648,1693226338896,8,3,5
26804,1693226338896,1692254074652,1692254074656,1693226338903,7,4,3
26805,1693226338903,1692254074660,1692254074663,1693226338911,8,3,5
26806,1693226338911,1692254074668,1692254074672,1693226338919,8,4,4
26807,1693226338919,1692254074677,1692254074680,1693226338927,8,3,5
26808,1693226338927,1692254074684,1692254074687,1693226338934,7,3,4
26809,1693226338934,1692254074691,1692254074694,1693226338942,8,3,5
26810,1693226338942,1692254074700,1692254074703,1693226338951,9,3,6
26811,1693226338951,1692254074707,1692254074710,1693226338957,6,3,3
26812,1693226338958,1692254074714,1692254074718,1693226338965,7,4,3
26813,1693226338965,1692254074723,1692254074726,1693226338974,9,3,6
26814,1693226338974,1692254074731,1692254074734,1693226338981,7,3,4
26815,1693226338981,1692254074738,1692254074740,1693226338988,7,2,5
26816,1693226338988,1692254074745,1692254074748,1693226338995,7,3,4
26817,1693226338995,1692254074752,1692254074755,1693226339003,8,3,5
26818,1693226339003,1692254074760,1692254074763,1693226339011,8,3,5
26819,1693226339011,1692254074768,1692254074771,1693226339023,12,3,9
26820,1693226339023,1692254074780,1692254074784,1693226339031,8,4,4
26821,1693226339032,1692254074789,1692254074792,1693226339040,8,3,5
26822,1693226339040,1692254074797,1692254074800,1693226339048,8,3,5
26823,1693226339048,1692254074805,1692254074808,1693226339056,8,3,5
26824,1693226339056,1692254074812,1692254074815,1693226339063,7,3,4
26825,1693226339063,1692254074820,1692254074823,1693226339070,7,3,4
26826,1693226339071,1692254074827,1692254074829,1693226339077,6,2,4
26827,1693226339077,1692254074834,1692254074837,1693226339084,7,3,4
26828,1693226339084,1692254074841,1692254074844,1693226339092,8,3,5
26829,1693226339092,1692254074849,1692254074852,1693226339100,8,3,5
26830,1693226339100,1692254074857,1692254074862,1693226339110,10,5,5
26831,1693226339110,1692254074866,1692254074869,1693226339117,7,3,4
26832,1693226339117,1692254074873,1692254074876,1693226339124,7,3,4
26833,1693226339124,1692254074881,1692254074884,1693226339131,7,3,4
26834,1693226339131,1692254074889,1692254074892,1693226339139,8,3,5
26835,1693226339139,1692254074896,1692254074899,1693226339147,8,3,5
26836,1693226339147,1692254074905,1692254074909,1693226339156,9,4,5
26837,1693226339156,1692254074913,1692254074916,1693226339164,8,3,5
26838,1693226339164,1692254074922,1692254074926,1693226339174,10,4,6
26839,1693226339174,1692254074931,1692254074934,1693226339181,7,3,4
26840,1693226339181,1692254074937,1692254074941,1693226339189,8,4,4
26841,1693226339189,1692254074945,1692254074949,1693226339197,8,4,4
26842,1693226339197,1692254074954,1692254074957,1693226339205,8,3,5
26843,1693226339205,1692254074962,1692254074965,1693226339213,8,3,5
26844,1693226339213,1692254074970,1692254074973,1693226339221,8,3,5
26845,1693226339221,1692254074978,1692254074981,1693226339229,8,3,5
26846,1693226339229,1692254074985,1692254074989,1693226339236,7,4,3
26847,1693226339236,1692254074993,1692254074995,1693226339243,7,2,5
26848,1693226339243,1692254075000,1692254075004,1693226339253,10,4,6
26849,1693226339253,1692254075010,1692254075013,1693226339261,8,3,5
26850,1693226339261,1692254075018,1692254075021,1693226339269,8,3,5
26851,1693226339269,1692254075025,1692254075027,1693226339275,6,2,4
26852,1693226339275,1692254075032,1692254075035,1693226339283,8,3,5
26853,1693226339283,1692254075040,1692254075045,1693226339292,9,5,4
26854,1693226339292,1692254075049,1692254075052,1693226339299,7,3,4
26855,1693226339300,1692254075056,1692254075059,1693226339306,6,3,3
26856,1693226339306,1692254075064,1692254075067,1693226339314,8,3,5
26857,1693226339314,1692254075071,1692254075074,1693226339322,8,3,5
26858,1693226339322,1692254075078,1692254075082,1693226339329,7,4,3
26859,1693226339329,1692254075086,1692254075089,1693226339337,8,3,5
26860,1693226339337,1692254075094,1692254075097,1693226339344,7,3,4
26861,1693226339344,1692254075101,1692254075104,1693226339354,10,3,7
26862,1693226339354,1692254075111,1692254075115,1693226339363,9,4,5
26863,1693226339363,1692254075120,1692254075123,1693226339370,7,3,4
26864,1693226339370,1692254075127,1692254075131,1693226339379,9,4,5
26865,1693226339379,1692254075136,1692254075139,1693226339387,8,3,5
26866,1693226339387,1692254075143,1692254075147,1693226339394,7,4,3
26867,1693226339394,1692254075151,1692254075158,1693226339405,11,7,4
26868,1693226339405,1692254075162,1692254075165,1693226339413,8,3,5
26869,1693226339413,1692254075169,1692254075172,1693226339420,7,3,4
26870,1693226339420,1692254075177,1692254075181,1693226339428,8,4,4
26871,1693226339428,1692254075185,1692254075188,1693226339435,7,3,4
26872,1693226339435,1692254075191,1692254075194,1693226339442,7,3,4
26873,1693226339442,1692254075199,1692254075202,1693226339450,8,3,5
26874,1693226339450,1692254075207,1692254075210,1693226339457,7,3,4
26875,1693226339457,1692254075214,1692254075217,1693226339465,8,3,5
26876,1693226339465,1692254075222,1692254075225,1693226339473,8,3,5
26877,1693226339473,1692254075230,1692254075234,1693226339481,8,4,4
26878,1693226339481,1692254075238,1692254075241,1693226339489,8,3,5
26879,1693226339489,1692254075247,1692254075250,1693226339498,9,3,6
26880,1693226339498,1692254075254,1692254075258,1693226339506,8,4,4
26881,1693226339506,1692254075262,1692254075265,1693226339513,7,3,4
26882,1693226339513,1692254075269,1692254075273,1693226339521,8,4,4
26883,1693226339522,1692254075283,1692254075287,1693226339535,13,4,9
26884,1693226339535,1692254075292,1692254075295,1693226339543,8,3,5
26885,1693226339543,1692254075300,1692254075303,1693226339550,7,3,4
26886,1693226339550,1692254075307,1692254075310,1693226339560,10,3,7
26887,1693226339560,1692254075317,1692254075320,1693226339568,8,3,5
26888,1693226339568,1692254075324,1692254075327,1693226339576,8,3,5
26889,1693226339576,1692254075333,1692254075336,1693226339584,8,3,5
26890,1693226339584,1692254075344,1692254075348,1693226339595,11,4,7
26891,1693226339596,1692254075353,1692254075356,1693226339604,8,3,5
26892,1693226339604,1692254075366,1692254075369,1693226339617,13,3,10
26893,1693226339617,1692254075374,1692254075378,1693226339625,8,4,4
26894,1693226339625,1692254075382,1692254075386,1693226339633,8,4,4
26895,1693226339633,1692254075390,1692254075394,1693226339641,8,4,4
26896,1693226339641,1692254075398,1692254075401,1693226339648,7,3,4
26897,1693226339648,1692254075405,1692254075408,1693226339656,8,3,5
26898,1693226339656,1692254075413,1692254075415,1693226339663,7,2,5
26899,1693226339663,1692254075420,1692254075423,1693226339670,7,3,4
26900,1693226339670,1692254075428,1692254075431,1693226339679,9,3,6
26901,1693226339679,1692254075436,1692254075439,1693226339687,8,3,5
26902,1693226339687,1692254075444,1692254075447,1693226339695,8,3,5
26903,1693226339695,1692254075452,1692254075455,1693226339702,7,3,4
26904,1693226339703,1692254075459,1692254075464,1693226339712,9,5,4
26905,1693226339712,1692254075469,1692254075473,1693226339720,8,4,4
26906,1693226339720,1692254075478,1692254075481,1693226339729,9,3,6
26907,1693226339729,1692254075487,1692254075490,1693226339738,9,3,6
26908,1693226339738,1692254075494,1692254075497,1693226339745,7,3,4
26909,1693226339745,1692254075502,1692254075505,1693226339752,7,3,4
26910,1693226339753,1692254075509,1692254075513,1693226339761,8,4,4
26911,1693226339761,1692254075519,1692254075523,1693226339770,9,4,5
26912,1693226339770,1692254075527,1692254075530,1693226339778,8,3,5
26913,1693226339778,1692254075536,1692254075539,1693226339787,9,3,6
26914,1693226339787,1692254075544,1692254075547,1693226339795,8,3,5
26915,1693226339795,1692254075552,1692254075555,1693226339802,7,3,4
26916,1693226339802,1692254075559,1692254075562,1693226339810,8,3,5
26917,1693226339810,1692254075567,1692254075569,1693226339817,7,2,5
26918,1693226339817,1692254075574,1692254075576,1693226339824,7,2,5
26919,1693226339824,1692254075581,1692254075584,1693226339832,8,3,5
26920,1693226339832,1692254075589,1692254075592,1693226339839,7,3,4
26921,1693226339839,1692254075596,1692254075601,1693226339848,9,5,4
26922,1693226339848,1692254075605,1692254075608,1693226339856,8,3,5
26923,1693226339856,1692254075613,1692254075616,1693226339863,7,3,4
26924,1693226339863,1692254075622,1692254075624,1693226339872,9,2,7
26925,1693226339872,1692254075629,1692254075632,1693226339879,7,3,4
26926,1693226339879,1692254075636,1692254075639,1693226339887,8,3,5
26927,1693226339887,1692254075643,1692254075646,1693226339893,6,3,3
26928,1693226339894,1692254075650,1692254075654,1693226339901,7,4,3
26929,1693226339901,1692254075658,1692254075661,1693226339909,8,3,5
26930,1693226339909,1692254075666,1692254075669,1693226339916,7,3,4
26931,1693226339916,1692254075673,1692254075676,1693226339923,7,3,4
26932,1693226339923,1692254075680,1692254075684,1693226339931,8,4,4
26933,1693226339931,1692254075688,1692254075691,1693226339939,8,3,5
26934,1693226339939,1692254075696,1692254075699,1693226339947,8,3,5
26935,1693226339947,1692254075704,1692254075707,1693226339955,8,3,5
26936,1693226339955,1692254075712,1692254075715,1693226339963,8,3,5
26937,1693226339963,1692254075719,1692254075723,1693226339970,7,4,3
26938,1693226339970,1692254075728,1692254075731,1693226339979,9,3,6
26939,1693226339979,1692254075735,1692254075739,1693226339987,8,4,4
26940,1693226339987,1692254075744,1692254075747,1693226339995,8,3,5
26941,1693226339995,1692254075751,1692254075756,1693226340004,9,5,4
26942,1693226340004,1692254075761,1692254075764,1693226340012,8,3,5
26943,1693226340012,1692254075768,1692254075771,1693226340019,7,3,4
26944,1693226340019,1692254075776,1692254075779,1693226340027,8,3,5
26945,1693226340027,1692254075784,1692254075787,1693226340035,8,3,5
26946,1693226340035,1692254075792,1692254075796,1693226340043,8,4,4
26947,1693226340043,1692254075800,1692254075803,1693226340050,7,3,4
26948,1693226340050,1692254075807,1692254075810,1693226340057,7,3,4
26949,1693226340057,1692254075814,1692254075818,1693226340065,8,4,4
26950,1693226340065,1692254075822,1692254075826,1693226340073,8,4,4
26951,1693226340073,1692254075830,1692254075833,1693226340081,8,3,5
26952,1693226340081,1692254075837,1692254075840,1693226340088,7,3,4
26953,1693226340088,1692254075845,1692254075848,1693226340096,8,3,5
26954,1693226340096,1692254075853,1692254075856,1693226340104,8,3,5
26955,1693226340104,1692254075860,1692254075863,1693226340111,7,3,4
26956,1693226340111,1692254075868,1692254075871,1693226340119,8,3,5
26957,1693226340119,1692254075875,1692254075878,1693226340126,7,3,4
26958,1693226340126,1692254075883,1692254075886,1693226340133,7,3,4
26959,1693226340133,1692254075890,1692254075893,1693226340141,8,3,5
26960,1693226340141,1692254075897,1692254075900,1693226340148,7,3,4
26961,1693226340148,1692254075905,1692254075908,1693226340156,8,3,5
26962,1693226340156,1692254075913,1692254075916,1693226340163,7,3,4
26963,1693226340163,1692254075920,1692254075923,1693226340171,8,3,5
26964,1693226340171,1692254075929,1692254075933,1693226340180,9,4,5
26965,1693226340181,1692254075937,1692254075940,1693226340188,7,3,4
26966,1693226340188,1692254075945,1692254075949,1693226340196,8,4,4
26967,1693226340196,1692254075953,1692254075956,1693226340206,10,3,7
26968,1693226340206,1692254075963,1692254075966,1693226340214,8,3,5
26969,1693226340214,1692254075971,1692254075973,1693226340221,7,2,5
26970,1693226340221,1692254075978,1692254075981,1693226340229,8,3,5
26971,1693226340229,1692254075986,1692254075989,1693226340237,8,3,5
26972,1693226340237,1692254075995,1692254075998,1693226340245,8,3,5
26973,1693226340245,1692254076002,1692254076005,1693226340252,7,3,4
26974,1693226340252,1692254076010,1692254076014,1693226340261,9,4,5
26975,1693226340261,1692254076018,1692254076021,1693226340269,8,3,5
26976,1693226340269,1692254076025,1692254076028,1693226340277,8,3,5
26977,1693226340277,1692254076034,1692254076037,1693226340285,8,3,5
26978,1693226340285,1692254076041,1692254076045,1693226340293,8,4,4
26979,1693226340293,1692254076051,1692254076054,1693226340301,8,3,5
26980,1693226340301,1692254076058,1692254076061,1693226340308,7,3,4
26981,1693226340309,1692254076065,1692254076068,1693226340316,7,3,4
26982,1693226340316,1692254076073,1692254076077,1693226340324,8,4,4
26983,1693226340324,1692254076081,1692254076085,1693226340333,9,4,5
26984,1693226340333,1692254076089,1692254076092,1693226340340,7,3,4
26985,1693226340340,1692254076097,1692254076100,1693226340348,8,3,5
26986,1693226340348,1692254076104,1692254076107,1693226340354,6,3,3
26987,1693226340355,1692254076111,1692254076114,1693226340362,7,3,4
26988,1693226340362,1692254076118,1692254076121,1693226340369,7,3,4
26989,1693226340369,1692254076125,1692254076128,1693226340375,6,3,3
26990,1693226340375,1692254076134,1692254076137,1693226340384,9,3,6
26991,1693226340384,1692254076141,1692254076144,1693226340391,7,3,4
26992,1693226340391,1692254076148,1692254076151,1693226340398,7,3,4
26993,1693226340398,1692254076161,1692254076164,1693226340412,14,3,11
26994,1693226340412,1692254076168,1692254076172,1693226340419,7,4,3
26995,1693226340419,1692254076176,1692254076179,1693226340426,7,3,4
26996,1693226340426,1692254076183,1692254076186,1693226340434,8,3,5
26997,1693226340434,1692254076190,1692254076193,1693226340441,7,3,4
26998,1693226340441,1692254076198,1692254076201,1693226340449,8,3,5
26999,1693226340449,1692254076205,1692254076208,1693226340455,6,3,3
27000,1693226340455,1692254076212,1692254076216,1693226340463,8,4,4
27001,1693226340463,1692254076220,1692254076224,1693226340471,8,4,4
27002,1693226340471,1692254076229,1692254076232,1693226340481,10,3,7
27003,1693226340481,1692254076238,1692254076241,1693226340488,7,3,4
27004,1693226340488,1692254076245,1692254076248,1693226340496,8,3,5
27005,1693226340496,1692254076253,1692254076256,1693226340504,8,3,5
27006,1693226340504,1692254076261,1692254076265,1693226340513,9,4,5
27007,1693226340513,1692254076270,1692254076274,1693226340522,9,4,5
27008,1693226340522,1692254076279,1692254076282,1693226340530,8,3,5
27009,1693226340530,1692254076287,1692254076290,1693226340538,8,3,5
27010,1693226340538,1692254076294,1692254076297,1693226340545,7,3,4
27011,1693226340545,1692254076301,1692254076305,1693226340552,7,4,3
27012,1693226340552,1692254076309,1692254076312,1693226340559,7,3,4
27013,1693226340559,1692254076316,1692254076320,1693226340567,8,4,4
27014,1693226340567,1692254076324,1692254076327,1693226340574,7,3,4
27015,1693226340574,1692254076331,1692254076336,1693226340583,9,5,4
27016,1693226340583,1692254076340,1692254076343,1693226340591,8,3,5
27017,1693226340591,1692254076348,1692254076351,1693226340600,9,3,6
27018,1693226340600,1692254076357,1692254076361,1693226340609,9,4,5
27019,1693226340609,1692254076365,1692254076369,1693226340616,7,4,3
27020,1693226340616,1692254076373,1692254076376,1693226340623,7,3,4
27021,1693226340623,1692254076380,1692254076384,1693226340632,9,4,5
27022,1693226340632,1692254076388,1692254076391,1693226340639,7,3,4
27023,1693226340639,1692254076396,1692254076399,1693226340647,8,3,5
27024,1693226340647,1692254076404,1692254076409,1693226340657,10,5,5
27025,1693226340657,1692254076414,1692254076416,1693226340664,7,2,5
27026,1693226340664,1692254076421,1692254076424,1693226340671,7,3,4
27027,1693226340671,1692254076428,1692254076432,1693226340679,8,4,4
27028,1693226340680,1692254076436,1692254076439,1693226340687,7,3,4
27029,1693226340687,1692254076444,1692254076446,1693226340694,7,2,5
27030,1693226340694,1692254076456,1692254076459,1693226340707,13,3,10
27031,1693226340707,1692254076464,1692254076466,1693226340714,7,2,5
27032,1693226340714,1692254076471,1692254076474,1693226340722,8,3,5
27033,1693226340722,1692254076479,1692254076481,1693226340728,6,2,4
27034,1693226340728,1692254076485,1692254076489,1693226340736,8,4,4
27035,1693226340736,1692254076492,1692254076496,1693226340744,8,4,4
27036,1693226340744,1692254076501,1692254076504,1693226340752,8,3,5
27037,1693226340752,1692254076508,1692254076512,1693226340759,7,4,3
27038,1693226340759,1692254076516,1692254076520,1693226340767,8,4,4
27039,1693226340767,1692254076524,1692254076528,1693226340775,8,4,4
27040,1693226340775,1692254076532,1692254076536,1693226340783,8,4,4
27041,1693226340783,1692254076539,1692254076543,1693226340790,7,4,3
27042,1693226340790,1692254076548,1692254076551,1693226340799,9,3,6
27043,1693226340799,1692254076556,1692254076559,1693226340807,8,3,5
27044,1693226340807,1692254076564,1692254076567,1693226340814,7,3,4
27045,1693226340814,1692254076571,1692254076574,1693226340821,7,3,4
27046,1693226340821,1692254076578,1692254076581,1693226340828,7,3,4
27047,1693226340828,1692254076585,1692254076588,1693226340835,7,3,4
27048,1693226340835,1692254076592,1692254076596,1693226340843,8,4,4
27049,1693226340843,1692254076600,1692254076603,1693226340851,8,3,5
27050,1693226340851,1692254076608,1692254076611,1693226340858,7,3,4
27051,1693226340858,1692254076615,1692254076620,1693226340867,9,5,4
27052,1693226340867,1692254076628,1692254076631,1693226340879,12,3,9
27053,1693226340879,1692254076636,1692254076639,1693226340887,8,3,5
27054,1693226340887,1692254076649,1692254076652,1693226340900,13,3,10
27055,1693226340900,1692254076657,1692254076660,1693226340908,8,3,5
27056,1693226340908,1692254076665,1692254076668,1693226340916,8,3,5
27057,1693226340916,1692254076673,1692254076676,1693226340924,8,3,5
27058,1693226340924,1692254076682,1692254076685,1693226340933,9,3,6
27059,1693226340933,1692254076689,1692254076692,1693226340939,6,3,3
27060,1693226340939,1692254076696,1692254076700,1693226340948,9,4,5
27061,1693226340948,1692254076705,1692254076708,1693226340956,8,3,5
27062,1693226340956,1692254076713,1692254076716,1693226340963,7,3,4
27063,1693226340963,1692254076721,1692254076725,1693226340972,9,4,5
27064,1693226340972,1692254076729,1692254076733,1693226340980,8,4,4
27065,1693226340980,1692254076737,1692254076740,1693226340987,7,3,4
27066,1693226340987,1692254076744,1692254076747,1693226340995,8,3,5
27067,1693226340995,1692254076751,1692254076754,1693226341001,6,3,3
27068,1693226341001,1692254076758,1692254076761,1693226341009,8,3,5
27069,1693226341009,1692254076766,1692254076768,1693226341016,7,2,5
27070,1693226341016,1692254076774,1692254076776,1693226341024,8,2,6
27071,1693226341024,1692254076780,1692254076783,1693226341030,6,3,3
27072,1693226341031,1692254076787,1692254076790,1693226341038,7,3,4
27073,1693226341038,1692254076794,1692254076797,1693226341045,7,3,4
27074,1693226341045,1692254076802,1692254076806,1693226341054,9,4,5
27075,1693226341054,1692254076810,1692254076814,1693226341061,7,4,3
27076,1693226341061,1692254076818,1692254076821,1693226341068,7,3,4
27077,1693226341068,1692254076824,1692254076827,1693226341075,7,3,4
27078,1693226341075,1692254076834,1692254076836,1693226341084,9,2,7
27079,1693226341084,1692254076842,1692254076845,1693226341092,8,3,5
27080,1693226341092,1692254076851,1692254076854,1693226341101,9,3,6
27081,1693226341101,1692254076857,1692254076860,1693226341108,7,3,4
27082,1693226341108,1692254076865,1692254076868,1693226341116,8,3,5
27083,1693226341116,1692254076873,1692254076876,1693226341124,8,3,5
27084,1693226341124,1692254076881,1692254076884,1693226341132,8,3,5
27085,1693226341132,1692254076888,1692254076892,1693226341139,7,4,3
27086,1693226341139,1692254076896,1692254076900,1693226341148,9,4,5
27087,1693226341148,1692254076905,1692254076907,1693226341155,7,2,5
27088,1693226341155,1692254076912,1692254076916,1693226341164,9,4,5
27089,1693226341164,1692254076921,1692254076924,1693226341171,7,3,4
27090,1693226341171,1692254076928,1692254076932,1693226341179,8,4,4
27091,1693226341179,1692254076936,1692254076940,1693226341187,8,4,4
27092,1693226341187,1692254076944,1692254076948,1693226341198,11,4,7
27093,1693226341198,1692254076955,1692254076958,1693226341205,7,3,4
27094,1693226341205,1692254076962,1692254076965,1693226341214,9,3,6
27095,1693226341214,1692254076976,1692254076980,1693226341227,13,4,9
27096,1693226341227,1692254076984,1692254076986,1693226341234,7,2,5
27097,1693226341234,1692254076991,1692254076994,1693226341241,7,3,4
27098,1693226341241,1692254076998,1692254077001,1693226341249,8,3,5
27099,1693226341249,1692254077005,1692254077009,1693226341256,7,4,3
27100,1693226341256,1692254077013,1692254077017,1693226341264,8,4,4
27101,1693226341264,1692254077021,1692254077023,1693226341271,7,2,5
27102,1693226341271,1692254077028,1692254077031,1693226341284,13,3,10
27103,1693226341284,1692254077040,1692254077043,1693226341291,7,3,4
27104,1693226341291,1692254077056,1692254077060,1693226341307,16,4,12
27105,1693226341307,1692254077064,1692254077067,1693226341315,8,3,5
27106,1693226341315,1692254077072,1692254077075,1693226341323,8,3,5
27107,1693226341323,1692254077080,1692254077083,1693226341331,8,3,5
27108,1693226341331,1692254077088,1692254077091,1693226341339,8,3,5
27109,1693226341339,1692254077095,1692254077099,1693226341346,7,4,3
27110,1693226341346,1692254077103,1692254077106,1693226341354,8,3,5
27111,1693226341354,1692254077110,1692254077113,1693226341361,7,3,4
27112,1693226341361,1692254077118,1692254077121,1693226341368,7,3,4
27113,1693226341368,1692254077124,1692254077128,1693226341376,8,4,4
27114,1693226341376,1692254077132,1692254077136,1693226341383,7,4,3
27115,1693226341383,1692254077140,1692254077145,1693226341392,9,5,4
27116,1693226341392,1692254077149,1692254077152,1693226341400,8,3,5
27117,1693226341400,1692254077158,1692254077161,1693226341409,9,3,6
27118,1693226341409,1692254077166,1692254077169,1693226341417,8,3,5
27119,1693226341417,1692254077174,1692254077178,1693226341426,9,4,5
27120,1693226341426,1692254077183,1692254077185,1693226341433,7,2,5
27121,1693226341433,1692254077189,1692254077193,1693226341440,7,4,3
27122,1693226341440,1692254077197,1692254077200,1693226341447,7,3,4
27123,1693226341447,1692254077204,1692254077208,1693226341456,9,4,5
27124,1693226341456,1692254077212,1692254077217,1693226341465,9,5,4
27125,1693226341465,1692254077222,1692254077224,1693226341471,6,2,4
27126,1693226341471,1692254077228,1692254077232,1693226341480,9,4,5
27127,1693226341480,1692254077237,1692254077239,1693226341487,7,2,5
27128,1693226341487,1692254077244,1692254077248,1693226341496,9,4,5
27129,1693226341496,1692254077253,1692254077256,1693226341505,9,3,6
27130,1693226341505,1692254077262,1692254077265,1693226341512,7,3,4
27131,1693226341512,1692254077269,1692254077272,1693226341519,7,3,4
27132,1693226341519,1692254077275,1692254077278,1693226341526,7,3,4
27133,1693226341526,1692254077283,1692254077285,1693226341533,7,2,5
27134,1693226341533,1692254077292,1692254077295,1693226341543,10,3,7
27135,1693226341543,1692254077299,1692254077303,1693226341551,8,4,4
27136,1693226341551,1692254077307,1692254077311,1693226341558,7,4,3
27137,1693226341558,1692254077315,1692254077320,1693226341567,9,5,4
27138,1693226341567,1692254077325,1692254077328,1693226341575,8,3,5
27139,1693226341575,1692254077332,1692254077335,1693226341583,8,3,5
27140,1693226341583,1692254077340,1692254077343,1693226341590,7,3,4
27141,1693226341590,1692254077347,1692254077351,1693226341599,9,4,5
27142,1693226341599,1692254077356,1692254077360,1693226341607,8,4,4
27143,1693226341608,1692254077364,1692254077368,1693226341615,7,4,3
27144,1693226341615,1692254077372,1692254077375,1693226341623,8,3,5
27145,1693226341623,1692254077379,1692254077382,1693226341630,7,3,4
27146,1693226341630,1692254077386,1692254077389,1693226341637,7,3,4
27147,1693226341637,1692254077394,1692254077397,1693226341644,7,3,4
27148,1693226341644,1692254077401,1692254077404,1693226341652,8,3,5
27149,1693226341652,1692254077408,1692254077411,1693226341659,7,3,4
27150,1693226341659,1692254077416,1692254077419,1693226341666,7,3,4
27151,1693226341666,1692254077423,1692254077426,1693226341674,8,3,5
27152,1693226341674,1692254077430,1692254077434,1693226341681,7,4,3
27153,1693226341681,1692254077438,1692254077442,1693226341689,8,4,4
27154,1693226341689,1692254077446,1692254077448,1693226341696,7,2,5
27155,1693226341696,1692254077453,1692254077457,1693226341707,11,4,7
27156,1693226341707,1692254077465,1692254077468,1693226341715,8,3,5
27157,1693226341715,1692254077472,1692254077475,1693226341723,8,3,5
27158,1693226341723,1692254077480,1692254077483,1693226341731,8,3,5
27159,1693226341731,1692254077488,1692254077491,1693226341739,8,3,5
27160,1693226341739,1692254077496,1692254077501,1693226341749,10,5,5
27161,1693226341749,1692254077506,1692254077509,1693226341756,7,3,4
27162,1693226341756,1692254077513,1692254077516,1693226341763,7,3,4
27163,1693226341763,1692254077520,1692254077523,1693226341771,8,3,5
27164,1693226341771,1692254077530,1692254077533,1693226341781,10,3,7
27165,1693226341781,1692254077538,1692254077541,1693226341789,8,3,5
27166,1693226341789,1692254077546,1692254077549,1693226341797,8,3,5
27167,1693226341797,1692254077553,1692254077556,1693226341804,7,3,4
27168,1693226341804,1692254077561,1692254077564,1693226341812,8,3,5
27169,1693226341812,1692254077569,1692254077572,1693226341820,8,3,5
27170,1693226341820,1692254077577,1692254077580,1693226341830,10,3,7
27171,1693226341830,1692254077587,1692254077591,1693226341839,9,4,5
27172,1693226341839,1692254077595,1692254077598,1693226341846,7,3,4
27173,1693226341846,1692254077603,1692254077606,1693226341854,8,3,5
27174,1693226341854,1692254077611,1692254077614,1693226341862,8,3,5
27175,1693226341862,1692254077619,1692254077622,1693226341870,8,3,5
27176,1693226341870,1692254077628,1692254077631,1693226341878,8,3,5
27177,1693226341878,1692254077635,1692254077638,1693226341886,8,3,5
27178,1693226341886,1692254077643,1692254077646,1693226341893,7,3,4
27179,1693226341893,1692254077651,1692254077654,1693226341902,9,3,6
27180,1693226341902,1692254077659,1692254077662,1693226341910,8,3,5
27181,1693226341910,1692254077669,1692254077673,1693226341920,10,4,6
27182,1693226341920,1692254077677,1692254077679,1693226341927,7,2,5
27183,1693226341927,1692254077684,1692254077687,1693226341935,8,3,5
27184,1693226341935,1692254077692,1692254077696,1693226341943,8,4,4
27185,1693226341943,1692254077700,1692254077703,1693226341951,8,3,5
27186,1693226341951,1692254077708,1692254077710,1693226341958,7,2,5
27187,1693226341958,1692254077715,1692254077717,1693226341965,7,2,5
27188,1693226341965,1692254077722,1692254077725,1693226341973,8,3,5
27189,1693226341973,1692254077730,1692254077733,1693226341980,7,3,4
27190,1693226341981,1692254077738,1692254077740,1693226341988,7,2,5
27191,1693226341988,1692254077745,1692254077749,1693226341997,9,4,5
27192,1693226341997,1692254077754,1692254077757,1693226342004,7,3,4
27193,1693226342004,1692254077761,1692254077764,1693226342012,8,3,5
27194,1693226342012,1692254077771,1692254077774,1693226342021,9,3,6
27195,1693226342021,1692254077778,1692254077781,1693226342029,8,3,5
27196,1693226342029,1692254077786,1692254077789,1693226342037,8,3,5
27197,1693226342037,1692254077793,1692254077799,1693226342047,10,6,4
27198,1693226342047,1692254077804,1692254077808,1693226342055,8,4,4
27199,1693226342055,1692254077812,1692254077816,1693226342064,9,4,5
27200,1693226342064,1692254077820,1692254077823,1693226342071,7,3,4
27201,1693226342071,1692254077828,1692254077831,1693226342079,8,3,5
27202,1693226342079,1692254077835,1692254077838,1693226342086,7,3,4
27203,1693226342086,1692254077843,1692254077847,1693226342095,9,4,5
27204,1693226342095,1692254077852,1692254077855,1693226342102,7,3,4
27205,1693226342103,1692254077859,1692254077862,1693226342110,7,3,4
27206,1693226342110,1692254077867,1692254077870,1693226342119,9,3,6
27207,1693226342119,1692254077876,1692254077879,1693226342127,8,3,5
27208,1693226342127,1692254077883,1692254077887,1693226342134,7,4,3
27209,1693226342134,1692254077890,1692254077894,1693226342142,8,4,4
27210,1693226342142,1692254077903,1692254077906,1693226342154,12,3,9
27211,1693226342154,1692254077911,1692254077914,1693226342161,7,3,4
27212,1693226342161,1692254077918,1692254077923,1693226342170,9,5,4
27213,1693226342170,1692254077935,1692254077939,1693226342186,16,4,12
27214,1693226342186,1692254077947,1692254077950,1693226342198,12,3,9
27215,1693226342198,1692254077956,1692254077960,1693226342208,10,4,6
27216,1693226342208,1692254077964,1692254077967,1693226342215,7,3,4
27217,1693226342215,1692254077972,1692254077975,1693226342222,7,3,4
27218,1693226342223,1692254077979,1692254077983,1693226342230,7,4,3
27219,1693226342230,1692254077988,1692254077991,1693226342239,9,3,6
27220,1693226342239,1692254077995,1692254077999,1693226342246,7,4,3
27221,1693226342246,1692254078006,1692254078010,1693226342257,11,4,7
27222,1693226342258,1692254078014,1692254078017,1693226342265,7,3,4
27223,1693226342265,1692254078022,1692254078025,1693226342272,7,3,4
27224,1693226342272,1692254078030,1692254078033,1693226342280,8,3,5
27225,1693226342280,1692254078037,1692254078041,1693226342288,8,4,4
27226,1693226342288,1692254078044,1692254078048,1693226342296,8,4,4
27227,1693226342296,1692254078052,1692254078056,1693226342304,8,4,4
27228,1693226342304,1692254078060,1692254078064,1693226342311,7,4,3
27229,1693226342311,1692254078068,1692254078073,1693226342320,9,5,4
27230,1693226342320,1692254078079,1692254078082,1693226342330,10,3,7
27231,1693226342330,1692254078086,1692254078090,1693226342337,7,4,3
27232,1693226342337,1692254078095,1692254078099,1693226342347,10,4,6
27233,1693226342347,1692254078104,1692254078107,1693226342355,8,3,5
27234,1693226342355,1692254078112,1692254078115,1693226342363,8,3,5
27235,1693226342363,1692254078120,1692254078124,1693226342371,8,4,4
27236,1693226342371,1692254078127,1692254078132,1693226342379,8,5,3
27237,1693226342379,1692254078136,1692254078138,1693226342386,7,2,5
27238,1693226342386,1692254078144,1692254078147,1693226342395,9,3,6
27239,1693226342395,1692254078152,1692254078155,1693226342402,7,3,4
27240,1693226342402,1692254078159,1692254078162,1693226342410,8,3,5
27241,1693226342410,1692254078167,1692254078170,1693226342417,7,3,4
27242,1693226342417,1692254078174,1692254078177,1693226342427,10,3,7
27243,1693226342427,1692254078183,1692254078187,1693226342435,8,4,4
27244,1693226342435,1692254078192,1692254078194,1693226342442,7,2,5
27245,1693226342442,1692254078198,1692254078202,1693226342449,7,4,3
27246,1693226342449,1692254078206,1692254078209,1693226342456,7,3,4
27247,1693226342456,1692254078213,1692254078216,1693226342464,8,3,5
27248,1693226342464,1692254078221,1692254078225,1693226342472,8,4,4
27249,1693226342472,1692254078229,1692254078233,1693226342481,9,4,5
27250,1693226342481,1692254078238,1692254078241,1693226342488,7,3,4
27251,1693226342488,1692254078246,1692254078249,1693226342497,9,3,6
27252,1693226342497,1692254078253,1692254078257,1693226342505,8,4,4
27253,1693226342505,1692254078262,1692254078266,1693226342513,8,4,4
27254,1693226342513,1692254078270,1692254078274,1693226342522,9,4,5
27255,1693226342522,1692254078279,1692254078282,1693226342529,7,3,4
27256,1693226342529,1692254078286,1692254078289,1693226342536,7,3,4
27257,1693226342536,1692254078292,1692254078295,1693226342543,7,3,4
27258,1693226342543,1692254078300,1692254078303,1693226342551,8,3,5
27259,1693226342551,1692254078307,1692254078310,1693226342558,7,3,4
27260,1693226342558,1692254078315,1692254078318,1693226342566,8,3,5
27261,1693226342566,1692254078323,1692254078326,1693226342574,8,3,5
27262,1693226342574,1692254078331,1692254078334,1693226342581,7,3,4
27263,1693226342581,1692254078338,1692254078341,1693226342588,7,3,4
27264,1693226342588,1692254078345,1692254078348,1693226342596,8,3,5
27265,1693226342596,1692254078353,1692254078356,1693226342604,8,3,5
27266,1693226342604,1692254078360,1692254078364,1693226342611,7,4,3
27267,1693226342611,1692254078368,1692254078372,1693226342619,8,4,4
27268,1693226342619,1692254078376,1692254078379,1693226342627,8,3,5
27269,1693226342627,1692254078386,1692254078390,1693226342638,11,4,7
27270,1693226342638,1692254078394,1692254078397,1693226342645,7,3,4
27271,1693226342645,1692254078402,1692254078405,1693226342653,8,3,5
27272,1693226342653,1692254078409,1692254078413,1693226342661,8,4,4
27273,1693226342661,1692254078417,1692254078421,1693226342668,7,4,3
27274,1693226342668,1692254078424,1692254078427,1693226342675,7,3,4
27275,1693226342675,1692254078432,1692254078435,1693226342683,8,3,5
27276,1693226342683,1692254078440,1692254078443,1693226342691,8,3,5
27277,1693226342691,1692254078448,1692254078452,1693226342699,8,4,4
27278,1693226342699,1692254078456,1692254078460,1693226342708,9,4,5
27279,1693226342708,1692254078469,1692254078472,1693226342720,12,3,9
27280,1693226342720,1692254078477,1692254078481,1693226342728,8,4,4
27281,1693226342728,1692254078485,1692254078489,1693226342736,8,4,4
27282,1693226342736,1692254078493,1692254078497,1693226342744,8,4,4
27283,1693226342744,1692254078501,1692254078504,1693226342751,7,3,4
27284,1693226342751,1692254078508,1692254078511,1693226342759,8,3,5
27285,1693226342759,1692254078516,1692254078519,1693226342767,8,3,5
27286,1693226342767,1692254078524,1692254078528,1693226342775,8,4,4
27287,1693226342775,1692254078532,1692254078536,1693226342783,8,4,4
27288,1693226342783,1692254078539,1692254078543,1693226342790,7,4,3
27289,1693226342791,1692254078547,1692254078552,1693226342800,9,5,4
27290,1693226342800,1692254078557,1692254078560,1693226342807,7,3,4
27291,1693226342807,1692254078564,1692254078568,1693226342815,8,4,4
27292,1693226342815,1692254078572,1692254078575,1693226342822,7,3,4
27293,1693226342822,1692254078579,1692254078582,1693226342830,8,3,5
27294,1693226342830,1692254078587,1692254078590,1693226342837,7,3,4
27295,1693226342837,1692254078594,1692254078597,1693226342845,8,3,5
27296,1693226342845,1692254078601,1692254078604,1693226342852,7,3,4
27297,1693226342852,1692254078609,1692254078613,1693226342860,8,4,4
27298,1693226342860,1692254078617,1692254078620,1693226342868,8,3,5
27299,1693226342868,1692254078625,1692254078628,1693226342876,8,3,5
27300,1693226342876,1692254078633,1692254078636,1693226342884,8,3,5
27301,1693226342884,1692254078641,1692254078644,1693226342891,7,3,4
27302,1693226342891,1692254078648,1692254078651,1693226342899,8,3,5
27303,1693226342899,1692254078656,1692254078659,1693226342906,7,3,4
27304,1693226342906,1692254078663,1692254078666,1693226342914,8,3,5
27305,1693226342914,1692254078670,1692254078675,1693226342922,8,5,3
27306,1693226342922,1692254078679,1692254078683,1693226342931,9,4,5
27307,1693226342931,1692254078687,1692254078690,1693226342939,8,3,5
27308,1693226342939,1692254078695,1692254078699,1693226342946,7,4,3
27309,1693226342946,1692254078702,1692254078706,1693226342953,7,4,3
27310,1693226342953,1692254078710,1692254078713,1693226342961,8,3,5
27311,1693226342961,1692254078717,1692254078720,1693226342968,7,3,4
27312,1693226342968,1692254078725,1692254078728,1693226342975,7,3,4
27313,1693226342975,1692254078732,1692254078735,1693226342982,7,3,4
27314,1693226342982,1692254078739,1692254078741,1693226342989,7,2,5
27315,1693226342989,1692254078745,1692254078749,1693226342996,7,4,3
27316,1693226342996,1692254078753,1692254078756,1693226343004,8,3,5
27317,1693226343004,1692254078761,1692254078764,1693226343011,7,3,4
27318,1693226343011,1692254078768,1692254078772,1693226343019,8,4,4
27319,1693226343019,1692254078776,1692254078780,1693226343027,8,4,4
27320,1693226343027,1692254078787,1692254078791,1693226343041,14,4,10
27321,1693226343041,1692254078798,1692254078801,1693226343049,8,3,5
27322,1693226343049,1692254078806,1692254078808,1693226343056,7,2,5
27323,1693226343056,1692254078813,1692254078817,1693226343064,8,4,4
27324,1693226343064,1692254078821,1692254078824,1693226343072,8,3,5
27325,1693226343072,1692254078829,1692254078832,1693226343080,8,3,5
27326,1693226343080,1692254078837,1692254078840,1693226343087,7,3,4
27327,1693226343087,1692254078844,1692254078846,1693226343095,8,2,6
27328,1693226343095,1692254078851,1692254078855,1693226343102,7,4,3
27329,1693226343102,1692254078860,1692254078863,1693226343111,9,3,6
27330,1693226343111,1692254078868,1692254078871,1693226343119,8,3,5
27331,1693226343119,1692254078876,1692254078879,1693226343126,7,3,4
27332,1693226343126,1692254078883,1692254078886,1693226343133,7,3,4
27333,1693226343133,1692254078890,1692254078892,1693226343140,7,2,5
27334,1693226343140,1692254078898,1692254078903,1693226343150,10,5,5
27335,1693226343150,1692254078908,1692254078912,1693226343160,10,4,6
27336,1693226343160,1692254078917,1692254078920,1693226343168,8,3,5
27337,1693226343168,1692254078925,1692254078928,1693226343175,7,3,4
27338,1693226343175,1692254078932,1692254078935,1693226343182,7,3,4
27339,1693226343182,1692254078939,1692254078943,1693226343190,8,4,4
27340,1693226343190,1692254078947,1692254078951,1693226343199,9,4,5
27341,1693226343199,1692254078956,1692254078959,1693226343206,7,3,4
27342,1693226343206,1692254078963,1692254078968,1693226343215,9,5,4
27343,1693226343215,1692254078972,1692254078976,1693226343223,8,4,4
27344,1693226343223,1692254078980,1692254078984,1693226343231,8,4,4
27345,1693226343231,1692254078988,1692254078992,1693226343239,8,4,4
27346,1693226343239,1692254078995,1692254078998,1693226343246,7,3,4
27347,1693226343246,1692254079003,1692254079006,1693226343253,7,3,4
27348,1693226343253,1692254079010,1692254079014,1693226343261,8,4,4
27349,1693226343261,1692254079019,1692254079022,1693226343270,9,3,6
27350,1693226343270,1692254079026,1692254079029,1693226343277,7,3,4
27351,1693226343277,1692254079033,1692254079037,1693226343284,7,4,3
27352,1693226343284,1692254079041,1692254079045,1693226343293,9,4,5
27353,1693226343293,1692254079050,1692254079053,1693226343301,8,3,5
27354,1693226343301,1692254079058,1692254079061,1693226343309,8,3,5
27355,1693226343309,1692254079066,1692254079069,1693226343316,7,3,4
27356,1693226343316,1692254079073,1692254079076,1693226343324,8,3,5
27357,1693226343324,1692254079081,1692254079084,1693226343331,7,3,4
27358,1693226343331,1692254079088,1692254079091,1693226343338,7,3,4
27359,1693226343338,1692254079095,1692254079098,1693226343349,11,3,8
27360,1693226343349,1692254079109,1692254079112,1693226343360,11,3,8
27361,1693226343360,1692254079116,1692254079119,1693226343367,7,3,4
27362,1693226343367,1692254079124,1692254079127,1693226343375,8,3,5
27363,1693226343375,1692254079134,1692254079137,1693226343385,10,3,7
27364,1693226343385,1692254079141,1692254079144,1693226343392,7,3,4
27365,1693226343392,1692254079148,1692254079151,1693226343399,7,3,4
27366,1693226343399,1692254079155,1692254079158,1693226343406,7,3,4
27367,1693226343406,1692254079162,1692254079165,1693226343413,7,3,4
27368,1693226343413,1692254079170,1692254079174,1693226343422,9,4,5
27369,1693226343422,1692254079178,1692254079181,1693226343429,7,3,4
27370,1693226343429,1692254079192,1692254079195,1693226343442,13,3,10
27371,1693226343442,1692254079199,1692254079203,1693226343451,9,4,5
27372,1693226343451,1692254079213,1692254079217,1693226343464,13,4,9
27373,1693226343464,1692254079222,1692254079225,1693226343472,8,3,5
27374,1693226343473,1692254079230,1692254079233,1693226343480,7,3,4
27375,1693226343480,1692254079237,1692254079240,1693226343487,7,3,4
27376,1693226343487,1692254079243,1692254079247,1693226343495,8,4,4
27377,1693226343495,1692254079252,1692254079254,1693226343501,6,2,4
27378,1693226343502,1692254079258,1692254079261,1693226343509,7,3,4
27379,1693226343509,1692254079266,1692254079270,1693226343518,9,4,5
27380,1693226343518,1692254079275,1692254079278,1693226343525,7,3,4
27381,1693226343525,1692254079282,1692254079285,1693226343533,8,3,5
27382,1693226343533,1692254079290,1692254079293,1693226343540,7,3,4
27383,1693226343540,1692254079298,1692254079301,1693226343549,9,3,6
27384,1693226343549,1692254079307,1692254079310,1693226343558,9,3,6
27385,1693226343558,1692254079315,1692254079318,1693226343566,8,3,5
27386,1693226343566,1692254079323,1692254079326,1693226343573,7,3,4
27387,1693226343573,1692254079330,1692254079334,1693226343581,8,4,4
27388,1693226343581,1692254079338,1692254079341,1693226343589,8,3,5
27389,1693226343589,1692254079346,1692254079349,1693226343596,7,3,4
27390,1693226343596,1692254079353,1692254079356,1693226343603,7,3,4
27391,1693226343603,1692254079360,1692254079363,1693226343610,7,3,4
27392,1693226343611,1692254079367,1692254079371,1693226343618,7,4,3
27393,1693226343618,1692254079375,1692254079378,1693226343626,8,3,5
27394,1693226343626,1692254079383,1692254079386,1693226343634,8,3,5
27395,1693226343634,1692254079390,1692254079393,1693226343641,7,3,4
27396,1693226343641,1692254079398,1692254079402,1693226343650,9,4,5
27397,1693226343650,1692254079406,1692254079409,1693226343656,6,3,3
27398,1693226343657,1692254079413,1692254079416,1693226343664,7,3,4
27399,1693226343664,1692254079421,1692254079424,1693226343672,8,3,5
27400,1693226343672,1692254079428,1692254079432,1693226343680,8,4,4
27401,1693226343680,1692254079436,1692254079439,1693226343687,7,3,4
27402,1693226343687,1692254079443,1692254079447,1693226343694,7,4,3
27403,1693226343694,1692254079452,1692254079455,1693226343703,9,3,6
27404,1693226343703,1692254079460,1692254079463,1693226343711,8,3,5
27405,1693226343711,1692254079467,1692254079471,1693226343720,9,4,5
27406,1693226343720,1692254079477,1692254079480,1693226343728,8,3,5
27407,1693226343728,1692254079484,1692254079487,1693226343735,7,3,4
27408,1693226343735,1692254079492,1692254079495,1693226343743,8,3,5
27409,1693226343743,1692254079500,1692254079503,1693226343750,7,3,4
27410,1693226343750,1692254079507,1692254079510,1693226343758,8,3,5
27411,1693226343758,1692254079515,1692254079518,1693226343765,7,3,4
27412,1693226343765,1692254079522,1692254079525,1693226343773,8,3,5
27413,1693226343773,1692254079530,1692254079533,1693226343781,8,3,5
27414,1693226343781,1692254079537,1692254079541,1693226343790,9,4,5
27415,1693226343790,1692254079547,1692254079551,1693226343799,9,4,5
27416,1693226343799,1692254079556,1692254079561,1693226343808,9,5,4
27417,1693226343808,1692254079565,1692254079568,1693226343815,7,3,4
27418,1693226343815,1692254079572,1692254079575,1693226343822,7,3,4
27419,1693226343822,1692254079579,1692254079582,1693226343829,7,3,4
27420,1693226343829,1692254079586,1692254079589,1693226343837,8,3,5
27421,1693226343837,1692254079596,1692254079600,1693226343847,10,4,6
27422,1693226343847,1692254079604,1692254079607,1693226343854,7,3,4
27423,1693226343855,1692254079611,1692254079614,1693226343862,7,3,4
27424,1693226343862,1692254079619,1692254079622,1693226343869,7,3,4
27425,1693226343869,1692254079626,1692254079629,1693226343877,8,3,5
27426,1693226343877,1692254079634,1692254079637,1693226343884,7,3,4
27427,1693226343884,1692254079640,1692254079644,1693226343891,7,4,3
27428,1693226343891,1692254079648,1692254079651,1693226343899,8,3,5
27429,1693226343899,1692254079662,1692254079665,1693226343912,13,3,10
27430,1693226343912,1692254079669,1692254079672,1693226343920,8,3,5
27431,1693226343920,1692254079678,1692254079681,1693226343928,8,3,5
27432,1693226343929,1692254079685,1692254079689,1693226343937,8,4,4
27433,1693226343937,1692254079694,1692254079697,1693226343945,8,3,5
27434,1693226343945,1692254079702,1692254079704,1693226343952,7,2,5
27435,1693226343952,1692254079709,1692254079712,1693226343960,8,3,5
27436,1693226343960,1692254079718,1692254079721,1693226343969,9,3,6
27437,1693226343969,1692254079725,1692254079728,1693226343976,7,3,4
27438,1693226343976,1692254079734,1692254079737,1693226343985,9,3,6
27439,1693226343985,1692254079742,1692254079745,1693226343993,8,3,5
27440,1693226343994,1692254079750,1692254079754,1693226344001,7,4,3
27441,1693226344001,1692254079758,1692254079762,1693226344009,8,4,4
27442,1693226344009,1692254079766,1692254079769,1693226344017,8,3,5
27443,1693226344017,1692254079774,1692254079778,1693226344025,8,4,4
27444,1693226344025,1692254079783,1692254079786,1693226344034,9,3,6
27445,1693226344034,1692254079791,1692254079793,1693226344041,7,2,5
27446,1693226344041,1692254079798,1692254079802,1693226344049,8,4,4
27447,1693226344049,1692254079806,1692254079809,1693226344057,8,3,5
27448,1693226344057,1692254079814,1692254079817,1693226344066,9,3,6
27449,1693226344066,1692254079823,1692254079826,1693226344074,8,3,5
27450,1693226344074,1692254079830,1692254079834,1693226344082,8,4,4
27451,1693226344082,1692254079839,1692254079842,1693226344090,8,3,5
27452,1693226344090,1692254079847,1692254079851,1693226344098,8,4,4
27453,1693226344099,1692254079855,1692254079860,1693226344108,9,5,4
27454,1693226344108,1692254079867,1692254079870,1693226344118,10,3,7
27455,1693226344118,1692254079875,1692254079877,1693226344125,7,2,5
27456,1693226344125,1692254079882,1692254079885,1693226344132,7,3,4
27457,1693226344132,1692254079889,1692254079892,1693226344139,7,3,4
27458,1693226344140,1692254079897,1692254079900,1693226344148,8,3,5
27459,1693226344148,1692254079905,1692254079908,1693226344156,8,3,5
27460,1693226344156,1692254079912,1692254079916,1693226344163,7,4,3
27461,1693226344163,1692254079923,1692254079926,1693226344173,10,3,7
27462,1693226344173,1692254079930,1692254079933,1693226344181,8,3,5
27463,1693226344181,1692254079938,1692254079942,1693226344189,8,4,4
27464,1693226344189,1692254079947,1692254079950,1693226344199,10,3,7
27465,1693226344199,1692254079956,1692254079959,1693226344206,7,3,4
27466,1693226344206,1692254079963,1692254079966,1693226344214,8,3,5
27467,1693226344214,1692254079970,1692254079973,1693226344220,6,3,3
27468,1693226344220,1692254079976,1692254079979,1693226344227,7,3,4
27469,1693226344227,1692254079984,1692254079988,1693226344235,8,4,4
27470,1693226344235,1692254079992,1692254079996,1693226344244,9,4,5
27471,1693226344244,1692254080000,1692254080003,1693226344251,7,3,4
27472,1693226344251,1692254080008,1692254080011,1693226344258,7,3,4
27473,1693226344258,1692254080015,1692254080018,1693226344265,7,3,4
27474,1693226344265,1692254080024,1692254080028,1693226344275,10,4,6
27475,1693226344275,1692254080032,1692254080035,1693226344283,8,3,5
27476,1693226344283,1692254080040,1692254080043,1693226344291,8,3,5
27477,1693226344291,1692254080048,1692254080051,1693226344299,8,3,5
27478,1693226344299,1692254080055,1692254080060,1693226344307,8,5,3
27479,1693226344307,1692254080063,1692254080066,1693226344314,7,3,4
27480,1693226344314,1692254080071,1692254080074,1693226344322,8,3,5
27481,1693226344322,1692254080079,1692254080082,1693226344330,8,3,5
27482,1693226344330,1692254080087,1692254080090,1693226344337,7,3,4
27483,1693226344337,1692254080093,1692254080097,1693226344344,7,4,3
27484,1693226344344,1692254080101,1692254080105,1693226344353,9,4,5
27485,1693226344353,1692254080109,1692254080113,1693226344360,7,4,3
27486,1693226344360,1692254080117,1692254080120,1693226344368,8,3,5
27487,1693226344368,1692254080127,1692254080130,1693226344377,9,3,6
27488,1693226344377,1692254080134,1692254080137,1693226344385,8,3,5
27489,1693226344385,1692254080142,1692254080145,1693226344392,7,3,4
27490,1693226344392,1692254080149,1692254080154,1693226344402,10,5,5
27491,1693226344402,1692254080159,1692254080162,1693226344409,7,3,4
27492,1693226344409,1692254080166,1692254080170,1693226344417,8,4,4
27493,1693226344417,1692254080174,1692254080177,1693226344424,7,3,4
27494,1693226344424,1692254080181,1692254080185,1693226344433,9,4,5
27495,1693226344433,1692254080190,1692254080192,1693226344439,6,2,4
27496,1693226344439,1692254080196,1692254080199,1693226344447,8,3,5
27497,1693226344447,1692254080204,1692254080207,1693226344455,8,3,5
27498,1693226344455,1692254080212,1692254080216,1693226344463,8,4,4
27499,1693226344463,1692254080219,1692254080223,1693226344470,7,4,3
27500,1693226344470,1692254080230,1692254080233,1693226344481,11,3,8
27501,1693226344481,1692254080238,1692254080241,1693226344489,8,3,5
27502,1693226344489,1692254080246,1692254080249,1693226344497,8,3,5
27503,1693226344497,1692254080254,1692254080258,1693226344505,8,4,4
27504,1693226344505,1692254080261,1692254080265,1693226344512,7,4,3
27505,1693226344512,1692254080270,1692254080273,1693226344520,8,3,5
27506,1693226344520,1692254080277,1692254080280,1693226344528,8,3,5
27507,1693226344528,1692254080285,1692254080288,1693226344535,7,3,4
27508,1693226344536,1692254080292,1692254080296,1693226344544,8,4,4
27509,1693226344544,1692254080300,1692254080303,1693226344551,7,3,4
27510,1693226344551,1692254080307,1692254080311,1693226344558,7,4,3
27511,1693226344558,1692254080315,1692254080318,1693226344566,8,3,5
27512,1693226344566,1692254080322,1692254080326,1693226344573,7,4,3
27513,1693226344573,1692254080332,1692254080335,1693226344582,9,3,6
27514,1693226344582,1692254080339,1692254080342,1693226344590,8,3,5
27515,1693226344590,1692254080347,1692254080350,1693226344597,7,3,4
27516,1693226344597,1692254080354,1692254080357,1693226344604,7,3,4
27517,1693226344604,1692254080360,1692254080363,1693226344611,7,3,4
27518,1693226344611,1692254080368,1692254080371,1693226344619,8,3,5
27519,1693226344619,1692254080376,1692254080379,1693226344626,7,3,4
27520,1693226344626,1692254080383,1692254080386,1693226344633,7,3,4
27521,1693226344633,1692254080390,1692254080393,1693226344641,8,3,5
27522,1693226344641,1692254080398,1692254080401,1693226344649,8,3,5
27523,1693226344649,1692254080406,1692254080409,1693226344656,7,3,4
27524,1693226344656,1692254080414,1692254080418,1693226344665,9,4,5
27525,1693226344665,1692254080422,1692254080425,1693226344672,7,3,4
27526,1693226344673,1692254080429,1692254080432,1693226344680,7,3,4
27527,1693226344680,1692254080437,1692254080441,1693226344688,8,4,4
27528,1693226344688,1692254080445,1692254080448,1693226344696,8,3,5
27529,1693226344696,1692254080453,1692254080455,1693226344703,7,2,5
27530,1693226344703,1692254080460,1692254080463,1693226344711,8,3,5
27531,1693226344711,1692254080474,1692254080477,1693226344725,14,3,11
27532,1693226344725,1692254080481,1692254080484,1693226344732,7,3,4
27533,1693226344732,1692254080496,1692254080499,1693226344746,14,3,11
27534,1693226344746,1692254080502,1692254080506,1693226344753,7,4,3
27535,1693226344753,1692254080510,1692254080512,1693226344760,7,2,5
27536,1693226344760,1692254080517,1692254080520,1693226344767,7,3,4
27537,1693226344767,1692254080525,1692254080528,1693226344775,8,3,5
27538,1693226344775,1692254080538,1692254080542,1693226344789,14,4,10
27539,1693226344789,1692254080546,1692254080549,1693226344797,8,3,5
27540,1693226344797,1692254080554,1692254080557,1693226344804,7,3,4
27541,1693226344804,1692254080561,1692254080563,1693226344811,7,2,5
27542,1693226344811,1692254080568,1692254080572,1693226344819,8,4,4
27543,1693226344819,1692254080577,1692254080580,1693226344828,9,3,6
27544,1693226344828,1692254080584,1692254080588,1693226344836,8,4,4
27545,1693226344836,1692254080593,1692254080596,1693226344844,8,3,5
27546,1693226344844,1692254080601,1692254080605,1693226344853,9,4,5
27547,1693226344853,1692254080609,1692254080612,1693226344860,7,3,4
27548,1693226344860,1692254080616,1692254080620,1693226344867,7,4,3
27549,1693226344867,1692254080624,1692254080627,1693226344874,7,3,4
27550,1693226344875,1692254080631,1692254080635,1693226344884,9,4,5
27551,1693226344884,1692254080641,1692254080644,1693226344892,8,3,5
27552,1693226344892,1692254080649,1692254080652,1693226344900,8,3,5
27553,1693226344900,1692254080657,1692254080659,1693226344906,6,2,4
27554,1693226344907,1692254080663,1692254080667,1693226344914,7,4,3
27555,1693226344914,1692254080671,1692254080673,1693226344921,7,2,5
27556,1693226344921,1692254080678,1692254080681,1693226344929,8,3,5
27557,1693226344929,1692254080686,1692254080689,1693226344936,7,3,4
27558,1693226344936,1692254080693,1692254080696,1693226344944,8,3,5
27559,1693226344944,1692254080702,1692254080705,1693226344952,8,3,5
27560,1693226344952,1692254080709,1692254080711,1693226344959,7,2,5
27561,1693226344959,1692254080716,1692254080719,1693226344966,7,3,4
27562,1693226344966,1692254080723,1692254080726,1693226344973,7,3,4
27563,1693226344973,1692254080731,1692254080734,1693226344982,9,3,6
27564,1693226344982,1692254080741,1692254080745,1693226344993,11,4,7
27565,1693226344993,1692254080749,1692254080753,1693226345001,8,4,4
27566,1693226345001,1692254080759,1692254080763,1693226345011,10,4,6
27567,1693226345011,1692254080768,1692254080772,1693226345020,9,4,5
27568,1693226345020,1692254080776,1692254080782,1693226345029,9,6,3
27569,1693226345029,1692254080787,1692254080790,1693226345037,8,3,5
27570,1693226345037,1692254080794,1692254080797,1693226345045,8,3,5
27571,1693226345045,1692254080802,1692254080805,1693226345052,7,3,4
27572,1693226345052,1692254080809,1692254080812,1693226345060,8,3,5
27573,1693226345060,1692254080816,1692254080820,1693226345068,8,4,4
27574,1693226345068,1692254080825,1692254080828,1693226345075,7,3,4
27575,1693226345075,1692254080832,1692254080836,1693226345083,8,4,4
27576,1693226345083,1692254080840,1692254080843,1693226345091,8,3,5
27577,1693226345091,1692254080847,1692254080850,1693226345098,7,3,4
27578,1693226345098,1692254080854,1692254080857,1693226345105,7,3,4
27579,1693226345105,1692254080862,1692254080865,1693226345113,8,3,5
27580,1693226345113,1692254080869,1692254080873,1693226345121,8,4,4
27581,1693226345121,1692254080877,1692254080880,1693226345128,7,3,4
27582,1693226345128,1692254080885,1692254080889,1693226345136,8,4,4
27583,1693226345136,1692254080893,1692254080896,1693226345144,8,3,5
27584,1693226345144,1692254080901,1692254080904,1693226345152,8,3,5
27585,1693226345152,1692254080909,1692254080912,1693226345159,7,3,4
27586,1693226345159,1692254080916,1692254080919,1693226345166,7,3,4
27587,1693226345166,1692254080923,1692254080926,1693226345174,8,3,5
27588,1693226345174,1692254080931,1692254080934,1693226345182,8,3,5
27589,1693226345182,1692254080939,1692254080942,1693226345191,9,3,6
27590,1693226345191,1692254080948,1692254080951,1693226345199,8,3,5
27591,1693226345199,1692254080955,1692254080959,1693226345207,8,4,4
27592,1693226345207,1692254080963,1692254080967,1693226345214,7,4,3
27593,1693226345214,1692254080971,1692254080975,1693226345222,8,4,4
27594,1693226345222,1692254080980,1692254080983,1693226345230,8,3,5
27595,1693226345231,1692254080987,1692254080990,1693226345238,7,3,4
27596,1693226345238,1692254080994,1692254080997,1693226345244,6,3,3
27597,1693226345244,1692254081001,1692254081005,1693226345252,8,4,4
27598,1693226345252,1692254081010,1692254081014,1693226345261,9,4,5
27599,1693226345261,1692254081018,1692254081022,1693226345270,9,4,5
27600,1693226345270,1692254081027,1692254081031,1693226345278,8,4,4
27601,1693226345278,1692254081036,1692254081039,1693226345286,8,3,5
27602,1693226345286,1692254081043,1692254081045,1693226345294,8,2,6
27603,1693226345294,1692254081051,1692254081054,1693226345301,7,3,4
27604,1693226345301,1692254081058,1692254081061,1693226345308,7,3,4
27605,1693226345308,1692254081066,1692254081069,1693226345316,8,3,5
27606,1693226345316,1692254081073,1692254081076,1693226345326,10,3,7
27607,1693226345326,1692254081082,1692254081086,1693226345334,8,4,4
27608,1693226345334,1692254081091,1692254081093,1693226345341,7,2,5
27609,1693226345341,1692254081098,1692254081101,1693226345348,7,3,4
27610,1693226345349,1692254081105,1692254081109,1693226345356,7,4,3
27611,1693226345356,1692254081114,1692254081117,1693226345364,8,3,5
27612,1693226345364,1692254081121,1692254081123,1693226345371,7,2,5
27613,1693226345371,1692254081127,1692254081131,1693226345378,7,4,3
27614,1693226345378,1692254081135,1692254081138,1693226345386,8,3,5
27615,1693226345386,1692254081143,1692254081145,1693226345393,7,2,5
27616,1693226345393,1692254081151,1692254081154,1693226345401,8,3,5
27617,1693226345401,1692254081158,1692254081162,1693226345409,8,4,4
27618,1693226345409,1692254081166,1692254081169,1693226345417,8,3,5
27619,1693226345417,1692254081173,1692254081176,1693226345424,7,3,4
27620,1693226345424,1692254081181,1692254081184,1693226345431,7,3,4
27621,1693226345431,1692254081188,1692254081192,1693226345439,8,4,4
27622,1693226345439,1692254081196,1692254081199,1693226345446,7,3,4
27623,1693226345446,1692254081203,1692254081206,1693226345453,7,3,4
27624,1693226345453,1692254081210,1692254081213,1693226345462,9,3,6
27625,1693226345462,1692254081219,1692254081223,1693226345470,8,4,4
27626,1693226345470,1692254081228,1692254081231,1693226345478,8,3,5
27627,1693226345478,1692254081235,1692254081239,1693226345486,8,4,4
27628,1693226345486,1692254081243,1692254081246,1693226345493,7,3,4
27629,1693226345494,1692254081253,1692254081256,1693226345504,10,3,7
27630,1693226345504,1692254081261,1692254081265,1693226345512,8,4,4
27631,1693226345512,1692254081270,1692254081274,1693226345521,9,4,5
27632,1693226345521,1692254081277,1692254081280,1693226345528,7,3,4
27633,1693226345528,1692254081285,1692254081288,1693226345536,8,3,5
27634,1693226345536,1692254081292,1692254081296,1693226345544,8,4,4
27635,1693226345544,1692254081300,1692254081304,1693226345551,7,4,3
27636,1693226345551,1692254081308,1692254081312,1693226345560,9,4,5
27637,1693226345560,1692254081318,1692254081321,1693226345568,8,3,5
27638,1693226345568,1692254081325,1692254081327,1693226345575,7,2,5
27639,1693226345575,1692254081332,1692254081335,1693226345583,8,3,5
27640,1693226345583,1692254081340,1692254081346,1693226345594,11,6,5
27641,1693226345594,1692254081351,1692254081354,1693226345602,8,3,5
27642,1693226345602,1692254081359,1692254081361,1693226345609,7,2,5
27643,1693226345609,1692254081365,1692254081368,1693226345617,8,3,5
27644,1693226345617,1692254081374,1692254081376,1693226345623,6,2,4
27645,1693226345623,1692254081381,1692254081384,1693226345633,10,3,7
27646,1693226345633,1692254081390,1692254081394,1693226345642,9,4,5
27647,1693226345642,1692254081399,1692254081402,1693226345649,7,3,4
27648,1693226345649,1692254081407,1692254081409,1693226345657,8,2,6
27649,1693226345657,1692254081414,1692254081417,1693226345665,8,3,5
27650,1693226345666,1692254081423,1692254081426,1693226345674,8,3,5
27651,1693226345674,1692254081432,1692254081435,1693226345683,9,3,6
27652,1693226345683,1692254081440,1692254081443,1693226345691,8,3,5
27653,1693226345691,1692254081447,1692254081450,1693226345698,7,3,4
27654,1693226345698,1692254081455,1692254081458,1693226345705,7,3,4
27655,1693226345705,1692254081462,1692254081465,1693226345712,7,3,4
27656,1693226345712,1692254081469,1692254081472,1693226345720,8,3,5
27657,1693226345720,1692254081477,1692254081480,1693226345731,11,3,8
27658,1693226345731,1692254081488,1692254081491,1693226345739,8,3,5
27659,1693226345739,1692254081496,1692254081498,1693226345746,7,2,5
27660,1693226345746,1692254081503,1692254081507,1693226345755,9,4,5
27661,1693226345755,1692254081511,1692254081515,1693226345763,8,4,4
27662,1693226345763,1692254081520,1692254081523,1693226345770,7,3,4
27663,1693226345770,1692254081526,1692254081529,1693226345777,7,3,4
27664,1693226345777,1692254081534,1692254081537,1693226345785,8,3,5
27665,1693226345785,1692254081542,1692254081545,1693226345793,8,3,5
27666,1693226345793,1692254081550,1692254081553,1693226345800,7,3,4
27667,1693226345800,1692254081557,1692254081560,1693226345807,7,3,4
27668,1693226345807,1692254081564,1692254081567,1693226345814,7,3,4
27669,1693226345814,1692254081571,1692254081573,1693226345821,7,2,5
27670,1693226345821,1692254081578,1692254081580,1693226345828,7,2,5
27671,1693226345828,1692254081585,1692254081588,1693226345836,8,3,5
27672,1693226345836,1692254081593,1692254081598,1693226345846,10,5,5
27673,1693226345846,1692254081603,1692254081606,1693226345853,7,3,4
27674,1693226345853,1692254081610,1692254081613,1693226345861,8,3,5
27675,1693226345861,1692254081618,1692254081621,1693226345868,7,3,4
27676,1693226345868,1692254081626,1692254081630,1693226345877,9,4,5
27677,1693226345877,1692254081635,1692254081638,1693226345886,9,3,6
27678,1693226345886,1692254081644,1692254081648,1693226345896,10,4,6
27679,1693226345896,1692254081653,1692254081656,1693226345904,8,3,5
27680,1693226345904,1692254081664,1692254081668,1693226345916,12,4,8
27681,1693226345916,1692254081673,1692254081676,1693226345924,8,3,5
27682,1693226345924,1692254081681,1692254081685,1693226345933,9,4,5
27683,1693226345933,1692254081690,1692254081694,1693226345941,8,4,4
27684,1693226345941,1692254081698,1692254081701,1693226345949,8,3,5
27685,1693226345949,1692254081706,1692254081709,1693226345956,7,3,4
27686,1693226345956,1692254081713,1692254081716,1693226345964,8,3,5
27687,1693226345964,1692254081721,1692254081724,1693226345971,7,3,4
27688,1693226345971,1692254081728,1692254081732,1693226345979,8,4,4
27689,1693226345979,1692254081738,1692254081741,1693226345988,9,3,6
27690,1693226345988,1692254081745,1692254081748,1693226345995,7,3,4
27691,1693226345995,1692254081754,1692254081757,1693226346005,10,3,7
27692,1693226346005,1692254081761,1692254081765,1693226346012,7,4,3
27693,1693226346012,1692254081769,1692254081773,1693226346020,8,4,4
27694,1693226346020,1692254081777,1692254081780,1693226346027,7,3,4
27695,1693226346027,1692254081784,1692254081787,1693226346034,7,3,4
27696,1693226346034,1692254081791,1692254081794,1693226346042,8,3,5
27697,1693226346042,1692254081799,1692254081803,1693226346050,8,4,4
27698,1693226346050,1692254081807,1692254081811,1693226346058,8,4,4
27699,1693226346058,1692254081814,1692254081818,1693226346066,8,4,4
27700,1693226346066,1692254081822,1692254081825,1693226346073,7,3,4
27701,1693226346073,1692254081832,1692254081836,1693226346083,10,4,6
27702,1693226346083,1692254081840,1692254081843,1693226346091,8,3,5
27703,1693226346091,1692254081848,1692254081851,1693226346099,8,3,5
27704,1693226346099,1692254081856,1692254081859,1693226346107,8,3,5
27705,1693226346107,1692254081863,1692254081866,1693226346114,7,3,4
27706,1693226346114,1692254081871,1692254081875,1693226346123,9,4,5
27707,1693226346123,1692254081879,1692254081883,1693226346130,7,4,3
27708,1693226346131,1692254081887,1692254081891,1693226346138,7,4,3
27709,1693226346138,1692254081895,1692254081900,1693226346148,10,5,5
27710,1693226346148,1692254081905,1692254081909,1693226346156,8,4,4
27711,1693226346157,1692254081914,1692254081917,1693226346165,8,3,5
27712,1693226346165,1692254081922,1692254081925,1693226346173,8,3,5
27713,1693226346173,1692254081929,1692254081935,1693226346183,10,6,4
27714,1693226346183,1692254081940,1692254081944,1693226346191,8,4,4
27715,1693226346191,1692254081949,1692254081952,1693226346200,9,3,6
27716,1693226346200,1692254081957,1692254081960,1693226346208,8,3,5
27717,1693226346208,1692254081965,1692254081969,1693226346217,9,4,5
27718,1693226346217,1692254081973,1692254081977,1693226346224,7,4,3
27719,1693226346224,1692254081981,1692254081985,1693226346232,8,4,4
27720,1693226346232,1692254081989,1692254081993,1693226346240,8,4,4
27721,1693226346240,1692254081998,1692254082001,1693226346248,8,3,5
27722,1693226346248,1692254082005,1692254082008,1693226346256,8,3,5
27723,1693226346256,1692254082013,1692254082016,1693226346263,7,3,4
27724,1693226346263,1692254082020,1692254082023,1693226346271,8,3,5
27725,1693226346271,1692254082027,1692254082030,1693226346278,7,3,4
27726,1693226346278,1692254082035,1692254082039,1693226346286,8,4,4
27727,1693226346286,1692254082043,1692254082046,1693226346293,7,3,4
27728,1693226346294,1692254082051,1692254082054,1693226346302,8,3,5
27729,1693226346302,1692254082059,1692254082061,1693226346309,7,2,5
27730,1693226346309,1692254082065,1692254082069,1693226346318,9,4,5
27731,1693226346318,1692254082075,1692254082079,1693226346326,8,4,4
27732,1693226346326,1692254082083,1692254082086,1693226346334,8,3,5
27733,1693226346334,1692254082090,1692254082094,1693226346341,7,4,3
27734,1693226346341,1692254082098,1692254082101,1693226346349,8,3,5
27735,1693226346349,1692254082107,1692254082110,1693226346358,9,3,6
27736,1693226346358,1692254082115,1692254082119,1693226346366,8,4,4
27737,1693226346366,1692254082123,1692254082126,1693226346374,8,3,5
27738,1693226346374,1692254082131,1692254082134,1693226346382,8,3,5
27739,1693226346382,1692254082139,1692254082141,1693226346389,7,2,5
27740,1693226346389,1692254082145,1692254082149,1693226346396,7,4,3
27741,1693226346396,1692254082153,1692254082156,1693226346404,8,3,5
27742,1693226346404,1692254082161,1692254082164,1693226346412,8,3,5
27743,1693226346412,1692254082169,1692254082173,1693226346421,9,4,5
27744,1693226346421,1692254082178,1692254082181,1693226346429,8,3,5
27745,1693226346429,1692254082185,1692254082191,1693226346438,9,6,3
27746,1693226346438,1692254082194,1692254082198,1693226346445,7,4,3
27747,1693226346445,1692254082202,1692254082205,1693226346453,8,3,5
27748,1693226346453,1692254082210,1692254082213,1693226346461,8,3,5
27749,1693226346461,1692254082218,1692254082221,1693226346469,8,3,5
27750,1693226346469,1692254082225,1692254082228,1693226346476,7,3,4
27751,1693226346476,1692254082233,1692254082237,1693226346485,9,4,5
27752,1693226346485,1692254082242,1692254082245,1693226346493,8,3,5
27753,1693226346493,1692254082249,1692254082252,1693226346500,7,3,4
27754,1693226346500,1692254082257,1692254082260,1693226346507,7,3,4
27755,1693226346507,1692254082264,1692254082267,1693226346515,8,3,5
27756,1693226346515,1692254082272,1692254082276,1693226346523,8,4,4
27757,1693226346523,1692254082281,1692254082284,1693226346532,9,3,6
27758,1693226346532,1692254082289,1692254082293,1693226346540,8,4,4
27759,1693226346540,1692254082297,1692254082301,1693226346548,8,4,4
27760,1693226346548,1692254082305,1692254082308,1693226346556,8,3,5
27761,1693226346556,1692254082313,1692254082316,1693226346564,8,3,5
27762,1693226346564,1692254082321,1692254082324,1693226346572,8,3,5
27763,1693226346572,1692254082329,1692254082332,1693226346580,8,3,5
27764,1693226346580,1692254082337,1692254082340,1693226346587,7,3,4
27765,1693226346587,1692254082344,1692254082347,1693226346594,7,3,4
27766,1693226346594,1692254082352,1692254082355,1693226346602,8,3,5
27767,1693226346602,1692254082359,1692254082363,1693226346611,9,4,5
27768,1693226346611,1692254082367,1692254082370,1693226346617,6,3,3
27769,1693226346617,1692254082375,1692254082379,1693226346626,9,4,5
27770,1693226346626,1692254082383,1692254082386,1693226346633,7,3,4
27771,1693226346633,1692254082390,1692254082393,1693226346641,8,3,5
27772,1693226346641,1692254082398,1692254082401,1693226346649,8,3,5
27773,1693226346649,1692254082406,1692254082409,1693226346657,8,3,5
27774,1693226346657,1692254082414,1692254082417,1693226346664,7,3,4
27775,1693226346664,1692254082421,1692254082424,1693226346672,8,3,5
27776,1693226346672,1692254082428,1692254082431,1693226346679,7,3,4
27777,1693226346679,1692254082436,1692254082438,1693226346686,7,2,5
27778,1693226346686,1692254082444,1692254082448,1693226346695,9,4,5
27779,1693226346695,1692254082452,1692254082456,1693226346703,8,4,4
27780,1693226346703,1692254082459,1692254082462,1693226346710,7,3,4
27781,1693226346710,1692254082467,1692254082470,1693226346717,7,3,4
27782,1693226346717,1692254082474,1692254082478,1693226346727,10,4,6
27783,1693226346727,1692254082484,1692254082488,1693226346737,10,4,6
27784,1693226346737,1692254082494,1692254082497,1693226346744,7,3,4
27785,1693226346744,1692254082501,1692254082504,1693226346752,8,3,5
27786,1693226346752,1692254082508,1692254082512,1693226346759,7,4,3
27787,1693226346759,1692254082516,1692254082519,1693226346767,8,3,5
27788,1693226346767,1692254082524,1692254082527,1693226346774,7,3,4
27789,1693226346774,1692254082531,1692254082534,1693226346782,8,3,5
27790,1693226346782,1692254082539,1692254082541,1693226346788,6,2,4
27791,1693226346788,1692254082545,1692254082548,1693226346796,8,3,5
27792,1693226346797,1692254082553,1692254082556,1693226346803,6,3,3
27793,1693226346803,1692254082561,1692254082564,1693226346812,9,3,6
27794,1693226346812,1692254082569,1692254082572,1693226346819,7,3,4
27795,1693226346819,1692254082576,1692254082578,1693226346826,7,2,5
27796,1693226346826,1692254082585,1692254082588,1693226346836,10,3,7
27797,1693226346836,1692254082592,1692254082595,1693226346843,7,3,4
27798,1693226346843,1692254082600,1692254082604,1693226346852,9,4,5
27799,1693226346852,1692254082608,1692254082611,1693226346860,8,3,5
27800,1693226346860,1692254082617,1692254082620,1693226346867,7,3,4
27801,1693226346867,1692254082624,1692254082627,1693226346875,8,3,5
27802,1693226346875,1692254082632,1692254082635,1693226346883,8,3,5
27803,1693226346883,1692254082640,1692254082643,1693226346891,8,3,5
27804,1693226346891,1692254082649,1692254082652,1693226346900,9,3,6
27805,1693226346900,1692254082657,1692254082660,1693226346908,8,3,5
27806,1693226346908,1692254082665,1692254082668,1693226346916,8,3,5
27807,1693226346916,1692254082672,1692254082675,1693226346923,7,3,4
27808,1693226346923,1692254082679,1692254082682,1693226346932,9,3,6
27809,1693226346932,1692254082689,1692254082692,1693226346940,8,3,5
27810,1693226346940,1692254082697,1692254082700,1693226346949,9,3,6
27811,1693226346949,1692254082706,1692254082709,1693226346957,8,3,5
27812,1693226346957,1692254082714,1692254082717,1693226346965,8,3,5
27813,1693226346965,1692254082721,1692254082725,1693226346973,8,4,4
27814,1693226346973,1692254082730,1692254082733,1693226346981,8,3,5
27815,1693226346981,1692254082738,1692254082741,1693226346989,8,3,5
27816,1693226346989,1692254082746,1692254082750,1693226346997,8,4,4
27817,1693226346997,1692254082754,1692254082758,1693226347005,8,4,4
27818,1693226347005,1692254082761,1692254082764,1693226347012,7,3,4
27819,1693226347012,1692254082768,1692254082773,1693226347021,9,5,4
27820,1693226347021,1692254082778,1692254082780,1693226347028,7,2,5
27821,1693226347028,1692254082785,1692254082788,1693226347035,7,3,4
27822,1693226347035,1692254082792,1692254082794,1693226347042,7,2,5
27823,1693226347042,1692254082798,1692254082802,1693226347051,9,4,5
27824,1693226347051,1692254082808,1692254082811,1693226347059,8,3,5
27825,1693226347059,1692254082816,1692254082819,1693226347067,8,3,5
27826,1693226347067,1692254082823,1692254082827,1693226347074,7,4,3
27827,1693226347074,1692254082830,1692254082834,1693226347082,8,4,4
27828,1693226347082,1692254082839,1692254082842,1693226347089,7,3,4
27829,1693226347089,1692254082845,1692254082848,1693226347096,7,3,4
27830,1693226347096,1692254082855,1692254082858,1693226347105,9,3,6
27831,1693226347105,1692254082862,1692254082865,1693226347113,8,3,5
27832,1693226347113,1692254082869,1692254082872,1693226347120,7,3,4
27833,1693226347120,1692254082877,1692254082880,1693226347127,7,3,4
27834,1693226347128,1692254082885,1692254082889,1693226347137,9,4,5
27835,1693226347137,1692254082894,1692254082897,1693226347144,7,3,4
27836,1693226347145,1692254082901,1692254082904,1693226347152,7,3,4
27837,1693226347152,1692254082909,1692254082913,1693226347160,8,4,4
27838,1693226347160,1692254082916,1692254082920,1693226347167,7,4,3
27839,1693226347167,1692254082923,1692254082926,1693226347173,6,3,3
27840,1693226347174,1692254082931,1692254082937,1693226347184,10,6,4
27841,1693226347184,1692254082941,1692254082944,1693226347192,8,3,5
27842,1693226347192,1692254082949,1692254082953,1693226347202,10,4,6
27843,1693226347202,1692254082959,1692254082962,1693226347210,8,3,5
27844,1693226347210,1692254082967,1692254082970,1693226347218,8,3,5
27845,1693226347218,1692254082974,1692254082977,1693226347225,7,3,4
27846,1693226347225,1692254082982,1692254082985,1693226347233,8,3,5
27847,1693226347233,1692254082990,1692254082993,1693226347240,7,3,4
27848,1693226347240,1692254082996,1692254083000,1693226347251,11,4,7
27849,1693226347251,1692254083007,1692254083010,1693226347257,6,3,3
27850,1693226347257,1692254083020,1692254083024,1693226347271,14,4,10
27851,1693226347272,1692254083029,1692254083032,1693226347280,8,3,5
27852,1693226347280,1692254083043,1692254083046,1693226347294,14,3,11
27853,1693226347294,1692254083051,1692254083054,1693226347301,7,3,4
27854,1693226347302,1692254083058,1692254083061,1693226347308,6,3,3
27855,1693226347308,1692254083065,1692254083070,1693226347317,9,5,4
27856,1693226347317,1692254083074,1692254083077,1693226347324,7,3,4
27857,1693226347324,1692254083082,1692254083085,1693226347332,8,3,5
27858,1693226347332,1692254083089,1692254083092,1693226347342,10,3,7
27859,1693226347342,1692254083098,1692254083102,1693226347349,7,4,3
27860,1693226347349,1692254083106,1692254083110,1693226347357,8,4,4
27861,1693226347357,1692254083115,1692254083119,1693226347367,10,4,6
27862,1693226347367,1692254083124,1692254083127,1693226347374,7,3,4
27863,1693226347374,1692254083131,1692254083134,1693226347382,8,3,5
27864,1693226347382,1692254083139,1692254083142,1693226347390,8,3,5
27865,1693226347390,1692254083147,1692254083151,1693226347399,9,4,5
27866,1693226347399,1692254083158,1692254083161,1693226347409,10,3,7
27867,1693226347409,1692254083166,1692254083169,1693226347416,7,3,4
27868,1693226347416,1692254083173,1692254083177,1693226347424,8,4,4
27869,1693226347424,1692254083181,1692254083184,1693226347431,7,3,4
27870,1693226347431,1692254083188,1692254083191,1693226347438,7,3,4
27871,1693226347438,1692254083194,1692254083198,1693226347445,7,4,3
27872,1693226347445,1692254083202,1692254083204,1693226347452,7,2,5
27873,1693226347452,1692254083209,1692254083212,1693226347460,8,3,5
27874,1693226347460,1692254083217,1692254083220,1693226347467,7,3,4
27875,1693226347467,1692254083224,1692254083227,1693226347474,7,3,4
27876,1693226347474,1692254083232,1692254083235,1693226347482,8,3,5
27877,1693226347482,1692254083239,1692254083242,1693226347489,7,3,4
27878,1693226347489,1692254083246,1692254083249,1693226347496,7,3,4
27879,1693226347496,1692254083254,1692254083257,1693226347504,8,3,5
27880,1693226347504,1692254083261,1692254083264,1693226347511,7,3,4
27881,1693226347511,1692254083268,1692254083271,1693226347518,7,3,4
27882,1693226347518,1692254083274,1692254083278,1693226347525,7,4,3
27883,1693226347525,1692254083282,1692254083285,1693226347532,7,3,4
27884,1693226347532,1692254083289,1692254083293,1693226347540,8,4,4
27885,1693226347540,1692254083297,1692254083300,1693226347548,8,3,5
27886,1693226347548,1692254083306,1692254083310,1693226347557,9,4,5
27887,1693226347558,1692254083315,1692254083318,1693226347565,7,3,4
27888,1693226347565,1692254083322,1692254083325,1693226347573,8,3,5
27889,1693226347573,1692254083329,1692254083332,1693226347580,7,3,4
27890,1693226347580,1692254083336,1692254083339,1693226347587,7,3,4
27891,1693226347587,1692254083344,1692254083347,1693226347595,8,3,5
27892,1693226347595,1692254083352,1692254083356,1693226347604,9,4,5
27893,1693226347604,1692254083360,1692254083364,1693226347611,7,4,3
27894,1693226347612,1692254083368,1692254083371,1693226347619,7,3,4
27895,1693226347619,1692254083376,1692254083378,1693226347626,7,2,5
27896,1693226347626,1692254083383,1692254083386,1693226347633,7,3,4
27897,1693226347634,1692254083390,1692254083393,1693226347640,6,3,3
27898,1693226347640,1692254083397,1692254083400,1693226347649,9,3,6
27899,1693226347649,1692254083405,1692254083408,1693226347655,6,3,3
27900,1693226347655,1692254083412,1692254083415,1693226347663,8,3,5
27901,1693226347663,1692254083420,1692254083423,1693226347670,7,3,4
27902,1693226347670,1692254083427,1692254083430,1693226347678,8,3,5
27903,1693226347678,1692254083435,1692254083438,1693226347685,7,3,4
27904,1693226347685,1692254083442,1692254083445,1693226347692,7,3,4
27905,1693226347692,1692254083449,1692254083453,1693226347700,8,4,4
27906,1693226347700,1692254083459,1692254083463,1693226347711,11,4,7
27907,1693226347711,1692254083468,1692254083471,1693226347719,8,3,5
27908,1693226347719,1692254083476,1692254083479,1693226347726,7,3,4
27909,1693226347726,1692254083484,1692254083487,1693226347734,8,3,5
27910,1693226347734,1692254083492,1692254083495,1693226347743,9,3,6
27911,1693226347743,1692254083500,1692254083504,1693226347751,8,4,4
27912,1693226347751,1692254083508,1692254083511,1693226347758,7,3,4
27913,1693226347758,1692254083514,1692254083517,1693226347764,6,3,3
27914,1693226347764,1692254083522,1692254083525,1693226347772,8,3,5
27915,1693226347772,1692254083529,1692254083531,1693226347779,7,2,5
27916,1693226347779,1692254083536,1692254083539,1693226347786,7,3,4
27917,1693226347786,1692254083543,1692254083546,1693226347794,8,3,5
27918,1693226347794,1692254083550,1692254083553,1693226347800,6,3,3
27919,1693226347800,1692254083557,1692254083560,1693226347807,7,3,4
27920,1693226347807,1692254083564,1692254083568,1693226347815,8,4,4
27921,1693226347815,1692254083573,1692254083576,1693226347824,9,3,6
27922,1693226347824,1692254083580,1692254083584,1693226347831,7,4,3
27923,1693226347831,1692254083588,1692254083591,1693226347838,7,3,4
27924,1693226347838,1692254083595,1692254083598,1693226347845,7,3,4
27925,1693226347846,1692254083602,1692254083605,1693226347854,8,3,5
27926,1693226347854,1692254083611,1692254083613,1693226347861,7,2,5
27927,1693226347861,1692254083618,1692254083621,1693226347869,8,3,5
27928,1693226347869,1692254083626,1692254083630,1693226347877,8,4,4
27929,1693226347877,1692254083634,1692254083638,1693226347886,9,4,5
27930,1693226347886,1692254083643,1692254083646,1693226347894,8,3,5
27931,1693226347894,1692254083651,1692254083654,1693226347902,8,3,5
27932,1693226347902,1692254083659,1692254083662,1693226347909,7,3,4
27933,1693226347909,1692254083666,1692254083670,1693226347918,9,4,5
27934,1693226347918,1692254083676,1692254083679,1693226347927,9,3,6
27935,1693226347927,1692254083683,1692254083686,1693226347933,6,3,3
27936,1693226347933,1692254083690,1692254083694,1693226347941,8,4,4
27937,1693226347941,1692254083698,1692254083702,1693226347949,8,4,4
27938,1693226347949,1692254083706,1692254083708,1693226347956,7,2,5
27939,1693226347956,1692254083715,1692254083719,1693226347966,10,4,6
27940,1693226347966,1692254083722,1692254083725,1693226347973,7,3,4
27941,1693226347973,1692254083729,1692254083732,1693226347979,6,3,3
27942,1693226347979,1692254083738,1692254083741,1693226347988,9,3,6
27943,1693226347988,1692254083745,1692254083749,1693226347996,8,4,4
27944,1693226347996,1692254083753,1692254083757,1693226348004,8,4,4
27945,1693226348004,1692254083761,1692254083765,1693226348012,8,4,4
27946,1693226348012,1692254083768,1692254083772,1693226348019,7,4,3
27947,1693226348019,1692254083775,1692254083778,1693226348026,7,3,4
27948,1693226348026,1692254083783,1692254083786,1693226348034,8,3,5
27949,1693226348034,1692254083791,1692254083794,1693226348042,8,3,5
27950,1693226348042,1692254083799,1692254083802,1693226348049,7,3,4
27951,1693226348049,1692254083806,1692254083808,1693226348056,7,2,5
27952,1693226348056,1692254083814,1692254083817,1693226348064,8,3,5
27953,1693226348064,1692254083821,1692254083824,1693226348071,7,3,4
27954,1693226348071,1692254083828,1692254083831,1693226348078,7,3,4
27955,1693226348078,1692254083835,1692254083838,1693226348085,7,3,4
27956,1693226348085,1692254083842,1692254083845,1693226348092,7,3,4
27957,1693226348092,1692254083849,1692254083852,1693226348099,7,3,4
27958,1693226348099,1692254083857,1692254083860,1693226348107,8,3,5
27959,1693226348107,1692254083864,1692254083867,1693226348115,8,3,5
27960,1693226348115,1692254083872,1692254083875,1693226348122,7,3,4
27961,1693226348122,1692254083880,1692254083883,1693226348131,9,3,6
27962,1693226348131,1692254083887,1692254083891,1693226348138,7,4,3
27963,1693226348138,1692254083895,1692254083898,1693226348145,7,3,4
27964,1693226348145,1692254083902,1692254083905,1693226348152,7,3,4
27965,1693226348152,1692254083909,1692254083912,1693226348161,9,3,6
27966,1693226348161,1692254083918,1692254083923,1693226348170,9,5,4
27967,1693226348170,1692254083927,1692254083930,1693226348177,7,3,4
27968,1693226348177,1692254083934,1692254083937,1693226348185,8,3,5
27969,1693226348185,1692254083942,1692254083945,1693226348193,8,3,5
27970,1693226348193,1692254083951,1692254083954,1693226348201,8,3,5
27971,1693226348201,1692254083958,1692254083961,1693226348209,8,3,5
27972,1693226348209,1692254083965,1692254083969,1693226348216,7,4,3
27973,1693226348216,1692254083976,1692254083979,1693226348227,11,3,8
27974,1693226348227,1692254083984,1692254083987,1693226348235,8,3,5
27975,1693226348235,1692254083992,1692254083995,1693226348243,8,3,5
27976,1693226348243,1692254084000,1692254084003,1693226348251,8,3,5
27977,1693226348251,1692254084007,1692254084010,1693226348258,7,3,4
27978,1693226348258,1692254084018,1692254084021,1693226348269,11,3,8
27979,1693226348269,1692254084026,1692254084029,1693226348277,8,3,5
27980,1693226348277,1692254084036,1692254084039,1693226348286,9,3,6
27981,1693226348286,1692254084044,1692254084046,1693226348295,9,2,7
27982,1693226348295,1692254084051,1692254084055,1693226348302,7,4,3
27983,1693226348302,1692254084059,1692254084064,1693226348312,10,5,5
27984,1693226348312,1692254084069,1692254084072,1693226348320,8,3,5
27985,1693226348320,1692254084077,1692254084080,1693226348327,7,3,4
27986,1693226348327,1692254084084,1692254084088,1693226348335,8,4,4
27987,1693226348335,1692254084092,1692254084095,1693226348343,8,3,5
27988,1693226348343,1692254084100,1692254084103,1693226348351,8,3,5
27989,1693226348351,1692254084108,1692254084112,1693226348360,9,4,5
27990,1693226348360,1692254084117,1692254084121,1693226348368,8,4,4
27991,1693226348368,1692254084125,1692254084129,1693226348377,9,4,5
27992,1693226348377,1692254084134,1692254084137,1693226348384,7,3,4
27993,1693226348384,1692254084142,1692254084145,1693226348392,8,3,5
27994,1693226348393,1692254084150,1692254084154,1693226348402,9,4,5
27995,1693226348402,1692254084159,1692254084162,1693226348410,8,3,5
27996,1693226348410,1692254084167,1692254084170,1693226348417,7,3,4
27997,1693226348417,1692254084174,1692254084177,1693226348424,7,3,4
27998,1693226348424,1692254084181,1692254084185,1693226348432,8,4,4
27999,1693226348432,1692254084189,1692254084192,1693226348439,7,3,4
28000,1693226348439,1692254084196,1692254084200,1693226348447,8,4,4
28001,1693226348447,1692254084204,1692254084207,1693226348455,8,3,5
28002,1693226348455,1692254084211,1692254084216,1693226348464,9,5,4
28003,1693226348464,1692254084225,1692254084228,1693226348475,11,3,8
28004,1693226348475,1692254084232,1692254084235,1693226348483,8,3,5
28005,1693226348483,1692254084239,1692254084243,1693226348491,8,4,4
28006,1693226348491,1692254084248,1692254084250,1693226348498,7,2,5
28007,1693226348498,1692254084255,1692254084258,1693226348505,7,3,4
28008,1693226348505,1692254084262,1692254084265,1693226348513,8,3,5
28009,1693226348513,1692254084269,1692254084273,1693226348520,7,4,3
28010,1693226348520,1692254084278,1692254084281,1693226348529,9,3,6
28011,1693226348529,1692254084286,1692254084289,1693226348537,8,3,5
28012,1693226348537,1692254084295,1692254084298,1693226348546,9,3,6
28013,1693226348546,1692254084303,1692254084308,1693226348555,9,5,4
28014,1693226348555,1692254084314,1692254084317,1693226348564,9,3,6
28015,1693226348564,1692254084322,1692254084324,1693226348571,7,2,5
28016,1693226348571,1692254084328,1692254084332,1693226348579,8,4,4
28017,1693226348579,1692254084336,1692254084339,1693226348587,8,3,5
28018,1693226348587,1692254084343,1692254084346,1693226348594,7,3,4
28019,1693226348594,1692254084352,1692254084355,1693226348603,9,3,6
28020,1693226348603,1692254084360,1692254084363,1693226348611,8,3,5
28021,1693226348611,1692254084368,1692254084371,1693226348618,7,3,4
28022,1693226348618,1692254084375,1692254084378,1693226348625,7,3,4
28023,1693226348625,1692254084382,1692254084385,1693226348632,7,3,4
28024,1693226348632,1692254084392,1692254084395,1693226348643,11,3,8
28025,1693226348643,1692254084400,1692254084403,1693226348651,8,3,5
28026,1693226348651,1692254084408,1692254084411,1693226348658,7,3,4
28027,1693226348659,1692254084416,1692254084419,1693226348667,8,3,5
28028,1693226348667,1692254084423,1692254084426,1693226348673,6,3,3
28029,1693226348673,1692254084430,1692254084433,1693226348680,7,3,4
28030,1693226348681,1692254084438,1692254084441,1693226348688,7,3,4
28031,1693226348689,1692254084445,1692254084448,1693226348696,7,3,4
28032,1693226348696,1692254084453,1692254084455,1693226348704,8,2,6
28033,1693226348704,1692254084461,1692254084464,1693226348712,8,3,5
28034,1693226348712,1692254084468,1692254084471,1693226348719,7,3,4
28035,1693226348719,1692254084476,1692254084479,1693226348726,7,3,4
28036,1693226348726,1692254084483,1692254084486,1693226348734,8,3,5
28037,1693226348734,1692254084492,1692254084495,1693226348742,8,3,5
28038,1693226348742,1692254084504,1692254084509,1693226348756,14,5,9
28039,1693226348756,1692254084513,1692254084517,1693226348764,8,4,4
28040,1693226348764,1692254084521,1692254084523,1693226348771,7,2,5
28041,1693226348771,1692254084530,1692254084533,1693226348781,10,3,7
28042,1693226348781,1692254084538,1692254084541,1693226348789,8,3,5
28043,1693226348789,1692254084545,1692254084548,1693226348796,7,3,4
28044,1693226348796,1692254084552,1692254084556,1693226348803,7,4,3
28045,1693226348803,1692254084560,1692254084564,1693226348812,9,4,5
28046,1693226348812,1692254084571,1692254084574,1693226348822,10,3,7
28047,1693226348822,1692254084578,1692254084581,1693226348829,7,3,4
28048,1693226348829,1692254084585,1692254084588,1693226348836,7,3,4
28049,1693226348836,1692254084593,1692254084597,1693226348845,9,4,5
28050,1693226348845,1692254084601,1692254084605,1693226348852,7,4,3
28051,1693226348852,1692254084609,1692254084613,1693226348860,8,4,4
28052,1693226348860,1692254084617,1692254084620,1693226348868,8,3,5
28053,1693226348868,1692254084624,1692254084627,1693226348875,7,3,4
28054,1693226348875,1692254084634,1692254084637,1693226348885,10,3,7
28055,1693226348885,1692254084642,1692254084644,1693226348892,7,2,5
28056,1693226348892,1692254084649,1692254084652,1693226348900,8,3,5
28057,1693226348900,1692254084657,1692254084660,1693226348908,8,3,5
28058,1693226348908,1692254084664,1692254084668,1693226348915,7,4,3
28059,1693226348915,1692254084672,1692254084675,1693226348923,8,3,5
28060,1693226348923,1692254084680,1692254084683,1693226348930,7,3,4
28061,1693226348930,1692254084687,1692254084689,1693226348937,7,2,5
28062,1693226348937,1692254084694,1692254084697,1693226348945,8,3,5
28063,1693226348945,1692254084702,1692254084705,1693226348952,7,3,4
28064,1693226348952,1692254084709,1692254084712,1693226348960,8,3,5
28065,1693226348960,1692254084717,1692254084722,1693226348970,10,5,5
28066,1693226348970,1692254084727,1692254084730,1693226348980,10,3,7
28067,1693226348980,1692254084737,1692254084740,1693226348987,7,3,4
28068,1693226348987,1692254084744,1692254084747,1693226348995,8,3,5
28069,1693226348995,1692254084752,1692254084757,1693226349005,10,5,5
28070,1693226349005,1692254084762,1692254084765,1693226349012,7,3,4
28071,1693226349012,1692254084769,1692254084773,1693226349021,9,4,5
28072,1693226349021,1692254084778,1692254084782,1693226349029,8,4,4
28073,1693226349029,1692254084785,1692254084790,1693226349037,8,5,3
28074,1693226349037,1692254084794,1692254084797,1693226349045,8,3,5
28075,1693226349045,1692254084801,1692254084805,1693226349052,7,4,3
28076,1693226349053,1692254084810,1692254084813,1693226349061,8,3,5
28077,1693226349061,1692254084818,1692254084821,1693226349068,7,3,4
28078,1693226349068,1692254084825,1692254084828,1693226349076,8,3,5
28079,1693226349076,1692254084833,1692254084835,1693226349083,7,2,5
28080,1693226349083,1692254084840,1692254084843,1693226349091,8,3,5
28081,1693226349091,1692254084849,1692254084852,1693226349100,9,3,6
28082,1693226349100,1692254084857,1692254084860,1693226349107,7,3,4
28083,1693226349107,1692254084864,1692254084867,1693226349115,8,3,5
28084,1693226349115,1692254084871,1692254084875,1693226349123,8,4,4
28085,1693226349123,1692254084880,1692254084883,1693226349131,8,3,5
28086,1693226349131,1692254084887,1692254084890,1693226349138,7,3,4
28087,1693226349138,1692254084895,1692254084899,1693226349146,8,4,4
28088,1693226349146,1692254084903,1692254084907,1693226349157,11,4,7
28089,1693226349158,1692254084915,1692254084918,1693226349165,7,3,4
28090,1693226349165,1692254084921,1692254084924,1693226349172,7,3,4
28091,1693226349172,1692254084929,1692254084933,1693226349180,8,4,4
28092,1693226349180,1692254084941,1692254084944,1693226349192,12,3,9
28093,1693226349192,1692254084948,1692254084952,1693226349199,7,4,3
28094,1693226349199,1692254084956,1692254084959,1693226349207,8,3,5
28095,1693226349207,1692254084964,1692254084967,1693226349216,9,3,6
28096,1693226349216,1692254084973,1692254084976,1693226349224,8,3,5
28097,1693226349224,1692254084981,1692254084984,1693226349232,8,3,5
28098,1693226349232,1692254084988,1692254084991,1693226349239,7,3,4
28099,1693226349239,1692254084995,1692254084998,1693226349246,7,3,4
28100,1693226349246,1692254085002,1692254085005,1693226349253,7,3,4
28101,1693226349253,1692254085010,1692254085012,1693226349260,7,2,5
28102,1693226349260,1692254085017,1692254085021,1693226349268,8,4,4
28103,1693226349268,1692254085025,1692254085028,1693226349275,7,3,4
28104,1693226349275,1692254085032,1692254085035,1693226349282,7,3,4
28105,1693226349282,1692254085042,1692254085045,1693226349293,11,3,8
28106,1693226349293,1692254085050,1692254085052,1693226349300,7,2,5
28107,1693226349300,1692254085057,1692254085060,1693226349308,8,3,5
28108,1693226349308,1692254085065,1692254085068,1693226349315,7,3,4
28109,1693226349315,1692254085072,1692254085075,1693226349323,8,3,5
28110,1693226349323,1692254085080,1692254085084,1693226349332,9,4,5
28111,1693226349332,1692254085088,1692254085093,1693226349340,8,5,3
28112,1693226349340,1692254085098,1692254085101,1693226349349,9,3,6
28113,1693226349349,1692254085106,1692254085111,1693226349358,9,5,4
28114,1693226349358,1692254085115,1692254085118,1693226349365,7,3,4
28115,1693226349365,1692254085124,1692254085127,1693226349374,9,3,6
28116,1693226349374,1692254085131,1692254085135,1693226349382,8,4,4
28117,1693226349382,1692254085139,1692254085142,1693226349390,8,3,5
28118,1693226349390,1692254085147,1692254085150,1693226349397,7,3,4
28119,1693226349397,1692254085154,1692254085160,1693226349407,10,6,4
28120,1693226349407,1692254085164,1692254085167,1693226349415,8,3,5
28121,1693226349415,1692254085171,1692254085174,1693226349421,6,3,3
28122,1693226349421,1692254085178,1692254085181,1693226349429,8,3,5
28123,1693226349429,1692254085186,1692254085189,1693226349436,7,3,4
28124,1693226349437,1692254085193,1692254085197,1693226349444,7,4,3
28125,1693226349444,1692254085201,1692254085204,1693226349452,8,3,5
28126,1693226349452,1692254085209,1692254085212,1693226349459,7,3,4
28127,1693226349459,1692254085216,1692254085220,1693226349467,8,4,4
28128,1693226349467,1692254085224,1692254085227,1693226349475,8,3,5
28129,1693226349475,1692254085232,1692254085235,1693226349482,7,3,4
28130,1693226349482,1692254085238,1692254085242,1693226349493,11,4,7
28131,1693226349493,1692254085250,1692254085254,1693226349501,8,4,4
28132,1693226349501,1692254085258,1692254085261,1693226349508,7,3,4
28133,1693226349508,1692254085265,1692254085268,1693226349516,8,3,5
28134,1693226349516,1692254085273,1692254085276,1693226349523,7,3,4
28135,1693226349523,1692254085280,1692254085283,1693226349531,8,3,5
28136,1693226349531,1692254085287,1692254085290,1693226349538,7,3,4
28137,1693226349538,1692254085295,1692254085299,1693226349547,9,4,5
28138,1693226349547,1692254085304,1692254085308,1693226349555,8,4,4
28139,1693226349555,1692254085312,1692254085315,1693226349563,8,3,5
28140,1693226349563,1692254085319,1692254085323,1693226349571,8,4,4
28141,1693226349571,1692254085328,1692254085331,1693226349578,7,3,4
28142,1693226349578,1692254085335,1692254085339,1693226349587,9,4,5
28143,1693226349587,1692254085344,1692254085347,1693226349594,7,3,4
28144,1693226349594,1692254085352,1692254085355,1693226349602,8,3,5
28145,1693226349602,1692254085360,1692254085363,1693226349610,8,3,5
28146,1693226349611,1692254085367,1692254085371,1693226349619,8,4,4
28147,1693226349619,1692254085376,1692254085379,1693226349627,8,3,5
28148,1693226349627,1692254085384,1692254085387,1693226349635,8,3,5
28149,1693226349635,1692254085392,1692254085395,1693226349643,8,3,5
28150,1693226349643,1692254085399,1692254085403,1693226349650,7,4,3
28151,1693226349650,1692254085407,1692254085410,1693226349658,8,3,5
28152,1693226349658,1692254085415,1692254085419,1693226349666,8,4,4
28153,1693226349666,1692254085422,1692254085425,1693226349672,6,3,3
28154,1693226349672,1692254085429,1692254085433,1693226349681,9,4,5
28155,1693226349681,1692254085439,1692254085442,1693226349689,8,3,5
28156,1693226349689,1692254085446,1692254085449,1693226349697,8,3,5
28157,1693226349697,1692254085453,1692254085456,1693226349704,7,3,4
28158,1693226349704,1692254085461,1692254085464,1693226349712,8,3,5
28159,1693226349712,1692254085469,1692254085472,1693226349720,8,3,5
28160,1693226349720,1692254085477,1692254085481,1693226349729,9,4,5
28161,1693226349729,1692254085486,1692254085490,1693226349737,8,4,4
28162,1693226349737,1692254085494,1692254085498,1693226349750,13,4,9
28163,1693226349750,1692254085510,1692254085514,1693226349761,11,4,7
28164,1693226349761,1692254085518,1692254085521,1693226349768,7,3,4
28165,1693226349768,1692254085525,1692254085529,1693226349776,8,4,4
28166,1693226349776,1692254085533,1692254085537,1693226349784,8,4,4
28167,1693226349784,1692254085541,1692254085544,1693226349794,10,3,7
28168,1693226349794,1692254085550,1692254085554,1693226349801,7,4,3
28169,1693226349801,1692254085559,1692254085563,1693226349810,9,4,5
28170,1693226349810,1692254085572,1692254085575,1693226349823,13,3,10
28171,1693226349823,1692254085583,1692254085586,1693226349838,15,3,12
28172,1693226349838,1692254085604,1692254085608,1693226349856,18,4,14
28173,1693226349856,1692254085613,1692254085616,1693226349865,9,3,6
28174,1693226349865,1692254085623,1692254085626,1693226349874,9,3,6
28175,1693226349874,1692254085631,1692254085634,1693226349881,7,3,4
28176,1693226349881,1692254085640,1692254085643,1693226349891,10,3,7
28177,1693226349891,1692254085648,1692254085652,1693226349928,37,4,33
28178,1693226349928,1692254085685,1692254085688,1693226349942,14,3,11
28179,1693226349942,1692254085699,1692254085703,1693226349950,8,4,4
28180,1693226349950,1692254085707,1692254085711,1693226349958,8,4,4
28181,1693226349959,1692254085715,1692254085719,1693226349966,7,4,3
28182,1693226349966,1692254085723,1692254085726,1693226349973,7,3,4
28183,1693226349973,1692254085730,1692254085736,1693226349984,11,6,5
28184,1693226349984,1692254085740,1692254085744,1693226349992,8,4,4
28185,1693226349992,1692254085749,1692254085752,1693226350000,8,3,5
28186,1693226350000,1692254085759,1692254085762,1693226350010,10,3,7
28187,1693226350010,1692254085767,1692254085771,1693226350018,8,4,4
28188,1693226350018,1692254085775,1692254085778,1693226350026,8,3,5
28189,1693226350026,1692254085786,1692254085789,1693226350037,11,3,8
28190,1693226350037,1692254085794,1692254085797,1693226350044,7,3,4
28191,1693226350044,1692254085801,1692254085805,1693226350053,9,4,5
28192,1693226350053,1692254085810,1692254085814,1693226350061,8,4,4
28193,1693226350061,1692254085819,1692254085822,1693226350069,8,3,5
28194,1693226350069,1692254085826,1692254085830,1693226350077,8,4,4
28195,1693226350077,1692254085834,1692254085837,1693226350085,8,3,5
28196,1693226350085,1692254085842,1692254085845,1693226350093,8,3,5
28197,1693226350093,1692254085850,1692254085853,1693226350100,7,3,4
28198,1693226350101,1692254085857,1692254085861,1693226350108,7,4,3
28199,1693226350108,1692254085865,1692254085868,1693226350115,7,3,4
28200,1693226350115,1692254085872,1692254085875,1693226350123,8,3,5
28201,1693226350123,1692254085880,1692254085884,1693226350132,9,4,5
28202,1693226350132,1692254085889,1692254085892,1693226350139,7,3,4
28203,1693226350139,1692254085896,1692254085899,1693226350146,7,3,4
28204,1693226350147,1692254085903,1692254085906,1693226350154,7,3,4
28205,1693226350154,1692254085911,1692254085914,1693226350161,7,3,4
28206,1693226350161,1692254085918,1692254085922,1693226350169,8,4,4
28207,1693226350169,1692254085927,1692254085930,1693226350178,9,3,6
28208,1693226350178,1692254085937,1692254085940,1693226350187,9,3,6
28209,1693226350187,1692254085946,1692254085950,1693226350198,11,4,7
28210,1693226350198,1692254085954,1692254085957,1693226350205,7,3,4
28211,1693226350205,1692254085963,1692254085966,1693226350214,9,3,6
28212,1693226350214,1692254085972,1692254085975,1693226350223,9,3,6
28213,1693226350223,1692254085980,1692254085984,1693226350231,8,4,4
28214,1693226350231,1692254085988,1692254085991,1693226350239,8,3,5
28215,1693226350239,1692254085996,1692254085999,1693226350246,7,3,4
28216,1693226350246,1692254086003,1692254086006,1693226350253,7,3,4
28217,1693226350253,1692254086010,1692254086013,1693226350261,8,3,5
28218,1693226350261,1692254086018,1692254086021,1693226350269,8,3,5
28219,1693226350269,1692254086026,1692254086029,1693226350276,7,3,4
28220,1693226350276,1692254086034,1692254086038,1693226350285,9,4,5
28221,1693226350285,1692254086042,1692254086046,1693226350293,8,4,4
28222,1693226350294,1692254086051,1692254086053,1693226350301,7,2,5
28223,1693226350301,1692254086058,1692254086061,1693226350308,7,3,4
28224,1693226350308,1692254086067,1692254086070,1693226350317,9,3,6
28225,1693226350317,1692254086074,1692254086078,1693226350326,9,4,5
28226,1693226350326,1692254086085,1692254086088,1693226350336,10,3,7
28227,1693226350336,1692254086093,1692254086097,1693226350345,9,4,5
28228,1693226350345,1692254086102,1692254086105,1693226350353,8,3,5
28229,1693226350353,1692254086109,1692254086113,1693226350361,8,4,4
28230,1693226350361,1692254086118,1692254086121,1693226350369,8,3,5
28231,1693226350369,1692254086126,1692254086129,1693226350376,7,3,4
28232,1693226350376,1692254086134,1692254086137,1693226350385,9,3,6
28233,1693226350385,1692254086142,1692254086145,1693226350393,8,3,5
28234,1693226350393,1692254086150,1692254086153,1693226350401,8,3,5
28235,1693226350401,1692254086158,1692254086161,1693226350409,8,3,5
28236,1693226350409,1692254086168,1692254086171,1693226350419,10,3,7
28237,1693226350420,1692254086177,1692254086181,1693226350428,8,4,4
28238,1693226350428,1692254086185,1692254086187,1693226350435,7,2,5
28239,1693226350435,1692254086192,1692254086196,1693226350443,8,4,4
28240,1693226350443,1692254086201,1692254086203,1693226350451,8,2,6
28241,1693226350451,1692254086209,1692254086212,1693226350460,9,3,6
28242,1693226350460,1692254086217,1692254086220,1693226350468,8,3,5
28243,1693226350468,1692254086224,1692254086228,1693226350476,8,4,4
28244,1693226350476,1692254086234,1692254086238,1693226350485,9,4,5
28245,1693226350485,1692254086242,1692254086246,1693226350493,8,4,4
28246,1693226350493,1692254086250,1692254086254,1693226350501,8,4,4
28247,1693226350501,1692254086258,1692254086261,1693226350509,8,3,5
28248,1693226350509,1692254086265,1692254086270,1693226350517,8,5,3
28249,1693226350517,1692254086274,1692254086277,1693226350524,7,3,4
28250,1693226350524,1692254086281,1692254086284,1693226350531,7,3,4
28251,1693226350532,1692254086288,1692254086291,1693226350539,7,3,4
28252,1693226350539,1692254086296,1692254086299,1693226350547,8,3,5
28253,1693226350547,1692254086304,1692254086309,1693226350557,10,5,5
28254,1693226350557,1692254086314,1692254086317,1693226350565,8,3,5
28255,1693226350565,1692254086321,1692254086324,1693226350572,7,3,4
28256,1693226350572,1692254086329,1692254086333,1693226350581,9,4,5
28257,1693226350581,1692254086337,1692254086340,1693226350587,6,3,3
28258,1693226350587,1692254086344,1692254086347,1693226350595,8,3,5
28259,1693226350595,1692254086351,1692254086355,1693226350602,7,4,3
28260,1693226350602,1692254086359,1692254086362,1693226350609,7,3,4
28261,1693226350609,1692254086366,1692254086369,1693226350618,9,3,6
28262,1693226350618,1692254086375,1692254086379,1693226350628,10,4,6
28263,1693226350628,1692254086385,1692254086389,1693226350636,8,4,4
28264,1693226350636,1692254086393,1692254086396,1693226350644,8,3,5
28265,1693226350644,1692254086401,1692254086404,1693226350651,7,3,4
28266,1693226350651,1692254086408,1692254086412,1693226350659,8,4,4
28267,1693226350659,1692254086416,1692254086419,1693226350667,8,3,5
28268,1693226350667,1692254086424,1692254086427,1693226350674,7,3,4
28269,1693226350675,1692254086431,1692254086435,1693226350682,7,4,3
28270,1693226350682,1692254086439,1692254086441,1693226350689,7,2,5
28271,1693226350689,1692254086446,1692254086449,1693226350696,7,3,4
28272,1693226350696,1692254086453,1692254086456,1693226350704,8,3,5
28273,1693226350704,1692254086461,1692254086464,1693226350711,7,3,4
28274,1693226350711,1692254086468,1692254086471,1693226350721,10,3,7
28275,1693226350721,1692254086477,1692254086481,1693226350728,7,4,3
28276,1693226350728,1692254086486,1692254086490,1693226350739,11,4,7
28277,1693226350739,1692254086496,1692254086499,1693226350747,8,3,5
28278,1693226350747,1692254086504,1692254086507,1693226350754,7,3,4
28279,1693226350754,1692254086515,1692254086519,1693226350766,12,4,8
28280,1693226350766,1692254086522,1692254086526,1693226350773,7,4,3
28281,1693226350773,1692254086530,1692254086532,1693226350780,7,2,5
28282,1693226350780,1692254086536,1692254086540,1693226350787,7,4,3
28283,1693226350787,1692254086543,1692254086546,1693226350794,7,3,4
28284,1693226350794,1692254086551,1692254086555,1693226350802,8,4,4
28285,1693226350802,1692254086559,1692254086563,1693226350810,8,4,4
28286,1693226350810,1692254086566,1692254086570,1693226350818,8,4,4
28287,1693226350818,1692254086575,1692254086578,1693226350825,7,3,4
28288,1693226350825,1692254086583,1692254086586,1693226350833,8,3,5
28289,1693226350833,1692254086590,1692254086594,1693226350841,8,4,4
28290,1693226350841,1692254086597,1692254086600,1693226350849,8,3,5
28291,1693226350849,1692254086606,1692254086609,1693226350857,8,3,5
28292,1693226350857,1692254086614,1692254086616,1693226350864,7,2,5
28293,1693226350864,1692254086620,1692254086625,1693226350872,8,5,3
28294,1693226350872,1692254086629,1692254086633,1693226350880,8,4,4
28295,1693226350880,1692254086637,1692254086640,1693226350887,7,3,4
28296,1693226350887,1692254086644,1692254086647,1693226350896,9,3,6
28297,1693226350896,1692254086663,1692254086666,1693226350914,18,3,15
28298,1693226350914,1692254086671,1692254086674,1693226350921,7,3,4
28299,1693226350921,1692254086681,1692254086684,1693226350932,11,3,8
28300,1693226350932,1692254086689,1692254086692,1693226350940,8,3,5
28301,1693226350940,1692254086698,1692254086701,1693226350949,9,3,6
28302,1693226350949,1692254086706,1692254086709,1693226350956,7,3,4
28303,1693226350956,1692254086714,1692254086717,1693226350965,9,3,6
28304,1693226350965,1692254086721,1692254086724,1693226350972,7,3,4
28305,1693226350972,1692254086728,1692254086732,1693226350979,7,4,3
28306,1693226350979,1692254086737,1692254086739,1693226350987,8,2,6
28307,1693226350987,1692254086743,1692254086747,1693226350994,7,4,3
28308,1693226350994,1692254086752,1692254086755,1693226351003,9,3,6
28309,1693226351003,1692254086760,1692254086762,1693226351010,7,2,5
28310,1693226351010,1692254086767,1692254086770,1693226351018,8,3,5
28311,1693226351018,1692254086775,1692254086778,1693226351025,7,3,4
28312,1693226351025,1692254086783,1692254086787,1693226351034,9,4,5
28313,1693226351034,1692254086791,1692254086794,1693226351042,8,3,5
28314,1693226351042,1692254086799,1692254086802,1693226351050,8,3,5
28315,1693226351050,1692254086806,1692254086809,1693226351057,7,3,4
28316,1693226351057,1692254086814,1692254086817,1693226351065,8,3,5
28317,1693226351065,1692254086823,1692254086826,1693226351074,9,3,6
28318,1693226351075,1692254086831,1692254086835,1693226351082,7,4,3
28319,1693226351082,1692254086839,1692254086842,1693226351090,8,3,5
28320,1693226351090,1692254086846,1692254086850,1693226351098,8,4,4
28321,1693226351098,1692254086864,1692254086867,1693226351115,17,3,14
28322,1693226351115,1692254086873,1692254086876,1693226351123,8,3,5
28323,1693226351123,1692254086885,1692254086889,1693226351136,13,4,9
28324,1693226351136,1692254086893,1692254086896,1693226351143,7,3,4
28325,1693226351143,1692254086900,1692254086903,1693226351151,8,3,5
28326,1693226351151,1692254086908,1692254086911,1693226351158,7,3,4
28327,1693226351158,1692254086917,1692254086921,1693226351168,10,4,6
28328,1693226351168,1692254086925,1692254086928,1693226351176,8,3,5
28329,1693226351176,1692254086932,1692254086935,1693226351183,7,3,4
28330,1693226351183,1692254086940,1692254086945,1693226351192,9,5,4
28331,1693226351192,1692254086950,1692254086953,1693226351201,9,3,6
28332,1693226351201,1692254086958,1692254086961,1693226351208,7,3,4
28333,1693226351208,1692254086965,1692254086968,1693226351215,7,3,4
28334,1693226351215,1692254086972,1692254086975,1693226351223,8,3,5
28335,1693226351223,1692254086979,1692254086983,1693226351233,10,4,6
28336,1693226351233,1692254086990,1692254086992,1693226351240,7,2,5
28337,1693226351240,1692254086997,1692254087001,1693226351248,8,4,4
28338,1693226351248,1692254087005,1692254087008,1693226351255,7,3,4
28339,1693226351255,1692254087013,1692254087016,1693226351265,10,3,7
28340,1693226351265,1692254087021,1692254087025,1693226351273,8,4,4
28341,1693226351273,1692254087030,1692254087033,1693226351280,7,3,4
28342,1693226351280,1692254087037,1692254087040,1693226351287,7,3,4
28343,1693226351287,1692254087044,1692254087047,1693226351294,7,3,4
28344,1693226351294,1692254087053,1692254087056,1693226351303,9,3,6
28345,1693226351303,1692254087060,1692254087063,1693226351310,7,3,4
28346,1693226351310,1692254087067,1692254087070,1693226351317,7,3,4
28347,1693226351317,1692254087074,1692254087078,1693226351326,9,4,5
28348,1693226351326,1692254087083,1692254087086,1693226351335,9,3,6
28349,1693226351335,1692254087092,1692254087095,1693226351343,8,3,5
28350,1693226351343,1692254087099,1692254087102,1693226351349,6,3,3
28351,1693226351349,1692254087106,1692254087110,1693226351357,8,4,4
28352,1693226351357,1692254087114,1692254087117,1693226351364,7,3,4
28353,1693226351364,1692254087121,1692254087125,1693226351372,8,4,4
28354,1693226351372,1692254087129,1692254087132,1693226351379,7,3,4
28355,1693226351379,1692254087137,1692254087140,1693226351387,8,3,5
28356,1693226351387,1692254087144,1692254087147,1693226351394,7,3,4
28357,1693226351394,1692254087151,1692254087157,1693226351404,10,6,4
28358,1693226351404,1692254087162,1692254087165,1693226351413,9,3,6
28359,1693226351413,1692254087170,1692254087172,1693226351420,7,2,5
28360,1693226351420,1692254087176,1692254087180,1693226351427,7,4,3
28361,1693226351427,1692254087185,1692254087188,1693226351438,11,3,8
28362,1693226351438,1692254087195,1692254087198,1693226351446,8,3,5
28363,1693226351446,1692254087202,1692254087205,1693226351453,7,3,4
28364,1693226351453,1692254087210,1692254087213,1693226351460,7,3,4
28365,1693226351460,1692254087217,1692254087221,1693226351469,9,4,5
28366,1693226351469,1692254087226,1692254087231,1693226351478,9,5,4
28367,1693226351478,1692254087235,1692254087238,1693226351486,8,3,5
28368,1693226351486,1692254087243,1692254087246,1693226351494,8,3,5
28369,1693226351494,1692254087251,1692254087254,1693226351501,7,3,4
28370,1693226351501,1692254087259,1692254087262,1693226351509,8,3,5
28371,1693226351509,1692254087266,1692254087269,1693226351519,10,3,7
28372,1693226351520,1692254087299,1692254087302,1693226351549,29,3,26
28373,1693226351549,1692254087306,1692254087309,1693226351557,8,3,5
28374,1693226351557,1692254087314,1692254087318,1693226351565,8,4,4
28375,1693226351565,1692254087322,1692254087325,1693226351572,7,3,4
28376,1693226351572,1692254087329,1692254087332,1693226351580,8,3,5
28377,1693226351580,1692254087337,1692254087340,1693226351587,7,3,4
28378,1693226351587,1692254087344,1692254087350,1693226351597,10,6,4
28379,1693226351597,1692254087354,1692254087357,1693226351605,8,3,5
28380,1693226351605,1692254087362,1692254087365,1693226351612,7,3,4
28381,1693226351612,1692254087369,1692254087372,1693226351620,8,3,5
28382,1693226351620,1692254087377,1692254087380,1693226351627,7,3,4
28383,1693226351628,1692254087385,1692254087388,1693226351635,7,3,4
28384,1693226351635,1692254087393,1692254087396,1693226351643,8,3,5
28385,1693226351643,1692254087401,1692254087404,1693226351651,8,3,5
28386,1693226351651,1692254087408,1692254087412,1693226351660,9,4,5
28387,1693226351660,1692254087417,1692254087420,1693226351667,7,3,4
28388,1693226351667,1692254087426,1692254087429,1693226351677,10,3,7
28389,1693226351677,1692254087434,1692254087436,1693226351684,7,2,5
28390,1693226351684,1692254087441,1692254087444,1693226351691,7,3,4
28391,1693226351691,1692254087448,1692254087451,1693226351699,8,3,5
28392,1693226351699,1692254087457,1692254087460,1693226351707,8,3,5
28393,1693226351707,1692254087464,1692254087467,1693226351715,8,3,5
28394,1693226351715,1692254087471,1692254087474,1693226351721,6,3,3
28395,1693226351721,1692254087479,1692254087482,1693226351729,8,3,5
28396,1693226351729,1692254087486,1692254087490,1693226351738,9,4,5
28397,1693226351738,1692254087495,1692254087497,1693226351745,7,2,5
28398,1693226351745,1692254087503,1692254087507,1693226351755,10,4,6
28399,1693226351755,1692254087511,1692254087514,1693226351762,7,3,4
28400,1693226351762,1692254087523,1692254087528,1693226351776,14,5,9
28401,1693226351776,1692254087533,1692254087536,1693226351784,8,3,5
28402,1693226351784,1692254087545,1692254087550,1693226351798,14,5,9
28403,1693226351798,1692254087554,1692254087559,1693226351806,8,5,3
28404,1693226351806,1692254087564,1692254087567,1693226351814,8,3,5
28405,1693226351814,1692254087571,1692254087574,1693226351821,7,3,4
28406,1693226351821,1692254087578,1692254087581,1693226351829,8,3,5
28407,1693226351829,1692254087586,1692254087589,1693226351837,8,3,5
28408,1693226351837,1692254087593,1692254087596,1693226351844,7,3,4
28409,1693226351844,1692254087602,1692254087605,1693226351853,9,3,6
28410,1693226351853,1692254087610,1692254087613,1693226351861,8,3,5
28411,1693226351861,1692254087618,1692254087621,1693226351869,8,3,5
28412,1693226351869,1692254087626,1692254087629,1693226351876,7,3,4
28413,1693226351876,1692254087633,1692254087637,1693226351884,8,4,4
28414,1693226351884,1692254087641,1692254087644,1693226351892,8,3,5
28415,1693226351892,1692254087649,1692254087652,1693226351899,7,3,4
28416,1693226351899,1692254087656,1692254087660,1693226351908,9,4,5
28417,1693226351908,1692254087665,1692254087669,1693226351916,8,4,4
28418,1693226351916,1692254087673,1692254087677,1693226351924,8,4,4
28419,1693226351924,1692254087681,1692254087684,1693226351932,8,3,5
28420,1693226351932,1692254087688,1692254087691,1693226351939,7,3,4
28421,1693226351939,1692254087696,1692254087699,1693226351947,8,3,5
28422,1693226351947,1692254087704,1692254087708,1693226351955,8,4,4
28423,1693226351955,1692254087712,1692254087715,1693226351963,8,3,5
28424,1693226351963,1692254087720,1692254087723,1693226351970,7,3,4
28425,1693226351971,1692254087727,1692254087730,1693226351977,6,3,3
28426,1693226351977,1692254087735,1692254087738,1693226351986,9,3,6
28427,1693226351986,1692254087742,1692254087745,1693226351993,7,3,4
28428,1693226351993,1692254087750,1692254087753,1693226352000,7,3,4
28429,1693226352000,1692254087757,1692254087760,1693226352008,8,3,5
28430,1693226352008,1692254087764,1692254087767,1693226352015,7,3,4
28431,1693226352015,1692254087771,1692254087775,1693226352023,8,4,4
28432,1693226352023,1692254087780,1692254087783,1693226352030,7,3,4
28433,1693226352030,1692254087787,1692254087791,1693226352038,8,4,4
28434,1693226352038,1692254087795,1692254087798,1693226352045,7,3,4
28435,1693226352045,1692254087801,1692254087804,1693226352052,7,3,4
28436,1693226352052,1692254087809,1692254087812,1693226352059,7,3,4
28437,1693226352060,1692254087817,1692254087820,1693226352068,8,3,5
28438,1693226352068,1692254087824,1692254087828,1693226352075,7,4,3
28439,1693226352076,1692254087833,1692254087836,1693226352084,8,3,5
28440,1693226352084,1692254087840,1692254087843,1693226352091,7,3,4
28441,1693226352091,1692254087848,1692254087851,1693226352099,8,3,5
28442,1693226352099,1692254087856,1692254087862,1693226352109,10,6,4
28443,1693226352109,1692254087866,1692254087869,1693226352116,7,3,4
28444,1693226352117,1692254087874,1692254087877,1693226352124,7,3,4
28445,1693226352124,1692254087881,1692254087884,1693226352132,8,3,5
28446,1693226352132,1692254087888,1692254087891,1693226352139,7,3,4
28447,1693226352139,1692254087896,1692254087898,1693226352146,7,2,5
28448,1693226352146,1692254087902,1692254087905,1693226352154,8,3,5
28449,1693226352154,1692254087911,1692254087914,1693226352161,7,3,4
28450,1693226352161,1692254087918,1692254087921,1693226352169,8,3,5
28451,1693226352169,1692254087926,1692254087929,1693226352177,8,3,5
28452,1693226352177,1692254087934,1692254087936,1693226352184,7,2,5
28453,1693226352184,1692254087941,1692254087944,1693226352191,7,3,4
28454,1693226352191,1692254087948,1692254087951,1693226352199,8,3,5
28455,1693226352199,1692254087957,1692254087960,1693226352207,8,3,5
28456,1693226352207,1692254087963,1692254087967,1693226352214,7,4,3
28457,1693226352214,1692254087971,1692254087975,1693226352222,8,4,4
28458,1693226352222,1692254087981,1692254087984,1693226352231,9,3,6
28459,1693226352231,1692254087987,1692254087991,1693226352239,8,4,4
28460,1693226352239,1692254087995,1692254087999,1693226352246,7,4,3
28461,1693226352246,1692254088003,1692254088006,1693226352253,7,3,4
28462,1693226352253,1692254088012,1692254088015,1693226352262,9,3,6
28463,1693226352262,1692254088019,1692254088023,1693226352271,9,4,5
28464,1693226352271,1692254088028,1692254088031,1693226352279,8,3,5
28465,1693226352279,1692254088036,1692254088039,1693226352286,7,3,4
28466,1693226352286,1692254088043,1692254088049,1693226352296,10,6,4
28467,1693226352296,1692254088053,1692254088056,1693226352303,7,3,4
28468,1693226352303,1692254088060,1692254088063,1693226352311,8,3,5
28469,1693226352311,1692254088068,1692254088071,1693226352318,7,3,4
28470,1693226352319,1692254088077,1692254088080,1693226352328,9,3,6
28471,1693226352328,1692254088085,1692254088088,1693226352335,7,3,4
28472,1693226352335,1692254088092,1692254088095,1693226352343,8,3,5
28473,1693226352343,1692254088099,1692254088104,1693226352352,9,5,4
28474,1693226352352,1692254088109,1692254088112,1693226352360,8,3,5
28475,1693226352360,1692254088118,1692254088121,1693226352369,9,3,6
28476,1693226352369,1692254088126,1692254088129,1693226352376,7,3,4
28477,1693226352376,1692254088133,1692254088136,1693226352384,8,3,5
28478,1693226352384,1692254088140,1692254088143,1693226352391,7,3,4
28479,1693226352391,1692254088150,1692254088154,1693226352401,10,4,6
28480,1693226352401,1692254088160,1692254088163,1693226352410,9,3,6
28481,1693226352410,1692254088173,1692254088176,1693226352423,13,3,10
28482,1693226352423,1692254088185,1692254088188,1693226352435,12,3,9
28483,1693226352435,1692254088192,1692254088195,1693226352443,8,3,5
28484,1693226352443,1692254088201,1692254088204,1693226352451,8,3,5
28485,1693226352451,1692254088208,1692254088211,1693226352461,10,3,7
28486,1693226352461,1692254088218,1692254088222,1693226352469,8,4,4
28487,1693226352469,1692254088226,1692254088230,1693226352477,8,4,4
28488,1693226352477,1692254088235,1692254088238,1693226352486,9,3,6
28489,1693226352486,1692254088243,1692254088246,1693226352497,11,3,8
28490,1693226352497,1692254088254,1692254088258,1693226352506,9,4,5
28491,1693226352506,1692254088263,1692254088267,1693226352517,11,4,7
28492,1693226352517,1692254088274,1692254088278,1693226352526,9,4,5
28493,1693226352526,1692254088283,1692254088286,1693226352534,8,3,5
28494,1693226352534,1692254088290,1692254088294,1693226352566,32,4,28
28495,1693226352566,1692254088328,1692254088331,1693226352581,15,3,12
28496,1693226352581,1692254088339,1692254088341,1693226352589,8,2,6
28497,1693226352589,1692254088346,1692254088349,1693226352598,9,3,6
28498,1693226352598,1692254088355,1692254088358,1693226352606,8,3,5
28499,1693226352606,1692254088364,1692254088367,1693226352615,9,3,6
28500,1693226352615,1692254088372,1692254088375,1693226352622,7,3,4
28501,1693226352622,1692254088379,1692254088382,1693226352629,7,3,4
28502,1693226352629,1692254088386,1692254088389,1693226352636,7,3,4
28503,1693226352636,1692254088393,1692254088396,1693226352644,8,3,5
28504,1693226352644,1692254088400,1692254088404,1693226352652,8,4,4
28505,1693226352652,1692254088409,1692254088412,1693226352659,7,3,4
28506,1693226352659,1692254088416,1692254088419,1693226352666,7,3,4
28507,1693226352666,1692254088423,1692254088426,1693226352673,7,3,4
28508,1693226352673,1692254088430,1692254088434,1693226352681,8,4,4
28509,1693226352681,1692254088438,1692254088441,1693226352689,8,3,5
28510,1693226352689,1692254088447,1692254088452,1693226352700,11,5,6
28511,1693226352700,1692254088461,1692254088465,1693226352712,12,4,8
28512,1693226352712,1692254088469,1692254088473,1693226352720,8,4,4
28513,1693226352720,1692254088477,1692254088480,1693226352728,8,3,5
28514,1693226352728,1692254088488,1692254088491,1693226352739,11,3,8
28515,1693226352739,1692254088496,1692254088499,1693226352747,8,3,5
28516,1693226352747,1692254088504,1692254088507,1693226352755,8,3,5
28517,1693226352755,1692254088511,1692254088514,1693226352761,6,3,3
28518,1693226352761,1692254088519,1692254088522,1693226352773,12,3,9
28519,1693226352773,1692254088530,1692254088533,1693226352781,8,3,5
28520,1693226352781,1692254088538,1692254088542,1693226352789,8,4,4
28521,1693226352789,1692254088546,1692254088549,1693226352796,7,3,4
28522,1693226352796,1692254088553,1692254088556,1693226352804,8,3,5
28523,1693226352804,1692254088561,1692254088565,1693226352812,8,4,4
28524,1693226352812,1692254088569,1692254088572,1693226352820,8,3,5
28525,1693226352820,1692254088577,1692254088580,1693226352827,7,3,4
28526,1693226352827,1692254088584,1692254088587,1693226352835,8,3,5
28527,1693226352835,1692254088592,1692254088596,1693226352843,8,4,4
28528,1693226352843,1692254088600,1692254088603,1693226352851,8,3,5
28529,1693226352851,1692254088608,1692254088612,1693226352859,8,4,4
28530,1693226352859,1692254088616,1692254088620,1693226352868,9,4,5
28531,1693226352868,1692254088626,1692254088629,1693226352877,9,3,6
28532,1693226352877,1692254088634,1692254088636,1693226352883,6,2,4
28533,1693226352883,1692254088640,1692254088644,1693226352891,8,4,4
28534,1693226352891,1692254088648,1692254088651,1693226352899,8,3,5
28535,1693226352899,1692254088656,1692254088659,1693226352907,8,3,5
28536,1693226352907,1692254088664,1692254088668,1693226352915,8,4,4
28537,1693226352915,1692254088672,1692254088675,1693226352922,7,3,4
28538,1693226352922,1692254088680,1692254088683,1693226352930,8,3,5
28539,1693226352931,1692254088690,1692254088693,1693226352940,9,3,6
28540,1693226352940,1692254088697,1692254088700,1693226352947,7,3,4
28541,1693226352947,1692254088704,1692254088707,1693226352955,8,3,5
28542,1693226352955,1692254088712,1692254088715,1693226352963,8,3,5
28543,1693226352963,1692254088720,1692254088723,1693226352971,8,3,5
28544,1693226352971,1692254088729,1692254088732,1693226352980,9,3,6
28545,1693226352980,1692254088737,1692254088739,1693226352987,7,2,5
28546,1693226352987,1692254088744,1692254088748,1693226352995,8,4,4
28547,1693226352995,1692254088752,1692254088756,1693226353004,9,4,5
28548,1693226353004,1692254088762,1692254088765,1693226353013,9,3,6
28549,1693226353013,1692254088769,1692254088772,1693226353019,6,3,3
28550,1693226353019,1692254088776,1692254088779,1693226353025,6,3,3
28551,1693226353025,1692254088782,1692254088785,1693226353033,8,3,5
28552,1693226353033,1692254088789,1692254088792,1693226353040,7,3,4
28553,1693226353040,1692254088796,1692254088799,1693226353047,7,3,4
28554,1693226353047,1692254088803,1692254088807,1693226353054,7,4,3
28555,1693226353054,1692254088812,1692254088815,1693226353063,9,3,6
28556,1693226353063,1692254088820,1692254088823,1693226353070,7,3,4
28557,1693226353070,1692254088827,1692254088830,1693226353077,7,3,4
28558,1693226353077,1692254088834,1692254088836,1693226353084,7,2,5
28559,1693226353084,1692254088841,1692254088844,1693226353092,8,3,5
28560,1693226353092,1692254088849,1692254088852,1693226353099,7,3,4
28561,1693226353099,1692254088856,1692254088859,1693226353107,8,3,5
28562,1693226353107,1692254088864,1692254088867,1693226353114,7,3,4
28563,1693226353114,1692254088871,1692254088873,1693226353121,7,2,5
28564,1693226353121,1692254088878,1692254088881,1693226353128,7,3,4
28565,1693226353128,1692254088885,1692254088889,1693226353136,8,4,4
28566,1693226353136,1692254088893,1692254088896,1693226353143,7,3,4
28567,1693226353143,1692254088900,1692254088903,1693226353151,8,3,5
28568,1693226353151,1692254088908,1692254088911,1693226353159,8,3,5
28569,1693226353159,1692254088916,1692254088919,1693226353167,8,3,5
28570,1693226353167,1692254088924,1692254088927,1693226353174,7,3,4
28571,1693226353175,1692254088934,1692254088937,1693226353185,10,3,7
28572,1693226353185,1692254088942,1692254088945,1693226353192,7,3,4
28573,1693226353192,1692254088950,1692254088953,1693226353200,8,3,5
28574,1693226353200,1692254088957,1692254088960,1693226353208,8,3,5
28575,1693226353208,1692254088965,1692254088968,1693226353215,7,3,4
28576,1693226353215,1692254088972,1692254088975,1693226353222,7,3,4
28577,1693226353222,1692254088979,1692254088982,1693226353230,8,3,5
28578,1693226353230,1692254088987,1692254088990,1693226353237,7,3,4
28579,1693226353237,1692254088994,1692254088997,1693226353244,7,3,4
28580,1693226353244,1692254089001,1692254089004,1693226353253,9,3,6
28581,1693226353253,1692254089010,1692254089013,1693226353261,8,3,5
28582,1693226353261,1692254089018,1692254089020,1693226353268,7,2,5
28583,1693226353268,1692254089025,1692254089029,1693226353276,8,4,4
28584,1693226353276,1692254089035,1692254089040,1693226353288,12,5,7
28585,1693226353288,1692254089045,1692254089048,1693226353296,8,3,5
28586,1693226353296,1692254089053,1692254089056,1693226353304,8,3,5
28587,1693226353304,1692254089060,1692254089063,1693226353310,6,3,3
28588,1693226353310,1692254089070,1692254089073,1693226353320,10,3,7
28589,1693226353320,1692254089077,1692254089080,1693226353327,7,3,4
28590,1693226353327,1692254089083,1692254089086,1693226353334,7,3,4
28591,1693226353334,1692254089090,1692254089093,1693226353341,7,3,4
28592,1693226353341,1692254089098,1692254089101,1693226353349,8,3,5
28593,1693226353349,1692254089106,1692254089109,1693226353357,8,3,5
28594,1693226353357,1692254089114,1692254089117,1693226353364,7,3,4
28595,1693226353364,1692254089122,1692254089125,1693226353372,8,3,5
28596,1693226353372,1692254089133,1692254089136,1693226353384,12,3,9
28597,1693226353384,1692254089141,1692254089145,1693226353392,8,4,4
28598,1693226353392,1692254089152,1692254089155,1693226353402,10,3,7
28599,1693226353402,1692254089159,1692254089162,1693226353409,7,3,4
28600,1693226353409,1692254089169,1692254089172,1693226353419,10,3,7
28601,1693226353419,1692254089176,1692254089179,1693226353427,8,3,5
28602,1693226353427,1692254089184,1692254089187,1693226353435,8,3,5
28603,1693226353435,1692254089192,1692254089195,1693226353442,7,3,4
28604,1693226353442,1692254089199,1692254089202,1693226353449,7,3,4
28605,1693226353449,1692254089206,1692254089209,1693226353457,8,3,5
28606,1693226353457,1692254089213,1692254089218,1693226353465,8,5,3
28607,1693226353465,1692254089222,1692254089224,1693226353472,7,2,5
28608,1693226353472,1692254089229,1692254089231,1693226353479,7,2,5
28609,1693226353479,1692254089236,1692254089239,1693226353486,7,3,4
28610,1693226353486,1692254089243,1692254089245,1693226353493,7,2,5
28611,1693226353493,1692254089250,1692254089253,1693226353500,7,3,4
28612,1693226353500,1692254089258,1692254089261,1693226353509,9,3,6
28613,1693226353509,1692254089266,1692254089269,1693226353516,7,3,4
28614,1693226353516,1692254089273,1692254089276,1693226353523,7,3,4
28615,1693226353523,1692254089282,1692254089286,1693226353533,10,4,6
28616,1693226353533,1692254089289,1692254089292,1693226353539,6,3,3
28617,1693226353539,1692254089296,1692254089300,1693226353547,8,4,4
28618,1693226353547,1692254089305,1692254089309,1693226353556,9,4,5
28619,1693226353556,1692254089313,1692254089319,1693226353566,10,6,4
28620,1693226353566,1692254089323,1692254089327,1693226353574,8,4,4
28621,1693226353574,1692254089331,1692254089334,1693226353581,7,3,4
28622,1693226353581,1692254089338,1692254089341,1693226353589,8,3,5
28623,1693226353589,1692254089346,1692254089349,1693226353597,8,3,5
28624,1693226353597,1692254089354,1692254089357,1693226353605,8,3,5
28625,1693226353605,1692254089361,1692254089365,1693226353612,7,4,3
28626,1693226353612,1692254089369,1692254089373,1693226353621,9,4,5
28627,1693226353621,1692254089377,1692254089380,1693226353627,6,3,3
28628,1693226353627,1692254089384,1692254089387,1693226353635,8,3,5
28629,1693226353635,1692254089392,1692254089395,1693226353642,7,3,4
28630,1693226353642,1692254089399,1692254089403,1693226353650,8,4,4
28631,1693226353650,1692254089408,1692254089411,1693226353659,9,3,6
28632,1693226353659,1692254089416,1692254089420,1693226353667,8,4,4
28633,1693226353667,1692254089429,1692254089435,1693226353682,15,6,9
28634,1693226353682,1692254089439,1692254089442,1693226353690,8,3,5
28635,1693226353690,1692254089450,1692254089453,1693226353700,10,3,7
28636,1693226353701,1692254089457,1692254089460,1693226353708,7,3,4
28637,1693226353708,1692254089464,1692254089468,1693226353715,7,4,3
28638,1693226353715,1692254089472,1692254089474,1693226353722,7,2,5
28639,1693226353722,1692254089479,1692254089482,1693226353729,7,3,4
28640,1693226353729,1692254089486,1692254089489,1693226353736,7,3,4
28641,1693226353736,1692254089493,1692254089497,1693226353744,8,4,4
28642,1693226353744,1692254089501,1692254089504,1693226353752,8,3,5
28643,1693226353752,1692254089509,1692254089511,1693226353759,7,2,5
28644,1693226353759,1692254089516,1692254089519,1693226353766,7,3,4
28645,1693226353766,1692254089523,1692254089526,1693226353773,7,3,4
28646,1693226353774,1692254089534,1692254089537,1693226353784,10,3,7
28647,1693226353784,1692254089541,1692254089546,1693226353794,10,5,5
28648,1693226353794,1692254089551,1692254089554,1693226353801,7,3,4
28649,1693226353801,1692254089558,1692254089561,1693226353808,7,3,4
28650,1693226353808,1692254089565,1692254089569,1693226353816,8,4,4
28651,1693226353816,1692254089573,1692254089576,1693226353824,8,3,5
28652,1693226353824,1692254089581,1692254089584,1693226353831,7,3,4
28653,1693226353831,1692254089588,1692254089592,1693226353840,9,4,5
28654,1693226353840,1692254089597,1692254089600,1693226353847,7,3,4
28655,1693226353847,1692254089605,1692254089607,1693226353855,8,2,6
28656,1693226353855,1692254089612,1692254089616,1693226353864,9,4,5
28657,1693226353864,1692254089620,1692254089623,1693226353871,7,3,4
28658,1693226353871,1692254089628,1692254089631,1693226353878,7,3,4
28659,1693226353878,1692254089635,1692254089639,1693226353886,8,4,4
28660,1693226353886,1692254089642,1692254089645,1693226353895,9,3,6
28661,1693226353895,1692254089652,1692254089655,1693226353903,8,3,5
28662,1693226353903,1692254089659,1692254089663,1693226353911,8,4,4
28663,1693226353911,1692254089668,1692254089671,1693226353918,7,3,4
28664,1693226353918,1692254089674,1692254089678,1693226353925,7,4,3
28665,1693226353925,1692254089682,1692254089685,1693226353932,7,3,4
28666,1693226353932,1692254089689,1692254089692,1693226353940,8,3,5
28667,1693226353940,1692254089697,1692254089700,1693226353947,7,3,4
28668,1693226353947,1692254089704,1692254089707,1693226353954,7,3,4
28669,1693226353954,1692254089711,1692254089715,1693226353962,8,4,4
28670,1693226353962,1692254089719,1692254089722,1693226353969,7,3,4
28671,1693226353969,1692254089726,1692254089728,1693226353975,6,2,4
28672,1693226353975,1692254089734,1692254089737,1693226353984,9,3,6
28673,1693226353985,1692254089742,1692254089744,1693226353992,7,2,5
28674,1693226353992,1692254089749,1692254089752,1693226354000,8,3,5
28675,1693226354000,1692254089757,1692254089762,1693226354010,10,5,5
28676,1693226354010,1692254089767,1692254089770,1693226354017,7,3,4
28677,1693226354017,1692254089775,1692254089777,1693226354025,8,2,6
28678,1693226354025,1692254089784,1692254089788,1693226354035,10,4,6
28679,1693226354035,1692254089792,1692254089795,1693226354043,8,3,5
28680,1693226354043,1692254089800,1692254089804,1693226354051,8,4,4
28681,1693226354051,1692254089807,1692254089811,1693226354058,7,4,3
28682,1693226354058,1692254089815,1692254089819,1693226354066,8,4,4
28683,1693226354066,1692254089823,1692254089826,1693226354074,8,3,5
28684,1693226354074,1692254089831,1692254089834,1693226354082,8,3,5
28685,1693226354082,1692254089839,1692254089842,1693226354089,7,3,4
28686,1693226354089,1692254089846,1692254089849,1693226354096,7,3,4
28687,1693226354097,1692254089855,1692254089858,1693226354105,8,3,5
28688,1693226354106,1692254089863,1692254089866,1693226354113,7,3,4
28689,1693226354113,1692254089870,1692254089874,1693226354121,8,4,4
28690,1693226354121,1692254089878,1692254089881,1693226354129,8,3,5
28691,1693226354129,1692254089887,1692254089890,1693226354138,9,3,6
28692,1693226354138,1692254089895,1692254089899,1693226354147,9,4,5
28693,1693226354147,1692254089903,1692254089906,1693226354154,7,3,4
28694,1693226354154,1692254089911,1692254089914,1693226354162,8,3,5
28695,1693226354162,1692254089920,1692254089924,1693226354171,9,4,5
28696,1693226354171,1692254089928,1692254089930,1693226354178,7,2,5
28697,1693226354178,1692254089934,1692254089937,1693226354185,7,3,4
28698,1693226354185,1692254089942,1692254089945,1693226354192,7,3,4
28699,1693226354192,1692254089950,1692254089952,1693226354202,10,2,8
28700,1693226354202,1692254089959,1692254089963,1693226354210,8,4,4
28701,1693226354210,1692254089968,1692254089971,1693226354218,8,3,5
28702,1693226354218,1692254089975,1692254089977,1693226354225,7,2,5
28703,1693226354225,1692254089982,1692254089984,1693226354232,7,2,5
28704,1693226354232,1692254089988,1692254089992,1693226354240,8,4,4
28705,1693226354240,1692254089997,1692254090000,1693226354247,7,3,4
28706,1693226354247,1692254090005,1692254090008,1693226354255,8,3,5
28707,1693226354255,1692254090011,1692254090015,1693226354262,7,4,3
28708,1693226354262,1692254090019,1692254090023,1693226354270,8,4,4
28709,1693226354270,1692254090027,1692254090032,1693226354279,9,5,4
28710,1693226354279,1692254090036,1692254090040,1693226354287,8,4,4
28711,1693226354287,1692254090044,1692254090047,1693226354294,7,3,4
28712,1693226354295,1692254090051,1692254090055,1693226354304,9,4,5
28713,1693226354304,1692254090063,1692254090066,1693226354314,10,3,7
28714,1693226354314,1692254090071,1692254090074,1693226354322,8,3,5
28715,1693226354322,1692254090079,1692254090082,1693226354329,7,3,4
28716,1693226354329,1692254090086,1692254090090,1693226354337,8,4,4
28717,1693226354337,1692254090094,1692254090097,1693226354345,8,3,5
28718,1693226354345,1692254090102,1692254090105,1693226354353,8,3,5
28719,1693226354353,1692254090109,1692254090112,1693226354360,7,3,4
28720,1693226354360,1692254090117,1692254090120,1693226354367,7,3,4
28721,1693226354368,1692254090124,1692254090127,1693226354374,6,3,3
28722,1693226354374,1692254090134,1692254090137,1693226354385,11,3,8
28723,1693226354385,1692254090142,1692254090146,1693226354393,8,4,4
28724,1693226354393,1692254090150,1692254090153,1693226354400,7,3,4
28725,1693226354400,1692254090159,1692254090163,1693226354410,10,4,6
28726,1693226354410,1692254090167,1692254090170,1693226354417,7,3,4
28727,1693226354417,1692254090174,1692254090177,1693226354425,8,3,5
28728,1693226354425,1692254090181,1692254090186,1693226354434,9,5,4
28729,1693226354434,1692254090190,1692254090193,1693226354440,6,3,3
28730,1693226354440,1692254090198,1692254090201,1693226354449,9,3,6
28731,1693226354449,1692254090205,1692254090208,1693226354455,6,3,3
28732,1693226354455,1692254090212,1692254090215,1693226354462,7,3,4
28733,1693226354462,1692254090219,1692254090223,1693226354470,8,4,4
28734,1693226354470,1692254090228,1692254090231,1693226354479,9,3,6
28735,1693226354479,1692254090236,1692254090239,1693226354486,7,3,4
28736,1693226354486,1692254090243,1692254090247,1693226354494,8,4,4
28737,1693226354494,1692254090251,1692254090254,1693226354501,7,3,4
28738,1693226354501,1692254090259,1692254090262,1693226354510,9,3,6
28739,1693226354510,1692254090267,1692254090270,1693226354517,7,3,4
28740,1693226354517,1692254090274,1692254090277,1693226354524,7,3,4
28741,1693226354524,1692254090281,1692254090284,1693226354532,8,3,5
28742,1693226354532,1692254090289,1692254090292,1693226354540,8,3,5
28743,1693226354540,1692254090297,1692254090301,1693226354548,8,4,4
28744,1693226354548,1692254090304,1692254090308,1693226354555,7,4,3
28745,1693226354555,1692254090312,1692254090316,1693226354563,8,4,4
28746,1693226354563,1692254090320,1692254090324,1693226354572,9,4,5
28747,1693226354572,1692254090329,1692254090332,1693226354580,8,3,5
28748,1693226354580,1692254090337,1692254090340,1693226354588,8,3,5
28749,1693226354588,1692254090345,1692254090348,1693226354596,8,3,5
28750,1693226354596,1692254090353,1692254090356,1693226354604,8,3,5
28751,1693226354604,1692254090361,1692254090364,1693226354613,9,3,6
28752,1693226354613,1692254090370,1692254090373,1693226354621,8,3,5
28753,1693226354621,1692254090377,1692254090380,1693226354628,7,3,4
28754,1693226354628,1692254090385,1692254090389,1693226354637,9,4,5
28755,1693226354637,1692254090394,1692254090397,1693226354644,7,3,4
28756,1693226354644,1692254090401,1692254090404,1693226354652,8,3,5
28757,1693226354652,1692254090409,1692254090412,1693226354660,8,3,5
28758,1693226354660,1692254090416,1692254090419,1693226354666,6,3,3
28759,1693226354666,1692254090423,1692254090426,1693226354674,8,3,5
28760,1693226354674,1692254090432,1692254090436,1693226354684,10,4,6
28761,1693226354684,1692254090441,1692254090444,1693226354691,7,3,4
28762,1693226354691,1692254090449,1692254090452,1693226354700,9,3,6
28763,1693226354700,1692254090457,1692254090460,1693226354707,7,3,4
28764,1693226354707,1692254090465,1692254090468,1693226354715,8,3,5
28765,1693226354715,1692254090472,1692254090477,1693226354725,10,5,5
28766,1693226354725,1692254090482,1692254090484,1693226354732,7,2,5
28767,1693226354732,1692254090489,1692254090492,1693226354739,7,3,4
28768,1693226354740,1692254090496,1692254090500,1693226354748,8,4,4
28769,1693226354748,1692254090504,1692254090508,1693226354755,7,4,3
28770,1693226354755,1692254090512,1692254090515,1693226354763,8,3,5
28771,1693226354763,1692254090520,1692254090523,1693226354771,8,3,5
28772,1693226354771,1692254090528,1692254090531,1693226354779,8,3,5
28773,1693226354779,1692254090540,1692254090543,1693226354790,11,3,8
28774,1693226354791,1692254090547,1692254090551,1693226354798,7,4,3
28775,1693226354798,1692254090555,1692254090558,1693226354806,8,3,5
28776,1693226354806,1692254090562,1692254090565,1693226354813,7,3,4
28777,1693226354813,1692254090572,1692254090575,1693226354823,10,3,7
28778,1693226354823,1692254090580,1692254090584,1693226354831,8,4,4
28779,1693226354831,1692254090589,1692254090592,1693226354839,8,3,5
28780,1693226354840,1692254090597,1692254090600,1693226354848,8,3,5
28781,1693226354848,1692254090605,1692254090608,1693226354856,8,3,5
28782,1693226354856,1692254090613,1692254090617,1693226354864,8,4,4
28783,1693226354864,1692254090620,1692254090624,1693226354871,7,4,3
28784,1693226354871,1692254090629,1692254090632,1693226354879,8,3,5
28785,1693226354880,1692254090637,1692254090640,1693226354888,8,3,5
28786,1693226354888,1692254090645,1692254090649,1693226354896,8,4,4
28787,1693226354896,1692254090653,1692254090656,1693226354903,7,3,4
28788,1693226354904,1692254090660,1692254090664,1693226354911,7,4,3
28789,1693226354911,1692254090668,1692254090671,1693226354919,8,3,5
28790,1693226354919,1692254090676,1692254090680,1693226354927,8,4,4
28791,1693226354927,1692254090684,1692254090687,1693226354934,7,3,4
28792,1693226354934,1692254090691,1692254090694,1693226354941,7,3,4
28793,1693226354941,1692254090698,1692254090701,1693226354948,7,3,4
28794,1693226354948,1692254090713,1692254090716,1693226354963,15,3,12
28795,1693226354964,1692254090720,1692254090724,1693226354971,7,4,3
28796,1693226354971,1692254090735,1692254090738,1693226354986,15,3,12
28797,1693226354986,1692254090742,1692254090746,1693226354994,8,4,4
28798,1693226354994,1692254090751,1692254090753,1693226355000,6,2,4
28799,1693226355000,1692254090757,1692254090760,1693226355008,8,3,5
28800,1693226355008,1692254090765,1692254090770,1693226355017,9,5,4
28801,1693226355017,1692254090776,1692254090781,1693226355028,11,5,6
28802,1693226355028,1692254090784,1692254090788,1693226355036,8,4,4
28803,1693226355036,1692254090793,1692254090797,1693226355044,8,4,4
28804,1693226355044,1692254090801,1692254090805,1693226355053,9,4,5
28805,1693226355053,1692254090810,1692254090814,1693226355061,8,4,4
28806,1693226355061,1692254090818,1692254090821,1693226355068,7,3,4
28807,1693226355068,1692254090825,1692254090828,1693226355076,8,3,5
28808,1693226355076,1692254090833,1692254090836,1693226355083,7,3,4
28809,1693226355083,1692254090839,1692254090842,1693226355090,7,3,4
28810,1693226355090,1692254090847,1692254090850,1693226355098,8,3,5
28811,1693226355098,1692254090855,1692254090857,1693226355104,6,2,4
28812,1693226355104,1692254090861,1692254090864,1693226355111,7,3,4
28813,1693226355111,1692254090868,1692254090870,1693226355118,7,2,5
28814,1693226355118,1692254090874,1692254090878,1693226355125,7,4,3
28815,1693226355125,1692254090882,1692254090885,1693226355132,7,3,4
28816,1693226355132,1692254090889,1692254090892,1693226355140,8,3,5
28817,1693226355140,1692254090896,1692254090900,1693226355148,8,4,4
28818,1693226355148,1692254090904,1692254090908,1693226355155,7,4,3
28819,1693226355155,1692254090912,1692254090915,1693226355163,8,3,5
28820,1693226355163,1692254090921,1692254090925,1693226355172,9,4,5
28821,1693226355172,1692254090929,1692254090933,1693226355180,8,4,4
28822,1693226355180,1692254090937,1692254090941,1693226355188,8,4,4
28823,1693226355188,1692254090945,1692254090948,1693226355196,8,3,5
28824,1693226355196,1692254090961,1692254090964,1693226355211,15,3,12
28825,1693226355211,1692254090968,1692254090972,1693226355219,8,4,4
28826,1693226355220,1692254090977,1692254090980,1693226355227,7,3,4
28827,1693226355227,1692254090984,1692254090988,1693226355235,8,4,4
28828,1693226355235,1692254090996,1692254090999,1693226355247,12,3,9
28829,1693226355247,1692254091004,1692254091007,1693226355254,7,3,4
28830,1693226355254,1692254091011,1692254091016,1693226355263,9,5,4
28831,1693226355263,1692254091020,1692254091024,1693226355271,8,4,4
28832,1693226355271,1692254091033,1692254091039,1693226355286,15,6,9
28833,1693226355286,1692254091043,1692254091047,1693226355294,8,4,4
28834,1693226355294,1692254091051,1692254091054,1693226355302,8,3,5
28835,1693226355302,1692254091059,1692254091063,1693226355310,8,4,4
28836,1693226355310,1692254091067,1692254091070,1693226355317,7,3,4
28837,1693226355317,1692254091074,1692254091079,1693226355329,12,5,7
28838,1693226355329,1692254091086,1692254091090,1693226355337,8,4,4
28839,1693226355337,1692254091094,1692254091097,1693226355345,8,3,5
28840,1693226355345,1692254091102,1692254091105,1693226355352,7,3,4
28841,1693226355352,1692254091109,1692254091113,1693226355360,8,4,4
28842,1693226355360,1692254091118,1692254091121,1693226355368,8,3,5
28843,1693226355368,1692254091125,1692254091128,1693226355376,8,3,5
28844,1693226355376,1692254091133,1692254091136,1693226355384,8,3,5
28845,1693226355384,1692254091141,1692254091144,1693226355391,7,3,4
28846,1693226355391,1692254091148,1692254091152,1693226355399,8,4,4
28847,1693226355399,1692254091156,1692254091160,1693226355407,8,4,4
28848,1693226355407,1692254091164,1692254091167,1693226355415,8,3,5
28849,1693226355415,1692254091172,1692254091175,1693226355422,7,3,4
28850,1693226355422,1692254091180,1692254091183,1693226355431,9,3,6
28851,1693226355431,1692254091187,1692254091191,1693226355438,7,4,3
28852,1693226355438,1692254091195,1692254091198,1693226355445,7,3,4
28853,1693226355445,1692254091202,1692254091205,1693226355453,8,3,5
28854,1693226355453,1692254091210,1692254091213,1693226355460,7,3,4
28855,1693226355460,1692254091217,1692254091220,1693226355467,7,3,4
28856,1693226355468,1692254091224,1692254091227,1693226355475,7,3,4
28857,1693226355475,1692254091231,1692254091235,1693226355482,7,4,3
28858,1693226355482,1692254091239,1692254091242,1693226355489,7,3,4
28859,1693226355489,1692254091247,1692254091250,1693226355497,8,3,5
28860,1693226355497,1692254091254,1692254091257,1693226355505,8,3,5
28861,1693226355505,1692254091262,1692254091266,1693226355513,8,4,4
28862,1693226355513,1692254091269,1692254091272,1693226355520,7,3,4
28863,1693226355520,1692254091277,1692254091279,1693226355527,7,2,5
28864,1693226355527,1692254091284,1692254091287,1693226355534,7,3,4
28865,1693226355534,1692254091291,1692254091295,1693226355542,8,4,4
28866,1693226355542,1692254091299,1692254091302,1693226355550,8,3,5
28867,1693226355550,1692254091306,1692254091310,1693226355557,7,4,3
28868,1693226355557,1692254091314,1692254091317,1693226355564,7,3,4
28869,1693226355564,1692254091321,1692254091324,1693226355572,8,3,5
28870,1693226355572,1692254091329,1692254091332,1693226355580,8,3,5
28871,1693226355580,1692254091337,1692254091340,1693226355588,8,3,5
28872,1693226355588,1692254091345,1692254091348,1693226355595,7,3,4
28873,1693226355595,1692254091352,1692254091355,1693226355603,8,3,5
28874,1693226355603,1692254091360,1692254091365,1693226355612,9,5,4
28875,1693226355612,1692254091369,1692254091372,1693226355620,8,3,5
28876,1693226355620,1692254091377,1692254091381,1693226355629,9,4,5
28877,1693226355629,1692254091386,1692254091389,1693226355637,8,3,5
28878,1693226355637,1692254091393,1692254091397,1693226355644,7,4,3
28879,1693226355644,1692254091401,1692254091404,1693226355652,8,3,5
28880,1693226355652,1692254091409,1692254091413,1693226355660,8,4,4
28881,1693226355660,1692254091417,1692254091420,1693226355668,8,3,5
28882,1693226355668,1692254091425,1692254091428,1693226355675,7,3,4
28883,1693226355675,1692254091432,1692254091435,1693226355682,7,3,4
28884,1693226355682,1692254091440,1692254091442,1693226355689,7,2,5
28885,1693226355690,1692254091447,1692254091450,1693226355697,7,3,4
28886,1693226355697,1692254091456,1692254091460,1693226355707,10,4,6
28887,1693226355707,1692254091464,1692254091467,1693226355714,7,3,4
28888,1693226355714,1692254091471,1692254091474,1693226355721,7,3,4
28889,1693226355721,1692254091479,1692254091483,1693226355730,9,4,5
28890,1693226355730,1692254091487,1692254091490,1693226355738,8,3,5
28891,1693226355738,1692254091495,1692254091498,1693226355746,8,3,5
28892,1693226355746,1692254091503,1692254091506,1693226355754,8,3,5
28893,1693226355754,1692254091511,1692254091513,1693226355761,7,2,5
28894,1693226355761,1692254091517,1692254091521,1693226355769,8,4,4
28895,1693226355769,1692254091526,1692254091529,1693226355777,8,3,5
28896,1693226355777,1692254091534,1692254091537,1693226355784,7,3,4
28897,1693226355784,1692254091545,1692254091548,1693226355795,11,3,8
28898,1693226355795,1692254091552,1692254091558,1693226355806,11,6,5
28899,1693226355806,1692254091563,1692254091567,1693226355814,8,4,4
28900,1693226355814,1692254091571,1692254091574,1693226355821,7,3,4
28901,1693226355821,1692254091579,1692254091582,1693226355829,8,3,5
28902,1693226355829,1692254091586,1692254091589,1693226355836,7,3,4
28903,1693226355836,1692254091596,1692254091599,1693226355847,11,3,8
28904,1693226355847,1692254091604,1692254091607,1693226355854,7,3,4
28905,1693226355854,1692254091611,1692254091615,1693226355862,8,4,4
28906,1693226355862,1692254091619,1692254091623,1693226355871,9,4,5
28907,1693226355871,1692254091628,1692254091631,1693226355878,7,3,4
28908,1693226355878,1692254091634,1692254091637,1693226355885,7,3,4
28909,1693226355885,1692254091642,1692254091645,1693226355893,8,3,5
28910,1693226355893,1692254091650,1692254091654,1693226355902,9,4,5
28911,1693226355902,1692254091660,1692254091663,1693226355910,8,3,5
28912,1693226355910,1692254091668,1692254091671,1693226355918,8,3,5
28913,1693226355918,1692254091675,1692254091678,1693226355926,8,3,5
28914,1693226355926,1692254091683,1692254091686,1693226355934,8,3,5
28915,1693226355934,1692254091692,1692254091695,1693226355944,10,3,7
28916,1693226355944,1692254091702,1692254091705,1693226355952,8,3,5
28917,1693226355952,1692254091709,1692254091712,1693226355960,8,3,5
28918,1693226355960,1692254091718,1692254091722,1693226355969,9,4,5
28919,1693226355969,1692254091726,1692254091730,1693226355977,8,4,4
28920,1693226355977,1692254091734,1692254091738,1693226355985,8,4,4
28921,1693226355985,1692254091742,1692254091745,1693226355992,7,3,4
28922,1693226355992,1692254091749,1692254091753,1693226356000,8,4,4
28923,1693226356000,1692254091757,1692254091761,1693226356009,9,4,5
28924,1693226356009,1692254091766,1692254091769,1693226356016,7,3,4
28925,1693226356016,1692254091773,1692254091776,1693226356023,7,3,4
28926,1693226356023,1692254091781,1692254091784,1693226356031,8,3,5
28927,1693226356032,1692254091789,1692254091792,1693226356039,7,3,4
28928,1693226356039,1692254091796,1692254091800,1693226356047,8,4,4
28929,1693226356047,1692254091805,1692254091807,1693226356055,8,2,6
28930,1693226356055,1692254091811,1692254091814,1693226356062,7,3,4
28931,1693226356062,1692254091819,1692254091822,1693226356070,8,3,5
28932,1693226356070,1692254091827,1692254091830,1693226356078,8,3,5
28933,1693226356078,1692254091835,1692254091838,1693226356085,7,3,4
28934,1693226356085,1692254091842,1692254091845,1693226356093,8,3,5
28935,1693226356093,1692254091851,1692254091854,1693226356101,8,3,5
28936,1693226356101,1692254091858,1692254091861,1693226356108,7,3,4
28937,1693226356108,1692254091865,1692254091868,1693226356116,8,3,5
28938,1693226356116,1692254091873,1692254091875,1693226356122,6,2,4
28939,1693226356122,1692254091879,1692254091882,1693226356130,8,3,5
28940,1693226356130,1692254091886,1692254091889,1693226356136,6,3,3
28941,1693226356136,1692254091894,1692254091896,1693226356143,7,2,5
28942,1693226356144,1692254091910,1692254091913,1693226356160,16,3,13
28943,1693226356160,1692254091918,1692254091921,1693226356169,9,3,6
28944,1693226356169,1692254091925,1692254091929,1693226356177,8,4,4
28945,1693226356177,1692254091934,1692254091938,1693226356185,8,4,4
28946,1693226356185,1692254091942,1692254091946,1693226356193,8,4,4
28947,1693226356193,1692254091950,1692254091955,1693226356202,9,5,4
28948,1693226356202,1692254091960,1692254091964,1693226356211,9,4,5
28949,1693226356211,1692254091970,1692254091972,1693226356220,9,2,7
28950,1693226356220,1692254091977,1692254091979,1693226356227,7,2,5
28951,1693226356227,1692254091984,1692254091987,1693226356234,7,3,4
28952,1693226356234,1692254091993,1692254091996,1693226356243,9,3,6
28953,1693226356243,1692254092001,1692254092003,1693226356251,8,2,6
28954,1693226356251,1692254092017,1692254092020,1693226356268,17,3,14
28955,1693226356268,1692254092025,1692254092028,1693226356275,7,3,4
28956,1693226356275,1692254092033,1692254092036,1693226356284,9,3,6
28957,1693226356284,1692254092041,1692254092043,1693226356291,7,2,5
28958,1693226356291,1692254092047,1692254092051,1693226356298,7,4,3
28959,1693226356298,1692254092055,1692254092059,1693226356306,8,4,4
28960,1693226356307,1692254092064,1692254092068,1693226356315,8,4,4
28961,1693226356316,1692254092073,1692254092076,1693226356324,8,3,5
28962,1693226356324,1692254092080,1692254092084,1693226356331,7,4,3
28963,1693226356331,1692254092088,1692254092091,1693226356339,8,3,5
28964,1693226356339,1692254092096,1692254092099,1693226356347,8,3,5
28965,1693226356347,1692254092103,1692254092106,1693226356354,7,3,4
28966,1693226356354,1692254092111,1692254092115,1693226356362,8,4,4
28967,1693226356362,1692254092119,1692254092122,1693226356370,8,3,5
28968,1693226356370,1692254092127,1692254092130,1693226356378,8,3,5
28969,1693226356378,1692254092134,1692254092138,1693226356386,8,4,4
28970,1693226356386,1692254092143,1692254092147,1693226356394,8,4,4
28971,1693226356394,1692254092151,1692254092154,1693226356401,7,3,4
28972,1693226356401,1692254092158,1692254092161,1693226356408,7,3,4
28973,1693226356408,1692254092165,1692254092169,1693226356416,8,4,4
28974,1693226356416,1692254092173,1692254092176,1693226356423,7,3,4
28975,1693226356423,1692254092180,1692254092182,1693226356430,7,2,5
28976,1693226356430,1692254092187,1692254092190,1693226356437,7,3,4
28977,1693226356438,1692254092194,1692254092197,1693226356444,6,3,3
28978,1693226356444,1692254092201,1692254092205,1693226356452,8,4,4
28979,1693226356452,1692254092210,1692254092213,1693226356461,9,3,6
28980,1693226356461,1692254092218,1692254092221,1693226356468,7,3,4
28981,1693226356468,1692254092226,1692254092229,1693226356477,9,3,6
28982,1693226356477,1692254092234,1692254092236,1693226356483,6,2,4
28983,1693226356483,1692254092240,1692254092243,1693226356490,7,3,4
28984,1693226356490,1692254092247,1692254092251,1693226356499,9,4,5
28985,1693226356499,1692254092255,1692254092258,1693226356506,7,3,4
28986,1693226356506,1692254092263,1692254092266,1693226356514,8,3,5
28987,1693226356514,1692254092270,1692254092273,1693226356520,6,3,3
28988,1693226356520,1692254092277,1692254092280,1693226356527,7,3,4
28989,1693226356527,1692254092284,1692254092287,1693226356534,7,3,4
28990,1693226356534,1692254092291,1692254092294,1693226356542,8,3,5
28991,1693226356542,1692254092298,1692254092302,1693226356549,7,4,3
28992,1693226356549,1692254092305,1692254092309,1693226356557,8,4,4
28993,1693226356557,1692254092315,1692254092318,1693226356566,9,3,6
28994,1693226356566,1692254092323,1692254092327,1693226356574,8,4,4
28995,1693226356574,1692254092331,1692254092334,1693226356581,7,3,4
28996,1693226356581,1692254092338,1692254092340,1693226356588,7,2,5
28997,1693226356588,1692254092345,1692254092348,1693226356596,8,3,5
28998,1693226356596,1692254092353,1692254092356,1693226356604,8,3,5
28999,1693226356604,1692254092362,1692254092365,1693226356613,9,3,6
29000,1693226356613,1692254092370,1692254092374,1693226356622,9,4,5
29001,1693226356622,1692254092380,1692254092384,1693226356631,9,4,5
29002,1693226356631,1692254092389,1692254092392,1693226356640,9,3,6
29003,1693226356640,1692254092397,1692254092400,1693226356648,8,3,5
29004,1693226356648,1692254092405,1692254092409,1693226356657,9,4,5
29005,1693226356657,1692254092416,1692254092420,1693226356667,10,4,6
29006,1693226356667,1692254092424,1692254092426,1693226356674,7,2,5
29007,1693226356674,1692254092430,1692254092434,1693226356681,7,4,3
29008,1693226356681,1692254092438,1692254092440,1693226356687,6,2,4
29009,1693226356687,1692254092444,1692254092447,1693226356694,7,3,4
29010,1693226356694,1692254092452,1692254092455,1693226356702,8,3,5
29011,1693226356702,1692254092458,1692254092461,1693226356709,7,3,4
29012,1693226356709,1692254092466,1692254092469,1693226356716,7,3,4
29013,1693226356716,1692254092473,1692254092476,1693226356723,7,3,4
29014,1693226356723,1692254092480,1692254092483,1693226356730,7,3,4
29015,1693226356730,1692254092487,1692254092490,1693226356737,7,3,4
29016,1693226356737,1692254092494,1692254092496,1693226356744,7,2,5
29017,1693226356744,1692254092501,1692254092504,1693226356751,7,3,4
29018,1693226356751,1692254092508,1692254092511,1693226356759,8,3,5
29019,1693226356759,1692254092517,1692254092520,1693226356768,9,3,6
29020,1693226356768,1692254092524,1692254092528,1693226356775,7,4,3
29021,1693226356775,1692254092532,1692254092537,1693226356784,9,5,4
29022,1693226356784,1692254092541,1692254092545,1693226356796,12,4,8
29023,1693226356797,1692254092554,1692254092557,1693226356805,8,3,5
29024,1693226356805,1692254092562,1692254092565,1693226356812,7,3,4
29025,1693226356812,1692254092569,1692254092573,1693226356820,8,4,4
29026,1693226356820,1692254092577,1692254092580,1693226356828,8,3,5
29027,1693226356828,1692254092585,1692254092589,1693226356836,8,4,4
29028,1693226356836,1692254092594,1692254092597,1693226356845,9,3,6
29029,1693226356845,1692254092602,1692254092605,1693226356853,8,3,5
29030,1693226356853,1692254092610,1692254092614,1693226356862,9,4,5
29031,1693226356862,1692254092620,1692254092623,1693226356871,9,3,6
29032,1693226356871,1692254092628,1692254092631,1693226356879,8,3,5
29033,1693226356879,1692254092636,1692254092639,1693226356887,8,3,5
29034,1693226356887,1692254092644,1692254092647,1693226356894,7,3,4
29035,1693226356894,1692254092652,1692254092655,1693226356903,9,3,6
29036,1693226356903,1692254092660,1692254092664,1693226356911,8,4,4
29037,1693226356911,1692254092668,1692254092672,1693226356919,8,4,4
29038,1693226356919,1692254092677,1692254092680,1693226356927,8,3,5
29039,1693226356927,1692254092685,1692254092689,1693226356936,9,4,5
29040,1693226356936,1692254092693,1692254092697,1693226356945,9,4,5
29041,1693226356945,1692254092702,1692254092705,1693226356953,8,3,5
29042,1693226356953,1692254092710,1692254092713,1693226356961,8,3,5
29043,1693226356961,1692254092718,1692254092721,1693226356969,8,3,5
29044,1693226356969,1692254092727,1692254092731,1693226356979,10,4,6
29045,1693226356979,1692254092736,1692254092739,1693226356986,7,3,4
29046,1693226356986,1692254092743,1692254092746,1693226356993,7,3,4
29047,1693226356993,1692254092750,1692254092753,1693226357001,8,3,5
29048,1693226357001,1692254092758,1692254092761,1693226357009,8,3,5
29049,1693226357009,1692254092766,1692254092768,1693226357016,7,2,5
29050,1693226357016,1692254092773,1692254092776,1693226357023,7,3,4
29051,1693226357023,1692254092786,1692254092789,1693226357037,14,3,11
29052,1693226357037,1692254092794,1692254092797,1693226357045,8,3,5
29053,1693226357045,1692254092802,1692254092805,1693226357052,7,3,4
29054,1693226357052,1692254092809,1692254092813,1693226357061,9,4,5
29055,1693226357061,1692254092818,1692254092821,1693226357069,8,3,5
29056,1693226357069,1692254092827,1692254092830,1693226357077,8,3,5
29057,1693226357077,1692254092833,1692254092837,1693226357084,7,4,3
29058,1693226357084,1692254092841,1692254092846,1693226357093,9,5,4
29059,1693226357093,1692254092850,1692254092853,1693226357100,7,3,4
29060,1693226357100,1692254092857,1692254092860,1693226357108,8,3,5
29061,1693226357108,1692254092865,1692254092868,1693226357116,8,3,5
29062,1693226357116,1692254092872,1692254092875,1693226357123,7,3,4
29063,1693226357123,1692254092880,1692254092883,1693226357130,7,3,4
29064,1693226357130,1692254092887,1692254092890,1693226357137,7,3,4
29065,1693226357137,1692254092894,1692254092898,1693226357145,8,4,4
29066,1693226357145,1692254092902,1692254092905,1693226357152,7,3,4
29067,1693226357152,1692254092910,1692254092913,1693226357160,8,3,5
29068,1693226357160,1692254092917,1692254092920,1693226357167,7,3,4
29069,1693226357167,1692254092927,1692254092930,1693226357178,11,3,8
29070,1693226357178,1692254092935,1692254092937,1693226357185,7,2,5
29071,1693226357185,1692254092942,1692254092945,1693226357193,8,3,5
29072,1693226357193,1692254092950,1692254092953,1693226357200,7,3,4
29073,1693226357200,1692254092957,1692254092960,1693226357207,7,3,4
29074,1693226357208,1692254092965,1692254092968,1693226357215,7,3,4
29075,1693226357215,1692254092972,1692254092974,1693226357222,7,2,5
29076,1693226357222,1692254092979,1692254092982,1693226357229,7,3,4
29077,1693226357229,1692254092986,1692254092990,1693226357237,8,4,4
29078,1693226357237,1692254092994,1692254092996,1693226357244,7,2,5
29079,1693226357244,1692254093001,1692254093004,1693226357251,7,3,4
29080,1693226357251,1692254093008,1692254093012,1693226357259,8,4,4
29081,1693226357259,1692254093016,1692254093020,1693226357267,8,4,4
29082,1693226357267,1692254093025,1692254093029,1693226357276,9,4,5
29083,1693226357276,1692254093033,1692254093036,1693226357283,7,3,4
29084,1693226357283,1692254093040,1692254093044,1693226357292,9,4,5
29085,1693226357292,1692254093049,1692254093052,1693226357299,7,3,4
29086,1693226357299,1692254093056,1692254093060,1693226357307,8,4,4
29087,1693226357307,1692254093064,1692254093068,1693226357315,8,4,4
29088,1693226357315,1692254093072,1692254093075,1693226357322,7,3,4
29089,1693226357322,1692254093079,1692254093082,1693226357329,7,3,4
29090,1693226357329,1692254093086,1692254093089,1693226357337,8,3,5
29091,1693226357337,1692254093094,1692254093097,1693226357344,7,3,4
29092,1693226357344,1692254093101,1692254093105,1693226357352,8,4,4
29093,1693226357352,1692254093110,1692254093113,1693226357360,8,3,5
29094,1693226357360,1692254093117,1692254093119,1693226357367,7,2,5
29095,1693226357367,1692254093124,1692254093128,1693226357377,10,4,6
29096,1693226357377,1692254093134,1692254093138,1693226357385,8,4,4
29097,1693226357385,1692254093142,1692254093146,1693226357393,8,4,4
29098,1693226357393,1692254093150,1692254093154,1693226357401,8,4,4
29099,1693226357401,1692254093158,1692254093161,1693226357408,7,3,4
29100,1693226357408,1692254093166,1692254093169,1693226357417,9,3,6
29101,1693226357417,1692254093173,1692254093176,1693226357424,7,3,4
29102,1693226357424,1692254093181,1692254093185,1693226357432,8,4,4
29103,1693226357432,1692254093189,1692254093193,1693226357440,8,4,4
29104,1693226357440,1692254093199,1692254093203,1693226357450,10,4,6
29105,1693226357450,1692254093206,1692254093209,1693226357456,6,3,3
29106,1693226357456,1692254093213,1692254093217,1693226357465,9,4,5
29107,1693226357465,1692254093222,1692254093225,1693226357473,8,3,5
29108,1693226357473,1692254093230,1692254093233,1693226357481,8,3,5
29109,1693226357481,1692254093238,1692254093241,1693226357489,8,3,5
29110,1693226357489,1692254093246,1692254093249,1693226357497,8,3,5
29111,1693226357497,1692254093253,1692254093256,1693226357504,7,3,4
29112,1693226357504,1692254093262,1692254093265,1693226357513,9,3,6
29113,1693226357513,1692254093269,1692254093274,1693226357521,8,5,3
29114,1693226357521,1692254093280,1692254093284,1693226357531,10,4,6
29115,1693226357531,1692254093288,1692254093291,1693226357539,8,3,5
29116,1693226357539,1692254093296,1692254093300,1693226357547,8,4,4
29117,1693226357547,1692254093304,1692254093307,1693226357555,8,3,5
29118,1693226357555,1692254093312,1692254093315,1693226357562,7,3,4
29119,1693226357562,1692254093319,1692254093322,1693226357570,8,3,5
29120,1693226357570,1692254093327,1692254093330,1693226357577,7,3,4
29121,1693226357577,1692254093336,1692254093339,1693226357587,10,3,7
29122,1693226357587,1692254093344,1692254093346,1693226357594,7,2,5
29123,1693226357594,1692254093351,1692254093354,1693226357602,8,3,5
29124,1693226357602,1692254093359,1692254093362,1693226357609,7,3,4
29125,1693226357609,1692254093366,1692254093369,1693226357616,7,3,4
29126,1693226357616,1692254093373,1692254093377,1693226357624,8,4,4
29127,1693226357624,1692254093381,1692254093387,1693226357635,11,6,5
29128,1693226357635,1692254093392,1692254093395,1693226357643,8,3,5
29129,1693226357643,1692254093400,1692254093403,1693226357651,8,3,5
29130,1693226357651,1692254093407,1692254093410,1693226357658,7,3,4
29131,1693226357658,1692254093415,1692254093419,1693226357667,9,4,5
29132,1693226357667,1692254093424,1692254093427,1693226357674,7,3,4
29133,1693226357674,1692254093431,1692254093435,1693226357685,11,4,7
29134,1693226357685,1692254093442,1692254093445,1693226357692,7,3,4
29135,1693226357692,1692254093449,1692254093452,1693226357699,7,3,4
29136,1693226357699,1692254093457,1692254093460,1693226357708,9,3,6
29137,1693226357708,1692254093465,1692254093468,1693226357715,7,3,4
29138,1693226357715,1692254093472,1692254093476,1693226357723,8,4,4
29139,1693226357723,1692254093480,1692254093484,1693226357732,9,4,5
29140,1693226357732,1692254093489,1692254093492,1693226357739,7,3,4
29141,1693226357739,1692254093497,1692254093500,1693226357748,9,3,6
29142,1693226357748,1692254093504,1692254093507,1693226357754,6,3,3
29143,1693226357754,1692254093511,1692254093513,1693226357760,6,2,4
29144,1693226357760,1692254093517,1692254093520,1693226357767,7,3,4
29145,1693226357767,1692254093523,1692254093527,1693226357774,7,4,3
29146,1693226357774,1692254093531,1692254093534,1693226357782,8,3,5
29147,1693226357782,1692254093541,1692254093544,1693226357792,10,3,7
29148,1693226357792,1692254093549,1692254093552,1693226357803,11,3,8
29149,1693226357803,1692254093560,1692254093564,1693226357811,8,4,4
29150,1693226357811,1692254093568,1692254093571,1693226357818,7,3,4
29151,1693226357818,1692254093575,1692254093578,1693226357826,8,3,5
29152,1693226357826,1692254093583,1692254093586,1693226357834,8,3,5
29153,1693226357834,1692254093591,1692254093595,1693226357843,9,4,5
29154,1693226357843,1692254093600,1692254093603,1693226357850,7,3,4
29155,1693226357850,1692254093607,1692254093611,1693226357858,8,4,4
29156,1693226357858,1692254093614,1692254093619,1693226357866,8,5,3
29157,1693226357866,1692254093623,1692254093626,1693226357874,8,3,5
29158,1693226357874,1692254093632,1692254093636,1693226357883,9,4,5
29159,1693226357883,1692254093640,1692254093644,1693226357891,8,4,4
29160,1693226357891,1692254093648,1692254093652,1693226357899,8,4,4
29161,1693226357899,1692254093658,1692254093661,1693226357908,9,3,6
29162,1693226357908,1692254093665,1692254093668,1693226357916,8,3,5
29163,1693226357916,1692254093675,1692254093678,1693226357925,9,3,6
29164,1693226357925,1692254093683,1692254093687,1693226357934,9,4,5
29165,1693226357934,1692254093691,1692254093695,1693226357942,8,4,4
29166,1693226357942,1692254093699,1692254093702,1693226357949,7,3,4
29167,1693226357950,1692254093707,1692254093710,1693226357957,7,3,4
29168,1693226357957,1692254093714,1692254093719,1693226357966,9,5,4
29169,1693226357966,1692254093723,1692254093725,1693226357973,7,2,5
29170,1693226357973,1692254093729,1692254093733,1693226357980,7,4,3
29171,1693226357980,1692254093738,1692254093741,1693226357988,8,3,5
29172,1693226357988,1692254093746,1692254093750,1693226357998,10,4,6
29173,1693226357998,1692254093755,1692254093758,1693226358006,8,3,5
29174,1693226358006,1692254093764,1692254093767,1693226358014,8,3,5
29175,1693226358014,1692254093771,1692254093773,1693226358021,7,2,5
29176,1693226358021,1692254093779,1692254093782,1693226358029,8,3,5
29177,1693226358029,1692254093786,1692254093790,1693226358038,9,4,5
29178,1693226358038,1692254093795,1692254093797,1693226358045,7,2,5
29179,1693226358045,1692254093802,1692254093805,1693226358052,7,3,4
29180,1693226358052,1692254093809,1692254093812,1693226358060,8,3,5
29181,1693226358060,1692254093817,1692254093820,1693226358067,7,3,4
29182,1693226358067,1692254093824,1692254093827,1693226358074,7,3,4
29183,1693226358074,1692254093831,1692254093834,1693226358082,8,3,5
29184,1693226358082,1692254093839,1692254093841,1693226358088,6,2,4
29185,1693226358089,1692254093845,1692254093849,1693226358096,7,4,3
29186,1693226358096,1692254093853,1692254093857,1693226358104,8,4,4
29187,1693226358104,1692254093861,1692254093865,1693226358112,8,4,4
29188,1693226358112,1692254093870,1692254093873,1693226358120,8,3,5
29189,1693226358120,1692254093878,1692254093882,1693226358129,9,4,5
29190,1693226358129,1692254093886,1692254093889,1693226358136,7,3,4
29191,1693226358136,1692254093893,1692254093896,1693226358144,8,3,5
29192,1693226358144,1692254093901,1692254093905,1693226358152,8,4,4
29193,1693226358152,1692254093909,1692254093912,1693226358159,7,3,4
29194,1693226358159,1692254093917,1692254093920,1693226358168,9,3,6
29195,1693226358168,1692254093924,1692254093927,1693226358174,6,3,3
29196,1693226358174,1692254093931,1692254093935,1693226358182,8,4,4
29197,1693226358182,1692254093939,1692254093942,1693226358189,7,3,4
29198,1693226358189,1692254093946,1692254093949,1693226358197,8,3,5
29199,1693226358197,1692254093954,1692254093957,1693226358204,7,3,4
29200,1693226358205,1692254093962,1692254093966,1693226358213,8,4,4
29201,1693226358213,1692254093970,1692254093973,1693226358221,8,3,5
29202,1693226358221,1692254093978,1692254093981,1693226358229,8,3,5
29203,1693226358229,1692254093986,1692254093989,1693226358236,7,3,4
29204,1693226358236,1692254093993,1692254093996,1693226358244,8,3,5
29205,1693226358244,1692254094001,1692254094006,1693226358253,9,5,4
29206,1693226358253,1692254094010,1692254094013,1693226358261,8,3,5
29207,1693226358261,1692254094018,1692254094020,1693226358268,7,2,5
29208,1693226358268,1692254094025,1692254094028,1693226358275,7,3,4
29209,1693226358275,1692254094032,1692254094035,1693226358282,7,3,4
29210,1693226358282,1692254094039,1692254094042,1693226358289,7,3,4
29211,1693226358289,1692254094046,1692254094049,1693226358298,9,3,6
29212,1693226358298,1692254094055,1692254094058,1693226358306,8,3,5
29213,1693226358306,1692254094063,1692254094067,1693226358315,9,4,5
29214,1693226358315,1692254094072,1692254094075,1693226358323,8,3,5
29215,1693226358323,1692254094080,1692254094083,1693226358330,7,3,4
29216,1693226358330,1692254094087,1692254094091,1693226358339,9,4,5
29217,1693226358339,1692254094095,1692254094098,1693226358346,7,3,4
29218,1693226358346,1692254094103,1692254094106,1693226358353,7,3,4
29219,1693226358353,1692254094110,1692254094116,1693226358363,10,6,4
29220,1693226358363,1692254094120,1692254094124,1693226358371,8,4,4
29221,1693226358371,1692254094127,1692254094132,1693226358379,8,5,3
29222,1693226358379,1692254094136,1692254094140,1693226358387,8,4,4
29223,1693226358387,1692254094144,1692254094148,1693226358395,8,4,4
29224,1693226358395,1692254094152,1692254094155,1693226358403,8,3,5
29225,1693226358403,1692254094160,1692254094163,1693226358411,8,3,5
29226,1693226358411,1692254094168,1692254094172,1693226358419,8,4,4
29227,1693226358419,1692254094176,1692254094179,1693226358426,7,3,4
29228,1693226358426,1692254094183,1692254094186,1693226358433,7,3,4
29229,1693226358433,1692254094191,1692254094194,1693226358442,9,3,6
29230,1693226358442,1692254094199,1692254094202,1693226358450,8,3,5
29231,1693226358450,1692254094207,1692254094210,1693226358458,8,3,5
29232,1693226358458,1692254094215,1692254094218,1693226358465,7,3,4
29233,1693226358465,1692254094222,1692254094225,1693226358472,7,3,4
29234,1693226358472,1692254094229,1692254094232,1693226358480,8,3,5
29235,1693226358480,1692254094237,1692254094240,1693226358487,7,3,4
29236,1693226358487,1692254094244,1692254094247,1693226358495,8,3,5
29237,1693226358495,1692254094251,1692254094255,1693226358503,8,4,4
29238,1693226358503,1692254094260,1692254094264,1693226358511,8,4,4
29239,1693226358511,1692254094268,1692254094271,1693226358520,9,3,6
29240,1693226358520,1692254094277,1692254094280,1693226358527,7,3,4
29241,1693226358527,1692254094283,1692254094288,1693226358535,8,5,3
29242,1693226358535,1692254094292,1692254094296,1693226358543,8,4,4
29243,1693226358543,1692254094300,1692254094304,1693226358551,8,4,4
29244,1693226358552,1692254094308,1692254094311,1693226358559,7,3,4
29245,1693226358559,1692254094316,1692254094319,1693226358567,8,3,5
29246,1693226358567,1692254094324,1692254094328,1693226358575,8,4,4
29247,1693226358575,1692254094332,1692254094335,1693226358583,8,3,5
29248,1693226358583,1692254094340,1692254094343,1693226358590,7,3,4
29249,1693226358590,1692254094347,1692254094350,1693226358597,7,3,4
29250,1693226358597,1692254094354,1692254094357,1693226358605,8,3,5
29251,1693226358605,1692254094363,1692254094366,1693226358613,8,3,5
29252,1693226358613,1692254094370,1692254094373,1693226358620,7,3,4
29253,1693226358620,1692254094378,1692254094382,1693226358629,9,4,5
29254,1693226358629,1692254094385,1692254094388,1693226358635,6,3,3
29255,1693226358635,1692254094392,1692254094395,1693226358643,8,3,5
29256,1693226358643,1692254094400,1692254094403,1693226358650,7,3,4
29257,1693226358650,1692254094407,1692254094410,1693226358657,7,3,4
29258,1693226358657,1692254094414,1692254094417,1693226358664,7,3,4
29259,1693226358664,1692254094421,1692254094424,1693226358671,7,3,4
29260,1693226358671,1692254094429,1692254094432,1693226358680,9,3,6
29261,1693226358680,1692254094437,1692254094440,1693226358687,7,3,4
29262,1693226358687,1692254094444,1692254094448,1693226358695,8,4,4
29263,1693226358695,1692254094452,1692254094455,1693226358702,7,3,4
29264,1693226358702,1692254094459,1692254094461,1693226358710,8,2,6
29265,1693226358710,1692254094467,1692254094471,1693226358718,8,4,4
29266,1693226358718,1692254094475,1692254094479,1693226358726,8,4,4
29267,1693226358726,1692254094482,1692254094486,1693226358733,7,4,3
29268,1693226358733,1692254094490,1692254094493,1693226358740,7,3,4
29269,1693226358740,1692254094497,1692254094500,1693226358748,8,3,5
29270,1693226358748,1692254094505,1692254094508,1693226358755,7,3,4
29271,1693226358755,1692254094512,1692254094516,1693226358763,8,4,4
29272,1693226358764,1692254094520,1692254094524,1693226358771,7,4,3
29273,1693226358771,1692254094531,1692254094534,1693226358781,10,3,7
29274,1693226358781,1692254094540,1692254094544,1693226358792,11,4,7
29275,1693226358792,1692254094549,1692254094552,1693226358800,8,3,5
29276,1693226358800,1692254094565,1692254094569,1693226358816,16,4,12
29277,1693226358816,1692254094577,1692254094581,1693226358832,16,4,12
29278,1693226358832,1692254094589,1692254094594,1693226358842,10,5,5
29279,1693226358842,1692254094598,1692254094602,1693226358850,8,4,4
29280,1693226358850,1692254094607,1692254094610,1693226358858,8,3,5
29281,1693226358858,1692254094614,1692254094618,1693226358865,7,4,3
29282,1693226358865,1692254094622,1692254094625,1693226359041,176,3,173
29283,1693226359041,1692254094799,1692254094802,1693226359050,9,3,6
29284,1693226359050,1692254094807,1692254094810,1693226359057,7,3,4
29285,1693226359057,1692254094815,1692254094818,1693226359065,8,3,5
29286,1693226359066,1692254094823,1692254094826,1693226359073,7,3,4
29287,1693226359073,1692254094831,1692254094834,1693226359081,8,3,5
29288,1693226359081,1692254094838,1692254094841,1693226359089,8,3,5
29289,1693226359089,1692254094846,1692254094850,1693226359098,9,4,5
29290,1693226359098,1692254094856,1692254094860,1693226359107,9,4,5
29291,1693226359107,1692254094865,1692254094867,1693226359145,38,2,36
29292,1693226359145,1692254094902,1692254094906,1693226359153,8,4,4
29293,1693226359153,1692254094910,1692254094914,1693226359161,8,4,4
29294,1693226359161,1692254094918,1692254094921,1693226359168,7,3,4
29295,1693226359168,1692254094925,1692254094929,1693226359176,8,4,4
29296,1693226359176,1692254094934,1692254094937,1693226359184,8,3,5
29297,1693226359184,1692254094941,1692254094944,1693226359192,8,3,5
29298,1693226359192,1692254094949,1692254094952,1693226359199,7,3,4
29299,1693226359199,1692254094956,1692254094959,1693226359207,8,3,5
29300,1693226359207,1692254094964,1692254094967,1693226359214,7,3,4
29301,1693226359214,1692254094972,1692254094975,1693226359223,9,3,6
29302,1693226359223,1692254094980,1692254094983,1693226359231,8,3,5
29303,1693226359231,1692254094988,1692254094991,1693226359238,7,3,4
29304,1693226359238,1692254094995,1692254094998,1693226359246,8,3,5
29305,1693226359246,1692254095002,1692254095005,1693226359253,7,3,4
29306,1693226359253,1692254095010,1692254095014,1693226359261,8,4,4
29307,1693226359261,1692254095018,1692254095021,1693226359268,7,3,4
29308,1693226359268,1692254095025,1692254095028,1693226359276,8,3,5
29309,1693226359276,1692254095033,1692254095036,1693226359284,8,3,5
29310,1693226359284,1692254095041,1692254095044,1693226359292,8,3,5
29311,1693226359292,1692254095049,1692254095053,1693226359300,8,4,4
29312,1693226359300,1692254095057,1692254095060,1693226359308,8,3,5
29313,1693226359308,1692254095064,1692254095068,1693226359315,7,4,3
29314,1693226359315,1692254095072,1692254095075,1693226359323,8,3,5
29315,1693226359323,1692254095079,1692254095084,1693226359331,8,5,3
29316,1693226359331,1692254095089,1692254095093,1693226359341,10,4,6
29317,1693226359341,1692254095098,1692254095101,1693226359348,7,3,4
29318,1693226359348,1692254095105,1692254095108,1693226359355,7,3,4
29319,1693226359355,1692254095113,1692254095116,1693226359363,8,3,5
29320,1693226359363,1692254095120,1692254095123,1693226359371,8,3,5
29321,1693226359371,1692254095128,1692254095132,1693226359380,9,4,5
29322,1693226359380,1692254095137,1692254095140,1693226359387,7,3,4
29323,1693226359387,1692254095143,1692254095147,1693226359394,7,4,3
29324,1693226359394,1692254095152,1692254095155,1693226359402,8,3,5
29325,1693226359402,1692254095159,1692254095162,1693226359410,8,3,5
29326,1693226359410,1692254095166,1692254095169,1693226359416,6,3,3
29327,1693226359416,1692254095173,1692254095176,1693226359427,11,3,8
29328,1693226359427,1692254095183,1692254095187,1693226359434,7,4,3
29329,1693226359434,1692254095191,1692254095194,1693226359441,7,3,4
29330,1693226359441,1692254095198,1692254095202,1693226359449,8,4,4
29331,1693226359449,1692254095206,1692254095209,1693226359457,8,3,5
29332,1693226359457,1692254095214,1692254095217,1693226359465,8,3,5
29333,1693226359465,1692254095223,1692254095226,1693226359474,9,3,6
29334,1693226359474,1692254095231,1692254095235,1693226359483,9,4,5
29335,1693226359483,1692254095240,1692254095242,1693226359490,7,2,5
29336,1693226359490,1692254095246,1692254095250,1693226359498,8,4,4
29337,1693226359498,1692254095255,1692254095257,1693226359505,7,2,5
29338,1693226359505,1692254095262,1692254095265,1693226359512,7,3,4
29339,1693226359512,1692254095269,1692254095272,1693226359519,7,3,4
29340,1693226359519,1692254095276,1692254095279,1693226359527,8,3,5
29341,1693226359527,1692254095284,1692254095287,1693226359534,7,3,4
29342,1693226359534,1692254095291,1692254095295,1693226359542,8,4,4
29343,1693226359542,1692254095299,1692254095302,1693226359549,7,3,4
29344,1693226359549,1692254095306,1692254095309,1693226359557,8,3,5
29345,1693226359557,1692254095315,1692254095318,1693226359565,8,3,5
29346,1693226359565,1692254095322,1692254095325,1693226359572,7,3,4
29347,1693226359572,1692254095329,1692254095333,1693226359580,8,4,4
29348,1693226359580,1692254095337,1692254095340,1693226359587,7,3,4
29349,1693226359587,1692254095344,1692254095347,1693226359594,7,3,4
29350,1693226359594,1692254095351,1692254095354,1693226359604,10,3,7
29351,1693226359604,1692254095361,1692254095366,1693226359613,9,5,4
29352,1693226359613,1692254095370,1692254095373,1693226359621,8,3,5
29353,1693226359621,1692254095378,1692254095381,1693226359629,8,3,5
29354,1693226359629,1692254095386,1692254095390,1693226359637,8,4,4
29355,1693226359637,1692254095394,1692254095398,1693226359645,8,4,4
29356,1693226359645,1692254095403,1692254095407,1693226359654,9,4,5
29357,1693226359654,1692254095412,1692254095415,1693226359662,8,3,5
29358,1693226359662,1692254095419,1692254095422,1693226359670,8,3,5
29359,1693226359670,1692254095427,1692254095430,1693226359677,7,3,4
29360,1693226359677,1692254095434,1692254095437,1693226359684,7,3,4
29361,1693226359684,1692254095441,1692254095445,1693226359692,8,4,4
29362,1693226359692,1692254095449,1692254095452,1693226359699,7,3,4
29363,1693226359699,1692254095456,1692254095459,1693226359706,7,3,4
29364,1693226359706,1692254095463,1692254095467,1693226359714,8,4,4
29365,1693226359714,1692254095471,1692254095475,1693226359722,8,4,4
29366,1693226359722,1692254095478,1692254095481,1693226359728,6,3,3
29367,1693226359729,1692254095487,1692254095490,1693226359738,9,3,6
29368,1693226359738,1692254095495,1692254095498,1693226359746,8,3,5
29369,1693226359746,1692254095503,1692254095507,1693226359754,8,4,4
29370,1693226359754,1692254095511,1692254095514,1693226359762,8,3,5
29371,1693226359762,1692254095519,1692254095522,1693226359769,7,3,4
29372,1693226359769,1692254095526,1692254095530,1693226359777,8,4,4
29373,1693226359777,1692254095534,1692254095538,1693226359785,8,4,4
29374,1693226359785,1692254095542,1692254095545,1693226359793,8,3,5
29375,1693226359793,1692254095550,1692254095554,1693226359801,8,4,4
29376,1693226359801,1692254095558,1692254095560,1693226359807,6,2,4
29377,1693226359807,1692254095565,1692254095568,1693226359818,11,3,8
29378,1693226359818,1692254095575,1692254095578,1693226359825,7,3,4
29379,1693226359825,1692254095582,1692254095585,1693226359834,9,3,6
29380,1693226359834,1692254095591,1692254095594,1693226359842,8,3,5
29381,1693226359842,1692254095599,1692254095602,1693226359849,7,3,4
29382,1693226359849,1692254095606,1692254095609,1693226359856,7,3,4
29383,1693226359856,1692254095613,1692254095616,1693226359863,7,3,4
29384,1693226359863,1692254095622,1692254095625,1693226359873,10,3,7
29385,1693226359873,1692254095630,1692254095633,1693226359880,7,3,4
29386,1693226359880,1692254095638,1692254095641,1693226359888,8,3,5
29387,1693226359888,1692254095645,1692254095648,1693226359896,8,3,5
29388,1693226359896,1692254095653,1692254095658,1693226359906,10,5,5
29389,1693226359906,1692254095669,1692254095672,1693226359919,13,3,10
29390,1693226359919,1692254095676,1692254095679,1693226359927,8,3,5
29391,1693226359927,1692254095684,1692254095688,1693226359937,10,4,6
29392,1693226359937,1692254095695,1692254095698,1693226359946,9,3,6
29393,1693226359946,1692254095705,1692254095708,1693226359956,10,3,7
29394,1693226359956,1692254095712,1692254095715,1693226359962,6,3,3
29395,1693226359962,1692254095719,1692254095722,1693226359969,7,3,4
29396,1693226359969,1692254095726,1692254095729,1693226359976,7,3,4
29397,1693226359976,1692254095734,1692254095737,1693226359984,8,3,5
29398,1693226359984,1692254095741,1692254095745,1693226359992,8,4,4
29399,1693226359992,1692254095749,1692254095752,1693226359999,7,3,4
29400,1693226359999,1692254095757,1692254095760,1693226360008,9,3,6
29401,1693226360008,1692254095765,1692254095769,1693226360016,8,4,4
29402,1693226360016,1692254095774,1692254095778,1693226360025,9,4,5
29403,1693226360026,1692254095782,1692254095785,1693226360032,6,3,3
29404,1693226360032,1692254095789,1692254095791,1693226360039,7,2,5
29405,1693226360039,1692254095795,1692254095799,1693226360046,7,4,3
29406,1693226360046,1692254095802,1692254095806,1693226360053,7,4,3
29407,1693226360053,1692254095810,1692254095814,1693226360061,8,4,4
29408,1693226360061,1692254095817,1692254095820,1693226360067,6,3,3
29409,1693226360067,1692254095824,1692254095828,1693226360075,8,4,4
29410,1693226360075,1692254095834,1692254095837,1693226360084,9,3,6
29411,1693226360084,1692254095840,1692254095844,1693226360092,8,4,4
29412,1693226360092,1692254095849,1692254095853,1693226360100,8,4,4
29413,1693226360100,1692254095858,1692254095861,1693226360108,8,3,5
29414,1693226360109,1692254095866,1692254095869,1693226360117,8,3,5
29415,1693226360117,1692254095874,1692254095877,1693226360124,7,3,4
29416,1693226360124,1692254095881,1692254095884,1693226360132,8,3,5
29417,1693226360132,1692254095890,1692254095892,1693226360141,9,2,7
29418,1693226360141,1692254095898,1692254095901,1693226360148,7,3,4
29419,1693226360148,1692254095905,1692254095909,1693226360156,8,4,4
29420,1693226360156,1692254095913,1692254095917,1693226360164,8,4,4
29421,1693226360164,1692254095920,1692254095923,1693226360170,6,3,3
29422,1693226360170,1692254095928,1692254095931,1693226360179,9,3,6
29423,1693226360179,1692254095935,1692254095939,1693226360186,7,4,3
29424,1693226360186,1692254095943,1692254095946,1693226360194,8,3,5
29425,1693226360194,1692254095951,1692254095955,1693226360202,8,4,4
29426,1693226360202,1692254095959,1692254095963,1693226360210,8,4,4
29427,1693226360210,1692254095969,1692254095972,1693226360219,9,3,6
29428,1693226360219,1692254095978,1692254095982,1693226360229,10,4,6
29429,1693226360229,1692254095987,1692254095991,1693226360238,9,4,5
29430,1693226360238,1692254095995,1692254095999,1693226360246,8,4,4
29431,1693226360246,1692254096003,1692254096007,1693226360256,10,4,6
29432,1693226360256,1692254096013,1692254096017,1693226360264,8,4,4
29433,1693226360264,1692254096022,1692254096025,1693226360273,9,3,6
29434,1693226360273,1692254096030,1692254096032,1693226360279,6,2,4
29435,1693226360279,1692254096036,1692254096039,1693226360286,7,3,4
29436,1693226360287,1692254096043,1692254096047,1693226360294,7,4,3
29437,1693226360294,1692254096051,1692254096053,1693226360301,7,2,5
29438,1693226360301,1692254096058,1692254096061,1693226360308,7,3,4
29439,1693226360308,1692254096065,1692254096068,1693226360315,7,3,4
29440,1693226360315,1692254096072,1692254096075,1693226360322,7,3,4
29441,1693226360322,1692254096079,1692254096082,1693226360329,7,3,4
29442,1693226360329,1692254096086,1692254096090,1693226360337,8,4,4
29443,1693226360337,1692254096094,1692254096097,1693226360346,9,3,6
29444,1693226360346,1692254096103,1692254096106,1693226360354,8,3,5
29445,1693226360354,1692254096110,1692254096114,1693226360361,7,4,3
29446,1693226360361,1692254096118,1692254096121,1693226360368,7,3,4
29447,1693226360368,1692254096124,1692254096127,1693226360374,6,3,3
29448,1693226360374,1692254096131,1692254096134,1693226360381,7,3,4
29449,1693226360381,1692254096138,1692254096141,1693226360388,7,3,4
29450,1693226360388,1692254096146,1692254096149,1693226360397,9,3,6
29451,1693226360397,1692254096154,1692254096157,1693226360404,7,3,4
29452,1693226360404,1692254096161,1692254096164,1693226360412,8,3,5
29453,1693226360412,1692254096169,1692254096173,1693226360421,9,4,5
29454,1693226360421,1692254096178,1692254096182,1693226360429,8,4,4
29455,1693226360429,1692254096187,1692254096190,1693226360437,8,3,5
29456,1693226360437,1692254096194,1692254096198,1693226360445,8,4,4
29457,1693226360445,1692254096206,1692254096209,1693226360457,12,3,9
29458,1693226360457,1692254096213,1692254096217,1693226360464,7,4,3
29459,1693226360464,1692254096221,1692254096224,1693226360471,7,3,4
29460,1693226360472,1692254096229,1692254096232,1693226360479,7,3,4
29461,1693226360479,1692254096236,1692254096240,1693226360487,8,4,4
29462,1693226360487,1692254096244,1692254096248,1693226360496,9,4,5
29463,1693226360496,1692254096253,1692254096257,1693226360504,8,4,4
29464,1693226360504,1692254096261,1692254096265,1693226360513,9,4,5
29465,1693226360513,1692254096270,1692254096272,1693226360520,7,2,5
29466,1693226360520,1692254096287,1692254096290,1693226360538,18,3,15
29467,1693226360538,1692254096295,1692254096299,1693226360546,8,4,4
29468,1693226360547,1692254096306,1692254096309,1693226360557,10,3,7
29469,1693226360557,1692254096314,1692254096317,1693226360564,7,3,4
29470,1693226360564,1692254096322,1692254096325,1693226360573,9,3,6
29471,1693226360573,1692254096330,1692254096333,1693226360581,8,3,5
29472,1693226360581,1692254096338,1692254096341,1693226360588,7,3,4
29473,1693226360589,1692254096346,1692254096349,1693226360597,8,3,5
29474,1693226360597,1692254096354,1692254096357,1693226360604,7,3,4
29475,1693226360604,1692254096361,1692254096364,1693226360612,8,3,5
29476,1693226360612,1692254096370,1692254096373,1693226360620,8,3,5
29477,1693226360620,1692254096377,1692254096380,1693226360627,7,3,4
29478,1693226360627,1692254096385,1692254096388,1693226360636,9,3,6
29479,1693226360636,1692254096392,1692254096395,1693226360643,7,3,4
29480,1693226360643,1692254096399,1692254096402,1693226360650,7,3,4
29481,1693226360650,1692254096409,1692254096411,1693226360659,9,2,7
29482,1693226360659,1692254096416,1692254096419,1693226360666,7,3,4
29483,1693226360666,1692254096423,1692254096426,1693226360673,7,3,4
29484,1693226360673,1692254096430,1692254096433,1693226360680,7,3,4
29485,1693226360681,1692254096440,1692254096444,1693226360692,11,4,7
29486,1693226360692,1692254096449,1692254096452,1693226360700,8,3,5
29487,1693226360700,1692254096457,1692254096459,1693226360707,7,2,5
29488,1693226360707,1692254096463,1692254096467,1693226360714,7,4,3
29489,1693226360714,1692254096471,1692254096475,1693226360722,8,4,4
29490,1693226360722,1692254096479,1692254096482,1693226360729,7,3,4
29491,1693226360729,1692254096486,1692254096489,1693226360736,7,3,4
29492,1693226360736,1692254096494,1692254096497,1693226360744,8,3,5
29493,1693226360744,1692254096500,1692254096503,1693226360751,7,3,4
29494,1693226360751,1692254096510,1692254096513,1693226360761,10,3,7
29495,1693226360761,1692254096518,1692254096521,1693226360769,8,3,5
29496,1693226360769,1692254096526,1692254096528,1693226360776,7,2,5
29497,1693226360776,1692254096532,1692254096536,1693226360783,7,4,3
29498,1693226360783,1692254096540,1692254096543,1693226360790,7,3,4
29499,1693226360790,1692254096547,1692254096552,1693226360799,9,5,4
29500,1693226360799,1692254096556,1692254096560,1693226360807,8,4,4
29501,1693226360807,1692254096564,1692254096567,1693226360815,8,3,5
29502,1693226360815,1692254096577,1692254096580,1693226360827,12,3,9
29503,1693226360827,1692254096585,1692254096588,1693226360835,8,3,5
29504,1693226360835,1692254096593,1692254096595,1693226360842,7,2,5
29505,1693226360842,1692254096599,1692254096602,1693226360849,7,3,4
29506,1693226360849,1692254096606,1692254096609,1693226360858,9,3,6
29507,1693226360858,1692254096615,1692254096619,1693226360866,8,4,4
29508,1693226360866,1692254096623,1692254096626,1693226360873,7,3,4
29509,1693226360873,1692254096630,1692254096633,1693226360881,8,3,5
29510,1693226360881,1692254096638,1692254096640,1693226360888,7,2,5
29511,1693226360888,1692254096645,1692254096648,1693226360895,7,3,4
29512,1693226360895,1692254096652,1692254096656,1693226360903,8,4,4
29513,1693226360903,1692254096661,1692254096664,1693226360912,9,3,6
29514,1693226360912,1692254096670,1692254096673,1693226360921,9,3,6
29515,1693226360921,1692254096680,1692254096683,1693226360931,10,3,7
29516,1693226360931,1692254096688,1692254096691,1693226360939,8,3,5
29517,1693226360939,1692254096697,1692254096700,1693226360947,8,3,5
29518,1693226360947,1692254096705,1692254096709,1693226360956,9,4,5
29519,1693226360956,1692254096713,1692254096716,1693226360964,8,3,5
29520,1693226360964,1692254096722,1692254096725,1693226360972,8,3,5
29521,1693226361149,1692254096907,1692254096911,1693226361159,10,4,6
29522,1693226361159,1692254096917,1692254096921,1693226361169,10,4,6
29523,1693226361169,1692254096927,1692254096931,1693226361179,10,4,6
29524,1693226361179,1692254096937,1692254096940,1693226361187,8,3,5
29525,1693226361187,1692254096945,1692254096949,1693226361197,10,4,6
29526,1693226361197,1692254096954,1692254096980,1693226361228,31,26,5
29527,1693226361228,1692254096985,1692254096988,1693226361235,7,3,4
29528,1693226361236,1692254097057,1692254097060,1693226361307,71,3,68
29529,1693226361307,1692254097064,1692254097068,1693226361315,8,4,4
29530,1693226361315,1692254097072,1692254097075,1693226361323,8,3,5
29531,1693226361323,1692254097080,1692254097083,1693226361330,7,3,4
29532,1693226361330,1692254097110,1692254097113,1693226361360,30,3,27
29533,1693226361360,1692254097118,1692254097153,1693226361401,41,35,6
29534,1693226361401,1692254097158,1692254097161,1693226361408,7,3,4
29535,1693226361408,1692254097165,1692254097168,1693226361415,7,3,4
29536,1693226361415,1692254097180,1692254097184,1693226361432,17,4,13
29537,1693226361432,1692254097212,1692254097215,1693226361463,31,3,28
29538,1693226361463,1692254097229,1692254097232,1693226361480,17,3,14
29539,1693226361480,1692254097294,1692254097297,1693226361545,65,3,62
29540,1693226361545,1692254097345,1692254097348,1693226361596,51,3,48
29541,1693226361596,1692254097378,1692254097381,1693226361629,33,3,30
29542,1693226361629,1692254097401,1692254097404,1693226361652,23,3,20
29543,1693226361652,1692254097409,1692254097412,1693226361659,7,3,4
29544,1693226361659,1692254097416,1692254097420,1693226361667,8,4,4
29545,1693226361667,1692254097424,1692254097427,1693226361675,8,3,5
29546,1693226361675,1692254097433,1692254097436,1693226361684,9,3,6
29547,1693226361684,1692254097441,1692254097444,1693226361691,7,3,4
29548,1693226361691,1692254097448,1692254097450,1693226361698,7,2,5
29549,1693226361698,1692254097473,1692254097476,1693226361724,26,3,23
29550,1693226361724,1692254097481,1692254097484,1693226361731,7,3,4
29551,1693226361731,1692254097522,1692254097524,1693226361771,40,2,38
29552,1693226361771,1692254097536,1692254097539,1693226361786,15,3,12
29553,1693226361786,1692254097543,1692254097546,1693226361794,8,3,5
29554,1693226361794,1692254097551,1692254097554,1693226361801,7,3,4
29555,1693226361801,1692254097559,1692254097562,1693226361810,9,3,6
29556,1693226361810,1692254097567,1692254097570,1693226361817,7,3,4
29557,1693226361817,1692254097597,1692254097601,1693226361848,31,4,27
29558,1693226361848,1692254097606,1692254097621,1693226361868,20,15,5
29559,1693226361868,1692254097626,1692254097630,1693226361877,9,4,5
29560,1693226361877,1692254097634,1692254097637,1693226361885,8,3,5
29561,1693226361885,1692254097641,1692254097645,1693226361892,7,4,3
29562,1693226361892,1692254097649,1692254097652,1693226361899,7,3,4
29563,1693226361899,1692254097656,1692254097660,1693226361907,8,4,4
29564,1693226361907,1692254097664,1692254097667,1693226361915,8,3,5
29565,1693226361915,1692254097672,1692254097675,1693226361922,7,3,4
29566,1693226361922,1692254097679,1692254097682,1693226361930,8,3,5
29567,1693226361930,1692254097686,1692254097694,1693226361941,11,8,3
29568,1693226361941,1692254097698,1692254097702,1693226361949,8,4,4
29569,1693226361949,1692254097705,1692254097708,1693226361956,7,3,4
29570,1693226361956,1692254097713,1692254097716,1693226361963,7,3,4
29571,1693226361963,1692254097720,1692254097723,1693226361970,7,3,4
29572,1693226361970,1692254097728,1692254097730,1693226361978,8,2,6
29573,1693226361978,1692254097735,1692254097740,1693226361987,9,5,4
29574,1693226361987,1692254097744,1692254097747,1693226361995,8,3,5
29575,1693226361995,1692254097753,1692254097756,1693226362003,8,3,5
29576,1693226362003,1692254097769,1692254097772,1693226362019,16,3,13
29577,1693226362019,1692254097780,1692254097783,1693226362030,11,3,8
29578,1693226362030,1692254097788,1692254097791,1693226362038,8,3,5
29579,1693226362039,1692254097795,1692254097798,1693226362045,6,3,3
29580,1693226362045,1692254097803,1692254097806,1693226362053,8,3,5
29581,1693226362053,1692254097819,1692254097822,1693226362069,16,3,13
29582,1693226362069,1692254097833,1692254097836,1693226362083,14,3,11
29583,1693226362083,1692254097857,1692254097860,1693226362108,25,3,22
29584,1693226362108,1692254097885,1692254097888,1693226362139,31,3,28
29585,1693226362140,1692254097917,1692254097920,1693226362167,27,3,24
29586,1693226362167,1692254097924,1692254097927,1693226362174,7,3,4
29587,1693226362174,1692254097930,1692254097933,1693226362180,6,3,3
29588,1693226362180,1692254097937,1692254097939,1693226362186,6,2,4
29589,1693226362186,1692254097944,1692254097948,1693226362196,10,4,6
29590,1693226362196,1692254097953,1692254097956,1693226362288,92,3,89
29591,1693226362288,1692254098054,1692254098057,1693226362304,16,3,13
29592,1693226362304,1692254098073,1692254098076,1693226362323,19,3,16
29593,1693226362323,1692254098094,1692254098096,1693226362344,21,2,19
29594,1693226362344,1692254098102,1692254098105,1693226362352,8,3,5
29595,1693226362352,1692254098110,1692254098114,1693226362362,10,4,6
29596,1693226362362,1692254098120,1692254098123,1693226362371,9,3,6
29597,1693226362371,1692254098127,1692254098131,1693226362378,7,4,3
29598,1693226362378,1692254098137,1692254098140,1693226362387,9,3,6
29599,1693226362388,1692254098153,1692254098156,1693226362404,16,3,13
29600,1693226362404,1692254098194,1692254098197,1693226362445,41,3,38
29601,1693226362445,1692254098202,1692254098205,1693226362456,11,3,8
29602,1693226362456,1692254098213,1692254098216,1693226362463,7,3,4
29603,1693226362463,1692254098220,1692254098223,1693226362470,7,3,4
29604,1693226362470,1692254098228,1692254098230,1693226362478,8,2,6
29605,1693226362478,1692254098235,1692254098238,1693226362485,7,3,4
29606,1693226362485,1692254098242,1692254098245,1693226362492,7,3,4
29607,1693226362492,1692254098251,1692254098254,1693226362502,10,3,7
29608,1693226362502,1692254098259,1692254098262,1693226362509,7,3,4
29609,1693226362509,1692254098270,1692254098273,1693226362520,11,3,8
29610,1693226362520,1692254098277,1692254098282,1693226362529,9,5,4
29611,1693226362530,1692254098287,1692254098290,1693226362537,7,3,4
29612,1693226362537,1692254098294,1692254098297,1693226362545,8,3,5
29613,1693226362545,1692254098302,1692254098305,1693226362553,8,3,5
29614,1693226362553,1692254098310,1692254098313,1693226362560,7,3,4
29615,1693226362560,1692254098317,1692254098320,1693226362567,7,3,4
29616,1693226362567,1692254098324,1692254098327,1693226362575,8,3,5
29617,1693226362575,1692254098332,1692254098335,1693226362582,7,3,4
29618,1693226362582,1692254098378,1692254098381,1693226362628,46,3,43
29619,1693226362628,1692254098389,1692254098392,1693226362639,11,3,8
29620,1693226362639,1692254098401,1692254098404,1693226362652,13,3,10
29621,1693226362652,1692254098410,1692254098413,1693226362664,12,3,9
29622,1693226362664,1692254098426,1692254098429,1693226362677,13,3,10
29623,1693226362677,1692254098445,1692254098448,1693226362695,18,3,15
29624,1693226362695,1692254098452,1692254098455,1693226362702,7,3,4
29625,1693226362702,1692254098486,1692254098488,1693226362736,34,2,32
29626,1693226362736,1692254098493,1692254098496,1693226362743,7,3,4
29627,1693226362744,1692254098593,1692254098597,1693226362845,101,4,97
29628,1693226362845,1692254098602,1692254098605,1693226362853,8,3,5
29629,1693226362853,1692254098653,1692254098656,1693226362906,53,3,50
29630,1693226362906,1692254098679,1692254098682,1693226362930,24,3,21
29631,1693226362930,1692254098737,1692254098740,1693226362987,57,3,54
29632,1693226362987,1692254098744,1692254098747,1693226362995,8,3,5
29633,1693226362995,1692254098829,1692254098833,1693226363080,85,4,81
29634,1693226363080,1692254098837,1692254098840,1693226363087,7,3,4
29635,1693226363087,1692254098849,1692254098852,1693226363100,13,3,10
29636,1693226363100,1692254098870,1692254098872,1693226363120,20,2,18
29637,1693226363120,1692254098879,1692254098882,1693226363130,10,3,7
29638,1693226363130,1692254098887,1692254098890,1693226363137,7,3,4
29639,1693226363137,1692254098905,1692254098908,1693226363155,18,3,15
29640,1693226363155,1692254098913,1692254098916,1693226363163,8,3,5
29641,1693226363163,1692254098920,1692254098924,1693226363171,8,4,4
29642,1693226363171,1692254098928,1692254098932,1693226363179,8,4,4
29643,1693226363179,1692254098950,1692254098953,1693226363201,22,3,19
29644,1693226363201,1692254098958,1692254098961,1693226363208,7,3,4
29645,1693226363208,1692254098965,1692254098972,1693226363219,11,7,4
29646,1693226363219,1692254099070,1692254099072,1693226363320,101,2,99
29647,1693226363320,1692254099111,1692254099116,1693226363363,43,5,38
29648,1693226363363,1692254099120,1692254099123,1693226363371,8,3,5
29649,1693226363371,1692254099134,1692254099137,1693226363384,13,3,10
29650,1693226363384,1692254099157,1692254099160,1693226363408,24,3,21
29651,1693226363408,1692254099178,1692254099181,1693226363428,20,3,17
29652,1693226363428,1692254099221,1692254099224,1693226363472,44,3,41
29653,1693226363472,1692254099269,1692254099273,1693226363521,49,4,45
29654,1693226363521,1692254099325,1692254099328,1693226363580,59,3,56
29655,1693226363580,1692254099338,1692254099341,1693226363588,8,3,5
29656,1693226363588,1692254099429,1692254099433,1693226363680,92,4,88
29657,1693226363680,1692254099489,1692254099492,1693226363739,59,3,56
29658,1693226363739,1692254099538,1692254099541,1693226363788,49,3,46
29659,1693226363788,1692254099581,1692254099584,1693226363832,44,3,41
29660,1693226363832,1692254099593,1692254099596,1693226363844,12,3,9
29661,1693226363844,1692254099601,1692254099604,1693226363851,7,3,4
29662,1693226363852,1692254099662,1692254099665,1693226363912,60,3,57
29663,1693226363912,1692254099674,1692254099676,1693226363923,11,2,9
29664,1693226363924,1692254099702,1692254099704,1693226363951,27,2,25
29665,1693226363951,1692254099709,1692254099712,1693226363960,9,3,6
29666,1693226363960,1692254099737,1692254099740,1693226363988,28,3,25
29667,1693226363988,1692254099757,1692254099761,1693226364008,20,4,16
29668,1693226364008,1692254099770,1692254099772,1693226364020,12,2,10
29669,1693226364020,1692254099777,1692254099780,1693226364028,8,3,5
29670,1693226364028,1692254099825,1692254099828,1693226364075,47,3,44
29671,1693226364075,1692254099832,1692254099835,1693226364083,8,3,5
29672,1693226364083,1692254099840,1692254099843,1693226364090,7,3,4
29673,1693226364090,1692254099848,1692254099851,1693226364098,8,3,5
29674,1693226364098,1692254099855,1692254099859,1693226364106,8,4,4
29675,1693226364106,1692254099863,1692254099866,1693226364113,7,3,4
29676,1693226364113,1692254099879,1692254099888,1693226364135,22,9,13
29677,1693226364135,1692254099913,1692254099916,1693226364163,28,3,25
29678,1693226364163,1692254099921,1692254099923,1693226364171,8,2,6
29679,1693226364171,1692254099928,1692254099931,1693226364178,7,3,4
29680,1693226364178,1692254099935,1692254099939,1693226364186,8,4,4
29681,1693226364186,1692254099958,1692254099962,1693226364209,23,4,19
29682,1693226364209,1692254099967,1692254099971,1693226364218,9,4,5
29683,1693226364218,1692254100077,1692254100081,1693226364328,110,4,106
29684,1693226364328,1692254100090,1692254100095,1693226364342,14,5,9
29685,1693226364342,1692254100114,1692254100117,1693226364364,22,3,19
29686,1693226364364,1692254100129,1692254100133,1693226364380,16,4,12
29687,1693226364380,1692254100153,1692254100156,1693226364403,23,3,20
29688,1693226364403,1692254100185,1692254100189,1693226364442,39,4,35
29689,1693226364442,1692254100226,1692254100230,1693226364477,35,4,31
29690,1693226364477,1692254100261,1692254100264,1693226364511,34,3,31
29691,1693226364511,1692254100290,1692254100293,1693226364540,29,3,26
29692,1693226364540,1692254100300,1692254100302,1693226364550,10,2,8
29693,1693226364550,1692254100321,1692254100324,1693226364571,21,3,18
29694,1693226364571,1692254100353,1692254100355,1693226364603,32,2,30
29695,1693226364603,1692254100362,1692254100364,1693226364611,8,2,6
29696,1693226364611,1692254100417,1692254100421,1693226364672,61,4,57
29697,1693226364672,1692254100429,1692254100432,1693226364679,7,3,4
29698,1693226364679,1692254100517,1692254100521,1693226364768,89,4,85
29699,1693226364768,1692254100530,1692254100533,1693226364781,13,3,10
29700,1693226364781,1692254100539,1692254100542,1693226364789,8,3,5
29701,1693226364789,1692254100550,1692254100552,1693226364799,10,2,8
29702,1693226364800,1692254100570,1692254100572,1693226364822,22,2,20
29703,1693226364822,1692254100593,1692254100596,1693226364845,23,3,20
29704,1693226364845,1692254100602,1692254100606,1693226364854,9,4,5
29705,1693226364854,1692254100658,1692254100661,1693226364908,54,3,51
29706,1693226364909,1692254100725,1692254100728,1693226364976,67,3,64
29707,1693226364976,1692254100733,1692254100738,1693226364985,9,5,4
29708,1693226364985,1692254100742,1692254100745,1693226364992,7,3,4
29709,1693226364992,1692254100750,1692254100753,1693226365001,9,3,6
29710,1693226365001,1692254100838,1692254100841,1693226365089,88,3,85
29711,1693226365089,1692254100854,1692254100857,1693226365104,15,3,12
29712,1693226365104,1692254100861,1692254100864,1693226365111,7,3,4
29713,1693226365111,1692254100929,1692254100932,1693226365179,68,3,65
29714,1693226365179,1692254100950,1692254100953,1693226365201,22,3,19
29715,1693226365201,1692254100958,1692254100961,1693226365208,7,3,4
29716,1693226365208,1692254101029,1692254101032,1693226365279,71,3,68
29717,1693226365279,1692254101036,1692254101039,1693226365286,7,3,4
29718,1693226365286,1692254101043,1692254101046,1693226365293,7,3,4
29719,1693226365293,1692254101070,1692254101073,1693226365321,28,3,25
29720,1693226365321,1692254101101,1692254101104,1693226365352,31,3,28
29721,1693226365352,1692254101109,1692254101115,1693226365364,12,6,6
29722,1693226365364,1692254101121,1692254101124,1693226365372,8,3,5
29723,1693226365372,1692254101129,1692254101131,1693226365379,7,2,5
29724,1693226365379,1692254101209,1692254101212,1693226365460,81,3,78
29725,1693226365460,1692254101233,1692254101236,1693226365504,44,3,41
29726,1693226365504,1692254101273,1692254101276,1693226365528,24,3,21
29727,1693226365528,1692254101290,1692254101292,1693226365540,12,2,10
29728,1693226365540,1692254101297,1692254101300,1693226365547,7,3,4
29729,1693226365547,1692254101304,1692254101307,1693226365554,7,3,4
29730,1693226365554,1692254101311,1692254101314,1693226365561,7,3,4
29731,1693226365561,1692254101327,1692254101330,1693226365578,17,3,14
29732,1693226365578,1692254101335,1692254101339,1693226365587,9,4,5
29733,1693226365587,1692254101344,1692254101348,1693226365596,9,4,5
29734,1693226365596,1692254101354,1692254101357,1693226365612,16,3,13
29735,1693226365612,1692254101401,1692254101404,1693226365652,40,3,37
29736,1693226365652,1692254101413,1692254101415,1693226365663,11,2,9
29737,1693226365663,1692254101426,1692254101428,1693226365676,13,2,11
29738,1693226365676,1692254101457,1692254101460,1693226365707,31,3,28
29739,1693226365707,1692254101464,1692254101467,1693226365715,8,3,5
29740,1693226365715,1692254101557,1692254101560,1693226365808,93,3,90
29741,1693226365808,1692254101582,1692254101585,1693226365832,24,3,21
29742,1693226365832,1692254101592,1692254101595,1693226365843,11,3,8
29743,1693226365843,1692254101600,1692254101603,1693226365851,8,3,5
29744,1693226365851,1692254101673,1692254101676,1693226365923,72,3,69
29745,1693226365923,1692254101681,1692254101684,1693226365931,8,3,5
29746,1693226365931,1692254101688,1692254101691,1693226365938,7,3,4
29747,1693226365938,1692254101695,1692254101698,1693226365945,7,3,4
29748,1693226365945,1692254101710,1692254101712,1693226365960,15,2,13
29749,1693226365960,1692254101740,1692254101744,1693226365992,32,4,28
29750,1693226365992,1692254101750,1692254101774,1693226366022,30,24,6
29751,1693226366022,1692254101785,1692254101788,1693226366035,13,3,10
29752,1693226366035,1692254101794,1692254101798,1693226366045,10,4,6
29753,1693226366045,1692254101803,1692254101806,1693226366053,8,3,5
29754,1693226366053,1692254101810,1692254101813,1693226366060,7,3,4
29755,1693226366060,1692254101816,1692254101819,1693226366066,6,3,3
29756,1693226366067,1692254101823,1692254101826,1693226366073,6,3,3
29757,1693226366073,1692254101830,1692254101833,1693226366080,7,3,4
29758,1693226366080,1692254101838,1692254101842,1693226366089,9,4,5
29759,1693226366089,1692254101846,1692254101850,1693226366097,8,4,4
29760,1693226366097,1692254101854,1692254101857,1693226366105,8,3,5
29761,1693226366105,1692254101862,1692254101865,1693226366112,7,3,4
29762,1693226366112,1692254101869,1692254101872,1693226366168,56,3,53
29763,1693226366168,1692254101925,1692254101928,1693226366175,7,3,4
29764,1693226366175,1692254101941,1692254101944,1693226366191,16,3,13
29765,1693226366191,1692254101949,1692254101953,1693226366200,9,4,5
29766,1693226366200,1692254101957,1692254101965,1693226366212,12,8,4
29767,1693226366212,1692254101970,1692254101973,1693226366220,8,3,5
29768,1693226366220,1692254101990,1692254101993,1693226366240,20,3,17
29769,1693226366240,1692254102001,1692254102004,1693226366251,11,3,8
29770,1693226366251,1692254102049,1692254102052,1693226366299,48,3,45
29771,1693226366299,1692254102056,1692254102059,1693226366306,7,3,4
29772,1693226366306,1692254102081,1692254102084,1693226366332,26,3,23
29773,1693226366332,1692254102097,1692254102100,1693226366347,15,3,12
29774,1693226366347,1692254102105,1692254102108,1693226366355,8,3,5
29775,1693226366355,1692254102113,1692254102116,1693226366363,8,3,5
29776,1693226366364,1692254102221,1692254102224,1693226366472,108,3,105
29777,1693226366472,1692254102233,1692254102236,1693226366483,11,3,8
29778,1693226366483,1692254102250,1692254102273,1693226366520,37,23,14
29779,1693226366520,1692254102310,1692254102313,1693226366560,40,3,37
29780,1693226366560,1692254102317,1692254102321,1693226366568,8,4,4
29781,1693226366568,1692254102325,1692254102328,1693226366576,8,3,5
29782,1693226366576,1692254102333,1692254102336,1693226366583,7,3,4
29783,1693226366583,1692254102340,1692254102343,1693226366592,9,3,6
29784,1693226366592,1692254102350,1692254102352,1693226366599,7,2,5
29785,1693226366599,1692254102356,1692254102359,1693226366607,8,3,5
29786,1693226366607,1692254102378,1692254102380,1693226366628,21,2,19
29787,1693226366628,1692254102394,1692254102397,1693226366644,16,3,13
29788,1693226366644,1692254102402,1692254102404,1693226366652,8,2,6
29789,1693226366652,1692254102425,1692254102438,1693226366685,33,13,20
29790,1693226366685,1692254102446,1692254102449,1693226366696,11,3,8
29791,1693226366696,1692254102530,1692254102533,1693226366780,84,3,81
29792,1693226366780,1692254102570,1692254102593,1693226366841,61,23,38
29793,1693226366841,1692254102598,1692254102604,1693226366851,10,6,4
29794,1693226366851,1692254102666,1692254102669,1693226366917,66,3,63
29795,1693226366917,1692254102674,1692254102677,1693226366924,7,3,4
29796,1693226366924,1692254102706,1692254102713,1693226366960,36,7,29
29797,1693226366960,1692254102733,1692254102736,1693226366983,23,3,20
29798,1693226366983,1692254102741,1692254102744,1693226366991,8,3,5
29799,1693226366991,1692254102793,1692254102796,1693226367048,57,3,54
29800,1693226367048,1692254102809,1692254102812,1693226367059,11,3,8
29801,1693226367059,1692254102816,1692254102819,1693226367067,8,3,5
29802,1693226367067,1692254102824,1692254102865,1693226367113,46,41,5
29803,1693226367113,1692254102877,1692254102880,1693226367146,33,3,30
29804,1693226367146,1692254102903,1692254102906,1693226367153,7,3,4
29805,1693226367153,1692254102917,1692254102920,1693226367167,14,3,11
29806,1693226367167,1692254102925,1692254102928,1693226367176,9,3,6
29807,1693226367176,1692254102933,1692254102936,1693226367183,7,3,4
29808,1693226367183,1692254102946,1692254102949,1693226367197,14,3,11
29809,1693226367197,1692254102954,1692254102957,1693226367207,10,3,7
29810,1693226367207,1692254102974,1692254102977,1693226367224,17,3,14
29811,1693226367224,1692254103005,1692254103009,1693226367256,32,4,28
29812,1693226367256,1692254103013,1692254103016,1693226367264,8,3,5
29813,1693226367264,1692254103021,1692254103024,1693226367272,8,3,5
29814,1693226367272,1692254103029,1692254103032,1693226367279,7,3,4
29815,1693226367279,1692254103036,1692254103039,1693226367286,7,3,4
29816,1693226367286,1692254103044,1692254103047,1693226367295,9,3,6
29817,1693226367295,1692254103097,1692254103100,1693226367347,52,3,49
29818,1693226367347,1692254103119,1692254103122,1693226367384,37,3,34
29819,1693226367384,1692254103213,1692254103216,1693226367463,79,3,76
29820,1693226367463,1692254103222,1692254103225,1693226367472,9,3,6
29821,1693226367472,1692254103230,1692254103234,1693226367481,9,4,5
29822,1693226367481,1692254103296,1692254103299,1693226367546,65,3,62
29823,1693226367546,1692254103306,1692254103309,1693226367556,10,3,7
29824,1693226367557,1692254103314,1692254103317,1693226367564,7,3,4
29825,1693226367564,1692254103322,1692254103325,1693226367576,12,3,9
29826,1693226367576,1692254103334,1692254103337,1693226367585,9,3,6
29827,1693226367585,1692254103343,1692254103346,1693226367593,8,3,5
29828,1693226367593,1692254103350,1692254103353,1693226367601,8,3,5
29829,1693226367601,1692254103358,1692254103362,1693226367610,9,4,5
29830,1693226367610,1692254103367,1692254103370,1693226367617,7,3,4
29831,1693226367617,1692254103374,1692254103377,1693226367625,8,3,5
29832,1693226367625,1692254103406,1692254103409,1693226367656,31,3,28
29833,1693226367656,1692254103421,1692254103424,1693226367672,16,3,13
29834,1693226367672,1692254103428,1692254103431,1693226367678,6,3,3
29835,1693226367678,1692254103436,1692254103439,1693226367687,9,3,6
29836,1693226367687,1692254103444,1692254103446,1693226367694,7,2,5
29837,1693226367694,1692254103452,1692254103454,1693226367702,8,2,6
29838,1693226367702,1692254103474,1692254103477,1693226367725,23,3,20
29839,1693226367725,1692254103486,1692254103489,1693226367736,11,3,8
29840,1693226367736,1692254103578,1692254103581,1693226367828,92,3,89
29841,1693226367828,1692254103590,1692254103592,1693226367840,12,2,10
29842,1693226367840,1692254103597,1692254103600,1693226367847,7,3,4
29843,1693226367847,1692254103609,1692254103612,1693226367868,21,3,18
29844,1693226367868,1692254103625,1692254103627,1693226367875,7,2,5
29845,1693226367875,1692254103632,1692254103636,1693226367883,8,4,4
29846,1693226367883,1692254103640,1692254103643,1693226367890,7,3,4
29847,1693226367891,1692254103650,1692254103655,1693226367903,12,5,7
29848,1693226367903,1692254103663,1692254103666,1693226367914,11,3,8
29849,1693226367914,1692254103671,1692254103674,1693226367921,7,3,4
29850,1693226367921,1692254103694,1692254103697,1693226367944,23,3,20
29851,1693226367944,1692254103728,1692254103731,1693226367979,35,3,32
29852,1693226367979,1692254103742,1692254103746,1693226367993,14,4,10
29853,1693226367993,1692254103750,1692254103753,1693226368000,7,3,4
29854,1693226368000,1692254103806,1692254103809,1693226368056,56,3,53
29855,1693226368056,1692254103813,1692254103817,1693226368064,8,4,4
29856,1693226368064,1692254103822,1692254103824,1693226368072,8,2,6
29857,1693226368072,1692254103846,1692254103848,1693226368095,23,2,21
29858,1693226368095,1692254103854,1692254103857,1693226368104,9,3,6
29859,1693226368104,1692254103862,1692254103864,1693226368111,7,2,5
29860,1693226368111,1692254103893,1692254103896,1693226368143,32,3,29
29861,1693226368143,1692254103900,1692254103903,1693226368150,7,3,4
29862,1693226368150,1692254103923,1692254103926,1693226368173,23,3,20
29863,1693226368173,1692254103930,1692254103933,1693226368180,7,3,4
29864,1693226368180,1692254103950,1692254103953,1693226368200,20,3,17
29865,1693226368200,1692254103958,1692254103962,1693226368210,10,4,6
29866,1693226368210,1692254103969,1692254103973,1693226368220,10,4,6
29867,1693226368221,1692254103977,1692254103980,1693226368227,6,3,3
29868,1693226368227,1692254104026,1692254104033,1693226368284,57,7,50
29869,1693226368284,1692254104042,1692254104045,1693226368292,8,3,5
29870,1693226368292,1692254104058,1692254104060,1693226368308,16,2,14
29871,1693226368308,1692254104119,1692254104122,1693226368370,62,3,59
29872,1693226368370,1692254104126,1692254104130,1693226368378,8,4,4
29873,1693226368378,1692254104266,1692254104269,1693226368516,138,3,135
29874,1693226368516,1692254104281,1692254104284,1693226368531,15,3,12
29875,1693226368531,1692254104349,1692254104353,1693226368600,69,4,65
29876,1693226368600,1692254104364,1692254104366,1693226368614,14,2,12
29877,1693226368614,1692254104374,1692254104377,1693226368624,10,3,7
29878,1693226368624,1692254104387,1692254104390,1693226368637,13,3,10
29879,1693226368637,1692254104414,1692254104416,1693226368664,27,2,25
29880,1693226368664,1692254104421,1692254104424,1693226368671,7,3,4
29881,1693226368671,1692254104445,1692254104449,1693226368696,25,4,21
29882,1693226368696,1692254104453,1692254104456,1693226368703,7,3,4
29883,1693226368703,1692254104461,1692254104464,1693226368716,13,3,10
29884,1693226368716,1692254104510,1692254104513,1693226368761,45,3,42
29885,1693226368761,1692254104542,1692254104544,1693226368792,31,2,29
29886,1693226368792,1692254104548,1692254104551,1693226368798,6,3,3
29887,1693226368798,1692254104555,1692254104557,1693226368804,6,2,4
29888,1693226368804,1692254104561,1692254104564,1693226368812,8,3,5
29889,1693226368812,1692254104570,1692254104573,1693226368820,8,3,5
29890,1693226368820,1692254104594,1692254104598,1693226368845,25,4,21
29891,1693226368845,1692254104673,1692254104676,1693226368924,79,3,76
29892,1693226368924,1692254104686,1692254104689,1693226368936,12,3,9
29893,1693226368936,1692254104697,1692254104700,1693226368949,13,3,10
29894,1693226368949,1692254104726,1692254104729,1693226368977,28,3,25
29895,1693226368977,1692254104744,1692254104748,1693226368995,18,4,14
29896,1693226368995,1692254104752,1692254104755,1693226369002,7,3,4
29897,1693226369002,1692254104813,1692254104816,1693226369064,62,3,59
29898,1693226369064,1692254104950,1692254104952,1693226369200,136,2,134
29899,1693226369200,1692254104956,1692254104959,1693226369206,6,3,3
29900,1693226369206,1692254104965,1692254104968,1693226369215,9,3,6
29901,1693226369215,1692254105010,1692254105013,1693226369261,46,3,43
29902,1693226369261,1692254105042,1692254105062,1693226369309,48,20,28
29903,1693226369309,1692254105081,1692254105106,1693226369353,44,25,19
29904,1693226369353,1692254105113,1692254105116,1693226369364,11,3,8
29905,1693226369364,1692254105121,1692254105124,1693226369371,7,3,4
29906,1693226369371,1692254105130,1692254105189,1693226369436,65,59,6
29907,1693226369436,1692254105193,1692254105196,1693226369480,44,3,41
29908,1693226369480,1692254105247,1692254105251,1693226369498,18,4,14
29909,1693226369498,1692254105255,1692254105259,1693226369506,8,4,4
29910,1693226369506,1692254105264,1692254105266,1693226369514,8,2,6
29911,1693226369514,1692254105271,1692254105274,1693226369522,8,3,5
29912,1693226369522,1692254105334,1692254105357,1693226369605,83,23,60
29913,1693226369605,1692254105370,1692254105373,1693226369620,15,3,12
29914,1693226369620,1692254105396,1692254105399,1693226369647,27,3,24
29915,1693226369647,1692254105404,1692254105406,1693226369653,6,2,4
29916,1693226369654,1692254105411,1692254105413,1693226369661,7,2,5
29917,1693226369661,1692254105420,1692254105423,1693226369670,9,3,6
29918,1693226369670,1692254105428,1692254105431,1693226369679,9,3,6
29919,1693226369679,1692254105436,1692254105439,1693226369686,7,3,4
29920,1693226369686,1692254105481,1692254105484,1693226369731,45,3,42
29921,1693226369731,1692254105529,1692254105533,1693226369780,49,4,45
29922,1693226369780,1692254105537,1692254105540,1693226369787,7,3,4
29923,1693226369787,1692254105554,1692254105556,1693226369804,17,2,15
29924,1693226369804,1692254105561,1692254105564,1693226369811,7,3,4
29925,1693226369811,1692254105569,1692254105572,1693226369819,8,3,5
29926,1693226369819,1692254105575,1692254105579,1693226369826,7,4,3
29927,1693226369826,1692254105583,1692254105586,1693226369834,8,3,5
29928,1693226369834,1692254105591,1692254105594,1693226369841,7,3,4
29929,1693226369841,1692254105598,1692254105602,1693226369850,9,4,5
29930,1693226369850,1692254105637,1692254105640,1693226369887,37,3,34
29931,1693226369887,1692254105661,1692254105664,1693226369912,25,3,22
29932,1693226369912,1692254105671,1692254105674,1693226369922,10,3,7
29933,1693226369922,1692254105679,1692254105682,1693226369929,7,3,4
29934,1693226369929,1692254105685,1692254105689,1693226369936,7,4,3
29935,1693226369936,1692254105693,1692254105696,1693226369944,8,3,5
29936,1693226369944,1692254105701,1692254105704,1693226369951,7,3,4
29937,1693226369951,1692254105709,1692254105712,1693226369959,8,3,5
29938,1693226369959,1692254105716,1692254105719,1693226369966,7,3,4
29939,1693226369966,1692254105723,1692254105726,1693226369974,8,3,5
29940,1693226369974,1692254105731,1692254105735,1693226369982,8,4,4
29941,1693226369982,1692254105740,1692254105743,1693226369990,8,3,5
29942,1693226369990,1692254105748,1692254105751,1693226369999,9,3,6
29943,1693226369999,1692254105756,1692254105759,1693226370006,7,3,4
29944,1693226370006,1692254105769,1692254105773,1693226370020,14,4,10
29945,1693226370020,1692254105777,1692254105780,1693226370027,7,3,4
29946,1693226370028,1692254105805,1692254105808,1693226370055,27,3,24
29947,1693226370055,1692254105812,1692254105815,1693226370062,7,3,4
29948,1693226370062,1692254105821,1692254105824,1693226370071,9,3,6
29949,1693226370071,1692254105857,1692254105860,1693226370107,36,3,33
29950,1693226370107,1692254105870,1692254105873,1693226370120,13,3,10
29951,1693226370120,1692254105886,1692254105889,1693226370136,16,3,13
29952,1693226370136,1692254105894,1692254105917,1693226370165,29,23,6
29953,1693226370165,1692254105933,1692254105937,1693226370184,19,4,15
29954,1693226370184,1692254105941,1692254105944,1693226370191,7,3,4
29955,1693226370191,1692254105957,1692254105961,1693226370208,17,4,13
29956,1693226370208,1692254105966,1692254105968,1693226370216,8,2,6
29957,1693226370216,1692254105974,1692254106009,1693226370256,40,35,5
29958,1693226370256,1692254106013,1692254106017,1693226370265,9,4,5
29959,1693226370265,1692254106033,1692254106036,1693226370283,18,3,15
29960,1693226370283,1692254106046,1692254106048,1693226370296,13,2,11
29961,1693226370296,1692254106061,1692254106064,1693226370312,16,3,13
29962,1693226370312,1692254106073,1692254106077,1693226370324,12,4,8
29963,1693226370324,1692254106082,1692254106085,1693226370332,8,3,5
29964,1693226370332,1692254106090,1692254106093,1693226370340,8,3,5
29965,1693226370340,1692254106100,1692254106103,1693226370351,11,3,8
29966,1693226370351,1692254106108,1692254106111,1693226370359,8,3,5
29967,1693226370359,1692254106119,1692254106122,1693226370369,10,3,7
29968,1693226370370,1692254106127,1692254106146,1693226370394,24,19,5
29969,1693226370394,1692254106158,1692254106161,1693226370408,14,3,11
29970,1693226370408,1692254106168,1692254106171,1693226370419,11,3,8
29971,1693226370419,1692254106178,1692254106180,1693226370428,9,2,7
29972,1693226370428,1692254106196,1692254106199,1693226370446,18,3,15
29973,1693226370446,1692254106203,1692254106207,1693226370456,10,4,6
29974,1693226370456,1692254106214,1692254106241,1693226370488,32,27,5
29975,1693226370488,1692254106245,1692254106255,1693226370502,14,10,4
29976,1693226370502,1692254106293,1692254106296,1693226370544,42,3,39
29977,1693226370544,1692254106301,1692254106305,1693226370553,9,4,5
29978,1693226370553,1692254106310,1692254106313,1693226370560,7,3,4
29979,1693226370560,1692254106317,1692254106320,1693226370567,7,3,4
29980,1693226370567,1692254106373,1692254106376,1693226370623,56,3,53
29981,1693226370623,1692254106489,1692254106492,1693226370739,116,3,113
29982,1693226370739,1692254106521,1692254106524,1693226370771,32,3,29
29983,1693226370771,1692254106528,1692254106532,1693226370779,8,4,4
29984,1693226370779,1692254106536,1692254106539,1693226370786,7,3,4
29985,1693226370786,1692254106546,1692254106548,1693226370796,10,2,8
29986,1693226370796,1692254106552,1692254106555,1693226370803,7,3,4
29987,1693226370803,1692254106560,1692254106563,1693226370810,7,3,4
29988,1693226370810,1692254106568,1692254106571,1693226370818,8,3,5
29989,1693226370818,1692254106575,1692254106578,1693226370825,7,3,4
29990,1693226370825,1692254106583,1692254106585,1693226370832,7,2,5
29991,1693226370832,1692254106590,1692254106596,1693226370843,11,6,5
29992,1693226370843,1692254106601,1692254106605,1693226370852,9,4,5
29993,1693226370852,1692254106626,1692254106629,1693226370881,29,3,26
29994,1693226370881,1692254106638,1692254106641,1693226370888,7,3,4
29995,1693226370888,1692254106746,1692254106749,1693226370997,109,3,106
29996,1693226370997,1692254106756,1692254106759,1693226371007,10,3,7
29997,1693226371007,1692254106774,1692254106777,1693226371024,17,3,14
29998,1693226371024,1692254106782,1692254106785,1693226371032,8,3,5
29999,1693226371032,1692254106789,1692254106792,1693226371039,7,3,4
30000,1693226371039,1692254106797,1692254106800,1693226371047,8,3,5
30001,1693226371047,1692254106818,1692254106820,1693226371068,21,2,19
30002,1693226371068,1692254106834,1692254106836,1693226371084,16,2,14
30003,1693226371084,1692254106846,1692254106849,1693226371098,14,3,11
30004,1693226371098,1692254106894,1692254106898,1693226371145,47,4,43
30005,1693226371145,1692254106910,1692254106913,1693226371160,15,3,12
30006,1693226371160,1692254106942,1692254106945,1693226371193,33,3,30
30007,1693226371193,1692254106958,1692254106962,1693226371209,16,4,12
30008,1693226371209,1692254106966,1692254106970,1693226371218,9,4,5
30009,1693226371218,1692254106996,1692254106999,1693226371246,28,3,25
30010,1693226371246,1692254107057,1692254107060,1693226371308,62,3,59
30011,1693226371308,1692254107065,1692254107069,1693226371316,8,4,4
30012,1693226371316,1692254107073,1692254107076,1693226371323,7,3,4
30013,1693226371323,1692254107089,1692254107092,1693226371339,16,3,13
30014,1693226371339,1692254107096,1692254107101,1693226371348,9,5,4
30015,1693226371348,1692254107105,1692254107108,1693226371355,7,3,4
30016,1693226371355,1692254107111,1692254107115,1693226371362,7,4,3
30017,1693226371362,1692254107119,1692254107122,1693226371370,8,3,5
30018,1693226371370,1692254107127,1692254107130,1693226371378,8,3,5
30019,1693226371378,1692254107135,1692254107139,1693226371386,8,4,4
30020,1693226371386,1692254107174,1692254107177,1693226371424,38,3,35
30021,1693226371424,1692254107209,1692254107212,1693226371459,35,3,32
30022,1693226371459,1692254107225,1692254107228,1693226371475,16,3,13
30023,1693226371475,1692254107232,1692254107235,1693226371482,7,3,4
30024,1693226371482,1692254107245,1692254107248,1693226371496,14,3,11
30025,1693226371496,1692254107253,1692254107256,1693226371503,7,3,4
30026,1693226371503,1692254107262,1692254107266,1693226371513,10,4,6
30027,1693226371513,1692254107273,1692254107276,1693226371525,12,3,9
30028,1693226371526,1692254107301,1692254107304,1693226371551,25,3,22
30029,1693226371551,1692254107308,1692254107311,1693226371558,7,3,4
30030,1693226371558,1692254107316,1692254107318,1693226371565,7,2,5
30031,1693226371566,1692254107373,1692254107376,1693226371623,57,3,54
30032,1693226371623,1692254107429,1692254107432,1693226371679,56,3,53
30033,1693226371679,1692254107457,1692254107460,1693226371707,28,3,25
30034,1693226371707,1692254107478,1692254107480,1693226371728,21,2,19
30035,1693226371728,1692254107510,1692254107512,1693226371816,88,2,86
30036,1693226371816,1692254107574,1692254107577,1693226371824,8,3,5
30037,1693226371824,1692254107581,1692254107584,1693226371832,8,3,5
30038,1693226371832,1692254107597,1692254107600,1693226371848,16,3,13
30039,1693226371848,1692254107605,1692254107610,1693226371857,9,5,4
30040,1693226371857,1692254107614,1692254107646,1693226371894,37,32,5
30041,1693226371894,1692254107725,1692254107729,1693226371976,82,4,78
30042,1693226371976,1692254107734,1692254107737,1693226371984,8,3,5
30043,1693226371984,1692254107750,1692254107754,1693226372002,18,4,14
30044,1693226372002,1692254107760,1692254107764,1693226372011,9,4,5
30045,1693226372011,1692254107846,1692254107854,1693226372101,90,8,82
30046,1693226372101,1692254107872,1692254107874,1693226372122,21,2,19
30047,1693226372122,1692254107880,1692254107882,1693226372130,8,2,6
30048,1693226372130,1692254107897,1692254107900,1693226372152,22,3,19
30049,1693226372152,1692254107910,1692254107913,1693226372161,9,3,6
30050,1693226372161,1692254107922,1692254107924,1693226372171,10,2,8
30051,1693226372172,1692254107957,1692254107962,1693226372210,38,5,33
30052,1693226372210,1692254107989,1692254107993,1693226372240,30,4,26
30053,1693226372240,1692254107997,1692254108000,1693226372247,7,3,4
30054,1693226372247,1692254108004,1692254108007,1693226372254,7,3,4
30055,1693226372254,1692254108011,1692254108015,1693226372262,8,4,4
30056,1693226372262,1692254108026,1692254108029,1693226372276,14,3,11
30057,1693226372276,1692254108050,1692254108053,1693226372304,28,3,25
30058,1693226372304,1692254108096,1692254108099,1693226372346,42,3,39
30059,1693226372346,1692254108114,1692254108118,1693226372365,19,4,15
30060,1693226372365,1692254108123,1692254108127,1693226372374,9,4,5
30061,1693226372374,1692254108138,1692254108140,1693226372387,13,2,11
30062,1693226372387,1692254108146,1692254108149,1693226372397,10,3,7
30063,1693226372397,1692254108154,1692254108157,1693226372404,7,3,4
30064,1693226372404,1692254108161,1692254108164,1693226372411,7,3,4
30065,1693226372411,1692254108233,1692254108236,1693226372483,72,3,69
30066,1693226372483,1692254108240,1692254108243,1693226372490,7,3,4
30067,1693226372490,1692254108247,1692254108250,1693226372497,7,3,4
30068,1693226372497,1692254108265,1692254108268,1693226372515,18,3,15
30069,1693226372515,1692254108272,1692254108276,1693226372523,8,4,4
30070,1693226372523,1692254108280,1692254108283,1693226372531,8,3,5
30071,1693226372532,1692254108309,1692254108312,1693226372559,27,3,24
30072,1693226372559,1692254108326,1692254108329,1693226372576,17,3,14
30073,1693226372576,1692254108333,1692254108336,1693226372584,8,3,5
30074,1693226372584,1692254108341,1692254108343,1693226372590,6,2,4
30075,1693226372590,1692254108348,1692254108350,1693226372598,8,2,6
30076,1693226372598,1692254108374,1692254108376,1693226372623,25,2,23
30077,1693226372624,1692254108386,1692254108389,1693226372636,12,3,9
30078,1693226372636,1692254108393,1692254108398,1693226372646,10,5,5
30079,1693226372646,1692254108462,1692254108465,1693226372713,67,3,64
30080,1693226372713,1692254108470,1692254108472,1693226372720,7,2,5
30081,1693226372720,1692254108480,1692254108483,1693226372730,10,3,7
30082,1693226372730,1692254108501,1692254108504,1693226372751,21,3,18
30083,1693226372751,1692254108507,1692254108510,1693226372758,7,3,4
30084,1693226372758,1692254108518,1692254108521,1693226372768,10,3,7
30085,1693226372768,1692254108537,1692254108540,1693226372787,19,3,16
30086,1693226372787,1692254108578,1692254108581,1693226372828,41,3,38
30087,1693226372828,1692254108597,1692254108600,1693226372848,20,3,17
30088,1693226372848,1692254108605,1692254108610,1693226372857,9,5,4
30089,1693226372857,1692254108614,1692254108617,1693226372865,8,3,5
30090,1693226372865,1692254108693,1692254108696,1693226372944,79,3,76
30091,1693226372944,1692254108701,1692254108704,1693226372951,7,3,4
30092,1693226372951,1692254108708,1692254108711,1693226372959,8,3,5
30093,1693226372959,1692254108716,1692254108719,1693226372966,7,3,4
30094,1693226372966,1692254108723,1692254108726,1693226372973,7,3,4
30095,1693226372973,1692254108731,1692254108734,1693226372981,8,3,5
30096,1693226372981,1692254108749,1692254108753,1693226373002,21,4,17
30097,1693226373002,1692254108763,1692254108767,1693226373014,12,4,8
30098,1693226373014,1692254108771,1692254108775,1693226373022,8,4,4
30099,1693226373022,1692254108785,1692254108789,1693226373036,14,4,10
30100,1693226373036,1692254108793,1692254108796,1693226373044,8,3,5
30101,1693226373044,1692254108805,1692254108808,1693226373056,12,3,9
30102,1693226373056,1692254108813,1692254108815,1693226373063,7,2,5
30103,1693226373063,1692254108819,1692254108822,1693226373070,7,3,4
30104,1693226373070,1692254108829,1692254108832,1693226373080,10,3,7
30105,1693226373080,1692254108837,1692254108840,1693226373087,7,3,4
30106,1693226373087,1692254108844,1692254108847,1693226373094,7,3,4
30107,1693226373094,1692254108853,1692254108856,1693226373103,9,3,6
30108,1693226373103,1692254108861,1692254108864,1693226373111,8,3,5
30109,1693226373111,1692254108870,1692254108873,1693226373120,9,3,6
30110,1693226373120,1692254108877,1692254108881,1693226373128,8,4,4
30111,1693226373128,1692254108901,1692254108904,1693226373151,23,3,20
30112,1693226373151,1692254108910,1692254108913,1693226373160,9,3,6
30113,1693226373160,1692254108921,1692254108924,1693226373171,11,3,8
30114,1693226373171,1692254108928,1692254108931,1693226373178,7,3,4
30115,1693226373178,1692254108935,1692254108938,1693226373186,8,3,5
30116,1693226373186,1692254108943,1692254108946,1693226373193,7,3,4
30117,1693226373193,1692254108966,1692254108968,1693226373216,23,2,21
30118,1693226373216,1692254108980,1692254108982,1693226373229,13,2,11
30119,1693226373229,1692254108990,1692254108992,1693226373240,11,2,9
30120,1693226373240,1692254108997,1692254109000,1693226373248,8,3,5
30121,1693226373248,1692254109061,1692254109064,1693226373312,64,3,61
30122,1693226373312,1692254109078,1692254109082,1693226373329,17,4,13
30123,1693226373329,1692254109086,1692254109089,1693226373336,7,3,4
30124,1693226373336,1692254109094,1692254109097,1693226373344,8,3,5
30125,1693226373344,1692254109118,1692254109123,1693226373370,26,5,21
30126,1693226373370,1692254109127,1692254109131,1693226373378,8,4,4
30127,1693226373378,1692254109135,1692254109138,1693226373385,7,3,4
30128,1693226373385,1692254109246,1692254109261,1693226373508,123,15,108
30129,1693226373508,1692254109273,1692254109276,1693226373524,16,3,13
30130,1693226373524,1692254109286,1692254109288,1693226373535,11,2,9
30131,1693226373535,1692254109305,1692254109308,1693226373556,21,3,18
30132,1693226373556,1692254109357,1692254109361,1693226373608,52,4,48
30133,1693226373608,1692254109405,1692254109408,1693226373658,50,3,47
30134,1693226373658,1692254109417,1692254109420,1693226373667,9,3,6
30135,1693226373667,1692254109426,1692254109428,1693226373675,8,2,6
30136,1693226373675,1692254109434,1692254109436,1693226373683,8,2,6
30137,1693226373683,1692254109442,1692254109444,1693226373691,8,2,6
30138,1693226373691,1692254109450,1692254109453,1693226373700,9,3,6
30139,1693226373700,1692254109463,1692254109466,1693226373713,13,3,10
30140,1693226373713,1692254109522,1692254109525,1693226373772,59,3,56
30141,1693226373772,1692254109550,1692254109553,1693226373800,28,3,25
30142,1693226373800,1692254109570,1692254109574,1693226373821,21,4,17
30143,1693226373821,1692254109580,1692254109583,1693226373830,9,3,6
30144,1693226373830,1692254109608,1692254109612,1693226373859,29,4,25
30145,1693226373859,1692254109618,1692254109621,1693226373869,10,3,7
30146,1693226373869,1692254109626,1692254109631,1693226373878,9,5,4
30147,1693226373878,1692254109650,1692254109652,1693226373900,22,2,20
30148,1693226373900,1692254109657,1692254109659,1693226373906,6,2,4
30149,1693226373906,1692254109670,1692254109672,1693226373920,14,2,12
30150,1693226373920,1692254109677,1692254109680,1693226373927,7,3,4
30151,1693226373927,1692254109689,1692254109692,1693226373940,13,3,10
30152,1693226373940,1692254109698,1692254109701,1693226373948,8,3,5
30153,1693226373948,1692254109721,1692254109724,1693226373971,23,3,20
30154,1693226373971,1692254109728,1692254109731,1693226373979,8,3,5
30155,1693226373979,1692254109779,1692254109782,1693226374030,51,3,48
30156,1693226374030,1692254109787,1692254109790,1693226374038,8,3,5
30157,1693226374038,1692254109795,1692254109798,1693226374045,7,3,4
30158,1693226374045,1692254109833,1692254109836,1693226374083,38,3,35
30159,1693226374083,1692254109847,1692254109850,1693226374098,15,3,12
30160,1693226374099,1692254109856,1692254109858,1693226374106,7,2,5
30161,1693226374106,1692254109886,1692254109889,1693226374137,31,3,28
30162,1693226374137,1692254109899,1692254109904,1693226374151,14,5,9
30163,1693226374151,1692254109922,1692254109924,1693226374203,52,2,50
30164,1693226374203,1692254109961,1692254109964,1693226374211,8,3,5
30165,1693226374212,1692254109969,1692254109972,1693226374219,7,3,4
30166,1693226374219,1692254110013,1692254110016,1693226374264,45,3,42
30167,1693226374264,1692254110021,1692254110024,1693226374272,8,3,5
30168,1693226374273,1692254110030,1692254110033,1693226374281,8,3,5
30169,1693226374281,1692254110050,1692254110062,1693226374309,28,12,16
30170,1693226374309,1692254110067,1692254110069,1693226374317,8,2,6
30171,1693226374317,1692254110074,1692254110077,1693226374325,8,3,5
30172,1693226374325,1692254110081,1692254110084,1693226374331,6,3,3
30173,1693226374331,1692254110088,1692254110091,1693226374338,7,3,4
30174,1693226374338,1692254110121,1692254110124,1693226374375,37,3,34
30175,1693226374375,1692254110132,1692254110135,1693226374382,7,3,4
30176,1693226374382,1692254110177,1692254110180,1693226374427,45,3,42
30177,1693226374427,1692254110184,1692254110187,1693226374434,7,3,4
30178,1693226374434,1692254110191,1692254110194,1693226374441,7,3,4
30179,1693226374441,1692254110205,1692254110208,1693226374455,14,3,11
30180,1693226374455,1692254110226,1692254110228,1693226374477,22,2,20
30181,1693226374477,1692254110238,1692254110240,1693226374488,11,2,9
30182,1693226374488,1692254110245,1692254110248,1693226374495,7,3,4
30183,1693226374495,1692254110269,1692254110272,1693226374519,24,3,21
30184,1693226374519,1692254110278,1692254110282,1693226374529,10,4,6
30185,1693226374529,1692254110290,1692254110293,1693226374540,11,3,8
30186,1693226374540,1692254110306,1692254110309,1693226374588,48,3,45
30187,1693226374588,1692254110390,1692254110393,1693226374640,52,3,49
30188,1693226374640,1692254110403,1692254110406,1693226374653,13,3,10
30189,1693226374653,1692254110410,1692254110413,1693226374661,8,3,5
30190,1693226374661,1692254110422,1692254110424,1693226374672,11,2,9
30191,1693226374672,1692254110433,1692254110437,1693226374684,12,4,8
30192,1693226374684,1692254110458,1692254110461,1693226374708,24,3,21
30193,1693226374708,1692254110465,1692254110468,1693226374715,7,3,4
30194,1693226374715,1692254110480,1692254110484,1693226374731,16,4,12
30195,1693226374731,1692254110506,1692254110509,1693226374756,25,3,22
30196,1693226374756,1692254110535,1692254110538,1693226374786,30,3,27
30197,1693226374786,1692254110599,1692254110602,1693226374849,63,3,60
30198,1693226374849,1692254110609,1692254110612,1693226374860,11,3,8
30199,1693226374860,1692254110685,1692254110726,1693226374973,113,41,72
30200,1693226374973,1692254110734,1692254110736,1693226374984,11,2,9
30201,1693226374984,1692254110740,1692254110743,1693226374990,6,3,3
30202,1693226374990,1692254110750,1692254110754,1693226375001,11,4,7
30203,1693226375001,1692254110759,1692254110762,1693226375010,9,3,6
30204,1693226375010,1692254110822,1692254110825,1693226375073,63,3,60
30205,1693226375073,1692254110845,1692254110848,1693226375095,22,3,19
30206,1693226375095,1692254110857,1692254110860,1693226375108,13,3,10
30207,1693226375108,1692254110869,1692254110872,1693226375119,11,3,8
30208,1693226375119,1692254110876,1692254110880,1693226375127,8,4,4
30209,1693226375127,1692254110884,1692254110887,1693226375134,7,3,4
30210,1693226375134,1692254110902,1692254110905,1693226375152,18,3,15
30211,1693226375152,1692254110926,1692254110929,1693226375176,24,3,21
30212,1693226375176,1692254110938,1692254110940,1693226375187,11,2,9
30213,1693226375187,1692254110944,1692254110947,1693226375194,7,3,4
30214,1693226375194,1692254110957,1692254110960,1693226375207,13,3,10
30215,1693226375207,1692254110964,1692254110967,1693226375215,8,3,5
30216,1693226375215,1692254111001,1692254111004,1693226375252,37,3,34
30217,1693226375252,1692254111026,1692254111030,1693226375277,25,4,21
30218,1693226375277,1692254111042,1692254111045,1693226375292,15,3,12
30219,1693226375292,1692254111051,1692254111054,1693226375302,10,3,7
30220,1693226375302,1692254111081,1692254111084,1693226375331,29,3,26
30221,1693226375331,1692254111088,1692254111091,1693226375339,8,3,5
30222,1693226375339,1692254111114,1692254111116,1693226375363,24,2,22
30223,1693226375364,1692254111121,1692254111124,1693226375371,7,3,4
30224,1693226375371,1692254111128,1692254111132,1693226375379,8,4,4
30225,1693226375379,1692254111136,1692254111139,1693226375386,7,3,4
30226,1693226375386,1692254111154,1692254111156,1693226375404,18,2,16
30227,1693226375404,1692254111165,1692254111168,1693226375415,11,3,8
30228,1693226375416,1692254111241,1692254111244,1693226375491,75,3,72
30229,1693226375492,1692254111248,1692254111251,1693226375501,9,3,6
30230,1693226375501,1692254111273,1692254111275,1693226375523,22,2,20
30231,1693226375523,1692254111293,1692254111296,1693226375543,20,3,17
30232,1693226375543,1692254111302,1692254111304,1693226375552,9,2,7
30233,1693226375552,1692254111309,1692254111312,1693226375559,7,3,4
30234,1693226375559,1692254111322,1692254111337,1693226375584,25,15,10
30235,1693226375584,1692254111369,1692254111373,1693226375621,37,4,33
30236,1693226375621,1692254111390,1692254111392,1693226375640,19,2,17
30237,1693226375640,1692254111397,1692254111400,1693226375647,7,3,4
30238,1693226375647,1692254111404,1692254111407,1693226375655,8,3,5
30239,1693226375655,1692254111430,1692254111433,1693226375681,26,3,23
30240,1693226375681,1692254111438,1692254111441,1693226375688,7,3,4
30241,1693226375688,1692254111449,1692254111452,1693226375699,11,3,8
30242,1693226375699,1692254111461,1692254111463,1693226375711,12,2,10
30243,1693226375711,1692254111479,1692254111482,1693226375729,18,3,15
30244,1693226375729,1692254111509,1692254111512,1693226375759,30,3,27
30245,1693226375759,1692254111516,1692254111519,1693226375766,7,3,4
30246,1693226375766,1692254111523,1692254111526,1693226375773,7,3,4
30247,1693226375773,1692254111593,1692254111598,1693226375845,72,5,67
30248,1693226375845,1692254111609,1692254111614,1693226375861,16,5,11
30249,1693226375861,1692254111618,1692254111654,1693226375901,40,36,4
30250,1693226375901,1692254111665,1692254111668,1693226375916,15,3,12
30251,1693226375916,1692254111673,1692254111676,1693226375923,7,3,4
30252,1693226375923,1692254111697,1692254111700,1693226375947,24,3,21
30253,1693226375947,1692254111706,1692254111709,1693226375957,10,3,7
30254,1693226375957,1692254111765,1692254111768,1693226376016,59,3,56
30255,1693226376016,1692254111789,1692254111792,1693226376039,23,3,20
30256,1693226376039,1692254111797,1692254111800,1693226376047,8,3,5
30257,1693226376047,1692254111805,1692254111808,1693226376055,8,3,5
30258,1693226376055,1692254111812,1692254111815,1693226376062,7,3,4
30259,1693226376062,1692254111819,1692254111823,1693226376070,8,4,4
30260,1693226376070,1692254111828,1692254111832,1693226376079,9,4,5
30261,1693226376079,1692254111839,1692254111842,1693226376089,10,3,7
30262,1693226376089,1692254111846,1692254111849,1693226376096,7,3,4
30263,1693226376096,1692254111853,1692254111856,1693226376103,7,3,4
30264,1693226376103,1692254111860,1692254111863,1693226376111,8,3,5
30265,1693226376111,1692254111897,1692254111900,1693226376147,36,3,33
30266,1693226376147,1692254111904,1692254111907,1693226376155,8,3,5
30267,1693226376155,1692254111912,1692254111915,1693226376162,7,3,4
30268,1693226376162,1692254111926,1692254111928,1693226376176,14,2,12
30269,1693226376176,1692254111933,1692254111936,1693226376183,7,3,4
30270,1693226376183,1692254111940,1692254111943,1693226376190,7,3,4
30271,1693226376190,1692254111947,1692254111951,1693226376198,8,4,4
30272,1693226376198,1692254111958,1692254111961,1693226376208,10,3,7
30273,1693226376208,1692254111966,1692254111969,1693226376218,10,3,7
30274,1693226376218,1692254111979,1692254111982,1693226376229,11,3,8
30275,1693226376229,1692254112029,1692254112032,1693226376280,51,3,48
30276,1693226376280,1692254112080,1692254112083,1693226376330,50,3,47
30277,1693226376330,1692254112088,1692254112091,1693226376338,8,3,5
30278,1693226376338,1692254112096,1692254112099,1693226376346,8,3,5
30279,1693226376346,1692254112109,1692254112112,1693226376360,14,3,11
30280,1693226376360,1692254112117,1692254112120,1693226376367,7,3,4
30281,1693226376367,1692254112124,1692254112127,1693226376374,7,3,4
30282,1693226376374,1692254112132,1692254112134,1693226376382,8,2,6
30283,1693226376382,1692254112146,1692254112149,1693226376397,15,3,12
30284,1693226376397,1692254112154,1692254112157,1693226376405,8,3,5
30285,1693226376405,1692254112162,1692254112165,1693226376412,7,3,4
30286,1693226376412,1692254112196,1692254112199,1693226376446,34,3,31
30287,1693226376446,1692254112206,1692254112217,1693226376464,18,11,7
30288,1693226376464,1692254112222,1692254112226,1693226376474,10,4,6
30289,1693226376474,1692254112242,1692254112245,1693226376492,18,3,15
30290,1693226376492,1692254112249,1692254112252,1693226376499,7,3,4
30291,1693226376499,1692254112301,1692254112305,1693226376552,53,4,49
30292,1693226376552,1692254112310,1692254112314,1693226376561,9,4,5
30293,1693226376561,1692254112346,1692254112349,1693226376596,35,3,32
30294,1693226376596,1692254112353,1692254112356,1693226376603,7,3,4
30295,1693226376603,1692254112362,1692254112364,1693226376611,8,2,6
30296,1693226376612,1692254112369,1692254112372,1693226376619,7,3,4
30297,1693226376619,1692254112381,1692254112384,1693226376632,13,3,10
30298,1693226376632,1692254112401,1692254112404,1693226376651,19,3,16
30299,1693226376651,1692254112437,1692254112440,1693226376688,37,3,34
30300,1693226376688,1692254112445,1692254112449,1693226376720,32,4,28
30301,1693226376720,1692254112477,1692254112480,1693226376730,10,3,7
30302,1693226376730,1692254112509,1692254112512,1693226376759,29,3,26
30303,1693226376759,1692254112545,1692254112548,1693226376796,37,3,34
30304,1693226376796,1692254112554,1692254112556,1693226376804,8,2,6
30305,1693226376804,1692254112565,1692254112568,1693226376815,11,3,8
30306,1693226376816,1692254112590,1692254112593,1693226376840,24,3,21
30307,1693226376840,1692254112598,1692254112600,1693226376847,7,2,5
30308,1693226376847,1692254112609,1692254112615,1693226376862,15,6,9
30309,1693226376862,1692254112669,1692254112672,1693226376919,57,3,54
30310,1693226376919,1692254112761,1692254112764,1693226377012,93,3,90
30311,1693226377012,1692254112769,1692254112772,1693226377020,8,3,5
30312,1693226377020,1692254112810,1692254112812,1693226377059,39,2,37
30313,1693226377060,1692254112821,1692254112824,1693226377071,11,3,8
30314,1693226377071,1692254112833,1692254112836,1693226377083,12,3,9
30315,1693226377083,1692254112841,1692254112844,1693226377091,8,3,5
30316,1693226377091,1692254112854,1692254112857,1693226377104,13,3,10
30317,1693226377104,1692254112861,1692254112867,1693226377114,10,6,4
30318,1693226377114,1692254112871,1692254112874,1693226377121,7,3,4
30319,1693226377121,1692254112897,1692254112901,1693226377148,27,4,23
30320,1693226377148,1692254112913,1692254112916,1693226377163,15,3,12
30321,1693226377163,1692254112921,1692254112925,1693226377172,9,4,5
30322,1693226377172,1692254112930,1692254112933,1693226377181,9,3,6
30323,1693226377181,1692254112938,1692254112941,1693226377188,7,3,4
30324,1693226377188,1692254112945,1692254112962,1693226377209,21,17,4
30325,1693226377209,1692254112967,1692254112973,1693226377220,11,6,5
30326,1693226377220,1692254113001,1692254113004,1693226377268,48,3,45
30327,1693226377268,1692254113025,1692254113028,1693226377275,7,3,4
30328,1693226377275,1692254113033,1692254113036,1693226377283,8,3,5
30329,1693226377283,1692254113040,1692254113043,1693226377291,8,3,5
30330,1693226377291,1692254113121,1692254113125,1693226377372,81,4,77
30331,1693226377372,1692254113129,1692254113133,1693226377380,8,4,4
30332,1693226377380,1692254113137,1692254113142,1693226377390,10,5,5
30333,1693226377390,1692254113158,1692254113161,1693226377408,18,3,15
30334,1693226377408,1692254113165,1692254113168,1693226377415,7,3,4
30335,1693226377415,1692254113172,1692254113175,1693226377422,7,3,4
30336,1693226377422,1692254113179,1692254113182,1693226377429,7,3,4
30337,1693226377429,1692254113187,1692254113189,1693226377436,7,2,5
30338,1693226377436,1692254113253,1692254113256,1693226377503,67,3,64
30339,1693226377503,1692254113260,1692254113263,1693226377510,7,3,4
30340,1693226377510,1692254113286,1692254113289,1693226377536,26,3,23
30341,1693226377536,1692254113361,1692254113364,1693226377611,75,3,72
30342,1693226377611,1692254113393,1692254113396,1693226377644,33,3,30
30343,1693226377644,1692254113402,1692254113406,1693226377653,9,4,5
30344,1693226377653,1692254113434,1692254113437,1693226377685,32,3,29
30345,1693226377685,1692254113442,1692254113445,1693226377692,7,3,4
30346,1693226377692,1692254113546,1692254113549,1693226377796,104,3,101
30347,1693226377796,1692254113553,1692254113556,1693226377803,7,3,4
30348,1693226377803,1692254113574,1692254113578,1693226377825,22,4,18
30349,1693226377825,1692254113622,1692254113638,1693226377886,61,16,45
30350,1693226377886,1692254113643,1692254113646,1693226377893,7,3,4
30351,1693226377893,1692254113661,1692254113664,1693226377911,18,3,15
30352,1693226377911,1692254113669,1692254113672,1693226377923,12,3,9
30353,1693226377923,1692254113680,1692254113683,1693226377930,7,3,4
30354,1693226377930,1692254113687,1692254113690,1693226377937,7,3,4
30355,1693226377937,1692254113694,1692254113697,1693226377944,7,3,4
30356,1693226377944,1692254113702,1692254113705,1693226377952,8,3,5
30357,1693226377952,1692254113709,1692254113712,1693226377959,7,3,4
30358,1693226377959,1692254113718,1692254113721,1693226377968,9,3,6
30359,1693226377968,1692254113725,1692254113728,1693226377975,7,3,4
30360,1693226377975,1692254113732,1692254113735,1693226377982,7,3,4
30361,1693226377982,1692254113764,1692254113766,1693226378014,32,2,30
30362,1693226378014,1692254113829,1692254113832,1693226378079,65,3,62
30363,1693226378079,1692254113853,1692254113856,1693226378103,24,3,21
30364,1693226378103,1692254113860,1692254113863,1693226378110,7,3,4
30365,1693226378110,1692254113874,1692254113877,1693226378132,22,3,19
30366,1693226378132,1692254113889,1692254113892,1693226378139,7,3,4
30367,1693226378139,1692254113896,1692254113900,1693226378147,8,4,4
30368,1693226378147,1692254113946,1692254113949,1693226378197,50,3,47
30369,1693226378197,1692254113953,1692254113957,1693226378204,7,4,3
30370,1693226378204,1692254113961,1692254113966,1693226378213,9,5,4
30371,1693226378213,1692254113970,1692254113974,1693226378222,9,4,5
30372,1693226378222,1692254113990,1692254113992,1693226378240,18,2,16
30373,1693226378240,1692254114021,1692254114024,1693226378271,31,3,28
30374,1693226378271,1692254114028,1692254114032,1693226378279,8,4,4
30375,1693226378279,1692254114041,1692254114044,1693226378291,12,3,9
30376,1693226378291,1692254114048,1692254114052,1693226378299,8,4,4
30377,1693226378299,1692254114056,1692254114059,1693226378306,7,3,4
30378,1693226378307,1692254114127,1692254114130,1693226378377,70,3,67
30379,1693226378377,1692254114135,1692254114138,1693226378386,9,3,6
30380,1693226378386,1692254114230,1692254114234,1693226378482,96,4,92
30381,1693226378482,1692254114277,1692254114280,1693226378527,45,3,42
30382,1693226378527,1692254114286,1692254114297,1693226378545,18,11,7
30383,1693226378545,1692254114429,1692254114432,1693226378688,143,3,140
30384,1693226378688,1692254114453,1692254114456,1693226378704,16,3,13
30385,1693226378704,1692254114463,1692254114467,1693226378714,10,4,6
30386,1693226378714,1692254114471,1692254114474,1693226378721,7,3,4
30387,1693226378721,1692254114478,1692254114481,1693226378728,7,3,4
30388,1693226378728,1692254114516,1692254114520,1693226378767,39,4,35
30389,1693226378767,1692254114523,1692254114526,1693226378773,6,3,3
30390,1693226378773,1692254114549,1692254114552,1693226378799,26,3,23
30391,1693226378799,1692254114622,1692254114625,1693226378873,74,3,71
30392,1693226378873,1692254114630,1692254114662,1693226378909,36,32,4
30393,1693226378909,1692254114677,1692254114681,1693226378928,19,4,15
30394,1693226378928,1692254114694,1692254114697,1693226378944,16,3,13
30395,1693226378944,1692254114766,1692254114770,1693226379017,73,4,69
30396,1693226379017,1692254114775,1692254114779,1693226379027,10,4,6
30397,1693226379027,1692254114837,1692254114840,1693226379087,60,3,57
30398,1693226379087,1692254114847,1692254114849,1693226379097,10,2,8
30399,1693226379097,1692254114861,1692254114864,1693226379111,14,3,11
30400,1693226379111,1692254114868,1692254114871,1693226379118,7,3,4
30401,1693226379118,1692254114890,1692254114893,1693226379140,22,3,19
30402,1693226379140,1692254114897,1692254114900,1693226379147,7,3,4
30403,1693226379147,1692254114962,1692254114966,1693226379213,66,4,62
30404,1693226379214,1692254114996,1692254114999,1693226379246,32,3,29
30405,1693226379246,1692254115003,1692254115006,1693226379253,7,3,4
30406,1693226379253,1692254115014,1692254115017,1693226379264,11,3,8
30407,1693226379264,1692254115021,1692254115024,1693226379272,8,3,5
30408,1693226379272,1692254115029,1692254115032,1693226379280,8,3,5
30409,1693226379280,1692254115036,1692254115040,1693226379287,7,4,3
30410,1693226379287,1692254115065,1692254115068,1693226379315,28,3,25
30411,1693226379315,1692254115074,1692254115078,1693226379325,10,4,6
30412,1693226379325,1692254115082,1692254115085,1693226379332,7,3,4
30413,1693226379332,1692254115089,1692254115092,1693226379339,7,3,4
30414,1693226379339,1692254115096,1692254115100,1693226379347,8,4,4
30415,1693226379347,1692254115104,1692254115107,1693226379354,7,3,4
30416,1693226379354,1692254115112,1692254115115,1693226379362,8,3,5
30417,1693226379362,1692254115120,1692254115125,1693226379372,10,5,5
30418,1693226379372,1692254115129,1692254115133,1693226379380,8,4,4
30419,1693226379380,1692254115138,1692254115140,1693226379388,8,2,6
30420,1693226379388,1692254115148,1692254115151,1693226379398,10,3,7
30421,1693226379398,1692254115155,1692254115158,1693226379405,7,3,4
30422,1693226379405,1692254115169,1692254115172,1693226379420,15,3,12
30423,1693226379420,1692254115218,1692254115221,1693226379468,48,3,45
30424,1693226379468,1692254115245,1692254115309,1693226379556,88,64,24
30425,1693226379556,1692254115318,1692254115321,1693226379568,12,3,9
30426,1693226379569,1692254115327,1692254115330,1693226379577,8,3,5
30427,1693226379577,1692254115334,1692254115337,1693226379584,7,3,4
30428,1693226379584,1692254115342,1692254115345,1693226379592,8,3,5
30429,1693226379592,1692254115349,1692254115352,1693226379599,7,3,4
30430,1693226379599,1692254115356,1692254115359,1693226379606,7,3,4
30431,1693226379606,1692254115363,1692254115366,1693226379613,7,3,4
30432,1693226379613,1692254115373,1692254115376,1693226379623,10,3,7
30433,1693226379623,1692254115380,1692254115382,1693226379630,7,2,5
30434,1693226379630,1692254115389,1692254115392,1693226379639,9,3,6
30435,1693226379639,1692254115397,1692254115400,1693226379648,9,3,6
30436,1693226379648,1692254115405,1692254115408,1693226379655,7,3,4
30437,1693226379655,1692254115413,1692254115416,1693226379663,8,3,5
30438,1693226379663,1692254115427,1692254115431,1693226379678,15,4,11
30439,1693226379678,1692254115435,1692254115438,1693226379685,7,3,4
30440,1693226379685,1692254115454,1692254115456,1693226379704,19,2,17
30441,1693226379704,1692254115473,1692254115476,1693226379723,19,3,16
30442,1693226379723,1692254115489,1692254115492,1693226379739,16,3,13
30443,1693226379739,1692254115496,1692254115500,1693226379750,11,4,7
30444,1693226379750,1692254115510,1692254115546,1693226379793,43,36,7
30445,1693226379793,1692254115554,1692254115557,1693226379804,11,3,8
30446,1693226379804,1692254115574,1692254115579,1693226379826,22,5,17
30447,1693226379826,1692254115583,1692254115586,1693226379838,12,3,9
30448,1693226379838,1692254115595,1692254115598,1693226379845,7,3,4
30449,1693226379845,1692254115620,1692254115624,1693226379871,26,4,22
30450,1693226379871,1692254115628,1692254115632,1693226379879,8,4,4
30451,1693226379879,1692254115642,1692254115645,1693226379892,13,3,10
30452,1693226379892,1692254115717,1692254115720,1693226379967,75,3,72
30453,1693226379967,1692254115725,1692254115730,1693226379977,10,5,5
30454,1693226379977,1692254115734,1692254115736,1693226379983,6,2,4
30455,1693226379983,1692254115745,1692254115755,1693226380002,19,10,9
30456,1693226380002,1692254115766,1692254115769,1693226380016,14,3,11
30457,1693226380016,1692254115773,1692254115776,1693226380023,7,3,4
30458,1693226380023,1692254115813,1692254115825,1693226380073,50,12,38
30459,1693226380073,1692254115831,1692254115834,1693226380081,8,3,5
30460,1693226380081,1692254115838,1692254115841,1693226380088,7,3,4
30461,1693226380088,1692254115845,1692254115848,1693226380095,7,3,4
30462,1693226380095,1692254115852,1692254115855,1693226380103,8,3,5
30463,1693226380103,1692254115860,1692254115863,1693226380110,7,3,4
30464,1693226380110,1692254115868,1692254115871,1693226380117,7,3,4
30465,1693226380117,1692254115874,1692254115877,1693226380125,8,3,5
30466,1693226380125,1692254115882,1692254115884,1693226380131,6,2,4
30467,1693226380131,1692254115889,1692254115892,1693226380140,9,3,6
30468,1693226380140,1692254115897,1692254115900,1693226380147,7,3,4
30469,1693226380147,1692254115904,1692254115907,1693226380154,7,3,4
30470,1693226380154,1692254115914,1692254115916,1693226380164,10,2,8
30471,1693226380164,1692254115921,1692254115924,1693226380171,7,3,4
30472,1693226380171,1692254115932,1692254115936,1693226380183,12,4,8
30473,1693226380183,1692254115961,1692254115964,1693226380213,30,3,27
30474,1693226380213,1692254116030,1692254116033,1693226380281,68,3,65
30475,1693226380281,1692254116041,1692254116044,1693226380292,11,3,8
30476,1693226380292,1692254116062,1692254116065,1693226380314,22,3,19
30477,1693226380314,1692254116071,1692254116074,1693226380321,7,3,4
30478,1693226380321,1692254116094,1692254116097,1693226380345,24,3,21
30479,1693226380345,1692254116113,1692254116116,1693226380363,18,3,15
30480,1693226380363,1692254116119,1692254116122,1693226380369,6,3,3
30481,1693226380369,1692254116133,1692254116136,1693226380383,14,3,11
30482,1693226380383,1692254116140,1692254116145,1693226380392,9,5,4
30483,1693226380392,1692254116221,1692254116224,1693226380471,79,3,76
30484,1693226380472,1692254116229,1692254116232,1693226380479,7,3,4
30485,1693226380479,1692254116241,1692254116245,1693226380492,13,4,9
30486,1693226380492,1692254116250,1692254116253,1693226380500,8,3,5
30487,1693226380500,1692254116257,1692254116261,1693226380508,8,4,4
30488,1693226380508,1692254116350,1692254116353,1693226380601,93,3,90
30489,1693226380601,1692254116393,1692254116397,1693226380644,43,4,39
30490,1693226380644,1692254116401,1692254116406,1693226380653,9,5,4
30491,1693226380653,1692254116413,1692254116416,1693226380663,10,3,7
30492,1693226380663,1692254116445,1692254116448,1693226380696,33,3,30
30493,1693226380696,1692254116453,1692254116456,1693226380703,7,3,4
30494,1693226380703,1692254116460,1692254116464,1693226380711,8,4,4
30495,1693226380711,1692254116468,1692254116471,1693226380718,7,3,4
30496,1693226380718,1692254116513,1692254116516,1693226380763,45,3,42
30497,1693226380763,1692254116570,1692254116572,1693226380820,57,2,55
30498,1693226380820,1692254116577,1692254116580,1693226380827,7,3,4
30499,1693226380827,1692254116584,1692254116587,1693226380834,7,3,4
30500,1693226380834,1692254116594,1692254116596,1693226380843,9,2,7
30501,1693226380843,1692254116618,1692254116621,1693226380869,26,3,23
30502,1693226380869,1692254116626,1692254116629,1693226380876,7,3,4
30503,1693226380876,1692254116634,1692254116638,1693226380885,9,4,5
30504,1693226380885,1692254116658,1692254116661,1693226380907,22,3,19
30505,1693226380907,1692254116664,1692254116667,1693226380914,7,3,4
30506,1693226380914,1692254116674,1692254116677,1693226380968,54,3,51
30507,1693226380968,1692254116729,1692254116732,1693226380979,11,3,8
30508,1693226380979,1692254116736,1692254116739,1693226380986,7,3,4
30509,1693226380986,1692254116743,1692254116746,1693226380993,7,3,4
30510,1693226380993,1692254116750,1692254116753,1693226381001,8,3,5
30511,1693226381001,1692254116759,1692254116766,1693226381013,12,7,5
30512,1693226381013,1692254116771,1692254116774,1693226381022,9,3,6
30513,1693226381022,1692254116961,1692254116963,1693226381211,189,2,187
30514,1693226381211,1692254116968,1692254116972,1693226381219,8,4,4
30515,1693226381219,1692254117035,1692254117038,1693226381285,66,3,63
30516,1693226381285,1692254117078,1692254117082,1693226381329,44,4,40
30517,1693226381329,1692254117094,1692254117097,1693226381344,15,3,12
30518,1693226381344,1692254117109,1692254117112,1693226381360,16,3,13
30519,1693226381360,1692254117117,1692254117120,1693226381367,7,3,4
30520,1693226381367,1692254117138,1692254117142,1693226381389,22,4,18
30521,1693226381389,1692254117178,1692254117181,1693226381428,39,3,36
30522,1693226381428,1692254117234,1692254117236,1693226381484,56,2,54
30523,1693226381484,1692254117261,1692254117264,1693226381511,27,3,24
30524,1693226381511,1692254117269,1692254117271,1693226381519,8,2,6
30525,1693226381519,1692254117276,1692254117279,1693226381526,7,3,4
30526,1693226381526,1692254117283,1692254117286,1693226381533,7,3,4
30527,1693226381533,1692254117294,1692254117299,1693226381547,14,5,9
30528,1693226381547,1692254117304,1692254117307,1693226381554,7,3,4
30529,1693226381554,1692254117329,1692254117332,1693226381579,25,3,22
30530,1693226381579,1692254117357,1692254117360,1693226381607,28,3,25
30531,1693226381607,1692254117364,1692254117367,1693226381615,8,3,5
30532,1693226381615,1692254117372,1692254117375,1693226381622,7,3,4
30533,1693226381622,1692254117425,1692254117428,1693226381680,58,3,55
30534,1693226381680,1692254117436,1692254117439,1693226381687,7,3,4
30535,1693226381687,1692254117454,1692254117456,1693226381704,17,2,15
30536,1693226381704,1692254117466,1692254117469,1693226381716,12,3,9
30537,1693226381716,1692254117521,1692254117524,1693226381771,55,3,52
30538,1693226381771,1692254117529,1692254117532,1693226381779,8,3,5
30539,1693226381779,1692254117542,1692254117544,1693226381792,13,2,11
30540,1693226381792,1692254117558,1692254117560,1693226381808,16,2,14
30541,1693226381808,1692254117605,1692254117608,1693226381855,47,3,44
30542,1693226381855,1692254117613,1692254117617,1693226381867,12,4,8
30543,1693226381867,1692254117625,1692254117629,1693226381877,10,4,6
30544,1693226381877,1692254117650,1692254117653,1693226381900,23,3,20
30545,1693226381900,1692254117685,1692254117688,1693226381936,36,3,33
30546,1693226381936,1692254117693,1692254117696,1693226381946,10,3,7
30547,1693226381946,1692254117703,1692254117706,1693226381954,8,3,5
30548,1693226381954,1692254117711,1692254117715,1693226381962,8,4,4
30549,1693226381962,1692254117738,1692254117741,1693226381988,26,3,23
30550,1693226381988,1692254117763,1692254117769,1693226382017,29,6,23
30551,1693226382017,1692254117774,1692254117779,1693226382026,9,5,4
30552,1693226382026,1692254117783,1692254117787,1693226382034,8,4,4
30553,1693226382034,1692254117794,1692254117797,1693226382044,10,3,7
30554,1693226382044,1692254117802,1692254117804,1693226382051,7,2,5
30555,1693226382052,1692254117810,1692254117812,1693226382059,7,2,5
30556,1693226382059,1692254117817,1692254117820,1693226382067,8,3,5
30557,1693226382067,1692254117890,1692254117892,1693226382140,73,2,71
30558,1693226382140,1692254117897,1692254117899,1693226382146,6,2,4
30559,1693226382146,1692254117904,1692254117907,1693226382154,8,3,5
30560,1693226382154,1692254117912,1692254117915,1693226382162,8,3,5
30561,1693226382162,1692254117922,1692254117924,1693226382172,10,2,8
30562,1693226382172,1692254117949,1692254117952,1693226382199,27,3,24
30563,1693226382199,1692254117961,1692254117964,1693226382211,12,3,9
30564,1693226382211,1692254117969,1692254117973,1693226382220,9,4,5
30565,1693226382221,1692254117980,1692254117983,1693226382230,9,3,6
30566,1693226382230,1692254118001,1692254118004,1693226382251,21,3,18
30567,1693226382251,1692254118019,1692254118022,1693226382269,18,3,15
30568,1693226382269,1692254118026,1692254118030,1693226382277,8,4,4
30569,1693226382277,1692254118033,1692254118036,1693226382283,6,3,3
30570,1693226382283,1692254118050,1692254118053,1693226382300,17,3,14
30571,1693226382300,1692254118057,1692254118061,1693226382308,8,4,4
30572,1693226382309,1692254118066,1692254118069,1693226382316,7,3,4
30573,1693226382316,1692254118073,1692254118076,1693226382323,7,3,4
30574,1693226382323,1692254118098,1692254118101,1693226382348,25,3,22
30575,1693226382348,1692254118105,1692254118108,1693226382355,7,3,4
30576,1693226382355,1692254118146,1692254118150,1693226382483,128,4,124
30577,1693226382483,1692254118241,1692254118244,1693226382493,10,3,7
30578,1693226382493,1692254118278,1692254118281,1693226382528,35,3,32
30579,1693226382528,1692254118301,1692254118304,1693226382551,23,3,20
30580,1693226382552,1692254118313,1692254118316,1693226382564,12,3,9
30581,1693226382564,1692254118329,1692254118332,1693226382579,15,3,12
30582,1693226382579,1692254118338,1692254118340,1693226382587,8,2,6
30583,1693226382587,1692254118345,1692254118348,1693226382595,8,3,5
30584,1693226382595,1692254118352,1692254118355,1693226382603,8,3,5
30585,1693226382603,1692254118360,1692254118363,1693226382610,7,3,4
30586,1693226382610,1692254118386,1692254118389,1693226382636,26,3,23
30587,1693226382636,1692254118401,1692254118404,1693226382651,15,3,12
30588,1693226382651,1692254118421,1692254118424,1693226382682,31,3,28
30589,1693226382682,1692254118449,1692254118452,1693226382700,18,3,15
30590,1693226382700,1692254118486,1692254118489,1693226382736,36,3,33
30591,1693226382736,1692254118498,1692254118500,1693226382747,11,2,9
30592,1693226382747,1692254118504,1692254118507,1693226382755,8,3,5
30593,1693226382755,1692254118536,1692254118539,1693226382786,31,3,28
30594,1693226382786,1692254118558,1692254118560,1693226382807,21,2,19
30595,1693226382807,1692254118565,1692254118568,1693226382815,8,3,5
30596,1693226382815,1692254118573,1692254118576,1693226382823,8,3,5
30597,1693226382823,1692254118580,1692254118583,1693226382830,7,3,4
30598,1693226382830,1692254118588,1692254118590,1693226382838,8,2,6
30599,1693226382838,1692254118595,1692254118598,1693226382845,7,3,4
30600,1693226382845,1692254118620,1692254118626,1693226382874,29,6,23
30601,1693226382874,1692254118631,1692254118646,1693226382894,20,15,5
30602,1693226382894,1692254118654,1692254118657,1693226382905,11,3,8
30603,1693226382905,1692254118661,1692254118665,1693226382912,7,4,3
30604,1693226382912,1692254118670,1692254118673,1693226382920,8,3,5
30605,1693226382920,1692254118693,1692254118696,1693226382943,23,3,20
30606,1693226382944,1692254118701,1692254118704,1693226382953,9,3,6
30607,1693226382953,1692254118710,1692254118712,1693226382960,7,2,5
30608,1693226382960,1692254118745,1692254118749,1693226382996,36,4,32
30609,1693226382996,1692254118753,1692254118755,1693226383002,6,2,4
30610,1693226383002,1692254118781,1692254118784,1693226383031,29,3,26
30611,1693226383031,1692254118790,1692254118793,1693226383041,10,3,7
30612,1693226383041,1692254118837,1692254118840,1693226383087,46,3,43
30613,1693226383087,1692254118893,1692254118896,1693226383143,56,3,53
30614,1693226383143,1692254118957,1692254118960,1693226383212,69,3,66
30615,1693226383212,1692254118969,1692254118972,1693226383220,8,3,5
30616,1693226383220,1692254118977,1692254119002,1693226383249,29,25,4
30617,1693226383249,1692254119029,1692254119032,1693226383291,42,3,39
30618,1693226383291,1692254119094,1692254119097,1693226383368,77,3,74
30619,1693226383368,1692254119133,1692254119136,1693226383386,18,3,15
30620,1693226383386,1692254119147,1692254119150,1693226383397,11,3,8
30621,1693226383397,1692254119154,1692254119157,1693226383405,8,3,5
30622,1693226383405,1692254119174,1692254119177,1693226383424,19,3,16
30623,1693226383424,1692254119196,1692254119199,1693226383446,22,3,19
30624,1693226383446,1692254119218,1692254119220,1693226383467,21,2,19
30625,1693226383467,1692254119245,1692254119248,1693226383495,28,3,25
30626,1693226383495,1692254119252,1692254119254,1693226383501,6,2,4
30627,1693226383501,1692254119262,1692254119264,1693226383511,10,2,8
30628,1693226383511,1692254119317,1692254119320,1693226383567,56,3,53
30629,1693226383567,1692254119330,1692254119333,1693226383580,13,3,10
30630,1693226383580,1692254119346,1692254119349,1693226383596,16,3,13
30631,1693226383596,1692254119393,1692254119395,1693226383643,47,2,45
30632,1693226383643,1692254119425,1692254119428,1693226383675,32,3,29
30633,1693226383675,1692254119434,1692254119438,1693226383685,10,4,6
30634,1693226383685,1692254119446,1692254119449,1693226383696,11,3,8
30635,1693226383697,1692254119474,1692254119476,1693226383723,26,2,24
30636,1693226383723,1692254119486,1692254119488,1693226383735,12,2,10
30637,1693226383735,1692254119526,1692254119530,1693226383777,42,4,38
30638,1693226383777,1692254119586,1692254119589,1693226383836,59,3,56
30639,1693226383836,1692254119598,1692254119600,1693226383848,12,2,10
30640,1693226383848,1692254119606,1692254119608,1693226383855,7,2,5
30641,1693226383855,1692254119614,1692254119616,1693226383864,9,2,7
30642,1693226383864,1692254119623,1692254119626,1693226383873,9,3,6
30643,1693226383873,1692254119689,1692254119692,1693226383939,66,3,63
30644,1693226383939,1692254119702,1692254119705,1693226383952,13,3,10
30645,1693226383952,1692254119749,1692254119752,1693226384004,52,3,49
30646,1693226384004,1692254119761,1692254119764,1693226384011,7,3,4
30647,1693226384011,1692254119768,1692254119770,1693226384017,6,2,4
30648,1693226384017,1692254119776,1692254119779,1693226384027,10,3,7
30649,1693226384027,1692254119785,1692254119788,1693226384035,8,3,5
30650,1693226384035,1692254119838,1692254119841,1693226384088,53,3,50
30651,1693226384088,1692254119845,1692254119848,1693226384096,8,3,5
30652,1693226384096,1692254119857,1692254119860,1693226384107,11,3,8
30653,1693226384107,1692254119921,1692254119924,1693226384171,64,3,61
30654,1693226384171,1692254119970,1692254119973,1693226384220,49,3,46
30655,1693226384220,1692254119978,1692254119981,1693226384229,9,3,6
30656,1693226384229,1692254119986,1692254119990,1693226384237,8,4,4
30657,1693226384237,1692254120002,1692254120005,1693226384252,15,3,12
30658,1693226384252,1692254120009,1692254120012,1693226384259,7,3,4
30659,1693226384259,1692254120016,1692254120019,1693226384266,7,3,4
30660,1693226384266,1692254120045,1692254120048,1693226384296,30,3,27
30661,1693226384296,1692254120054,1692254120057,1693226384304,8,3,5
30662,1693226384304,1692254120063,1692254120066,1693226384313,9,3,6
30663,1693226384313,1692254120077,1692254120081,1693226384328,15,4,11
30664,1693226384328,1692254120085,1692254120088,1693226384335,7,3,4
30665,1693226384335,1692254120092,1692254120095,1693226384342,7,3,4
30666,1693226384342,1692254120110,1692254120112,1693226384359,17,2,15
30667,1693226384359,1692254120117,1692254120119,1693226384367,8,2,6
30668,1693226384367,1692254120133,1692254120136,1693226384383,16,3,13
30669,1693226384383,1692254120143,1692254120146,1693226384393,10,3,7
30670,1693226384393,1692254120150,1692254120153,1693226384401,8,3,5
30671,1693226384401,1692254120166,1692254120169,1693226384417,16,3,13
30672,1693226384417,1692254120174,1692254120176,1693226384424,7,2,5
30673,1693226384424,1692254120181,1692254120186,1693226384433,9,5,4
30674,1693226384433,1692254120190,1692254120194,1693226384441,8,4,4
30675,1693226384441,1692254120213,1692254120216,1693226384463,22,3,19
30676,1693226384463,1692254120229,1692254120232,1693226384479,16,3,13
30677,1693226384479,1692254120237,1692254120251,1693226384498,19,14,5
30678,1693226384498,1692254120255,1692254120259,1693226384506,8,4,4
30679,1693226384506,1692254120264,1692254120268,1693226384516,10,4,6
30680,1693226384516,1692254120273,1692254120276,1693226384523,7,3,4
30681,1693226384523,1692254120281,1692254120283,1693226384531,8,2,6
30682,1693226384531,1692254120289,1692254120292,1693226384539,8,3,5
30683,1693226384539,1692254120296,1692254120299,1693226384546,7,3,4
30684,1693226384546,1692254120303,1692254120306,1693226384553,7,3,4
30685,1693226384553,1692254120310,1692254120313,1693226384560,7,3,4
30686,1693226384560,1692254120318,1692254120321,1693226384568,8,3,5
30687,1693226384568,1692254120324,1692254120327,1693226384575,7,3,4
30688,1693226384575,1692254120341,1692254120344,1693226384591,16,3,13
30689,1693226384591,1692254120348,1692254120351,1693226384598,7,3,4
30690,1693226384598,1692254120361,1692254120365,1693226384614,16,4,12
30691,1693226384614,1692254120397,1692254120399,1693226384647,33,2,31
30692,1693226384647,1692254120404,1692254120407,1693226384654,7,3,4
30693,1693226384654,1692254120414,1692254120417,1693226384664,10,3,7
30694,1693226384664,1692254120434,1692254120436,1693226384683,19,2,17
30695,1693226384683,1692254120454,1692254120461,1693226384708,25,7,18
30696,1693226384708,1692254120470,1692254120473,1693226384720,12,3,9
30697,1693226384720,1692254120477,1692254120482,1693226384729,9,5,4
30698,1693226384729,1692254120489,1692254120492,1693226384740,11,3,8
30699,1693226384740,1692254120501,1692254120504,1693226384751,11,3,8
30700,1693226384751,1692254120509,1692254120512,1693226384759,8,3,5
30701,1693226384759,1692254120517,1692254120520,1693226384767,8,3,5
30702,1693226384767,1692254120542,1692254120544,1693226384792,25,2,23
30703,1693226384792,1692254120577,1692254120580,1693226384827,35,3,32
30704,1693226384827,1692254120584,1692254120587,1693226384835,8,3,5
30705,1693226384835,1692254120592,1692254120595,1693226384842,7,3,4
30706,1693226384842,1692254120620,1692254120624,1693226384871,29,4,25
30707,1693226384871,1692254120628,1692254120631,1693226384879,8,3,5
30708,1693226384879,1692254120696,1692254120699,1693226384946,67,3,64
30709,1693226384946,1692254120703,1692254120741,1693226384988,42,38,4
30710,1693226384988,1692254120745,1692254120748,1693226384995,7,3,4
30711,1693226384995,1692254120752,1692254120755,1693226385002,7,3,4
30712,1693226385002,1692254120781,1692254120785,1693226385032,30,4,26
30713,1693226385032,1692254120790,1692254120793,1693226385042,10,3,7
30714,1693226385042,1692254120801,1692254120804,1693226385052,10,3,7
30715,1693226385052,1692254120822,1692254120825,1693226385072,20,3,17
30716,1693226385072,1692254120829,1692254120832,1693226385079,7,3,4
30717,1693226385079,1692254120836,1692254120839,1693226385086,7,3,4
30718,1693226385086,1692254120844,1692254120847,1693226385094,8,3,5
30719,1693226385094,1692254120921,1692254120924,1693226385171,77,3,74
30720,1693226385171,1692254120930,1692254120932,1693226385180,9,2,7
30721,1693226385180,1692254120936,1692254120940,1693226385187,7,4,3
30722,1693226385187,1692254120974,1692254120978,1693226385225,38,4,34
30723,1693226385225,1692254120984,1692254120987,1693226385234,9,3,6
30724,1693226385234,1692254121045,1692254121048,1693226385295,61,3,58
30725,1693226385295,1692254121066,1692254121069,1693226385316,21,3,18
30726,1693226385316,1692254121073,1692254121077,1693226385323,7,4,3
30727,1693226385323,1692254121082,1692254121084,1693226385333,10,2,8
30728,1693226385333,1692254121098,1692254121101,1693226385348,15,3,12
30729,1693226385348,1692254121106,1692254121109,1693226385356,8,3,5
30730,1693226385356,1692254121138,1692254121140,1693226385387,31,2,29
30731,1693226385387,1692254121155,1692254121159,1693226385406,19,4,15
30732,1693226385406,1692254121189,1692254121192,1693226385440,34,3,31
30733,1693226385440,1692254121198,1692254121201,1693226385448,8,3,5
30734,1693226385448,1692254121205,1692254121209,1693226385456,8,4,4
30735,1693226385456,1692254121213,1692254121216,1693226385463,7,3,4
30736,1693226385463,1692254121225,1692254121228,1693226385475,12,3,9
30737,1693226385475,1692254121246,1692254121248,1693226385496,21,2,19
30738,1693226385496,1692254121278,1692254121281,1693226385529,33,3,30
30739,1693226385529,1692254121288,1692254121291,1693226385538,9,3,6
30740,1693226385538,1692254121298,1692254121301,1693226385548,10,3,7
30741,1693226385548,1692254121306,1692254121309,1693226385556,8,3,5
30742,1693226385556,1692254121314,1692254121316,1693226385563,7,2,5
30743,1693226385563,1692254121322,1692254121326,1693226385573,10,4,6
30744,1693226385573,1692254121334,1692254121336,1693226385584,11,2,9
30745,1693226385584,1692254121341,1692254121346,1693226385593,9,5,4
30746,1693226385593,1692254121354,1692254121357,1693226385604,11,3,8
30747,1693226385604,1692254121364,1692254121367,1693226385614,10,3,7
30748,1693226385614,1692254121429,1692254121432,1693226385679,65,3,62
30749,1693226385679,1692254121482,1692254121485,1693226385732,53,3,50
30750,1693226385732,1692254121505,1692254121508,1693226385755,23,3,20
30751,1693226385755,1692254121529,1692254121532,1693226385779,24,3,21
30752,1693226385779,1692254121538,1692254121540,1693226385787,8,2,6
30753,1693226385787,1692254121553,1692254121556,1693226385803,16,3,13
30754,1693226385803,1692254121570,1692254121572,1693226385819,16,2,14
30755,1693226385819,1692254121621,1692254121625,1693226385872,53,4,49
30756,1693226385872,1692254121630,1692254121634,1693226385881,9,4,5
30757,1693226385881,1692254121689,1692254121692,1693226385939,58,3,55
30758,1693226385939,1692254121698,1692254121701,1693226385948,9,3,6
30759,1693226385948,1692254121757,1692254121760,1693226386008,60,3,57
30760,1693226386008,1692254121768,1692254121771,1693226386019,11,3,8
30761,1693226386019,1692254121782,1692254121785,1693226386033,14,3,11
30762,1693226386033,1692254121791,1692254121795,1693226386043,10,4,6
30763,1693226386043,1692254121806,1692254121809,1693226386057,14,3,11
30764,1693226386057,1692254121814,1692254121818,1693226386065,8,4,4
30765,1693226386065,1692254121834,1692254121837,1693226386084,19,3,16
30766,1693226386084,1692254121853,1692254121855,1693226386102,18,2,16
30767,1693226386102,1692254121873,1692254121876,1693226386124,22,3,19
30768,1693226386124,1692254121882,1692254121885,1693226386132,8,3,5
30769,1693226386132,1692254121889,1692254121892,1693226386139,7,3,4
30770,1693226386139,1692254121896,1692254121900,1693226386147,8,4,4
30771,1693226386147,1692254121910,1692254121912,1693226386159,12,2,10
30772,1693226386159,1692254121977,1692254121981,1693226386228,69,4,65
30773,1693226386229,1692254121986,1692254121989,1693226386236,7,3,4
30774,1693226386236,1692254121994,1692254121997,1693226386244,8,3,5
30775,1693226386245,1692254122129,1692254122132,1693226386379,134,3,131
30776,1693226386379,1692254122141,1692254122144,1693226386391,12,3,9
30777,1693226386391,1692254122150,1692254122153,1693226386400,9,3,6
30778,1693226386400,1692254122159,1692254122163,1693226386410,10,4,6
30779,1693226386410,1692254122168,1692254122172,1693226386419,9,4,5
30780,1693226386419,1692254122274,1692254122278,1693226386525,106,4,102
30781,1693226386525,1692254122282,1692254122285,1693226386532,7,3,4
30782,1693226386532,1692254122333,1692254122337,1693226386585,53,4,49
30783,1693226386585,1692254122370,1692254122372,1693226386619,34,2,32
30784,1693226386619,1692254122380,1692254122383,1693226386631,12,3,9
30785,1693226386631,1692254122493,1692254122496,1693226386743,112,3,109
30786,1693226386743,1692254122506,1692254122509,1693226386756,13,3,10
30787,1693226386756,1692254122513,1692254122516,1693226386765,9,3,6
30788,1693226386765,1692254122522,1692254122525,1693226386772,7,3,4
30789,1693226386772,1692254122533,1692254122536,1693226386782,10,3,7
30790,1693226386782,1692254122539,1692254122542,1693226386789,7,3,4
30791,1693226386789,1692254122547,1692254122550,1693226386797,8,3,5
30792,1693226386797,1692254122555,1692254122558,1693226386805,8,3,5
30793,1693226386805,1692254122628,1692254122631,1693226386879,74,3,71
30794,1693226386879,1692254122638,1692254122647,1693226386894,15,9,6
30795,1693226386894,1692254122733,1692254122736,1693226386983,89,3,86
30796,1693226386983,1692254122779,1692254122782,1693226387030,47,3,44
30797,1693226387030,1692254122787,1692254122791,1693226387038,8,4,4
30798,1693226387038,1692254122877,1692254122880,1693226387128,90,3,87
30799,1693226387128,1692254122894,1692254122897,1693226387144,16,3,13
30800,1693226387144,1692254122902,1692254122904,1693226387152,8,2,6
30801,1693226387152,1692254122909,1692254122911,1693226387159,7,2,5
30802,1693226387159,1692254122958,1692254122961,1693226387208,49,3,46
30803,1693226387208,1692254122977,1692254122980,1693226387227,19,3,16
30804,1693226387227,1692254122985,1692254122988,1693226387235,8,3,5
30805,1693226387235,1692254123105,1692254123108,1693226387355,120,3,117
30806,1693226387355,1692254123122,1692254123125,1693226387372,17,3,14
30807,1693226387372,1692254123154,1692254123157,1693226387404,32,3,29
30808,1693226387404,1692254123161,1692254123164,1693226387411,7,3,4
30809,1693226387412,1692254123169,1692254123172,1693226387419,7,3,4
30810,1693226387419,1692254123176,1692254123179,1693226387426,7,3,4
30811,1693226387427,1692254123222,1692254123225,1693226387472,45,3,42
30812,1693226387472,1692254123290,1692254123293,1693226387540,68,3,65
30813,1693226387540,1692254123326,1692254123329,1693226387576,36,3,33
30814,1693226387576,1692254123395,1692254123398,1693226387645,69,3,66
30815,1693226387645,1692254123465,1692254123468,1693226387715,70,3,67
30816,1693226387715,1692254123480,1692254123484,1693226387731,16,4,12
30817,1693226387731,1692254123513,1692254123516,1693226387762,31,3,28
30818,1693226387762,1692254123565,1692254123568,1693226387815,53,3,50
30819,1693226387815,1692254123572,1692254123576,1693226387836,21,4,17
30820,1693226387836,1692254123594,1692254123598,1693226387845,9,4,5
30821,1693226387845,1692254123633,1692254123636,1693226387883,38,3,35
30822,1693226387883,1692254123641,1692254123644,1693226387891,8,3,5
30823,1693226387891,1692254123686,1692254123689,1693226387948,57,3,54
30824,1693226387948,1692254123745,1692254123748,1693226387995,47,3,44
30825,1693226387995,1692254123778,1692254123781,1693226388028,33,3,30
30826,1693226388028,1692254123786,1692254123789,1693226388036,8,3,5
30827,1693226388036,1692254123793,1692254123797,1693226388045,9,4,5
30828,1693226388045,1692254123811,1692254123815,1693226388062,17,4,13
30829,1693226388062,1692254123819,1692254123822,1693226388069,7,3,4
30830,1693226388069,1692254123827,1692254123830,1693226388077,8,3,5
30831,1693226388077,1692254123834,1692254123837,1693226388084,7,3,4
30832,1693226388084,1692254123841,1692254123844,1693226388091,7,3,4
30833,1693226388091,1692254123854,1692254123857,1693226388104,13,3,10
30834,1693226388104,1692254123861,1692254123864,1693226388113,9,3,6
30835,1693226388113,1692254123871,1692254123874,1693226388121,8,3,5
30836,1693226388121,1692254123878,1692254123880,1693226388127,6,2,4
30837,1693226388127,1692254123885,1692254123888,1693226388135,8,3,5
30838,1693226388135,1692254123892,1692254123895,1693226388142,7,3,4
30839,1693226388142,1692254123912,1692254123915,1693226388162,20,3,17
30840,1693226388162,1692254123921,1692254123924,1693226388171,9,3,6
30841,1693226388171,1692254123929,1692254123932,1693226388179,8,3,5
30842,1693226388179,1692254123935,1692254123938,1693226388185,6,3,3
30843,1693226388185,1692254123965,1692254123968,1693226388216,31,3,28
30844,1693226388216,1692254123978,1692254123982,1693226388229,13,4,9
30845,1693226388229,1692254123989,1692254123992,1693226388239,10,3,7
30846,1693226388239,1692254123998,1692254124001,1693226388248,9,3,6
30847,1693226388248,1692254124005,1692254124008,1693226388255,7,3,4
30848,1693226388255,1692254124013,1692254124016,1693226388263,8,3,5
30849,1693226388263,1692254124025,1692254124028,1693226388275,12,3,9
30850,1693226388275,1692254124032,1692254124036,1693226388283,8,4,4
30851,1693226388283,1692254124040,1692254124043,1693226388290,7,3,4
30852,1693226388290,1692254124048,1692254124051,1693226388301,11,3,8
30853,1693226388301,1692254124060,1692254124063,1693226388310,9,3,6
30854,1693226388310,1692254124067,1692254124070,1693226388317,7,3,4
30855,1693226388317,1692254124080,1692254124083,1693226388331,14,3,11
30856,1693226388331,1692254124088,1692254124092,1693226388339,8,4,4
30857,1693226388339,1692254124096,1692254124100,1693226388347,8,4,4
30858,1693226388347,1692254124105,1692254124107,1693226388354,7,2,5
30859,1693226388354,1692254124145,1692254124148,1693226388395,41,3,38
30860,1693226388395,1692254124159,1692254124162,1693226388409,14,3,11
30861,1693226388409,1692254124166,1692254124170,1693226388418,9,4,5
30862,1693226388418,1692254124198,1692254124200,1693226388447,29,2,27
30863,1693226388447,1692254124204,1692254124207,1693226388454,7,3,4
30864,1693226388454,1692254124212,1692254124215,1693226388463,9,3,6
30865,1693226388463,1692254124230,1692254124232,1693226388480,17,2,15
30866,1693226388480,1692254124237,1692254124240,1693226388486,6,3,3
30867,1693226388486,1692254124244,1692254124247,1693226388494,8,3,5
30868,1693226388494,1692254124251,1692254124254,1693226388501,7,3,4
30869,1693226388501,1692254124261,1692254124264,1693226388511,10,3,7
30870,1693226388511,1692254124268,1692254124271,1693226388518,7,3,4
30871,1693226388518,1692254124275,1692254124279,1693226388525,7,4,3
30872,1693226388525,1692254124283,1692254124285,1693226388532,7,2,5
30873,1693226388532,1692254124290,1692254124293,1693226388540,8,3,5
30874,1693226388540,1692254124302,1692254124304,1693226388551,11,2,9
30875,1693226388551,1692254124314,1692254124319,1693226388566,15,5,10
30876,1693226388566,1692254124323,1692254124326,1693226388574,8,3,5
30877,1693226388574,1692254124354,1692254124357,1693226388604,30,3,27
30878,1693226388604,1692254124364,1692254124366,1693226388613,9,2,7
30879,1693226388613,1692254124397,1692254124400,1693226388647,34,3,31
30880,1693226388647,1692254124406,1692254124409,1693226388659,12,3,9
30881,1693226388659,1692254124418,1692254124421,1693226388668,9,3,6
30882,1693226388668,1692254124486,1692254124488,1693226388736,68,2,66
30883,1693226388736,1692254124522,1692254124525,1693226388772,36,3,33
30884,1693226388772,1692254124562,1692254124565,1693226388836,64,3,61
30885,1693226388836,1692254124594,1692254124597,1693226388844,8,3,5
30886,1693226388844,1692254124601,1692254124604,1693226388851,7,3,4
30887,1693226388851,1692254124608,1692254124611,1693226388858,7,3,4
30888,1693226388858,1692254124615,1692254124618,1693226388864,6,3,3
30889,1693226388864,1692254124622,1692254124624,1693226388871,7,2,5
30890,1693226388871,1692254124628,1692254124631,1693226388878,7,3,4
30891,1693226388878,1692254124635,1692254124638,1693226388885,7,3,4
30892,1693226388885,1692254124643,1692254124648,1693226388894,9,5,4
30893,1693226388894,1692254124669,1692254124671,1693226389044,150,2,148
30894,1693226389044,1692254124801,1692254124804,1693226389051,7,3,4
30895,1693226389051,1692254124808,1692254124811,1693226389058,7,3,4
30896,1693226389058,1692254124818,1692254124820,1693226389067,9,2,7
30897,1693226389067,1692254124824,1692254124828,1693226389074,7,4,3
30898,1693226389074,1692254124831,1692254124834,1693226389081,7,3,4
30899,1693226389081,1692254124846,1692254124849,1693226389095,14,3,11
30900,1693226389095,1692254124852,1692254124855,1693226389102,7,3,4
30901,1693226389102,1692254124859,1692254124862,1693226389108,6,3,3
30902,1693226389108,1692254124869,1692254124872,1693226389147,39,3,36
30903,1693226389147,1692254124925,1692254124928,1693226389175,28,3,25
30904,1693226389175,1692254124954,1692254124957,1693226389204,29,3,26
30905,1693226389204,1692254124961,1692254124964,1693226389211,7,3,4
30906,1693226389211,1692254124987,1692254124990,1693226389237,26,3,23
30907,1693226389237,1692254124995,1692254124998,1693226389245,8,3,5
30908,1693226389245,1692254125010,1692254125012,1693226389259,14,2,12
30909,1693226389259,1692254125018,1692254125020,1693226389267,8,2,6
30910,1693226389267,1692254125025,1692254125028,1693226389275,8,3,5
30911,1693226389275,1692254125033,1692254125036,1693226389283,8,3,5
30912,1693226389283,1692254125040,1692254125044,1693226389291,8,4,4
30913,1693226389291,1692254125105,1692254125108,1693226389355,64,3,61
30914,1693226389355,1692254125125,1692254125128,1693226389375,20,3,17
30915,1693226389375,1692254125132,1692254125135,1693226389382,7,3,4
30916,1693226389382,1692254125140,1692254125142,1693226389390,8,2,6
30917,1693226389390,1692254125150,1692254125152,1693226389399,9,2,7
30918,1693226389399,1692254125157,1692254125160,1693226389409,10,3,7
30919,1693226389409,1692254125167,1692254125170,1693226389417,8,3,5
30920,1693226389417,1692254125174,1692254125280,1693226389529,112,106,6
30921,1693226389529,1692254125318,1692254125321,1693226389568,39,3,36
30922,1693226389568,1692254125325,1692254125328,1693226389575,7,3,4
30923,1693226389575,1692254125361,1692254125364,1693226389610,35,3,32
30924,1693226389610,1692254125386,1692254125397,1693226389644,34,11,23
30925,1693226389644,1692254125414,1692254125416,1693226389663,19,2,17
30926,1693226389663,1692254125470,1692254125473,1693226389720,57,3,54
30927,1693226389720,1692254125478,1692254125481,1693226389728,8,3,5
30928,1693226389728,1692254125496,1692254125499,1693226389746,18,3,15
30929,1693226389746,1692254125514,1692254125520,1693226389768,22,6,16
30930,1693226389768,1692254125526,1692254125528,1693226389775,7,2,5
30931,1693226389776,1692254125549,1692254125553,1693226389800,24,4,20
30932,1693226389800,1692254125557,1692254125560,1693226389807,7,3,4
30933,1693226389807,1692254125565,1692254125567,1693226389814,7,2,5
30934,1693226389814,1692254125571,1692254125575,1693226389821,7,4,3
30935,1693226389821,1692254125578,1692254125581,1693226389827,6,3,3
30936,1693226389827,1692254125584,1692254125588,1693226389875,48,4,44
30937,1693226389875,1692254125642,1692254125645,1693226389892,17,3,14
30938,1693226389892,1692254125649,1692254125652,1693226389899,7,3,4
30939,1693226389899,1692254125657,1692254125660,1693226389907,8,3,5
30940,1693226389907,1692254125673,1692254125676,1693226389922,15,3,12
30941,1693226389922,1692254125706,1692254125708,1693226389956,34,2,32
30942,1693226389956,1692254125726,1692254125729,1693226389976,20,3,17
30943,1693226389976,1692254125733,1692254125736,1693226389983,7,3,4
30944,1693226389983,1692254125749,1692254125752,1693226390000,17,3,14
30945,1693226390001,1692254125759,1692254125762,1693226390009,8,3,5
30946,1693226390009,1692254125767,1692254125770,1693226390017,8,3,5
30947,1693226390017,1692254125774,1692254125777,1693226390024,7,3,4
30948,1693226390024,1692254125781,1692254125784,1693226390032,8,3,5
30949,1693226390032,1692254125789,1692254125792,1693226390042,10,3,7
30950,1693226390042,1692254125806,1692254125809,1693226390056,14,3,11
30951,1693226390056,1692254125833,1692254125836,1693226390083,27,3,24
30952,1693226390083,1692254125857,1692254125860,1693226390107,24,3,21
30953,1693226390107,1692254125870,1692254125873,1693226390120,13,3,10
30954,1693226390121,1692254125879,1692254125883,1693226390130,9,4,5
30955,1693226390130,1692254125894,1692254125896,1693226390144,14,2,12
30956,1693226390144,1692254125901,1692254125904,1693226390151,7,3,4
30957,1693226390151,1692254125908,1692254125911,1693226390158,7,3,4
30958,1693226390158,1692254125941,1692254125944,1693226390191,33,3,30
30959,1693226390191,1692254125984,1692254125988,1693226390235,44,4,40
30960,1693226390235,1692254125992,1692254125995,1693226390242,7,3,4
30961,1693226390242,1692254126002,1692254126061,1693226390308,66,59,7
30962,1693226390308,1692254126065,1692254126068,1693226390315,7,3,4
30963,1693226390315,1692254126072,1692254126075,1693226390321,6,3,3
30964,1693226390322,1692254126078,1692254126081,1693226390328,6,3,3
30965,1693226390328,1692254126086,1692254126088,1693226390335,7,2,5
30966,1693226390335,1692254126094,1692254126099,1693226390348,13,5,8
30967,1693226390348,1692254126122,1692254126125,1693226390371,23,3,20
30968,1693226390371,1692254126130,1692254126132,1693226390379,8,2,6
30969,1693226390379,1692254126153,1692254126156,1693226390403,24,3,21
30970,1693226390403,1692254126163,1692254126166,1693226390413,10,3,7
30971,1693226390413,1692254126170,1692254126174,1693226390421,8,4,4
30972,1693226390421,1692254126194,1692254126197,1693226390444,23,3,20
30973,1693226390444,1692254126200,1692254126203,1693226390452,8,3,5
30974,1693226390452,1692254126215,1692254126217,1693226390464,12,2,10
30975,1693226390464,1692254126222,1692254126225,1693226390473,9,3,6
30976,1693226390473,1692254126230,1692254126232,1693226390479,6,2,4
30977,1693226390479,1692254126237,1692254126241,1693226390488,9,4,5
30978,1693226390488,1692254126245,1692254126248,1693226390495,7,3,4
30979,1693226390495,1692254126252,1692254126255,1693226390502,7,3,4
30980,1693226390502,1692254126289,1692254126292,1693226390539,37,3,34
30981,1693226390539,1692254126312,1692254126316,1693226390563,24,4,20
30982,1693226390563,1692254126320,1692254126323,1693226390570,7,3,4
30983,1693226390570,1692254126338,1692254126341,1693226390588,18,3,15
30984,1693226390588,1692254126346,1692254126349,1693226390596,8,3,5
30985,1693226390596,1692254126352,1692254126356,1693226390603,7,4,3
30986,1693226390603,1692254126360,1692254126363,1693226390610,7,3,4
30987,1693226390610,1692254126373,1692254126376,1693226390623,13,3,10
30988,1693226390623,1692254126413,1692254126416,1693226390663,40,3,37
30989,1693226390663,1692254126420,1692254126424,1693226390671,8,4,4
30990,1693226390672,1692254126469,1692254126472,1693226390719,47,3,44
30991,1693226390719,1692254126496,1692254126499,1693226390746,27,3,24
30992,1693226390746,1692254126509,1692254126517,1693226390764,18,8,10
30993,1693226390764,1692254126525,1692254126528,1693226390775,11,3,8
30994,1693226390775,1692254126536,1692254126539,1693226390786,11,3,8
30995,1693226390786,1692254126546,1692254126549,1693226390796,10,3,7
30996,1693226390796,1692254126554,1692254126557,1693226390804,8,3,5
30997,1693226390804,1692254126562,1692254126564,1693226390811,7,2,5
30998,1693226390811,1692254126572,1692254126575,1693226390823,12,3,9
30999,1693226390823,1692254126580,1692254126583,1693226390830,7,3,4
31000,1693226390830,1692254126597,1692254126600,1693226390847,17,3,14
31001,1693226390847,1692254126604,1692254126607,1693226390854,7,3,4
31002,1693226390854,1692254126612,1692254126615,1693226390861,7,3,4
31003,1693226390861,1692254126621,1692254126625,1693226390873,12,4,8
31004,1693226390873,1692254126630,1692254126633,1693226390880,7,3,4
31005,1693226390880,1692254126649,1692254126652,1693226390899,19,3,16
31006,1693226390899,1692254126658,1692254126661,1693226390908,9,3,6
31007,1693226390908,1692254126669,1692254126672,1693226390919,11,3,8
31008,1693226390919,1692254126677,1692254126680,1693226390927,8,3,5
31009,1693226390927,1692254126684,1692254126688,1693226390935,8,4,4
31010,1693226390935,1692254126693,1692254126695,1693226390942,7,2,5
31011,1693226390942,1692254126706,1692254126708,1693226390956,14,2,12
31012,1693226390956,1692254126713,1692254126716,1693226390964,8,3,5
31013,1693226390964,1692254126722,1692254126725,1693226390972,8,3,5
31014,1693226390972,1692254126730,1692254126733,1693226390982,10,3,7
31015,1693226390982,1692254126749,1692254126752,1693226391000,18,3,15
31016,1693226391000,1692254126757,1692254126760,1693226391007,7,3,4
31017,1693226391007,1692254126764,1692254126768,1693226391015,8,4,4
31018,1693226391015,1692254126772,1692254126775,1693226391022,7,3,4
31019,1693226391022,1692254126780,1692254126783,1693226391030,8,3,5
31020,1693226391030,1692254126798,1692254126802,1693226391049,19,4,15
31021,1693226391049,1692254126806,1692254126810,1693226391057,8,4,4
31022,1693226391057,1692254126818,1692254126820,1693226391067,10,2,8
31023,1693226391067,1692254126835,1692254126838,1693226391085,18,3,15
31024,1693226391085,1692254126842,1692254126845,1693226391093,8,3,5
31025,1693226391093,1692254126909,1692254126912,1693226391160,67,3,64
31026,1693226394177,1692254129935,1692254129939,1693226394186,9,4,5
31027,1693226394186,1692254129943,1692254129946,1693226394194,8,3,5
31028,1693226394194,1692254129952,1692254129955,1693226394202,8,3,5
31029,1693226394202,1692254129959,1692254129962,1693226394209,7,3,4
31030,1693226394209,1692254129967,1692254129970,1693226394217,8,3,5
31031,1693226394217,1692254129974,1692254129977,1693226394225,8,3,5
31032,1693226394225,1692254129982,1692254129986,1693226394233,8,4,4
31033,1693226394233,1692254129990,1692254129993,1693226394240,7,3,4
31034,1693226394240,1692254129997,1692254130000,1693226394247,7,3,4
31035,1693226394247,1692254130004,1692254130008,1693226394255,8,4,4
31036,1693226394255,1692254130012,1692254130015,1693226394262,7,3,4
31037,1693226394262,1692254130020,1692254130024,1693226394271,9,4,5
31038,1693226394271,1692254130028,1692254130032,1693226394279,8,4,4
31039,1693226394279,1692254130037,1692254130039,1693226394287,8,2,6
31040,1693226394287,1692254130044,1692254130049,1693226394296,9,5,4
31041,1693226394296,1692254130054,1692254130057,1693226394305,9,3,6
31042,1693226394305,1692254130062,1692254130065,1693226394312,7,3,4
31043,1693226394312,1692254130070,1692254130073,1693226394320,8,3,5
31044,1693226394320,1692254130078,1692254130081,1693226394328,8,3,5
31045,1693226394328,1692254130086,1692254130088,1693226394336,8,2,6
31046,1693226394336,1692254130093,1692254130096,1693226394343,7,3,4
31047,1693226394343,1692254130100,1692254130103,1693226394350,7,3,4
31048,1693226394350,1692254130108,1692254130111,1693226394358,8,3,5
31049,1693226394358,1692254130115,1692254130119,1693226394366,8,4,4
31050,1693226394366,1692254130123,1692254130126,1693226394373,7,3,4
31051,1693226394373,1692254130130,1692254130133,1693226394380,7,3,4
31052,1693226394380,1692254130137,1692254130140,1693226394387,7,3,4
31053,1693226394387,1692254130144,1692254130148,1693226394395,8,4,4
31054,1693226394395,1692254130152,1692254130156,1693226394403,8,4,4
31055,1693226394403,1692254130160,1692254130164,1693226394411,8,4,4
31056,1693226394411,1692254130168,1692254130174,1693226394421,10,6,4
31057,1693226394421,1692254130178,1692254130181,1693226394428,7,3,4
31058,1693226394428,1692254130185,1692254130189,1693226394436,8,4,4
31059,1693226394436,1692254130193,1692254130196,1693226394445,9,3,6
31060,1693226394445,1692254130202,1692254130206,1693226394453,8,4,4
31061,1693226394453,1692254130210,1692254130213,1693226394460,7,3,4
31062,1693226394460,1692254130218,1692254130221,1693226394468,8,3,5
31063,1693226394468,1692254130225,1692254130228,1693226394475,7,3,4
31064,1693226394475,1692254130233,1692254130236,1693226394483,8,3,5
31065,1693226394483,1692254130239,1692254130243,1693226394490,7,4,3
31066,1693226394490,1692254130247,1692254130250,1693226394497,7,3,4
31067,1693226394498,1692254130255,1692254130258,1693226394505,7,3,4
31068,1693226394505,1692254130262,1692254130266,1693226394513,8,4,4
31069,1693226394513,1692254130270,1692254130272,1693226394519,6,2,4
31070,1693226394520,1692254130277,1692254130280,1693226394527,7,3,4
31071,1693226394527,1692254130284,1692254130287,1693226394534,7,3,4
31072,1693226394534,1692254130292,1692254130296,1693226394543,9,4,5
31073,1693226394543,1692254130303,1692254130306,1693226394553,10,3,7
31074,1693226394553,1692254130311,1692254130314,1693226394561,8,3,5
31075,1693226394561,1692254130319,1692254130323,1693226394570,9,4,5
31076,1693226394570,1692254130327,1692254130332,1693226394579,9,5,4
31077,1693226394579,1692254130337,1692254130340,1693226394587,8,3,5
31078,1693226394587,1692254130344,1692254130346,1693226394594,7,2,5
31079,1693226394594,1692254130351,1692254130354,1693226394601,7,3,4
31080,1693226394601,1692254130358,1692254130361,1693226394609,8,3,5
31081,1693226394609,1692254130366,1692254130370,1693226394617,8,4,4
31082,1693226394617,1692254130375,1692254130378,1693226394625,8,3,5
31083,1693226394625,1692254130383,1692254130387,1693226394634,9,4,5
31084,1693226394634,1692254130392,1692254130395,1693226394642,8,3,5
31085,1693226394642,1692254130399,1692254130403,1693226394650,8,4,4
31086,1693226394650,1692254130407,1692254130410,1693226394657,7,3,4
31087,1693226394657,1692254130420,1692254130423,1693226394670,13,3,10
31088,1693226394670,1692254130427,1692254130431,1693226394678,8,4,4
31089,1693226394678,1692254130435,1692254130438,1693226394685,7,3,4
31090,1693226394685,1692254130442,1692254130445,1693226394692,7,3,4
31091,1693226394692,1692254130450,1692254130452,1693226394699,7,2,5
31092,1693226394699,1692254130457,1692254130460,1693226394710,11,3,8
31093,1693226394710,1692254130511,1692254130515,1693226394762,52,4,48
31094,1693226394762,1692254130520,1692254130523,1693226394770,8,3,5
31095,1693226394770,1692254130528,1692254130530,1693226394777,7,2,5
31096,1693226394777,1692254130534,1692254130538,1693226394785,8,4,4
31097,1693226394785,1692254130542,1692254130545,1693226394793,8,3,5
31098,1693226394793,1692254130550,1692254130553,1693226394800,7,3,4
31099,1693226394800,1692254130557,1692254130561,1693226394808,8,4,4
31100,1693226394808,1692254130565,1692254130569,1693226394816,8,4,4
31101,1693226394816,1692254130573,1692254130576,1693226394823,7,3,4
31102,1693226394823,1692254130580,1692254130583,1693226394830,7,3,4
31103,1693226394830,1692254130593,1692254130596,1693226394842,12,3,9
31104,1693226394842,1692254130600,1692254130604,1693226394851,9,4,5
31105,1693226394851,1692254130610,1692254130613,1693226394860,9,3,6
31106,1693226394860,1692254130618,1692254130622,1693226394869,9,4,5
31107,1693226394869,1692254130626,1692254130630,1693226394877,8,4,4
31108,1693226394877,1692254130634,1692254130637,1693226394884,7,3,4
31109,1693226394884,1692254130641,1692254130644,1693226394897,13,3,10
31110,1693226394897,1692254130654,1692254130657,1693226394938,41,3,38
31111,1693226394938,1692254130712,1692254130715,1693226394963,25,3,22
31112,1693226394963,1692254130720,1692254130725,1693226394972,9,5,4
31113,1693226394972,1692254130730,1692254130732,1693226394979,7,2,5
31114,1693226394979,1692254130736,1692254130739,1693226394986,7,3,4
31115,1693226394986,1692254130743,1692254130746,1693226394993,7,3,4
31116,1693226394993,1692254130750,1692254130753,1693226395000,7,3,4
31117,1693226395000,1692254130757,1692254130761,1693226395008,8,4,4
31118,1693226395008,1692254130765,1692254130768,1693226395015,7,3,4
31119,1693226395015,1692254130772,1692254130776,1693226395024,9,4,5
31120,1693226395024,1692254130781,1692254130785,1693226395032,8,4,4
31121,1693226395032,1692254130789,1692254130793,1693226395040,8,4,4
31122,1693226395040,1692254130797,1692254130800,1693226395047,7,3,4
31123,1693226395047,1692254130804,1692254130807,1693226395053,6,3,3
31124,1693226395053,1692254130811,1692254130815,1693226395061,8,4,4
31125,1693226395061,1692254130819,1692254130823,1693226395069,8,4,4
31126,1693226395069,1692254130826,1692254130830,1693226395077,8,4,4
31127,1693226395077,1692254130834,1692254130836,1693226395083,6,2,4
31128,1693226395083,1692254130840,1692254130844,1693226395090,7,4,3
31129,1693226395090,1692254130848,1692254130851,1693226395098,8,3,5
31130,1693226395098,1692254130855,1692254130858,1693226395105,7,3,4
31131,1693226395105,1692254130862,1692254130867,1693226395113,8,5,3
31132,1693226395113,1692254130870,1692254130874,1693226395120,7,4,3
31133,1693226395120,1692254130877,1692254130880,1693226395127,7,3,4
31134,1693226395127,1692254130884,1692254130889,1693226395136,9,5,4
31135,1693226395136,1692254130893,1692254130896,1693226395143,7,3,4
31136,1693226395143,1692254130900,1692254130903,1693226395150,7,3,4
31137,1693226395150,1692254130907,1692254130911,1693226395157,7,4,3
31138,1693226395157,1692254130916,1692254130921,1693226395171,14,5,9
31139,1693226395171,1692254130928,1692254130931,1693226395178,7,3,4
31140,1693226395178,1692254130935,1692254130938,1693226395185,7,3,4
31141,1693226395185,1692254130943,1692254130946,1693226395192,7,3,4
31142,1693226395192,1692254130949,1692254130952,1693226395198,6,3,3
31143,1693226395198,1692254130955,1692254130959,1693226395205,7,4,3
31144,1693226395205,1692254130962,1692254130966,1693226395212,7,4,3
31145,1693226395212,1692254130969,1692254130972,1693226395219,7,3,4
31146,1693226395219,1692254130976,1692254130978,1693226395225,6,2,4
31147,1693226395225,1692254130983,1692254130988,1693226395235,10,5,5
31148,1693226395235,1692254130992,1692254130995,1693226395242,7,3,4
31149,1693226395242,1692254130999,1692254131002,1693226395248,6,3,3
31150,1693226395248,1692254131006,1692254131009,1693226395256,8,3,5
31151,1693226395256,1692254131013,1692254131016,1693226395263,7,3,4
31152,1693226395263,1692254131020,1692254131023,1693226395269,6,3,3
31153,1693226395269,1692254131027,1692254131030,1693226395282,13,3,10
31154,1693226395282,1692254131039,1692254131042,1693226395289,7,3,4
31155,1693226395289,1692254131048,1692254131051,1693226395298,9,3,6
31156,1693226395298,1692254131057,1692254131060,1693226395306,8,3,5
31157,1693226395306,1692254131063,1692254131066,1693226395313,7,3,4
31158,1693226395313,1692254131070,1692254131073,1693226395320,7,3,4
31159,1693226395320,1692254131077,1692254131082,1693226395329,9,5,4
31160,1693226395329,1692254131086,1692254131089,1693226395336,7,3,4
31161,1693226395336,1692254131093,1692254131096,1693226395343,7,3,4
31162,1693226395343,1692254131100,1692254131104,1693226395350,7,4,3
31163,1693226395350,1692254131107,1692254131110,1693226395357,7,3,4
31164,1693226395357,1692254131114,1692254131118,1693226395366,9,4,5
31165,1693226395366,1692254131123,1692254131127,1693226395373,7,4,3
31166,1693226395373,1692254131131,1692254131134,1693226395380,7,3,4
31167,1693226395380,1692254131139,1692254131142,1693226395389,9,3,6
31168,1693226395389,1692254131147,1692254131150,1693226395397,8,3,5
31169,1693226395397,1692254131154,1692254131157,1693226395403,6,3,3
31170,1693226395403,1692254131160,1692254131163,1693226395410,7,3,4
31171,1693226395410,1692254131168,1692254131171,1693226395417,7,3,4
31172,1693226395417,1692254131176,1692254131179,1693226395425,8,3,5
31173,1693226395425,1692254131184,1692254131187,1693226395434,9,3,6
31174,1693226395434,1692254131191,1692254131194,1693226395441,7,3,4
31175,1693226395441,1692254131198,1692254131201,1693226395448,7,3,4
31176,1693226395448,1692254131205,1692254131208,1693226395454,6,3,3
31177,1693226395454,1692254131212,1692254131215,1693226395462,8,3,5
31178,1693226395462,1692254131219,1692254131222,1693226395469,7,3,4
31179,1693226395469,1692254131226,1692254131229,1693226395475,6,3,3
31180,1693226395475,1692254131232,1692254131236,1693226395482,7,4,3
31181,1693226395482,1692254131240,1692254131243,1693226395489,7,3,4
31182,1693226395489,1692254131247,1692254131249,1693226395496,7,2,5
31183,1693226395496,1692254131253,1692254131258,1693226395504,8,5,3
31184,1693226395504,1692254131262,1692254131265,1693226395511,7,3,4
31185,1693226395512,1692254131269,1692254131272,1693226395519,7,3,4
31186,1693226395519,1692254131276,1692254131279,1693226395526,7,3,4
31187,1693226395526,1692254131283,1692254131286,1693226395532,6,3,3
31188,1693226395532,1692254131290,1692254131294,1693226395541,9,4,5
31189,1693226395541,1692254131298,1692254131302,1693226395548,7,4,3
31190,1693226395548,1692254131306,1692254131308,1693226395555,7,2,5
31191,1693226395555,1692254131312,1692254131315,1693226395562,7,3,4
31192,1693226395562,1692254131319,1692254131323,1693226395572,10,4,6
31193,1693226395572,1692254131330,1692254131333,1693226395580,8,3,5
31194,1693226395580,1692254131337,1692254131341,1693226395587,7,4,3
31195,1693226395587,1692254131345,1692254131348,1693226395594,7,3,4
31196,1693226395594,1692254131352,1692254131354,1693226395601,7,2,5
31197,1693226395601,1692254131359,1692254131362,1693226395609,8,3,5
31198,1693226395609,1692254131367,1692254131370,1693226395617,8,3,5
31199,1693226395617,1692254131374,1692254131378,1693226395625,8,4,4
31200,1693226395625,1692254131382,1692254131384,1693226395632,7,2,5
31201,1693226395632,1692254131390,1692254131393,1693226395640,8,3,5
31202,1693226395640,1692254131398,1692254131401,1693226395648,8,3,5
31203,1693226395648,1692254131405,1692254131408,1693226395655,7,3,4
31204,1693226395655,1692254131412,1692254131416,1693226395662,7,4,3
31205,1693226395662,1692254131419,1692254131423,1693226395669,7,4,3
31206,1693226395669,1692254131429,1692254131433,1693226395680,11,4,7
31207,1693226395680,1692254131437,1692254131439,1693226395686,6,2,4
31208,1693226395686,1692254131444,1692254131447,1693226395693,7,3,4
31209,1693226395693,1692254131451,1692254131454,1693226395701,8,3,5
31210,1693226395701,1692254131458,1692254131461,1693226395708,7,3,4
31211,1693226395708,1692254131465,1692254131468,1693226395715,7,3,4
31212,1693226395715,1692254131472,1692254131476,1693226395722,7,4,3
31213,1693226395722,1692254131479,1692254131482,1693226395729,7,3,4
31214,1693226395729,1692254131486,1692254131489,1693226395735,6,3,3
31215,1693226395735,1692254131493,1692254131495,1693226395742,7,2,5
31216,1693226395742,1692254131500,1692254131503,1693226395749,7,3,4
31217,1693226395749,1692254131507,1692254131510,1693226395756,7,3,4
31218,1693226395757,1692254131514,1692254131517,1693226395763,6,3,3
31219,1693226395763,1692254131520,1692254131523,1693226395770,7,3,4
31220,1693226395770,1692254131527,1692254131532,1693226395778,8,5,3
31221,1693226395778,1692254131536,1692254131540,1693226395786,8,4,4
31222,1693226395786,1692254131544,1692254131547,1693226395793,7,3,4
31223,1693226395793,1692254131550,1692254131554,1693226395800,7,4,3
31224,1693226395800,1692254131557,1692254131560,1693226395806,6,3,3
31225,1693226395807,1692254131564,1692254131568,1693226395814,7,4,3
31226,1693226395814,1692254131571,1692254131575,1693226395821,7,4,3
31227,1693226395822,1692254131580,1692254131583,1693226395829,7,3,4
31228,1693226395829,1692254131586,1692254131590,1693226395837,8,4,4
31229,1693226395837,1692254131594,1692254131597,1693226395844,7,3,4
31230,1693226395844,1692254131601,1692254131604,1693226395851,7,3,4
31231,1693226395851,1692254131608,1692254131611,1693226395858,7,3,4
31232,1693226395858,1692254131615,1692254131618,1693226395864,6,3,3
31233,1693226395865,1692254131622,1692254131625,1693226395872,7,3,4
31234,1693226395872,1692254131629,1692254131632,1693226395878,6,3,3
31235,1693226395878,1692254131635,1692254131639,1693226395885,7,4,3
31236,1693226395885,1692254131642,1692254131646,1693226395892,7,4,3
31237,1693226395892,1692254131650,1692254131654,1693226395900,8,4,4
31238,1693226395900,1692254131658,1692254131660,1693226395907,7,2,5
31239,1693226395907,1692254131666,1692254131669,1693226395915,8,3,5
31240,1693226395915,1692254131673,1692254131677,1693226395923,8,4,4
31241,1693226395923,1692254131680,1692254131684,1693226395930,7,4,3
31242,1693226395930,1692254131688,1692254131691,1693226395937,7,3,4
31243,1693226395937,1692254131696,1692254131699,1693226395948,11,3,8
31244,1693226395948,1692254131705,1692254131709,1693226395956,8,4,4
31245,1693226395956,1692254131713,1692254131716,1693226395963,7,3,4
31246,1693226395963,1692254131720,1692254131723,1693226395970,7,3,4
31247,1693226395970,1692254131728,1692254131731,1693226395981,11,3,8
31248,1693226395981,1692254131739,1692254131741,1693226395989,8,2,6
31249,1693226395989,1692254131746,1692254131749,1693226395996,7,3,4
31250,1693226395996,1692254131753,1692254131756,1693226396002,6,3,3
31251,1693226396002,1692254131760,1692254131763,1693226396010,8,3,5
31252,1693226396010,1692254131768,1692254131771,1693226396018,8,3,5
31253,1693226396018,1692254131775,1692254131778,1693226396024,6,3,3
31254,1693226396024,1692254131785,1692254131788,1693226396035,11,3,8
31255,1693226396035,1692254131792,1692254131795,1693226396042,7,3,4
31256,1693226396042,1692254131799,1692254131802,1693226396048,6,3,3
31257,1693226396048,1692254131805,1692254131810,1693226396059,11,5,6
31258,1693226396059,1692254131816,1692254131820,1693226396066,7,4,3
31259,1693226396066,1692254131823,1692254131827,1693226396073,7,4,3
31260,1693226396073,1692254131830,1692254131833,1693226396080,7,3,4
31261,1693226396080,1692254131839,1692254131842,1693226396089,9,3,6
31262,1693226396089,1692254131846,1692254131850,1693226396097,8,4,4
31263,1693226396097,1692254131854,1692254131857,1693226396104,7,3,4
31264,1693226396104,1692254131861,1692254131865,1693226396113,9,4,5
31265,1693226396113,1692254131871,1692254131874,1693226396121,8,3,5
31266,1693226396121,1692254131878,1692254131881,1693226396127,6,3,3
31267,1693226396127,1692254131884,1692254131888,1693226396135,8,4,4
31268,1693226396135,1692254131892,1692254131895,1693226396141,6,3,3
31269,1693226396141,1692254131899,1692254131901,1693226396148,7,2,5
31270,1693226396148,1692254131905,1692254131908,1693226396155,7,3,4
31271,1693226396155,1692254131912,1692254131915,1693226396162,7,3,4
31272,1693226396162,1692254131919,1692254131922,1693226396168,6,3,3
31273,1693226396168,1692254131925,1692254131928,1693226396175,7,3,4
31274,1693226396175,1692254131932,1692254131935,1693226396181,6,3,3
31275,1693226396181,1692254131941,1692254131944,1693226396191,10,3,7
31276,1693226396191,1692254131948,1692254131951,1693226396198,7,3,4
31277,1693226396198,1692254131956,1692254131958,1693226396205,7,2,5
31278,1693226396205,1692254131962,1692254131966,1693226396213,8,4,4
31279,1693226396213,1692254131970,1692254131974,1693226396221,8,4,4
31280,1693226396221,1692254131977,1692254131981,1693226396228,7,4,3
31281,1693226396228,1692254131986,1692254131988,1693226396236,8,2,6
31282,1693226396236,1692254131993,1692254131996,1693226396242,6,3,3
31283,1693226396243,1692254132000,1692254132003,1693226396251,8,3,5
31284,1693226396251,1692254132009,1692254132012,1693226396261,10,3,7
31285,1693226396261,1692254132018,1692254132021,1693226396268,7,3,4
31286,1693226396268,1692254132026,1692254132029,1693226396276,8,3,5
31287,1693226396277,1692254132034,1692254132037,1693226396284,7,3,4
31288,1693226396284,1692254132043,1692254132047,1693226396294,10,4,6
31289,1693226396294,1692254132051,1692254132055,1693226396302,8,4,4
31290,1693226396302,1692254132059,1692254132061,1693226396308,6,2,4
31291,1693226396308,1692254132066,1692254132070,1693226396318,10,4,6
31292,1693226396318,1692254132076,1692254132078,1693226396325,7,2,5
31293,1693226396325,1692254132082,1692254132085,1693226396332,7,3,4
31294,1693226396333,1692254132090,1692254132095,1693226396342,9,5,4
31295,1693226396342,1692254132099,1692254132102,1693226396348,6,3,3
31296,1693226396348,1692254132106,1692254132109,1693226396356,8,3,5
31297,1693226396356,1692254132114,1692254132116,1693226396363,7,2,5
31298,1693226396364,1692254132121,1692254132124,1693226396371,7,3,4
31299,1693226396371,1692254132128,1692254132131,1693226396378,7,3,4
31300,1693226396378,1692254132135,1692254132138,1693226396384,6,3,3
31301,1693226396384,1692254132142,1692254132146,1693226396393,9,4,5
31302,1693226396393,1692254132151,1692254132154,1693226396401,8,3,5
31303,1693226396401,1692254132158,1692254132161,1693226396408,7,3,4
31304,1693226396408,1692254132166,1692254132169,1693226396416,8,3,5
31305,1693226396416,1692254132173,1692254132177,1693226396423,7,4,3
31306,1693226396424,1692254132181,1692254132184,1693226396431,7,3,4
31307,1693226396431,1692254132188,1692254132191,1693226396438,7,3,4
31308,1693226396438,1692254132195,1692254132198,1693226396445,7,3,4
31309,1693226396445,1692254132202,1692254132205,1693226396452,7,3,4
31310,1693226396452,1692254132211,1692254132213,1693226396460,8,2,6
31311,1693226396460,1692254132217,1692254132220,1693226396467,7,3,4
31312,1693226396467,1692254132224,1692254132227,1693226396474,7,3,4
31313,1693226396474,1692254132232,1692254132235,1693226396482,8,3,5
31314,1693226396482,1692254132239,1692254132242,1693226396489,7,3,4
31315,1693226396489,1692254132248,1692254132252,1693226396499,10,4,6
31316,1693226396499,1692254132256,1692254132260,1693226396506,7,4,3
31317,1693226396506,1692254132264,1692254132266,1693226396513,7,2,5
31318,1693226396513,1692254132270,1692254132273,1693226396520,7,3,4
31319,1693226396521,1692254132287,1692254132290,1693226396537,16,3,13
31320,1693226396537,1692254132295,1692254132298,1693226396545,8,3,5
31321,1693226396545,1692254132302,1692254132305,1693226396552,7,3,4
31322,1693226396552,1692254132310,1692254132312,1693226396559,7,2,5
31323,1693226396559,1692254132317,1692254132320,1693226396567,8,3,5
31324,1693226396567,1692254132326,1692254132329,1693226396576,9,3,6
31325,1693226396576,1692254132334,1692254132338,1693226396584,8,4,4
31326,1693226396584,1692254132346,1692254132350,1693226396597,13,4,9
31327,1693226396597,1692254132355,1692254132358,1693226396605,8,3,5
31328,1693226396606,1692254132363,1692254132366,1693226396613,7,3,4
31329,1693226396613,1692254132371,1692254132374,1693226396622,9,3,6
31330,1693226396622,1692254132379,1692254132382,1693226396629,7,3,4
31331,1693226396629,1692254132386,1692254132391,1693226396638,9,5,4
31332,1693226396638,1692254132395,1692254132399,1693226396646,8,4,4
31333,1693226396646,1692254132404,1692254132407,1693226396654,8,3,5
31334,1693226396654,1692254132411,1692254132415,1693226396662,8,4,4
31335,1693226396662,1692254132419,1692254132422,1693226396669,7,3,4
31336,1693226396669,1692254132426,1692254132429,1693226396676,7,3,4
31337,1693226396676,1692254132434,1692254132437,1693226396684,8,3,5
31338,1693226396684,1692254132441,1692254132444,1693226396691,7,3,4
31339,1693226396691,1692254132449,1692254132452,1693226396699,8,3,5
31340,1693226396700,1692254132457,1692254132460,1693226396707,7,3,4
31341,1693226396707,1692254132464,1692254132468,1693226396715,8,4,4
31342,1693226396715,1692254132472,1692254132475,1693226396722,7,3,4
31343,1693226396722,1692254132479,1692254132483,1693226396730,8,4,4
31344,1693226396730,1692254132488,1692254132491,1693226396738,8,3,5
31345,1693226396738,1692254132496,1692254132499,1693226396746,8,3,5
31346,1693226396746,1692254132503,1692254132506,1693226396753,7,3,4
31347,1693226396753,1692254132511,1692254132515,1693226396762,9,4,5
31348,1693226396762,1692254132519,1692254132522,1693226396769,7,3,4
31349,1693226396769,1692254132527,1692254132530,1693226396777,8,3,5
31350,1693226396777,1692254132534,1692254132537,1693226396784,7,3,4
31351,1693226396784,1692254132542,1692254132545,1693226396791,7,3,4
31352,1693226396792,1692254132548,1692254132551,1693226396800,8,3,5
31353,1693226396800,1692254132557,1692254132560,1693226396807,7,3,4
31354,1693226396807,1692254132564,1692254132568,1693226396815,8,4,4
31355,1693226396815,1692254132572,1692254132576,1693226396823,8,4,4
31356,1693226396823,1692254132580,1692254132584,1693226396831,8,4,4
31357,1693226396831,1692254132588,1692254132591,1693226396838,7,3,4
31358,1693226396838,1692254132595,1692254132599,1693226396846,8,4,4
31359,1693226396846,1692254132603,1692254132606,1693226396854,8,3,5
31360,1693226396854,1692254132611,1692254132613,1693226396860,6,2,4
31361,1693226396860,1692254132618,1692254132621,1693226396869,9,3,6
31362,1693226396869,1692254132626,1692254132628,1693226396875,6,2,4
31363,1693226396875,1692254132633,1692254132636,1693226396883,8,3,5
31364,1693226396883,1692254132641,1692254132644,1693226396891,8,3,5
31365,1693226396891,1692254132648,1692254132653,1693226396902,11,5,6
31366,1693226396902,1692254132660,1692254132663,1693226396910,8,3,5
31367,1693226396910,1692254132667,1692254132674,1693226396921,11,7,4
31368,1693226396921,1692254132679,1692254132683,1693226396930,9,4,5
31369,1693226396930,1692254132687,1692254132691,1693226396938,8,4,4
31370,1693226396938,1692254132695,1692254132698,1693226396945,7,3,4
31371,1693226396945,1692254132703,1692254132706,1693226396954,9,3,6
31372,1693226396954,1692254132711,1692254132714,1693226396961,7,3,4
31373,1693226396961,1692254132719,1692254132721,1693226396969,8,2,6
31374,1693226396969,1692254132726,1692254132730,1693226396977,8,4,4
31375,1693226396977,1692254132734,1692254132737,1693226396984,7,3,4
31376,1693226396984,1692254132742,1692254132745,1693226396992,8,3,5
31377,1693226396992,1692254132749,1692254132752,1693226396999,7,3,4
31378,1693226396999,1692254132757,1692254132760,1693226397007,8,3,5
31379,1693226397007,1692254132766,1692254132768,1693226397015,8,2,6
31380,1693226397015,1692254132772,1692254132776,1693226397023,8,4,4
31381,1693226397023,1692254132780,1692254132783,1693226397030,7,3,4
31382,1693226397030,1692254132792,1692254132796,1693226397043,13,4,9
31383,1693226397043,1692254132800,1692254132803,1693226397050,7,3,4
31384,1693226397050,1692254132808,1692254132811,1693226397058,8,3,5
31385,1693226397059,1692254132815,1692254132819,1693226397066,7,4,3
31386,1693226397066,1692254132823,1692254132827,1693226397074,8,4,4
31387,1693226397074,1692254132832,1692254132835,1693226397081,7,3,4
31388,1693226397081,1692254132839,1692254132842,1693226397089,8,3,5
31389,1693226397089,1692254132847,1692254132851,1693226397098,9,4,5
31390,1693226397098,1692254132855,1692254132858,1693226397107,9,3,6
31391,1693226397107,1692254132865,1692254132868,1693226397115,8,3,5
31392,1693226397115,1692254132872,1692254132876,1693226397123,8,4,4
31393,1693226397123,1692254132880,1692254132884,1693226397130,7,4,3
31394,1693226397130,1692254132888,1692254132891,1693226397137,7,3,4
31395,1693226397138,1692254132895,1692254132899,1693226397146,8,4,4
31396,1693226397146,1692254132903,1692254132906,1693226397153,7,3,4
31397,1693226397153,1692254132911,1692254132913,1693226397160,7,2,5
31398,1693226397160,1692254132918,1692254132920,1693226397168,8,2,6
31399,1693226397168,1692254132925,1692254132929,1693226397176,8,4,4
31400,1693226397176,1692254132933,1692254132936,1693226397183,7,3,4
31401,1693226397183,1692254132940,1692254132943,1693226397190,7,3,4
31402,1693226397191,1692254132948,1692254132951,1693226397198,7,3,4
31403,1693226397198,1692254132954,1692254132957,1693226397204,6,3,3
31404,1693226397204,1692254132965,1692254132969,1693226397216,12,4,8
31405,1693226397216,1692254132974,1692254132976,1693226397224,8,2,6
31406,1693226397224,1692254132981,1692254132985,1693226397232,8,4,4
31407,1693226397232,1692254132990,1692254132992,1693226397239,7,2,5
31408,1693226397239,1692254132997,1692254133000,1693226397247,8,3,5
31409,1693226397247,1692254133004,1692254133007,1693226397255,8,3,5
31410,1693226397255,1692254133012,1692254133015,1693226397262,7,3,4
31411,1693226397262,1692254133024,1692254133027,1693226397274,12,3,9
31412,1693226397274,1692254133032,1692254133035,1693226397282,8,3,5
31413,1693226397282,1692254133039,1692254133041,1693226397289,7,2,5
31414,1693226397289,1692254133046,1692254133050,1693226397296,7,4,3
31415,1693226397297,1692254133054,1692254133056,1693226397303,6,2,4
31416,1693226397303,1692254133061,1692254133064,1693226397312,9,3,6
31417,1693226397312,1692254133070,1692254133073,1693226397320,8,3,5
31418,1693226397320,1692254133077,1692254133080,1693226397328,8,3,5
31419,1693226397328,1692254133086,1692254133089,1693226397336,8,3,5
31420,1693226397336,1692254133093,1692254133096,1693226397344,8,3,5
31421,1693226397344,1692254133102,1692254133105,1693226397352,8,3,5
31422,1693226397352,1692254133111,1692254133114,1693226397361,9,3,6
31423,1693226397361,1692254133118,1692254133121,1693226397368,7,3,4
31424,1693226397368,1692254133126,1692254133129,1693226397377,9,3,6
31425,1693226397377,1692254133134,1692254133137,1693226397384,7,3,4
31426,1693226397384,1692254133143,1692254133145,1693226397392,8,2,6
31427,1693226397393,1692254133150,1692254133153,1693226397402,9,3,6
31428,1693226397402,1692254133159,1692254133163,1693226397410,8,4,4
31429,1693226397410,1692254133170,1692254133174,1693226397421,11,4,7
31430,1693226397421,1692254133178,1692254133181,1693226397428,7,3,4
31431,1693226397428,1692254133186,1692254133189,1693226397436,8,3,5
31432,1693226397436,1692254133194,1692254133197,1693226397444,8,3,5
31433,1693226397444,1692254133201,1692254133204,1693226397451,7,3,4
31434,1693226397451,1692254133209,1692254133212,1693226397460,9,3,6
31435,1693226397460,1692254133217,1692254133221,1693226397468,8,4,4
31436,1693226397468,1692254133225,1692254133228,1693226397475,7,3,4
31437,1693226397476,1692254133234,1692254133237,1693226397484,8,3,5
31438,1693226397484,1692254133246,1692254133249,1693226397496,12,3,9
31439,1693226397496,1692254133253,1692254133256,1693226397503,7,3,4
31440,1693226397503,1692254133260,1692254133264,1693226397511,8,4,4
31441,1693226397511,1692254133268,1692254133273,1693226397520,9,5,4
31442,1693226397520,1692254133278,1692254133280,1693226397527,7,2,5
31443,1693226397527,1692254133284,1692254133288,1693226397535,8,4,4
31444,1693226397535,1692254133293,1692254133296,1693226397543,8,3,5
31445,1693226397543,1692254133301,1692254133304,1693226397551,8,3,5
31446,1693226397551,1692254133308,1692254133311,1693226397558,7,3,4
31447,1693226397558,1692254133315,1692254133318,1693226397607,49,3,46
31448,1693226397607,1692254133374,1692254133377,1693226397624,17,3,14
31449,1693226397624,1692254133382,1692254133384,1693226397632,8,2,6
31450,1693226397632,1692254133389,1692254133393,1693226397640,8,4,4
31451,1693226397640,1692254133397,1692254133400,1693226397647,7,3,4
31452,1693226397647,1692254133404,1692254133407,1693226397655,8,3,5
31453,1693226397655,1692254133412,1692254133418,1693226397665,10,6,4
31454,1693226397665,1692254133422,1692254133425,1693226397672,7,3,4
31455,1693226397673,1692254133430,1692254133433,1693226397681,8,3,5
31456,1693226397681,1692254133440,1692254133443,1693226397690,9,3,6
31457,1693226397690,1692254133448,1692254133451,1693226397698,8,3,5
31458,1693226397698,1692254133456,1692254133458,1693226397706,8,2,6
31459,1693226397706,1692254133463,1692254133469,1693226397716,10,6,4
31460,1693226397716,1692254133477,1692254133480,1693226397727,11,3,8
31461,1693226397727,1692254133484,1692254133487,1693226397734,7,3,4
31462,1693226397734,1692254133494,1692254133498,1693226397745,11,4,7
31463,1693226397745,1692254133503,1692254133506,1693226397753,8,3,5
31464,1693226397753,1692254133510,1692254133513,1693226397760,7,3,4
31465,1693226397760,1692254133517,1692254133521,1693226397768,8,4,4
31466,1693226397768,1692254133525,1692254133529,1693226397775,7,4,3
31467,1693226397775,1692254133539,1692254133543,1693226397790,15,4,11
31468,1693226397790,1692254133548,1692254133551,1693226397798,8,3,5
31469,1693226397798,1692254133556,1692254133558,1693226397805,7,2,5
31470,1693226397805,1692254133563,1692254133566,1693226397814,9,3,6
31471,1693226397814,1692254133571,1692254133573,1693226397820,6,2,4
31472,1693226397820,1692254133579,1692254133583,1693226397830,10,4,6
31473,1693226397830,1692254133587,1692254133590,1693226397837,7,3,4
31474,1693226397838,1692254133595,1692254133599,1693226397845,7,4,3
31475,1693226397846,1692254133602,1692254133606,1693226397852,6,4,2
31476,1693226397852,1692254133610,1692254133614,1693226397861,9,4,5
31477,1693226397861,1692254133619,1692254133621,1693226397868,7,2,5
31478,1693226397868,1692254133626,1692254133629,1693226397876,8,3,5
31479,1693226397876,1692254133633,1692254133636,1693226397883,7,3,4
31480,1693226397883,1692254133640,1692254133643,1693226397890,7,3,4
31481,1693226397890,1692254133647,1692254133650,1693226397897,7,3,4
31482,1693226397897,1692254133655,1692254133658,1693226397905,8,3,5
31483,1693226397905,1692254133662,1692254133665,1693226397912,7,3,4
31484,1693226397912,1692254133670,1692254133673,1693226397920,8,3,5
31485,1693226397920,1692254133677,1692254133681,1693226397928,8,4,4
31486,1693226397928,1692254133685,1692254133689,1693226397935,7,4,3
31487,1693226397936,1692254133693,1692254133697,1693226397944,8,4,4
31488,1693226397944,1692254133701,1692254133704,1693226397951,7,3,4
31489,1693226397951,1692254133709,1692254133713,1693226397959,8,4,4
31490,1693226397960,1692254133717,1692254133719,1693226397966,6,2,4
31491,1693226397966,1692254133723,1692254133725,1693226397972,6,2,4
31492,1693226397972,1692254133729,1692254133732,1693226397979,7,3,4
31493,1693226397979,1692254133736,1692254133740,1693226397987,8,4,4
31494,1693226397987,1692254133744,1692254133747,1693226397994,7,3,4
31495,1693226397994,1692254133751,1692254133754,1693226398001,7,3,4
31496,1693226398001,1692254133759,1692254133762,1693226398008,7,3,4
31497,1693226398008,1692254133766,1692254133769,1693226398015,7,3,4
31498,1693226398016,1692254133773,1692254133776,1693226398023,7,3,4
31499,1693226398023,1692254133780,1692254133783,1693226398030,7,3,4
31500,1693226398030,1692254133788,1692254133791,1693226398042,12,3,9
31501,1693226398042,1692254133800,1692254133804,1693226398051,9,4,5
31502,1693226398051,1692254133809,1692254133812,1693226398059,8,3,5
31503,1693226398059,1692254133817,1692254133820,1693226398067,8,3,5
31504,1693226398067,1692254133824,1692254133827,1693226398074,7,3,4
31505,1693226398074,1692254133831,1692254133835,1693226398081,7,4,3
31506,1693226398081,1692254133838,1692254133841,1693226398088,7,3,4
31507,1693226398088,1692254133846,1692254133849,1693226398096,8,3,5
31508,1693226398096,1692254133853,1692254133856,1693226398103,7,3,4
31509,1693226398103,1692254133860,1692254133864,1693226398111,8,4,4
31510,1693226398111,1692254133868,1692254133871,1693226398118,7,3,4
31511,1693226398118,1692254133875,1692254133878,1693226398125,7,3,4
31512,1693226398125,1692254133882,1692254133887,1693226398134,9,5,4
31513,1693226398134,1692254133892,1692254133895,1693226398142,8,3,5
31514,1693226398143,1692254133900,1692254133904,1693226398151,8,4,4
31515,1693226398151,1692254133908,1692254133911,1693226398158,7,3,4
31516,1693226398158,1692254133916,1692254133919,1693226398166,8,3,5
31517,1693226398166,1692254133924,1692254133927,1693226398174,8,3,5
31518,1693226398174,1692254133931,1692254133937,1693226398184,10,6,4
31519,1693226398184,1692254133941,1692254133944,1693226398191,7,3,4
31520,1693226398191,1692254133948,1692254133952,1693226398199,8,4,4
31521,1693226398199,1692254133958,1692254133961,1693226398209,10,3,7
31522,1693226398209,1692254133966,1692254133970,1693226398216,7,4,3
31523,1693226398216,1692254133974,1692254133976,1693226398224,8,2,6
31524,1693226398224,1692254133981,1692254133984,1693226398233,9,3,6
31525,1693226398233,1692254133991,1692254133994,1693226398241,8,3,5
31526,1693226398241,1692254133999,1692254134003,1693226398251,10,4,6
31527,1693226398251,1692254134008,1692254134011,1693226398258,7,3,4
31528,1693226398258,1692254134015,1692254134019,1693226398265,7,4,3
31529,1693226398266,1692254134025,1692254134028,1693226398275,9,3,6
31530,1693226398275,1692254134032,1692254134035,1693226398282,7,3,4
31531,1693226398282,1692254134039,1692254134042,1693226398289,7,3,4
31532,1693226398289,1692254134047,1692254134050,1693226398297,8,3,5
31533,1693226398297,1692254134055,1692254134058,1693226398306,9,3,6
31534,1693226398306,1692254134063,1692254134066,1693226398313,7,3,4
31535,1693226398313,1692254134073,1692254134075,1693226398322,9,2,7
31536,1693226398322,1692254134080,1692254134084,1693226398331,9,4,5
31537,1693226398331,1692254134088,1692254134091,1693226398338,7,3,4
31538,1693226398338,1692254134095,1692254134098,1693226398345,7,3,4
31539,1693226398345,1692254134103,1692254134107,1693226398354,9,4,5
31540,1693226398354,1692254134111,1692254134114,1693226398361,7,3,4
31541,1693226398361,1692254134118,1692254134121,1693226398368,7,3,4
31542,1693226398368,1692254134125,1692254134128,1693226398375,7,3,4
31543,1693226398375,1692254134132,1692254134135,1693226398382,7,3,4
31544,1693226398382,1692254134139,1692254134142,1693226398389,7,3,4
31545,1693226398389,1692254134146,1692254134149,1693226398396,7,3,4
31546,1693226398396,1692254134154,1692254134157,1693226398404,8,3,5
31547,1693226398404,1692254134162,1692254134166,1693226398413,9,4,5
31548,1693226398413,1692254134171,1692254134175,1693226398422,9,4,5
31549,1693226398422,1692254134179,1692254134182,1693226398429,7,3,4
31550,1693226398429,1692254134187,1692254134190,1693226398438,9,3,6
31551,1693226398438,1692254134195,1692254134199,1693226398446,8,4,4
31552,1693226398446,1692254134203,1692254134206,1693226398453,7,3,4
31553,1693226398453,1692254134210,1692254134213,1693226398460,7,3,4
31554,1693226398460,1692254134219,1692254134222,1693226398469,9,3,6
31555,1693226398469,1692254134226,1692254134230,1693226398477,8,4,4
31556,1693226398477,1692254134241,1692254134245,1693226398492,15,4,11
31557,1693226398492,1692254134249,1692254134252,1693226398500,8,3,5
31558,1693226398500,1692254134257,1692254134260,1693226398507,7,3,4
31559,1693226398507,1692254134264,1692254134267,1693226398514,7,3,4
31560,1693226398514,1692254134272,1692254134275,1693226398522,8,3,5
31561,1693226398522,1692254134279,1692254134283,1693226398530,8,4,4
31562,1693226398530,1692254134288,1692254134291,1693226398537,7,3,4
31563,1693226398537,1692254134296,1692254134299,1693226398546,9,3,6
31564,1693226398546,1692254134304,1692254134307,1693226398554,8,3,5
31565,1693226398554,1692254134311,1692254134316,1693226398563,9,5,4
31566,1693226398563,1692254134320,1692254134323,1693226398570,7,3,4
31567,1693226398570,1692254134328,1692254134332,1693226398578,8,4,4
31568,1693226398578,1692254134336,1692254134338,1693226398585,7,2,5
31569,1693226398585,1692254134344,1692254134348,1693226398594,9,4,5
31570,1693226398594,1692254134352,1692254134354,1693226398602,8,2,6
31571,1693226398602,1692254134359,1692254134362,1693226398609,7,3,4
31572,1693226398609,1692254134367,1692254134371,1693226398617,8,4,4
31573,1693226398617,1692254134374,1692254134377,1693226398624,7,3,4
31574,1693226398624,1692254134382,1692254134385,1693226398632,8,3,5
31575,1693226398632,1692254134390,1692254134393,1693226398640,8,3,5
31576,1693226398640,1692254134398,1692254134402,1693226398649,9,4,5
31577,1693226398649,1692254134406,1692254134409,1693226398656,7,3,4
31578,1693226398656,1692254134413,1692254134416,1693226398663,7,3,4
31579,1693226398663,1692254134421,1692254134424,1693226398671,8,3,5
31580,1693226398671,1692254134428,1692254134431,1693226398678,7,3,4
31581,1693226398678,1692254134436,1692254134439,1693226398686,8,3,5
31582,1693226398686,1692254134444,1692254134447,1693226398694,8,3,5
31583,1693226398695,1692254134452,1692254134456,1693226398703,8,4,4
31584,1693226398703,1692254134460,1692254134464,1693226398712,9,4,5
31585,1693226398712,1692254134469,1692254134472,1693226398719,7,3,4
31586,1693226398719,1692254134476,1692254134480,1693226398727,8,4,4
31587,1693226398727,1692254134485,1692254134488,1693226398735,8,3,5
31588,1693226398735,1692254134492,1692254134495,1693226398742,7,3,4
31589,1693226398742,1692254134501,1692254134504,1693226398751,9,3,6
31590,1693226398751,1692254134509,1692254134512,1693226398760,9,3,6
31591,1693226398760,1692254134517,1692254134521,1693226398768,8,4,4
31592,1693226398768,1692254134526,1692254134529,1693226398776,8,3,5
31593,1693226398776,1692254134533,1692254134537,1693226398784,8,4,4
31594,1693226398784,1692254134541,1692254134544,1693226398791,7,3,4
31595,1693226398791,1692254134549,1692254134552,1693226398799,8,3,5
31596,1693226398799,1692254134557,1692254134560,1693226398807,8,3,5
31597,1693226398807,1692254134564,1692254134568,1693226398815,8,4,4
31598,1693226398815,1692254134572,1692254134576,1693226398822,7,4,3
31599,1693226398822,1692254134580,1692254134583,1693226398830,8,3,5
31600,1693226398830,1692254134588,1692254134591,1693226398837,7,3,4
31601,1693226398837,1692254134595,1692254134598,1693226398845,8,3,5
31602,1693226398845,1692254134604,1692254134607,1693226398854,9,3,6
31603,1693226398854,1692254134612,1692254134615,1693226398862,8,3,5
31604,1693226398862,1692254134622,1692254134626,1693226398873,11,4,7
31605,1693226398873,1692254134630,1692254134633,1693226398880,7,3,4
31606,1693226398881,1692254134638,1692254134641,1693226398888,7,3,4
31607,1693226398888,1692254134646,1692254134649,1693226398896,8,3,5
31608,1693226398896,1692254134654,1692254134657,1693226398903,7,3,4
31609,1693226398903,1692254134661,1692254134663,1693226398910,7,2,5
31610,1693226398910,1692254134667,1692254134671,1693226398918,8,4,4
31611,1693226398918,1692254134676,1692254134680,1693226398927,9,4,5
31612,1693226398927,1692254134684,1692254134688,1693226398935,8,4,4
31613,1693226398935,1692254134692,1692254134695,1693226398942,7,3,4
31614,1693226398942,1692254134700,1692254134703,1693226398950,8,3,5
31615,1693226398950,1692254134708,1692254134711,1693226398958,8,3,5
31616,1693226398958,1692254134715,1692254134718,1693226398965,7,3,4
31617,1693226398965,1692254134722,1692254134725,1693226398973,8,3,5
31618,1693226398973,1692254134730,1692254134733,1693226398981,8,3,5
31619,1693226398981,1692254134738,1692254134741,1693226398988,7,3,4
31620,1693226398988,1692254134745,1692254134747,1693226398995,7,2,5
31621,1693226398995,1692254134752,1692254134757,1693226399004,9,5,4
31622,1693226399004,1692254134761,1692254134765,1693226399012,8,4,4
31623,1693226399012,1692254134771,1692254134774,1693226399021,9,3,6
31624,1693226399021,1692254134784,1692254134788,1693226399035,14,4,10
31625,1693226399035,1692254134793,1692254134796,1693226399048,13,3,10
31626,1693226399048,1692254134808,1692254134811,1693226399058,10,3,7
31627,1693226399058,1692254134815,1692254134819,1693226399066,8,4,4
31628,1693226399066,1692254134823,1692254134826,1693226399073,7,3,4
31629,1693226399073,1692254134830,1692254134834,1693226399081,8,4,4
31630,1693226399081,1692254134839,1692254134842,1693226399088,7,3,4
31631,1693226399089,1692254134846,1692254134849,1693226399096,7,3,4
31632,1693226399096,1692254134853,1692254134856,1693226399103,7,3,4
31633,1693226399103,1692254134860,1692254134863,1693226399111,8,3,5
31634,1693226399111,1692254134868,1692254134871,1693226399118,7,3,4
31635,1693226399118,1692254134876,1692254134879,1693226399126,8,3,5
31636,1693226399126,1692254134884,1692254134887,1693226399134,8,3,5
31637,1693226399134,1692254134892,1692254134895,1693226399142,8,3,5
31638,1693226399143,1692254134901,1692254134904,1693226399151,8,3,5
31639,1693226399151,1692254134911,1692254134914,1693226399161,10,3,7
31640,1693226399161,1692254134918,1692254134921,1693226399168,7,3,4
31641,1693226399168,1692254134928,1692254134931,1693226399178,10,3,7
31642,1693226399178,1692254134936,1692254134939,1693226399186,8,3,5
31643,1693226399186,1692254134943,1692254134946,1693226399193,7,3,4
31644,1693226399193,1692254134951,1692254134954,1693226399202,9,3,6
31645,1693226399202,1692254134959,1692254134963,1693226399210,8,4,4
31646,1693226399210,1692254134968,1692254134971,1693226399218,8,3,5
31647,1693226399218,1692254134976,1692254134980,1693226399226,8,4,4
31648,1693226399226,1692254134984,1692254134990,1693226399236,10,6,4
31649,1693226399236,1692254134994,1692254134997,1693226399244,8,3,5
31650,1693226399244,1692254135002,1692254135005,1693226399252,8,3,5
31651,1693226399252,1692254135012,1692254135015,1693226399263,11,3,8
31652,1693226399263,1692254135020,1692254135023,1693226399270,7,3,4
31653,1693226399270,1692254135027,1692254135030,1693226399277,7,3,4
31654,1693226399277,1692254135035,1692254135039,1693226399286,9,4,5
31655,1693226399286,1692254135043,1692254135046,1693226399293,7,3,4
31656,1693226399293,1692254135051,1692254135055,1693226399302,9,4,5
31657,1693226399302,1692254135059,1692254135063,1693226399310,8,4,4
31658,1693226399310,1692254135067,1692254135070,1693226399317,7,3,4
31659,1693226399317,1692254135074,1692254135078,1693226399325,8,4,4
31660,1693226399325,1692254135083,1692254135086,1693226399333,8,3,5
31661,1693226399333,1692254135090,1692254135093,1693226399340,7,3,4
31662,1693226399340,1692254135097,1692254135101,1693226399348,8,4,4
31663,1693226399348,1692254135105,1692254135108,1693226399355,7,3,4
31664,1693226399355,1692254135112,1692254135114,1693226399361,6,2,4
31665,1693226399361,1692254135120,1692254135123,1693226399370,9,3,6
31666,1693226399370,1692254135127,1692254135130,1693226399377,7,3,4
31667,1693226399377,1692254135135,1692254135138,1693226399385,8,3,5
31668,1693226399385,1692254135142,1692254135145,1693226399392,7,3,4
31669,1693226399392,1692254135149,1692254135152,1693226399399,7,3,4
31670,1693226399399,1692254135156,1692254135159,1693226399406,7,3,4
31671,1693226399406,1692254135163,1692254135167,1693226399414,8,4,4
31672,1693226399414,1692254135174,1692254135177,1693226399424,10,3,7
31673,1693226399424,1692254135182,1692254135184,1693226399431,7,2,5
31674,1693226399431,1692254135189,1692254135193,1693226399440,9,4,5
31675,1693226399440,1692254135197,1692254135200,1693226399447,7,3,4
31676,1693226399447,1692254135205,1692254135208,1693226399455,8,3,5
31677,1693226399455,1692254135213,1692254135216,1693226399463,8,3,5
31678,1693226399463,1692254135221,1692254135223,1693226399470,7,2,5
31679,1693226399470,1692254135227,1692254135231,1693226399479,9,4,5
31680,1693226399479,1692254135236,1692254135239,1693226399486,7,3,4
31681,1693226399486,1692254135243,1692254135245,1693226399492,6,2,4
31682,1693226399493,1692254135250,1692254135253,1693226399500,7,3,4
31683,1693226399500,1692254135258,1692254135260,1693226399507,7,2,5
31684,1693226399507,1692254135265,1692254135268,1693226399515,8,3,5
31685,1693226399515,1692254135273,1692254135278,1693226399525,10,5,5
31686,1693226399525,1692254135283,1692254135286,1693226399533,8,3,5
31687,1693226399533,1692254135291,1692254135293,1693226399540,7,2,5
31688,1693226399540,1692254135298,1692254135301,1693226399549,9,3,6
31689,1693226399549,1692254135306,1692254135309,1693226399556,7,3,4
31690,1693226399556,1692254135313,1692254135317,1693226399564,8,4,4
31691,1693226399564,1692254135321,1692254135324,1693226399571,7,3,4
31692,1693226399571,1692254135328,1692254135332,1693226399579,8,4,4
31693,1693226399579,1692254135337,1692254135341,1693226399588,9,4,5
31694,1693226399588,1692254135346,1692254135350,1693226399597,9,4,5
31695,1693226399597,1692254135354,1692254135357,1693226399604,7,3,4
31696,1693226399604,1692254135362,1692254135365,1693226399612,8,3,5
31697,1693226399612,1692254135370,1692254135373,1693226399621,9,3,6
31698,1693226399621,1692254135378,1692254135381,1693226399628,7,3,4
31699,1693226399628,1692254135386,1692254135390,1693226399637,9,4,5
31700,1693226399637,1692254135394,1692254135398,1693226399645,8,4,4
31701,1693226399645,1692254135402,1692254135406,1693226399653,8,4,4
31702,1693226399653,1692254135410,1692254135412,1693226399659,6,2,4
31703,1693226399659,1692254135416,1692254135420,1693226399669,10,4,6
31704,1693226399669,1692254135426,1692254135430,1693226399677,8,4,4
31705,1693226399677,1692254135434,1692254135437,1693226399685,8,3,5
31706,1693226399685,1692254135442,1692254135445,1693226399692,7,3,4
31707,1693226399692,1692254135449,1692254135452,1693226399699,7,3,4
31708,1693226399700,1692254135457,1692254135460,1693226399707,7,3,4
31709,1693226399708,1692254135465,1692254135468,1693226399715,7,3,4
31710,1693226399715,1692254135473,1692254135476,1693226399723,8,3,5
31711,1693226399723,1692254135480,1692254135484,1693226399731,8,4,4
31712,1693226399731,1692254135488,1692254135492,1693226399739,8,4,4
31713,1693226399739,1692254135496,1692254135499,1693226399746,7,3,4
31714,1693226399746,1692254135504,1692254135507,1693226399754,8,3,5
31715,1693226399755,1692254135512,1692254135516,1693226399763,8,4,4
31716,1693226399763,1692254135520,1692254135523,1693226399770,7,3,4
31717,1693226399770,1692254135528,1692254135531,1693226399778,8,3,5
31718,1693226399778,1692254135535,1692254135538,1693226399785,7,3,4
31719,1693226399785,1692254135543,1692254135546,1693226399793,8,3,5
31720,1693226399793,1692254135551,1692254135553,1693226399800,7,2,5
31721,1693226399800,1692254135558,1692254135561,1693226399808,8,3,5
31722,1693226399808,1692254135566,1692254135569,1693226399816,8,3,5
31723,1693226399816,1692254135573,1692254135576,1693226399823,7,3,4
31724,1693226399823,1692254135581,1692254135584,1693226399832,9,3,6
31725,1693226399832,1692254135591,1692254135594,1693226399841,9,3,6
31726,1693226399841,1692254135599,1692254135603,1693226399850,9,4,5
31727,1693226399850,1692254135607,1692254135610,1693226399858,8,3,5
31728,1693226399858,1692254135616,1692254135619,1693226399866,8,3,5
31729,1693226399866,1692254135627,1692254135630,1693226399878,12,3,9
31730,1693226399878,1692254135636,1692254135641,1693226399888,10,5,5
31731,1693226399888,1692254135648,1692254135651,1693226399898,10,3,7
31732,1693226399899,1692254135657,1692254135659,1693226399906,7,2,5
31733,1693226399906,1692254135664,1692254135667,1693226399915,9,3,6
31734,1693226399915,1692254135672,1692254135676,1693226399923,8,4,4
31735,1693226399923,1692254135681,1692254135684,1693226399932,9,3,6
31736,1693226399932,1692254135689,1692254135692,1693226399940,8,3,5
31737,1693226399940,1692254135697,1692254135701,1693226399948,8,4,4
31738,1693226399948,1692254135706,1692254135709,1693226399956,8,3,5
31739,1693226399956,1692254135714,1692254135718,1693226399964,8,4,4
31740,1693226399964,1692254135722,1692254135725,1693226399974,10,3,7
31741,1693226399974,1692254135732,1692254135735,1693226399982,8,3,5
31742,1693226399983,1692254135740,1692254135743,1693226399990,7,3,4
31743,1693226399990,1692254135747,1692254135750,1693226399997,7,3,4
31744,1693226399997,1692254135754,1692254135757,1693226400004,7,3,4
31745,1693226400004,1692254135761,1692254135765,1693226400012,8,4,4
31746,1693226400012,1692254135769,1692254135772,1693226400019,7,3,4
31747,1693226400019,1692254135776,1692254135779,1693226400026,7,3,4
31748,1693226400026,1692254135784,1692254135787,1693226400034,8,3,5
31749,1693226400034,1692254135791,1692254135794,1693226400041,7,3,4
31750,1693226400041,1692254135799,1692254135803,1693226400054,13,4,9
31751,1693226400054,1692254135812,1692254135815,1693226400062,8,3,5
31752,1693226400062,1692254135819,1692254135822,1693226400069,7,3,4
31753,1693226400070,1692254135827,1692254135830,1693226400077,7,3,4
31754,1693226400078,1692254135835,1692254135838,1693226400085,7,3,4
31755,1693226400085,1692254135842,1692254135845,1693226400093,8,3,5
31756,1693226400093,1692254135850,1692254135854,1693226400101,8,4,4
31757,1693226400101,1692254135859,1692254135861,1693226400108,7,2,5
31758,1693226400108,1692254135866,1692254135869,1693226400116,8,3,5
31759,1693226400116,1692254135873,1692254135877,1693226400123,7,4,3
31760,1693226400123,1692254135881,1692254135884,1693226400131,8,3,5
31761,1693226400131,1692254135889,1692254135892,1693226400138,7,3,4
31762,1693226400139,1692254135896,1692254135899,1693226400146,7,3,4
31763,1693226400146,1692254135904,1692254135910,1693226400157,11,6,5
31764,1693226400157,1692254135915,1692254135917,1693226400164,7,2,5
31765,1693226400164,1692254135921,1692254135924,1693226400171,7,3,4
31766,1693226400171,1692254135928,1692254135932,1693226400179,8,4,4
31767,1693226400179,1692254135937,1692254135941,1693226400188,9,4,5
31768,1693226400188,1692254135945,1692254135949,1693226400196,8,4,4
31769,1693226400196,1692254135954,1692254135957,1693226400204,8,3,5
31770,1693226400204,1692254135962,1692254135965,1693226400212,8,3,5
31771,1693226400212,1692254135969,1692254135972,1693226400219,7,3,4
31772,1693226400219,1692254135976,1692254135980,1693226400227,8,4,4
31773,1693226400227,1692254135984,1692254135988,1693226400235,8,4,4
31774,1693226400235,1692254135992,1692254135996,1693226400244,9,4,5
31775,1693226400244,1692254136001,1692254136004,1693226400251,7,3,4
31776,1693226400251,1692254136008,1692254136011,1693226400258,7,3,4
31777,1693226400258,1692254136016,1692254136019,1693226400266,8,3,5
31778,1693226400266,1692254136023,1692254136026,1693226400273,7,3,4
31779,1693226400273,1692254136033,1692254136036,1693226400283,10,3,7
31780,1693226400283,1692254136040,1692254136044,1693226400291,8,4,4
31781,1693226400291,1692254136048,1692254136052,1693226400299,8,4,4
31782,1693226400299,1692254136056,1692254136059,1693226400306,7,3,4
31783,1693226400306,1692254136063,1692254136066,1693226400313,7,3,4
31784,1693226400313,1692254136071,1692254136074,1693226400321,8,3,5
31785,1693226400321,1692254136079,1692254136082,1693226400329,8,3,5
31786,1693226400329,1692254136086,1692254136089,1693226400336,7,3,4
31787,1693226400336,1692254136093,1692254136096,1693226400343,7,3,4
31788,1693226400343,1692254136101,1692254136105,1693226400352,9,4,5
31789,1693226400352,1692254136109,1692254136113,1693226400360,8,4,4
31790,1693226400360,1692254136118,1692254136121,1693226400367,7,3,4
31791,1693226400368,1692254136125,1692254136128,1693226400375,7,3,4
31792,1693226400375,1692254136132,1692254136135,1693226400384,9,3,6
31793,1693226400384,1692254136141,1692254136144,1693226400391,7,3,4
31794,1693226400391,1692254136149,1692254136152,1693226400399,8,3,5
31795,1693226400399,1692254136156,1692254136159,1693226400406,7,3,4
31796,1693226400406,1692254136164,1692254136168,1693226400415,9,4,5
31797,1693226400415,1692254136172,1692254136176,1693226400423,8,4,4
31798,1693226400423,1692254136181,1692254136184,1693226400431,8,3,5
31799,1693226400431,1692254136188,1692254136191,1693226400439,8,3,5
31800,1693226400439,1692254136196,1692254136200,1693226400447,8,4,4
31801,1693226400447,1692254136205,1692254136208,1693226400455,8,3,5
31802,1693226400455,1692254136213,1692254136216,1693226400463,8,3,5
31803,1693226400463,1692254136221,1692254136224,1693226400471,8,3,5
31804,1693226400471,1692254136228,1692254136232,1693226400480,9,4,5
31805,1693226400480,1692254136237,1692254136241,1693226400488,8,4,4
31806,1693226400488,1692254136245,1692254136247,1693226400494,6,2,4
31807,1693226400494,1692254136251,1692254136254,1693226400501,7,3,4
31808,1693226400501,1692254136259,1692254136262,1693226400509,8,3,5
31809,1693226400509,1692254136267,1692254136269,1693226400516,7,2,5
31810,1693226400516,1692254136274,1692254136277,1693226400524,8,3,5
31811,1693226400524,1692254136281,1692254136284,1693226400531,7,3,4
31812,1693226400531,1692254136288,1692254136292,1693226400538,7,4,3
31813,1693226400538,1692254136296,1692254136300,1693226400547,9,4,5
31814,1693226400547,1692254136305,1692254136308,1693226400555,8,3,5
31815,1693226400555,1692254136313,1692254136316,1693226400563,8,3,5
31816,1693226400563,1692254136321,1692254136324,1693226400571,8,3,5
31817,1693226400571,1692254136328,1692254136332,1693226400579,8,4,4
31818,1693226400579,1692254136336,1692254136339,1693226400589,10,3,7
31819,1693226400589,1692254136346,1692254136349,1693226400596,7,3,4
31820,1693226400596,1692254136354,1692254136357,1693226400604,8,3,5
31821,1693226400604,1692254136361,1692254136364,1693226400610,6,3,3
31822,1693226400610,1692254136368,1692254136370,1693226400617,7,2,5
31823,1693226400617,1692254136374,1692254136377,1693226400624,7,3,4
31824,1693226400624,1692254136381,1692254136384,1693226400631,7,3,4
31825,1693226400631,1692254136389,1692254136392,1693226400639,8,3,5
31826,1693226400639,1692254136396,1692254136399,1693226400646,7,3,4
31827,1693226400646,1692254136404,1692254136407,1693226400654,8,3,5
31828,1693226400654,1692254136411,1692254136415,1693226400662,8,4,4
31829,1693226400662,1692254136419,1692254136421,1693226400668,6,2,4
31830,1693226400668,1692254136426,1692254136429,1693226400676,8,3,5
31831,1693226400676,1692254136433,1692254136436,1693226400683,7,3,4
31832,1693226400683,1692254136440,1692254136443,1693226400692,9,3,6
31833,1693226400692,1692254136450,1692254136453,1693226400700,8,3,5
31834,1693226400700,1692254136458,1692254136461,1693226400708,8,3,5
31835,1693226400708,1692254136465,1692254136468,1693226400715,7,3,4
31836,1693226400715,1692254136473,1692254136475,1693226400722,7,2,5
31837,1693226400722,1692254136479,1692254136483,1693226400730,8,4,4
31838,1693226400730,1692254136488,1692254136490,1693226400737,7,2,5
31839,1693226400737,1692254136495,1692254136499,1693226400746,9,4,5
31840,1693226400746,1692254136503,1692254136506,1693226400753,7,3,4
31841,1693226400753,1692254136511,1692254136515,1693226400762,9,4,5
31842,1693226400762,1692254136520,1692254136523,1693226400770,8,3,5
31843,1693226400770,1692254136527,1692254136531,1693226400778,8,4,4
31844,1693226400778,1692254136535,1692254136538,1693226400785,7,3,4
31845,1693226400785,1692254136542,1692254136545,1693226400793,8,3,5
31846,1693226400793,1692254136553,1692254136556,1693226400803,10,3,7
31847,1693226400803,1692254136560,1692254136563,1693226400811,8,3,5
31848,1693226400811,1692254136568,1692254136571,1693226400818,7,3,4
31849,1693226400818,1692254136575,1692254136578,1693226400825,7,3,4
31850,1693226400825,1692254136582,1692254136585,1693226400832,7,3,4
31851,1693226400832,1692254136589,1692254136592,1693226400839,7,3,4
31852,1693226400839,1692254136597,1692254136600,1693226400847,8,3,5
31853,1693226400847,1692254136604,1692254136609,1693226400855,8,5,3
31854,1693226400855,1692254136615,1692254136618,1693226400865,10,3,7
31855,1693226400865,1692254136623,1692254136626,1693226400872,7,3,4
31856,1693226400872,1692254136629,1692254136632,1693226400879,7,3,4
31857,1693226400879,1692254136637,1692254136641,1693226400888,9,4,5
31858,1693226400888,1692254136646,1692254136649,1693226400896,8,3,5
31859,1693226400896,1692254136653,1692254136656,1693226400903,7,3,4
31860,1693226400903,1692254136661,1692254136664,1693226400912,9,3,6
31861,1693226400912,1692254136669,1692254136672,1693226400919,7,3,4
31862,1693226400919,1692254136676,1692254136679,1693226400926,7,3,4
31863,1693226400926,1692254136684,1692254136687,1693226400934,8,3,5
31864,1693226400934,1692254136691,1692254136694,1693226400941,7,3,4
31865,1693226400941,1692254136698,1692254136701,1693226400949,8,3,5
31866,1693226400949,1692254136708,1692254136711,1693226400959,10,3,7
31867,1693226400959,1692254136717,1692254136721,1693226400968,9,4,5
31868,1693226400968,1692254136726,1692254136729,1693226400976,8,3,5
31869,1693226400976,1692254136735,1692254136738,1693226400986,10,3,7
31870,1693226400986,1692254136744,1692254136748,1693226400995,9,4,5
31871,1693226400995,1692254136755,1692254136758,1693226401005,10,3,7
31872,1693226401005,1692254136763,1692254136767,1693226401014,9,4,5
31873,1693226401014,1692254136781,1692254136784,1693226401031,17,3,14
31874,1693226401031,1692254136788,1692254136792,1693226401038,7,4,3
31875,1693226401038,1692254136799,1692254136803,1693226401050,12,4,8
31876,1693226401050,1692254136808,1692254136810,1693226401062,12,2,10
31877,1693226401062,1692254136822,1692254136825,1693226401072,10,3,7
31878,1693226401072,1692254136829,1692254136834,1693226401081,9,5,4
31879,1693226401081,1692254136838,1692254136841,1693226401088,7,3,4
31880,1693226401088,1692254136845,1692254136848,1693226401094,6,3,3
31881,1693226401094,1692254136851,1692254136854,1693226401101,7,3,4
31882,1693226401101,1692254136859,1692254136862,1693226401109,8,3,5
31883,1693226401109,1692254136866,1692254136869,1693226401116,7,3,4
31884,1693226401116,1692254136873,1692254136876,1693226401123,7,3,4
31885,1693226401124,1692254136883,1692254136886,1693226401133,9,3,6
31886,1693226401133,1692254136891,1692254136894,1693226401141,8,3,5
31887,1693226401141,1692254136899,1692254136903,1693226401150,9,4,5
31888,1693226401150,1692254136907,1692254136910,1693226401156,6,3,3
31889,1693226401156,1692254136914,1692254136916,1693226401163,7,2,5
31890,1693226401163,1692254136921,1692254136924,1693226401171,8,3,5
31891,1693226401171,1692254136928,1692254136931,1693226401178,7,3,4
31892,1693226401178,1692254136936,1692254136939,1693226401186,8,3,5
31893,1693226401186,1692254136943,1692254136947,1693226401193,7,4,3
31894,1693226401193,1692254136951,1692254136954,1693226401203,10,3,7
31895,1693226401203,1692254136960,1692254136964,1693226401211,8,4,4
31896,1693226401211,1692254136968,1692254136971,1693226401218,7,3,4
31897,1693226401218,1692254136975,1692254136978,1693226401225,7,3,4
31898,1693226401225,1692254136982,1692254136985,1693226401232,7,3,4
31899,1693226401232,1692254136990,1692254136992,1693226401239,7,2,5
31900,1693226401239,1692254136997,1692254137000,1693226401248,9,3,6
31901,1693226401248,1692254137005,1692254137008,1693226401255,7,3,4
31902,1693226401255,1692254137013,1692254137016,1693226401263,8,3,5
31903,1693226401263,1692254137021,1692254137025,1693226401272,9,4,5
31904,1693226401272,1692254137030,1692254137033,1693226401280,8,3,5
31905,1693226401280,1692254137037,1692254137041,1693226401287,7,4,3
31906,1693226401287,1692254137044,1692254137048,1693226401295,8,4,4
31907,1693226401295,1692254137052,1692254137056,1693226401302,7,4,3
31908,1693226401303,1692254137062,1692254137065,1693226401312,9,3,6
31909,1693226401312,1692254137069,1692254137072,1693226401319,7,3,4
31910,1693226401319,1692254137076,1692254137079,1693226401326,7,3,4
31911,1693226401326,1692254137083,1692254137086,1693226401333,7,3,4
31912,1693226401333,1692254137092,1692254137097,1693226401344,11,5,6
31913,1693226401344,1692254137102,1692254137105,1693226401352,8,3,5
31914,1693226401352,1692254137109,1692254137113,1693226401360,8,4,4
31915,1693226401360,1692254137117,1692254137121,1693226401368,8,4,4
31916,1693226401368,1692254137126,1692254137129,1693226401376,8,3,5
31917,1693226401376,1692254137134,1692254137137,1693226401384,8,3,5
31918,1693226401384,1692254137142,1692254137146,1693226401393,9,4,5
31919,1693226401393,1692254137150,1692254137153,1693226401400,7,3,4
31920,1693226401400,1692254137165,1692254137168,1693226401415,15,3,12
31921,1693226401415,1692254137174,1692254137178,1693226401424,9,4,5
31922,1693226401424,1692254137181,1692254137184,1693226401431,7,3,4
31923,1693226401431,1692254137188,1692254137191,1693226401438,7,3,4
31924,1693226401438,1692254137195,1692254137198,1693226401445,7,3,4
31925,1693226401445,1692254137202,1692254137205,1693226401452,7,3,4
31926,1693226401452,1692254137209,1692254137212,1693226401459,7,3,4
31927,1693226401459,1692254137217,1692254137220,1693226401467,8,3,5
31928,1693226401467,1692254137224,1692254137227,1693226401474,7,3,4
31929,1693226401474,1692254137232,1692254137236,1693226401482,8,4,4
31930,1693226401482,1692254137240,1692254137242,1693226401489,7,2,5
31931,1693226401490,1692254137247,1692254137250,1693226401497,7,3,4
31932,1693226401497,1692254137254,1692254137258,1693226401505,8,4,4
31933,1693226401505,1692254137262,1692254137266,1693226401512,7,4,3
31934,1693226401513,1692254137270,1692254137273,1693226401520,7,3,4
31935,1693226401520,1692254137277,1692254137279,1693226401526,6,2,4
31936,1693226401526,1692254137283,1692254137286,1693226401533,7,3,4
31937,1693226401533,1692254137291,1692254137294,1693226401541,8,3,5
31938,1693226401541,1692254137299,1692254137302,1693226401548,7,3,4
31939,1693226401548,1692254137305,1692254137309,1693226401556,8,4,4
31940,1693226401556,1692254137314,1692254137317,1693226401563,7,3,4
31941,1693226401564,1692254137321,1692254137324,1693226401571,7,3,4
31942,1693226401571,1692254137328,1692254137331,1693226401578,7,3,4
31943,1693226401578,1692254137336,1692254137340,1693226401587,9,4,5
31944,1693226401587,1692254137346,1692254137349,1693226401596,9,3,6
31945,1693226401596,1692254137353,1692254137356,1693226401603,7,3,4
31946,1693226401603,1692254137360,1692254137363,1693226401610,7,3,4
31947,1693226401610,1692254137368,1692254137371,1693226401619,9,3,6
31948,1693226401619,1692254137376,1692254137379,1693226401626,7,3,4
31949,1693226401626,1692254137383,1692254137387,1693226401633,7,4,3
31950,1693226401633,1692254137391,1692254137394,1693226401641,8,3,5
31951,1693226401641,1692254137399,1692254137404,1693226401651,10,5,5
31952,1693226401651,1692254137409,1692254137412,1693226401659,8,3,5
31953,1693226401659,1692254137417,1692254137420,1693226401667,8,3,5
31954,1693226401667,1692254137425,1692254137430,1693226401677,10,5,5
31955,1693226401677,1692254137435,1692254137437,1693226401684,7,2,5
31956,1693226401684,1692254137441,1692254137444,1693226401691,7,3,4
31957,1693226401691,1692254137448,1692254137452,1693226401699,8,4,4
31958,1693226401699,1692254137456,1692254137459,1693226401706,7,3,4
31959,1693226401706,1692254137464,1692254137467,1693226401716,10,3,7
31960,1693226401716,1692254137473,1692254137477,1693226401724,8,4,4
31961,1693226401724,1692254137481,1692254137484,1693226401732,8,3,5
31962,1693226401732,1692254137489,1692254137492,1693226401739,7,3,4
31963,1693226401739,1692254137497,1692254137500,1693226401747,8,3,5
31964,1693226401747,1692254137505,1692254137511,1693226401758,11,6,5
31965,1693226401758,1692254137515,1692254137518,1693226401765,7,3,4
31966,1693226401765,1692254137522,1692254137525,1693226401771,6,3,3
31967,1693226401771,1692254137529,1692254137532,1693226401779,8,3,5
31968,1693226401779,1692254137536,1692254137540,1693226401786,7,4,3
31969,1693226401786,1692254137543,1692254137547,1693226401794,8,4,4
31970,1693226401794,1692254137552,1692254137555,1693226401802,8,3,5
31971,1693226401802,1692254137559,1692254137563,1693226401809,7,4,3
31972,1693226401809,1692254137566,1692254137570,1693226401817,8,4,4
31973,1693226401817,1692254137574,1692254137576,1693226401823,6,2,4
31974,1693226401823,1692254137581,1692254137584,1693226401831,8,3,5
31975,1693226401831,1692254137589,1692254137592,1693226401839,8,3,5
31976,1693226401839,1692254137597,1692254137600,1693226401847,8,3,5
31977,1693226401847,1692254137604,1692254137607,1693226401854,7,3,4
31978,1693226401854,1692254137611,1692254137615,1693226401862,8,4,4
31979,1693226401862,1692254137619,1692254137622,1693226401869,7,3,4
31980,1693226401869,1692254137626,1692254137629,1693226401876,7,3,4
31981,1693226401876,1692254137633,1692254137637,1693226401884,8,4,4
31982,1693226401884,1692254137641,1692254137644,1693226401891,7,3,4
31983,1693226401891,1692254137651,1692254137654,1693226401901,10,3,7
31984,1693226401901,1692254137658,1692254137662,1693226401909,8,4,4
31985,1693226401909,1692254137667,1692254137670,1693226401917,8,3,5
31986,1693226401917,1692254137675,1692254137680,1693226401927,10,5,5
31987,1693226401927,1692254137685,1692254137688,1693226401935,8,3,5
31988,1693226401935,1692254137692,1692254137695,1693226401942,7,3,4
31989,1693226401942,1692254137699,1692254137703,1693226401950,8,4,4
31990,1693226401950,1692254137708,1692254137711,1693226401958,8,3,5
31991,1693226401958,1692254137715,1692254137718,1693226401965,7,3,4
31992,1693226401965,1692254137723,1692254137726,1693226401973,8,3,5
31993,1693226401973,1692254137730,1692254137733,1693226401980,7,3,4
31994,1693226401980,1692254137738,1692254137741,1693226401988,8,3,5
31995,1693226401988,1692254137746,1692254137750,1693226401997,9,4,5
31996,1693226401997,1692254137754,1692254137757,1693226402004,7,3,4
31997,1693226402005,1692254137762,1692254137766,1693226402013,8,4,4
31998,1693226402013,1692254137770,1692254137773,1693226402022,9,3,6
31999,1693226402022,1692254137779,1692254137783,1693226402030,8,4,4
32000,1693226402030,1692254137787,1692254137790,1693226402039,9,3,6
32001,1693226402039,1692254137797,1692254137801,1693226402048,9,4,5
32002,1693226402048,1692254137805,1692254137808,1693226402055,7,3,4
32003,1693226402055,1692254137813,1692254137815,1693226402067,12,2,10
32004,1693226402067,1692254137824,1692254137828,1693226402075,8,4,4
32005,1693226402075,1692254137832,1692254137836,1693226402083,8,4,4
32006,1693226402083,1692254137841,1692254137844,1693226402091,8,3,5
32007,1693226402091,1692254137849,1692254137853,1693226402100,9,4,5
32008,1693226402100,1692254137858,1692254137861,1693226402108,8,3,5
32009,1693226402108,1692254137866,1692254137869,1693226402116,8,3,5
32010,1693226402116,1692254137874,1692254137877,1693226402125,9,3,6
32011,1693226402125,1692254137882,1692254137886,1693226402132,7,4,3
32012,1693226402132,1692254137890,1692254137893,1693226402140,8,3,5
32013,1693226402140,1692254137898,1692254137901,1693226402148,8,3,5
32014,1693226402148,1692254137906,1692254137909,1693226402156,8,3,5
32015,1693226402156,1692254137914,1692254137918,1693226402165,9,4,5
32016,1693226402165,1692254137924,1692254137927,1693226402174,9,3,6
32017,1693226402174,1692254137932,1692254137935,1693226402182,8,3,5
32018,1693226402182,1692254137940,1692254137943,1693226402190,8,3,5
32019,1693226402190,1692254137948,1692254137951,1693226402198,8,3,5
32020,1693226402198,1692254137955,1692254137958,1693226402205,7,3,4
32021,1693226402205,1692254137963,1692254137966,1693226402213,8,3,5
32022,1693226402213,1692254137970,1692254137973,1693226402220,7,3,4
32023,1693226402220,1692254137977,1692254137981,1693226402228,8,4,4
32024,1693226402229,1692254137986,1692254137989,1693226402236,7,3,4
32025,1693226402236,1692254137994,1692254137997,1693226402244,8,3,5
32026,1693226402244,1692254138002,1692254138005,1693226402252,8,3,5
32027,1693226402252,1692254138010,1692254138013,1693226402260,8,3,5
32028,1693226402260,1692254138017,1692254138020,1693226402267,7,3,4
32029,1693226402267,1692254138025,1692254138029,1693226402276,9,4,5
32030,1693226402276,1692254138033,1692254138036,1693226402284,8,3,5
32031,1693226402284,1692254138041,1692254138044,1693226402291,7,3,4
32032,1693226402291,1692254138048,1692254138052,1693226402298,7,4,3
32033,1693226402298,1692254138062,1692254138066,1693226402313,15,4,11
32034,1693226402313,1692254138071,1692254138073,1693226402320,7,2,5
32035,1693226402320,1692254138085,1692254138089,1693226402335,15,4,11
32036,1693226402336,1692254138093,1692254138095,1693226402342,6,2,4
32037,1693226402342,1692254138101,1692254138104,1693226402351,9,3,6
32038,1693226402351,1692254138109,1692254138113,1693226402360,9,4,5
32039,1693226402360,1692254138118,1692254138121,1693226402372,12,3,9
32040,1693226402372,1692254138129,1692254138133,1693226402380,8,4,4
32041,1693226402380,1692254138138,1692254138140,1693226402387,7,2,5
32042,1693226402387,1692254138144,1692254138148,1693226402395,8,4,4
32043,1693226402395,1692254138153,1692254138155,1693226402402,7,2,5
32044,1693226402402,1692254138160,1692254138164,1693226402411,9,4,5
32045,1693226402411,1692254138169,1692254138172,1693226402418,7,3,4
32046,1693226402419,1692254138176,1692254138179,1693226402426,7,3,4
32047,1693226402426,1692254138183,1692254138186,1693226402433,7,3,4
32048,1693226402433,1692254138190,1692254138194,1693226402441,8,4,4
32049,1693226402441,1692254138198,1692254138201,1693226402449,8,3,5
32050,1693226402449,1692254138206,1692254138209,1693226402456,7,3,4
32051,1693226402456,1692254138213,1692254138217,1693226402464,8,4,4
32052,1693226402464,1692254138221,1692254138225,1693226402472,8,4,4
32053,1693226402472,1692254138229,1692254138232,1693226402479,7,3,4
32054,1693226402479,1692254138237,1692254138240,1693226402487,8,3,5
32055,1693226402487,1692254138245,1692254138248,1693226402495,8,3,5
32056,1693226402495,1692254138253,1692254138256,1693226402503,8,3,5
32057,1693226402503,1692254138260,1692254138263,1693226402510,7,3,4
32058,1693226402510,1692254138267,1692254138271,1693226402518,8,4,4
32059,1693226402518,1692254138276,1692254138280,1693226402527,9,4,5
32060,1693226402527,1692254138286,1692254138293,1693226402540,13,7,6
32061,1693226402540,1692254138297,1692254138300,1693226402547,7,3,4
32062,1693226402547,1692254138304,1692254138308,1693226402555,8,4,4
32063,1693226402555,1692254138313,1692254138316,1693226402563,8,3,5
32064,1693226402563,1692254138321,1692254138325,1693226402572,9,4,5
32065,1693226402572,1692254138329,1692254138333,1693226402580,8,4,4
32066,1693226402580,1692254138337,1692254138341,1693226402588,8,4,4
32067,1693226402588,1692254138345,1692254138349,1693226402596,8,4,4
32068,1693226402596,1692254138354,1692254138358,1693226402604,8,4,4
32069,1693226402605,1692254138362,1692254138366,1693226402613,8,4,4
32070,1693226402613,1692254138371,1692254138374,1693226402621,8,3,5
32071,1693226402621,1692254138378,1692254138381,1693226402628,7,3,4
32072,1693226402628,1692254138385,1692254138388,1693226402636,8,3,5
32073,1693226402636,1692254138394,1692254138397,1693226402644,8,3,5
32074,1693226402644,1692254138402,1692254138405,1693226402652,8,3,5
32075,1693226402652,1692254138409,1692254138413,1693226402660,8,4,4
32076,1693226402660,1692254138417,1692254138420,1693226402667,7,3,4
32077,1693226402667,1692254138424,1692254138427,1693226402674,7,3,4
32078,1693226402674,1692254138431,1692254138434,1693226402681,7,3,4
32079,1693226402681,1692254138439,1692254138441,1693226402688,7,2,5
32080,1693226402688,1692254138446,1692254138449,1693226402696,8,3,5
32081,1693226402696,1692254138454,1692254138457,1693226402704,8,3,5
32082,1693226402704,1692254138461,1692254138464,1693226402711,7,3,4
32083,1693226402711,1692254138468,1692254138472,1693226402718,7,4,3
32084,1693226402718,1692254138476,1692254138479,1693226402726,8,3,5
32085,1693226402726,1692254138483,1692254138486,1693226402733,7,3,4
32086,1693226402733,1692254138491,1692254138494,1693226402741,8,3,5
32087,1693226402741,1692254138498,1692254138501,1693226402748,7,3,4
32088,1693226402748,1692254138505,1692254138508,1693226402755,7,3,4
32089,1693226402755,1692254138512,1692254138515,1693226402762,7,3,4
32090,1693226402762,1692254138519,1692254138523,1693226402770,8,4,4
32091,1693226402770,1692254138528,1692254138532,1693226402779,9,4,5
32092,1693226402779,1692254138537,1692254138540,1693226402787,8,3,5
32093,1693226402787,1692254138544,1692254138547,1693226402794,7,3,4
32094,1693226402794,1692254138551,1692254138554,1693226402802,8,3,5
32095,1693226402802,1692254138560,1692254138563,1693226402810,8,3,5
32096,1693226402810,1692254138567,1692254138570,1693226402818,8,3,5
32097,1693226402818,1692254138575,1692254138580,1693226402826,8,5,3
32098,1693226402826,1692254138584,1692254138587,1693226402834,8,3,5
32099,1693226402834,1692254138592,1692254138594,1693226402841,7,2,5
32100,1693226402841,1692254138599,1692254138602,1693226402849,8,3,5
32101,1693226402849,1692254138606,1692254138609,1693226402856,7,3,4
32102,1693226402856,1692254138613,1692254138616,1693226402863,7,3,4
32103,1693226402863,1692254138620,1692254138623,1693226402870,7,3,4
32104,1693226402870,1692254138628,1692254138631,1693226402877,7,3,4
32105,1693226402877,1692254138634,1692254138638,1693226402884,7,4,3
32106,1693226402884,1692254138641,1692254138644,1693226402891,7,3,4
32107,1693226402891,1692254138648,1692254138652,1693226402899,8,4,4
32108,1693226402899,1692254138658,1692254138661,1693226402908,9,3,6
32109,1693226402908,1692254138666,1692254138670,1693226402917,9,4,5
32110,1693226402917,1692254138675,1692254138678,1693226402925,8,3,5
32111,1693226402925,1692254138682,1692254138686,1693226402933,8,4,4
32112,1693226402933,1692254138690,1692254138694,1693226402941,8,4,4
32113,1693226402941,1692254138699,1692254138702,1693226402949,8,3,5
32114,1693226402949,1692254138706,1692254138709,1693226402956,7,3,4
32115,1693226402956,1692254138714,1692254138717,1693226402964,8,3,5
32116,1693226402964,1692254138722,1692254138725,1693226402973,9,3,6
32117,1693226402973,1692254138730,1692254138734,1693226402981,8,4,4
32118,1693226402981,1692254138738,1692254138741,1693226402987,6,3,3
32119,1693226402987,1692254138744,1692254138747,1693226402994,7,3,4
32120,1693226402994,1692254138753,1692254138756,1693226403003,9,3,6
32121,1693226403003,1692254138761,1692254138764,1693226403011,8,3,5
32122,1693226403011,1692254138769,1692254138772,1693226403020,9,3,6
32123,1693226403020,1692254138777,1692254138781,1693226403028,8,4,4
32124,1693226403028,1692254138785,1692254138788,1693226403035,7,3,4
32125,1693226403035,1692254138792,1692254138795,1693226403042,7,3,4
32126,1693226403042,1692254138802,1692254138805,1693226403052,10,3,7
32127,1693226403052,1692254138810,1692254138812,1693226403059,7,2,5
32128,1693226403059,1692254138817,1692254138821,1693226403072,13,4,9
32129,1693226403072,1692254138829,1692254138833,1693226403080,8,4,4
32130,1693226403080,1692254138837,1692254138840,1693226403087,7,3,4
32131,1693226403087,1692254138844,1692254138848,1693226403095,8,4,4
32132,1693226403095,1692254138852,1692254138856,1693226403103,8,4,4
32133,1693226403103,1692254138860,1692254138863,1693226403110,7,3,4
32134,1693226403110,1692254138867,1692254138872,1693226403119,9,5,4
32135,1693226403119,1692254138876,1692254138881,1693226403128,9,5,4
32136,1693226403128,1692254138886,1692254138889,1693226403136,8,3,5
32137,1693226403136,1692254138893,1692254138896,1693226403144,8,3,5
32138,1693226403144,1692254138903,1692254138907,1693226403154,10,4,6
32139,1693226403154,1692254138911,1692254138914,1693226403161,7,3,4
32140,1693226403161,1692254138918,1692254138921,1693226403168,7,3,4
32141,1693226403168,1692254138926,1692254138929,1693226403176,8,3,5
32142,1693226403176,1692254138934,1692254138937,1693226403184,8,3,5
32143,1693226403184,1692254138942,1692254138946,1693226403192,8,4,4
32144,1693226403192,1692254138950,1692254138952,1693226403199,7,2,5
32145,1693226403199,1692254138957,1692254138961,1693226403208,9,4,5
32146,1693226403208,1692254138965,1692254138969,1693226403215,7,4,3
32147,1693226403216,1692254138973,1692254138975,1693226403222,6,2,4
32148,1693226403222,1692254138980,1692254138984,1693226403231,9,4,5
32149,1693226403231,1692254138988,1692254138992,1693226403239,8,4,4
32150,1693226403239,1692254138996,1692254138999,1693226403246,7,3,4
32151,1693226403246,1692254139006,1692254139009,1693226403255,9,3,6
32152,1693226403256,1692254139013,1692254139016,1693226403263,7,3,4
32153,1693226403263,1692254139020,1692254139024,1693226403271,8,4,4
32154,1693226403271,1692254139029,1692254139032,1693226403279,8,3,5
32155,1693226403279,1692254139036,1692254139039,1693226403285,6,3,3
32156,1693226403285,1692254139042,1692254139045,1693226403292,7,3,4
32157,1693226403292,1692254139049,1692254139052,1693226403299,7,3,4
32158,1693226403299,1692254139057,1692254139059,1693226403306,7,2,5
32159,1693226403306,1692254139064,1692254139067,1693226403314,8,3,5
32160,1693226403314,1692254139072,1692254139076,1693226403323,9,4,5
32161,1693226403323,1692254139080,1692254139083,1693226403330,7,3,4
32162,1693226403330,1692254139087,1692254139090,1693226403337,7,3,4
32163,1693226403337,1692254139094,1692254139098,1693226403345,8,4,4
32164,1693226403345,1692254139102,1692254139105,1693226403353,8,3,5
32165,1693226403353,1692254139111,1692254139114,1693226403361,8,3,5
32166,1693226403361,1692254139118,1692254139122,1693226403369,8,4,4
32167,1693226403369,1692254139126,1692254139130,1693226403377,8,4,4
32168,1693226403377,1692254139135,1692254139138,1693226403385,8,3,5
32169,1693226403385,1692254139143,1692254139145,1693226403392,7,2,5
32170,1693226403392,1692254139150,1692254139154,1693226403401,9,4,5
32171,1693226403401,1692254139158,1692254139161,1693226403408,7,3,4
32172,1693226403408,1692254139165,1692254139169,1693226403416,8,4,4
32173,1693226403416,1692254139174,1692254139177,1693226403424,8,3,5
32174,1693226403424,1692254139181,1692254139184,1693226403431,7,3,4
32175,1693226403431,1692254139189,1692254139192,1693226403439,8,3,5
32176,1693226403439,1692254139196,1692254139200,1693226403447,8,4,4
32177,1693226403447,1692254139205,1692254139208,1693226403455,8,3,5
32178,1693226403456,1692254139213,1692254139216,1693226403463,7,3,4
32179,1693226403463,1692254139221,1692254139224,1693226403471,8,3,5
32180,1693226403471,1692254139228,1692254139232,1693226403479,8,4,4
32181,1693226403479,1692254139236,1692254139239,1693226403485,6,3,3
32182,1693226403485,1692254139243,1692254139246,1693226403493,8,3,5
32183,1693226403493,1692254139250,1692254139253,1693226403500,7,3,4
32184,1693226403500,1692254139257,1692254139261,1693226403508,8,4,4
32185,1693226403508,1692254139265,1692254139268,1693226403515,7,3,4
32186,1693226403515,1692254139273,1692254139276,1693226403522,7,3,4
32187,1693226403522,1692254139279,1692254139283,1693226403529,7,4,3
32188,1693226403529,1692254139287,1692254139293,1693226403540,11,6,5
32189,1693226403540,1692254139297,1692254139300,1693226403547,7,3,4
32190,1693226403547,1692254139305,1692254139308,1693226403558,11,3,8
32191,1693226403558,1692254139316,1692254139319,1693226403566,8,3,5
32192,1693226403566,1692254139323,1692254139326,1693226403573,7,3,4
32193,1693226403573,1692254139330,1692254139333,1693226403580,7,3,4
32194,1693226403580,1692254139341,1692254139345,1693226403592,12,4,8
32195,1693226403592,1692254139350,1692254139353,1693226403600,8,3,5
32196,1693226403600,1692254139357,1692254139360,1693226403607,7,3,4
32197,1693226403607,1692254139364,1692254139368,1693226403615,8,4,4
32198,1693226403615,1692254139372,1692254139375,1693226403621,6,3,3
32199,1693226403621,1692254139379,1692254139383,1693226403629,8,4,4
32200,1693226403629,1692254139386,1692254139389,1693226403636,7,3,4
32201,1693226403636,1692254139394,1692254139397,1693226403644,8,3,5
32202,1693226403644,1692254139401,1692254139404,1693226403651,7,3,4
32203,1693226403651,1692254139408,1692254139412,1693226403660,9,4,5
32204,1693226403661,1692254139418,1692254139421,1693226403667,6,3,3
32205,1693226403667,1692254139425,1692254139427,1693226403674,7,2,5
32206,1693226403674,1692254139432,1692254139437,1693226403683,9,5,4
32207,1693226403683,1692254139440,1692254139443,1693226403690,7,3,4
32208,1693226403690,1692254139449,1692254139452,1693226403699,9,3,6
32209,1693226403700,1692254139457,1692254139461,1693226403708,8,4,4
32210,1693226403708,1692254139465,1692254139468,1693226403715,7,3,4
32211,1693226403715,1692254139472,1692254139475,1693226403722,7,3,4
32212,1693226403722,1692254139486,1692254139490,1693226403737,15,4,11
32213,1693226403737,1692254139494,1692254139497,1693226403744,7,3,4
32214,1693226403744,1692254139502,1692254139505,1693226403752,8,3,5
32215,1693226403752,1692254139510,1692254139514,1693226403764,12,4,8
32216,1693226403764,1692254139521,1692254139525,1693226403772,8,4,4
32217,1693226403772,1692254139530,1692254139533,1693226403780,8,3,5
32218,1693226403780,1692254139539,1692254139543,1693226403790,10,4,6
32219,1693226403790,1692254139548,1692254139551,1693226403798,8,3,5
32220,1693226403798,1692254139556,1692254139560,1693226403807,9,4,5
32221,1693226403807,1692254139564,1692254139568,1693226403814,7,4,3
32222,1693226403814,1692254139571,1692254139575,1693226403822,8,4,4
32223,1693226403822,1692254139579,1692254139583,1693226403829,7,4,3
32224,1693226403829,1692254139587,1692254139590,1693226403837,8,3,5
32225,1693226403837,1692254139594,1692254139598,1693226403845,8,4,4
32226,1693226403845,1692254139603,1692254139605,1693226403852,7,2,5
32227,1693226403852,1692254139610,1692254139612,1693226403859,7,2,5
32228,1693226403859,1692254139616,1692254139620,1693226403867,8,4,4
32229,1693226403867,1692254139624,1692254139627,1693226403874,7,3,4
32230,1693226403874,1692254139632,1692254139635,1693226403882,8,3,5
32231,1693226403882,1692254139640,1692254139643,1693226403890,8,3,5
32232,1693226403890,1692254139648,1692254139651,1693226403898,8,3,5
32233,1693226403898,1692254139655,1692254139657,1693226403904,6,2,4
32234,1693226403904,1692254139661,1692254139665,1693226403912,8,4,4
32235,1693226403912,1692254139669,1692254139673,1693226403920,8,4,4
32236,1693226403920,1692254139677,1692254139680,1693226403927,7,3,4
32237,1693226403927,1692254139684,1692254139687,1693226403934,7,3,4
32238,1693226403934,1692254139691,1692254139694,1693226403942,8,3,5
32239,1693226403942,1692254139699,1692254139702,1693226403949,7,3,4
32240,1693226403949,1692254139707,1692254139711,1693226403958,9,4,5
32241,1693226403958,1692254139715,1692254139719,1693226403968,10,4,6
32242,1693226403968,1692254139725,1692254139729,1693226403976,8,4,4
32243,1693226403976,1692254139733,1692254139738,1693226403985,9,5,4
32244,1693226403985,1692254139742,1692254139745,1693226403992,7,3,4
32245,1693226403992,1692254139749,1692254139753,1693226404000,8,4,4
32246,1693226404000,1692254139758,1692254139761,1693226404008,8,3,5
32247,1693226404009,1692254139766,1692254139769,1693226404016,7,3,4
32248,1693226404016,1692254139774,1692254139777,1693226404024,8,3,5
32249,1693226404024,1692254139781,1692254139784,1693226404031,7,3,4
32250,1693226404031,1692254139788,1692254139790,1693226404037,6,2,4
32251,1693226404037,1692254139795,1692254139798,1693226404045,8,3,5
32252,1693226404045,1692254139803,1692254139806,1693226404053,8,3,5
32253,1693226404053,1692254139811,1692254139815,1693226404062,9,4,5
32254,1693226404062,1692254139819,1692254139822,1693226404070,8,3,5
32255,1693226404070,1692254139827,1692254139830,1693226404078,8,3,5
32256,1693226404078,1692254139835,1692254139839,1693226404086,8,4,4
32257,1693226404086,1692254139844,1692254139848,1693226404095,9,4,5
32258,1693226404095,1692254139852,1692254139855,1693226404102,7,3,4
32259,1693226404102,1692254139859,1692254139863,1693226404110,8,4,4
32260,1693226404110,1692254139866,1692254139869,1693226404116,6,3,3
32261,1693226404116,1692254139874,1692254139877,1693226404124,8,3,5
32262,1693226404124,1692254139882,1692254139885,1693226404132,8,3,5
32263,1693226404132,1692254139892,1692254139895,1693226404142,10,3,7
32264,1693226404142,1692254139899,1692254139902,1693226404149,7,3,4
32265,1693226404149,1692254139906,1692254139909,1693226404155,6,3,3
32266,1693226404156,1692254139913,1692254139916,1693226404163,7,3,4
32267,1693226404163,1692254139920,1692254139923,1693226404173,10,3,7
32268,1693226404173,1692254139930,1692254139933,1693226404180,7,3,4
32269,1693226404180,1692254139939,1692254139942,1693226404189,9,3,6
32270,1693226404189,1692254139947,1692254139951,1693226404198,9,4,5
32271,1693226404198,1692254139956,1692254139959,1693226404206,8,3,5
32272,1693226404206,1692254139964,1692254139966,1693226404213,7,2,5
32273,1693226404213,1692254139971,1692254139974,1693226404221,8,3,5
32274,1693226404222,1692254139979,1692254139982,1693226404229,7,3,4
32275,1693226404229,1692254139990,1692254139993,1693226404240,11,3,8
32276,1693226404240,1692254139998,1692254140000,1693226404248,8,2,6
32277,1693226404248,1692254140005,1692254140008,1693226404255,7,3,4
32278,1693226404255,1692254140013,1692254140017,1693226404264,9,4,5
32279,1693226404264,1692254140021,1692254140025,1693226404272,8,4,4
32280,1693226404272,1692254140031,1692254140036,1693226404283,11,5,6
32281,1693226404283,1692254140040,1692254140043,1693226404291,8,3,5
32282,1693226404291,1692254140049,1692254140052,1693226404299,8,3,5
32283,1693226404299,1692254140057,1692254140060,1693226404307,8,3,5
32284,1693226404307,1692254140064,1692254140068,1693226404314,7,4,3
32285,1693226404314,1692254140072,1692254140074,1693226404321,7,2,5
32286,1693226404321,1692254140078,1692254140082,1693226404329,8,4,4
32287,1693226404329,1692254140086,1692254140090,1693226404337,8,4,4
32288,1693226404337,1692254140094,1692254140098,1693226404345,8,4,4
32289,1693226404345,1692254140102,1692254140105,1693226404352,7,3,4
32290,1693226404352,1692254140109,1692254140112,1693226404359,7,3,4
32291,1693226404359,1692254140116,1692254140119,1693226404366,7,3,4
32292,1693226404366,1692254140123,1692254140127,1693226404374,8,4,4
32293,1693226404374,1692254140133,1692254140137,1693226404384,10,4,6
32294,1693226404384,1692254140141,1692254140143,1693226404390,6,2,4
32295,1693226404390,1692254140147,1692254140151,1693226404398,8,4,4
32296,1693226404398,1692254140156,1692254140159,1693226404406,8,3,5
32297,1693226404407,1692254140164,1692254140167,1693226404414,7,3,4
32298,1693226404414,1692254140171,1692254140174,1693226404421,7,3,4
32299,1693226404421,1692254140179,1692254140182,1693226404429,8,3,5
32300,1693226404429,1692254140186,1692254140189,1693226404436,7,3,4
32301,1693226404436,1692254140194,1692254140196,1693226404443,7,2,5
32302,1693226404443,1692254140202,1692254140205,1693226404452,9,3,6
32303,1693226404452,1692254140210,1692254140213,1693226404460,8,3,5
32304,1693226404460,1692254140218,1692254140221,1693226404468,8,3,5
32305,1693226404468,1692254140225,1692254140228,1693226404475,7,3,4
32306,1693226404475,1692254140235,1692254140238,1693226404485,10,3,7
32307,1693226404485,1692254140243,1692254140246,1693226404493,8,3,5
32308,1693226404493,1692254140251,1692254140254,1693226404501,8,3,5
32309,1693226404501,1692254140258,1692254140262,1693226404508,7,4,3
32310,1693226404509,1692254140266,1692254140269,1693226404516,7,3,4
32311,1693226404516,1692254140273,1692254140275,1693226404522,6,2,4
32312,1693226404522,1692254140281,1692254140284,1693226404532,10,3,7
32313,1693226404532,1692254140289,1692254140293,1693226404540,8,4,4
32314,1693226404540,1692254140297,1692254140300,1693226404547,7,3,4
32315,1693226404547,1692254140305,1692254140309,1693226404556,9,4,5
32316,1693226404556,1692254140313,1692254140316,1693226404564,8,3,5
32317,1693226404564,1692254140322,1692254140327,1693226404574,10,5,5
32318,1693226404574,1692254140331,1692254140335,1693226404582,8,4,4
32319,1693226404582,1692254140340,1692254140343,1693226404590,8,3,5
32320,1693226404590,1692254140347,1692254140351,1693226404598,8,4,4
32321,1693226404598,1692254140355,1692254140359,1693226404605,7,4,3
32322,1693226404605,1692254140363,1692254140366,1693226404613,8,3,5
32323,1693226404613,1692254140371,1692254140374,1693226404621,8,3,5
32324,1693226404621,1692254140379,1692254140381,1693226404628,7,2,5
32325,1693226404628,1692254140386,1692254140390,1693226404636,8,4,4
32326,1693226404636,1692254140394,1692254140396,1693226404643,7,2,5
32327,1693226404643,1692254140402,1692254140405,1693226404652,9,3,6
32328,1693226404652,1692254140409,1692254140413,1693226404660,8,4,4
32329,1693226404660,1692254140417,1692254140420,1693226404667,7,3,4
32330,1693226404667,1692254140424,1692254140428,1693226404675,8,4,4
32331,1693226404675,1692254140432,1692254140435,1693226404684,9,3,6
32332,1693226404684,1692254140442,1692254140445,1693226404692,8,3,5
32333,1693226404692,1692254140450,1692254140453,1693226404700,8,3,5
32334,1693226404700,1692254140458,1692254140461,1693226404708,8,3,5
32335,1693226404708,1692254140466,1692254140469,1693226404716,8,3,5
32336,1693226404716,1692254140474,1692254140477,1693226404724,8,3,5
32337,1693226404724,1692254140481,1692254140484,1693226404732,8,3,5
32338,1693226404732,1692254140489,1692254140493,1693226404739,7,4,3
32339,1693226404739,1692254140497,1692254140500,1693226404747,8,3,5
32340,1693226404747,1692254140507,1692254140510,1693226404757,10,3,7
32341,1693226404757,1692254140514,1692254140517,1693226404764,7,3,4
32342,1693226404764,1692254140521,1692254140524,1693226404772,8,3,5
32343,1693226404772,1692254140537,1692254140540,1693226404788,16,3,13
32344,1693226404788,1692254140546,1692254140550,1693226404797,9,4,5
32345,1693226404797,1692254140554,1692254140557,1693226404804,7,3,4
32346,1693226404804,1692254140561,1692254140565,1693226404812,8,4,4
32347,1693226404812,1692254140569,1692254140573,1693226404820,8,4,4
32348,1693226404820,1692254140577,1692254140580,1693226404827,7,3,4
32349,1693226404827,1692254140585,1692254140588,1693226404835,8,3,5
32350,1693226404835,1692254140593,1692254140596,1693226404843,8,3,5
32351,1693226404843,1692254140600,1692254140603,1693226404850,7,3,4
32352,1693226404850,1692254140607,1692254140610,1693226404857,7,3,4
32353,1693226404857,1692254140615,1692254140618,1693226404865,8,3,5
32354,1693226404865,1692254140629,1692254140633,1693226404880,15,4,11
32355,1693226404880,1692254140637,1692254140640,1693226404889,9,3,6
32356,1693226404889,1692254140650,1692254140654,1693226404900,11,4,7
32357,1693226404900,1692254140658,1692254140662,1693226404909,9,4,5
32358,1693226404909,1692254140668,1692254140671,1693226404918,9,3,6
32359,1693226404918,1692254140676,1692254140679,1693226404926,8,3,5
32360,1693226404926,1692254140683,1692254140686,1693226404933,7,3,4
32361,1693226404933,1692254140690,1692254140694,1693226404941,8,4,4
32362,1693226404941,1692254140698,1692254140702,1693226404949,8,4,4
32363,1693226404949,1692254140707,1692254140710,1693226404957,8,3,5
32364,1693226404957,1692254140715,1692254140718,1693226404965,8,3,5
32365,1693226404965,1692254140723,1692254140726,1693226404973,8,3,5
32366,1693226404973,1692254140731,1692254140734,1693226404981,8,3,5
32367,1693226404981,1692254140739,1692254140741,1693226404988,7,2,5
32368,1693226404988,1692254140747,1692254140751,1693226404998,10,4,6
32369,1693226404998,1692254140755,1692254140759,1693226405005,7,4,3
32370,1693226405006,1692254140763,1692254140767,1693226405014,8,4,4
32371,1693226405014,1692254140771,1692254140773,1693226405021,7,2,5
32372,1693226405021,1692254140778,1692254140781,1693226405028,7,3,4
32373,1693226405028,1692254140786,1692254140789,1693226405036,8,3,5
32374,1693226405036,1692254140793,1692254140796,1693226405044,8,3,5
32375,1693226405044,1692254140801,1692254140804,1693226405051,7,3,4
32376,1693226405051,1692254140809,1692254140812,1693226405059,8,3,5
32377,1693226405059,1692254140816,1692254140819,1693226405066,7,3,4
32378,1693226405066,1692254140823,1692254140826,1693226405073,7,3,4
32379,1693226405073,1692254140831,1692254140834,1693226405084,11,3,8
32380,1693226405084,1692254140842,1692254140845,1693226405094,10,3,7
32381,1693226405094,1692254140852,1692254140855,1693226405102,8,3,5
32382,1693226405102,1692254140860,1692254140863,1693226405110,8,3,5
32383,1693226405111,1692254140868,1692254140870,1693226405117,6,2,4
32384,1693226405117,1692254140875,1692254140878,1693226405125,8,3,5
32385,1693226405125,1692254140884,1692254140887,1693226405134,9,3,6
32386,1693226405134,1692254140891,1692254140895,1693226405142,8,4,4
32387,1693226405142,1692254140899,1692254140902,1693226405149,7,3,4
32388,1693226405149,1692254140906,1692254140910,1693226405156,7,4,3
32389,1693226405156,1692254140915,1692254140918,1693226405166,10,3,7
32390,1693226405166,1692254140923,1692254140926,1693226405173,7,3,4
32391,1693226405173,1692254140930,1692254140935,1693226405182,9,5,4
32392,1693226405182,1692254140940,1692254140943,1693226405190,8,3,5
32393,1693226405190,1692254140948,1692254140951,1693226405198,8,3,5
32394,1693226405198,1692254140955,1692254140959,1693226405206,8,4,4
32395,1693226405206,1692254140963,1692254140967,1693226405214,8,4,4
32396,1693226405214,1692254140972,1692254140975,1693226405222,8,3,5
32397,1693226405222,1692254140980,1692254140983,1693226405230,8,3,5
32398,1693226405230,1692254140988,1692254140991,1693226405238,8,3,5
32399,1693226405238,1692254140995,1692254140998,1693226405245,7,3,4
32400,1693226405245,1692254141002,1692254141006,1693226405252,7,4,3
32401,1693226405252,1692254141009,1692254141012,1693226405259,7,3,4
32402,1693226405259,1692254141017,1692254141020,1693226405267,8,3,5
32403,1693226405268,1692254141025,1692254141028,1693226405275,7,3,4
32404,1693226405275,1692254141033,1692254141036,1693226405283,8,3,5
32405,1693226405283,1692254141040,1692254141044,1693226405290,7,4,3
32406,1693226405290,1692254141047,1692254141050,1693226405299,9,3,6
32407,1693226405299,1692254141057,1692254141060,1693226405306,7,3,4
32408,1693226405306,1692254141064,1692254141066,1693226405313,7,2,5
32409,1693226405313,1692254141071,1692254141074,1693226405320,7,3,4
32410,1693226405320,1692254141078,1692254141081,1693226405328,8,3,5
32411,1693226405328,1692254141086,1692254141090,1693226405336,8,4,4
32412,1693226405336,1692254141094,1692254141097,1693226405344,8,3,5
32413,1693226405344,1692254141101,1692254141104,1693226405351,7,3,4
32414,1693226405351,1692254141108,1692254141112,1693226405359,8,4,4
32415,1693226405359,1692254141116,1692254141119,1693226405366,7,3,4
32416,1693226405366,1692254141124,1692254141128,1693226405375,9,4,5
32417,1693226405375,1692254141133,1692254141136,1693226405383,8,3,5
32418,1693226405383,1692254141140,1692254141143,1693226405389,6,3,3
32419,1693226405389,1692254141147,1692254141151,1693226405397,8,4,4
32420,1693226405397,1692254141157,1692254141161,1693226405408,11,4,7
32421,1693226405408,1692254141165,1692254141168,1693226405415,7,3,4
32422,1693226405415,1692254141172,1692254141175,1693226405422,7,3,4
32423,1693226405422,1692254141179,1692254141181,1693226405428,6,2,4
32424,1693226405428,1692254141186,1692254141190,1693226405436,8,4,4
32425,1693226405436,1692254141194,1692254141197,1693226405444,8,3,5
32426,1693226405444,1692254141202,1692254141205,1693226405452,8,3,5
32427,1693226405452,1692254141209,1692254141214,1693226405461,9,5,4
32428,1693226405461,1692254141219,1692254141222,1693226405469,8,3,5
32429,1693226405469,1692254141227,1692254141231,1693226405478,9,4,5
32430,1693226405478,1692254141235,1692254141238,1693226405485,7,3,4
32431,1693226405485,1692254141242,1692254141246,1693226405493,8,4,4
32432,1693226405493,1692254141250,1692254141253,1693226405500,7,3,4
32433,1693226405500,1692254141259,1692254141262,1693226405509,9,3,6
32434,1693226405509,1692254141267,1692254141271,1693226405518,9,4,5
32435,1693226405518,1692254141275,1692254141279,1693226405526,8,4,4
32436,1693226405526,1692254141284,1692254141287,1693226405534,8,3,5
32437,1693226405534,1692254141291,1692254141294,1693226405541,7,3,4
32438,1693226405541,1692254141298,1692254141301,1693226405548,7,3,4
32439,1693226405548,1692254141306,1692254141310,1693226405556,8,4,4
32440,1693226405556,1692254141314,1692254141318,1693226405566,10,4,6
32441,1693226405566,1692254141325,1692254141328,1693226405575,9,3,6
32442,1693226405575,1692254141332,1692254141336,1693226405583,8,4,4
32443,1693226405583,1692254141340,1692254141343,1693226405590,7,3,4
32444,1693226405590,1692254141348,1692254141351,1693226405598,8,3,5
32445,1693226405598,1692254141356,1692254141359,1693226405606,8,3,5
32446,1693226405606,1692254141364,1692254141367,1693226405614,8,3,5
32447,1693226405614,1692254141372,1692254141375,1693226405623,9,3,6
32448,1693226405623,1692254141381,1692254141385,1693226405631,8,4,4
32449,1693226405631,1692254141388,1692254141391,1693226405638,7,3,4
32450,1693226405638,1692254141395,1692254141399,1693226405645,7,4,3
32451,1693226405646,1692254141403,1692254141406,1693226405653,7,3,4
32452,1693226405653,1692254141410,1692254141413,1693226405660,7,3,4
32453,1693226405660,1692254141417,1692254141420,1693226405668,8,3,5
32454,1693226405668,1692254141425,1692254141427,1693226405674,6,2,4
32455,1693226405674,1692254141432,1692254141435,1693226405682,8,3,5
32456,1693226405682,1692254141440,1692254141443,1693226405690,8,3,5
32457,1693226405690,1692254141448,1692254141451,1693226405698,8,3,5
32458,1693226405698,1692254141455,1692254141458,1693226405704,6,3,3
32459,1693226405704,1692254141464,1692254141468,1693226405715,11,4,7
32460,1693226405715,1692254141472,1692254141475,1693226405722,7,3,4
32461,1693226405722,1692254141480,1692254141483,1693226405730,8,3,5
32462,1693226405730,1692254141488,1692254141491,1693226405738,8,3,5
32463,1693226405738,1692254141498,1692254141501,1693226405748,10,3,7
32464,1693226405748,1692254141506,1692254141511,1693226405758,10,5,5
32465,1693226405758,1692254141515,1692254141518,1693226405765,7,3,4
32466,1693226405765,1692254141523,1692254141526,1693226405773,8,3,5
32467,1693226405773,1692254141531,1692254141534,1693226405781,8,3,5
32468,1693226405781,1692254141538,1692254141541,1693226405787,6,3,3
32469,1693226405787,1692254141544,1692254141548,1693226405795,8,4,4
32470,1693226405795,1692254141552,1692254141556,1693226405803,8,4,4
32471,1693226405803,1692254141561,1692254141564,1693226405812,9,3,6
32472,1693226405812,1692254141570,1692254141573,1693226405820,8,3,5
32473,1693226405820,1692254141577,1692254141580,1693226405827,7,3,4
32474,1693226405827,1692254141584,1692254141588,1693226405835,8,4,4
32475,1693226405835,1692254141592,1692254141595,1693226405842,7,3,4
32476,1693226405842,1692254141599,1692254141603,1693226405850,8,4,4
32477,1693226405850,1692254141607,1692254141611,1693226405858,8,4,4
32478,1693226405858,1692254141615,1692254141618,1693226405864,6,3,3
32479,1693226405864,1692254141622,1692254141625,1693226405872,8,3,5
32480,1693226405872,1692254141630,1692254141633,1693226405880,8,3,5
32481,1693226405880,1692254141638,1692254141640,1693226405887,7,2,5
32482,1693226405887,1692254141645,1692254141648,1693226405895,8,3,5
32483,1693226405895,1692254141653,1692254141656,1693226405902,7,3,4
32484,1693226405902,1692254141663,1692254141666,1693226405913,11,3,8
32485,1693226405913,1692254141671,1692254141674,1693226405920,7,3,4
32486,1693226405920,1692254141678,1692254141681,1693226405928,8,3,5
32487,1693226405928,1692254141687,1692254141690,1693226405937,9,3,6
32488,1693226405937,1692254141694,1692254141697,1693226405944,7,3,4
32489,1693226405944,1692254141701,1692254141704,1693226405951,7,3,4
32490,1693226405951,1692254141709,1692254141712,1693226405959,8,3,5
32491,1693226405959,1692254141717,1692254141721,1693226405968,9,4,5
32492,1693226405968,1692254141726,1692254141729,1693226405976,8,3,5
32493,1693226405977,1692254141735,1692254141738,1693226405985,8,3,5
32494,1693226405986,1692254141744,1692254141746,1693226405994,8,2,6
32495,1693226405994,1692254141752,1692254141755,1693226406002,8,3,5
32496,1693226406002,1692254141760,1692254141763,1693226406010,8,3,5
32497,1693226406010,1692254141768,1692254141770,1693226406017,7,2,5
32498,1693226406017,1692254141775,1692254141778,1693226406024,7,3,4
32499,1693226406025,1692254141782,1692254141784,1693226406032,7,2,5
32500,1693226406032,1692254141790,1692254141792,1693226406039,7,2,5
32501,1693226406039,1692254141796,1692254141802,1693226406049,10,6,4
32502,1693226406049,1692254141807,1692254141810,1693226406057,8,3,5
32503,1693226406057,1692254141814,1692254141818,1693226406064,7,4,3
32504,1693226406064,1692254141821,1692254141824,1693226406071,7,3,4
32505,1693226406071,1692254141828,1692254141831,1693226406078,7,3,4
32506,1693226406078,1692254141836,1692254141840,1693226406090,12,4,8
32507,1693226406090,1692254141848,1692254141851,1693226406098,8,3,5
32508,1693226406098,1692254141855,1692254141859,1693226406106,8,4,4
32509,1693226406106,1692254141863,1692254141867,1693226406113,7,4,3
32510,1693226406113,1692254141873,1692254141876,1693226406123,10,3,7
32511,1693226406123,1692254141880,1692254141883,1693226406130,7,3,4
32512,1693226406130,1692254141888,1692254141894,1693226406140,10,6,4
32513,1693226406140,1692254141898,1692254141900,1693226406147,7,2,5
32514,1693226406147,1692254141911,1692254141915,1693226406162,15,4,11
32515,1693226406162,1692254141919,1692254141922,1693226406169,7,3,4
32516,1693226406169,1692254141932,1692254141936,1693226406183,14,4,10
32517,1693226406183,1692254141941,1692254141943,1693226406190,7,2,5
32518,1693226406190,1692254141947,1692254141951,1693226406197,7,4,3
32519,1693226406197,1692254141955,1692254141959,1693226406206,9,4,5
32520,1693226406206,1692254141963,1692254141966,1693226406213,7,3,4
32521,1693226406213,1692254141972,1692254141975,1693226406222,9,3,6
32522,1693226406222,1692254141979,1692254141981,1693226406228,6,2,4
32523,1693226406228,1692254141986,1692254141989,1693226406236,8,3,5
32524,1693226406236,1692254141993,1692254141997,1693226406244,8,4,4
32525,1693226406244,1692254142002,1692254142005,1693226406252,8,3,5
32526,1693226406252,1692254142009,1692254142013,1693226406260,8,4,4
32527,1693226406260,1692254142017,1692254142020,1693226406267,7,3,4
32528,1693226406267,1692254142024,1692254142027,1693226406274,7,3,4
32529,1693226406274,1692254142031,1692254142034,1693226406281,7,3,4
32530,1693226406281,1692254142039,1692254142042,1693226406289,8,3,5
32531,1693226406289,1692254142048,1692254142051,1693226406298,9,3,6
32532,1693226406298,1692254142056,1692254142059,1693226406306,8,3,5
32533,1693226406306,1692254142063,1692254142068,1693226406315,9,5,4
32534,1693226406315,1692254142072,1692254142076,1693226406323,8,4,4
32535,1693226406323,1692254142080,1692254142083,1693226406330,7,3,4
32536,1693226406330,1692254142087,1692254142091,1693226406338,8,4,4
32537,1693226406338,1692254142096,1692254142100,1693226406347,9,4,5
32538,1693226406347,1692254142104,1692254142107,1693226406354,7,3,4
32539,1693226406354,1692254142111,1692254142114,1693226406361,7,3,4
32540,1693226406361,1692254142119,1692254142122,1693226406369,8,3,5
32541,1693226406369,1692254142127,1692254142130,1693226406377,8,3,5
32542,1693226406377,1692254142134,1692254142137,1693226406384,7,3,4
32543,1693226406384,1692254142143,1692254142147,1693226406394,10,4,6
32544,1693226406394,1692254142152,1692254142155,1693226406402,8,3,5
32545,1693226406402,1692254142160,1692254142163,1693226406410,8,3,5
32546,1693226406411,1692254142168,1692254142171,1693226406418,7,3,4
32547,1693226406418,1692254142176,1692254142179,1693226406426,8,3,5
32548,1693226406426,1692254142184,1692254142187,1693226406434,8,3,5
32549,1693226406434,1692254142191,1692254142194,1693226406441,7,3,4
32550,1693226406441,1692254142198,1692254142201,1693226406448,7,3,4
32551,1693226406449,1692254142206,1692254142210,1693226406457,8,4,4
32552,1693226406457,1692254142215,1692254142219,1693226406466,9,4,5
32553,1693226406466,1692254142223,1692254142227,1693226406474,8,4,4
32554,1693226406474,1692254142232,1692254142235,1693226406483,9,3,6
32555,1693226406483,1692254142241,1692254142245,1693226406492,9,4,5
32556,1693226406492,1692254142249,1692254142252,1693226406499,7,3,4
32557,1693226406499,1692254142258,1692254142261,1693226406508,9,3,6
32558,1693226406508,1692254142265,1692254142268,1693226406515,7,3,4
32559,1693226406515,1692254142272,1692254142275,1693226406522,7,3,4
32560,1693226406522,1692254142279,1692254142283,1693226406530,8,4,4
32561,1693226406530,1692254142287,1692254142291,1693226406538,8,4,4
32562,1693226406538,1692254142295,1692254142299,1693226406546,8,4,4
32563,1693226406546,1692254142304,1692254142307,1693226406553,7,3,4
32564,1693226406553,1692254142311,1692254142315,1693226406562,9,4,5
32565,1693226406562,1692254142320,1692254142325,1693226406571,9,5,4
32566,1693226406571,1692254142329,1692254142332,1693226406579,8,3,5
32567,1693226406579,1692254142336,1692254142339,1693226406586,7,3,4
32568,1693226406586,1692254142344,1692254142348,1693226406595,9,4,5
32569,1693226406595,1692254142352,1692254142355,1693226406602,7,3,4
32570,1693226406602,1692254142359,1692254142363,1693226406609,7,4,3
32571,1693226406609,1692254142367,1692254142370,1693226406617,8,3,5
32572,1693226406617,1692254142375,1692254142378,1693226406625,8,3,5
32573,1693226406625,1692254142382,1692254142386,1693226406632,7,4,3
32574,1693226406632,1692254142390,1692254142394,1693226406641,9,4,5
32575,1693226406641,1692254142399,1692254142402,1693226406649,8,3,5
32576,1693226406649,1692254142407,1692254142410,1693226406656,7,3,4
32577,1693226406657,1692254142416,1692254142420,1693226406667,10,4,6
32578,1693226406667,1692254142424,1692254142427,1693226406674,7,3,4
32579,1693226406674,1692254142431,1692254142434,1693226406681,7,3,4
32580,1693226406681,1692254142439,1692254142442,1693226406689,8,3,5
32581,1693226406689,1692254142446,1692254142450,1693226406697,8,4,4
32582,1693226406697,1692254142455,1692254142458,1693226406705,8,3,5
32583,1693226406705,1692254142463,1692254142466,1693226406713,8,3,5
32584,1693226406713,1692254142470,1692254142474,1693226406720,7,4,3
32585,1693226406720,1692254142478,1692254142480,1693226406727,7,2,5
32586,1693226406727,1692254142484,1692254142488,1693226406735,8,4,4
32587,1693226406735,1692254142493,1692254142496,1693226406743,8,3,5
32588,1693226406743,1692254142501,1692254142504,1693226406751,8,3,5
32589,1693226406751,1692254142510,1692254142513,1693226406760,9,3,6
32590,1693226406760,1692254142517,1692254142520,1693226406767,7,3,4
32591,1693226406767,1692254142525,1692254142528,1693226406775,8,3,5
32592,1693226406775,1692254142533,1692254142536,1693226406783,8,3,5
32593,1693226406783,1692254142541,1692254142544,1693226406791,8,3,5
32594,1693226406792,1692254142549,1692254142552,1693226406799,7,3,4
32595,1693226406799,1692254142559,1692254142562,1693226406809,10,3,7
32596,1693226406809,1692254142567,1692254142569,1693226406816,7,2,5
32597,1693226406816,1692254142580,1692254142583,1693226406829,13,3,10
32598,1693226406829,1692254142590,1692254142593,1693226406839,10,3,7
32599,1693226406839,1692254142597,1692254142600,1693226406847,8,3,5
32600,1693226406847,1692254142605,1692254142609,1693226406856,9,4,5
32601,1693226406856,1692254142614,1692254142617,1693226406864,8,3,5
32602,1693226406864,1692254142621,1692254142624,1693226406870,6,3,3
32603,1693226406870,1692254142627,1692254142631,1693226406877,7,4,3
32604,1693226406877,1692254142635,1692254142638,1693226406885,8,3,5
32605,1693226406885,1692254142642,1692254142645,1693226406892,7,3,4
32606,1693226406892,1692254142650,1692254142654,1693226406901,9,4,5
32607,1693226406901,1692254142658,1692254142662,1693226406909,8,4,4
32608,1693226406909,1692254142666,1692254142669,1693226406916,7,3,4
32609,1693226406916,1692254142675,1692254142678,1693226406925,9,3,6
32610,1693226406925,1692254142683,1692254142686,1693226406933,8,3,5
32611,1693226406933,1692254142692,1692254142697,1693226406944,11,5,6
32612,1693226406944,1692254142702,1692254142705,1693226406952,8,3,5
32613,1693226406952,1692254142711,1692254142715,1693226406962,10,4,6
32614,1693226406962,1692254142719,1692254142722,1693226406969,7,3,4
32615,1693226406969,1692254142728,1692254142731,1693226406978,9,3,6
32616,1693226406978,1692254142735,1692254142739,1693226406986,8,4,4
32617,1693226406986,1692254142743,1692254142746,1693226406993,7,3,4
32618,1693226406993,1692254142751,1692254142754,1693226407002,9,3,6
32619,1693226407002,1692254142760,1692254142765,1693226407012,10,5,5
32620,1693226407012,1692254142769,1692254142772,1693226407019,7,3,4
32621,1693226407019,1692254142778,1692254142781,1693226407028,9,3,6
32622,1693226407028,1692254142788,1692254142791,1693226407039,11,3,8
32623,1693226407039,1692254142797,1692254142800,1693226407047,8,3,5
32624,1693226407047,1692254142804,1692254142807,1693226407054,7,3,4
32625,1693226407054,1692254142812,1692254142815,1693226407062,8,3,5
32626,1693226407062,1692254142819,1692254142822,1693226407069,7,3,4
32627,1693226407069,1692254142827,1692254142829,1693226407076,7,2,5
32628,1693226407076,1692254142833,1692254142836,1693226407084,8,3,5
32629,1693226407084,1692254142841,1692254142843,1693226407090,6,2,4
32630,1693226407090,1692254142851,1692254142855,1693226407102,12,4,8
32631,1693226407102,1692254142860,1692254142864,1693226407111,9,4,5
32632,1693226407111,1692254142869,1692254142871,1693226407118,7,2,5
32633,1693226407118,1692254142875,1692254142879,1693226407126,8,4,4
32634,1693226407126,1692254142884,1692254142887,1693226407133,7,3,4
32635,1693226407134,1692254142891,1692254142893,1693226407142,8,2,6
32636,1693226407142,1692254142900,1692254142904,1693226407151,9,4,5
32637,1693226407151,1692254142908,1692254142912,1693226407159,8,4,4
32638,1693226407159,1692254142917,1692254142920,1693226407167,8,3,5
32639,1693226407167,1692254142924,1692254142928,1693226407174,7,4,3
32640,1693226407174,1692254142931,1692254142934,1693226407181,7,3,4
32641,1693226407181,1692254142939,1692254142942,1693226407189,8,3,5
32642,1693226407189,1692254142947,1692254142950,1693226407197,8,3,5
32643,1693226407197,1692254142954,1692254142956,1693226407203,6,2,4
32644,1693226407203,1692254142961,1692254142964,1693226407211,8,3,5
32645,1693226407211,1692254142968,1692254142972,1693226407219,8,4,4
32646,1693226407219,1692254142977,1692254142980,1693226407227,8,3,5
32647,1693226407227,1692254142985,1692254142990,1693226407237,10,5,5
32648,1693226407237,1692254142995,1692254142998,1693226407245,8,3,5
32649,1693226407245,1692254143003,1692254143006,1693226407253,8,3,5
32650,1693226407253,1692254143010,1692254143014,1693226407261,8,4,4
32651,1693226407261,1692254143018,1692254143022,1693226407269,8,4,4
32652,1693226407269,1692254143027,1692254143029,1693226407276,7,2,5
32653,1693226407276,1692254143034,1692254143037,1693226407284,8,3,5
32654,1693226407284,1692254143041,1692254143044,1693226407291,7,3,4
32655,1693226407291,1692254143049,1692254143052,1693226407299,8,3,5
32656,1693226407299,1692254143057,1692254143060,1693226407307,8,3,5
32657,1693226407307,1692254143066,1692254143071,1693226407318,11,5,6
32658,1693226407318,1692254143075,1692254143078,1693226407325,7,3,4
32659,1693226407325,1692254143082,1692254143085,1693226407332,7,3,4
32660,1693226407332,1692254143090,1692254143093,1693226407339,7,3,4
32661,1693226407339,1692254143096,1692254143099,1693226407347,8,3,5
32662,1693226407347,1692254143104,1692254143108,1693226407355,8,4,4
32663,1693226407355,1692254143112,1692254143116,1693226407363,8,4,4
32664,1693226407363,1692254143120,1692254143124,1693226407370,7,4,3
32665,1693226407370,1692254143128,1692254143131,1693226407378,8,3,5
32666,1693226407378,1692254143136,1692254143139,1693226407386,8,3,5
32667,1693226407386,1692254143144,1692254143146,1693226407393,7,2,5
32668,1693226407393,1692254143151,1692254143154,1693226407401,8,3,5
32669,1693226407401,1692254143158,1692254143162,1693226407409,8,4,4
32670,1693226407409,1692254143166,1692254143169,1693226407416,7,3,4
32671,1693226407416,1692254143174,1692254143178,1693226407424,8,4,4
32672,1693226407424,1692254143181,1692254143185,1693226407432,8,4,4
32673,1693226407432,1692254143192,1692254143196,1693226407442,10,4,6
32674,1693226407442,1692254143200,1692254143203,1693226407450,8,3,5
32675,1693226407450,1692254143214,1692254143217,1693226407464,14,3,11
32676,1693226407464,1692254143222,1692254143225,1693226407472,8,3,5
32677,1693226407472,1692254143229,1692254143232,1693226407479,7,3,4
32678,1693226407479,1692254143237,1692254143240,1693226407486,7,3,4
32679,1693226407486,1692254143243,1692254143246,1693226407493,7,3,4
32680,1693226407493,1692254143251,1692254143254,1693226407501,8,3,5
32681,1693226407501,1692254143258,1692254143261,1693226407508,7,3,4
32682,1693226407508,1692254143265,1692254143268,1693226407514,6,3,3
32683,1693226407514,1692254143272,1692254143277,1693226407524,10,5,5
32684,1693226407524,1692254143281,1692254143285,1693226407532,8,4,4
32685,1693226407532,1692254143290,1692254143293,1693226407540,8,3,5
32686,1693226407540,1692254143298,1692254143302,1693226407549,9,4,5
32687,1693226407549,1692254143307,1692254143310,1693226407557,8,3,5
32688,1693226407557,1692254143314,1692254143318,1693226407565,8,4,4
32689,1693226407565,1692254143322,1692254143326,1693226407572,7,4,3
32690,1693226407572,1692254143330,1692254143333,1693226407580,8,3,5
32691,1693226407580,1692254143338,1692254143341,1693226407588,8,3,5
32692,1693226407588,1692254143346,1692254143349,1693226407596,8,3,5
32693,1693226407596,1692254143353,1692254143357,1693226407604,8,4,4
32694,1693226407604,1692254143361,1692254143364,1693226407611,7,3,4
32695,1693226407611,1692254143369,1692254143371,1693226407618,7,2,5
32696,1693226407618,1692254143375,1692254143378,1693226407625,7,3,4
32697,1693226407625,1692254143384,1692254143387,1693226407634,9,3,6
32698,1693226407634,1692254143392,1692254143395,1693226407642,8,3,5
32699,1693226407642,1692254143399,1692254143402,1693226407649,7,3,4
32700,1693226407649,1692254143406,1692254143409,1693226407656,7,3,4
32701,1693226407656,1692254143413,1692254143417,1693226407664,8,4,4
32702,1693226407664,1692254143422,1692254143425,1693226407672,8,3,5
32703,1693226407672,1692254143430,1692254143433,1693226407680,8,3,5
32704,1693226407680,1692254143438,1692254143441,1693226407687,7,3,4
32705,1693226407687,1692254143444,1692254143447,1693226407694,7,3,4
32706,1693226407694,1692254143451,1692254143454,1693226407701,7,3,4
32707,1693226407701,1692254143459,1692254143463,1693226407709,8,4,4
32708,1693226407709,1692254143467,1692254143470,1693226407717,8,3,5
32709,1693226407717,1692254143474,1692254143477,1693226407724,7,3,4
32710,1693226407724,1692254143482,1692254143484,1693226407731,7,2,5
32711,1693226407731,1692254143488,1692254143491,1693226407738,7,3,4
32712,1693226407738,1692254143495,1692254143499,1693226407746,8,4,4
32713,1693226407746,1692254143503,1692254143507,1693226407756,10,4,6
32714,1693226407756,1692254143513,1692254143517,1693226407764,8,4,4
32715,1693226407764,1692254143521,1692254143525,1693226407772,8,4,4
32716,1693226407772,1692254143530,1692254143533,1693226407779,7,3,4
32717,1693226407779,1692254143538,1692254143541,1693226407787,8,3,5
32718,1693226407787,1692254143545,1692254143548,1693226407795,8,3,5
32719,1693226407795,1692254143552,1692254143555,1693226407802,7,3,4
32720,1693226407802,1692254143559,1692254143563,1693226407810,8,4,4
32721,1693226407810,1692254143567,1692254143570,1693226407818,8,3,5
32722,1693226407818,1692254143575,1692254143578,1693226407824,6,3,3
32723,1693226407824,1692254143581,1692254143584,1693226407831,7,3,4
32724,1693226407831,1692254143588,1692254143591,1693226407838,7,3,4
32725,1693226407838,1692254143596,1692254143599,1693226407846,8,3,5
32726,1693226407846,1692254143603,1692254143607,1693226407854,8,4,4
32727,1693226407854,1692254143611,1692254143615,1693226407861,7,4,3
32728,1693226407862,1692254143619,1692254143622,1693226407869,7,3,4
32729,1693226407869,1692254143626,1692254143632,1693226407879,10,6,4
32730,1693226407879,1692254143636,1692254143640,1693226407887,8,4,4
32731,1693226407887,1692254143645,1692254143650,1693226407897,10,5,5
32732,1693226407897,1692254143655,1692254143657,1693226407904,7,2,5
32733,1693226407904,1692254143662,1692254143665,1693226407912,8,3,5
32734,1693226407912,1692254143669,1692254143672,1693226407919,7,3,4
32735,1693226407919,1692254143676,1692254143680,1693226407927,8,4,4
32736,1693226407927,1692254143686,1692254143689,1693226407936,9,3,6
32737,1693226407936,1692254143694,1692254143697,1693226407944,8,3,5
32738,1693226407944,1692254143702,1692254143707,1693226407954,10,5,5
32739,1693226407954,1692254143712,1692254143714,1693226407961,7,2,5
32740,1693226407961,1692254143719,1692254143722,1693226407968,7,3,4
32741,1693226407968,1692254143726,1692254143729,1693226407976,8,3,5
32742,1693226407976,1692254143733,1692254143736,1693226407983,7,3,4
32743,1693226407983,1692254143741,1692254143744,1693226407991,8,3,5
32744,1693226407991,1692254143748,1692254143751,1693226407998,7,3,4
32745,1693226407998,1692254143755,1692254143758,1693226408005,7,3,4
32746,1693226408005,1692254143763,1692254143766,1693226408012,7,3,4
32747,1693226408012,1692254143769,1692254143772,1693226408019,7,3,4
32748,1693226408019,1692254143777,1692254143780,1693226408027,8,3,5
32749,1693226408027,1692254143785,1692254143789,1693226408036,9,4,5
32750,1693226408036,1692254143793,1692254143797,1693226408044,8,4,4
32751,1693226408044,1692254143802,1692254143808,1693226408054,10,6,4
32752,1693226408054,1692254143812,1692254143815,1693226408063,9,3,6
32753,1693226408064,1692254143821,1692254143826,1693226408073,9,5,4
32754,1693226408073,1692254143830,1692254143833,1693226408080,7,3,4
32755,1693226408080,1692254143838,1692254143841,1693226408088,8,3,5
32756,1693226408088,1692254143846,1692254143849,1693226408096,8,3,5
32757,1693226408096,1692254143857,1692254143861,1693226408108,12,4,8
32758,1693226408108,1692254143866,1692254143870,1693226408116,8,4,4
32759,1693226408116,1692254143874,1692254143877,1693226408124,8,3,5
32760,1693226408124,1692254143882,1692254143885,1693226408131,7,3,4
32761,1693226408131,1692254143888,1692254143891,1693226408138,7,3,4
32762,1693226408138,1692254143896,1692254143899,1693226408146,8,3,5
32763,1693226408146,1692254143903,1692254143906,1693226408153,7,3,4
32764,1693226408153,1692254143910,1692254143913,1693226408160,7,3,4
32765,1693226408160,1692254143917,1692254143920,1693226408167,7,3,4
32766,1693226408167,1692254143924,1692254143927,1693226408174,7,3,4
32767,1693226408174,1692254143931,1692254143934,1693226408182,8,3,5
32768,1693226408182,1692254143941,1692254143945,1693226408192,10,4,6
32769,1693226408192,1692254143953,1692254143956,1693226408203,11,3,8
32770,1693226408203,1692254143962,1692254143965,1693226408212,9,3,6
32771,1693226408212,1692254143970,1692254143974,1693226408221,9,4,5
32772,1693226408221,1692254143978,1692254143981,1693226408228,7,3,4
32773,1693226408228,1692254143986,1692254143989,1693226408236,8,3,5
32774,1693226408236,1692254143994,1692254143997,1693226408244,8,3,5
32775,1693226408244,1692254144001,1692254144005,1693226408252,8,4,4
32776,1693226408252,1692254144009,1692254144012,1693226408259,7,3,4
32777,1693226408259,1692254144016,1692254144019,1693226408269,10,3,7
32778,1693226408269,1692254144026,1692254144030,1693226408277,8,4,4
32779,1693226408277,1692254144034,1692254144037,1693226408284,7,3,4
32780,1693226408284,1692254144042,1692254144045,1693226408292,8,3,5
32781,1693226408292,1692254144049,1692254144053,1693226408299,7,4,3
32782,1693226408299,1692254144057,1692254144061,1693226408308,9,4,5
32783,1693226408308,1692254144065,1692254144069,1693226408315,7,4,3
32784,1693226408315,1692254144072,1692254144075,1693226408322,7,3,4
32785,1693226408322,1692254144080,1692254144083,1693226408330,8,3,5
32786,1693226408330,1692254144088,1692254144091,1693226408338,8,3,5
32787,1693226408338,1692254144095,1692254144098,1693226408345,7,3,4
32788,1693226408345,1692254144103,1692254144106,1693226408352,7,3,4
32789,1693226408352,1692254144110,1692254144113,1693226408360,8,3,5
32790,1693226408360,1692254144117,1692254144122,1693226408371,11,5,6
32791,1693226408371,1692254144128,1692254144132,1693226408378,7,4,3
32792,1693226408378,1692254144136,1692254144140,1693226408387,9,4,5
32793,1693226408387,1692254144145,1692254144148,1693226408395,8,3,5
32794,1693226408395,1692254144153,1692254144156,1693226408403,8,3,5
32795,1693226408403,1692254144160,1692254144164,1693226408411,8,4,4
32796,1693226408411,1692254144168,1692254144172,1693226408418,7,4,3
32797,1693226408418,1692254144175,1692254144180,1693226408427,9,5,4
32798,1693226408427,1692254144184,1692254144187,1693226408434,7,3,4
32799,1693226408434,1692254144192,1692254144195,1693226408442,8,3,5
32800,1693226408442,1692254144199,1692254144202,1693226408449,7,3,4
32801,1693226408449,1692254144207,1692254144210,1693226408457,8,3,5
32802,1693226408457,1692254144214,1692254144217,1693226408464,7,3,4
32803,1693226408464,1692254144221,1692254144224,1693226408473,9,3,6
32804,1693226408473,1692254144231,1692254144236,1693226408483,10,5,5
32805,1693226408483,1692254144241,1692254144244,1693226408491,8,3,5
32806,1693226408491,1692254144248,1692254144252,1693226408498,7,4,3
32807,1693226408498,1692254144255,1692254144258,1693226408505,7,3,4
32808,1693226408506,1692254144263,1692254144267,1693226408513,7,4,3
32809,1693226408514,1692254144271,1692254144275,1693226408522,8,4,4
32810,1693226408522,1692254144279,1692254144282,1693226408529,7,3,4
32811,1693226408529,1692254144287,1692254144290,1693226408537,8,3,5
32812,1693226408537,1692254144294,1692254144298,1693226408545,8,4,4
32813,1693226408545,1692254144303,1692254144306,1693226408553,8,3,5
32814,1693226408553,1692254144310,1692254144314,1693226408561,8,4,4
32815,1693226408561,1692254144318,1692254144321,1693226408568,7,3,4
32816,1693226408568,1692254144326,1692254144328,1693226408576,8,2,6
32817,1693226408576,1692254144333,1692254144336,1693226408583,7,3,4
32818,1693226408583,1692254144341,1692254144344,1693226408592,9,3,6
32819,1693226408592,1692254144350,1692254144353,1693226408600,8,3,5
32820,1693226408600,1692254144358,1692254144362,1693226408609,9,4,5
32821,1693226408609,1692254144367,1692254144370,1693226408617,8,3,5
32822,1693226408617,1692254144375,1692254144378,1693226408625,8,3,5
32823,1693226408625,1692254144383,1692254144386,1693226408633,8,3,5
32824,1693226408633,1692254144391,1692254144394,1693226408641,8,3,5
32825,1693226408641,1692254144398,1692254144402,1693226408650,9,4,5
32826,1693226408650,1692254144408,1692254144412,1693226408659,9,4,5
32827,1693226408659,1692254144416,1692254144420,1693226408667,8,4,4
32828,1693226408667,1692254144424,1692254144427,1693226408674,7,3,4
32829,1693226408674,1692254144434,1692254144438,1693226408685,11,4,7
32830,1693226408685,1692254144442,1692254144445,1693226408692,7,3,4
32831,1693226408692,1692254144450,1692254144453,1693226408700,8,3,5
32832,1693226408700,1692254144458,1692254144461,1693226408708,8,3,5
32833,1693226408708,1692254144472,1692254144475,1693226408722,14,3,11
32834,1693226408722,1692254144480,1692254144483,1693226408730,8,3,5
32835,1693226408730,1692254144488,1692254144490,1693226408737,7,2,5
32836,1693226408737,1692254144495,1692254144498,1693226408745,8,3,5
32837,1693226408745,1692254144502,1692254144505,1693226408752,7,3,4
32838,1693226408752,1692254144510,1692254144513,1693226408760,8,3,5
32839,1693226408760,1692254144518,1692254144523,1693226408770,10,5,5
32840,1693226408770,1692254144528,1692254144531,1693226408778,8,3,5
32841,1693226408778,1692254144536,1692254144540,1693226408787,9,4,5
32842,1693226408787,1692254144544,1692254144548,1693226408795,8,4,4
32843,1693226408795,1692254144553,1692254144556,1693226408803,8,3,5
32844,1693226408803,1692254144560,1692254144563,1693226408810,7,3,4
32845,1693226408810,1692254144568,1692254144571,1693226408818,8,3,5
32846,1693226408818,1692254144576,1692254144580,1693226408826,8,4,4
32847,1693226408826,1692254144584,1692254144587,1693226408834,8,3,5
32848,1693226408834,1692254144591,1692254144594,1693226408841,7,3,4
32849,1693226408841,1692254144599,1692254144602,1693226408849,8,3,5
32850,1693226408849,1692254144606,1692254144609,1693226408856,7,3,4
32851,1693226408856,1692254144614,1692254144616,1693226408863,7,2,5
32852,1693226408864,1692254144621,1692254144625,1693226408872,8,4,4
32853,1693226408872,1692254144629,1692254144632,1693226408879,7,3,4
32854,1693226408879,1692254144638,1692254144641,1693226408888,9,3,6
32855,1693226408888,1692254144646,1692254144649,1693226408896,8,3,5
32856,1693226408896,1692254144654,1692254144657,1693226408904,8,3,5
32857,1693226408904,1692254144661,1692254144663,1693226408910,6,2,4
32858,1693226408910,1692254144667,1692254144671,1693226408918,8,4,4
32859,1693226408918,1692254144676,1692254144679,1693226408926,8,3,5
32860,1693226408926,1692254144684,1692254144687,1693226408933,7,3,4
32861,1693226408933,1692254144691,1692254144695,1693226408942,9,4,5
32862,1693226408942,1692254144700,1692254144703,1693226408950,8,3,5
32863,1693226408950,1692254144707,1692254144710,1693226408957,7,3,4
32864,1693226408957,1692254144714,1692254144717,1693226408964,7,3,4
32865,1693226408964,1692254144721,1692254144724,1693226408971,7,3,4
32866,1693226408971,1692254144728,1692254144732,1693226408979,8,4,4
32867,1693226408979,1692254144737,1692254144740,1693226408986,7,3,4
32868,1693226408987,1692254144744,1692254144748,1693226408994,7,4,3
32869,1693226408994,1692254144751,1692254144754,1693226409002,8,3,5
32870,1693226409002,1692254144760,1692254144763,1693226409010,8,3,5
32871,1693226409010,1692254144768,1692254144771,1693226409018,8,3,5
32872,1693226409018,1692254144776,1692254144779,1693226409026,8,3,5
32873,1693226409026,1692254144784,1692254144787,1693226409034,8,3,5
32874,1693226409034,1692254144791,1692254144794,1693226409041,7,3,4
32875,1693226409041,1692254144799,1692254144802,1693226409049,8,3,5
32876,1693226409049,1692254144806,1692254144810,1693226409056,7,4,3
32877,1693226409057,1692254144814,1692254144818,1693226409065,8,4,4
32878,1693226409065,1692254144822,1692254144826,1693226409073,8,4,4
32879,1693226409073,1692254144831,1692254144834,1693226409080,7,3,4
32880,1693226409080,1692254144837,1692254144841,1693226409088,8,4,4
32881,1693226409088,1692254144845,1692254144848,1693226409095,7,3,4
32882,1693226409095,1692254144853,1692254144856,1693226409103,8,3,5
32883,1693226409103,1692254144864,1692254144867,1693226409114,11,3,8
32884,1693226409114,1692254144871,1692254144874,1693226409121,7,3,4
32885,1693226409121,1692254144878,1692254144881,1693226409128,7,3,4
32886,1693226409128,1692254144888,1692254144891,1693226409138,10,3,7
32887,1693226409138,1692254144896,1692254144899,1693226409146,8,3,5
32888,1693226409146,1692254144904,1692254144906,1693226409153,7,2,5
32889,1693226409153,1692254144911,1692254144915,1693226409161,8,4,4
32890,1693226409161,1692254144919,1692254144922,1693226409169,8,3,5
32891,1693226409169,1692254144926,1692254144929,1693226409176,7,3,4
32892,1693226409176,1692254144934,1692254144937,1693226409184,8,3,5
32893,1693226409184,1692254144941,1692254144944,1693226409192,8,3,5
32894,1693226409192,1692254144949,1692254144953,1693226409199,7,4,3
32895,1693226409199,1692254144957,1692254144960,1693226409208,9,3,6
32896,1693226409208,1692254144966,1692254144969,1693226409216,8,3,5
32897,1693226409216,1692254144973,1692254144977,1693226409224,8,4,4
32898,1693226409224,1692254144981,1692254144986,1693226409233,9,5,4
32899,1693226409233,1692254144990,1692254144994,1693226409241,8,4,4
32900,1693226409241,1692254144998,1692254145001,1693226409248,7,3,4
32901,1693226409248,1692254145005,1692254145007,1693226409255,7,2,5
32902,1693226409255,1692254145012,1692254145016,1693226409263,8,4,4
32903,1693226409263,1692254145020,1692254145023,1693226409270,7,3,4
32904,1693226409270,1692254145028,1692254145031,1693226409278,8,3,5
32905,1693226409278,1692254145038,1692254145041,1693226409288,10,3,7
32906,1693226409288,1692254145048,1692254145052,1693226409298,10,4,6
32907,1693226409298,1692254145056,1692254145059,1693226409306,8,3,5
32908,1693226409306,1692254145065,1692254145068,1693226409315,9,3,6
32909,1693226409315,1692254145073,1692254145076,1693226409324,9,3,6
32910,1693226409324,1692254145082,1692254145084,1693226409331,7,2,5
32911,1693226409331,1692254145088,1692254145091,1693226409338,7,3,4
32912,1693226409338,1692254145096,1692254145099,1693226409346,8,3,5
32913,1693226409346,1692254145104,1692254145106,1693226409353,7,2,5
32914,1693226409353,1692254145110,1692254145113,1693226409360,7,3,4
32915,1693226409360,1692254145118,1692254145121,1693226409368,8,3,5
32916,1693226409368,1692254145126,1692254145129,1693226409376,8,3,5
32917,1693226409376,1692254145134,1692254145137,1693226409384,8,3,5
32918,1693226409384,1692254145141,1692254145144,1693226409391,7,3,4
32919,1693226409391,1692254145150,1692254145153,1693226409400,9,3,6
32920,1693226409400,1692254145157,1692254145160,1693226409407,7,3,4
32921,1693226409407,1692254145165,1692254145168,1693226409415,8,3,5
32922,1693226409415,1692254145173,1692254145176,1693226409422,7,3,4
32923,1693226409423,1692254145180,1692254145183,1693226409430,7,3,4
32924,1693226409430,1692254145188,1692254145191,1693226409438,8,3,5
32925,1693226409438,1692254145195,1692254145198,1693226409445,7,3,4
32926,1693226409445,1692254145202,1692254145205,1693226409452,7,3,4
32927,1693226409452,1692254145209,1692254145212,1693226409459,7,3,4
32928,1693226409459,1692254145217,1692254145220,1693226409467,8,3,5
32929,1693226409467,1692254145224,1692254145228,1693226409475,8,4,4
32930,1693226409475,1692254145232,1692254145236,1693226409482,7,4,3
32931,1693226409482,1692254145240,1692254145243,1693226409490,8,3,5
32932,1693226409490,1692254145248,1692254145252,1693226409498,8,4,4
32933,1693226409499,1692254145256,1692254145259,1693226409506,7,3,4
32934,1693226409506,1692254145263,1692254145266,1693226409513,7,3,4
32935,1693226409513,1692254145271,1692254145276,1693226409522,9,5,4
32936,1693226409522,1692254145280,1692254145283,1693226409531,9,3,6
32937,1693226409531,1692254145288,1692254145291,1693226409538,7,3,4
32938,1693226409538,1692254145295,1692254145299,1693226409546,8,4,4
32939,1693226409546,1692254145303,1692254145306,1693226409553,7,3,4
32940,1693226409553,1692254145310,1692254145314,1693226409561,8,4,4
32941,1693226409561,1692254145319,1692254145322,1693226409569,8,3,5
32942,1693226409569,1692254145326,1692254145329,1693226409576,7,3,4
32943,1693226409576,1692254145333,1692254145336,1693226409583,7,3,4
32944,1693226409583,1692254145341,1692254145344,1693226409591,8,3,5
32945,1693226409591,1692254145348,1692254145352,1693226409599,8,4,4
32946,1693226409599,1692254145357,1692254145360,1693226409607,8,3,5
32947,1693226409607,1692254145364,1692254145367,1693226409614,7,3,4
32948,1693226409614,1692254145371,1692254145374,1693226409621,7,3,4
32949,1693226409621,1692254145378,1692254145384,1693226409632,11,6,5
32950,1693226409632,1692254145389,1692254145393,1693226409640,8,4,4
32951,1693226409640,1692254145398,1692254145401,1693226409647,7,3,4
32952,1693226409647,1692254145405,1692254145408,1693226409655,8,3,5
32953,1693226409655,1692254145412,1692254145416,1693226409663,8,4,4
32954,1693226409663,1692254145421,1692254145424,1693226409671,8,3,5
32955,1693226409671,1692254145428,1692254145431,1693226409678,7,3,4
32956,1693226409678,1692254145435,1692254145438,1693226409692,14,3,11
32957,1693226409692,1692254145468,1692254145471,1693226409718,26,3,23
32958,1693226409718,1692254145476,1692254145480,1693226409730,12,4,8
32959,1693226409731,1692254145489,1692254145492,1693226409739,8,3,5
32960,1693226409739,1692254145497,1692254145500,1693226409751,12,3,9
32961,1693226409751,1692254145510,1692254145514,1693226409761,10,4,6
32962,1693226409761,1692254145518,1692254145521,1693226409768,7,3,4
32963,1693226409768,1692254145526,1692254145530,1693226409777,9,4,5
32964,1693226409777,1692254145534,1692254145537,1693226409784,7,3,4
32965,1693226409784,1692254145541,1692254145544,1693226409791,7,3,4
32966,1693226409791,1692254145548,1692254145552,1693226409799,8,4,4
32967,1693226409799,1692254145556,1692254145559,1693226409806,7,3,4
32968,1693226409806,1692254145564,1692254145567,1693226409818,12,3,9
32969,1693226409818,1692254145576,1692254145580,1693226409827,9,4,5
32970,1693226409827,1692254145584,1692254145588,1693226409838,11,4,7
32971,1693226409838,1692254145596,1692254145602,1693226409848,10,6,4
32972,1693226409848,1692254145606,1692254145609,1693226409856,8,3,5
32973,1693226409856,1692254145614,1692254145617,1693226409870,14,3,11
32974,1693226409870,1692254145630,1692254145634,1693226409881,11,4,7
32975,1693226409881,1692254145638,1692254145641,1693226409888,7,3,4
32976,1693226409888,1692254145646,1692254145650,1693226409897,9,4,5
32977,1693226409897,1692254145654,1692254145658,1693226409908,11,4,7
32978,1693226409908,1692254145666,1692254145669,1693226409916,8,3,5
32979,1693226409916,1692254145673,1692254145676,1693226409923,7,3,4
32980,1693226409923,1692254145696,1692254145700,1693226409947,24,4,20
32981,1693226409947,1692254145704,1692254145707,1693226409954,7,3,4
32982,1693226409954,1692254145712,1692254145715,1693226409962,8,3,5
32983,1693226409962,1692254145719,1692254145722,1693226409969,7,3,4
32984,1693226409969,1692254145727,1692254145729,1693226409976,7,2,5
32985,1693226409976,1692254145733,1692254145736,1693226409983,7,3,4
32986,1693226409983,1692254145740,1692254145744,1693226409991,8,4,4
32987,1693226409991,1692254145749,1692254145752,1693226409999,8,3,5
32988,1693226409999,1692254145756,1692254145759,1693226410006,7,3,4
32989,1693226410006,1692254145765,1692254145768,1693226410015,9,3,6
32990,1693226410015,1692254145773,1692254145776,1693226410023,8,3,5
32991,1693226410023,1692254145781,1692254145784,1693226410031,8,3,5
32992,1693226410031,1692254145789,1692254145794,1693226410041,10,5,5
32993,1693226410041,1692254145799,1692254145803,1693226410050,9,4,5
32994,1693226410050,1692254145807,1692254145810,1693226410057,7,3,4
32995,1693226410057,1692254145817,1692254145820,1693226410067,10,3,7
32996,1693226410067,1692254145824,1692254145827,1693226410074,7,3,4
32997,1693226410074,1692254145831,1692254145834,1693226410081,7,3,4
32998,1693226410081,1692254145839,1692254145842,1693226410089,8,3,5
32999,1693226410089,1692254145848,1692254145851,1693226410098,9,3,6
33000,1693226410098,1692254145856,1692254145859,1693226410106,8,3,5
33001,1693226410106,1692254145863,1692254145866,1693226410114,8,3,5
33002,1693226410114,1692254145871,1692254145874,1693226410121,7,3,4
33003,1693226410121,1692254145879,1692254145882,1693226410129,8,3,5
33004,1693226410129,1692254145887,1692254145890,1693226410137,8,3,5
33005,1693226410137,1692254145895,1692254145897,1693226410144,7,2,5
33006,1693226410144,1692254145902,1692254145905,1693226410152,8,3,5
33007,1693226410152,1692254145909,1692254145914,1693226410160,8,5,3
33008,1693226410160,1692254145918,1692254145921,1693226410168,8,3,5
33009,1693226410168,1692254145925,1692254145928,1693226410175,7,3,4
33010,1693226410175,1692254145933,1692254145937,1693226410184,9,4,5
33011,1693226410184,1692254145941,1692254145944,1693226410191,7,3,4
33012,1693226410191,1692254145948,1692254145950,1693226410197,6,2,4
33013,1693226410197,1692254145954,1692254145957,1693226410204,7,3,4
33014,1693226410204,1692254145962,1692254145965,1693226410214,10,3,7
33015,1693226410214,1692254145972,1692254145975,1693226410222,8,3,5
33016,1693226410222,1692254145979,1692254145983,1693226410230,8,4,4
33017,1693226410230,1692254145987,1692254145990,1693226410237,7,3,4
33018,1693226410237,1692254145995,1692254145997,1693226410244,7,2,5
33019,1693226410244,1692254146002,1692254146005,1693226410252,8,3,5
33020,1693226410252,1692254146009,1692254146013,1693226410260,8,4,4
33021,1693226410260,1692254146017,1692254146021,1693226410268,8,4,4
33022,1693226410268,1692254146025,1692254146028,1693226410275,7,3,4
33023,1693226410275,1692254146033,1692254146036,1693226410283,8,3,5
33024,1693226410283,1692254146040,1692254146044,1693226410291,8,4,4
33025,1693226410291,1692254146048,1692254146052,1693226410299,8,4,4
33026,1693226410299,1692254146056,1692254146059,1693226410306,7,3,4
33027,1693226410306,1692254146064,1692254146067,1693226410316,10,3,7
33028,1693226410316,1692254146073,1692254146076,1693226410323,7,3,4
33029,1693226410323,1692254146080,1692254146084,1693226410331,8,4,4
33030,1693226410331,1692254146090,1692254146093,1693226410340,9,3,6
33031,1693226410340,1692254146098,1692254146101,1693226410348,8,3,5
33032,1693226410348,1692254146106,1692254146110,1693226410356,8,4,4
33033,1693226410356,1692254146114,1692254146117,1693226410364,8,3,5
33034,1693226410364,1692254146121,1692254146124,1693226410371,7,3,4
33035,1693226410371,1692254146129,1692254146133,1693226410380,9,4,5
33036,1693226410380,1692254146138,1692254146141,1693226410388,8,3,5
33037,1693226410388,1692254146146,1692254146149,1693226410396,8,3,5
33038,1693226410396,1692254146158,1692254146161,1693226410408,12,3,9
33039,1693226410408,1692254146168,1692254146171,1693226410419,11,3,8
33040,1693226410419,1692254146176,1692254146180,1693226410427,8,4,4
33041,1693226410427,1692254146184,1692254146187,1693226410435,8,3,5
33042,1693226410435,1692254146192,1692254146196,1693226410443,8,4,4
33043,1693226410443,1692254146200,1692254146204,1693226410450,7,4,3
33044,1693226410450,1692254146209,1692254146214,1693226410461,11,5,6
33045,1693226410461,1692254146219,1692254146222,1693226410469,8,3,5
33046,1693226410469,1692254146226,1692254146230,1693226410476,7,4,3
33047,1693226410476,1692254146234,1692254146237,1693226410484,8,3,5
33048,1693226410484,1692254146242,1692254146245,1693226410492,8,3,5
33049,1693226410492,1692254146249,1692254146253,1693226410500,8,4,4
33050,1693226410500,1692254146258,1692254146261,1693226410508,8,3,5
33051,1693226410508,1692254146266,1692254146270,1693226410516,8,4,4
33052,1693226410516,1692254146273,1692254146277,1693226410523,7,4,3
33053,1693226410523,1692254146281,1692254146284,1693226410531,8,3,5
33054,1693226410531,1692254146289,1692254146291,1693226410539,8,2,6
33055,1693226410539,1692254146297,1692254146300,1693226410548,9,3,6
33056,1693226410548,1692254146306,1692254146310,1693226410557,9,4,5
33057,1693226410557,1692254146314,1692254146317,1693226410564,7,3,4
33058,1693226410564,1692254146321,1692254146324,1693226410571,7,3,4
33059,1693226410571,1692254146329,1692254146332,1693226410579,8,3,5
33060,1693226410579,1692254146337,1692254146340,1693226410587,8,3,5
33061,1693226410587,1692254146345,1692254146349,1693226410596,9,4,5
33062,1693226410596,1692254146354,1692254146357,1693226410604,8,3,5
33063,1693226410604,1692254146362,1692254146365,1693226410612,8,3,5
33064,1693226410612,1692254146370,1692254146373,1693226410621,9,3,6
33065,1693226410621,1692254146379,1692254146383,1693226410630,9,4,5
33066,1693226410630,1692254146387,1692254146391,1693226410637,7,4,3
33067,1693226410637,1692254146395,1692254146398,1693226410645,8,3,5
33068,1693226410645,1692254146402,1692254146406,1693226410654,9,4,5
33069,1693226410654,1692254146413,1692254146416,1693226410663,9,3,6
33070,1693226410663,1692254146420,1692254146424,1693226410671,8,4,4
33071,1693226410671,1692254146428,1692254146432,1693226410679,8,4,4
33072,1693226410679,1692254146436,1692254146439,1693226410686,7,3,4
33073,1693226410686,1692254146445,1692254146448,1693226410695,9,3,6
33074,1693226410695,1692254146453,1692254146456,1693226410702,7,3,4
33075,1693226410702,1692254146460,1692254146462,1693226410709,7,2,5
33076,1693226410709,1692254146467,1692254146470,1693226410717,8,3,5
33077,1693226410717,1692254146474,1692254146478,1693226410726,9,4,5
33078,1693226410726,1692254146484,1692254146487,1693226410734,8,3,5
33079,1693226410734,1692254146491,1692254146495,1693226410742,8,4,4
33080,1693226410742,1692254146500,1692254146503,1693226410750,8,3,5
33081,1693226410750,1692254146508,1692254146512,1693226410759,9,4,5
33082,1693226410759,1692254146517,1692254146520,1693226410766,7,3,4
33083,1693226410766,1692254146524,1692254146527,1693226410774,8,3,5
33084,1693226410774,1692254146532,1692254146535,1693226410782,8,3,5
33085,1693226410782,1692254146539,1692254146543,1693226410790,8,4,4
33086,1693226410790,1692254146547,1692254146551,1693226410798,8,4,4
33087,1693226410798,1692254146555,1692254146559,1693226410806,8,4,4
33088,1693226410806,1692254146564,1692254146567,1693226410814,8,3,5
33089,1693226410814,1692254146571,1692254146575,1693226410821,7,4,3
33090,1693226410822,1692254146579,1692254146582,1693226410829,7,3,4
33091,1693226410829,1692254146587,1692254146590,1693226410837,8,3,5
33092,1693226410837,1692254146595,1692254146598,1693226410845,8,3,5
33093,1693226410845,1692254146602,1692254146605,1693226410852,7,3,4
33094,1693226410852,1692254146609,1692254146613,1693226410860,8,4,4
33095,1693226410860,1692254146617,1692254146620,1693226410867,7,3,4
33096,1693226410867,1692254146624,1692254146628,1693226410874,7,4,3
33097,1693226410874,1692254146632,1692254146635,1693226410882,8,3,5
33098,1693226410882,1692254146640,1692254146643,1693226410890,8,3,5
33099,1693226410890,1692254146649,1692254146653,1693226410900,10,4,6
33100,1693226410900,1692254146658,1692254146662,1693226410909,9,4,5
33101,1693226410909,1692254146667,1692254146670,1693226410917,8,3,5
33102,1693226410917,1692254146675,1692254146678,1693226410925,8,3,5
33103,1693226410925,1692254146682,1692254146686,1693226410932,7,4,3
33104,1693226410933,1692254146690,1692254146693,1693226410940,7,3,4
33105,1693226410940,1692254146697,1692254146701,1693226410947,7,4,3
33106,1693226410947,1692254146705,1692254146708,1693226410955,8,3,5
33107,1693226410955,1692254146713,1692254146717,1693226410964,9,4,5
33108,1693226410964,1692254146722,1692254146725,1693226410973,9,3,6
33109,1693226410973,1692254146730,1692254146734,1693226410981,8,4,4
33110,1693226410981,1692254146739,1692254146742,1693226410989,8,3,5
33111,1693226410989,1692254146748,1692254146752,1693226410999,10,4,6
33112,1693226410999,1692254146757,1692254146761,1693226411007,8,4,4
33113,1693226411007,1692254146765,1692254146769,1693226411015,8,4,4
33114,1693226411015,1692254146773,1692254146776,1693226411023,8,3,5
33115,1693226411023,1692254146781,1692254146784,1693226411033,10,3,7
33116,1693226411033,1692254146791,1692254146794,1693226411041,8,3,5
33117,1693226411041,1692254146799,1692254146802,1693226411050,9,3,6
33118,1693226411050,1692254146807,1692254146812,1693226411059,9,5,4
33119,1693226411059,1692254146817,1692254146820,1693226411067,8,3,5
33120,1693226411067,1692254146825,1692254146827,1693226411074,7,2,5
33121,1693226411074,1692254146832,1692254146835,1693226411082,8,3,5
33122,1693226411082,1692254146840,1692254146844,1693226411090,8,4,4
33123,1693226411090,1692254146848,1692254146851,1693226411098,8,3,5
33124,1693226411098,1692254146855,1692254146859,1693226411105,7,4,3
33125,1693226411105,1692254146863,1692254146866,1693226411113,8,3,5
33126,1693226411113,1692254146875,1692254146878,1693226411125,12,3,9
33127,1693226411125,1692254146883,1692254146886,1693226411132,7,3,4
33128,1693226411133,1692254146891,1692254146894,1693226411141,8,3,5
33129,1693226411141,1692254146899,1692254146902,1693226411149,8,3,5
33130,1693226411149,1692254146907,1692254146909,1693226411156,7,2,5
33131,1693226411156,1692254146914,1692254146918,1693226411165,9,4,5
33132,1693226411165,1692254146922,1692254146925,1693226411172,7,3,4
33133,1693226411172,1692254146930,1692254146933,1693226411180,8,3,5
33134,1693226411180,1692254146937,1692254146940,1693226411188,8,3,5
33135,1693226411188,1692254146945,1692254146948,1693226411195,7,3,4
33136,1693226411195,1692254146953,1692254146956,1693226411203,8,3,5
33137,1693226411203,1692254146960,1692254146964,1693226411210,7,4,3
33138,1693226411210,1692254146967,1692254146971,1693226411218,8,4,4
33139,1693226411218,1692254146975,1692254146978,1693226411225,7,3,4
33140,1693226411225,1692254146983,1692254146986,1693226411233,8,3,5
33141,1693226411233,1692254146990,1692254146994,1693226411241,8,4,4
33142,1693226411241,1692254146998,1692254147001,1693226411248,7,3,4
33143,1693226411248,1692254147006,1692254147009,1693226411256,8,3,5
33144,1693226411256,1692254147013,1692254147017,1693226411264,8,4,4
33145,1693226411264,1692254147021,1692254147025,1693226411272,8,4,4
33146,1693226411272,1692254147030,1692254147032,1693226411279,7,2,5
33147,1693226411279,1692254147036,1692254147040,1693226411287,8,4,4
33148,1693226411287,1692254147044,1692254147047,1693226411294,7,3,4
33149,1693226411294,1692254147051,1692254147054,1693226411301,7,3,4
33150,1693226411301,1692254147059,1692254147061,1693226411308,7,2,5
33151,1693226411308,1692254147066,1692254147070,1693226411317,9,4,5
33152,1693226411317,1692254147075,1692254147078,1693226411325,8,3,5
33153,1693226411325,1692254147083,1692254147087,1693226411334,9,4,5
33154,1693226411334,1692254147091,1692254147094,1693226411341,7,3,4
33155,1693226411341,1692254147100,1692254147104,1693226411351,10,4,6
33156,1693226411351,1692254147111,1692254147114,1693226411361,10,3,7
33157,1693226411361,1692254147119,1692254147122,1693226411369,8,3,5
33158,1693226411369,1692254147126,1692254147130,1693226411377,8,4,4
33159,1693226411377,1692254147134,1692254147137,1693226411384,7,3,4
33160,1693226411384,1692254147141,1692254147144,1693226411391,7,3,4
33161,1693226411391,1692254147149,1692254147152,1693226411399,8,3,5
33162,1693226411399,1692254147156,1692254147160,1693226411407,8,4,4
33163,1693226411407,1692254147165,1692254147169,1693226411416,9,4,5
33164,1693226411416,1692254147173,1692254147176,1693226411423,7,3,4
33165,1693226411423,1692254147181,1692254147184,1693226411431,8,3,5
33166,1693226411431,1692254147188,1692254147191,1693226411438,7,3,4
33167,1693226411438,1692254147198,1692254147201,1693226411448,10,3,7
33168,1693226411448,1692254147205,1692254147209,1693226411455,7,4,3
33169,1693226411455,1692254147213,1692254147216,1693226411463,8,3,5
33170,1693226411463,1692254147220,1692254147224,1693226411471,8,4,4
33171,1693226411471,1692254147229,1692254147232,1693226411479,8,3,5
33172,1693226411479,1692254147236,1692254147239,1693226411486,7,3,4
33173,1693226411486,1692254147244,1692254147247,1693226411494,8,3,5
33174,1693226411494,1692254147251,1692254147255,1693226411501,7,4,3
33175,1693226411501,1692254147259,1692254147262,1693226411509,8,3,5
33176,1693226411509,1692254147267,1692254147270,1693226411517,8,3,5
33177,1693226411517,1692254147274,1692254147277,1693226411524,7,3,4
33178,1693226411524,1692254147283,1692254147286,1693226411533,9,3,6
33179,1693226411533,1692254147290,1692254147293,1693226411540,7,3,4
33180,1693226411540,1692254147297,1692254147300,1693226411547,7,3,4
33181,1693226411547,1692254147304,1692254147307,1693226411554,7,3,4
33182,1693226411554,1692254147312,1692254147316,1693226411563,9,4,5
33183,1693226411563,1692254147321,1692254147324,1693226411570,7,3,4
33184,1693226411570,1692254147328,1692254147331,1693226411578,8,3,5
33185,1693226411578,1692254147335,1692254147338,1693226411585,7,3,4
33186,1693226411585,1692254147342,1692254147345,1693226411592,7,3,4
33187,1693226411592,1692254147350,1692254147353,1693226411599,7,3,4
33188,1693226411599,1692254147357,1692254147360,1693226411607,8,3,5
33189,1693226411607,1692254147366,1692254147369,1693226411616,9,3,6
33190,1693226411616,1692254147374,1692254147377,1693226411624,8,3,5
33191,1693226411624,1692254147381,1692254147385,1693226411632,8,4,4
33192,1693226411632,1692254147389,1692254147394,1693226411641,9,5,4
33193,1693226411641,1692254147399,1692254147402,1693226411648,7,3,4
33194,1693226411649,1692254147406,1692254147410,1693226411656,7,4,3
33195,1693226411656,1692254147414,1692254147417,1693226411664,8,3,5
33196,1693226411664,1692254147421,1692254147424,1693226411670,6,3,3
33197,1693226411670,1692254147428,1692254147431,1693226411678,8,3,5
33198,1693226411678,1692254147435,1692254147437,1693226411684,6,2,4
33199,1693226411684,1692254147442,1692254147446,1693226411692,8,4,4
33200,1693226411693,1692254147450,1692254147453,1693226411700,7,3,4
33201,1693226411700,1692254147457,1692254147460,1693226411707,7,3,4
33202,1693226411707,1692254147464,1692254147467,1693226411714,7,3,4
33203,1693226411714,1692254147471,1692254147475,1693226411722,8,4,4
33204,1693226411722,1692254147480,1692254147483,1693226411730,8,3,5
33205,1693226411730,1692254147488,1692254147492,1693226411739,9,4,5
33206,1693226411739,1692254147496,1692254147499,1693226411746,7,3,4
33207,1693226411746,1692254147506,1692254147509,1693226411756,10,3,7
33208,1693226411756,1692254147514,1692254147517,1693226411764,8,3,5
33209,1693226411764,1692254147523,1692254147526,1693226411773,9,3,6
33210,1693226411773,1692254147530,1692254147534,1693226411781,8,4,4
33211,1693226411781,1692254147538,1692254147541,1693226411788,7,3,4
33212,1693226411788,1692254147545,1692254147548,1693226411795,7,3,4
33213,1693226411795,1692254147552,1692254147555,1693226411802,7,3,4
33214,1693226411802,1692254147560,1692254147564,1693226411811,9,4,5
33215,1693226411811,1692254147569,1692254147571,1693226411818,7,2,5
33216,1693226411818,1692254147576,1692254147579,1693226411826,8,3,5
33217,1693226411826,1692254147583,1692254147587,1693226411834,8,4,4
33218,1693226411834,1692254147591,1692254147594,1693226411841,7,3,4
33219,1693226411841,1692254147599,1692254147603,1693226411852,11,4,7
33220,1693226411853,1692254147610,1692254147614,1693226411861,8,4,4
33221,1693226411861,1692254147619,1692254147623,1693226411870,9,4,5
33222,1693226411870,1692254147628,1692254147631,1693226411878,8,3,5
33223,1693226411878,1692254147636,1692254147639,1693226411886,8,3,5
33224,1693226411886,1692254147644,1692254147647,1693226411895,9,3,6
33225,1693226411895,1692254147653,1692254147657,1693226411904,9,4,5
33226,1693226411904,1692254147663,1692254147666,1693226411913,9,3,6
33227,1693226411913,1692254147672,1692254147675,1693226411922,9,3,6
33228,1693226411922,1692254147680,1692254147684,1693226411931,9,4,5
33229,1693226411931,1692254147688,1692254147693,1693226411940,9,5,4
33230,1693226411940,1692254147698,1692254147701,1693226411948,8,3,5
33231,1693226411948,1692254147705,1692254147708,1693226411956,8,3,5
33232,1693226411956,1692254147714,1692254147717,1693226411964,8,3,5
33233,1693226411964,1692254147721,1692254147725,1693226411972,8,4,4
33234,1693226411972,1692254147730,1692254147734,1693226411981,9,4,5
33235,1693226411981,1692254147738,1692254147741,1693226411988,7,3,4
33236,1693226411988,1692254147745,1692254147748,1693226411995,7,3,4
33237,1693226411995,1692254147752,1692254147756,1693226412003,8,4,4
33238,1693226412003,1692254147760,1692254147764,1693226412011,8,4,4
33239,1693226412011,1692254147769,1692254147772,1693226412020,9,3,6
33240,1693226412020,1692254147777,1692254147781,1693226412027,7,4,3
33241,1693226412027,1692254147785,1692254147787,1693226412034,7,2,5
33242,1693226412034,1692254147792,1692254147795,1693226412042,8,3,5
33243,1693226412042,1692254147799,1692254147802,1693226412049,7,3,4
33244,1693226412049,1692254147807,1692254147811,1693226412058,9,4,5
33245,1693226412058,1692254147816,1692254147819,1693226412065,7,3,4
33246,1693226412065,1692254147823,1692254147826,1693226412073,8,3,5
33247,1693226412073,1692254147831,1692254147834,1693226412081,8,3,5
33248,1693226412081,1692254147838,1692254147842,1693226412089,8,4,4
33249,1693226412089,1692254147846,1692254147849,1693226412096,7,3,4
33250,1693226412096,1692254147854,1692254147857,1693226412104,8,3,5
33251,1693226412104,1692254147861,1692254147864,1693226412111,7,3,4
33252,1693226412111,1692254147869,1692254147872,1693226412119,8,3,5
33253,1693226412119,1692254147881,1692254147884,1693226412131,12,3,9
33254,1693226412131,1692254147888,1692254147891,1693226412138,7,3,4
33255,1693226412138,1692254147896,1692254147899,1693226412146,8,3,5
33256,1693226412146,1692254147903,1692254147907,1693226412154,8,4,4
33257,1693226412154,1692254147912,1692254147915,1693226412162,8,3,5
33258,1693226412162,1692254147919,1692254147923,1693226412170,8,4,4
33259,1693226412170,1692254147927,1692254147931,1693226412178,8,4,4
33260,1693226412178,1692254147935,1692254147939,1693226412186,8,4,4
33261,1693226412186,1692254147943,1692254147945,1693226412192,6,2,4
33262,1693226412192,1692254147949,1692254147952,1693226412199,7,3,4
33263,1693226412199,1692254147956,1692254147959,1693226412206,7,3,4
33264,1693226412206,1692254147964,1692254147967,1693226412214,8,3,5
33265,1693226412214,1692254147971,1692254147975,1693226412222,8,4,4
33266,1693226412222,1692254147982,1692254147987,1693226412233,11,5,6
33267,1693226412233,1692254147990,1692254147993,1693226412240,7,3,4
33268,1693226412240,1692254147998,1692254148000,1693226412247,7,2,5
33269,1693226412247,1692254148005,1692254148008,1693226412255,8,3,5
33270,1693226412255,1692254148013,1692254148016,1693226412263,8,3,5
33271,1693226412263,1692254148022,1692254148026,1693226412275,12,4,8
33272,1693226412275,1692254148032,1692254148036,1693226412283,8,4,4
33273,1693226412283,1692254148040,1692254148043,1693226412290,7,3,4
33274,1693226412290,1692254148048,1692254148052,1693226412299,9,4,5
33275,1693226412299,1692254148056,1692254148059,1693226412306,7,3,4
33276,1693226412306,1692254148064,1692254148067,1693226412314,8,3,5
33277,1693226412314,1692254148071,1692254148075,1693226412322,8,4,4
33278,1693226412322,1692254148080,1692254148083,1693226412330,8,3,5
33279,1693226412330,1692254148088,1692254148090,1693226412337,7,2,5
33280,1693226412337,1692254148095,1692254148098,1693226412345,8,3,5
33281,1693226412345,1692254148103,1692254148106,1693226412353,8,3,5
33282,1693226412353,1692254148112,1692254148115,1693226412364,11,3,8
33283,1693226412364,1692254148121,1692254148125,1693226412371,7,4,3
33284,1693226412371,1692254148129,1692254148132,1693226412384,13,3,10
33285,1693226412384,1692254148167,1692254148170,1693226412416,32,3,29
33286,1693226412417,1692254148176,1692254148179,1693226412426,9,3,6
33287,1693226412426,1692254148186,1692254148189,1693226412436,10,3,7
33288,1693226412436,1692254148194,1692254148198,1693226412445,9,4,5
33289,1693226412445,1692254148203,1692254148206,1693226412453,8,3,5
33290,1693226412453,1692254148211,1692254148215,1693226412461,8,4,4
33291,1693226412461,1692254148218,1692254148222,1693226412468,7,4,3
33292,1693226412468,1692254148227,1692254148231,1693226412478,10,4,6
33293,1693226412478,1692254148235,1692254148238,1693226412485,7,3,4
33294,1693226412485,1692254148247,1692254148251,1693226412498,13,4,9
33295,1693226412498,1692254148256,1692254148258,1693226412505,7,2,5
33296,1693226412505,1692254148267,1692254148271,1693226412518,13,4,9
33297,1693226412518,1692254148275,1692254148278,1693226412524,6,3,3
33298,1693226412524,1692254148282,1692254148285,1693226412532,8,3,5
33299,1693226412532,1692254148290,1692254148293,1693226412540,8,3,5
33300,1693226412540,1692254148297,1692254148301,1693226412547,7,4,3
33301,1693226412547,1692254148311,1692254148317,1693226412564,17,6,11
33302,1693226412564,1692254148321,1692254148325,1693226412571,7,4,3
33303,1693226412572,1692254148330,1692254148333,1693226412580,8,3,5
33304,1693226412580,1692254148358,1692254148362,1693226412609,29,4,25
33305,1693226412609,1692254148367,1692254148370,1693226412617,8,3,5
33306,1693226412617,1692254148374,1692254148377,1693226412623,6,3,3
33307,1693226412623,1692254148381,1692254148384,1693226412631,8,3,5
33308,1693226412631,1692254148388,1692254148391,1693226412638,7,3,4
33309,1693226412638,1692254148395,1692254148398,1693226412645,7,3,4
33310,1693226412645,1692254148403,1692254148406,1693226412653,8,3,5
33311,1693226412653,1692254148411,1692254148414,1693226412661,8,3,5
33312,1693226412661,1692254148418,1692254148421,1693226412668,7,3,4
33313,1693226412668,1692254148428,1692254148432,1693226412678,10,4,6
33314,1693226412678,1692254148436,1692254148439,1693226412686,8,3,5
33315,1693226412686,1692254148445,1692254148448,1693226412695,9,3,6
33316,1693226412695,1692254148453,1692254148456,1693226412703,8,3,5
33317,1693226412703,1692254148460,1692254148463,1693226412710,7,3,4
33318,1693226412710,1692254148468,1692254148471,1693226412718,8,3,5
33319,1693226412718,1692254148475,1692254148478,1693226412725,7,3,4
33320,1693226412725,1692254148483,1692254148486,1693226412733,8,3,5
33321,1693226412733,1692254148491,1692254148494,1693226412741,8,3,5
33322,1693226412741,1692254148499,1692254148503,1693226412750,9,4,5
33323,1693226412750,1692254148507,1692254148511,1693226412757,7,4,3
33324,1693226412758,1692254148515,1692254148519,1693226412766,8,4,4
33325,1693226412766,1692254148524,1692254148527,1693226412774,8,3,5
33326,1693226412774,1692254148532,1692254148535,1693226412782,8,3,5
33327,1693226412782,1692254148539,1692254148543,1693226412790,8,4,4
33328,1693226412790,1692254148548,1692254148551,1693226412798,8,3,5
33329,1693226412798,1692254148555,1692254148558,1693226412805,7,3,4
33330,1693226412805,1692254148563,1692254148566,1693226412813,8,3,5
33331,1693226412813,1692254148570,1692254148574,1693226412820,7,4,3
33332,1693226412820,1692254148578,1692254148581,1693226412828,8,3,5
33333,1693226412828,1692254148586,1692254148589,1693226412835,7,3,4
33334,1693226412835,1692254148593,1692254148597,1693226412844,9,4,5
33335,1693226412844,1692254148602,1692254148605,1693226412851,7,3,4
33336,1693226412851,1692254148609,1692254148613,1693226412859,8,4,4
33337,1693226412859,1692254148617,1692254148621,1693226412867,8,4,4
33338,1693226412867,1692254148625,1692254148630,1693226412876,9,5,4
33339,1693226412876,1692254148634,1692254148637,1693226412883,7,3,4
33340,1693226412883,1692254148641,1692254148643,1693226412890,7,2,5
33341,1693226412890,1692254148647,1692254148651,1693226412898,8,4,4
33342,1693226412898,1692254148655,1692254148658,1693226412905,7,3,4
33343,1693226412905,1692254148662,1692254148665,1693226412912,7,3,4
33344,1693226412912,1692254148670,1692254148675,1693226412922,10,5,5
33345,1693226412922,1692254148679,1692254148682,1693226412929,7,3,4
33346,1693226412929,1692254148687,1692254148689,1693226412936,7,2,5
33347,1693226412936,1692254148694,1692254148697,1693226412943,7,3,4
33348,1693226412943,1692254148701,1692254148706,1693226412953,10,5,5
33349,1693226412953,1692254148710,1692254148713,1693226412960,7,3,4
33350,1693226412960,1692254148718,1692254148722,1693226412968,8,4,4
33351,1693226412968,1692254148726,1692254148729,1693226412976,8,3,5
33352,1693226412976,1692254148734,1692254148737,1693226412984,8,3,5
33353,1693226412984,1692254148741,1692254148744,1693226412991,7,3,4
33354,1693226412991,1692254148749,1692254148751,1693226412998,7,2,5
33355,1693226412998,1692254148755,1692254148758,1693226413005,7,3,4
33356,1693226413005,1692254148762,1692254148766,1693226413012,7,4,3
33357,1693226413012,1692254148770,1692254148773,1693226413020,8,3,5
33358,1693226413020,1692254148777,1692254148780,1693226413026,6,3,3
33359,1693226413026,1692254148784,1692254148787,1693226413034,8,3,5
33360,1693226413034,1692254148791,1692254148795,1693226413042,8,4,4
33361,1693226413042,1692254148800,1692254148804,1693226413051,9,4,5
33362,1693226413051,1692254148808,1692254148811,1693226413058,7,3,4
33363,1693226413058,1692254148816,1692254148819,1693226413066,8,3,5
33364,1693226413066,1692254148823,1692254148826,1693226413073,7,3,4
33365,1693226413073,1692254148831,1692254148836,1693226413083,10,5,5
33366,1693226413083,1692254148842,1692254148845,1693226413092,9,3,6
33367,1693226413092,1692254148849,1692254148852,1693226413099,7,3,4
33368,1693226413099,1692254148856,1692254148860,1693226413107,8,4,4
33369,1693226413107,1692254148864,1692254148866,1693226413113,6,2,4
33370,1693226413113,1692254148871,1692254148874,1693226413121,8,3,5
33371,1693226413121,1692254148879,1692254148882,1693226413132,11,3,8
33372,1693226413132,1692254148889,1692254148892,1693226413140,8,3,5
33373,1693226413140,1692254148898,1692254148903,1693226413149,9,5,4
33374,1693226413149,1692254148907,1692254148909,1693226413156,7,2,5
33375,1693226413156,1692254148914,1692254148916,1693226413163,7,2,5
33376,1693226413163,1692254148921,1692254148924,1693226413171,8,3,5
33377,1693226413171,1692254148929,1692254148933,1693226413180,9,4,5
33378,1693226413180,1692254148939,1692254148942,1693226413189,9,3,6
33379,1693226413189,1692254148947,1692254148950,1693226413197,8,3,5
33380,1693226413197,1692254148954,1692254148958,1693226413204,7,4,3
33381,1693226413205,1692254148962,1692254148965,1693226413212,7,3,4
33382,1693226413212,1692254148970,1692254148972,1693226413219,7,2,5
33383,1693226413219,1692254148977,1692254148980,1693226413226,7,3,4
33384,1693226413226,1692254148984,1692254148988,1693226413235,9,4,5
33385,1693226413235,1692254148992,1692254148995,1693226413242,7,3,4
33386,1693226413242,1692254149000,1692254149003,1693226413250,8,3,5
33387,1693226413250,1692254149007,1692254149010,1693226413257,7,3,4
33388,1693226413257,1692254149014,1692254149017,1693226413264,7,3,4
33389,1693226413264,1692254149022,1692254149025,1693226413272,8,3,5
33390,1693226413272,1692254149029,1692254149033,1693226413280,8,4,4
33391,1693226413280,1692254149037,1692254149040,1693226413287,7,3,4
33392,1693226413287,1692254149046,1692254149050,1693226413297,10,4,6
33393,1693226413297,1692254149054,1692254149057,1693226413304,7,3,4
33394,1693226413304,1692254149062,1692254149064,1693226413312,8,2,6
33395,1693226413312,1692254149070,1692254149073,1693226413320,8,3,5
33396,1693226413320,1692254149078,1692254149081,1693226413328,8,3,5
33397,1693226413328,1692254149086,1692254149088,1693226413335,7,2,5
33398,1693226413335,1692254149092,1692254149095,1693226413342,7,3,4
33399,1693226413342,1692254149100,1692254149103,1693226413349,7,3,4
33400,1693226413349,1692254149108,1692254149111,1693226413357,8,3,5
33401,1693226413357,1692254149115,1692254149117,1693226413363,6,2,4
33402,1693226413363,1692254149121,1692254149124,1693226413371,8,3,5
33403,1693226413371,1692254149129,1692254149133,1693226413380,9,4,5
33404,1693226413380,1692254149137,1692254149143,1693226413390,10,6,4
33405,1693226413390,1692254149147,1692254149150,1693226413397,7,3,4
33406,1693226413397,1692254149154,1692254149158,1693226413406,9,4,5
33407,1693226413406,1692254149164,1692254149167,1693226413414,8,3,5
33408,1693226413414,1692254149175,1692254149177,1693226413424,10,2,8
33409,1693226413424,1692254149182,1692254149186,1693226413433,9,4,5
33410,1693226413433,1692254149190,1692254149192,1693226413439,6,2,4
33411,1693226413439,1692254149196,1692254149199,1693226413445,6,3,3
33412,1693226413445,1692254149203,1692254149206,1693226413453,8,3,5
33413,1693226413453,1692254149210,1692254149214,1693226413461,8,4,4
33414,1693226413461,1692254149218,1692254149222,1693226413468,7,4,3
33415,1693226413468,1692254149226,1692254149229,1693226413475,7,3,4
33416,1693226413475,1692254149232,1692254149235,1693226413482,7,3,4
33417,1693226413482,1692254149239,1692254149242,1693226413490,8,3,5
33418,1693226413491,1692254149249,1692254149251,1693226413498,7,2,5
33419,1693226413498,1692254149256,1692254149260,1693226413507,9,4,5
33420,1693226413507,1692254149264,1692254149269,1693226413516,9,5,4
33421,1693226413516,1692254149273,1692254149275,1693226413522,6,2,4
33422,1693226413522,1692254149280,1692254149283,1693226413530,8,3,5
33423,1693226413530,1692254149288,1692254149291,1693226413538,8,3,5
33424,1693226413538,1692254149296,1692254149299,1693226413546,8,3,5
33425,1693226413546,1692254149304,1692254149306,1693226413553,7,2,5
33426,1693226413553,1692254149311,1692254149314,1693226413561,8,3,5
33427,1693226413561,1692254149319,1692254149322,1693226413569,8,3,5
33428,1693226413569,1692254149326,1692254149328,1693226413575,6,2,4
33429,1693226413575,1692254149333,1692254149337,1693226413583,8,4,4
33430,1693226413583,1692254149341,1692254149344,1693226413593,10,3,7
33431,1693226413593,1692254149351,1692254149354,1693226413600,7,3,4
33432,1693226413600,1692254149358,1692254149362,1693226413609,9,4,5
33433,1693226413609,1692254149366,1692254149370,1693226413616,7,4,3
33434,1693226413616,1692254149374,1692254149377,1693226413624,8,3,5
33435,1693226413624,1692254149381,1692254149384,1693226413630,6,3,3
33436,1693226413631,1692254149388,1692254149390,1693226413637,6,2,4
33437,1693226413637,1692254149394,1692254149397,1693226413644,7,3,4
33438,1693226413644,1692254149403,1692254149406,1693226413652,8,3,5
33439,1693226413652,1692254149410,1692254149413,1693226413660,8,3,5
33440,1693226413660,1692254149418,1692254149420,1693226413667,7,2,5
33441,1693226413667,1692254149425,1692254149428,1693226413675,8,3,5
33442,1693226413675,1692254149432,1692254149435,1693226413682,7,3,4
33443,1693226413682,1692254149439,1692254149442,1693226413689,7,3,4
33444,1693226413689,1692254149448,1692254149451,1693226413698,9,3,6
33445,1693226413698,1692254149455,1692254149458,1693226413705,7,3,4
33446,1693226413705,1692254149462,1692254149467,1693226413714,9,5,4
33447,1693226413714,1692254149471,1692254149475,1693226413721,7,4,3
33448,1693226413721,1692254149479,1692254149482,1693226413729,8,3,5
33449,1693226413729,1692254149486,1692254149490,1693226413736,7,4,3
33450,1693226413736,1692254149493,1692254149496,1693226413743,7,3,4
33451,1693226413743,1692254149501,1692254149504,1693226413751,8,3,5
33452,1693226413751,1692254149509,1692254149512,1693226413758,7,3,4
33453,1693226413758,1692254149516,1692254149520,1693226413766,8,4,4
33454,1693226413766,1692254149523,1692254149527,1693226413773,7,4,3
33455,1693226413774,1692254149533,1692254149536,1693226413783,9,3,6
33456,1693226413783,1692254149540,1692254149543,1693226413790,7,3,4
33457,1693226413790,1692254149547,1692254149551,1693226413798,8,4,4
33458,1693226413798,1692254149555,1692254149558,1693226413805,7,3,4
33459,1693226413805,1692254149562,1692254149566,1693226413813,8,4,4
33460,1693226413813,1692254149571,1692254149574,1693226413821,8,3,5
33461,1693226413821,1692254149578,1692254149582,1693226413830,9,4,5
33462,1693226413830,1692254149587,1692254149592,1693226413839,9,5,4
33463,1693226413839,1692254149597,1692254149600,1693226413847,8,3,5
33464,1693226413847,1692254149605,1692254149608,1693226413855,8,3,5
33465,1693226413855,1692254149613,1692254149615,1693226413862,7,2,5
33466,1693226413862,1692254149620,1692254149623,1693226413870,8,3,5
33467,1693226413870,1692254149628,1692254149631,1693226413878,8,3,5
33468,1693226413878,1692254149635,1692254149639,1693226413885,7,4,3
33469,1693226413885,1692254149643,1692254149646,1693226413893,8,3,5
33470,1693226413893,1692254149652,1692254149656,1693226413903,10,4,6
33471,1693226413903,1692254149660,1692254149663,1693226413910,7,3,4
33472,1693226413910,1692254149667,1692254149671,1693226413918,8,4,4
33473,1693226413918,1692254149677,1692254149680,1693226413927,9,3,6
33474,1693226413927,1692254149685,1692254149688,1693226413935,8,3,5
33475,1693226413935,1692254149693,1692254149696,1693226413943,8,3,5
33476,1693226413943,1692254149700,1692254149704,1693226413951,8,4,4
33477,1693226413951,1692254149710,1692254149713,1693226413960,9,3,6
33478,1693226413960,1692254149718,1692254149720,1693226413967,7,2,5
33479,1693226413967,1692254149724,1692254149728,1693226413974,7,4,3
33480,1693226413974,1692254149733,1692254149736,1693226413983,9,3,6
33481,1693226413983,1692254149741,1692254149743,1693226413990,7,2,5
33482,1693226413990,1692254149748,1692254149752,1693226413998,8,4,4
33483,1693226413998,1692254149758,1692254149763,1693226414010,12,5,7
33484,1693226414010,1692254149769,1692254149773,1693226414020,10,4,6
33485,1693226414020,1692254149778,1692254149781,1693226414028,8,3,5
33486,1693226414028,1692254149786,1692254149789,1693226414036,8,3,5
33487,1693226414036,1692254149794,1692254149798,1693226414044,8,4,4
33488,1693226414045,1692254149802,1692254149806,1693226414052,7,4,3
33489,1693226414052,1692254149809,1692254149813,1693226414060,8,4,4
33490,1693226414060,1692254149818,1692254149821,1693226414068,8,3,5
33491,1693226414068,1692254149826,1692254149828,1693226414075,7,2,5
33492,1693226414075,1692254149833,1692254149836,1693226414083,8,3,5
33493,1693226414083,1692254149840,1692254149844,1693226414091,8,4,4
33494,1693226414091,1692254149849,1692254149853,1693226414100,9,4,5
33495,1693226414100,1692254149857,1692254149860,1693226414107,7,3,4
33496,1693226414107,1692254149865,1692254149868,1693226414115,8,3,5
33497,1693226414115,1692254149872,1692254149875,1693226414122,7,3,4
33498,1693226414122,1692254149880,1692254149883,1693226414130,8,3,5
33499,1693226414130,1692254149887,1692254149891,1693226414138,8,4,4
33500,1693226414138,1692254149895,1692254149899,1693226414146,8,4,4
33501,1693226414146,1692254149903,1692254149907,1693226414153,7,4,3
33502,1693226414153,1692254149911,1692254149915,1693226414162,9,4,5
33503,1693226414162,1692254149920,1692254149923,1693226414170,8,3,5
33504,1693226414170,1692254149927,1692254149930,1693226414177,7,3,4
33505,1693226414177,1692254149935,1692254149937,1693226414184,7,2,5
33506,1693226414184,1692254149941,1692254149944,1693226414191,7,3,4
33507,1693226414191,1692254149948,1692254149952,1693226414198,7,4,3
33508,1693226414198,1692254149956,1692254149959,1693226414207,9,3,6
33509,1693226414207,1692254149965,1692254149968,1693226414214,7,3,4
33510,1693226414215,1692254149973,1692254149975,1693226414222,7,2,5
33511,1693226414222,1692254149981,1692254149984,1693226414231,9,3,6
33512,1693226414231,1692254149988,1692254149991,1693226414238,7,3,4
33513,1693226414238,1692254149996,1692254149999,1693226414246,8,3,5
33514,1693226414246,1692254150003,1692254150005,1693226414252,6,2,4
33515,1693226414252,1692254150009,1692254150012,1693226414259,7,3,4
33516,1693226414259,1692254150017,1692254150023,1693226414270,11,6,5
33517,1693226414270,1692254150029,1692254150032,1693226414278,8,3,5
33518,1693226414278,1692254150036,1692254150039,1693226414286,8,3,5
33519,1693226414286,1692254150045,1692254150048,1693226414295,9,3,6
33520,1693226414295,1692254150053,1692254150058,1693226414305,10,5,5
33521,1693226414305,1692254150066,1692254150069,1693226414316,11,3,8
33522,1693226414316,1692254150074,1692254150077,1693226414324,8,3,5
33523,1693226414324,1692254150082,1692254150085,1693226414331,7,3,4
33524,1693226414331,1692254150089,1692254150093,1693226414340,9,4,5
33525,1693226414340,1692254150097,1692254150100,1693226414347,7,3,4
33526,1693226414347,1692254150104,1692254150106,1693226414353,6,2,4
33527,1693226414353,1692254150111,1692254150114,1693226414361,8,3,5
33528,1693226414361,1692254150119,1692254150122,1693226414369,8,3,5
33529,1693226414369,1692254150126,1692254150129,1693226414376,7,3,4
33530,1693226414376,1692254150134,1692254150137,1693226414384,8,3,5
33531,1693226414384,1692254150141,1692254150144,1693226414391,7,3,4
33532,1693226414391,1692254150148,1692254150152,1693226414399,8,4,4
33533,1693226414399,1692254150157,1692254150160,1693226414407,8,3,5
33534,1693226414407,1692254150164,1692254150168,1693226414415,8,4,4
33535,1693226414415,1692254150172,1692254150176,1693226414422,7,4,3
33536,1693226414422,1692254150180,1692254150184,1693226414431,9,4,5
33537,1693226414431,1692254150188,1692254150191,1693226414438,7,3,4
33538,1693226414438,1692254150196,1692254150200,1693226414447,9,4,5
33539,1693226414447,1692254150204,1692254150207,1693226414453,6,3,3
33540,1693226414453,1692254150211,1692254150214,1693226414461,8,3,5
33541,1693226414461,1692254150218,1692254150221,1693226414468,7,3,4
33542,1693226414468,1692254150225,1692254150228,1693226414475,7,3,4
33543,1693226414475,1692254150233,1692254150236,1693226414483,8,3,5
33544,1693226414483,1692254150240,1692254150244,1693226414490,7,4,3
33545,1693226414491,1692254150248,1692254150251,1693226414497,6,3,3
33546,1693226414497,1692254150254,1692254150258,1693226414505,8,4,4
33547,1693226414505,1692254150262,1692254150265,1693226414515,10,3,7
33548,1693226414515,1692254150273,1692254150275,1693226414522,7,2,5
33549,1693226414522,1692254150280,1692254150283,1693226414530,8,3,5
33550,1693226414530,1692254150287,1692254150290,1693226414536,6,3,3
33551,1693226414536,1692254150293,1692254150296,1693226414543,7,3,4
33552,1693226414543,1692254150300,1692254150304,1693226414550,7,4,3
33553,1693226414550,1692254150308,1692254150311,1693226414558,8,3,5
33554,1693226414558,1692254150316,1692254150319,1693226414566,8,3,5
33555,1693226414566,1692254150323,1692254150326,1693226414572,6,3,3
33556,1693226414572,1692254150330,1692254150333,1693226414580,8,3,5
33557,1693226414580,1692254150337,1692254150342,1693226414589,9,5,4
33558,1693226414589,1692254150347,1692254150350,1693226414597,8,3,5
33559,1693226414597,1692254150355,1692254150359,1693226414606,9,4,5
33560,1693226414606,1692254150363,1692254150366,1693226414613,7,3,4
33561,1693226414613,1692254150373,1692254150376,1693226414623,10,3,7
33562,1693226414623,1692254150381,1692254150385,1693226414632,9,4,5
33563,1693226414632,1692254150390,1692254150394,1693226414640,8,4,4
33564,1693226414640,1692254150398,1692254150401,1693226414648,8,3,5
33565,1693226414648,1692254150406,1692254150410,1693226414656,8,4,4
33566,1693226414656,1692254150414,1692254150417,1693226414664,8,3,5
33567,1693226414664,1692254150421,1692254150424,1693226414671,7,3,4
33568,1693226414671,1692254150429,1692254150432,1693226414680,9,3,6
33569,1693226414680,1692254150437,1692254150440,1693226414687,7,3,4
33570,1693226414687,1692254150445,1692254150448,1693226414695,8,3,5
33571,1693226414695,1692254150452,1692254150455,1693226414702,7,3,4
33572,1693226414702,1692254150459,1692254150463,1693226414710,8,4,4
33573,1693226414710,1692254150468,1692254150471,1693226414719,9,3,6
33574,1693226414719,1692254150477,1692254150480,1693226414726,7,3,4
33575,1693226414727,1692254150484,1692254150487,1693226414734,7,3,4
33576,1693226414734,1692254150492,1692254150496,1693226414743,9,4,5
33577,1693226414743,1692254150500,1692254150503,1693226414750,7,3,4
33578,1693226414750,1692254150507,1692254150511,1693226414757,7,4,3
33579,1693226414758,1692254150515,1692254150518,1693226414765,7,3,4
33580,1693226414765,1692254150523,1692254150527,1693226414773,8,4,4
33581,1693226414773,1692254150531,1692254150535,1693226414782,9,4,5
33582,1693226414782,1692254150541,1692254150543,1693226414790,8,2,6
33583,1693226414790,1692254150548,1692254150552,1693226414799,9,4,5
33584,1693226414799,1692254150556,1692254150559,1693226414806,7,3,4
33585,1693226414806,1692254150564,1692254150567,1693226414814,8,3,5
33586,1693226414814,1692254150571,1692254150574,1693226414822,8,3,5
33587,1693226414822,1692254150579,1692254150583,1693226414830,8,4,4
33588,1693226414830,1692254150587,1692254150590,1693226414837,7,3,4
33589,1693226414837,1692254150595,1692254150598,1693226414845,8,3,5
33590,1693226414845,1692254150603,1692254150606,1693226414852,7,3,4
33591,1693226414852,1692254150610,1692254150613,1693226414859,7,3,4
33592,1693226414859,1692254150617,1692254150620,1693226414866,7,3,4
33593,1693226414866,1692254150623,1692254150627,1693226414874,8,4,4
33594,1693226414874,1692254150632,1692254150637,1693226414883,9,5,4
33595,1693226414883,1692254150642,1692254150645,1693226414892,9,3,6
33596,1693226414892,1692254150650,1692254150653,1693226414900,8,3,5
33597,1693226414900,1692254150658,1692254150662,1693226414909,9,4,5
33598,1693226414909,1692254150667,1692254150670,1693226414917,8,3,5
33599,1693226414917,1692254150675,1692254150677,1693226414924,7,2,5
33600,1693226414924,1692254150682,1692254150686,1693226414933,9,4,5
33601,1693226414933,1692254150691,1692254150695,1693226414941,8,4,4
33602,1693226414941,1692254150699,1692254150701,1693226414948,7,2,5
33603,1693226414948,1692254150706,1692254150709,1693226414956,8,3,5
33604,1693226414956,1692254150714,1692254150717,1693226414964,8,3,5
33605,1693226414964,1692254150721,1692254150725,1693226414973,9,4,5
33606,1693226414973,1692254150730,1692254150734,1693226414980,7,4,3
33607,1693226414980,1692254150738,1692254150740,1693226414987,7,2,5
33608,1693226414987,1692254150745,1692254150748,1693226414995,8,3,5
33609,1693226414995,1692254150753,1692254150756,1693226415002,7,3,4
33610,1693226415003,1692254150760,1692254150764,1693226415011,8,4,4
33611,1693226415011,1692254150769,1692254150772,1693226415019,8,3,5
33612,1693226415019,1692254150777,1692254150780,1693226415028,9,3,6
33613,1693226415028,1692254150787,1692254150790,1693226415037,9,3,6
33614,1693226415037,1692254150796,1692254150799,1693226415046,9,3,6
33615,1693226415046,1692254150804,1692254150807,1693226415054,8,3,5
33616,1693226415054,1692254150814,1692254150818,1693226415065,11,4,7
33617,1693226415065,1692254150822,1692254150825,1693226415072,7,3,4
33618,1693226415072,1692254150830,1692254150833,1693226415080,8,3,5
33619,1693226415080,1692254150839,1692254150842,1693226415089,9,3,6
33620,1693226415089,1692254150847,1692254150850,1693226415097,8,3,5
33621,1693226415097,1692254150855,1692254150861,1693226415107,10,6,4
33622,1693226415107,1692254150866,1692254150870,1693226415117,10,4,6
33623,1693226415117,1692254150874,1692254150877,1693226415124,7,3,4
33624,1693226415124,1692254150884,1692254150887,1693226415134,10,3,7
33625,1693226415134,1692254150899,1692254150903,1693226415150,16,4,12
33626,1693226415150,1692254150907,1692254150911,1693226415158,8,4,4
33627,1693226415158,1692254150915,1692254150918,1693226415165,7,3,4
33628,1693226415165,1692254150922,1692254150925,1693226415172,7,3,4
33629,1693226415172,1692254150930,1692254150933,1693226415180,8,3,5
33630,1693226415180,1692254150937,1692254150942,1693226415188,8,5,3
33631,1693226415188,1692254150945,1692254150949,1693226415196,8,4,4
33632,1693226415196,1692254150954,1692254150957,1693226415204,8,3,5
33633,1693226415204,1692254150962,1692254150965,1693226415212,8,3,5
33634,1693226415212,1692254150970,1692254150973,1693226415219,7,3,4
33635,1693226415220,1692254150977,1692254150980,1693226415227,7,3,4
33636,1693226415227,1692254150984,1692254150987,1693226415234,7,3,4
33637,1693226415234,1692254150991,1692254150995,1693226415241,7,4,3
33638,1693226415241,1692254150999,1692254151002,1693226415249,8,3,5
33639,1693226415249,1692254151006,1692254151009,1693226415256,7,3,4
33640,1693226415256,1692254151013,1692254151017,1693226415264,8,4,4
33641,1693226415264,1692254151022,1692254151025,1693226415272,8,3,5
33642,1693226415272,1692254151030,1692254151033,1693226415280,8,3,5
33643,1693226415280,1692254151037,1692254151040,1693226415287,7,3,4
33644,1693226415287,1692254151044,1692254151047,1693226415294,7,3,4
33645,1693226415294,1692254151052,1692254151055,1693226415302,8,3,5
33646,1693226415302,1692254151060,1692254151062,1693226415309,7,2,5
33647,1693226415309,1692254151067,1692254151070,1693226415317,8,3,5
33648,1693226415317,1692254151075,1692254151078,1693226415325,8,3,5
33649,1693226415325,1692254151082,1692254151085,1693226415334,9,3,6
33650,1693226415334,1692254151092,1692254151095,1693226415343,9,3,6
33651,1693226415343,1692254151100,1692254151104,1693226415352,9,4,5
33652,1693226415352,1692254151109,1692254151113,1693226415360,8,4,4
33653,1693226415360,1692254151117,1692254151121,1693226415367,7,4,3
33654,1693226415367,1692254151124,1692254151128,1693226415374,7,4,3
33655,1693226415374,1692254151132,1692254151135,1693226415382,8,3,5
33656,1693226415382,1692254151139,1692254151142,1693226415389,7,3,4
33657,1693226415389,1692254151146,1692254151150,1693226415396,7,4,3
33658,1693226415396,1692254151155,1692254151158,1693226415404,8,3,5
33659,1693226415404,1692254151162,1692254151166,1693226415413,9,4,5
33660,1693226415413,1692254151170,1692254151173,1693226415420,7,3,4
33661,1693226415420,1692254151177,1692254151181,1693226415428,8,4,4
33662,1693226415428,1692254151185,1692254151189,1693226415436,8,4,4
33663,1693226415436,1692254151193,1692254151197,1693226415444,8,4,4
33664,1693226415444,1692254151201,1692254151205,1693226415452,8,4,4
33665,1693226415452,1692254151209,1692254151213,1693226415460,8,4,4
33666,1693226415460,1692254151218,1692254151221,1693226415468,8,3,5
33667,1693226415468,1692254151226,1692254151231,1693226415477,9,5,4
33668,1693226415477,1692254151235,1692254151240,1693226415486,9,5,4
33669,1693226415486,1692254151244,1692254151247,1693226415494,8,3,5
33670,1693226415494,1692254151252,1692254151255,1693226415502,8,3,5
33671,1693226415502,1692254151259,1692254151263,1693226415510,8,4,4
33672,1693226415510,1692254151267,1692254151271,1693226415517,7,4,3
33673,1693226415517,1692254151274,1692254151277,1693226415524,7,3,4
33674,1693226415524,1692254151283,1692254151286,1693226415533,9,3,6
33675,1693226415533,1692254151290,1692254151294,1693226415541,8,4,4
33676,1693226415541,1692254151298,1692254151301,1693226415548,7,3,4
33677,1693226415548,1692254151306,1692254151309,1693226415556,8,3,5
33678,1693226415556,1692254151313,1692254151316,1693226415563,7,3,4
33679,1693226415563,1692254151321,1692254151324,1693226415571,8,3,5
33680,1693226415571,1692254151328,1692254151332,1693226415579,8,4,4
33681,1693226415579,1692254151337,1692254151340,1693226415586,7,3,4
33682,1693226415586,1692254151344,1692254151347,1693226415594,8,3,5
33683,1693226415594,1692254151351,1692254151355,1693226415602,8,4,4
33684,1693226415602,1692254151360,1692254151363,1693226415610,8,3,5
33685,1693226415610,1692254151369,1692254151373,1693226415621,11,4,7
33686,1693226415621,1692254151379,1692254151382,1693226415629,8,3,5
33687,1693226415629,1692254151386,1692254151390,1693226415637,8,4,4
33688,1693226415637,1692254151397,1692254151400,1693226415647,10,3,7
33689,1693226415647,1692254151405,1692254151408,1693226415655,8,3,5
33690,1693226415655,1692254151413,1692254151417,1693226415664,9,4,5
33691,1693226415664,1692254151421,1692254151424,1693226415671,7,3,4
33692,1693226415671,1692254151428,1692254151432,1693226415679,8,4,4
33693,1693226415679,1692254151436,1692254151442,1693226415689,10,6,4
33694,1693226415689,1692254151446,1692254151450,1693226415696,7,4,3
33695,1693226415696,1692254151454,1692254151457,1693226415704,8,3,5
33696,1693226415704,1692254151462,1692254151465,1693226415712,8,3,5
33697,1693226415712,1692254151470,1692254151473,1693226415720,8,3,5
33698,1693226415720,1692254151477,1692254151480,1693226415727,7,3,4
33699,1693226415727,1692254151485,1692254151487,1693226415734,7,2,5
33700,1693226415734,1692254151492,1692254151495,1693226415743,9,3,6
33701,1693226415743,1692254151501,1692254151504,1693226415751,8,3,5
33702,1693226415751,1692254151508,1692254151511,1693226415758,7,3,4
33703,1693226415758,1692254151516,1692254151520,1693226415767,9,4,5
33704,1693226415767,1692254151524,1692254151528,1693226415775,8,4,4
33705,1693226415775,1692254151532,1692254151536,1693226415783,8,4,4
33706,1693226415783,1692254151541,1692254151545,1693226415792,9,4,5
33707,1693226415792,1692254151549,1692254151553,1693226415800,8,4,4
33708,1693226415800,1692254151557,1692254151560,1693226415807,7,3,4
33709,1693226415807,1692254151566,1692254151569,1693226415816,9,3,6
33710,1693226415816,1692254151574,1692254151577,1693226415823,7,3,4
33711,1693226415823,1692254151580,1692254151584,1693226415830,7,4,3
33712,1693226415831,1692254151588,1692254151591,1693226415838,7,3,4
33713,1693226415838,1692254151596,1692254151599,1693226415846,8,3,5
33714,1693226415846,1692254151604,1692254151607,1693226415854,8,3,5
33715,1693226415854,1692254151611,1692254151615,1693226415862,8,4,4
33716,1693226415862,1692254151620,1692254151623,1693226415870,8,3,5
33717,1693226415870,1692254151628,1692254151631,1693226415878,8,3,5
33718,1693226415878,1692254151636,1692254151639,1693226415885,7,3,4
33719,1693226415885,1692254151643,1692254151646,1693226415896,11,3,8
33720,1693226415896,1692254151654,1692254151656,1693226415903,7,2,5
33721,1693226415903,1692254151661,1692254151664,1693226415911,8,3,5
33722,1693226415911,1692254151669,1692254151672,1693226415919,8,3,5
33723,1693226415919,1692254151679,1692254151682,1693226415929,10,3,7
33724,1693226415929,1692254151687,1692254151690,1693226415937,8,3,5
33725,1693226415937,1692254151694,1692254151697,1693226415944,7,3,4
33726,1693226415944,1692254151704,1692254151707,1693226415954,10,3,7
33727,1693226415954,1692254151711,1692254151714,1693226415961,7,3,4
33728,1693226415961,1692254151719,1692254151722,1693226415969,8,3,5
33729,1693226415969,1692254151729,1692254151732,1693226415980,11,3,8
33730,1693226415980,1692254151737,1692254151741,1693226415988,8,4,4
33731,1693226415988,1692254151746,1692254151750,1693226415997,9,4,5
33732,1693226415997,1692254151755,1692254151759,1693226416006,9,4,5
33733,1693226416006,1692254151763,1692254151767,1693226416014,8,4,4
33734,1693226416014,1692254151771,1692254151774,1693226416021,7,3,4
33735,1693226416021,1692254151778,1692254151781,1693226416028,7,3,4
33736,1693226416028,1692254151789,1692254151792,1693226416039,11,3,8
33737,1693226416039,1692254151797,1692254151800,1693226416047,8,3,5
33738,1693226416047,1692254151807,1692254151811,1693226416058,11,4,7
33739,1693226416058,1692254151815,1692254151820,1693226416069,11,5,6
33740,1693226416069,1692254151826,1692254151830,1693226416076,7,4,3
33741,1693226416076,1692254151834,1692254151838,1693226416085,9,4,5
33742,1693226416085,1692254151842,1692254151845,1693226416092,7,3,4
33743,1693226416092,1692254151849,1692254151853,1693226416100,8,4,4
33744,1693226416100,1692254151857,1692254151860,1693226416106,6,3,3
33745,1693226416106,1692254151864,1692254151867,1693226416114,8,3,5
33746,1693226416114,1692254151872,1692254151875,1693226416122,8,3,5
33747,1693226416122,1692254151880,1692254151883,1693226416129,7,3,4
33748,1693226416129,1692254151887,1692254151890,1693226416137,8,3,5
33749,1693226416137,1692254151894,1692254151898,1693226416144,7,4,3
33750,1693226416144,1692254151909,1692254151913,1693226416160,16,4,12
33751,1693226416160,1692254151918,1692254151921,1693226416168,8,3,5
33752,1693226416168,1692254151927,1692254151933,1693226416180,12,6,6
33753,1693226416180,1692254151938,1692254151942,1693226416189,9,4,5
33754,1693226416189,1692254151946,1692254151949,1693226416196,7,3,4
33755,1693226416196,1692254151954,1692254151956,1693226416203,7,2,5
33756,1693226416203,1692254151961,1692254151964,1693226416211,8,3,5
33757,1693226416211,1692254151968,1692254151971,1693226416218,7,3,4
33758,1693226416218,1692254151975,1692254151978,1693226416225,7,3,4
33759,1693226416225,1692254151983,1692254151987,1693226416233,8,4,4
33760,1693226416233,1692254151991,1692254151994,1693226416241,8,3,5
33761,1693226416241,1692254151999,1692254152002,1693226416249,8,3,5
33762,1693226416249,1692254152006,1692254152010,1693226416257,8,4,4
33763,1693226416257,1692254152023,1692254152027,1693226416274,17,4,13
33764,1693226416274,1692254152031,1692254152035,1693226416282,8,4,4
33765,1693226416282,1692254152040,1692254152042,1693226416289,7,2,5
33766,1693226416289,1692254152048,1692254152051,1693226416298,9,3,6
33767,1693226416298,1692254152055,1692254152059,1693226416306,8,4,4
33768,1693226416306,1692254152064,1692254152067,1693226416314,8,3,5
33769,1693226416314,1692254152072,1692254152075,1693226416321,7,3,4
33770,1693226416321,1692254152079,1692254152082,1693226416329,8,3,5
33771,1693226416329,1692254152086,1692254152090,1693226416336,7,4,3
33772,1693226416336,1692254152093,1692254152096,1693226416343,7,3,4
33773,1693226416343,1692254152100,1692254152104,1693226416350,7,4,3
33774,1693226416350,1692254152108,1692254152111,1693226416358,8,3,5
33775,1693226416358,1692254152115,1692254152120,1693226416367,9,5,4
33776,1693226416367,1692254152125,1692254152128,1693226416374,7,3,4
33777,1693226416374,1692254152131,1692254152135,1693226416382,8,4,4
33778,1693226416382,1692254152140,1692254152143,1693226416390,8,3,5
33779,1693226416390,1692254152148,1692254152153,1693226416400,10,5,5
33780,1693226416400,1692254152157,1692254152161,1693226416407,7,4,3
33781,1693226416408,1692254152165,1692254152168,1693226416415,7,3,4
33782,1693226416415,1692254152177,1692254152181,1693226416428,13,4,9
33783,1693226416428,1692254152188,1692254152190,1693226416437,9,2,7
33784,1693226416437,1692254152195,1692254152198,1693226416445,8,3,5
33785,1693226416445,1692254152203,1692254152206,1693226416453,8,3,5
33786,1693226416453,1692254152210,1692254152213,1693226416460,7,3,4
33787,1693226416460,1692254152218,1692254152221,1693226416468,8,3,5
33788,1693226416468,1692254152226,1692254152229,1693226416476,8,3,5
33789,1693226416476,1692254152234,1692254152237,1693226416484,8,3,5
33790,1693226416484,1692254152242,1692254152245,1693226416492,8,3,5
33791,1693226416492,1692254152250,1692254152253,1693226416500,8,3,5
33792,1693226416500,1692254152257,1692254152261,1693226416508,8,4,4
33793,1693226416508,1692254152265,1692254152269,1693226416515,7,4,3
33794,1693226416515,1692254152272,1692254152276,1693226416523,8,4,4
33795,1693226416523,1692254152281,1692254152283,1693226416530,7,2,5
33796,1693226416530,1692254152288,1692254152291,1693226416538,8,3,5
33797,1693226416538,1692254152295,1692254152298,1693226416545,7,3,4
33798,1693226416545,1692254152302,1692254152305,1693226416552,7,3,4
33799,1693226416553,1692254152310,1692254152313,1693226416563,10,3,7
33800,1693226416563,1692254152320,1692254152324,1693226416571,8,4,4
33801,1693226416571,1692254152329,1692254152332,1693226416580,9,3,6
33802,1693226416580,1692254152339,1692254152342,1693226416589,9,3,6
33803,1693226416589,1692254152349,1692254152352,1693226416600,11,3,8
33804,1693226416600,1692254152357,1692254152360,1693226416607,7,3,4
33805,1693226416607,1692254152365,1692254152368,1693226416615,8,3,5
33806,1693226416615,1692254152373,1692254152377,1693226416624,9,4,5
33807,1693226416624,1692254152382,1692254152385,1693226416632,8,3,5
33808,1693226416632,1692254152390,1692254152392,1693226416639,7,2,5
33809,1693226416639,1692254152397,1692254152402,1693226416649,10,5,5
33810,1693226416649,1692254152406,1692254152409,1693226416656,7,3,4
33811,1693226416656,1692254152414,1692254152419,1693226416665,9,5,4
33812,1693226416665,1692254152423,1692254152425,1693226416672,7,2,5
33813,1693226416672,1692254152430,1692254152434,1693226416681,9,4,5
33814,1693226416681,1692254152439,1692254152443,1693226416690,9,4,5
33815,1693226416690,1692254152447,1692254152450,1693226416697,7,3,4
33816,1693226416697,1692254152454,1692254152458,1693226416704,7,4,3
33817,1693226416704,1692254152462,1692254152465,1693226416712,8,3,5
33818,1693226416712,1692254152469,1692254152473,1693226416720,8,4,4
33819,1693226416721,1692254152478,1692254152481,1693226416728,7,3,4
33820,1693226416728,1692254152486,1692254152489,1693226416736,8,3,5
33821,1693226416736,1692254152493,1692254152496,1693226416743,7,3,4
33822,1693226416743,1692254152500,1692254152504,1693226416750,7,4,3
33823,1693226416750,1692254152507,1692254152511,1693226416757,7,4,3
33824,1693226416757,1692254152515,1692254152518,1693226416767,10,3,7
33825,1693226416767,1692254152525,1692254152528,1693226416775,8,3,5
33826,1693226416775,1692254152533,1692254152536,1693226416783,8,3,5
33827,1693226416783,1692254152541,1692254152544,1693226416791,8,3,5
33828,1693226416791,1692254152549,1692254152552,1693226416799,8,3,5
33829,1693226416799,1692254152556,1692254152559,1693226416806,7,3,4
33830,1693226416806,1692254152563,1692254152567,1693226416813,7,4,3
33831,1693226416814,1692254152571,1692254152574,1693226416821,7,3,4
33832,1693226416821,1692254152578,1692254152581,1693226416828,7,3,4
33833,1693226416828,1692254152587,1692254152590,1693226416837,9,3,6
33834,1693226416837,1692254152595,1692254152598,1693226416845,8,3,5
33835,1693226416845,1692254152603,1692254152607,1693226416854,9,4,5
33836,1693226416854,1692254152611,1692254152614,1693226416861,7,3,4
33837,1693226416861,1692254152618,1692254152622,1693226416870,9,4,5
33838,1693226416870,1692254152628,1692254152631,1693226416878,8,3,5
33839,1693226416878,1692254152636,1692254152639,1693226416886,8,3,5
33840,1693226416886,1692254152644,1692254152647,1693226416894,8,3,5
33841,1693226416894,1692254152652,1692254152655,1693226416901,7,3,4
33842,1693226416901,1692254152659,1692254152661,1693226416908,7,2,5
33843,1693226416908,1692254152666,1692254152669,1693226416916,8,3,5
33844,1693226416916,1692254152673,1692254152676,1693226416923,7,3,4
33845,1693226416923,1692254152680,1692254152684,1693226416931,8,4,4
33846,1693226416931,1692254152688,1692254152691,1693226416938,7,3,4
33847,1693226416938,1692254152695,1692254152699,1693226416946,8,4,4
33848,1693226416946,1692254152703,1692254152708,1693226416955,9,5,4
33849,1693226416955,1692254152713,1692254152715,1693226416962,7,2,5
33850,1693226416963,1692254152721,1692254152725,1693226416972,9,4,5
33851,1693226416972,1692254152730,1692254152733,1693226416980,8,3,5
33852,1693226416980,1692254152738,1692254152742,1693226416989,9,4,5
33853,1693226416989,1692254152747,1692254152751,1693226416998,9,4,5
33854,1693226416998,1692254152755,1692254152758,1693226417005,7,3,4
33855,1693226417005,1692254152763,1692254152766,1693226417013,8,3,5
33856,1693226417013,1692254152771,1692254152774,1693226417020,7,3,4
33857,1693226417020,1692254152777,1692254152781,1693226417027,7,4,3
33858,1693226417027,1692254152784,1692254152788,1693226417035,8,4,4
33859,1693226417035,1692254152792,1692254152795,1693226417042,7,3,4
33860,1693226417042,1692254152799,1692254152803,1693226417049,7,4,3
33861,1693226417049,1692254152807,1692254152810,1693226417057,8,3,5
33862,1693226417057,1692254152815,1692254152818,1693226417065,8,3,5
33863,1693226417065,1692254152822,1692254152825,1693226417072,7,3,4
33864,1693226417072,1692254152832,1692254152835,1693226417082,10,3,7
33865,1693226417082,1692254152840,1692254152843,1693226417093,11,3,8
33866,1693226417093,1692254152852,1692254152855,1693226417103,10,3,7
33867,1693226417103,1692254152861,1692254152864,1693226417111,8,3,5
33868,1693226417111,1692254152869,1692254152872,1693226417119,8,3,5
33869,1693226417119,1692254152877,1692254152880,1693226417127,8,3,5
33870,1693226417127,1692254152885,1692254152889,1693226417142,15,4,11
33871,1693226417142,1692254152900,1692254152903,1693226417150,8,3,5
33872,1693226417150,1692254152912,1692254152916,1693226417163,13,4,9
33873,1693226417163,1692254152922,1692254152925,1693226417172,9,3,6
33874,1693226417172,1692254152932,1692254152935,1693226417182,10,3,7
33875,1693226417182,1692254152940,1692254152943,1693226417190,8,3,5
33876,1693226417190,1692254152948,1692254152951,1693226417197,7,3,4
33877,1693226417197,1692254152955,1692254152957,1693226417204,7,2,5
33878,1693226417204,1692254152962,1692254152965,1693226417212,8,3,5
33879,1693226417212,1692254152970,1692254152972,1693226417219,7,2,5
33880,1693226417219,1692254152977,1692254152980,1693226417227,8,3,5
33881,1693226417227,1692254152984,1692254152988,1693226417234,7,4,3
33882,1693226417234,1692254152992,1692254152995,1693226417242,8,3,5
33883,1693226417242,1692254153000,1692254153003,1693226417250,8,3,5
33884,1693226417250,1692254153008,1692254153012,1693226417258,8,4,4
33885,1693226417258,1692254153019,1692254153024,1693226417270,12,5,7
33886,1693226417270,1692254153028,1692254153031,1693226417280,10,3,7
33887,1693226417280,1692254153038,1692254153042,1693226417289,9,4,5
33888,1693226417289,1692254153046,1692254153050,1693226417297,8,4,4
33889,1693226417297,1692254153054,1692254153058,1693226417305,8,4,4
33890,1693226417305,1692254153062,1692254153065,1693226417312,7,3,4
33891,1693226417312,1692254153069,1692254153072,1693226417319,7,3,4
33892,1693226417319,1692254153076,1692254153080,1693226417327,8,4,4
33893,1693226417327,1692254153084,1692254153088,1693226417334,7,4,3
33894,1693226417335,1692254153092,1692254153095,1693226417342,7,3,4
33895,1693226417342,1692254153100,1692254153103,1693226417350,8,3,5
33896,1693226417350,1692254153107,1692254153110,1693226417357,7,3,4
33897,1693226417357,1692254153114,1692254153118,1693226417365,8,4,4
33898,1693226417365,1692254153122,1692254153125,1693226417372,7,3,4
33899,1693226417372,1692254153129,1692254153133,1693226417383,11,4,7
33900,1693226417383,1692254153141,1692254153144,1693226417392,9,3,6
33901,1693226417392,1692254153150,1692254153153,1693226417400,8,3,5
33902,1693226417400,1692254153161,1692254153164,1693226417412,12,3,9
33903,1693226417412,1692254153170,1692254153173,1693226417420,8,3,5
33904,1693226417420,1692254153178,1692254153183,1693226417430,10,5,5
33905,1693226417430,1692254153187,1692254153191,1693226417438,8,4,4
33906,1693226417438,1692254153195,1692254153198,1693226417445,7,3,4
33907,1693226417445,1692254153205,1692254153208,1693226417455,10,3,7
33908,1693226417455,1692254153213,1692254153215,1693226417462,7,2,5
33909,1693226417462,1692254153220,1692254153223,1693226417470,8,3,5
33910,1693226417470,1692254153228,1692254153231,1693226417478,8,3,5
33911,1693226417478,1692254153235,1692254153239,1693226417485,7,4,3
33912,1693226417485,1692254153242,1692254153245,1693226417492,7,3,4
33913,1693226417492,1692254153250,1692254153253,1693226417502,10,3,7
33914,1693226417502,1692254153259,1692254153263,1693226417509,7,4,3
33915,1693226417509,1692254153267,1692254153269,1693226417516,7,2,5
33916,1693226417516,1692254153273,1692254153277,1693226417524,8,4,4
33917,1693226417524,1692254153282,1692254153285,1693226417531,7,3,4
33918,1693226417532,1692254153289,1692254153292,1693226417539,7,3,4
33919,1693226417539,1692254153296,1692254153299,1693226417546,7,3,4
33920,1693226417546,1692254153304,1692254153307,1693226417553,7,3,4
33921,1693226417553,1692254153311,1692254153316,1693226417562,9,5,4
33922,1693226417562,1692254153320,1692254153324,1693226417571,9,4,5
33923,1693226417571,1692254153328,1692254153332,1693226417579,8,4,4
33924,1693226417579,1692254153337,1692254153340,1693226417587,8,3,5
33925,1693226417587,1692254153345,1692254153348,1693226417610,23,3,20
33926,1693226417610,1692254153367,1692254153371,1693226417618,8,4,4
33927,1693226417618,1692254153376,1692254153378,1693226417625,7,2,5
33928,1693226417625,1692254153383,1692254153388,1693226417635,10,5,5
33929,1693226417635,1692254153393,1692254153396,1693226417643,8,3,5
33930,1693226417643,1692254153401,1692254153404,1693226417651,8,3,5
33931,1693226417651,1692254153409,1692254153412,1693226417659,8,3,5
33932,1693226417659,1692254153416,1692254153420,1693226417666,7,4,3
33933,1693226417666,1692254153424,1692254153428,1693226417674,8,4,4
33934,1693226417674,1692254153432,1692254153435,1693226417682,8,3,5
33935,1693226417682,1692254153440,1692254153444,1693226417690,8,4,4
33936,1693226417690,1692254153448,1692254153451,1693226417698,8,3,5
33937,1693226417698,1692254153460,1692254153466,1693226417712,14,6,8
33938,1693226417712,1692254153470,1692254153473,1693226417720,8,3,5
33939,1693226417720,1692254153477,1692254153480,1693226417727,7,3,4
33940,1693226417727,1692254153484,1692254153487,1693226417734,7,3,4
33941,1693226417734,1692254153491,1692254153494,1693226417741,7,3,4
33942,1693226417741,1692254153498,1692254153501,1693226417748,7,3,4
33943,1693226417748,1692254153505,1692254153508,1693226417754,6,3,3
33944,1693226417754,1692254153512,1692254153516,1693226417762,8,4,4
33945,1693226417762,1692254153520,1692254153523,1693226417769,7,3,4
33946,1693226417769,1692254153527,1692254153531,1693226417778,9,4,5
33947,1693226417778,1692254153536,1692254153539,1693226417786,8,3,5
33948,1693226417786,1692254153543,1692254153545,1693226417792,6,2,4
33949,1693226417792,1692254153549,1692254153553,1693226417799,7,4,3
33950,1693226417799,1692254153557,1692254153560,1693226417808,9,3,6
33951,1693226417808,1692254153565,1692254153568,1693226417815,7,3,4
33952,1693226417815,1692254153572,1692254153577,1693226417824,9,5,4
33953,1693226417824,1692254153582,1692254153585,1693226417832,8,3,5
33954,1693226417832,1692254153590,1692254153592,1693226417839,7,2,5
33955,1693226417839,1692254153597,1692254153602,1693226417848,9,5,4
33956,1693226417848,1692254153605,1692254153609,1693226417855,7,4,3
33957,1693226417856,1692254153613,1692254153617,1693226417864,8,4,4
33958,1693226417864,1692254153621,1692254153624,1693226417871,7,3,4
33959,1693226417871,1692254153629,1692254153632,1693226417879,8,3,5
33960,1693226417879,1692254153637,1692254153640,1693226417887,8,3,5
33961,1693226417887,1692254153644,1692254153648,1693226417894,7,4,3
33962,1693226417894,1692254153652,1692254153655,1693226417902,8,3,5
33963,1693226417902,1692254153661,1692254153663,1693226417910,8,2,6
33964,1693226417910,1692254153667,1692254153671,1693226417918,8,4,4
33965,1693226417918,1692254153678,1692254153682,1693226417929,11,4,7
33966,1693226417929,1692254153686,1692254153689,1693226417936,7,3,4
33967,1693226417936,1692254153693,1692254153696,1693226417943,7,3,4
33968,1693226417943,1692254153700,1692254153704,1693226417951,8,4,4
33969,1693226417951,1692254153708,1692254153711,1693226417958,7,3,4
33970,1693226417958,1692254153715,1692254153719,1693226417966,8,4,4
33971,1693226417966,1692254153723,1692254153726,1693226417973,7,3,4
33972,1693226417973,1692254153731,1692254153734,1693226417980,7,3,4
33973,1693226417980,1692254153738,1692254153742,1693226417989,9,4,5
33974,1693226417989,1692254153746,1692254153750,1693226417997,8,4,4
33975,1693226417997,1692254153754,1692254153757,1693226418004,7,3,4
33976,1693226418004,1692254153762,1692254153765,1693226418012,8,3,5
33977,1693226418012,1692254153770,1692254153773,1693226418020,8,3,5
33978,1693226418020,1692254153777,1692254153781,1693226418028,8,4,4
33979,1693226418028,1692254153785,1692254153787,1693226418034,6,2,4
33980,1693226418034,1692254153792,1692254153795,1693226418041,7,3,4
33981,1693226418041,1692254153799,1692254153802,1693226418049,8,3,5
33982,1693226418049,1692254153807,1692254153810,1693226418056,7,3,4
33983,1693226418056,1692254153814,1692254153817,1693226418063,7,3,4
33984,1693226418063,1692254153821,1692254153824,1693226418071,8,3,5
33985,1693226418071,1692254153829,1692254153835,1693226418081,10,6,4
33986,1693226418081,1692254153839,1692254153842,1693226418089,8,3,5
33987,1693226418089,1692254153846,1692254153849,1693226418100,11,3,8
33988,1693226418100,1692254153857,1692254153860,1693226418107,7,3,4
33989,1693226418107,1692254153865,1692254153868,1693226418116,9,3,6
33990,1693226418116,1692254153874,1692254153877,1693226418124,8,3,5
33991,1693226418124,1692254153882,1692254153886,1693226418132,8,4,4
33992,1693226418132,1692254153891,1692254153893,1693226418140,8,2,6
33993,1693226418140,1692254153898,1692254153901,1693226418147,7,3,4
33994,1693226418147,1692254153904,1692254153908,1693226418154,7,4,3
33995,1693226418154,1692254153912,1692254153915,1693226418163,9,3,6
33996,1693226418163,1692254153921,1692254153925,1693226418172,9,4,5
33997,1693226418172,1692254153929,1692254153934,1693226418181,9,5,4
33998,1693226418181,1692254153938,1692254153941,1693226418188,7,3,4
33999,1693226418188,1692254153945,1692254153948,1693226418195,7,3,4
34000,1693226418195,1692254153953,1692254153956,1693226418203,8,3,5
34001,1693226418203,1692254153961,1692254153964,1693226418211,8,3,5
34002,1693226418211,1692254153968,1692254153971,1693226418218,7,3,4
34003,1693226418218,1692254153976,1692254153979,1693226418226,8,3,5
34004,1693226418226,1692254153983,1692254153986,1693226418233,7,3,4
34005,1693226418233,1692254153991,1692254153995,1693226418241,8,4,4
34006,1693226418241,1692254153999,1692254154002,1693226418249,8,3,5
34007,1693226418249,1692254154006,1692254154010,1693226418256,7,4,3
34008,1693226418256,1692254154014,1692254154017,1693226418264,8,3,5
34009,1693226418264,1692254154021,1692254154024,1693226418271,7,3,4
34010,1693226418271,1692254154029,1692254154032,1693226418279,8,3,5
34011,1693226418279,1692254154036,1692254154039,1693226418286,7,3,4
34012,1693226418286,1692254154044,1692254154047,1693226418294,8,3,5
34013,1693226418294,1692254154051,1692254154055,1693226418303,9,4,5
34014,1693226418303,1692254154061,1692254154065,1693226418311,8,4,4
34015,1693226418311,1692254154068,1692254154072,1693226418319,8,4,4
34016,1693226418319,1692254154076,1692254154079,1693226418326,7,3,4
34017,1693226418326,1692254154084,1692254154086,1693226418333,7,2,5
34018,1693226418334,1692254154091,1692254154094,1693226418341,7,3,4
34019,1693226418341,1692254154098,1692254154101,1693226418348,7,3,4
34020,1693226418348,1692254154107,1692254154110,1693226418357,9,3,6
34021,1693226418357,1692254154115,1692254154118,1693226418365,8,3,5
34022,1693226418365,1692254154128,1692254154131,1693226418377,12,3,9
34023,1693226418377,1692254154135,1692254154138,1693226418385,8,3,5
34024,1693226418385,1692254154143,1692254154147,1693226418393,8,4,4
34025,1693226418393,1692254154150,1692254154153,1693226418400,7,3,4
34026,1693226418400,1692254154158,1692254154160,1693226418407,7,2,5
34027,1693226418407,1692254154165,1692254154169,1693226418416,9,4,5
34028,1693226418416,1692254154173,1692254154177,1693226418424,8,4,4
34029,1693226418424,1692254154181,1692254154184,1693226418431,7,3,4
34030,1693226418431,1692254154189,1692254154192,1693226418439,8,3,5
34031,1693226418439,1692254154196,1692254154200,1693226418446,7,4,3
34032,1693226418446,1692254154204,1692254154208,1693226418455,9,4,5
34033,1693226418455,1692254154212,1692254154216,1693226418462,7,4,3
34034,1693226418462,1692254154219,1692254154223,1693226418470,8,4,4
34035,1693226418470,1692254154228,1692254154232,1693226418479,9,4,5
34036,1693226418479,1692254154237,1692254154240,1693226418487,8,3,5
34037,1693226418487,1692254154245,1692254154248,1693226418495,8,3,5
34038,1693226418495,1692254154252,1692254154255,1693226418502,7,3,4
34039,1693226418502,1692254154259,1692254154262,1693226418509,7,3,4
34040,1693226418509,1692254154266,1692254154269,1693226418515,6,3,3
34041,1693226418516,1692254154273,1692254154276,1693226418523,7,3,4
34042,1693226418523,1692254154282,1692254154285,1693226418532,9,3,6
34043,1693226418532,1692254154290,1692254154293,1693226418539,7,3,4
34044,1693226418539,1692254154297,1692254154300,1693226418547,8,3,5
34045,1693226418547,1692254154305,1692254154308,1693226418555,8,3,5
34046,1693226418555,1692254154313,1692254154316,1693226418563,8,3,5
34047,1693226418563,1692254154321,1692254154324,1693226418571,8,3,5
34048,1693226418571,1692254154329,1692254154332,1693226418578,7,3,4
34049,1693226418578,1692254154335,1692254154338,1693226418585,7,3,4
34050,1693226418585,1692254154342,1692254154346,1693226418592,7,4,3
34051,1693226418592,1692254154349,1692254154353,1693226418600,8,4,4
34052,1693226418600,1692254154357,1692254154360,1693226418607,7,3,4
34053,1693226418607,1692254154366,1692254154370,1693226418616,9,4,5
34054,1693226418617,1692254154374,1692254154377,1693226418624,7,3,4
34055,1693226418624,1692254154381,1692254154385,1693226418631,7,4,3
34056,1693226418632,1692254154389,1692254154393,1693226418640,8,4,4
34057,1693226418640,1692254154398,1692254154402,1693226418648,8,4,4
34058,1693226418648,1692254154406,1692254154409,1693226418656,8,3,5
34059,1693226418656,1692254154413,1692254154417,1693226418663,7,4,3
34060,1693226418663,1692254154420,1692254154424,1693226418671,8,4,4
34061,1693226418671,1692254154429,1692254154431,1693226418678,7,2,5
34062,1693226418678,1692254154436,1692254154438,1693226418685,7,2,5
34063,1693226418685,1692254154443,1692254154446,1693226418693,8,3,5
34064,1693226418693,1692254154453,1692254154456,1693226418702,9,3,6
34065,1693226418702,1692254154459,1692254154464,1693226418713,11,5,6
34066,1693226418713,1692254154470,1692254154473,1693226418720,7,3,4
34067,1693226418720,1692254154478,1692254154482,1693226418729,9,4,5
34068,1693226418729,1692254154486,1692254154489,1693226418736,7,3,4
34069,1693226418736,1692254154494,1692254154498,1693226418745,9,4,5
34070,1693226418745,1692254154502,1692254154505,1693226418752,7,3,4
34071,1693226418752,1692254154509,1692254154512,1693226418759,7,3,4
34072,1693226418759,1692254154516,1692254154520,1693226418767,8,4,4
34073,1693226418767,1692254154524,1692254154529,1693226418775,8,5,3
34074,1693226418776,1692254154533,1692254154537,1693226418783,7,4,3
34075,1693226418783,1692254154540,1692254154544,1693226418790,7,4,3
34076,1693226418790,1692254154548,1692254154551,1693226418798,8,3,5
34077,1693226418798,1692254154555,1692254154559,1693226418805,7,4,3
34078,1693226418805,1692254154563,1692254154567,1693226418815,10,4,6
34079,1693226418815,1692254154574,1692254154576,1693226418823,8,2,6
34080,1693226418823,1692254154581,1692254154584,1693226418832,9,3,6
34081,1693226418832,1692254154590,1692254154593,1693226418839,7,3,4
34082,1693226418839,1692254154597,1692254154601,1693226418848,9,4,5
34083,1693226418848,1692254154605,1692254154608,1693226418854,6,3,3
34084,1693226418855,1692254154613,1692254154616,1693226418862,7,3,4
34085,1693226418862,1692254154620,1692254154622,1693226418869,7,2,5
34086,1693226418869,1692254154626,1692254154629,1693226418875,6,3,3
34087,1693226418875,1692254154634,1692254154637,1693226418884,9,3,6
34088,1693226418884,1692254154642,1692254154645,1693226418892,8,3,5
34089,1693226418892,1692254154650,1692254154653,1693226418900,8,3,5
34090,1693226418900,1692254154658,1692254154661,1693226418908,8,3,5
34091,1693226418908,1692254154665,1692254154669,1693226418918,10,4,6
34092,1693226418918,1692254154675,1692254154679,1693226418926,8,4,4
34093,1693226418926,1692254154683,1692254154687,1693226419011,85,4,81
34094,1693226419012,1692254154770,1692254154773,1693226419020,8,3,5
34095,1693226419020,1692254154778,1692254154781,1693226419028,8,3,5
34096,1693226419028,1692254154786,1692254154789,1693226419039,11,3,8
34097,1693226419039,1692254154796,1692254154800,1693226419046,7,4,3
34098,1693226419046,1692254154804,1692254154808,1693226419054,8,4,4
34099,1693226419054,1692254154811,1692254154814,1693226419061,7,3,4
34100,1693226419061,1692254154818,1692254154821,1693226419068,7,3,4
34101,1693226419068,1692254154825,1692254154829,1693226419075,7,4,3
34102,1693226419075,1692254154833,1692254154838,1693226419085,10,5,5
34103,1693226419085,1692254154843,1692254154846,1693226419092,7,3,4
34104,1693226419092,1692254154850,1692254154852,1693226419099,7,2,5
34105,1693226419099,1692254154857,1692254154861,1693226419108,9,4,5
34106,1693226419108,1692254154865,1692254154869,1693226419115,7,4,3
34107,1693226419116,1692254154873,1692254154876,1693226419124,8,3,5
34108,1693226419124,1692254154882,1692254154885,1693226419132,8,3,5
34109,1693226419132,1692254154889,1692254154893,1693226419140,8,4,4
34110,1693226419140,1692254154898,1692254154901,1693226419148,8,3,5
34111,1693226419148,1692254154905,1692254154909,1693226419155,7,4,3
34112,1693226419156,1692254154913,1692254154916,1693226419163,7,3,4
34113,1693226419163,1692254154924,1692254154927,1693226419174,11,3,8
34114,1693226419174,1692254154931,1692254154936,1693226419183,9,5,4
34115,1693226419183,1692254154940,1692254154944,1693226419191,8,4,4
34116,1693226419191,1692254154948,1692254154951,1693226419198,7,3,4
34117,1693226419198,1692254154956,1692254154960,1693226419207,9,4,5
34118,1693226419207,1692254154964,1692254154967,1693226419214,7,3,4
34119,1693226419214,1692254154971,1692254154975,1693226419225,11,4,7
34120,1693226419225,1692254154983,1692254154987,1693226419233,8,4,4
34121,1693226419233,1692254154991,1692254154994,1693226419241,8,3,5
34122,1693226419241,1692254154999,1692254155002,1693226419249,8,3,5
34123,1693226419249,1692254155006,1692254155009,1693226419256,7,3,4
34124,1693226419256,1692254155013,1692254155017,1693226419264,8,4,4
34125,1693226419264,1692254155021,1692254155025,1693226419272,8,4,4
34126,1693226419272,1692254155030,1692254155033,1693226419279,7,3,4
34127,1693226419279,1692254155037,1692254155041,1693226419288,9,4,5
34128,1693226419288,1692254155047,1692254155050,1693226419297,9,3,6
34129,1693226419297,1692254155054,1692254155058,1693226419305,8,4,4
34130,1693226419305,1692254155063,1692254155066,1693226419312,7,3,4
34131,1693226419312,1692254155070,1692254155074,1693226419320,8,4,4
34132,1693226419321,1692254155078,1692254155081,1693226419328,7,3,4
34133,1693226419328,1692254155085,1692254155089,1693226419336,8,4,4
34134,1693226419336,1692254155093,1692254155096,1693226419342,6,3,3
34135,1693226419342,1692254155100,1692254155103,1693226419350,8,3,5
34136,1693226419350,1692254155108,1692254155112,1693226419359,9,4,5
34137,1693226419359,1692254155117,1692254155120,1693226419367,8,3,5
34138,1693226419367,1692254155124,1692254155127,1693226419374,7,3,4
34139,1693226419374,1692254155131,1692254155136,1693226419383,9,5,4
34140,1693226419383,1692254155140,1692254155144,1693226419391,8,4,4
34141,1693226419391,1692254155149,1692254155152,1693226419399,8,3,5
34142,1693226419399,1692254155157,1692254155160,1693226419407,8,3,5
34143,1693226419407,1692254155165,1692254155168,1693226419415,8,3,5
34144,1693226419415,1692254155173,1692254155176,1693226419423,8,3,5
34145,1693226419423,1692254155181,1692254155185,1693226419432,9,4,5
34146,1693226419432,1692254155190,1692254155193,1693226419439,7,3,4
34147,1693226419439,1692254155197,1692254155200,1693226419447,8,3,5
34148,1693226419447,1692254155204,1692254155208,1693226419455,8,4,4
34149,1693226419455,1692254155212,1692254155216,1693226419463,8,4,4
34150,1693226419463,1692254155221,1692254155224,1693226419471,8,3,5
34151,1693226419471,1692254155229,1692254155233,1693226419480,9,4,5
34152,1693226419480,1692254155237,1692254155240,1693226419487,7,3,4
34153,1693226419487,1692254155245,1692254155247,1693226419494,7,2,5
34154,1693226419494,1692254155252,1692254155254,1693226419501,7,2,5
34155,1693226419501,1692254155259,1692254155262,1693226419509,8,3,5
34156,1693226419509,1692254155266,1692254155269,1693226419515,6,3,3
34157,1693226419516,1692254155273,1692254155276,1693226419523,7,3,4
34158,1693226419523,1692254155281,1692254155283,1693226419532,9,2,7
34159,1693226419532,1692254155289,1692254155292,1693226419539,7,3,4
34160,1693226419539,1692254155296,1692254155299,1693226419546,7,3,4
34161,1693226419546,1692254155304,1692254155306,1693226419553,7,2,5
34162,1693226419553,1692254155311,1692254155313,1693226419560,7,2,5
34163,1693226419560,1692254155318,1692254155324,1693226419571,11,6,5
34164,1693226419571,1692254155328,1692254155332,1693226419578,7,4,3
34165,1693226419578,1692254155335,1692254155339,1693226419586,8,4,4
34166,1693226419586,1692254155343,1692254155347,1693226419594,8,4,4
34167,1693226419594,1692254155351,1692254155354,1693226419600,6,3,3
34168,1693226419600,1692254155358,1692254155361,1693226419608,8,3,5
34169,1693226419608,1692254155366,1692254155369,1693226419615,7,3,4
34170,1693226419615,1692254155373,1692254155376,1693226419623,8,3,5
34171,1693226419623,1692254155381,1692254155384,1693226419631,8,3,5
34172,1693226419631,1692254155390,1692254155394,1693226419641,10,4,6
34173,1693226419641,1692254155399,1692254155402,1693226419653,12,3,9
34174,1693226419653,1692254155410,1692254155415,1693226419662,9,5,4
34175,1693226419662,1692254155419,1692254155423,1693226419670,8,4,4
34176,1693226419670,1692254155427,1692254155431,1693226419677,7,4,3
34177,1693226419677,1692254155435,1692254155438,1693226419685,8,3,5
34178,1693226419685,1692254155442,1692254155445,1693226419692,7,3,4
34179,1693226419692,1692254155450,1692254155453,1693226419699,7,3,4
34180,1693226419699,1692254155457,1692254155459,1693226419706,7,2,5
34181,1693226419706,1692254155464,1692254155467,1693226419713,7,3,4
34182,1693226419713,1692254155471,1692254155474,1693226419721,8,3,5
34183,1693226419721,1692254155479,1692254155482,1693226419728,7,3,4
34184,1693226419728,1692254155486,1692254155490,1693226419737,9,4,5
34185,1693226419737,1692254155494,1692254155498,1693226419744,7,4,3
34186,1693226419744,1692254155502,1692254155505,1693226419752,8,3,5
34187,1693226419752,1692254155509,1692254155512,1693226419759,7,3,4
34188,1693226419759,1692254155517,1692254155521,1693226419769,10,4,6
34189,1693226419769,1692254155526,1692254155529,1693226419776,7,3,4
34190,1693226419776,1692254155533,1692254155536,1693226419783,7,3,4
34191,1693226419783,1692254155540,1692254155543,1693226419790,7,3,4
34192,1693226419790,1692254155548,1692254155551,1693226419798,8,3,5
34193,1693226419798,1692254155558,1692254155562,1693226419809,11,4,7
34194,1693226419809,1692254155566,1692254155570,1693226419816,7,4,3
34195,1693226419816,1692254155574,1692254155577,1693226419824,8,3,5
34196,1693226419824,1692254155581,1692254155585,1693226419831,7,4,3
34197,1693226419831,1692254155589,1692254155592,1693226419839,8,3,5
34198,1693226419839,1692254155601,1692254155605,1693226419852,13,4,9
34199,1693226419852,1692254155610,1692254155613,1693226419859,7,3,4
34200,1693226419859,1692254155617,1692254155620,1693226419866,7,3,4
34201,1693226419866,1692254155624,1692254155627,1693226419873,7,3,4
34202,1693226419873,1692254155631,1692254155635,1693226419882,9,4,5
34203,1693226419882,1692254155639,1692254155642,1693226419889,7,3,4
34204,1693226419889,1692254155646,1692254155649,1693226419896,7,3,4
34205,1693226419896,1692254155654,1692254155657,1693226419904,8,3,5
34206,1693226419904,1692254155662,1692254155665,1693226419911,7,3,4
34207,1693226419911,1692254155670,1692254155673,1693226419920,9,3,6
34208,1693226419920,1692254155678,1692254155681,1693226419928,8,3,5
34209,1693226419928,1692254155685,1692254155689,1693226419935,7,4,3
34210,1693226419935,1692254155693,1692254155696,1693226419943,8,3,5
34211,1693226419943,1692254155700,1692254155705,1693226419951,8,5,3
34212,1693226419951,1692254155709,1692254155712,1693226419959,8,3,5
34213,1693226419959,1692254155716,1692254155720,1693226419966,7,4,3
34214,1693226419966,1692254155724,1692254155728,1693226419975,9,4,5
34215,1693226419975,1692254155733,1692254155736,1693226419983,8,3,5
34216,1693226419983,1692254155740,1692254155743,1693226419989,6,3,3
34217,1693226419989,1692254155747,1692254155751,1693226419998,9,4,5
34218,1693226419998,1692254155756,1692254155759,1693226420006,8,3,5
34219,1693226420006,1692254155764,1692254155767,1693226420014,8,3,5
34220,1693226420014,1692254155771,1692254155774,1693226420021,7,3,4
34221,1693226420021,1692254155779,1692254155783,1693226420029,8,4,4
34222,1693226420029,1692254155787,1692254155790,1693226420037,8,3,5
34223,1693226420037,1692254155800,1692254155804,1693226420050,13,4,9
34224,1693226420050,1692254155808,1692254155812,1693226420058,8,4,4
34225,1693226420058,1692254155817,1692254155820,1693226420067,9,3,6
34226,1693226420067,1692254155824,1692254155827,1693226420075,8,3,5
34227,1693226420075,1692254155833,1692254155836,1693226420083,8,3,5
34228,1693226420083,1692254155840,1692254155844,1693226420091,8,4,4
34229,1693226420091,1692254155848,1692254155851,1693226420098,7,3,4
34230,1693226420098,1692254155856,1692254155860,1693226420107,9,4,5
34231,1693226420107,1692254155867,1692254155870,1693226420118,11,3,8
34232,1693226420118,1692254155875,1692254155878,1693226420125,7,3,4
34233,1693226420125,1692254155884,1692254155887,1693226420135,10,3,7
34234,1693226420135,1692254155896,1692254155900,1693226420148,13,4,9
34235,1693226420148,1692254155918,1692254155924,1693226420173,25,6,19
34236,1693226420174,1692254155932,1692254155936,1693226420183,9,4,5
34237,1693226420183,1692254155941,1692254155945,1693226420192,9,4,5
34238,1693226420192,1692254155950,1692254155954,1693226420200,8,4,4
34239,1693226420200,1692254155958,1692254155961,1693226420208,8,3,5
34240,1693226420208,1692254155966,1692254155969,1693226420216,8,3,5
34241,1693226420216,1692254155980,1692254155983,1693226420230,14,3,11
34242,1693226420230,1692254155988,1692254155991,1693226420238,8,3,5
34243,1693226420238,1692254155995,1692254155999,1693226420245,7,4,3
34244,1693226420245,1692254156005,1692254156008,1693226420254,9,3,6
34245,1693226420255,1692254156012,1692254156015,1693226420262,7,3,4
34246,1693226420262,1692254156025,1692254156028,1693226420274,12,3,9
34247,1693226420274,1692254156031,1692254156036,1693226420283,9,5,4
34248,1693226420283,1692254156041,1692254156045,1693226420291,8,4,4
34249,1693226420291,1692254156049,1692254156052,1693226420299,8,3,5
34250,1693226420299,1692254156056,1692254156059,1693226420306,7,3,4
34251,1693226420306,1692254156063,1692254156067,1693226420314,8,4,4
34252,1693226420314,1692254156072,1692254156075,1693226420321,7,3,4
34253,1693226420321,1692254156079,1692254156082,1693226420329,8,3,5
34254,1693226420329,1692254156086,1692254156089,1693226420336,7,3,4
34255,1693226420336,1692254156094,1692254156098,1693226420344,8,4,4
34256,1693226420345,1692254156102,1692254156105,1693226420352,7,3,4
34257,1693226420352,1692254156110,1692254156112,1693226420359,7,2,5
34258,1693226420359,1692254156116,1692254156119,1693226420366,7,3,4
34259,1693226420366,1692254156124,1692254156126,1693226420373,7,2,5
34260,1693226420373,1692254156131,1692254156134,1693226420380,7,3,4
34261,1693226420381,1692254156138,1692254156142,1693226420389,8,4,4
34262,1693226420389,1692254156147,1692254156150,1693226420396,7,3,4
34263,1693226420396,1692254156154,1692254156157,1693226420404,8,3,5
34264,1693226420404,1692254156161,1692254156164,1693226420411,7,3,4
34265,1693226420411,1692254156168,1692254156172,1693226420418,7,4,3
34266,1693226420418,1692254156176,1692254156180,1693226420426,8,4,4
34267,1693226420426,1692254156184,1692254156187,1693226420434,8,3,5
34268,1693226420434,1692254156191,1692254156195,1693226420441,7,4,3
34269,1693226420441,1692254156198,1692254156202,1693226420448,7,4,3
34270,1693226420448,1692254156206,1692254156209,1693226420456,8,3,5
34271,1693226420456,1692254156214,1692254156217,1693226420463,7,3,4
34272,1693226420464,1692254156221,1692254156224,1693226420471,7,3,4
34273,1693226420471,1692254156229,1692254156232,1693226420479,8,3,5
34274,1693226420479,1692254156236,1692254156240,1693226420486,7,4,3
34275,1693226420486,1692254156244,1692254156247,1693226420493,7,3,4
34276,1693226420493,1692254156251,1692254156254,1693226420501,8,3,5
34277,1693226420501,1692254156258,1692254156261,1693226420508,7,3,4
34278,1693226420508,1692254156265,1692254156268,1693226420515,7,3,4
34279,1693226420515,1692254156273,1692254156276,1693226420523,8,3,5
34280,1693226420523,1692254156280,1692254156283,1693226420530,7,3,4
34281,1693226420530,1692254156288,1692254156291,1693226420538,8,3,5
34282,1693226420538,1692254156296,1692254156299,1693226420546,8,3,5
34283,1693226420546,1692254156304,1692254156306,1693226420553,7,2,5
34284,1693226420553,1692254156313,1692254156317,1693226420564,11,4,7
34285,1693226420564,1692254156321,1692254156324,1693226420571,7,3,4
34286,1693226420571,1692254156330,1692254156333,1693226420580,9,3,6
34287,1693226420580,1692254156337,1692254156340,1693226420587,7,3,4
34288,1693226420587,1692254156345,1692254156349,1693226420596,9,4,5
34289,1693226420596,1692254156353,1692254156357,1693226420603,7,4,3
34290,1693226420603,1692254156360,1692254156364,1693226420610,7,4,3
34291,1693226420610,1692254156368,1692254156371,1693226420618,8,3,5
34292,1693226420618,1692254156376,1692254156379,1693226420626,8,3,5
34293,1693226420626,1692254156384,1692254156387,1693226420634,8,3,5
34294,1693226420634,1692254156392,1692254156395,1693226420642,8,3,5
34295,1693226420642,1692254156400,1692254156402,1693226420649,7,2,5
34296,1693226420649,1692254156406,1692254156409,1693226420656,7,3,4
34297,1693226420656,1692254156414,1692254156418,1693226420665,9,4,5
34298,1693226420665,1692254156422,1692254156427,1693226420673,8,5,3
34299,1693226420673,1692254156431,1692254156435,1693226420682,9,4,5
34300,1693226420682,1692254156439,1692254156443,1693226420689,7,4,3
34301,1693226420689,1692254156446,1692254156450,1693226420697,8,4,4
34302,1693226420697,1692254156455,1692254156458,1693226420705,8,3,5
34303,1693226420705,1692254156463,1692254156465,1693226420712,7,2,5
34304,1693226420712,1692254156470,1692254156474,1693226420721,9,4,5
34305,1693226420721,1692254156478,1692254156481,1693226420727,6,3,3
34306,1693226420727,1692254156484,1692254156488,1693226420734,7,4,3
34307,1693226420734,1692254156492,1692254156495,1693226420741,7,3,4
34308,1693226420741,1692254156499,1692254156502,1693226420749,8,3,5
34309,1693226420749,1692254156507,1692254156510,1693226420756,7,3,4
34310,1693226420756,1692254156516,1692254156520,1693226420767,11,4,7
34311,1693226420767,1692254156525,1692254156529,1693226420776,9,4,5
34312,1693226420776,1692254156534,1692254156537,1693226420784,8,3,5
34313,1693226420784,1692254156541,1692254156545,1693226420792,8,4,4
34314,1693226420792,1692254156549,1692254156552,1693226420798,6,3,3
34315,1693226420798,1692254156556,1692254156559,1693226420806,8,3,5
34316,1693226420806,1692254156564,1692254156567,1693226420813,7,3,4
34317,1693226420813,1692254156571,1692254156574,1693226420821,8,3,5
34318,1693226420821,1692254156579,1692254156582,1693226420829,8,3,5
34319,1693226420829,1692254156589,1692254156592,1693226420839,10,3,7
34320,1693226420839,1692254156597,1692254156600,1693226420846,7,3,4
34321,1693226420846,1692254156604,1692254156609,1693226420856,10,5,5
34322,1693226420856,1692254156614,1692254156617,1693226420864,8,3,5
34323,1693226420864,1692254156621,1692254156625,1693226420872,8,4,4
34324,1693226420872,1692254156630,1692254156633,1693226420880,8,3,5
34325,1693226420880,1692254156637,1692254156641,1693226420888,8,4,4
34326,1693226420888,1692254156645,1692254156648,1693226420895,7,3,4
34327,1693226420895,1692254156652,1692254156656,1693226420902,7,4,3
34328,1693226420902,1692254156660,1692254156664,1693226420911,9,4,5
34329,1693226420911,1692254156668,1692254156671,1693226420917,6,3,3
34330,1693226420917,1692254156675,1692254156678,1693226420925,8,3,5
34331,1693226420925,1692254156685,1692254156687,1693226420934,9,2,7
34332,1693226420934,1692254156691,1692254156694,1693226420941,7,3,4
34333,1693226420941,1692254156699,1692254156702,1693226420949,8,3,5
34334,1693226420949,1692254156706,1692254156709,1693226420956,7,3,4
34335,1693226420956,1692254156713,1692254156717,1693226420966,10,4,6
34336,1693226420966,1692254156724,1692254156727,1693226420974,8,3,5
34337,1693226420974,1692254156733,1692254156736,1693226420984,10,3,7
34338,1693226420984,1692254156742,1692254156745,1693226420992,8,3,5
34339,1693226420992,1692254156751,1692254156755,1693226421002,10,4,6
34340,1693226421002,1692254156759,1692254156762,1693226421009,7,3,4
34341,1693226421009,1692254156767,1692254156770,1693226421017,8,3,5
34342,1693226421017,1692254156774,1692254156778,1693226421024,7,4,3
34343,1693226421025,1692254156783,1692254156785,1693226421032,7,2,5
34344,1693226421032,1692254156790,1692254156793,1693226421040,8,3,5
34345,1693226421040,1692254156798,1692254156802,1693226421048,8,4,4
34346,1693226421048,1692254156806,1692254156809,1693226421055,7,3,4
34347,1693226421055,1692254156813,1692254156816,1693226421063,8,3,5
34348,1693226421063,1692254156823,1692254156827,1693226421074,11,4,7
34349,1693226421074,1692254156831,1692254156835,1693226421082,8,4,4
34350,1693226421082,1692254156840,1692254156843,1693226421090,8,3,5
34351,1693226421090,1692254156848,1692254156850,1693226421098,8,2,6
34352,1693226421098,1692254156856,1692254156859,1693226421106,8,3,5
34353,1693226421106,1692254156865,1692254156868,1693226421116,10,3,7
34354,1693226421116,1692254156874,1692254156878,1693226421125,9,4,5
34355,1693226421125,1692254156882,1692254156886,1693226421133,8,4,4
34356,1693226421133,1692254156890,1692254156893,1693226421140,7,3,4
34357,1693226421140,1692254156897,1692254156900,1693226421147,7,3,4
34358,1693226421147,1692254156905,1692254156910,1693226421157,10,5,5
34359,1693226421157,1692254156916,1692254156919,1693226421166,9,3,6
34360,1693226421166,1692254156926,1692254156929,1693226421179,13,3,10
34361,1693226421179,1692254156937,1692254156940,1693226421187,8,3,5
34362,1693226421187,1692254156945,1692254156949,1693226421195,8,4,4
34363,1693226421195,1692254156953,1692254156956,1693226421202,7,3,4
34364,1693226421203,1692254156960,1692254156964,1693226421211,8,4,4
34365,1693226421211,1692254156968,1692254156971,1693226421217,6,3,3
34366,1693226421217,1692254156975,1692254156978,1693226421225,8,3,5
34367,1693226421225,1692254156982,1692254156985,1693226421232,7,3,4
34368,1693226421232,1692254156990,1692254156993,1693226421239,7,3,4
34369,1693226421239,1692254156997,1692254157001,1693226421248,9,4,5
34370,1693226421248,1692254157006,1692254157009,1693226421256,8,3,5
34371,1693226421256,1692254157014,1692254157017,1693226421264,8,3,5
34372,1693226421264,1692254157021,1692254157024,1693226421273,9,3,6
34373,1693226421273,1692254157031,1692254157035,1693226421281,8,4,4
34374,1693226421281,1692254157039,1692254157042,1693226421290,9,3,6
34375,1693226421290,1692254157048,1692254157051,1693226421297,7,3,4
34376,1693226421297,1692254157055,1692254157058,1693226421305,8,3,5
34377,1693226421305,1692254157062,1692254157065,1693226421311,6,3,3
34378,1693226421311,1692254157068,1692254157071,1693226421318,7,3,4
34379,1693226421318,1692254157076,1692254157078,1693226421325,7,2,5
34380,1693226421325,1692254157083,1692254157086,1693226421332,7,3,4
34381,1693226421332,1692254157090,1692254157092,1693226421339,7,2,5
34382,1693226421339,1692254157097,1692254157100,1693226421347,8,3,5
34383,1693226421347,1692254157104,1692254157107,1693226421354,7,3,4
34384,1693226421354,1692254157112,1692254157115,1693226421364,10,3,7
34385,1693226421364,1692254157122,1692254157125,1693226421372,8,3,5
34386,1693226421372,1692254157132,1692254157135,1693226421382,10,3,7
34387,1693226421382,1692254157139,1692254157143,1693226421390,8,4,4
34388,1693226421390,1692254157148,1692254157152,1693226421399,9,4,5
34389,1693226421399,1692254157156,1692254157159,1693226421406,7,3,4
34390,1693226421406,1692254157165,1692254157168,1693226421415,9,3,6
34391,1693226421415,1692254157173,1692254157177,1693226421423,8,4,4
34392,1693226421423,1692254157181,1692254157184,1693226421431,8,3,5
34393,1693226421431,1692254157188,1692254157192,1693226421439,8,4,4
34394,1693226421439,1692254157197,1692254157200,1693226421447,8,3,5
34395,1693226421447,1692254157205,1692254157209,1693226421456,9,4,5
34396,1693226421456,1692254157214,1692254157217,1693226421463,7,3,4
34397,1693226421464,1692254157221,1692254157224,1693226421471,7,3,4
34398,1693226421471,1692254157229,1692254157232,1693226421479,8,3,5
34399,1693226421479,1692254157236,1692254157240,1693226421487,8,4,4
34400,1693226421487,1692254157245,1692254157248,1693226421495,8,3,5
34401,1693226421495,1692254157263,1692254157267,1693226421514,19,4,15
34402,1693226421514,1692254157272,1692254157275,1693226421522,8,3,5
34403,1693226421522,1692254157285,1692254157288,1693226421535,13,3,10
34404,1693226421535,1692254157292,1692254157296,1693226421543,8,4,4
34405,1693226421543,1692254157301,1692254157304,1693226421551,8,3,5
34406,1693226421551,1692254157308,1692254157311,1693226421558,7,3,4
34407,1693226421558,1692254157316,1692254157319,1693226421566,8,3,5
34408,1693226421566,1692254157324,1692254157327,1693226421574,8,3,5
34409,1693226421574,1692254157332,1692254157335,1693226421581,7,3,4
34410,1693226421582,1692254157340,1692254157342,1693226421589,7,2,5
34411,1693226421589,1692254157347,1692254157350,1693226421598,9,3,6
34412,1693226421598,1692254157355,1692254157358,1693226421605,7,3,4
34413,1693226421605,1692254157363,1692254157367,1693226421614,9,4,5
34414,1693226421614,1692254157371,1692254157374,1693226421621,7,3,4
34415,1693226421621,1692254157379,1692254157382,1693226421628,7,3,4
34416,1693226421628,1692254157386,1692254157389,1693226421636,8,3,5
34417,1693226421636,1692254157393,1692254157396,1693226421643,7,3,4
34418,1693226421643,1692254157400,1692254157404,1693226421650,7,4,3
34419,1693226421650,1692254157409,1692254157412,1693226421659,9,3,6
34420,1693226421659,1692254157417,1692254157420,1693226421667,8,3,5
34421,1693226421667,1692254157424,1692254157428,1693226421674,7,4,3
34422,1693226421674,1692254157432,1692254157435,1693226421682,8,3,5
34423,1693226421682,1692254157440,1692254157443,1693226421690,8,3,5
34424,1693226421690,1692254157448,1692254157451,1693226421698,8,3,5
34425,1693226421698,1692254157456,1692254157460,1693226421706,8,4,4
34426,1693226421706,1692254157464,1692254157467,1693226421714,8,3,5
34427,1693226421714,1692254157471,1692254157474,1693226421721,7,3,4
34428,1693226421721,1692254157478,1692254157484,1693226421731,10,6,4
34429,1693226421731,1692254157489,1692254157491,1693226421738,7,2,5
34430,1693226421738,1692254157496,1692254157499,1693226421746,8,3,5
34431,1693226421746,1692254157504,1692254157509,1693226421755,9,5,4
34432,1693226421755,1692254157514,1692254157518,1693226421765,10,4,6
34433,1693226421765,1692254157522,1692254157526,1693226421773,8,4,4
34434,1693226421773,1692254157531,1692254157535,1693226421782,9,4,5
34435,1693226421782,1692254157541,1692254157544,1693226421791,9,3,6
34436,1693226421791,1692254157548,1692254157552,1693226421799,8,4,4
34437,1693226421799,1692254157556,1692254157559,1693226421806,7,3,4
34438,1693226421806,1692254157564,1692254157568,1693226421814,8,4,4
34439,1693226421814,1692254157572,1692254157575,1693226421822,8,3,5
34440,1693226421822,1692254157580,1692254157584,1693226421830,8,4,4
34441,1693226421830,1692254157588,1692254157591,1693226421838,8,3,5
34442,1693226421838,1692254157595,1692254157598,1693226421845,7,3,4
34443,1693226421845,1692254157602,1692254157606,1693226421852,7,4,3
34444,1693226421852,1692254157610,1692254157613,1693226421860,8,3,5
34445,1693226421860,1692254157617,1692254157620,1693226421867,7,3,4
34446,1693226421867,1692254157624,1692254157627,1693226421874,7,3,4
34447,1693226421874,1692254157632,1692254157635,1693226421882,8,3,5
34448,1693226421882,1692254157639,1692254157642,1693226421888,6,3,3
34449,1693226421889,1692254157646,1692254157650,1693226421896,7,4,3
34450,1693226421896,1692254157654,1692254157657,1693226421904,8,3,5
34451,1693226421904,1692254157662,1692254157665,1693226421912,8,3,5
34452,1693226421912,1692254157670,1692254157673,1693226421920,8,3,5
34453,1693226421920,1692254157678,1692254157681,1693226421928,8,3,5
34454,1693226421928,1692254157686,1692254157689,1693226421936,8,3,5
34455,1693226421936,1692254157694,1692254157697,1693226421944,8,3,5
34456,1693226421944,1692254157701,1692254157704,1693226421951,7,3,4
34457,1693226421951,1692254157709,1692254157712,1693226421959,8,3,5
34458,1693226421959,1692254157717,1692254157720,1693226421967,8,3,5
34459,1693226421967,1692254157724,1692254157727,1693226421973,6,3,3
34460,1693226421973,1692254157730,1692254157734,1693226421980,7,4,3
34461,1693226421980,1692254157738,1692254157741,1693226421990,10,3,7
34462,1693226421990,1692254157747,1692254157751,1693226421998,8,4,4
34463,1693226421998,1692254157755,1692254157759,1693226422005,7,4,3
34464,1693226422005,1692254157763,1692254157767,1693226422013,8,4,4
34465,1693226422013,1692254157771,1692254157775,1693226422021,8,4,4
34466,1693226422021,1692254157779,1692254157782,1693226422029,8,3,5
34467,1693226422029,1692254157787,1692254157790,1693226422037,8,3,5
34468,1693226422037,1692254157795,1692254157799,1693226422046,9,4,5
34469,1693226422046,1692254157804,1692254157808,1693226422055,9,4,5
34470,1693226422055,1692254157813,1692254157816,1693226422062,7,3,4
34471,1693226422062,1692254157820,1692254157824,1693226422070,8,4,4
34472,1693226422070,1692254157827,1692254157831,1693226422077,7,4,3
34473,1693226422077,1692254157835,1692254157838,1693226422084,7,3,4
34474,1693226422084,1692254157841,1692254157844,1693226422092,8,3,5
34475,1693226422092,1692254157849,1692254157852,1693226422099,7,3,4
34476,1693226422099,1692254157856,1692254157861,1693226422108,9,5,4
34477,1693226422108,1692254157866,1692254157869,1693226422115,7,3,4
34478,1693226422116,1692254157873,1692254157877,1693226422123,7,4,3
34479,1693226422123,1692254157881,1692254157884,1693226422131,8,3,5
34480,1693226422131,1692254157889,1692254157892,1693226422139,8,3,5
34481,1693226422139,1692254157897,1692254157900,1693226422147,8,3,5
34482,1693226422147,1692254157904,1692254157907,1693226422154,7,3,4
34483,1693226422154,1692254157914,1692254157917,1693226422164,10,3,7
34484,1693226422164,1692254157921,1692254157924,1693226422170,6,3,3
34485,1693226422170,1692254157928,1692254157931,1693226422178,8,3,5
34486,1693226422178,1692254157935,1692254157938,1693226422186,8,3,5
34487,1693226422186,1692254157944,1692254157947,1693226422196,10,3,7
34488,1693226422196,1692254157954,1692254157957,1693226422203,7,3,4
34489,1693226422203,1692254157963,1692254157967,1693226422214,11,4,7
34490,1693226422214,1692254157972,1692254157975,1693226422222,8,3,5
34491,1693226422222,1692254157979,1692254157983,1693226422229,7,4,3
34492,1693226422229,1692254157987,1692254157991,1693226422237,8,4,4
34493,1693226422237,1692254157995,1692254157998,1693226422245,8,3,5
34494,1693226422245,1692254158002,1692254158006,1693226422253,8,4,4
34495,1693226422253,1692254158010,1692254158014,1693226422260,7,4,3
34496,1693226422260,1692254158018,1692254158021,1693226422270,10,3,7
34497,1693226422270,1692254158028,1692254158032,1693226422279,9,4,5
34498,1693226422279,1692254158036,1692254158039,1693226422286,7,3,4
34499,1693226422286,1692254158043,1692254158047,1693226422294,8,4,4
34500,1693226422294,1692254158053,1692254158056,1693226422303,9,3,6
34501,1693226422303,1692254158061,1692254158064,1693226422310,7,3,4
34502,1693226422311,1692254158068,1692254158071,1693226422318,7,3,4
34503,1693226422318,1692254158077,1692254158080,1693226422328,10,3,7
34504,1693226422328,1692254158085,1692254158089,1693226422336,8,4,4
34505,1693226422336,1692254158093,1692254158097,1693226422343,7,4,3
34506,1693226422344,1692254158101,1692254158104,1693226422350,6,3,3
34507,1693226422350,1692254158108,1692254158111,1693226422358,8,3,5
34508,1693226422358,1692254158116,1692254158119,1693226422365,7,3,4
34509,1693226422366,1692254158123,1692254158127,1693226422373,7,4,3
34510,1693226422373,1692254158130,1692254158133,1693226422380,7,3,4
34511,1693226422380,1692254158137,1692254158140,1693226422387,7,3,4
34512,1693226422387,1692254158145,1692254158148,1693226422395,8,3,5
34513,1693226422395,1692254158161,1692254158165,1693226422411,16,4,12
34514,1693226422411,1692254158169,1692254158172,1693226422419,8,3,5
34515,1693226422419,1692254158177,1692254158180,1693226422426,7,3,4
34516,1693226422426,1692254158184,1692254158188,1693226422434,8,4,4
34517,1693226422434,1692254158192,1692254158195,1693226422442,8,3,5
34518,1693226422442,1692254158200,1692254158203,1693226422450,8,3,5
34519,1693226422450,1692254158208,1692254158210,1693226422457,7,2,5
34520,1693226422457,1692254158216,1692254158219,1693226422466,9,3,6
34521,1693226422466,1692254158224,1692254158228,1693226422475,9,4,5
34522,1693226422475,1692254158233,1692254158236,1693226422482,7,3,4
34523,1693226422482,1692254158240,1692254158243,1693226422490,8,3,5
34524,1693226422490,1692254158247,1692254158251,1693226422497,7,4,3
34525,1693226422497,1692254158257,1692254158260,1693226422507,10,3,7
34526,1693226422507,1692254158264,1692254158268,1693226422515,8,4,4
34527,1693226422515,1692254158273,1692254158276,1693226422523,8,3,5
34528,1693226422523,1692254158281,1692254158284,1693226422532,9,3,6
34529,1693226422532,1692254158290,1692254158292,1693226422539,7,2,5
34530,1693226422539,1692254158296,1692254158299,1693226422546,7,3,4
34531,1693226422546,1692254158303,1692254158306,1693226422553,7,3,4
34532,1693226422553,1692254158310,1692254158313,1693226422560,7,3,4
34533,1693226422560,1692254158318,1692254158321,1693226422569,9,3,6
34534,1693226422569,1692254158326,1692254158330,1693226422578,9,4,5
34535,1693226422578,1692254158336,1692254158340,1693226422587,9,4,5
34536,1693226422587,1692254158345,1692254158348,1693226422595,8,3,5
34537,1693226422595,1692254158356,1692254158360,1693226422606,11,4,7
34538,1693226422606,1692254158365,1692254158369,1693226422615,9,4,5
34539,1693226422615,1692254158372,1692254158375,1693226422622,7,3,4
34540,1693226422622,1692254158380,1692254158383,1693226422630,8,3,5
34541,1693226422630,1692254158388,1692254158391,1693226422637,7,3,4
34542,1693226422637,1692254158395,1692254158400,1693226422647,10,5,5
34543,1693226422647,1692254158404,1692254158408,1693226422654,7,4,3
34544,1693226422654,1692254158412,1692254158416,1693226422662,8,4,4
34545,1693226422662,1692254158419,1692254158423,1693226422670,8,4,4
34546,1693226422670,1692254158427,1692254158430,1693226422678,8,3,5
34547,1693226422678,1692254158435,1692254158438,1693226422685,7,3,4
34548,1693226422685,1692254158443,1692254158445,1693226422692,7,2,5
34549,1693226422692,1692254158450,1692254158453,1693226422700,8,3,5
34550,1693226422700,1692254158457,1692254158460,1693226422707,7,3,4
34551,1693226422707,1692254158465,1692254158468,1693226422715,8,3,5
34552,1693226422715,1692254158472,1692254158476,1693226422723,8,4,4
34553,1693226422723,1692254158480,1692254158483,1693226422730,7,3,4
34554,1693226422730,1692254158487,1692254158490,1693226422737,7,3,4
34555,1693226422737,1692254158494,1692254158497,1693226422744,7,3,4
34556,1693226422744,1692254158502,1692254158506,1693226422753,9,4,5
34557,1693226422753,1692254158511,1692254158515,1693226422761,8,4,4
34558,1693226422761,1692254158519,1692254158522,1693226422769,8,3,5
34559,1693226422769,1692254158527,1692254158530,1693226422777,8,3,5
34560,1693226422777,1692254158534,1692254158538,1693226422785,8,4,4
34561,1693226422785,1692254158542,1692254158545,1693226422791,6,3,3
34562,1693226422791,1692254158549,1692254158552,1693226422799,8,3,5
34563,1693226422799,1692254158557,1692254158560,1693226422809,10,3,7
34564,1693226422809,1692254158568,1692254158571,1693226422818,9,3,6
34565,1693226422818,1692254158575,1692254158578,1693226422824,6,3,3
34566,1693226422825,1692254158582,1692254158585,1693226422832,7,3,4
34567,1693226422832,1692254158590,1692254158594,1693226422841,9,4,5
34568,1693226422841,1692254158599,1692254158602,1693226422849,8,3,5
34569,1693226422849,1692254158606,1692254158610,1693226422857,8,4,4
34570,1693226422857,1692254158614,1692254158617,1693226422863,6,3,3
34571,1693226422863,1692254158620,1692254158624,1693226422871,8,4,4
34572,1693226422871,1692254158631,1692254158635,1693226422882,11,4,7
34573,1693226422882,1692254158639,1692254158643,1693226422890,8,4,4
34574,1693226422890,1692254158648,1692254158650,1693226422897,7,2,5
34575,1693226422897,1692254158655,1692254158662,1693226422911,14,7,7
34576,1693226422911,1692254158669,1692254158672,1693226422919,8,3,5
34577,1693226422919,1692254158677,1692254158682,1693226422928,9,5,4
34578,1693226422928,1692254158687,1692254158690,1693226422937,9,3,6
34579,1693226422937,1692254158694,1692254158699,1693226422946,9,5,4
34580,1693226422946,1692254158704,1692254158707,1693226422954,8,3,5
34581,1693226422954,1692254158712,1692254158716,1693226422962,8,4,4
34582,1693226422962,1692254158719,1692254158723,1693226422969,7,4,3
34583,1693226422969,1692254158727,1692254158731,1693226422977,8,4,4
34584,1693226422977,1692254158735,1692254158738,1693226422984,7,3,4
34585,1693226422984,1692254158742,1692254158744,1693226422991,7,2,5
34586,1693226422991,1692254158749,1692254158753,1693226423000,9,4,5
34587,1693226423000,1692254158757,1692254158761,1693226423008,8,4,4
34588,1693226423008,1692254158766,1692254158769,1693226423015,7,3,4
34589,1693226423015,1692254158773,1692254158777,1693226423023,8,4,4
34590,1693226423023,1692254158781,1692254158787,1693226423033,10,6,4
34591,1693226423033,1692254158791,1692254158794,1693226423041,8,3,5
34592,1693226423041,1692254158799,1692254158802,1693226423049,8,3,5
34593,1693226423049,1692254158807,1692254158810,1693226423057,8,3,5
34594,1693226423057,1692254158815,1692254158821,1693226423068,11,6,5
34595,1693226423068,1692254158825,1692254158828,1693226423074,6,3,3
34596,1693226423074,1692254158832,1692254158836,1693226423084,10,4,6
34597,1693226423084,1692254158842,1692254158846,1693226423093,9,4,5
34598,1693226423093,1692254158850,1692254158853,1693226423100,7,3,4
34599,1693226423100,1692254158860,1692254158863,1693226423110,10,3,7
34600,1693226423110,1692254158867,1692254158870,1693226423116,6,3,3
34601,1693226423116,1692254158874,1692254158877,1693226423124,8,3,5
34602,1693226423124,1692254158882,1692254158885,1693226423133,9,3,6
34603,1693226423133,1692254158891,1692254158895,1693226423142,9,4,5
34604,1693226423142,1692254158899,1692254158903,1693226423149,7,4,3
34605,1693226423149,1692254158906,1692254158910,1693226423156,7,4,3
34606,1693226423157,1692254158914,1692254158917,1693226423164,7,3,4
34607,1693226423164,1692254158922,1692254158925,1693226423172,8,3,5
34608,1693226423172,1692254158930,1692254158933,1693226423180,8,3,5
34609,1693226423180,1692254158938,1692254158941,1693226423191,11,3,8
34610,1693226423191,1692254158949,1692254158954,1693226423201,10,5,5
34611,1693226423201,1692254158959,1692254158962,1693226423209,8,3,5
34612,1693226423209,1692254158968,1692254158971,1693226423219,10,3,7
34613,1693226423219,1692254158977,1692254158980,1693226423227,8,3,5
34614,1693226423227,1692254158985,1692254158988,1693226423235,8,3,5
34615,1693226423235,1692254158992,1692254158995,1693226423242,7,3,4
34616,1693226423242,1692254159000,1692254159003,1693226423250,8,3,5
34617,1693226423250,1692254159008,1692254159011,1693226423258,8,3,5
34618,1693226423258,1692254159016,1692254159019,1693226423266,8,3,5
34619,1693226423266,1692254159024,1692254159029,1693226423276,10,5,5
34620,1693226423276,1692254159034,1692254159037,1693226423284,8,3,5
34621,1693226423284,1692254159041,1692254159045,1693226423291,7,4,3
34622,1693226423291,1692254159049,1692254159052,1693226423299,8,3,5
34623,1693226423299,1692254159056,1692254159059,1693226423306,7,3,4
34624,1693226423306,1692254159064,1692254159067,1693226423314,8,3,5
34625,1693226423314,1692254159071,1692254159075,1693226423321,7,4,3
34626,1693226423321,1692254159078,1692254159082,1693226423329,8,4,4
34627,1693226423329,1692254159086,1692254159089,1693226423336,7,3,4
34628,1693226423336,1692254159094,1692254159097,1693226423343,7,3,4
34629,1693226423343,1692254159100,1692254159104,1693226423350,7,4,3
34630,1693226423350,1692254159107,1692254159111,1693226423358,8,4,4
34631,1693226423358,1692254159116,1692254159119,1693226423366,8,3,5
34632,1693226423366,1692254159124,1692254159128,1693226423375,9,4,5
34633,1693226423375,1692254159132,1692254159135,1693226423382,7,3,4
34634,1693226423382,1692254159140,1692254159143,1693226423390,8,3,5
34635,1693226423390,1692254159148,1692254159152,1693226423398,8,4,4
34636,1693226423398,1692254159155,1692254159159,1693226423405,7,4,3
34637,1693226423405,1692254159163,1692254159167,1693226423413,8,4,4
34638,1693226423413,1692254159171,1692254159174,1693226423420,7,3,4
34639,1693226423420,1692254159179,1692254159182,1693226423429,9,3,6
34640,1693226423429,1692254159187,1692254159191,1693226423437,8,4,4
34641,1693226423437,1692254159194,1692254159197,1693226423444,7,3,4
34642,1693226423444,1692254159201,1692254159205,1693226423453,9,4,5
34643,1693226423453,1692254159211,1692254159215,1693226423462,9,4,5
34644,1693226423462,1692254159220,1692254159223,1693226423470,8,3,5
34645,1693226423470,1692254159228,1692254159231,1693226423478,8,3,5
34646,1693226423478,1692254159236,1692254159241,1693226423489,11,5,6
34647,1693226423489,1692254159247,1692254159251,1693226423498,9,4,5
34648,1693226423498,1692254159256,1692254159259,1693226423506,8,3,5
34649,1693226423506,1692254159263,1692254159267,1693226423514,8,4,4
34650,1693226423514,1692254159272,1692254159275,1693226423522,8,3,5
34651,1693226423522,1692254159282,1692254159285,1693226423532,10,3,7
34652,1693226423532,1692254159290,1692254159293,1693226423540,8,3,5
34653,1693226423540,1692254159299,1692254159302,1693226423549,9,3,6
34654,1693226423549,1692254159306,1692254159309,1693226423556,7,3,4
34655,1693226423556,1692254159313,1692254159319,1693226423565,9,6,3
34656,1693226423565,1692254159324,1692254159327,1693226423574,9,3,6
34657,1693226423574,1692254159332,1692254159335,1693226423582,8,3,5
34658,1693226423582,1692254159339,1692254159342,1693226423589,7,3,4
34659,1693226423589,1692254159348,1692254159351,1693226423598,9,3,6
34660,1693226423598,1692254159355,1692254159358,1693226423605,7,3,4
34661,1693226423605,1692254159363,1692254159367,1693226423613,8,4,4
34662,1693226423613,1692254159371,1692254159374,1693226423621,8,3,5
34663,1693226423621,1692254159379,1692254159382,1693226423629,8,3,5
34664,1693226423629,1692254159387,1692254159390,1693226423637,8,3,5
34665,1693226423637,1692254159395,1692254159398,1693226423646,9,3,6
34666,1693226423646,1692254159410,1692254159414,1693226423660,14,4,10
34667,1693226423660,1692254159418,1692254159421,1693226423668,8,3,5
34668,1693226423668,1692254159426,1692254159430,1693226423677,9,4,5
34669,1693226423677,1692254159435,1692254159437,1693226423684,7,2,5
34670,1693226423684,1692254159442,1692254159444,1693226423691,7,2,5
34671,1693226423691,1692254159450,1692254159454,1693226423701,10,4,6
34672,1693226423701,1692254159459,1692254159462,1693226423709,8,3,5
34673,1693226423709,1692254159466,1692254159469,1693226423717,8,3,5
34674,1693226423717,1692254159475,1692254159478,1693226423724,7,3,4
34675,1693226423724,1692254159482,1692254159487,1693226423734,10,5,5
34676,1693226423734,1692254159492,1692254159495,1693226423742,8,3,5
34677,1693226423742,1692254159500,1692254159503,1693226423750,8,3,5
34678,1693226423750,1692254159508,1692254159511,1693226423758,8,3,5
34679,1693226423758,1692254159515,1692254159519,1693226423766,8,4,4
34680,1693226423766,1692254159523,1692254159526,1693226423773,7,3,4
34681,1693226423773,1692254159531,1692254159535,1693226423782,9,4,5
34682,1693226423782,1692254159540,1692254159544,1693226423791,9,4,5
34683,1693226423792,1692254159552,1692254159555,1693226423801,9,3,6
34684,1693226423801,1692254159559,1692254159561,1693226423808,7,2,5
34685,1693226423808,1692254159565,1692254159569,1693226423816,8,4,4
34686,1693226423816,1692254159573,1692254159576,1693226423823,7,3,4
34687,1693226423823,1692254159581,1692254159584,1693226423833,10,3,7
34688,1693226423833,1692254159591,1692254159594,1693226423841,8,3,5
34689,1693226423841,1692254159598,1692254159601,1693226423848,7,3,4
34690,1693226423848,1692254159606,1692254159610,1693226423857,9,4,5
34691,1693226423857,1692254159614,1692254159617,1693226423864,7,3,4
34692,1693226423864,1692254159621,1692254159626,1693226423872,8,5,3
34693,1693226423872,1692254159630,1692254159633,1693226423880,8,3,5
34694,1693226423880,1692254159638,1692254159641,1693226423887,7,3,4
34695,1693226423887,1692254159644,1692254159647,1693226423894,7,3,4
34696,1693226423894,1692254159652,1692254159655,1693226423903,9,3,6
34697,1693226423903,1692254159660,1692254159664,1693226423910,7,4,3
34698,1693226423910,1692254159668,1692254159672,1693226423919,9,4,5
34699,1693226423919,1692254159676,1692254159679,1693226423926,7,3,4
34700,1693226423926,1692254159683,1692254159686,1693226423935,9,3,6
34701,1693226423935,1692254159693,1692254159696,1693226423943,8,3,5
34702,1693226423943,1692254159700,1692254159704,1693226423951,8,4,4
34703,1693226423951,1692254159709,1692254159712,1693226423959,8,3,5
34704,1693226423959,1692254159717,1692254159720,1693226423966,7,3,4
34705,1693226423966,1692254159723,1692254159726,1693226423973,7,3,4
34706,1693226423973,1692254159731,1692254159734,1693226423981,8,3,5
34707,1693226423981,1692254159739,1692254159742,1693226423989,8,3,5
34708,1693226423989,1692254159746,1692254159750,1693226423997,8,4,4
34709,1693226423997,1692254159755,1692254159758,1693226424005,8,3,5
34710,1693226424005,1692254159762,1692254159765,1693226424012,7,3,4
34711,1693226424012,1692254159770,1692254159773,1693226424020,8,3,5
34712,1693226424020,1692254159778,1692254159781,1693226424027,7,3,4
34713,1693226424027,1692254159784,1692254159787,1693226424034,7,3,4
34714,1693226424034,1692254159794,1692254159797,1693226424043,9,3,6
34715,1693226424043,1692254159801,1692254159804,1693226424050,7,3,4
34716,1693226424050,1692254159808,1692254159811,1693226424058,8,3,5
34717,1693226424058,1692254159815,1692254159818,1693226424065,7,3,4
34718,1693226424065,1692254159824,1692254159829,1693226424076,11,5,6
34719,1693226424076,1692254159834,1692254159837,1693226424084,8,3,5
34720,1693226424084,1692254159841,1692254159844,1693226424092,8,3,5
34721,1693226424092,1692254159849,1692254159852,1693226424099,7,3,4
34722,1693226424099,1692254159859,1692254159863,1693226424110,11,4,7
34723,1693226424110,1692254159868,1692254159872,1693226424119,9,4,5
34724,1693226424119,1692254159876,1692254159879,1693226424126,7,3,4
34725,1693226424126,1692254159884,1692254159887,1693226424134,8,3,5
34726,1693226424134,1692254159892,1692254159896,1693226424142,8,4,4
34727,1693226424142,1692254159901,1692254159904,1693226424151,9,3,6
34728,1693226424151,1692254159909,1692254159911,1693226424158,7,2,5
34729,1693226424158,1692254159916,1692254159919,1693226424166,8,3,5
34730,1693226424166,1692254159923,1692254159927,1693226424174,8,4,4
34731,1693226424174,1692254159932,1692254159936,1693226424182,8,4,4
34732,1693226424359,1692254160120,1692254160124,1693226424371,12,4,8
34733,1693226424371,1692254160133,1692254160137,1693226424384,13,4,9
34734,1693226424384,1692254160143,1692254160154,1693226424400,16,11,5
34735,1693226424400,1692254160167,1692254160172,1693226424420,20,5,15
34736,1693226424420,1692254160179,1692254160184,1693226424431,11,5,6
34737,1693226424431,1692254160190,1692254160195,1693226424442,11,5,6
34738,1693226424442,1692254160200,1692254160205,1693226424452,10,5,5
34739,1693226424452,1692254160210,1692254160214,1693226424461,9,4,5
34740,1693226424461,1692254160221,1692254160224,1693226424470,9,3,6
34741,1693226424470,1692254160228,1692254160232,1693226424479,9,4,5
34742,1693226424479,1692254160236,1692254160240,1693226424487,8,4,4
34743,1693226424487,1692254160269,1692254160273,1693226424520,33,4,29
34744,1693226424520,1692254160278,1692254160281,1693226424528,8,3,5
34745,1693226424528,1692254160286,1692254160289,1693226424536,8,3,5
34746,1693226424536,1692254160301,1692254160304,1693226424551,15,3,12
34747,1693226424551,1692254160309,1692254160312,1693226424559,8,3,5
34748,1693226424559,1692254160317,1692254160320,1693226424566,7,3,4
34749,1693226424566,1692254160324,1692254160327,1693226424574,8,3,5
34750,1693226424574,1692254160346,1692254160349,1693226424596,22,3,19
34751,1693226424596,1692254160354,1692254160357,1693226424603,7,3,4
34752,1693226424603,1692254160360,1692254160365,1693226424611,8,5,3
34753,1693226424611,1692254160369,1692254160372,1693226424619,8,3,5
34754,1693226424619,1692254160425,1692254160428,1693226424675,56,3,53
34755,1693226424675,1692254160497,1692254160502,1693226424750,75,5,70
34756,1693226424750,1692254160508,1692254160511,1693226424758,8,3,5
34757,1693226424758,1692254160525,1692254160528,1693226424775,17,3,14
34758,1693226424775,1692254160542,1692254160544,1693226424791,16,2,14
34759,1693226424791,1692254160550,1692254160552,1693226424799,8,2,6
34760,1693226424799,1692254160557,1692254160559,1693226424806,7,2,5
34761,1693226424806,1692254160625,1692254160628,1693226424875,69,3,66
34762,1693226424875,1692254160652,1692254160656,1693226424903,28,4,24
34763,1693226424903,1692254160664,1692254160668,1693226424914,11,4,7
34764,1693226424914,1692254160672,1692254160675,1693226424922,8,3,5
34765,1693226424922,1692254160774,1692254160777,1693226425024,102,3,99
34766,1693226425024,1692254160790,1692254160793,1693226425040,16,3,13
34767,1693226425040,1692254160802,1692254160805,1693226425052,12,3,9
34768,1693226425052,1692254160811,1692254160815,1693226425061,9,4,5
34769,1693226425061,1692254160878,1692254160881,1693226425128,67,3,64
34770,1693226425128,1692254160918,1692254160920,1693226425167,39,2,37
34771,1693226425167,1692254160946,1692254160949,1693226425196,29,3,26
34772,1693226425196,1692254160961,1692254160964,1693226425210,14,3,11
34773,1693226425210,1692254160968,1692254160971,1693226425218,8,3,5
34774,1693226425218,1692254160982,1692254160985,1693226425232,14,3,11
34775,1693226425232,1692254160990,1692254160994,1693226425241,9,4,5
34776,1693226425241,1692254161000,1692254161002,1693226425249,8,2,6
34777,1693226425249,1692254161069,1692254161072,1693226425319,70,3,67
34778,1693226425319,1692254161076,1692254161079,1693226425326,7,3,4
34779,1693226425326,1692254161086,1692254161088,1693226425335,9,2,7
34780,1693226425335,1692254161110,1692254161112,1693226425359,24,2,22
34781,1693226425359,1692254161134,1692254161136,1693226425383,24,2,22
34782,1693226425383,1692254161171,1692254161175,1693226425422,39,4,35
34783,1693226425422,1692254161180,1692254161183,1693226425429,7,3,4
34784,1693226425429,1692254161194,1692254161197,1693226425444,15,3,12
34785,1693226425444,1692254161201,1692254161204,1693226425451,7,3,4
34786,1693226425451,1692254161342,1692254161344,1693226425591,140,2,138
34787,1693226425591,1692254161359,1692254161362,1693226425609,18,3,15
34788,1693226425609,1692254161377,1692254161380,1693226425627,18,3,15
34789,1693226425627,1692254161385,1692254161388,1693226425635,8,3,5
34790,1693226425635,1692254161393,1692254161396,1693226425643,8,3,5
34791,1693226425643,1692254161410,1692254161412,1693226425659,16,2,14
34792,1693226425659,1692254161418,1692254161422,1693226425669,10,4,6
34793,1693226425669,1692254161433,1692254161437,1693226425684,15,4,11
34794,1693226425684,1692254161446,1692254161449,1693226425696,12,3,9
34795,1693226425696,1692254161454,1692254161457,1693226425704,8,3,5
34796,1693226425704,1692254161463,1692254161466,1693226425712,8,3,5
34797,1693226425712,1692254161470,1692254161473,1693226425720,8,3,5
34798,1693226425720,1692254161478,1692254161482,1693226425728,8,4,4
34799,1693226425728,1692254161486,1692254161489,1693226425736,8,3,5
34800,1693226425736,1692254161494,1692254161497,1693226425744,8,3,5
34801,1693226425744,1692254161502,1692254161505,1693226425751,7,3,4
34802,1693226425751,1692254161510,1692254161512,1693226425759,8,2,6
34803,1693226425759,1692254161517,1692254161520,1693226425766,7,3,4
34804,1693226425766,1692254161525,1692254161528,1693226425774,8,3,5
34805,1693226425774,1692254161534,1692254161537,1693226425784,10,3,7
34806,1693226425784,1692254161542,1692254161547,1693226425794,10,5,5
34807,1693226425794,1692254161551,1692254161554,1693226425801,7,3,4
34808,1693226425801,1692254161559,1692254161562,1693226425808,7,3,4
34809,1693226425809,1692254161567,1692254161570,1693226425816,7,3,4
34810,1693226425816,1692254161575,1692254161578,1693226425825,9,3,6
34811,1693226425825,1692254161589,1692254161593,1693226425840,15,4,11
34812,1693226425840,1692254161597,1692254161601,1693226425847,7,4,3
34813,1693226425847,1692254161605,1692254161607,1693226425854,7,2,5
34814,1693226425854,1692254161612,1692254161614,1693226425861,7,2,5
34815,1693226425861,1692254161619,1692254161622,1693226425869,8,3,5
34816,1693226425869,1692254161626,1692254161629,1693226425876,7,3,4
34817,1693226425876,1692254161633,1692254161636,1693226425883,7,3,4
34818,1693226425883,1692254161640,1692254161643,1693226425890,7,3,4
34819,1693226425890,1692254161653,1692254161656,1693226425903,13,3,10
34820,1693226425903,1692254161660,1692254161664,1693226425911,8,4,4
34821,1693226425911,1692254161686,1692254161689,1693226425935,24,3,21
34822,1693226425935,1692254161693,1692254161696,1693226425943,8,3,5
34823,1693226425943,1692254161710,1692254161712,1693226425959,16,2,14
34824,1693226425959,1692254161721,1692254161724,1693226425970,11,3,8
34825,1693226425970,1692254161765,1692254161768,1693226426015,45,3,42
34826,1693226426015,1692254161777,1692254161780,1693226426027,12,3,9
34827,1693226426027,1692254161785,1692254161788,1693226426035,8,3,5
34828,1693226426035,1692254161792,1692254161799,1693226426045,10,7,3
34829,1693226426045,1692254161803,1692254161808,1693226426054,9,5,4
34830,1693226426054,1692254161834,1692254161837,1693226426086,32,3,29
34831,1693226426086,1692254161869,1692254161872,1693226426119,33,3,30
34832,1693226426119,1692254161934,1692254161936,1693226426183,64,2,62
34833,1693226426183,1692254161940,1692254161943,1693226426190,7,3,4
34834,1693226426190,1692254161947,1692254161950,1693226426197,7,3,4
34835,1693226426197,1692254161956,1692254161959,1693226426209,12,3,9
34836,1693226426209,1692254161986,1692254161988,1693226426235,26,2,24
34837,1693226426235,1692254161993,1692254161996,1693226426243,8,3,5
34838,1693226426243,1692254162002,1692254162005,1693226426252,9,3,6
34839,1693226426252,1692254162010,1692254162025,1693226426272,20,15,5
34840,1693226426272,1692254162073,1692254162076,1693226426323,51,3,48
34841,1693226426323,1692254162105,1692254162108,1693226426354,31,3,28
34842,1693226426354,1692254162112,1692254162116,1693226426362,8,4,4
34843,1693226426362,1692254162125,1692254162128,1693226426374,12,3,9
34844,1693226426374,1692254162171,1692254162175,1693226426423,49,4,45
34845,1693226426423,1692254162181,1692254162184,1693226426430,7,3,4
34846,1693226426431,1692254162302,1692254162305,1693226426552,121,3,118
34847,1693226426552,1692254162309,1692254162321,1693226426568,16,12,4
34848,1693226426568,1692254162325,1692254162329,1693226426609,41,4,37
34849,1693226426609,1692254162454,1692254162457,1693226426705,96,3,93
34850,1693226426705,1692254162469,1692254162472,1693226426719,14,3,11
34851,1693226426719,1692254162476,1692254162480,1693226426727,8,4,4
34852,1693226426727,1692254162485,1692254162488,1693226426735,8,3,5
34853,1693226426735,1692254162493,1692254162496,1693226426743,8,3,5
34854,1693226426743,1692254162517,1692254162520,1693226426767,24,3,21
34855,1693226426767,1692254162524,1692254162527,1693226426773,6,3,3
34856,1693226426773,1692254162531,1692254162534,1693226426781,8,3,5
34857,1693226426781,1692254162539,1692254162542,1693226426789,8,3,5
34858,1693226426789,1692254162547,1692254162550,1693226426797,8,3,5
34859,1693226426797,1692254162569,1692254162572,1693226426819,22,3,19
34860,1693226426819,1692254162577,1692254162580,1693226426827,8,3,5
34861,1693226426827,1692254162584,1692254162587,1693226426834,7,3,4
34862,1693226426834,1692254162591,1692254162594,1693226426841,7,3,4
34863,1693226426841,1692254162599,1692254162602,1693226426848,7,3,4
34864,1693226426848,1692254162606,1692254162609,1693226426856,8,3,5
34865,1693226426856,1692254162645,1692254162652,1693226426899,43,7,36
34866,1693226426899,1692254162658,1692254162661,1693226426908,9,3,6
34867,1693226426908,1692254162669,1692254162672,1693226426919,11,3,8
34868,1693226426919,1692254162677,1692254162680,1693226426927,8,3,5
34869,1693226426927,1692254162686,1692254162689,1693226426936,9,3,6
34870,1693226426936,1692254162702,1692254162705,1693226426951,15,3,12
34871,1693226426951,1692254162710,1692254162713,1693226426959,8,3,5
34872,1693226426959,1692254162718,1692254162721,1693226426967,8,3,5
34873,1693226426968,1692254162793,1692254162796,1693226427043,75,3,72
34874,1693226427043,1692254162801,1692254162805,1693226427052,9,4,5
34875,1693226427052,1692254162809,1692254162873,1693226427120,68,64,4
34876,1693226427120,1692254162882,1692254162886,1693226427132,12,4,8
34877,1693226427132,1692254162890,1692254162893,1693226427140,8,3,5
34878,1693226427140,1692254162898,1692254162901,1693226427148,8,3,5
34879,1693226427148,1692254162905,1692254162908,1693226427155,7,3,4
34880,1693226427155,1692254162917,1692254162920,1693226427167,12,3,9
34881,1693226427167,1692254162930,1692254162933,1693226427179,12,3,9
34882,1693226427179,1692254162937,1692254162941,1693226427188,9,4,5
34883,1693226427188,1692254162969,1692254162972,1693226427223,35,3,32
34884,1693226427223,1692254162981,1692254162984,1693226427235,12,3,9
34885,1693226427235,1692254162994,1692254162998,1693226427245,10,4,6
34886,1693226427245,1692254163022,1692254163025,1693226427272,27,3,24
34887,1693226427272,1692254163074,1692254163077,1693226427323,51,3,48
34888,1693226427323,1692254163161,1692254163164,1693226427412,89,3,86
34889,1693226427412,1692254163170,1692254163173,1693226427420,8,3,5
34890,1693226427420,1692254163177,1692254163183,1693226427430,10,6,4
34891,1693226427430,1692254163246,1692254163249,1693226427496,66,3,63
34892,1693226427496,1692254163253,1692254163256,1693226427503,7,3,4
34893,1693226427503,1692254163260,1692254163263,1693226427512,9,3,6
34894,1693226427512,1692254163274,1692254163277,1693226427523,11,3,8
34895,1693226427523,1692254163286,1692254163289,1693226427538,15,3,12
34896,1693226427538,1692254163296,1692254163299,1693226427546,8,3,5
34897,1693226427546,1692254163365,1692254163368,1693226427615,69,3,66
34898,1693226427615,1692254163413,1692254163416,1693226427663,48,3,45
34899,1693226427663,1692254163426,1692254163428,1693226427675,12,2,10
34900,1693226427675,1692254163432,1692254163435,1693226427682,7,3,4
34901,1693226427682,1692254163440,1692254163443,1693226427690,8,3,5
34902,1693226427690,1692254163447,1692254163452,1693226427699,9,5,4
34903,1693226427699,1692254163456,1692254163459,1693226427706,7,3,4
34904,1693226427706,1692254163481,1692254163484,1693226427731,25,3,22
34905,1693226427731,1692254163488,1692254163491,1693226427738,7,3,4
34906,1693226427738,1692254163496,1692254163499,1693226427745,7,3,4
34907,1693226427745,1692254163503,1692254163506,1693226427752,7,3,4
34908,1693226427752,1692254163510,1692254163513,1693226427760,8,3,5
34909,1693226427760,1692254163517,1692254163520,1693226427766,6,3,3
34910,1693226427766,1692254163554,1692254163557,1693226427804,38,3,35
34911,1693226427804,1692254163562,1692254163565,1693226427811,7,3,4
34912,1693226427812,1692254163569,1692254163572,1693226427819,7,3,4
34913,1693226427819,1692254163605,1692254163608,1693226427855,36,3,33
34914,1693226427855,1692254163617,1692254163620,1693226427867,12,3,9
34915,1693226427867,1692254163625,1692254163628,1693226427875,8,3,5
34916,1693226427875,1692254163633,1692254163636,1693226427883,8,3,5
34917,1693226427883,1692254163641,1692254163644,1693226427891,8,3,5
34918,1693226427891,1692254163649,1692254163652,1693226427899,8,3,5
34919,1693226427899,1692254163665,1692254163668,1693226427915,16,3,13
34920,1693226427915,1692254163674,1692254163677,1693226427923,8,3,5
34921,1693226427923,1692254163706,1692254163709,1693226427956,33,3,30
34922,1693226427956,1692254163734,1692254163737,1693226427983,27,3,24
34923,1693226427983,1692254163753,1692254163756,1693226428003,20,3,17
34924,1693226428003,1692254163766,1692254163768,1693226428015,12,2,10
34925,1693226428015,1692254163798,1692254163801,1693226428048,33,3,30
34926,1693226428048,1692254163806,1692254163819,1693226428066,18,13,5
34927,1693226428066,1692254163833,1692254163836,1693226428083,17,3,14
34928,1693226428083,1692254163845,1692254163848,1693226428095,12,3,9
34929,1693226428095,1692254163879,1692254163883,1693226428129,34,4,30
34930,1693226428129,1692254163957,1692254163959,1693226428206,77,2,75
34931,1693226428206,1692254163994,1692254163997,1693226428243,37,3,34
34932,1693226428243,1692254164003,1692254164057,1693226428304,61,54,7
34933,1693226428304,1692254164062,1692254164064,1693226428311,7,2,5
34934,1693226428311,1692254164069,1692254164072,1693226428319,8,3,5
34935,1693226428319,1692254164077,1692254164079,1693226428326,7,2,5
34936,1693226428326,1692254164084,1692254164086,1693226428333,7,2,5
34937,1693226428333,1692254164113,1692254164116,1693226428363,30,3,27
34938,1693226428363,1692254164121,1692254164124,1693226428370,7,3,4
34939,1693226428370,1692254164128,1692254164133,1693226428379,9,5,4
34940,1693226428379,1692254164137,1692254164140,1693226428387,8,3,5
34941,1693226428387,1692254164145,1692254164148,1693226428394,7,3,4
34942,1693226428394,1692254164152,1692254164155,1693226428402,8,3,5
34943,1693226428402,1692254164159,1692254164162,1693226428408,6,3,3
34944,1693226428408,1692254164166,1692254164169,1693226428416,8,3,5
34945,1693226428416,1692254164174,1692254164181,1693226428428,12,7,5
34946,1693226428428,1692254164233,1692254164236,1693226428482,54,3,51
34947,1693226428482,1692254164261,1692254164265,1693226428511,29,4,25
34948,1693226428511,1692254164293,1692254164296,1693226428543,32,3,29
34949,1693226428543,1692254164321,1692254164324,1693226428570,27,3,24
34950,1693226428570,1692254164330,1692254164333,1693226428579,9,3,6
34951,1693226428579,1692254164349,1692254164352,1693226428599,20,3,17
34952,1693226428599,1692254164357,1692254164360,1693226428607,8,3,5
34953,1693226428607,1692254164364,1692254164367,1693226428614,7,3,4
34954,1693226428614,1692254164378,1692254164381,1693226428628,14,3,11
34955,1693226428628,1692254164386,1692254164389,1693226428635,7,3,4
34956,1693226428635,1692254164393,1692254164396,1693226428643,8,3,5
34957,1693226428643,1692254164418,1692254164421,1693226428667,24,3,21
34958,1693226428668,1692254164458,1692254164465,1693226428712,44,7,37
34959,1693226428712,1692254164474,1692254164476,1693226428723,11,2,9
34960,1693226428723,1692254164482,1692254164485,1693226428732,9,3,6
34961,1693226428732,1692254164493,1692254164496,1693226428743,11,3,8
34962,1693226428743,1692254164513,1692254164516,1693226428763,20,3,17
34963,1693226428763,1692254164569,1692254164572,1693226428819,56,3,53
34964,1693226428819,1692254164576,1692254164579,1693226428825,6,3,3
34965,1693226428826,1692254164595,1692254164598,1693226428844,18,3,15
34966,1693226428844,1692254164602,1692254164605,1693226428852,8,3,5
34967,1693226428852,1692254164610,1692254164612,1693226428883,31,2,29
34968,1693226428883,1692254164641,1692254164644,1693226428902,19,3,16
34969,1693226428902,1692254164660,1692254164663,1693226428910,8,3,5
34970,1693226428910,1692254164667,1692254164671,1693226428918,8,4,4
34971,1693226428918,1692254164717,1692254164720,1693226428967,49,3,46
34972,1693226428967,1692254164730,1692254164732,1693226428979,12,2,10
34973,1693226428979,1692254164753,1692254164756,1693226429002,23,3,20
34974,1693226429002,1692254164762,1692254164765,1693226429012,10,3,7
34975,1693226429012,1692254164773,1692254164777,1693226429024,12,4,8
34976,1693226429024,1692254164793,1692254164797,1693226429044,20,4,16
34977,1693226429044,1692254164802,1692254164806,1693226429055,11,4,7
34978,1693226429055,1692254164862,1692254164865,1693226429112,57,3,54
34979,1693226429112,1692254164877,1692254164880,1693226429127,15,3,12
34980,1693226429127,1692254164886,1692254164888,1693226429135,8,2,6
34981,1693226429135,1692254164905,1692254164907,1693226429154,19,2,17
34982,1693226429154,1692254164941,1692254164944,1693226429190,36,3,33
34983,1693226429190,1692254164962,1692254164965,1693226429211,21,3,18
34984,1693226429211,1692254164974,1692254164977,1693226429227,16,3,13
34985,1693226429227,1692254164986,1692254164989,1693226429235,8,3,5
34986,1693226429235,1692254164993,1692254164996,1693226429242,7,3,4
34987,1693226429242,1692254165000,1692254165004,1693226429250,8,4,4
34988,1693226429250,1692254165082,1692254165085,1693226429331,81,3,78
34989,1693226429331,1692254165089,1692254165092,1693226429339,8,3,5
34990,1693226429339,1692254165101,1692254165105,1693226429351,12,4,8
34991,1693226429351,1692254165162,1692254165172,1693226429419,68,10,58
34992,1693226429419,1692254165177,1692254165180,1693226429427,8,3,5
34993,1693226429427,1692254165185,1692254165188,1693226429525,98,3,95
34994,1693226429525,1692254165294,1692254165297,1693226429544,19,3,16
34995,1693226429544,1692254165306,1692254165309,1693226429556,12,3,9
34996,1693226429556,1692254165334,1692254165336,1693226429583,27,2,25
34997,1693226429583,1692254165358,1692254165361,1693226429607,24,3,21
34998,1693226429607,1692254165385,1692254165388,1693226429634,27,3,24
34999,1693226429634,1692254165397,1692254165400,1693226429647,13,3,10
35000,1693226429647,1692254165409,1692254165412,1693226429659,12,3,9
35001,1693226429659,1692254165446,1692254165450,1693226429696,37,4,33
35002,1693226429697,1692254165461,1692254165464,1693226429711,14,3,11
35003,1693226429711,1692254165474,1692254165476,1693226429723,12,2,10
35004,1693226429723,1692254165517,1692254165519,1693226429766,43,2,41
35005,1693226429766,1692254165534,1692254165537,1693226429783,17,3,14
35006,1693226429783,1692254165573,1692254165576,1693226429827,44,3,41
35007,1693226429827,1692254165585,1692254165587,1693226429834,7,2,5
35008,1693226429834,1692254165609,1692254165612,1693226429859,25,3,22
35009,1693226429859,1692254165626,1692254165629,1693226429875,16,3,13
35010,1693226429875,1692254165646,1692254165648,1693226429895,20,2,18
35011,1693226429895,1692254165662,1692254165666,1693226429913,18,4,14
35012,1693226429913,1692254165670,1692254165722,1693226429969,56,52,4
35013,1693226429969,1692254165727,1692254165730,1693226429977,8,3,5
35014,1693226429977,1692254165735,1692254165738,1693226429985,8,3,5
35015,1693226429985,1692254165749,1692254165752,1693226429999,14,3,11
35016,1693226429999,1692254165765,1692254165768,1693226430014,15,3,12
35017,1693226430014,1692254165774,1692254165776,1693226430024,10,2,8
35018,1693226430024,1692254165798,1692254165802,1693226430048,24,4,20
35019,1693226430048,1692254165806,1692254165810,1693226430057,9,4,5
35020,1693226430057,1692254165822,1692254165825,1693226430072,15,3,12
35021,1693226430072,1692254165830,1692254165832,1693226430079,7,2,5
35022,1693226430079,1692254165837,1692254165840,1693226430087,8,3,5
35023,1693226430087,1692254165844,1692254165848,1693226430095,8,4,4
35024,1693226430095,1692254165852,1692254165855,1693226430102,7,3,4
35025,1693226430102,1692254165865,1692254165868,1693226430115,13,3,10
35026,1693226430115,1692254165873,1692254165876,1693226430123,8,3,5
35027,1693226430123,1692254165910,1692254165918,1693226430165,42,8,34
35028,1693226430165,1692254165937,1692254165940,1693226430187,22,3,19
35029,1693226430187,1692254165945,1692254165948,1693226430194,7,3,4
35030,1693226430194,1692254165952,1692254165955,1693226430202,8,3,5
35031,1693226430202,1692254165959,1692254165963,1693226430210,8,4,4
35032,1693226430210,1692254165969,1692254165972,1693226430218,8,3,5
35033,1693226430218,1692254165976,1692254165979,1693226430225,7,3,4
35034,1693226430226,1692254165983,1692254165986,1693226430233,7,3,4
35035,1693226430233,1692254165992,1692254165995,1693226430242,9,3,6
35036,1693226430242,1692254166000,1692254166003,1693226430250,8,3,5
35037,1693226430250,1692254166038,1692254166041,1693226430287,37,3,34
35038,1693226430287,1692254166045,1692254166047,1693226430294,7,2,5
35039,1693226430294,1692254166053,1692254166055,1693226430302,8,2,6
35040,1693226430302,1692254166063,1692254166066,1693226430313,11,3,8
35041,1693226430313,1692254166071,1692254166074,1693226430321,8,3,5
35042,1693226430321,1692254166078,1692254166081,1693226430328,7,3,4
35043,1693226430328,1692254166085,1692254166088,1693226430334,6,3,3
35044,1693226430334,1692254166109,1692254166112,1693226430359,25,3,22
35045,1693226430359,1692254166130,1692254166133,1693226430380,21,3,18
35046,1693226430380,1692254166138,1692254166140,1693226430387,7,2,5
35047,1693226430387,1692254166152,1692254166155,1693226430401,14,3,11
35048,1693226430402,1692254166163,1692254166167,1693226430414,12,4,8
35049,1693226430414,1692254166172,1692254166176,1693226430422,8,4,4
35050,1693226430422,1692254166180,1692254166183,1693226430430,8,3,5
35051,1693226430430,1692254166198,1692254166201,1693226430448,18,3,15
35052,1693226430448,1692254166241,1692254166244,1693226430490,42,3,39
35053,1693226430490,1692254166248,1692254166251,1693226430498,8,3,5
35054,1693226430498,1692254166278,1692254166280,1693226430527,29,2,27
35055,1693226430527,1692254166285,1692254166288,1693226430535,8,3,5
35056,1693226430535,1692254166321,1692254166324,1693226430571,36,3,33
35057,1693226430571,1692254166394,1692254166397,1693226430647,76,3,73
35058,1693226430647,1692254166405,1692254166408,1693226430655,8,3,5
35059,1693226430655,1692254166433,1692254166437,1693226430684,29,4,25
35060,1693226430684,1692254166446,1692254166449,1693226430695,11,3,8
35061,1693226430695,1692254166455,1692254166458,1693226430705,10,3,7
35062,1693226430705,1692254166480,1692254166484,1693226430730,25,4,21
35063,1693226430730,1692254166488,1692254166491,1693226430738,8,3,5
35064,1693226430738,1692254166501,1692254166504,1693226430750,12,3,9
35065,1693226430750,1692254166508,1692254166512,1693226430759,9,4,5
35066,1693226430759,1692254166517,1692254166520,1693226430767,8,3,5
35067,1693226430767,1692254166524,1692254166527,1693226430774,7,3,4
35068,1693226430774,1692254166580,1692254166583,1693226430830,56,3,53
35069,1693226430830,1692254166589,1692254166592,1693226430838,8,3,5
35070,1693226430838,1692254166657,1692254166660,1693226430907,69,3,66
35071,1693226430907,1692254166665,1692254166668,1693226430915,8,3,5
35072,1693226430915,1692254166708,1692254166711,1693226430958,43,3,40
35073,1693226430958,1692254166750,1692254166753,1693226431001,43,3,40
35074,1693226431001,1692254166793,1692254166797,1693226431044,43,4,39
35075,1693226431044,1692254166802,1692254166805,1693226431052,8,3,5
35076,1693226431052,1692254166857,1692254166860,1693226431107,55,3,52
35077,1693226431107,1692254166881,1692254166884,1693226431131,24,3,21
35078,1693226431131,1692254166888,1692254166891,1693226431138,7,3,4
35079,1693226431138,1692254166895,1692254166898,1693226431145,7,3,4
35080,1693226431145,1692254166910,1692254166913,1693226431160,15,3,12
35081,1693226431160,1692254166929,1692254166932,1693226431179,19,3,16
35082,1693226431179,1692254166937,1692254166940,1693226431186,7,3,4
35083,1693226431186,1692254166944,1692254166947,1693226431194,8,3,5
35084,1693226431194,1692254166952,1692254166955,1693226431202,8,3,5
35085,1693226431202,1692254166988,1692254166993,1693226431240,38,5,33
35086,1693226431240,1692254166998,1692254167001,1693226431248,8,3,5
35087,1693226431248,1692254167007,1692254167009,1693226431256,8,2,6
35088,1693226431256,1692254167146,1692254167149,1693226431396,140,3,137
35089,1693226431396,1692254167162,1692254167165,1693226431412,16,3,13
35090,1693226431412,1692254167169,1692254167174,1693226431421,9,5,4
35091,1693226431421,1692254167178,1692254167181,1693226431428,7,3,4
35092,1693226431428,1692254167206,1692254167210,1693226431456,28,4,24
35093,1693226431456,1692254167253,1692254167256,1693226431503,47,3,44
35094,1693226431503,1692254167289,1692254167293,1693226431539,36,4,32
35095,1693226431539,1692254167301,1692254167304,1693226431551,12,3,9
35096,1693226431551,1692254167322,1692254167381,1693226431628,77,59,18
35097,1693226431628,1692254167386,1692254167389,1693226431636,8,3,5
35098,1693226431636,1692254167421,1692254167424,1693226431671,35,3,32
35099,1693226431671,1692254167428,1692254167448,1693226431695,24,20,4
35100,1693226431695,1692254167453,1692254167456,1693226431702,7,3,4
35101,1693226431702,1692254167460,1692254167463,1693226431709,7,3,4
35102,1693226431709,1692254167481,1692254167484,1693226431731,22,3,19
35103,1693226431731,1692254167494,1692254167496,1693226431744,13,2,11
35104,1693226431744,1692254167522,1692254167525,1693226431771,27,3,24
35105,1693226431772,1692254167537,1692254167540,1693226431787,15,3,12
35106,1693226431787,1692254167545,1692254167548,1693226431794,7,3,4
35107,1693226431794,1692254167553,1692254167556,1693226431803,9,3,6
35108,1693226431803,1692254167560,1692254167564,1693226431810,7,4,3
35109,1693226431810,1692254167567,1692254167570,1693226431816,6,3,3
35110,1693226431816,1692254167581,1692254167584,1693226431831,15,3,12
35111,1693226431831,1692254167589,1692254167591,1693226431838,7,2,5
35112,1693226431838,1692254167596,1692254167599,1693226431846,8,3,5
35113,1693226431846,1692254167604,1692254167606,1693226431853,7,2,5
35114,1693226431853,1692254167629,1692254167631,1693226431878,25,2,23
35115,1693226431878,1692254167636,1692254167639,1693226431886,8,3,5
35116,1693226431886,1692254167644,1692254167646,1693226431893,7,2,5
35117,1693226431893,1692254167651,1692254167654,1693226431901,8,3,5
35118,1693226431901,1692254167659,1692254167663,1693226431909,8,4,4
35119,1693226431909,1692254167667,1692254167671,1693226431918,9,4,5
35120,1693226431918,1692254167705,1692254167708,1693226431955,37,3,34
35121,1693226431955,1692254167733,1692254167736,1693226431983,28,3,25
35122,1693226431983,1692254167741,1692254167746,1693226431992,9,5,4
35123,1693226431992,1692254167750,1692254167753,1693226432000,8,3,5
35124,1693226432000,1692254167759,1692254167762,1693226432008,8,3,5
35125,1693226432009,1692254167766,1692254167770,1693226432016,7,4,3
35126,1693226432017,1692254167774,1692254167778,1693226432025,8,4,4
35127,1693226432025,1692254167783,1692254167786,1693226432033,8,3,5
35128,1693226432033,1692254167791,1692254167793,1693226432040,7,2,5
35129,1693226432040,1692254167798,1692254167801,1693226432048,8,3,5
35130,1693226432048,1692254167846,1692254167849,1693226432096,48,3,45
35131,1693226432096,1692254167854,1692254167861,1693226432108,12,7,5
35132,1693226432108,1692254167881,1692254167884,1693226432130,22,3,19
35133,1693226432130,1692254167888,1692254167891,1693226432137,7,3,4
35134,1693226432137,1692254167895,1692254167899,1693226432146,9,4,5
35135,1693226432146,1692254167904,1692254167906,1693226432153,7,2,5
35136,1693226432153,1692254167911,1692254167914,1693226432161,8,3,5
35137,1693226432161,1692254167922,1692254167924,1693226432171,10,2,8
35138,1693226432171,1692254167930,1692254167933,1693226432180,9,3,6
35139,1693226432180,1692254167938,1692254167941,1693226432188,8,3,5
35140,1693226432188,1692254167946,1692254167949,1693226432196,8,3,5
35141,1693226432196,1692254167954,1692254167957,1693226432204,8,3,5
35142,1693226432204,1692254167962,1692254167966,1693226432213,9,4,5
35143,1693226432213,1692254167989,1692254167992,1693226432239,26,3,23
35144,1693226432239,1692254168037,1692254168040,1693226432287,48,3,45
35145,1693226432287,1692254168053,1692254168056,1693226432303,16,3,13
35146,1693226432303,1692254168073,1692254168076,1693226432323,20,3,17
35147,1693226432323,1692254168109,1692254168112,1693226432359,36,3,33
35148,1693226432359,1692254168121,1692254168124,1693226432370,11,3,8
35149,1693226432370,1692254168171,1692254168174,1693226432421,51,3,48
35150,1693226432421,1692254168180,1692254168183,1693226432430,9,3,6
35151,1693226432430,1692254168226,1692254168230,1693226432477,47,4,43
35152,1693226432477,1692254168235,1692254168238,1693226432484,7,3,4
35153,1693226432484,1692254168243,1692254168245,1693226432492,8,2,6
35154,1693226432492,1692254168250,1692254168253,1693226432499,7,3,4
35155,1693226432499,1692254168257,1692254168260,1693226432507,8,3,5
35156,1693226432507,1692254168266,1692254168268,1693226432515,8,2,6
35157,1693226432515,1692254168329,1692254168332,1693226432579,64,3,61
35158,1693226432579,1692254168342,1692254168345,1693226432592,13,3,10
35159,1693226432592,1692254168509,1692254168513,1693226432760,168,4,164
35160,1693226432760,1692254168534,1692254168538,1693226432784,24,4,20
35161,1693226432784,1692254168546,1692254168549,1693226432796,12,3,9
35162,1693226432796,1692254168553,1692254168556,1693226432802,6,3,3
35163,1693226432803,1692254168560,1692254168564,1693226432810,7,4,3
35164,1693226432810,1692254168598,1692254168601,1693226432847,37,3,34
35165,1693226432847,1692254168625,1692254168627,1693226432874,27,2,25
35166,1693226432874,1692254168632,1692254168635,1693226432882,8,3,5
35167,1693226432882,1692254168640,1692254168643,1693226432889,7,3,4
35168,1693226432889,1692254168663,1692254168667,1693226432914,25,4,21
35169,1693226432914,1692254168713,1692254168717,1693226432964,50,4,46
35170,1693226432964,1692254168733,1692254168737,1693226432984,20,4,16
35171,1693226432984,1692254168779,1692254168782,1693226433029,45,3,42
35172,1693226433029,1692254168794,1692254168803,1693226433050,21,9,12
35173,1693226433050,1692254168814,1692254168896,1693226433142,92,82,10
35174,1693226433142,1692254168985,1692254168990,1693226433236,94,5,89
35175,1693226433236,1692254168997,1692254169001,1693226433253,17,4,13
35176,1693226433253,1692254169101,1692254169105,1693226433351,98,4,94
35177,1693226433351,1692254169117,1692254169120,1693226433367,16,3,13
35178,1693226433367,1692254169173,1692254169177,1693226433424,57,4,53
35179,1693226433424,1692254169182,1692254169186,1693226433433,9,4,5
35180,1693226433433,1692254169196,1692254169199,1693226433446,13,3,10
35181,1693226433446,1692254169204,1692254169206,1693226433453,7,2,5
35182,1693226433453,1692254169210,1692254169214,1693226433461,8,4,4
35183,1693226433461,1692254169218,1692254169221,1693226433467,6,3,3
35184,1693226433467,1692254169225,1692254169228,1693226433475,8,3,5
35185,1693226433475,1692254169233,1692254169236,1693226433482,7,3,4
35186,1693226433482,1692254169246,1692254169249,1693226433495,13,3,10
35187,1693226433495,1692254169253,1692254169256,1693226433502,7,3,4
35188,1693226433502,1692254169262,1692254169265,1693226433512,10,3,7
35189,1693226433512,1692254169270,1692254169273,1693226433520,8,3,5
35190,1693226433520,1692254169278,1692254169281,1693226433527,7,3,4
35191,1693226433527,1692254169286,1692254169288,1693226433535,8,2,6
35192,1693226433535,1692254169326,1692254169329,1693226433576,41,3,38
35193,1693226433576,1692254169338,1692254169340,1693226433587,11,2,9
35194,1693226433587,1692254169345,1692254169357,1693226433604,17,12,5
35195,1693226433604,1692254169382,1692254169385,1693226433631,27,3,24
35196,1693226433631,1692254169393,1692254169398,1693226433644,13,5,8
35197,1693226433644,1692254169402,1692254169405,1693226433652,8,3,5
35198,1693226433652,1692254169453,1692254169456,1693226433702,50,3,47
35199,1693226433702,1692254169462,1692254169464,1693226433711,9,2,7
35200,1693226433711,1692254169468,1692254169471,1693226433718,7,3,4
35201,1693226433718,1692254169475,1692254169478,1693226433725,7,3,4
35202,1693226433725,1692254169483,1692254169486,1693226433732,7,3,4
35203,1693226433732,1692254169490,1692254169493,1693226433739,7,3,4
35204,1693226433739,1692254169501,1692254169504,1693226433751,12,3,9
35205,1693226433751,1692254169511,1692254169514,1693226433761,10,3,7
35206,1693226433761,1692254169521,1692254169524,1693226433771,10,3,7
35207,1693226433771,1692254169529,1692254169532,1693226433778,7,3,4
35208,1693226433778,1692254169535,1692254169538,1693226433784,6,3,3
35209,1693226433784,1692254169542,1692254169545,1693226433791,7,3,4
35210,1693226433792,1692254169552,1692254169555,1693226433802,10,3,7
35211,1693226433802,1692254169560,1692254169563,1693226433809,7,3,4
35212,1693226433809,1692254169574,1692254169577,1693226433824,15,3,12
35213,1693226433824,1692254169583,1692254169586,1693226433833,9,3,6
35214,1693226433833,1692254169609,1692254169612,1693226433859,26,3,23
35215,1693226433859,1692254169616,1692254169619,1693226433868,9,3,6
35216,1693226433868,1692254169625,1692254169628,1693226433874,6,3,3
35217,1693226433874,1692254169632,1692254169635,1693226433883,9,3,6
35218,1693226433883,1692254169641,1692254169644,1693226433890,7,3,4
35219,1693226433890,1692254169648,1692254169651,1693226433898,8,3,5
35220,1693226433898,1692254169656,1692254169659,1693226433906,8,3,5
35221,1693226433906,1692254169663,1692254169710,1693226433956,50,47,3
35222,1693226433956,1692254169718,1692254169721,1693226433970,14,3,11
35223,1693226433970,1692254169729,1692254169732,1693226433979,9,3,6
35224,1693226433979,1692254169741,1692254169744,1693226433991,12,3,9
35225,1693226433991,1692254169748,1692254169751,1693226433998,7,3,4
35226,1693226433998,1692254169765,1692254169769,1693226434016,18,4,14
35227,1693226434016,1692254169796,1692254169799,1693226434046,30,3,27
35228,1693226434046,1692254169804,1692254169807,1693226434053,7,3,4
35229,1693226434053,1692254169990,1692254169993,1693226434241,188,3,185
35230,1693226434241,1692254170021,1692254170024,1693226434270,29,3,26
35231,1693226434270,1692254170073,1692254170076,1693226434323,53,3,50
35232,1693226434323,1692254170084,1692254170087,1693226434333,10,3,7
35233,1693226434333,1692254170091,1692254170096,1693226434343,10,5,5
35234,1693226434343,1692254170110,1692254170113,1693226434360,17,3,14
35235,1693226434360,1692254170118,1692254170121,1693226434367,7,3,4
35236,1693226434367,1692254170153,1692254170156,1693226434403,36,3,33
35237,1693226434403,1692254170160,1692254170163,1693226434410,7,3,4
35238,1693226434410,1692254170168,1692254170171,1693226434418,8,3,5
35239,1693226434418,1692254170182,1692254170185,1693226434431,13,3,10
35240,1693226434431,1692254170246,1692254170249,1693226434496,65,3,62
35241,1693226434496,1692254170261,1692254170264,1693226434510,14,3,11
35242,1693226434510,1692254170270,1692254170272,1693226434519,9,2,7
35243,1693226434519,1692254170282,1692254170284,1693226434531,12,2,10
35244,1693226434531,1692254170289,1692254170292,1693226434538,7,3,4
35245,1693226434538,1692254170317,1692254170320,1693226434566,28,3,25
35246,1693226434566,1692254170349,1692254170351,1693226434598,32,2,30
35247,1693226434598,1692254170356,1692254170358,1693226434605,7,2,5
35248,1693226434605,1692254170363,1692254170366,1693226434613,8,3,5
35249,1693226434613,1692254170371,1692254170373,1693226434620,7,2,5
35250,1693226434620,1692254170441,1692254170444,1693226434695,75,3,72
35251,1693226434695,1692254170458,1692254170462,1693226434709,14,4,10
35252,1693226434709,1692254170466,1692254170469,1693226434715,6,3,3
35253,1693226434715,1692254170473,1692254170477,1693226434724,9,4,5
35254,1693226434724,1692254170482,1692254170485,1693226434731,7,3,4
35255,1693226434731,1692254170489,1692254170492,1693226434738,7,3,4
35256,1693226434738,1692254170496,1692254170499,1693226434746,8,3,5
35257,1693226434746,1692254170503,1692254170507,1693226434754,8,4,4
35258,1693226434754,1692254170512,1692254170515,1693226434761,7,3,4
35259,1693226434761,1692254170519,1692254170522,1693226434769,8,3,5
35260,1693226434769,1692254170527,1692254170533,1693226434780,11,6,5
35261,1693226434780,1692254170554,1692254170557,1693226434803,23,3,20
35262,1693226434803,1692254170561,1692254170565,1693226434811,8,4,4
35263,1693226434811,1692254170570,1692254170572,1693226434819,8,2,6
35264,1693226434819,1692254170576,1692254170580,1693226434826,7,4,3
35265,1693226434826,1692254170583,1692254170587,1693226434833,7,4,3
35266,1693226434833,1692254170612,1692254170615,1693226434862,29,3,26
35267,1693226434862,1692254170630,1692254170633,1693226434880,18,3,15
35268,1693226434880,1692254170657,1692254170661,1693226434908,28,4,24
35269,1693226434908,1692254170666,1692254170670,1693226434916,8,4,4
35270,1693226434916,1692254170706,1692254170710,1693226434957,41,4,37
35271,1693226434957,1692254170730,1692254170733,1693226434979,22,3,19
35272,1693226434979,1692254170746,1692254170749,1693226434995,16,3,13
35273,1693226434995,1692254170754,1692254170756,1693226435003,8,2,6
35274,1693226435003,1692254170761,1692254170764,1693226435012,9,3,6
35275,1693226435012,1692254170774,1692254170777,1693226435024,12,3,9
35276,1693226435024,1692254170785,1692254170788,1693226435034,10,3,7
35277,1693226435034,1692254170797,1692254170800,1693226435047,13,3,10
35278,1693226435047,1692254170805,1692254170846,1693226435093,46,41,5
35279,1693226435093,1692254170925,1692254170928,1693226435175,82,3,79
35280,1693226435175,1692254170932,1692254170936,1693226435182,7,4,3
35281,1693226435182,1692254170995,1692254170998,1693226435245,63,3,60
35282,1693226435245,1692254171004,1692254171007,1693226435253,8,3,5
35283,1693226435253,1692254171061,1692254171064,1693226435311,58,3,55
35284,1693226435311,1692254171101,1692254171104,1693226435350,39,3,36
35285,1693226435350,1692254171113,1692254171115,1693226435362,12,2,10
35286,1693226435362,1692254171120,1692254171123,1693226435369,7,3,4
35287,1693226435369,1692254171127,1692254171131,1693226435378,9,4,5
35288,1693226435378,1692254171136,1692254171138,1693226435385,7,2,5
35289,1693226435385,1692254171173,1692254171175,1693226435422,37,2,35
35290,1693226435422,1692254171180,1692254171183,1693226435430,8,3,5
35291,1693226435430,1692254171234,1692254171237,1693226435484,54,3,51
35292,1693226435484,1692254171241,1692254171244,1693226435491,7,3,4
35293,1693226435491,1692254171249,1692254171252,1693226435498,7,3,4
35294,1693226435499,1692254171256,1692254171260,1693226435507,8,4,4
35295,1693226435507,1692254171265,1692254171268,1693226435514,7,3,4
35296,1693226435514,1692254171272,1692254171275,1693226435522,8,3,5
35297,1693226435522,1692254171280,1692254171284,1693226435530,8,4,4
35298,1693226435530,1692254171288,1692254171291,1693226435537,7,3,4
35299,1693226435537,1692254171317,1692254171320,1693226435566,29,3,26
35300,1693226435566,1692254171329,1692254171332,1693226435579,13,3,10
35301,1693226435579,1692254171336,1692254171339,1693226435586,7,3,4
35302,1693226435586,1692254171343,1692254171346,1693226435593,7,3,4
35303,1693226435593,1692254171352,1692254171355,1693226435602,9,3,6
35304,1693226435602,1692254171360,1692254171363,1693226435609,7,3,4
35305,1693226435609,1692254171367,1692254171370,1693226435616,7,3,4
35306,1693226435616,1692254171374,1692254171422,1693226435669,53,48,5
35307,1693226435669,1692254171442,1692254171445,1693226435691,22,3,19
35308,1693226435691,1692254171449,1692254171452,1693226435698,7,3,4
35309,1693226435698,1692254171456,1692254171459,1693226435706,8,3,5
35310,1693226435706,1692254171465,1692254171468,1693226435714,8,3,5
35311,1693226435714,1692254171474,1692254171476,1693226435722,8,2,6
35312,1693226435722,1692254171482,1692254171484,1693226435731,9,2,7
35313,1693226435731,1692254171490,1692254171492,1693226435739,8,2,6
35314,1693226435739,1692254171505,1692254171509,1693226435755,16,4,12
35315,1693226435755,1692254171512,1692254171515,1693226435762,7,3,4
35316,1693226435762,1692254171520,1692254171523,1693226435769,7,3,4
35317,1693226435769,1692254171527,1692254171530,1693226435777,8,3,5
35318,1693226435777,1692254171534,1692254171537,1693226435784,7,3,4
35319,1693226435784,1692254171545,1692254171548,1693226435794,10,3,7
35320,1693226435794,1692254171552,1692254171557,1693226435804,10,5,5
35321,1693226435804,1692254171637,1692254171640,1693226435887,83,3,80
35322,1693226435887,1692254171646,1692254171650,1693226435896,9,4,5
35323,1693226435896,1692254171657,1692254171660,1693226435907,11,3,8
35324,1693226435907,1692254171666,1692254171668,1693226435943,36,2,34
35325,1693226435943,1692254171702,1692254171705,1693226435951,8,3,5
35326,1693226435951,1692254171800,1692254171804,1693226436050,99,4,95
35327,1693226436050,1692254171808,1692254171811,1693226436058,8,3,5
35328,1693226436058,1692254171845,1692254171848,1693226436095,37,3,34
35329,1693226436095,1692254171882,1692254171885,1693226436132,37,3,34
35330,1693226436132,1692254171909,1692254171912,1693226436159,27,3,24
35331,1693226436159,1692254171990,1692254171994,1693226436240,81,4,77
35332,1693226436240,1692254172010,1692254172013,1693226436260,20,3,17
35333,1693226436260,1692254172017,1692254172020,1693226436270,10,3,7
35334,1693226436270,1692254172027,1692254172031,1693226436277,7,4,3
35335,1693226436277,1692254172034,1692254172038,1693226436284,7,4,3
35336,1693226436284,1692254172046,1692254172049,1693226436296,12,3,9
35337,1693226436296,1692254172053,1692254172056,1693226436303,7,3,4
35338,1693226436303,1692254172070,1692254172072,1693226436319,16,2,14
35339,1693226436319,1692254172078,1692254172081,1693226436327,8,3,5
35340,1693226436328,1692254172085,1692254172089,1693226436335,7,4,3
35341,1693226436335,1692254172093,1692254172096,1693226436343,8,3,5
35342,1693226436343,1692254172105,1692254172108,1693226436355,12,3,9
35343,1693226436355,1692254172113,1692254172126,1693226436372,17,13,4
35344,1693226436372,1692254172183,1692254172186,1693226436433,61,3,58
35345,1693226436433,1692254172192,1692254172195,1693226436442,9,3,6
35346,1693226436442,1692254172346,1692254172350,1693226436596,154,4,150
35347,1693226436596,1692254172426,1692254172428,1693226436675,79,2,77
35348,1693226436675,1692254172505,1692254172508,1693226436755,80,3,77
35349,1693226436755,1692254172634,1692254172637,1693226436883,128,3,125
35350,1693226436883,1692254172642,1692254172645,1693226436892,9,3,6
35351,1693226436892,1692254172649,1692254172652,1693226436899,7,3,4
35352,1693226436899,1692254172657,1692254172660,1693226436907,8,3,5
35353,1693226436907,1692254172665,1692254172679,1693226436925,18,14,4
35354,1693226436925,1692254172705,1692254172709,1693226436956,31,4,27
35355,1693226436956,1692254172722,1692254172725,1693226436971,15,3,12
35356,1693226436971,1692254172728,1692254172732,1693226436978,7,4,3
35357,1693226436978,1692254172758,1692254172760,1693226437007,29,2,27
35358,1693226437007,1692254172765,1692254172768,1693226437014,7,3,4
35359,1693226437014,1692254172772,1692254172775,1693226437021,7,3,4
35360,1693226437021,1692254172809,1692254172812,1693226437060,39,3,36
35361,1693226437060,1692254172830,1692254172833,1693226437080,20,3,17
35362,1693226437080,1692254172837,1692254172841,1693226437091,11,4,7
35363,1693226437091,1692254172854,1692254172857,1693226437103,12,3,9
35364,1693226437103,1692254172861,1692254172864,1693226437111,8,3,5
35365,1693226437111,1692254172869,1692254172872,1693226437119,8,3,5
35366,1693226437119,1692254172876,1692254172909,1693226437156,37,33,4
35367,1693226437156,1692254172965,1692254172968,1693226437215,59,3,56
35368,1693226437215,1692254172974,1692254172977,1693226437223,8,3,5
35369,1693226437223,1692254172986,1692254172989,1693226437235,12,3,9
35370,1693226437236,1692254172994,1692254172997,1693226437244,8,3,5
35371,1693226437244,1692254173057,1692254173060,1693226437307,63,3,60
35372,1693226437307,1692254173065,1692254173068,1693226437314,7,3,4
35373,1693226437315,1692254173072,1692254173075,1693226437322,7,3,4
35374,1693226437322,1692254173079,1692254173082,1693226437328,6,3,3
35375,1693226437328,1692254173086,1692254173090,1693226437336,8,4,4
35376,1693226437336,1692254173093,1692254173096,1693226437343,7,3,4
35377,1693226437343,1692254173100,1692254173103,1693226437350,7,3,4
35378,1693226437350,1692254173108,1692254173112,1693226437358,8,4,4
35379,1693226437358,1692254173117,1692254173120,1693226437368,10,3,7
35380,1693226437368,1692254173126,1692254173131,1693226437377,9,5,4
35381,1693226437377,1692254173135,1692254173138,1693226437384,7,3,4
35382,1693226437384,1692254173142,1692254173144,1693226437390,6,2,4
35383,1693226437390,1692254173148,1692254173151,1693226437398,8,3,5
35384,1693226437398,1692254173182,1692254173185,1693226437431,33,3,30
35385,1693226437431,1692254173189,1692254173195,1693226437441,10,6,4
35386,1693226437441,1692254173210,1692254173213,1693226437460,19,3,16
35387,1693226437460,1692254173218,1692254173220,1693226437467,7,2,5
35388,1693226437467,1692254173261,1692254173264,1693226437511,44,3,41
35389,1693226437511,1692254173282,1692254173285,1693226437531,20,3,17
35390,1693226437531,1692254173290,1692254173292,1693226437539,8,2,6
35391,1693226437539,1692254173297,1692254173300,1693226437547,8,3,5
35392,1693226437547,1692254173305,1692254173308,1693226437555,8,3,5
35393,1693226437555,1692254173312,1692254173316,1693226437562,7,4,3
35394,1693226437562,1692254173320,1692254173323,1693226437569,7,3,4
35395,1693226437569,1692254173327,1692254173331,1693226437577,8,4,4
35396,1693226437577,1692254173335,1692254173338,1693226437584,7,3,4
35397,1693226437585,1692254173342,1692254173345,1693226437592,7,3,4
35398,1693226437592,1692254173349,1692254173352,1693226437599,7,3,4
35399,1693226437599,1692254173356,1692254173359,1693226437606,7,3,4
35400,1693226437606,1692254173363,1692254173366,1693226437613,7,3,4
35401,1693226437613,1692254173379,1692254173381,1693226437628,15,2,13
35402,1693226437628,1692254173398,1692254173400,1693226437647,19,2,17
35403,1693226437647,1692254173405,1692254173408,1693226437656,9,3,6
35404,1693226437657,1692254173430,1692254173433,1693226437680,23,3,20
35405,1693226437680,1692254173442,1692254173444,1693226437691,11,2,9
35406,1693226437691,1692254173449,1692254173452,1693226437699,8,3,5
35407,1693226437699,1692254173497,1692254173500,1693226437751,52,3,49
35408,1693226437751,1692254173563,1692254173566,1693226437813,62,3,59
35409,1693226437813,1692254173571,1692254173574,1693226437821,8,3,5
35410,1693226437821,1692254173586,1692254173589,1693226437836,15,3,12
35411,1693226437836,1692254173598,1692254173600,1693226437861,25,2,23
35412,1693226437861,1692254173620,1692254173623,1693226437869,8,3,5
35413,1693226437869,1692254173627,1692254173642,1693226437888,19,15,4
35414,1693226437888,1692254173658,1692254173661,1693226437908,20,3,17
35415,1693226437908,1692254173713,1692254173716,1693226437964,56,3,53
35416,1693226437964,1692254173726,1692254173730,1693226437977,13,4,9
35417,1693226437977,1692254173750,1692254173777,1693226438024,47,27,20
35418,1693226438024,1692254173783,1692254173785,1693226438032,8,2,6
35419,1693226438032,1692254173808,1692254173811,1693226438058,26,3,23
35420,1693226438058,1692254173816,1692254173819,1693226438066,8,3,5
35421,1693226438066,1692254173842,1692254173845,1693226438092,26,3,23
35422,1693226438092,1692254173854,1692254173857,1693226438103,11,3,8
35423,1693226438103,1692254173863,1692254173866,1693226438112,9,3,6
35424,1693226438112,1692254173870,1692254173873,1693226438120,8,3,5
35425,1693226438120,1692254173879,1692254173882,1693226438128,8,3,5
35426,1693226438128,1692254173910,1692254173913,1693226438160,32,3,29
35427,1693226438160,1692254173965,1692254173968,1693226438215,55,3,52
35428,1693226438215,1692254173974,1692254173977,1693226438224,9,3,6
35429,1693226438224,1692254173989,1692254173992,1693226438239,15,3,12
35430,1693226438239,1692254173998,1692254174000,1693226438247,8,2,6
35431,1693226438247,1692254174006,1692254174011,1693226438258,11,5,6
35432,1693226438258,1692254174077,1692254174080,1693226438327,69,3,66
35433,1693226438327,1692254174084,1692254174087,1693226438334,7,3,4
35434,1693226438334,1692254174093,1692254174096,1693226438343,9,3,6
35435,1693226438343,1692254174101,1692254174104,1693226438351,8,3,5
35436,1693226438351,1692254174109,1692254174112,1693226438358,7,3,4
35437,1693226438358,1692254174129,1692254174132,1693226438378,20,3,17
35438,1693226438379,1692254174145,1692254174148,1693226438395,16,3,13
35439,1693226438395,1692254174170,1692254174173,1693226438423,28,3,25
35440,1693226438423,1692254174182,1692254174184,1693226438430,7,2,5
35441,1693226438431,1692254174190,1692254174193,1693226438440,9,3,6
35442,1693226438440,1692254174217,1692254174220,1693226438467,27,3,24
35443,1693226438467,1692254174226,1692254174228,1693226438476,9,2,7
35444,1693226438476,1692254174234,1692254174237,1693226438483,7,3,4
35445,1693226438483,1692254174242,1692254174245,1693226438492,9,3,6
35446,1693226438492,1692254174250,1692254174253,1693226438500,8,3,5
35447,1693226438500,1692254174281,1692254174284,1693226438530,30,3,27
35448,1693226438531,1692254174313,1692254174316,1693226438562,31,3,28
35449,1693226438562,1692254174322,1692254174325,1693226438572,10,3,7
35450,1693226438572,1692254174330,1692254174333,1693226438579,7,3,4
35451,1693226438579,1692254174396,1692254174399,1693226438646,67,3,64
35452,1693226438646,1692254174410,1692254174413,1693226438660,14,3,11
35453,1693226438660,1692254174417,1692254174422,1693226438669,9,5,4
35454,1693226438669,1692254174427,1692254174431,1693226438681,12,4,8
35455,1693226438681,1692254174473,1692254174476,1693226438723,42,3,39
35456,1693226438723,1692254174486,1692254174489,1693226438735,12,3,9
35457,1693226438735,1692254174577,1692254174581,1693226438827,92,4,88
35458,1693226438827,1692254174605,1692254174609,1693226438855,28,4,24
35459,1693226438855,1692254174618,1692254174620,1693226438867,12,2,10
35460,1693226438867,1692254174634,1692254174636,1693226438885,18,2,16
35461,1693226438885,1692254174643,1692254174646,1693226438893,8,3,5
35462,1693226438893,1692254174650,1692254174653,1693226438900,7,3,4
35463,1693226438900,1692254174659,1692254174663,1693226438910,10,4,6
35464,1693226438910,1692254174667,1692254174670,1693226438917,7,3,4
35465,1693226438917,1692254174721,1692254174724,1693226438971,54,3,51
35466,1693226438971,1692254174737,1692254174740,1693226438988,17,3,14
35467,1693226438988,1692254174753,1692254174756,1693226439005,17,3,14
35468,1693226439005,1692254174792,1692254174795,1693226439042,37,3,34
35469,1693226439042,1692254174809,1692254174812,1693226439058,16,3,13
35470,1693226439058,1692254174816,1692254174819,1693226439066,8,3,5
35471,1693226439066,1692254174841,1692254174844,1693226439090,24,3,21
35472,1693226439090,1692254174862,1692254174865,1693226439112,22,3,19
35473,1693226439112,1692254174870,1692254174873,1693226439120,8,3,5
35474,1693226439120,1692254174901,1692254174904,1693226439150,30,3,27
35475,1693226439150,1692254174950,1692254174953,1693226439200,50,3,47
35476,1693226439200,1692254174957,1692254174960,1693226439207,7,3,4
35477,1693226439207,1692254174997,1692254175000,1693226439247,40,3,37
35478,1693226439247,1692254175004,1692254175008,1693226439254,7,4,3
35479,1693226439254,1692254175086,1692254175093,1693226439339,85,7,78
35480,1693226439339,1692254175137,1692254175140,1693226439387,48,3,45
35481,1693226439387,1692254175165,1692254175168,1693226439415,28,3,25
35482,1693226439415,1692254175172,1692254175176,1693226439423,8,4,4
35483,1693226439423,1692254175181,1692254175184,1693226439430,7,3,4
35484,1693226439430,1692254175189,1692254175192,1693226439439,9,3,6
35485,1693226439439,1692254175197,1692254175200,1693226439447,8,3,5
35486,1693226439447,1692254175329,1692254175332,1693226439579,132,3,129
35487,1693226439579,1692254175346,1692254175349,1693226439595,16,3,13
35488,1693226439595,1692254175385,1692254175388,1693226439635,40,3,37
35489,1693226439635,1692254175425,1692254175430,1693226439676,41,5,36
35490,1693226439676,1692254175437,1692254175440,1693226439686,10,3,7
35491,1693226439687,1692254175457,1692254175460,1693226439707,20,3,17
35492,1693226439707,1692254175465,1692254175468,1693226439714,7,3,4
35493,1693226439714,1692254175496,1692254175499,1693226439753,39,3,36
35494,1693226439753,1692254175541,1692254175544,1693226439790,37,3,34
35495,1693226439790,1692254175548,1692254175551,1693226439798,8,3,5
35496,1693226439798,1692254175555,1692254175558,1693226439807,9,3,6
35497,1693226439807,1692254175565,1692254175569,1693226439817,10,4,6
35498,1693226439817,1692254175601,1692254175604,1693226439855,38,3,35
35499,1693226439855,1692254175613,1692254175616,1693226439863,8,3,5
35500,1693226439863,1692254175657,1692254175660,1693226439913,50,3,47
35501,1693226439913,1692254175699,1692254175702,1693226439948,35,3,32
35502,1693226439949,1692254175706,1692254175709,1693226439956,7,3,4
35503,1693226439956,1692254175721,1692254175724,1693226439971,15,3,12
35504,1693226439971,1692254175746,1692254175751,1693226439998,27,5,22
35505,1693226439998,1692254175808,1692254175812,1693226440058,60,4,56
35506,1693226440058,1692254175816,1692254175819,1693226440066,8,3,5
35507,1693226440066,1692254175823,1692254175826,1693226440087,21,3,18
35508,1693226440087,1692254175857,1692254175860,1693226440107,20,3,17
35509,1693226440107,1692254175881,1692254175884,1693226440131,24,3,21
35510,1693226440131,1692254175953,1692254175957,1693226440203,72,4,68
35511,1693226440204,1692254175964,1692254175967,1693226440213,9,3,6
35512,1693226440213,1692254175972,1692254175976,1693226440222,9,4,5
35513,1693226440222,1692254175980,1692254175982,1693226440229,7,2,5
35514,1693226440229,1692254175987,1692254175990,1693226440236,7,3,4
35515,1693226440236,1692254175994,1692254175997,1693226440243,7,3,4
35516,1693226440243,1692254176001,1692254176003,1693226440250,7,2,5
35517,1693226440250,1692254176013,1692254176017,1693226440263,13,4,9
35518,1693226440263,1692254176021,1692254176025,1693226440271,8,4,4
35519,1693226440271,1692254176029,1692254176041,1693226440288,17,12,5
35520,1693226440288,1692254176050,1692254176054,1693226440301,13,4,9
35521,1693226440301,1692254176079,1692254176082,1693226440329,28,3,25
35522,1693226440329,1692254176090,1692254176092,1693226440339,10,2,8
35523,1693226440339,1692254176097,1692254176099,1693226440346,7,2,5
35524,1693226440346,1692254176106,1692254176108,1693226440355,9,2,7
35525,1693226440355,1692254176118,1692254176122,1693226440368,13,4,9
35526,1693226440368,1692254176130,1692254176133,1693226440380,12,3,9
35527,1693226440380,1692254176138,1692254176140,1693226440395,15,2,13
35528,1693226440395,1692254176191,1692254176194,1693226440441,46,3,43
35529,1693226440441,1692254176199,1692254176203,1693226440449,8,4,4
35530,1693226440449,1692254176213,1692254176216,1693226440463,14,3,11
35531,1693226440463,1692254176221,1692254176224,1693226440470,7,3,4
35532,1693226440470,1692254176229,1692254176232,1693226440478,8,3,5
35533,1693226440478,1692254176238,1692254176240,1693226440487,9,2,7
35534,1693226440487,1692254176245,1692254176249,1693226440495,8,4,4
35535,1693226440495,1692254176261,1692254176264,1693226440511,16,3,13
35536,1693226440511,1692254176306,1692254176309,1693226440555,44,3,41
35537,1693226440556,1692254176313,1692254176316,1693226440562,6,3,3
35538,1693226440562,1692254176320,1692254176322,1693226440569,7,2,5
35539,1693226440569,1692254176333,1692254176336,1693226440582,13,3,10
35540,1693226440582,1692254176340,1692254176343,1693226440590,8,3,5
35541,1693226440590,1692254176348,1692254176351,1693226440597,7,3,4
35542,1693226440597,1692254176355,1692254176358,1693226440605,8,3,5
35543,1693226440605,1692254176363,1692254176366,1693226440612,7,3,4
35544,1693226440612,1692254176373,1692254176376,1693226440623,11,3,8
35545,1693226440623,1692254176433,1692254176436,1693226440683,60,3,57
35546,1693226440683,1692254176440,1692254176444,1693226440690,7,4,3
35547,1693226440690,1692254176448,1692254176451,1693226440698,8,3,5
35548,1693226440698,1692254176470,1692254176472,1693226440719,21,2,19
35549,1693226440719,1692254176478,1692254176480,1693226440729,10,2,8
35550,1693226440729,1692254176593,1692254176596,1693226440843,114,3,111
35551,1693226440843,1692254176664,1692254176668,1693226440914,71,4,67
35552,1693226440914,1692254176673,1692254176676,1693226440923,9,3,6
35553,1693226440923,1692254176725,1692254176729,1693226440975,52,4,48
35554,1693226440975,1692254176742,1692254176745,1693226440992,17,3,14
35555,1693226440992,1692254176754,1692254176756,1693226441003,11,2,9
35556,1693226441003,1692254176761,1692254176764,1693226441011,8,3,5
35557,1693226441011,1692254176769,1692254176772,1693226441019,8,3,5
35558,1693226441019,1692254176795,1692254176798,1693226441045,26,3,23
35559,1693226441045,1692254176809,1692254176812,1693226441058,13,3,10
35560,1693226441058,1692254176816,1692254176819,1693226441066,8,3,5
35561,1693226441066,1692254176895,1692254176899,1693226441146,80,4,76
35562,1693226441146,1692254176925,1692254176938,1693226441185,39,13,26
35563,1693226441185,1692254176943,1692254176945,1693226441192,7,2,5
35564,1693226441192,1692254176950,1692254176952,1693226441199,7,2,5
35565,1693226441199,1692254176957,1692254176960,1693226441206,7,3,4
35566,1693226441206,1692254176964,1692254176968,1693226441215,9,4,5
35567,1693226441215,1692254176972,1692254176976,1693226441222,7,4,3
35568,1693226441222,1692254176980,1692254176983,1693226441229,7,3,4
35569,1693226441229,1692254176994,1692254176997,1693226441243,14,3,11
35570,1693226441244,1692254177001,1692254177005,1693226441251,7,4,3
35571,1693226441251,1692254177016,1692254177020,1693226441266,15,4,11
35572,1693226441266,1692254177024,1692254177027,1693226441273,7,3,4
35573,1693226441273,1692254177036,1692254177040,1693226441286,13,4,9
35574,1693226441286,1692254177058,1692254177061,1693226441308,22,3,19
35575,1693226441308,1692254177081,1692254177084,1693226441331,23,3,20
35576,1693226441331,1692254177093,1692254177096,1693226441343,12,3,9
35577,1693226441343,1692254177101,1692254177103,1693226441350,7,2,5
35578,1693226441350,1692254177107,1692254177110,1693226441357,7,3,4
35579,1693226441357,1692254177115,1692254177117,1693226441364,7,2,5
35580,1693226441364,1692254177193,1692254177197,1693226441445,81,4,77
35581,1693226441445,1692254177203,1692254177206,1693226441453,8,3,5
35582,1693226441453,1692254177333,1692254177336,1693226441583,130,3,127
35583,1693226441583,1692254177346,1692254177349,1693226441596,13,3,10
35584,1693226441596,1692254177389,1692254177392,1693226441639,43,3,40
35585,1693226441639,1692254177406,1692254177408,1693226441655,16,2,14
35586,1693226441655,1692254177417,1692254177420,1693226441666,11,3,8
35587,1693226441666,1692254177424,1692254177427,1693226441673,7,3,4
35588,1693226441673,1692254177431,1692254177435,1693226441681,8,4,4
35589,1693226441681,1692254177450,1692254177452,1693226441699,18,2,16
35590,1693226441699,1692254177457,1692254177460,1693226441706,7,3,4
35591,1693226441706,1692254177465,1692254177468,1693226441715,9,3,6
35592,1693226441715,1692254177472,1692254177475,1693226441722,7,3,4
35593,1693226441722,1692254177485,1692254177488,1693226441735,13,3,10
35594,1693226441735,1692254177492,1692254177495,1693226441742,7,3,4
35595,1693226441742,1692254177509,1692254177512,1693226441758,16,3,13
35596,1693226441758,1692254177516,1692254177519,1693226441765,7,3,4
35597,1693226441765,1692254177522,1692254177526,1693226441772,7,4,3
35598,1693226441772,1692254177530,1692254177533,1693226441779,7,3,4
35599,1693226441779,1692254177537,1692254177542,1693226441788,9,5,4
35600,1693226441788,1692254177546,1692254177549,1693226441796,8,3,5
35601,1693226441796,1692254177554,1692254177557,1693226441804,8,3,5
35602,1693226441804,1692254177562,1692254177565,1693226441811,7,3,4
35603,1693226441811,1692254177601,1692254177604,1693226441850,39,3,36
35604,1693226441850,1692254177614,1692254177617,1693226441863,13,3,10
35605,1693226441863,1692254177621,1692254177624,1693226441870,7,3,4
35606,1693226441870,1692254177628,1692254177631,1693226441877,7,3,4
35607,1693226441877,1692254177636,1692254177640,1693226441886,9,4,5
35608,1693226441886,1692254177649,1692254177651,1693226441898,12,2,10
35609,1693226441898,1692254177655,1692254177658,1693226441904,6,3,3
35610,1693226441904,1692254177666,1692254177669,1693226441915,11,3,8
35611,1693226441916,1692254177674,1692254177677,1693226441923,7,3,4
35612,1693226441923,1692254177705,1692254177708,1693226441957,34,3,31
35613,1693226441957,1692254177718,1692254177720,1693226441967,10,2,8
35614,1693226441967,1692254177725,1692254177728,1693226441975,8,3,5
35615,1693226441975,1692254177737,1692254177740,1693226441987,12,3,9
35616,1693226441987,1692254177746,1692254177751,1693226441997,10,5,5
35617,1693226441997,1692254177755,1692254177758,1693226442005,8,3,5
35618,1693226442005,1692254177810,1692254177814,1693226442060,55,4,51
35619,1693226442060,1692254177818,1692254177821,1693226442068,8,3,5
35620,1693226442068,1692254177833,1692254177836,1693226442083,15,3,12
35621,1693226442083,1692254177846,1692254177849,1693226442096,13,3,10
35622,1693226442096,1692254177857,1692254177860,1693226442106,10,3,7
35623,1693226442106,1692254177921,1692254177924,1693226442171,65,3,62
35624,1693226442171,1692254177945,1692254177948,1693226442195,24,3,21
35625,1693226442195,1692254177952,1692254177955,1693226442202,7,3,4
35626,1693226442202,1692254177960,1692254177963,1693226442209,7,3,4
35627,1693226442209,1692254177967,1692254177970,1693226442217,8,3,5
35628,1693226442217,1692254177975,1692254177978,1693226442225,8,3,5
35629,1693226442225,1692254178017,1692254178020,1693226442267,42,3,39
35630,1693226442267,1692254178024,1692254178028,1693226442274,7,4,3
35631,1693226442274,1692254178186,1692254178189,1693226442437,163,3,160
35632,1693226442438,1692254178195,1692254178199,1693226442445,7,4,3
35633,1693226442445,1692254178203,1692254178206,1693226442492,47,3,44
35634,1693226442492,1692254178249,1692254178253,1693226442499,7,4,3
35635,1693226442499,1692254178262,1692254178266,1693226442512,13,4,9
35636,1693226442512,1692254178270,1692254178273,1693226442520,8,3,5
35637,1693226442520,1692254178289,1692254178292,1693226442539,19,3,16
35638,1693226442539,1692254178297,1692254178299,1693226442546,7,2,5
35639,1693226442546,1692254178347,1692254178350,1693226442596,50,3,47
35640,1693226442596,1692254178400,1692254178404,1693226442650,54,4,50
35641,1693226442650,1692254178414,1692254178417,1693226442664,14,3,11
35642,1693226442664,1692254178433,1692254178436,1693226442682,18,3,15
35643,1693226442682,1692254178469,1692254178472,1693226442719,37,3,34
35644,1693226442719,1692254178486,1692254178489,1693226442735,16,3,13
35645,1693226442735,1692254178493,1692254178496,1693226442743,8,3,5
35646,1693226442743,1692254178505,1692254178509,1693226442755,12,4,8
35647,1693226442755,1692254178513,1692254178516,1693226442762,7,3,4
35648,1693226442762,1692254178520,1692254178523,1693226442770,8,3,5
35649,1693226442770,1692254178528,1692254178530,1693226442777,7,2,5
35650,1693226442777,1692254178535,1692254178538,1693226442785,8,3,5
35651,1693226442785,1692254178543,1692254178546,1693226442793,8,3,5
35652,1693226442793,1692254178551,1692254178554,1693226442800,7,3,4
35653,1693226442800,1692254178559,1692254178561,1693226442808,8,2,6
35654,1693226442808,1692254178570,1692254178573,1693226442819,11,3,8
35655,1693226442819,1692254178577,1692254178580,1693226442826,7,3,4
35656,1693226442826,1692254178585,1692254178588,1693226442834,8,3,5
35657,1693226442835,1692254178592,1692254178595,1693226442842,7,3,4
35658,1693226442842,1692254178622,1692254178625,1693226442871,29,3,26
35659,1693226442871,1692254178645,1692254178648,1693226442897,26,3,23
35660,1693226442897,1692254178655,1692254178657,1693226442904,7,2,5
35661,1693226442904,1692254178668,1692254178672,1693226442919,15,4,11
35662,1693226442919,1692254178717,1692254178720,1693226442966,47,3,44
35663,1693226442966,1692254178729,1692254178732,1693226442981,15,3,12
35664,1693226442981,1692254178746,1692254178749,1693226442995,14,3,11
35665,1693226442995,1692254178757,1692254178760,1693226443007,12,3,9
35666,1693226443007,1692254178769,1692254178773,1693226443019,12,4,8
35667,1693226443019,1692254178779,1692254178783,1693226443029,10,4,6
35668,1693226443029,1692254178805,1692254178808,1693226443056,27,3,24
35669,1693226443056,1692254178814,1692254178817,1693226443064,8,3,5
35670,1693226443064,1692254178838,1692254178841,1693226443088,24,3,21
35671,1693226443088,1692254178929,1692254178932,1693226443179,91,3,88
35672,1693226443179,1692254178954,1692254178958,1693226443205,26,4,22
35673,1693226443205,1692254178963,1692254178966,1693226443213,8,3,5
35674,1693226443213,1692254179016,1692254179020,1693226443266,53,4,49
35675,1693226443266,1692254179024,1692254179027,1693226443274,8,3,5
35676,1693226443274,1692254179138,1692254179141,1693226443387,113,3,110
35677,1693226443387,1692254179162,1692254179165,1693226443411,24,3,21
35678,1693226443411,1692254179173,1692254179179,1693226443425,14,6,8
35679,1693226443425,1692254179183,1692254179186,1693226443432,7,3,4
35680,1693226443432,1692254179195,1692254179198,1693226443444,12,3,9
35681,1693226443444,1692254179203,1692254179206,1693226443453,9,3,6
35682,1693226443453,1692254179230,1692254179232,1693226443479,26,2,24
35683,1693226443479,1692254179237,1692254179241,1693226443487,8,4,4
35684,1693226443487,1692254179245,1692254179248,1693226443495,8,3,5
35685,1693226443495,1692254179262,1692254179264,1693226443511,16,2,14
35686,1693226443511,1692254179269,1692254179272,1693226443518,7,3,4
35687,1693226443518,1692254179301,1692254179304,1693226443551,33,3,30
35688,1693226443551,1692254179373,1692254179376,1693226443623,72,3,69
35689,1693226443623,1692254179401,1692254179404,1693226443651,28,3,25
35690,1693226443651,1692254179409,1692254179411,1693226443658,7,2,5
35691,1693226443658,1692254179418,1692254179421,1693226443671,13,3,10
35692,1693226443671,1692254179429,1692254179432,1693226443679,8,3,5
35693,1693226443679,1692254179437,1692254179440,1693226443686,7,3,4
35694,1693226443686,1692254179444,1692254179447,1693226443694,8,3,5
35695,1693226443694,1692254179461,1692254179464,1693226443711,17,3,14
35696,1693226443711,1692254179490,1692254179492,1693226443739,28,2,26
35697,1693226443739,1692254179497,1692254179500,1693226443746,7,3,4
35698,1693226443746,1692254179504,1692254179507,1693226443753,7,3,4
35699,1693226443753,1692254179541,1692254179544,1693226443790,37,3,34
35700,1693226443790,1692254179565,1692254179568,1693226443814,24,3,21
35701,1693226443814,1692254179582,1692254179585,1693226443867,53,3,50
35702,1693226443867,1692254179634,1692254179645,1693226443892,25,11,14
35703,1693226443892,1692254179670,1692254179673,1693226443920,28,3,25
35704,1693226443920,1692254179689,1692254179692,1693226443939,19,3,16
35705,1693226443939,1692254179729,1692254179732,1693226443979,40,3,37
35706,1693226443979,1692254179774,1692254179776,1693226444024,45,2,43
35707,1693226444024,1692254179781,1692254179784,1693226444030,6,3,3
35708,1693226444031,1692254179788,1692254179792,1693226444039,8,4,4
35709,1693226444039,1692254179797,1692254179800,1693226444046,7,3,4
35710,1693226444046,1692254179804,1692254179807,1693226444053,7,3,4
35711,1693226444053,1692254179817,1692254179820,1693226444066,13,3,10
35712,1693226444066,1692254179824,1692254179827,1693226444073,7,3,4
35713,1693226444073,1692254179831,1692254179835,1693226444081,8,4,4
35714,1693226444081,1692254179846,1692254179849,1693226444096,15,3,12
35715,1693226444096,1692254179854,1692254179858,1693226444104,8,4,4
35716,1693226444104,1692254179870,1692254179873,1693226444119,15,3,12
35717,1693226444120,1692254179877,1692254179880,1693226444127,7,3,4
35718,1693226444127,1692254179885,1692254179888,1693226444134,7,3,4
35719,1693226444135,1692254179930,1692254179933,1693226444180,45,3,42
35720,1693226444180,1692254179961,1692254179964,1693226444210,30,3,27
35721,1693226444210,1692254180014,1692254180017,1693226444263,53,3,50
35722,1693226444263,1692254180021,1692254180025,1693226444271,8,4,4
35723,1693226444271,1692254180030,1692254180033,1693226444280,9,3,6
35724,1693226444280,1692254180049,1692254180052,1693226444299,19,3,16
35725,1693226444299,1692254180058,1692254180061,1693226444307,8,3,5
35726,1693226444307,1692254180068,1692254180071,1693226444317,10,3,7
35727,1693226444317,1692254180075,1692254180078,1693226444324,7,3,4
35728,1693226444325,1692254180113,1692254180116,1693226444362,37,3,34
35729,1693226444362,1692254180120,1692254180123,1693226444370,8,3,5
35730,1693226444370,1692254180169,1692254180172,1693226444419,49,3,46
35731,1693226444419,1692254180177,1692254180180,1693226444426,7,3,4
35732,1693226444426,1692254180184,1692254180187,1693226444433,7,3,4
35733,1693226444433,1692254180191,1692254180194,1693226444441,8,3,5
35734,1693226444441,1692254180199,1692254180203,1693226444449,8,4,4
35735,1693226444449,1692254180229,1692254180232,1693226444478,29,3,26
35736,1693226444479,1692254180237,1692254180240,1693226444486,7,3,4
35737,1693226444487,1692254180245,1692254180248,1693226444494,7,3,4
35738,1693226444494,1692254180252,1692254180255,1693226444519,25,3,22
35739,1693226444519,1692254180278,1692254180282,1693226444529,10,4,6
35740,1693226444529,1692254180287,1692254180290,1693226444536,7,3,4
35741,1693226444536,1692254180301,1692254180305,1693226444551,15,4,11
35742,1693226444551,1692254180345,1692254180347,1693226444594,43,2,41
35743,1693226444594,1692254180377,1692254180380,1693226444626,32,3,29
35744,1693226444626,1692254180384,1692254180387,1693226444634,8,3,5
35745,1693226444634,1692254180401,1692254180405,1693226444652,18,4,14
35746,1693226444652,1692254180412,1692254180415,1693226444661,9,3,6
35747,1693226444661,1692254180419,1692254180422,1693226444669,8,3,5
35748,1693226444669,1692254180426,1692254180429,1693226444675,6,3,3
35749,1693226444675,1692254180485,1692254180488,1693226444734,59,3,56
35750,1693226444734,1692254180498,1692254180501,1693226444747,13,3,10
35751,1693226444748,1692254180505,1692254180508,1693226444754,6,3,3
35752,1693226444754,1692254180585,1692254180588,1693226444835,81,3,78
35753,1693226444835,1692254180594,1692254180597,1693226444844,9,3,6
35754,1693226444844,1692254180601,1692254180604,1693226444851,7,3,4
35755,1693226444851,1692254180609,1692254180611,1693226444858,7,2,5
35756,1693226444858,1692254180618,1692254180621,1693226444867,9,3,6
35757,1693226444867,1692254180670,1692254180673,1693226444920,53,3,50
35758,1693226444920,1692254180678,1692254180683,1693226444929,9,5,4
35759,1693226444929,1692254180725,1692254180728,1693226444974,45,3,42
35760,1693226444974,1692254180733,1692254180736,1693226444982,8,3,5
35761,1693226444982,1692254180806,1692254180809,1693226445056,74,3,71
35762,1693226445056,1692254180818,1692254180822,1693226445069,13,4,9
35763,1693226445069,1692254180827,1692254180831,1693226445077,8,4,4
35764,1693226445077,1692254180857,1692254180859,1693226445106,29,2,27
35765,1693226445106,1692254180864,1692254180867,1693226445114,8,3,5
35766,1693226445114,1692254180871,1692254180874,1693226445121,7,3,4
35767,1693226445121,1692254180879,1692254180882,1693226445128,7,3,4
35768,1693226445128,1692254180894,1692254180897,1693226445143,15,3,12
35769,1693226445143,1692254180909,1692254180912,1693226445159,16,3,13
35770,1693226445159,1692254180929,1692254180933,1693226445179,20,4,16
35771,1693226445179,1692254180946,1692254180949,1693226445195,16,3,13
35772,1693226445195,1692254180954,1692254180956,1693226445202,7,2,5
35773,1693226445202,1692254180962,1692254180965,1693226445211,9,3,6
35774,1693226445211,1692254180969,1692254180972,1693226445219,8,3,5
35775,1693226445219,1692254180976,1692254180979,1693226445225,6,3,3
35776,1693226445225,1692254180983,1692254180986,1693226445234,9,3,6
35777,1693226445234,1692254181001,1692254181004,1693226445251,17,3,14
35778,1693226445251,1692254181009,1692254181012,1693226445258,7,3,4
35779,1693226445258,1692254181017,1692254181020,1693226445266,8,3,5
35780,1693226445266,1692254181025,1692254181029,1693226445275,9,4,5
35781,1693226445275,1692254181033,1692254181038,1693226445284,9,5,4
35782,1693226445284,1692254181070,1692254181074,1693226445324,40,4,36
35783,1693226445324,1692254181086,1692254181089,1693226445336,12,3,9
35784,1693226445336,1692254181106,1692254181108,1693226445355,19,2,17
35785,1693226445355,1692254181125,1692254181128,1693226445374,19,3,16
35786,1693226445374,1692254181134,1692254181137,1693226445383,9,3,6
35787,1693226445383,1692254181142,1692254181145,1693226445391,8,3,5
35788,1693226445391,1692254181197,1692254181200,1693226445447,56,3,53
35789,1693226445447,1692254181204,1692254181208,1693226445454,7,4,3
35790,1693226445455,1692254181218,1692254181221,1693226445468,13,3,10
35791,1693226445468,1692254181226,1692254181230,1693226445477,9,4,5
35792,1693226445477,1692254181234,1692254181238,1693226445484,7,4,3
35793,1693226445484,1692254181242,1692254181245,1693226445492,8,3,5
35794,1693226445492,1692254181250,1692254181253,1693226445499,7,3,4
35795,1693226445499,1692254181257,1692254181260,1693226445507,8,3,5
35796,1693226445507,1692254181265,1692254181267,1693226445514,7,2,5
35797,1693226445514,1692254181272,1692254181275,1693226445521,7,3,4
35798,1693226445521,1692254181279,1692254181282,1693226445528,7,3,4
35799,1693226445528,1692254181286,1692254181289,1693226445535,7,3,4
35800,1693226445535,1692254181293,1692254181296,1693226445543,8,3,5
35801,1693226445543,1692254181301,1692254181303,1693226445550,7,2,5
35802,1693226445550,1692254181308,1692254181311,1693226445558,8,3,5
35803,1693226445558,1692254181317,1692254181320,1693226445566,8,3,5
35804,1693226445566,1692254181345,1692254181348,1693226445596,30,3,27
35805,1693226445596,1692254181358,1692254181360,1693226445606,10,2,8
35806,1693226445606,1692254181377,1692254181380,1693226445627,21,3,18
35807,1693226445627,1692254181385,1692254181387,1693226445634,7,2,5
35808,1693226445634,1692254181392,1692254181394,1693226445641,7,2,5
35809,1693226445641,1692254181400,1692254181404,1693226445650,9,4,5
35810,1693226445650,1692254181434,1692254181437,1693226445683,33,3,30
35811,1693226445683,1692254181453,1692254181456,1693226445703,20,3,17
35812,1693226445703,1692254181477,1692254181480,1693226445726,23,3,20
35813,1693226445726,1692254181510,1692254181512,1693226445759,33,2,31
35814,1693226445759,1692254181525,1692254181528,1693226445774,15,3,12
35815,1693226445774,1692254181561,1692254181564,1693226445811,37,3,34
35816,1693226445811,1692254181669,1692254181672,1693226445919,108,3,105
35817,1693226445919,1692254181677,1692254181681,1693226445927,8,4,4
35818,1693226445927,1692254181753,1692254181756,1693226446003,76,3,73
35819,1693226446003,1692254181761,1692254181766,1693226446013,10,5,5
35820,1693226446013,1692254181773,1692254181776,1693226446024,11,3,8
35821,1693226446024,1692254181802,1692254181805,1693226446054,30,3,27
35822,1693226446054,1692254181812,1692254181815,1693226446062,8,3,5
35823,1693226446062,1692254181820,1692254181824,1693226446091,29,4,25
35824,1693226446091,1692254181863,1692254181866,1693226446113,22,3,19
35825,1693226446113,1692254181874,1692254181876,1693226446123,10,2,8
35826,1693226446123,1692254181886,1692254181889,1693226446135,12,3,9
35827,1693226446135,1692254181917,1692254181920,1693226446167,32,3,29
35828,1693226446167,1692254181930,1692254181933,1693226446179,12,3,9
35829,1693226446179,1692254181937,1692254181939,1693226446186,7,2,5
35830,1693226446186,1692254181977,1692254181980,1693226446226,40,3,37
35831,1693226446226,1692254181994,1692254181997,1693226446244,18,3,15
35832,1693226446244,1692254182017,1692254182021,1693226446267,23,4,19
35833,1693226446267,1692254182025,1692254182085,1693226446332,65,60,5
35834,1693226446332,1692254182117,1692254182121,1693226446367,35,4,31
35835,1693226446367,1692254182125,1692254182128,1693226446374,7,3,4
35836,1693226446374,1692254182131,1692254182135,1693226446381,7,4,3
35837,1693226446381,1692254182142,1692254182145,1693226446391,10,3,7
35838,1693226446391,1692254182149,1692254182152,1693226446399,8,3,5
35839,1693226446399,1692254182156,1692254182159,1693226446405,6,3,3
35840,1693226446405,1692254182163,1692254182166,1693226446412,7,3,4
35841,1693226446412,1692254182182,1692254182184,1693226446431,19,2,17
35842,1693226446431,1692254182189,1692254182196,1693226446443,12,7,5
35843,1693226446443,1692254182203,1692254182206,1693226446452,9,3,6
35844,1693226446452,1692254182210,1692254182213,1693226446462,10,3,7
35845,1693226446462,1692254182265,1692254182268,1693226446514,52,3,49
35846,1693226446514,1692254182293,1692254182296,1693226446542,28,3,25
35847,1693226446543,1692254182300,1692254182303,1693226446549,6,3,3
35848,1693226446549,1692254182307,1692254182310,1693226446556,7,3,4
35849,1693226446556,1692254182366,1692254182368,1693226446615,59,2,57
35850,1693226446615,1692254182373,1692254182378,1693226446625,10,5,5
35851,1693226446625,1692254182382,1692254182385,1693226446632,7,3,4
35852,1693226446632,1692254182389,1692254182392,1693226446639,7,3,4
35853,1693226446639,1692254182397,1692254182400,1693226446647,8,3,5
35854,1693226446647,1692254182406,1692254182409,1693226446655,8,3,5
35855,1693226446655,1692254182429,1692254182442,1693226446688,33,13,20
35856,1693226446688,1692254182465,1692254182468,1693226446714,26,3,23
35857,1693226446714,1692254182485,1692254182488,1693226446735,21,3,18
35858,1693226446735,1692254182517,1692254182520,1693226446766,31,3,28
35859,1693226446766,1692254182557,1692254182560,1693226446806,40,3,37
35860,1693226446806,1692254182564,1692254182567,1693226446813,7,3,4
35861,1693226446813,1692254182571,1692254182574,1693226446820,7,3,4
35862,1693226446820,1692254182578,1692254182581,1693226446828,8,3,5
35863,1693226446828,1692254182597,1692254182599,1693226446846,18,2,16
35864,1693226446846,1692254182626,1692254182629,1693226446876,30,3,27
35865,1693226446876,1692254182634,1692254182637,1693226446883,7,3,4
35866,1693226446883,1692254182641,1692254182644,1693226446890,7,3,4
35867,1693226446890,1692254182648,1692254182651,1693226446898,8,3,5
35868,1693226446898,1692254182662,1692254182664,1693226446911,13,2,11
35869,1693226446911,1692254182673,1692254182677,1693226446923,12,4,8
35870,1693226446923,1692254182682,1692254182686,1693226446932,9,4,5
35871,1693226446932,1692254182816,1692254182819,1693226447066,134,3,131
35872,1693226447066,1692254182824,1692254182827,1693226447074,8,3,5
35873,1693226447074,1692254182905,1692254182908,1693226447155,81,3,78
35874,1693226447155,1692254182969,1692254182972,1693226447219,64,3,61
35875,1693226447219,1692254182977,1692254182980,1693226447227,8,3,5
35876,1693226447227,1692254182985,1692254182988,1693226447234,7,3,4
35877,1693226447234,1692254182994,1692254182997,1693226447260,26,3,23
35878,1693226447260,1692254183025,1692254183029,1693226447275,15,4,11
35879,1693226447276,1692254183157,1692254183160,1693226447407,131,3,128
35880,1693226447407,1692254183202,1692254183206,1693226447453,46,4,42
35881,1693226447453,1692254183211,1692254183215,1693226447462,9,4,5
35882,1693226447462,1692254183220,1692254183223,1693226447469,7,3,4
35883,1693226447469,1692254183227,1692254183231,1693226447478,9,4,5
35884,1693226447478,1692254183273,1692254183276,1693226447523,45,3,42
35885,1693226447523,1692254183283,1692254183286,1693226447532,9,3,6
35886,1693226447532,1692254183318,1692254183320,1693226447567,35,2,33
35887,1693226447567,1692254183326,1692254183328,1693226447575,8,2,6
35888,1693226447575,1692254183333,1692254183336,1693226447582,7,3,4
35889,1693226447582,1692254183340,1692254183343,1693226447589,7,3,4
35890,1693226447589,1692254183347,1692254183350,1693226447596,7,3,4
35891,1693226447596,1692254183355,1692254183358,1693226447605,9,3,6
35892,1693226447605,1692254183382,1692254183386,1693226447633,28,4,24
35893,1693226447633,1692254183391,1692254183394,1693226447640,7,3,4
35894,1693226447640,1692254183409,1692254183412,1693226447663,23,3,20
35895,1693226447663,1692254183421,1692254183424,1693226447671,8,3,5
35896,1693226447671,1692254183429,1692254183432,1693226447679,8,3,5
35897,1693226447679,1692254183442,1692254183444,1693226447691,12,2,10
35898,1693226447692,1692254183449,1692254183452,1693226447699,7,3,4
35899,1693226447699,1692254183473,1692254183476,1693226447722,23,3,20
35900,1693226447722,1692254183497,1692254183500,1693226447747,25,3,22
35901,1693226447747,1692254183509,1692254183512,1693226447758,11,3,8
35902,1693226447758,1692254183537,1692254183541,1693226447787,29,4,25
35903,1693226447787,1692254183545,1692254183548,1693226447794,7,3,4
35904,1693226447794,1692254183582,1692254183585,1693226447832,38,3,35
35905,1693226447832,1692254183590,1692254183593,1693226447839,7,3,4
35906,1693226447839,1692254183657,1692254183660,1693226447906,67,3,64
35907,1693226447906,1692254183673,1692254183676,1693226447922,16,3,13
35908,1693226447923,1692254183680,1692254183683,1693226447930,7,3,4
35909,1693226447930,1692254183719,1692254183722,1693226447968,38,3,35
35910,1693226447968,1692254183777,1692254183780,1693226448026,58,3,55
35911,1693226448026,1692254183817,1692254183820,1693226448066,40,3,37
35912,1693226448066,1692254183824,1692254183828,1693226448074,8,4,4
35913,1693226448074,1692254183834,1692254183836,1693226448083,9,2,7
35914,1693226448083,1692254183841,1692254183845,1693226448092,9,4,5
35915,1693226448092,1692254183854,1692254183856,1693226448103,11,2,9
35916,1693226448103,1692254183862,1692254183865,1693226448111,8,3,5
35917,1693226448112,1692254183893,1692254183897,1693226448143,31,4,27
35918,1693226448143,1692254183922,1692254183924,1693226448171,28,2,26
35919,1693226448171,1692254183937,1692254183940,1693226448187,16,3,13
35920,1693226448187,1692254183946,1692254183949,1693226448195,8,3,5
35921,1693226448195,1692254183966,1692254183969,1693226448216,21,3,18
35922,1693226448216,1692254184025,1692254184029,1693226448276,60,4,56
35923,1693226448276,1692254184034,1692254184073,1693226448320,44,39,5
35924,1693226448320,1692254184078,1692254184081,1693226448328,8,3,5
35925,1693226448328,1692254184086,1692254184109,1693226448356,28,23,5
35926,1693226448356,1692254184129,1692254184132,1693226448379,23,3,20
35927,1693226448379,1692254184161,1692254184164,1693226448410,31,3,28
35928,1693226448410,1692254184202,1692254184207,1693226448454,44,5,39
35929,1693226448454,1692254184214,1692254184223,1693226448469,15,9,6
35930,1693226448469,1692254184268,1692254184271,1693226448518,49,3,46
35931,1693226448518,1692254184309,1692254184312,1693226448558,40,3,37
35932,1693226448558,1692254184329,1692254184332,1693226448579,21,3,18
35933,1693226448579,1692254184337,1692254184340,1693226448586,7,3,4
35934,1693226448586,1692254184361,1692254184365,1693226448613,27,4,23
35935,1693226448613,1692254184382,1692254184385,1693226448631,18,3,15
35936,1693226448631,1692254184390,1692254184393,1693226448639,8,3,5
35937,1693226448639,1692254184413,1692254184416,1693226448663,24,3,21
35938,1693226448663,1692254184421,1692254184423,1693226448670,7,2,5
35939,1693226448670,1692254184428,1692254184430,1693226448678,8,2,6
35940,1693226448678,1692254184453,1692254184456,1693226448702,24,3,21
35941,1693226448702,1692254184466,1692254184469,1693226448716,14,3,11
35942,1693226448716,1692254184474,1692254184476,1693226448758,42,2,40
35943,1693226448758,1692254184533,1692254184537,1693226448783,25,4,21
35944,1693226448783,1692254184545,1692254184548,1693226448794,11,3,8
35945,1693226448794,1692254184552,1692254184555,1693226448802,8,3,5
35946,1693226448802,1692254184560,1692254184562,1693226448809,7,2,5
35947,1693226448809,1692254184566,1692254184574,1693226448822,13,8,5
35948,1693226448822,1692254184579,1692254184582,1693226448830,8,3,5
35949,1693226448830,1692254184598,1692254184600,1693226448847,17,2,15
35950,1693226448847,1692254184605,1692254184608,1693226448854,7,3,4
35951,1693226448854,1692254184625,1692254184628,1693226448874,20,3,17
35952,1693226448874,1692254184654,1692254184657,1693226448903,29,3,26
35953,1693226448903,1692254184674,1692254184678,1693226448925,22,4,18
35954,1693226448925,1692254184721,1692254184724,1693226449152,227,3,224
35955,1693226449152,1692254184922,1692254184925,1693226449171,19,3,16
35956,1693226449171,1692254184928,1692254184932,1693226449178,7,4,3
35957,1693226449178,1692254184937,1692254184941,1693226449187,9,4,5
35958,1693226449187,1692254184977,1692254184980,1693226449278,91,3,88
35959,1693226449278,1692254185037,1692254185041,1693226449310,32,4,28
35960,1693226449310,1692254185068,1692254185071,1693226449317,7,3,4
35961,1693226449317,1692254185075,1692254185079,1693226449325,8,4,4
35962,1693226449325,1692254185083,1692254185085,1693226449332,7,2,5
35963,1693226449332,1692254185090,1692254185092,1693226449339,7,2,5
35964,1693226449339,1692254185097,1692254185100,1693226449348,9,3,6
35965,1693226449348,1692254185112,1692254185116,1693226449363,15,4,11
35966,1693226449363,1692254185120,1692254185123,1693226449370,7,3,4
35967,1693226449370,1692254185133,1692254185136,1693226449383,13,3,10
35968,1693226449383,1692254185190,1692254185193,1693226449454,71,3,68
35969,1693226449454,1692254185212,1692254185215,1693226449463,9,3,6
35970,1693226449463,1692254185230,1692254185233,1693226449479,16,3,13
35971,1693226449479,1692254185237,1692254185240,1693226449486,7,3,4
35972,1693226449486,1692254185243,1692254185246,1693226449492,6,3,3
35973,1693226449492,1692254185250,1692254185253,1693226449499,7,3,4
35974,1693226449499,1692254185305,1692254185309,1693226449555,56,4,52
35975,1693226449555,1692254185321,1692254185324,1693226449570,15,3,12
35976,1693226449570,1692254185330,1692254185333,1693226449579,9,3,6
35977,1693226449579,1692254185353,1692254185356,1693226449602,23,3,20
35978,1693226449602,1692254185374,1692254185377,1693226449623,21,3,18
35979,1693226449623,1692254185381,1692254185384,1693226449631,8,3,5
35980,1693226449631,1692254185390,1692254185392,1693226449639,8,2,6
35981,1693226449639,1692254185401,1692254185404,1693226449659,20,3,17
35982,1693226449659,1692254185425,1692254185428,1693226449674,15,3,12
35983,1693226449674,1692254185432,1692254185436,1693226449682,8,4,4
35984,1693226449682,1692254185447,1692254185449,1693226449696,14,2,12
35985,1693226449696,1692254185453,1692254185456,1693226449703,7,3,4
35986,1693226449703,1692254185460,1692254185463,1693226449710,7,3,4
35987,1693226449710,1692254185469,1692254185472,1693226449719,9,3,6
35988,1693226449719,1692254185477,1692254185480,1693226449727,8,3,5
35989,1693226449727,1692254185484,1692254185488,1693226449734,7,4,3
35990,1693226449734,1692254185495,1692254185498,1693226449745,11,3,8
35991,1693226449745,1692254185554,1692254185561,1693226449807,62,7,55
35992,1693226449807,1692254185565,1692254185568,1693226449814,7,3,4
35993,1693226449814,1692254185572,1692254185575,1693226449821,7,3,4
35994,1693226449821,1692254185582,1692254185584,1693226449831,10,2,8
35995,1693226449831,1692254185618,1692254185621,1693226449868,37,3,34
35996,1693226449868,1692254185630,1692254185633,1693226449879,11,3,8
35997,1693226449879,1692254185638,1692254185640,1693226449886,7,2,5
35998,1693226449886,1692254185646,1692254185648,1693226449895,9,2,7
35999,1693226449895,1692254185673,1692254185677,1693226449923,28,4,24
36000,1693226449923,1692254185681,1692254185685,1693226449931,8,4,4
36001,1693226449931,1692254185702,1692254185705,1693226449952,21,3,18
36002,1693226449952,1692254185730,1692254185734,1693226449981,29,4,25
36003,1693226449981,1692254185747,1692254185750,1693226449996,15,3,12
36004,1693226449996,1692254185789,1692254185792,1693226450039,43,3,40
36005,1693226450039,1692254185814,1692254185817,1693226450063,24,3,21
36006,1693226450063,1692254185822,1692254185825,1693226450108,45,3,42
36007,1693226450108,1692254185954,1692254185957,1693226450204,96,3,93
36008,1693226450204,1692254185970,1692254185973,1693226450220,16,3,13
36009,1693226450220,1692254186033,1692254186037,1693226450284,64,4,60
36010,1693226450284,1692254186042,1692254186053,1693226450300,16,11,5
36011,1693226450300,1692254186114,1692254186118,1693226450365,65,4,61
36012,1693226450365,1692254186133,1692254186136,1693226450383,18,3,15
36013,1693226450383,1692254186153,1692254186156,1693226450402,19,3,16
36014,1693226450402,1692254186160,1692254186163,1693226450410,8,3,5
36015,1693226450410,1692254186168,1692254186171,1693226450418,8,3,5
36016,1693226450418,1692254186176,1692254186179,1693226450425,7,3,4
36017,1693226450425,1692254186183,1692254186186,1693226450432,7,3,4
36018,1693226450432,1692254186202,1692254186206,1693226450452,20,4,16
36019,1693226450452,1692254186212,1692254186215,1693226450462,10,3,7
36020,1693226450462,1692254186225,1692254186228,1693226450475,13,3,10
36021,1693226450475,1692254186233,1692254186237,1693226450483,8,4,4
36022,1693226450483,1692254186241,1692254186244,1693226450490,7,3,4
36023,1693226450490,1692254186248,1692254186250,1693226450497,7,2,5
36024,1693226450497,1692254186262,1692254186264,1693226450539,42,2,40
36025,1693226450539,1692254186297,1692254186300,1693226450546,7,3,4
36026,1693226450546,1692254186304,1692254186307,1693226450554,8,3,5
36027,1693226450554,1692254186314,1692254186322,1693226450568,14,8,6
36028,1693226450568,1692254186326,1692254186329,1693226450576,8,3,5
36029,1693226450576,1692254186333,1692254186336,1693226450583,7,3,4
36030,1693226450583,1692254186340,1692254186343,1693226450589,6,3,3
36031,1693226450589,1692254186369,1692254186372,1693226450618,29,3,26
36032,1693226450618,1692254186376,1692254186379,1693226450625,7,3,4
36033,1693226450625,1692254186382,1692254186386,1693226450632,7,4,3
36034,1693226450632,1692254186390,1692254186393,1693226450640,8,3,5
36035,1693226450640,1692254186398,1692254186401,1693226450647,7,3,4
36036,1693226450647,1692254186442,1692254186445,1693226450692,45,3,42
36037,1693226450692,1692254186465,1692254186468,1693226450714,22,3,19
36038,1693226450714,1692254186472,1692254186479,1693226450725,11,7,4
36039,1693226450725,1692254186509,1692254186512,1693226450758,33,3,30
36040,1693226450758,1692254186534,1692254186537,1693226450783,25,3,22
36041,1693226450783,1692254186541,1692254186544,1693226450791,8,3,5
36042,1693226450791,1692254186550,1692254186553,1693226450799,8,3,5
36043,1693226450799,1692254186557,1692254186561,1693226450823,24,4,20
36044,1693226450823,1692254186581,1692254186583,1693226450830,7,2,5
36045,1693226450830,1692254186587,1692254186590,1693226450836,6,3,3
36046,1693226450836,1692254186602,1692254186605,1693226450851,15,3,12
36047,1693226450851,1692254186617,1692254186620,1693226450867,16,3,13
36048,1693226450867,1692254186646,1692254186649,1693226450896,29,3,26
36049,1693226450896,1692254186654,1692254186657,1693226450903,7,3,4
36050,1693226450903,1692254186661,1692254186665,1693226450911,8,4,4
36051,1693226450911,1692254186670,1692254186673,1693226450919,8,3,5
36052,1693226450919,1692254186677,1692254186680,1693226450926,7,3,4
36053,1693226450926,1692254186684,1692254186688,1693226450934,8,4,4
36054,1693226450934,1692254186693,1692254186697,1693226450943,9,4,5
36055,1693226450943,1692254186746,1692254186749,1693226450995,52,3,49
36056,1693226450995,1692254186753,1692254186756,1693226451003,8,3,5
36057,1693226451003,1692254186761,1692254186764,1693226451011,8,3,5
36058,1693226451011,1692254186769,1692254186772,1693226451019,8,3,5
36059,1693226451019,1692254186786,1692254186789,1693226451035,16,3,13
36060,1693226451035,1692254186794,1692254186797,1693226451044,9,3,6
36061,1693226451044,1692254186801,1692254186804,1693226451051,7,3,4
36062,1693226451051,1692254186813,1692254186816,1693226451063,12,3,9
36063,1693226451063,1692254186821,1692254186824,1693226451071,8,3,5
36064,1693226451071,1692254186913,1692254186916,1693226451163,92,3,89
36065,1693226451163,1692254186930,1692254186933,1693226451179,16,3,13
36066,1693226451179,1692254186957,1692254186960,1693226451206,27,3,24
36067,1693226451206,1692254186964,1692254186967,1693226451214,8,3,5
36068,1693226451214,1692254186972,1692254186975,1693226451221,7,3,4
36069,1693226451221,1692254187034,1692254187038,1693226451285,64,4,60
36070,1693226451285,1692254187042,1692254187091,1693226451337,52,49,3
36071,1693226451337,1692254187185,1692254187188,1693226451434,97,3,94
36072,1693226451435,1692254187192,1692254187195,1693226451442,7,3,4
36073,1693226451442,1692254187200,1692254187203,1693226451450,8,3,5
36074,1693226451450,1692254187208,1692254187212,1693226451459,9,4,5
36075,1693226451459,1692254187217,1692254187222,1693226451469,10,5,5
36076,1693226451469,1692254187227,1692254187230,1693226451476,7,3,4
36077,1693226451476,1692254187247,1692254187249,1693226451497,21,2,19
36078,1693226451497,1692254187255,1692254187258,1693226451504,7,3,4
36079,1693226451504,1692254187262,1692254187265,1693226451511,7,3,4
36080,1693226451511,1692254187269,1692254187272,1693226451518,7,3,4
36081,1693226451518,1692254187276,1692254187279,1693226451525,7,3,4
36082,1693226451525,1692254187283,1692254187286,1693226451532,7,3,4
36083,1693226451532,1692254187290,1692254187293,1693226451539,7,3,4
36084,1693226451539,1692254187298,1692254187300,1693226451547,8,2,6
36085,1693226451547,1692254187305,1692254187308,1693226451554,7,3,4
36086,1693226451554,1692254187312,1692254187315,1693226451562,8,3,5
36087,1693226451562,1692254187320,1692254187323,1693226451569,7,3,4
36088,1693226451569,1692254187327,1692254187330,1693226451577,8,3,5
36089,1693226451577,1692254187334,1692254187338,1693226451584,7,4,3
36090,1693226451584,1692254187342,1692254187345,1693226451592,8,3,5
36091,1693226451592,1692254187350,1692254187353,1693226451600,8,3,5
36092,1693226451600,1692254187381,1692254187384,1693226451639,39,3,36
36093,1693226451639,1692254187396,1692254187400,1693226451646,7,4,3
36094,1693226451646,1692254187405,1692254187408,1693226451654,8,3,5
36095,1693226451654,1692254187412,1692254187415,1693226451661,7,3,4
36096,1693226451662,1692254187441,1692254187444,1693226451690,28,3,25
36097,1693226451690,1692254187448,1692254187451,1693226451698,8,3,5
36098,1693226451698,1692254187456,1692254187459,1693226451705,7,3,4
36099,1693226451705,1692254187463,1692254187466,1693226451713,8,3,5
36100,1693226451713,1692254187471,1692254187473,1693226451720,7,2,5
36101,1693226451720,1692254187478,1692254187481,1693226451727,7,3,4
36102,1693226451727,1692254187485,1692254187487,1693226451734,7,2,5
36103,1693226451734,1692254187492,1692254187495,1693226451741,7,3,4
36104,1693226451741,1692254187537,1692254187540,1693226451787,46,3,43
36105,1693226451788,1692254187649,1692254187673,1693226451920,132,24,108
36106,1693226451920,1692254187680,1692254187683,1693226451929,9,3,6
36107,1693226451929,1692254187687,1692254187691,1693226451938,9,4,5
36108,1693226451938,1692254187696,1692254187700,1693226451946,8,4,4
36109,1693226451946,1692254187750,1692254187752,1693226451999,53,2,51
36110,1693226451999,1692254187758,1692254187760,1693226452007,8,2,6
36111,1693226452007,1692254187786,1692254187789,1693226452035,28,3,25
36112,1693226452035,1692254187802,1692254187813,1693226452059,24,11,13
36113,1693226452059,1692254187817,1692254187820,1693226452066,7,3,4
36114,1693226452066,1692254187825,1692254187828,1693226452103,37,3,34
36115,1693226452103,1692254187870,1692254187873,1693226452120,17,3,14
36116,1693226452120,1692254187881,1692254187885,1693226452135,15,4,11
36117,1693226452135,1692254187913,1692254187917,1693226452163,28,4,24
36118,1693226452163,1692254187921,1692254187924,1693226452170,7,3,4
36119,1693226452170,1692254187928,1692254187931,1693226452177,7,3,4
36120,1693226452177,1692254187935,1692254187938,1693226452185,8,3,5
36121,1693226452185,1692254187942,1692254187945,1693226452192,7,3,4
36122,1693226452192,1692254187969,1692254187972,1693226452219,27,3,24
36123,1693226452219,1692254188001,1692254188004,1693226452251,32,3,29
36124,1693226452251,1692254188034,1692254188038,1693226452285,34,4,30
36125,1693226452285,1692254188043,1692254188046,1693226452293,8,3,5
36126,1693226452293,1692254188114,1692254188116,1693226452366,73,2,71
36127,1693226452366,1692254188125,1692254188128,1693226452374,8,3,5
36128,1693226452375,1692254188133,1692254188136,1693226452383,8,3,5
36129,1693226452383,1692254188141,1692254188144,1693226452390,7,3,4
36130,1693226452390,1692254188195,1692254188199,1693226452445,55,4,51
36131,1693226452445,1692254188203,1692254188206,1693226452452,7,3,4
36132,1693226452453,1692254188210,1692254188213,1693226452460,7,3,4
36133,1693226452460,1692254188341,1692254188344,1693226452591,131,3,128
36134,1693226452591,1692254188358,1692254188361,1693226452607,16,3,13
36135,1693226452607,1692254188365,1692254188368,1693226452614,7,3,4
36136,1693226452614,1692254188372,1692254188386,1693226452632,18,14,4
36137,1693226452632,1692254188389,1692254188392,1693226452638,6,3,3
36138,1693226452638,1692254188405,1692254188408,1693226452654,16,3,13
36139,1693226452654,1692254188423,1692254188426,1693226452672,18,3,15
36140,1693226452672,1692254188449,1692254188452,1693226452699,27,3,24
36141,1693226452699,1692254188501,1692254188503,1693226452750,51,2,49
36142,1693226452750,1692254188508,1692254188511,1693226452757,7,3,4
36143,1693226452757,1692254188526,1692254188528,1693226452775,18,2,16
36144,1693226452775,1692254188557,1692254188560,1693226452806,31,3,28
36145,1693226452806,1692254188570,1692254188573,1693226452819,13,3,10
36146,1693226452819,1692254188576,1692254188579,1693226452825,6,3,3
36147,1693226452825,1692254188594,1692254188596,1693226452843,18,2,16
36148,1693226452843,1692254188649,1692254188654,1693226452900,57,5,52
36149,1693226452900,1692254188658,1692254188661,1693226452907,7,3,4
36150,1693226452907,1692254188683,1692254188686,1693226452932,25,3,22
36151,1693226452932,1692254188789,1692254188792,1693226453038,106,3,103
36152,1693226453038,1692254188798,1692254188800,1693226453047,9,2,7
36153,1693226453047,1692254188827,1692254188831,1693226453077,30,4,26
36154,1693226453077,1692254188835,1692254188846,1693226453093,16,11,5
36155,1693226453093,1692254189001,1692254189004,1693226453250,157,3,154
36156,1693226453250,1692254189030,1692254189033,1693226453280,30,3,27
36157,1693226453280,1692254189038,1692254189042,1693226453288,8,4,4
36158,1693226453288,1692254189047,1692254189050,1693226453296,8,3,5
36159,1693226453296,1692254189166,1692254189169,1693226453416,120,3,117
36160,1693226453416,1692254189202,1692254189206,1693226453453,37,4,33
36161,1693226453453,1692254189213,1692254189221,1693226453468,15,8,7
36162,1693226453468,1692254189238,1692254189241,1693226453487,19,3,16
36163,1693226453487,1692254189296,1692254189299,1693226453545,58,3,55
36164,1693226453545,1692254189317,1692254189320,1693226453566,21,3,18
36165,1693226453566,1692254189341,1692254189344,1693226453590,24,3,21
36166,1693226453590,1692254189348,1692254189351,1693226453597,7,3,4
36167,1693226453597,1692254189354,1692254189358,1693226453604,7,4,3
36168,1693226453604,1692254189362,1692254189365,1693226453612,8,3,5
36169,1693226453612,1692254189370,1692254189374,1693226453621,9,4,5
36170,1693226453621,1692254189379,1692254189383,1693226453630,9,4,5
36171,1693226453630,1692254189442,1692254189445,1693226453696,66,3,63
36172,1693226453696,1692254189454,1692254189461,1693226453708,12,7,5
36173,1693226453708,1692254189479,1692254189482,1693226453729,21,3,18
36174,1693226453729,1692254189493,1692254189496,1693226453743,14,3,11
36175,1693226453743,1692254189501,1692254189504,1693226453751,8,3,5
36176,1693226453751,1692254189509,1692254189512,1693226453759,8,3,5
36177,1693226453759,1692254189517,1692254189520,1693226453766,7,3,4
36178,1693226453766,1692254189524,1692254189527,1693226453774,8,3,5
36179,1693226453774,1692254189532,1692254189535,1693226453781,7,3,4
36180,1693226453781,1692254189539,1692254189542,1693226453789,8,3,5
36181,1693226453789,1692254189547,1692254189550,1693226453796,7,3,4
36182,1693226453797,1692254189566,1692254189568,1693226453815,18,2,16
36183,1693226453815,1692254189572,1692254189576,1693226453822,7,4,3
36184,1693226453822,1692254189594,1692254189597,1693226453843,21,3,18
36185,1693226453843,1692254189602,1692254189606,1693226453853,10,4,6
36186,1693226453853,1692254189614,1692254189616,1693226453863,10,2,8
36187,1693226453863,1692254189630,1692254189633,1693226453879,16,3,13
36188,1693226453879,1692254189641,1692254189644,1693226453890,11,3,8
36189,1693226453890,1692254189662,1692254189669,1693226453915,25,7,18
36190,1693226453915,1692254189674,1692254189677,1693226453923,8,3,5
36191,1693226453923,1692254189683,1692254189686,1693226453933,10,3,7
36192,1693226453933,1692254189702,1692254189705,1693226453951,18,3,15
36193,1693226453951,1692254189709,1692254189712,1693226453961,10,3,7
36194,1693226453961,1692254189726,1692254189728,1693226453975,14,2,12
36195,1693226453975,1692254189733,1692254189736,1693226453982,7,3,4
36196,1693226453983,1692254189777,1692254189781,1693226454027,44,4,40
36197,1693226454027,1692254189796,1692254189799,1693226454045,18,3,15
36198,1693226454045,1692254189837,1692254189841,1693226454087,42,4,38
36199,1693226454087,1692254189847,1692254189850,1693226454097,10,3,7
36200,1693226454097,1692254189858,1692254189861,1693226454123,26,3,23
36201,1693226454123,1692254189882,1692254189884,1693226454131,8,2,6
36202,1693226454131,1692254189889,1692254189892,1693226454138,7,3,4
36203,1693226454138,1692254189913,1692254189916,1693226454162,24,3,21
36204,1693226454163,1692254189921,1692254189924,1693226454170,7,3,4
36205,1693226454170,1692254189928,1692254189930,1693226454177,7,2,5
36206,1693226454177,1692254189934,1692254189937,1693226454184,7,3,4
36207,1693226454184,1692254189942,1692254189944,1693226454191,7,2,5
36208,1693226454191,1692254189949,1692254189952,1693226454198,7,3,4
36209,1693226454198,1692254189956,1692254189959,1693226454205,7,3,4
36210,1693226454205,1692254189964,1692254189966,1693226454213,8,2,6
36211,1693226454213,1692254189970,1692254189973,1693226454219,6,3,3
36212,1693226454219,1692254189982,1692254189984,1693226454230,11,2,9
36213,1693226454230,1692254189988,1692254189991,1693226454238,8,3,5
36214,1693226454238,1692254190001,1692254190004,1693226454250,12,3,9
36215,1693226454250,1692254190007,1692254190010,1693226454257,7,3,4
36216,1693226454257,1692254190030,1692254190033,1693226454280,23,3,20
36217,1693226454280,1692254190039,1692254190043,1693226454289,9,4,5
36218,1693226454289,1692254190047,1692254190051,1693226454298,9,4,5
36219,1693226454298,1692254190056,1692254190059,1693226454306,8,3,5
36220,1693226454306,1692254190078,1692254190081,1693226454327,21,3,18
36221,1693226454327,1692254190086,1692254190088,1693226454334,7,2,5
36222,1693226454334,1692254190094,1692254190118,1693226454365,31,24,7
36223,1693226457407,1692254193165,1692254193169,1693226457415,8,4,4
36224,1693226457415,1692254193174,1692254193177,1693226457424,9,3,6
36225,1693226457424,1692254193182,1692254193185,1693226457432,8,3,5
36226,1693226457432,1692254193190,1692254193193,1693226457439,7,3,4
36227,1693226457439,1692254193198,1692254193201,1693226457448,9,3,6
36228,1693226457448,1692254193206,1692254193209,1693226457455,7,3,4
36229,1693226457455,1692254193214,1692254193217,1693226457463,8,3,5
36230,1693226457463,1692254193221,1692254193224,1693226457470,7,3,4
36231,1693226457470,1692254193228,1692254193232,1693226457478,8,4,4
36232,1693226457478,1692254193236,1692254193239,1693226457488,10,3,7
36233,1693226457488,1692254193246,1692254193249,1693226457496,8,3,5
36234,1693226457496,1692254193253,1692254193256,1693226457502,6,3,3
36235,1693226457502,1692254193265,1692254193269,1693226457515,13,4,9
36236,1693226457515,1692254193274,1692254193277,1693226457523,8,3,5
36237,1693226457523,1692254193281,1692254193284,1693226457530,7,3,4
36238,1693226457530,1692254193292,1692254193296,1693226457542,12,4,8
36239,1693226457542,1692254193300,1692254193303,1693226457549,7,3,4
36240,1693226457550,1692254193307,1692254193310,1693226457557,7,3,4
36241,1693226457557,1692254193315,1692254193318,1693226457565,8,3,5
36242,1693226457565,1692254193323,1692254193327,1693226457573,8,4,4
36243,1693226457573,1692254193332,1692254193334,1693226457580,7,2,5
36244,1693226457580,1692254193339,1692254193341,1693226457588,8,2,6
36245,1693226457588,1692254193346,1692254193349,1693226457596,8,3,5
36246,1693226457596,1692254193354,1692254193356,1693226457603,7,2,5
36247,1693226457603,1692254193360,1692254193364,1693226457610,7,4,3
36248,1693226457610,1692254193368,1692254193372,1693226457618,8,4,4
36249,1693226457618,1692254193376,1692254193379,1693226457625,7,3,4
36250,1693226457625,1692254193383,1692254193386,1693226457632,7,3,4
36251,1693226457632,1692254193390,1692254193393,1693226457639,7,3,4
36252,1693226457639,1692254193398,1692254193402,1693226457648,9,4,5
36253,1693226457648,1692254193406,1692254193409,1693226457655,7,3,4
36254,1693226457655,1692254193413,1692254193417,1693226457663,8,4,4
36255,1693226457663,1692254193421,1692254193425,1693226457671,8,4,4
36256,1693226457671,1692254193430,1692254193434,1693226457681,10,4,6
36257,1693226457681,1692254193439,1692254193442,1693226457688,7,3,4
36258,1693226457688,1692254193447,1692254193450,1693226457696,8,3,5
36259,1693226457696,1692254193454,1692254193460,1693226457706,10,6,4
36260,1693226457706,1692254193464,1692254193467,1693226457713,7,3,4
36261,1693226457713,1692254193471,1692254193475,1693226457721,8,4,4
36262,1693226457721,1692254193479,1692254193483,1693226457730,9,4,5
36263,1693226457730,1692254193487,1692254193491,1693226457737,7,4,3
36264,1693226457737,1692254193495,1692254193498,1693226457744,7,3,4
36265,1693226457744,1692254193502,1692254193505,1693226457751,7,3,4
36266,1693226457751,1692254193508,1692254193511,1693226457757,6,3,3
36267,1693226457757,1692254193515,1692254193518,1693226457764,7,3,4
36268,1693226457764,1692254193522,1692254193525,1693226457771,7,3,4
36269,1693226457771,1692254193528,1692254193531,1693226457777,6,3,3
36270,1693226457777,1692254193535,1692254193538,1693226457784,7,3,4
36271,1693226457784,1692254193542,1692254193545,1693226457792,8,3,5
36272,1693226457792,1692254193550,1692254193552,1693226457799,7,2,5
36273,1693226457799,1692254193557,1692254193561,1693226457807,8,4,4
36274,1693226457807,1692254193565,1692254193568,1693226457815,8,3,5
36275,1693226457815,1692254193573,1692254193576,1693226457822,7,3,4
36276,1693226457822,1692254193580,1692254193583,1693226457829,7,3,4
36277,1693226457829,1692254193587,1692254193591,1693226457837,8,4,4
36278,1693226457837,1692254193595,1692254193598,1693226457846,9,3,6
36279,1693226457846,1692254193604,1692254193608,1693226457854,8,4,4
36280,1693226457854,1692254193612,1692254193615,1693226457862,8,3,5
36281,1693226457862,1692254193620,1692254193624,1693226457870,8,4,4
36282,1693226457870,1692254193628,1692254193632,1693226457878,8,4,4
36283,1693226457878,1692254193636,1692254193640,1693226457887,9,4,5
36284,1693226457887,1692254193645,1692254193649,1693226457895,8,4,4
36285,1693226457895,1692254193653,1692254193656,1693226457903,8,3,5
36286,1693226457903,1692254193660,1692254193664,1693226457911,8,4,4
36287,1693226457911,1692254193669,1692254193672,1693226457919,8,3,5
36288,1693226457919,1692254193677,1692254193681,1693226457927,8,4,4
36289,1693226457928,1692254193688,1692254193691,1693226457938,10,3,7
36290,1693226457938,1692254193697,1692254193700,1693226457946,8,3,5
36291,1693226457946,1692254193705,1692254193709,1693226457955,9,4,5
36292,1693226457955,1692254193713,1692254193716,1693226457963,8,3,5
36293,1693226457963,1692254193721,1692254193724,1693226457971,8,3,5
36294,1693226457971,1692254193729,1692254193732,1693226457978,7,3,4
36295,1693226457978,1692254193736,1692254193739,1693226457986,8,3,5
36296,1693226457986,1692254193744,1692254193749,1693226457995,9,5,4
36297,1693226457995,1692254193753,1692254193757,1693226458003,8,4,4
36298,1693226458003,1692254193761,1692254193765,1693226458011,8,4,4
36299,1693226458011,1692254193770,1692254193773,1693226458019,8,3,5
36300,1693226458019,1692254193777,1692254193779,1693226458026,7,2,5
36301,1693226458026,1692254193784,1692254193788,1693226458034,8,4,4
36302,1693226458034,1692254193792,1692254193795,1693226458042,8,3,5
36303,1693226458042,1692254193799,1692254193802,1693226458049,7,3,4
36304,1693226458049,1692254193808,1692254193812,1693226458058,9,4,5
36305,1693226458058,1692254193816,1692254193819,1693226458066,8,3,5
36306,1693226458066,1692254193824,1692254193827,1693226458074,8,3,5
36307,1693226458074,1692254193832,1692254193835,1693226458082,8,3,5
36308,1693226458082,1692254193840,1692254193843,1693226458089,7,3,4
36309,1693226458090,1692254193848,1692254193851,1693226458098,8,3,5
36310,1693226458098,1692254193856,1692254193859,1693226458105,7,3,4
36311,1693226458105,1692254193864,1692254193867,1693226458114,9,3,6
36312,1693226458114,1692254193872,1692254193876,1693226458123,9,4,5
36313,1693226458123,1692254193881,1692254193885,1693226458131,8,4,4
36314,1693226458131,1692254193892,1692254193895,1693226458141,10,3,7
36315,1693226458141,1692254193899,1692254193903,1693226458149,8,4,4
36316,1693226458149,1692254193907,1692254193911,1693226458157,8,4,4
36317,1693226458157,1692254193915,1692254193918,1693226458165,8,3,5
36318,1693226458165,1692254193923,1692254193926,1693226458173,8,3,5
36319,1693226458173,1692254193931,1692254193934,1693226458181,8,3,5
36320,1693226458181,1692254193939,1692254193943,1693226458189,8,4,4
36321,1693226458189,1692254193947,1692254193951,1693226458197,8,4,4
36322,1693226458197,1692254193956,1692254193959,1693226458206,9,3,6
36323,1693226458206,1692254193964,1692254193967,1693226458214,8,3,5
36324,1693226458214,1692254193972,1692254193974,1693226458221,7,2,5
36325,1693226458221,1692254193979,1692254193982,1693226458228,7,3,4
36326,1693226458228,1692254193986,1692254193989,1693226458235,7,3,4
36327,1693226458235,1692254193997,1692254194001,1693226458247,12,4,8
36328,1693226458247,1692254194005,1692254194008,1693226458254,7,3,4
36329,1693226458255,1692254194012,1692254194016,1693226458262,7,4,3
36330,1693226458262,1692254194021,1692254194025,1693226458271,9,4,5
36331,1693226458271,1692254194029,1692254194033,1693226458280,9,4,5
36332,1693226458280,1692254194038,1692254194043,1693226458290,10,5,5
36333,1693226458290,1692254194048,1692254194051,1693226458298,8,3,5
36334,1693226458298,1692254194056,1692254194060,1693226458306,8,4,4
36335,1693226458306,1692254194064,1692254194067,1693226458313,7,3,4
36336,1693226458313,1692254194071,1692254194074,1693226458321,8,3,5
36337,1693226458321,1692254194079,1692254194082,1693226458328,7,3,4
36338,1693226458328,1692254194086,1692254194089,1693226458336,8,3,5
36339,1693226458336,1692254194096,1692254194100,1693226458346,10,4,6
36340,1693226458346,1692254194104,1692254194107,1693226458354,8,3,5
36341,1693226458354,1692254194112,1692254194116,1693226458362,8,4,4
36342,1693226458362,1692254194120,1692254194123,1693226458369,7,3,4
36343,1693226458369,1692254194127,1692254194130,1693226458376,7,3,4
36344,1693226458376,1692254194134,1692254194138,1693226458384,8,4,4
36345,1693226458384,1692254194143,1692254194146,1693226458392,8,3,5
36346,1693226458392,1692254194150,1692254194153,1693226458402,10,3,7
36347,1693226458402,1692254194164,1692254194168,1693226458415,13,4,9
36348,1693226458415,1692254194174,1692254194176,1693226458423,8,2,6
36349,1693226458423,1692254194181,1692254194184,1693226458430,7,3,4
36350,1693226458430,1692254194188,1692254194192,1693226458439,9,4,5
36351,1693226458439,1692254194199,1692254194202,1693226458448,9,3,6
36352,1693226458448,1692254194207,1692254194210,1693226458456,8,3,5
36353,1693226458456,1692254194214,1692254194217,1693226458464,8,3,5
36354,1693226458464,1692254194222,1692254194225,1693226458472,8,3,5
36355,1693226458472,1692254194230,1692254194233,1693226458479,7,3,4
36356,1693226458479,1692254194237,1692254194241,1693226458487,8,4,4
36357,1693226458487,1692254194245,1692254194249,1693226458495,8,4,4
36358,1693226458495,1692254194253,1692254194257,1693226458503,8,4,4
36359,1693226458503,1692254194261,1692254194264,1693226458510,7,3,4
36360,1693226458510,1692254194268,1692254194270,1693226458516,6,2,4
36361,1693226458516,1692254194275,1692254194278,1693226458525,9,3,6
36362,1693226458525,1692254194283,1692254194286,1693226458532,7,3,4
36363,1693226458532,1692254194291,1692254194294,1693226458540,8,3,5
36364,1693226458540,1692254194298,1692254194302,1693226458548,8,4,4
36365,1693226458548,1692254194306,1692254194310,1693226458556,8,4,4
36366,1693226458556,1692254194314,1692254194316,1693226458563,7,2,5
36367,1693226458563,1692254194321,1692254194324,1693226458570,7,3,4
36368,1693226458570,1692254194328,1692254194333,1693226458580,10,5,5
36369,1693226458580,1692254194337,1692254194341,1693226458588,8,4,4
36370,1693226458588,1692254194346,1692254194349,1693226458595,7,3,4
36371,1693226458595,1692254194353,1692254194356,1693226458602,7,3,4
36372,1693226458602,1692254194360,1692254194363,1693226458610,8,3,5
36373,1693226458610,1692254194369,1692254194372,1693226458618,8,3,5
36374,1693226458618,1692254194376,1692254194379,1693226458626,8,3,5
36375,1693226458626,1692254194383,1692254194387,1693226458633,7,4,3
36376,1693226458633,1692254194391,1692254194394,1693226458640,7,3,4
36377,1693226458640,1692254194398,1692254194401,1693226458648,8,3,5
36378,1693226458648,1692254194406,1692254194409,1693226458655,7,3,4
36379,1693226458655,1692254194414,1692254194417,1693226458663,8,3,5
36380,1693226458663,1692254194421,1692254194424,1693226458670,7,3,4
36381,1693226458670,1692254194429,1692254194432,1693226458678,8,3,5
36382,1693226458678,1692254194436,1692254194440,1693226458686,8,4,4
36383,1693226458686,1692254194444,1692254194447,1693226458693,7,3,4
36384,1693226458693,1692254194451,1692254194455,1693226458701,8,4,4
36385,1693226458701,1692254194462,1692254194465,1693226458711,10,3,7
36386,1693226458711,1692254194471,1692254194474,1693226458721,10,3,7
36387,1693226458721,1692254194479,1692254194482,1693226458728,7,3,4
36388,1693226458728,1692254194486,1692254194490,1693226458736,8,4,4
36389,1693226458736,1692254194496,1692254194499,1693226458745,9,3,6
36390,1693226458745,1692254194503,1692254194507,1693226458753,8,4,4
36391,1693226458753,1692254194511,1692254194514,1693226458760,7,3,4
36392,1693226458760,1692254194519,1692254194522,1693226458768,8,3,5
36393,1693226458768,1692254194527,1692254194530,1693226458777,9,3,6
36394,1693226458777,1692254194535,1692254194539,1693226458786,9,4,5
36395,1693226458786,1692254194544,1692254194547,1693226458794,8,3,5
36396,1693226458794,1692254194551,1692254194554,1693226458800,6,3,3
36397,1693226458800,1692254194557,1692254194560,1693226458807,7,3,4
36398,1693226458807,1692254194565,1692254194568,1693226458815,8,3,5
36399,1693226458815,1692254194572,1692254194576,1693226458822,7,4,3
36400,1693226458822,1692254194580,1692254194585,1693226458831,9,5,4
36401,1693226458831,1692254194590,1692254194593,1693226458839,8,3,5
36402,1693226458839,1692254194597,1692254194601,1693226458848,9,4,5
36403,1693226458848,1692254194608,1692254194612,1693226458858,10,4,6
36404,1693226458858,1692254194616,1692254194621,1693226458867,9,5,4
36405,1693226458867,1692254194626,1692254194629,1693226458875,8,3,5
36406,1693226458875,1692254194633,1692254194636,1693226458883,8,3,5
36407,1693226458883,1692254194641,1692254194645,1693226458891,8,4,4
36408,1693226458891,1692254194649,1692254194653,1693226458899,8,4,4
36409,1693226458899,1692254194657,1692254194661,1693226458907,8,4,4
36410,1693226458907,1692254194666,1692254194669,1693226458915,8,3,5
36411,1693226458915,1692254194674,1692254194677,1693226458923,8,3,5
36412,1693226458923,1692254194681,1692254194685,1693226458931,8,4,4
36413,1693226458931,1692254194689,1692254194692,1693226458939,8,3,5
36414,1693226458939,1692254194697,1692254194700,1693226458946,7,3,4
36415,1693226458946,1692254194704,1692254194708,1693226458955,9,4,5
36416,1693226458956,1692254194713,1692254194716,1693226458962,6,3,3
36417,1693226458963,1692254194720,1692254194723,1693226458970,7,3,4
36418,1693226458970,1692254194730,1692254194733,1693226458979,9,3,6
36419,1693226458979,1692254194738,1692254194742,1693226458988,9,4,5
36420,1693226458988,1692254194746,1692254194749,1693226458996,8,3,5
36421,1693226458996,1692254194754,1692254194757,1693226459003,7,3,4
36422,1693226459003,1692254194761,1692254194765,1693226459011,8,4,4
36423,1693226459011,1692254194770,1692254194772,1693226459018,7,2,5
36424,1693226459018,1692254194777,1692254194780,1693226459026,8,3,5
36425,1693226459026,1692254194783,1692254194786,1693226459032,6,3,3
36426,1693226459032,1692254194791,1692254194794,1693226459040,8,3,5
36427,1693226459040,1692254194797,1692254194801,1693226459047,7,4,3
36428,1693226459048,1692254194806,1692254194808,1693226459055,7,2,5
36429,1693226459055,1692254194814,1692254194817,1693226459063,8,3,5
36430,1693226459064,1692254194822,1692254194824,1693226459071,7,2,5
36431,1693226459071,1692254194829,1692254194832,1693226459078,7,3,4
36432,1693226459078,1692254194836,1692254194840,1693226459086,8,4,4
36433,1693226459086,1692254194843,1692254194847,1693226459096,10,4,6
36434,1693226459096,1692254194854,1692254194857,1693226459104,8,3,5
36435,1693226459104,1692254194862,1692254194865,1693226459112,8,3,5
36436,1693226459112,1692254194870,1692254194873,1693226459119,7,3,4
36437,1693226459119,1692254194877,1692254194881,1693226459127,8,4,4
36438,1693226459127,1692254194886,1692254194889,1693226459135,8,3,5
36439,1693226459135,1692254194893,1692254194896,1693226459143,8,3,5
36440,1693226459143,1692254194901,1692254194904,1693226459151,8,3,5
36441,1693226459151,1692254194909,1692254194914,1693226459160,9,5,4
36442,1693226459160,1692254194918,1692254194920,1693226459167,7,2,5
36443,1693226459167,1692254194924,1692254194927,1693226459173,6,3,3
36444,1693226459173,1692254194931,1692254194935,1693226459181,8,4,4
36445,1693226459181,1692254194939,1692254194943,1693226459190,9,4,5
36446,1693226459190,1692254194948,1692254194952,1693226459198,8,4,4
36447,1693226459198,1692254194956,1692254194959,1693226459206,8,3,5
36448,1693226459206,1692254194963,1692254194967,1693226459213,7,4,3
36449,1693226459213,1692254194971,1692254194975,1693226459221,8,4,4
36450,1693226459221,1692254194980,1692254194982,1693226459229,8,2,6
36451,1693226459229,1692254194987,1692254194991,1693226459237,8,4,4
36452,1693226459237,1692254194996,1692254194999,1693226459245,8,3,5
36453,1693226459245,1692254195003,1692254195005,1693226459252,7,2,5
36454,1693226459252,1692254195009,1692254195012,1693226459259,7,3,4
36455,1693226459259,1692254195019,1692254195022,1693226459268,9,3,6
36456,1693226459268,1692254195026,1692254195029,1693226459276,8,3,5
36457,1693226459276,1692254195034,1692254195037,1693226459283,7,3,4
36458,1693226459283,1692254195041,1692254195044,1693226459291,8,3,5
36459,1693226459291,1692254195048,1692254195051,1693226459297,6,3,3
36460,1693226459297,1692254195055,1692254195059,1693226459305,8,4,4
36461,1693226459305,1692254195063,1692254195067,1693226459313,8,4,4
36462,1693226459313,1692254195071,1692254195075,1693226459321,8,4,4
36463,1693226459321,1692254195080,1692254195084,1693226459330,9,4,5
36464,1693226459330,1692254195089,1692254195092,1693226459338,8,3,5
36465,1693226459338,1692254195097,1692254195100,1693226459346,8,3,5
36466,1693226459346,1692254195104,1692254195108,1693226459354,8,4,4
36467,1693226459354,1692254195112,1692254195116,1693226459365,11,4,7
36468,1693226459365,1692254195123,1692254195126,1693226459372,7,3,4
36469,1693226459372,1692254195130,1692254195134,1693226459380,8,4,4
36470,1693226459380,1692254195138,1692254195142,1693226459388,8,4,4
36471,1693226459388,1692254195146,1692254195149,1693226459395,7,3,4
36472,1693226459395,1692254195154,1692254195157,1693226459407,12,3,9
36473,1693226459408,1692254195165,1692254195169,1693226459415,7,4,3
36474,1693226459415,1692254195173,1692254195176,1693226459422,7,3,4
36475,1693226459422,1692254195180,1692254195184,1693226459430,8,4,4
36476,1693226459430,1692254195188,1692254195191,1693226459438,8,3,5
36477,1693226459438,1692254195196,1692254195199,1693226459445,7,3,4
36478,1693226459445,1692254195203,1692254195208,1693226459455,10,5,5
36479,1693226459455,1692254195213,1692254195216,1693226459462,7,3,4
36480,1693226459462,1692254195220,1692254195223,1693226459469,7,3,4
36481,1693226459469,1692254195227,1692254195230,1693226459477,8,3,5
36482,1693226459477,1692254195235,1692254195238,1693226459485,8,3,5
36483,1693226459485,1692254195243,1692254195245,1693226459491,6,2,4
36484,1693226459491,1692254195249,1692254195252,1693226459499,8,3,5
36485,1693226459499,1692254195257,1692254195259,1693226459506,7,2,5
36486,1693226459506,1692254195264,1692254195267,1693226459513,7,3,4
36487,1693226459513,1692254195272,1692254195275,1693226459521,8,3,5
36488,1693226459521,1692254195279,1692254195282,1693226459528,7,3,4
36489,1693226459528,1692254195286,1692254195289,1693226459535,7,3,4
36490,1693226459535,1692254195293,1692254195296,1693226459542,7,3,4
36491,1693226459542,1692254195300,1692254195302,1693226459549,7,2,5
36492,1693226459549,1692254195306,1692254195310,1693226459557,8,4,4
36493,1693226459557,1692254195314,1692254195318,1693226459564,7,4,3
36494,1693226459564,1692254195322,1692254195325,1693226459571,7,3,4
36495,1693226459571,1692254195329,1692254195332,1693226459578,7,3,4
36496,1693226459578,1692254195336,1692254195340,1693226459586,8,4,4
36497,1693226459586,1692254195344,1692254195347,1693226459594,8,3,5
36498,1693226459594,1692254195351,1692254195354,1693226459600,6,3,3
36499,1693226459600,1692254195359,1692254195363,1693226459609,9,4,5
36500,1693226459609,1692254195366,1692254195369,1693226459615,6,3,3
36501,1693226459615,1692254195373,1692254195376,1693226459622,7,3,4
36502,1693226459622,1692254195380,1692254195384,1693226459634,12,4,8
36503,1693226459634,1692254195392,1692254195396,1693226459642,8,4,4
36504,1693226459642,1692254195402,1692254195406,1693226459652,10,4,6
36505,1693226459652,1692254195410,1692254195413,1693226459660,8,3,5
36506,1693226459660,1692254195418,1692254195422,1693226459668,8,4,4
36507,1693226459668,1692254195428,1692254195432,1693226459678,10,4,6
36508,1693226459678,1692254195436,1692254195439,1693226459687,9,3,6
36509,1693226459687,1692254195446,1692254195450,1693226459696,9,4,5
36510,1693226459696,1692254195454,1692254195457,1693226459704,8,3,5
36511,1693226459704,1692254195462,1692254195464,1693226459711,7,2,5
36512,1693226459711,1692254195469,1692254195472,1693226459719,8,3,5
36513,1693226459719,1692254195477,1692254195480,1693226459727,8,3,5
36514,1693226459727,1692254195485,1692254195489,1693226459735,8,4,4
36515,1693226459735,1692254195492,1692254195497,1693226459744,9,5,4
36516,1693226459744,1692254195502,1692254195505,1693226459751,7,3,4
36517,1693226459751,1692254195509,1692254195512,1693226459758,7,3,4
36518,1693226459758,1692254195516,1692254195519,1693226459766,8,3,5
36519,1693226459766,1692254195524,1692254195527,1693226459774,8,3,5
36520,1693226459774,1692254195532,1692254195535,1693226459782,8,3,5
36521,1693226459782,1692254195539,1692254195542,1693226459789,7,3,4
36522,1693226459789,1692254195547,1692254195550,1693226459797,8,3,5
36523,1693226459797,1692254195555,1692254195558,1693226459806,9,3,6
36524,1693226459806,1692254195564,1692254195568,1693226459814,8,4,4
36525,1693226459814,1692254195572,1692254195575,1693226459821,7,3,4
36526,1693226459821,1692254195579,1692254195581,1693226459828,7,2,5
36527,1693226459828,1692254195586,1692254195589,1693226459835,7,3,4
36528,1693226459835,1692254195593,1692254195596,1693226459842,7,3,4
36529,1693226459842,1692254195601,1692254195604,1693226459851,9,3,6
36530,1693226459851,1692254195609,1692254195612,1693226459858,7,3,4
36531,1693226459858,1692254195617,1692254195621,1693226459867,9,4,5
36532,1693226459867,1692254195625,1692254195628,1693226459874,7,3,4
36533,1693226459874,1692254195633,1692254195637,1693226459883,9,4,5
36534,1693226459883,1692254195643,1692254195646,1693226459893,10,3,7
36535,1693226459893,1692254195651,1692254195654,1693226459900,7,3,4
36536,1693226459900,1692254195658,1692254195661,1693226459908,8,3,5
36537,1693226459908,1692254195666,1692254195669,1693226459915,7,3,4
36538,1693226459915,1692254195673,1692254195676,1693226459923,8,3,5
36539,1693226459923,1692254195681,1692254195684,1693226459931,8,3,5
36540,1693226459931,1692254195689,1692254195692,1693226459939,8,3,5
36541,1693226459939,1692254195696,1692254195700,1693226459947,8,4,4
36542,1693226459947,1692254195705,1692254195707,1693226459954,7,2,5
36543,1693226459954,1692254195713,1692254195717,1693226459963,9,4,5
36544,1693226459963,1692254195722,1692254195725,1693226459972,9,3,6
36545,1693226459972,1692254195730,1692254195733,1693226459979,7,3,4
36546,1693226459979,1692254195737,1692254195740,1693226459987,8,3,5
36547,1693226459987,1692254195745,1692254195748,1693226459996,9,3,6
36548,1693226459996,1692254195754,1692254195757,1693226460003,7,3,4
36549,1693226460003,1692254195761,1692254195764,1693226460011,8,3,5
36550,1693226460011,1692254195769,1692254195772,1693226460018,7,3,4
36551,1693226460018,1692254195776,1692254195779,1693226460026,8,3,5
36552,1693226460026,1692254195784,1692254195789,1693226460035,9,5,4
36553,1693226460035,1692254195793,1692254195796,1693226460042,7,3,4
36554,1693226460042,1692254195801,1692254195804,1693226460051,9,3,6
36555,1693226460051,1692254195809,1692254195812,1693226460058,7,3,4
36556,1693226460059,1692254195817,1692254195820,1693226460066,7,3,4
36557,1693226460066,1692254195825,1692254195829,1693226460075,9,4,5
36558,1693226460075,1692254195834,1692254195837,1693226460084,9,3,6
36559,1693226460084,1692254195842,1692254195846,1693226460092,8,4,4
36560,1693226460092,1692254195850,1692254195853,1693226460100,8,3,5
36561,1693226460100,1692254195858,1692254195861,1693226460108,8,3,5
36562,1693226460108,1692254195866,1692254195868,1693226460115,7,2,5
36563,1693226460115,1692254195873,1692254195876,1693226460122,7,3,4
36564,1693226460122,1692254195881,1692254195884,1693226460130,8,3,5
36565,1693226460130,1692254195888,1692254195891,1693226460139,9,3,6
36566,1693226460139,1692254195897,1692254195901,1693226460147,8,4,4
36567,1693226460147,1692254195905,1692254195908,1693226460154,7,3,4
36568,1693226460154,1692254195912,1692254195916,1693226460162,8,4,4
36569,1693226460162,1692254195920,1692254195923,1693226460170,8,3,5
36570,1693226460170,1692254195927,1692254195932,1693226460179,9,5,4
36571,1693226460179,1692254195937,1692254195940,1693226460187,8,3,5
36572,1693226460187,1692254195945,1692254195949,1693226460195,8,4,4
36573,1693226460195,1692254195954,1692254195957,1693226460203,8,3,5
36574,1693226460203,1692254195961,1692254195965,1693226460211,8,4,4
36575,1693226460211,1692254195970,1692254195973,1693226460219,8,3,5
36576,1693226460219,1692254195978,1692254195981,1693226460227,8,3,5
36577,1693226460227,1692254195987,1692254195991,1693226460237,10,4,6
36578,1693226460237,1692254195996,1692254196000,1693226460246,9,4,5
36579,1693226460246,1692254196004,1692254196008,1693226460254,8,4,4
36580,1693226460255,1692254196013,1692254196015,1693226460261,6,2,4
36581,1693226460261,1692254196019,1692254196022,1693226460269,8,3,5
36582,1693226460269,1692254196026,1692254196029,1693226460275,6,3,3
36583,1693226460275,1692254196034,1692254196037,1693226460283,8,3,5
36584,1693226460283,1692254196043,1692254196046,1693226460293,10,3,7
36585,1693226460293,1692254196051,1692254196054,1693226460300,7,3,4
36586,1693226460300,1692254196060,1692254196064,1693226460310,10,4,6
36587,1693226460310,1692254196068,1692254196071,1693226460317,7,3,4
36588,1693226460317,1692254196075,1692254196079,1693226460326,9,4,5
36589,1693226460326,1692254196084,1692254196087,1693226460334,8,3,5
36590,1693226460334,1692254196092,1692254196095,1693226460341,7,3,4
36591,1693226460341,1692254196099,1692254196103,1693226460349,8,4,4
36592,1693226460349,1692254196107,1692254196110,1693226460356,7,3,4
36593,1693226460356,1692254196115,1692254196118,1693226460365,9,3,6
36594,1693226460365,1692254196123,1692254196126,1693226460372,7,3,4
36595,1693226460372,1692254196131,1692254196135,1693226460381,9,4,5
36596,1693226460381,1692254196139,1692254196142,1693226460389,8,3,5
36597,1693226460389,1692254196147,1692254196151,1693226460397,8,4,4
36598,1693226460397,1692254196155,1692254196158,1693226460404,7,3,4
36599,1693226460404,1692254196162,1692254196166,1693226460414,10,4,6
36600,1693226460414,1692254196172,1692254196175,1693226460421,7,3,4
36601,1693226460421,1692254196180,1692254196183,1693226460429,8,3,5
36602,1693226460429,1692254196187,1692254196190,1693226460436,7,3,4
36603,1693226460436,1692254196194,1692254196198,1693226460444,8,4,4
36604,1693226460444,1692254196202,1692254196206,1693226460452,8,4,4
36605,1693226460452,1692254196210,1692254196214,1693226460461,9,4,5
36606,1693226460461,1692254196219,1692254196221,1693226460467,6,2,4
36607,1693226460467,1692254196225,1692254196228,1693226460475,8,3,5
36608,1693226460475,1692254196235,1692254196238,1693226460484,9,3,6
36609,1693226460484,1692254196242,1692254196245,1693226460492,8,3,5
36610,1693226460492,1692254196250,1692254196253,1693226460500,8,3,5
36611,1693226460500,1692254196258,1692254196261,1693226460509,9,3,6
36612,1693226460509,1692254196267,1692254196270,1693226460517,8,3,5
36613,1693226460517,1692254196276,1692254196280,1693226460526,9,4,5
36614,1693226460526,1692254196285,1692254196288,1693226460534,8,3,5
36615,1693226460534,1692254196292,1692254196295,1693226460542,8,3,5
36616,1693226460542,1692254196300,1692254196302,1693226460548,6,2,4
36617,1693226460549,1692254196306,1692254196309,1693226460555,6,3,3
36618,1693226460555,1692254196314,1692254196317,1693226460564,9,3,6
36619,1693226460564,1692254196322,1692254196326,1693226460572,8,4,4
36620,1693226460572,1692254196330,1692254196334,1693226460580,8,4,4
36621,1693226460580,1692254196338,1692254196341,1693226460587,7,3,4
36622,1693226460587,1692254196345,1692254196348,1693226460595,8,3,5
36623,1693226460595,1692254196353,1692254196357,1693226460603,8,4,4
36624,1693226460603,1692254196361,1692254196365,1693226460611,8,4,4
36625,1693226460611,1692254196369,1692254196374,1693226460620,9,5,4
36626,1693226460620,1692254196378,1692254196382,1693226460628,8,4,4
36627,1693226460628,1692254196386,1692254196389,1693226460635,7,3,4
36628,1693226460635,1692254196393,1692254196396,1693226460642,7,3,4
36629,1693226460642,1692254196400,1692254196404,1693226460650,8,4,4
36630,1693226460650,1692254196408,1692254196411,1693226460658,8,3,5
36631,1693226460658,1692254196416,1692254196419,1693226460666,8,3,5
36632,1693226460666,1692254196424,1692254196427,1693226460673,7,3,4
36633,1693226460673,1692254196431,1692254196434,1693226460681,8,3,5
36634,1693226460681,1692254196439,1692254196441,1693226460688,7,2,5
36635,1693226460688,1692254196446,1692254196449,1693226460696,8,3,5
36636,1693226460696,1692254196454,1692254196456,1693226460703,7,2,5
36637,1693226460703,1692254196461,1692254196464,1693226460711,8,3,5
36638,1693226460711,1692254196468,1692254196471,1693226460717,6,3,3
36639,1693226460717,1692254196475,1692254196478,1693226460725,8,3,5
36640,1693226460725,1692254196483,1692254196486,1693226460732,7,3,4
36641,1693226460732,1692254196490,1692254196493,1693226460739,7,3,4
36642,1693226460739,1692254196498,1692254196501,1693226460747,8,3,5
36643,1693226460747,1692254196505,1692254196508,1693226460754,7,3,4
36644,1693226460755,1692254196512,1692254196515,1693226460761,6,3,3
36645,1693226460761,1692254196519,1692254196522,1693226460768,7,3,4
36646,1693226460768,1692254196526,1692254196529,1693226460775,7,3,4
36647,1693226460775,1692254196533,1692254196537,1693226460783,8,4,4
36648,1693226460783,1692254196541,1692254196544,1693226460791,8,3,5
36649,1693226460791,1692254196549,1692254196551,1693226460798,7,2,5
36650,1693226460798,1692254196556,1692254196560,1693226460806,8,4,4
36651,1693226460806,1692254196565,1692254196569,1693226460815,9,4,5
36652,1693226460815,1692254196573,1692254196577,1693226460823,8,4,4
36653,1693226460823,1692254196581,1692254196584,1693226460830,7,3,4
36654,1693226460830,1692254196588,1692254196591,1693226460837,7,3,4
36655,1693226460837,1692254196595,1692254196598,1693226460844,7,3,4
36656,1693226460844,1692254196602,1692254196606,1693226460852,8,4,4
36657,1693226460852,1692254196609,1692254196612,1693226460858,6,3,3
36658,1693226460858,1692254196616,1692254196620,1693226460866,8,4,4
36659,1693226460866,1692254196624,1692254196627,1693226460873,7,3,4
36660,1693226460873,1692254196632,1692254196634,1693226460880,7,2,5
36661,1693226460880,1692254196638,1692254196641,1693226460887,7,3,4
36662,1693226460887,1692254196646,1692254196650,1693226460897,10,4,6
36663,1693226460897,1692254196657,1692254196660,1693226460906,9,3,6
36664,1693226460906,1692254196664,1692254196668,1693226460914,8,4,4
36665,1693226460914,1692254196671,1692254196674,1693226460920,6,3,3
36666,1693226460920,1692254196678,1692254196682,1693226460928,8,4,4
36667,1693226460928,1692254196686,1692254196689,1693226460935,7,3,4
36668,1693226460935,1692254196693,1692254196696,1693226460942,7,3,4
36669,1693226460942,1692254196700,1692254196703,1693226460950,8,3,5
36670,1693226460950,1692254196708,1692254196711,1693226460957,7,3,4
36671,1693226460957,1692254196714,1692254196717,1693226460964,7,3,4
36672,1693226460964,1692254196722,1692254196725,1693226460972,8,3,5
36673,1693226460972,1692254196730,1692254196733,1693226460980,8,3,5
36674,1693226460980,1692254196738,1692254196741,1693226460988,8,3,5
36675,1693226460988,1692254196746,1692254196749,1693226460996,8,3,5
36676,1693226460996,1692254196753,1692254196756,1693226461003,7,3,4
36677,1693226461003,1692254196761,1692254196764,1693226461011,8,3,5
36678,1693226461011,1692254196769,1692254196772,1693226461019,8,3,5
36679,1693226461019,1692254196778,1692254196781,1693226461028,9,3,6
36680,1693226461028,1692254196787,1692254196791,1693226461038,10,4,6
36681,1693226461038,1692254196796,1692254196800,1693226461046,8,4,4
36682,1693226461046,1692254196805,1692254196808,1693226461054,8,3,5
36683,1693226461054,1692254196813,1692254196816,1693226461062,8,3,5
36684,1693226461062,1692254196821,1692254196824,1693226461071,9,3,6
36685,1693226461071,1692254196829,1692254196832,1693226461078,7,3,4
36686,1693226461078,1692254196836,1692254196840,1693226461086,8,4,4
36687,1693226461086,1692254196844,1692254196847,1693226461094,8,3,5
36688,1693226461094,1692254196852,1692254196855,1693226461101,7,3,4
36689,1693226461101,1692254196861,1692254196864,1693226461111,10,3,7
36690,1693226461111,1692254196869,1692254196872,1693226461118,7,3,4
36691,1693226461118,1692254196877,1692254196881,1693226461128,10,4,6
36692,1693226461128,1692254196886,1692254196889,1693226461136,8,3,5
36693,1693226461136,1692254196893,1692254196896,1693226461142,6,3,3
36694,1693226461142,1692254196900,1692254196903,1693226461149,7,3,4
36695,1693226461149,1692254196907,1692254196911,1693226461158,9,4,5
36696,1693226461158,1692254196916,1692254196919,1693226461165,7,3,4
36697,1693226461165,1692254196923,1692254196926,1693226461173,8,3,5
36698,1693226461173,1692254196940,1692254196944,1693226461190,17,4,13
36699,1693226461190,1692254196948,1692254196953,1693226461200,10,5,5
36700,1693226461200,1692254196958,1692254196960,1693226461208,8,2,6
36701,1693226461208,1692254196966,1692254196969,1693226461216,8,3,5
36702,1693226461216,1692254196973,1692254196976,1693226461223,7,3,4
36703,1693226461223,1692254196981,1692254196984,1693226461230,7,3,4
36704,1693226461230,1692254196988,1692254196992,1693226461238,8,4,4
36705,1693226461238,1692254196997,1692254197000,1693226461246,8,3,5
36706,1693226461246,1692254197005,1692254197008,1693226461254,8,3,5
36707,1693226461254,1692254197012,1692254197015,1693226461262,8,3,5
36708,1693226461262,1692254197020,1692254197024,1693226461270,8,4,4
36709,1693226461270,1692254197029,1692254197032,1693226461279,9,3,6
36710,1693226461279,1692254197037,1692254197040,1693226461286,7,3,4
36711,1693226461286,1692254197044,1692254197047,1693226461293,7,3,4
36712,1693226461293,1692254197051,1692254197054,1693226461301,8,3,5
36713,1693226461301,1692254197058,1692254197062,1693226461311,10,4,6
36714,1693226461311,1692254197069,1692254197072,1693226461319,8,3,5
36715,1693226461319,1692254197077,1692254197080,1693226461327,8,3,5
36716,1693226461327,1692254197084,1692254197088,1693226461334,7,4,3
36717,1693226461334,1692254197092,1692254197095,1693226461345,11,3,8
36718,1693226461345,1692254197103,1692254197106,1693226461353,8,3,5
36719,1693226461353,1692254197111,1692254197114,1693226461361,8,3,5
36720,1693226461361,1692254197118,1692254197121,1693226461368,7,3,4
36721,1693226461368,1692254197125,1692254197128,1693226461375,7,3,4
36722,1693226461375,1692254197133,1692254197136,1693226461383,8,3,5
36723,1693226461383,1692254197140,1692254197143,1693226461389,6,3,3
36724,1693226461389,1692254197148,1692254197151,1693226461397,8,3,5
36725,1693226461397,1692254197155,1692254197158,1693226461404,7,3,4
36726,1693226461404,1692254197162,1692254197165,1693226461413,9,3,6
36727,1693226461413,1692254197175,1692254197178,1693226461425,12,3,9
36728,1693226461425,1692254197183,1692254197187,1693226461433,8,4,4
36729,1693226461433,1692254197192,1692254197196,1693226461443,10,4,6
36730,1693226461443,1692254197201,1692254197203,1693226461450,7,2,5
36731,1693226461450,1692254197207,1692254197210,1693226461456,6,3,3
36732,1693226461456,1692254197215,1692254197218,1693226461465,9,3,6
36733,1693226461465,1692254197223,1692254197226,1693226461472,7,3,4
36734,1693226461472,1692254197230,1692254197233,1693226461480,8,3,5
36735,1693226461480,1692254197238,1692254197241,1693226461487,7,3,4
36736,1693226461487,1692254197245,1692254197250,1693226461496,9,5,4
36737,1693226461496,1692254197254,1692254197257,1693226461503,7,3,4
36738,1693226461503,1692254197262,1692254197265,1693226461512,9,3,6
36739,1693226461512,1692254197272,1692254197275,1693226461521,9,3,6
36740,1693226461521,1692254197281,1692254197284,1693226461530,9,3,6
36741,1693226461530,1692254197290,1692254197293,1693226461539,9,3,6
36742,1693226461539,1692254197297,1692254197301,1693226461547,8,4,4
36743,1693226461547,1692254197306,1692254197310,1693226461556,9,4,5
36744,1693226461556,1692254197314,1692254197318,1693226461564,8,4,4
36745,1693226461564,1692254197322,1692254197325,1693226461571,7,3,4
36746,1693226461571,1692254197328,1692254197331,1693226461578,7,3,4
36747,1693226461578,1692254197338,1692254197341,1693226461587,9,3,6
36748,1693226461587,1692254197345,1692254197348,1693226461595,8,3,5
36749,1693226461595,1692254197353,1692254197356,1693226461602,7,3,4
36750,1693226461602,1692254197360,1692254197363,1693226461610,8,3,5
36751,1693226461610,1692254197367,1692254197370,1693226461617,7,3,4
36752,1693226461617,1692254197375,1692254197378,1693226461624,7,3,4
36753,1693226461624,1692254197382,1692254197385,1693226461632,8,3,5
36754,1693226461632,1692254197390,1692254197393,1693226461639,7,3,4
36755,1693226461639,1692254197397,1692254197400,1693226461647,8,3,5
36756,1693226461647,1692254197406,1692254197409,1693226461656,9,3,6
36757,1693226461656,1692254197414,1692254197417,1693226461663,7,3,4
36758,1693226461663,1692254197421,1692254197424,1693226461670,7,3,4
36759,1693226461670,1692254197427,1692254197430,1693226461677,7,3,4
36760,1693226461677,1692254197434,1692254197437,1693226461684,7,3,4
36761,1693226461684,1692254197442,1692254197446,1693226461692,8,4,4
36762,1693226461692,1692254197449,1692254197453,1693226461699,7,4,3
36763,1693226461699,1692254197457,1692254197460,1693226461706,7,3,4
36764,1693226461706,1692254197465,1692254197467,1693226461713,7,2,5
36765,1693226461713,1692254197471,1692254197474,1693226461720,7,3,4
36766,1693226461720,1692254197478,1692254197482,1693226461728,8,4,4
36767,1693226461728,1692254197486,1692254197490,1693226461736,8,4,4
36768,1693226461736,1692254197494,1692254197497,1693226461744,8,3,5
36769,1693226461744,1692254197502,1692254197506,1693226461752,8,4,4
36770,1693226461752,1692254197510,1692254197514,1693226461760,8,4,4
36771,1693226461760,1692254197518,1692254197522,1693226461768,8,4,4
36772,1693226461768,1692254197526,1692254197530,1693226461776,8,4,4
36773,1693226461776,1692254197534,1692254197538,1693226461785,9,4,5
36774,1693226461785,1692254197543,1692254197547,1693226461793,8,4,4
36775,1693226461793,1692254197551,1692254197554,1693226461800,7,3,4
36776,1693226461800,1692254197558,1692254197562,1693226461808,8,4,4
36777,1693226461808,1692254197566,1692254197569,1693226461815,7,3,4
36778,1693226461815,1692254197572,1692254197576,1693226461822,7,4,3
36779,1693226461822,1692254197580,1692254197584,1693226461830,8,4,4
36780,1693226461830,1692254197588,1692254197592,1693226461839,9,4,5
36781,1693226461839,1692254197597,1692254197600,1693226461847,8,3,5
36782,1693226461847,1692254197605,1692254197608,1693226461854,7,3,4
36783,1693226461854,1692254197611,1692254197614,1693226461861,7,3,4
36784,1693226461861,1692254197619,1692254197622,1693226461868,7,3,4
36785,1693226461868,1692254197626,1692254197630,1693226461876,8,4,4
36786,1693226461876,1692254197635,1692254197637,1693226461884,8,2,6
36787,1693226461884,1692254197642,1692254197645,1693226461891,7,3,4
36788,1693226461891,1692254197649,1692254197652,1693226461899,8,3,5
36789,1693226461899,1692254197657,1692254197660,1693226461906,7,3,4
36790,1693226461906,1692254197664,1692254197667,1693226461914,8,3,5
36791,1693226461914,1692254197672,1692254197675,1693226461922,8,3,5
36792,1693226461922,1692254197681,1692254197685,1693226461931,9,4,5
36793,1693226461931,1692254197689,1692254197692,1693226461939,8,3,5
36794,1693226461939,1692254197697,1692254197699,1693226461946,7,2,5
36795,1693226461946,1692254197704,1692254197707,1693226461953,7,3,4
36796,1693226461953,1692254197711,1692254197715,1693226461961,8,4,4
36797,1693226461961,1692254197719,1692254197722,1693226461968,7,3,4
36798,1693226461968,1692254197726,1692254197728,1693226461974,6,2,4
36799,1693226461974,1692254197733,1692254197736,1693226461983,9,3,6
36800,1693226461983,1692254197740,1692254197743,1693226461990,7,3,4
36801,1693226461990,1692254197747,1692254197751,1693226461997,7,4,3
36802,1693226461997,1692254197756,1692254197758,1693226462005,8,2,6
36803,1693226462005,1692254197763,1692254197767,1693226462013,8,4,4
36804,1693226462013,1692254197770,1692254197774,1693226462020,7,4,3
36805,1693226462020,1692254197779,1692254197782,1693226462028,8,3,5
36806,1693226462028,1692254197786,1692254197789,1693226462035,7,3,4
36807,1693226462035,1692254197793,1692254197797,1693226462044,9,4,5
36808,1693226462044,1692254197802,1692254197805,1693226462052,8,3,5
36809,1693226462052,1692254197809,1692254197813,1693226462059,7,4,3
36810,1693226462059,1692254197817,1692254197821,1693226462067,8,4,4
36811,1693226462067,1692254197825,1692254197828,1693226462075,8,3,5
36812,1693226462075,1692254197832,1692254197836,1693226462082,7,4,3
36813,1693226462082,1692254197840,1692254197844,1693226462090,8,4,4
36814,1693226462090,1692254197849,1692254197852,1693226462099,9,3,6
36815,1693226462099,1692254197857,1692254197860,1693226462106,7,3,4
36816,1693226462106,1692254197865,1692254197868,1693226462115,9,3,6
36817,1693226462115,1692254197873,1692254197876,1693226462123,8,3,5
36818,1693226462123,1692254197881,1692254197884,1693226462131,8,3,5
36819,1693226462131,1692254197890,1692254197893,1693226462140,9,3,6
36820,1693226462140,1692254197898,1692254197901,1693226462147,7,3,4
36821,1693226462147,1692254197906,1692254197908,1693226462155,8,2,6
36822,1693226462155,1692254197913,1692254197917,1693226462163,8,4,4
36823,1693226462163,1692254197922,1692254197924,1693226462171,8,2,6
36824,1693226462171,1692254197929,1692254197932,1693226462178,7,3,4
36825,1693226462178,1692254197936,1692254197940,1693226462186,8,4,4
36826,1693226462186,1692254197945,1692254197948,1693226462194,8,3,5
36827,1693226462194,1692254197953,1692254197956,1693226462202,8,3,5
36828,1693226462202,1692254197961,1692254197964,1693226462211,9,3,6
36829,1693226462211,1692254197970,1692254197973,1693226462220,9,3,6
36830,1693226462220,1692254197978,1692254197981,1693226462228,8,3,5
36831,1693226462228,1692254197988,1692254197991,1693226462238,10,3,7
36832,1693226462238,1692254197996,1692254197999,1693226462245,7,3,4
36833,1693226462245,1692254198004,1692254198007,1693226462253,8,3,5
36834,1693226462253,1692254198012,1692254198015,1693226462262,9,3,6
36835,1693226462262,1692254198021,1692254198025,1693226462271,9,4,5
36836,1693226462271,1692254198029,1692254198033,1693226462280,9,4,5
36837,1693226462280,1692254198038,1692254198041,1693226462287,7,3,4
36838,1693226462288,1692254198046,1692254198049,1693226462296,8,3,5
36839,1693226462296,1692254198053,1692254198057,1693226462303,7,4,3
36840,1693226462303,1692254198061,1692254198065,1693226462312,9,4,5
36841,1693226462312,1692254198071,1692254198075,1693226462321,9,4,5
36842,1693226462321,1692254198079,1692254198082,1693226462329,8,3,5
36843,1693226462329,1692254198087,1692254198089,1693226462336,7,2,5
36844,1693226462336,1692254198093,1692254198096,1693226462343,7,3,4
36845,1693226462343,1692254198100,1692254198104,1693226462351,8,4,4
36846,1693226462351,1692254198109,1692254198112,1693226462358,7,3,4
36847,1693226462358,1692254198117,1692254198121,1693226462368,10,4,6
36848,1693226462368,1692254198126,1692254198128,1693226462375,7,2,5
36849,1693226462375,1692254198133,1692254198137,1693226462383,8,4,4
36850,1693226462383,1692254198141,1692254198144,1693226462391,8,3,5
36851,1693226462391,1692254198149,1692254198152,1693226462398,7,3,4
36852,1693226462398,1692254198157,1692254198160,1693226462407,9,3,6
36853,1693226462407,1692254198165,1692254198168,1693226462415,8,3,5
36854,1693226462415,1692254198173,1692254198177,1693226462425,10,4,6
36855,1693226462425,1692254198184,1692254198187,1693226462433,8,3,5
36856,1693226462433,1692254198193,1692254198196,1693226462443,10,3,7
36857,1693226462443,1692254198201,1692254198204,1693226462450,7,3,4
36858,1693226462450,1692254198208,1692254198212,1693226462458,8,4,4
36859,1693226462458,1692254198220,1692254198223,1693226462469,11,3,8
36860,1693226462469,1692254198227,1692254198230,1693226462476,7,3,4
36861,1693226462476,1692254198234,1692254198238,1693226462484,8,4,4
36862,1693226462484,1692254198242,1692254198245,1693226462491,7,3,4
36863,1693226462491,1692254198249,1692254198252,1693226462499,8,3,5
36864,1693226462499,1692254198265,1692254198268,1693226462514,15,3,12
36865,1693226462514,1692254198273,1692254198276,1693226462523,9,3,6
36866,1693226462523,1692254198281,1692254198284,1693226462531,8,3,5
36867,1693226462531,1692254198289,1692254198292,1693226462539,8,3,5
36868,1693226462539,1692254198303,1692254198307,1693226462553,14,4,10
36869,1693226462553,1692254198310,1692254198314,1693226462560,7,4,3
36870,1693226462560,1692254198318,1692254198322,1693226462568,8,4,4
36871,1693226462568,1692254198326,1692254198329,1693226462575,7,3,4
36872,1693226462575,1692254198333,1692254198337,1693226462583,8,4,4
36873,1693226462583,1692254198341,1692254198345,1693226462591,8,4,4
36874,1693226462591,1692254198349,1692254198352,1693226462599,8,3,5
36875,1693226462599,1692254198356,1692254198360,1693226462606,7,4,3
36876,1693226462606,1692254198364,1692254198367,1693226462614,8,3,5
36877,1693226462614,1692254198372,1692254198375,1693226462622,8,3,5
36878,1693226462622,1692254198381,1692254198384,1693226462630,8,3,5
36879,1693226462630,1692254198389,1692254198392,1693226462638,8,3,5
36880,1693226462638,1692254198398,1692254198401,1693226462648,10,3,7
36881,1693226462648,1692254198406,1692254198409,1693226462655,7,3,4
36882,1693226462655,1692254198414,1692254198417,1693226462663,8,3,5
36883,1693226462663,1692254198422,1692254198425,1693226462671,8,3,5
36884,1693226462671,1692254198430,1692254198435,1693226462681,10,5,5
36885,1693226462681,1692254198439,1692254198443,1693226462689,8,4,4
36886,1693226462689,1692254198447,1692254198450,1693226462696,7,3,4
36887,1693226462696,1692254198454,1692254198458,1693226462704,8,4,4
36888,1693226462704,1692254198462,1692254198465,1693226462711,7,3,4
36889,1693226462711,1692254198470,1692254198473,1693226462719,8,3,5
36890,1693226462719,1692254198477,1692254198481,1693226462727,8,4,4
36891,1693226462727,1692254198485,1692254198489,1693226462735,8,4,4
36892,1693226462735,1692254198493,1692254198496,1693226462744,9,3,6
36893,1693226462744,1692254198504,1692254198508,1693226462754,10,4,6
36894,1693226462754,1692254198511,1692254198514,1693226462762,8,3,5
36895,1693226462762,1692254198520,1692254198523,1693226462769,7,3,4
36896,1693226462769,1692254198527,1692254198530,1693226462777,8,3,5
36897,1693226462777,1692254198535,1692254198540,1693226462786,9,5,4
36898,1693226462786,1692254198544,1692254198548,1693226462794,8,4,4
36899,1693226462794,1692254198552,1692254198556,1693226462802,8,4,4
36900,1693226462802,1692254198560,1692254198564,1693226462810,8,4,4
36901,1693226462810,1692254198568,1692254198571,1693226462817,7,3,4
36902,1693226462817,1692254198575,1692254198578,1693226462825,8,3,5
36903,1693226462825,1692254198583,1692254198586,1693226462832,7,3,4
36904,1693226462832,1692254198590,1692254198594,1693226462840,8,4,4
36905,1693226462840,1692254198598,1692254198600,1693226462847,7,2,5
36906,1693226462847,1692254198605,1692254198608,1693226462855,8,3,5
36907,1693226462855,1692254198613,1692254198616,1693226462862,7,3,4
36908,1693226462862,1692254198620,1692254198624,1693226462870,8,4,4
36909,1693226462871,1692254198629,1692254198632,1693226462878,7,3,4
36910,1693226462878,1692254198636,1692254198639,1693226462885,7,3,4
36911,1693226462885,1692254198643,1692254198648,1693226462894,9,5,4
36912,1693226462894,1692254198652,1692254198656,1693226462902,8,4,4
36913,1693226462902,1692254198660,1692254198664,1693226462910,8,4,4
36914,1693226462910,1692254198668,1692254198672,1693226462919,9,4,5
36915,1693226462919,1692254198677,1692254198680,1693226462926,7,3,4
36916,1693226462927,1692254198685,1692254198688,1693226462934,7,3,4
36917,1693226462934,1692254198692,1692254198695,1693226462941,7,3,4
36918,1693226462941,1692254198700,1692254198703,1693226462949,8,3,5
36919,1693226462949,1692254198707,1692254198711,1693226462957,8,4,4
36920,1693226462957,1692254198717,1692254198720,1693226462967,10,3,7
36921,1693226462967,1692254198725,1692254198731,1693226462977,10,6,4
36922,1693226462977,1692254198735,1692254198738,1693226462985,8,3,5
36923,1693226462985,1692254198743,1692254198746,1693226462992,7,3,4
36924,1693226462992,1692254198751,1692254198753,1693226462999,7,2,5
36925,1693226462999,1692254198757,1692254198761,1693226463007,8,4,4
36926,1693226463007,1692254198765,1692254198769,1693226463015,8,4,4
36927,1693226463015,1692254198773,1692254198776,1693226463023,8,3,5
36928,1693226463023,1692254198780,1692254198784,1693226463030,7,4,3
36929,1693226463030,1692254198789,1692254198794,1693226463041,11,5,6
36930,1693226463041,1692254198798,1692254198801,1693226463047,6,3,3
36931,1693226463047,1692254198807,1692254198810,1693226463056,9,3,6
36932,1693226463057,1692254198814,1692254198818,1693226463064,7,4,3
36933,1693226463064,1692254198823,1692254198827,1693226463073,9,4,5
36934,1693226463073,1692254198831,1692254198835,1693226463081,8,4,4
36935,1693226463081,1692254198839,1692254198842,1693226463088,7,3,4
36936,1693226463088,1692254198846,1692254198850,1693226463096,8,4,4
36937,1693226463096,1692254198854,1692254198857,1693226463104,8,3,5
36938,1693226463104,1692254198862,1692254198865,1693226463111,7,3,4
36939,1693226463111,1692254198869,1692254198872,1693226463119,8,3,5
36940,1693226463119,1692254198877,1692254198881,1693226463127,8,4,4
36941,1693226463127,1692254198885,1692254198889,1693226463135,8,4,4
36942,1693226463135,1692254198893,1692254198896,1693226463143,8,3,5
36943,1693226463143,1692254198900,1692254198903,1693226463149,6,3,3
36944,1693226463149,1692254198909,1692254198913,1693226463159,10,4,6
36945,1693226463159,1692254198917,1692254198920,1693226463167,8,3,5
36946,1693226463167,1692254198925,1692254198928,1693226463175,8,3,5
36947,1693226463175,1692254198933,1692254198936,1693226463183,8,3,5
36948,1693226463183,1692254198941,1692254198944,1693226463190,7,3,4
36949,1693226463190,1692254198948,1692254198952,1693226463198,8,4,4
36950,1693226463198,1692254198956,1692254198959,1693226463205,7,3,4
36951,1693226463205,1692254198963,1692254198966,1693226463212,7,3,4
36952,1693226463212,1692254198970,1692254198973,1693226463220,8,3,5
36953,1693226463220,1692254198977,1692254198981,1693226463227,7,4,3
36954,1693226463227,1692254198985,1692254198988,1693226463235,8,3,5
36955,1693226463235,1692254198993,1692254198995,1693226463242,7,2,5
36956,1693226463242,1692254198999,1692254199003,1693226463249,7,4,3
36957,1693226463249,1692254199007,1692254199013,1693226463259,10,6,4
36958,1693226463259,1692254199017,1692254199021,1693226463267,8,4,4
36959,1693226463267,1692254199025,1692254199028,1693226463274,7,3,4
36960,1693226463274,1692254199033,1692254199037,1693226463283,9,4,5
36961,1693226463283,1692254199041,1692254199045,1693226463291,8,4,4
36962,1693226463291,1692254199049,1692254199053,1693226463299,8,4,4
36963,1693226463299,1692254199057,1692254199061,1693226463307,8,4,4
36964,1693226463307,1692254199065,1692254199069,1693226463315,8,4,4
36965,1693226463315,1692254199073,1692254199077,1693226463323,8,4,4
36966,1693226463323,1692254199081,1692254199084,1693226463330,7,3,4
36967,1693226463330,1692254199088,1692254199091,1693226463337,7,3,4
36968,1693226463337,1692254199095,1692254199098,1693226463344,7,3,4
36969,1693226463344,1692254199102,1692254199105,1693226463352,8,3,5
36970,1693226463352,1692254199110,1692254199114,1693226463360,8,4,4
36971,1693226463360,1692254199118,1692254199122,1693226463368,8,4,4
36972,1693226463368,1692254199126,1692254199129,1693226463377,9,3,6
36973,1693226463377,1692254199135,1692254199138,1693226463384,7,3,4
36974,1693226463384,1692254199143,1692254199146,1693226463392,8,3,5
36975,1693226463392,1692254199150,1692254199153,1693226463399,7,3,4
36976,1693226463399,1692254199158,1692254199160,1693226463406,7,2,5
36977,1693226463406,1692254199165,1692254199168,1693226463415,9,3,6
36978,1693226463415,1692254199173,1692254199176,1693226463423,8,3,5
36979,1693226463423,1692254199181,1692254199184,1693226463431,8,3,5
36980,1693226463431,1692254199191,1692254199194,1693226463441,10,3,7
36981,1693226463441,1692254199199,1692254199202,1693226463448,7,3,4
36982,1693226463448,1692254199206,1692254199209,1693226463455,7,3,4
36983,1693226463455,1692254199213,1692254199216,1693226463462,7,3,4
36984,1693226463463,1692254199221,1692254199224,1693226463470,7,3,4
36985,1693226463470,1692254199228,1692254199232,1693226463478,8,4,4
36986,1693226463478,1692254199236,1692254199240,1693226463486,8,4,4
36987,1693226463486,1692254199243,1692254199247,1693226463493,7,4,3
36988,1693226463493,1692254199251,1692254199256,1693226463502,9,5,4
36989,1693226463502,1692254199260,1692254199263,1693226463509,7,3,4
36990,1693226463509,1692254199268,1692254199271,1693226463517,8,3,5
36991,1693226463517,1692254199275,1692254199278,1693226463524,7,3,4
36992,1693226463524,1692254199282,1692254199285,1693226463531,7,3,4
36993,1693226463531,1692254199290,1692254199294,1693226463540,9,4,5
36994,1693226463540,1692254199298,1692254199303,1693226463550,10,5,5
36995,1693226463550,1692254199308,1692254199311,1693226463557,7,3,4
36996,1693226463557,1692254199315,1692254199318,1693226463564,7,3,4
36997,1693226463564,1692254199322,1692254199325,1693226463571,7,3,4
36998,1693226463571,1692254199329,1692254199332,1693226463578,7,3,4
36999,1693226463578,1692254199336,1692254199340,1693226463586,8,4,4
37000,1693226463586,1692254199344,1692254199347,1693226463594,8,3,5
37001,1693226463594,1692254199352,1692254199355,1693226463602,8,3,5
37002,1693226463602,1692254199360,1692254199363,1693226463609,7,3,4
37003,1693226463609,1692254199366,1692254199370,1693226463616,7,4,3
37004,1693226463616,1692254199375,1692254199378,1693226463624,8,3,5
37005,1693226463624,1692254199382,1692254199386,1693226463632,8,4,4
37006,1693226463632,1692254199390,1692254199393,1693226463640,8,3,5
37007,1693226463640,1692254199398,1692254199401,1693226463647,7,3,4
37008,1693226463647,1692254199404,1692254199408,1693226463654,7,4,3
37009,1693226463654,1692254199412,1692254199416,1693226463662,8,4,4
37010,1693226463662,1692254199422,1692254199425,1693226463671,9,3,6
37011,1693226463671,1692254199429,1692254199432,1693226463678,7,3,4
37012,1693226463678,1692254199436,1692254199439,1693226463685,7,3,4
37013,1693226463685,1692254199443,1692254199446,1693226463692,7,3,4
37014,1693226463692,1692254199451,1692254199454,1693226463701,9,3,6
37015,1693226463701,1692254199459,1692254199462,1693226463708,7,3,4
37016,1693226463708,1692254199467,1692254199470,1693226463716,8,3,5
37017,1693226463716,1692254199475,1692254199478,1693226463724,8,3,5
37018,1693226463724,1692254199482,1692254199485,1693226463732,8,3,5
37019,1693226463732,1692254199489,1692254199492,1693226463738,6,3,3
37020,1693226463738,1692254199502,1692254199505,1693226463752,14,3,11
37021,1693226463752,1692254199511,1692254199515,1693226463761,9,4,5
37022,1693226463761,1692254199527,1692254199531,1693226463777,16,4,12
37023,1693226463777,1692254199539,1692254199542,1693226463788,11,3,8
37024,1693226463788,1692254199546,1692254199550,1693226463796,8,4,4
37025,1693226463796,1692254199555,1692254199557,1693226463803,7,2,5
37026,1693226463803,1692254199562,1692254199565,1693226463811,8,3,5
37027,1693226463811,1692254199569,1692254199573,1693226463819,8,4,4
37028,1693226463819,1692254199578,1692254199581,1693226463828,9,3,6
37029,1693226463828,1692254199586,1692254199589,1693226463835,7,3,4
37030,1693226463835,1692254199593,1692254199596,1693226463842,7,3,4
37031,1693226463842,1692254199601,1692254199606,1693226463852,10,5,5
37032,1693226463852,1692254199610,1692254199613,1693226463859,7,3,4
37033,1693226463859,1692254199617,1692254199620,1693226463867,8,3,5
37034,1693226463867,1692254199627,1692254199630,1693226463877,10,3,7
37035,1693226463877,1692254199635,1692254199638,1693226463884,7,3,4
37036,1693226463884,1692254199644,1692254199648,1693226463894,10,4,6
37037,1693226463894,1692254199652,1692254199655,1693226463901,7,3,4
37038,1693226463901,1692254199659,1692254199662,1693226463908,7,3,4
37039,1693226463909,1692254199667,1692254199670,1693226463916,7,3,4
37040,1693226463916,1692254199674,1692254199677,1693226463923,7,3,4
37041,1693226463924,1692254199682,1692254199686,1693226463932,8,4,4
37042,1693226463932,1692254199691,1692254199695,1693226463940,8,4,4
37043,1693226463941,1692254199698,1692254199702,1693226463948,7,4,3
37044,1693226463948,1692254199706,1692254199709,1693226463955,7,3,4
37045,1693226463955,1692254199713,1692254199716,1693226463963,8,3,5
37046,1693226463963,1692254199721,1692254199725,1693226463973,10,4,6
37047,1693226463973,1692254199731,1692254199734,1693226463980,7,3,4
37048,1693226463980,1692254199738,1692254199741,1693226463988,8,3,5
37049,1693226463988,1692254199747,1692254199750,1693226463996,8,3,5
37050,1693226463996,1692254199755,1692254199757,1693226464004,8,2,6
37051,1693226464004,1692254199762,1692254199765,1693226464012,8,3,5
37052,1693226464012,1692254199770,1692254199773,1693226464019,7,3,4
37053,1693226464019,1692254199777,1692254199781,1693226464027,8,4,4
37054,1693226464027,1692254199785,1692254199788,1693226464035,8,3,5
37055,1693226464035,1692254199794,1692254199797,1693226464044,9,3,6
37056,1693226464044,1692254199804,1692254199807,1693226464053,9,3,6
37057,1693226464053,1692254199812,1692254199815,1693226464061,8,3,5
37058,1693226464061,1692254199819,1692254199823,1693226464069,8,4,4
37059,1693226464069,1692254199827,1692254199830,1693226464077,8,3,5
37060,1693226464077,1692254199835,1692254199838,1693226464085,8,3,5
37061,1693226464085,1692254199843,1692254199846,1693226464093,8,3,5
37062,1693226464093,1692254199851,1692254199854,1693226464101,8,3,5
37063,1693226464101,1692254199858,1692254199861,1693226464107,6,3,3
37064,1693226464107,1692254199865,1692254199868,1693226464115,8,3,5
37065,1693226464115,1692254199873,1692254199875,1693226464121,6,2,4
37066,1693226464121,1692254199879,1692254199883,1693226464129,8,4,4
37067,1693226464129,1692254199890,1692254199893,1693226464140,11,3,8
37068,1693226464140,1692254199898,1692254199903,1693226464149,9,5,4
37069,1693226464149,1692254199907,1692254199911,1693226464156,7,4,3
37070,1693226464156,1692254199915,1692254199918,1693226464165,9,3,6
37071,1693226464165,1692254199922,1692254199925,1693226464171,6,3,3
37072,1693226464171,1692254199929,1692254199933,1693226464179,8,4,4
37073,1693226464179,1692254199937,1692254199940,1693226464186,7,3,4
37074,1693226464186,1692254199944,1692254199948,1693226464194,8,4,4
37075,1693226464194,1692254199952,1692254199955,1693226464202,8,3,5
37076,1693226464202,1692254199960,1692254199962,1693226464209,7,2,5
37077,1693226464209,1692254199967,1692254199970,1693226464216,7,3,4
37078,1693226464216,1692254199974,1692254199978,1693226464224,8,4,4
37079,1693226464224,1692254199982,1692254199985,1693226464231,7,3,4
37080,1693226464231,1692254199989,1692254199993,1693226464240,9,4,5
37081,1693226464240,1692254199998,1692254200001,1693226464247,7,3,4
37082,1693226464247,1692254200005,1692254200008,1693226464255,8,3,5
37083,1693226464255,1692254200013,1692254200016,1693226464262,7,3,4
37084,1693226464262,1692254200020,1692254200023,1693226464269,7,3,4
37085,1693226464269,1692254200028,1692254200033,1693226464280,11,5,6
37086,1693226464280,1692254200038,1692254200041,1693226464288,8,3,5
37087,1693226464288,1692254200046,1692254200050,1693226464296,8,4,4
37088,1693226464296,1692254200054,1692254200058,1693226464304,8,4,4
37089,1693226464304,1692254200062,1692254200065,1693226464311,7,3,4
37090,1693226464311,1692254200069,1692254200073,1693226464319,8,4,4
37091,1693226464319,1692254200077,1692254200081,1693226464327,8,4,4
37092,1693226464327,1692254200086,1692254200088,1693226464335,8,2,6
37093,1693226464335,1692254200093,1692254200096,1693226464342,7,3,4
37094,1693226464342,1692254200101,1692254200104,1693226464350,8,3,5
37095,1693226464350,1692254200108,1692254200112,1693226464359,9,4,5
37096,1693226464359,1692254200117,1692254200120,1693226464366,7,3,4
37097,1693226464366,1692254200125,1692254200129,1693226464375,9,4,5
37098,1693226464375,1692254200134,1692254200138,1693226464384,9,4,5
37099,1693226464384,1692254200142,1692254200145,1693226464391,7,3,4
37100,1693226464391,1692254200150,1692254200153,1693226464400,9,3,6
37101,1693226464400,1692254200158,1692254200162,1693226464408,8,4,4
37102,1693226464408,1692254200166,1692254200170,1693226464416,8,4,4
37103,1693226464416,1692254200174,1692254200177,1693226464423,7,3,4
37104,1693226464424,1692254200182,1692254200184,1693226464430,6,2,4
37105,1693226464430,1692254200193,1692254200197,1693226464443,13,4,9
37106,1693226464443,1692254200202,1692254200204,1693226464451,8,2,6
37107,1693226464451,1692254200209,1692254200213,1693226464460,9,4,5
37108,1693226464460,1692254200218,1692254200222,1693226464468,8,4,4
37109,1693226464468,1692254200227,1692254200230,1693226464477,9,3,6
37110,1693226464477,1692254200235,1692254200239,1693226464485,8,4,4
37111,1693226464485,1692254200243,1692254200247,1693226464493,8,4,4
37112,1693226464493,1692254200252,1692254200256,1693226464503,10,4,6
37113,1693226464503,1692254200261,1692254200264,1693226464510,7,3,4
37114,1693226464510,1692254200268,1692254200271,1693226464518,8,3,5
37115,1693226464518,1692254200276,1692254200279,1693226464525,7,3,4
37116,1693226464525,1692254200283,1692254200286,1693226464533,8,3,5
37117,1693226464533,1692254200291,1692254200294,1693226464541,8,3,5
37118,1693226464541,1692254200299,1692254200301,1693226464548,7,2,5
37119,1693226464548,1692254200306,1692254200309,1693226464556,8,3,5
37120,1693226464556,1692254200314,1692254200317,1693226464564,8,3,5
37121,1693226464564,1692254200322,1692254200325,1693226464571,7,3,4
37122,1693226464571,1692254200329,1692254200333,1693226464579,8,4,4
37123,1693226464579,1692254200337,1692254200340,1693226464587,8,3,5
37124,1693226464588,1692254200345,1692254200348,1693226464595,7,3,4
37125,1693226464595,1692254200352,1692254200355,1693226464601,6,3,3
37126,1693226464601,1692254200361,1692254200364,1693226464611,10,3,7
37127,1693226464611,1692254200369,1692254200374,1693226464620,9,5,4
37128,1693226464620,1692254200378,1692254200381,1693226464627,7,3,4
37129,1693226464627,1692254200385,1692254200389,1693226464635,8,4,4
37130,1693226464635,1692254200393,1692254200396,1693226464642,7,3,4
37131,1693226464642,1692254200400,1692254200403,1693226464649,7,3,4
37132,1693226464650,1692254200408,1692254200411,1693226464657,7,3,4
37133,1693226464657,1692254200416,1692254200418,1693226464665,8,2,6
37134,1693226464665,1692254200423,1692254200426,1693226464672,7,3,4
37135,1693226464672,1692254200430,1692254200434,1693226464680,8,4,4
37136,1693226464680,1692254200438,1692254200442,1693226464689,9,4,5
37137,1693226464689,1692254200447,1692254200451,1693226464697,8,4,4
37138,1693226464697,1692254200455,1692254200458,1693226464704,7,3,4
37139,1693226464704,1692254200464,1692254200467,1693226464713,9,3,6
37140,1693226464713,1692254200471,1692254200474,1693226464721,8,3,5
37141,1693226464721,1692254200479,1692254200482,1693226464729,8,3,5
37142,1693226464729,1692254200487,1692254200492,1693226464739,10,5,5
37143,1693226464739,1692254200497,1692254200500,1693226464746,7,3,4
37144,1693226464746,1692254200504,1692254200508,1693226464754,8,4,4
37145,1693226464754,1692254200512,1692254200515,1693226464761,7,3,4
37146,1693226464761,1692254200519,1692254200522,1693226464769,8,3,5
37147,1693226464769,1692254200526,1692254200529,1693226464775,6,3,3
37148,1693226464775,1692254200533,1692254200536,1693226464782,7,3,4
37149,1693226464782,1692254200541,1692254200544,1693226464792,10,3,7
37150,1693226464792,1692254200550,1692254200553,1693226464799,7,3,4
37151,1693226464800,1692254200558,1692254200561,1693226464807,7,3,4
37152,1693226464807,1692254200567,1692254200570,1693226464817,10,3,7
37153,1693226464817,1692254200575,1692254200579,1693226464825,8,4,4
37154,1693226464825,1692254200583,1692254200586,1693226464832,7,3,4
37155,1693226464832,1692254200591,1692254200595,1693226464841,9,4,5
37156,1693226464841,1692254200599,1692254200602,1693226464849,8,3,5
37157,1693226464849,1692254200607,1692254200609,1693226464856,7,2,5
37158,1693226464856,1692254200614,1692254200617,1693226464864,8,3,5
37159,1693226464864,1692254200622,1692254200624,1693226464871,7,2,5
37160,1693226464871,1692254200629,1692254200632,1693226464878,7,3,4
37161,1693226464878,1692254200636,1692254200640,1693226464886,8,4,4
37162,1693226464886,1692254200643,1692254200647,1693226464894,8,4,4
37163,1693226464894,1692254200654,1692254200657,1693226464903,9,3,6
37164,1693226464903,1692254200662,1692254200664,1693226464911,8,2,6
37165,1693226464911,1692254200669,1692254200672,1693226464918,7,3,4
37166,1693226464918,1692254200676,1692254200680,1693226464927,9,4,5
37167,1693226464927,1692254200685,1692254200689,1693226464935,8,4,4
37168,1693226464935,1692254200694,1692254200697,1693226464943,8,3,5
37169,1693226464943,1692254200701,1692254200704,1693226464951,8,3,5
37170,1693226464951,1692254200709,1692254200712,1693226464959,8,3,5
37171,1693226464959,1692254200716,1692254200719,1693226464966,7,3,4
37172,1693226464966,1692254200725,1692254200729,1693226464975,9,4,5
37173,1693226464975,1692254200733,1692254200737,1693226464983,8,4,4
37174,1693226464983,1692254200741,1692254200744,1693226464991,8,3,5
37175,1693226464991,1692254200749,1692254200752,1693226464998,7,3,4
37176,1693226464998,1692254200756,1692254200759,1693226465005,7,3,4
37177,1693226465005,1692254200763,1692254200766,1693226465012,7,3,4
37178,1693226465012,1692254200781,1692254200784,1693226465030,18,3,15
37179,1693226465030,1692254200788,1692254200793,1693226465039,9,5,4
37180,1693226465039,1692254200802,1692254200805,1693226465052,13,3,10
37181,1693226465052,1692254200811,1692254200814,1693226465060,8,3,5
37182,1693226465060,1692254200819,1692254200822,1693226465068,8,3,5
37183,1693226465068,1692254200826,1692254200830,1693226465076,8,4,4
37184,1693226465076,1692254200835,1692254200839,1693226465085,9,4,5
37185,1693226465085,1692254200843,1692254200846,1693226465092,7,3,4
37186,1693226465092,1692254200850,1692254200853,1693226465100,8,3,5
37187,1693226465100,1692254200858,1692254200861,1693226465107,7,3,4
37188,1693226465107,1692254200865,1692254200868,1693226465114,7,3,4
37189,1693226465114,1692254200872,1692254200875,1693226465122,8,3,5
37190,1693226465122,1692254200880,1692254200886,1693226465132,10,6,4
37191,1693226465132,1692254200890,1692254200892,1693226465139,7,2,5
37192,1693226465139,1692254200897,1692254200900,1693226465146,7,3,4
37193,1693226465146,1692254200904,1692254200907,1693226465153,7,3,4
37194,1693226465153,1692254200911,1692254200914,1693226465161,8,3,5
37195,1693226465161,1692254200922,1692254200925,1693226465171,10,3,7
37196,1693226465171,1692254200929,1692254200933,1693226465179,8,4,4
37197,1693226465179,1692254200937,1692254200941,1693226465187,8,4,4
37198,1693226465187,1692254200945,1692254200948,1693226465194,7,3,4
37199,1693226465194,1692254200952,1692254200955,1693226465202,8,3,5
37200,1693226465202,1692254200960,1692254200963,1693226465209,7,3,4
37201,1693226465209,1692254200968,1692254200971,1693226465217,8,3,5
37202,1693226465217,1692254200976,1692254200978,1693226465225,8,2,6
37203,1693226465225,1692254200983,1692254200987,1693226465233,8,4,4
37204,1693226465233,1692254200991,1692254200994,1693226465240,7,3,4
37205,1693226465240,1692254200998,1692254201000,1693226465247,7,2,5
37206,1693226465247,1692254201005,1692254201007,1693226465253,6,2,4
37207,1693226465253,1692254201011,1692254201014,1693226465260,7,3,4
37208,1693226465260,1692254201018,1692254201020,1693226465267,7,2,5
37209,1693226465267,1692254201025,1692254201029,1693226465275,8,4,4
37210,1693226465275,1692254201033,1692254201036,1693226465283,8,3,5
37211,1693226465283,1692254201041,1692254201044,1693226465291,8,3,5
37212,1693226465291,1692254201049,1692254201053,1693226465300,9,4,5
37213,1693226465300,1692254201060,1692254201063,1693226465310,10,3,7
37214,1693226465310,1692254201068,1692254201070,1693226465316,6,2,4
37215,1693226465316,1692254201074,1692254201078,1693226465325,9,4,5
37216,1693226465325,1692254201083,1692254201086,1693226465332,7,3,4
37217,1693226465332,1692254201091,1692254201094,1693226465340,8,3,5
37218,1693226465340,1692254201097,1692254201100,1693226465347,7,3,4
37219,1693226465347,1692254201105,1692254201109,1693226465355,8,4,4
37220,1693226465355,1692254201113,1692254201117,1693226465363,8,4,4
37221,1693226465363,1692254201120,1692254201123,1693226465369,6,3,3
37222,1693226465369,1692254201127,1692254201130,1693226465376,7,3,4
37223,1693226465376,1692254201134,1692254201137,1693226465384,8,3,5
37224,1693226465384,1692254201142,1692254201145,1693226465392,8,3,5
37225,1693226465392,1692254201150,1692254201153,1693226465399,7,3,4
37226,1693226465399,1692254201157,1692254201160,1693226465406,7,3,4
37227,1693226465406,1692254201165,1692254201168,1693226465415,9,3,6
37228,1693226465415,1692254201173,1692254201176,1693226465424,9,3,6
37229,1693226465424,1692254201182,1692254201185,1693226465431,7,3,4
37230,1693226465431,1692254201190,1692254201192,1693226465443,12,2,10
37231,1693226465443,1692254201202,1692254201206,1693226465452,9,4,5
37232,1693226465452,1692254201210,1692254201213,1693226465459,7,3,4
37233,1693226465459,1692254201217,1692254201220,1693226465467,8,3,5
37234,1693226465467,1692254201225,1692254201228,1693226465475,8,3,5
37235,1693226465475,1692254201233,1692254201236,1693226465482,7,3,4
37236,1693226465482,1692254201240,1692254201244,1693226465490,8,4,4
37237,1693226465490,1692254201248,1692254201252,1693226465498,8,4,4
37238,1693226465498,1692254201256,1692254201259,1693226465505,7,3,4
37239,1693226465505,1692254201265,1692254201269,1693226465515,10,4,6
37240,1693226465515,1692254201273,1692254201276,1693226465522,7,3,4
37241,1693226465522,1692254201279,1692254201283,1693226465529,7,4,3
37242,1693226465529,1692254201287,1692254201290,1693226465539,10,3,7
37243,1693226465539,1692254201297,1692254201300,1693226465546,7,3,4
37244,1693226465546,1692254201304,1692254201307,1693226465553,7,3,4
37245,1693226465553,1692254201312,1692254201315,1693226465561,8,3,5
37246,1693226465561,1692254201319,1692254201322,1693226465568,7,3,4
37247,1693226465568,1692254201327,1692254201330,1693226465577,9,3,6
37248,1693226465577,1692254201335,1692254201337,1693226465584,7,2,5
37249,1693226465584,1692254201342,1692254201345,1693226465592,8,3,5
37250,1693226465592,1692254201350,1692254201353,1693226465599,7,3,4
37251,1693226465599,1692254201357,1692254201362,1693226465608,9,5,4
37252,1693226465608,1692254201367,1692254201371,1693226465617,9,4,5
37253,1693226465617,1692254201375,1692254201378,1693226465624,7,3,4
37254,1693226465625,1692254201382,1692254201385,1693226465631,6,3,3
37255,1693226465631,1692254201390,1692254201393,1693226465639,8,3,5
37256,1693226465639,1692254201398,1692254201402,1693226465648,9,4,5
37257,1693226465648,1692254201406,1692254201409,1693226465655,7,3,4
37258,1693226465655,1692254201413,1692254201416,1693226465663,8,3,5
37259,1693226465663,1692254201421,1692254201423,1693226465669,6,2,4
37260,1693226465670,1692254201428,1692254201431,1693226465678,8,3,5
37261,1693226465678,1692254201436,1692254201439,1693226465686,8,3,5
37262,1693226465686,1692254201444,1692254201447,1693226465693,7,3,4
37263,1693226465693,1692254201451,1692254201455,1693226465701,8,4,4
37264,1693226465701,1692254201459,1692254201462,1693226465709,8,3,5
37265,1693226465709,1692254201469,1692254201473,1693226465720,11,4,7
37266,1693226465720,1692254201479,1692254201484,1693226465730,10,5,5
37267,1693226465730,1692254201488,1692254201492,1693226465738,8,4,4
37268,1693226465738,1692254201495,1692254201498,1693226465745,7,3,4
37269,1693226465745,1692254201503,1692254201506,1693226465753,8,3,5
37270,1693226465753,1692254201511,1692254201514,1693226465760,7,3,4
37271,1693226465760,1692254201518,1692254201521,1693226465767,7,3,4
37272,1693226465767,1692254201525,1692254201531,1693226465778,11,6,5
37273,1693226465778,1692254201536,1692254201539,1693226465785,7,3,4
37274,1693226465785,1692254201543,1692254201546,1693226465793,8,3,5
37275,1693226465793,1692254201551,1692254201554,1693226465800,7,3,4
37276,1693226465800,1692254201558,1692254201561,1693226465808,8,3,5
37277,1693226465808,1692254201566,1692254201568,1693226465816,8,2,6
37278,1693226465816,1692254201574,1692254201577,1693226465823,7,3,4
37279,1693226465824,1692254201582,1692254201585,1693226465832,8,3,5
37280,1693226465832,1692254201590,1692254201593,1693226465840,8,3,5
37281,1693226465840,1692254201598,1692254201602,1693226465848,8,4,4
37282,1693226465848,1692254201606,1692254201608,1693226465854,6,2,4
37283,1693226465854,1692254201612,1692254201615,1693226465862,8,3,5
37284,1693226465862,1692254201620,1692254201623,1693226465869,7,3,4
37285,1693226465869,1692254201627,1692254201630,1693226465876,7,3,4
37286,1693226465876,1692254201635,1692254201639,1693226465885,9,4,5
37287,1693226465885,1692254201643,1692254201646,1693226465892,7,3,4
37288,1693226465892,1692254201650,1692254201653,1693226465899,7,3,4
37289,1693226465900,1692254201658,1692254201661,1693226465907,7,3,4
37290,1693226465907,1692254201666,1692254201669,1693226465918,11,3,8
37291,1693226465918,1692254201676,1692254201680,1693226465927,9,4,5
37292,1693226465927,1692254201685,1692254201688,1693226465937,10,3,7
37293,1693226465937,1692254201694,1692254201698,1693226465945,8,4,4
37294,1693226465945,1692254201703,1692254201706,1693226465952,7,3,4
37295,1693226465952,1692254201711,1692254201714,1693226465960,8,3,5
37296,1693226465960,1692254201719,1692254201721,1693226465968,8,2,6
37297,1693226465968,1692254201725,1692254201728,1693226465974,6,3,3
37298,1693226465974,1692254201732,1692254201736,1693226465983,9,4,5
37299,1693226465983,1692254201741,1692254201744,1693226465992,9,3,6
37300,1693226465992,1692254201750,1692254201753,1693226466000,8,3,5
37301,1693226466000,1692254201758,1692254201761,1693226466008,8,3,5
37302,1693226466008,1692254201766,1692254201769,1693226466016,8,3,5
37303,1693226466016,1692254201777,1692254201780,1693226466027,11,3,8
37304,1693226466027,1692254201786,1692254201789,1693226466035,8,3,5
37305,1693226466035,1692254201794,1692254201797,1693226466044,9,3,6
37306,1693226466044,1692254201802,1692254201806,1693226466052,8,4,4
37307,1693226466052,1692254201810,1692254201812,1693226466059,7,2,5
37308,1693226466059,1692254201817,1692254201821,1693226466067,8,4,4
37309,1693226466067,1692254201826,1692254201829,1693226466075,8,3,5
37310,1693226466075,1692254201833,1692254201837,1693226466084,9,4,5
37311,1693226466084,1692254201843,1692254201847,1693226466093,9,4,5
37312,1693226466093,1692254201851,1692254201854,1693226466100,7,3,4
37313,1693226466100,1692254201858,1692254201861,1693226466107,7,3,4
37314,1693226466107,1692254201866,1692254201869,1693226466116,9,3,6
37315,1693226466116,1692254201874,1692254201880,1693226466126,10,6,4
37316,1693226466126,1692254201885,1692254201887,1693226466133,7,2,5
37317,1693226466133,1692254201891,1692254201894,1693226466141,8,3,5
37318,1693226466141,1692254201899,1692254201903,1693226466149,8,4,4
37319,1693226466149,1692254201908,1692254201911,1693226466157,8,3,5
37320,1693226466157,1692254201915,1692254201919,1693226466165,8,4,4
37321,1693226466165,1692254201923,1692254201926,1693226466173,8,3,5
37322,1693226466173,1692254201930,1692254201935,1693226466182,9,5,4
37323,1693226466182,1692254201942,1692254201945,1693226466192,10,3,7
37324,1693226466192,1692254201950,1692254201953,1693226466199,7,3,4
37325,1693226466199,1692254201958,1692254201961,1693226466207,8,3,5
37326,1693226466207,1692254201966,1692254201969,1693226466215,8,3,5
37327,1693226466215,1692254201973,1692254201976,1693226466222,7,3,4
37328,1693226466222,1692254201982,1692254201985,1693226466232,10,3,7
37329,1693226466232,1692254201990,1692254201993,1693226466239,7,3,4
37330,1693226466239,1692254201997,1692254202000,1693226466247,8,3,5
37331,1693226466247,1692254202005,1692254202009,1693226466255,8,4,4
37332,1693226466255,1692254202013,1692254202017,1693226466263,8,4,4
37333,1693226466263,1692254202022,1692254202025,1693226466271,8,3,5
37334,1693226466271,1692254202029,1692254202033,1693226466279,8,4,4
37335,1693226466279,1692254202038,1692254202041,1693226466288,9,3,6
37336,1693226466288,1692254202046,1692254202049,1693226466296,8,3,5
37337,1693226466296,1692254202064,1692254202068,1693226466315,19,4,15
37338,1693226466315,1692254202073,1692254202076,1693226466322,7,3,4
37339,1693226466322,1692254202086,1692254202089,1693226466335,13,3,10
37340,1693226466335,1692254202093,1692254202097,1693226466343,8,4,4
37341,1693226466343,1692254202103,1692254202106,1693226466352,9,3,6
37342,1693226466352,1692254202110,1692254202113,1693226466359,7,3,4
37343,1693226466359,1692254202117,1692254202121,1693226466367,8,4,4
37344,1693226466367,1692254202125,1692254202128,1693226466374,7,3,4
37345,1693226466374,1692254202132,1692254202135,1693226466381,7,3,4
37346,1693226466381,1692254202140,1692254202143,1693226466389,8,3,5
37347,1693226466389,1692254202147,1692254202150,1693226466397,8,3,5
37348,1693226466397,1692254202155,1692254202158,1693226466405,8,3,5
37349,1693226466405,1692254202163,1692254202167,1693226466413,8,4,4
37350,1693226466413,1692254202171,1692254202175,1693226466421,8,4,4
37351,1693226466421,1692254202179,1692254202182,1693226466430,9,3,6
37352,1693226466430,1692254202188,1692254202191,1693226466437,7,3,4
37353,1693226466438,1692254202196,1692254202200,1693226466450,12,4,8
37354,1693226466450,1692254202208,1692254202212,1693226466458,8,4,4
37355,1693226466458,1692254202217,1692254202220,1693226466466,8,3,5
37356,1693226466466,1692254202223,1692254202226,1693226466472,6,3,3
37357,1693226466472,1692254202230,1692254202233,1693226466479,7,3,4
37358,1693226466479,1692254202237,1692254202240,1693226466487,8,3,5
37359,1693226466487,1692254202245,1692254202249,1693226466496,9,4,5
37360,1693226466496,1692254202254,1692254202257,1693226466503,7,3,4
37361,1693226466503,1692254202261,1692254202265,1693226466511,8,4,4
37362,1693226466511,1692254202269,1692254202272,1693226466518,7,3,4
37363,1693226466518,1692254202277,1692254202281,1693226466527,9,4,5
37364,1693226466527,1692254202286,1692254202289,1693226466535,8,3,5
37365,1693226466535,1692254202295,1692254202299,1693226466545,10,4,6
37366,1693226466545,1692254202303,1692254202306,1693226466552,7,3,4
37367,1693226466552,1692254202310,1692254202314,1693226466560,8,4,4
37368,1693226466560,1692254202319,1692254202321,1693226466568,8,2,6
37369,1693226466568,1692254202326,1692254202328,1693226466575,7,2,5
37370,1693226466575,1692254202333,1692254202336,1693226466582,7,3,4
37371,1693226466582,1692254202341,1692254202344,1693226466591,9,3,6
37372,1693226466591,1692254202350,1692254202353,1693226466599,8,3,5
37373,1693226466599,1692254202358,1692254202361,1693226466607,8,3,5
37374,1693226466607,1692254202366,1692254202369,1693226466616,9,3,6
37375,1693226466616,1692254202374,1692254202377,1693226466624,8,3,5
37376,1693226466624,1692254202382,1692254202386,1693226466632,8,4,4
37377,1693226466632,1692254202392,1692254202395,1693226466642,10,3,7
37378,1693226466642,1692254202400,1692254202403,1693226466649,7,3,4
37379,1693226466649,1692254202408,1692254202412,1693226466659,10,4,6
37380,1693226466659,1692254202417,1692254202420,1693226466666,7,3,4
37381,1693226466666,1692254202424,1692254202427,1693226466674,8,3,5
37382,1693226466674,1692254202432,1692254202435,1693226466682,8,3,5
37383,1693226466682,1692254202440,1692254202443,1693226466690,8,3,5
37384,1693226466690,1692254202448,1692254202451,1693226466698,8,3,5
37385,1693226466698,1692254202456,1692254202460,1693226466706,8,4,4
37386,1693226466706,1692254202464,1692254202468,1693226466714,8,4,4
37387,1693226466714,1692254202472,1692254202476,1693226466722,8,4,4
37388,1693226466722,1692254202480,1692254202483,1693226466729,7,3,4
37389,1693226466729,1692254202487,1692254202490,1693226466737,8,3,5
37390,1693226466738,1692254202496,1692254202499,1693226466745,7,3,4
37391,1693226466745,1692254202503,1692254202507,1693226466753,8,4,4
37392,1693226466753,1692254202511,1692254202515,1693226466761,8,4,4
37393,1693226466761,1692254202519,1692254202523,1693226466769,8,4,4
37394,1693226466769,1692254202527,1692254202531,1693226466777,8,4,4
37395,1693226466777,1692254202535,1692254202539,1693226466785,8,4,4
37396,1693226466785,1692254202543,1692254202548,1693226466794,9,5,4
37397,1693226466794,1692254202552,1692254202556,1693226466802,8,4,4
37398,1693226466802,1692254202560,1692254202563,1693226466809,7,3,4
37399,1693226466809,1692254202567,1692254202570,1693226466816,7,3,4
37400,1693226466816,1692254202575,1692254202577,1693226466824,8,2,6
37401,1693226466824,1692254202582,1692254202586,1693226466832,8,4,4
37402,1693226466832,1692254202590,1692254202592,1693226466840,8,2,6
37403,1693226466840,1692254202598,1692254202604,1693226466850,10,6,4
37404,1693226466851,1692254202609,1692254202612,1693226466858,7,3,4
37405,1693226466858,1692254202617,1692254202621,1693226466867,9,4,5
37406,1693226466867,1692254202625,1692254202629,1693226466875,8,4,4
37407,1693226466875,1692254202633,1692254202637,1693226466883,8,4,4
37408,1693226466883,1692254202641,1692254202645,1693226466891,8,4,4
37409,1693226466891,1692254202649,1692254202652,1693226466898,7,3,4
37410,1693226466898,1692254202657,1692254202660,1693226466906,8,3,5
37411,1693226466906,1692254202664,1692254202668,1693226466914,8,4,4
37412,1693226466914,1692254202672,1692254202675,1693226466922,8,3,5
37413,1693226466922,1692254202680,1692254202683,1693226466930,8,3,5
37414,1693226466930,1692254202688,1692254202691,1693226466937,7,3,4
37415,1693226466937,1692254202699,1692254202702,1693226466948,11,3,8
37416,1693226466948,1692254202707,1692254202710,1693226466956,8,3,5
37417,1693226466956,1692254202717,1692254202720,1693226466966,10,3,7
37418,1693226466966,1692254202724,1692254202726,1693226466972,6,2,4
37419,1693226466972,1692254202730,1692254202733,1693226466980,8,3,5
37420,1693226466980,1692254202738,1692254202741,1693226466988,8,3,5
37421,1693226466988,1692254202746,1692254202749,1693226466995,7,3,4
37422,1693226466995,1692254202753,1692254202756,1693226467002,7,3,4
37423,1693226467002,1692254202761,1692254202763,1693226467010,8,2,6
37424,1693226467010,1692254202768,1692254202771,1693226467017,7,3,4
37425,1693226467017,1692254202775,1692254202778,1693226467024,7,3,4
37426,1693226467024,1692254202782,1692254202786,1693226467032,8,4,4
37427,1693226467032,1692254202791,1692254202794,1693226467041,9,3,6
37428,1693226467041,1692254202801,1692254202805,1693226467051,10,4,6
37429,1693226467051,1692254202809,1692254202813,1693226467059,8,4,4
37430,1693226467059,1692254202817,1692254202820,1693226467067,8,3,5
37431,1693226467067,1692254202825,1692254202828,1693226467074,7,3,4
37432,1693226467074,1692254202832,1692254202837,1693226467083,9,5,4
37433,1693226467083,1692254202841,1692254202844,1693226467090,7,3,4
37434,1693226467090,1692254202848,1692254202851,1693226467097,7,3,4
37435,1693226467097,1692254202856,1692254202859,1693226467105,8,3,5
37436,1693226467105,1692254202864,1692254202867,1693226467113,8,3,5
37437,1693226467113,1692254202870,1692254202873,1693226467119,6,3,3
37438,1693226467119,1692254202877,1692254202879,1693226467126,7,2,5
37439,1693226467126,1692254202885,1692254202889,1693226467135,9,4,5
37440,1693226467135,1692254202893,1692254202896,1693226467142,7,3,4
37441,1693226467142,1692254202903,1692254202908,1693226467154,12,5,7
37442,1693226467154,1692254202912,1692254202915,1693226467161,7,3,4
37443,1693226467161,1692254202919,1692254202922,1693226467169,8,3,5
37444,1693226467169,1692254202927,1692254202930,1693226467176,7,3,4
37445,1693226467176,1692254202934,1692254202938,1693226467185,9,4,5
37446,1693226467185,1692254202942,1692254202945,1693226467192,7,3,4
37447,1693226467192,1692254202950,1692254202953,1693226467199,7,3,4
37448,1693226467199,1692254202957,1692254202960,1693226467206,7,3,4
37449,1693226467206,1692254202963,1692254202967,1693226467213,7,4,3
37450,1693226467213,1692254202971,1692254202974,1693226467221,8,3,5
37451,1693226467221,1692254202979,1692254202982,1693226467229,8,3,5
37452,1693226467229,1692254202987,1692254202990,1693226467236,7,3,4
37453,1693226467236,1692254202994,1692254202996,1693226467243,7,2,5
37454,1693226467243,1692254203001,1692254203003,1693226467251,8,2,6
37455,1693226467251,1692254203010,1692254203013,1693226467259,8,3,5
37456,1693226467259,1692254203018,1692254203021,1693226467268,9,3,6
37457,1693226467268,1692254203026,1692254203029,1693226467275,7,3,4
37458,1693226467275,1692254203033,1692254203037,1693226467283,8,4,4
37459,1693226467283,1692254203041,1692254203044,1693226467290,7,3,4
37460,1693226467290,1692254203048,1692254203052,1693226467298,8,4,4
37461,1693226467298,1692254203057,1692254203060,1693226467306,8,3,5
37462,1693226467306,1692254203065,1692254203068,1693226467315,9,3,6
37463,1693226467315,1692254203072,1692254203075,1693226467321,6,3,3
37464,1693226467321,1692254203079,1692254203082,1693226467328,7,3,4
37465,1693226467328,1692254203087,1692254203090,1693226467336,8,3,5
37466,1693226467336,1692254203094,1692254203096,1693226467343,7,2,5
37467,1693226467343,1692254203101,1692254203105,1693226467352,9,4,5
37468,1693226467352,1692254203110,1692254203114,1693226467360,8,4,4
37469,1693226467360,1692254203118,1692254203123,1693226467369,9,5,4
37470,1693226467369,1692254203127,1692254203130,1693226467376,7,3,4
37471,1693226467376,1692254203134,1692254203137,1693226467383,7,3,4
37472,1693226467383,1692254203141,1692254203144,1693226467390,7,3,4
37473,1693226467390,1692254203148,1692254203151,1693226467397,7,3,4
37474,1693226467397,1692254203155,1692254203159,1693226467405,8,4,4
37475,1693226467405,1692254203163,1692254203166,1693226467412,7,3,4
37476,1693226467412,1692254203170,1692254203174,1693226467420,8,4,4
37477,1693226467420,1692254203179,1692254203183,1693226467429,9,4,5
37478,1693226467429,1692254203187,1692254203191,1693226467437,8,4,4
37479,1693226467437,1692254203195,1692254203198,1693226467444,7,3,4
37480,1693226467444,1692254203202,1692254203205,1693226467454,10,3,7
37481,1693226467454,1692254203212,1692254203216,1693226467463,9,4,5
37482,1693226467463,1692254203221,1692254203224,1693226467471,8,3,5
37483,1693226467471,1692254203229,1692254203232,1693226467478,7,3,4
37484,1693226467478,1692254203236,1692254203239,1693226467485,7,3,4
37485,1693226467485,1692254203242,1692254203246,1693226467492,7,4,3
37486,1693226467492,1692254203251,1692254203254,1693226467501,9,3,6
37487,1693226467501,1692254203259,1692254203261,1693226467508,7,2,5
37488,1693226467508,1692254203266,1692254203269,1693226467515,7,3,4
37489,1693226467515,1692254203273,1692254203277,1693226467523,8,4,4
37490,1693226467523,1692254203284,1692254203287,1693226467534,11,3,8
37491,1693226467534,1692254203292,1692254203296,1693226467542,8,4,4
37492,1693226467542,1692254203301,1692254203304,1693226467551,9,3,6
37493,1693226467551,1692254203309,1692254203312,1693226467558,7,3,4
37494,1693226467558,1692254203316,1692254203320,1693226467566,8,4,4
37495,1693226467566,1692254203324,1692254203328,1693226467574,8,4,4
37496,1693226467574,1692254203332,1692254203335,1693226467582,8,3,5
37497,1693226467582,1692254203346,1692254203348,1693226467594,12,2,10
37498,1693226467594,1692254203353,1692254203357,1693226467603,9,4,5
37499,1693226467603,1692254203367,1692254203371,1693226467617,14,4,10
37500,1693226467617,1692254203375,1692254203378,1693226467624,7,3,4
37501,1693226467624,1692254203382,1692254203385,1693226467632,8,3,5
37502,1693226467632,1692254203390,1692254203393,1693226467639,7,3,4
37503,1693226467639,1692254203397,1692254203401,1693226467648,9,4,5
37504,1693226467648,1692254203406,1692254203408,1693226467654,6,2,4
37505,1693226467654,1692254203412,1692254203416,1693226467662,8,4,4
37506,1693226467662,1692254203421,1692254203425,1693226467672,10,4,6
37507,1693226467672,1692254203430,1692254203433,1693226467679,7,3,4
37508,1693226467679,1692254203438,1692254203441,1693226467687,8,3,5
37509,1693226467687,1692254203446,1692254203449,1693226467695,8,3,5
37510,1693226467695,1692254203454,1692254203457,1693226467703,8,3,5
37511,1693226467703,1692254203461,1692254203464,1693226467710,7,3,4
37512,1693226467711,1692254203469,1692254203471,1693226467718,7,2,5
37513,1693226467718,1692254203476,1692254203480,1693226467726,8,4,4
37514,1693226467726,1692254203484,1692254203487,1693226467733,7,3,4
37515,1693226467733,1692254203492,1692254203495,1693226467742,9,3,6
37516,1693226467742,1692254203500,1692254203504,1693226467750,8,4,4
37517,1693226467750,1692254203507,1692254203510,1693226467756,6,3,3
37518,1693226467756,1692254203517,1692254203521,1693226467767,11,4,7
37519,1693226467767,1692254203525,1692254203528,1693226467774,7,3,4
37520,1693226467774,1692254203532,1692254203535,1693226467781,7,3,4
37521,1693226467781,1692254203539,1692254203543,1693226467789,8,4,4
37522,1693226467789,1692254203547,1692254203550,1693226467797,8,3,5
37523,1693226467797,1692254203554,1692254203557,1693226467804,7,3,4
37524,1693226467804,1692254203562,1692254203565,1693226467811,7,3,4
37525,1693226467811,1692254203569,1692254203572,1693226467818,7,3,4
37526,1693226467818,1692254203576,1692254203579,1693226467826,8,3,5
37527,1693226467826,1692254203584,1692254203587,1693226467833,7,3,4
37528,1693226467833,1692254203592,1692254203596,1693226467842,9,4,5
37529,1693226467842,1692254203600,1692254203603,1693226467849,7,3,4
37530,1693226467849,1692254203607,1692254203610,1693226467856,7,3,4
37531,1693226467856,1692254203614,1692254203618,1693226467864,8,4,4
37532,1693226467864,1692254203623,1692254203626,1693226467872,8,3,5
37533,1693226467872,1692254203631,1692254203634,1693226467882,10,3,7
37534,1693226467882,1692254203640,1692254203643,1693226467889,7,3,4
37535,1693226467889,1692254203647,1692254203649,1693226467896,7,2,5
37536,1693226467896,1692254203654,1692254203657,1693226467903,7,3,4
37537,1693226467903,1692254203662,1692254203665,1693226467912,9,3,6
37538,1693226467912,1692254203670,1692254203673,1693226467919,7,3,4
37539,1693226467919,1692254203677,1692254203680,1693226467926,7,3,4
37540,1693226467926,1692254203685,1692254203688,1693226467935,9,3,6
37541,1693226467935,1692254203693,1692254203696,1693226467943,8,3,5
37542,1693226467943,1692254203700,1692254203704,1693226467950,7,4,3
37543,1693226467950,1692254203708,1692254203713,1693226467959,9,5,4
37544,1693226467959,1692254203717,1692254203720,1693226467966,7,3,4
37545,1693226467966,1692254203724,1692254203728,1693226467974,8,4,4
37546,1693226467974,1692254203732,1692254203735,1693226467981,7,3,4
37547,1693226467982,1692254203740,1692254203743,1693226467990,8,3,5
37548,1693226467990,1692254203748,1692254203751,1693226467998,8,3,5
37549,1693226467998,1692254203756,1692254203759,1693226468006,8,3,5
37550,1693226468006,1692254203764,1692254203767,1693226468013,7,3,4
37551,1693226468013,1692254203771,1692254203774,1693226468020,7,3,4
37552,1693226468020,1692254203778,1692254203782,1693226468028,8,4,4
37553,1693226468028,1692254203786,1692254203789,1693226468035,7,3,4
37554,1693226468035,1692254203793,1692254203796,1693226468042,7,3,4
37555,1693226468042,1692254203801,1692254203804,1693226468050,8,3,5
37556,1693226468050,1692254203808,1692254203811,1693226468057,7,3,4
37557,1693226468058,1692254203815,1692254203819,1693226468065,7,4,3
37558,1693226468065,1692254203825,1692254203828,1693226468075,10,3,7
37559,1693226468075,1692254203833,1692254203836,1693226468082,7,3,4
37560,1693226468082,1692254203841,1692254203844,1693226468090,8,3,5
37561,1693226468090,1692254203849,1692254203852,1693226468099,9,3,6
37562,1693226468099,1692254203857,1692254203860,1693226468107,8,3,5
37563,1693226468107,1692254203865,1692254203868,1693226468114,7,3,4
37564,1693226468114,1692254203872,1692254203875,1693226468121,7,3,4
37565,1693226468121,1692254203879,1692254203882,1693226468129,8,3,5
37566,1693226468129,1692254203887,1692254203891,1693226468137,8,4,4
37567,1693226468137,1692254203895,1692254203898,1693226468144,7,3,4
37568,1693226468144,1692254203902,1692254203906,1693226468152,8,4,4
37569,1693226468152,1692254203910,1692254203913,1693226468159,7,3,4
37570,1693226468159,1692254203917,1692254203920,1693226468166,7,3,4
37571,1693226468166,1692254203927,1692254203930,1693226468176,10,3,7
37572,1693226468177,1692254203935,1692254203938,1693226468184,7,3,4
37573,1693226468184,1692254203943,1692254203946,1693226468192,8,3,5
37574,1693226468192,1692254203950,1692254203953,1693226468199,7,3,4
37575,1693226468199,1692254203957,1692254203960,1693226468206,7,3,4
37576,1693226468206,1692254203965,1692254203968,1693226468214,8,3,5
37577,1693226468214,1692254203972,1692254203975,1693226468221,7,3,4
37578,1693226468221,1692254203978,1692254203981,1693226468227,6,3,3
37579,1693226468227,1692254203985,1692254203988,1693226468234,7,3,4
37580,1693226468234,1692254203993,1692254203998,1693226468244,10,5,5
37581,1693226468244,1692254204002,1692254204005,1693226468251,7,3,4
37582,1693226468252,1692254204010,1692254204013,1693226468259,7,3,4
37583,1693226468259,1692254204017,1692254204020,1693226468266,7,3,4
37584,1693226468266,1692254204024,1692254204027,1693226468274,8,3,5
37585,1693226468274,1692254204033,1692254204037,1693226468283,9,4,5
37586,1693226468283,1692254204041,1692254204044,1693226468291,8,3,5
37587,1693226468291,1692254204049,1692254204053,1693226468299,8,4,4
37588,1693226468299,1692254204056,1692254204059,1693226468306,7,3,4
37589,1693226468306,1692254204064,1692254204066,1693226468313,7,2,5
37590,1693226468313,1692254204071,1692254204074,1693226468321,8,3,5
37591,1693226468321,1692254204079,1692254204082,1693226468328,7,3,4
37592,1693226468328,1692254204087,1692254204091,1693226468337,9,4,5
37593,1693226468337,1692254204097,1692254204100,1693226468346,9,3,6
37594,1693226468346,1692254204105,1692254204108,1693226468354,8,3,5
37595,1693226468354,1692254204112,1692254204116,1693226468362,8,4,4
37596,1693226468362,1692254204120,1692254204122,1693226468368,6,2,4
37597,1693226468368,1692254204126,1692254204129,1693226468376,8,3,5
37598,1693226468376,1692254204134,1692254204137,1693226468383,7,3,4
37599,1693226468383,1692254204141,1692254204145,1693226468391,8,4,4
37600,1693226468391,1692254204149,1692254204152,1693226468398,7,3,4
37601,1693226468398,1692254204156,1692254204159,1693226468406,8,3,5
37602,1693226468406,1692254204164,1692254204167,1693226468413,7,3,4
37603,1693226468413,1692254204171,1692254204174,1693226468420,7,3,4
37604,1693226468420,1692254204178,1692254204182,1693226468428,8,4,4
37605,1693226468428,1692254204186,1692254204189,1693226468436,8,3,5
37606,1693226468436,1692254204194,1692254204196,1693226468443,7,2,5
37607,1693226468443,1692254204200,1692254204204,1693226468451,8,4,4
37608,1693226468451,1692254204209,1692254204215,1693226468461,10,6,4
37609,1693226468461,1692254204219,1692254204222,1693226468468,7,3,4
37610,1693226468468,1692254204226,1692254204229,1693226468475,7,3,4
37611,1693226468475,1692254204234,1692254204238,1693226468484,9,4,5
37612,1693226468484,1692254204242,1692254204245,1693226468492,8,3,5
37613,1693226468492,1692254204251,1692254204254,1693226468500,8,3,5
37614,1693226468500,1692254204258,1692254204262,1693226468508,8,4,4
37615,1693226468508,1692254204266,1692254204270,1693226468516,8,4,4
37616,1693226468516,1692254204274,1692254204279,1693226468525,9,5,4
37617,1693226468525,1692254204283,1692254204286,1693226468533,8,3,5
37618,1693226468533,1692254204291,1692254204294,1693226468540,7,3,4
37619,1693226468540,1692254204298,1692254204301,1693226468547,7,3,4
37620,1693226468547,1692254204305,1692254204308,1693226468555,8,3,5
37621,1693226468555,1692254204313,1692254204315,1693226468562,7,2,5
37622,1693226468562,1692254204320,1692254204323,1693226468569,7,3,4
37623,1693226468569,1692254204328,1692254204330,1693226468577,8,2,6
37624,1693226468577,1692254204337,1692254204340,1693226468586,9,3,6
37625,1693226468586,1692254204344,1692254204347,1693226468593,7,3,4
37626,1693226468593,1692254204351,1692254204354,1693226468600,7,3,4
37627,1693226468600,1692254204358,1692254204361,1693226468607,7,3,4
37628,1693226468607,1692254204366,1692254204369,1693226468615,8,3,5
37629,1693226468615,1692254204373,1692254204376,1693226468623,8,3,5
37630,1693226468623,1692254204381,1692254204384,1693226468630,7,3,4
37631,1693226468630,1692254204388,1692254204390,1693226468636,6,2,4
37632,1693226468637,1692254204395,1692254204398,1693226468644,7,3,4
37633,1693226468644,1692254204403,1692254204406,1693226468652,8,3,5
37634,1693226468652,1692254204410,1692254204413,1693226468659,7,3,4
37635,1693226468659,1692254204418,1692254204421,1693226468667,8,3,5
37636,1693226468667,1692254204424,1692254204428,1693226468674,7,4,3
37637,1693226468674,1692254204431,1692254204434,1693226468680,6,3,3
37638,1693226468680,1692254204439,1692254204442,1693226468688,8,3,5
37639,1693226468688,1692254204447,1692254204451,1693226468698,10,4,6
37640,1693226468698,1692254204457,1692254204459,1693226468706,8,2,6
37641,1693226468706,1692254204464,1692254204467,1693226468714,8,3,5
37642,1693226468714,1692254204472,1692254204476,1693226468722,8,4,4
37643,1693226468722,1692254204481,1692254204485,1693226468732,10,4,6
37644,1693226468732,1692254204490,1692254204493,1693226468739,7,3,4
37645,1693226468739,1692254204498,1692254204501,1693226468747,8,3,5
37646,1693226468747,1692254204505,1692254204509,1693226468755,8,4,4
37647,1693226468755,1692254204513,1692254204516,1693226468762,7,3,4
37648,1693226468762,1692254204521,1692254204525,1693226468771,9,4,5
37649,1693226468771,1692254204530,1692254204533,1693226468779,8,3,5
37650,1693226468779,1692254204545,1692254204549,1693226468795,16,4,12
37651,1693226468795,1692254204553,1692254204556,1693226468802,7,3,4
37652,1693226468802,1692254204561,1692254204564,1693226468811,9,3,6
37653,1693226468811,1692254204569,1692254204574,1693226468820,9,5,4
37654,1693226468820,1692254204579,1692254204582,1693226468828,8,3,5
37655,1693226468829,1692254204587,1692254204591,1693226468837,8,4,4
37656,1693226468837,1692254204597,1692254204600,1693226468846,9,3,6
37657,1693226468847,1692254204605,1692254204608,1693226468854,7,3,4
37658,1693226468854,1692254204613,1692254204617,1693226468864,10,4,6
37659,1693226468864,1692254204630,1692254204633,1693226468879,15,3,12
37660,1693226468879,1692254204637,1692254204641,1693226468888,9,4,5
37661,1693226468888,1692254204651,1692254204655,1693226468901,13,4,9
37662,1693226468901,1692254204659,1692254204663,1693226468909,8,4,4
37663,1693226468909,1692254204667,1692254204670,1693226468916,7,3,4
37664,1693226468916,1692254204674,1692254204678,1693226468924,8,4,4
37665,1693226468924,1692254204682,1692254204685,1693226468931,7,3,4
37666,1693226468931,1692254204689,1692254204692,1693226468939,8,3,5
37667,1693226468939,1692254204697,1692254204700,1693226468947,8,3,5
37668,1693226468947,1692254204705,1692254204708,1693226468954,7,3,4
37669,1693226468954,1692254204712,1692254204715,1693226468962,8,3,5
37670,1693226468962,1692254204720,1692254204723,1693226468969,7,3,4
37671,1693226468969,1692254204727,1692254204730,1693226468976,7,3,4
37672,1693226468976,1692254204734,1692254204737,1693226468983,7,3,4
37673,1693226468983,1692254204742,1692254204745,1693226468992,9,3,6
37674,1693226468992,1692254204750,1692254204753,1693226468999,7,3,4
37675,1693226468999,1692254204757,1692254204759,1693226469005,6,2,4
37676,1693226469005,1692254204763,1692254204766,1693226469012,7,3,4
37677,1693226469012,1692254204771,1692254204775,1693226469021,9,4,5
37678,1693226469021,1692254204779,1692254204783,1693226469029,8,4,4
37679,1693226469029,1692254204788,1692254204791,1693226469037,8,3,5
37680,1693226469037,1692254204795,1692254204798,1693226469045,8,3,5
37681,1693226469045,1692254204803,1692254204806,1693226469052,7,3,4
37682,1693226469052,1692254204811,1692254204814,1693226469060,8,3,5
37683,1693226469060,1692254204818,1692254204820,1693226469067,7,2,5
37684,1693226469067,1692254204825,1692254204829,1693226469075,8,4,4
37685,1693226469075,1692254204834,1692254204837,1693226469083,8,3,5
37686,1693226469083,1692254204842,1692254204845,1693226469092,9,3,6
37687,1693226469092,1692254204850,1692254204853,1693226469099,7,3,4
37688,1693226469099,1692254204858,1692254204861,1693226469107,8,3,5
37689,1693226469107,1692254204865,1692254204870,1693226469116,9,5,4
37690,1693226469116,1692254204874,1692254204877,1693226469123,7,3,4
37691,1693226469123,1692254204880,1692254204884,1693226469130,7,4,3
37692,1693226469130,1692254204888,1692254204891,1693226469138,8,3,5
37693,1693226469138,1692254204896,1692254204899,1693226469145,7,3,4
37694,1693226469145,1692254204903,1692254204907,1693226469153,8,4,4
37695,1693226469153,1692254204911,1692254204915,1693226469161,8,4,4
37696,1693226469161,1692254204919,1692254204922,1693226469169,8,3,5
37697,1693226469169,1692254204927,1692254204930,1693226469177,8,3,5
37698,1693226469177,1692254204934,1692254204937,1693226469183,6,3,3
37699,1693226469183,1692254204941,1692254204944,1693226469190,7,3,4
37700,1693226469190,1692254204951,1692254204955,1693226469201,11,4,7
37701,1693226469201,1692254204959,1692254204962,1693226469208,7,3,4
37702,1693226469208,1692254204966,1692254204969,1693226469215,7,3,4
37703,1693226469215,1692254204974,1692254204977,1693226469224,9,3,6
37704,1693226469224,1692254204982,1692254204985,1693226469231,7,3,4
37705,1693226469231,1692254204989,1692254204993,1693226469239,8,4,4
37706,1693226469239,1692254204997,1692254205000,1693226469246,7,3,4
37707,1693226469246,1692254205004,1692254205007,1693226469254,8,3,5
37708,1693226469254,1692254205012,1692254205015,1693226469261,7,3,4
37709,1693226469261,1692254205019,1692254205022,1693226469269,8,3,5
37710,1693226469269,1692254205028,1692254205031,1693226469277,8,3,5
37711,1693226469277,1692254205035,1692254205039,1693226469285,8,4,4
37712,1693226469285,1692254205042,1692254205046,1693226469292,7,4,3
37713,1693226469292,1692254205050,1692254205053,1693226469299,7,3,4
37714,1693226469299,1692254205057,1692254205060,1693226469307,8,3,5
37715,1693226469307,1692254205065,1692254205068,1693226469315,8,3,5
37716,1693226469315,1692254205073,1692254205076,1693226469323,8,3,5
37717,1693226469323,1692254205080,1692254205084,1693226469330,7,4,3
37718,1693226469330,1692254205089,1692254205092,1693226469338,8,3,5
37719,1693226469338,1692254205097,1692254205100,1693226469347,9,3,6
37720,1693226469347,1692254205105,1692254205108,1693226469354,7,3,4
37721,1693226469354,1692254205112,1692254205115,1693226469362,8,3,5
37722,1693226469362,1692254205120,1692254205124,1693226469370,8,4,4
37723,1693226469370,1692254205128,1692254205131,1693226469377,7,3,4
37724,1693226469377,1692254205136,1692254205139,1693226469385,8,3,5
37725,1693226469385,1692254205144,1692254205146,1693226469393,8,2,6
37726,1693226469393,1692254205151,1692254205155,1693226469402,9,4,5
37727,1693226469402,1692254205159,1692254205162,1693226469408,6,3,3
37728,1693226469408,1692254205166,1692254205169,1693226469415,7,3,4
37729,1693226469415,1692254205174,1692254205176,1693226469422,7,2,5
37730,1693226469422,1692254205180,1692254205183,1693226469430,8,3,5
37731,1693226469430,1692254205188,1692254205191,1693226469437,7,3,4
37732,1693226469437,1692254205195,1692254205198,1693226469445,8,3,5
37733,1693226469445,1692254205203,1692254205206,1693226469452,7,3,4
37734,1693226469452,1692254205211,1692254205214,1693226469460,8,3,5
37735,1693226469460,1692254205224,1692254205227,1693226469473,13,3,10
37736,1693226469473,1692254205231,1692254205234,1693226469481,8,3,5
37737,1693226469481,1692254205239,1692254205242,1693226469488,7,3,4
37738,1693226469488,1692254205246,1692254205249,1693226469495,7,3,4
37739,1693226469495,1692254205252,1692254205256,1693226469503,8,4,4
37740,1693226469503,1692254205261,1692254205264,1693226469510,7,3,4
37741,1693226469510,1692254205268,1692254205271,1693226469518,8,3,5
37742,1693226469518,1692254205277,1692254205281,1693226469527,9,4,5
37743,1693226469527,1692254205284,1692254205288,1693226469534,7,4,3
37744,1693226469534,1692254205292,1692254205295,1693226469542,8,3,5
37745,1693226469542,1692254205300,1692254205303,1693226469549,7,3,4
37746,1693226469549,1692254205307,1692254205310,1693226469556,7,3,4
37747,1693226469557,1692254205315,1692254205318,1693226469564,7,3,4
37748,1693226469564,1692254205322,1692254205325,1693226469571,7,3,4
37749,1693226469571,1692254205329,1692254205332,1693226469578,7,3,4
37750,1693226469578,1692254205337,1692254205339,1693226469586,8,2,6
37751,1693226469586,1692254205344,1692254205348,1693226469594,8,4,4
37752,1693226469594,1692254205352,1692254205356,1693226469605,11,4,7
37753,1693226469605,1692254205363,1692254205367,1693226469613,8,4,4
37754,1693226469613,1692254205371,1692254205374,1693226469623,10,3,7
37755,1693226469623,1692254205381,1692254205384,1693226469630,7,3,4
37756,1693226469630,1692254205389,1692254205392,1693226469638,8,3,5
37757,1693226469638,1692254205396,1692254205399,1693226469646,8,3,5
37758,1693226469646,1692254205405,1692254205408,1693226469654,8,3,5
37759,1693226469654,1692254205412,1692254205416,1693226469662,8,4,4
37760,1693226469662,1692254205419,1692254205422,1693226469669,7,3,4
37761,1693226469669,1692254205427,1692254205431,1693226469677,8,4,4
37762,1693226469677,1692254205435,1692254205439,1693226469685,8,4,4
37763,1693226469685,1692254205443,1692254205448,1693226469695,10,5,5
37764,1693226469695,1692254205453,1692254205456,1693226469727,32,3,29
37765,1693226469727,1692254205486,1692254205488,1693226469735,8,2,6
37766,1693226469735,1692254205494,1692254205498,1693226469744,9,4,5
37767,1693226469744,1692254205502,1692254205505,1693226469751,7,3,4
37768,1693226469751,1692254205508,1692254205511,1693226469765,14,3,11
37769,1693226469765,1692254205523,1692254205526,1693226469772,7,3,4
37770,1693226469773,1692254205530,1692254205533,1693226469780,7,3,4
37771,1693226469780,1692254205538,1692254205541,1693226469787,7,3,4
37772,1693226469787,1692254205546,1692254205549,1693226469796,9,3,6
37773,1693226469796,1692254205554,1692254205557,1693226469804,8,3,5
37774,1693226469804,1692254205562,1692254205565,1693226469811,7,3,4
37775,1693226469811,1692254205569,1692254205572,1693226469819,8,3,5
37776,1693226469819,1692254205577,1692254205580,1693226469826,7,3,4
37777,1693226469826,1692254205585,1692254205588,1693226469834,8,3,5
37778,1693226469834,1692254205592,1692254205596,1693226469843,9,4,5
37779,1693226469843,1692254205601,1692254205604,1693226469851,8,3,5
37780,1693226469851,1692254205609,1692254205612,1693226469859,8,3,5
37781,1693226469859,1692254205616,1692254205620,1693226469866,7,4,3
37782,1693226469866,1692254205625,1692254205628,1693226469875,9,3,6
37783,1693226469875,1692254205633,1692254205637,1693226469883,8,4,4
37784,1693226469883,1692254205641,1692254205644,1693226469890,7,3,4
37785,1693226469890,1692254205649,1692254205652,1693226469898,8,3,5
37786,1693226469898,1692254205655,1692254205659,1693226469905,7,4,3
37787,1693226469905,1692254205663,1692254205667,1693226469913,8,4,4
37788,1693226469913,1692254205671,1692254205674,1693226469921,8,3,5
37789,1693226469921,1692254205685,1692254205689,1693226469950,29,4,25
37790,1693226469950,1692254205708,1692254205712,1693226469959,9,4,5
37791,1693226469959,1692254205717,1692254205720,1693226469966,7,3,4
37792,1693226469966,1692254205724,1692254205727,1693226469974,8,3,5
37793,1693226469974,1692254205738,1692254205741,1693226469988,14,3,11
37794,1693226469988,1692254205745,1692254205748,1693226469995,7,3,4
37795,1693226469995,1692254205753,1692254205756,1693226470002,7,3,4
37796,1693226470002,1692254205761,1692254205764,1693226470010,8,3,5
37797,1693226470010,1692254205771,1692254205774,1693226470020,10,3,7
37798,1693226470020,1692254205783,1692254205787,1693226470034,14,4,10
37799,1693226470034,1692254205792,1692254205795,1693226470041,7,3,4
37800,1693226470041,1692254205800,1692254205805,1693226470051,10,5,5
37801,1693226470051,1692254205809,1692254205812,1693226470058,7,3,4
37802,1693226470058,1692254205817,1692254205820,1693226470066,8,3,5
37803,1693226470066,1692254205824,1692254205828,1693226470074,8,4,4
37804,1693226470074,1692254205832,1692254205835,1693226470081,7,3,4
37805,1693226470081,1692254205840,1692254205843,1693226470089,8,3,5
37806,1693226470089,1692254205849,1692254205852,1693226470099,10,3,7
37807,1693226470099,1692254205857,1692254205860,1693226470107,8,3,5
37808,1693226470107,1692254205865,1692254205868,1693226470116,9,3,6
37809,1693226470116,1692254205875,1692254205878,1693226470125,9,3,6
37810,1693226470125,1692254205883,1692254205886,1693226470133,8,3,5
37811,1693226470133,1692254205891,1692254205894,1693226470140,7,3,4
37812,1693226470141,1692254205898,1692254205901,1693226470148,7,3,4
37813,1693226470148,1692254205906,1692254205909,1693226470155,7,3,4
37814,1693226470155,1692254205914,1692254205917,1693226470163,8,3,5
37815,1693226470163,1692254205921,1692254205924,1693226470171,8,3,5
37816,1693226470171,1692254205928,1692254205931,1693226470177,6,3,3
37817,1693226470177,1692254205935,1692254205939,1693226470185,8,4,4
37818,1693226470185,1692254205944,1692254205947,1693226470193,8,3,5
37819,1693226470193,1692254205952,1692254205955,1693226470201,8,3,5
37820,1693226470201,1692254205960,1692254205963,1693226470209,8,3,5
37821,1693226470209,1692254205967,1692254205970,1693226470216,7,3,4
37822,1693226470216,1692254205975,1692254205979,1693226470225,9,4,5
37823,1693226470225,1692254205983,1692254205986,1693226470233,8,3,5
37824,1693226470233,1692254205993,1692254205996,1693226470242,9,3,6
37825,1693226470242,1692254206000,1692254206003,1693226470250,8,3,5
37826,1693226470250,1692254206008,1692254206010,1693226470257,7,2,5
37827,1693226470257,1692254206015,1692254206019,1693226470265,8,4,4
37828,1693226470265,1692254206023,1692254206026,1693226470272,7,3,4
37829,1693226470272,1692254206030,1692254206034,1693226470280,8,4,4
37830,1693226470280,1692254206038,1692254206041,1693226470287,7,3,4
37831,1693226470288,1692254206046,1692254206049,1693226470296,8,3,5
37832,1693226470296,1692254206054,1692254206058,1693226470304,8,4,4
37833,1693226470304,1692254206062,1692254206065,1693226470312,8,3,5
37834,1693226470312,1692254206071,1692254206074,1693226470322,10,3,7
37835,1693226470322,1692254206080,1692254206084,1693226470330,8,4,4
37836,1693226470330,1692254206088,1692254206093,1693226470340,10,5,5
37837,1693226470340,1692254206098,1692254206103,1693226470350,10,5,5
37838,1693226470350,1692254206108,1692254206112,1693226470358,8,4,4
37839,1693226470358,1692254206116,1692254206119,1693226470366,8,3,5
37840,1693226470366,1692254206123,1692254206126,1693226470372,6,3,3
37841,1693226470372,1692254206130,1692254206133,1693226470380,8,3,5
37842,1693226470380,1692254206138,1692254206141,1693226470387,7,3,4
37843,1693226470387,1692254206145,1692254206149,1693226470395,8,4,4
37844,1693226470395,1692254206153,1692254206156,1693226470402,7,3,4
37845,1693226470402,1692254206160,1692254206164,1693226470410,8,4,4
37846,1693226470410,1692254206168,1692254206171,1693226470418,8,3,5
37847,1693226470418,1692254206176,1692254206179,1693226470425,7,3,4
37848,1693226470425,1692254206183,1692254206187,1693226470433,8,4,4
37849,1693226470433,1692254206192,1692254206195,1693226470441,8,3,5
37850,1693226470441,1692254206199,1692254206203,1693226470450,9,4,5
37851,1693226470450,1692254206208,1692254206211,1693226470458,8,3,5
37852,1693226470458,1692254206215,1692254206218,1693226470464,6,3,3
37853,1693226470464,1692254206222,1692254206226,1693226470473,9,4,5
37854,1693226470473,1692254206231,1692254206234,1693226470480,7,3,4
37855,1693226470480,1692254206238,1692254206241,1693226470488,8,3,5
37856,1693226470488,1692254206246,1692254206250,1693226470496,8,4,4
37857,1693226470496,1692254206254,1692254206257,1693226470503,7,3,4
37858,1693226470503,1692254206262,1692254206265,1693226470511,8,3,5
37859,1693226470511,1692254206270,1692254206273,1693226470519,8,3,5
37860,1693226470519,1692254206277,1692254206281,1693226470527,8,4,4
37861,1693226470527,1692254206284,1692254206287,1693226470534,7,3,4
37862,1693226470534,1692254206292,1692254206295,1693226470541,7,3,4
37863,1693226470542,1692254206300,1692254206303,1693226470549,7,3,4
37864,1693226470549,1692254206307,1692254206311,1693226470557,8,4,4
37865,1693226470557,1692254206315,1692254206319,1693226470565,8,4,4
37866,1693226470565,1692254206323,1692254206326,1693226470572,7,3,4
37867,1693226470572,1692254206330,1692254206333,1693226470579,7,3,4
37868,1693226470579,1692254206338,1692254206340,1693226470586,7,2,5
37869,1693226470586,1692254206344,1692254206349,1693226470596,10,5,5
37870,1693226470596,1692254206354,1692254206357,1693226470603,7,3,4
37871,1693226470604,1692254206361,1692254206365,1693226470612,8,4,4
37872,1693226470612,1692254206370,1692254206373,1693226470619,7,3,4
37873,1693226470619,1692254206378,1692254206382,1693226470629,10,4,6
37874,1693226470629,1692254206387,1692254206390,1693226470636,7,3,4
37875,1693226470636,1692254206395,1692254206398,1693226470644,8,3,5
37876,1693226470644,1692254206402,1692254206406,1693226470652,8,4,4
37877,1693226470652,1692254206411,1692254206414,1693226470660,8,3,5
37878,1693226470660,1692254206419,1692254206422,1693226470669,9,3,6
37879,1693226470669,1692254206427,1692254206431,1693226470678,9,4,5
37880,1693226470678,1692254206436,1692254206439,1693226470685,7,3,4
37881,1693226470685,1692254206443,1692254206446,1693226470693,8,3,5
37882,1693226470693,1692254206451,1692254206454,1693226470701,8,3,5
37883,1693226470701,1692254206459,1692254206463,1693226470709,8,4,4
37884,1693226470709,1692254206467,1692254206470,1693226470717,8,3,5
37885,1693226470717,1692254206475,1692254206479,1693226470725,8,4,4
37886,1693226470725,1692254206484,1692254206486,1693226470733,8,2,6
37887,1693226470733,1692254206491,1692254206494,1693226470740,7,3,4
37888,1693226470740,1692254206498,1692254206502,1693226470749,9,4,5
37889,1693226470749,1692254206507,1692254206510,1693226470757,8,3,5
37890,1693226470757,1692254206516,1692254206519,1693226470766,9,3,6
37891,1693226470766,1692254206524,1692254206527,1693226470773,7,3,4
37892,1693226470773,1692254206531,1692254206535,1693226470781,8,4,4
37893,1693226470781,1692254206539,1692254206543,1693226470790,9,4,5
37894,1693226470790,1692254206548,1692254206552,1693226470798,8,4,4
37895,1693226470798,1692254206556,1692254206559,1693226470805,7,3,4
37896,1693226470805,1692254206564,1692254206568,1693226470814,9,4,5
37897,1693226470814,1692254206572,1692254206575,1693226470822,8,3,5
37898,1693226470822,1692254206580,1692254206583,1693226470830,8,3,5
37899,1693226470830,1692254206590,1692254206593,1693226470840,10,3,7
37900,1693226470840,1692254206598,1692254206602,1693226470848,8,4,4
37901,1693226470848,1692254206606,1692254206609,1693226470855,7,3,4
37902,1693226470855,1692254206613,1692254206617,1693226470863,8,4,4
37903,1693226470863,1692254206621,1692254206624,1693226470871,8,3,5
37904,1693226470871,1692254206629,1692254206633,1693226470880,9,4,5
37905,1693226470880,1692254206638,1692254206642,1693226470888,8,4,4
37906,1693226470888,1692254206646,1692254206650,1693226470896,8,4,4
37907,1693226470896,1692254206654,1692254206657,1693226470904,8,3,5
37908,1693226470904,1692254206662,1692254206666,1693226470912,8,4,4
37909,1693226470912,1692254206670,1692254206674,1693226470920,8,4,4
37910,1693226470920,1692254206679,1692254206684,1693226470930,10,5,5
37911,1693226470930,1692254206688,1692254206690,1693226470937,7,2,5
37912,1693226470937,1692254206695,1692254206698,1693226470945,8,3,5
37913,1693226470945,1692254206703,1692254206707,1693226470953,8,4,4
37914,1693226470953,1692254206712,1692254206715,1693226470961,8,3,5
37915,1693226470961,1692254206719,1692254206722,1693226470969,8,3,5
37916,1693226470969,1692254206727,1692254206730,1693226470976,7,3,4
37917,1693226470976,1692254206734,1692254206737,1693226470984,8,3,5
37918,1693226470984,1692254206742,1692254206744,1693226470990,6,2,4
37919,1693226470990,1692254206748,1692254206751,1693226470997,7,3,4
37920,1693226470997,1692254206756,1692254206759,1693226471005,8,3,5
37921,1693226471006,1692254206764,1692254206766,1693226471012,6,2,4
37922,1693226471012,1692254206770,1692254206774,1693226471020,8,4,4
37923,1693226471020,1692254206778,1692254206782,1693226471029,9,4,5
37924,1693226471029,1692254206787,1692254206791,1693226471039,10,4,6
37925,1693226471039,1692254206797,1692254206801,1693226471048,9,4,5
37926,1693226471048,1692254206808,1692254206811,1693226471057,9,3,6
37927,1693226471057,1692254206815,1692254206818,1693226471065,8,3,5
37928,1693226471065,1692254206823,1692254206826,1693226471072,7,3,4
37929,1693226471072,1692254206830,1692254206833,1693226471079,7,3,4
37930,1693226471079,1692254206837,1692254206840,1693226471087,8,3,5
37931,1693226471087,1692254206845,1692254206848,1693226471094,7,3,4
37932,1693226471094,1692254206853,1692254206857,1693226471103,9,4,5
37933,1693226471103,1692254206861,1692254206864,1693226471111,8,3,5
37934,1693226471111,1692254206869,1692254206874,1693226471120,9,5,4
37935,1693226471120,1692254206878,1692254206882,1693226471128,8,4,4
37936,1693226471129,1692254206887,1692254206891,1693226471138,9,4,5
37937,1693226471138,1692254206897,1692254206900,1693226471147,9,3,6
37938,1693226471147,1692254206905,1692254206908,1693226471155,8,3,5
37939,1693226471155,1692254206915,1692254206918,1693226471165,10,3,7
37940,1693226471165,1692254206923,1692254206926,1693226471172,7,3,4
37941,1693226471172,1692254206930,1692254206933,1693226471179,7,3,4
37942,1693226471179,1692254206937,1692254206940,1693226471186,7,3,4
37943,1693226471186,1692254206944,1692254206948,1693226471194,8,4,4
37944,1693226471194,1692254206952,1692254206955,1693226471202,8,3,5
37945,1693226471202,1692254206960,1692254206963,1693226471209,7,3,4
37946,1693226471209,1692254206967,1692254206974,1693226471220,11,7,4
37947,1693226471220,1692254206978,1692254206982,1693226471228,8,4,4
37948,1693226471228,1692254206986,1692254206989,1693226471235,7,3,4
37949,1693226471235,1692254206993,1692254206996,1693226471243,8,3,5
37950,1693226471243,1692254207001,1692254207005,1693226471251,8,4,4
37951,1693226471251,1692254207009,1692254207012,1693226471258,7,3,4
37952,1693226471258,1692254207016,1692254207020,1693226471266,8,4,4
37953,1693226471266,1692254207031,1692254207034,1693226471280,14,3,11
37954,1693226471280,1692254207039,1692254207042,1693226471288,8,3,5
37955,1693226471288,1692254207046,1692254207049,1693226471295,7,3,4
37956,1693226471295,1692254207053,1692254207056,1693226471302,7,3,4
37957,1693226471302,1692254207060,1692254207063,1693226471309,7,3,4
37958,1693226471309,1692254207067,1692254207070,1693226471317,8,3,5
37959,1693226471317,1692254207075,1692254207078,1693226471324,7,3,4
37960,1693226471324,1692254207082,1692254207085,1693226471332,8,3,5
37961,1693226471332,1692254207090,1692254207093,1693226471339,7,3,4
37962,1693226471339,1692254207097,1692254207100,1693226471347,8,3,5
37963,1693226471347,1692254207105,1692254207109,1693226471355,8,4,4
37964,1693226471355,1692254207113,1692254207116,1693226471363,8,3,5
37965,1693226471363,1692254207121,1692254207125,1693226471371,8,4,4
37966,1693226471371,1692254207129,1692254207132,1693226471378,7,3,4
37967,1693226471378,1692254207136,1692254207139,1693226471385,7,3,4
37968,1693226471385,1692254207144,1692254207147,1693226471393,8,3,5
37969,1693226471393,1692254207151,1692254207154,1693226471400,7,3,4
37970,1693226471400,1692254207158,1692254207161,1693226471407,7,3,4
37971,1693226471407,1692254207166,1692254207170,1693226471416,9,4,5
37972,1693226471416,1692254207175,1692254207178,1693226471424,8,3,5
37973,1693226471424,1692254207182,1692254207186,1693226471432,8,4,4
37974,1693226471432,1692254207190,1692254207193,1693226471439,7,3,4
37975,1693226471439,1692254207198,1692254207201,1693226471448,9,3,6
37976,1693226471448,1692254207206,1692254207209,1693226471455,7,3,4
37977,1693226471455,1692254207214,1692254207217,1693226471463,8,3,5
37978,1693226471463,1692254207221,1692254207224,1693226471471,8,3,5
37979,1693226471471,1692254207235,1692254207238,1693226471484,13,3,10
37980,1693226471484,1692254207242,1692254207245,1693226471492,8,3,5
37981,1693226471492,1692254207250,1692254207253,1693226471499,7,3,4
37982,1693226471499,1692254207258,1692254207260,1693226471507,8,2,6
37983,1693226471507,1692254207265,1692254207270,1693226471516,9,5,4
37984,1693226471516,1692254207275,1692254207278,1693226471524,8,3,5
37985,1693226471525,1692254207284,1692254207286,1693226471533,8,2,6
37986,1693226471533,1692254207291,1692254207295,1693226471540,7,4,3
37987,1693226471541,1692254207298,1692254207302,1693226471550,9,4,5
37988,1693226471550,1692254207309,1692254207312,1693226471558,8,3,5
37989,1693226471558,1692254207317,1692254207320,1693226471567,9,3,6
37990,1693226471567,1692254207325,1692254207328,1693226471574,7,3,4
37991,1693226471574,1692254207332,1692254207335,1693226471582,8,3,5
37992,1693226471582,1692254207339,1692254207342,1693226471588,6,3,3
37993,1693226471588,1692254207347,1692254207350,1693226471596,8,3,5
37994,1693226471596,1692254207354,1692254207357,1693226471603,7,3,4
37995,1693226471603,1692254207362,1692254207365,1693226471612,9,3,6
37996,1693226471612,1692254207370,1692254207373,1693226471618,6,3,3
37997,1693226471618,1692254207376,1692254207379,1693226471625,7,3,4
37998,1693226471625,1692254207383,1692254207387,1693226471633,8,4,4
37999,1693226471633,1692254207391,1692254207394,1693226471640,7,3,4
38000,1693226471640,1692254207399,1692254207402,1693226471648,8,3,5
38001,1693226471648,1692254207408,1692254207411,1693226471657,9,3,6
38002,1693226471657,1692254207415,1692254207418,1693226471664,7,3,4
38003,1693226471664,1692254207423,1692254207426,1693226471672,8,3,5
38004,1693226471672,1692254207431,1692254207434,1693226471681,9,3,6
38005,1693226471681,1692254207439,1692254207442,1693226471688,7,3,4
38006,1693226471688,1692254207447,1692254207450,1693226471696,8,3,5
38007,1693226471696,1692254207455,1692254207458,1693226471705,9,3,6
38008,1693226471705,1692254207464,1692254207467,1693226471714,9,3,6
38009,1693226471714,1692254207471,1692254207474,1693226471721,7,3,4
38010,1693226471721,1692254207480,1692254207483,1693226471729,8,3,5
38011,1693226471730,1692254207488,1692254207491,1693226471738,8,3,5
38012,1693226471738,1692254207496,1692254207500,1693226471746,8,4,4
38013,1693226471746,1692254207505,1692254207508,1693226471755,9,3,6
38014,1693226471755,1692254207513,1692254207517,1693226471764,9,4,5
38015,1693226471764,1692254207522,1692254207525,1693226471772,8,3,5
38016,1693226471772,1692254207530,1692254207533,1693226471780,8,3,5
38017,1693226471780,1692254207538,1692254207540,1693226471787,7,2,5
38018,1693226471787,1692254207545,1692254207548,1693226471794,7,3,4
38019,1693226471794,1692254207552,1692254207555,1693226471801,7,3,4
38020,1693226471801,1692254207559,1692254207564,1693226471810,9,5,4
38021,1693226471811,1692254207569,1692254207572,1693226471818,7,3,4
38022,1693226471818,1692254207577,1692254207580,1693226471826,8,3,5
38023,1693226471826,1692254207584,1692254207587,1693226471833,7,3,4
38024,1693226471833,1692254207591,1692254207594,1693226471841,8,3,5
38025,1693226471841,1692254207598,1692254207602,1693226471848,7,4,3
38026,1693226471848,1692254207606,1692254207609,1693226471857,9,3,6
38027,1693226471857,1692254207616,1692254207619,1693226471865,8,3,5
38028,1693226471865,1692254207623,1692254207626,1693226471872,7,3,4
38029,1693226471872,1692254207632,1692254207636,1693226471882,10,4,6
38030,1693226471882,1692254207640,1692254207643,1693226471889,7,3,4
38031,1693226471889,1692254207648,1692254207651,1693226471897,8,3,5
38032,1693226471897,1692254207655,1692254207658,1693226471904,7,3,4
38033,1693226471904,1692254207663,1692254207666,1693226471912,8,3,5
38034,1693226471913,1692254207671,1692254207674,1693226471920,7,3,4
38035,1693226471920,1692254207678,1692254207682,1693226471929,9,4,5
38036,1693226471929,1692254207687,1692254207690,1693226471937,8,3,5
38037,1693226471937,1692254207695,1692254207698,1693226471944,7,3,4
38038,1693226471944,1692254207702,1692254207706,1693226471952,8,4,4
38039,1693226471952,1692254207711,1692254207714,1693226471960,8,3,5
38040,1693226471960,1692254207719,1692254207722,1693226471968,8,3,5
38041,1693226471968,1692254207726,1692254207729,1693226471975,7,3,4
38042,1693226471975,1692254207733,1692254207736,1693226471982,7,3,4
38043,1693226471982,1692254207740,1692254207744,1693226471990,8,4,4
38044,1693226471990,1692254207750,1692254207753,1693226472000,10,3,7
38045,1693226472000,1692254207758,1692254207760,1693226472006,6,2,4
38046,1693226472006,1692254207765,1692254207768,1693226472014,8,3,5
38047,1693226472014,1692254207773,1692254207776,1693226472022,8,3,5
38048,1693226472022,1692254207780,1692254207783,1693226472029,7,3,4
38049,1693226472029,1692254207787,1692254207790,1693226472037,8,3,5
38050,1693226472037,1692254207795,1692254207798,1693226472044,7,3,4
38051,1693226472044,1692254207802,1692254207805,1693226472052,8,3,5
38052,1693226472052,1692254207810,1692254207813,1693226472059,7,3,4
38053,1693226472059,1692254207818,1692254207822,1693226472068,9,4,5
38054,1693226472068,1692254207826,1692254207829,1693226472075,7,3,4
38055,1693226472075,1692254207833,1692254207836,1693226472082,7,3,4
38056,1693226472082,1692254207841,1692254207848,1693226472094,12,7,5
38057,1693226472094,1692254207853,1692254207856,1693226472103,9,3,6
38058,1693226472103,1692254207861,1692254207864,1693226472110,7,3,4
38059,1693226472110,1692254207868,1692254207871,1693226472117,7,3,4
38060,1693226472117,1692254207875,1692254207879,1693226472125,8,4,4
38061,1693226472125,1692254207883,1692254207887,1693226472133,8,4,4
38062,1693226472133,1692254207891,1692254207894,1693226472141,8,3,5
38063,1693226472141,1692254207899,1692254207902,1693226472149,8,3,5
38064,1693226472149,1692254207909,1692254207912,1693226472158,9,3,6
38065,1693226472158,1692254207916,1692254207921,1693226472168,10,5,5
38066,1693226472168,1692254207926,1692254207930,1693226472176,8,4,4
38067,1693226472176,1692254207934,1692254207937,1693226472183,7,3,4
38068,1693226472183,1692254207942,1692254207945,1693226472191,8,3,5
38069,1693226472191,1692254207949,1692254207952,1693226472198,7,3,4
38070,1693226472198,1692254207957,1692254207963,1693226472209,11,6,5
38071,1693226472209,1692254207967,1692254207970,1693226472216,7,3,4
38072,1693226472216,1692254207975,1692254207978,1693226472224,8,3,5
38073,1693226472224,1692254207983,1692254207986,1693226472232,8,3,5
38074,1693226472232,1692254207990,1692254207993,1693226472240,8,3,5
38075,1693226472240,1692254207998,1692254208001,1693226472248,8,3,5
38076,1693226472248,1692254208006,1692254208009,1693226472255,7,3,4
38077,1693226472255,1692254208014,1692254208018,1693226472264,9,4,5
38078,1693226472264,1692254208023,1692254208027,1693226472273,9,4,5
38079,1693226472273,1692254208030,1692254208033,1693226472280,7,3,4
38080,1693226472280,1692254208038,1692254208041,1693226472288,8,3,5
38081,1693226472288,1692254208046,1692254208049,1693226472296,8,3,5
38082,1693226472296,1692254208054,1692254208058,1693226472304,8,4,4
38083,1693226472304,1692254208063,1692254208066,1693226472312,8,3,5
38084,1693226472312,1692254208070,1692254208074,1693226472320,8,4,4
38085,1693226472320,1692254208078,1692254208081,1693226472327,7,3,4
38086,1693226472327,1692254208085,1692254208089,1693226472335,8,4,4
38087,1693226472335,1692254208095,1692254208098,1693226472345,10,3,7
38088,1693226472345,1692254208103,1692254208107,1693226472353,8,4,4
38089,1693226472353,1692254208111,1692254208114,1693226472375,22,3,19
38090,1693226472375,1692254208165,1692254208170,1693226472416,41,5,36
38091,1693226472416,1692254208179,1692254208182,1693226472430,14,3,11
38092,1693226472431,1692254208194,1692254208197,1693226472443,12,3,9
38093,1693226472443,1692254208202,1692254208206,1693226472452,9,4,5
38094,1693226472452,1692254208210,1692254208213,1693226472459,7,3,4
38095,1693226472459,1692254208217,1692254208221,1693226472467,8,4,4
38096,1693226472467,1692254208228,1692254208231,1693226472477,10,3,7
38097,1693226472477,1692254208235,1692254208239,1693226472485,8,4,4
38098,1693226472485,1692254208247,1692254208250,1693226472496,11,3,8
38099,1693226472496,1692254208254,1692254208257,1693226472504,8,3,5
38100,1693226472504,1692254208263,1692254208267,1693226472513,9,4,5
38101,1693226472513,1692254208271,1692254208274,1693226472521,8,3,5
38102,1693226472521,1692254208279,1692254208282,1693226472528,7,3,4
38103,1693226472528,1692254208287,1692254208289,1693226472535,7,2,5
38104,1693226472535,1692254208294,1692254208297,1693226472544,9,3,6
38105,1693226472544,1692254208301,1692254208304,1693226472551,7,3,4
38106,1693226472551,1692254208309,1692254208312,1693226472558,7,3,4
38107,1693226472558,1692254208316,1692254208319,1693226472565,7,3,4
38108,1693226472565,1692254208323,1692254208325,1693226472572,7,2,5
38109,1693226472572,1692254208331,1692254208334,1693226472580,8,3,5
38110,1693226472580,1692254208338,1692254208341,1693226472588,8,3,5
38111,1693226472588,1692254208346,1692254208349,1693226472596,8,3,5
38112,1693226472596,1692254208354,1692254208357,1693226472603,7,3,4
38113,1693226472603,1692254208361,1692254208365,1693226472611,8,4,4
38114,1693226472611,1692254208370,1692254208373,1693226472619,8,3,5
38115,1693226472619,1692254208377,1692254208380,1693226472626,7,3,4
38116,1693226472626,1692254208384,1692254208387,1693226472633,7,3,4
38117,1693226472633,1692254208392,1692254208395,1693226472641,8,3,5
38118,1693226472641,1692254208399,1692254208402,1693226472648,7,3,4
38119,1693226472648,1692254208406,1692254208409,1693226472655,7,3,4
38120,1693226472655,1692254208413,1692254208419,1693226472665,10,6,4
38121,1693226472665,1692254208423,1692254208427,1693226472673,8,4,4
38122,1693226472673,1692254208434,1692254208437,1693226472685,12,3,9
38123,1693226472685,1692254208443,1692254208445,1693226472691,6,2,4
38124,1693226472691,1692254208450,1692254208453,1693226472700,9,3,6
38125,1693226472700,1692254208458,1692254208464,1693226472711,11,6,5
38126,1693226472711,1692254208472,1692254208475,1693226472721,10,3,7
38127,1693226472721,1692254208480,1692254208483,1693226472730,9,3,6
38128,1693226472730,1692254208489,1692254208492,1693226472738,8,3,5
38129,1693226472738,1692254208496,1692254208500,1693226472746,8,4,4
38130,1693226472746,1692254208504,1692254208507,1693226472753,7,3,4
38131,1693226472753,1692254208511,1692254208514,1693226472760,7,3,4
38132,1693226472760,1692254208519,1692254208522,1693226472768,8,3,5
38133,1693226472768,1692254208527,1692254208531,1693226472779,11,4,7
38134,1693226472779,1692254208538,1692254208541,1693226472787,8,3,5
38135,1693226472787,1692254208545,1692254208548,1693226472794,7,3,4
38136,1693226472794,1692254208553,1692254208556,1693226472802,8,3,5
38137,1693226472802,1692254208561,1692254208564,1693226472810,8,3,5
38138,1693226472810,1692254208570,1692254208574,1693226472820,10,4,6
38139,1693226472820,1692254208578,1692254208581,1693226472827,7,3,4
38140,1693226472827,1692254208585,1692254208588,1693226472834,7,3,4
38141,1693226472834,1692254208593,1692254208596,1693226472842,8,3,5
38142,1693226472842,1692254208601,1692254208605,1693226472851,9,4,5
38143,1693226472851,1692254208609,1692254208613,1693226472859,8,4,4
38144,1693226472859,1692254208617,1692254208620,1693226472866,7,3,4
38145,1693226472866,1692254208624,1692254208627,1693226472874,8,3,5
38146,1693226472874,1692254208631,1692254208635,1693226472882,8,4,4
38147,1693226472882,1692254208640,1692254208643,1693226472890,8,3,5
38148,1693226472890,1692254208648,1692254208651,1693226472899,9,3,6
38149,1693226472899,1692254208660,1692254208664,1693226472910,11,4,7
38150,1693226472910,1692254208668,1692254208672,1693226472919,9,4,5
38151,1693226472919,1692254208677,1692254208680,1693226472926,7,3,4
38152,1693226472926,1692254208684,1692254208687,1693226472933,7,3,4
38153,1693226472933,1692254208692,1692254208695,1693226472941,8,3,5
38154,1693226472941,1692254208700,1692254208703,1693226472950,9,3,6
38155,1693226472950,1692254208708,1692254208712,1693226472958,8,4,4
38156,1693226472959,1692254208716,1692254208720,1693226472966,7,4,3
38157,1693226472966,1692254208725,1692254208728,1693226472974,8,3,5
38158,1693226472974,1692254208733,1692254208736,1693226472984,10,3,7
38159,1693226472984,1692254208742,1692254208746,1693226472992,8,4,4
38160,1693226472992,1692254208750,1692254208753,1693226473002,10,3,7
38161,1693226473002,1692254208760,1692254208764,1693226473010,8,4,4
38162,1693226473010,1692254208769,1692254208773,1693226473019,9,4,5
38163,1693226473019,1692254208777,1692254208782,1693226473028,9,5,4
38164,1693226473028,1692254208786,1692254208789,1693226473035,7,3,4
38165,1693226473035,1692254208793,1692254208796,1693226473043,8,3,5
38166,1693226473043,1692254208801,1692254208804,1693226473050,7,3,4
38167,1693226473050,1692254208808,1692254208812,1693226473058,8,4,4
38168,1693226473058,1692254208816,1692254208820,1693226473066,8,4,4
38169,1693226473066,1692254208824,1692254208827,1693226473073,7,3,4
38170,1693226473073,1692254208831,1692254208835,1693226473081,8,4,4
38171,1693226473081,1692254208842,1692254208846,1693226473092,11,4,7
38172,1693226473092,1692254208850,1692254208853,1693226473099,7,3,4
38173,1693226473099,1692254208857,1692254208861,1693226473107,8,4,4
38174,1693226473107,1692254208865,1692254208869,1693226473115,8,4,4
38175,1693226473115,1692254208873,1692254208875,1693226473121,6,2,4
38176,1693226473121,1692254208880,1692254208884,1693226473130,9,4,5
38177,1693226473130,1692254208888,1692254208892,1693226473138,8,4,4
38178,1693226473138,1692254208896,1692254208901,1693226473147,9,5,4
38179,1693226473147,1692254208905,1692254208908,1693226473154,7,3,4
38180,1693226473154,1692254208912,1692254208915,1693226473161,7,3,4
38181,1693226473161,1692254208919,1692254208922,1693226473168,7,3,4
38182,1693226473168,1692254208926,1692254208929,1693226473175,7,3,4
38183,1693226473175,1692254208934,1692254208937,1693226473183,8,3,5
38184,1693226473183,1692254208941,1692254208944,1693226473190,7,3,4
38185,1693226473190,1692254208948,1692254208952,1693226473198,8,4,4
38186,1693226473198,1692254208956,1692254208959,1693226473206,8,3,5
38187,1693226473206,1692254208965,1692254208968,1693226473214,8,3,5
38188,1693226473214,1692254208972,1692254208975,1693226473222,8,3,5
38189,1693226473222,1692254208980,1692254208983,1693226473230,8,3,5
38190,1693226473230,1692254208988,1692254208991,1693226473237,7,3,4
38191,1693226473237,1692254208995,1692254208998,1693226473244,7,3,4
38192,1693226473244,1692254209002,1692254209004,1693226473251,7,2,5
38193,1693226473251,1692254209009,1692254209012,1693226473258,7,3,4
38194,1693226473258,1692254209017,1692254209020,1693226473267,9,3,6
38195,1693226473267,1692254209025,1692254209029,1693226473275,8,4,4
38196,1693226473275,1692254209033,1692254209036,1693226473282,7,3,4
38197,1693226473282,1692254209040,1692254209044,1693226473291,9,4,5
38198,1693226473291,1692254209049,1692254209053,1693226473299,8,4,4
38199,1693226473299,1692254209057,1692254209061,1693226473307,8,4,4
38200,1693226473307,1692254209065,1692254209069,1693226473315,8,4,4
38201,1693226473315,1692254209072,1692254209076,1693226473322,7,4,3
38202,1693226473322,1692254209080,1692254209083,1693226473329,7,3,4
38203,1693226473329,1692254209087,1692254209090,1693226473336,7,3,4
38204,1693226473336,1692254209095,1692254209098,1693226473344,8,3,5
38205,1693226473344,1692254209102,1692254209106,1693226473352,8,4,4
38206,1693226473352,1692254209112,1692254209115,1693226473361,9,3,6
38207,1693226473361,1692254209119,1692254209122,1693226473373,12,3,9
38208,1693226473373,1692254209132,1692254209135,1693226473381,8,3,5
38209,1693226473381,1692254209139,1692254209143,1693226473389,8,4,4
38210,1693226473389,1692254209149,1692254209153,1693226473399,10,4,6
38211,1693226473399,1692254209157,1692254209160,1693226473407,8,3,5
38212,1693226473407,1692254209164,1692254209167,1693226473413,6,3,3
38213,1693226473413,1692254209171,1692254209174,1693226473421,8,3,5
38214,1693226473421,1692254209179,1692254209182,1693226473428,7,3,4
38215,1693226473428,1692254209187,1692254209189,1693226473436,8,2,6
38216,1693226473436,1692254209194,1692254209198,1693226473444,8,4,4
38217,1693226473444,1692254209203,1692254209207,1693226473453,9,4,5
38218,1693226473453,1692254209211,1692254209215,1693226473461,8,4,4
38219,1693226473461,1692254209219,1692254209222,1693226473468,7,3,4
38220,1693226473468,1692254209226,1692254209229,1693226473476,8,3,5
38221,1693226473476,1692254209234,1692254209237,1693226473484,8,3,5
38222,1693226473484,1692254209247,1692254209250,1693226473497,13,3,10
38223,1693226473497,1692254209255,1692254209258,1693226473505,8,3,5
38224,1693226473505,1692254209263,1692254209267,1693226473514,9,4,5
38225,1693226473514,1692254209272,1692254209275,1693226473521,7,3,4
38226,1693226473521,1692254209279,1692254209282,1693226473528,7,3,4
38227,1693226473528,1692254209287,1692254209291,1693226473537,9,4,5
38228,1693226473537,1692254209296,1692254209299,1693226473545,8,3,5
38229,1693226473545,1692254209303,1692254209307,1693226473553,8,4,4
38230,1693226473553,1692254209311,1692254209314,1693226473560,7,3,4
38231,1693226473560,1692254209318,1692254209322,1693226473568,8,4,4
38232,1693226473568,1692254209327,1692254209331,1693226473577,9,4,5
38233,1693226473577,1692254209335,1692254209339,1693226473585,8,4,4
38234,1693226473585,1692254209343,1692254209347,1693226473598,13,4,9
38235,1693226473598,1692254209356,1692254209359,1693226473605,7,3,4
38236,1693226473605,1692254209363,1692254209369,1693226473615,10,6,4
38237,1693226473615,1692254209373,1692254209376,1693226473623,8,3,5
38238,1693226473623,1692254209381,1692254209384,1693226473631,8,3,5
38239,1693226473631,1692254209389,1692254209394,1693226473640,9,5,4
38240,1693226473640,1692254209398,1692254209401,1693226473647,7,3,4
38241,1693226473647,1692254209405,1692254209407,1693226473654,7,2,5
38242,1693226473654,1692254209414,1692254209417,1693226473664,10,3,7
38243,1693226473664,1692254209422,1692254209424,1693226473670,6,2,4
38244,1693226473670,1692254209429,1692254209432,1693226473678,8,3,5
38245,1693226473678,1692254209436,1692254209439,1693226473685,7,3,4
38246,1693226473685,1692254209445,1692254209449,1693226473695,10,4,6
38247,1693226473695,1692254209453,1692254209456,1693226473702,7,3,4
38248,1693226473702,1692254209461,1692254209464,1693226473710,8,3,5
38249,1693226473710,1692254209468,1692254209472,1693226473719,9,4,5
38250,1693226473719,1692254209477,1692254209480,1693226473726,7,3,4
38251,1693226473726,1692254209485,1692254209487,1693226473733,7,2,5
38252,1693226473733,1692254209491,1692254209494,1693226473741,8,3,5
38253,1693226473741,1692254209499,1692254209502,1693226473749,8,3,5
38254,1693226473749,1692254209507,1692254209510,1693226473757,8,3,5
38255,1693226473757,1692254209515,1692254209519,1693226473765,8,4,4
38256,1693226473765,1692254209524,1692254209527,1693226473773,8,3,5
38257,1693226473773,1692254209532,1692254209535,1693226473781,8,3,5
38258,1693226473781,1692254209539,1692254209542,1693226473788,7,3,4
38259,1693226473788,1692254209546,1692254209549,1693226473795,7,3,4
38260,1693226473795,1692254209554,1692254209557,1693226473803,8,3,5
38261,1693226473803,1692254209561,1692254209565,1693226473811,8,4,4
38262,1693226473811,1692254209569,1692254209571,1693226473818,7,2,5
38263,1693226473818,1692254209576,1692254209580,1693226473826,8,4,4
38264,1693226473826,1692254209584,1692254209588,1693226473834,8,4,4
38265,1693226473834,1692254209593,1692254209596,1693226473842,8,3,5
38266,1693226473842,1692254209601,1692254209604,1693226473850,8,3,5
38267,1693226473850,1692254209608,1692254209611,1693226473857,7,3,4
38268,1693226473857,1692254209616,1692254209619,1693226473865,8,3,5
38269,1693226473865,1692254209623,1692254209626,1693226473872,7,3,4
38270,1693226473872,1692254209630,1692254209633,1693226473880,8,3,5
38271,1693226473880,1692254209638,1692254209641,1693226473887,7,3,4
38272,1693226473887,1692254209645,1692254209650,1693226473896,9,5,4
38273,1693226473896,1692254209654,1692254209657,1693226473905,9,3,6
38274,1693226473905,1692254209664,1692254209667,1693226473913,8,3,5
38275,1693226473913,1692254209671,1692254209675,1693226473923,10,4,6
38276,1693226473923,1692254209682,1692254209685,1693226473932,9,3,6
38277,1693226473932,1692254209690,1692254209693,1693226473939,7,3,4
38278,1693226473939,1692254209697,1692254209701,1693226473947,8,4,4
38279,1693226473947,1692254209706,1692254209709,1693226473956,9,3,6
38280,1693226473956,1692254209714,1692254209717,1693226473963,7,3,4
38281,1693226473963,1692254209721,1692254209724,1693226473970,7,3,4
38282,1693226473970,1692254209728,1692254209731,1693226473977,7,3,4
38283,1693226473977,1692254209735,1692254209737,1693226473983,6,2,4
38284,1693226473983,1692254209742,1692254209745,1693226473991,8,3,5
38285,1693226473991,1692254209750,1692254209754,1693226474000,9,4,5
38286,1693226474000,1692254209758,1692254209761,1693226474007,7,3,4
38287,1693226474007,1692254209765,1692254209768,1693226474014,7,3,4
38288,1693226474014,1692254209773,1692254209777,1693226474023,9,4,5
38289,1693226474024,1692254209782,1692254209785,1693226474031,7,3,4
38290,1693226474031,1692254209789,1692254209792,1693226474038,7,3,4
38291,1693226474038,1692254209797,1692254209800,1693226474046,8,3,5
38292,1693226474046,1692254209805,1692254209808,1693226474054,8,3,5
38293,1693226474054,1692254209812,1692254209815,1693226474061,7,3,4
38294,1693226474061,1692254209820,1692254209823,1693226474069,8,3,5
38295,1693226474069,1692254209827,1692254209830,1693226474076,7,3,4
38296,1693226474076,1692254209835,1692254209838,1693226474085,9,3,6
38297,1693226474085,1692254209843,1692254209845,1693226474091,6,2,4
38298,1693226474091,1692254209849,1692254209853,1693226474100,9,4,5
38299,1693226474100,1692254209857,1692254209860,1693226474107,7,3,4
38300,1693226474107,1692254209866,1692254209870,1693226474116,9,4,5
38301,1693226474116,1692254209874,1692254209877,1693226474123,7,3,4
38302,1693226474123,1692254209882,1692254209885,1693226474131,8,3,5
38303,1693226474131,1692254209889,1692254209892,1693226474138,7,3,4
38304,1693226474138,1692254209896,1692254209900,1693226474146,8,4,4
38305,1693226474146,1692254209904,1692254209907,1693226474153,7,3,4
38306,1693226474153,1692254209911,1692254209915,1693226474161,8,4,4
38307,1693226474161,1692254209919,1692254209923,1693226474169,8,4,4
38308,1693226474169,1692254209926,1692254209930,1693226474176,7,4,3
38309,1693226474176,1692254209934,1692254209938,1693226474185,9,4,5
38310,1693226474185,1692254209943,1692254209946,1693226474193,8,3,5
38311,1693226474193,1692254209951,1692254209954,1693226474200,7,3,4
38312,1693226474200,1692254209958,1692254209961,1693226474207,7,3,4
38313,1693226474207,1692254209965,1692254209968,1693226474214,7,3,4
38314,1693226474214,1692254209972,1692254209975,1693226474221,7,3,4
38315,1693226474221,1692254209979,1692254209982,1693226474227,6,3,3
38316,1693226474227,1692254209987,1692254209990,1693226474236,9,3,6
38317,1693226474236,1692254209995,1692254209998,1693226474244,8,3,5
38318,1693226474244,1692254210002,1692254210006,1693226474252,8,4,4
38319,1693226474252,1692254210010,1692254210014,1693226474260,8,4,4
38320,1693226474260,1692254210018,1692254210021,1693226474267,7,3,4
38321,1693226474267,1692254210027,1692254210032,1693226474278,11,5,6
38322,1693226474278,1692254210038,1692254210042,1693226474288,10,4,6
38323,1693226474288,1692254210046,1692254210050,1693226474296,8,4,4
38324,1693226474296,1692254210053,1692254210056,1693226474302,6,3,3
38325,1693226474302,1692254210061,1692254210064,1693226474310,8,3,5
38326,1693226474310,1692254210068,1692254210070,1693226474316,6,2,4
38327,1693226474316,1692254210075,1692254210079,1693226474324,8,4,4
38328,1693226474324,1692254210082,1692254210085,1693226474332,8,3,5
38329,1693226474332,1692254210090,1692254210093,1693226474339,7,3,4
38330,1693226474339,1692254210097,1692254210101,1693226474347,8,4,4
38331,1693226474347,1692254210105,1692254210109,1693226474355,8,4,4
38332,1693226474355,1692254210113,1692254210116,1693226474362,7,3,4
38333,1693226474362,1692254210121,1692254210124,1693226474370,8,3,5
38334,1693226474370,1692254210128,1692254210131,1693226474377,7,3,4
38335,1693226474377,1692254210135,1692254210138,1693226474384,7,3,4
38336,1693226474384,1692254210141,1692254210144,1693226474391,7,3,4
38337,1693226474391,1692254210149,1692254210152,1693226474398,7,3,4
38338,1693226474398,1692254210156,1692254210159,1693226474406,8,3,5
38339,1693226474406,1692254210164,1692254210167,1693226474413,7,3,4
38340,1693226474413,1692254210175,1692254210182,1693226474428,15,7,8
38341,1693226474428,1692254210186,1692254210189,1693226474435,7,3,4
38342,1693226474435,1692254210194,1692254210197,1693226474443,8,3,5
38343,1693226474443,1692254210201,1692254210205,1693226474451,8,4,4
38344,1693226474451,1692254210210,1692254210214,1693226474460,9,4,5
38345,1693226474460,1692254210218,1692254210221,1693226474467,7,3,4
38346,1693226474467,1692254210225,1692254210228,1693226474473,6,3,3
38347,1693226474473,1692254210232,1692254210235,1693226474481,8,3,5
38348,1693226474481,1692254210239,1692254210242,1693226474488,7,3,4
38349,1693226474488,1692254210246,1692254210250,1693226474497,9,4,5
38350,1693226474497,1692254210255,1692254210258,1693226474504,7,3,4
38351,1693226474504,1692254210263,1692254210266,1693226474512,8,3,5
38352,1693226474512,1692254210270,1692254210273,1693226474522,10,3,7
38353,1693226474522,1692254210284,1692254210287,1693226474537,15,3,12
38354,1693226474537,1692254210295,1692254210299,1693226474625,88,4,84
38355,1693226474625,1692254210383,1692254210386,1693226474633,8,3,5
38356,1693226474633,1692254210391,1692254210395,1693226474641,8,4,4
38357,1693226474641,1692254210400,1692254210402,1693226474649,8,2,6
38358,1693226474649,1692254210407,1692254210410,1693226474656,7,3,4
38359,1693226474656,1692254210415,1692254210417,1693226474663,7,2,5
38360,1693226474663,1692254210421,1692254210425,1693226474671,8,4,4
38361,1693226474671,1692254210430,1692254210433,1693226474679,8,3,5
38362,1693226474679,1692254210437,1692254210441,1693226474687,8,4,4
38363,1693226474687,1692254210445,1692254210449,1693226474695,8,4,4
38364,1693226474695,1692254210453,1692254210457,1693226474703,8,4,4
38365,1693226474703,1692254210461,1692254210464,1693226474710,7,3,4
38366,1693226474710,1692254210468,1692254210471,1693226474717,7,3,4
38367,1693226474717,1692254210475,1692254210479,1693226474725,8,4,4
38368,1693226474725,1692254210482,1692254210486,1693226474732,7,4,3
38369,1693226474732,1692254210490,1692254210493,1693226474741,9,3,6
38370,1693226474741,1692254210499,1692254210502,1693226474748,7,3,4
38371,1693226474748,1692254210506,1692254210508,1693226474754,6,2,4
38372,1693226474755,1692254210513,1692254210517,1693226474763,8,4,4
38373,1693226474763,1692254210521,1692254210524,1693226474770,7,3,4
38374,1693226474770,1692254210528,1692254210531,1693226474777,7,3,4
38375,1693226474777,1692254210535,1692254210538,1693226474784,7,3,4
38376,1693226474784,1692254210543,1692254210547,1693226474793,9,4,5
38377,1693226474793,1692254210551,1692254210554,1693226474800,7,3,4
38378,1693226474800,1692254210558,1692254210561,1693226474807,7,3,4
38379,1693226474807,1692254210565,1692254210569,1693226474815,8,4,4
38380,1693226474815,1692254210573,1692254210577,1693226474823,8,4,4
38381,1693226474823,1692254210583,1692254210588,1693226474835,12,5,7
38382,1693226474835,1692254210593,1692254210597,1693226474843,8,4,4
38383,1693226474843,1692254210601,1692254210604,1693226474850,7,3,4
38384,1693226474850,1692254210609,1692254210612,1693226474858,8,3,5
38385,1693226474858,1692254210616,1692254210619,1693226474866,8,3,5
38386,1693226474866,1692254210624,1692254210626,1693226474933,67,2,65
38387,1693226474933,1692254210691,1692254210694,1693226474941,8,3,5
38388,1693226474941,1692254210699,1692254210702,1693226474948,7,3,4
38389,1693226474948,1692254210706,1692254210709,1693226474956,8,3,5
38390,1693226474956,1692254210714,1692254210717,1693226474964,8,3,5
38391,1693226474964,1692254210722,1692254210725,1693226474971,7,3,4
38392,1693226474971,1692254210730,1692254210733,1693226474979,8,3,5
38393,1693226474979,1692254210738,1692254210741,1693226474987,8,3,5
38394,1693226474987,1692254210745,1692254210749,1693226474995,8,4,4
38395,1693226474995,1692254210753,1692254210757,1693226475003,8,4,4
38396,1693226475003,1692254210761,1692254210765,1693226475011,8,4,4
38397,1693226475011,1692254210769,1692254210774,1693226475021,10,5,5
38398,1693226475021,1692254210779,1692254210782,1693226475028,7,3,4
38399,1693226475028,1692254210788,1692254210791,1693226475037,9,3,6
38400,1693226475037,1692254210795,1692254210798,1693226475044,7,3,4
38401,1693226475044,1692254210803,1692254210806,1693226475052,8,3,5
38402,1693226475052,1692254210810,1692254210813,1693226475059,7,3,4
38403,1693226475059,1692254210818,1692254210821,1693226475067,8,3,5
38404,1693226475067,1692254210826,1692254210829,1693226475075,8,3,5
38405,1693226475076,1692254210834,1692254210837,1693226475084,8,3,5
38406,1693226475084,1692254210842,1692254210846,1693226475093,9,4,5
38407,1693226475093,1692254210851,1692254210854,1693226475101,8,3,5
38408,1693226475101,1692254210859,1692254210862,1693226475109,8,3,5
38409,1693226475109,1692254210867,1692254210870,1693226475116,7,3,4
38410,1693226475116,1692254210875,1692254210878,1693226475125,9,3,6
38411,1693226475125,1692254210883,1692254210886,1693226475134,9,3,6
38412,1693226475134,1692254210892,1692254210895,1693226475141,7,3,4
38413,1693226475141,1692254210899,1692254210902,1693226475149,8,3,5
38414,1693226475149,1692254210907,1692254210910,1693226475156,7,3,4
38415,1693226475156,1692254210915,1692254210919,1693226475165,9,4,5
38416,1693226475165,1692254210923,1692254210926,1693226475172,7,3,4
38417,1693226475172,1692254210931,1692254210936,1693226475182,10,5,5
38418,1693226475182,1692254210940,1692254210945,1693226475191,9,5,4
38419,1693226475191,1692254210949,1692254210953,1693226475200,9,4,5
38420,1693226475200,1692254210958,1692254210962,1693226475208,8,4,4
38421,1693226475208,1692254210966,1692254210970,1693226475216,8,4,4
38422,1693226475216,1692254210975,1692254210978,1693226475224,8,3,5
38423,1693226475224,1692254210982,1692254210985,1693226475232,8,3,5
38424,1693226475232,1692254210992,1692254210996,1693226475242,10,4,6
38425,1693226475242,1692254211000,1692254211004,1693226475250,8,4,4
38426,1693226475250,1692254211008,1692254211012,1693226475258,8,4,4
38427,1693226475258,1692254211026,1692254211029,1693226475275,17,3,14
38428,1693226475275,1692254211034,1692254211037,1693226475284,9,3,6
38429,1693226475284,1692254211042,1692254211045,1693226475291,7,3,4
38430,1693226475291,1692254211049,1692254211053,1693226475299,8,4,4
38431,1693226475299,1692254211058,1692254211062,1693226475309,10,4,6
38432,1693226475309,1692254211066,1692254211070,1693226475316,7,4,3
38433,1693226475316,1692254211075,1692254211077,1693226475323,7,2,5
38434,1693226475323,1692254211081,1692254211085,1693226475331,8,4,4
38435,1693226475331,1692254211089,1692254211092,1693226475339,8,3,5
38436,1693226475339,1692254211097,1692254211100,1693226475346,7,3,4
38437,1693226475346,1692254211104,1692254211108,1693226475355,9,4,5
38438,1693226475355,1692254211113,1692254211116,1693226475363,8,3,5
38439,1693226475363,1692254211121,1692254211124,1693226475371,8,3,5
38440,1693226475371,1692254211129,1692254211132,1693226475378,7,3,4
38441,1693226475378,1692254211137,1692254211140,1693226475386,8,3,5
38442,1693226475386,1692254211144,1692254211147,1693226475393,7,3,4
38443,1693226475393,1692254211151,1692254211154,1693226475400,7,3,4
38444,1693226475401,1692254211159,1692254211162,1693226475408,7,3,4
38445,1693226475408,1692254211166,1692254211170,1693226475416,8,4,4
38446,1693226475416,1692254211174,1692254211177,1693226475423,7,3,4
38447,1693226475423,1692254211181,1692254211184,1693226475430,7,3,4
38448,1693226475430,1692254211188,1692254211192,1693226475438,8,4,4
38449,1693226475438,1692254211198,1692254211202,1693226475448,10,4,6
38450,1693226475448,1692254211206,1692254211209,1693226475455,7,3,4
38451,1693226475455,1692254211213,1692254211217,1693226475463,8,4,4
38452,1693226475463,1692254211221,1692254211224,1693226475471,8,3,5
38453,1693226475471,1692254211230,1692254211233,1693226475479,8,3,5
38454,1693226475479,1692254211237,1692254211242,1693226475489,10,5,5
38455,1693226475489,1692254211247,1692254211251,1693226475497,8,4,4
38456,1693226475497,1692254211259,1692254211262,1693226475508,11,3,8
38457,1693226475508,1692254211268,1692254211271,1693226475517,9,3,6
38458,1693226475517,1692254211276,1692254211280,1693226475527,10,4,6
38459,1693226475527,1692254211288,1692254211292,1693226475538,11,4,7
38460,1693226475538,1692254211296,1692254211300,1693226475546,8,4,4
38461,1693226475546,1692254211304,1692254211307,1693226475553,7,3,4
38462,1693226475553,1692254211311,1692254211314,1693226475561,8,3,5
38463,1693226475561,1692254211320,1692254211323,1693226475569,8,3,5
38464,1693226475569,1692254211327,1692254211330,1693226475577,8,3,5
38465,1693226475577,1692254211335,1692254211339,1693226475585,8,4,4
38466,1693226475585,1692254211343,1692254211346,1693226475592,7,3,4
38467,1693226475592,1692254211352,1692254211356,1693226475603,11,4,7
38468,1693226475603,1692254211361,1692254211364,1693226475610,7,3,4
38469,1693226475610,1692254211368,1692254211372,1693226475618,8,4,4
38470,1693226475618,1692254211376,1692254211380,1693226475626,8,4,4
38471,1693226475626,1692254211384,1692254211387,1693226475633,7,3,4
38472,1693226475633,1692254211391,1692254211395,1693226475641,8,4,4
38473,1693226475641,1692254211399,1692254211403,1693226475649,8,4,4
38474,1693226475649,1692254211407,1692254211410,1693226475656,7,3,4
38475,1693226475656,1692254211415,1692254211417,1693226475664,8,2,6
38476,1693226475664,1692254211422,1692254211425,1693226475671,7,3,4
38477,1693226475671,1692254211428,1692254211431,1693226475677,6,3,3
38478,1693226475677,1692254211436,1692254211439,1693226475685,8,3,5
38479,1693226475685,1692254211443,1692254211446,1693226475692,7,3,4
38480,1693226475692,1692254211450,1692254211454,1693226475700,8,4,4
38481,1693226475700,1692254211458,1692254211461,1693226475707,7,3,4
38482,1693226475707,1692254211465,1692254211468,1693226475715,8,3,5
38483,1693226475715,1692254211472,1692254211475,1693226475721,6,3,3
38484,1693226475721,1692254211480,1692254211483,1693226475729,8,3,5
38485,1693226475729,1692254211487,1692254211490,1693226475737,8,3,5
38486,1693226475737,1692254211495,1692254211498,1693226475744,7,3,4
38487,1693226475744,1692254211505,1692254211508,1693226475754,10,3,7
38488,1693226475754,1692254211512,1692254211515,1693226475762,8,3,5
38489,1693226475762,1692254211520,1692254211523,1693226475769,7,3,4
38490,1693226475769,1692254211528,1692254211531,1693226475777,8,3,5
38491,1693226475777,1692254211536,1692254211540,1693226475786,9,4,5
38492,1693226475786,1692254211545,1692254211548,1693226475794,8,3,5
38493,1693226475794,1692254211552,1692254211554,1693226475801,7,2,5
38494,1693226475801,1692254211559,1692254211562,1693226475809,8,3,5
38495,1693226475809,1692254211566,1692254211569,1693226475815,6,3,3
38496,1693226475815,1692254211573,1692254211577,1693226475823,8,4,4
38497,1693226475823,1692254211581,1692254211584,1693226475831,8,3,5
38498,1693226475831,1692254211590,1692254211593,1693226475839,8,3,5
38499,1693226475839,1692254211598,1692254211601,1693226475847,8,3,5
38500,1693226475847,1692254211607,1692254211611,1693226475857,10,4,6
38501,1693226475857,1692254211615,1692254211618,1693226475865,8,3,5
38502,1693226475865,1692254211623,1692254211626,1693226475872,7,3,4
38503,1693226475872,1692254211629,1692254211633,1693226475879,7,4,3
38504,1693226475879,1692254211638,1692254211641,1693226475888,9,3,6
38505,1693226475888,1692254211646,1692254211649,1693226475895,7,3,4
38506,1693226475895,1692254211653,1692254211656,1693226475902,7,3,4
38507,1693226475902,1692254211660,1692254211664,1693226475910,8,4,4
38508,1693226475910,1692254211668,1692254211671,1693226475917,7,3,4
38509,1693226475917,1692254211675,1692254211678,1693226475924,7,3,4
38510,1693226475924,1692254211683,1692254211686,1693226475932,8,3,5
38511,1693226475932,1692254211690,1692254211694,1693226475940,8,4,4
38512,1693226475940,1692254211698,1692254211702,1693226475948,8,4,4
38513,1693226475948,1692254211709,1692254211712,1693226475958,10,3,7
38514,1693226475958,1692254211716,1692254211719,1693226475965,7,3,4
38515,1693226475965,1692254211723,1692254211727,1693226475973,8,4,4
38516,1693226475973,1692254211732,1692254211736,1693226475982,9,4,5
38517,1693226475982,1692254211740,1692254211744,1693226475990,8,4,4
38518,1693226475990,1692254211749,1692254211752,1693226475998,8,3,5
38519,1693226475998,1692254211756,1692254211759,1693226476006,8,3,5
38520,1693226476006,1692254211764,1692254211767,1693226476013,7,3,4
38521,1693226476013,1692254211772,1692254211775,1693226476021,8,3,5
38522,1693226476022,1692254211780,1692254211783,1693226476029,7,3,4
38523,1693226476029,1692254211787,1692254211791,1693226476037,8,4,4
38524,1693226476037,1692254211796,1692254211799,1693226476045,8,3,5
38525,1693226476045,1692254211804,1692254211807,1693226476056,11,3,8
38526,1693226476056,1692254211815,1692254211818,1693226476064,8,3,5
38527,1693226476064,1692254211823,1692254211826,1693226476073,9,3,6
38528,1693226476073,1692254211831,1692254211836,1693226476082,9,5,4
38529,1693226476082,1692254211841,1692254211844,1693226476090,8,3,5
38530,1693226476090,1692254211848,1692254211851,1693226476098,8,3,5
38531,1693226476098,1692254211856,1692254211859,1693226476105,7,3,4
38532,1693226476105,1692254211863,1692254211866,1693226476112,7,3,4
38533,1693226476113,1692254211871,1692254211874,1693226476120,7,3,4
38534,1693226476120,1692254211878,1692254211881,1693226476127,7,3,4
38535,1693226476127,1692254211885,1692254211889,1693226476135,8,4,4
38536,1693226476135,1692254211893,1692254211896,1693226476142,7,3,4
38537,1693226476142,1692254211906,1692254211909,1693226476158,16,3,13
38538,1693226476158,1692254211916,1692254211920,1693226476166,8,4,4
38539,1693226476166,1692254211923,1692254211927,1693226476173,7,4,3
38540,1693226476173,1692254211932,1692254211935,1693226476181,8,3,5
38541,1693226476182,1692254211940,1692254211944,1693226476190,8,4,4
38542,1693226476190,1692254211949,1692254211952,1693226476198,8,3,5
38543,1693226476198,1692254211957,1692254211961,1693226476207,9,4,5
38544,1693226476207,1692254211964,1692254211967,1693226476214,7,3,4
38545,1693226476214,1692254211972,1692254211975,1693226476221,7,3,4
38546,1693226476221,1692254211980,1692254211984,1693226476230,9,4,5
38547,1693226476230,1692254211988,1692254211991,1693226476237,7,3,4
38548,1693226476237,1692254211995,1692254211999,1693226476245,8,4,4
38549,1693226476245,1692254212003,1692254212006,1693226476252,7,3,4
38550,1693226476252,1692254212010,1692254212013,1693226476260,8,3,5
38551,1693226476260,1692254212018,1692254212021,1693226476268,8,3,5
38552,1693226476268,1692254212026,1692254212029,1693226476275,7,3,4
38553,1693226476275,1692254212034,1692254212037,1693226476284,9,3,6
38554,1693226476284,1692254212042,1692254212045,1693226476291,7,3,4
38555,1693226476291,1692254212049,1692254212052,1693226476298,7,3,4
38556,1693226476298,1692254212056,1692254212059,1693226476305,7,3,4
38557,1693226476305,1692254212064,1692254212067,1693226476313,8,3,5
38558,1693226476313,1692254212071,1692254212074,1693226476321,8,3,5
38559,1693226476321,1692254212079,1692254212083,1693226476329,8,4,4
38560,1693226476329,1692254212087,1692254212090,1693226476336,7,3,4
38561,1693226476336,1692254212095,1692254212098,1693226476344,8,3,5
38562,1693226476344,1692254212102,1692254212105,1693226476352,8,3,5
38563,1693226476352,1692254212110,1692254212113,1693226476359,7,3,4
38564,1693226476359,1692254212119,1692254212121,1693226476367,8,2,6
38565,1693226476367,1692254212125,1692254212130,1693226476376,9,5,4
38566,1693226476376,1692254212134,1692254212137,1693226476383,7,3,4
38567,1693226476383,1692254212141,1692254212144,1693226476390,7,3,4
38568,1693226476390,1692254212149,1692254212152,1693226476398,8,3,5
38569,1693226476398,1692254212156,1692254212160,1693226476406,8,4,4
38570,1693226476406,1692254212165,1692254212168,1693226476414,8,3,5
38571,1693226476414,1692254212172,1692254212175,1693226476421,7,3,4
38572,1693226476421,1692254212179,1692254212181,1693226476427,6,2,4
38573,1693226476427,1692254212185,1692254212189,1693226476435,8,4,4
38574,1693226476435,1692254212193,1692254212197,1693226476443,8,4,4
38575,1693226476443,1692254212201,1692254212205,1693226476451,8,4,4
38576,1693226476451,1692254212209,1692254212212,1693226476458,7,3,4
38577,1693226476458,1692254212216,1692254212220,1693226476466,8,4,4
38578,1693226476466,1692254212224,1692254212228,1693226476474,8,4,4
38579,1693226476474,1692254212231,1692254212235,1693226476481,7,4,3
38580,1693226476481,1692254212240,1692254212244,1693226476490,9,4,5
38581,1693226476490,1692254212248,1692254212251,1693226476497,7,3,4
38582,1693226476497,1692254212255,1692254212258,1693226476509,12,3,9
38583,1693226476509,1692254212267,1692254212271,1693226476517,8,4,4
38584,1693226476517,1692254212275,1692254212278,1693226476524,7,3,4
38585,1693226476524,1692254212282,1692254212284,1693226476530,6,2,4
38586,1693226476530,1692254212288,1692254212290,1693226476536,6,2,4
38587,1693226476536,1692254212294,1692254212297,1693226476543,7,3,4
38588,1693226476543,1692254212302,1692254212305,1693226476551,8,3,5
38589,1693226476551,1692254212310,1692254212313,1693226476559,8,3,5
38590,1693226476559,1692254212318,1692254212321,1693226476567,8,3,5
38591,1693226476567,1692254212330,1692254212334,1693226476581,14,4,10
38592,1693226476581,1692254212338,1692254212341,1693226476587,6,3,3
38593,1693226476587,1692254212345,1692254212348,1693226476595,8,3,5
38594,1693226476595,1692254212353,1692254212356,1693226476603,8,3,5
38595,1693226476603,1692254212361,1692254212364,1693226476610,7,3,4
38596,1693226476610,1692254212369,1692254212372,1693226476618,8,3,5
38597,1693226476618,1692254212376,1692254212380,1693226476626,8,4,4
38598,1693226476626,1692254212384,1692254212387,1693226476633,7,3,4
38599,1693226476633,1692254212391,1692254212394,1693226476640,7,3,4
38600,1693226476640,1692254212398,1692254212402,1693226476649,9,4,5
38601,1693226476649,1692254212407,1692254212410,1693226476656,7,3,4
38602,1693226476656,1692254212415,1692254212419,1693226476665,9,4,5
38603,1693226476665,1692254212423,1692254212426,1693226476672,7,3,4
38604,1693226476672,1692254212430,1692254212434,1693226476680,8,4,4
38605,1693226476680,1692254212439,1692254212441,1693226476688,8,2,6
38606,1693226476688,1692254212446,1692254212450,1693226476696,8,4,4
38607,1693226476696,1692254212455,1692254212458,1693226476705,9,3,6
38608,1693226476705,1692254212463,1692254212466,1693226476712,7,3,4
38609,1693226476712,1692254212471,1692254212474,1693226476720,8,3,5
38610,1693226476720,1692254212478,1692254212482,1693226476728,8,4,4
38611,1693226476728,1692254212486,1692254212490,1693226476736,8,4,4
38612,1693226476736,1692254212495,1692254212499,1693226476745,9,4,5
38613,1693226476745,1692254212503,1692254212506,1693226476752,7,3,4
38614,1693226476752,1692254212510,1692254212512,1693226476758,6,2,4
38615,1693226476759,1692254212517,1692254212519,1693226476766,7,2,5
38616,1693226476766,1692254212524,1692254212527,1693226476774,8,3,5
38617,1693226476774,1692254212535,1692254212539,1693226476785,11,4,7
38618,1693226476785,1692254212543,1692254212547,1693226476793,8,4,4
38619,1693226476793,1692254212551,1692254212554,1693226476800,7,3,4
38620,1693226476800,1692254212558,1692254212561,1693226476808,8,3,5
38621,1693226476808,1692254212567,1692254212571,1693226476817,9,4,5
38622,1693226476817,1692254212576,1692254212579,1693226476825,8,3,5
38623,1693226476825,1692254212583,1692254212586,1693226476833,8,3,5
38624,1693226476833,1692254212591,1692254212595,1693226476841,8,4,4
38625,1693226476841,1692254212600,1692254212604,1693226476850,9,4,5
38626,1693226476850,1692254212609,1692254212612,1693226476858,8,3,5
38627,1693226476858,1692254212616,1692254212620,1693226476866,8,4,4
38628,1693226476866,1692254212624,1692254212627,1693226476875,9,3,6
38629,1693226476875,1692254212632,1692254212636,1693226476883,8,4,4
38630,1693226476883,1692254212641,1692254212644,1693226476891,8,3,5
38631,1693226476891,1692254212649,1692254212653,1693226476899,8,4,4
38632,1693226476899,1692254212657,1692254212660,1693226476906,7,3,4
38633,1693226476906,1692254212664,1692254212667,1693226476913,7,3,4
38634,1693226476913,1692254212671,1692254212674,1693226476920,7,3,4
38635,1693226476920,1692254212678,1692254212682,1693226476928,8,4,4
38636,1693226476928,1692254212687,1692254212689,1693226476936,8,2,6
38637,1693226476936,1692254212695,1692254212698,1693226476945,9,3,6
38638,1693226476945,1692254212703,1692254212706,1693226476952,7,3,4
38639,1693226476952,1692254212710,1692254212714,1693226476960,8,4,4
38640,1693226476960,1692254212718,1692254212721,1693226476967,7,3,4
38641,1693226476967,1692254212725,1692254212729,1693226476977,10,4,6
38642,1693226476977,1692254212735,1692254212739,1693226476985,8,4,4
38643,1693226476985,1692254212743,1692254212746,1693226476992,7,3,4
38644,1693226476992,1692254212750,1692254212752,1693226476999,7,2,5
38645,1693226476999,1692254212757,1692254212760,1693226477007,8,3,5
38646,1693226477007,1692254212765,1692254212769,1693226477015,8,4,4
38647,1693226477015,1692254212773,1692254212776,1693226477023,8,3,5
38648,1693226477023,1692254212781,1692254212784,1693226477030,7,3,4
38649,1693226477030,1692254212788,1692254212791,1693226477037,7,3,4
38650,1693226477037,1692254212796,1692254212800,1693226477046,9,4,5
38651,1693226477046,1692254212804,1692254212807,1693226477053,7,3,4
38652,1693226477053,1692254212811,1692254212814,1693226477060,7,3,4
38653,1693226477060,1692254212818,1692254212822,1693226477068,8,4,4
38654,1693226477068,1692254212827,1692254212830,1693226477076,8,3,5
38655,1693226477076,1692254212836,1692254212839,1693226477085,9,3,6
38656,1693226477085,1692254212843,1692254212846,1693226477092,7,3,4
38657,1693226477092,1692254212851,1692254212854,1693226477100,8,3,5
38658,1693226477100,1692254212859,1692254212862,1693226477108,8,3,5
38659,1693226477108,1692254212866,1692254212869,1693226477115,7,3,4
38660,1693226477115,1692254212873,1692254212877,1693226477123,8,4,4
38661,1693226477123,1692254212881,1692254212884,1693226477130,7,3,4
38662,1693226477130,1692254212888,1692254212893,1693226477139,9,5,4
38663,1693226477139,1692254212898,1692254212901,1693226477147,8,3,5
38664,1693226477147,1692254212905,1692254212909,1693226477155,8,4,4
38665,1693226477155,1692254212913,1692254212916,1693226477163,8,3,5
38666,1693226477163,1692254212921,1692254212924,1693226477170,7,3,4
38667,1693226477170,1692254212928,1692254212931,1693226477178,8,3,5
38668,1693226477178,1692254212938,1692254212941,1693226477188,10,3,7
38669,1693226477188,1692254212946,1692254212949,1693226477195,7,3,4
38670,1693226477195,1692254212953,1692254212956,1693226477202,7,3,4
38671,1693226477202,1692254212960,1692254212963,1693226477209,7,3,4
38672,1693226477209,1692254212969,1692254212972,1693226477218,9,3,6
38673,1693226477218,1692254212977,1692254212980,1693226477226,8,3,5
38674,1693226477226,1692254212984,1692254212987,1693226477233,7,3,4
38675,1693226477233,1692254212991,1692254212994,1693226477241,8,3,5
38676,1693226477241,1692254212999,1692254213004,1693226477250,9,5,4
38677,1693226477250,1692254213009,1692254213012,1693226477258,8,3,5
38678,1693226477258,1692254213017,1692254213021,1693226477267,9,4,5
38679,1693226477267,1692254213025,1692254213028,1693226477274,7,3,4
38680,1693226477274,1692254213033,1692254213036,1693226477285,11,3,8
38681,1693226477285,1692254213043,1692254213046,1693226477292,7,3,4
38682,1693226477292,1692254213051,1692254213055,1693226477301,9,4,5
38683,1693226477301,1692254213059,1692254213062,1693226477308,7,3,4
38684,1693226477309,1692254213067,1692254213070,1693226477316,7,3,4
38685,1693226477316,1692254213074,1692254213077,1693226477324,8,3,5
38686,1693226477324,1692254213082,1692254213086,1693226477332,8,4,4
38687,1693226477332,1692254213090,1692254213093,1693226477339,7,3,4
38688,1693226477339,1692254213098,1692254213101,1693226477348,9,3,6
38689,1693226477348,1692254213107,1692254213111,1693226477357,9,4,5
38690,1693226477357,1692254213115,1692254213118,1693226477364,7,3,4
38691,1693226477364,1692254213123,1692254213126,1693226477373,9,3,6
38692,1693226477373,1692254213131,1692254213135,1693226477381,8,4,4
38693,1693226477381,1692254213139,1692254213143,1693226477389,8,4,4
38694,1693226477389,1692254213147,1692254213149,1693226477395,6,2,4
38695,1693226477396,1692254213155,1692254213158,1693226477405,9,3,6
38696,1693226477405,1692254213163,1692254213166,1693226477412,7,3,4
38697,1693226477412,1692254213170,1692254213173,1693226477419,7,3,4
38698,1693226477419,1692254213177,1692254213181,1693226477427,8,4,4
38699,1693226477427,1692254213186,1692254213189,1693226477435,8,3,5
38700,1693226477435,1692254213193,1692254213196,1693226477442,7,3,4
38701,1693226477442,1692254213200,1692254213202,1693226477448,6,2,4
38702,1693226477448,1692254213207,1692254213210,1693226477456,8,3,5
38703,1693226477456,1692254213214,1692254213218,1693226477464,8,4,4
38704,1693226477464,1692254213222,1692254213225,1693226477471,7,3,4
38705,1693226477471,1692254213229,1692254213232,1693226477478,7,3,4
38706,1693226477478,1692254213236,1692254213239,1693226477485,7,3,4
38707,1693226477485,1692254213247,1692254213250,1693226477496,11,3,8
38708,1693226477496,1692254213255,1692254213259,1693226477506,10,4,6
38709,1693226477506,1692254213264,1692254213268,1693226477514,8,4,4
38710,1693226477515,1692254213273,1692254213276,1693226477522,7,3,4
38711,1693226477522,1692254213280,1692254213283,1693226477529,7,3,4
38712,1693226477529,1692254213287,1692254213290,1693226477536,7,3,4
38713,1693226477536,1692254213295,1692254213300,1693226477546,10,5,5
38714,1693226477546,1692254213304,1692254213307,1693226477554,8,3,5
38715,1693226477554,1692254213312,1692254213316,1693226477561,7,4,3
38716,1693226477561,1692254213319,1692254213322,1693226477568,7,3,4
38717,1693226477569,1692254213327,1692254213329,1693226477575,6,2,4
38718,1693226477576,1692254213333,1692254213337,1693226477583,7,4,3
38719,1693226477583,1692254213342,1692254213345,1693226477592,9,3,6
38720,1693226477592,1692254213350,1692254213354,1693226477600,8,4,4
38721,1693226477600,1692254213358,1692254213361,1693226477607,7,3,4
38722,1693226477607,1692254213366,1692254213369,1693226477615,8,3,5
38723,1693226477615,1692254213373,1692254213376,1693226477622,7,3,4
38724,1693226477622,1692254213381,1692254213385,1693226477631,9,4,5
38725,1693226477631,1692254213389,1692254213392,1693226477639,8,3,5
38726,1693226477639,1692254213397,1692254213400,1693226477646,7,3,4
38727,1693226477646,1692254213404,1692254213408,1693226477655,9,4,5
38728,1693226477655,1692254213414,1692254213417,1693226477663,8,3,5
38729,1693226477663,1692254213422,1692254213424,1693226477671,8,2,6
38730,1693226477671,1692254213429,1692254213432,1693226477678,7,3,4
38731,1693226477679,1692254213436,1692254213439,1693226477685,6,3,3
38732,1693226477685,1692254213443,1692254213446,1693226477694,9,3,6
38733,1693226477694,1692254213452,1692254213455,1693226477701,7,3,4
38734,1693226477701,1692254213459,1692254213462,1693226477708,7,3,4
38735,1693226477708,1692254213466,1692254213469,1693226477716,8,3,5
38736,1693226477716,1692254213474,1692254213477,1693226477724,8,3,5
38737,1693226477724,1692254213482,1692254213486,1693226477732,8,4,4
38738,1693226477732,1692254213490,1692254213493,1693226477739,7,3,4
38739,1693226477739,1692254213498,1692254213500,1693226477747,8,2,6
38740,1693226477747,1692254213506,1692254213509,1693226477755,8,3,5
38741,1693226477755,1692254213513,1692254213516,1693226477762,7,3,4
38742,1693226477762,1692254213520,1692254213523,1693226477769,7,3,4
38743,1693226477769,1692254213527,1692254213530,1693226477776,7,3,4
38744,1693226477776,1692254213534,1692254213537,1693226477783,7,3,4
38745,1693226477783,1692254213541,1692254213544,1693226477790,7,3,4
38746,1693226477790,1692254213548,1692254213551,1693226477797,7,3,4
38747,1693226477797,1692254213555,1692254213559,1693226477805,8,4,4
38748,1693226477805,1692254213563,1692254213567,1693226477813,8,4,4
38749,1693226477814,1692254213571,1692254213574,1693226477820,6,3,3
38750,1693226477820,1692254213580,1692254213584,1693226477831,11,4,7
38751,1693226477831,1692254213589,1692254213592,1693226477839,8,3,5
38752,1693226477839,1692254213597,1692254213600,1693226477847,8,3,5
38753,1693226477847,1692254213605,1692254213608,1693226477854,7,3,4
38754,1693226477854,1692254213612,1692254213615,1693226477861,7,3,4
38755,1693226477861,1692254213620,1692254213623,1693226477869,8,3,5
38756,1693226477869,1692254213627,1692254213630,1693226477877,8,3,5
38757,1693226477877,1692254213635,1692254213637,1693226477884,7,2,5
38758,1693226477884,1692254213647,1692254213650,1693226477896,12,3,9
38759,1693226477896,1692254213655,1692254213658,1693226477905,9,3,6
38760,1693226477905,1692254213663,1692254213666,1693226477912,7,3,4
38761,1693226477912,1692254213670,1692254213673,1693226477919,7,3,4
38762,1693226477919,1692254213678,1692254213681,1693226477927,8,3,5
38763,1693226477927,1692254213685,1692254213689,1693226477935,8,4,4
38764,1693226477935,1692254213692,1692254213695,1693226477942,7,3,4
38765,1693226477942,1692254213700,1692254213703,1693226477950,8,3,5
38766,1693226477950,1692254213708,1692254213711,1693226477958,8,3,5
38767,1693226477958,1692254213716,1692254213720,1693226477966,8,4,4
38768,1693226477966,1692254213725,1692254213729,1693226477975,9,4,5
38769,1693226477975,1692254213734,1692254213737,1693226477984,9,3,6
38770,1693226477984,1692254213742,1692254213745,1693226477991,7,3,4
38771,1693226477991,1692254213749,1692254213752,1693226477998,7,3,4
38772,1693226477998,1692254213758,1692254213761,1693226478007,9,3,6
38773,1693226478007,1692254213766,1692254213769,1693226478015,8,3,5
38774,1693226478015,1692254213773,1692254213775,1693226478022,7,2,5
38775,1693226478022,1692254213785,1692254213788,1693226478034,12,3,9
38776,1693226478034,1692254213792,1692254213795,1693226478042,8,3,5
38777,1693226478042,1692254213800,1692254213803,1693226478049,7,3,4
38778,1693226478049,1692254213808,1692254213811,1693226478057,8,3,5
38779,1693226478057,1692254213815,1692254213818,1693226478065,8,3,5
38780,1693226478065,1692254213824,1692254213827,1693226478073,8,3,5
38781,1693226478073,1692254213831,1692254213835,1693226478081,8,4,4
38782,1693226478081,1692254213839,1692254213843,1693226478089,8,4,4
38783,1693226478089,1692254213847,1692254213850,1693226478097,8,3,5
38784,1693226478097,1692254213855,1692254213858,1693226478104,7,3,4
38785,1693226478104,1692254213862,1692254213865,1693226478111,7,3,4
38786,1693226478111,1692254213870,1692254213874,1693226478120,9,4,5
38787,1693226478120,1692254213878,1692254213882,1693226478128,8,4,4
38788,1693226478128,1692254213887,1692254213890,1693226478136,8,3,5
38789,1693226478136,1692254213895,1692254213898,1693226478145,9,3,6
38790,1693226478145,1692254213903,1692254213906,1693226478153,8,3,5
38791,1693226478153,1692254213911,1692254213914,1693226478160,7,3,4
38792,1693226478160,1692254213919,1692254213922,1693226478169,9,3,6
38793,1693226478169,1692254213927,1692254213930,1693226478176,7,3,4
38794,1693226478176,1692254213934,1692254213937,1693226478183,7,3,4
38795,1693226478183,1692254213941,1692254213944,1693226478190,7,3,4
38796,1693226478190,1692254213949,1692254213952,1693226478198,8,3,5
38797,1693226478198,1692254213957,1692254213960,1693226478206,8,3,5
38798,1693226478206,1692254213964,1692254213967,1693226478214,8,3,5
38799,1693226478214,1692254213972,1692254213975,1693226478221,7,3,4
38800,1693226478221,1692254213981,1692254213984,1693226478230,9,3,6
38801,1693226478230,1692254213988,1692254213991,1693226478237,7,3,4
38802,1693226478237,1692254213996,1692254214000,1693226478247,10,4,6
38803,1693226478247,1692254214005,1692254214007,1693226478254,7,2,5
38804,1693226478254,1692254214012,1692254214016,1693226478262,8,4,4
38805,1693226478262,1692254214019,1692254214024,1693226478270,8,5,3
38806,1693226478270,1692254214029,1692254214032,1693226478278,8,3,5
38807,1693226478278,1692254214036,1692254214039,1693226478285,7,3,4
38808,1693226478285,1692254214043,1692254214047,1693226478294,9,4,5
38809,1693226478294,1692254214052,1692254214055,1693226478302,8,3,5
38810,1693226478302,1692254214060,1692254214062,1693226478308,6,2,4
38811,1693226478308,1692254214067,1692254214071,1693226478317,9,4,5
38812,1693226478317,1692254214077,1692254214080,1693226478327,10,3,7
38813,1693226478327,1692254214086,1692254214089,1693226478335,8,3,5
38814,1693226478335,1692254214093,1692254214097,1693226478343,8,4,4
38815,1693226478343,1692254214101,1692254214105,1693226478351,8,4,4
38816,1693226478351,1692254214109,1692254214113,1693226478359,8,4,4
38817,1693226478359,1692254214117,1692254214120,1693226478366,7,3,4
38818,1693226478366,1692254214124,1692254214127,1693226478373,7,3,4
38819,1693226478373,1692254214131,1692254214135,1693226478381,8,4,4
38820,1693226478381,1692254214139,1692254214142,1693226478388,7,3,4
38821,1693226478388,1692254214146,1692254214149,1693226478395,7,3,4
38822,1693226478395,1692254214154,1692254214156,1693226478403,8,2,6
38823,1693226478403,1692254214160,1692254214165,1693226478413,10,5,5
38824,1693226478413,1692254214172,1692254214176,1693226478422,9,4,5
38825,1693226478422,1692254214180,1692254214183,1693226478429,7,3,4
38826,1693226478429,1692254214187,1692254214190,1693226478435,6,3,3
38827,1693226478435,1692254214193,1692254214196,1693226478442,7,3,4
38828,1693226478442,1692254214200,1692254214203,1693226478449,7,3,4
38829,1693226478449,1692254214208,1692254214211,1693226478457,8,3,5
38830,1693226478458,1692254214216,1692254214219,1693226478465,7,3,4
38831,1693226478465,1692254214223,1692254214226,1693226478472,7,3,4
38832,1693226478472,1692254214231,1692254214234,1693226478480,8,3,5
38833,1693226478480,1692254214239,1692254214243,1693226478489,9,4,5
38834,1693226478489,1692254214247,1692254214250,1693226478496,7,3,4
38835,1693226478496,1692254214254,1692254214257,1693226478504,8,3,5
38836,1693226478504,1692254214262,1692254214265,1693226478514,10,3,7
38837,1693226478514,1692254214277,1692254214281,1693226478527,13,4,9
38838,1693226478527,1692254214288,1692254214292,1693226478538,11,4,7
38839,1693226478538,1692254214297,1692254214300,1693226478546,8,3,5
38840,1693226478546,1692254214304,1692254214307,1693226478553,7,3,4
38841,1693226478553,1692254214311,1692254214314,1693226478561,8,3,5
38842,1693226478561,1692254214319,1692254214322,1693226478568,7,3,4
38843,1693226478568,1692254214326,1692254214329,1693226478575,7,3,4
38844,1693226478575,1692254214333,1692254214336,1693226478583,8,3,5
38845,1693226478583,1692254214341,1692254214344,1693226478590,7,3,4
38846,1693226478590,1692254214348,1692254214351,1693226478597,7,3,4
38847,1693226478597,1692254214356,1692254214359,1693226478606,9,3,6
38848,1693226478606,1692254214364,1692254214367,1693226478616,10,3,7
38849,1693226478616,1692254214374,1692254214376,1693226478623,7,2,5
38850,1693226478623,1692254214381,1692254214385,1693226478630,7,4,3
38851,1693226478631,1692254214390,1692254214394,1693226478640,9,4,5
38852,1693226478640,1692254214398,1692254214401,1693226478646,6,3,3
38853,1693226478646,1692254214405,1692254214408,1693226478654,8,3,5
38854,1693226478654,1692254214413,1692254214416,1693226478662,8,3,5
38855,1693226478662,1692254214420,1692254214424,1693226478670,8,4,4
38856,1693226478670,1692254214429,1692254214432,1693226478679,9,3,6
38857,1693226478679,1692254214437,1692254214440,1693226478686,7,3,4
38858,1693226478686,1692254214445,1692254214448,1693226478694,8,3,5
38859,1693226478694,1692254214453,1692254214457,1693226478703,9,4,5
38860,1693226478703,1692254214461,1692254214466,1693226478712,9,5,4
38861,1693226478712,1692254214470,1692254214473,1693226478719,7,3,4
38862,1693226478719,1692254214478,1692254214480,1693226478727,8,2,6
38863,1693226478727,1692254214485,1692254214488,1693226478734,7,3,4
38864,1693226478734,1692254214492,1692254214496,1693226478742,8,4,4
38865,1693226478742,1692254214501,1692254214504,1693226478750,8,3,5
38866,1693226478750,1692254214508,1692254214511,1693226478757,7,3,4
38867,1693226478757,1692254214514,1692254214517,1693226478763,6,3,3
38868,1693226478763,1692254214521,1692254214525,1693226478771,8,4,4
38869,1693226478771,1692254214531,1692254214536,1693226478783,12,5,7
38870,1693226478783,1692254214541,1692254214545,1693226478791,8,4,4
38871,1693226478791,1692254214549,1692254214552,1693226478799,8,3,5
38872,1693226478799,1692254214557,1692254214560,1693226478807,8,3,5
38873,1693226478807,1692254214565,1692254214568,1693226478815,8,3,5
38874,1693226478815,1692254214573,1692254214577,1693226478823,8,4,4
38875,1693226478823,1692254214581,1692254214586,1693226478832,9,5,4
38876,1693226478832,1692254214590,1692254214593,1693226478839,7,3,4
38877,1693226478839,1692254214597,1692254214601,1693226478847,8,4,4
38878,1693226478847,1692254214604,1692254214608,1693226478854,7,4,3
38879,1693226478854,1692254214612,1692254214615,1693226478861,7,3,4
38880,1693226478861,1692254214619,1692254214623,1693226478869,8,4,4
38881,1693226478869,1692254214627,1692254214631,1693226478877,8,4,4
38882,1693226478877,1692254214635,1692254214638,1693226478884,7,3,4
38883,1693226478884,1692254214643,1692254214646,1693226478892,8,3,5
38884,1693226478892,1692254214650,1692254214653,1693226478899,7,3,4
38885,1693226478899,1692254214658,1692254214661,1693226478907,8,3,5
38886,1693226478907,1692254214666,1692254214669,1693226478915,8,3,5
38887,1693226478915,1692254214673,1692254214676,1693226478923,8,3,5
38888,1693226478923,1692254214681,1692254214685,1693226478931,8,4,4
38889,1693226478931,1692254214689,1692254214692,1693226478938,7,3,4
38890,1693226478938,1692254214697,1692254214701,1693226478947,9,4,5
38891,1693226478947,1692254214705,1692254214708,1693226478955,8,3,5
38892,1693226478955,1692254214713,1692254214716,1693226478962,7,3,4
38893,1693226478962,1692254214720,1692254214723,1693226478969,7,3,4
38894,1693226478969,1692254214910,1692254214914,1693226479160,191,4,187
38895,1693226479160,1692254214918,1692254214922,1693226479168,8,4,4
38896,1693226479169,1692254214927,1692254214931,1693226479177,8,4,4
38897,1693226479177,1692254214937,1692254214942,1693226479188,11,5,6
38898,1693226479188,1692254214948,1692254214951,1693226479197,9,3,6
38899,1693226479197,1692254214955,1692254214958,1693226479203,6,3,3
38900,1693226479203,1692254214961,1692254214965,1693226479211,8,4,4
38901,1693226479211,1692254214969,1692254214972,1693226479218,7,3,4
38902,1693226479218,1692254214976,1692254214980,1693226479226,8,4,4
38903,1693226479226,1692254215013,1692254215017,1693226479263,37,4,33
38904,1693226479263,1692254215021,1692254215024,1693226479270,7,3,4
38905,1693226479270,1692254215028,1692254215031,1693226479278,8,3,5
38906,1693226479278,1692254215036,1692254215039,1693226479285,7,3,4
38907,1693226479285,1692254215044,1692254215048,1693226479294,9,4,5
38908,1693226479294,1692254215052,1692254215056,1693226479302,8,4,4
38909,1693226479302,1692254215059,1692254215062,1693226479309,7,3,4
38910,1693226479309,1692254215067,1692254215070,1693226479316,7,3,4
38911,1693226479316,1692254215075,1692254215079,1693226479325,9,4,5
38912,1693226479325,1692254215083,1692254215086,1693226479332,7,3,4
38913,1693226479332,1692254215091,1692254215093,1693226479340,8,2,6
38914,1693226479340,1692254215098,1692254215102,1693226479348,8,4,4
38915,1693226479348,1692254215107,1692254215110,1693226479356,8,3,5
38916,1693226479356,1692254215115,1692254215118,1693226479364,8,3,5
38917,1693226479364,1692254215122,1692254215126,1693226479372,8,4,4
38918,1693226479372,1692254215130,1692254215134,1693226479380,8,4,4
38919,1693226479380,1692254215138,1692254215142,1693226479388,8,4,4
38920,1693226479388,1692254215145,1692254215149,1693226479395,7,4,3
38921,1693226479395,1692254215155,1692254215158,1693226479404,9,3,6
38922,1693226479404,1692254215162,1692254215165,1693226479411,7,3,4
38923,1693226479411,1692254215169,1692254215172,1693226479418,7,3,4
38924,1693226479418,1692254215177,1692254215181,1693226479427,9,4,5
38925,1693226479427,1692254215185,1692254215188,1693226479437,10,3,7
38926,1693226479437,1692254215196,1692254215199,1693226479445,8,3,5
38927,1693226479445,1692254215204,1692254215207,1693226479453,8,3,5
38928,1693226479453,1692254215212,1692254215215,1693226479461,8,3,5
38929,1693226479461,1692254215220,1692254215224,1693226479470,9,4,5
38930,1693226479470,1692254215228,1692254215231,1693226479477,7,3,4
38931,1693226479477,1692254215235,1692254215238,1693226479484,7,3,4
38932,1693226479484,1692254215242,1692254215245,1693226479492,8,3,5
38933,1693226479492,1692254215250,1692254215253,1693226479499,7,3,4
38934,1693226479499,1692254215258,1692254215263,1693226479509,10,5,5
38935,1693226479509,1692254215267,1692254215270,1693226479516,7,3,4
38936,1693226479516,1692254215275,1692254215277,1693226479527,11,2,9
38937,1693226479527,1692254215286,1692254215288,1693226479538,11,2,9
38938,1693226479538,1692254215300,1692254215304,1693226479555,17,4,13
38939,1693226479555,1692254215314,1692254215317,1693226479563,8,3,5
38940,1693226479564,1692254215322,1692254215326,1693226479572,8,4,4
38941,1693226479572,1692254215330,1692254215334,1693226479580,8,4,4
38942,1693226479580,1692254215339,1692254215342,1693226479589,9,3,6
38943,1693226479589,1692254215347,1692254215349,1693226479595,6,2,4
38944,1693226479595,1692254215353,1692254215356,1693226479602,7,3,4
38945,1693226479602,1692254215360,1692254215363,1693226479609,7,3,4
38946,1693226479609,1692254215367,1692254215370,1693226479616,7,3,4
38947,1693226479616,1692254215374,1692254215379,1693226479626,10,5,5
38948,1693226479626,1692254215384,1692254215387,1693226479633,7,3,4
38949,1693226479633,1692254215391,1692254215394,1693226479640,7,3,4
38950,1693226479640,1692254215399,1692254215402,1693226479648,8,3,5
38951,1693226479648,1692254215407,1692254215410,1693226479656,8,3,5
38952,1693226479656,1692254215414,1692254215417,1693226479663,7,3,4
38953,1693226479663,1692254215422,1692254215426,1693226479675,12,4,8
38954,1693226479675,1692254215433,1692254215436,1693226479683,8,3,5
38955,1693226479683,1692254215441,1692254215443,1693226479690,7,2,5
38956,1693226479690,1692254215448,1692254215451,1693226479698,8,3,5
38957,1693226479698,1692254215456,1692254215459,1693226479705,7,3,4
38958,1693226479705,1692254215463,1692254215466,1693226479712,7,3,4
38959,1693226479712,1692254215470,1692254215474,1693226479720,8,4,4
38960,1693226479720,1692254215479,1692254215482,1693226479729,9,3,6
38961,1693226479729,1692254215488,1692254215491,1693226479737,8,3,5
38962,1693226479737,1692254215498,1692254215501,1693226479748,11,3,8
38963,1693226479748,1692254215506,1692254215509,1693226479755,7,3,4
38964,1693226479755,1692254215513,1692254215516,1693226479764,9,3,6
38965,1693226479764,1692254215522,1692254215525,1693226479771,7,3,4
38966,1693226479771,1692254215530,1692254215534,1693226479780,9,4,5
38967,1693226479780,1692254215538,1692254215541,1693226479788,8,3,5
38968,1693226479788,1692254215546,1692254215549,1693226479795,7,3,4
38969,1693226479795,1692254215553,1692254215556,1693226479802,7,3,4
38970,1693226479802,1692254215560,1692254215565,1693226479811,9,5,4
38971,1693226479811,1692254215570,1692254215573,1693226479820,9,3,6
38972,1693226479820,1692254215578,1692254215581,1693226479828,8,3,5
38973,1693226479828,1692254215586,1692254215590,1693226479836,8,4,4
38974,1693226479836,1692254215594,1692254215597,1693226479844,8,3,5
38975,1693226479844,1692254215604,1692254215608,1693226479854,10,4,6
38976,1693226479854,1692254215612,1692254215616,1693226479862,8,4,4
38977,1693226479862,1692254215620,1692254215624,1693226479870,8,4,4
38978,1693226479870,1692254215628,1692254215631,1693226479877,7,3,4
38979,1693226479877,1692254215635,1692254215638,1693226479884,7,3,4
38980,1693226479884,1692254215642,1692254215645,1693226479891,7,3,4
38981,1693226479891,1692254215649,1692254215652,1693226479899,8,3,5
38982,1693226479899,1692254215660,1692254215663,1693226479909,10,3,7
38983,1693226479909,1692254215667,1692254215671,1693226479917,8,4,4
38984,1693226479917,1692254215675,1692254215678,1693226479924,7,3,4
38985,1693226479924,1692254215682,1692254215687,1693226479934,10,5,5
38986,1693226479934,1692254215692,1692254215696,1693226479942,8,4,4
38987,1693226479943,1692254215703,1692254215706,1693226479952,9,3,6
38988,1693226479952,1692254215710,1692254215713,1693226479959,7,3,4
38989,1693226479959,1692254215717,1692254215720,1693226479966,7,3,4
38990,1693226479966,1692254215726,1692254215729,1693226479976,10,3,7
38991,1693226479976,1692254215734,1692254215738,1693226479984,8,4,4
38992,1693226479984,1692254215742,1692254215745,1693226479992,8,3,5
38993,1693226479992,1692254215750,1692254215753,1693226479999,7,3,4
38994,1693226479999,1692254215758,1692254215761,1693226480007,8,3,5
38995,1693226480007,1692254215765,1692254215768,1693226480014,7,3,4
38996,1693226480014,1692254215772,1692254215775,1693226480021,7,3,4
38997,1693226480021,1692254215780,1692254215783,1693226480029,8,3,5
38998,1693226480029,1692254215788,1692254215791,1693226480037,8,3,5
38999,1693226480037,1692254215796,1692254215799,1693226480045,8,3,5
39000,1693226480045,1692254215805,1692254215808,1693226480055,10,3,7
39001,1693226480055,1692254215814,1692254215817,1693226480063,8,3,5
39002,1693226480063,1692254215823,1692254215827,1693226480073,10,4,6
39003,1693226480073,1692254215832,1692254215835,1693226480081,8,3,5
39004,1693226480081,1692254215840,1692254215844,1693226480090,9,4,5
39005,1693226480090,1692254215848,1692254215852,1693226480098,8,4,4
39006,1693226480098,1692254215856,1692254215861,1693226480107,9,5,4
39007,1693226480107,1692254215866,1692254215869,1693226480115,8,3,5
39008,1693226480115,1692254215875,1692254215877,1693226480123,8,2,6
39009,1693226480123,1692254215882,1692254215885,1693226480131,8,3,5
39010,1693226480131,1692254215889,1692254215892,1693226480138,7,3,4
39011,1693226480138,1692254215897,1692254215900,1693226480147,9,3,6
39012,1693226480147,1692254215907,1692254215910,1693226480157,10,3,7
39013,1693226480157,1692254215915,1692254215919,1693226480165,8,4,4
39014,1693226480165,1692254215923,1692254215926,1693226480172,7,3,4
39015,1693226480172,1692254215930,1692254215934,1693226480180,8,4,4
39016,1693226480180,1692254215938,1692254215941,1693226480187,7,3,4
39017,1693226480187,1692254215945,1692254215949,1693226480195,8,4,4
39018,1693226480195,1692254215953,1692254215956,1693226480202,7,3,4
39019,1693226480202,1692254215960,1692254215963,1693226480209,7,3,4
39020,1693226480209,1692254215967,1692254215970,1693226480216,7,3,4
39021,1693226480216,1692254215974,1692254215978,1693226480224,8,4,4
39022,1693226480224,1692254215982,1692254215985,1693226480231,7,3,4
39023,1693226480231,1692254215989,1692254215992,1693226480238,7,3,4
39024,1693226480238,1692254215999,1692254216003,1693226480249,11,4,7
39025,1693226480249,1692254216006,1692254216009,1693226480256,7,3,4
39026,1693226480256,1692254216014,1692254216017,1693226480263,7,3,4
39027,1693226480263,1692254216021,1692254216024,1693226480272,9,3,6
39028,1693226480272,1692254216030,1692254216033,1693226480279,7,3,4
39029,1693226480279,1692254216037,1692254216040,1693226480286,7,3,4
39030,1693226480286,1692254216044,1692254216047,1693226480293,7,3,4
39031,1693226480293,1692254216050,1692254216053,1693226480299,6,3,3
39032,1693226480299,1692254216057,1692254216060,1693226480306,7,3,4
39033,1693226480306,1692254216064,1692254216067,1693226480313,7,3,4
39034,1693226480313,1692254216071,1692254216075,1693226480320,7,4,3
39035,1693226480321,1692254216078,1692254216081,1693226480327,6,3,3
39036,1693226480327,1692254216086,1692254216089,1693226480335,8,3,5
39037,1693226480335,1692254216093,1692254216096,1693226480341,6,3,3
39038,1693226480341,1692254216101,1692254216105,1693226480351,10,4,6
39039,1693226480351,1692254216109,1692254216112,1693226480358,7,3,4
39040,1693226480358,1692254216117,1692254216121,1693226480367,9,4,5
39041,1693226480368,1692254216126,1692254216130,1693226480376,8,4,4
39042,1693226480376,1692254216134,1692254216137,1693226480383,7,3,4
39043,1693226480383,1692254216141,1692254216145,1693226480391,8,4,4
39044,1693226480391,1692254216149,1692254216153,1693226480399,8,4,4
39045,1693226480399,1692254216157,1692254216161,1693226480407,8,4,4
39046,1693226480407,1692254216166,1692254216169,1693226480415,8,3,5
39047,1693226480415,1692254216179,1692254216181,1693226480428,13,2,11
39048,1693226480428,1692254216186,1692254216190,1693226480436,8,4,4
39049,1693226480436,1692254216194,1692254216198,1693226480444,8,4,4
39050,1693226480444,1692254216202,1692254216204,1693226480450,6,2,4
39051,1693226480450,1692254216208,1692254216211,1693226480461,11,3,8
39052,1693226480461,1692254216219,1692254216222,1693226480468,7,3,4
39053,1693226480468,1692254216227,1692254216230,1693226480477,9,3,6
39054,1693226480477,1692254216235,1692254216238,1693226480484,7,3,4
39055,1693226480484,1692254216243,1692254216245,1693226480491,7,2,5
39056,1693226480491,1692254216250,1692254216253,1693226480499,8,3,5
39057,1693226480499,1692254216257,1692254216260,1693226480506,7,3,4
39058,1693226480506,1692254216265,1692254216269,1693226480516,10,4,6
39059,1693226480516,1692254216276,1692254216280,1693226480526,10,4,6
39060,1693226480526,1692254216290,1692254216293,1693226480539,13,3,10
39061,1693226480539,1692254216297,1692254216299,1693226480545,6,2,4
39062,1693226480545,1692254216303,1692254216305,1693226480551,6,2,4
39063,1693226480552,1692254216309,1692254216312,1693226480562,10,3,7
39064,1693226480562,1692254216320,1692254216324,1693226480570,8,4,4
39065,1693226480570,1692254216329,1692254216332,1693226480578,8,3,5
39066,1693226480578,1692254216336,1692254216340,1693226480586,8,4,4
39067,1693226480586,1692254216344,1692254216347,1693226480593,7,3,4
39068,1693226480593,1692254216353,1692254216356,1693226480602,9,3,6
39069,1693226480602,1692254216360,1692254216363,1693226480609,7,3,4
39070,1693226480609,1692254216367,1692254216370,1693226480616,7,3,4
39071,1693226480616,1692254216374,1692254216377,1693226480622,6,3,3
39072,1693226480622,1692254216381,1692254216384,1693226480631,9,3,6
39073,1693226480631,1692254216389,1692254216393,1693226480639,8,4,4
39074,1693226480639,1692254216398,1692254216401,1693226480647,8,3,5
39075,1693226480647,1692254216405,1692254216408,1693226480654,7,3,4
39076,1693226480654,1692254216412,1692254216415,1693226480664,10,3,7
39077,1693226480664,1692254216421,1692254216425,1693226480671,7,4,3
39078,1693226480671,1692254216428,1692254216432,1693226480678,7,4,3
39079,1693226480678,1692254216436,1692254216439,1693226480685,7,3,4
39080,1693226480685,1692254216444,1692254216448,1693226480695,10,4,6
39081,1693226480695,1692254216453,1692254216456,1693226480702,7,3,4
39082,1693226480702,1692254216460,1692254216463,1693226480709,7,3,4
39083,1693226480710,1692254216468,1692254216471,1693226480717,7,3,4
39084,1693226480717,1692254216475,1692254216478,1693226480724,7,3,4
39085,1693226480724,1692254216483,1692254216486,1693226480732,8,3,5
39086,1693226480732,1692254216491,1692254216494,1693226480740,8,3,5
39087,1693226480740,1692254216499,1692254216503,1693226480749,9,4,5
39088,1693226480749,1692254216508,1692254216511,1693226480757,8,3,5
39089,1693226480757,1692254216515,1692254216518,1693226480766,9,3,6
39090,1693226480766,1692254216524,1692254216527,1693226480773,7,3,4
39091,1693226480773,1692254216531,1692254216535,1693226480781,8,4,4
39092,1693226480781,1692254216539,1692254216542,1693226480788,7,3,4
39093,1693226480788,1692254216547,1692254216551,1693226480797,9,4,5
39094,1693226480797,1692254216556,1692254216559,1693226480805,8,3,5
39095,1693226480805,1692254216563,1692254216568,1693226480814,9,5,4
39096,1693226480814,1692254216572,1692254216575,1693226480821,7,3,4
39097,1693226480821,1692254216579,1692254216582,1693226480828,7,3,4
39098,1693226480828,1692254216586,1692254216589,1693226480835,7,3,4
39099,1693226480835,1692254216593,1692254216597,1693226480844,9,4,5
39100,1693226480844,1692254216602,1692254216605,1693226480851,7,3,4
39101,1693226480851,1692254216609,1692254216612,1693226480858,7,3,4
39102,1693226480858,1692254216616,1692254216620,1693226480869,11,4,7
39103,1693226480869,1692254216627,1692254216630,1693226480876,7,3,4
39104,1693226480876,1692254216635,1692254216638,1693226480884,8,3,5
39105,1693226480884,1692254216642,1692254216645,1693226480891,7,3,4
39106,1693226480891,1692254216650,1692254216653,1693226480899,8,3,5
39107,1693226480899,1692254216657,1692254216660,1693226480906,7,3,4
39108,1693226480906,1692254216664,1692254216667,1693226480913,7,3,4
39109,1693226480913,1692254216672,1692254216675,1693226480921,8,3,5
39110,1693226480921,1692254216679,1692254216682,1693226480929,8,3,5
39111,1693226480929,1692254216687,1692254216691,1693226480937,8,4,4
39112,1693226480937,1692254216695,1692254216699,1693226480945,8,4,4
39113,1693226480945,1692254216703,1692254216707,1693226480953,8,4,4
39114,1693226480953,1692254216711,1692254216714,1693226480960,7,3,4
39115,1693226480960,1692254216718,1692254216721,1693226480967,7,3,4
39116,1693226480967,1692254216727,1692254216730,1693226480977,10,3,7
39117,1693226480977,1692254216735,1692254216740,1693226480986,9,5,4
39118,1693226480986,1692254216744,1692254216748,1693226480994,8,4,4
39119,1693226480994,1692254216753,1692254216756,1693226481002,8,3,5
39120,1693226481002,1692254216761,1692254216764,1693226481010,8,3,5
39121,1693226481011,1692254216769,1692254216772,1693226481018,7,3,4
39122,1693226481018,1692254216777,1692254216780,1693226481026,8,3,5
39123,1693226481026,1692254216784,1692254216788,1693226481034,8,4,4
39124,1693226481034,1692254216793,1692254216796,1693226481043,9,3,6
39125,1693226481043,1692254216801,1692254216804,1693226481050,7,3,4
39126,1693226481050,1692254216809,1692254216812,1693226481058,8,3,5
39127,1693226481059,1692254216817,1692254216820,1693226481067,8,3,5
39128,1693226481067,1692254216827,1692254216831,1693226481078,11,4,7
39129,1693226481078,1692254216836,1692254216840,1693226481086,8,4,4
39130,1693226481086,1692254216843,1692254216846,1693226481092,6,3,3
39131,1693226481092,1692254216851,1692254216853,1693226481099,7,2,5
39132,1693226481099,1692254216859,1692254216862,1693226481108,9,3,6
39133,1693226481108,1692254216866,1692254216870,1693226481116,8,4,4
39134,1693226481116,1692254216874,1692254216877,1693226481124,8,3,5
39135,1693226481124,1692254216882,1692254216885,1693226481132,8,3,5
39136,1693226481132,1692254216890,1692254216893,1693226481139,7,3,4
39137,1693226481139,1692254216897,1692254216901,1693226481147,8,4,4
39138,1693226481147,1692254216908,1692254216912,1693226481158,11,4,7
39139,1693226481158,1692254216916,1692254216919,1693226481165,7,3,4
39140,1693226481166,1692254216924,1692254216927,1693226481175,9,3,6
39141,1693226481175,1692254216934,1692254216937,1693226481184,9,3,6
39142,1693226481184,1692254216942,1692254216944,1693226481191,7,2,5
39143,1693226481191,1692254216949,1692254216952,1693226481198,7,3,4
39144,1693226481198,1692254216956,1692254216960,1693226481206,8,4,4
39145,1693226481206,1692254216964,1692254216968,1693226481214,8,4,4
39146,1693226481214,1692254216972,1692254216975,1693226481222,8,3,5
39147,1693226481222,1692254216980,1692254216983,1693226481229,7,3,4
39148,1693226481230,1692254216988,1692254216992,1693226481238,8,4,4
39149,1693226481238,1692254216996,1692254216999,1693226481245,7,3,4
39150,1693226481245,1692254217003,1692254217007,1693226481252,7,4,3
39151,1693226481252,1692254217011,1692254217013,1693226481259,7,2,5
39152,1693226481259,1692254217018,1692254217022,1693226481268,9,4,5
39153,1693226481268,1692254217026,1692254217029,1693226481278,10,3,7
39154,1693226481278,1692254217036,1692254217040,1693226481287,9,4,5
39155,1693226481287,1692254217045,1692254217049,1693226481295,8,4,4
39156,1693226481295,1692254217054,1692254217057,1693226481304,9,3,6
39157,1693226481304,1692254217062,1692254217065,1693226481311,7,3,4
39158,1693226481311,1692254217070,1692254217073,1693226481319,8,3,5
39159,1693226481319,1692254217077,1692254217080,1693226481326,7,3,4
39160,1693226481326,1692254217085,1692254217088,1693226481334,8,3,5
39161,1693226481334,1692254217092,1692254217095,1693226481341,7,3,4
39162,1693226481341,1692254217100,1692254217103,1693226481349,8,3,5
39163,1693226481349,1692254217108,1692254217112,1693226481358,9,4,5
39164,1693226481358,1692254217117,1692254217120,1693226481366,8,3,5
39165,1693226481366,1692254217124,1692254217127,1693226481373,7,3,4
39166,1693226481373,1692254217131,1692254217135,1693226481382,9,4,5
39167,1693226481382,1692254217140,1692254217143,1693226481389,7,3,4
39168,1693226481389,1692254217147,1692254217150,1693226481398,9,3,6
39169,1693226481398,1692254217156,1692254217160,1693226481406,8,4,4
39170,1693226481406,1692254217164,1692254217167,1693226481413,7,3,4
39171,1693226481413,1692254217171,1692254217174,1693226481420,7,3,4
39172,1693226481420,1692254217178,1692254217181,1693226481428,8,3,5
39173,1693226481428,1692254217186,1692254217189,1693226481435,7,3,4
39174,1693226481435,1692254217194,1692254217197,1693226481442,7,3,4
39175,1693226481442,1692254217201,1692254217204,1693226481450,8,3,5
39176,1693226481450,1692254217208,1692254217212,1693226481458,8,4,4
39177,1693226481458,1692254217216,1692254217218,1693226481465,7,2,5
39178,1693226481465,1692254217223,1692254217227,1693226481473,8,4,4
39179,1693226481473,1692254217231,1692254217237,1693226481483,10,6,4
39180,1693226481483,1692254217240,1692254217243,1693226481489,6,3,3
39181,1693226481489,1692254217248,1692254217251,1693226481497,8,3,5
39182,1693226481497,1692254217257,1692254217260,1693226481507,10,3,7
39183,1693226481507,1692254217264,1692254217268,1693226481514,7,4,3
39184,1693226481514,1692254217273,1692254217276,1693226481522,8,3,5
39185,1693226481522,1692254217280,1692254217283,1693226481530,8,3,5
39186,1693226481530,1692254217288,1692254217291,1693226481539,9,3,6
39187,1693226481539,1692254217297,1692254217300,1693226481546,7,3,4
39188,1693226481546,1692254217305,1692254217309,1693226481555,9,4,5
39189,1693226481555,1692254217314,1692254217316,1693226481563,8,2,6
39190,1693226481563,1692254217320,1692254217324,1693226481570,7,4,3
39191,1693226481571,1692254217329,1692254217332,1693226481578,7,3,4
39192,1693226481578,1692254217336,1692254217340,1693226481586,8,4,4
39193,1693226481586,1692254217344,1692254217348,1693226481595,9,4,5
39194,1693226481595,1692254217353,1692254217356,1693226481603,8,3,5
39195,1693226481603,1692254217361,1692254217364,1693226481610,7,3,4
39196,1693226481610,1692254217369,1692254217373,1693226481619,9,4,5
39197,1693226481619,1692254217379,1692254217382,1693226481628,9,3,6
39198,1693226481629,1692254217387,1692254217391,1693226481637,8,4,4
39199,1693226481637,1692254217395,1692254217399,1693226481645,8,4,4
39200,1693226481645,1692254217403,1692254217406,1693226481652,7,3,4
39201,1693226481652,1692254217410,1692254217414,1693226481660,8,4,4
39202,1693226481660,1692254217418,1692254217421,1693226481667,7,3,4
39203,1693226481667,1692254217426,1692254217429,1693226481675,8,3,5
39204,1693226481675,1692254217434,1692254217438,1693226481684,9,4,5
39205,1693226481684,1692254217444,1692254217448,1693226481694,10,4,6
39206,1693226481694,1692254217452,1692254217456,1693226481702,8,4,4
39207,1693226481702,1692254217460,1692254217463,1693226481709,7,3,4
39208,1693226481710,1692254217468,1692254217472,1693226481718,8,4,4
39209,1693226481719,1692254217480,1692254217484,1693226481730,11,4,7
39210,1693226481730,1692254217489,1692254217492,1693226481739,9,3,6
39211,1693226481739,1692254217497,1692254217501,1693226481747,8,4,4
39212,1693226481747,1692254217505,1692254217508,1693226481754,7,3,4
39213,1693226481754,1692254217513,1692254217517,1693226481763,9,4,5
39214,1693226481763,1692254217521,1692254217524,1693226481770,7,3,4
39215,1693226481770,1692254217529,1692254217533,1693226481779,9,4,5
39216,1693226481779,1692254217538,1692254217541,1693226481787,8,3,5
39217,1693226481787,1692254217546,1692254217550,1693226481796,9,4,5
39218,1693226481796,1692254217554,1692254217557,1693226481803,7,3,4
39219,1693226481803,1692254217562,1692254217565,1693226481811,8,3,5
39220,1693226481811,1692254217569,1692254217573,1693226481819,8,4,4
39221,1693226481819,1692254217578,1692254217581,1693226481827,8,3,5
39222,1693226481828,1692254217586,1692254217589,1693226481835,7,3,4
39223,1693226481835,1692254217593,1692254217597,1693226481843,8,4,4
39224,1693226481843,1692254217601,1692254217605,1693226481851,8,4,4
39225,1693226481851,1692254217609,1692254217612,1693226481858,7,3,4
39226,1693226481858,1692254217616,1692254217621,1693226481867,9,5,4
39227,1693226481867,1692254217625,1692254217628,1693226481874,7,3,4
39228,1693226481874,1692254217632,1692254217635,1693226481882,8,3,5
39229,1693226481882,1692254217640,1692254217643,1693226481889,7,3,4
39230,1693226481889,1692254217649,1692254217652,1693226481898,9,3,6
39231,1693226481898,1692254217657,1692254217661,1693226481907,9,4,5
39232,1693226481907,1692254217666,1692254217669,1693226481915,8,3,5
39233,1693226481915,1692254217674,1692254217677,1693226481923,8,3,5
39234,1693226481923,1692254217681,1692254217685,1693226481931,8,4,4
39235,1693226481931,1692254217690,1692254217693,1693226481939,8,3,5
39236,1693226481939,1692254217697,1692254217701,1693226481947,8,4,4
39237,1693226481947,1692254217706,1692254217710,1693226481956,9,4,5
39238,1693226481956,1692254217715,1692254217719,1693226481965,9,4,5
39239,1693226481965,1692254217724,1692254217727,1693226481972,7,3,4
39240,1693226481973,1692254217730,1692254217735,1693226481981,8,5,3
39241,1693226481981,1692254217739,1692254217742,1693226481989,8,3,5
39242,1693226481989,1692254217747,1692254217751,1693226481997,8,4,4
39243,1693226481997,1692254217755,1692254217759,1693226482006,9,4,5
39244,1693226482006,1692254217764,1692254217767,1693226482013,7,3,4
39245,1693226482013,1692254217771,1692254217774,1693226482021,8,3,5
39246,1693226482021,1692254217778,1692254217781,1693226482027,6,3,3
39247,1693226482027,1692254217785,1692254217789,1693226482035,8,4,4
39248,1693226482035,1692254217794,1692254217797,1693226482043,8,3,5
39249,1693226482043,1692254217801,1692254217803,1693226482049,6,2,4
39250,1693226482049,1692254217807,1692254217811,1693226482057,8,4,4
39251,1693226482057,1692254217815,1692254217818,1693226482064,7,3,4
39252,1693226482064,1692254217822,1692254217825,1693226482071,7,3,4
39253,1693226482072,1692254217829,1692254217832,1693226482078,6,3,3
39254,1693226482078,1692254217836,1692254217839,1693226482085,7,3,4
39255,1693226482085,1692254217843,1692254217847,1693226482093,8,4,4
39256,1693226482093,1692254217853,1692254217856,1693226482103,10,3,7
39257,1693226482103,1692254217860,1692254217865,1693226482111,8,5,3
39258,1693226482111,1692254217872,1692254217875,1693226482120,9,3,6
39259,1693226482120,1692254217878,1692254217882,1693226482128,8,4,4
39260,1693226482128,1692254217886,1692254217889,1693226482135,7,3,4
39261,1693226482135,1692254217894,1692254217897,1693226482143,8,3,5
39262,1693226482143,1692254217901,1692254217904,1693226482150,7,3,4
39263,1693226482150,1692254217908,1692254217914,1693226482160,10,6,4
39264,1693226482160,1692254217919,1692254217921,1693226482167,7,2,5
39265,1693226482167,1692254217925,1692254217928,1693226482174,7,3,4
39266,1693226482174,1692254217933,1692254217937,1693226482183,9,4,5
39267,1693226482183,1692254217941,1692254217944,1693226482190,7,3,4
39268,1693226482190,1692254217948,1692254217951,1693226482200,10,3,7
39269,1693226482200,1692254217958,1692254217962,1693226482208,8,4,4
39270,1693226482208,1692254217966,1692254217969,1693226482218,10,3,7
39271,1693226482218,1692254217976,1692254217979,1693226482226,8,3,5
39272,1693226482226,1692254217983,1692254217986,1693226482232,6,3,3
39273,1693226482233,1692254217991,1692254217994,1693226482240,7,3,4
39274,1693226482240,1692254217998,1692254218002,1693226482248,8,4,4
39275,1693226482248,1692254218006,1692254218010,1693226482256,8,4,4
39276,1693226482256,1692254218014,1692254218017,1693226482263,7,3,4
39277,1693226482263,1692254218022,1692254218024,1693226482270,7,2,5
39278,1693226482270,1692254218029,1692254218032,1693226482278,8,3,5
39279,1693226482278,1692254218037,1692254218040,1693226482287,9,3,6
39280,1693226482287,1692254218045,1692254218049,1693226482295,8,4,4
39281,1693226482295,1692254218053,1692254218056,1693226482302,7,3,4
39282,1693226482302,1692254218060,1692254218063,1693226482309,7,3,4
39283,1693226482309,1692254218067,1692254218070,1693226482316,7,3,4
39284,1693226482316,1692254218075,1692254218080,1693226482326,10,5,5
39285,1693226482326,1692254218084,1692254218087,1693226482333,7,3,4
39286,1693226482333,1692254218091,1692254218095,1693226482341,8,4,4
39287,1693226482341,1692254218099,1692254218103,1693226482349,8,4,4
39288,1693226482349,1692254218106,1692254218110,1693226482356,7,4,3
39289,1693226482356,1692254218115,1692254218119,1693226482365,9,4,5
39290,1693226482365,1692254218124,1692254218127,1693226482373,8,3,5
39291,1693226482373,1692254218131,1692254218134,1693226482380,7,3,4
39292,1693226482380,1692254218138,1692254218142,1693226482388,8,4,4
39293,1693226482388,1692254218146,1692254218149,1693226482396,8,3,5
39294,1693226482396,1692254218157,1692254218161,1693226482407,11,4,7
39295,1693226482407,1692254218166,1692254218168,1693226482414,7,2,5
39296,1693226482414,1692254218172,1692254218175,1693226482422,8,3,5
39297,1693226482422,1692254218180,1692254218183,1693226482429,7,3,4
39298,1693226482429,1692254218187,1692254218190,1693226482436,7,3,4
39299,1693226482437,1692254218195,1692254218198,1693226482444,7,3,4
39300,1693226482445,1692254218203,1692254218208,1693226482454,9,5,4
39301,1693226482454,1692254218213,1692254218217,1693226482463,9,4,5
39302,1693226482463,1692254218221,1692254218225,1693226482471,8,4,4
39303,1693226482471,1692254218229,1692254218231,1693226482478,7,2,5
39304,1693226482478,1692254218236,1692254218242,1693226482487,9,6,3
39305,1693226482487,1692254218246,1692254218248,1693226482494,7,2,5
39306,1693226482494,1692254218253,1692254218256,1693226482503,9,3,6
39307,1693226482503,1692254218263,1692254218266,1693226482512,9,3,6
39308,1693226482512,1692254218270,1692254218273,1693226482519,7,3,4
39309,1693226482519,1692254218277,1692254218280,1693226482526,7,3,4
39310,1693226482526,1692254218284,1692254218288,1693226482534,8,4,4
39311,1693226482534,1692254218293,1692254218296,1693226482544,10,3,7
39312,1693226482544,1692254218303,1692254218306,1693226482552,8,3,5
39313,1693226482552,1692254218311,1692254218314,1693226482561,9,3,6
39314,1693226482561,1692254218319,1692254218323,1693226482569,8,4,4
39315,1693226482569,1692254218327,1692254218330,1693226482576,7,3,4
39316,1693226482576,1692254218334,1692254218337,1693226482583,7,3,4
39317,1693226482583,1692254218341,1692254218344,1693226482590,7,3,4
39318,1693226482590,1692254218348,1692254218350,1693226482597,7,2,5
39319,1693226482597,1692254218354,1692254218357,1693226482603,6,3,3
39320,1693226482603,1692254218361,1692254218365,1693226482611,8,4,4
39321,1693226482611,1692254218370,1692254218373,1693226482619,8,3,5
39322,1693226482620,1692254218378,1692254218381,1693226482627,7,3,4
39323,1693226482627,1692254218386,1692254218388,1693226482634,7,2,5
39324,1693226482634,1692254218392,1692254218396,1693226482642,8,4,4
39325,1693226482642,1692254218400,1692254218403,1693226482649,7,3,4
39326,1693226482650,1692254218408,1692254218411,1693226482657,7,3,4
39327,1693226482657,1692254218415,1692254218419,1693226482665,8,4,4
39328,1693226482665,1692254218423,1692254218426,1693226482672,7,3,4
39329,1693226482672,1692254218430,1692254218433,1693226482680,8,3,5
39330,1693226482680,1692254218438,1692254218441,1693226482687,7,3,4
39331,1693226482687,1692254218445,1692254218448,1693226482695,8,3,5
39332,1693226482695,1692254218453,1692254218458,1693226482704,9,5,4
39333,1693226482704,1692254218463,1692254218466,1693226482712,8,3,5
39334,1693226482712,1692254218470,1692254218473,1693226482719,7,3,4
39335,1693226482719,1692254218478,1692254218482,1693226482729,10,4,6
39336,1693226482729,1692254218487,1692254218490,1693226482736,7,3,4
39337,1693226482736,1692254218494,1692254218497,1693226482743,7,3,4
39338,1693226482743,1692254218501,1692254218505,1693226482751,8,4,4
39339,1693226482751,1692254218510,1692254218513,1693226482759,8,3,5
39340,1693226482759,1692254218516,1692254218519,1693226482765,6,3,3
39341,1693226482765,1692254218524,1692254218527,1693226482773,8,3,5
39342,1693226482773,1692254218531,1692254218535,1693226482781,8,4,4
39343,1693226482781,1692254218540,1692254218543,1693226482789,8,3,5
39344,1693226482789,1692254218548,1692254218551,1693226482797,8,3,5
39345,1693226482797,1692254218555,1692254218557,1693226482803,6,2,4
39346,1693226482803,1692254218561,1692254218565,1693226482811,8,4,4
39347,1693226482811,1692254218570,1692254218573,1693226482819,8,3,5
39348,1693226482819,1692254218577,1692254218580,1693226482826,7,3,4
39349,1693226482826,1692254218583,1692254218587,1693226482833,7,4,3
39350,1693226482833,1692254218591,1692254218594,1693226482840,7,3,4
39351,1693226482840,1692254218598,1692254218601,1693226482847,7,3,4
39352,1693226482847,1692254218605,1692254218611,1693226482857,10,6,4
39353,1693226482857,1692254218615,1692254218619,1693226482865,8,4,4
39354,1693226482865,1692254218623,1692254218627,1693226482873,8,4,4
39355,1693226482873,1692254218631,1692254218635,1693226482881,8,4,4
39356,1693226482881,1692254218639,1692254218641,1693226482887,6,2,4
39357,1693226482887,1692254218645,1692254218649,1693226482895,8,4,4
39358,1693226482895,1692254218653,1692254218657,1693226482903,8,4,4
39359,1693226482903,1692254218661,1692254218665,1693226482911,8,4,4
39360,1693226482911,1692254218669,1692254218672,1693226482918,7,3,4
39361,1693226482918,1692254218676,1692254218679,1693226482925,7,3,4
39362,1693226482925,1692254218684,1692254218687,1693226482933,8,3,5
39363,1693226482933,1692254218694,1692254218698,1693226482944,11,4,7
39364,1693226482944,1692254218703,1692254218706,1693226482952,8,3,5
39365,1693226482952,1692254218712,1692254218716,1693226482962,10,4,6
39366,1693226482962,1692254218719,1692254218722,1693226482969,7,3,4
39367,1693226482969,1692254218733,1692254218737,1693226482983,14,4,10
39368,1693226482983,1692254218741,1692254218744,1693226482990,7,3,4
39369,1693226482990,1692254218750,1692254218754,1693226483000,10,4,6
39370,1693226483000,1692254218758,1692254218761,1693226483006,6,3,3
39371,1693226483006,1692254218764,1692254218769,1693226483015,9,5,4
39372,1693226483015,1692254218784,1692254218787,1693226483034,19,3,16
39373,1693226483034,1692254218792,1692254218796,1693226483042,8,4,4
39374,1693226483042,1692254218800,1692254218803,1693226483048,6,3,3
39375,1693226483048,1692254218806,1692254218809,1693226483055,7,3,4
39376,1693226483055,1692254218813,1692254218816,1693226483062,7,3,4
39377,1693226483062,1692254218820,1692254218823,1693226483069,7,3,4
39378,1693226483069,1692254218828,1692254218831,1693226483077,8,3,5
39379,1693226483077,1692254218835,1692254218839,1693226483085,8,4,4
39380,1693226483085,1692254218843,1692254218846,1693226483092,7,3,4
39381,1693226483092,1692254218850,1692254218853,1693226483100,8,3,5
39382,1693226483100,1692254218858,1692254218861,1693226483107,7,3,4
39383,1693226483107,1692254218865,1692254218868,1693226483115,8,3,5
39384,1693226483115,1692254218873,1692254218877,1693226483123,8,4,4
39385,1693226483123,1692254218881,1692254218884,1693226483130,7,3,4
39386,1693226483130,1692254218888,1692254218891,1693226483139,9,3,6
39387,1693226483139,1692254218898,1692254218901,1693226483147,8,3,5
39388,1693226483147,1692254218906,1692254218910,1693226483156,9,4,5
39389,1693226483156,1692254218915,1692254218919,1693226483165,9,4,5
39390,1693226483165,1692254218923,1692254218927,1693226483173,8,4,4
39391,1693226483173,1692254218931,1692254218934,1693226483180,7,3,4
39392,1693226483180,1692254218939,1692254218942,1693226483188,8,3,5
39393,1693226483188,1692254218947,1692254218950,1693226483196,8,3,5
39394,1693226483196,1692254218954,1692254218957,1693226483203,7,3,4
39395,1693226483203,1692254218962,1692254218965,1693226483211,8,3,5
39396,1693226483211,1692254218969,1692254218972,1693226483218,7,3,4
39397,1693226483218,1692254218977,1692254218980,1693226483226,8,3,5
39398,1693226483226,1692254218985,1692254218988,1693226483234,8,3,5
39399,1693226483234,1692254218992,1692254218995,1693226483242,8,3,5
39400,1693226483242,1692254219000,1692254219004,1693226483250,8,4,4
39401,1693226483250,1692254219008,1692254219013,1693226483259,9,5,4
39402,1693226483259,1692254219018,1692254219020,1693226483266,7,2,5
39403,1693226483266,1692254219025,1692254219028,1693226483274,8,3,5
39404,1693226483274,1692254219032,1692254219036,1693226483282,8,4,4
39405,1693226483282,1692254219041,1692254219044,1693226483289,7,3,4
39406,1693226483289,1692254219048,1692254219051,1693226483297,8,3,5
39407,1693226483297,1692254219055,1692254219060,1693226483306,9,5,4
39408,1693226483306,1692254219064,1692254219067,1693226483313,7,3,4
39409,1693226483313,1692254219072,1692254219075,1693226483322,9,3,6
39410,1693226483322,1692254219082,1692254219085,1693226483331,9,3,6
39411,1693226483331,1692254219089,1692254219092,1693226483338,7,3,4
39412,1693226483338,1692254219096,1692254219099,1693226483345,7,3,4
39413,1693226483345,1692254219104,1692254219107,1693226483353,8,3,5
39414,1693226483353,1692254219112,1692254219115,1693226483362,9,3,6
39415,1693226483362,1692254219120,1692254219123,1693226483369,7,3,4
39416,1693226483369,1692254219126,1692254219130,1693226483376,7,4,3
39417,1693226483376,1692254219134,1692254219140,1693226483386,10,6,4
39418,1693226483386,1692254219144,1692254219146,1693226483393,7,2,5
39419,1693226483393,1692254219151,1692254219157,1693226483403,10,6,4
39420,1693226483403,1692254219162,1692254219165,1693226483411,8,3,5
39421,1693226483411,1692254219169,1692254219172,1693226483418,7,3,4
39422,1693226483419,1692254219177,1692254219180,1693226483428,9,3,6
39423,1693226483429,1692254219187,1692254219190,1693226483436,7,3,4
39424,1693226483436,1692254219195,1692254219199,1693226483445,9,4,5
39425,1693226483445,1692254219204,1692254219208,1693226483453,8,4,4
39426,1693226483453,1692254219211,1692254219215,1693226483461,8,4,4
39427,1693226483461,1692254219220,1692254219223,1693226483469,8,3,5
39428,1693226483469,1692254219227,1692254219231,1693226483477,8,4,4
39429,1693226483477,1692254219235,1692254219239,1693226483485,8,4,4
39430,1693226483485,1692254219243,1692254219247,1693226483493,8,4,4
39431,1693226483493,1692254219252,1692254219255,1693226483501,8,3,5
39432,1693226483501,1692254219260,1692254219263,1693226483510,9,3,6
39433,1693226483510,1692254219268,1692254219271,1693226483517,7,3,4
39434,1693226483517,1692254219276,1692254219280,1693226483526,9,4,5
39435,1693226483526,1692254219287,1692254219290,1693226483536,10,3,7
39436,1693226483536,1692254219294,1692254219297,1693226483543,7,3,4
39437,1693226483543,1692254219308,1692254219311,1693226483557,14,3,11
39438,1693226483557,1692254219316,1692254219320,1693226483566,9,4,5
39439,1693226483566,1692254219324,1692254219327,1693226483573,7,3,4
39440,1693226483573,1692254219331,1692254219335,1693226483581,8,4,4
39441,1693226483581,1692254219339,1692254219344,1693226483590,9,5,4
39442,1693226483590,1692254219349,1692254219352,1693226483598,8,3,5
39443,1693226483598,1692254219356,1692254219360,1693226483606,8,4,4
39444,1693226483606,1692254219365,1692254219368,1693226483614,8,3,5
39445,1693226483614,1692254219372,1692254219375,1693226483621,7,3,4
39446,1693226483622,1692254219380,1692254219383,1693226483629,7,3,4
39447,1693226483629,1692254219406,1692254219409,1693226483655,26,3,23
39448,1693226483655,1692254219417,1692254219421,1693226483667,12,4,8
39449,1693226483667,1692254219425,1692254219429,1693226483675,8,4,4
39450,1693226483675,1692254219433,1692254219437,1693226483683,8,4,4
39451,1693226483683,1692254219441,1692254219445,1693226483691,8,4,4
39452,1693226483691,1692254219449,1692254219452,1693226483698,7,3,4
39453,1693226483698,1692254219456,1692254219459,1693226483705,7,3,4
39454,1693226483705,1692254219463,1692254219467,1693226483713,8,4,4
39455,1693226483713,1692254219472,1692254219475,1693226483721,8,3,5
39456,1693226483721,1692254219480,1692254219483,1693226483729,8,3,5
39457,1693226483729,1692254219488,1692254219490,1693226483736,7,2,5
39458,1693226483737,1692254219495,1692254219498,1693226483745,8,3,5
39459,1693226483745,1692254219502,1692254219505,1693226483751,6,3,3
39460,1693226483752,1692254219509,1692254219512,1693226483758,6,3,3
39461,1693226483758,1692254219517,1692254219520,1693226483767,9,3,6
39462,1693226483767,1692254219525,1692254219528,1693226483774,7,3,4
39463,1693226483774,1692254219532,1692254219535,1693226483781,7,3,4
39464,1693226483781,1692254219540,1692254219543,1693226483789,8,3,5
39465,1693226483789,1692254219547,1692254219551,1693226483797,8,4,4
39466,1693226483797,1692254219556,1692254219560,1693226483806,9,4,5
39467,1693226483806,1692254219564,1692254219567,1693226483813,7,3,4
39468,1693226483813,1692254219571,1692254219574,1693226483820,7,3,4
39469,1693226483820,1692254219578,1692254219582,1693226483828,8,4,4
39470,1693226483828,1692254219586,1692254219589,1693226483835,7,3,4
39471,1693226483835,1692254219595,1692254219599,1693226483845,10,4,6
39472,1693226483845,1692254219603,1692254219606,1693226483853,8,3,5
39473,1693226483853,1692254219612,1692254219615,1693226483861,8,3,5
39474,1693226483861,1692254219619,1692254219622,1693226483868,7,3,4
39475,1693226483868,1692254219627,1692254219630,1693226483877,9,3,6
39476,1693226483877,1692254219635,1692254219638,1693226483884,7,3,4
39477,1693226483884,1692254219642,1692254219646,1693226483892,8,4,4
39478,1693226483892,1692254219650,1692254219655,1693226483902,10,5,5
39479,1693226483902,1692254219661,1692254219665,1693226483911,9,4,5
39480,1693226483911,1692254219669,1692254219673,1693226483919,8,4,4
39481,1693226483919,1692254219677,1692254219682,1693226483928,9,5,4
39482,1693226483928,1692254219687,1692254219690,1693226483936,8,3,5
39483,1693226483936,1692254219697,1692254219700,1693226483946,10,3,7
39484,1693226483946,1692254219704,1692254219707,1693226483953,7,3,4
39485,1693226483953,1692254219712,1692254219715,1693226483961,8,3,5
39486,1693226483961,1692254219719,1692254219722,1693226483969,8,3,5
39487,1693226483969,1692254219727,1692254219730,1693226483976,7,3,4
39488,1693226483976,1692254219734,1692254219737,1693226483983,7,3,4
39489,1693226483983,1692254219741,1692254219744,1693226483990,7,3,4
39490,1693226483991,1692254219750,1692254219753,1693226483999,8,3,5
39491,1693226483999,1692254219757,1692254219761,1693226484007,8,4,4
39492,1693226484007,1692254219766,1692254219768,1693226484015,8,2,6
39493,1693226484015,1692254219773,1692254219777,1693226484023,8,4,4
39494,1693226484023,1692254219781,1692254219785,1693226484031,8,4,4
39495,1693226484031,1692254219789,1692254219792,1693226484038,7,3,4
39496,1693226484038,1692254219796,1692254219799,1693226484045,7,3,4
39497,1693226484045,1692254219804,1692254219807,1693226484053,8,3,5
39498,1693226484053,1692254219811,1692254219815,1693226484061,8,4,4
39499,1693226484061,1692254219819,1692254219823,1693226484069,8,4,4
39500,1693226484069,1692254219827,1692254219830,1693226484076,7,3,4
39501,1693226484076,1692254219834,1692254219837,1693226484083,7,3,4
39502,1693226484084,1692254219842,1692254219846,1693226484092,8,4,4
39503,1693226484092,1692254219850,1692254219853,1693226484099,7,3,4
39504,1693226484099,1692254219857,1692254219861,1693226484107,8,4,4
39505,1693226484107,1692254219866,1692254219868,1693226484114,7,2,5
39506,1693226484114,1692254219872,1692254219875,1693226484121,7,3,4
39507,1693226484121,1692254219879,1692254219882,1693226484128,7,3,4
39508,1693226484128,1692254219886,1692254219889,1693226484135,7,3,4
39509,1693226484135,1692254219893,1692254219897,1693226484145,10,4,6
39510,1693226484145,1692254219903,1692254219906,1693226484152,7,3,4
39511,1693226484152,1692254219910,1692254219913,1693226484159,7,3,4
39512,1693226484159,1692254219918,1692254219921,1693226484167,8,3,5
39513,1693226484167,1692254219925,1692254219928,1693226484174,7,3,4
39514,1693226484174,1692254219933,1692254219936,1693226484182,8,3,5
39515,1693226484182,1692254219940,1692254219944,1693226484190,8,4,4
39516,1693226484190,1692254219948,1692254219951,1693226484197,7,3,4
39517,1693226484198,1692254219956,1692254219959,1693226484205,7,3,4
39518,1693226484205,1692254219963,1692254219967,1693226484212,7,4,3
39519,1693226484212,1692254219970,1692254219973,1693226484219,7,3,4
39520,1693226484219,1692254219977,1692254219981,1693226484227,8,4,4
39521,1693226484227,1692254219986,1692254219990,1693226484236,9,4,5
39522,1693226484236,1692254219994,1692254219997,1693226484243,7,3,4
39523,1693226484243,1692254220004,1692254220008,1693226484254,11,4,7
39524,1693226484254,1692254220015,1692254220019,1693226484266,12,4,8
39525,1693226484266,1692254220024,1692254220026,1693226484272,6,2,4
39526,1693226484272,1692254220030,1692254220033,1693226484279,7,3,4
39527,1693226484279,1692254220037,1692254220040,1693226484286,7,3,4
39528,1693226484286,1692254220044,1692254220047,1693226484293,7,3,4
39529,1693226484293,1692254220052,1692254220055,1693226484301,8,3,5
39530,1693226484301,1692254220059,1692254220062,1693226484308,7,3,4
39531,1693226484308,1692254220066,1692254220069,1693226484315,7,3,4
39532,1693226484315,1692254220074,1692254220077,1693226484323,8,3,5
39533,1693226484323,1692254220081,1692254220085,1693226484331,8,4,4
39534,1693226484331,1692254220090,1692254220093,1693226484340,9,3,6
39535,1693226484340,1692254220098,1692254220102,1693226484350,10,4,6
39536,1693226484350,1692254220109,1692254220112,1693226484358,8,3,5
39537,1693226484358,1692254220116,1692254220119,1693226484365,7,3,4
39538,1693226484365,1692254220126,1692254220129,1693226484374,9,3,6
39539,1693226484375,1692254220132,1692254220135,1693226484381,6,3,3
39540,1693226484381,1692254220139,1692254220142,1693226484388,7,3,4
39541,1693226484388,1692254220147,1692254220150,1693226484397,9,3,6
39542,1693226484397,1692254220160,1692254220163,1693226484409,12,3,9
39543,1693226484409,1692254220167,1692254220170,1693226484416,7,3,4
39544,1693226484416,1692254220174,1692254220177,1693226484423,7,3,4
39545,1693226484423,1692254220181,1692254220184,1693226484430,7,3,4
39546,1693226484430,1692254220188,1692254220191,1693226484437,7,3,4
39547,1693226484437,1692254220195,1692254220198,1693226484444,7,3,4
39548,1693226484444,1692254220203,1692254220206,1693226484452,8,3,5
39549,1693226484452,1692254220211,1692254220214,1693226484460,8,3,5
39550,1693226484460,1692254220219,1692254220222,1693226484468,8,3,5
39551,1693226484468,1692254220226,1692254220229,1693226484476,8,3,5
39552,1693226484476,1692254220234,1692254220239,1693226484486,10,5,5
39553,1693226484486,1692254220244,1692254220247,1693226484493,7,3,4
39554,1693226484493,1692254220251,1692254220255,1693226484501,8,4,4
39555,1693226484501,1692254220259,1692254220262,1693226484508,7,3,4
39556,1693226484508,1692254220266,1692254220270,1693226484516,8,4,4
39557,1693226484516,1692254220274,1692254220278,1693226484524,8,4,4
39558,1693226484524,1692254220282,1692254220285,1693226484531,7,3,4
39559,1693226484531,1692254220289,1692254220292,1693226484538,7,3,4
39560,1693226484538,1692254220296,1692254220300,1693226484546,8,4,4
39561,1693226484546,1692254220304,1692254220308,1693226484556,10,4,6
39562,1693226484556,1692254220315,1692254220318,1693226484564,8,3,5
39563,1693226484564,1692254220323,1692254220326,1693226484572,8,3,5
39564,1693226484572,1692254220330,1692254220333,1693226484579,7,3,4
39565,1693226484579,1692254220338,1692254220341,1693226484587,8,3,5
39566,1693226484587,1692254220346,1692254220349,1693226484595,8,3,5
39567,1693226484595,1692254220353,1692254220356,1693226484602,7,3,4
39568,1693226484602,1692254220360,1692254220363,1693226484610,8,3,5
39569,1693226484610,1692254220368,1692254220371,1693226484617,7,3,4
39570,1693226484617,1692254220376,1692254220380,1693226484630,13,4,9
39571,1693226484630,1692254220388,1692254220392,1693226484638,8,4,4
39572,1693226484638,1692254220396,1692254220400,1693226484646,8,4,4
39573,1693226484646,1692254220404,1692254220408,1693226484654,8,4,4
39574,1693226484654,1692254220413,1692254220416,1693226484662,8,3,5
39575,1693226484662,1692254220421,1692254220424,1693226484670,8,3,5
39576,1693226484670,1692254220429,1692254220432,1693226484679,9,3,6
39577,1693226484679,1692254220437,1692254220439,1693226484687,8,2,6
39578,1693226484687,1692254220489,1692254220492,1693226484739,52,3,49
39579,1693226484739,1692254220497,1692254220500,1693226484753,14,3,11
39580,1693226484753,1692254220519,1692254220523,1693226484769,16,4,12
39581,1693226484769,1692254220528,1692254220531,1693226484777,8,3,5
39582,1693226484777,1692254220535,1692254220539,1693226484785,8,4,4
39583,1693226484785,1692254220543,1692254220546,1693226484792,7,3,4
39584,1693226484792,1692254220551,1692254220554,1693226484800,8,3,5
39585,1693226484800,1692254220558,1692254220561,1693226484807,7,3,4
39586,1693226484807,1692254220566,1692254220568,1693226484817,10,2,8
39587,1693226484817,1692254220575,1692254220579,1693226484825,8,4,4
39588,1693226484825,1692254220582,1692254220585,1693226484831,6,3,3
39589,1693226484831,1692254220594,1692254220599,1693226484846,15,5,10
39590,1693226484846,1692254220604,1692254220607,1693226484853,7,3,4
39591,1693226484853,1692254220611,1692254220615,1693226484864,11,4,7
39592,1693226484864,1692254220622,1692254220625,1693226484874,10,3,7
39593,1693226484874,1692254220632,1692254220635,1693226484895,21,3,18
39594,1693226484895,1692254220655,1692254220658,1693226484904,9,3,6
39595,1693226484904,1692254220662,1692254220665,1693226484911,7,3,4
39596,1693226484911,1692254220669,1692254220672,1693226484919,8,3,5
39597,1693226484919,1692254220677,1692254220680,1693226484926,7,3,4
39598,1693226484926,1692254220686,1692254220690,1693226484936,10,4,6
39599,1693226484936,1692254220695,1692254220698,1693226484944,8,3,5
39600,1693226484944,1692254220702,1692254220705,1693226484951,7,3,4
39601,1693226484951,1692254220709,1692254220712,1693226484958,7,3,4
39602,1693226484958,1692254220717,1692254220720,1693226484966,8,3,5
39603,1693226484966,1692254220725,1692254220728,1693226484974,8,3,5
39604,1693226484974,1692254220732,1692254220736,1693226484983,9,4,5
39605,1693226484983,1692254220741,1692254220744,1693226484990,7,3,4
39606,1693226484990,1692254220748,1692254220751,1693226484997,7,3,4
39607,1693226484997,1692254220755,1692254220759,1693226485005,8,4,4
39608,1693226485005,1692254220766,1692254220769,1693226485016,11,3,8
39609,1693226485016,1692254220774,1692254220778,1693226485024,8,4,4
39610,1693226485024,1692254220783,1692254220787,1693226485033,9,4,5
39611,1693226485033,1692254220792,1692254220794,1693226485040,7,2,5
39612,1693226485041,1692254220799,1692254220802,1693226485048,7,3,4
39613,1693226485048,1692254220807,1692254220810,1693226485056,8,3,5
39614,1693226485056,1692254220814,1692254220817,1693226485063,7,3,4
39615,1693226485063,1692254220823,1692254220827,1693226485073,10,4,6
39616,1693226485073,1692254220832,1692254220835,1693226485081,8,3,5
39617,1693226485081,1692254220839,1692254220842,1693226485087,6,3,3
39618,1693226485088,1692254220846,1692254220849,1693226485095,7,3,4
39619,1693226485095,1692254220854,1692254220858,1693226485105,10,4,6
39620,1693226485105,1692254220863,1692254220867,1693226485113,8,4,4
39621,1693226485113,1692254220871,1692254220873,1693226485119,6,2,4
39622,1693226485119,1692254220877,1692254220880,1693226485126,7,3,4
39623,1693226485126,1692254220884,1692254220888,1693226485177,51,4,47
39624,1693226485177,1692254220935,1692254220939,1693226485185,8,4,4
39625,1693226485185,1692254220943,1692254220947,1693226485193,8,4,4
39626,1693226485193,1692254220951,1692254220955,1693226485202,9,4,5
39627,1693226485202,1692254220960,1692254220963,1693226485209,7,3,4
39628,1693226485209,1692254220969,1692254220972,1693226485218,9,3,6
39629,1693226485218,1692254220976,1692254220979,1693226485225,7,3,4
39630,1693226485225,1692254220984,1692254220988,1693226485234,9,4,5
39631,1693226485234,1692254220992,1692254220995,1693226485241,7,3,4
39632,1693226485241,1692254220999,1692254221002,1693226485249,8,3,5
39633,1693226485249,1692254221007,1692254221010,1693226485256,7,3,4
39634,1693226485256,1692254221014,1692254221018,1693226485263,7,4,3
39635,1693226485263,1692254221021,1692254221025,1693226485272,9,4,5
39636,1693226485272,1692254221030,1692254221034,1693226485280,8,4,4
39637,1693226485280,1692254221038,1692254221041,1693226485288,8,3,5
39638,1693226485288,1692254221046,1692254221049,1693226485295,7,3,4
39639,1693226485295,1692254221054,1692254221057,1693226485303,8,3,5
39640,1693226485303,1692254221061,1692254221064,1693226485310,7,3,4
39641,1693226485310,1692254221069,1692254221072,1693226485318,8,3,5
39642,1693226485318,1692254221077,1692254221080,1693226485327,9,3,6
39643,1693226485327,1692254221085,1692254221088,1693226485335,8,3,5
39644,1693226485335,1692254221093,1692254221097,1693226485343,8,4,4
39645,1693226485343,1692254221101,1692254221104,1693226485351,8,3,5
39646,1693226485351,1692254221109,1692254221112,1693226485358,7,3,4
39647,1693226485358,1692254221117,1692254221120,1693226485366,8,3,5
39648,1693226485366,1692254221124,1692254221128,1693226485374,8,4,4
39649,1693226485374,1692254221132,1692254221135,1693226485381,7,3,4
39650,1693226485381,1692254221139,1692254221142,1693226485388,7,3,4
39651,1693226485388,1692254221146,1692254221150,1693226485396,8,4,4
39652,1693226485396,1692254221154,1692254221157,1693226485403,7,3,4
39653,1693226485403,1692254221161,1692254221164,1693226485410,7,3,4
39654,1693226485411,1692254221169,1692254221172,1693226485418,7,3,4
39655,1693226485418,1692254221176,1692254221179,1693226485425,7,3,4
39656,1693226485425,1692254221183,1692254221186,1693226485432,7,3,4
39657,1693226485432,1692254221190,1692254221193,1693226485439,7,3,4
39658,1693226485439,1692254221197,1692254221201,1693226485447,8,4,4
39659,1693226485447,1692254221206,1692254221209,1693226485455,8,3,5
39660,1693226485455,1692254221214,1692254221217,1693226485463,8,3,5
39661,1693226485463,1692254221221,1692254221225,1693226485471,8,4,4
39662,1693226485471,1692254221229,1692254221233,1693226485479,8,4,4
39663,1693226485479,1692254221237,1692254221241,1693226485487,8,4,4
39664,1693226485487,1692254221246,1692254221249,1693226485495,8,3,5
39665,1693226485495,1692254221253,1692254221256,1693226485502,7,3,4
39666,1693226485502,1692254221260,1692254221263,1693226485509,7,3,4
39667,1693226485509,1692254221268,1692254221270,1693226485516,7,2,5
39668,1693226485516,1692254221274,1692254221277,1693226485524,8,3,5
39669,1693226485524,1692254221282,1692254221285,1693226485531,7,3,4
39670,1693226485531,1692254221289,1692254221293,1693226485539,8,4,4
39671,1693226485539,1692254221297,1692254221301,1693226485547,8,4,4
39672,1693226485547,1692254221305,1692254221308,1693226485554,7,3,4
39673,1693226485554,1692254221313,1692254221316,1693226485563,9,3,6
39674,1693226485563,1692254221322,1692254221325,1693226485571,8,3,5
39675,1693226485571,1692254221330,1692254221333,1693226485579,8,3,5
39676,1693226485579,1692254221338,1692254221341,1693226485587,8,3,5
39677,1693226485587,1692254221345,1692254221348,1693226485594,7,3,4
39678,1693226485594,1692254221354,1692254221357,1693226485603,9,3,6
39679,1693226485603,1692254221361,1692254221365,1693226485611,8,4,4
39680,1693226485611,1692254221369,1692254221372,1693226485618,7,3,4
39681,1693226485619,1692254221377,1692254221380,1693226485626,7,3,4
39682,1693226485626,1692254221384,1692254221387,1693226485633,7,3,4
39683,1693226485633,1692254221392,1692254221395,1693226485641,8,3,5
39684,1693226485641,1692254221399,1692254221402,1693226485648,7,3,4
39685,1693226485648,1692254221407,1692254221410,1693226485656,8,3,5
39686,1693226485656,1692254221414,1692254221417,1693226485663,7,3,4
39687,1693226485664,1692254221422,1692254221425,1693226485671,7,3,4
39688,1693226485671,1692254221429,1692254221432,1693226485678,7,3,4
39689,1693226485678,1692254221438,1692254221441,1693226485687,9,3,6
39690,1693226485687,1692254221445,1692254221448,1693226485694,7,3,4
39691,1693226485694,1692254221452,1692254221456,1693226485702,8,4,4
39692,1693226485702,1692254221460,1692254221463,1693226485709,7,3,4
39693,1693226485709,1692254221468,1692254221471,1693226485717,8,3,5
39694,1693226485717,1692254221476,1692254221478,1693226485724,7,2,5
39695,1693226485724,1692254221483,1692254221486,1693226485732,8,3,5
39696,1693226485732,1692254221493,1692254221497,1693226485743,11,4,7
39697,1693226485743,1692254221501,1692254221504,1693226485750,7,3,4
39698,1693226485750,1692254221508,1692254221511,1693226485757,7,3,4
39699,1693226485757,1692254221516,1692254221519,1693226485765,8,3,5
39700,1693226485765,1692254221523,1692254221529,1693226485775,10,6,4
39701,1693226485775,1692254221534,1692254221537,1693226485784,9,3,6
39702,1693226485784,1692254221542,1692254221545,1693226485791,7,3,4
39703,1693226485791,1692254221549,1692254221552,1693226485798,7,3,4
39704,1693226485798,1692254221558,1692254221562,1693226485808,10,4,6
39705,1693226485808,1692254221566,1692254221569,1693226485815,7,3,4
39706,1693226485815,1692254221574,1692254221577,1693226485823,8,3,5
39707,1693226485823,1692254221582,1692254221584,1693226485830,7,2,5
39708,1693226485830,1692254221588,1692254221591,1693226485838,8,3,5
39709,1693226485838,1692254221596,1692254221599,1693226485845,7,3,4
39710,1693226485845,1692254221604,1692254221607,1693226485853,8,3,5
39711,1693226485853,1692254221612,1692254221615,1693226485862,9,3,6
39712,1693226485862,1692254221620,1692254221623,1693226485870,8,3,5
39713,1693226485870,1692254221628,1692254221631,1693226485877,7,3,4
39714,1693226485877,1692254221636,1692254221639,1693226485886,9,3,6
39715,1693226485886,1692254221644,1692254221648,1693226485894,8,4,4
39716,1693226485894,1692254221659,1692254221662,1693226485909,15,3,12
39717,1693226485909,1692254221667,1692254221670,1693226485917,8,3,5
39718,1693226485917,1692254221675,1692254221678,1693226485924,7,3,4
39719,1693226485925,1692254221683,1692254221686,1693226485933,8,3,5
39720,1693226485933,1692254221692,1692254221695,1693226485942,9,3,6
39721,1693226485942,1692254221700,1692254221704,1693226485951,9,4,5
39722,1693226485951,1692254221709,1692254221712,1693226485959,8,3,5
39723,1693226485959,1692254221717,1692254221721,1693226485967,8,4,4
39724,1693226485967,1692254221726,1692254221728,1693226485974,7,2,5
39725,1693226485974,1692254221732,1692254221735,1693226485981,7,3,4
39726,1693226485981,1692254221740,1692254221743,1693226485990,9,3,6
39727,1693226485990,1692254221748,1692254221751,1693226485997,7,3,4
39728,1693226485997,1692254221755,1692254221758,1693226486004,7,3,4
39729,1693226486004,1692254221762,1692254221766,1693226486012,8,4,4
39730,1693226486012,1692254221770,1692254221773,1693226486019,7,3,4
39731,1693226486019,1692254221778,1692254221781,1693226486027,8,3,5
39732,1693226486027,1692254221785,1692254221788,1693226486034,7,3,4
39733,1693226486034,1692254221792,1692254221795,1693226486044,10,3,7
39734,1693226486044,1692254221804,1692254221807,1693226486053,9,3,6
39735,1693226486053,1692254221812,1692254221815,1693226486062,9,3,6
39736,1693226486062,1692254221821,1692254221825,1693226486071,9,4,5
39737,1693226486071,1692254221830,1692254221835,1693226486081,10,5,5
39738,1693226486081,1692254221840,1692254221843,1693226486091,10,3,7
39739,1693226486091,1692254221849,1692254221853,1693226486099,8,4,4
39740,1693226486099,1692254221858,1692254221861,1693226486107,8,3,5
39741,1693226486107,1692254221865,1692254221868,1693226486114,7,3,4
39742,1693226486114,1692254221872,1692254221875,1693226486121,7,3,4
39743,1693226486121,1692254221879,1692254221882,1693226486128,7,3,4
39744,1693226486128,1692254221886,1692254221890,1693226486136,8,4,4
39745,1693226486136,1692254221894,1692254221897,1693226486143,7,3,4
39746,1693226486143,1692254221902,1692254221905,1693226486151,8,3,5
39747,1693226486151,1692254221909,1692254221912,1693226486158,7,3,4
39748,1693226486158,1692254221917,1692254221921,1693226486167,9,4,5
39749,1693226486167,1692254221925,1692254221928,1693226486175,8,3,5
39750,1693226486175,1692254221933,1692254221937,1693226486183,8,4,4
39751,1693226486183,1692254221941,1692254221945,1693226486193,10,4,6
39752,1693226486193,1692254221951,1692254221954,1693226486200,7,3,4
39753,1693226486200,1692254221958,1692254221961,1693226486207,7,3,4
39754,1693226486207,1692254221965,1692254221968,1693226486214,7,3,4
39755,1693226486214,1692254221972,1692254221977,1693226486223,9,5,4
39756,1693226486223,1692254221981,1692254221984,1693226486231,8,3,5
39757,1693226486231,1692254221989,1692254221992,1693226486238,7,3,4
39758,1693226486238,1692254221997,1692254222000,1693226486247,9,3,6
39759,1693226486247,1692254222006,1692254222009,1693226486255,8,3,5
39760,1693226486255,1692254222014,1692254222017,1693226486263,8,3,5
39761,1693226486264,1692254222022,1692254222026,1693226486272,8,4,4
39762,1693226486272,1692254222031,1692254222034,1693226486280,8,3,5
39763,1693226486280,1692254222038,1692254222041,1693226486286,6,3,3
39764,1693226486286,1692254222045,1692254222048,1693226486295,9,3,6
39765,1693226486295,1692254222054,1692254222057,1693226486303,8,3,5
39766,1693226486303,1692254222062,1692254222065,1693226486311,8,3,5
39767,1693226486311,1692254222070,1692254222074,1693226486320,9,4,5
39768,1693226486320,1692254222078,1692254222080,1693226486327,7,2,5
39769,1693226486327,1692254222085,1692254222089,1693226486335,8,4,4
39770,1693226486335,1692254222094,1692254222097,1693226486343,8,3,5
39771,1693226486343,1692254222102,1692254222105,1693226486351,8,3,5
39772,1693226486351,1692254222109,1692254222113,1693226486359,8,4,4
39773,1693226486359,1692254222118,1692254222122,1693226486368,9,4,5
39774,1693226486368,1692254222127,1692254222131,1693226486377,9,4,5
39775,1693226486377,1692254222135,1692254222138,1693226486384,7,3,4
39776,1693226486384,1692254222143,1692254222145,1693226486391,7,2,5
39777,1693226486391,1692254222150,1692254222154,1693226486400,9,4,5
39778,1693226486400,1692254222158,1692254222161,1693226486407,7,3,4
39779,1693226486407,1692254222165,1692254222169,1693226486416,9,4,5
39780,1693226486416,1692254222174,1692254222178,1693226486424,8,4,4
39781,1693226486424,1692254222183,1692254222186,1693226486432,8,3,5
39782,1693226486432,1692254222190,1692254222193,1693226486439,7,3,4
39783,1693226486439,1692254222197,1692254222200,1693226486447,8,3,5
39784,1693226486447,1692254222206,1692254222209,1693226486455,8,3,5
39785,1693226486455,1692254222213,1692254222216,1693226486462,7,3,4
39786,1693226486462,1692254222220,1692254222224,1693226486470,8,4,4
39787,1693226486470,1692254222228,1692254222231,1693226486477,7,3,4
39788,1693226486478,1692254222236,1692254222239,1693226486485,7,3,4
39789,1693226486485,1692254222243,1692254222246,1693226486492,7,3,4
39790,1693226486493,1692254222251,1692254222254,1693226486500,7,3,4
39791,1693226486500,1692254222259,1692254222262,1693226486509,9,3,6
39792,1693226486509,1692254222267,1692254222270,1693226486516,7,3,4
39793,1693226486516,1692254222275,1692254222278,1693226486524,8,3,5
39794,1693226486524,1692254222282,1692254222285,1693226486531,7,3,4
39795,1693226486531,1692254222290,1692254222293,1693226486539,8,3,5
39796,1693226486539,1692254222297,1692254222300,1693226486546,7,3,4
39797,1693226486546,1692254222305,1692254222308,1693226486554,8,3,5
39798,1693226486554,1692254222312,1692254222315,1693226486562,8,3,5
39799,1693226486562,1692254222320,1692254222322,1693226486569,7,2,5
39800,1693226486569,1692254222327,1692254222330,1693226486577,8,3,5
39801,1693226486577,1692254222335,1692254222338,1693226486584,7,3,4
39802,1693226486584,1692254222343,1692254222346,1693226486592,8,3,5
39803,1693226486592,1692254222350,1692254222354,1693226486600,8,4,4
39804,1693226486600,1692254222359,1692254222363,1693226486609,9,4,5
39805,1693226486609,1692254222367,1692254222370,1693226486617,8,3,5
39806,1693226486617,1692254222377,1692254222381,1693226486627,10,4,6
39807,1693226486627,1692254222385,1692254222388,1693226486634,7,3,4
39808,1693226486634,1692254222392,1692254222395,1693226486641,7,3,4
39809,1693226486641,1692254222402,1692254222406,1693226486652,11,4,7
39810,1693226486652,1692254222410,1692254222412,1693226486658,6,2,4
39811,1693226486658,1692254222417,1692254222422,1693226486668,10,5,5
39812,1693226486668,1692254222426,1692254222429,1693226486675,7,3,4
39813,1693226486675,1692254222434,1692254222436,1693226486682,7,2,5
39814,1693226486682,1692254222441,1692254222444,1693226486690,8,3,5
39815,1693226486690,1692254222448,1692254222451,1693226486698,8,3,5
39816,1693226486698,1692254222456,1692254222459,1693226486706,8,3,5
39817,1693226486706,1692254222464,1692254222467,1693226486713,7,3,4
39818,1693226486713,1692254222472,1692254222475,1693226486721,8,3,5
39819,1693226486721,1692254222479,1692254222483,1693226486729,8,4,4
39820,1693226486729,1692254222487,1692254222490,1693226486735,6,3,3
39821,1693226486735,1692254222495,1692254222498,1693226486744,9,3,6
39822,1693226486744,1692254222502,1692254222505,1693226486751,7,3,4
39823,1693226486751,1692254222509,1692254222513,1693226486759,8,4,4
39824,1693226486759,1692254222517,1692254222520,1693226486766,7,3,4
39825,1693226486766,1692254222525,1692254222529,1693226486775,9,4,5
39826,1693226486775,1692254222534,1692254222537,1693226486783,8,3,5
39827,1693226486783,1692254222542,1692254222545,1693226486791,8,3,5
39828,1693226486791,1692254222551,1692254222553,1693226486800,9,2,7
39829,1693226486800,1692254222558,1692254222562,1693226486808,8,4,4
39830,1693226486808,1692254222566,1692254222570,1693226486815,7,4,3
39831,1693226486815,1692254222579,1692254222582,1693226486828,13,3,10
39832,1693226486828,1692254222586,1692254222589,1693226486836,8,3,5
39833,1693226486836,1692254222594,1692254222597,1693226486843,7,3,4
39834,1693226486843,1692254222601,1692254222604,1693226486851,8,3,5
39835,1693226486851,1692254222609,1692254222612,1693226486857,6,3,3
39836,1693226486857,1692254222616,1692254222619,1693226486865,8,3,5
39837,1693226486865,1692254222624,1692254222627,1693226486873,8,3,5
39838,1693226486873,1692254222631,1692254222634,1693226486880,7,3,4
39839,1693226486880,1692254222638,1692254222641,1693226486887,7,3,4
39840,1693226486887,1692254222646,1692254222649,1693226486895,8,3,5
39841,1693226486895,1692254222653,1692254222656,1693226486902,7,3,4
39842,1693226486902,1692254222660,1692254222663,1693226486910,8,3,5
39843,1693226486910,1692254222668,1692254222672,1693226486918,8,4,4
39844,1693226486918,1692254222676,1692254222680,1693226486927,9,4,5
39845,1693226486927,1692254222686,1692254222689,1693226486935,8,3,5
39846,1693226486935,1692254222693,1692254222696,1693226486942,7,3,4
39847,1693226486942,1692254222700,1692254222704,1693226486950,8,4,4
39848,1693226486950,1692254222709,1692254222712,1693226486959,9,3,6
39849,1693226486959,1692254222717,1692254222720,1693226486966,7,3,4
39850,1693226486966,1692254222724,1692254222728,1693226486974,8,4,4
39851,1693226486974,1692254222732,1692254222735,1693226486981,7,3,4
39852,1693226486981,1692254222739,1692254222742,1693226486988,7,3,4
39853,1693226486988,1692254222746,1692254222749,1693226486996,8,3,5
39854,1693226486996,1692254222754,1692254222757,1693226487003,7,3,4
39855,1693226487003,1692254222762,1692254222765,1693226487012,9,3,6
39856,1693226487012,1692254222771,1692254222774,1693226487020,8,3,5
39857,1693226487020,1692254222778,1692254222781,1693226487027,7,3,4
39858,1693226487027,1692254222786,1692254222789,1693226487035,8,3,5
39859,1693226487035,1692254222793,1692254222796,1693226487043,8,3,5
39860,1693226487043,1692254222801,1692254222805,1693226487050,7,4,3
39861,1693226487050,1692254222808,1692254222811,1693226487057,7,3,4
39862,1693226487057,1692254222816,1692254222819,1693226487066,9,3,6
39863,1693226487066,1692254222824,1692254222828,1693226487074,8,4,4
39864,1693226487074,1692254222833,1692254222836,1693226487082,8,3,5
39865,1693226487082,1692254222840,1692254222844,1693226487090,8,4,4
39866,1693226487091,1692254222849,1692254222852,1693226487098,7,3,4
39867,1693226487098,1692254222856,1692254222860,1693226487105,7,4,3
39868,1693226487105,1692254222864,1692254222868,1693226487115,10,4,6
39869,1693226487115,1692254222873,1692254222877,1693226487123,8,4,4
39870,1693226487123,1692254222881,1692254222884,1693226487130,7,3,4
39871,1693226487130,1692254222889,1692254222892,1693226487139,9,3,6
39872,1693226487139,1692254222897,1692254222900,1693226487146,7,3,4
39873,1693226487146,1692254222904,1692254222907,1693226487153,7,3,4
39874,1693226487153,1692254222911,1692254222914,1693226487160,7,3,4
39875,1693226487160,1692254222918,1692254222922,1693226487168,8,4,4
39876,1693226487168,1692254222926,1692254222932,1693226487179,11,6,5
39877,1693226487179,1692254222937,1692254222941,1693226487187,8,4,4
39878,1693226487187,1692254222946,1692254222950,1693226487196,9,4,5
39879,1693226487196,1692254222954,1692254222957,1693226487203,7,3,4
39880,1693226487203,1692254222961,1692254222964,1693226487210,7,3,4
39881,1693226487210,1692254222968,1692254222971,1693226487218,8,3,5
39882,1693226487218,1692254222976,1692254222979,1693226487225,7,3,4
39883,1693226487225,1692254222983,1692254222988,1693226487234,9,5,4
39884,1693226487234,1692254222993,1692254222996,1693226487242,8,3,5
39885,1693226487242,1692254223000,1692254223003,1693226487250,8,3,5
39886,1693226487250,1692254223008,1692254223011,1693226487257,7,3,4
39887,1693226487257,1692254223016,1692254223019,1693226487265,8,3,5
39888,1693226487265,1692254223023,1692254223026,1693226487272,7,3,4
39889,1693226487272,1692254223030,1692254223034,1693226487280,8,4,4
39890,1693226487280,1692254223039,1692254223042,1693226487289,9,3,6
39891,1693226487289,1692254223047,1692254223050,1693226487296,7,3,4
39892,1693226487296,1692254223055,1692254223058,1693226487304,8,3,5
39893,1693226487304,1692254223062,1692254223066,1693226487312,8,4,4
39894,1693226487312,1692254223070,1692254223073,1693226487319,7,3,4
39895,1693226487319,1692254223077,1692254223081,1693226487327,8,4,4
39896,1693226487327,1692254223085,1692254223088,1693226487334,7,3,4
39897,1693226487334,1692254223092,1692254223095,1693226487341,7,3,4
39898,1693226487341,1692254223100,1692254223103,1693226487349,8,3,5
39899,1693226487349,1692254223107,1692254223111,1693226487357,8,4,4
39900,1693226487357,1692254223115,1692254223119,1693226487365,8,4,4
39901,1693226487365,1692254223123,1692254223126,1693226487372,7,3,4
39902,1693226487372,1692254223131,1692254223134,1693226487380,8,3,5
39903,1693226487380,1692254223139,1692254223142,1693226487388,8,3,5
39904,1693226487388,1692254223147,1692254223149,1693226487396,8,2,6
39905,1693226487396,1692254223159,1692254223163,1693226487409,13,4,9
39906,1693226487603,1692254223363,1692254223369,1693226487615,12,6,6
39907,1693226487615,1692254223374,1692254223383,1693226487646,31,9,22
39908,1693226487646,1692254223406,1692254223409,1693226487656,10,3,7
39909,1693226487656,1692254223414,1692254223418,1693226487663,7,4,3
39910,1693226487663,1692254223421,1692254223425,1693226487671,8,4,4
39911,1693226487671,1692254223430,1692254223433,1693226487680,9,3,6
39912,1693226487680,1692254223438,1692254223441,1693226487687,7,3,4
39913,1693226487687,1692254223454,1692254223456,1693226487711,24,2,22
39914,1693226487711,1692254223470,1692254223473,1693226487719,8,3,5
39915,1693226487719,1692254223482,1692254223484,1693226487730,11,2,9
39916,1693226487730,1692254223488,1692254223492,1693226487738,8,4,4
39917,1693226487738,1692254223496,1692254223499,1693226487747,9,3,6
39918,1693226487747,1692254223506,1692254223509,1693226487754,7,3,4
39919,1693226487754,1692254223513,1692254223516,1693226487761,7,3,4
39920,1693226487761,1692254223519,1692254223524,1693226487770,9,5,4
39921,1693226487770,1692254223528,1692254223530,1693226487776,6,2,4
39922,1693226487776,1692254223537,1692254223540,1693226487786,10,3,7
39923,1693226487786,1692254223546,1692254223551,1693226487797,11,5,6
39924,1693226487797,1692254223556,1692254223559,1693226487805,8,3,5
39925,1693226487805,1692254223566,1692254223568,1693226487814,9,2,7
39926,1693226487814,1692254223574,1692254223577,1693226487823,9,3,6
39927,1693226487823,1692254223582,1692254223584,1693226487831,8,2,6
39928,1693226487831,1692254223594,1692254223597,1693226487843,12,3,9
39929,1693226487843,1692254223602,1692254223605,1693226487851,8,3,5
39930,1693226487851,1692254223613,1692254223616,1693226487862,11,3,8
39931,1693226487862,1692254223620,1692254223623,1693226487869,7,3,4
39932,1693226487869,1692254223633,1692254223636,1693226487882,13,3,10
39933,1693226487882,1692254223640,1692254223643,1693226487889,7,3,4
39934,1693226487889,1692254223650,1692254223652,1693226487898,9,2,7
39935,1693226487898,1692254223689,1692254223692,1693226487939,41,3,38
39936,1693226487939,1692254223697,1692254223701,1693226487947,8,4,4
39937,1693226487947,1692254223753,1692254223756,1693226488002,55,3,52
39938,1693226488002,1692254223760,1692254223763,1693226488010,8,3,5
39939,1693226488010,1692254223768,1692254223770,1693226488016,6,2,4
39940,1693226488016,1692254223776,1692254223779,1693226488025,9,3,6
39941,1693226488025,1692254223795,1692254223799,1693226488045,20,4,16
39942,1693226488045,1692254223809,1692254223812,1693226488059,14,3,11
39943,1693226488059,1692254223830,1692254223833,1693226488080,21,3,18
39944,1693226488080,1692254223851,1692254223853,1693226488100,20,2,18
39945,1693226488100,1692254223859,1692254223862,1693226488108,8,3,5
39946,1693226488108,1692254223867,1692254223869,1693226488116,8,2,6
39947,1693226488116,1692254223874,1692254223876,1693226488122,6,2,4
39948,1693226488122,1692254223880,1692254223883,1693226488129,7,3,4
39949,1693226488129,1692254223887,1692254223890,1693226488139,10,3,7
39950,1693226488139,1692254223897,1692254223900,1693226488146,7,3,4
39951,1693226488146,1692254223904,1692254223907,1693226488153,7,3,4
39952,1693226488153,1692254223911,1692254223914,1693226488160,7,3,4
39953,1693226488160,1692254223918,1692254223921,1693226488169,9,3,6
39954,1693226488169,1692254223928,1692254223931,1693226488177,8,3,5
39955,1693226488177,1692254223993,1692254223996,1693226488242,65,3,62
39956,1693226488242,1692254224009,1692254224037,1693226488283,41,28,13
39957,1693226488283,1692254224041,1692254224045,1693226488291,8,4,4
39958,1693226488291,1692254224049,1692254224053,1693226488300,9,4,5
39959,1693226488300,1692254224061,1692254224063,1693226488310,10,2,8
39960,1693226488310,1692254224073,1692254224076,1693226488321,11,3,8
39961,1693226488321,1692254224090,1692254224093,1693226488339,18,3,15
39962,1693226488339,1692254224106,1692254224108,1693226488354,15,2,13
39963,1693226488354,1692254224114,1692254224117,1693226488363,9,3,6
39964,1693226488363,1692254224121,1692254224124,1693226488370,7,3,4
39965,1693226488370,1692254224161,1692254224164,1693226488410,40,3,37
39966,1693226488410,1692254224174,1692254224176,1693226488422,12,2,10
39967,1693226488422,1692254224182,1692254224185,1693226488431,9,3,6
39968,1693226488431,1692254224189,1692254224192,1693226488438,7,3,4
39969,1693226488438,1692254224206,1692254224210,1693226488456,18,4,14
39970,1693226488456,1692254224214,1692254224217,1693226488464,8,3,5
39971,1693226488464,1692254224342,1692254224345,1693226488591,127,3,124
39972,1693226488592,1692254224370,1692254224373,1693226488619,27,3,24
39973,1693226488619,1692254224377,1692254224380,1693226488626,7,3,4
39974,1693226488626,1692254224384,1692254224387,1693226488633,7,3,4
39975,1693226488633,1692254224391,1692254224394,1693226488641,8,3,5
39976,1693226488641,1692254224399,1692254224402,1693226488648,7,3,4
39977,1693226488648,1692254224407,1692254224410,1693226488656,8,3,5
39978,1693226488656,1692254224415,1692254224418,1693226488664,8,3,5
39979,1693226488664,1692254224422,1692254224425,1693226488671,7,3,4
39980,1693226488671,1692254224473,1692254224476,1693226488722,51,3,48
39981,1693226488722,1692254224490,1692254224493,1693226488755,33,3,30
39982,1693226488755,1692254224537,1692254224540,1693226488786,31,3,28
39983,1693226488786,1692254224570,1692254224573,1693226488831,45,3,42
39984,1693226488831,1692254224590,1692254224592,1693226488838,7,2,5
39985,1693226488838,1692254224602,1692254224604,1693226488851,13,2,11
39986,1693226488851,1692254224637,1692254224640,1693226488886,35,3,32
39987,1693226488886,1692254224644,1692254224647,1693226488893,7,3,4
39988,1693226488893,1692254224652,1692254224655,1693226488901,8,3,5
39989,1693226488901,1692254224659,1692254224662,1693226488908,7,3,4
39990,1693226488908,1692254224666,1692254224670,1693226488916,8,4,4
39991,1693226488916,1692254224675,1692254224678,1693226488923,7,3,4
39992,1693226488923,1692254224681,1692254224684,1693226488930,7,3,4
39993,1693226488930,1692254224689,1692254224693,1693226488939,9,4,5
39994,1693226488939,1692254224698,1692254224701,1693226488948,9,3,6
39995,1693226488948,1692254224706,1692254224755,1693226489001,53,49,4
39996,1693226489001,1692254224759,1692254224762,1693226489008,7,3,4
39997,1693226489008,1692254224766,1692254224769,1693226489015,7,3,4
39998,1693226489015,1692254224777,1692254224781,1693226489027,12,4,8
39999,1693226489027,1692254224817,1692254224820,1693226489066,39,3,36
40000,1693226489066,1692254224843,1692254224846,1693226489092,26,3,23
40001,1693226489092,1692254224851,1692254224854,1693226489101,9,3,6
40002,1693226489101,1692254224865,1692254224868,1693226489114,13,3,10
40003,1693226489114,1692254224880,1692254224883,1693226489129,15,3,12
40004,1693226489129,1692254224887,1692254224890,1693226489136,7,3,4
40005,1693226489136,1692254224921,1692254224924,1693226489170,34,3,31
40006,1693226489170,1692254224929,1692254224932,1693226489178,8,3,5
40007,1693226489178,1692254224937,1692254224941,1693226489187,9,4,5
40008,1693226489187,1692254225029,1692254225032,1693226489278,91,3,88
40009,1693226489278,1692254225045,1692254225049,1693226489296,18,4,14
40010,1693226489297,1692254225055,1692254225059,1693226489305,8,4,4
40011,1693226489305,1692254225078,1692254225080,1693226489327,22,2,20
40012,1693226489327,1692254225090,1692254225107,1693226489353,26,17,9
40013,1693226489353,1692254225137,1692254225140,1693226489386,33,3,30
40014,1693226489386,1692254225149,1692254225152,1693226489398,12,3,9
40015,1693226489399,1692254225162,1692254225165,1693226489411,12,3,9
40016,1693226489411,1692254225170,1692254225172,1693226489418,7,2,5
40017,1693226489418,1692254225177,1692254225179,1693226489425,7,2,5
40018,1693226489425,1692254225183,1692254225185,1693226489431,6,2,4
40019,1693226489431,1692254225194,1692254225196,1693226489443,12,2,10
40020,1693226489443,1692254225201,1692254225204,1693226489450,7,3,4
40021,1693226489450,1692254225209,1692254225213,1693226489459,9,4,5
40022,1693226489459,1692254225294,1692254225297,1693226489543,84,3,81
40023,1693226489543,1692254225333,1692254225336,1693226489587,44,3,41
40024,1693226489587,1692254225362,1692254225365,1693226489611,24,3,21
40025,1693226489611,1692254225373,1692254225376,1693226489622,11,3,8
40026,1693226489622,1692254225381,1692254225384,1693226489630,8,3,5
40027,1693226489630,1692254225398,1692254225400,1693226489646,16,2,14
40028,1693226489646,1692254225411,1692254225414,1693226489660,14,3,11
40029,1693226489660,1692254225418,1692254225422,1693226489668,8,4,4
40030,1693226489668,1692254225426,1692254225429,1693226489676,8,3,5
40031,1693226489676,1692254225434,1692254225437,1693226489683,7,3,4
40032,1693226489683,1692254225441,1692254225444,1693226489690,7,3,4
40033,1693226489690,1692254225454,1692254225457,1693226489703,13,3,10
40034,1693226489703,1692254225475,1692254225478,1693226489725,22,3,19
40035,1693226489725,1692254225698,1692254225701,1693226489947,222,3,219
40036,1693226489947,1692254225741,1692254225744,1693226489990,43,3,40
40037,1693226489990,1692254225821,1692254225824,1693226490070,80,3,77
40038,1693226490070,1692254225829,1692254225832,1693226490077,7,3,4
40039,1693226490077,1692254225853,1692254225856,1693226490102,25,3,22
40040,1693226490103,1692254225861,1692254225864,1693226490110,7,3,4
40041,1693226490110,1692254225878,1692254225881,1693226490127,17,3,14
40042,1693226490127,1692254225901,1692254225904,1693226490150,23,3,20
40043,1693226490150,1692254225949,1692254225952,1693226490198,48,3,45
40044,1693226490198,1692254225956,1692254225959,1693226490206,8,3,5
40045,1693226490206,1692254225973,1692254225976,1693226490222,16,3,13
40046,1693226490222,1692254225995,1692254225998,1693226490244,22,3,19
40047,1693226490244,1692254226003,1692254226005,1693226490251,7,2,5
40048,1693226490251,1692254226010,1692254226013,1693226490259,8,3,5
40049,1693226490259,1692254226041,1692254226044,1693226490290,31,3,28
40050,1693226490290,1692254226049,1692254226052,1693226490298,8,3,5
40051,1693226490298,1692254226056,1692254226059,1693226490305,7,3,4
40052,1693226490305,1692254226069,1692254226072,1693226490319,14,3,11
40053,1693226490319,1692254226081,1692254226085,1693226490330,11,4,7
40054,1693226490330,1692254226102,1692254226105,1693226490351,21,3,18
40055,1693226490351,1692254226122,1692254226127,1693226490372,21,5,16
40056,1693226490372,1692254226153,1692254226156,1693226490402,30,3,27
40057,1693226490402,1692254226162,1692254226165,1693226490411,9,3,6
40058,1693226490411,1692254226169,1692254226172,1693226490418,7,3,4
40059,1693226490418,1692254226176,1692254226180,1693226490426,8,4,4
40060,1693226490426,1692254226196,1692254226199,1693226490445,19,3,16
40061,1693226490445,1692254226207,1692254226210,1693226490457,12,3,9
40062,1693226490457,1692254226215,1692254226218,1693226490479,22,3,19
40063,1693226490479,1692254226237,1692254226240,1693226490486,7,3,4
40064,1693226490486,1692254226257,1692254226260,1693226490507,21,3,18
40065,1693226490507,1692254226265,1692254226269,1693226490515,8,4,4
40066,1693226490515,1692254226280,1692254226283,1693226490529,14,3,11
40067,1693226490529,1692254226288,1692254226291,1693226490537,8,3,5
40068,1693226490537,1692254226296,1692254226299,1693226490545,8,3,5
40069,1693226490545,1692254226303,1692254226305,1693226490551,6,2,4
40070,1693226490551,1692254226310,1692254226313,1693226490559,8,3,5
40071,1693226490559,1692254226317,1692254226321,1693226490567,8,4,4
40072,1693226490567,1692254226325,1692254226328,1693226490574,7,3,4
40073,1693226490574,1692254226332,1692254226335,1693226490581,7,3,4
40074,1693226490581,1692254226373,1692254226376,1693226490622,41,3,38
40075,1693226490622,1692254226380,1692254226383,1693226490629,7,3,4
40076,1693226490629,1692254226389,1692254226392,1693226490638,9,3,6
40077,1693226490638,1692254226429,1692254226432,1693226490678,40,3,37
40078,1693226490678,1692254226438,1692254226440,1693226490687,9,2,7
40079,1693226490687,1692254226445,1692254226448,1693226490695,8,3,5
40080,1693226490695,1692254226456,1692254226460,1693226490706,11,4,7
40081,1693226490706,1692254226557,1692254226560,1693226490806,100,3,97
40082,1693226490806,1692254226578,1692254226581,1693226490826,20,3,17
40083,1693226490826,1692254226584,1692254226587,1693226490833,7,3,4
40084,1693226490833,1692254226591,1692254226594,1693226490840,7,3,4
40085,1693226490840,1692254226598,1692254226602,1693226490848,8,4,4
40086,1693226490848,1692254226606,1692254226608,1693226490855,7,2,5
40087,1693226490855,1692254226613,1692254226616,1693226490861,6,3,3
40088,1693226490861,1692254226619,1692254226622,1693226490868,7,3,4
40089,1693226490868,1692254226630,1692254226634,1693226490880,12,4,8
40090,1693226490880,1692254226638,1692254226642,1693226490887,7,4,3
40091,1693226490887,1692254226646,1692254226649,1693226490895,8,3,5
40092,1693226490895,1692254226697,1692254226701,1693226490947,52,4,48
40093,1693226490947,1692254226706,1692254226738,1693226490984,37,32,5
40094,1693226490984,1692254226790,1692254226793,1693226491075,91,3,88
40095,1693226491075,1692254226845,1692254226849,1693226491095,20,4,16
40096,1693226491095,1692254226853,1692254226856,1693226491103,8,3,5
40097,1693226491103,1692254226914,1692254226916,1693226491163,60,2,58
40098,1693226491163,1692254226921,1692254226923,1693226491169,6,2,4
40099,1693226491169,1692254226969,1692254226972,1693226491218,49,3,46
40100,1693226491218,1692254226977,1692254226980,1693226491226,8,3,5
40101,1693226491226,1692254226985,1692254226989,1693226491235,9,4,5
40102,1693226491235,1692254226993,1692254226997,1693226491243,8,4,4
40103,1693226491243,1692254227002,1692254227005,1693226491251,8,3,5
40104,1693226491251,1692254227009,1692254227012,1693226491258,7,3,4
40105,1693226491258,1692254227049,1692254227052,1693226491298,40,3,37
40106,1693226491298,1692254227057,1692254227060,1693226491306,8,3,5
40107,1693226491306,1692254227081,1692254227084,1693226491331,25,3,22
40108,1693226491331,1692254227178,1692254227181,1693226491427,96,3,93
40109,1693226491427,1692254227186,1692254227189,1693226491436,9,3,6
40110,1693226491436,1692254227206,1692254227209,1693226491455,19,3,16
40111,1693226491455,1692254227214,1692254227217,1693226491463,8,3,5
40112,1693226491463,1692254227222,1692254227262,1693226491508,45,40,5
40113,1693226491508,1692254227353,1692254227356,1693226491602,94,3,91
40114,1693226491602,1692254227402,1692254227405,1693226491651,49,3,46
40115,1693226491651,1692254227469,1692254227472,1693226491718,67,3,64
40116,1693226491718,1692254227506,1692254227510,1693226491755,37,4,33
40117,1693226491755,1692254227534,1692254227537,1693226491783,28,3,25
40118,1693226491783,1692254227546,1692254227549,1693226491795,12,3,9
40119,1693226491795,1692254227561,1692254227565,1693226491811,16,4,12
40120,1693226491811,1692254227569,1692254227571,1693226491817,6,2,4
40121,1693226491818,1692254227576,1692254227585,1693226491831,13,9,4
40122,1693226491831,1692254227590,1692254227592,1693226491838,7,2,5
40123,1693226491838,1692254227601,1692254227604,1693226491850,12,3,9
40124,1693226491850,1692254227608,1692254227611,1693226491857,7,3,4
40125,1693226491857,1692254227615,1692254227618,1693226491864,7,3,4
40126,1693226491864,1692254227633,1692254227635,1693226491881,17,2,15
40127,1693226491881,1692254227645,1692254227648,1693226491894,13,3,10
40128,1693226491894,1692254227689,1692254227692,1693226491938,44,3,41
40129,1693226491939,1692254227706,1692254227709,1693226491956,17,3,14
40130,1693226491956,1692254227729,1692254227732,1693226491979,23,3,20
40131,1693226491979,1692254227789,1692254227792,1693226492038,59,3,56
40132,1693226492038,1692254227802,1692254227804,1693226492059,21,2,19
40133,1693226492059,1692254227817,1692254227820,1693226492067,8,3,5
40134,1693226492067,1692254227830,1692254227833,1693226492079,12,3,9
40135,1693226492079,1692254227837,1692254227840,1693226492086,7,3,4
40136,1693226492086,1692254227846,1692254227850,1693226492096,10,4,6
40137,1693226492096,1692254227854,1692254227858,1693226492104,8,4,4
40138,1693226492104,1692254227925,1692254227928,1693226492174,70,3,67
40139,1693226492174,1692254227954,1692254227959,1693226492204,30,5,25
40140,1693226492204,1692254227979,1692254227982,1693226492228,24,3,21
40141,1693226492228,1692254227986,1692254227988,1693226492235,7,2,5
40142,1693226492235,1692254227993,1692254227996,1693226492242,7,3,4
40143,1693226492242,1692254228005,1692254228008,1693226492254,12,3,9
40144,1693226492254,1692254228012,1692254228015,1693226492261,7,3,4
40145,1693226492261,1692254228020,1692254228023,1693226492268,7,3,4
40146,1693226492268,1692254228042,1692254228044,1693226492290,22,2,20
40147,1693226492290,1692254228050,1692254228053,1693226492300,10,3,7
40148,1693226492300,1692254228059,1692254228062,1693226492308,8,3,5
40149,1693226492308,1692254228130,1692254228133,1693226492380,72,3,69
40150,1693226492380,1692254228145,1692254228148,1693226492394,14,3,11
40151,1693226492394,1692254228152,1692254228156,1693226492402,8,4,4
40152,1693226492402,1692254228161,1692254228164,1693226492410,8,3,5
40153,1693226492410,1692254228168,1692254228171,1693226492417,7,3,4
40154,1693226492417,1692254228176,1692254228179,1693226492426,9,3,6
40155,1693226492426,1692254228195,1692254228198,1693226492445,19,3,16
40156,1693226492445,1692254228203,1692254228206,1693226492452,7,3,4
40157,1693226492452,1692254228212,1692254228215,1693226492461,9,3,6
40158,1693226492461,1692254228219,1692254228226,1693226492472,11,7,4
40159,1693226492472,1692254228231,1692254228234,1693226492480,8,3,5
40160,1693226492480,1692254228238,1692254228242,1693226492488,8,4,4
40161,1693226492488,1692254228246,1692254228249,1693226492495,7,3,4
40162,1693226492495,1692254228254,1692254228257,1693226492503,8,3,5
40163,1693226492503,1692254228261,1692254228264,1693226492510,7,3,4
40164,1693226492510,1692254228268,1692254228271,1693226492517,7,3,4
40165,1693226492517,1692254228276,1692254228279,1693226492525,8,3,5
40166,1693226492525,1692254228296,1692254228298,1693226492544,19,2,17
40167,1693226492544,1692254228329,1692254228332,1693226492578,34,3,31
40168,1693226492578,1692254228337,1692254228339,1693226492585,7,2,5
40169,1693226492585,1692254228362,1692254228364,1693226492610,25,2,23
40170,1693226492610,1692254228370,1692254228373,1693226492619,9,3,6
40171,1693226492619,1692254228377,1692254228380,1693226492626,7,3,4
40172,1693226492626,1692254228384,1692254228387,1693226492633,7,3,4
40173,1693226492633,1692254228391,1692254228394,1693226492640,7,3,4
40174,1693226492640,1692254228406,1692254228408,1693226492654,14,2,12
40175,1693226492654,1692254228478,1692254228481,1693226492727,73,3,70
40176,1693226492727,1692254228582,1692254228586,1693226492832,105,4,101
40177,1693226492832,1692254228591,1692254228594,1693226492840,8,3,5
40178,1693226492840,1692254228610,1692254228613,1693226492859,19,3,16
40179,1693226492859,1692254228621,1692254228624,1693226492869,10,3,7
40180,1693226492869,1692254228627,1692254228631,1693226492876,7,4,3
40181,1693226492876,1692254228635,1692254228638,1693226492883,7,3,4
40182,1693226492883,1692254228641,1692254228644,1693226492890,7,3,4
40183,1693226492890,1692254228693,1692254228696,1693226492942,52,3,49
40184,1693226492942,1692254228700,1692254228703,1693226492951,9,3,6
40185,1693226492951,1692254228709,1692254228713,1693226492959,8,4,4
40186,1693226492959,1692254228717,1692254228721,1693226492967,8,4,4
40187,1693226492967,1692254228733,1692254228736,1693226492982,15,3,12
40188,1693226492982,1692254228740,1692254228743,1693226492989,7,3,4
40189,1693226492989,1692254228750,1692254228753,1693226492999,10,3,7
40190,1693226492999,1692254228757,1692254228759,1693226493005,6,2,4
40191,1693226493005,1692254228764,1692254228766,1693226493012,7,2,5
40192,1693226493012,1692254228771,1692254228773,1693226493019,7,2,5
40193,1693226493019,1692254228778,1692254228841,1693226493087,68,63,5
40194,1693226493087,1692254228845,1692254228848,1693226493094,7,3,4
40195,1693226493094,1692254228853,1692254228858,1693226493104,10,5,5
40196,1693226493104,1692254228863,1692254228866,1693226493112,8,3,5
40197,1693226493112,1692254228871,1692254228874,1693226493120,8,3,5
40198,1693226493120,1692254228878,1692254228882,1693226493127,7,4,3
40199,1693226493127,1692254228885,1692254228888,1693226493134,7,3,4
40200,1693226493134,1692254228892,1692254228895,1693226493141,7,3,4
40201,1693226493141,1692254228900,1692254228903,1693226493149,8,3,5
40202,1693226493149,1692254228969,1692254228972,1693226493218,69,3,66
40203,1693226493218,1692254228976,1692254228979,1693226493226,8,3,5
40204,1693226493226,1692254228984,1692254228987,1693226493233,7,3,4
40205,1693226493233,1692254228992,1692254228995,1693226493241,8,3,5
40206,1693226493241,1692254229002,1692254229004,1693226493250,9,2,7
40207,1693226493251,1692254229022,1692254229049,1693226493295,44,27,17
40208,1693226493295,1692254229054,1692254229057,1693226493304,9,3,6
40209,1693226493304,1692254229063,1692254229066,1693226493312,8,3,5
40210,1693226493312,1692254229121,1692254229124,1693226493370,58,3,55
40211,1693226493370,1692254229150,1692254229152,1693226493398,28,2,26
40212,1693226493398,1692254229163,1692254229166,1693226493412,14,3,11
40213,1693226493412,1692254229174,1692254229178,1693226493424,12,4,8
40214,1693226493424,1692254229213,1692254229215,1693226493463,39,2,37
40215,1693226493463,1692254229223,1692254229226,1693226493472,9,3,6
40216,1693226493472,1692254229253,1692254229257,1693226493503,31,4,27
40217,1693226493503,1692254229261,1692254229264,1693226493510,7,3,4
40218,1693226493510,1692254229268,1692254229271,1693226493517,7,3,4
40219,1693226493517,1692254229276,1692254229279,1693226493525,8,3,5
40220,1693226493525,1692254229283,1692254229286,1693226493532,7,3,4
40221,1693226493532,1692254229290,1692254229293,1693226493539,7,3,4
40222,1693226493539,1692254229337,1692254229340,1693226493586,47,3,44
40223,1693226493586,1692254229344,1692254229347,1693226493593,7,3,4
40224,1693226493593,1692254229351,1692254229353,1693226493599,6,2,4
40225,1693226493599,1692254229381,1692254229384,1693226493630,31,3,28
40226,1693226493630,1692254229413,1692254229416,1693226493662,32,3,29
40227,1693226493662,1692254229429,1692254229432,1693226493678,16,3,13
40228,1693226493678,1692254229445,1692254229448,1693226493694,16,3,13
40229,1693226493694,1692254229477,1692254229481,1693226493727,33,4,29
40230,1693226493728,1692254229492,1692254229494,1693226493740,12,2,10
40231,1693226493740,1692254229501,1692254229504,1693226493750,10,3,7
40232,1693226493750,1692254229508,1692254229512,1693226493758,8,4,4
40233,1693226493758,1692254229546,1692254229548,1693226493794,36,2,34
40234,1693226493794,1692254229553,1692254229556,1693226493802,8,3,5
40235,1693226493802,1692254229574,1692254229576,1693226493823,21,2,19
40236,1693226493823,1692254229590,1692254229593,1693226493839,16,3,13
40237,1693226493839,1692254229597,1692254229601,1693226493847,8,4,4
40238,1693226493847,1692254229605,1692254229609,1693226493863,16,4,12
40239,1693226493863,1692254229628,1692254229631,1693226493877,14,3,11
40240,1693226493877,1692254229650,1692254229653,1693226493898,21,3,18
40241,1693226493898,1692254229658,1692254229660,1693226493906,8,2,6
40242,1693226493906,1692254229670,1692254229672,1693226493918,12,2,10
40243,1693226493918,1692254229678,1692254229681,1693226493927,9,3,6
40244,1693226493927,1692254229685,1692254229688,1693226493933,6,3,3
40245,1693226493933,1692254229691,1692254229694,1693226493940,7,3,4
40246,1693226493941,1692254229710,1692254229712,1693226493959,18,2,16
40247,1693226493959,1692254229717,1692254229720,1693226493966,7,3,4
40248,1693226493966,1692254229724,1692254229727,1693226493975,9,3,6
40249,1693226493975,1692254229773,1692254229789,1693226494036,61,16,45
40250,1693226494036,1692254229794,1692254229797,1693226494043,7,3,4
40251,1693226494043,1692254229803,1692254229806,1693226494052,9,3,6
40252,1693226494052,1692254229811,1692254229813,1693226494059,7,2,5
40253,1693226494060,1692254229818,1692254229830,1693226494077,17,12,5
40254,1693226494077,1692254229854,1692254229858,1693226494104,27,4,23
40255,1693226494104,1692254229863,1692254229866,1693226494112,8,3,5
40256,1693226494112,1692254229898,1692254229901,1693226494147,35,3,32
40257,1693226494147,1692254229997,1692254230000,1693226494246,99,3,96
40258,1693226494246,1692254230049,1692254230052,1693226494298,52,3,49
40259,1693226494298,1692254230057,1692254230060,1693226494307,9,3,6
40260,1693226494307,1692254230065,1692254230070,1693226494316,9,5,4
40261,1693226494316,1692254230094,1692254230097,1693226494343,27,3,24
40262,1693226494343,1692254230109,1692254230112,1693226494358,15,3,12
40263,1693226494358,1692254230117,1692254230120,1693226494366,8,3,5
40264,1693226494366,1692254230145,1692254230148,1693226494394,28,3,25
40265,1693226494394,1692254230152,1692254230155,1693226494401,7,3,4
40266,1693226494401,1692254230169,1692254230172,1693226494418,17,3,14
40267,1693226494418,1692254230176,1692254230179,1693226494425,7,3,4
40268,1693226494425,1692254230184,1692254230186,1693226494432,7,2,5
40269,1693226494432,1692254230193,1692254230196,1693226494442,10,3,7
40270,1693226494442,1692254230205,1692254230208,1693226494454,12,3,9
40271,1693226494455,1692254230226,1692254230229,1693226494475,20,3,17
40272,1693226494475,1692254230245,1692254230248,1693226494494,19,3,16
40273,1693226494494,1692254230253,1692254230256,1693226494502,8,3,5
40274,1693226494502,1692254230261,1692254230264,1693226494510,8,3,5
40275,1693226494510,1692254230269,1692254230272,1693226494518,8,3,5
40276,1693226494518,1692254230277,1692254230280,1693226494526,8,3,5
40277,1693226494526,1692254230285,1692254230287,1693226494534,8,2,6
40278,1693226494534,1692254230292,1692254230295,1693226494541,7,3,4
40279,1693226494541,1692254230300,1692254230303,1693226494549,8,3,5
40280,1693226494549,1692254230308,1692254230310,1693226494556,7,2,5
40281,1693226494556,1692254230314,1692254230317,1693226494563,7,3,4
40282,1693226494563,1692254230322,1692254230325,1693226494571,8,3,5
40283,1693226494571,1692254230401,1692254230404,1693226494650,79,3,76
40284,1693226494650,1692254230425,1692254230428,1693226494674,24,3,21
40285,1693226494674,1692254230449,1692254230452,1693226494698,24,3,21
40286,1693226494698,1692254230502,1692254230526,1693226494772,74,24,50
40287,1693226494772,1692254230565,1692254230568,1693226494814,42,3,39
40288,1693226494814,1692254230601,1692254230603,1693226494849,35,2,33
40289,1693226494849,1692254230607,1692254230610,1693226494856,7,3,4
40290,1693226494856,1692254230615,1692254230617,1693226494863,7,2,5
40291,1693226494863,1692254230621,1692254230624,1693226494870,7,3,4
40292,1693226494870,1692254230629,1692254230631,1693226494877,7,2,5
40293,1693226494877,1692254230636,1692254230639,1693226494885,8,3,5
40294,1693226494885,1692254230682,1692254230685,1693226494931,46,3,43
40295,1693226494931,1692254230701,1692254230704,1693226494950,19,3,16
40296,1693226494950,1692254230708,1692254230712,1693226494958,8,4,4
40297,1693226494958,1692254230716,1692254230719,1693226494965,7,3,4
40298,1693226494965,1692254230725,1692254230729,1693226494976,11,4,7
40299,1693226494976,1692254230734,1692254230739,1693226494985,9,5,4
40300,1693226494985,1692254230757,1692254230760,1693226495006,21,3,18
40301,1693226495006,1692254230809,1692254230812,1693226495058,52,3,49
40302,1693226495058,1692254230822,1692254230824,1693226495070,12,2,10
40303,1693226495070,1692254230829,1692254230832,1693226495078,8,3,5
40304,1693226495078,1692254230854,1692254230857,1693226495104,26,3,23
40305,1693226495104,1692254230926,1692254230929,1693226495175,71,3,68
40306,1693226495175,1692254231013,1692254231017,1693226495263,88,4,84
40307,1693226495263,1692254231021,1692254231023,1693226495269,6,2,4
40308,1693226495269,1692254231027,1692254231031,1693226495277,8,4,4
40309,1693226495277,1692254231035,1692254231039,1693226495286,9,4,5
40310,1693226495286,1692254231049,1692254231052,1693226495298,12,3,9
40311,1693226495298,1692254231056,1692254231060,1693226495306,8,4,4
40312,1693226495306,1692254231064,1692254231068,1693226495314,8,4,4
40313,1693226495314,1692254231072,1692254231074,1693226495320,6,2,4
40314,1693226495320,1692254231117,1692254231120,1693226495367,47,3,44
40315,1693226495367,1692254231125,1692254231128,1693226495374,7,3,4
40316,1693226495374,1692254231132,1692254231135,1693226495381,7,3,4
40317,1693226495381,1692254231140,1692254231143,1693226495389,8,3,5
40318,1693226495389,1692254231150,1692254231152,1693226495398,9,2,7
40319,1693226495398,1692254231161,1692254231164,1693226495410,12,3,9
40320,1693226495410,1692254231168,1692254231172,1693226495418,8,4,4
40321,1693226495418,1692254231181,1692254231184,1693226495430,12,3,9
40322,1693226495430,1692254231188,1692254231192,1693226495437,7,4,3
40323,1693226495437,1692254231196,1692254231199,1693226495445,8,3,5
40324,1693226495445,1692254231214,1692254231218,1693226495464,19,4,15
40325,1693226495464,1692254231222,1692254231225,1693226495471,7,3,4
40326,1693226495471,1692254231230,1692254231233,1693226495487,16,3,13
40327,1693226495487,1692254231254,1692254231257,1693226495503,16,3,13
40328,1693226495503,1692254231266,1692254231268,1693226495515,12,2,10
40329,1693226495515,1692254231285,1692254231288,1693226495534,19,3,16
40330,1693226495534,1692254231292,1692254231294,1693226495540,6,2,4
40331,1693226495540,1692254231299,1692254231302,1693226495548,8,3,5
40332,1693226495548,1692254231306,1692254231309,1693226495555,7,3,4
40333,1693226495555,1692254231314,1692254231316,1693226495563,8,2,6
40334,1693226495563,1692254231321,1692254231324,1693226495570,7,3,4
40335,1693226495570,1692254231328,1692254231331,1693226495577,7,3,4
40336,1693226495577,1692254231335,1692254231337,1693226495583,6,2,4
40337,1693226495583,1692254231342,1692254231345,1693226495591,8,3,5
40338,1693226495591,1692254231350,1692254231352,1693226495598,7,2,5
40339,1693226495598,1692254231357,1692254231360,1693226495606,8,3,5
40340,1693226495606,1692254231413,1692254231416,1693226495662,56,3,53
40341,1693226495662,1692254231422,1692254231424,1693226495670,8,2,6
40342,1693226495671,1692254231428,1692254231432,1693226495678,7,4,3
40343,1693226495678,1692254231461,1692254231464,1693226495710,32,3,29
40344,1693226495710,1692254231469,1692254231472,1693226495718,8,3,5
40345,1693226495718,1692254231477,1692254231480,1693226495726,8,3,5
40346,1693226495726,1692254231521,1692254231524,1693226495770,44,3,41
40347,1693226495770,1692254231541,1692254231544,1693226495790,20,3,17
40348,1693226495790,1692254231553,1692254231557,1693226495803,13,4,9
40349,1693226495803,1692254231561,1692254231563,1693226495810,7,2,5
40350,1693226495810,1692254231568,1692254231570,1693226495818,8,2,6
40351,1693226495818,1692254231593,1692254231596,1693226495842,24,3,21
40352,1693226495842,1692254231625,1692254231628,1693226495874,32,3,29
40353,1693226495874,1692254231637,1692254231640,1693226495886,12,3,9
40354,1693226495886,1692254231646,1692254231648,1693226495926,40,2,38
40355,1693226495927,1692254231721,1692254231724,1693226495970,43,3,40
40356,1693226495970,1692254231728,1692254231732,1693226495978,8,4,4
40357,1693226495978,1692254231736,1692254231741,1693226495987,9,5,4
40358,1693226495987,1692254231818,1692254231821,1693226496068,81,3,78
40359,1693226496068,1692254231837,1692254231840,1693226496086,18,3,15
40360,1693226496086,1692254231845,1692254231848,1693226496094,8,3,5
40361,1693226496094,1692254231853,1692254231857,1693226496103,9,4,5
40362,1693226496103,1692254231862,1692254231869,1693226496115,12,7,5
40363,1693226496115,1692254231873,1692254231875,1693226496121,6,2,4
40364,1693226496121,1692254231885,1692254231888,1693226496134,13,3,10
40365,1693226496134,1692254231892,1692254231896,1693226496142,8,4,4
40366,1693226496142,1692254231929,1692254231932,1693226496178,36,3,33
40367,1693226496178,1692254231936,1692254231939,1693226496185,7,3,4
40368,1693226496185,1692254231965,1692254231968,1693226496214,29,3,26
40369,1693226496214,1692254231972,1692254231975,1693226496220,6,3,3
40370,1693226496220,1692254231978,1692254231981,1693226496228,8,3,5
40371,1693226496228,1692254232001,1692254232004,1693226496250,22,3,19
40372,1693226496250,1692254232010,1692254232013,1693226496259,9,3,6
40373,1693226496259,1692254232017,1692254232020,1693226496266,7,3,4
40374,1693226496266,1692254232024,1692254232027,1693226496273,7,3,4
40375,1693226496273,1692254232032,1692254232035,1693226496281,8,3,5
40376,1693226496281,1692254232070,1692254232074,1693226496320,39,4,35
40377,1693226496320,1692254232078,1692254232081,1693226496327,7,3,4
40378,1693226496327,1692254232087,1692254232090,1693226496336,9,3,6
40379,1693226496336,1692254232094,1692254232097,1693226496343,7,3,4
40380,1693226496343,1692254232101,1692254232104,1693226496350,7,3,4
40381,1693226496350,1692254232109,1692254232112,1693226496357,7,3,4
40382,1693226496357,1692254232116,1692254232119,1693226496365,8,3,5
40383,1693226496365,1692254232123,1692254232126,1693226496372,7,3,4
40384,1693226496372,1692254232130,1692254232132,1693226496378,6,2,4
40385,1693226496379,1692254232137,1692254232140,1693226496419,40,3,37
40386,1693226496419,1692254232214,1692254232218,1693226496464,45,4,41
40387,1693226496464,1692254232222,1692254232225,1693226496471,7,3,4
40388,1693226496472,1692254232230,1692254232253,1693226496499,27,23,4
40389,1693226496499,1692254232429,1692254232439,1693226496686,187,10,177
40390,1693226496686,1692254232454,1692254232456,1693226496703,17,2,15
40391,1693226496703,1692254232462,1692254232465,1693226496711,8,3,5
40392,1693226496711,1692254232474,1692254232478,1693226496724,13,4,9
40393,1693226496724,1692254232482,1692254232517,1693226496763,39,35,4
40394,1693226496763,1692254232535,1692254232538,1693226496784,21,3,18
40395,1693226496784,1692254232546,1692254232548,1693226496794,10,2,8
40396,1693226496794,1692254232553,1692254232556,1693226496802,8,3,5
40397,1693226496802,1692254232560,1692254232563,1693226496809,7,3,4
40398,1693226496809,1692254232568,1692254232617,1693226496864,55,49,6
40399,1693226496864,1692254232638,1692254232641,1693226496887,23,3,20
40400,1693226496887,1692254232646,1692254232649,1693226496895,8,3,5
40401,1693226496895,1692254232670,1692254232672,1693226496918,23,2,21
40402,1693226496918,1692254232718,1692254232721,1693226496967,49,3,46
40403,1693226496967,1692254232726,1692254232730,1693226496976,9,4,5
40404,1693226496976,1692254232754,1692254232757,1693226497003,27,3,24
40405,1693226497003,1692254232763,1692254232765,1693226497011,8,2,6
40406,1693226497011,1692254232777,1692254232780,1693226497026,15,3,12
40407,1693226497026,1692254232793,1692254232796,1693226497042,16,3,13
40408,1693226497042,1692254232800,1692254232803,1693226497049,7,3,4
40409,1693226497049,1692254232808,1692254232811,1693226497057,8,3,5
40410,1693226497057,1692254232815,1692254232818,1693226497064,7,3,4
40411,1693226497064,1692254232822,1692254232825,1693226497071,7,3,4
40412,1693226497071,1692254232830,1692254232833,1693226497079,8,3,5
40413,1693226497079,1692254232858,1692254232861,1693226497107,28,3,25
40414,1693226497107,1692254232866,1692254232944,1693226497190,83,78,5
40415,1693226497190,1692254232948,1692254232950,1693226497196,6,2,4
40416,1693226497196,1692254232954,1692254232958,1693226497204,8,4,4
40417,1693226497204,1692254232963,1692254232966,1693226497212,8,3,5
40418,1693226497212,1692254232970,1692254232973,1693226497219,7,3,4
40419,1693226497219,1692254232977,1692254232980,1693226497226,7,3,4
40420,1693226497226,1692254232985,1692254232987,1693226497233,7,2,5
40421,1693226497233,1692254232991,1692254232994,1693226497240,7,3,4
40422,1693226497240,1692254232999,1692254233002,1693226497248,8,3,5
40423,1693226497248,1692254233008,1692254233012,1693226497258,10,4,6
40424,1693226497258,1692254233056,1692254233059,1693226497305,47,3,44
40425,1693226497305,1692254233063,1692254233067,1693226497313,8,4,4
40426,1693226497313,1692254233071,1692254233074,1693226497320,7,3,4
40427,1693226497320,1692254233095,1692254233099,1693226497344,24,4,20
40428,1693226497344,1692254233102,1692254233107,1693226497354,10,5,5
40429,1693226497354,1692254233113,1692254233117,1693226497363,9,4,5
40430,1693226497363,1692254233121,1692254233124,1693226497371,8,3,5
40431,1693226497371,1692254233133,1692254233136,1693226497382,11,3,8
40432,1693226497382,1692254233153,1692254233158,1693226497404,22,5,17
40433,1693226497404,1692254233162,1692254233169,1693226497415,11,7,4
40434,1693226497415,1692254233173,1692254233176,1693226497422,7,3,4
40435,1693226497422,1692254233180,1692254233183,1693226497428,6,3,3
40436,1693226497428,1692254233186,1692254233189,1693226497435,7,3,4
40437,1693226497435,1692254233197,1692254233201,1693226497447,12,4,8
40438,1693226497447,1692254233215,1692254233218,1693226497464,17,3,14
40439,1693226497464,1692254233222,1692254233226,1693226497472,8,4,4
40440,1693226497472,1692254233246,1692254233248,1693226497494,22,2,20
40441,1693226497494,1692254233261,1692254233264,1693226497510,16,3,13
40442,1693226497510,1692254233325,1692254233328,1693226497574,64,3,61
40443,1693226497574,1692254233333,1692254233335,1693226497582,8,2,6
40444,1693226497582,1692254233353,1692254233356,1693226497602,20,3,17
40445,1693226497602,1692254233361,1692254233364,1693226497610,8,3,5
40446,1693226497610,1692254233368,1692254233371,1693226497617,7,3,4
40447,1693226497617,1692254233375,1692254233378,1693226497634,17,3,14
40448,1693226497634,1692254233401,1692254233404,1693226497650,16,3,13
40449,1693226497650,1692254233408,1692254233412,1693226497658,8,4,4
40450,1693226497658,1692254233419,1692254233421,1693226497667,9,2,7
40451,1693226497667,1692254233441,1692254233444,1693226497690,23,3,20
40452,1693226497690,1692254233448,1692254233451,1693226497697,7,3,4
40453,1693226497697,1692254233461,1692254233464,1693226497710,13,3,10
40454,1693226497710,1692254233473,1692254233476,1693226497722,12,3,9
40455,1693226497722,1692254233494,1692254233497,1693226497743,21,3,18
40456,1693226497743,1692254233537,1692254233541,1693226497827,84,4,80
40457,1693226497827,1692254233588,1692254233591,1693226497837,10,3,7
40458,1693226497837,1692254233595,1692254233598,1693226497844,7,3,4
40459,1693226497844,1692254233602,1692254233605,1693226497851,7,3,4
40460,1693226497852,1692254233613,1692254233616,1693226497862,10,3,7
40461,1693226497862,1692254233626,1692254233628,1693226497874,12,2,10
40462,1693226497874,1692254233633,1692254233636,1693226497882,8,3,5
40463,1693226497882,1692254233640,1692254233643,1693226497889,7,3,4
40464,1693226497889,1692254233648,1692254233652,1693226497898,9,4,5
40465,1693226497898,1692254233657,1692254233660,1693226497905,7,3,4
40466,1693226497905,1692254233663,1692254233667,1693226497913,8,4,4
40467,1693226497913,1692254233671,1692254233674,1693226497919,6,3,3
40468,1693226497919,1692254233677,1692254233680,1693226497926,7,3,4
40469,1693226497926,1692254233685,1692254233688,1693226497934,8,3,5
40470,1693226497934,1692254233698,1692254233700,1693226497946,12,2,10
40471,1693226497946,1692254233710,1692254233713,1693226497959,13,3,10
40472,1693226497959,1692254233719,1692254233722,1693226497970,11,3,8
40473,1693226497970,1692254233729,1692254233732,1693226497978,8,3,5
40474,1693226497978,1692254233777,1692254233780,1693226498026,48,3,45
40475,1693226498026,1692254233784,1692254233787,1693226498033,7,3,4
40476,1693226498033,1692254233830,1692254233833,1693226498087,54,3,51
40477,1693226498087,1692254233855,1692254233859,1693226498105,18,4,14
40478,1693226498105,1692254233896,1692254233899,1693226498145,40,3,37
40479,1693226498145,1692254233937,1692254233939,1693226498185,40,2,38
40480,1693226498185,1692254233958,1692254233960,1693226498206,21,2,19
40481,1693226498206,1692254234017,1692254234020,1693226498266,60,3,57
40482,1693226498266,1692254234061,1692254234065,1693226498311,45,4,41
40483,1693226498311,1692254234070,1692254234073,1693226498319,8,3,5
40484,1693226498319,1692254234079,1692254234082,1693226498328,9,3,6
40485,1693226498328,1692254234095,1692254234099,1693226498345,17,4,13
40486,1693226498346,1692254234112,1692254234115,1693226498361,15,3,12
40487,1693226498361,1692254234120,1692254234123,1693226498369,8,3,5
40488,1693226498369,1692254234190,1692254234193,1693226498439,70,3,67
40489,1693226498439,1692254234215,1692254234218,1693226498464,25,3,22
40490,1693226498464,1692254234222,1692254234226,1693226498474,10,4,6
40491,1693226498474,1692254234238,1692254234253,1693226498499,25,15,10
40492,1693226498499,1692254234309,1692254234312,1693226498558,59,3,56
40493,1693226498558,1692254234409,1692254234412,1693226498658,100,3,97
40494,1693226498658,1692254234416,1692254234419,1693226498665,7,3,4
40495,1693226498665,1692254234426,1692254234428,1693226498674,9,2,7
40496,1693226498674,1692254234438,1692254234440,1693226498686,12,2,10
40497,1693226498686,1692254234450,1692254234453,1693226498698,12,3,9
40498,1693226498698,1692254234462,1692254234464,1693226498710,12,2,10
40499,1693226498710,1692254234468,1692254234471,1693226498717,7,3,4
40500,1693226498717,1692254234475,1692254234477,1693226498723,6,2,4
40501,1693226498723,1692254234482,1692254234486,1693226498732,9,4,5
40502,1693226498732,1692254234491,1692254234494,1693226498740,8,3,5
40503,1693226498740,1692254234498,1692254234501,1693226498747,7,3,4
40504,1693226498747,1692254234506,1692254234518,1693226498764,17,12,5
40505,1693226498764,1692254234523,1692254234526,1693226498772,8,3,5
40506,1693226498772,1692254234534,1692254234536,1693226498783,11,2,9
40507,1693226498783,1692254234546,1692254234548,1693226498794,11,2,9
40508,1693226498794,1692254234552,1692254234555,1693226498801,7,3,4
40509,1693226498802,1692254234561,1692254234564,1693226498810,8,3,5
40510,1693226498810,1692254234577,1692254234580,1693226498826,16,3,13
40511,1693226498826,1692254234605,1692254234608,1693226498854,28,3,25
40512,1693226498854,1692254234625,1692254234628,1693226498875,21,3,18
40513,1693226498875,1692254234716,1692254234720,1693226498969,94,4,90
40514,1693226498969,1692254234727,1692254234731,1693226498977,8,4,4
40515,1693226498977,1692254234774,1692254234777,1693226499023,46,3,43
40516,1693226499023,1692254234833,1692254234836,1693226499082,59,3,56
40517,1693226499082,1692254234853,1692254234857,1693226499103,21,4,17
40518,1693226499103,1692254234862,1692254234866,1693226499112,9,4,5
40519,1693226499112,1692254234954,1692254234957,1693226499203,91,3,88
40520,1693226499203,1692254234979,1692254234982,1693226499228,25,3,22
40521,1693226499228,1692254234986,1692254234989,1693226499235,7,3,4
40522,1693226499235,1692254235014,1692254235017,1693226499263,28,3,25
40523,1693226499263,1692254235058,1692254235062,1693226499307,44,4,40
40524,1693226499307,1692254235066,1692254235069,1693226499316,9,3,6
40525,1693226499316,1692254235074,1692254235079,1693226499325,9,5,4
40526,1693226499325,1692254235095,1692254235098,1693226499344,19,3,16
40527,1693226499344,1692254235142,1692254235145,1693226499390,46,3,43
40528,1693226499390,1692254235157,1692254235160,1693226499406,16,3,13
40529,1693226499406,1692254235164,1692254235167,1693226499413,7,3,4
40530,1693226499413,1692254235171,1692254235173,1693226499419,6,2,4
40531,1693226499419,1692254235178,1692254235180,1693226499426,7,2,5
40532,1693226499426,1692254235185,1692254235188,1693226499433,7,3,4
40533,1693226499433,1692254235201,1692254235203,1693226499449,16,2,14
40534,1693226499449,1692254235223,1692254235226,1693226499472,23,3,20
40535,1693226499472,1692254235230,1692254235234,1693226499480,8,4,4
40536,1693226499480,1692254235240,1692254235242,1693226499488,8,2,6
40537,1693226499488,1692254235254,1692254235256,1693226499505,17,2,15
40538,1693226499505,1692254235273,1692254235277,1693226499523,18,4,14
40539,1693226499523,1692254235283,1692254235286,1693226499532,9,3,6
40540,1693226499532,1692254235290,1692254235293,1693226499539,7,3,4
40541,1693226499539,1692254235297,1692254235300,1693226499546,7,3,4
40542,1693226499546,1692254235305,1692254235308,1693226499554,8,3,5
40543,1693226499554,1692254235337,1692254235341,1693226499587,33,4,29
40544,1693226499587,1692254235346,1692254235349,1693226499595,8,3,5
40545,1693226499595,1692254235363,1692254235367,1693226499612,17,4,13
40546,1693226499612,1692254235378,1692254235381,1693226499626,14,3,11
40547,1693226499627,1692254235394,1692254235397,1693226499646,19,3,16
40548,1693226499646,1692254235406,1692254235409,1693226499655,9,3,6
40549,1693226499655,1692254235462,1692254235465,1693226499732,77,3,74
40550,1693226499732,1692254235498,1692254235500,1693226499746,14,2,12
40551,1693226499747,1692254235505,1692254235508,1693226499754,7,3,4
40552,1693226499754,1692254235513,1692254235516,1693226499762,8,3,5
40553,1693226499762,1692254235557,1692254235561,1693226499878,116,4,112
40554,1693226499878,1692254235649,1692254235652,1693226499928,50,3,47
40555,1693226499928,1692254235713,1692254235716,1693226499962,34,3,31
40556,1693226499962,1692254235721,1692254235724,1693226499970,8,3,5
40557,1693226499970,1692254235728,1692254235732,1693226499978,8,4,4
40558,1693226499978,1692254235738,1692254235741,1693226499987,9,3,6
40559,1693226499987,1692254235746,1692254235749,1693226499995,8,3,5
40560,1693226499995,1692254235753,1692254235756,1693226500002,7,3,4
40561,1693226500002,1692254235763,1692254235774,1693226500019,17,11,6
40562,1693226500019,1692254235825,1692254235828,1693226500074,55,3,52
40563,1693226500074,1692254235842,1692254235844,1693226500090,16,2,14
40564,1693226500090,1692254235853,1692254235857,1693226500103,13,4,9
40565,1693226500103,1692254235862,1692254235873,1693226500119,16,11,5
40566,1693226500119,1692254235887,1692254235890,1693226500138,19,3,16
40567,1693226500138,1692254235896,1692254235900,1693226500145,7,4,3
40568,1693226500146,1692254235941,1692254235944,1693226500190,44,3,41
40569,1693226500190,1692254235958,1692254235961,1693226500207,17,3,14
40570,1693226500207,1692254235966,1692254235968,1693226500214,7,2,5
40571,1693226500214,1692254235973,1692254235975,1693226500222,8,2,6
40572,1693226500222,1692254235980,1692254235983,1693226500228,6,3,3
40573,1693226500228,1692254235986,1692254235989,1693226500235,7,3,4
40574,1693226500235,1692254235993,1692254235996,1693226500242,7,3,4
40575,1693226500242,1692254236025,1692254236029,1693226500275,33,4,29
40576,1693226500275,1692254236033,1692254236036,1693226500302,27,3,24
40577,1693226500302,1692254236062,1692254236065,1693226500311,9,3,6
40578,1693226500311,1692254236069,1692254236072,1693226500318,7,3,4
40579,1693226500318,1692254236076,1692254236079,1693226500325,7,3,4
40580,1693226500325,1692254236083,1692254236087,1693226500333,8,4,4
40581,1693226500333,1692254236092,1692254236119,1693226500365,32,27,5
40582,1693226500365,1692254236126,1692254236129,1693226500375,10,3,7
40583,1693226500375,1692254236165,1692254236168,1693226500414,39,3,36
40584,1693226500414,1692254236190,1692254236193,1693226500439,25,3,22
40585,1693226500439,1692254236206,1692254236213,1693226500459,20,7,13
40586,1693226500459,1692254236217,1692254236220,1693226500466,7,3,4
40587,1693226500466,1692254236224,1692254236227,1693226500473,7,3,4
40588,1693226500473,1692254236235,1692254236238,1693226500484,11,3,8
40589,1693226500484,1692254236242,1692254236246,1693226500492,8,4,4
40590,1693226500492,1692254236250,1692254236254,1693226500500,8,4,4
40591,1693226500500,1692254236258,1692254236261,1693226500507,7,3,4
40592,1693226500507,1692254236265,1692254236268,1693226500514,7,3,4
40593,1693226500514,1692254236272,1692254236276,1693226500521,7,4,3
40594,1693226500522,1692254236280,1692254236283,1693226500529,7,3,4
40595,1693226500529,1692254236289,1692254236292,1693226500537,8,3,5
40596,1693226500537,1692254236297,1692254236301,1693226500547,10,4,6
40597,1693226500547,1692254236305,1692254236308,1693226500554,7,3,4
40598,1693226500554,1692254236362,1692254236364,1693226500610,56,2,54
40599,1693226500610,1692254236370,1692254236372,1693226500619,9,2,7
40600,1693226500619,1692254236377,1692254236380,1693226500626,7,3,4
40601,1693226500626,1692254236384,1692254236387,1693226500633,7,3,4
40602,1693226500633,1692254236392,1692254236394,1693226500640,7,2,5
40603,1693226500640,1692254236399,1692254236402,1693226500652,12,3,9
40604,1693226500652,1692254236413,1692254236416,1693226500662,10,3,7
40605,1693226500662,1692254236422,1692254236425,1693226500671,9,3,6
40606,1693226500671,1692254236429,1692254236433,1693226500683,12,4,8
40607,1693226500683,1692254236441,1692254236444,1693226500690,7,3,4
40608,1693226500690,1692254236481,1692254236484,1693226500730,40,3,37
40609,1693226500730,1692254236498,1692254236501,1693226500747,17,3,14
40610,1693226500747,1692254236506,1692254236509,1693226500755,8,3,5
40611,1693226500755,1692254236525,1692254236527,1693226500773,18,2,16
40612,1693226500773,1692254236573,1692254236586,1693226500832,59,13,46
40613,1693226500832,1692254236617,1692254236620,1693226500866,34,3,31
40614,1693226500866,1692254236627,1692254236630,1693226500876,10,3,7
40615,1693226500876,1692254236634,1692254236637,1693226500883,7,3,4
40616,1693226500883,1692254236644,1692254236647,1693226500893,10,3,7
40617,1693226500893,1692254236652,1692254236654,1693226500901,8,2,6
40618,1693226500901,1692254236659,1692254236662,1693226500909,8,3,5
40619,1693226500909,1692254236667,1692254236671,1693226500916,7,4,3
40620,1693226500917,1692254236675,1692254236678,1693226500924,7,3,4
40621,1693226500924,1692254236686,1692254236689,1693226500935,11,3,8
40622,1693226500935,1692254236695,1692254236698,1693226500944,9,3,6
40623,1693226500945,1692254236703,1692254236706,1693226500952,7,3,4
40624,1693226500952,1692254236710,1692254236713,1693226500959,7,3,4
40625,1693226500959,1692254236721,1692254236724,1693226500970,11,3,8
40626,1693226500970,1692254236730,1692254236733,1693226500979,9,3,6
40627,1693226500979,1692254236742,1692254236746,1693226500992,13,4,9
40628,1693226500992,1692254236769,1692254236772,1693226501024,32,3,29
40629,1693226501024,1692254236783,1692254236786,1693226501032,8,3,5
40630,1693226501032,1692254236790,1692254236793,1693226501042,10,3,7
40631,1693226501042,1692254236813,1692254236816,1693226501063,21,3,18
40632,1693226501063,1692254236829,1692254236832,1693226501078,15,3,12
40633,1693226501078,1692254236837,1692254236840,1693226501086,8,3,5
40634,1693226501086,1692254236857,1692254236860,1693226501106,20,3,17
40635,1693226501106,1692254236865,1692254236868,1693226501114,8,3,5
40636,1693226501114,1692254236872,1692254236875,1693226501121,7,3,4
40637,1693226501121,1692254236879,1692254236882,1693226501128,7,3,4
40638,1693226501128,1692254236929,1692254236932,1693226501178,50,3,47
40639,1693226501178,1692254236973,1692254236976,1693226501222,44,3,41
40640,1693226501222,1692254236981,1692254236984,1693226501230,8,3,5
40641,1693226501230,1692254237018,1692254237021,1693226501266,36,3,33
40642,1693226501267,1692254237041,1692254237044,1693226501290,23,3,20
40643,1693226501290,1692254237062,1692254237068,1693226501314,24,6,18
40644,1693226501314,1692254237072,1692254237079,1693226501325,11,7,4
40645,1693226501325,1692254237134,1692254237137,1693226501383,58,3,55
40646,1693226501383,1692254237225,1692254237228,1693226501474,91,3,88
40647,1693226501474,1692254237235,1692254237238,1693226501484,10,3,7
40648,1693226501484,1692254237243,1692254237246,1693226501492,8,3,5
40649,1693226501492,1692254237297,1692254237302,1693226501548,56,5,51
40650,1693226501548,1692254237317,1692254237320,1693226501566,18,3,15
40651,1693226501566,1692254237324,1692254237327,1693226501573,7,3,4
40652,1693226501573,1692254237332,1692254237335,1693226501581,8,3,5
40653,1693226501581,1692254237417,1692254237421,1693226501667,86,4,82
40654,1693226501667,1692254237457,1692254237460,1693226501706,39,3,36
40655,1693226501706,1692254237466,1692254237468,1693226501714,8,2,6
40656,1693226501714,1692254237578,1692254237582,1693226501828,114,4,110
40657,1693226501828,1692254237618,1692254237621,1693226501866,38,3,35
40658,1693226501866,1692254237638,1692254237641,1693226501887,21,3,18
40659,1693226501887,1692254237683,1692254237686,1693226501932,45,3,42
40660,1693226501932,1692254237712,1692254237715,1693226501962,30,3,27
40661,1693226501962,1692254237721,1692254237725,1693226501971,9,4,5
40662,1693226501971,1692254237729,1692254237732,1693226501978,7,3,4
40663,1693226501978,1692254237736,1692254237739,1693226501985,7,3,4
40664,1693226501985,1692254237744,1692254237747,1693226501994,9,3,6
40665,1693226501994,1692254237752,1692254237755,1693226502001,7,3,4
40666,1693226502001,1692254237760,1692254237764,1693226502010,9,4,5
40667,1693226502010,1692254237801,1692254237809,1693226502055,45,8,37
40668,1693226502055,1692254237814,1692254237817,1693226502066,11,3,8
40669,1693226502066,1692254237824,1692254237827,1693226502073,7,3,4
40670,1693226502073,1692254237831,1692254237834,1693226502080,7,3,4
40671,1693226502080,1692254237863,1692254237866,1693226502112,32,3,29
40672,1693226502112,1692254237871,1692254237874,1693226502119,7,3,4
40673,1693226502119,1692254237878,1692254237880,1693226502126,7,2,5
40674,1693226502126,1692254237885,1692254237888,1693226502150,24,3,21
40675,1693226502150,1692254237921,1692254237924,1693226502170,20,3,17
40676,1693226502170,1692254237929,1692254237932,1693226502178,8,3,5
40677,1693226502178,1692254237936,1692254237939,1693226502185,7,3,4
40678,1693226502185,1692254237943,1692254237947,1693226502192,7,4,3
40679,1693226502192,1692254237950,1692254237953,1693226502199,7,3,4
40680,1693226502199,1692254237958,1692254237961,1693226502206,7,3,4
40681,1693226502206,1692254237970,1692254237972,1693226502219,13,2,11
40682,1693226502219,1692254237977,1692254237980,1693226502226,7,3,4
40683,1693226502226,1692254238022,1692254238025,1693226502271,45,3,42
40684,1693226502271,1692254238030,1692254238032,1693226502278,7,2,5
40685,1693226502278,1692254238038,1692254238041,1693226502287,9,3,6
40686,1693226502287,1692254238046,1692254238050,1693226502296,9,4,5
40687,1693226502296,1692254238055,1692254238059,1693226502305,9,4,5
40688,1693226502305,1692254238064,1692254238067,1693226502313,8,3,5
40689,1693226502313,1692254238071,1692254238074,1693226502320,7,3,4
40690,1693226502320,1692254238079,1692254238082,1693226502328,8,3,5
40691,1693226502329,1692254238088,1692254238092,1693226502338,9,4,5
40692,1693226502338,1692254238107,1692254238110,1693226502355,17,3,14
40693,1693226502355,1692254238114,1692254238149,1693226502398,43,35,8
40694,1693226502398,1692254238201,1692254238204,1693226502450,52,3,49
40695,1693226502450,1692254238210,1692254238213,1693226502459,9,3,6
40696,1693226502459,1692254238238,1692254238241,1693226502487,28,3,25
40697,1693226502487,1692254238245,1692254238249,1693226502495,8,4,4
40698,1693226502495,1692254238289,1692254238292,1693226502538,43,3,40
40699,1693226502538,1692254238312,1692254238315,1693226502561,23,3,20
40700,1693226502561,1692254238319,1692254238323,1693226502568,7,4,3
40701,1693226502569,1692254238327,1692254238330,1693226502577,8,3,5
40702,1693226502577,1692254238358,1692254238361,1693226502607,30,3,27
40703,1693226502608,1692254238370,1692254238373,1693226502618,10,3,7
40704,1693226502618,1692254238376,1692254238380,1693226502626,8,4,4
40705,1693226502626,1692254238389,1692254238392,1693226502638,12,3,9
40706,1693226502638,1692254238397,1692254238401,1693226502655,17,4,13
40707,1693226502655,1692254238457,1692254238460,1693226502713,58,3,55
40708,1693226502713,1692254238471,1692254238474,1693226502720,7,3,4
40709,1693226502720,1692254238493,1692254238496,1693226502742,22,3,19
40710,1693226502742,1692254238501,1692254238504,1693226502750,8,3,5
40711,1693226502750,1692254238508,1692254238511,1693226502757,7,3,4
40712,1693226502757,1692254238518,1692254238521,1693226502767,10,3,7
40713,1693226502767,1692254238526,1692254238529,1693226502774,7,3,4
40714,1693226502774,1692254238533,1692254238535,1693226502781,7,2,5
40715,1693226502782,1692254238540,1692254238543,1693226502789,7,3,4
40716,1693226502789,1692254238548,1692254238550,1693226502796,7,2,5
40717,1693226502796,1692254238554,1692254238556,1693226502802,6,2,4
40718,1693226502802,1692254238561,1692254238563,1693226502809,7,2,5
40719,1693226502809,1692254238569,1692254238572,1693226502817,8,3,5
40720,1693226502817,1692254238576,1692254238579,1693226502825,8,3,5
40721,1693226502825,1692254238584,1692254238587,1693226502832,7,3,4
40722,1693226502832,1692254238593,1692254238597,1693226502843,11,4,7
40723,1693226502843,1692254238641,1692254238644,1693226502890,47,3,44
40724,1693226502890,1692254238648,1692254238651,1693226502897,7,3,4
40725,1693226502897,1692254238686,1692254238689,1693226502934,37,3,34
40726,1693226502934,1692254238721,1692254238724,1693226502978,44,3,41
40727,1693226502978,1692254238737,1692254238740,1693226502986,8,3,5
40728,1693226502986,1692254238746,1692254238761,1693226503007,21,15,6
40729,1693226503007,1692254238766,1692254238769,1693226503015,8,3,5
40730,1693226503015,1692254238793,1692254238796,1693226503043,28,3,25
40731,1693226503043,1692254238810,1692254238813,1693226503059,16,3,13
40732,1693226503059,1692254238846,1692254238849,1693226503095,36,3,33
40733,1693226503095,1692254238857,1692254238861,1693226503107,12,4,8
40734,1693226503107,1692254238866,1692254238871,1693226503117,10,5,5
40735,1693226503117,1692254238878,1692254238881,1693226503127,10,3,7
40736,1693226503127,1692254238886,1692254238889,1693226503135,8,3,5
40737,1693226503135,1692254238893,1692254238897,1693226503142,7,4,3
40738,1693226503142,1692254238900,1692254238904,1693226503149,7,4,3
40739,1693226503149,1692254238929,1692254238932,1693226503177,28,3,25
40740,1693226503178,1692254238938,1692254238940,1693226503186,8,2,6
40741,1693226503186,1692254238947,1692254238951,1693226503196,10,4,6
40742,1693226503196,1692254238958,1692254238961,1693226503207,11,3,8
40743,1693226503207,1692254238997,1692254239000,1693226503246,39,3,36
40744,1693226503246,1692254239057,1692254239060,1693226503307,61,3,58
40745,1693226503307,1692254239066,1692254239070,1693226503316,9,4,5
40746,1693226503316,1692254239074,1692254239203,1693226503449,133,129,4
40747,1693226503449,1692254239211,1692254239214,1693226503460,11,3,8
40748,1693226503460,1692254239219,1692254239222,1693226503468,8,3,5
40749,1693226503468,1692254239226,1692254239229,1693226503475,7,3,4
40750,1693226503475,1692254239234,1692254239237,1693226503483,8,3,5
40751,1693226503483,1692254239242,1692254239245,1693226503490,7,3,4
40752,1693226503490,1692254239253,1692254239256,1693226503502,12,3,9
40753,1693226503502,1692254239285,1692254239288,1693226503533,31,3,28
40754,1693226503533,1692254239292,1692254239295,1693226503541,8,3,5
40755,1693226503541,1692254239302,1692254239313,1693226503559,18,11,7
40756,1693226503559,1692254239338,1692254239341,1693226503587,28,3,25
40757,1693226503587,1692254239346,1692254239349,1693226503595,8,3,5
40758,1693226503595,1692254239354,1692254239360,1693226503606,11,6,5
40759,1693226503606,1692254239379,1692254239383,1693226503629,23,4,19
40760,1693226503629,1692254239387,1692254239391,1693226503637,8,4,4
40761,1693226503637,1692254239398,1692254239400,1693226503646,9,2,7
40762,1693226503646,1692254239412,1692254239415,1693226503661,15,3,12
40763,1693226503661,1692254239420,1692254239423,1693226503670,9,3,6
40764,1693226503670,1692254239442,1692254239445,1693226503691,21,3,18
40765,1693226503691,1692254239457,1692254239460,1693226503706,15,3,12
40766,1693226503706,1692254239501,1692254239504,1693226503749,43,3,40
40767,1693226503749,1692254239508,1692254239511,1693226503757,8,3,5
40768,1693226503757,1692254239515,1692254239518,1693226503764,7,3,4
40769,1693226503764,1692254239526,1692254239529,1693226503775,11,3,8
40770,1693226503775,1692254239533,1692254239536,1693226503782,7,3,4
40771,1693226503782,1692254239546,1692254239548,1693226503794,12,2,10
40772,1693226503794,1692254239554,1692254239556,1693226503802,8,2,6
40773,1693226503802,1692254239578,1692254239581,1693226503827,25,3,22
40774,1693226503827,1692254239590,1692254239593,1693226503839,12,3,9
40775,1693226503839,1692254239601,1692254239604,1693226503850,11,3,8
40776,1693226503850,1692254239608,1692254239612,1693226503858,8,4,4
40777,1693226503858,1692254239616,1692254239619,1693226503865,7,3,4
40778,1693226503865,1692254239624,1692254239627,1693226503873,8,3,5
40779,1693226503873,1692254239631,1692254239634,1693226503879,6,3,3
40780,1693226503879,1692254239637,1692254239640,1693226503886,7,3,4
40781,1693226503886,1692254239645,1692254239648,1693226503893,7,3,4
40782,1693226503893,1692254239651,1692254239655,1693226503901,8,4,4
40783,1693226503901,1692254239659,1692254239662,1693226503908,7,3,4
40784,1693226503908,1692254239674,1692254239676,1693226503922,14,2,12
40785,1693226503922,1692254239705,1692254239708,1693226503954,32,3,29
40786,1693226503954,1692254239713,1692254239716,1693226503961,7,3,4
40787,1693226503962,1692254239729,1692254239732,1693226503978,16,3,13
40788,1693226503978,1692254239738,1692254239741,1693226503987,9,3,6
40789,1693226503987,1692254239746,1692254239750,1693226503996,9,4,5
40790,1693226503996,1692254239785,1692254239788,1693226504034,38,3,35
40791,1693226504034,1692254239796,1692254239799,1693226504045,11,3,8
40792,1693226504045,1692254239803,1692254239806,1693226504052,7,3,4
40793,1693226504052,1692254239821,1692254239824,1693226504070,18,3,15
40794,1693226504070,1692254239828,1692254239831,1693226504077,7,3,4
40795,1693226504077,1692254239865,1692254239872,1693226504119,42,7,35
40796,1693226504119,1692254239886,1692254239889,1693226504135,16,3,13
40797,1693226504135,1692254239973,1692254239976,1693226504222,87,3,84
40798,1693226504222,1692254240041,1692254240044,1693226504290,68,3,65
40799,1693226504290,1692254240048,1692254240051,1693226504297,7,3,4
40800,1693226504297,1692254240056,1692254240059,1693226504305,8,3,5
40801,1693226504305,1692254240070,1692254240073,1693226504319,14,3,11
40802,1693226504319,1692254240078,1692254240082,1693226504328,9,4,5
40803,1693226504328,1692254240086,1692254240089,1693226504336,8,3,5
40804,1693226504336,1692254240094,1692254240097,1693226504343,7,3,4
40805,1693226504343,1692254240101,1692254240104,1693226504350,7,3,4
40806,1693226504350,1692254240108,1692254240111,1693226504357,7,3,4
40807,1693226504357,1692254240116,1692254240119,1693226504365,8,3,5
40808,1693226504365,1692254240123,1692254240126,1693226504371,6,3,3
40809,1693226504371,1692254240130,1692254240133,1693226504379,8,3,5
40810,1693226504379,1692254240137,1692254240141,1693226504387,8,4,4
40811,1693226504387,1692254240146,1692254240149,1693226504395,8,3,5
40812,1693226504395,1692254240154,1692254240156,1693226504402,7,2,5
40813,1693226504402,1692254240162,1692254240165,1693226504410,8,3,5
40814,1693226504410,1692254240170,1692254240173,1693226504420,10,3,7
40815,1693226504420,1692254240179,1692254240182,1693226504427,7,3,4
40816,1693226504427,1692254240186,1692254240190,1693226504436,9,4,5
40817,1693226504436,1692254240194,1692254240200,1693226504446,10,6,4
40818,1693226504446,1692254240205,1692254240208,1693226504453,7,3,4
40819,1693226504453,1692254240213,1692254240216,1693226504462,9,3,6
40820,1693226504462,1692254240221,1692254240224,1693226504470,8,3,5
40821,1693226504470,1692254240246,1692254240249,1693226504495,25,3,22
40822,1693226504495,1692254240254,1692254240257,1693226504503,8,3,5
40823,1693226504503,1692254240262,1692254240294,1693226504540,37,32,5
40824,1693226504540,1692254240317,1692254240320,1693226504566,26,3,23
40825,1693226504566,1692254240324,1692254240328,1693226504574,8,4,4
40826,1693226504574,1692254240346,1692254240349,1693226504611,37,3,34
40827,1693226504611,1692254240390,1692254240393,1693226504639,28,3,25
40828,1693226504639,1692254240397,1692254240400,1693226504646,7,3,4
40829,1693226504646,1692254240404,1692254240407,1693226504653,7,3,4
40830,1693226504653,1692254240411,1692254240414,1693226504659,6,3,3
40831,1693226504659,1692254240417,1692254240422,1693226504668,9,5,4
40832,1693226504668,1692254240426,1692254240429,1693226504676,8,3,5
40833,1693226504676,1692254240469,1692254240472,1693226504718,42,3,39
40834,1693226504718,1692254240476,1692254240480,1693226504727,9,4,5
40835,1693226504727,1692254240486,1692254240528,1693226504775,48,42,6
40836,1693226504775,1692254240534,1692254240537,1693226504783,8,3,5
40837,1693226504783,1692254240558,1692254240561,1693226504807,24,3,21
40838,1693226504807,1692254240570,1692254240573,1693226504819,12,3,9
40839,1693226504819,1692254240578,1692254240581,1693226504826,7,3,4
40840,1693226504826,1692254240586,1692254240589,1693226504835,9,3,6
40841,1693226504835,1692254240593,1692254240597,1693226504843,8,4,4
40842,1693226504843,1692254240601,1692254240604,1693226504850,7,3,4
40843,1693226504850,1692254240608,1692254240612,1693226504858,8,4,4
40844,1693226504858,1692254240621,1692254240624,1693226504870,12,3,9
40845,1693226504870,1692254240634,1692254240636,1693226504882,12,2,10
40846,1693226504882,1692254240647,1692254240649,1693226504895,13,2,11
40847,1693226504895,1692254240662,1692254240665,1693226504914,19,3,16
40848,1693226504915,1692254240677,1692254240680,1693226504926,11,3,8
40849,1693226504926,1692254240684,1692254240687,1693226504933,7,3,4
40850,1693226504933,1692254240692,1692254240695,1693226504940,7,3,4
40851,1693226504940,1692254240705,1692254240708,1693226504954,14,3,11
40852,1693226504954,1692254240737,1692254240740,1693226504986,32,3,29
40853,1693226504986,1692254240745,1692254240749,1693226504995,9,4,5
40854,1693226504995,1692254240778,1692254240781,1693226505027,32,3,29
40855,1693226505027,1692254240786,1692254240788,1693226505034,7,2,5
40856,1693226505034,1692254240798,1692254240800,1693226505046,12,2,10
40857,1693226505046,1692254240814,1692254240816,1693226505062,16,2,14
40858,1693226505062,1692254240822,1692254240824,1693226505070,8,2,6
40859,1693226505070,1692254240830,1692254240833,1693226505078,8,3,5
40860,1693226505078,1692254240838,1692254240840,1693226505086,8,2,6
40861,1693226505086,1692254240849,1692254240852,1693226505099,13,3,10
40862,1693226505099,1692254240865,1692254240870,1693226505116,17,5,12
40863,1693226505116,1692254240875,1692254240877,1693226505123,7,2,5
40864,1693226505123,1692254241017,1692254241020,1693226505266,143,3,140
40865,1693226505266,1692254241029,1692254241032,1693226505278,12,3,9
40866,1693226505278,1692254241037,1692254241040,1693226505286,8,3,5
40867,1693226505286,1692254241079,1692254241083,1693226505329,43,4,39
40868,1693226505329,1692254241087,1692254241094,1693226505342,13,7,6
40869,1693226505342,1692254241106,1692254241109,1693226505355,13,3,10
40870,1693226505355,1692254241121,1692254241124,1693226505370,15,3,12
40871,1693226505370,1692254241130,1692254241132,1693226505378,8,2,6
40872,1693226505378,1692254241185,1692254241188,1693226505434,56,3,53
40873,1693226505434,1692254241192,1692254241195,1693226505444,10,3,7
40874,1693226505444,1692254241202,1692254241205,1693226505451,7,3,4
40875,1693226505451,1692254241209,1692254241212,1693226505458,7,3,4
40876,1693226505458,1692254241219,1692254241221,1693226505467,9,2,7
40877,1693226505467,1692254241225,1692254241228,1693226505474,7,3,4
40878,1693226505474,1692254241255,1692254241258,1693226505505,31,3,28
40879,1693226505505,1692254241263,1692254241287,1693226505533,28,24,4
40880,1693226505533,1692254241309,1692254241312,1693226505558,25,3,22
40881,1693226505558,1692254241316,1692254241320,1693226505566,8,4,4
40882,1693226505566,1692254241326,1692254241329,1693226505575,9,3,6
40883,1693226505575,1692254241333,1692254241336,1693226505582,7,3,4
40884,1693226505582,1692254241365,1692254241368,1693226505614,32,3,29
40885,1693226505614,1692254241377,1692254241380,1693226505625,11,3,8
40886,1693226505626,1692254241421,1692254241424,1693226505671,45,3,42
40887,1693226505671,1692254241449,1692254241452,1693226505698,27,3,24
40888,1693226505698,1692254241457,1692254241460,1693226505706,8,3,5
40889,1693226505706,1692254241464,1692254241467,1693226505713,7,3,4
40890,1693226505713,1692254241490,1692254241493,1693226505739,26,3,23
40891,1693226505739,1692254241498,1692254241500,1693226505746,7,2,5
40892,1693226505746,1692254241507,1692254241510,1693226505756,10,3,7
40893,1693226505756,1692254241522,1692254241525,1693226505771,15,3,12
40894,1693226505771,1692254241529,1692254241532,1693226505778,7,3,4
40895,1693226505778,1692254241537,1692254241540,1693226505786,8,3,5
40896,1693226505786,1692254241544,1692254241547,1693226505793,7,3,4
40897,1693226505793,1692254241557,1692254241560,1693226505806,13,3,10
40898,1693226505806,1692254241564,1692254241567,1693226505813,7,3,4
40899,1693226505813,1692254241571,1692254241575,1693226505821,8,4,4
40900,1693226505821,1692254241590,1692254241592,1693226505838,17,2,15
40901,1693226505838,1692254241605,1692254241608,1693226505854,16,3,13
40902,1693226505854,1692254241612,1692254241615,1693226505861,7,3,4
40903,1693226505861,1692254241653,1692254241656,1693226505902,41,3,38
40904,1693226505902,1692254241660,1692254241663,1693226505909,7,3,4
40905,1693226505909,1692254241667,1692254241671,1693226505917,8,4,4
40906,1693226505917,1692254241676,1692254241679,1693226505925,8,3,5
40907,1693226505925,1692254241683,1692254241686,1693226505932,7,3,4
40908,1693226505932,1692254241694,1692254241696,1693226505946,14,2,12
40909,1693226505946,1692254241732,1692254241735,1693226505981,35,3,32
40910,1693226505982,1692254241744,1692254241747,1693226505993,11,3,8
40911,1693226505993,1692254241762,1692254241764,1693226506010,17,2,15
40912,1693226506010,1692254241769,1692254241772,1693226506017,7,3,4
40913,1693226506017,1692254241776,1692254241779,1693226506025,8,3,5
40914,1693226506025,1692254241801,1692254241804,1693226506050,25,3,22
40915,1693226506050,1692254241808,1692254241811,1693226506059,9,3,6
40916,1693226506059,1692254241820,1692254241823,1693226506069,10,3,7
40917,1693226506069,1692254241845,1692254241848,1693226506094,25,3,22
40918,1693226506094,1692254241865,1692254241870,1693226506115,21,5,16
40919,1693226506116,1692254241874,1692254241887,1693226506132,16,13,3
40920,1693226506132,1692254241910,1692254241913,1693226506162,30,3,27
40921,1693226506162,1692254241920,1692254241923,1693226506169,7,3,4
40922,1693226506169,1692254241942,1692254241944,1693226506190,21,2,19
40923,1693226506190,1692254241977,1692254241980,1693226506226,36,3,33
40924,1693226506226,1692254241985,1692254241988,1693226506234,8,3,5
40925,1693226506234,1692254242022,1692254242025,1693226506271,37,3,34
40926,1693226506271,1692254242030,1692254242033,1693226506279,8,3,5
40927,1693226506279,1692254242065,1692254242068,1693226506314,35,3,32
40928,1693226506314,1692254242072,1692254242076,1693226506321,7,4,3
40929,1693226506321,1692254242082,1692254242086,1693226506333,12,4,8
40930,1693226506333,1692254242091,1692254242094,1693226506391,58,3,55
40931,1693226506391,1692254242158,1692254242161,1693226506407,16,3,13
40932,1693226506407,1692254242165,1692254242168,1693226506414,7,3,4
40933,1693226506414,1692254242173,1692254242175,1693226506421,7,2,5
40934,1693226506421,1692254242180,1692254242183,1693226506428,7,3,4
40935,1693226506428,1692254242186,1692254242189,1693226506435,7,3,4
40936,1693226506435,1692254242209,1692254242212,1693226506478,43,3,40
40937,1693226506478,1692254242237,1692254242240,1693226506486,8,3,5
40938,1693226506486,1692254242245,1692254242248,1693226506494,8,3,5
40939,1693226506494,1692254242253,1692254242259,1693226506505,11,6,5
40940,1693226506505,1692254242313,1692254242316,1693226506562,57,3,54
40941,1693226506562,1692254242405,1692254242408,1693226506654,92,3,89
40942,1693226506654,1692254242418,1692254242422,1693226506668,14,4,10
40943,1693226506668,1692254242426,1692254242430,1693226506676,8,4,4
40944,1693226506676,1692254242434,1692254242436,1693226506682,6,2,4
40945,1693226506682,1692254242445,1692254242448,1693226506693,11,3,8
40946,1693226506693,1692254242452,1692254242455,1693226506701,8,3,5
40947,1693226506701,1692254242462,1692254242464,1693226506710,9,2,7
40948,1693226506710,1692254242469,1692254242472,1693226506717,7,3,4
40949,1693226506717,1692254242490,1692254242493,1693226506738,21,3,18
40950,1693226506738,1692254242505,1692254242509,1693226506755,17,4,13
40951,1693226506755,1692254242514,1692254242516,1693226506762,7,2,5
40952,1693226506762,1692254242545,1692254242548,1693226506794,32,3,29
40953,1693226506794,1692254242552,1692254242554,1693226506800,6,2,4
40954,1693226506800,1692254242573,1692254242576,1693226506821,21,3,18
40955,1693226506821,1692254242613,1692254242616,1693226506862,41,3,38
40956,1693226506862,1692254242621,1692254242624,1693226506869,7,3,4
40957,1693226506870,1692254242646,1692254242649,1693226506895,25,3,22
40958,1693226506895,1692254242662,1692254242665,1693226506911,16,3,13
40959,1693226506911,1692254242689,1692254242693,1693226506955,44,4,40
40960,1693226506955,1692254242729,1692254242732,1693226506980,25,3,22
40961,1693226506980,1692254242738,1692254242741,1693226506987,7,3,4
40962,1693226506987,1692254242746,1692254242754,1693226507000,13,8,5
40963,1693226507000,1692254242759,1692254242762,1693226507008,8,3,5
40964,1693226507008,1692254242781,1692254242784,1693226507030,22,3,19
40965,1693226507030,1692254242790,1692254242792,1693226507038,8,2,6
40966,1693226507038,1692254242797,1692254242800,1693226507046,8,3,5
40967,1693226507046,1692254242805,1692254242808,1693226507054,8,3,5
40968,1693226507054,1692254242813,1692254242816,1693226507062,8,3,5
40969,1693226507062,1692254242826,1692254242829,1693226507075,13,3,10
40970,1693226507075,1692254242842,1692254242845,1693226507091,16,3,13
40971,1693226507091,1692254242849,1692254242852,1693226507098,7,3,4
40972,1693226507098,1692254242857,1692254242864,1693226507111,13,7,6
40973,1693226507111,1692254242870,1692254242874,1693226507120,9,4,5
40974,1693226507120,1692254242997,1692254243000,1693226507246,126,3,123
40975,1693226507246,1692254243006,1692254243009,1693226507255,9,3,6
40976,1693226507255,1692254243042,1692254243045,1693226507290,35,3,32
40977,1693226507290,1692254243062,1692254243064,1693226507310,20,2,18
40978,1693226507310,1692254243074,1692254243076,1693226507322,12,2,10
40979,1693226507323,1692254243082,1692254243086,1693226507332,9,4,5
40980,1693226507332,1692254243091,1692254243095,1693226507341,9,4,5
40981,1693226507341,1692254243099,1692254243111,1693226507357,16,12,4
40982,1693226507357,1692254243142,1692254243145,1693226507391,34,3,31
40983,1693226507391,1692254243154,1692254243157,1693226507403,12,3,9
40984,1693226507403,1692254243194,1692254243197,1693226507443,40,3,37
40985,1693226507443,1692254243205,1692254243208,1693226507454,11,3,8
40986,1693226507454,1692254243218,1692254243220,1693226507467,13,2,11
40987,1693226507467,1692254243225,1692254243229,1693226507475,8,4,4
40988,1693226507475,1692254243262,1692254243265,1693226507511,36,3,33
40989,1693226507512,1692254243271,1692254243274,1693226507520,8,3,5
40990,1693226507520,1692254243354,1692254243357,1693226507603,83,3,80
40991,1693226507603,1692254243363,1692254243366,1693226507613,10,3,7
40992,1693226507613,1692254243373,1692254243375,1693226507621,8,2,6
40993,1693226507621,1692254243389,1692254243392,1693226507638,17,3,14
40994,1693226507638,1692254243425,1692254243428,1693226507673,35,3,32
40995,1693226507674,1692254243437,1692254243440,1693226507686,12,3,9
40996,1693226507686,1692254243444,1692254243447,1693226507696,10,3,7
40997,1693226507696,1692254243455,1692254243458,1693226507704,8,3,5
40998,1693226507704,1692254243489,1692254243492,1693226507738,34,3,31
40999,1693226507738,1692254243534,1692254243579,1693226507825,87,45,42
41000,1693226507825,1692254243612,1692254243615,1693226507861,36,3,33
41001,1693226507861,1692254243620,1692254243623,1693226507868,7,3,4
41002,1693226507868,1692254243633,1692254243636,1693226507881,13,3,10
41003,1693226507882,1692254243640,1692254243643,1693226507889,7,3,4
41004,1693226507889,1692254243647,1692254243651,1693226507897,8,4,4
41005,1693226507897,1692254243657,1692254243661,1693226507906,9,4,5
41006,1693226507906,1692254243665,1692254243668,1693226507914,8,3,5
41007,1693226507914,1692254243672,1692254243675,1693226507920,6,3,3
41008,1693226507920,1692254243679,1692254243682,1693226507928,8,3,5
41009,1693226507928,1692254243732,1692254243735,1693226507981,53,3,50
41010,1693226507981,1692254243740,1692254243743,1693226507989,8,3,5
41011,1693226507989,1692254243779,1692254243782,1693226508028,39,3,36
41012,1693226508028,1692254243787,1692254243790,1693226508036,8,3,5
41013,1693226508036,1692254243794,1692254243797,1693226508042,6,3,3
41014,1693226508043,1692254243801,1692254243804,1693226508050,7,3,4
41015,1693226508050,1692254243808,1692254243811,1693226508057,7,3,4
41016,1693226508057,1692254243816,1692254243820,1693226508066,9,4,5
41017,1693226508066,1692254243824,1692254243827,1693226508073,7,3,4
41018,1693226508073,1692254243832,1692254243835,1693226508081,8,3,5
41019,1693226508081,1692254243865,1692254243868,1693226508114,33,3,30
41020,1693226508114,1692254243874,1692254243877,1693226508123,9,3,6
41021,1693226508123,1692254243882,1692254243885,1693226508131,8,3,5
41022,1693226508131,1692254243906,1692254243910,1693226508155,24,4,20
41023,1693226508155,1692254243996,1692254243999,1693226508245,90,3,87
41024,1693226508245,1692254244010,1692254244013,1693226508259,14,3,11
41025,1693226508259,1692254244081,1692254244085,1693226508331,72,4,68
41026,1693226508331,1692254244089,1692254244092,1693226508338,7,3,4
41027,1693226508339,1692254244246,1692254244249,1693226508495,156,3,153
41028,1693226508495,1692254244258,1692254244260,1693226508506,11,2,9
41029,1693226508506,1692254244265,1692254244269,1693226508516,10,4,6
41030,1693226508516,1692254244289,1692254244291,1693226508537,21,2,19
41031,1693226508537,1692254244299,1692254244303,1693226508548,11,4,7
41032,1693226508548,1692254244307,1692254244310,1693226508556,8,3,5
41033,1693226508556,1692254244314,1692254244317,1693226508563,7,3,4
41034,1693226508563,1692254244326,1692254244329,1693226508575,12,3,9
41035,1693226508575,1692254244336,1692254244339,1693226508584,9,3,6
41036,1693226508584,1692254244342,1692254244345,1693226508591,7,3,4
41037,1693226508591,1692254244365,1692254244368,1693226508614,23,3,20
41038,1693226508614,1692254244378,1692254244381,1693226508627,13,3,10
41039,1693226508627,1692254244386,1692254244389,1693226508636,9,3,6
41040,1693226508636,1692254244394,1692254244398,1693226508644,8,4,4
41041,1693226508644,1692254244404,1692254244407,1693226508654,10,3,7
41042,1693226508654,1692254244418,1692254244420,1693226508666,12,2,10
41043,1693226508666,1692254244425,1692254244428,1693226508676,10,3,7
41044,1693226508676,1692254244474,1692254244476,1693226508735,59,2,57
41045,1693226508735,1692254244505,1692254244508,1693226508754,19,3,16
41046,1693226508754,1692254244521,1692254244525,1693226508771,17,4,13
41047,1693226508771,1692254244597,1692254244600,1693226508846,75,3,72
41048,1693226508846,1692254244604,1692254244607,1693226508853,7,3,4
41049,1693226508853,1692254244666,1692254244669,1693226508915,62,3,59
41050,1693226508915,1692254244681,1692254244684,1693226508930,15,3,12
41051,1693226508930,1692254244694,1692254244697,1693226508944,14,3,11
41052,1693226508944,1692254244706,1692254244708,1693226508954,10,2,8
41053,1693226508954,1692254244713,1692254244717,1693226508963,9,4,5
41054,1693226508963,1692254244721,1692254244723,1693226508969,6,2,4
41055,1693226508969,1692254244728,1692254244731,1693226508977,8,3,5
41056,1693226508977,1692254244736,1692254244739,1693226508985,8,3,5
41057,1693226508985,1692254244745,1692254244748,1693226508994,9,3,6
41058,1693226508994,1692254244754,1692254244757,1693226509157,163,3,160
41059,1693226509157,1692254244918,1692254244942,1693226509188,31,24,7
41060,1693226509188,1692254244969,1692254244972,1693226509218,30,3,27
41061,1693226509218,1692254244976,1692254245088,1693226509335,117,112,5
41062,1693226509335,1692254245093,1692254245097,1693226509343,8,4,4
41063,1693226509343,1692254245126,1692254245129,1693226509375,32,3,29
41064,1693226509375,1692254245170,1692254245173,1693226509419,44,3,41
41065,1693226509419,1692254245182,1692254245185,1693226509431,12,3,9
41066,1693226509431,1692254245189,1692254245192,1693226509438,7,3,4
41067,1693226509438,1692254245217,1692254245220,1693226509466,28,3,25
41068,1693226509466,1692254245238,1692254245241,1693226509487,21,3,18
41069,1693226509487,1692254245271,1692254245275,1693226509521,34,4,30
41070,1693226509521,1692254245280,1692254245283,1693226509529,8,3,5
41071,1693226509529,1692254245306,1692254245309,1693226509555,26,3,23
41072,1693226509555,1692254245314,1692254245317,1693226509563,8,3,5
41073,1693226509563,1692254245321,1692254245361,1693226509607,44,40,4
41074,1693226509607,1692254245370,1692254245373,1693226509619,12,3,9
41075,1693226509619,1692254245409,1692254245412,1693226509658,39,3,36
41076,1693226509658,1692254245416,1692254245419,1693226509665,7,3,4
41077,1693226509665,1692254245451,1692254245454,1693226509700,35,3,32
41078,1693226509700,1692254245550,1692254245553,1693226509799,99,3,96
41079,1693226509799,1692254245581,1692254245584,1693226509829,30,3,27
41080,1693226509830,1692254245598,1692254245601,1693226509847,17,3,14
41081,1693226509847,1692254245606,1692254245608,1693226509870,23,2,21
41082,1693226509870,1692254245629,1692254245632,1693226509878,8,3,5
41083,1693226509878,1692254245649,1692254245652,1693226509898,20,3,17
41084,1693226509898,1692254245689,1692254245692,1693226509937,39,3,36
41085,1693226509937,1692254245696,1692254245699,1693226509945,8,3,5
41086,1693226509945,1692254245706,1692254245708,1693226509954,9,2,7
41087,1693226509954,1692254245733,1692254245737,1693226509983,29,4,25
41088,1693226509983,1692254245742,1692254245745,1693226509992,9,3,6
41089,1693226509992,1692254245805,1692254245808,1693226510054,62,3,59
41090,1693226510054,1692254245861,1692254245869,1693226510115,61,8,53
41091,1693226510115,1692254245874,1692254245877,1693226510123,8,3,5
41092,1693226510123,1692254246053,1692254246057,1693226510303,180,4,176
41093,1693226510303,1692254246061,1692254246064,1693226510309,6,3,3
41094,1693226510309,1692254246073,1692254246076,1693226510321,12,3,9
41095,1693226510321,1692254246080,1692254246083,1693226510328,7,3,4
41096,1693226510328,1692254246087,1692254246090,1693226510336,8,3,5
41097,1693226510336,1692254246094,1692254246099,1693226510344,8,5,3
41098,1693226510344,1692254246173,1692254246177,1693226510423,79,4,75
41099,1693226510423,1692254246233,1692254246236,1693226510482,59,3,56
41100,1693226510482,1692254246240,1692254246244,1693226510490,8,4,4
41101,1693226510490,1692254246271,1692254246274,1693226510521,31,3,28
41102,1693226510521,1692254246282,1692254246285,1693226510531,10,3,7
41103,1693226510531,1692254246294,1692254246297,1693226510543,12,3,9
41104,1693226510543,1692254246345,1692254246348,1693226510594,51,3,48
41105,1693226510594,1692254246353,1692254246356,1693226510601,7,3,4
41106,1693226510601,1692254246360,1692254246363,1693226510609,8,3,5
41107,1693226510609,1692254246367,1692254246370,1693226510616,7,3,4
41108,1693226510616,1692254246375,1692254246378,1693226510624,8,3,5
41109,1693226510624,1692254246382,1692254246385,1693226510631,7,3,4
41110,1693226510631,1692254246389,1692254246393,1693226510638,7,4,3
41111,1693226510638,1692254246397,1692254246399,1693226510645,7,2,5
41112,1693226510645,1692254246403,1692254246406,1693226510652,7,3,4
41113,1693226510652,1692254246410,1692254246413,1693226510659,7,3,4
41114,1693226510659,1692254246418,1692254246421,1693226510667,8,3,5
41115,1693226510667,1692254246426,1692254246430,1693226510675,8,4,4
41116,1693226510675,1692254246434,1692254246437,1693226510683,8,3,5
41117,1693226510683,1692254246441,1692254246444,1693226510690,7,3,4
41118,1693226510690,1692254246448,1692254246452,1693226510697,7,4,3
41119,1693226510697,1692254246456,1692254246459,1693226510705,8,3,5
41120,1693226510705,1692254246463,1692254246466,1693226510712,7,3,4
41121,1693226510712,1692254246477,1692254246510,1693226510756,44,33,11
41122,1693226510756,1692254246522,1692254246524,1693226510770,14,2,12
41123,1693226510770,1692254246558,1692254246561,1693226510807,37,3,34
41124,1693226510807,1692254246577,1692254246580,1693226510826,19,3,16
41125,1693226510826,1692254246586,1692254246589,1693226510835,9,3,6
41126,1693226510835,1692254246609,1692254246612,1693226510857,22,3,19
41127,1693226510857,1692254246616,1692254246620,1693226510866,9,4,5
41128,1693226510866,1692254246627,1692254246630,1693226510876,10,3,7
41129,1693226510876,1692254246634,1692254246637,1693226510883,7,3,4
41130,1693226510883,1692254246661,1692254246664,1693226510910,27,3,24
41131,1693226510910,1692254246677,1692254246680,1693226510926,16,3,13
41132,1693226510926,1692254246685,1692254246688,1693226510934,8,3,5
41133,1693226510934,1692254246693,1692254246696,1693226510942,8,3,5
41134,1693226510942,1692254246701,1692254246704,1693226510949,7,3,4
41135,1693226510950,1692254246708,1692254246710,1693226510956,6,2,4
41136,1693226510956,1692254246715,1692254246718,1693226510964,8,3,5
41137,1693226510964,1692254246722,1692254246725,1693226510973,9,3,6
41138,1693226510973,1692254246732,1692254246736,1693226510982,9,4,5
41139,1693226510982,1692254246741,1692254246744,1693226510990,8,3,5
41140,1693226510990,1692254246748,1692254246752,1693226510997,7,4,3
41141,1693226510998,1692254246769,1692254246789,1693226511035,37,20,17
41142,1693226511035,1692254246793,1692254246825,1693226511071,36,32,4
41143,1693226511071,1692254246834,1692254246837,1693226511083,12,3,9
41144,1693226511083,1692254246842,1692254246844,1693226511090,7,2,5
41145,1693226511090,1692254246849,1692254246852,1693226511098,8,3,5
41146,1693226511098,1692254246868,1692254246872,1693226511118,20,4,16
41147,1693226511118,1692254246882,1692254246885,1693226511142,24,3,21
41148,1693226511142,1692254246929,1692254246931,1693226511178,36,2,34
41149,1693226511178,1692254246945,1692254246948,1693226511194,16,3,13
41150,1693226511194,1692254246989,1692254246992,1693226511237,43,3,40
41151,1693226511237,1692254247009,1692254247012,1693226511257,20,3,17
41152,1693226511258,1692254247018,1692254247021,1693226511266,8,3,5
41153,1693226511266,1692254247037,1692254247040,1693226511285,19,3,16
41154,1693226511285,1692254247044,1692254247047,1693226511293,8,3,5
41155,1693226511293,1692254247052,1692254247055,1693226511301,8,3,5
41156,1693226511301,1692254247059,1692254247062,1693226511308,7,3,4
41157,1693226511308,1692254247067,1692254247069,1693226511315,7,2,5
41158,1693226511315,1692254247074,1692254247089,1693226511334,19,15,4
41159,1693226511334,1692254247093,1692254247098,1693226511344,10,5,5
41160,1693226511344,1692254247103,1692254247123,1693226511368,24,20,4
41161,1693226511369,1692254247146,1692254247149,1693226511395,26,3,23
41162,1693226511395,1692254247170,1692254247173,1693226511419,24,3,21
41163,1693226511419,1692254247234,1692254247238,1693226511485,66,4,62
41164,1693226511485,1692254247244,1692254247247,1693226511492,7,3,4
41165,1693226511493,1692254247254,1692254247257,1693226511504,11,3,8
41166,1693226511504,1692254247263,1692254247266,1693226511512,8,3,5
41167,1693226511512,1692254247271,1692254247276,1693226511522,10,5,5
41168,1693226511522,1692254247281,1692254247307,1693226511553,31,26,5
41169,1693226511553,1692254247317,1692254247321,1693226511567,14,4,10
41170,1693226511567,1692254247350,1692254247353,1693226511599,32,3,29
41171,1693226511599,1692254247363,1692254247366,1693226511612,13,3,10
41172,1693226511612,1692254247374,1692254247381,1693226511627,15,7,8
41173,1693226511627,1692254247393,1692254247396,1693226511642,15,3,12
41174,1693226511642,1692254247414,1692254247417,1693226511663,21,3,18
41175,1693226511664,1692254247438,1692254247440,1693226511686,22,2,20
41176,1693226511686,1692254247447,1692254247450,1693226511696,10,3,7
41177,1693226511696,1692254247454,1692254247457,1693226511703,7,3,4
41178,1693226511703,1692254247462,1692254247465,1693226511711,8,3,5
41179,1693226511711,1692254247477,1692254247480,1693226511726,15,3,12
41180,1693226511726,1692254247489,1692254247492,1693226511738,12,3,9
41181,1693226511739,1692254247557,1692254247560,1693226511806,67,3,64
41182,1693226511806,1692254247601,1692254247604,1693226511850,44,3,41
41183,1693226511850,1692254247610,1692254247613,1693226511859,9,3,6
41184,1693226511859,1692254247617,1692254247621,1693226511867,8,4,4
41185,1693226511867,1692254247625,1692254247628,1693226511874,7,3,4
41186,1693226511874,1692254247637,1692254247640,1693226511890,16,3,13
41187,1693226511890,1692254247648,1692254247651,1693226511897,7,3,4
41188,1693226511897,1692254247656,1692254247659,1693226511904,7,3,4
41189,1693226511904,1692254247662,1692254247665,1693226511911,7,3,4
41190,1693226511911,1692254247670,1692254247672,1693226511918,7,2,5
41191,1693226511918,1692254247677,1692254247680,1693226511926,8,3,5
41192,1693226511926,1692254247721,1692254247724,1693226511970,44,3,41
41193,1693226511970,1692254247729,1692254247732,1693226511979,9,3,6
41194,1693226511979,1692254247738,1692254247742,1693226511988,9,4,5
41195,1693226511988,1692254247785,1692254247788,1693226512034,46,3,43
41196,1693226512034,1692254247845,1692254247864,1693226512114,80,19,61
41197,1693226512114,1692254247872,1692254247875,1693226512121,7,3,4
41198,1693226512121,1692254247879,1692254247884,1693226512146,25,5,20
41199,1693226512146,1692254247926,1692254247929,1693226512175,29,3,26
41200,1693226512175,1692254247942,1692254247944,1693226512190,15,2,13
41201,1693226512190,1692254247961,1692254247964,1693226512210,20,3,17
41202,1693226512210,1692254247968,1692254247972,1693226512217,7,4,3
41203,1693226512217,1692254247976,1692254247979,1693226512225,8,3,5
41204,1693226512225,1692254248002,1692254248005,1693226512251,26,3,23
41205,1693226512251,1692254248063,1692254248066,1693226512312,61,3,58
41206,1693226512312,1692254248079,1692254248082,1693226512328,16,3,13
41207,1693226512328,1692254248089,1692254248093,1693226512339,11,4,7
41208,1693226512339,1692254248097,1692254248100,1693226512347,8,3,5
41209,1693226512347,1692254248105,1692254248108,1693226512354,7,3,4
41210,1693226512354,1692254248112,1692254248115,1693226512361,7,3,4
41211,1693226512361,1692254248120,1692254248123,1693226512369,8,3,5
41212,1693226512369,1692254248128,1692254248131,1693226512377,8,3,5
41213,1693226512377,1692254248136,1692254248139,1693226512385,8,3,5
41214,1693226512385,1692254248143,1692254248146,1693226512392,7,3,4
41215,1693226512392,1692254248150,1692254248153,1693226512399,7,3,4
41216,1693226512399,1692254248158,1692254248162,1693226512408,9,4,5
41217,1693226512408,1692254248167,1692254248170,1693226512415,7,3,4
41218,1693226512416,1692254248226,1692254248229,1693226512475,59,3,56
41219,1693226512475,1692254248269,1692254248274,1693226512520,45,5,40
41220,1693226512520,1692254248280,1692254248283,1693226512529,9,3,6
41221,1693226512529,1692254248288,1692254248291,1693226512536,7,3,4
41222,1693226512536,1692254248295,1692254248298,1693226512544,8,3,5
41223,1693226512544,1692254248303,1692254248306,1693226512552,8,3,5
41224,1693226512552,1692254248310,1692254248314,1693226512560,8,4,4
41225,1693226512560,1692254248318,1692254248321,1693226512566,6,3,3
41226,1693226512566,1692254248325,1692254248327,1693226512574,8,2,6
41227,1693226512574,1692254248332,1692254248335,1693226512581,7,3,4
41228,1693226512581,1692254248340,1692254248343,1693226512589,8,3,5
41229,1693226512589,1692254248348,1692254248350,1693226512596,7,2,5
41230,1693226512596,1692254248355,1692254248358,1693226512604,8,3,5
41231,1693226512604,1692254248362,1692254248365,1693226512612,8,3,5
41232,1693226512612,1692254248406,1692254248409,1693226512655,43,3,40
41233,1693226512655,1692254248425,1692254248428,1693226512674,19,3,16
41234,1693226512674,1692254248462,1692254248479,1693226512728,54,17,37
41235,1693226512728,1692254248490,1692254248494,1693226512740,12,4,8
41236,1693226512740,1692254248502,1692254248504,1693226512750,10,2,8
41237,1693226512750,1692254248509,1692254248512,1693226512758,8,3,5
41238,1693226512758,1692254248554,1692254248556,1693226512802,44,2,42
41239,1693226512802,1692254248561,1692254248564,1693226512810,8,3,5
41240,1693226512810,1692254248594,1692254248597,1693226512842,32,3,29
41241,1693226512842,1692254248609,1692254248612,1693226512858,16,3,13
41242,1693226512858,1692254248616,1692254248619,1693226512865,7,3,4
41243,1693226512865,1692254248624,1692254248627,1693226512873,8,3,5
41244,1693226512873,1692254248632,1692254248634,1693226512882,9,2,7
41245,1693226512882,1692254248640,1692254248643,1693226512889,7,3,4
41246,1693226512889,1692254248647,1692254248650,1693226512896,7,3,4
41247,1693226512896,1692254248655,1692254248658,1693226512904,8,3,5
41248,1693226512904,1692254248697,1692254248728,1693226512974,70,31,39
41249,1693226512974,1692254248734,1692254248737,1693226512983,9,3,6
41250,1693226512983,1692254248742,1692254248746,1693226512992,9,4,5
41251,1693226512992,1692254248774,1692254248777,1693226513023,31,3,28
41252,1693226513023,1692254248782,1692254248784,1693226513030,7,2,5
41253,1693226513030,1692254248821,1692254248824,1693226513070,40,3,37
41254,1693226513070,1692254248829,1692254248832,1693226513078,8,3,5
41255,1693226513078,1692254248862,1692254248865,1693226513110,32,3,29
41256,1693226513111,1692254248869,1692254248872,1693226513118,7,3,4
41257,1693226513118,1692254248878,1692254248882,1693226513128,10,4,6
41258,1693226513128,1692254248887,1692254248890,1693226513135,7,3,4
41259,1693226513135,1692254248898,1692254248900,1693226513146,11,2,9
41260,1693226513146,1692254248913,1692254248916,1693226513162,16,3,13
41261,1693226513162,1692254248937,1692254248940,1693226513186,24,3,21
41262,1693226513186,1692254248950,1692254248952,1693226513198,12,2,10
41263,1693226513198,1692254248978,1692254248981,1693226513227,29,3,26
41264,1693226513227,1692254248985,1692254248988,1693226513234,7,3,4
41265,1693226513234,1692254249029,1692254249032,1693226513278,44,3,41
41266,1693226513278,1692254249037,1692254249040,1693226513286,8,3,5
41267,1693226513286,1692254249046,1692254249050,1693226513296,10,4,6
41268,1693226513296,1692254249055,1692254249058,1693226513304,8,3,5
41269,1693226513304,1692254249066,1692254249068,1693226513314,10,2,8
41270,1693226513314,1692254249074,1692254249076,1693226513322,8,2,6
41271,1693226513322,1692254249092,1692254249097,1693226513343,21,5,16
41272,1693226513343,1692254249102,1692254249105,1693226513350,7,3,4
41273,1693226513350,1692254249114,1692254249116,1693226513362,12,2,10
41274,1693226513362,1692254249120,1692254249123,1693226513369,7,3,4
41275,1693226513369,1692254249177,1692254249180,1693226513426,57,3,54
41276,1693226513426,1692254249190,1692254249193,1693226513438,12,3,9
41277,1693226513438,1692254249197,1692254249200,1693226513446,8,3,5
41278,1693226513446,1692254249237,1692254249240,1693226513486,40,3,37
41279,1693226513486,1692254249244,1692254249248,1693226513494,8,4,4
41280,1693226513494,1692254249253,1692254249256,1693226513502,8,3,5
41281,1693226513502,1692254249274,1692254249277,1693226513523,21,3,18
41282,1693226513523,1692254249281,1692254249284,1693226513530,7,3,4
41283,1693226513530,1692254249290,1692254249293,1693226513538,8,3,5
41284,1693226513538,1692254249297,1692254249300,1693226513545,7,3,4
41285,1693226513545,1692254249322,1692254249325,1693226513571,26,3,23
41286,1693226513571,1692254249329,1692254249332,1693226513578,7,3,4
41287,1693226513578,1692254249342,1692254249344,1693226513590,12,2,10
41288,1693226513590,1692254249356,1692254249358,1693226513604,14,2,12
41289,1693226513604,1692254249363,1692254249366,1693226513612,8,3,5
41290,1693226513612,1692254249370,1692254249373,1693226513619,7,3,4
41291,1693226513619,1692254249377,1692254249381,1693226513627,8,4,4
41292,1693226513627,1692254249389,1692254249392,1693226513638,11,3,8
41293,1693226513638,1692254249430,1692254249433,1693226513681,43,3,40
41294,1693226513681,1692254249529,1692254249532,1693226513777,96,3,93
41295,1693226513778,1692254249541,1692254249545,1693226513790,12,4,8
41296,1693226513790,1692254249549,1692254249552,1693226513798,8,3,5
41297,1693226513798,1692254249589,1692254249592,1693226513840,42,3,39
41298,1693226513840,1692254249602,1692254249604,1693226513850,10,2,8
41299,1693226513850,1692254249612,1692254249615,1693226513861,11,3,8
41300,1693226513861,1692254249625,1692254249629,1693226513875,14,4,10
41301,1693226513875,1692254249634,1692254249636,1693226513882,7,2,5
41302,1693226513882,1692254249641,1692254249643,1693226513889,7,2,5
41303,1693226513889,1692254249648,1692254249651,1693226513897,8,3,5
41304,1693226513897,1692254249666,1692254249668,1693226513914,17,2,15
41305,1693226513914,1692254249681,1692254249684,1693226513931,17,3,14
41306,1693226513931,1692254249706,1692254249709,1693226513955,24,3,21
41307,1693226513955,1692254249714,1692254249717,1693226513963,8,3,5
41308,1693226513963,1692254249721,1692254249725,1693226513971,8,4,4
41309,1693226513971,1692254249734,1692254249738,1693226513984,13,4,9
41310,1693226513984,1692254249743,1692254249770,1693226514015,31,27,4
41311,1693226514015,1692254249833,1692254249836,1693226514082,67,3,64
41312,1693226514082,1692254249882,1692254249885,1693226514131,49,3,46
41313,1693226514131,1692254249889,1692254249892,1693226514138,7,3,4
41314,1693226514138,1692254249901,1692254249904,1693226514150,12,3,9
41315,1693226514150,1692254249908,1692254249911,1693226514157,7,3,4
41316,1693226514157,1692254249934,1692254249937,1693226514182,25,3,22
41317,1693226514183,1692254249941,1692254249944,1693226514191,8,3,5
41318,1693226514191,1692254249949,1692254249952,1693226514198,7,3,4
41319,1693226514198,1692254249957,1692254249960,1693226514206,8,3,5
41320,1693226514206,1692254249966,1692254249969,1693226514215,9,3,6
41321,1693226514215,1692254249973,1692254249976,1693226514222,7,3,4
41322,1693226514222,1692254249980,1692254249983,1693226514229,7,3,4
41323,1693226514229,1692254249998,1692254250000,1693226514246,17,2,15
41324,1693226514246,1692254250007,1692254250009,1693226514255,9,2,7
41325,1693226514255,1692254250014,1692254250016,1693226514262,7,2,5
41326,1693226514262,1692254250020,1692254250023,1693226514269,7,3,4
41327,1693226514269,1692254250027,1692254250030,1693226514276,7,3,4
41328,1693226514276,1692254250035,1692254250038,1693226514284,8,3,5
41329,1693226514284,1692254250062,1692254250065,1693226514311,27,3,24
41330,1693226514311,1692254250074,1692254250077,1693226514322,11,3,8
41331,1693226514323,1692254250081,1692254250084,1693226514330,7,3,4
41332,1693226514330,1692254250093,1692254250096,1693226514342,12,3,9
41333,1693226514342,1692254250102,1692254250105,1693226514353,11,3,8
41334,1693226514353,1692254250141,1692254250145,1693226514390,37,4,33
41335,1693226514390,1692254250149,1692254250152,1693226514398,8,3,5
41336,1693226514398,1692254250237,1692254250240,1693226514485,87,3,84
41337,1693226514485,1692254250265,1692254250268,1693226514514,29,3,26
41338,1693226514514,1692254250274,1692254250277,1693226514523,9,3,6
41339,1693226514523,1692254250281,1692254250284,1693226514530,7,3,4
41340,1693226514530,1692254250290,1692254250293,1693226514538,8,3,5
41341,1693226514538,1692254250305,1692254250308,1693226514554,16,3,13
41342,1693226514554,1692254250346,1692254250348,1693226514594,40,2,38
41343,1693226514594,1692254250370,1692254250373,1693226514619,25,3,22
41344,1693226514619,1692254250378,1692254250380,1693226514626,7,2,5
41345,1693226514626,1692254250385,1692254250389,1693226514634,8,4,4
41346,1693226514634,1692254250417,1692254250420,1693226514666,32,3,29
41347,1693226514666,1692254250435,1692254250437,1693226514683,17,2,15
41348,1693226514683,1692254250461,1692254250464,1693226514710,27,3,24
41349,1693226514710,1692254250474,1692254250476,1693226514736,26,2,24
41350,1693226514736,1692254250494,1692254250497,1693226514746,10,3,7
41351,1693226514746,1692254250505,1692254250508,1693226514754,8,3,5
41352,1693226514754,1692254250512,1692254250515,1693226514762,8,3,5
41353,1693226514762,1692254250521,1692254250524,1693226514770,8,3,5
41354,1693226514770,1692254250538,1692254250541,1693226514787,17,3,14
41355,1693226514787,1692254250545,1692254250548,1693226514794,7,3,4
41356,1693226514794,1692254250570,1692254250572,1693226514818,24,2,22
41357,1693226514818,1692254250582,1692254250584,1693226514834,16,2,14
41358,1693226514834,1692254250593,1692254250595,1693226514841,7,2,5
41359,1693226514841,1692254250605,1692254250608,1693226514853,12,3,9
41360,1693226514854,1692254250612,1692254250615,1693226514867,13,3,10
41361,1693226514867,1692254250661,1692254250664,1693226514909,42,3,39
41362,1693226514910,1692254250681,1692254250684,1693226514932,22,3,19
41363,1693226514932,1692254250705,1692254250708,1693226514955,23,3,20
41364,1693226514955,1692254250717,1692254250720,1693226514967,12,3,9
41365,1693226514967,1692254250730,1692254250733,1693226514981,14,3,11
41366,1693226514981,1692254250742,1692254250746,1693226514995,14,4,10
41367,1693226514995,1692254250801,1692254250804,1693226515050,55,3,52
41368,1693226515050,1692254250837,1692254250840,1693226515086,36,3,33
41369,1693226515086,1692254250845,1692254250847,1693226515093,7,2,5
41370,1693226515093,1692254250851,1692254250854,1693226515099,6,3,3
41371,1693226515100,1692254250873,1692254250876,1693226515121,21,3,18
41372,1693226515121,1692254250880,1692254250884,1693226515130,9,4,5
41373,1693226515130,1692254250888,1692254250892,1693226515138,8,4,4
41374,1693226515138,1692254250896,1692254250900,1693226515146,8,4,4
41375,1693226515146,1692254250905,1692254250907,1693226515153,7,2,5
41376,1693226515153,1692254250912,1692254250915,1693226515161,8,3,5
41377,1693226515161,1692254250920,1692254250923,1693226515168,7,3,4
41378,1693226515168,1692254250957,1692254250960,1693226515206,38,3,35
41379,1693226515206,1692254250964,1692254250967,1693226515212,6,3,3
41380,1693226515212,1692254250971,1692254250974,1693226515219,7,3,4
41381,1693226515219,1692254250978,1692254250981,1693226515227,8,3,5
41382,1693226515227,1692254250986,1692254250990,1693226515236,9,4,5
41383,1693226515236,1692254251045,1692254251048,1693226515294,58,3,55
41384,1693226515294,1692254251052,1692254251055,1693226515301,7,3,4
41385,1693226515301,1692254251061,1692254251064,1693226515310,9,3,6
41386,1693226515310,1692254251069,1692254251072,1693226515318,8,3,5
41387,1693226515318,1692254251077,1692254251080,1693226515325,7,3,4
41388,1693226515325,1692254251115,1692254251118,1693226515364,39,3,36
41389,1693226515364,1692254251190,1692254251193,1693226515439,75,3,72
41390,1693226515439,1692254251206,1692254251209,1693226515454,15,3,12
41391,1693226515455,1692254251222,1692254251225,1693226515470,15,3,12
41392,1693226515470,1692254251234,1692254251237,1693226515482,12,3,9
41393,1693226515482,1692254251274,1692254251277,1693226515523,41,3,38
41394,1693226515523,1692254251281,1692254251284,1693226515531,8,3,5
41395,1693226515531,1692254251361,1692254251364,1693226515610,79,3,76
41396,1693226515610,1692254251395,1692254251398,1693226515644,34,3,31
41397,1693226515644,1692254251406,1692254251409,1693226515670,26,3,23
41398,1693226515670,1692254251438,1692254251441,1693226515687,17,3,14
41399,1693226515687,1692254251462,1692254251465,1693226515710,23,3,20
41400,1693226515710,1692254251469,1692254251472,1693226515717,7,3,4
41401,1693226515717,1692254251554,1692254251557,1693226515803,86,3,83
41402,1693226515803,1692254251589,1692254251592,1693226515838,35,3,32
41403,1693226515838,1692254251598,1692254251600,1693226515846,8,2,6
41404,1693226515846,1692254251614,1692254251616,1693226515862,16,2,14
41405,1693226515862,1692254251626,1692254251629,1693226515874,12,3,9
41406,1693226515874,1692254251634,1692254251636,1693226515882,8,2,6
41407,1693226515882,1692254251669,1692254251672,1693226515918,36,3,33
41408,1693226515918,1692254251677,1692254251682,1693226515928,10,5,5
41409,1693226515928,1692254251721,1692254251724,1693226515969,41,3,38
41410,1693226515969,1692254251728,1692254251730,1693226515976,7,2,5
41411,1693226515976,1692254251734,1692254251737,1693226515982,6,3,3
41412,1693226515982,1692254251741,1692254251746,1693226515991,9,5,4
41413,1693226515991,1692254251751,1692254251757,1693226516003,12,6,6
41414,1693226516003,1692254251761,1692254251765,1693226516010,7,4,3
41415,1693226516010,1692254251802,1692254251805,1693226516050,40,3,37
41416,1693226516050,1692254251809,1692254251812,1693226516058,8,3,5
41417,1693226516058,1692254251833,1692254251836,1693226516083,25,3,22
41418,1693226516083,1692254251841,1692254251854,1693226516100,17,13,4
41419,1693226516100,1692254251860,1692254251862,1693226516108,8,2,6
41420,1693226516108,1692254251882,1692254251887,1693226516133,25,5,20
41421,1693226516133,1692254251918,1692254251921,1693226516167,34,3,31
41422,1693226516167,1692254251926,1692254251929,1693226516175,8,3,5
41423,1693226516175,1692254251934,1692254251936,1693226516182,7,2,5
41424,1693226516182,1692254251941,1692254251944,1693226516189,7,3,4
41425,1693226516189,1692254251948,1692254251950,1693226516196,7,2,5
41426,1693226516196,1692254252034,1692254252045,1693226516291,95,11,84
41427,1693226516291,1692254252050,1692254252053,1693226516298,7,3,4
41428,1693226516298,1692254252114,1692254252117,1693226516363,65,3,62
41429,1693226516363,1692254252122,1692254252125,1693226516371,8,3,5
41430,1693226516371,1692254252130,1692254252149,1693226516395,24,19,5
41431,1693226516395,1692254252190,1692254252193,1693226516439,44,3,41
41432,1693226516439,1692254252213,1692254252217,1693226516462,23,4,19
41433,1693226516462,1692254252225,1692254252227,1693226516473,11,2,9
41434,1693226516473,1692254252269,1692254252272,1693226516518,45,3,42
41435,1693226516518,1692254252276,1692254252279,1693226516525,7,3,4
41436,1693226516525,1692254252284,1692254252287,1693226516533,8,3,5
41437,1693226516533,1692254252292,1692254252295,1693226516541,8,3,5
41438,1693226516541,1692254252390,1692254252393,1693226516640,99,3,96
41439,1693226516640,1692254252505,1692254252508,1693226516754,114,3,111
41440,1693226516754,1692254252562,1692254252564,1693226516812,58,2,56
41441,1693226516813,1692254252574,1692254252577,1693226516823,10,3,7
41442,1693226516823,1692254252589,1692254252592,1693226516838,15,3,12
41443,1693226516838,1692254252629,1692254252633,1693226516878,40,4,36
41444,1693226516878,1692254252638,1692254252641,1693226516887,9,3,6
41445,1693226516887,1692254252645,1692254252648,1693226516894,7,3,4
41446,1693226516894,1692254252653,1692254252655,1693226516901,7,2,5
41447,1693226516901,1692254252660,1692254252663,1693226516908,7,3,4
41448,1693226516908,1692254252669,1692254252672,1693226516918,10,3,7
41449,1693226516918,1692254252676,1692254252680,1693226516928,10,4,6
41450,1693226516928,1692254252686,1692254252689,1693226516935,7,3,4
41451,1693226516935,1692254252697,1692254252700,1693226516947,12,3,9
41452,1693226516947,1692254252714,1692254252717,1693226516964,17,3,14
41453,1693226516964,1692254252725,1692254252728,1693226516973,9,3,6
41454,1693226516973,1692254252741,1692254252744,1693226516989,16,3,13
41455,1693226516989,1692254252747,1692254252777,1693226517023,34,30,4
41456,1693226517023,1692254252781,1692254252785,1693226517032,9,4,5
41457,1693226517032,1692254252791,1692254252794,1693226517041,9,3,6
41458,1693226517041,1692254252817,1692254252821,1693226517067,26,4,22
41459,1693226517067,1692254252865,1692254252868,1693226517114,47,3,44
41460,1693226517114,1692254252881,1692254252884,1693226517130,16,3,13
41461,1693226517130,1692254252889,1692254252893,1693226517139,9,4,5
41462,1693226517139,1692254252914,1692254252917,1693226517163,24,3,21
41463,1693226517163,1692254252958,1692254252960,1693226517206,43,2,41
41464,1693226517206,1692254252980,1692254252985,1693226517231,25,5,20
41465,1693226517231,1692254253001,1692254253004,1693226517249,18,3,15
41466,1693226517249,1692254253080,1692254253083,1693226517329,80,3,77
41467,1693226517329,1692254253114,1692254253117,1693226517381,52,3,49
41468,1693226517381,1692254253193,1692254253197,1693226517443,62,4,58
41469,1693226517443,1692254253209,1692254253212,1693226517458,15,3,12
41470,1693226517458,1692254253216,1692254253221,1693226517467,9,5,4
41471,1693226517467,1692254253226,1692254253229,1693226517474,7,3,4
41472,1693226517475,1692254253233,1692254253235,1693226517482,7,2,5
41473,1693226517482,1692254253273,1692254253276,1693226517522,40,3,37
41474,1693226517522,1692254253294,1692254253298,1693226517546,24,4,20
41475,1693226517546,1692254253305,1692254253309,1693226517557,11,4,7
41476,1693226517557,1692254253317,1692254253320,1693226517565,8,3,5
41477,1693226517565,1692254253329,1692254253333,1693226517584,19,4,15
41478,1693226517584,1692254253378,1692254253381,1693226517629,45,3,42
41479,1693226520654,1692254256413,1692254256417,1693226520662,8,4,4
41480,1693226520663,1692254256422,1692254256426,1693226520672,9,4,5
41481,1693226520672,1692254256430,1692254256434,1693226520679,7,4,3
41482,1693226520680,1692254256438,1692254256441,1693226520687,7,3,4
41483,1693226520687,1692254256446,1692254256449,1693226520695,8,3,5
41484,1693226520695,1692254256454,1692254256458,1693226520703,8,4,4
41485,1693226520703,1692254256461,1692254256465,1693226520710,7,4,3
41486,1693226520710,1692254256469,1692254256472,1693226520718,8,3,5
41487,1693226520718,1692254256477,1692254256479,1693226520725,7,2,5
41488,1693226520725,1692254256484,1692254256487,1693226520733,8,3,5
41489,1693226520733,1692254256491,1692254256494,1693226520740,7,3,4
41490,1693226520740,1692254256499,1692254256503,1693226520749,9,4,5
41491,1693226520749,1692254256511,1692254256515,1693226520761,12,4,8
41492,1693226520761,1692254256520,1692254256524,1693226520772,11,4,7
41493,1693226520772,1692254256531,1692254256534,1693226520779,7,3,4
41494,1693226520779,1692254256539,1692254256542,1693226520788,9,3,6
41495,1693226520788,1692254256546,1692254256550,1693226520796,8,4,4
41496,1693226520796,1692254256555,1692254256558,1693226520803,7,3,4
41497,1693226520804,1692254256562,1692254256567,1693226520812,8,5,3
41498,1693226520812,1692254256571,1692254256575,1693226520822,10,4,6
41499,1693226520822,1692254256581,1692254256584,1693226520830,8,3,5
41500,1693226520830,1692254256589,1692254256591,1693226520837,7,2,5
41501,1693226520837,1692254256595,1692254256599,1693226520844,7,4,3
41502,1693226520845,1692254256603,1692254256606,1693226520852,7,3,4
41503,1693226520852,1692254256610,1692254256613,1693226520860,8,3,5
41504,1693226520860,1692254256619,1692254256622,1693226520868,8,3,5
41505,1693226520868,1692254256627,1692254256629,1693226520876,8,2,6
41506,1693226520876,1692254256634,1692254256636,1693226520882,6,2,4
41507,1693226520882,1692254256641,1692254256644,1693226520890,8,3,5
41508,1693226520890,1692254256653,1692254256657,1693226520903,13,4,9
41509,1693226520903,1692254256663,1692254256666,1693226520912,9,3,6
41510,1693226520912,1692254256670,1692254256674,1693226520919,7,4,3
41511,1693226520919,1692254256678,1692254256682,1693226520927,8,4,4
41512,1693226520927,1692254256686,1692254256689,1693226520935,8,3,5
41513,1693226520935,1692254256693,1692254256696,1693226520942,7,3,4
41514,1693226520942,1692254256700,1692254256704,1693226520949,7,4,3
41515,1693226520950,1692254256708,1692254256711,1693226520957,7,3,4
41516,1693226520957,1692254256716,1692254256719,1693226520965,8,3,5
41517,1693226520965,1692254256723,1692254256726,1693226520972,7,3,4
41518,1693226520972,1692254256731,1692254256734,1693226520980,8,3,5
41519,1693226520980,1692254256739,1692254256743,1693226520989,9,4,5
41520,1693226520989,1692254256748,1692254256752,1693226520997,8,4,4
41521,1693226520997,1692254256756,1692254256759,1693226521005,8,3,5
41522,1693226521005,1692254256766,1692254256770,1693226521016,11,4,7
41523,1693226521016,1692254256774,1692254256777,1693226521022,6,3,3
41524,1693226521022,1692254256781,1692254256784,1693226521030,8,3,5
41525,1693226521030,1692254256788,1692254256792,1693226521038,8,4,4
41526,1693226521038,1692254256796,1692254256799,1693226521045,7,3,4
41527,1693226521045,1692254256804,1692254256809,1693226521055,10,5,5
41528,1693226521055,1692254256814,1692254256817,1693226521062,7,3,4
41529,1693226521062,1692254256821,1692254256824,1693226521069,7,3,4
41530,1693226521069,1692254256828,1692254256831,1693226521077,8,3,5
41531,1693226521077,1692254256835,1692254256839,1693226521085,8,4,4
41532,1693226521085,1692254256844,1692254256848,1693226521094,9,4,5
41533,1693226521094,1692254256854,1692254256856,1693226521102,8,2,6
41534,1693226521102,1692254256861,1692254256864,1693226521111,9,3,6
41535,1693226521111,1692254256870,1692254256874,1693226521120,9,4,5
41536,1693226521120,1692254256879,1692254256882,1693226521128,8,3,5
41537,1693226521128,1692254256887,1692254256890,1693226521136,8,3,5
41538,1693226521136,1692254256895,1692254256899,1693226521144,8,4,4
41539,1693226521144,1692254256903,1692254256906,1693226521152,8,3,5
41540,1693226521152,1692254256910,1692254256914,1693226521160,8,4,4
41541,1693226521160,1692254256918,1692254256922,1693226521168,8,4,4
41542,1693226521168,1692254256927,1692254256930,1693226521176,8,3,5
41543,1693226521176,1692254256934,1692254256937,1693226521182,6,3,3
41544,1693226521182,1692254256941,1692254256944,1693226521189,7,3,4
41545,1693226521189,1692254256947,1692254256951,1693226521196,7,4,3
41546,1693226521197,1692254256955,1692254256958,1693226521204,7,3,4
41547,1693226521204,1692254256963,1692254256967,1693226521214,10,4,6
41548,1693226521214,1692254256972,1692254256976,1693226521222,8,4,4
41549,1693226521222,1692254256980,1692254256984,1693226521230,8,4,4
41550,1693226521230,1692254256989,1692254256991,1693226521237,7,2,5
41551,1693226521237,1692254256995,1692254256998,1693226521244,7,3,4
41552,1693226521244,1692254257003,1692254257007,1693226521252,8,4,4
41553,1693226521252,1692254257011,1692254257014,1693226521259,7,3,4
41554,1693226521259,1692254257018,1692254257021,1693226521267,8,3,5
41555,1693226521267,1692254257026,1692254257028,1693226521273,6,2,4
41556,1693226521273,1692254257032,1692254257035,1693226521281,8,3,5
41557,1693226521281,1692254257039,1692254257042,1693226521288,7,3,4
41558,1693226521288,1692254257047,1692254257051,1693226521296,8,4,4
41559,1693226521296,1692254257055,1692254257058,1693226521304,8,3,5
41560,1693226521304,1692254257062,1692254257064,1693226521310,6,2,4
41561,1693226521310,1692254257072,1692254257075,1693226521321,11,3,8
41562,1693226521321,1692254257079,1692254257082,1693226521328,7,3,4
41563,1693226521328,1692254257086,1692254257089,1693226521335,7,3,4
41564,1693226521335,1692254257093,1692254257098,1693226521344,9,5,4
41565,1693226521344,1692254257103,1692254257106,1693226521351,7,3,4
41566,1693226521351,1692254257110,1692254257114,1693226521359,8,4,4
41567,1693226521359,1692254257117,1692254257120,1693226521365,6,3,3
41568,1693226521365,1692254257124,1692254257128,1693226521373,8,4,4
41569,1693226521373,1692254257132,1692254257136,1693226521382,9,4,5
41570,1693226521382,1692254257141,1692254257145,1693226521391,9,4,5
41571,1693226521391,1692254257149,1692254257152,1693226521398,7,3,4
41572,1693226521398,1692254257158,1692254257161,1693226521407,9,3,6
41573,1693226521407,1692254257165,1692254257168,1693226521414,7,3,4
41574,1693226521414,1692254257174,1692254257178,1693226521424,10,4,6
41575,1693226521424,1692254257182,1692254257185,1693226521430,6,3,3
41576,1693226521430,1692254257189,1692254257192,1693226521437,7,3,4
41577,1693226521437,1692254257196,1692254257200,1693226521445,8,4,4
41578,1693226521446,1692254257204,1692254257208,1693226521453,7,4,3
41579,1693226521453,1692254257212,1692254257216,1693226521462,9,4,5
41580,1693226521462,1692254257220,1692254257223,1693226521469,7,3,4
41581,1693226521469,1692254257227,1692254257230,1693226521476,7,3,4
41582,1693226521476,1692254257234,1692254257237,1693226521485,9,3,6
41583,1693226521485,1692254257243,1692254257247,1693226521492,7,4,3
41584,1693226521492,1692254257251,1692254257254,1693226521500,8,3,5
41585,1693226521500,1692254257260,1692254257263,1693226521511,11,3,8
41586,1693226521511,1692254257270,1692254257273,1693226521521,10,3,7
41587,1693226521521,1692254257284,1692254257287,1693226521533,12,3,9
41588,1693226521533,1692254257291,1692254257295,1693226521541,8,4,4
41589,1693226521541,1692254257302,1692254257305,1693226521551,10,3,7
41590,1693226521551,1692254257310,1692254257313,1693226521559,8,3,5
41591,1693226521559,1692254257318,1692254257321,1693226521566,7,3,4
41592,1693226521566,1692254257325,1692254257328,1693226521574,8,3,5
41593,1693226521574,1692254257332,1692254257335,1693226521581,7,3,4
41594,1693226521581,1692254257339,1692254257343,1693226521588,7,4,3
41595,1693226521588,1692254257347,1692254257350,1693226521599,11,3,8
41596,1693226521599,1692254257362,1692254257365,1693226521611,12,3,9
41597,1693226521611,1692254257370,1692254257373,1693226521618,7,3,4
41598,1693226521618,1692254257379,1692254257383,1693226521628,10,4,6
41599,1693226521628,1692254257386,1692254257390,1693226521641,13,4,9
41600,1693226521641,1692254257400,1692254257403,1693226521650,9,3,6
41601,1693226521650,1692254257409,1692254257414,1693226521660,10,5,5
41602,1693226521660,1692254257423,1692254257427,1693226521672,12,4,8
41603,1693226521672,1692254257431,1692254257434,1693226521679,7,3,4
41604,1693226521679,1692254257452,1692254257455,1693226521701,22,3,19
41605,1693226521701,1692254257463,1692254257466,1693226521711,10,3,7
41606,1693226521711,1692254257470,1692254257473,1693226521722,11,3,8
41607,1693226521722,1692254257481,1692254257484,1693226521730,8,3,5
41608,1693226521730,1692254257488,1692254257492,1693226521738,8,4,4
41609,1693226521738,1692254257497,1692254257500,1693226521746,8,3,5
41610,1693226521746,1692254257504,1692254257508,1693226521754,8,4,4
41611,1693226521754,1692254257513,1692254257516,1693226521763,9,3,6
41612,1693226521763,1692254257527,1692254257531,1693226521778,15,4,11
41613,1693226521778,1692254257537,1692254257540,1693226521786,8,3,5
41614,1693226521786,1692254257545,1692254257551,1693226521796,10,6,4
41615,1693226521796,1692254257556,1692254257559,1693226521804,8,3,5
41616,1693226521804,1692254257563,1692254257566,1693226521812,8,3,5
41617,1693226521812,1692254257571,1692254257574,1693226521820,8,3,5
41618,1693226521820,1692254257578,1692254257582,1693226521827,7,4,3
41619,1693226521827,1692254257586,1692254257588,1693226521834,7,2,5
41620,1693226521834,1692254257592,1692254257596,1693226521841,7,4,3
41621,1693226521841,1692254257599,1692254257603,1693226521849,8,4,4
41622,1693226521849,1692254257608,1692254257610,1693226521856,7,2,5
41623,1693226521856,1692254257615,1692254257618,1693226521864,8,3,5
41624,1693226521864,1692254257623,1692254257626,1693226521872,8,3,5
41625,1693226521872,1692254257631,1692254257634,1693226521879,7,3,4
41626,1693226521879,1692254257638,1692254257641,1693226521887,8,3,5
41627,1693226521887,1692254257646,1692254257649,1693226521895,8,3,5
41628,1693226521895,1692254257654,1692254257656,1693226521902,7,2,5
41629,1693226521902,1692254257661,1692254257664,1693226521909,7,3,4
41630,1693226521909,1692254257668,1692254257672,1693226521917,8,4,4
41631,1693226521917,1692254257676,1692254257679,1693226521925,8,3,5
41632,1693226521925,1692254257686,1692254257689,1693226521935,10,3,7
41633,1693226521935,1692254257693,1692254257696,1693226521942,7,3,4
41634,1693226521942,1692254257700,1692254257703,1693226521949,7,3,4
41635,1693226521949,1692254257708,1692254257710,1693226521956,7,2,5
41636,1693226521956,1692254257714,1692254257719,1693226521964,8,5,3
41637,1693226521964,1692254257723,1692254257726,1693226521972,8,3,5
41638,1693226521972,1692254257731,1692254257734,1693226521979,7,3,4
41639,1693226521979,1692254257738,1692254257741,1693226521987,8,3,5
41640,1693226521987,1692254257746,1692254257749,1693226521995,8,3,5
41641,1693226521995,1692254257754,1692254257757,1693226522003,8,3,5
41642,1693226522003,1692254257761,1692254257765,1693226522010,7,4,3
41643,1693226522010,1692254257769,1692254257772,1693226522018,8,3,5
41644,1693226522018,1692254257777,1692254257780,1693226522026,8,3,5
41645,1693226522026,1692254257786,1692254257789,1693226522035,9,3,6
41646,1693226522035,1692254257794,1692254257796,1693226522042,7,2,5
41647,1693226522042,1692254257800,1692254257804,1693226522050,8,4,4
41648,1693226522050,1692254257809,1692254257812,1693226522058,8,3,5
41649,1693226522058,1692254257816,1692254257820,1693226522066,8,4,4
41650,1693226522066,1692254257824,1692254257827,1693226522073,7,3,4
41651,1693226522073,1692254257832,1692254257835,1693226522081,8,3,5
41652,1693226522081,1692254257839,1692254257842,1693226522088,7,3,4
41653,1693226522088,1692254257846,1692254257849,1693226522095,7,3,4
41654,1693226522095,1692254257854,1692254257857,1693226522102,7,3,4
41655,1693226522103,1692254257862,1692254257866,1693226522112,9,4,5
41656,1693226522112,1692254257870,1692254257874,1693226522119,7,4,3
41657,1693226522119,1692254257878,1692254257882,1693226522129,10,4,6
41658,1693226522129,1692254257887,1692254257890,1693226522137,8,3,5
41659,1693226522137,1692254257897,1692254257900,1693226522146,9,3,6
41660,1693226522146,1692254257905,1692254257908,1693226522154,8,3,5
41661,1693226522154,1692254257913,1692254257916,1693226522161,7,3,4
41662,1693226522161,1692254257924,1692254257927,1693226522173,12,3,9
41663,1693226522173,1692254257932,1692254257935,1693226522182,9,3,6
41664,1693226522182,1692254257940,1692254257943,1693226522189,7,3,4
41665,1693226522189,1692254257948,1692254257951,1693226522197,8,3,5
41666,1693226522197,1692254257956,1692254257959,1693226522205,8,3,5
41667,1693226522205,1692254257963,1692254257966,1693226522212,7,3,4
41668,1693226522212,1692254257971,1692254257974,1693226522220,8,3,5
41669,1693226522220,1692254257979,1692254257982,1693226522228,8,3,5
41670,1693226522228,1692254257987,1692254257990,1693226522237,9,3,6
41671,1693226522237,1692254257996,1692254257999,1693226522245,8,3,5
41672,1693226522245,1692254258003,1692254258006,1693226522251,6,3,3
41673,1693226522251,1692254258010,1692254258015,1693226522260,9,5,4
41674,1693226522261,1692254258019,1692254258023,1693226522269,8,4,4
41675,1693226522269,1692254258027,1692254258030,1693226522275,6,3,3
41676,1693226522275,1692254258034,1692254258037,1693226522283,8,3,5
41677,1693226522283,1692254258041,1692254258044,1693226522290,7,3,4
41678,1693226522290,1692254258048,1692254258052,1693226522298,8,4,4
41679,1693226522298,1692254258057,1692254258060,1693226522306,8,3,5
41680,1693226522306,1692254258067,1692254258071,1693226522317,11,4,7
41681,1693226522317,1692254258076,1692254258079,1693226522324,7,3,4
41682,1693226522324,1692254258083,1692254258086,1693226522332,8,3,5
41683,1693226522332,1692254258091,1692254258093,1693226522340,8,2,6
41684,1693226522340,1692254258098,1692254258101,1693226522347,7,3,4
41685,1693226522347,1692254258106,1692254258108,1693226522355,8,2,6
41686,1693226522355,1692254258116,1692254258120,1693226522366,11,4,7
41687,1693226522366,1692254258124,1692254258127,1693226522373,7,3,4
41688,1693226522373,1692254258132,1692254258135,1693226522381,8,3,5
41689,1693226522381,1692254258141,1692254258143,1693226522389,8,2,6
41690,1693226522389,1692254258148,1692254258152,1693226522398,9,4,5
41691,1693226522398,1692254258157,1692254258160,1693226522405,7,3,4
41692,1693226522405,1692254258164,1692254258167,1693226522413,8,3,5
41693,1693226522413,1692254258172,1692254258175,1693226522420,7,3,4
41694,1693226522420,1692254258179,1692254258183,1693226522429,9,4,5
41695,1693226522429,1692254258188,1692254258191,1693226522437,8,3,5
41696,1693226522437,1692254258199,1692254258202,1693226522448,11,3,8
41697,1693226522448,1692254258206,1692254258209,1693226522454,6,3,3
41698,1693226522454,1692254258213,1692254258216,1693226522462,8,3,5
41699,1693226522462,1692254258220,1692254258224,1693226522469,7,4,3
41700,1693226522470,1692254258229,1692254258232,1693226522477,7,3,4
41701,1693226522478,1692254258236,1692254258239,1693226522485,7,3,4
41702,1693226522485,1692254258243,1692254258246,1693226522491,6,3,3
41703,1693226522491,1692254258249,1692254258252,1693226522498,7,3,4
41704,1693226522498,1692254258257,1692254258261,1693226522507,9,4,5
41705,1693226522507,1692254258266,1692254258270,1693226522515,8,4,4
41706,1693226522515,1692254258274,1692254258277,1693226522523,8,3,5
41707,1693226522523,1692254258282,1692254258285,1693226522531,8,3,5
41708,1693226522531,1692254258289,1692254258292,1693226522540,9,3,6
41709,1693226522540,1692254258299,1692254258302,1693226522548,8,3,5
41710,1693226522548,1692254258307,1692254258312,1693226522558,10,5,5
41711,1693226522558,1692254258317,1692254258319,1693226522565,7,2,5
41712,1693226522565,1692254258323,1692254258326,1693226522572,7,3,4
41713,1693226522572,1692254258330,1692254258334,1693226522579,7,4,3
41714,1693226522579,1692254258338,1692254258341,1693226522587,8,3,5
41715,1693226522587,1692254258345,1692254258348,1693226522594,7,3,4
41716,1693226522594,1692254258355,1692254258358,1693226522604,10,3,7
41717,1693226522604,1692254258362,1692254258366,1693226522611,7,4,3
41718,1693226522611,1692254258381,1692254258384,1693226522630,19,3,16
41719,1693226522630,1692254258389,1692254258392,1693226522638,8,3,5
41720,1693226522638,1692254258403,1692254258407,1693226522653,15,4,11
41721,1693226522653,1692254258411,1692254258414,1693226522660,7,3,4
41722,1693226522660,1692254258418,1692254258422,1693226522668,8,4,4
41723,1693226522668,1692254258426,1692254258429,1693226522675,7,3,4
41724,1693226522675,1692254258433,1692254258437,1693226522683,8,4,4
41725,1693226522683,1692254258442,1692254258445,1693226522690,7,3,4
41726,1693226522690,1692254258449,1692254258452,1693226522698,8,3,5
41727,1693226522698,1692254258456,1692254258459,1693226522704,6,3,3
41728,1693226522705,1692254258463,1692254258467,1693226522712,7,4,3
41729,1693226522712,1692254258471,1692254258474,1693226522720,8,3,5
41730,1693226522720,1692254258479,1692254258482,1693226522728,8,3,5
41731,1693226522728,1692254258486,1692254258490,1693226522735,7,4,3
41732,1693226522735,1692254258494,1692254258497,1693226522743,8,3,5
41733,1693226522743,1692254258502,1692254258505,1693226522753,10,3,7
41734,1693226522753,1692254258511,1692254258515,1693226522761,8,4,4
41735,1693226522761,1692254258520,1692254258523,1693226522769,8,3,5
41736,1693226522769,1692254258528,1692254258532,1693226522778,9,4,5
41737,1693226522778,1692254258541,1692254258544,1693226522790,12,3,9
41738,1693226522790,1692254258550,1692254258553,1693226522799,9,3,6
41739,1693226522799,1692254258558,1692254258561,1693226522807,8,3,5
41740,1693226522807,1692254258566,1692254258568,1693226522814,7,2,5
41741,1693226522814,1692254258573,1692254258579,1693226522824,10,6,4
41742,1693226522824,1692254258582,1692254258586,1693226522831,7,4,3
41743,1693226522831,1692254258590,1692254258593,1693226522838,7,3,4
41744,1693226522838,1692254258599,1692254258603,1693226522848,10,4,6
41745,1693226522848,1692254258608,1692254258611,1693226522857,9,3,6
41746,1693226522857,1692254258615,1692254258620,1693226522865,8,5,3
41747,1693226522865,1692254258624,1692254258628,1693226522874,9,4,5
41748,1693226522874,1692254258633,1692254258636,1693226522882,8,3,5
41749,1693226522882,1692254258641,1692254258644,1693226522889,7,3,4
41750,1693226522889,1692254258648,1692254258652,1693226522897,8,4,4
41751,1693226522897,1692254258655,1692254258659,1693226522904,7,4,3
41752,1693226522904,1692254258663,1692254258665,1693226522911,7,2,5
41753,1693226522911,1692254258669,1692254258672,1693226522918,7,3,4
41754,1693226522918,1692254258676,1692254258679,1693226522924,6,3,3
41755,1693226522924,1692254258683,1692254258687,1693226522932,8,4,4
41756,1693226522933,1692254258691,1692254258693,1693226522939,6,2,4
41757,1693226522939,1692254258698,1692254258701,1693226522947,8,3,5
41758,1693226522947,1692254258706,1692254258709,1693226522955,8,3,5
41759,1693226522955,1692254258714,1692254258717,1693226522963,8,3,5
41760,1693226522963,1692254258722,1692254258725,1693226522971,8,3,5
41761,1693226522971,1692254258731,1692254258735,1693226522980,9,4,5
41762,1693226522980,1692254258739,1692254258743,1693226522989,9,4,5
41763,1693226522989,1692254258748,1692254258751,1693226522997,8,3,5
41764,1693226522997,1692254258756,1692254258759,1693226523005,8,3,5
41765,1693226523005,1692254258763,1692254258766,1693226523014,9,3,6
41766,1693226523014,1692254258773,1692254258776,1693226523021,7,3,4
41767,1693226523021,1692254258784,1692254258787,1693226523033,12,3,9
41768,1693226523033,1692254258792,1692254258795,1693226523041,8,3,5
41769,1693226523041,1692254258800,1692254258803,1693226523048,7,3,4
41770,1693226523048,1692254258807,1692254258810,1693226523057,9,3,6
41771,1693226523057,1692254258815,1692254258818,1693226523064,7,3,4
41772,1693226523064,1692254258823,1692254258826,1693226523072,8,3,5
41773,1693226523072,1692254258832,1692254258835,1693226523081,9,3,6
41774,1693226523081,1692254258840,1692254258843,1693226523093,12,3,9
41775,1693226523093,1692254258852,1692254258855,1693226523104,11,3,8
41776,1693226523104,1692254258863,1692254258866,1693226523111,7,3,4
41777,1693226523111,1692254258870,1692254258875,1693226523120,9,5,4
41778,1693226523120,1692254258880,1692254258885,1693226523131,11,5,6
41779,1693226523131,1692254258890,1692254258893,1693226523139,8,3,5
41780,1693226523139,1692254258898,1692254258902,1693226523148,9,4,5
41781,1693226523148,1692254258906,1692254258909,1693226523154,6,3,3
41782,1693226523155,1692254258915,1692254258920,1693226523166,11,5,6
41783,1693226523166,1692254258925,1692254258928,1693226523173,7,3,4
41784,1693226523173,1692254258934,1692254258938,1693226523183,10,4,6
41785,1693226523183,1692254258942,1692254258945,1693226523191,8,3,5
41786,1693226523191,1692254258949,1692254258953,1693226523199,8,4,4
41787,1693226523199,1692254258957,1692254258961,1693226523206,7,4,3
41788,1693226523206,1692254258965,1692254258970,1693226523215,9,5,4
41789,1693226523215,1692254258974,1692254258977,1693226523222,7,3,4
41790,1693226523222,1692254258981,1692254258984,1693226523230,8,3,5
41791,1693226523230,1692254258990,1692254258993,1693226523238,8,3,5
41792,1693226523238,1692254258998,1692254259000,1693226523246,8,2,6
41793,1693226523246,1692254259005,1692254259008,1693226523254,8,3,5
41794,1693226523254,1692254259013,1692254259016,1693226523262,8,3,5
41795,1693226523262,1692254259021,1692254259024,1693226523269,7,3,4
41796,1693226523269,1692254259028,1692254259030,1693226523275,6,2,4
41797,1693226523276,1692254259034,1692254259038,1693226523283,7,4,3
41798,1693226523283,1692254259042,1692254259045,1693226523291,8,3,5
41799,1693226523291,1692254259050,1692254259053,1693226523299,8,3,5
41800,1693226523299,1692254259057,1692254259061,1693226523306,7,4,3
41801,1693226523306,1692254259065,1692254259067,1693226523313,7,2,5
41802,1693226523313,1692254259072,1692254259075,1693226523320,7,3,4
41803,1693226523320,1692254259078,1692254259081,1693226523327,7,3,4
41804,1693226523327,1692254259086,1692254259089,1693226523335,8,3,5
41805,1693226523335,1692254259094,1692254259097,1693226523342,7,3,4
41806,1693226523342,1692254259101,1692254259105,1693226523350,8,4,4
41807,1693226523350,1692254259109,1692254259112,1693226523364,14,3,11
41808,1693226523364,1692254259123,1692254259127,1693226523373,9,4,5
41809,1693226523373,1692254259132,1692254259135,1693226523381,8,3,5
41810,1693226523381,1692254259140,1692254259143,1693226523388,7,3,4
41811,1693226523388,1692254259147,1692254259150,1693226523397,9,3,6
41812,1693226523398,1692254259156,1692254259159,1693226523404,6,3,3
41813,1693226523404,1692254259164,1692254259167,1693226523413,9,3,6
41814,1693226523413,1692254259172,1692254259175,1693226523421,8,3,5
41815,1693226523421,1692254259179,1692254259182,1693226523428,7,3,4
41816,1693226523428,1692254259189,1692254259192,1693226523438,10,3,7
41817,1693226523438,1692254259197,1692254259200,1693226523446,8,3,5
41818,1693226523446,1692254259205,1692254259208,1693226523454,8,3,5
41819,1693226523454,1692254259213,1692254259218,1693226523466,12,5,7
41820,1693226523466,1692254259225,1692254259228,1693226523474,8,3,5
41821,1693226523474,1692254259232,1692254259235,1693226523481,7,3,4
41822,1693226523481,1692254259240,1692254259243,1693226523488,7,3,4
41823,1693226523488,1692254259247,1692254259250,1693226523496,8,3,5
41824,1693226523496,1692254259255,1692254259257,1693226523503,7,2,5
41825,1693226523503,1692254259262,1692254259265,1693226523511,8,3,5
41826,1693226523511,1692254259269,1692254259271,1693226523517,6,2,4
41827,1693226523517,1692254259275,1692254259278,1693226523524,7,3,4
41828,1693226523524,1692254259282,1692254259286,1693226523531,7,4,3
41829,1693226523531,1692254259290,1692254259293,1693226523539,8,3,5
41830,1693226523539,1692254259298,1692254259300,1693226523546,7,2,5
41831,1693226523546,1692254259305,1692254259308,1693226523553,7,3,4
41832,1693226523553,1692254259312,1692254259315,1693226523564,11,3,8
41833,1693226523564,1692254259323,1692254259326,1693226523572,8,3,5
41834,1693226523572,1692254259330,1692254259334,1693226523580,8,4,4
41835,1693226523580,1692254259341,1692254259345,1693226523591,11,4,7
41836,1693226523591,1692254259350,1692254259354,1693226523599,8,4,4
41837,1693226523599,1692254259358,1692254259361,1693226523607,8,3,5
41838,1693226523607,1692254259366,1692254259369,1693226523614,7,3,4
41839,1693226523614,1692254259373,1692254259376,1693226523622,8,3,5
41840,1693226523622,1692254259380,1692254259383,1693226523629,7,3,4
41841,1693226523629,1692254259387,1692254259391,1693226523637,8,4,4
41842,1693226523637,1692254259396,1692254259399,1693226523644,7,3,4
41843,1693226523644,1692254259403,1692254259406,1693226523652,8,3,5
41844,1693226523652,1692254259410,1692254259414,1693226523660,8,4,4
41845,1693226523660,1692254259420,1692254259422,1693226523671,11,2,9
41846,1693226523671,1692254259429,1692254259432,1693226523678,7,3,4
41847,1693226523678,1692254259436,1692254259440,1693226523685,7,4,3
41848,1693226523685,1692254259444,1692254259447,1693226523693,8,3,5
41849,1693226523693,1692254259451,1692254259454,1693226523700,7,3,4
41850,1693226523700,1692254259459,1692254259462,1693226523707,7,3,4
41851,1693226523707,1692254259466,1692254259470,1693226523716,9,4,5
41852,1693226523716,1692254259474,1692254259477,1693226523722,6,3,3
41853,1693226523722,1692254259481,1692254259484,1693226523729,7,3,4
41854,1693226523729,1692254259488,1692254259491,1693226523736,7,3,4
41855,1693226523736,1692254259496,1692254259500,1693226523745,9,4,5
41856,1693226523745,1692254259504,1692254259509,1693226523755,10,5,5
41857,1693226523755,1692254259513,1692254259517,1693226523765,10,4,6
41858,1693226523765,1692254259524,1692254259528,1693226523774,9,4,5
41859,1693226523774,1692254259532,1692254259535,1693226523781,7,3,4
41860,1693226523781,1692254259540,1692254259543,1693226523792,11,3,8
41861,1693226523792,1692254259550,1692254259554,1693226523799,7,4,3
41862,1693226523799,1692254259558,1692254259560,1693226523806,7,2,5
41863,1693226523806,1692254259564,1692254259568,1693226523813,7,4,3
41864,1693226523813,1692254259572,1692254259575,1693226523821,8,3,5
41865,1693226523821,1692254259580,1692254259583,1693226523829,8,3,5
41866,1693226523829,1692254259587,1692254259590,1693226523836,7,3,4
41867,1693226523836,1692254259595,1692254259599,1693226523844,8,4,4
41868,1693226523844,1692254259603,1692254259605,1693226523851,7,2,5
41869,1693226523851,1692254259609,1692254259613,1693226523859,8,4,4
41870,1693226523859,1692254259617,1692254259620,1693226523866,7,3,4
41871,1693226523866,1692254259625,1692254259628,1693226523876,10,3,7
41872,1693226523876,1692254259634,1692254259638,1693226523884,8,4,4
41873,1693226523884,1692254259642,1692254259645,1693226523891,7,3,4
41874,1693226523891,1692254259650,1692254259653,1693226523899,8,3,5
41875,1693226523899,1692254259658,1692254259661,1693226523907,8,3,5
41876,1693226523907,1692254259666,1692254259669,1693226523915,8,3,5
41877,1693226523915,1692254259674,1692254259677,1693226523923,8,3,5
41878,1693226523923,1692254259681,1692254259683,1693226523929,6,2,4
41879,1693226523929,1692254259689,1692254259692,1693226523939,10,3,7
41880,1693226523939,1692254259700,1692254259704,1693226523950,11,4,7
41881,1693226523950,1692254259711,1692254259715,1693226523960,10,4,6
41882,1693226523960,1692254259718,1692254259721,1693226523967,7,3,4
41883,1693226523967,1692254259726,1692254259728,1693226523974,7,2,5
41884,1693226523974,1692254259734,1692254259738,1693226523983,9,4,5
41885,1693226523983,1692254259743,1692254259746,1693226523992,9,3,6
41886,1693226523992,1692254259752,1692254259755,1693226524001,9,3,6
41887,1693226524001,1692254259759,1692254259762,1693226524007,6,3,3
41888,1693226524007,1692254259766,1692254259769,1693226524016,9,3,6
41889,1693226524016,1692254259774,1692254259778,1693226524024,8,4,4
41890,1693226524024,1692254259782,1692254259785,1693226524031,7,3,4
41891,1693226524031,1692254259790,1692254259793,1693226524040,9,3,6
41892,1693226524040,1692254259799,1692254259803,1693226524048,8,4,4
41893,1693226524049,1692254259808,1692254259813,1693226524059,10,5,5
41894,1693226524059,1692254259818,1692254259821,1693226524067,8,3,5
41895,1693226524067,1692254259826,1692254259829,1693226524075,8,3,5
41896,1693226524075,1692254259833,1692254259836,1693226524082,7,3,4
41897,1693226524082,1692254259840,1692254259843,1693226524088,6,3,3
41898,1693226524088,1692254259847,1692254259850,1693226524096,8,3,5
41899,1693226524096,1692254259855,1692254259858,1693226524104,8,3,5
41900,1693226524104,1692254259863,1692254259866,1693226524112,8,3,5
41901,1693226524112,1692254259870,1692254259873,1693226524119,7,3,4
41902,1693226524119,1692254259877,1692254259880,1693226524126,7,3,4
41903,1693226524126,1692254259884,1692254259887,1693226524133,7,3,4
41904,1693226524133,1692254259892,1692254259896,1693226524141,8,4,4
41905,1693226524141,1692254259900,1692254259903,1693226524149,8,3,5
41906,1693226524149,1692254259908,1692254259912,1693226524158,9,4,5
41907,1693226524158,1692254259917,1692254259920,1693226524165,7,3,4
41908,1693226524165,1692254259928,1692254259932,1693226524179,14,4,10
41909,1693226524179,1692254259939,1692254259943,1693226524188,9,4,5
41910,1693226524188,1692254259947,1692254259951,1693226524197,9,4,5
41911,1693226524197,1692254259958,1692254259961,1693226524207,10,3,7
41912,1693226524207,1692254259965,1692254259969,1693226524215,8,4,4
41913,1693226524215,1692254259973,1692254259976,1693226524222,7,3,4
41914,1693226524222,1692254259980,1692254259983,1693226524229,7,3,4
41915,1693226524229,1692254259988,1692254259991,1693226524236,7,3,4
41916,1693226524236,1692254259995,1692254259998,1693226524244,8,3,5
41917,1693226524244,1692254260009,1692254260012,1693226524258,14,3,11
41918,1693226524258,1692254260017,1692254260020,1693226524266,8,3,5
41919,1693226524266,1692254260024,1692254260027,1693226524273,7,3,4
41920,1693226524273,1692254260031,1692254260034,1693226524280,7,3,4
41921,1693226524280,1692254260041,1692254260044,1693226524290,10,3,7
41922,1693226524290,1692254260049,1692254260052,1693226524297,7,3,4
41923,1693226524297,1692254260056,1692254260059,1693226524305,8,3,5
41924,1693226524305,1692254260063,1692254260066,1693226524312,7,3,4
41925,1693226524312,1692254260071,1692254260074,1693226524319,7,3,4
41926,1693226524319,1692254260077,1692254260081,1693226524326,7,4,3
41927,1693226524326,1692254260084,1692254260088,1693226524334,8,4,4
41928,1693226524334,1692254260092,1692254260095,1693226524341,7,3,4
41929,1693226524341,1692254260099,1692254260102,1693226524348,7,3,4
41930,1693226524348,1692254260107,1692254260112,1693226524358,10,5,5
41931,1693226524358,1692254260116,1692254260120,1693226524365,7,4,3
41932,1693226524365,1692254260124,1692254260128,1693226524374,9,4,5
41933,1693226524374,1692254260132,1692254260136,1693226524381,7,4,3
41934,1693226524382,1692254260140,1692254260143,1693226524389,7,3,4
41935,1693226524389,1692254260148,1692254260152,1693226524397,8,4,4
41936,1693226524397,1692254260156,1692254260160,1693226524405,8,4,4
41937,1693226524405,1692254260165,1692254260168,1693226524414,9,3,6
41938,1693226524414,1692254260173,1692254260175,1693226524421,7,2,5
41939,1693226524421,1692254260180,1692254260183,1693226524429,8,3,5
41940,1693226524429,1692254260188,1692254260191,1693226524436,7,3,4
41941,1693226524436,1692254260195,1692254260198,1693226524444,8,3,5
41942,1693226524444,1692254260203,1692254260206,1693226524452,8,3,5
41943,1693226524452,1692254260210,1692254260214,1693226524459,7,4,3
41944,1693226524460,1692254260218,1692254260222,1693226524467,7,4,3
41945,1693226524467,1692254260233,1692254260236,1693226524481,14,3,11
41946,1693226524481,1692254260240,1692254260243,1693226524490,9,3,6
41947,1693226524490,1692254260249,1692254260253,1693226524499,9,4,5
41948,1693226524499,1692254260258,1692254260261,1693226524506,7,3,4
41949,1693226524506,1692254260266,1692254260269,1693226524514,8,3,5
41950,1693226524514,1692254260273,1692254260277,1693226524523,9,4,5
41951,1693226524523,1692254260282,1692254260286,1693226524532,9,4,5
41952,1693226524532,1692254260290,1692254260294,1693226524540,8,4,4
41953,1693226524540,1692254260299,1692254260302,1693226524548,8,3,5
41954,1693226524548,1692254260306,1692254260309,1693226524555,7,3,4
41955,1693226524555,1692254260314,1692254260317,1693226524563,8,3,5
41956,1693226524563,1692254260321,1692254260325,1693226524571,8,4,4
41957,1693226524571,1692254260330,1692254260333,1693226524579,8,3,5
41958,1693226524579,1692254260338,1692254260341,1693226524587,8,3,5
41959,1693226524587,1692254260345,1692254260348,1693226524595,8,3,5
41960,1693226524595,1692254260353,1692254260357,1693226524603,8,4,4
41961,1693226524603,1692254260362,1692254260365,1693226524611,8,3,5
41962,1693226524611,1692254260370,1692254260373,1693226524622,11,3,8
41963,1693226524622,1692254260381,1692254260384,1693226524630,8,3,5
41964,1693226524630,1692254260389,1692254260393,1693226524638,8,4,4
41965,1693226524638,1692254260397,1692254260400,1693226524645,7,3,4
41966,1693226524645,1692254260404,1692254260407,1693226524653,8,3,5
41967,1693226524653,1692254260412,1692254260417,1693226524662,9,5,4
41968,1693226524663,1692254260421,1692254260425,1693226524671,8,4,4
41969,1693226524671,1692254260429,1692254260432,1693226524678,7,3,4
41970,1693226524678,1692254260436,1692254260439,1693226524684,6,3,3
41971,1693226524685,1692254260444,1692254260447,1693226524694,9,3,6
41972,1693226524694,1692254260453,1692254260457,1693226524702,8,4,4
41973,1693226524702,1692254260461,1692254260464,1693226524710,8,3,5
41974,1693226524710,1692254260468,1692254260471,1693226524717,7,3,4
41975,1693226524717,1692254260475,1692254260479,1693226524724,7,4,3
41976,1693226524724,1692254260483,1692254260486,1693226524732,8,3,5
41977,1693226524732,1692254260490,1692254260494,1693226524739,7,4,3
41978,1693226524739,1692254260498,1692254260501,1693226524746,7,3,4
41979,1693226524746,1692254260505,1692254260508,1693226524754,8,3,5
41980,1693226524754,1692254260513,1692254260516,1693226524761,7,3,4
41981,1693226524761,1692254260520,1692254260523,1693226524769,8,3,5
41982,1693226524769,1692254260528,1692254260531,1693226524777,8,3,5
41983,1693226524777,1692254260536,1692254260540,1693226524785,8,4,4
41984,1693226524785,1692254260543,1692254260546,1693226524797,12,3,9
41985,1693226524797,1692254260556,1692254260559,1693226524804,7,3,4
41986,1693226524804,1692254260563,1692254260567,1693226524812,8,4,4
41987,1693226524812,1692254260571,1692254260574,1693226524819,7,3,4
41988,1693226524819,1692254260577,1692254260581,1693226524827,8,4,4
41989,1693226524827,1692254260586,1692254260589,1693226524834,7,3,4
41990,1693226524834,1692254260593,1692254260596,1693226524841,7,3,4
41991,1693226524841,1692254260600,1692254260604,1693226524850,9,4,5
41992,1693226524850,1692254260609,1692254260612,1693226524858,8,3,5
41993,1693226524858,1692254260617,1692254260620,1693226524866,8,3,5
41994,1693226524866,1692254260624,1692254260627,1693226524873,7,3,4
41995,1693226524873,1692254260631,1692254260634,1693226524880,7,3,4
41996,1693226524880,1692254260639,1692254260642,1693226524887,7,3,4
41997,1693226524887,1692254260646,1692254260649,1693226524895,8,3,5
41998,1693226524895,1692254260656,1692254260659,1693226524905,10,3,7
41999,1693226524905,1692254260664,1692254260668,1693226524913,8,4,4
42000,1693226524913,1692254260672,1692254260676,1693226524921,8,4,4
42001,1693226524921,1692254260680,1692254260683,1693226524929,8,3,5
42002,1693226524929,1692254260688,1692254260691,1693226524937,8,3,5
42003,1693226524937,1692254260695,1692254260699,1693226524945,8,4,4
42004,1693226524945,1692254260704,1692254260708,1693226524954,9,4,5
42005,1693226524954,1692254260713,1692254260716,1693226524961,7,3,4
42006,1693226524961,1692254260721,1692254260724,1693226524970,9,3,6
42007,1693226524970,1692254260728,1692254260731,1693226524977,7,3,4
42008,1693226524977,1692254260736,1692254260739,1693226524984,7,3,4
42009,1693226524985,1692254260743,1692254260748,1693226524993,8,5,3
42010,1693226524993,1692254260752,1692254260756,1693226525002,9,4,5
42011,1693226525002,1692254260760,1692254260763,1693226525009,7,3,4
42012,1693226525009,1692254260767,1692254260770,1693226525016,7,3,4
42013,1693226525016,1692254260775,1692254260777,1693226525023,7,2,5
42014,1693226525023,1692254260782,1692254260785,1693226525031,8,3,5
42015,1693226525031,1692254260790,1692254260794,1693226525039,8,4,4
42016,1693226525039,1692254260798,1692254260801,1693226525047,8,3,5
42017,1693226525047,1692254260805,1692254260809,1693226525054,7,4,3
42018,1693226525054,1692254260813,1692254260818,1693226525064,10,5,5
42019,1693226525064,1692254260823,1692254260825,1693226525071,7,2,5
42020,1693226525071,1692254260829,1692254260832,1693226525078,7,3,4
42021,1693226525078,1692254260837,1692254260840,1693226525086,8,3,5
42022,1693226525086,1692254260844,1692254260848,1693226525093,7,4,3
42023,1693226525093,1692254260852,1692254260856,1693226525104,11,4,7
42024,1693226525104,1692254260863,1692254260866,1693226525112,8,3,5
42025,1693226525112,1692254260870,1692254260873,1693226525119,7,3,4
42026,1693226525119,1692254260878,1692254260881,1693226525127,8,3,5
42027,1693226525127,1692254260885,1692254260889,1693226525134,7,4,3
42028,1693226525134,1692254260893,1692254260896,1693226525142,8,3,5
42029,1693226525142,1692254260901,1692254260905,1693226525151,9,4,5
42030,1693226525151,1692254260909,1692254260913,1693226525158,7,4,3
42031,1693226525158,1692254260917,1692254260920,1693226525166,8,3,5
42032,1693226525166,1692254260925,1692254260928,1693226525174,8,3,5
42033,1693226525174,1692254260938,1692254260942,1693226525187,13,4,9
42034,1693226525187,1692254260947,1692254260950,1693226525196,9,3,6
42035,1693226525196,1692254260963,1692254260967,1693226525213,17,4,13
42036,1693226525213,1692254260973,1692254260976,1693226525222,9,3,6
42037,1693226525222,1692254260986,1692254260989,1693226525234,12,3,9
42038,1693226525234,1692254260995,1692254260998,1693226525243,9,3,6
42039,1693226525243,1692254261002,1692254261005,1693226525251,8,3,5
42040,1693226525251,1692254261010,1692254261013,1693226525259,8,3,5
42041,1693226525259,1692254261018,1692254261022,1693226525268,9,4,5
42042,1693226525268,1692254261027,1692254261030,1693226525276,8,3,5
42043,1693226525276,1692254261034,1692254261037,1693226525283,7,3,4
42044,1693226525283,1692254261042,1692254261044,1693226525289,6,2,4
42045,1693226525289,1692254261048,1692254261051,1693226525297,8,3,5
42046,1693226525297,1692254261056,1692254261059,1693226525305,8,3,5
42047,1693226525305,1692254261066,1692254261070,1693226525315,10,4,6
42048,1693226525315,1692254261073,1692254261076,1693226525322,7,3,4
42049,1693226525322,1692254261081,1692254261085,1693226525331,9,4,5
42050,1693226525331,1692254261091,1692254261094,1693226525340,9,3,6
42051,1693226525340,1692254261099,1692254261103,1693226525349,9,4,5
42052,1693226525349,1692254261108,1692254261110,1693226525356,7,2,5
42053,1693226525356,1692254261116,1692254261120,1693226525365,9,4,5
42054,1693226525366,1692254261124,1692254261127,1693226525373,7,3,4
42055,1693226525373,1692254261131,1692254261134,1693226525380,7,3,4
42056,1693226525380,1692254261141,1692254261144,1693226525390,10,3,7
42057,1693226525390,1692254261149,1692254261152,1693226525397,7,3,4
42058,1693226525397,1692254261156,1692254261160,1693226525406,9,4,5
42059,1693226525406,1692254261165,1692254261171,1693226525416,10,6,4
42060,1693226525417,1692254261175,1692254261178,1693226525424,7,3,4
42061,1693226525424,1692254261183,1692254261186,1693226525432,8,3,5
42062,1693226525432,1692254261190,1692254261193,1693226525438,6,3,3
42063,1693226525438,1692254261197,1692254261200,1693226525446,8,3,5
42064,1693226525446,1692254261205,1692254261209,1693226525454,8,4,4
42065,1693226525454,1692254261213,1692254261216,1693226525462,8,3,5
42066,1693226525462,1692254261221,1692254261224,1693226525470,8,3,5
42067,1693226525470,1692254261228,1692254261231,1693226525477,7,3,4
42068,1693226525477,1692254261235,1692254261238,1693226525484,7,3,4
42069,1693226525484,1692254261243,1692254261246,1693226525492,8,3,5
42070,1693226525492,1692254261251,1692254261253,1693226525499,7,2,5
42071,1693226525499,1692254261258,1692254261261,1693226525507,8,3,5
42072,1693226525507,1692254261266,1692254261268,1693226525514,7,2,5
42073,1693226525514,1692254261273,1692254261276,1693226525522,8,3,5
42074,1693226525522,1692254261281,1692254261286,1693226525532,10,5,5
42075,1693226525532,1692254261290,1692254261295,1693226525541,9,5,4
42076,1693226525541,1692254261299,1692254261302,1693226525548,7,3,4
42077,1693226525548,1692254261307,1692254261309,1693226525555,7,2,5
42078,1693226525555,1692254261314,1692254261317,1693226525563,8,3,5
42079,1693226525563,1692254261321,1692254261324,1693226525570,7,3,4
42080,1693226525570,1692254261328,1692254261332,1693226525577,7,4,3
42081,1693226525577,1692254261336,1692254261339,1693226525584,7,3,4
42082,1693226525584,1692254261343,1692254261347,1693226525592,8,4,4
42083,1693226525592,1692254261351,1692254261354,1693226525599,7,3,4
42084,1693226525599,1692254261358,1692254261362,1693226525607,8,4,4
42085,1693226525607,1692254261366,1692254261369,1693226525617,10,3,7
42086,1693226525617,1692254261376,1692254261379,1693226525625,8,3,5
42087,1693226525625,1692254261383,1692254261386,1693226525632,7,3,4
42088,1693226525632,1692254261391,1692254261394,1693226525640,8,3,5
42089,1693226525640,1692254261398,1692254261401,1693226525647,7,3,4
42090,1693226525647,1692254261405,1692254261409,1693226525655,8,4,4
42091,1693226525655,1692254261413,1692254261416,1693226525662,7,3,4
42092,1693226525662,1692254261421,1692254261424,1693226525670,8,3,5
42093,1693226525670,1692254261429,1692254261432,1693226525677,7,3,4
42094,1693226525677,1692254261436,1692254261439,1693226525684,7,3,4
42095,1693226525685,1692254261443,1692254261446,1693226525691,6,3,3
42096,1693226525691,1692254261450,1692254261453,1693226525699,8,3,5
42097,1693226525699,1692254261458,1692254261460,1693226525706,7,2,5
42098,1693226525706,1692254261465,1692254261468,1693226525714,8,3,5
42099,1693226525714,1692254261472,1692254261475,1693226525721,7,3,4
42100,1693226525721,1692254261479,1692254261482,1693226525728,7,3,4
42101,1693226525728,1692254261487,1692254261490,1693226525736,8,3,5
42102,1693226525736,1692254261494,1692254261498,1693226525743,7,4,3
42103,1693226525743,1692254261502,1692254261506,1693226525752,9,4,5
42104,1693226525752,1692254261511,1692254261515,1693226525760,8,4,4
42105,1693226525760,1692254261518,1692254261521,1693226525767,7,3,4
42106,1693226525767,1692254261526,1692254261529,1693226525774,7,3,4
42107,1693226525774,1692254261533,1692254261536,1693226525782,8,3,5
42108,1693226525782,1692254261541,1692254261544,1693226525790,8,3,5
42109,1693226525790,1692254261549,1692254261552,1693226525802,12,3,9
42110,1693226525802,1692254261560,1692254261564,1693226525810,8,4,4
42111,1693226525810,1692254261568,1692254261571,1693226525817,7,3,4
42112,1693226525817,1692254261578,1692254261582,1693226525828,11,4,7
42113,1693226525828,1692254261587,1692254261590,1693226525835,7,3,4
42114,1693226525835,1692254261596,1692254261600,1693226525845,10,4,6
42115,1693226525845,1692254261604,1692254261607,1693226525853,8,3,5
42116,1693226525853,1692254261611,1692254261614,1693226525860,7,3,4
42117,1693226525860,1692254261619,1692254261622,1693226525867,7,3,4
42118,1693226525867,1692254261626,1692254261630,1693226525876,9,4,5
42119,1693226525876,1692254261635,1692254261639,1693226525884,8,4,4
42120,1693226525884,1692254261644,1692254261648,1693226525894,10,4,6
42121,1693226525894,1692254261653,1692254261655,1693226525901,7,2,5
42122,1693226525901,1692254261660,1692254261663,1693226525909,8,3,5
42123,1693226525909,1692254261668,1692254261671,1693226525916,7,3,4
42124,1693226525916,1692254261675,1692254261678,1693226525924,8,3,5
42125,1693226525924,1692254261682,1692254261686,1693226525931,7,4,3
42126,1693226525931,1692254261690,1692254261693,1693226525939,8,3,5
42127,1693226525939,1692254261698,1692254261701,1693226525946,7,3,4
42128,1693226525946,1692254261705,1692254261709,1693226525955,9,4,5
42129,1693226525955,1692254261714,1692254261717,1693226525963,8,3,5
42130,1693226525963,1692254261722,1692254261725,1693226525971,8,3,5
42131,1693226525971,1692254261729,1692254261732,1693226525978,7,3,4
42132,1693226525978,1692254261736,1692254261740,1693226525985,7,4,3
42133,1693226525985,1692254261745,1692254261749,1693226525995,10,4,6
42134,1693226525995,1692254261754,1692254261756,1693226526002,7,2,5
42135,1693226526002,1692254261761,1692254261765,1693226526010,8,4,4
42136,1693226526010,1692254261769,1692254261772,1693226526017,7,3,4
42137,1693226526017,1692254261776,1692254261779,1693226526026,9,3,6
42138,1693226526026,1692254261785,1692254261789,1693226526034,8,4,4
42139,1693226526034,1692254261793,1692254261796,1693226526042,8,3,5
42140,1693226526042,1692254261801,1692254261805,1693226526050,8,4,4
42141,1693226526050,1692254261808,1692254261811,1693226526056,6,3,3
42142,1693226526056,1692254261815,1692254261819,1693226526064,8,4,4
42143,1693226526064,1692254261823,1692254261826,1693226526072,8,3,5
42144,1693226526072,1692254261831,1692254261835,1693226526083,11,4,7
42145,1693226526083,1692254261842,1692254261846,1693226526092,9,4,5
42146,1693226526092,1692254261851,1692254261855,1693226526102,10,4,6
42147,1693226526102,1692254261861,1692254261864,1693226526110,8,3,5
42148,1693226526110,1692254261869,1692254261872,1693226526118,8,3,5
42149,1693226526118,1692254261878,1692254261883,1693226526129,11,5,6
42150,1693226526129,1692254261888,1692254261891,1693226526137,8,3,5
42151,1693226526137,1692254261896,1692254261899,1693226526145,8,3,5
42152,1693226526145,1692254261904,1692254261907,1693226526153,8,3,5
42153,1693226526153,1692254261912,1692254261915,1693226526161,8,3,5
42154,1693226526161,1692254261920,1692254261923,1693226526169,8,3,5
42155,1693226526169,1692254261928,1692254261931,1693226526176,7,3,4
42156,1693226526176,1692254261935,1692254261938,1693226526183,7,3,4
42157,1693226526183,1692254261942,1692254261944,1693226526190,7,2,5
42158,1693226526190,1692254261949,1692254261952,1693226526198,8,3,5
42159,1693226526198,1692254261957,1692254261960,1693226526206,8,3,5
42160,1693226526206,1692254261964,1692254261968,1693226526213,7,4,3
42161,1693226526213,1692254261973,1692254261976,1693226526221,8,3,5
42162,1693226526222,1692254261980,1692254261984,1693226526231,9,4,5
42163,1693226526231,1692254261990,1692254261994,1693226526240,9,4,5
42164,1693226526240,1692254261998,1692254262001,1693226526247,7,3,4
42165,1693226526247,1692254262006,1692254262009,1693226526255,8,3,5
42166,1693226526255,1692254262013,1692254262017,1693226526262,7,4,3
42167,1693226526262,1692254262021,1692254262024,1693226526270,8,3,5
42168,1693226526270,1692254262032,1692254262036,1693226526281,11,4,7
42169,1693226526282,1692254262040,1692254262044,1693226526289,7,4,3
42170,1693226526289,1692254262048,1692254262051,1693226526296,7,3,4
42171,1693226526296,1692254262054,1692254262057,1693226526303,7,3,4
42172,1693226526303,1692254262061,1692254262065,1693226526311,8,4,4
42173,1693226526311,1692254262070,1692254262073,1693226526318,7,3,4
42174,1693226526319,1692254262078,1692254262081,1693226526327,8,3,5
42175,1693226526327,1692254262086,1692254262089,1693226526335,8,3,5
42176,1693226526335,1692254262093,1692254262096,1693226526342,7,3,4
42177,1693226526342,1692254262101,1692254262104,1693226526349,7,3,4
42178,1693226526350,1692254262108,1692254262112,1693226526358,8,4,4
42179,1693226526358,1692254262117,1692254262120,1693226526366,8,3,5
42180,1693226526366,1692254262125,1692254262128,1693226526373,7,3,4
42181,1693226526374,1692254262132,1692254262136,1693226526381,7,4,3
42182,1693226526381,1692254262140,1692254262144,1693226526390,9,4,5
42183,1693226526390,1692254262151,1692254262154,1693226526400,10,3,7
42184,1693226526400,1692254262158,1692254262161,1693226526407,7,3,4
42185,1693226526407,1692254262165,1692254262169,1693226526415,8,4,4
42186,1693226526415,1692254262173,1692254262178,1693226526423,8,5,3
42187,1693226526423,1692254262182,1692254262185,1693226526431,8,3,5
42188,1693226526431,1692254262192,1692254262195,1693226526441,10,3,7
42189,1693226526441,1692254262199,1692254262202,1693226526448,7,3,4
42190,1693226526448,1692254262208,1692254262211,1693226526457,9,3,6
42191,1693226526457,1692254262215,1692254262218,1693226526463,6,3,3
42192,1693226526463,1692254262222,1692254262225,1693226526470,7,3,4
42193,1693226526470,1692254262229,1692254262232,1693226526480,10,3,7
42194,1693226526480,1692254262238,1692254262241,1693226526487,7,3,4
42195,1693226526487,1692254262246,1692254262249,1693226526495,8,3,5
42196,1693226526495,1692254262255,1692254262258,1693226526504,9,3,6
42197,1693226526504,1692254262262,1692254262265,1693226526511,7,3,4
42198,1693226526511,1692254262269,1692254262273,1693226526519,8,4,4
42199,1693226526519,1692254262278,1692254262281,1693226526526,7,3,4
42200,1693226526526,1692254262285,1692254262288,1693226526534,8,3,5
42201,1693226526534,1692254262294,1692254262298,1693226526543,9,4,5
42202,1693226526544,1692254262302,1692254262305,1693226526550,6,3,3
42203,1693226526550,1692254262310,1692254262313,1693226526559,9,3,6
42204,1693226526559,1692254262318,1692254262321,1693226526567,8,3,5
42205,1693226526567,1692254262326,1692254262329,1693226526575,8,3,5
42206,1693226526575,1692254262334,1692254262337,1693226526583,8,3,5
42207,1693226526583,1692254262341,1692254262345,1693226526591,8,4,4
42208,1693226526591,1692254262350,1692254262353,1693226526599,8,3,5
42209,1693226526599,1692254262357,1692254262360,1693226526605,6,3,3
42210,1693226526605,1692254262364,1692254262367,1693226526613,8,3,5
42211,1693226526613,1692254262372,1692254262375,1693226526620,7,3,4
42212,1693226526620,1692254262379,1692254262382,1693226526628,8,3,5
42213,1693226526628,1692254262386,1692254262389,1693226526635,7,3,4
42214,1693226526635,1692254262394,1692254262398,1693226526643,8,4,4
42215,1693226526644,1692254262402,1692254262405,1693226526651,7,3,4
42216,1693226526651,1692254262410,1692254262413,1693226526659,8,3,5
42217,1693226526659,1692254262418,1692254262421,1693226526666,7,3,4
42218,1693226526667,1692254262426,1692254262430,1693226526676,9,4,5
42219,1693226526676,1692254262434,1692254262437,1693226526683,7,3,4
42220,1693226526683,1692254262442,1692254262445,1693226526691,8,3,5
42221,1693226526691,1692254262450,1692254262454,1693226526700,9,4,5
42222,1693226526700,1692254262458,1692254262461,1693226526707,7,3,4
42223,1693226526707,1692254262465,1692254262470,1693226526716,9,5,4
42224,1693226526716,1692254262475,1692254262478,1693226526724,8,3,5
42225,1693226526724,1692254262484,1692254262488,1693226526734,10,4,6
42226,1693226526734,1692254262492,1692254262496,1693226526743,9,4,5
42227,1693226526743,1692254262502,1692254262505,1693226526751,8,3,5
42228,1693226526751,1692254262510,1692254262514,1693226526760,9,4,5
42229,1693226526760,1692254262519,1692254262522,1693226526768,8,3,5
42230,1693226526768,1692254262527,1692254262531,1693226526776,8,4,4
42231,1693226526776,1692254262535,1692254262538,1693226526784,8,3,5
42232,1693226526784,1692254262543,1692254262546,1693226526792,8,3,5
42233,1693226526793,1692254262551,1692254262555,1693226526801,8,4,4
42234,1693226526801,1692254262559,1692254262562,1693226526809,8,3,5
42235,1693226526809,1692254262568,1692254262571,1693226526817,8,3,5
42236,1693226526817,1692254262576,1692254262579,1693226526824,7,3,4
42237,1693226526824,1692254262583,1692254262586,1693226526832,8,3,5
42238,1693226526832,1692254262591,1692254262593,1693226526839,7,2,5
42239,1693226526839,1692254262597,1692254262601,1693226526846,7,4,3
42240,1693226526846,1692254262605,1692254262608,1693226526853,7,3,4
42241,1693226526853,1692254262612,1692254262614,1693226526860,7,2,5
42242,1693226526860,1692254262619,1692254262623,1693226526868,8,4,4
42243,1693226526868,1692254262626,1692254262629,1693226526875,7,3,4
42244,1693226526875,1692254262634,1692254262638,1693226526884,9,4,5
42245,1693226526884,1692254262643,1692254262646,1693226526891,7,3,4
42246,1693226526891,1692254262650,1692254262654,1693226526899,8,4,4
42247,1693226526899,1692254262658,1692254262661,1693226526906,7,3,4
42248,1693226526906,1692254262665,1692254262668,1693226526913,7,3,4
42249,1693226526913,1692254262672,1692254262675,1693226526921,8,3,5
42250,1693226526921,1692254262679,1692254262683,1693226526929,8,4,4
42251,1693226526929,1692254262688,1692254262690,1693226526936,7,2,5
42252,1693226526937,1692254262695,1692254262699,1693226526944,7,4,3
42253,1693226526944,1692254262704,1692254262708,1693226526953,9,4,5
42254,1693226526953,1692254262712,1692254262716,1693226526962,9,4,5
42255,1693226526962,1692254262720,1692254262724,1693226526970,8,4,4
42256,1693226526970,1692254262729,1692254262732,1693226526978,8,3,5
42257,1693226526978,1692254262737,1692254262741,1693226526986,8,4,4
42258,1693226526986,1692254262745,1692254262748,1693226526994,8,3,5
42259,1693226526994,1692254262753,1692254262756,1693226527002,8,3,5
42260,1693226527002,1692254262760,1692254262766,1693226527011,9,6,3
42261,1693226527011,1692254262770,1692254262774,1693226527019,8,4,4
42262,1693226527019,1692254262778,1692254262782,1693226527027,8,4,4
42263,1693226527027,1692254262786,1692254262789,1693226527035,8,3,5
42264,1693226527035,1692254262794,1692254262797,1693226527043,8,3,5
42265,1693226527043,1692254262802,1692254262805,1693226527050,7,3,4
42266,1693226527050,1692254262809,1692254262812,1693226527058,8,3,5
42267,1693226527058,1692254262817,1692254262819,1693226527065,7,2,5
42268,1693226527065,1692254262824,1692254262827,1693226527073,8,3,5
42269,1693226527073,1692254262832,1692254262835,1693226527081,8,3,5
42270,1693226527081,1692254262840,1692254262843,1693226527089,8,3,5
42271,1693226527089,1692254262848,1692254262851,1693226527097,8,3,5
42272,1693226527097,1692254262856,1692254262859,1693226527104,7,3,4
42273,1693226527105,1692254262863,1692254262868,1693226527114,9,5,4
42274,1693226527114,1692254262872,1692254262876,1693226527122,8,4,4
42275,1693226527122,1692254262880,1692254262883,1693226527129,7,3,4
42276,1693226527129,1692254262888,1692254262891,1693226527137,8,3,5
42277,1693226527137,1692254262896,1692254262899,1693226527145,8,3,5
42278,1693226527145,1692254262903,1692254262906,1693226527152,7,3,4
42279,1693226527152,1692254262910,1692254262913,1693226527159,7,3,4
42280,1693226527159,1692254262918,1692254262923,1693226527169,10,5,5
42281,1693226527169,1692254262927,1692254262930,1693226527176,7,3,4
42282,1693226527176,1692254262935,1692254262938,1693226527183,7,3,4
42283,1693226527183,1692254262942,1692254262946,1693226527192,9,4,5
42284,1693226527192,1692254262950,1692254262953,1693226527199,7,3,4
42285,1693226527199,1692254262958,1692254262960,1693226527206,7,2,5
42286,1693226527206,1692254262965,1692254262968,1693226527213,7,3,4
42287,1693226527213,1692254262972,1692254262975,1693226527221,8,3,5
42288,1693226527221,1692254262980,1692254262983,1693226527228,7,3,4
42289,1693226527228,1692254262988,1692254262991,1693226527236,8,3,5
42290,1693226527236,1692254262995,1692254262999,1693226527244,8,4,4
42291,1693226527244,1692254263004,1692254263007,1693226527255,11,3,8
42292,1693226527255,1692254263014,1692254263017,1693226527263,8,3,5
42293,1693226527263,1692254263022,1692254263025,1693226527270,7,3,4
42294,1693226527270,1692254263030,1692254263033,1693226527279,9,3,6
42295,1693226527279,1692254263037,1692254263041,1693226527286,7,4,3
42296,1693226527286,1692254263045,1692254263048,1693226527294,8,3,5
42297,1693226527294,1692254263053,1692254263058,1693226527304,10,5,5
42298,1693226527304,1692254263063,1692254263066,1693226527311,7,3,4
42299,1693226527311,1692254263069,1692254263072,1693226527318,7,3,4
42300,1693226527318,1692254263079,1692254263082,1693226527328,10,3,7
42301,1693226527328,1692254263086,1692254263089,1693226527335,7,3,4
42302,1693226527335,1692254263094,1692254263098,1693226527343,8,4,4
42303,1693226527343,1692254263102,1692254263104,1693226527350,7,2,5
42304,1693226527350,1692254263108,1692254263111,1693226527357,7,3,4
42305,1693226527357,1692254263116,1692254263120,1693226527365,8,4,4
42306,1693226527365,1692254263124,1692254263128,1693226527374,9,4,5
42307,1693226527374,1692254263132,1692254263136,1693226527381,7,4,3
42308,1693226527381,1692254263140,1692254263143,1693226527390,9,3,6
42309,1693226527390,1692254263148,1692254263152,1693226527398,8,4,4
42310,1693226527398,1692254263156,1692254263159,1693226527405,7,3,4
42311,1693226527405,1692254263163,1692254263167,1693226527412,7,4,3
42312,1693226527412,1692254263171,1692254263175,1693226527421,9,4,5
42313,1693226527421,1692254263180,1692254263183,1693226527429,8,3,5
42314,1693226527429,1692254263188,1692254263191,1693226527436,7,3,4
42315,1693226527436,1692254263195,1692254263198,1693226527443,7,3,4
42316,1693226527443,1692254263202,1692254263205,1693226527451,8,3,5
42317,1693226527451,1692254263209,1692254263213,1693226527459,8,4,4
42318,1693226527459,1692254263218,1692254263221,1693226527466,7,3,4
42319,1693226527466,1692254263225,1692254263228,1693226527474,8,3,5
42320,1693226527474,1692254263232,1692254263235,1693226527481,7,3,4
42321,1693226527481,1692254263240,1692254263244,1693226527490,9,4,5
42322,1693226527490,1692254263248,1692254263252,1693226527497,7,4,3
42323,1693226527497,1692254263256,1692254263259,1693226527505,8,3,5
42324,1693226527505,1692254263263,1692254263267,1693226527512,7,4,3
42325,1693226527512,1692254263271,1692254263273,1693226527519,7,2,5
42326,1693226527519,1692254263280,1692254263283,1693226527529,10,3,7
42327,1693226527529,1692254263288,1692254263292,1693226527538,9,4,5
42328,1693226527538,1692254263297,1692254263301,1693226527546,8,4,4
42329,1693226527546,1692254263305,1692254263309,1693226527554,8,4,4
42330,1693226527554,1692254263313,1692254263316,1693226527562,8,3,5
42331,1693226527562,1692254263321,1692254263323,1693226527569,7,2,5
42332,1693226527569,1692254263328,1692254263331,1693226527577,8,3,5
42333,1693226527577,1692254263335,1692254263339,1693226527584,7,4,3
42334,1693226527584,1692254263343,1692254263347,1693226527592,8,4,4
42335,1693226527592,1692254263351,1692254263353,1693226527599,7,2,5
42336,1693226527599,1692254263357,1692254263360,1693226527606,7,3,4
42337,1693226527606,1692254263365,1692254263368,1693226527614,8,3,5
42338,1693226527614,1692254263372,1692254263376,1693226527622,8,4,4
42339,1693226527622,1692254263381,1692254263383,1693226527629,7,2,5
42340,1693226527629,1692254263388,1692254263391,1693226527636,7,3,4
42341,1693226527636,1692254263395,1692254263399,1693226527645,9,4,5
42342,1693226527645,1692254263403,1692254263407,1693226527652,7,4,3
42343,1693226527652,1692254263411,1692254263414,1693226527660,8,3,5
42344,1693226527660,1692254263421,1692254263424,1693226527670,10,3,7
42345,1693226527670,1692254263429,1692254263432,1693226527677,7,3,4
42346,1693226527677,1692254263436,1692254263439,1693226527684,7,3,4
42347,1693226527684,1692254263443,1692254263447,1693226527693,9,4,5
42348,1693226527693,1692254263451,1692254263454,1693226527700,7,3,4
42349,1693226527700,1692254263459,1692254263462,1693226527708,8,3,5
42350,1693226527708,1692254263466,1692254263471,1693226527716,8,5,3
42351,1693226527716,1692254263475,1692254263478,1693226527723,7,3,4
42352,1693226527723,1692254263481,1692254263484,1693226527730,7,3,4
42353,1693226527730,1692254263489,1692254263492,1693226527737,7,3,4
42354,1693226527737,1692254263496,1692254263499,1693226527745,8,3,5
42355,1693226527745,1692254263504,1692254263509,1693226527755,10,5,5
42356,1693226527755,1692254263513,1692254263516,1693226527762,7,3,4
42357,1693226527762,1692254263520,1692254263524,1693226527769,7,4,3
42358,1693226527769,1692254263527,1692254263531,1693226527777,8,4,4
42359,1693226527777,1692254263542,1692254263545,1693226527791,14,3,11
42360,1693226527791,1692254263549,1692254263552,1693226527798,7,3,4
42361,1693226527798,1692254263557,1692254263560,1693226527805,7,3,4
42362,1693226527805,1692254263564,1692254263567,1693226527814,9,3,6
42363,1693226527814,1692254263573,1692254263576,1693226527821,7,3,4
42364,1693226527821,1692254263581,1692254263585,1693226527831,10,4,6
42365,1693226527831,1692254263589,1692254263593,1693226527838,7,4,3
42366,1693226527838,1692254263598,1692254263601,1693226527847,9,3,6
42367,1693226527847,1692254263605,1692254263608,1693226527854,7,3,4
42368,1693226527854,1692254263613,1692254263616,1693226527861,7,3,4
42369,1693226527861,1692254263620,1692254263626,1693226527872,11,6,5
42370,1693226527872,1692254263632,1692254263635,1693226527881,9,3,6
42371,1693226527881,1692254263639,1692254263644,1693226527889,8,5,3
42372,1693226527889,1692254263648,1692254263651,1693226527897,8,3,5
42373,1693226527897,1692254263657,1692254263660,1693226527905,8,3,5
42374,1693226527905,1692254263664,1692254263668,1693226527914,9,4,5
42375,1693226527914,1692254263673,1692254263676,1693226527921,7,3,4
42376,1693226527921,1692254263680,1692254263683,1693226527929,8,3,5
42377,1693226527929,1692254263688,1692254263692,1693226527938,9,4,5
42378,1693226527938,1692254263697,1692254263700,1693226527946,8,3,5
42379,1693226527946,1692254263704,1692254263708,1693226527954,8,4,4
42380,1693226527954,1692254263712,1692254263715,1693226527961,7,3,4
42381,1693226527961,1692254263719,1692254263722,1693226527967,6,3,3
42382,1693226527968,1692254263728,1692254263731,1693226527977,9,3,6
42383,1693226527977,1692254263735,1692254263738,1693226527983,6,3,3
42384,1693226527983,1692254263742,1692254263746,1693226527991,8,4,4
42385,1693226527991,1692254263751,1692254263754,1693226528000,9,3,6
42386,1693226528000,1692254263759,1692254263761,1693226528007,7,2,5
42387,1693226528007,1692254263766,1692254263769,1693226528015,8,3,5
42388,1693226528015,1692254263773,1692254263776,1693226528022,7,3,4
42389,1693226528022,1692254263781,1692254263785,1693226528031,9,4,5
42390,1693226528031,1692254263789,1692254263793,1693226528038,7,4,3
42391,1693226528038,1692254263797,1692254263800,1693226528046,8,3,5
42392,1693226528046,1692254263804,1692254263807,1693226528052,6,3,3
42393,1693226528053,1692254263811,1692254263815,1693226528060,7,4,3
42394,1693226528060,1692254263819,1692254263821,1693226528067,7,2,5
42395,1693226528067,1692254263826,1692254263829,1693226528075,8,3,5
42396,1693226528075,1692254263833,1692254263836,1693226528082,7,3,4
42397,1693226528082,1692254263841,1692254263844,1693226528089,7,3,4
42398,1693226528089,1692254263849,1692254263852,1693226528098,9,3,6
42399,1693226528098,1692254263856,1692254263860,1693226528106,8,4,4
42400,1693226528106,1692254263864,1692254263868,1693226528114,8,4,4
42401,1693226528114,1692254263873,1692254263876,1693226528122,8,3,5
42402,1693226528122,1692254263882,1692254263885,1693226528131,9,3,6
42403,1693226528131,1692254263890,1692254263893,1693226528139,8,3,5
42404,1693226528139,1692254263898,1692254263900,1693226528146,7,2,5
42405,1693226528146,1692254263905,1692254263908,1693226528154,8,3,5
42406,1693226528154,1692254263913,1692254263918,1693226528163,9,5,4
42407,1693226528163,1692254263922,1692254263924,1693226528170,7,2,5
42408,1693226528170,1692254263928,1692254263932,1693226528178,8,4,4
42409,1693226528178,1692254263936,1692254263939,1693226528185,7,3,4
42410,1693226528185,1692254263944,1692254263947,1693226528192,7,3,4
42411,1693226528192,1692254263951,1692254263956,1693226528202,10,5,5
42412,1693226528202,1692254263961,1692254263964,1693226528210,8,3,5
42413,1693226528210,1692254263968,1692254263971,1693226528217,7,3,4
42414,1693226528217,1692254263975,1692254263978,1693226528224,7,3,4
42415,1693226528224,1692254263983,1692254263986,1693226528231,7,3,4
42416,1693226528231,1692254263990,1692254263993,1693226528239,8,3,5
42417,1693226528239,1692254263999,1692254264003,1693226528248,9,4,5
42418,1693226528248,1692254264007,1692254264010,1693226528256,8,3,5
42419,1693226528256,1692254264015,1692254264018,1693226528264,8,3,5
42420,1693226528264,1692254264023,1692254264026,1693226528272,8,3,5
42421,1693226528272,1692254264031,1692254264034,1693226528279,7,3,4
42422,1693226528279,1692254264038,1692254264041,1693226528286,7,3,4
42423,1693226528287,1692254264045,1692254264048,1693226528293,6,3,3
42424,1693226528293,1692254264052,1692254264057,1693226528302,9,5,4
42425,1693226528302,1692254264061,1692254264064,1693226528309,7,3,4
42426,1693226528310,1692254264068,1692254264071,1693226528317,7,3,4
42427,1693226528317,1692254264076,1692254264079,1693226528325,8,3,5
42428,1693226528325,1692254264084,1692254264087,1693226528333,8,3,5
42429,1693226528333,1692254264092,1692254264095,1693226528340,7,3,4
42430,1693226528340,1692254264099,1692254264103,1693226528349,9,4,5
42431,1693226528349,1692254264108,1692254264111,1693226528357,8,3,5
42432,1693226528357,1692254264116,1692254264119,1693226528365,8,3,5
42433,1693226528365,1692254264124,1692254264127,1693226528372,7,3,4
42434,1693226528372,1692254264131,1692254264134,1693226528381,9,3,6
42435,1693226528381,1692254264139,1692254264143,1693226528388,7,4,3
42436,1693226528388,1692254264147,1692254264150,1693226528396,8,3,5
42437,1693226528396,1692254264155,1692254264159,1693226528405,9,4,5
42438,1693226528405,1692254264163,1692254264167,1693226528412,7,4,3
42439,1693226528413,1692254264171,1692254264174,1693226528419,6,3,3
42440,1693226528419,1692254264178,1692254264182,1693226528427,8,4,4
42441,1693226528427,1692254264185,1692254264190,1693226528436,9,5,4
42442,1693226528436,1692254264195,1692254264198,1693226528444,8,3,5
42443,1693226528444,1692254264203,1692254264209,1693226528454,10,6,4
42444,1693226528454,1692254264213,1692254264216,1693226528462,8,3,5
42445,1693226528462,1692254264220,1692254264223,1693226528468,6,3,3
42446,1693226528468,1692254264227,1692254264230,1693226528476,8,3,5
42447,1693226528476,1692254264235,1692254264238,1693226528484,8,3,5
42448,1693226528484,1692254264242,1692254264246,1693226528492,8,4,4
42449,1693226528492,1692254264251,1692254264255,1693226528502,10,4,6
42450,1693226528502,1692254264261,1692254264264,1693226528510,8,3,5
42451,1693226528510,1692254264269,1692254264272,1693226528518,8,3,5
42452,1693226528518,1692254264276,1692254264280,1693226528525,7,4,3
42453,1693226528525,1692254264284,1692254264287,1693226528533,8,3,5
42454,1693226528533,1692254264292,1692254264294,1693226528540,7,2,5
42455,1693226528540,1692254264298,1692254264301,1693226528546,6,3,3
42456,1693226528546,1692254264306,1692254264309,1693226528554,8,3,5
42457,1693226528554,1692254264313,1692254264317,1693226528562,8,4,4
42458,1693226528562,1692254264322,1692254264326,1693226528571,9,4,5
42459,1693226528571,1692254264330,1692254264333,1693226528579,8,3,5
42460,1693226528579,1692254264337,1692254264340,1693226528586,7,3,4
42461,1693226528586,1692254264345,1692254264348,1693226528594,8,3,5
42462,1693226528594,1692254264352,1692254264355,1693226528600,6,3,3
42463,1693226528600,1692254264361,1692254264364,1693226528610,10,3,7
42464,1693226528610,1692254264369,1692254264372,1693226528618,8,3,5
42465,1693226528618,1692254264376,1692254264379,1693226528625,7,3,4
42466,1693226528625,1692254264384,1692254264388,1693226528634,9,4,5
42467,1693226528634,1692254264393,1692254264395,1693226528641,7,2,5
42468,1693226528641,1692254264399,1692254264403,1693226528649,8,4,4
42469,1693226528649,1692254264409,1692254264413,1693226528658,9,4,5
42470,1693226528658,1692254264417,1692254264420,1693226528666,8,3,5
42471,1693226528666,1692254264425,1692254264428,1693226528674,8,3,5
42472,1693226528674,1692254264433,1692254264436,1693226528682,8,3,5
42473,1693226528682,1692254264441,1692254264444,1693226528689,7,3,4
42474,1693226528690,1692254264448,1692254264451,1693226528697,7,3,4
42475,1693226528697,1692254264455,1692254264458,1693226528704,7,3,4
42476,1693226528704,1692254264463,1692254264468,1693226528714,10,5,5
42477,1693226528714,1692254264473,1692254264476,1693226528721,7,3,4
42478,1693226528721,1692254264480,1692254264483,1693226528729,8,3,5
42479,1693226528729,1692254264488,1692254264492,1693226528738,9,4,5
42480,1693226528738,1692254264496,1692254264500,1693226528745,7,4,3
42481,1693226528745,1692254264505,1692254264508,1693226528754,9,3,6
42482,1693226528754,1692254264513,1692254264516,1693226528761,7,3,4
42483,1693226528761,1692254264520,1692254264523,1693226528769,8,3,5
42484,1693226528769,1692254264528,1692254264532,1693226528777,8,4,4
42485,1693226528777,1692254264541,1692254264544,1693226528791,14,3,11
42486,1693226528791,1692254264550,1692254264553,1693226528798,7,3,4
42487,1693226528799,1692254264558,1692254264562,1693226528808,9,4,5
42488,1693226528808,1692254264567,1692254264570,1693226528823,15,3,12
42489,1693226528823,1692254264581,1692254264584,1693226528830,7,3,4
42490,1693226528830,1692254264589,1692254264592,1693226528838,8,3,5
42491,1693226528838,1692254264597,1692254264600,1693226528846,8,3,5
42492,1693226528846,1692254264605,1692254264608,1693226528856,10,3,7
42493,1693226528856,1692254264615,1692254264618,1693226528864,8,3,5
42494,1693226528864,1692254264622,1692254264625,1693226528872,8,3,5
42495,1693226528872,1692254264631,1692254264635,1693226528881,9,4,5
42496,1693226528881,1692254264639,1692254264642,1693226528888,7,3,4
42497,1693226528888,1692254264649,1692254264653,1693226528899,11,4,7
42498,1693226528899,1692254264658,1692254264661,1693226528906,7,3,4
42499,1693226528906,1692254264666,1692254264669,1693226528915,9,3,6
42500,1693226528915,1692254264674,1692254264677,1693226528924,9,3,6
42501,1693226528924,1692254264683,1692254264686,1693226528932,8,3,5
42502,1693226528932,1692254264691,1692254264694,1693226528940,8,3,5
42503,1693226528940,1692254264699,1692254264702,1693226528948,8,3,5
42504,1693226528948,1692254264707,1692254264710,1693226528956,8,3,5
42505,1693226528956,1692254264715,1692254264718,1693226528964,8,3,5
42506,1693226528964,1692254264722,1692254264725,1693226528971,7,3,4
42507,1693226528971,1692254264730,1692254264733,1693226528979,8,3,5
42508,1693226528979,1692254264738,1692254264741,1693226528986,7,3,4
42509,1693226528987,1692254264746,1692254264749,1693226528995,8,3,5
42510,1693226528995,1692254264754,1692254264757,1693226529002,7,3,4
42511,1693226529002,1692254264761,1692254264766,1693226529012,10,5,5
42512,1693226529012,1692254264771,1692254264774,1693226529020,8,3,5
42513,1693226529020,1692254264779,1692254264782,1693226529028,8,3,5
42514,1693226529028,1692254264786,1692254264789,1693226529034,6,3,3
42515,1693226529034,1692254264794,1692254264797,1693226529042,8,3,5
42516,1693226529042,1692254264801,1692254264804,1693226529050,8,3,5
42517,1693226529050,1692254264808,1692254264812,1693226529057,7,4,3
42518,1693226529057,1692254264816,1692254264820,1693226529066,9,4,5
42519,1693226529066,1692254264825,1692254264829,1693226529075,9,4,5
42520,1693226529075,1692254264835,1692254264838,1693226529084,9,3,6
42521,1693226529084,1692254264844,1692254264847,1693226529093,9,3,6
42522,1693226529093,1692254264855,1692254264860,1693226529105,12,5,7
42523,1693226529105,1692254264865,1692254264868,1693226529114,9,3,6
42524,1693226529114,1692254264873,1692254264876,1693226529122,8,3,5
42525,1693226529122,1692254264882,1692254264885,1693226529130,8,3,5
42526,1693226529131,1692254264889,1692254264892,1693226529138,7,3,4
42527,1693226529138,1692254264898,1692254264901,1693226529147,9,3,6
42528,1693226529147,1692254264905,1692254264908,1693226529154,7,3,4
42529,1693226529154,1692254264913,1692254264916,1693226529161,7,3,4
42530,1693226529161,1692254264923,1692254264926,1693226529171,10,3,7
42531,1693226529171,1692254264931,1692254264934,1693226529179,8,3,5
42532,1693226529179,1692254264938,1692254264941,1693226529187,8,3,5
42533,1693226529187,1692254264946,1692254264949,1693226529195,8,3,5
42534,1693226529195,1692254264953,1692254264956,1693226529202,7,3,4
42535,1693226529202,1692254264961,1692254264964,1693226529209,7,3,4
42536,1693226529209,1692254264968,1692254264971,1693226529216,7,3,4
42537,1693226529217,1692254264975,1692254264978,1693226529224,7,3,4
42538,1693226529224,1692254264982,1692254264985,1693226529230,6,3,3
42539,1693226529230,1692254264989,1692254264992,1693226529237,7,3,4
42540,1693226529237,1692254264997,1692254265000,1693226529246,9,3,6
42541,1693226529246,1692254265005,1692254265008,1693226529254,8,3,5
42542,1693226529254,1692254265013,1692254265016,1693226529261,7,3,4
42543,1693226529261,1692254265020,1692254265024,1693226529269,8,4,4
42544,1693226529269,1692254265027,1692254265031,1693226529276,7,4,3
42545,1693226529276,1692254265035,1692254265037,1693226529282,6,2,4
42546,1693226529282,1692254265041,1692254265044,1693226529290,8,3,5
42547,1693226529290,1692254265049,1692254265052,1693226529297,7,3,4
42548,1693226529297,1692254265056,1692254265060,1693226529306,9,4,5
42549,1693226529306,1692254265064,1692254265067,1693226529313,7,3,4
42550,1693226529313,1692254265071,1692254265075,1693226529321,8,4,4
42551,1693226529321,1692254265080,1692254265083,1693226529329,8,3,5
42552,1693226529329,1692254265087,1692254265090,1693226529336,7,3,4
42553,1693226529336,1692254265095,1692254265098,1693226529344,8,3,5
42554,1693226529344,1692254265102,1692254265106,1693226529351,7,4,3
42555,1693226529351,1692254265110,1692254265114,1693226529359,8,4,4
42556,1693226529359,1692254265118,1692254265120,1693226529366,7,2,5
42557,1693226529366,1692254265125,1692254265128,1693226529374,8,3,5
42558,1693226529374,1692254265133,1692254265138,1693226529384,10,5,5
42559,1693226529384,1692254265143,1692254265146,1693226529392,8,3,5
42560,1693226529392,1692254265151,1692254265154,1693226529399,7,3,4
42561,1693226529399,1692254265158,1692254265162,1693226529407,8,4,4
42562,1693226529407,1692254265166,1692254265169,1693226529415,8,3,5
42563,1693226529415,1692254265174,1692254265178,1693226529423,8,4,4
42564,1693226529423,1692254265182,1692254265185,1693226529430,7,3,4
42565,1693226529430,1692254265189,1692254265192,1693226529438,8,3,5
42566,1693226529438,1692254265196,1692254265199,1693226529444,6,3,3
42567,1693226529444,1692254265202,1692254265205,1693226529451,7,3,4
42568,1693226529451,1692254265209,1692254265212,1693226529458,7,3,4
42569,1693226529458,1692254265217,1692254265221,1693226529466,8,4,4
42570,1693226529466,1692254265225,1692254265228,1693226529473,7,3,4
42571,1693226529474,1692254265232,1692254265236,1693226529482,8,4,4
42572,1693226529482,1692254265241,1692254265244,1693226529490,8,3,5
42573,1693226529490,1692254265249,1692254265255,1693226529501,11,6,5
42574,1693226529501,1692254265259,1692254265262,1693226529508,7,3,4
42575,1693226529508,1692254265267,1692254265270,1693226529515,7,3,4
42576,1693226529515,1692254265282,1692254265286,1693226529531,16,4,12
42577,1693226529531,1692254265289,1692254265293,1693226529539,8,4,4
42578,1693226529539,1692254265299,1692254265303,1693226529549,10,4,6
42579,1693226529549,1692254265307,1692254265310,1693226529556,7,3,4
42580,1693226529556,1692254265314,1692254265318,1693226529563,7,4,3
42581,1693226529563,1692254265322,1692254265325,1693226529571,8,3,5
42582,1693226529571,1692254265330,1692254265334,1693226529580,9,4,5
42583,1693226529580,1692254265339,1692254265343,1693226529589,9,4,5
42584,1693226529589,1692254265348,1692254265351,1693226529596,7,3,4
42585,1693226529596,1692254265356,1692254265359,1693226529605,9,3,6
42586,1693226529605,1692254265366,1692254265369,1693226529614,9,3,6
42587,1693226529614,1692254265373,1692254265375,1693226529621,7,2,5
42588,1693226529621,1692254265380,1692254265383,1693226529629,8,3,5
42589,1693226529629,1692254265387,1692254265390,1693226529636,7,3,4
42590,1693226529636,1692254265394,1692254265397,1693226529642,6,3,3
42591,1693226529643,1692254265401,1692254265403,1693226529649,6,2,4
42592,1693226529649,1692254265408,1692254265411,1693226529656,7,3,4
42593,1693226529656,1692254265415,1692254265419,1693226529664,8,4,4
42594,1693226529664,1692254265423,1692254265426,1693226529672,8,3,5
42595,1693226529672,1692254265434,1692254265437,1693226529732,60,3,57
42596,1693226529732,1692254265490,1692254265494,1693226529740,8,4,4
42597,1693226529740,1692254265500,1692254265504,1693226529749,9,4,5
42598,1693226529749,1692254265508,1692254265512,1693226529757,8,4,4
42599,1693226529757,1692254265516,1692254265519,1693226529765,8,3,5
42600,1693226529765,1692254265524,1692254265527,1693226529773,8,3,5
42601,1693226529773,1692254265531,1692254265534,1693226529780,7,3,4
42602,1693226529780,1692254265539,1692254265542,1693226529788,8,3,5
42603,1693226529788,1692254265547,1692254265550,1693226529796,8,3,5
42604,1693226529796,1692254265555,1692254265558,1693226529804,8,3,5
42605,1693226529805,1692254265564,1692254265567,1693226529816,11,3,8
42606,1693226529816,1692254265574,1692254265577,1693226529826,10,3,7
42607,1693226529826,1692254265585,1692254265588,1693226529834,8,3,5
42608,1693226529834,1692254265593,1692254265596,1693226529842,8,3,5
42609,1693226529842,1692254265600,1692254265604,1693226529850,8,4,4
42610,1693226529850,1692254265608,1692254265611,1693226529857,7,3,4
42611,1693226529857,1692254265616,1692254265619,1693226529865,8,3,5
42612,1693226529865,1692254265626,1692254265630,1693226529875,10,4,6
42613,1693226529875,1692254265634,1692254265638,1693226529883,8,4,4
42614,1693226529883,1692254265642,1692254265645,1693226529891,8,3,5
42615,1693226529891,1692254265654,1692254265657,1693226529903,12,3,9
42616,1693226529903,1692254265662,1692254265666,1693226529911,8,4,4
42617,1693226529911,1692254265675,1692254265678,1693226529943,32,3,29
42618,1693226529943,1692254265702,1692254265705,1693226529951,8,3,5
42619,1693226529951,1692254265710,1692254265713,1693226529958,7,3,4
42620,1693226529958,1692254265717,1692254265722,1693226529967,9,5,4
42621,1693226529967,1692254265726,1692254265729,1693226529975,8,3,5
42622,1693226529975,1692254265734,1692254265738,1693226529983,8,4,4
42623,1693226529983,1692254265742,1692254265745,1693226529991,8,3,5
42624,1693226529991,1692254265749,1692254265752,1693226529998,7,3,4
42625,1693226529998,1692254265756,1692254265760,1693226530006,8,4,4
42626,1693226530006,1692254265765,1692254265768,1693226530014,8,3,5
42627,1693226530014,1692254265772,1692254265775,1693226530021,7,3,4
42628,1693226530021,1692254265783,1692254265786,1693226530032,11,3,8
42629,1693226530032,1692254265791,1692254265794,1693226530040,8,3,5
42630,1693226530040,1692254265799,1692254265802,1693226530048,8,3,5
42631,1693226530048,1692254265807,1692254265810,1693226530056,8,3,5
42632,1693226530056,1692254265815,1692254265818,1693226530064,8,3,5
42633,1693226530064,1692254265822,1692254265825,1693226530071,7,3,4
42634,1693226530071,1692254265830,1692254265834,1693226530079,8,4,4
42635,1693226530079,1692254265837,1692254265840,1693226530086,7,3,4
42636,1693226530086,1692254265845,1692254265848,1693226530094,8,3,5
42637,1693226530094,1692254265853,1692254265856,1693226530102,8,3,5
42638,1693226530102,1692254265861,1692254265864,1693226530109,7,3,4
42639,1693226530109,1692254265868,1692254265871,1693226530116,7,3,4
42640,1693226530116,1692254265875,1692254265879,1693226530125,9,4,5
42641,1693226530125,1692254265884,1692254265887,1693226530133,8,3,5
42642,1693226530133,1692254265892,1692254265896,1693226530142,9,4,5
42643,1693226530142,1692254265900,1692254265903,1693226530149,7,3,4
42644,1693226530149,1692254265907,1692254265911,1693226530156,7,4,3
42645,1693226530156,1692254265915,1692254265918,1693226530163,7,3,4
42646,1693226530163,1692254265922,1692254265924,1693226530170,7,2,5
42647,1693226530170,1692254265929,1692254265932,1693226530178,8,3,5
42648,1693226530178,1692254265936,1692254265939,1693226530185,7,3,4
42649,1693226530185,1692254265944,1692254265947,1693226530193,8,3,5
42650,1693226530193,1692254265951,1692254265954,1693226530200,7,3,4
42651,1693226530200,1692254265959,1692254265962,1693226530207,7,3,4
42652,1693226530207,1692254265966,1692254265968,1693226530214,7,2,5
42653,1693226530214,1692254265973,1692254265976,1693226530224,10,3,7
42654,1693226530224,1692254265983,1692254265986,1693226530232,8,3,5
42655,1693226530232,1692254265990,1692254265993,1693226530239,7,3,4
42656,1693226530239,1692254265998,1692254266002,1693226530247,8,4,4
42657,1693226530247,1692254266005,1692254266010,1693226530255,8,5,3
42658,1693226530255,1692254266014,1692254266017,1693226530262,7,3,4
42659,1693226530262,1692254266023,1692254266026,1693226530272,10,3,7
42660,1693226530272,1692254266031,1692254266034,1693226530280,8,3,5
42661,1693226530280,1692254266039,1692254266042,1693226530287,7,3,4
42662,1693226530287,1692254266047,1692254266049,1693226530295,8,2,6
42663,1693226530295,1692254266056,1692254266060,1693226530305,10,4,6
42664,1693226530305,1692254266064,1692254266067,1693226530313,8,3,5
42665,1693226530313,1692254266072,1692254266075,1693226530320,7,3,4
42666,1693226530320,1692254266079,1692254266082,1693226530328,8,3,5
42667,1693226530328,1692254266086,1692254266090,1693226530335,7,4,3
42668,1693226530335,1692254266095,1692254266098,1693226530345,10,3,7
42669,1693226530345,1692254266103,1692254266106,1693226530352,7,3,4
42670,1693226530352,1692254266110,1692254266113,1693226530359,7,3,4
42671,1693226530359,1692254266118,1692254266121,1693226530367,8,3,5
42672,1693226530367,1692254266126,1692254266129,1693226530375,8,3,5
42673,1693226530375,1692254266134,1692254266138,1693226530383,8,4,4
42674,1693226530383,1692254266142,1692254266145,1693226530391,8,3,5
42675,1693226530391,1692254266150,1692254266154,1693226530399,8,4,4
42676,1693226530399,1692254266158,1692254266161,1693226530407,8,3,5
42677,1693226530407,1692254266166,1692254266169,1693226530414,7,3,4
42678,1693226530414,1692254266174,1692254266177,1693226530423,9,3,6
42679,1693226530423,1692254266182,1692254266184,1693226530430,7,2,5
42680,1693226530430,1692254266189,1692254266193,1693226530438,8,4,4
42681,1693226530438,1692254266197,1692254266200,1693226530447,9,3,6
42682,1693226530447,1692254266205,1692254266209,1693226530454,7,4,3
42683,1693226530454,1692254266214,1692254266218,1693226530463,9,4,5
42684,1693226530463,1692254266223,1692254266226,1693226530472,9,3,6
42685,1693226530472,1692254266231,1692254266234,1693226530479,7,3,4
42686,1693226530479,1692254266238,1692254266240,1693226530486,7,2,5
42687,1693226530486,1692254266245,1692254266248,1693226530494,8,3,5
42688,1693226530494,1692254266253,1692254266257,1693226530503,9,4,5
42689,1693226530503,1692254266261,1692254266264,1693226530510,7,3,4
42690,1693226530510,1692254266269,1692254266273,1693226530518,8,4,4
42691,1693226530518,1692254266277,1692254266281,1693226530526,8,4,4
42692,1693226530526,1692254266285,1692254266288,1693226530534,8,3,5
42693,1693226530534,1692254266294,1692254266297,1693226530543,9,3,6
42694,1693226530543,1692254266302,1692254266306,1693226530552,9,4,5
42695,1693226530552,1692254266311,1692254266314,1693226530560,8,3,5
42696,1693226530560,1692254266319,1692254266323,1693226530569,9,4,5
42697,1693226530569,1692254266327,1692254266331,1693226530576,7,4,3
42698,1693226530576,1692254266335,1692254266339,1693226530585,9,4,5
42699,1693226530585,1692254266343,1692254266346,1693226530592,7,3,4
42700,1693226530592,1692254266351,1692254266354,1693226530599,7,3,4
42701,1693226530599,1692254266357,1692254266361,1693226530607,8,4,4
42702,1693226530607,1692254266365,1692254266369,1693226530614,7,4,3
42703,1693226530614,1692254266373,1692254266376,1693226530621,7,3,4
42704,1693226530621,1692254266380,1692254266383,1693226530628,7,3,4
42705,1693226530628,1692254266387,1692254266390,1693226530636,8,3,5
42706,1693226530636,1692254266395,1692254266397,1693226530643,7,2,5
42707,1693226530643,1692254266401,1692254266404,1693226530650,7,3,4
42708,1693226530650,1692254266409,1692254266412,1693226530657,7,3,4
42709,1693226530657,1692254266416,1692254266419,1693226530665,8,3,5
42710,1693226530665,1692254266424,1692254266426,1693226530672,7,2,5
42711,1693226530672,1692254266430,1692254266434,1693226530679,7,4,3
42712,1693226530679,1692254266438,1692254266440,1693226530686,7,2,5
42713,1693226530686,1692254266445,1692254266448,1693226530694,8,3,5
42714,1693226530694,1692254266452,1692254266456,1693226530702,8,4,4
42715,1693226530702,1692254266460,1692254266464,1693226530709,7,4,3
42716,1693226530709,1692254266468,1692254266471,1693226530717,8,3,5
42717,1693226530717,1692254266476,1692254266480,1693226530725,8,4,4
42718,1693226530725,1692254266483,1692254266487,1693226530732,7,4,3
42719,1693226530732,1692254266494,1692254266497,1693226530743,11,3,8
42720,1693226530743,1692254266502,1692254266506,1693226530751,8,4,4
42721,1693226530751,1692254266510,1692254266513,1693226530759,8,3,5
42722,1693226530759,1692254266517,1692254266520,1693226530766,7,3,4
42723,1693226530766,1692254266524,1692254266527,1693226530773,7,3,4
42724,1693226530773,1692254266532,1692254266538,1693226530783,10,6,4
42725,1693226530783,1692254266542,1692254266545,1693226530791,8,3,5
42726,1693226530791,1692254266550,1692254266552,1693226530798,7,2,5
42727,1693226530798,1692254266558,1692254266561,1693226530807,9,3,6
42728,1693226530807,1692254266566,1692254266569,1693226530815,8,3,5
42729,1693226530815,1692254266574,1692254266577,1693226530823,8,3,5
42730,1693226530823,1692254266582,1692254266587,1693226530833,10,5,5
42731,1693226530833,1692254266592,1692254266595,1693226530841,8,3,5
42732,1693226530841,1692254266599,1692254266602,1693226530848,7,3,4
42733,1693226530848,1692254266606,1692254266610,1693226530856,8,4,4
42734,1693226530856,1692254266615,1692254266618,1693226530864,8,3,5
42735,1693226530864,1692254266623,1692254266627,1693226530873,9,4,5
42736,1693226530873,1692254266632,1692254266635,1693226530881,8,3,5
42737,1693226530881,1692254266640,1692254266644,1693226530889,8,4,4
42738,1693226530889,1692254266648,1692254266652,1693226530897,8,4,4
42739,1693226530897,1692254266656,1692254266658,1693226530904,7,2,5
42740,1693226530904,1692254266663,1692254266667,1693226530913,9,4,5
42741,1693226530913,1692254266672,1692254266677,1693226530923,10,5,5
42742,1693226530923,1692254266682,1692254266685,1693226530931,8,3,5
42743,1693226530931,1692254266690,1692254266692,1693226530938,7,2,5
42744,1693226530938,1692254266698,1692254266702,1693226530947,9,4,5
42745,1693226530947,1692254266706,1692254266709,1693226530955,8,3,5
42746,1693226530955,1692254266714,1692254266716,1693226530962,7,2,5
42747,1693226530962,1692254266721,1692254266724,1693226530971,9,3,6
42748,1693226530971,1692254266730,1692254266735,1693226530981,10,5,5
42749,1693226530981,1692254266742,1692254266745,1693226530991,10,3,7
42750,1693226530991,1692254266750,1692254266753,1693226530999,8,3,5
42751,1693226530999,1692254266758,1692254266761,1693226531007,8,3,5
42752,1693226531007,1692254266765,1692254266768,1693226531014,7,3,4
42753,1693226531014,1692254266773,1692254266776,1693226531021,7,3,4
42754,1693226531021,1692254266781,1692254266785,1693226531030,9,4,5
42755,1693226531030,1692254266789,1692254266793,1693226531038,8,4,4
42756,1693226531038,1692254266799,1692254266803,1693226531048,10,4,6
42757,1693226531048,1692254266807,1692254266810,1693226531056,8,3,5
42758,1693226531056,1692254266814,1692254266817,1693226531063,7,3,4
42759,1693226531063,1692254266822,1692254266825,1693226531070,7,3,4
42760,1693226531070,1692254266829,1692254266832,1693226531078,8,3,5
42761,1693226531078,1692254266837,1692254266841,1693226531087,9,4,5
42762,1693226531087,1692254266846,1692254266849,1693226531095,8,3,5
42763,1693226531095,1692254266855,1692254266858,1693226531104,9,3,6
42764,1693226531104,1692254266864,1692254266867,1693226531113,9,3,6
42765,1693226531113,1692254266873,1692254266877,1693226531123,10,4,6
42766,1693226531123,1692254266882,1692254266887,1693226531133,10,5,5
42767,1693226531133,1692254266892,1692254266895,1693226531141,8,3,5
42768,1693226531141,1692254266899,1692254266902,1693226531147,6,3,3
42769,1693226531147,1692254266906,1692254266909,1693226531154,7,3,4
42770,1693226531154,1692254266913,1692254266916,1693226531162,8,3,5
42771,1693226531162,1692254266920,1692254266924,1693226531169,7,4,3
42772,1693226531169,1692254266928,1692254266930,1693226531176,7,2,5
42773,1693226531176,1692254266935,1692254266938,1693226531184,8,3,5
42774,1693226531184,1692254266943,1692254266946,1693226531191,7,3,4
42775,1693226531191,1692254266950,1692254266954,1693226531199,8,4,4
42776,1693226531199,1692254266958,1692254266961,1693226531206,7,3,4
42777,1693226531206,1692254266965,1692254266968,1693226531213,7,3,4
42778,1693226531213,1692254266972,1692254266975,1693226531220,7,3,4
42779,1693226531220,1692254266979,1692254266983,1693226531229,9,4,5
42780,1693226531229,1692254266987,1692254266990,1693226531236,7,3,4
42781,1693226531236,1692254266995,1692254266998,1693226531243,7,3,4
42782,1693226531244,1692254267004,1692254267008,1693226531253,9,4,5
42783,1693226531253,1692254267011,1692254267015,1693226531260,7,4,3
42784,1693226531260,1692254267019,1692254267022,1693226531268,8,3,5
42785,1693226531268,1692254267027,1692254267030,1693226531275,7,3,4
42786,1693226531275,1692254267036,1692254267039,1693226531285,10,3,7
42787,1693226531285,1692254267044,1692254267048,1693226531293,8,4,4
42788,1693226531294,1692254267052,1692254267055,1693226531300,6,3,3
42789,1693226531300,1692254267059,1692254267063,1693226531308,8,4,4
42790,1693226531308,1692254267067,1692254267070,1693226531316,8,3,5
42791,1693226531316,1692254267076,1692254267080,1693226531326,10,4,6
42792,1693226531326,1692254267084,1692254267087,1693226531333,7,3,4
42793,1693226531333,1692254267092,1692254267095,1693226531340,7,3,4
42794,1693226531340,1692254267099,1692254267102,1693226531350,10,3,7
42795,1693226531350,1692254267109,1692254267113,1693226531359,9,4,5
42796,1693226531359,1692254267117,1692254267120,1693226531366,7,3,4
42797,1693226531366,1692254267125,1692254267129,1693226531374,8,4,4
42798,1693226531374,1692254267133,1692254267136,1693226531381,7,3,4
42799,1693226531381,1692254267140,1692254267143,1693226531389,8,3,5
42800,1693226531389,1692254267148,1692254267151,1693226531396,7,3,4
42801,1693226531396,1692254267156,1692254267159,1693226531404,8,3,5
42802,1693226531405,1692254267163,1692254267167,1693226531412,7,4,3
42803,1693226531412,1692254267172,1692254267177,1693226531422,10,5,5
42804,1693226531422,1692254267181,1692254267184,1693226531430,8,3,5
42805,1693226531430,1692254267188,1692254267191,1693226531437,7,3,4
42806,1693226531437,1692254267195,1692254267198,1693226531444,7,3,4
42807,1693226531444,1692254267203,1692254267206,1693226531453,9,3,6
42808,1693226531453,1692254267219,1692254267222,1693226531468,15,3,12
42809,1693226531468,1692254267227,1692254267230,1693226531475,7,3,4
42810,1693226531475,1692254267234,1692254267237,1693226531483,8,3,5
42811,1693226531484,1692254267242,1692254267246,1693226531491,7,4,3
42812,1693226531491,1692254267250,1692254267253,1693226531498,7,3,4
42813,1693226531499,1692254267257,1692254267261,1693226531506,7,4,3
42814,1693226531506,1692254267265,1692254267268,1693226531514,8,3,5
42815,1693226531514,1692254267273,1692254267276,1693226531521,7,3,4
42816,1693226531521,1692254267281,1692254267284,1693226531529,8,3,5
42817,1693226531529,1692254267288,1692254267291,1693226531537,8,3,5
42818,1693226531537,1692254267298,1692254267301,1693226531546,9,3,6
42819,1693226531546,1692254267305,1692254267308,1693226531555,9,3,6
42820,1693226531555,1692254267314,1692254267317,1693226531563,8,3,5
42821,1693226531563,1692254267321,1692254267324,1693226531570,7,3,4
42822,1693226531570,1692254267330,1692254267334,1693226531579,9,4,5
42823,1693226531579,1692254267339,1692254267343,1693226531588,9,4,5
42824,1693226531589,1692254267348,1692254267350,1693226531596,7,2,5
42825,1693226531596,1692254267355,1692254267358,1693226531604,8,3,5
42826,1693226531604,1692254267363,1692254267367,1693226531612,8,4,4
42827,1693226531612,1692254267371,1692254267374,1693226531619,7,3,4
42828,1693226531619,1692254267380,1692254267383,1693226531628,9,3,6
42829,1693226531628,1692254267387,1692254267390,1693226531636,8,3,5
42830,1693226531636,1692254267396,1692254267399,1693226531645,9,3,6
42831,1693226531645,1692254267404,1692254267407,1693226531653,8,3,5
42832,1693226531653,1692254267414,1692254267417,1693226531663,10,3,7
42833,1693226531663,1692254267422,1692254267425,1693226531671,8,3,5
42834,1693226531671,1692254267430,1692254267433,1693226531678,7,3,4
42835,1693226531678,1692254267436,1692254267440,1693226531685,7,4,3
42836,1693226531685,1692254267444,1692254267448,1693226531694,9,4,5
42837,1693226531694,1692254267453,1692254267456,1693226531702,8,3,5
42838,1693226531702,1692254267461,1692254267463,1693226531709,7,2,5
42839,1693226531709,1692254267467,1692254267471,1693226531716,7,4,3
42840,1693226531716,1692254267475,1692254267479,1693226531725,9,4,5
42841,1693226531725,1692254267485,1692254267489,1693226531734,9,4,5
42842,1693226531734,1692254267493,1692254267499,1693226531744,10,6,4
42843,1693226531744,1692254267503,1692254267506,1693226531751,7,3,4
42844,1693226531751,1692254267510,1692254267514,1693226531761,10,4,6
42845,1693226531761,1692254267520,1692254267523,1693226531769,8,3,5
42846,1693226531769,1692254267527,1692254267531,1693226531777,8,4,4
42847,1693226531777,1692254267535,1692254267539,1693226531785,8,4,4
42848,1693226531785,1692254267543,1692254267546,1693226531792,7,3,4
42849,1693226531792,1692254267551,1692254267554,1693226531799,7,3,4
42850,1693226531799,1692254267558,1692254267561,1693226531807,8,3,5
42851,1693226531807,1692254267566,1692254267569,1693226531814,7,3,4
42852,1693226531814,1692254267573,1692254267579,1693226531825,11,6,5
42853,1693226531825,1692254267584,1692254267587,1693226531833,8,3,5
42854,1693226531833,1692254267595,1692254267599,1693226531845,12,4,8
42855,1693226531845,1692254267603,1692254267606,1693226531851,6,3,3
42856,1693226531851,1692254267610,1692254267613,1693226531858,7,3,4
42857,1693226531858,1692254267619,1692254267623,1693226531869,11,4,7
42858,1693226531869,1692254267627,1692254267630,1693226531876,7,3,4
42859,1693226531876,1692254267634,1692254267637,1693226531883,7,3,4
42860,1693226531883,1692254267641,1692254267644,1693226531889,6,3,3
42861,1693226531889,1692254267648,1692254267651,1693226531896,7,3,4
42862,1693226531896,1692254267655,1692254267658,1693226531904,8,3,5
42863,1693226531904,1692254267663,1692254267666,1693226531912,8,3,5
42864,1693226531912,1692254267671,1692254267673,1693226531919,7,2,5
42865,1693226531919,1692254267677,1692254267680,1693226531926,7,3,4
42866,1693226531926,1692254267688,1692254267692,1693226531938,12,4,8
42867,1693226531938,1692254267696,1692254267700,1693226531946,8,4,4
42868,1693226531946,1692254267705,1692254267708,1693226531954,8,3,5
42869,1693226531954,1692254267713,1692254267716,1693226531961,7,3,4
42870,1693226531962,1692254267722,1692254267726,1693226531971,9,4,5
42871,1693226531971,1692254267730,1692254267734,1693226531979,8,4,4
42872,1693226531979,1692254267738,1692254267741,1693226531986,7,3,4
42873,1693226531986,1692254267745,1692254267749,1693226531995,9,4,5
42874,1693226531995,1692254267754,1692254267758,1693226532003,8,4,4
42875,1693226532003,1692254267762,1692254267769,1693226532015,12,7,5
42876,1693226532015,1692254267774,1692254267777,1693226532023,8,3,5
42877,1693226532023,1692254267782,1692254267786,1693226532031,8,4,4
42878,1693226532031,1692254267790,1692254267793,1693226532038,7,3,4
42879,1693226532038,1692254267797,1692254267800,1693226532046,8,3,5
42880,1693226532046,1692254267805,1692254267809,1693226532055,9,4,5
42881,1693226532055,1692254267814,1692254267817,1693226532062,7,3,4
42882,1693226532062,1692254267820,1692254267823,1693226532069,7,3,4
42883,1693226532069,1692254267828,1692254267831,1693226532077,8,3,5
42884,1693226532077,1692254267836,1692254267840,1693226532085,8,4,4
42885,1693226532085,1692254267844,1692254267847,1693226532092,7,3,4
42886,1693226532092,1692254267851,1692254267854,1693226532100,8,3,5
42887,1693226532100,1692254267859,1692254267863,1693226532108,8,4,4
42888,1693226532108,1692254267867,1692254267871,1693226532117,9,4,5
42889,1693226532117,1692254267876,1692254267879,1693226532124,7,3,4
42890,1693226532124,1692254267883,1692254267887,1693226532133,9,4,5
42891,1693226532133,1692254267892,1692254267895,1693226532141,8,3,5
42892,1693226532141,1692254267900,1692254267903,1693226532149,8,3,5
42893,1693226532149,1692254267908,1692254267911,1693226532157,8,3,5
42894,1693226532157,1692254267915,1692254267918,1693226532164,7,3,4
42895,1693226532164,1692254267922,1692254267924,1693226532170,6,2,4
42896,1693226532170,1692254267929,1692254267932,1693226532177,7,3,4
42897,1693226532177,1692254267937,1692254267940,1693226532186,9,3,6
42898,1693226532186,1692254267945,1692254267948,1693226532194,8,3,5
42899,1693226532194,1692254267953,1692254267956,1693226532201,7,3,4
42900,1693226532202,1692254267960,1692254267963,1693226532209,7,3,4
42901,1693226532209,1692254267968,1692254267971,1693226532217,8,3,5
42902,1693226532217,1692254267975,1692254267978,1693226532224,7,3,4
42903,1693226532224,1692254267983,1692254267986,1693226532232,8,3,5
42904,1693226532232,1692254267991,1692254267994,1693226532240,8,3,5
42905,1693226532240,1692254267998,1692254268001,1693226532247,7,3,4
42906,1693226532247,1692254268006,1692254268008,1693226532254,7,2,5
42907,1693226532254,1692254268013,1692254268017,1693226532262,8,4,4
42908,1693226532262,1692254268021,1692254268024,1693226532272,10,3,7
42909,1693226532272,1692254268035,1692254268038,1693226532284,12,3,9
42910,1693226532284,1692254268042,1692254268045,1693226532291,7,3,4
42911,1693226532291,1692254268050,1692254268052,1693226532298,7,2,5
42912,1693226532298,1692254268056,1692254268061,1693226532306,8,5,3
42913,1693226532307,1692254268065,1692254268070,1693226532315,8,5,3
42914,1693226532315,1692254268074,1692254268077,1693226532322,7,3,4
42915,1693226532322,1692254268081,1692254268084,1693226532330,8,3,5
42916,1693226532330,1692254268088,1692254268091,1693226532337,7,3,4
42917,1693226532337,1692254268096,1692254268099,1693226532345,8,3,5
42918,1693226532345,1692254268103,1692254268107,1693226532354,9,4,5
42919,1693226532354,1692254268113,1692254268117,1693226532362,8,4,4
42920,1693226532362,1692254268121,1692254268123,1693226532368,6,2,4
42921,1693226532369,1692254268127,1692254268130,1693226532376,7,3,4
42922,1693226532376,1692254268135,1692254268138,1693226532383,7,3,4
42923,1693226532383,1692254268142,1692254268145,1693226532391,8,3,5
42924,1693226532391,1692254268150,1692254268154,1693226532406,15,4,11
42925,1693226532406,1692254268171,1692254268175,1693226532422,16,4,12
42926,1693226532422,1692254268181,1692254268184,1693226532430,8,3,5
42927,1693226532430,1692254268189,1692254268192,1693226532438,8,3,5
42928,1693226532438,1692254268197,1692254268201,1693226532447,9,4,5
42929,1693226532447,1692254268205,1692254268208,1693226532453,6,3,3
42930,1693226532453,1692254268212,1692254268216,1693226532462,9,4,5
42931,1693226532462,1692254268220,1692254268223,1693226532469,7,3,4
42932,1693226532469,1692254268227,1692254268230,1693226532477,8,3,5
42933,1693226532477,1692254268236,1692254268239,1693226532488,11,3,8
42934,1693226532488,1692254268247,1692254268250,1693226532496,8,3,5
42935,1693226532496,1692254268255,1692254268258,1693226532509,13,3,10
42936,1693226532509,1692254268267,1692254268270,1693226532516,7,3,4
42937,1693226532516,1692254268275,1692254268278,1693226532524,8,3,5
42938,1693226532524,1692254268283,1692254268286,1693226532532,8,3,5
42939,1693226532532,1692254268290,1692254268294,1693226532540,8,4,4
42940,1693226532540,1692254268299,1692254268302,1693226532553,13,3,10
42941,1693226532553,1692254268312,1692254268315,1693226532561,8,3,5
42942,1693226532561,1692254268320,1692254268324,1693226532587,26,4,22
42943,1693226532587,1692254268353,1692254268356,1693226532602,15,3,12
42944,1693226532602,1692254268360,1692254268363,1693226532609,7,3,4
42945,1693226532609,1692254268368,1692254268370,1693226532616,7,2,5
42946,1693226532616,1692254268375,1692254268378,1693226532624,8,3,5
42947,1693226532624,1692254268383,1692254268386,1693226532632,8,3,5
42948,1693226532632,1692254268390,1692254268393,1693226532639,7,3,4
42949,1693226532639,1692254268397,1692254268403,1693226532648,9,6,3
42950,1693226532648,1692254268407,1692254268410,1693226532656,8,3,5
42951,1693226532656,1692254268415,1692254268419,1693226532664,8,4,4
42952,1693226532664,1692254268423,1692254268426,1693226532672,8,3,5
42953,1693226532672,1692254268431,1692254268434,1693226532682,10,3,7
42954,1693226532682,1692254268440,1692254268444,1693226532689,7,4,3
42955,1693226532690,1692254268448,1692254268451,1693226532699,9,3,6
42956,1693226532700,1692254268458,1692254268462,1693226532707,7,4,3
42957,1693226532707,1692254268465,1692254268469,1693226532715,8,4,4
42958,1693226532715,1692254268474,1692254268477,1693226532722,7,3,4
42959,1693226532722,1692254268481,1692254268484,1693226532730,8,3,5
42960,1693226532730,1692254268488,1692254268492,1693226532737,7,4,3
42961,1693226532737,1692254268496,1692254268500,1693226532746,9,4,5
42962,1693226532746,1692254268505,1692254268508,1693226532753,7,3,4
42963,1693226532753,1692254268512,1692254268515,1693226532760,7,3,4
42964,1693226532760,1692254268519,1692254268522,1693226532768,8,3,5
42965,1693226532768,1692254268526,1692254268529,1693226532775,7,3,4
42966,1693226532775,1692254268534,1692254268537,1693226532786,11,3,8
42967,1693226532786,1692254268545,1692254268548,1693226532793,7,3,4
42968,1693226532793,1692254268551,1692254268554,1693226532800,7,3,4
42969,1693226532800,1692254268559,1692254268562,1693226532807,7,3,4
42970,1693226532807,1692254268566,1692254268570,1693226532816,9,4,5
42971,1693226532816,1692254268575,1692254268578,1693226532824,8,3,5
42972,1693226532824,1692254268583,1692254268586,1693226532831,7,3,4
42973,1693226532831,1692254268589,1692254268592,1693226532838,7,3,4
42974,1693226532838,1692254268601,1692254268604,1693226532850,12,3,9
42975,1693226532850,1692254268609,1692254268611,1693226532857,7,2,5
42976,1693226532857,1692254268622,1692254268625,1693226532871,14,3,11
42977,1693226532871,1692254268630,1692254268633,1693226532878,7,3,4
42978,1693226532878,1692254268643,1692254268647,1693226532893,15,4,11
42979,1693226532893,1692254268651,1692254268654,1693226532900,7,3,4
42980,1693226532900,1692254268659,1692254268662,1693226532908,8,3,5
42981,1693226532908,1692254268667,1692254268671,1693226532916,8,4,4
42982,1693226532917,1692254268675,1692254268678,1693226532924,7,3,4
42983,1693226532924,1692254268683,1692254268686,1693226532932,8,3,5
42984,1693226532932,1692254268690,1692254268694,1693226532939,7,4,3
42985,1693226532939,1692254268698,1692254268702,1693226532947,8,4,4
42986,1693226532948,1692254268706,1692254268710,1693226532956,8,4,4
42987,1693226532956,1692254268715,1692254268718,1693226532963,7,3,4
42988,1693226532963,1692254268722,1692254268725,1693226532971,8,3,5
42989,1693226532971,1692254268730,1692254268733,1693226532978,7,3,4
42990,1693226532978,1692254268737,1692254268741,1693226532989,11,4,7
42991,1693226532989,1692254268748,1692254268752,1693226532998,9,4,5
42992,1693226532998,1692254268757,1692254268760,1693226533007,9,3,6
42993,1693226533007,1692254268766,1692254268769,1693226533015,8,3,5
42994,1693226533015,1692254268782,1692254268789,1693226533034,19,7,12
42995,1693226533034,1692254268793,1692254268797,1693226533042,8,4,4
42996,1693226533042,1692254268801,1692254268805,1693226533050,8,4,4
42997,1693226533050,1692254268810,1692254268813,1693226533058,8,3,5
42998,1693226533058,1692254268817,1692254268820,1693226533066,8,3,5
42999,1693226533066,1692254268825,1692254268827,1693226533073,7,2,5
43000,1693226533073,1692254268831,1692254268835,1693226533080,7,4,3
43001,1693226533080,1692254268840,1692254268844,1693226533091,11,4,7
43002,1693226533091,1692254268850,1692254268854,1693226533099,8,4,4
43003,1693226533099,1692254268859,1692254268862,1693226533108,9,3,6
43004,1693226533108,1692254268868,1692254268871,1693226533116,8,3,5
43005,1693226533116,1692254268875,1692254268878,1693226533123,7,3,4
43006,1693226533123,1692254268882,1692254268886,1693226533131,8,4,4
43007,1693226533131,1692254268890,1692254268893,1693226533138,7,3,4
43008,1693226533139,1692254268897,1692254268900,1693226533146,7,3,4
43009,1693226533146,1692254268905,1692254268909,1693226533154,8,4,4
43010,1693226533154,1692254268914,1692254268917,1693226533163,9,3,6
43011,1693226533163,1692254268922,1692254268926,1693226533171,8,4,4
43012,1693226533171,1692254268930,1692254268933,1693226533178,7,3,4
43013,1693226533178,1692254268937,1692254268940,1693226533185,7,3,4
43014,1693226533185,1692254268944,1692254268947,1693226533193,8,3,5
43015,1693226533194,1692254268952,1692254268955,1693226533201,7,3,4
43016,1693226533201,1692254268960,1692254268962,1693226533208,7,2,5
43017,1693226533208,1692254268967,1692254268970,1693226533216,8,3,5
43018,1693226533216,1692254268974,1692254268978,1693226533223,7,4,3
43019,1693226533223,1692254268982,1692254268986,1693226533231,8,4,4
43020,1693226533231,1692254268990,1692254268994,1693226533239,8,4,4
43021,1693226533239,1692254268998,1692254269001,1693226533246,7,3,4
43022,1693226533246,1692254269004,1692254269009,1693226533254,8,5,3
43023,1693226533254,1692254269013,1692254269016,1693226533262,8,3,5
43024,1693226533262,1692254269021,1692254269024,1693226533269,7,3,4
43025,1693226533269,1692254269028,1692254269030,1693226533276,7,2,5
43026,1693226533276,1692254269035,1692254269038,1693226533284,8,3,5
43027,1693226533284,1692254269042,1692254269045,1693226533290,6,3,3
43028,1693226533290,1692254269049,1692254269052,1693226533297,7,3,4
43029,1693226533297,1692254269056,1692254269059,1693226533304,7,3,4
43030,1693226533304,1692254269063,1692254269067,1693226533313,9,4,5
43031,1693226533313,1692254269071,1692254269074,1693226533319,6,3,3
43032,1693226533319,1692254269078,1692254269081,1693226533326,7,3,4
43033,1693226533326,1692254269085,1692254269088,1693226533333,7,3,4
43034,1693226533333,1692254269092,1692254269095,1693226533341,8,3,5
43035,1693226533341,1692254269099,1692254269102,1693226533348,7,3,4
43036,1693226533348,1692254269106,1692254269109,1693226533355,7,3,4
43037,1693226533355,1692254269115,1692254269117,1693226533363,8,2,6
43038,1693226533363,1692254269121,1692254269127,1693226533372,9,6,3
43039,1693226533372,1692254269131,1692254269133,1693226533379,7,2,5
43040,1693226533379,1692254269137,1692254269140,1693226533386,7,3,4
43041,1693226533386,1692254269144,1692254269147,1693226533393,7,3,4
43042,1693226533393,1692254269152,1692254269154,1693226533400,7,2,5
43043,1693226533400,1692254269158,1692254269162,1693226533410,10,4,6
43044,1693226533410,1692254269169,1692254269172,1693226533418,8,3,5
43045,1693226533418,1692254269177,1692254269180,1693226533426,8,3,5
43046,1693226533426,1692254269184,1692254269187,1693226533436,10,3,7
43047,1693226533436,1692254269195,1692254269198,1693226533444,8,3,5
43048,1693226533444,1692254269202,1692254269205,1693226533451,7,3,4
43049,1693226533451,1692254269211,1692254269214,1693226533459,8,3,5
43050,1693226533459,1692254269218,1692254269221,1693226533467,8,3,5
43051,1693226533467,1692254269226,1692254269228,1693226533474,7,2,5
43052,1693226533474,1692254269233,1692254269237,1693226533482,8,4,4
43053,1693226533482,1692254269241,1692254269244,1693226533490,8,3,5
43054,1693226533490,1692254269249,1692254269252,1693226533497,7,3,4
43055,1693226533497,1692254269258,1692254269261,1693226533506,9,3,6
43056,1693226533506,1692254269265,1692254269269,1693226533514,8,4,4
43057,1693226533515,1692254269273,1692254269276,1693226533521,6,3,3
43058,1693226533521,1692254269280,1692254269284,1693226533529,8,4,4
43059,1693226533529,1692254269288,1692254269291,1693226533537,8,3,5
43060,1693226533537,1692254269295,1692254269298,1693226533544,7,3,4
43061,1693226533544,1692254269303,1692254269305,1693226533551,7,2,5
43062,1693226533551,1692254269310,1692254269313,1693226533559,8,3,5
43063,1693226533559,1692254269317,1692254269322,1693226533567,8,5,3
43064,1693226533567,1692254269326,1692254269329,1693226533575,8,3,5
43065,1693226533575,1692254269334,1692254269338,1693226533583,8,4,4
43066,1693226533583,1692254269342,1692254269345,1693226533591,8,3,5
43067,1693226533591,1692254269351,1692254269355,1693226533600,9,4,5
43068,1693226533600,1692254269360,1692254269363,1693226533609,9,3,6
43069,1693226533609,1692254269368,1692254269371,1693226533617,8,3,5
43070,1693226533617,1692254269376,1692254269380,1693226533626,9,4,5
43071,1693226533626,1692254269384,1692254269388,1693226533634,8,4,4
43072,1693226533634,1692254269393,1692254269396,1693226533642,8,3,5
43073,1693226533642,1692254269400,1692254269403,1693226533648,6,3,3
43074,1693226533648,1692254269407,1692254269410,1693226533656,8,3,5
43075,1693226533656,1692254269415,1692254269418,1693226533664,8,3,5
43076,1693226533664,1692254269422,1692254269426,1693226533672,8,4,4
43077,1693226533672,1692254269431,1692254269435,1693226533680,8,4,4
43078,1693226533680,1692254269439,1692254269442,1693226533688,8,3,5
43079,1693226533688,1692254269446,1692254269450,1693226533695,7,4,3
43080,1693226533695,1692254269453,1692254269457,1693226533703,8,4,4
43081,1693226533703,1692254269463,1692254269466,1693226533711,8,3,5
43082,1693226533712,1692254269470,1692254269473,1693226533719,7,3,4
43083,1693226533719,1692254269478,1692254269482,1693226533727,8,4,4
43084,1693226533727,1692254269486,1692254269489,1693226533735,8,3,5
43085,1693226533735,1692254269493,1692254269496,1693226533742,7,3,4
43086,1693226533742,1692254269500,1692254269504,1693226533750,8,4,4
43087,1693226533750,1692254269509,1692254269511,1693226533757,7,2,5
43088,1693226533757,1692254269516,1692254269521,1693226533767,10,5,5
43089,1693226533767,1692254269525,1692254269529,1693226533775,8,4,4
43090,1693226533775,1692254269536,1692254269539,1693226533785,10,3,7
43091,1693226533785,1692254269544,1692254269547,1693226533793,8,3,5
43092,1693226533793,1692254269551,1692254269554,1693226533800,7,3,4
43093,1693226533800,1692254269559,1692254269561,1693226533809,9,2,7
43094,1693226533809,1692254269567,1692254269572,1693226533818,9,5,4
43095,1693226533818,1692254269577,1692254269581,1693226533827,9,4,5
43096,1693226533827,1692254269586,1692254269589,1693226533835,8,3,5
43097,1693226533835,1692254269594,1692254269597,1693226533842,7,3,4
43098,1693226533842,1692254269601,1692254269604,1693226533850,8,3,5
43099,1693226533850,1692254269609,1692254269612,1693226533858,8,3,5
43100,1693226533858,1692254269617,1692254269621,1693226533866,8,4,4
43101,1693226533866,1692254269625,1692254269628,1693226533874,8,3,5
43102,1693226533874,1692254269633,1692254269636,1693226533882,8,3,5
43103,1693226533882,1692254269640,1692254269643,1693226533889,7,3,4
43104,1693226533889,1692254269647,1692254269650,1693226533895,6,3,3
43105,1693226533895,1692254269654,1692254269657,1693226533902,7,3,4
43106,1693226533903,1692254269661,1692254269665,1693226533910,7,4,3
43107,1693226533910,1692254269669,1692254269673,1693226533918,8,4,4
43108,1693226533918,1692254269677,1692254269681,1693226533926,8,4,4
43109,1693226533926,1692254269685,1692254269689,1693226533934,8,4,4
43110,1693226533935,1692254269693,1692254269697,1693226533942,7,4,3
43111,1693226533942,1692254269701,1692254269704,1693226533950,8,3,5
43112,1693226533950,1692254269708,1692254269711,1693226533956,6,3,3
43113,1693226533957,1692254269716,1692254269719,1693226533965,8,3,5
43114,1693226533965,1692254269724,1692254269727,1693226533972,7,3,4
43115,1693226533972,1692254269730,1692254269734,1693226533979,7,4,3
43116,1693226533979,1692254269737,1692254269742,1693226533987,8,5,3
43117,1693226533987,1692254269746,1692254269750,1693226533995,8,4,4
43118,1693226533995,1692254269754,1692254269757,1693226534002,7,3,4
43119,1693226534003,1692254269761,1692254269764,1693226534010,7,3,4
43120,1693226534010,1692254269770,1692254269773,1693226534019,9,3,6
43121,1693226534019,1692254269777,1692254269781,1693226534026,7,4,3
43122,1693226534026,1692254269785,1692254269788,1693226534033,7,3,4
43123,1693226534033,1692254269792,1692254269795,1693226534041,8,3,5
43124,1693226534041,1692254269803,1692254269807,1693226534052,11,4,7
43125,1693226534052,1692254269811,1692254269814,1693226534060,8,3,5
43126,1693226534060,1692254269823,1692254269827,1693226534073,13,4,9
43127,1693226534073,1692254269832,1692254269836,1693226534081,8,4,4
43128,1693226534081,1692254269842,1692254269846,1693226534091,10,4,6
43129,1693226534091,1692254269851,1692254269854,1693226534100,9,3,6
43130,1693226534100,1692254269859,1692254269862,1693226534108,8,3,5
43131,1693226534108,1692254269868,1692254269873,1693226534119,11,5,6
43132,1693226534119,1692254269878,1692254269882,1693226534127,8,4,4
43133,1693226534127,1692254269886,1692254269890,1693226534135,8,4,4
43134,1693226534135,1692254269897,1692254269901,1693226534146,11,4,7
43135,1693226534146,1692254269905,1692254269908,1693226534153,7,3,4
43136,1693226534153,1692254269913,1692254269917,1693226534162,9,4,5
43137,1693226534162,1692254269921,1692254269925,1693226534170,8,4,4
43138,1693226534170,1692254269929,1692254269932,1693226534178,8,3,5
43139,1693226534178,1692254269941,1692254269944,1693226534190,12,3,9
43140,1693226534190,1692254269949,1692254269952,1693226534198,8,3,5
43141,1693226534198,1692254269957,1692254269959,1693226534205,7,2,5
43142,1693226534205,1692254269964,1692254269967,1693226534212,7,3,4
43143,1693226534213,1692254269971,1692254269974,1693226534220,7,3,4
43144,1693226534220,1692254269978,1692254269981,1693226534227,7,3,4
43145,1693226534227,1692254269986,1692254269988,1693226534234,7,2,5
43146,1693226534234,1692254269993,1692254269996,1693226534241,7,3,4
43147,1693226534241,1692254270000,1692254270004,1693226534250,9,4,5
43148,1693226534250,1692254270008,1692254270012,1693226534257,7,4,3
43149,1693226534257,1692254270015,1692254270019,1693226534264,7,4,3
43150,1693226534264,1692254270022,1692254270025,1693226534271,7,3,4
43151,1693226534271,1692254270030,1692254270033,1693226534279,8,3,5
43152,1693226534279,1692254270038,1692254270041,1693226534287,8,3,5
43153,1693226534287,1692254270046,1692254270050,1693226534295,8,4,4
43154,1693226534295,1692254270053,1692254270056,1693226534302,7,3,4
43155,1693226534302,1692254270061,1692254270063,1693226534309,7,2,5
43156,1693226534309,1692254270068,1692254270071,1693226534317,8,3,5
43157,1693226534317,1692254270077,1692254270080,1693226534326,9,3,6
43158,1693226534326,1692254270085,1692254270088,1693226534334,8,3,5
43159,1693226534334,1692254270092,1692254270095,1693226534341,7,3,4
43160,1693226534341,1692254270099,1692254270102,1693226534347,6,3,3
43161,1693226534347,1692254270106,1692254270110,1693226534355,8,4,4
43162,1693226534355,1692254270114,1692254270117,1693226534363,8,3,5
43163,1693226534363,1692254270122,1692254270126,1693226534371,8,4,4
43164,1693226534371,1692254270130,1692254270134,1693226534380,9,4,5
43165,1693226534380,1692254270138,1692254270141,1693226534387,7,3,4
43166,1693226534387,1692254270146,1692254270149,1693226534395,8,3,5
43167,1693226534395,1692254270154,1692254270157,1693226534403,8,3,5
43168,1693226534403,1692254270162,1692254270167,1693226534412,9,5,4
43169,1693226534412,1692254270171,1692254270176,1693226534422,10,5,5
43170,1693226534422,1692254270181,1692254270185,1693226534430,8,4,4
43171,1693226534430,1692254270188,1692254270192,1693226534438,8,4,4
43172,1693226534438,1692254270197,1692254270200,1693226534445,7,3,4
43173,1693226534445,1692254270204,1692254270207,1693226534453,8,3,5
43174,1693226534453,1692254270212,1692254270215,1693226534460,7,3,4
43175,1693226534460,1692254270219,1692254270224,1693226534469,9,5,4
43176,1693226534469,1692254270228,1692254270231,1693226534477,8,3,5
43177,1693226534477,1692254270236,1692254270239,1693226534485,8,3,5
43178,1693226534485,1692254270244,1692254270247,1693226534492,7,3,4
43179,1693226534492,1692254270251,1692254270254,1693226534500,8,3,5
43180,1693226534500,1692254270259,1692254270262,1693226534507,7,3,4
43181,1693226534507,1692254270266,1692254270269,1693226534515,8,3,5
43182,1693226534515,1692254270282,1692254270286,1693226534532,17,4,13
43183,1693226534532,1692254270291,1692254270294,1693226534540,8,3,5
43184,1693226534540,1692254270299,1692254270302,1693226534547,7,3,4
43185,1693226534547,1692254270306,1692254270308,1693226534554,7,2,5
43186,1693226534554,1692254270313,1692254270317,1693226534562,8,4,4
43187,1693226534562,1692254270320,1692254270323,1693226534569,7,3,4
43188,1693226534569,1692254270328,1692254270332,1693226534577,8,4,4
43189,1693226534577,1692254270336,1692254270340,1693226534586,9,4,5
43190,1693226534586,1692254270345,1692254270349,1693226534595,9,4,5
43191,1693226534595,1692254270354,1692254270357,1693226534602,7,3,4
43192,1693226534603,1692254270361,1692254270364,1693226534610,7,3,4
43193,1693226534610,1692254270369,1692254270372,1693226534618,8,3,5
43194,1693226534618,1692254270377,1692254270380,1693226534627,9,3,6
43195,1693226534627,1692254270385,1692254270388,1693226534633,6,3,3
43196,1693226534634,1692254270392,1692254270395,1693226534641,7,3,4
43197,1693226534641,1692254270400,1692254270403,1693226534649,8,3,5
43198,1693226534649,1692254270407,1692254270411,1693226534656,7,4,3
43199,1693226534657,1692254270415,1692254270418,1693226534664,7,3,4
43200,1693226534664,1692254270422,1692254270425,1693226534671,7,3,4
43201,1693226534671,1692254270430,1692254270433,1693226534678,7,3,4
43202,1693226534678,1692254270437,1692254270440,1693226534686,8,3,5
43203,1693226534686,1692254270444,1692254270447,1693226534696,10,3,7
43204,1693226534696,1692254270454,1692254270459,1693226534705,9,5,4
43205,1693226534705,1692254270465,1692254270467,1693226534713,8,2,6
43206,1693226534713,1692254270471,1692254270474,1693226534720,7,3,4
43207,1693226534720,1692254270479,1692254270483,1693226534730,10,4,6
43208,1693226534730,1692254270488,1692254270492,1693226534738,8,4,4
43209,1693226534738,1692254270497,1692254270500,1693226534745,7,3,4
43210,1693226534745,1692254270505,1692254270510,1693226534755,10,5,5
43211,1693226534755,1692254270514,1692254270518,1693226534763,8,4,4
43212,1693226534763,1692254270522,1692254270525,1693226534771,8,3,5
43213,1693226534771,1692254270529,1692254270534,1693226534779,8,5,3
43214,1693226534779,1692254270538,1692254270541,1693226534787,8,3,5
43215,1693226534787,1692254270545,1692254270548,1693226534794,7,3,4
43216,1693226534794,1692254270555,1692254270557,1693226534803,9,2,7
43217,1693226534803,1692254270562,1692254270566,1693226534812,9,4,5
43218,1693226534812,1692254270571,1692254270574,1693226534819,7,3,4
43219,1693226534819,1692254270578,1692254270582,1693226534827,8,4,4
43220,1693226534827,1692254270589,1692254270591,1693226534837,10,2,8
43221,1693226534837,1692254270596,1692254270599,1693226534845,8,3,5
43222,1693226534845,1692254270603,1692254270607,1693226534856,11,4,7
43223,1693226534856,1692254270615,1692254270619,1693226534864,8,4,4
43224,1693226534864,1692254270623,1692254270626,1693226534871,7,3,4
43225,1693226534871,1692254270630,1692254270633,1693226534882,11,3,8
43226,1693226534882,1692254270641,1692254270644,1693226534890,8,3,5
43227,1693226534890,1692254270649,1692254270652,1693226534898,8,3,5
43228,1693226534898,1692254270657,1692254270660,1693226534906,8,3,5
43229,1693226534906,1692254270665,1692254270667,1693226534913,7,2,5
43230,1693226534913,1692254270671,1692254270675,1693226534923,10,4,6
43231,1693226534923,1692254270682,1692254270686,1693226534931,8,4,4
43232,1693226534931,1692254270691,1692254270694,1693226534940,9,3,6
43233,1693226534940,1692254270699,1692254270702,1693226534948,8,3,5
43234,1693226534948,1692254270708,1692254270711,1693226534956,8,3,5
43235,1693226534956,1692254270715,1692254270718,1693226534965,9,3,6
43236,1693226534965,1692254270724,1692254270727,1693226534972,7,3,4
43237,1693226534972,1692254270731,1692254270735,1693226534981,9,4,5
43238,1693226534981,1692254270739,1692254270743,1693226534988,7,4,3
43239,1693226534988,1692254270747,1692254270750,1693226534996,8,3,5
43240,1693226534996,1692254270755,1692254270758,1693226535004,8,3,5
43241,1693226535004,1692254270764,1692254270769,1693226535015,11,5,6
43242,1693226535015,1692254270773,1692254270776,1693226535021,6,3,3
43243,1693226535021,1692254270780,1692254270782,1693226535028,7,2,5
43244,1693226535028,1692254270787,1692254270790,1693226535037,9,3,6
43245,1693226535037,1692254270795,1692254270798,1693226535044,7,3,4
43246,1693226535044,1692254270803,1692254270806,1693226535051,7,3,4
43247,1693226535051,1692254270810,1692254270813,1693226535059,8,3,5
43248,1693226535059,1692254270817,1692254270820,1693226535065,6,3,3
43249,1693226535065,1692254270824,1692254270828,1693226535073,8,4,4
43250,1693226535073,1692254270832,1692254270835,1693226535080,7,3,4
43251,1693226535080,1692254270839,1692254270842,1693226535088,8,3,5
43252,1693226535088,1692254270846,1692254270850,1693226535095,7,4,3
43253,1693226535096,1692254270854,1692254270857,1693226535103,7,3,4
43254,1693226535103,1692254270862,1692254270866,1693226535111,8,4,4
43255,1693226535111,1692254270870,1692254270873,1693226535118,7,3,4
43256,1693226535118,1692254270877,1692254270880,1693226535126,8,3,5
43257,1693226535126,1692254270885,1692254270888,1693226535134,8,3,5
43258,1693226535134,1692254270892,1692254270897,1693226535142,8,5,3
43259,1693226535142,1692254270901,1692254270904,1693226535149,7,3,4
43260,1693226535149,1692254270908,1692254270911,1693226535157,8,3,5
43261,1693226535157,1692254270915,1692254270919,1693226535164,7,4,3
43262,1693226535164,1692254270923,1692254270926,1693226535172,8,3,5
43263,1693226535172,1692254270930,1692254270933,1693226535179,7,3,4
43264,1693226535179,1692254270939,1692254270942,1693226535190,11,3,8
43265,1693226535190,1692254270949,1692254270953,1693226535199,9,4,5
43266,1693226535199,1692254270958,1692254270961,1693226535207,8,3,5
43267,1693226535207,1692254270966,1692254270969,1693226535215,8,3,5
43268,1693226535215,1692254270974,1692254270977,1693226535222,7,3,4
43269,1693226535222,1692254270982,1692254270985,1693226535231,9,3,6
43270,1693226535231,1692254270990,1692254270994,1693226535242,11,4,7
43271,1693226535242,1692254271000,1692254271004,1693226535250,8,4,4
43272,1693226535250,1692254271009,1692254271011,1693226535257,7,2,5
43273,1693226535257,1692254271016,1692254271020,1693226535265,8,4,4
43274,1693226535265,1692254271024,1692254271028,1693226535273,8,4,4
43275,1693226535273,1692254271033,1692254271036,1693226535281,8,3,5
43276,1693226535281,1692254271040,1692254271043,1693226535289,8,3,5
43277,1693226535289,1692254271048,1692254271052,1693226535298,9,4,5
43278,1693226535298,1692254271056,1692254271061,1693226535307,9,5,4
43279,1693226535307,1692254271066,1692254271069,1693226535315,8,3,5
43280,1693226535315,1692254271073,1692254271077,1693226535323,8,4,4
43281,1693226535323,1692254271082,1692254271086,1693226535331,8,4,4
43282,1693226535331,1692254271090,1692254271092,1693226535338,7,2,5
43283,1693226535338,1692254271097,1692254271101,1693226535346,8,4,4
43284,1693226535346,1692254271105,1692254271109,1693226535354,8,4,4
43285,1693226535354,1692254271114,1692254271117,1693226535363,9,3,6
43286,1693226535363,1692254271121,1692254271124,1693226535370,7,3,4
43287,1693226535370,1692254271129,1692254271132,1693226535378,8,3,5
43288,1693226535378,1692254271136,1692254271140,1693226535386,8,4,4
43289,1693226535386,1692254271144,1692254271148,1693226535393,7,4,3
43290,1693226535393,1692254271152,1692254271155,1693226535401,8,3,5
43291,1693226535401,1692254271161,1692254271164,1693226535410,9,3,6
43292,1693226535410,1692254271168,1692254271171,1693226535416,6,3,3
43293,1693226535416,1692254271179,1692254271182,1693226535428,12,3,9
43294,1693226535428,1692254271187,1692254271190,1693226535435,7,3,4
43295,1693226535435,1692254271194,1692254271197,1693226535443,8,3,5
43296,1693226535443,1692254271203,1692254271207,1693226535452,9,4,5
43297,1693226535452,1692254271211,1692254271214,1693226535460,8,3,5
43298,1693226535460,1692254271224,1692254271227,1693226535472,12,3,9
43299,1693226535472,1692254271231,1692254271234,1693226535480,8,3,5
43300,1693226535480,1692254271239,1692254271242,1693226535488,8,3,5
43301,1693226535488,1692254271247,1692254271250,1693226535495,7,3,4
43302,1693226535495,1692254271254,1692254271256,1693226535502,7,2,5
43303,1693226535502,1692254271261,1692254271264,1693226535510,8,3,5
43304,1693226535510,1692254271271,1692254271274,1693226535520,10,3,7
43305,1693226535520,1692254271279,1692254271282,1693226535528,8,3,5
43306,1693226535528,1692254271286,1692254271290,1693226535535,7,4,3
43307,1693226535536,1692254271294,1692254271297,1693226535543,7,3,4
43308,1693226535543,1692254271302,1692254271306,1693226535551,8,4,4
43309,1693226535552,1692254271310,1692254271314,1693226535560,8,4,4
43310,1693226535560,1692254271319,1692254271322,1693226535567,7,3,4
43311,1693226535567,1692254271326,1692254271329,1693226535575,8,3,5
43312,1693226535575,1692254271334,1692254271336,1693226535581,6,2,4
43313,1693226535581,1692254271340,1692254271342,1693226535588,7,2,5
43314,1693226535588,1692254271347,1692254271350,1693226535596,8,3,5
43315,1693226535596,1692254271354,1692254271359,1693226535605,9,5,4
43316,1693226535605,1692254271364,1692254271368,1693226535613,8,4,4
43317,1693226535613,1692254271373,1692254271376,1693226535621,8,3,5
43318,1693226535621,1692254271380,1692254271384,1693226535630,9,4,5
43319,1693226535630,1692254271389,1692254271392,1693226535637,7,3,4
43320,1693226535637,1692254271396,1692254271399,1693226535645,8,3,5
43321,1693226535645,1692254271404,1692254271408,1693226535653,8,4,4
43322,1693226535653,1692254271412,1692254271416,1693226535661,8,4,4
43323,1693226535661,1692254271420,1692254271424,1693226535669,8,4,4
43324,1693226535669,1692254271428,1692254271432,1693226535677,8,4,4
43325,1693226535677,1692254271436,1692254271439,1693226535685,8,3,5
43326,1693226535685,1692254271444,1692254271447,1693226535693,8,3,5
43327,1693226535693,1692254271452,1692254271454,1693226535700,7,2,5
43328,1693226535700,1692254271459,1692254271461,1693226535707,7,2,5
43329,1693226535707,1692254271466,1692254271469,1693226535715,8,3,5
43330,1693226535715,1692254271474,1692254271477,1693226535722,7,3,4
43331,1693226535722,1692254271481,1692254271485,1693226535730,8,4,4
43332,1693226535730,1692254271490,1692254271493,1693226535738,8,3,5
43333,1693226535738,1692254271498,1692254271501,1693226535747,9,3,6
43334,1693226535747,1692254271506,1692254271509,1693226535755,8,3,5
43335,1693226535755,1692254271513,1692254271516,1693226535762,7,3,4
43336,1693226535762,1692254271521,1692254271524,1693226535770,8,3,5
43337,1693226535770,1692254271529,1692254271532,1693226535778,8,3,5
43338,1693226535778,1692254271537,1692254271540,1693226535785,7,3,4
43339,1693226535785,1692254271544,1692254271547,1693226535793,8,3,5
43340,1693226535793,1692254271552,1692254271555,1693226535801,8,3,5
43341,1693226535801,1692254271559,1692254271562,1693226535809,8,3,5
43342,1693226535809,1692254271568,1692254271571,1693226535817,8,3,5
43343,1693226535817,1692254271576,1692254271580,1693226535826,9,4,5
43344,1693226535826,1692254271585,1692254271589,1693226535835,9,4,5
43345,1693226535835,1692254271593,1692254271596,1693226535842,7,3,4
43346,1693226535842,1692254271601,1692254271603,1693226535849,7,2,5
43347,1693226535849,1692254271608,1692254271611,1693226535857,8,3,5
43348,1693226535857,1692254271619,1692254271622,1693226535867,10,3,7
43349,1693226535867,1692254271626,1692254271630,1693226535875,8,4,4
43350,1693226535875,1692254271634,1692254271637,1693226535883,8,3,5
43351,1693226535883,1692254271642,1692254271645,1693226535891,8,3,5
43352,1693226535891,1692254271649,1692254271653,1693226535899,8,4,4
43353,1693226535899,1692254271658,1692254271661,1693226535907,8,3,5
43354,1693226535907,1692254271666,1692254271669,1693226535914,7,3,4
43355,1693226535914,1692254271673,1692254271676,1693226535921,7,3,4
43356,1693226535921,1692254271680,1692254271683,1693226535929,8,3,5
43357,1693226535929,1692254271687,1692254271690,1693226535936,7,3,4
43358,1693226535936,1692254271695,1692254271698,1693226535944,8,3,5
43359,1693226535944,1692254271703,1692254271705,1693226535951,7,2,5
43360,1693226535951,1692254271710,1692254271713,1693226535959,8,3,5
43361,1693226535959,1692254271718,1692254271721,1693226535967,8,3,5
43362,1693226535967,1692254271726,1692254271729,1693226535974,7,3,4
43363,1693226535974,1692254271733,1692254271736,1693226535982,8,3,5
43364,1693226535982,1692254271741,1692254271744,1693226535990,8,3,5
43365,1693226535990,1692254271749,1692254271752,1693226535997,7,3,4
43366,1693226535998,1692254271757,1692254271760,1693226536005,7,3,4
43367,1693226536005,1692254271764,1692254271768,1693226536013,8,4,4
43368,1693226536013,1692254271772,1692254271775,1693226536021,8,3,5
43369,1693226536021,1692254271785,1692254271788,1693226536034,13,3,10
43370,1693226536034,1692254271795,1692254271799,1693226536044,10,4,6
43371,1693226536044,1692254271803,1692254271806,1693226536052,8,3,5
43372,1693226536052,1692254271810,1692254271814,1693226536061,9,4,5
43373,1693226536061,1692254271819,1692254271823,1693226536069,8,4,4
43374,1693226536069,1692254271827,1692254271831,1693226536076,7,4,3
43375,1693226536076,1692254271836,1692254271840,1693226536086,10,4,6
43376,1693226536086,1692254271846,1692254271849,1693226536095,9,3,6
43377,1693226536095,1692254271854,1692254271858,1693226536104,9,4,5
43378,1693226536104,1692254271864,1692254271868,1693226536114,10,4,6
43379,1693226536114,1692254271873,1692254271876,1693226536123,9,3,6
43380,1693226536123,1692254271884,1692254271888,1693226536134,11,4,7
43381,1693226536134,1692254271893,1692254271896,1693226536142,8,3,5
43382,1693226536142,1692254271900,1692254271903,1693226536149,7,3,4
43383,1693226536149,1692254271907,1692254271911,1693226536156,7,4,3
43384,1693226536156,1692254271915,1692254271919,1693226536164,8,4,4
43385,1693226536164,1692254271923,1692254271927,1693226536172,8,4,4
43386,1693226536172,1692254271931,1692254271934,1693226536179,7,3,4
43387,1693226536179,1692254271938,1692254271941,1693226536186,7,3,4
43388,1693226536186,1692254271944,1692254271949,1693226536195,9,5,4
43389,1693226536195,1692254271954,1692254271957,1693226536203,8,3,5
43390,1693226536203,1692254271962,1692254271965,1693226536211,8,3,5
43391,1693226536211,1692254271970,1692254271972,1693226536218,7,2,5
43392,1693226536218,1692254271977,1692254271980,1693226536226,8,3,5
43393,1693226536226,1692254271984,1692254271988,1693226536233,7,4,3
43394,1693226536233,1692254271992,1692254271995,1693226536240,7,3,4
43395,1693226536240,1692254271999,1692254272002,1693226536248,8,3,5
43396,1693226536248,1692254272007,1692254272010,1693226536255,7,3,4
43397,1693226536256,1692254272014,1692254272017,1693226536265,9,3,6
43398,1693226536265,1692254272024,1692254272028,1693226536273,8,4,4
43399,1693226536273,1692254272032,1692254272035,1693226536281,8,3,5
43400,1693226536281,1692254272039,1692254272043,1693226536289,8,4,4
43401,1693226536289,1692254272047,1692254272051,1693226536296,7,4,3
43402,1693226536296,1692254272055,1692254272058,1693226536304,8,3,5
43403,1693226536304,1692254272062,1692254272065,1693226536311,7,3,4
43404,1693226536311,1692254272069,1692254272072,1693226536318,7,3,4
43405,1693226536318,1692254272077,1692254272080,1693226536326,8,3,5
43406,1693226536326,1692254272085,1692254272088,1693226536333,7,3,4
43407,1693226536334,1692254272092,1692254272096,1693226536342,8,4,4
43408,1693226536342,1692254272100,1692254272103,1693226536349,7,3,4
43409,1693226536349,1692254272107,1692254272110,1693226536356,7,3,4
43410,1693226536356,1692254272115,1692254272121,1693226536368,12,6,6
43411,1693226536368,1692254272127,1692254272130,1693226536376,8,3,5
43412,1693226536376,1692254272135,1692254272138,1693226536383,7,3,4
43413,1693226536383,1692254272143,1692254272146,1693226536392,9,3,6
43414,1693226536392,1692254272151,1692254272155,1693226536400,8,4,4
43415,1693226536400,1692254272159,1692254272161,1693226536407,7,2,5
43416,1693226536407,1692254272166,1692254272169,1693226536415,8,3,5
43417,1693226536415,1692254272174,1692254272177,1693226536422,7,3,4
43418,1693226536422,1692254272181,1692254272184,1693226536429,7,3,4
43419,1693226536429,1692254272188,1692254272190,1693226536436,7,2,5
43420,1693226536436,1692254272194,1692254272197,1693226536443,7,3,4
43421,1693226536443,1692254272201,1692254272204,1693226536450,7,3,4
43422,1693226536450,1692254272209,1692254272213,1693226536458,8,4,4
43423,1693226536458,1692254272218,1692254272221,1693226536466,8,3,5
43424,1693226536466,1692254272227,1692254272232,1693226536478,12,5,7
43425,1693226536478,1692254272237,1692254272240,1693226536486,8,3,5
43426,1693226536486,1692254272245,1692254272248,1693226536494,8,3,5
43427,1693226536494,1692254272253,1692254272257,1693226536503,9,4,5
43428,1693226536503,1692254272262,1692254272265,1693226536510,7,3,4
43429,1693226536510,1692254272269,1692254272272,1693226536518,8,3,5
43430,1693226536518,1692254272277,1692254272280,1693226536526,8,3,5
43431,1693226536526,1692254272287,1692254272293,1693226536539,13,6,7
43432,1693226536539,1692254272297,1692254272301,1693226536547,8,4,4
43433,1693226536547,1692254272306,1692254272309,1693226536556,9,3,6
43434,1693226536556,1692254272316,1692254272319,1693226536565,9,3,6
43435,1693226536565,1692254272323,1692254272326,1693226536573,8,3,5
43436,1693226536573,1692254272331,1692254272335,1693226536580,7,4,3
43437,1693226536581,1692254272343,1692254272346,1693226536591,10,3,7
43438,1693226536591,1692254272357,1692254272360,1693226536606,15,3,12
43439,1693226536606,1692254272365,1692254272368,1693226536613,7,3,4
43440,1693226536613,1692254272372,1692254272375,1693226536620,7,3,4
43441,1693226536620,1692254272379,1692254272382,1693226536628,8,3,5
43442,1693226536628,1692254272386,1692254272389,1693226536634,6,3,3
43443,1693226536634,1692254272393,1692254272396,1693226536642,8,3,5
43444,1693226536642,1692254272402,1692254272407,1693226536653,11,5,6
43445,1693226536653,1692254272411,1692254272415,1693226536660,7,4,3
43446,1693226536660,1692254272419,1692254272423,1693226536668,8,4,4
43447,1693226536668,1692254272428,1692254272431,1693226536677,9,3,6
43448,1693226536677,1692254272435,1692254272438,1693226536684,7,3,4
43449,1693226536684,1692254272443,1692254272446,1693226536691,7,3,4
43450,1693226536691,1692254272451,1692254272454,1693226536699,8,3,5
43451,1693226536699,1692254272462,1692254272465,1693226536711,12,3,9
43452,1693226536711,1692254272469,1692254272473,1693226536718,7,4,3
43453,1693226536718,1692254272479,1692254272482,1693226536727,9,3,6
43454,1693226536727,1692254272486,1692254272489,1693226536734,7,3,4
43455,1693226536734,1692254272493,1692254272496,1693226536742,8,3,5
43456,1693226536742,1692254272501,1692254272505,1693226536754,12,4,8
43457,1693226536754,1692254272513,1692254272516,1693226536762,8,3,5
43458,1693226536762,1692254272521,1692254272525,1693226536770,8,4,4
43459,1693226536770,1692254272535,1692254272539,1693226536785,15,4,11
43460,1693226536785,1692254272544,1692254272547,1693226536796,11,3,8
43461,1693226536796,1692254272554,1692254272558,1693226536804,8,4,4
43462,1693226536804,1692254272565,1692254272569,1693226536814,10,4,6
43463,1693226536814,1692254272586,1692254272589,1693226536834,20,3,17
43464,1693226536834,1692254272593,1692254272597,1693226536845,11,4,7
43465,1693226536845,1692254272604,1692254272608,1693226536854,9,4,5
43466,1693226536854,1692254272613,1692254272616,1693226536868,14,3,11
43467,1693226536868,1692254272627,1692254272631,1693226536876,8,4,4
43468,1693226536876,1692254272637,1692254272641,1693226536891,15,4,11
43469,1693226536891,1692254272651,1692254272654,1693226536904,13,3,10
43470,1693226536904,1692254272663,1692254272666,1693226536912,8,3,5
43471,1693226536912,1692254272671,1692254272674,1693226536919,7,3,4
43472,1693226536919,1692254272678,1692254272681,1693226536927,8,3,5
43473,1693226536927,1692254272686,1692254272689,1693226536934,7,3,4
43474,1693226536934,1692254272693,1692254272697,1693226536943,9,4,5
43475,1693226536943,1692254272702,1692254272705,1693226536951,8,3,5
43476,1693226536951,1692254272710,1692254272713,1693226536959,8,3,5
43477,1693226536959,1692254272717,1692254272720,1693226536966,7,3,4
43478,1693226536966,1692254272725,1692254272728,1693226536973,7,3,4
43479,1693226536973,1692254272732,1692254272735,1693226536983,10,3,7
43480,1693226536983,1692254272744,1692254272748,1693226536994,11,4,7
43481,1693226536994,1692254272753,1692254272756,1693226537002,8,3,5
43482,1693226537002,1692254272761,1692254272764,1693226537009,7,3,4
43483,1693226537009,1692254272769,1692254272772,1693226537017,8,3,5
43484,1693226537017,1692254272777,1692254272780,1693226537028,11,3,8
43485,1693226537029,1692254272787,1692254272790,1693226537036,7,3,4
43486,1693226537036,1692254272795,1692254272798,1693226537049,13,3,10
43487,1693226537049,1692254272807,1692254272811,1693226537057,8,4,4
43488,1693226537057,1692254272816,1692254272819,1693226537067,10,3,7
43489,1693226537067,1692254272826,1692254272829,1693226537077,10,3,7
43490,1693226537077,1692254272836,1692254272839,1693226537085,8,3,5
43491,1693226537085,1692254272844,1692254272847,1693226537093,8,3,5
43492,1693226537093,1692254272852,1692254272855,1693226537100,7,3,4
43493,1693226537100,1692254272859,1692254272864,1693226537109,9,5,4
43494,1693226537109,1692254272868,1692254272872,1693226537117,8,4,4
43495,1693226537117,1692254272876,1692254272878,1693226537123,6,2,4
43496,1693226537124,1692254272882,1692254272887,1693226537132,8,5,3
43497,1693226537132,1692254272892,1692254272895,1693226537141,9,3,6
43498,1693226537141,1692254272900,1692254272903,1693226537149,8,3,5
43499,1693226537149,1692254272908,1692254272911,1693226537157,8,3,5
43500,1693226537157,1692254272916,1692254272919,1693226537164,7,3,4
43501,1693226537164,1692254272923,1692254272926,1693226537171,7,3,4
43502,1693226537171,1692254272930,1692254272934,1693226537179,8,4,4
43503,1693226537179,1692254272937,1692254272940,1693226537187,8,3,5
43504,1693226537187,1692254272946,1692254272950,1693226537195,8,4,4
43505,1693226537195,1692254272954,1692254272958,1693226537203,8,4,4
43506,1693226537203,1692254272963,1692254272966,1693226537212,9,3,6
43507,1693226537212,1692254272970,1692254272974,1693226537219,7,4,3
43508,1693226537219,1692254272978,1692254272981,1693226537226,7,3,4
43509,1693226537226,1692254272985,1692254272987,1693226537233,7,2,5
43510,1693226537233,1692254272991,1692254272994,1693226537240,7,3,4
43511,1693226537240,1692254272999,1692254273003,1693226537248,8,4,4
43512,1693226537248,1692254273007,1692254273010,1693226537255,7,3,4
43513,1693226537255,1692254273014,1692254273017,1693226537262,7,3,4
43514,1693226537262,1692254273021,1692254273024,1693226537270,8,3,5
43515,1693226537270,1692254273028,1692254273031,1693226537277,7,3,4
43516,1693226537277,1692254273035,1692254273038,1693226537284,7,3,4
43517,1693226537284,1692254273042,1692254273045,1693226537291,7,3,4
43518,1693226537291,1692254273051,1692254273054,1693226537299,8,3,5
43519,1693226537299,1692254273058,1692254273060,1693226537305,6,2,4
43520,1693226537306,1692254273065,1692254273069,1693226537314,8,4,4
43521,1693226537314,1692254273073,1692254273076,1693226537322,8,3,5
43522,1693226537322,1692254273081,1692254273086,1693226537331,9,5,4
43523,1693226537331,1692254273090,1692254273092,1693226537338,7,2,5
43524,1693226537338,1692254273097,1692254273100,1693226537345,7,3,4
43525,1693226537345,1692254273104,1692254273107,1693226537353,8,3,5
43526,1693226537353,1692254273114,1692254273118,1693226537363,10,4,6
43527,1693226537363,1692254273122,1692254273126,1693226537371,8,4,4
43528,1693226537372,1692254273131,1692254273134,1693226537380,8,3,5
43529,1693226537380,1692254273139,1692254273142,1693226537388,8,3,5
43530,1693226537388,1692254273149,1692254273152,1693226537398,10,3,7
43531,1693226537398,1692254273157,1692254273160,1693226537406,8,3,5
43532,1693226537406,1692254273164,1692254273169,1693226537415,9,5,4
43533,1693226537415,1692254273175,1692254273178,1693226537424,9,3,6
43534,1693226537424,1692254273183,1692254273186,1693226537432,8,3,5
43535,1693226537432,1692254273191,1692254273194,1693226537440,8,3,5
43536,1693226537440,1692254273199,1692254273202,1693226537448,8,3,5
43537,1693226537448,1692254273206,1692254273209,1693226537455,7,3,4
43538,1693226537455,1692254273214,1692254273217,1693226537463,8,3,5
43539,1693226537463,1692254273222,1692254273224,1693226537470,7,2,5
43540,1693226537470,1692254273229,1692254273231,1693226537477,7,2,5
43541,1693226537477,1692254273236,1692254273239,1693226537485,8,3,5
43542,1693226537485,1692254273244,1692254273247,1693226537495,10,3,7
43543,1693226537495,1692254273254,1692254273258,1693226537504,9,4,5
43544,1693226537504,1692254273265,1692254273269,1693226537515,11,4,7
43545,1693226537515,1692254273274,1692254273278,1693226537524,9,4,5
43546,1693226537524,1692254273283,1692254273286,1693226537531,7,3,4
43547,1693226537531,1692254273290,1692254273293,1693226537539,8,3,5
43548,1693226537539,1692254273298,1692254273301,1693226537546,7,3,4
43549,1693226537546,1692254273306,1692254273308,1693226537567,21,2,19
43550,1693226537567,1692254273325,1692254273328,1693226537574,7,3,4
43551,1693226537574,1692254273333,1692254273337,1693226537583,9,4,5
43552,1693226537583,1692254273342,1692254273344,1693226537590,7,2,5
43553,1693226537590,1692254273349,1692254273353,1693226537598,8,4,4
43554,1693226537598,1692254273357,1692254273360,1693226537606,8,3,5
43555,1693226537606,1692254273365,1692254273369,1693226537616,10,4,6
43556,1693226537616,1692254273374,1692254273377,1693226537623,7,3,4
43557,1693226537623,1692254273382,1692254273385,1693226537633,10,3,7
43558,1693226537633,1692254273392,1692254273396,1693226537642,9,4,5
43559,1693226537642,1692254273401,1692254273403,1693226537649,7,2,5
43560,1693226537649,1692254273407,1692254273411,1693226537656,7,4,3
43561,1693226537656,1692254273414,1692254273417,1693226537662,6,3,3
43562,1693226537662,1692254273421,1692254273423,1693226537669,7,2,5
43563,1693226537669,1692254273428,1692254273431,1693226537677,8,3,5
43564,1693226537677,1692254273435,1692254273438,1693226537684,7,3,4
43565,1693226537684,1692254273443,1692254273446,1693226537691,7,3,4
43566,1693226537691,1692254273450,1692254273453,1693226537699,8,3,5
43567,1693226537699,1692254273458,1692254273462,1693226537707,8,4,4
43568,1693226537707,1692254273466,1692254273469,1693226537714,7,3,4
43569,1693226537714,1692254273472,1692254273476,1693226537722,8,4,4
43570,1693226537722,1692254273481,1692254273484,1693226537730,8,3,5
43571,1693226537730,1692254273489,1692254273491,1693226537737,7,2,5
43572,1693226537737,1692254273496,1692254273499,1693226537745,8,3,5
43573,1693226537745,1692254273503,1692254273507,1693226537752,7,4,3
43574,1693226537752,1692254273510,1692254273513,1693226537758,6,3,3
43575,1693226537758,1692254273517,1692254273520,1693226537765,7,3,4
43576,1693226537765,1692254273524,1692254273527,1693226537772,7,3,4
43577,1693226537773,1692254273531,1692254273535,1693226537780,7,4,3
43578,1693226537780,1692254273538,1692254273541,1693226537786,6,3,3
43579,1693226537786,1692254273545,1692254273548,1693226537793,7,3,4
43580,1693226537794,1692254273552,1692254273555,1693226537805,11,3,8
43581,1693226537805,1692254273564,1692254273568,1693226537813,8,4,4
43582,1693226537813,1692254273573,1692254273577,1693226537822,9,4,5
43583,1693226537822,1692254273582,1692254273585,1693226537830,8,3,5
43584,1693226537830,1692254273589,1692254273592,1693226537838,8,3,5
43585,1693226537838,1692254273597,1692254273600,1693226537845,7,3,4
43586,1693226537846,1692254273604,1692254273608,1693226537853,7,4,3
43587,1693226537853,1692254273612,1692254273615,1693226537861,8,3,5
43588,1693226537861,1692254273622,1692254273626,1693226537873,12,4,8
43589,1693226537873,1692254273632,1692254273635,1693226537881,8,3,5
43590,1693226537881,1692254273640,1692254273643,1693226537888,7,3,4
43591,1693226537888,1692254273647,1692254273651,1693226537897,9,4,5
43592,1693226537897,1692254273655,1692254273658,1693226537905,8,3,5
43593,1693226537905,1692254273663,1692254273666,1693226537912,7,3,4
43594,1693226537912,1692254273671,1692254273674,1693226537919,7,3,4
43595,1693226537919,1692254273680,1692254273683,1693226537929,10,3,7
43596,1693226537929,1692254273688,1692254273690,1693226537935,6,2,4
43597,1693226537935,1692254273694,1692254273696,1693226537942,7,2,5
43598,1693226537942,1692254273701,1692254273704,1693226537950,8,3,5
43599,1693226537950,1692254273708,1692254273712,1693226537958,8,4,4
43600,1693226537958,1692254273716,1692254273719,1693226537964,6,3,3
43601,1693226537964,1692254273722,1692254273726,1693226537972,8,4,4
43602,1693226537972,1692254273730,1692254273733,1693226537979,7,3,4
43603,1693226537979,1692254273741,1692254273744,1693226537989,10,3,7
43604,1693226537990,1692254273749,1692254273753,1693226537999,9,4,5
43605,1693226537999,1692254273758,1692254273761,1693226538006,7,3,4
43606,1693226538006,1692254273765,1692254273770,1693226538015,9,5,4
43607,1693226538015,1692254273775,1692254273778,1693226538023,8,3,5
43608,1693226538023,1692254273785,1692254273788,1693226538034,11,3,8
43609,1693226538034,1692254273793,1692254273796,1693226538042,8,3,5
43610,1693226538042,1692254273801,1692254273804,1693226538050,8,3,5
43611,1693226538050,1692254273809,1692254273813,1693226538058,8,4,4
43612,1693226538058,1692254273817,1692254273820,1693226538065,7,3,4
43613,1693226538065,1692254273824,1692254273828,1693226538074,9,4,5
43614,1693226538074,1692254273833,1692254273836,1693226538082,8,3,5
43615,1693226538082,1692254273841,1692254273845,1693226538091,9,4,5
43616,1693226538091,1692254273849,1692254273852,1693226538098,7,3,4
43617,1693226538098,1692254273856,1692254273859,1693226538105,7,3,4
43618,1693226538105,1692254273866,1692254273869,1693226538115,10,3,7
43619,1693226538115,1692254273874,1692254273877,1693226538123,8,3,5
43620,1693226538123,1692254273885,1692254273888,1693226538134,11,3,8
43621,1693226538134,1692254273895,1692254273899,1693226538144,10,4,6
43622,1693226538144,1692254273903,1692254273906,1693226538152,8,3,5
43623,1693226538152,1692254273911,1692254273915,1693226538160,8,4,4
43624,1693226538160,1692254273919,1692254273923,1693226538168,8,4,4
43625,1693226538168,1692254273927,1692254273930,1693226538176,8,3,5
43626,1693226538176,1692254273936,1692254273939,1693226538185,9,3,6
43627,1693226538185,1692254273943,1692254273946,1693226538191,6,3,3
43628,1693226538191,1692254273950,1692254273953,1693226538198,7,3,4
43629,1693226538198,1692254273958,1692254273962,1693226538208,10,4,6
43630,1693226538208,1692254273968,1692254273971,1693226538216,8,3,5
43631,1693226538217,1692254273975,1692254273979,1693226538224,7,4,3
43632,1693226538224,1692254273982,1692254273985,1693226538233,9,3,6
43633,1693226538233,1692254273992,1692254273995,1693226538241,8,3,5
43634,1693226538241,1692254274000,1692254274003,1693226538249,8,3,5
43635,1693226538249,1692254274008,1692254274011,1693226538256,7,3,4
43636,1693226538256,1692254274015,1692254274018,1693226538263,7,3,4
43637,1693226538263,1692254274022,1692254274025,1693226538270,7,3,4
43638,1693226538270,1692254274035,1692254274039,1693226538285,15,4,11
43639,1693226538285,1692254274051,1692254274055,1693226538300,15,4,11
43640,1693226538300,1692254274059,1692254274062,1693226538307,7,3,4
43641,1693226538307,1692254274065,1692254274068,1693226538314,7,3,4
43642,1693226538314,1692254274073,1692254274076,1693226538321,7,3,4
43643,1693226538321,1692254274080,1692254274085,1693226538332,11,5,6
43644,1693226538332,1692254274091,1692254274094,1693226538340,8,3,5
43645,1693226538340,1692254274099,1692254274102,1693226538348,8,3,5
43646,1693226538348,1692254274106,1692254274110,1693226538355,7,4,3
43647,1693226538355,1692254274114,1692254274117,1693226538362,7,3,4
43648,1693226538362,1692254274121,1692254274124,1693226538369,7,3,4
43649,1693226538369,1692254274127,1692254274131,1693226538377,8,4,4
43650,1693226538377,1692254274136,1692254274139,1693226538384,7,3,4
43651,1693226538384,1692254274143,1692254274146,1693226538392,8,3,5
43652,1693226538392,1692254274151,1692254274154,1693226538399,7,3,4
43653,1693226538399,1692254274158,1692254274161,1693226538406,7,3,4
43654,1693226538406,1692254274165,1692254274168,1693226538413,7,3,4
43655,1693226538413,1692254274173,1692254274177,1693226538422,9,4,5
43656,1693226538422,1692254274181,1692254274184,1693226538429,7,3,4
43657,1693226538429,1692254274188,1692254274191,1693226538436,7,3,4
43658,1693226538436,1692254274195,1692254274199,1693226538445,9,4,5
43659,1693226538445,1692254274204,1692254274206,1693226538452,7,2,5
43660,1693226538452,1692254274211,1692254274215,1693226538460,8,4,4
43661,1693226538460,1692254274219,1692254274222,1693226538468,8,3,5
43662,1693226538468,1692254274226,1692254274230,1693226538476,8,4,4
43663,1693226538476,1692254274235,1692254274238,1693226538483,7,3,4
43664,1693226538484,1692254274242,1692254274246,1693226538492,8,4,4
43665,1693226538492,1692254274252,1692254274256,1693226538502,10,4,6
43666,1693226538502,1692254274263,1692254274266,1693226538513,11,3,8
43667,1693226538513,1692254274271,1692254274274,1693226538520,7,3,4
43668,1693226538520,1692254274279,1692254274283,1693226538529,9,4,5
43669,1693226538529,1692254274288,1692254274291,1693226538536,7,3,4
43670,1693226538536,1692254274295,1692254274298,1693226538544,8,3,5
43671,1693226538544,1692254274302,1692254274305,1693226538551,7,3,4
43672,1693226538551,1692254274310,1692254274313,1693226538559,8,3,5
43673,1693226538559,1692254274318,1692254274321,1693226538567,8,3,5
43674,1693226538567,1692254274326,1692254274329,1693226538575,8,3,5
43675,1693226538575,1692254274334,1692254274336,1693226538582,7,2,5
43676,1693226538582,1692254274342,1692254274345,1693226538590,8,3,5
43677,1693226538590,1692254274353,1692254274356,1693226538602,12,3,9
43678,1693226538602,1692254274360,1692254274364,1693226538609,7,4,3
43679,1693226538609,1692254274368,1692254274371,1693226538617,8,3,5
43680,1693226538617,1692254274377,1692254274383,1693226538628,11,6,5
43681,1693226538628,1692254274386,1692254274389,1693226538635,7,3,4
43682,1693226538635,1692254274396,1692254274400,1693226538646,11,4,7
43683,1693226538646,1692254274405,1692254274407,1693226538653,7,2,5
43684,1693226538653,1692254274411,1692254274414,1693226538660,7,3,4
43685,1693226538660,1692254274419,1692254274422,1693226538668,8,3,5
43686,1693226538668,1692254274427,1692254274430,1693226538675,7,3,4
43687,1693226538675,1692254274434,1692254274437,1693226538683,8,3,5
43688,1693226538683,1692254274443,1692254274446,1693226538691,8,3,5
43689,1693226538691,1692254274450,1692254274453,1693226538699,8,3,5
43690,1693226538699,1692254274458,1692254274461,1693226538706,7,3,4
43691,1693226538706,1692254274465,1692254274469,1693226538714,8,4,4
43692,1693226538714,1692254274473,1692254274476,1693226538723,9,3,6
43693,1693226538723,1692254274482,1692254274485,1693226538731,8,3,5
43694,1693226538731,1692254274489,1692254274493,1693226538738,7,4,3
43695,1693226538738,1692254274497,1692254274501,1693226538746,8,4,4
43696,1693226538746,1692254274505,1692254274508,1693226538754,8,3,5
43697,1693226538754,1692254274513,1692254274516,1693226538762,8,3,5
43698,1693226538763,1692254274521,1692254274525,1693226538771,8,4,4
43699,1693226538771,1692254274529,1692254274533,1693226538778,7,4,3
43700,1693226538778,1692254274537,1692254274540,1693226538786,8,3,5
43701,1693226538786,1692254274545,1692254274548,1693226538794,8,3,5
43702,1693226538794,1692254274553,1692254274555,1693226538801,7,2,5
43703,1693226538801,1692254274560,1692254274563,1693226538809,8,3,5
43704,1693226538809,1692254274568,1692254274571,1693226538816,7,3,4
43705,1693226538816,1692254274575,1692254274579,1693226538826,10,4,6
43706,1693226538826,1692254274585,1692254274590,1693226538836,10,5,5
43707,1693226538836,1692254274594,1692254274597,1693226538843,7,3,4
43708,1693226538843,1692254274602,1692254274605,1693226538851,8,3,5
43709,1693226538851,1692254274610,1692254274613,1693226538859,8,3,5
43710,1693226538859,1692254274618,1692254274620,1693226538866,7,2,5
43711,1693226538866,1692254274625,1692254274628,1693226538873,7,3,4
43712,1693226538874,1692254274636,1692254274639,1693226538885,11,3,8
43713,1693226538885,1692254274644,1692254274647,1693226538893,8,3,5
43714,1693226538893,1692254274652,1692254274656,1693226538902,9,4,5
43715,1693226538902,1692254274660,1692254274664,1693226538909,7,4,3
43716,1693226538909,1692254274667,1692254274671,1693226538917,8,4,4
43717,1693226538917,1692254274675,1692254274678,1693226538923,6,3,3
43718,1693226538923,1692254274682,1692254274685,1693226538931,8,3,5
43719,1693226538931,1692254274689,1692254274692,1693226538938,7,3,4
43720,1693226538938,1692254274697,1692254274700,1693226538947,9,3,6
43721,1693226538947,1692254274706,1692254274709,1693226538954,7,3,4
43722,1693226538954,1692254274712,1692254274716,1693226538962,8,4,4
43723,1693226538962,1692254274721,1692254274724,1693226538969,7,3,4
43724,1693226538969,1692254274728,1692254274732,1693226538978,9,4,5
43725,1693226538978,1692254274736,1692254274740,1693226538986,8,4,4
43726,1693226538986,1692254274745,1692254274748,1693226538993,7,3,4
43727,1693226538993,1692254274752,1692254274755,1693226539001,8,3,5
43728,1693226539001,1692254274761,1692254274764,1693226539009,8,3,5
43729,1693226539009,1692254274768,1692254274770,1693226539016,7,2,5
43730,1693226539016,1692254274782,1692254274786,1693226539031,15,4,11
43731,1693226539031,1692254274790,1692254274793,1693226539261,230,3,227
43732,1693226539261,1692254275020,1692254275024,1693226539270,9,4,5
43733,1693226539270,1692254275034,1692254275038,1693226539283,13,4,9
43734,1693226539283,1692254275042,1692254275046,1693226539292,9,4,5
43735,1693226539292,1692254275050,1692254275053,1693226539298,6,3,3
43736,1693226539298,1692254275057,1692254275061,1693226539306,8,4,4
43737,1693226539306,1692254275066,1692254275069,1693226539314,8,3,5
43738,1693226539314,1692254275073,1692254275076,1693226539321,7,3,4
43739,1693226539321,1692254275080,1692254275083,1693226539328,7,3,4
43740,1693226539328,1692254275087,1692254275090,1693226539365,37,3,34
43741,1693226539365,1692254275126,1692254275129,1693226539375,10,3,7
43742,1693226539375,1692254275133,1692254275136,1693226539382,7,3,4
43743,1693226539382,1692254275140,1692254275145,1693226539390,8,5,3
43744,1693226539390,1692254275150,1692254275152,1693226539398,8,2,6
43745,1693226539398,1692254275158,1692254275162,1693226539408,10,4,6
43746,1693226539408,1692254275167,1692254275170,1693226539415,7,3,4
43747,1693226539415,1692254275174,1692254275177,1693226539422,7,3,4
43748,1693226539422,1692254275181,1692254275183,1693226539429,7,2,5
43749,1693226539429,1692254275188,1692254275191,1693226539437,8,3,5
43750,1693226539437,1692254275197,1692254275200,1693226539445,8,3,5
43751,1693226539445,1692254275204,1692254275207,1693226539453,8,3,5
43752,1693226539453,1692254275212,1692254275216,1693226539462,9,4,5
43753,1693226539462,1692254275221,1692254275224,1693226539469,7,3,4
43754,1693226539469,1692254275228,1692254275231,1693226539476,7,3,4
43755,1693226539476,1692254275235,1692254275238,1693226539484,8,3,5
43756,1693226539484,1692254275243,1692254275246,1693226539491,7,3,4
43757,1693226539491,1692254275249,1692254275252,1693226539497,6,3,3
43758,1693226539497,1692254275256,1692254275260,1693226539505,8,4,4
43759,1693226539505,1692254275264,1692254275267,1693226539513,8,3,5
43760,1693226539513,1692254275272,1692254275275,1693226539521,8,3,5
43761,1693226539521,1692254275280,1692254275284,1693226539530,9,4,5
43762,1693226539530,1692254275289,1692254275292,1693226539538,8,3,5
43763,1693226539538,1692254275299,1692254275303,1693226539549,11,4,7
43764,1693226539549,1692254275308,1692254275311,1693226539557,8,3,5
43765,1693226539557,1692254275316,1692254275320,1693226539566,9,4,5
43766,1693226539566,1692254275325,1692254275328,1693226539574,8,3,5
43767,1693226539574,1692254275332,1692254275335,1693226539581,7,3,4
43768,1693226539581,1692254275340,1692254275343,1693226539589,8,3,5
43769,1693226539589,1692254275348,1692254275351,1693226539597,8,3,5
43770,1693226539597,1692254275356,1692254275359,1693226539605,8,3,5
43771,1693226539605,1692254275365,1692254275369,1693226539614,9,4,5
43772,1693226539614,1692254275374,1692254275377,1693226539622,8,3,5
43773,1693226539622,1692254275381,1692254275384,1693226539630,8,3,5
43774,1693226539630,1692254275390,1692254275393,1693226539638,8,3,5
43775,1693226539638,1692254275398,1692254275401,1693226539646,8,3,5
43776,1693226539647,1692254275406,1692254275409,1693226539654,7,3,4
43777,1693226539654,1692254275413,1692254275416,1693226539663,9,3,6
43778,1693226539663,1692254275423,1692254275426,1693226539671,8,3,5
43779,1693226539671,1692254275431,1692254275434,1693226539680,9,3,6
43780,1693226539680,1692254275439,1692254275442,1693226539687,7,3,4
43781,1693226539687,1692254275446,1692254275450,1693226539696,9,4,5
43782,1693226539696,1692254275455,1692254275458,1693226539704,8,3,5
43783,1693226539704,1692254275465,1692254275468,1693226539714,10,3,7
43784,1693226539714,1692254275473,1692254275477,1693226539722,8,4,4
43785,1693226539722,1692254275481,1692254275484,1693226539730,8,3,5
43786,1693226539730,1692254275488,1692254275492,1693226539737,7,4,3
43787,1693226539737,1692254275496,1692254275499,1693226539744,7,3,4
43788,1693226539744,1692254275504,1692254275508,1693226539753,9,4,5
43789,1693226539753,1692254275512,1692254275517,1693226539762,9,5,4
43790,1693226539762,1692254275522,1692254275525,1693226539771,9,3,6
43791,1693226539771,1692254275532,1692254275536,1693226539782,11,4,7
43792,1693226539782,1692254275540,1692254275544,1693226539789,7,4,3
43793,1693226539789,1692254275548,1692254275551,1693226539796,7,3,4
43794,1693226539796,1692254275555,1692254275557,1693226539803,7,2,5
43795,1693226539803,1692254275562,1692254275565,1693226539810,7,3,4
43796,1693226539810,1692254275569,1692254275572,1693226539818,8,3,5
43797,1693226539818,1692254275576,1692254275579,1693226539825,7,3,4
43798,1693226539825,1692254275583,1692254275586,1693226539832,7,3,4
43799,1693226539832,1692254275590,1692254275594,1693226539840,8,4,4
43800,1693226539840,1692254275599,1692254275602,1693226539850,10,3,7
43801,1693226539850,1692254275608,1692254275612,1693226539857,7,4,3
43802,1693226539857,1692254275616,1692254275619,1693226539864,7,3,4
43803,1693226539864,1692254275624,1692254275627,1693226539873,9,3,6
43804,1693226539873,1692254275631,1692254275634,1693226539879,6,3,3
43805,1693226539879,1692254275642,1692254275645,1693226539891,12,3,9
43806,1693226539891,1692254275650,1692254275653,1693226539899,8,3,5
43807,1693226539899,1692254275658,1692254275661,1693226539907,8,3,5
43808,1693226539907,1692254275666,1692254275668,1693226539914,7,2,5
43809,1693226539914,1692254275674,1692254275677,1693226539923,9,3,6
43810,1693226539923,1692254275683,1692254275686,1693226539931,8,3,5
43811,1693226539931,1692254275692,1692254275695,1693226539941,10,3,7
43812,1693226539941,1692254275700,1692254275704,1693226539953,12,4,8
43813,1693226539953,1692254275712,1692254275715,1693226539961,8,3,5
43814,1693226539961,1692254275722,1692254275726,1693226539971,10,4,6
43815,1693226539971,1692254275730,1692254275733,1693226539979,8,3,5
43816,1693226539979,1692254275737,1692254275740,1693226539986,7,3,4
43817,1693226539986,1692254275745,1692254275749,1693226539994,8,4,4
43818,1693226539994,1692254275753,1692254275756,1693226540002,8,3,5
43819,1693226540002,1692254275761,1692254275765,1693226540010,8,4,4
43820,1693226540010,1692254275772,1692254275775,1693226540021,11,3,8
43821,1693226540021,1692254275779,1692254275782,1693226540028,7,3,4
43822,1693226540028,1692254275787,1692254275790,1693226540035,7,3,4
43823,1693226540035,1692254275794,1692254275797,1693226540043,8,3,5
43824,1693226540043,1692254275802,1692254275805,1693226540050,7,3,4
43825,1693226540050,1692254275811,1692254275816,1693226540061,11,5,6
43826,1693226540062,1692254275820,1692254275824,1693226540069,7,4,3
43827,1693226540069,1692254275828,1692254275831,1693226540077,8,3,5
43828,1693226540077,1692254275836,1692254275839,1693226540085,8,3,5
43829,1693226540085,1692254275844,1692254275847,1693226540092,7,3,4
43830,1693226540092,1692254275851,1692254275854,1693226540099,7,3,4
43831,1693226540099,1692254275858,1692254275861,1693226540106,7,3,4
43832,1693226540106,1692254275864,1692254275867,1693226540113,7,3,4
43833,1693226540113,1692254275871,1692254275874,1693226540120,7,3,4
43834,1693226540120,1692254275879,1692254275883,1693226540128,8,4,4
43835,1693226540128,1692254275887,1692254275891,1693226540136,8,4,4
43836,1693226540136,1692254275894,1692254275898,1693226540143,7,4,3
43837,1693226540143,1692254275902,1692254275906,1693226540151,8,4,4
43838,1693226540151,1692254275910,1692254275913,1693226540159,8,3,5
43839,1693226540159,1692254275918,1692254275921,1693226540167,8,3,5
43840,1693226540167,1692254275926,1692254275929,1693226540174,7,3,4
43841,1693226540174,1692254275933,1692254275936,1693226540182,8,3,5
43842,1693226540182,1692254275941,1692254275945,1693226540190,8,4,4
43843,1693226540190,1692254275950,1692254275953,1693226540198,8,3,5
43844,1693226540199,1692254275957,1692254275960,1693226540206,7,3,4
43845,1693226540206,1692254275965,1692254275969,1693226540215,9,4,5
43846,1693226540215,1692254275974,1692254275976,1693226540222,7,2,5
43847,1693226540222,1692254275981,1692254275984,1693226540229,7,3,4
43848,1693226540229,1692254275988,1692254275992,1693226540237,8,4,4
43849,1693226540237,1692254275997,1692254276000,1693226540246,9,3,6
43850,1693226540246,1692254276005,1692254276008,1693226540253,7,3,4
43851,1693226540253,1692254276016,1692254276019,1693226540264,11,3,8
43852,1693226540264,1692254276024,1692254276028,1693226540273,9,4,5
43853,1693226540273,1692254276032,1692254276035,1693226540281,8,3,5
43854,1693226540281,1692254276040,1692254276043,1693226540288,7,3,4
43855,1693226540288,1692254276047,1692254276051,1693226540296,8,4,4
43856,1693226540296,1692254276054,1692254276057,1693226540302,6,3,3
43857,1693226540302,1692254276061,1692254276065,1693226540310,8,4,4
43858,1693226540310,1692254276068,1692254276071,1693226540316,6,3,3
43859,1693226540316,1692254276075,1692254276078,1693226540323,7,3,4
43860,1693226540323,1692254276083,1692254276086,1693226540331,8,3,5
43861,1693226540331,1692254276090,1692254276093,1693226540338,7,3,4
43862,1693226540338,1692254276097,1692254276102,1693226540347,9,5,4
43863,1693226540347,1692254276105,1692254276108,1693226540354,7,3,4
43864,1693226540354,1692254276112,1692254276115,1693226540362,8,3,5
43865,1693226540362,1692254276121,1692254276124,1693226540370,8,3,5
43866,1693226540370,1692254276129,1692254276131,1693226540377,7,2,5
43867,1693226540377,1692254276137,1692254276141,1693226540386,9,4,5
43868,1693226540386,1692254276145,1692254276148,1693226540394,8,3,5
43869,1693226540394,1692254276160,1692254276163,1693226540408,14,3,11
43870,1693226540408,1692254276167,1692254276170,1693226540416,8,3,5
43871,1693226540416,1692254276175,1692254276178,1693226540423,7,3,4
43872,1693226540424,1692254276182,1692254276185,1693226540431,7,3,4
43873,1693226540431,1692254276191,1692254276194,1693226540439,8,3,5
43874,1693226540439,1692254276198,1692254276201,1693226540447,8,3,5
43875,1693226540447,1692254276205,1692254276208,1693226540454,7,3,4
43876,1693226540454,1692254276212,1692254276215,1693226540461,7,3,4
43877,1693226540461,1692254276221,1692254276224,1693226540470,9,3,6
43878,1693226540470,1692254276228,1692254276231,1693226540477,7,3,4
43879,1693226540477,1692254276236,1692254276239,1693226540485,8,3,5
43880,1693226540485,1692254276244,1692254276247,1693226540493,8,3,5
43881,1693226540493,1692254276252,1692254276255,1693226540500,7,3,4
43882,1693226540500,1692254276259,1692254276262,1693226540507,7,3,4
43883,1693226540507,1692254276266,1692254276268,1693226540514,7,2,5
43884,1693226540514,1692254276272,1692254276276,1693226540521,7,4,3
43885,1693226540521,1692254276280,1692254276283,1693226540529,8,3,5
43886,1693226540529,1692254276288,1692254276292,1693226540537,8,4,4
43887,1693226540537,1692254276298,1692254276302,1693226540547,10,4,6
43888,1693226540547,1692254276312,1692254276315,1693226540560,13,3,10
43889,1693226540560,1692254276319,1692254276322,1693226540568,8,3,5
43890,1693226540568,1692254276332,1692254276335,1693226540581,13,3,10
43891,1693226540581,1692254276340,1692254276343,1693226540588,7,3,4
43892,1693226540588,1692254276348,1692254276351,1693226540596,8,3,5
43893,1693226540596,1692254276355,1692254276358,1693226540603,7,3,4
43894,1693226540604,1692254276363,1692254276367,1693226540612,8,4,4
43895,1693226540612,1692254276371,1692254276374,1693226540620,8,3,5
43896,1693226540620,1692254276379,1692254276381,1693226540627,7,2,5
43897,1693226540627,1692254276386,1692254276390,1693226540635,8,4,4
43898,1693226540635,1692254276393,1692254276400,1693226540645,10,7,3
43899,1693226540645,1692254276404,1692254276407,1693226540653,8,3,5
43900,1693226540653,1692254276412,1692254276415,1693226540661,8,3,5
43901,1693226540661,1692254276420,1692254276423,1693226540669,8,3,5
43902,1693226540669,1692254276428,1692254276432,1693226540677,8,4,4
43903,1693226540677,1692254276437,1692254276439,1693226540687,10,2,8
43904,1693226540687,1692254276446,1692254276449,1693226540695,8,3,5
43905,1693226540695,1692254276454,1692254276456,1693226540702,7,2,5
43906,1693226540702,1692254276461,1692254276464,1693226540709,7,3,4
43907,1693226540709,1692254276469,1692254276473,1693226540718,9,4,5
43908,1693226540718,1692254276478,1692254276481,1693226540726,8,3,5
43909,1693226540726,1692254276485,1692254276488,1693226540734,8,3,5
43910,1693226540734,1692254276493,1692254276495,1693226540741,7,2,5
43911,1693226540741,1692254276500,1692254276504,1693226540749,8,4,4
43912,1693226540749,1692254276508,1692254276511,1693226540757,8,3,5
43913,1693226540757,1692254276515,1692254276518,1693226540764,7,3,4
43914,1693226540764,1692254276523,1692254276527,1693226540772,8,4,4
43915,1693226540772,1692254276531,1692254276534,1693226540780,8,3,5
43916,1693226540780,1692254276539,1692254276542,1693226540787,7,3,4
43917,1693226540787,1692254276546,1692254276549,1693226540795,8,3,5
43918,1693226540795,1692254276553,1692254276556,1693226540802,7,3,4
43919,1693226540802,1692254276560,1692254276563,1693226540808,6,3,3
43920,1693226540808,1692254276567,1692254276571,1693226540816,8,4,4
43921,1693226540816,1692254276575,1692254276579,1693226540824,8,4,4
43922,1693226540824,1692254276583,1692254276586,1693226540832,8,3,5
43923,1693226540832,1692254276590,1692254276594,1693226540839,7,4,3
43924,1693226540839,1692254276598,1692254276601,1693226540847,8,3,5
43925,1693226540847,1692254276606,1692254276609,1693226540855,8,3,5
43926,1693226540855,1692254276614,1692254276617,1693226540863,8,3,5
43927,1693226540863,1692254276622,1692254276626,1693226540873,10,4,6
43928,1693226540873,1692254276632,1692254276635,1693226540881,8,3,5
43929,1693226540881,1692254276641,1692254276644,1693226540892,11,3,8
43930,1693226540892,1692254276651,1692254276654,1693226540900,8,3,5
43931,1693226540900,1692254276659,1692254276661,1693226540907,7,2,5
43932,1693226540907,1692254276666,1692254276669,1693226540914,7,3,4
43933,1693226540914,1692254276672,1692254276675,1693226540921,7,3,4
43934,1693226540921,1692254276679,1692254276682,1693226540928,7,3,4
43935,1693226540928,1692254276688,1692254276693,1693226540938,10,5,5
43936,1693226540938,1692254276698,1692254276701,1693226540947,9,3,6
43937,1693226540947,1692254276706,1692254276709,1693226540955,8,3,5
43938,1693226540955,1692254276713,1692254276717,1693226540963,8,4,4
43939,1693226540963,1692254276722,1692254276725,1693226540971,8,3,5
43940,1693226540971,1692254276729,1692254276734,1693226540979,8,5,3
43941,1693226540979,1692254276740,1692254276743,1693226540988,9,3,6
43942,1693226540988,1692254276748,1692254276752,1693226540997,9,4,5
43943,1693226540997,1692254276756,1692254276759,1693226541004,7,3,4
43944,1693226541004,1692254276763,1692254276765,1693226541011,7,2,5
43945,1693226541011,1692254276770,1692254276773,1693226541019,8,3,5
43946,1693226541019,1692254276785,1692254276788,1693226541034,15,3,12
43947,1693226541034,1692254276792,1692254276796,1693226541041,7,4,3
43948,1693226541041,1692254276800,1692254276803,1693226541048,7,3,4
43949,1693226541049,1692254276807,1692254276811,1693226541056,7,4,3
43950,1693226541056,1692254276816,1692254276819,1693226541065,9,3,6
43951,1693226541065,1692254276823,1692254276829,1693226541075,10,6,4
43952,1693226541075,1692254276835,1692254276839,1693226541085,10,4,6
43953,1693226541085,1692254276843,1692254276846,1693226541092,7,3,4
43954,1693226541092,1692254276851,1692254276854,1693226541100,8,3,5
43955,1693226541100,1692254276859,1692254276863,1693226541109,9,4,5
43956,1693226541109,1692254276869,1692254276872,1693226541118,9,3,6
43957,1693226541118,1692254276877,1692254276880,1693226541126,8,3,5
43958,1693226541126,1692254276885,1692254276888,1693226541134,8,3,5
43959,1693226541134,1692254276893,1692254276896,1693226541142,8,3,5
43960,1693226541142,1692254276902,1692254276904,1693226541150,8,2,6
43961,1693226541150,1692254276909,1692254276912,1693226541157,7,3,4
43962,1693226541158,1692254276916,1692254276920,1693226541165,7,4,3
43963,1693226541165,1692254276923,1692254276926,1693226541171,6,3,3
43964,1693226541171,1692254276930,1692254276934,1693226541181,10,4,6
43965,1693226541181,1692254276940,1692254276943,1693226541188,7,3,4
43966,1693226541188,1692254276947,1692254276950,1693226541196,8,3,5
43967,1693226541196,1692254276956,1692254276960,1693226541205,9,4,5
43968,1693226541206,1692254276964,1692254276967,1693226541212,6,3,3
43969,1693226541212,1692254276972,1692254276975,1693226541220,8,3,5
43970,1693226541220,1692254276979,1692254276983,1693226541229,9,4,5
43971,1693226541229,1692254276988,1692254276992,1693226541237,8,4,4
43972,1693226541237,1692254276996,1692254277000,1693226541245,8,4,4
43973,1693226541245,1692254277006,1692254277008,1693226541254,9,2,7
43974,1693226541254,1692254277012,1692254277015,1693226541261,7,3,4
43975,1693226541261,1692254277020,1692254277024,1693226541269,8,4,4
43976,1693226541269,1692254277028,1692254277031,1693226541277,8,3,5
43977,1693226541277,1692254277036,1692254277039,1693226541285,8,3,5
43978,1693226541285,1692254277043,1692254277047,1693226541292,7,4,3
43979,1693226541292,1692254277051,1692254277054,1693226541299,7,3,4
43980,1693226541299,1692254277058,1692254277061,1693226541307,8,3,5
43981,1693226541307,1692254277066,1692254277069,1693226541315,8,3,5
43982,1693226541315,1692254277074,1692254277077,1693226541322,7,3,4
43983,1693226541322,1692254277081,1692254277084,1693226541330,8,3,5
43984,1693226541330,1692254277088,1692254277092,1693226541337,7,4,3
43985,1693226541337,1692254277096,1692254277099,1693226541345,8,3,5
43986,1693226541345,1692254277104,1692254277107,1693226541353,8,3,5
43987,1693226541353,1692254277112,1692254277116,1693226541361,8,4,4
43988,1693226541361,1692254277120,1692254277124,1693226541369,8,4,4
43989,1693226541369,1692254277128,1692254277131,1693226541377,8,3,5
43990,1693226541377,1692254277136,1692254277138,1693226541385,8,2,6
43991,1693226541386,1692254277144,1692254277148,1693226541394,8,4,4
43992,1693226541394,1692254277153,1692254277156,1693226541402,8,3,5
43993,1693226541402,1692254277161,1692254277164,1693226541409,7,3,4
43994,1693226541409,1692254277168,1692254277171,1693226541416,7,3,4
43995,1693226541416,1692254277176,1692254277178,1693226541424,8,2,6
43996,1693226541424,1692254277182,1692254277185,1693226541431,7,3,4
43997,1693226541431,1692254277193,1692254277196,1693226541441,10,3,7
43998,1693226541442,1692254277200,1692254277204,1693226541450,8,4,4
43999,1693226541450,1692254277210,1692254277214,1693226541460,10,4,6
44000,1693226541460,1692254277218,1692254277221,1693226541467,7,3,4
44001,1693226541467,1692254277226,1692254277228,1693226541474,7,2,5
44002,1693226541474,1692254277233,1692254277237,1693226541482,8,4,4
44003,1693226541482,1692254277241,1692254277244,1693226541490,8,3,5
44004,1693226541490,1692254277248,1692254277251,1693226541497,7,3,4
44005,1693226541497,1692254277255,1692254277258,1693226541504,7,3,4
44006,1693226541504,1692254277263,1692254277266,1693226541512,8,3,5
44007,1693226541512,1692254277271,1692254277274,1693226541520,8,3,5
44008,1693226541520,1692254277279,1692254277283,1693226541529,9,4,5
44009,1693226541529,1692254277288,1692254277291,1693226541537,8,3,5
44010,1693226541537,1692254277295,1692254277298,1693226541544,7,3,4
44011,1693226541544,1692254277303,1692254277306,1693226541552,8,3,5
44012,1693226541552,1692254277311,1692254277315,1693226541560,8,4,4
44013,1693226541560,1692254277319,1692254277323,1693226541568,8,4,4
44014,1693226541568,1692254277327,1692254277330,1693226541575,7,3,4
44015,1693226541575,1692254277334,1692254277336,1693226541582,7,2,5
44016,1693226541582,1692254277341,1692254277345,1693226541590,8,4,4
44017,1693226541590,1692254277348,1692254277351,1693226541596,6,3,3
44018,1693226541596,1692254277355,1692254277358,1693226541604,8,3,5
44019,1693226541604,1692254277363,1692254277366,1693226541611,7,3,4
44020,1693226541611,1692254277370,1692254277373,1693226541618,7,3,4
44021,1693226541618,1692254277377,1692254277380,1693226541625,7,3,4
44022,1693226541625,1692254277384,1692254277387,1693226541633,8,3,5
44023,1693226541633,1692254277392,1692254277395,1693226541640,7,3,4
44024,1693226541640,1692254277399,1692254277402,1693226541648,8,3,5
44025,1693226541648,1692254277407,1692254277410,1693226541655,7,3,4
44026,1693226541655,1692254277414,1692254277417,1693226541663,8,3,5
44027,1693226541663,1692254277422,1692254277425,1693226541671,8,3,5
44028,1693226541671,1692254277429,1692254277433,1693226541679,8,4,4
44029,1693226541679,1692254277445,1692254277448,1693226541694,15,3,12
44030,1693226541694,1692254277453,1692254277457,1693226541702,8,4,4
44031,1693226541702,1692254277462,1692254277465,1693226541711,9,3,6
44032,1693226541711,1692254277470,1692254277473,1693226541719,8,3,5
44033,1693226541719,1692254277478,1692254277481,1693226541727,8,3,5
44034,1693226541727,1692254277485,1692254277489,1693226541734,7,4,3
44035,1693226541734,1692254277493,1692254277496,1693226541742,8,3,5
44036,1693226541742,1692254277501,1692254277504,1693226541750,8,3,5
44037,1693226541750,1692254277509,1692254277512,1693226541758,8,3,5
44038,1693226541758,1692254277517,1692254277520,1693226541766,8,3,5
44039,1693226541766,1692254277525,1692254277528,1693226541774,8,3,5
44040,1693226541774,1692254277533,1692254277536,1693226541781,7,3,4
44041,1693226541781,1692254277540,1692254277543,1693226541788,7,3,4
44042,1693226541788,1692254277547,1692254277550,1693226541796,8,3,5
44043,1693226541796,1692254277555,1692254277558,1693226541803,7,3,4
44044,1693226541803,1692254277563,1692254277566,1693226541811,8,3,5
44045,1693226541811,1692254277570,1692254277575,1693226541820,9,5,4
44046,1693226541820,1692254277579,1692254277582,1693226541828,8,3,5
44047,1693226541828,1692254277588,1692254277591,1693226541837,9,3,6
44048,1693226541837,1692254277596,1692254277599,1693226541845,8,3,5
44049,1693226541845,1692254277605,1692254277607,1693226541853,8,2,6
44050,1693226541853,1692254277612,1692254277615,1693226541860,7,3,4
44051,1693226541860,1692254277619,1692254277622,1693226541867,7,3,4
44052,1693226541867,1692254277626,1692254277629,1693226541874,7,3,4
44053,1693226541874,1692254277634,1692254277637,1693226541882,8,3,5
44054,1693226541882,1692254277644,1692254277647,1693226541893,11,3,8
44055,1693226541893,1692254277655,1692254277658,1693226541904,11,3,8
44056,1693226541904,1692254277662,1692254277665,1693226541911,7,3,4
44057,1693226541911,1692254277670,1692254277673,1693226541918,7,3,4
44058,1693226541918,1692254277678,1692254277681,1693226541927,9,3,6
44059,1693226541927,1692254277686,1692254277689,1693226541935,8,3,5
44060,1693226541935,1692254277694,1692254277697,1693226541942,7,3,4
44061,1693226541942,1692254277701,1692254277705,1693226541950,8,4,4
44062,1693226541950,1692254277709,1692254277713,1693226541959,9,4,5
44063,1693226541959,1692254277718,1692254277721,1693226541966,7,3,4
44064,1693226541966,1692254277727,1692254277730,1693226541976,10,3,7
44065,1693226541976,1692254277735,1692254277738,1693226541984,8,3,5
44066,1693226541984,1692254277742,1692254277745,1693226541991,7,3,4
44067,1693226541991,1692254277750,1692254277753,1693226542001,10,3,7
44068,1693226542001,1692254277761,1692254277764,1693226542010,9,3,6
44069,1693226542010,1692254277768,1692254277772,1693226542018,8,4,4
44070,1693226542018,1692254277777,1692254277780,1693226542025,7,3,4
44071,1693226542025,1692254277784,1692254277787,1693226542032,7,3,4
44072,1693226542032,1692254277791,1692254277794,1693226542040,8,3,5
44073,1693226542040,1692254277798,1692254277801,1693226542046,6,3,3
44074,1693226542047,1692254277805,1692254277808,1693226542054,7,3,4
44075,1693226542054,1692254277813,1692254277816,1693226542062,8,3,5
44076,1693226542062,1692254277821,1692254277824,1693226542069,7,3,4
44077,1693226542069,1692254277828,1692254277831,1693226542077,8,3,5
44078,1693226542077,1692254277836,1692254277839,1693226542085,8,3,5
44079,1693226542085,1692254277844,1692254277848,1693226542093,8,4,4
44080,1693226542093,1692254277853,1692254277856,1693226542102,9,3,6
44081,1693226542102,1692254277862,1692254277865,1693226542111,9,3,6
44082,1693226542111,1692254277869,1692254277874,1693226542120,9,5,4
44083,1693226542120,1692254277879,1692254277882,1693226542127,7,3,4
44084,1693226542128,1692254277887,1692254277890,1693226542136,8,3,5
44085,1693226542136,1692254277895,1692254277898,1693226542144,8,3,5
44086,1693226542144,1692254277903,1692254277906,1693226542151,7,3,4
44087,1693226542151,1692254277909,1692254277913,1693226542158,7,4,3
44088,1693226542158,1692254277917,1692254277920,1693226542166,8,3,5
44089,1693226542166,1692254277926,1692254277930,1693226542175,9,4,5
44090,1693226542175,1692254277934,1692254277937,1693226542183,8,3,5
44091,1693226542183,1692254277942,1692254277945,1693226542190,7,3,4
44092,1693226542190,1692254277949,1692254277952,1693226542197,7,3,4
44093,1693226542197,1692254277956,1692254277959,1693226542205,8,3,5
44094,1693226542205,1692254277964,1692254277967,1693226542213,8,3,5
44095,1693226542213,1692254277972,1692254277975,1693226542221,8,3,5
44096,1693226542221,1692254277980,1692254277984,1693226542229,8,4,4
44097,1693226542229,1692254277988,1692254277991,1693226542237,8,3,5
44098,1693226542237,1692254277996,1692254277999,1693226542244,7,3,4
44099,1693226542244,1692254278003,1692254278007,1693226542253,9,4,5
44100,1693226542253,1692254278012,1692254278015,1693226542260,7,3,4
44101,1693226542261,1692254278019,1692254278022,1693226542268,7,3,4
44102,1693226542268,1692254278028,1692254278032,1693226542277,9,4,5
44103,1693226542277,1692254278036,1692254278039,1693226542285,8,3,5
44104,1693226542285,1692254278044,1692254278048,1693226542293,8,4,4
44105,1693226542293,1692254278052,1692254278056,1693226542301,8,4,4
44106,1693226542301,1692254278065,1692254278068,1693226542313,12,3,9
44107,1693226542313,1692254278072,1692254278075,1693226542321,8,3,5
44108,1693226542321,1692254278080,1692254278083,1693226542328,7,3,4
44109,1693226542328,1692254278087,1692254278089,1693226542335,7,2,5
44110,1693226542335,1692254278094,1692254278097,1693226542342,7,3,4
44111,1693226542342,1692254278102,1692254278104,1693226542350,8,2,6
44112,1693226542350,1692254278109,1692254278112,1693226542357,7,3,4
44113,1693226542357,1692254278116,1692254278119,1693226542365,8,3,5
44114,1693226542365,1692254278124,1692254278127,1693226542373,8,3,5
44115,1693226542373,1692254278131,1692254278135,1693226542380,7,4,3
44116,1693226542380,1692254278139,1692254278143,1693226542388,8,4,4
44117,1693226542388,1692254278147,1692254278150,1693226542396,8,3,5
44118,1693226542396,1692254278155,1692254278157,1693226542403,7,2,5
44119,1693226542403,1692254278161,1692254278167,1693226542412,9,6,3
44120,1693226542412,1692254278171,1692254278174,1693226542419,7,3,4
44121,1693226542419,1692254278178,1692254278182,1693226542428,9,4,5
44122,1693226542428,1692254278186,1692254278189,1693226542434,6,3,3
44123,1693226542434,1692254278193,1692254278196,1693226542441,7,3,4
44124,1693226542442,1692254278201,1692254278204,1693226542450,8,3,5
44125,1693226542450,1692254278209,1692254278211,1693226542457,7,2,5
44126,1693226542457,1692254278216,1692254278219,1693226542465,8,3,5
44127,1693226542465,1692254278224,1692254278227,1693226542473,8,3,5
44128,1693226542473,1692254278234,1692254278237,1693226542483,10,3,7
44129,1693226542483,1692254278242,1692254278245,1693226542491,8,3,5
44130,1693226542491,1692254278250,1692254278253,1693226542499,8,3,5
44131,1693226542499,1692254278258,1692254278261,1693226542506,7,3,4
44132,1693226542506,1692254278265,1692254278269,1693226542514,8,4,4
44133,1693226542514,1692254278272,1692254278276,1693226542521,7,4,3
44134,1693226542521,1692254278280,1692254278283,1693226542529,8,3,5
44135,1693226542529,1692254278288,1692254278291,1693226542537,8,3,5
44136,1693226542537,1692254278296,1692254278299,1693226542544,7,3,4
44137,1693226542544,1692254278303,1692254278306,1693226542551,7,3,4
44138,1693226542551,1692254278310,1692254278314,1693226542560,9,4,5
44139,1693226542560,1692254278318,1692254278321,1693226542567,7,3,4
44140,1693226542567,1692254278326,1692254278329,1693226542574,7,3,4
44141,1693226542574,1692254278332,1692254278336,1693226542582,8,4,4
44142,1693226542582,1692254278340,1692254278344,1693226542589,7,4,3
44143,1693226542589,1692254278348,1692254278352,1693226542597,8,4,4
44144,1693226542597,1692254278356,1692254278360,1693226542605,8,4,4
44145,1693226542605,1692254278363,1692254278366,1693226542614,9,3,6
44146,1693226542614,1692254278373,1692254278376,1693226542622,8,3,5
44147,1693226542622,1692254278381,1692254278385,1693226542630,8,4,4
44148,1693226542630,1692254278390,1692254278394,1693226542639,9,4,5
44149,1693226542639,1692254278398,1692254278402,1693226542648,9,4,5
44150,1693226542648,1692254278407,1692254278410,1693226542655,7,3,4
44151,1693226542655,1692254278414,1692254278417,1693226542663,8,3,5
44152,1693226542663,1692254278421,1692254278424,1693226542670,7,3,4
44153,1693226542670,1692254278429,1692254278431,1693226542677,7,2,5
44154,1693226542677,1692254278436,1692254278439,1693226542685,8,3,5
44155,1693226542685,1692254278443,1692254278446,1693226542692,7,3,4
44156,1693226542692,1692254278450,1692254278455,1693226542701,9,5,4
44157,1693226542701,1692254278460,1692254278464,1693226542710,9,4,5
44158,1693226542710,1692254278468,1692254278471,1693226542717,7,3,4
44159,1693226542717,1692254278476,1692254278479,1693226542724,7,3,4
44160,1693226542724,1692254278482,1692254278486,1693226542731,7,4,3
44161,1693226542731,1692254278492,1692254278496,1693226542741,10,4,6
44162,1693226542741,1692254278499,1692254278502,1693226542748,7,3,4
44163,1693226542748,1692254278507,1692254278510,1693226542755,7,3,4
44164,1693226542755,1692254278514,1692254278517,1693226542763,8,3,5
44165,1693226542763,1692254278521,1692254278524,1693226542770,7,3,4
44166,1693226542770,1692254278529,1692254278533,1693226542778,8,4,4
44167,1693226542778,1692254278537,1692254278541,1693226542787,9,4,5
44168,1693226542787,1692254278546,1692254278549,1693226542794,7,3,4
44169,1693226542794,1692254278553,1692254278557,1693226542802,8,4,4
44170,1693226542802,1692254278561,1692254278565,1693226542810,8,4,4
44171,1693226542810,1692254278569,1692254278572,1693226542819,9,3,6
44172,1693226542819,1692254278578,1692254278581,1693226542826,7,3,4
44173,1693226542826,1692254278585,1692254278589,1693226542834,8,4,4
44174,1693226542834,1692254278593,1692254278596,1693226542842,8,3,5
44175,1693226542842,1692254278600,1692254278603,1693226542849,7,3,4
44176,1693226542849,1692254278608,1692254278611,1693226542856,7,3,4
44177,1693226542856,1692254278616,1692254278619,1693226542870,14,3,11
44178,1693226542870,1692254278630,1692254278633,1693226542879,9,3,6
44179,1693226542879,1692254278638,1692254278640,1693226542887,8,2,6
44180,1693226542887,1692254278647,1692254278651,1693226542897,10,4,6
44181,1693226542897,1692254278665,1692254278668,1693226542919,22,3,19
44182,1693226542919,1692254278679,1692254278682,1693226542928,9,3,6
44183,1693226542928,1692254278687,1692254278690,1693226542936,8,3,5
44184,1693226542936,1692254278710,1692254278715,1693226542974,38,5,33
44185,1693226542974,1692254278732,1692254278735,1693226542981,7,3,4
44186,1693226542981,1692254278740,1692254278744,1693226542990,9,4,5
44187,1693226542990,1692254278749,1692254278752,1693226542998,8,3,5
44188,1693226542998,1692254278757,1692254278760,1693226543006,8,3,5
44189,1693226543006,1692254278765,1692254278768,1693226543014,8,3,5
44190,1693226543014,1692254278772,1692254278777,1693226543025,11,5,6
44191,1693226543025,1692254278784,1692254278787,1693226543033,8,3,5
44192,1693226543033,1692254278792,1692254278795,1693226543041,8,3,5
44193,1693226543041,1692254278800,1692254278805,1693226543051,10,5,5
44194,1693226543051,1692254278810,1692254278813,1693226543058,7,3,4
44195,1693226543058,1692254278817,1692254278821,1693226543066,8,4,4
44196,1693226543066,1692254278825,1692254278827,1693226543073,7,2,5
44197,1693226543073,1692254278832,1692254278836,1693226543081,8,4,4
44198,1693226543081,1692254278840,1692254278843,1693226543088,7,3,4
44199,1693226543089,1692254278848,1692254278851,1693226543096,7,3,4
44200,1693226543096,1692254278856,1692254278859,1693226543105,9,3,6
44201,1693226543105,1692254278868,1692254278871,1693226543116,11,3,8
44202,1693226543116,1692254278875,1692254278879,1693226543126,10,4,6
44203,1693226543126,1692254278890,1692254278893,1693226543138,12,3,9
44204,1693226543138,1692254278897,1692254278901,1693226543146,8,4,4
44205,1693226543146,1692254278905,1692254278908,1693226543153,7,3,4
44206,1693226543153,1692254278912,1692254278915,1693226543160,7,3,4
44207,1693226543160,1692254278919,1692254278923,1693226543168,8,4,4
44208,1693226543168,1692254278927,1692254278930,1693226543175,7,3,4
44209,1693226543175,1692254278934,1692254278937,1693226543182,7,3,4
44210,1693226543182,1692254278941,1692254278944,1693226543190,8,3,5
44211,1693226543190,1692254278951,1692254278954,1693226543200,10,3,7
44212,1693226543200,1692254278959,1692254278962,1693226543208,8,3,5
44213,1693226543208,1692254278967,1692254278970,1693226543215,7,3,4
44214,1693226543215,1692254278974,1692254278977,1693226543223,8,3,5
44215,1693226543223,1692254278981,1692254278984,1693226543230,7,3,4
44216,1693226543230,1692254278988,1692254278992,1693226543238,8,4,4
44217,1693226543238,1692254278997,1692254278999,1693226543245,7,2,5
44218,1693226543245,1692254279004,1692254279007,1693226543253,8,3,5
44219,1693226543253,1692254279012,1692254279015,1693226543260,7,3,4
44220,1693226543260,1692254279019,1692254279022,1693226543268,8,3,5
44221,1693226543268,1692254279027,1692254279031,1693226543276,8,4,4
44222,1693226543276,1692254279034,1692254279037,1693226543283,7,3,4
44223,1693226543283,1692254279042,1692254279046,1693226543291,8,4,4
44224,1693226543291,1692254279050,1692254279053,1693226543299,8,3,5
44225,1693226543299,1692254279058,1692254279061,1693226543306,7,3,4
44226,1693226543306,1692254279065,1692254279068,1693226543313,7,3,4
44227,1693226543313,1692254279072,1692254279075,1693226543321,8,3,5
44228,1693226543321,1692254279079,1692254279082,1693226543327,6,3,3
44229,1693226543328,1692254279088,1692254279093,1693226543339,11,5,6
44230,1693226543339,1692254279098,1692254279101,1693226543347,8,3,5
44231,1693226543347,1692254279106,1692254279109,1693226543354,7,3,4
44232,1693226543354,1692254279113,1692254279116,1693226543362,8,3,5
44233,1693226543362,1692254279121,1692254279124,1693226543370,8,3,5
44234,1693226543370,1692254279129,1692254279132,1693226543378,8,3,5
44235,1693226543378,1692254279137,1692254279140,1693226543385,7,3,4
44236,1693226543385,1692254279144,1692254279148,1693226543393,8,4,4
44237,1693226543393,1692254279152,1692254279155,1693226543401,8,3,5
44238,1693226543401,1692254279160,1692254279164,1693226543409,8,4,4
44239,1693226543409,1692254279168,1692254279172,1693226543417,8,4,4
44240,1693226543417,1692254279176,1692254279179,1693226543424,7,3,4
44241,1693226543424,1692254279183,1692254279186,1693226543433,9,3,6
44242,1693226543433,1692254279193,1692254279196,1693226543442,9,3,6
44243,1693226543442,1692254279200,1692254279203,1693226543449,7,3,4
44244,1693226543449,1692254279208,1692254279212,1693226543457,8,4,4
44245,1693226543457,1692254279219,1692254279223,1693226543468,11,4,7
44246,1693226543468,1692254279226,1692254279229,1693226543475,7,3,4
44247,1693226543475,1692254279233,1692254279240,1693226543485,10,7,3
44248,1693226543485,1692254279244,1692254279247,1693226543493,8,3,5
44249,1693226543493,1692254279252,1692254279255,1693226543500,7,3,4
44250,1693226543500,1692254279259,1692254279262,1693226543507,7,3,4
44251,1693226543507,1692254279266,1692254279269,1693226543515,8,3,5
44252,1693226543515,1692254279274,1692254279277,1693226543523,8,3,5
44253,1693226543523,1692254279282,1692254279285,1693226543531,8,3,5
44254,1693226543531,1692254279292,1692254279295,1693226543541,10,3,7
44255,1693226543541,1692254279301,1692254279305,1693226543550,9,4,5
44256,1693226543550,1692254279309,1692254279312,1693226543557,7,3,4
44257,1693226543557,1692254279316,1692254279319,1693226543565,8,3,5
44258,1693226543565,1692254279324,1692254279327,1693226543573,8,3,5
44259,1693226543573,1692254279332,1692254279336,1693226543581,8,4,4
44260,1693226543581,1692254279340,1692254279343,1693226543589,8,3,5
44261,1693226543589,1692254279347,1692254279350,1693226543596,7,3,4
44262,1693226543596,1692254279355,1692254279358,1693226543603,7,3,4
44263,1693226543603,1692254279362,1692254279368,1693226543613,10,6,4
44264,1693226543613,1692254279373,1692254279377,1693226543622,9,4,5
44265,1693226543622,1692254279381,1692254279387,1693226543632,10,6,4
44266,1693226543632,1692254279391,1692254279394,1693226543639,7,3,4
44267,1693226543639,1692254279398,1692254279402,1693226543647,8,4,4
44268,1693226543647,1692254279406,1692254279409,1693226543655,8,3,5
44269,1693226543655,1692254279414,1692254279417,1693226543662,7,3,4
44270,1693226543663,1692254279421,1692254279425,1693226543670,7,4,3
44271,1693226543670,1692254279429,1692254279431,1693226543677,7,2,5
44272,1693226543677,1692254279435,1692254279438,1693226543684,7,3,4
44273,1693226543684,1692254279442,1692254279445,1693226543690,6,3,3
44274,1693226543690,1692254279449,1692254279453,1693226543698,8,4,4
44275,1693226543698,1692254279457,1692254279461,1693226543706,8,4,4
44276,1693226543706,1692254279465,1692254279468,1693226543714,8,3,5
44277,1693226543714,1692254279472,1692254279475,1693226543721,7,3,4
44278,1693226543721,1692254279479,1692254279483,1693226543728,7,4,3
44279,1693226543728,1692254279486,1692254279490,1693226543735,7,4,3
44280,1693226543735,1692254279494,1692254279497,1693226543743,8,3,5
44281,1693226543743,1692254279502,1692254279505,1693226543750,7,3,4
44282,1693226543750,1692254279509,1692254279513,1693226543759,9,4,5
44283,1693226543759,1692254279517,1692254279520,1693226543765,6,3,3
44284,1693226543765,1692254279524,1692254279527,1693226543773,8,3,5
44285,1693226543773,1692254279538,1692254279541,1693226543787,14,3,11
44286,1693226543787,1692254279546,1692254279549,1693226543794,7,3,4
44287,1693226543794,1692254279555,1692254279558,1693226543804,10,3,7
44288,1693226543804,1692254279563,1692254279567,1693226543812,8,4,4
44289,1693226543812,1692254279571,1692254279574,1693226543820,8,3,5
44290,1693226543820,1692254279579,1692254279583,1693226543828,8,4,4
44291,1693226543828,1692254279588,1692254279591,1693226543836,8,3,5
44292,1693226543836,1692254279595,1692254279599,1693226543844,8,4,4
44293,1693226543844,1692254279603,1692254279607,1693226543852,8,4,4
44294,1693226543852,1692254279611,1692254279614,1693226543860,8,3,5
44295,1693226543860,1692254279619,1692254279622,1693226543868,8,3,5
44296,1693226543868,1692254279627,1692254279630,1693226543875,7,3,4
44297,1693226543875,1692254279634,1692254279638,1693226543883,8,4,4
44298,1693226543883,1692254279642,1692254279646,1693226543891,8,4,4
44299,1693226543891,1692254279650,1692254279654,1693226543899,8,4,4
44300,1693226543899,1692254279658,1692254279661,1693226543911,12,3,9
44301,1693226543911,1692254279671,1692254279674,1693226543920,9,3,6
44302,1693226543920,1692254279678,1692254279682,1693226543928,8,4,4
44303,1693226543928,1692254279687,1692254279690,1693226543936,8,3,5
44304,1693226543936,1692254279695,1692254279698,1693226543946,10,3,7
44305,1693226543946,1692254279705,1692254279708,1693226543954,8,3,5
44306,1693226543954,1692254279713,1692254279717,1693226543963,9,4,5
44307,1693226543963,1692254279722,1692254279725,1693226543971,8,3,5
44308,1693226543971,1692254279730,1692254279733,1693226543979,8,3,5
44309,1693226543979,1692254279738,1692254279741,1693226543987,8,3,5
44310,1693226543987,1692254279746,1692254279749,1693226543995,8,3,5
44311,1693226543995,1692254279754,1692254279756,1693226544002,7,2,5
44312,1693226544002,1692254279761,1692254279764,1693226544010,8,3,5
44313,1693226544010,1692254279769,1692254279773,1693226544019,9,4,5
44314,1693226544019,1692254279778,1692254279782,1693226544028,9,4,5
44315,1693226544028,1692254279787,1692254279790,1693226544036,8,3,5
44316,1693226544036,1692254279794,1692254279797,1693226544042,6,3,3
44317,1693226544042,1692254279801,1692254279805,1693226544050,8,4,4
44318,1693226544050,1692254279813,1692254279816,1693226544062,12,3,9
44319,1693226544062,1692254279821,1692254279825,1693226544070,8,4,4
44320,1693226544070,1692254279829,1692254279832,1693226544079,9,3,6
44321,1693226544079,1692254279838,1692254279841,1693226544087,8,3,5
44322,1693226544087,1692254279846,1692254279850,1693226544095,8,4,4
44323,1693226544095,1692254279854,1692254279858,1693226544103,8,4,4
44324,1693226544103,1692254279863,1692254279867,1693226544112,9,4,5
44325,1693226544112,1692254279872,1692254279875,1693226544120,8,3,5
44326,1693226544120,1692254279879,1692254279882,1693226544127,7,3,4
44327,1693226544127,1692254279887,1692254279891,1693226544136,9,4,5
44328,1693226544137,1692254279896,1692254279899,1693226544145,8,3,5
44329,1693226544145,1692254279903,1692254279907,1693226544152,7,4,3
44330,1693226544152,1692254279911,1692254279915,1693226544160,8,4,4
44331,1693226544160,1692254279919,1692254279922,1693226544168,8,3,5
44332,1693226544168,1692254279927,1692254279929,1693226544175,7,2,5
44333,1693226544175,1692254279933,1692254279937,1693226544182,7,4,3
44334,1693226544182,1692254279941,1692254279945,1693226544190,8,4,4
44335,1693226544190,1692254279949,1692254279952,1693226544198,8,3,5
44336,1693226544198,1692254279957,1692254279961,1693226544207,9,4,5
44337,1693226544207,1692254279965,1692254279969,1693226544214,7,4,3
44338,1693226544214,1692254279973,1692254279976,1693226544221,7,3,4
44339,1693226544221,1692254279980,1692254279983,1693226544229,8,3,5
44340,1693226544229,1692254279988,1692254279991,1693226544236,7,3,4
44341,1693226544237,1692254279995,1692254279998,1693226544244,7,3,4
44342,1693226544244,1692254280003,1692254280007,1693226544253,9,4,5
44343,1693226544253,1692254280012,1692254280016,1693226544261,8,4,4
44344,1693226544261,1692254280020,1692254280024,1693226544269,8,4,4
44345,1693226544269,1692254280028,1692254280031,1693226544277,8,3,5
44346,1693226544277,1692254280036,1692254280040,1693226544285,8,4,4
44347,1693226544285,1692254280044,1692254280047,1693226544292,7,3,4
44348,1693226544292,1692254280051,1692254280056,1693226544302,10,5,5
44349,1693226544302,1692254280061,1692254280064,1693226544309,7,3,4
44350,1693226544309,1692254280068,1692254280072,1693226544318,9,4,5
44351,1693226544318,1692254280077,1692254280080,1693226544325,7,3,4
44352,1693226544325,1692254280084,1692254280089,1693226544334,9,5,4
44353,1693226544334,1692254280093,1692254280097,1693226544343,9,4,5
44354,1693226544343,1692254280102,1692254280104,1693226544350,7,2,5
44355,1693226544350,1692254280112,1692254280115,1693226544360,10,3,7
44356,1693226544360,1692254280119,1692254280122,1693226544367,7,3,4
44357,1693226544367,1692254280126,1692254280129,1693226544374,7,3,4
44358,1693226544374,1692254280132,1692254280135,1693226544380,6,3,3
44359,1693226544380,1692254280139,1692254280142,1693226544387,7,3,4
44360,1693226544387,1692254280150,1692254280153,1693226544399,12,3,9
44361,1693226544399,1692254280158,1692254280161,1693226544406,7,3,4
44362,1693226544406,1692254280172,1692254280175,1693226544421,15,3,12
44363,1693226544421,1692254280180,1692254280183,1693226544429,8,3,5
44364,1693226544429,1692254280188,1692254280190,1693226544436,7,2,5
44365,1693226544436,1692254280195,1692254280198,1693226544444,8,3,5
44366,1693226544444,1692254280203,1692254280206,1693226544451,7,3,4
44367,1693226544451,1692254280210,1692254280213,1693226544458,7,3,4
44368,1693226544458,1692254280217,1692254280220,1693226544465,7,3,4
44369,1693226544465,1692254280224,1692254280227,1693226544473,8,3,5
44370,1693226544473,1692254280232,1692254280235,1693226544481,8,3,5
44371,1693226544481,1692254280240,1692254280243,1693226544488,7,3,4
44372,1693226544488,1692254280247,1692254280252,1693226544497,9,5,4
44373,1693226544497,1692254280256,1692254280259,1693226544505,8,3,5
44374,1693226544505,1692254280264,1692254280267,1693226544512,7,3,4
44375,1693226544512,1692254280270,1692254280274,1693226544519,7,4,3
44376,1693226544520,1692254280283,1692254280286,1693226544532,12,3,9
44377,1693226544532,1692254280290,1692254280294,1693226544539,7,4,3
44378,1693226544539,1692254280298,1692254280301,1693226544547,8,3,5
44379,1693226544547,1692254280306,1692254280309,1693226544554,7,3,4
44380,1693226544554,1692254280317,1692254280321,1693226544566,12,4,8
44381,1693226544566,1692254280325,1692254280328,1693226544573,7,3,4
44382,1693226544573,1692254280332,1692254280335,1693226544580,7,3,4
44383,1693226544580,1692254280339,1692254280343,1693226544589,9,4,5
44384,1693226544589,1692254280347,1692254280351,1693226544597,8,4,4
44385,1693226544597,1692254280356,1692254280359,1693226544605,8,3,5
44386,1693226544605,1692254280364,1692254280368,1693226544613,8,4,4
44387,1693226544613,1692254280373,1692254280377,1693226544622,9,4,5
44388,1693226544622,1692254280381,1692254280385,1693226544631,9,4,5
44389,1693226544631,1692254280389,1692254280392,1693226544637,6,3,3
44390,1693226544637,1692254280396,1692254280400,1693226544645,8,4,4
44391,1693226544645,1692254280404,1692254280407,1693226544652,7,3,4
44392,1693226544652,1692254280411,1692254280414,1693226544662,10,3,7
44393,1693226544662,1692254280421,1692254280424,1693226544670,8,3,5
44394,1693226544670,1692254280429,1692254280432,1693226544678,8,3,5
44395,1693226544678,1692254280437,1692254280440,1693226544685,7,3,4
44396,1693226544685,1692254280444,1692254280448,1693226544693,8,4,4
44397,1693226544693,1692254280451,1692254280454,1693226544700,7,3,4
44398,1693226544700,1692254280459,1692254280461,1693226544706,6,2,4
44399,1693226544707,1692254280465,1692254280469,1693226544715,8,4,4
44400,1693226544715,1692254280474,1692254280477,1693226544732,17,3,14
44401,1693226544732,1692254280491,1692254280494,1693226544739,7,3,4
44402,1693226544739,1692254280503,1692254280507,1693226544753,14,4,10
44403,1693226544753,1692254280511,1692254280515,1693226544760,7,4,3
44404,1693226544761,1692254280522,1692254280525,1693226544770,9,3,6
44405,1693226544770,1692254280529,1692254280532,1693226544778,8,3,5
44406,1693226544778,1692254280536,1692254280539,1693226544784,6,3,3
44407,1693226544784,1692254280544,1692254280548,1693226544793,9,4,5
44408,1693226544793,1692254280552,1692254280556,1693226544801,8,4,4
44409,1693226544801,1692254280560,1692254280566,1693226544813,12,6,6
44410,1693226544813,1692254280572,1692254280576,1693226544821,8,4,4
44411,1693226544821,1692254280581,1692254280585,1693226544833,12,4,8
44412,1693226544833,1692254280593,1692254280596,1693226544841,8,3,5
44413,1693226544841,1692254280600,1692254280604,1693226544849,8,4,4
44414,1693226544849,1692254280608,1692254280611,1693226544856,7,3,4
44415,1693226544856,1692254280636,1692254280639,1693226544885,29,3,26
44416,1693226544885,1692254280644,1692254280647,1693226544892,7,3,4
44417,1693226544892,1692254280652,1692254280655,1693226544901,9,3,6
44418,1693226544901,1692254280659,1692254280662,1693226544914,13,3,10
44419,1693226544914,1692254280691,1692254280694,1693226544940,26,3,23
44420,1693226544940,1692254280698,1692254280701,1693226544947,7,3,4
44421,1693226544947,1692254280706,1692254280708,1693226544955,8,2,6
44422,1693226544955,1692254280713,1692254280717,1693226544962,7,4,3
44423,1693226544962,1692254280721,1692254280724,1693226544969,7,3,4
44424,1693226544969,1692254280729,1692254280732,1693226544977,8,3,5
44425,1693226544977,1692254280736,1692254280740,1693226544985,8,4,4
44426,1693226544985,1692254280745,1692254280749,1693226544994,9,4,5
44427,1693226544994,1692254280753,1692254280757,1693226545002,8,4,4
44428,1693226545002,1692254280762,1692254280766,1693226545011,9,4,5
44429,1693226545011,1692254280770,1692254280774,1693226545019,8,4,4
44430,1693226545019,1692254280777,1692254280781,1693226545026,7,4,3
44431,1693226545026,1692254280785,1692254280789,1693226545034,8,4,4
44432,1693226545034,1692254280793,1692254280797,1693226545042,8,4,4
44433,1693226545042,1692254280802,1692254280805,1693226545051,9,3,6
44434,1693226545051,1692254280810,1692254280813,1693226545058,7,3,4
44435,1693226545058,1692254280817,1692254280820,1693226545065,7,3,4
44436,1693226545065,1692254280824,1692254280827,1693226545073,8,3,5
44437,1693226545073,1692254280832,1692254280835,1693226545081,8,3,5
44438,1693226545081,1692254280840,1692254280843,1693226545088,7,3,4
44439,1693226545088,1692254280847,1692254280851,1693226545096,8,4,4
44440,1693226545096,1692254280855,1692254280859,1693226545104,8,4,4
44441,1693226545104,1692254280862,1692254280866,1693226545112,8,4,4
44442,1693226545112,1692254280871,1692254280874,1693226545120,8,3,5
44443,1693226545120,1692254280879,1692254280883,1693226545128,8,4,4
44444,1693226545128,1692254280887,1692254280890,1693226545136,8,3,5
44445,1693226545136,1692254280896,1692254280899,1693226545145,9,3,6
44446,1693226545145,1692254280904,1692254280908,1693226545154,9,4,5
44447,1693226545154,1692254280913,1692254280917,1693226545162,8,4,4
44448,1693226545162,1692254280922,1692254280925,1693226545171,9,3,6
44449,1693226545171,1692254280931,1692254280935,1693226545180,9,4,5
44450,1693226545180,1692254280939,1692254280942,1693226545187,7,3,4
44451,1693226545187,1692254280946,1692254280949,1693226545194,7,3,4
44452,1693226545194,1692254280953,1692254280957,1693226545203,9,4,5
44453,1693226545203,1692254280961,1692254280964,1693226545209,6,3,3
44454,1693226545209,1692254280967,1692254280970,1693226545216,7,3,4
44455,1693226545216,1692254280975,1692254280977,1693226545223,7,2,5
44456,1693226545223,1692254280982,1692254280985,1693226545230,7,3,4
44457,1693226545230,1692254280989,1692254280992,1693226545238,8,3,5
44458,1693226545238,1692254280998,1692254281001,1693226545247,9,3,6
44459,1693226545247,1692254281006,1692254281009,1693226545254,7,3,4
44460,1693226545254,1692254281013,1692254281016,1693226545262,8,3,5
44461,1693226545262,1692254281021,1692254281024,1693226545270,8,3,5
44462,1693226545270,1692254281028,1692254281032,1693226545277,7,4,3
44463,1693226545277,1692254281036,1692254281039,1693226545284,7,3,4
44464,1693226545284,1692254281043,1692254281047,1693226545293,9,4,5
44465,1693226545293,1692254281056,1692254281059,1693226545304,11,3,8
44466,1693226545304,1692254281064,1692254281067,1693226545313,9,3,6
44467,1693226545313,1692254281071,1692254281074,1693226545319,6,3,3
44468,1693226545319,1692254281078,1692254281082,1693226545327,8,4,4
44469,1693226545327,1692254281086,1692254281089,1693226545335,8,3,5
44470,1693226545335,1692254281094,1692254281097,1693226545342,7,3,4
44471,1693226545342,1692254281101,1692254281104,1693226545349,7,3,4
44472,1693226545349,1692254281107,1692254281111,1693226545356,7,4,3
44473,1693226545356,1692254281115,1692254281118,1693226545364,8,3,5
44474,1693226545364,1692254281123,1692254281126,1693226545371,7,3,4
44475,1693226545371,1692254281131,1692254281135,1693226545380,9,4,5
44476,1693226545380,1692254281140,1692254281143,1693226545388,8,3,5
44477,1693226545388,1692254281147,1692254281150,1693226545396,8,3,5
44478,1693226545396,1692254281155,1692254281158,1693226545403,7,3,4
44479,1693226545403,1692254281163,1692254281166,1693226545412,9,3,6
44480,1693226545412,1692254281171,1692254281174,1693226545419,7,3,4
44481,1693226545419,1692254281178,1692254281184,1693226545429,10,6,4
44482,1693226545429,1692254281188,1692254281192,1693226545437,8,4,4
44483,1693226545437,1692254281196,1692254281199,1693226545445,8,3,5
44484,1693226545445,1692254281204,1692254281207,1693226545453,8,3,5
44485,1693226545453,1692254281212,1692254281216,1693226545461,8,4,4
44486,1693226545461,1692254281220,1692254281224,1693226545469,8,4,4
44487,1693226545469,1692254281228,1692254281231,1693226545476,7,3,4
44488,1693226545476,1692254281235,1692254281239,1693226545484,8,4,4
44489,1693226545484,1692254281243,1692254281246,1693226545491,7,3,4
44490,1693226545491,1692254281250,1692254281253,1693226545499,8,3,5
44491,1693226545500,1692254281260,1692254281263,1693226545509,9,3,6
44492,1693226545509,1692254281269,1692254281272,1693226545518,9,3,6
44493,1693226545518,1692254281277,1692254281280,1693226545526,8,3,5
44494,1693226545526,1692254281284,1692254281287,1693226545533,7,3,4
44495,1693226545533,1692254281292,1692254281295,1693226545540,7,3,4
44496,1693226545540,1692254281299,1692254281302,1693226545548,8,3,5
44497,1693226545548,1692254281307,1692254281310,1693226545555,7,3,4
44498,1693226545555,1692254281313,1692254281316,1693226545562,7,3,4
44499,1693226545562,1692254281321,1692254281325,1693226545570,8,4,4
44500,1693226545570,1692254281329,1692254281333,1693226545578,8,4,4
44501,1693226545578,1692254281340,1692254281343,1693226545589,11,3,8
44502,1693226545589,1692254281348,1692254281352,1693226545597,8,4,4
44503,1693226545597,1692254281356,1692254281359,1693226545605,8,3,5
44504,1693226545605,1692254281364,1692254281368,1693226545614,9,4,5
44505,1693226545614,1692254281373,1692254281376,1693226545622,8,3,5
44506,1693226545622,1692254281381,1692254281384,1693226545629,7,3,4
44507,1693226545629,1692254281388,1692254281393,1693226545638,9,5,4
44508,1693226545638,1692254281397,1692254281400,1693226545646,8,3,5
44509,1693226545646,1692254281405,1692254281408,1693226545653,7,3,4
44510,1693226545653,1692254281412,1692254281415,1693226545661,8,3,5
44511,1693226545661,1692254281422,1692254281425,1693226545671,10,3,7
44512,1693226545671,1692254281430,1692254281434,1693226545679,8,4,4
44513,1693226545679,1692254281438,1692254281441,1693226545686,7,3,4
44514,1693226545686,1692254281448,1692254281451,1693226545697,11,3,8
44515,1693226545697,1692254281458,1692254281461,1693226545707,10,3,7
44516,1693226545707,1692254281466,1692254281469,1693226545714,7,3,4
44517,1693226545714,1692254281473,1692254281477,1693226545722,8,4,4
44518,1693226545722,1692254281481,1692254281484,1693226545730,8,3,5
44519,1693226545730,1692254281489,1692254281494,1693226545739,9,5,4
44520,1693226545739,1692254281498,1692254281502,1693226545748,9,4,5
44521,1693226545748,1692254281507,1692254281511,1693226545756,8,4,4
44522,1693226545756,1692254281515,1692254281518,1693226545763,7,3,4
44523,1693226545763,1692254281523,1692254281526,1693226545771,8,3,5
44524,1693226545771,1692254281530,1692254281534,1693226545780,9,4,5
44525,1693226545780,1692254281539,1692254281541,1693226545789,9,2,7
44526,1693226545789,1692254281548,1692254281551,1693226545796,7,3,4
44527,1693226545796,1692254281555,1692254281558,1693226545803,7,3,4
44528,1693226545803,1692254281564,1692254281567,1693226545812,9,3,6
44529,1693226545812,1692254281571,1692254281575,1693226545821,9,4,5
44530,1693226545821,1692254281580,1692254281583,1693226545829,8,3,5
44531,1693226545829,1692254281588,1692254281591,1693226545836,7,3,4
44532,1693226545836,1692254281595,1692254281598,1693226545843,7,3,4
44533,1693226545844,1692254281603,1692254281606,1693226545851,7,3,4
44534,1693226545852,1692254281611,1692254281614,1693226545859,7,3,4
44535,1693226545859,1692254281618,1692254281621,1693226545867,8,3,5
44536,1693226545867,1692254281627,1692254281630,1693226545876,9,3,6
44537,1693226545876,1692254281635,1692254281639,1693226545884,8,4,4
44538,1693226545884,1692254281643,1692254281646,1693226545891,7,3,4
44539,1693226545891,1692254281650,1692254281653,1693226545899,8,3,5
44540,1693226545899,1692254281658,1692254281661,1693226545907,8,3,5
44541,1693226545907,1692254281666,1692254281670,1693226545915,8,4,4
44542,1693226545915,1692254281678,1692254281681,1693226545927,12,3,9
44543,1693226545927,1692254281685,1692254281689,1693226545934,7,4,3
44544,1693226545934,1692254281693,1692254281696,1693226545942,8,3,5
44545,1693226545942,1692254281701,1692254281704,1693226545950,8,3,5
44546,1693226545950,1692254281709,1692254281711,1693226545957,7,2,5
44547,1693226545957,1692254281716,1692254281719,1693226545965,8,3,5
44548,1693226545965,1692254281724,1692254281727,1693226545973,8,3,5
44549,1693226545973,1692254281732,1692254281736,1693226545982,9,4,5
44550,1693226545982,1692254281741,1692254281744,1693226545990,8,3,5
44551,1693226545990,1692254281751,1692254281754,1693226546000,10,3,7
44552,1693226546000,1692254281758,1692254281762,1693226546008,8,4,4
44553,1693226546008,1692254281767,1692254281770,1693226546016,8,3,5
44554,1693226546016,1692254281776,1692254281780,1693226546025,9,4,5
44555,1693226546025,1692254281785,1692254281789,1693226546034,9,4,5
44556,1693226546034,1692254281793,1692254281798,1693226546043,9,5,4
44557,1693226546043,1692254281802,1692254281806,1693226546051,8,4,4
44558,1693226546051,1692254281810,1692254281813,1693226546059,8,3,5
44559,1693226546059,1692254281818,1692254281820,1693226546065,6,2,4
44560,1693226546065,1692254281824,1692254281827,1693226546073,8,3,5
44561,1693226546073,1692254281832,1692254281836,1693226546081,8,4,4
44562,1693226546081,1692254281840,1692254281843,1693226546089,8,3,5
44563,1693226546089,1692254281848,1692254281851,1693226546097,8,3,5
44564,1693226546097,1692254281856,1692254281860,1693226546105,8,4,4
44565,1693226546106,1692254281865,1692254281868,1693226546114,8,3,5
44566,1693226546114,1692254281874,1692254281877,1693226546122,8,3,5
44567,1693226546122,1692254281882,1692254281886,1693226546132,10,4,6
44568,1693226546132,1692254281892,1692254281896,1693226546141,9,4,5
44569,1693226546141,1692254281900,1692254281903,1693226546148,7,3,4
44570,1693226546148,1692254281907,1692254281910,1693226546156,8,3,5
44571,1693226546156,1692254281915,1692254281918,1693226546163,7,3,4
44572,1693226546163,1692254281922,1692254281926,1693226546172,9,4,5
44573,1693226546172,1692254281931,1692254281934,1693226546180,8,3,5
44574,1693226546180,1692254281939,1692254281942,1693226546187,7,3,4
44575,1693226546188,1692254281947,1692254281950,1693226546195,7,3,4
44576,1693226546195,1692254281955,1692254281959,1693226546205,10,4,6
44577,1693226546205,1692254281963,1692254281967,1693226546212,7,4,3
44578,1693226546212,1692254281970,1692254281973,1693226546218,6,3,3
44579,1693226546218,1692254281977,1692254281980,1693226546225,7,3,4
44580,1693226546225,1692254281985,1692254281988,1693226546233,8,3,5
44581,1693226546233,1692254281992,1692254281995,1693226546241,8,3,5
44582,1693226546241,1692254282000,1692254282003,1693226546248,7,3,4
44583,1693226546248,1692254282007,1692254282009,1693226546255,7,2,5
44584,1693226546255,1692254282014,1692254282017,1693226546262,7,3,4
44585,1693226546262,1692254282021,1692254282025,1693226546270,8,4,4
44586,1693226546270,1692254282029,1692254282033,1693226546279,9,4,5
44587,1693226546279,1692254282038,1692254282041,1693226546286,7,3,4
44588,1693226546286,1692254282045,1692254282049,1693226546294,8,4,4
44589,1693226546294,1692254282053,1692254282056,1693226546302,8,3,5
44590,1693226546302,1692254282061,1692254282064,1693226546309,7,3,4
44591,1693226546309,1692254282068,1692254282071,1693226546316,7,3,4
44592,1693226546316,1692254282075,1692254282079,1693226546325,9,4,5
44593,1693226546325,1692254282084,1692254282089,1693226546335,10,5,5
44594,1693226546335,1692254282094,1692254282097,1693226546342,7,3,4
44595,1693226546342,1692254282101,1692254282104,1693226546349,7,3,4
44596,1693226546349,1692254282108,1692254282111,1693226546356,7,3,4
44597,1693226546356,1692254282116,1692254282119,1693226546365,9,3,6
44598,1693226546365,1692254282124,1692254282128,1693226546373,8,4,4
44599,1693226546373,1692254282132,1692254282135,1693226546380,7,3,4
44600,1693226546380,1692254282139,1692254282143,1693226546388,8,4,4
44601,1693226546388,1692254282147,1692254282150,1693226546396,8,3,5
44602,1693226546396,1692254282155,1692254282158,1693226546403,7,3,4
44603,1693226546403,1692254282163,1692254282165,1693226546411,8,2,6
44604,1693226546411,1692254282170,1692254282173,1693226546419,8,3,5
44605,1693226546419,1692254282177,1692254282180,1693226546426,7,3,4
44606,1693226546426,1692254282184,1692254282187,1693226546433,7,3,4
44607,1693226546433,1692254282192,1692254282196,1693226546441,8,4,4
44608,1693226546441,1692254282200,1692254282203,1693226546449,8,3,5
44609,1693226546449,1692254282208,1692254282211,1693226546456,7,3,4
44610,1693226546456,1692254282215,1692254282218,1693226546464,8,3,5
44611,1693226546464,1692254282225,1692254282228,1693226546474,10,3,7
44612,1693226546474,1692254282232,1692254282235,1693226546481,7,3,4
44613,1693226546481,1692254282240,1692254282243,1693226546488,7,3,4
44614,1693226546488,1692254282247,1692254282251,1693226546496,8,4,4
44615,1693226546496,1692254282255,1692254282258,1693226546505,9,3,6
44616,1693226546505,1692254282264,1692254282267,1693226546513,8,3,5
44617,1693226546513,1692254282272,1692254282275,1693226546521,8,3,5
44618,1693226546521,1692254282280,1692254282283,1693226546529,8,3,5
44619,1693226546529,1692254282287,1692254282290,1693226546536,7,3,4
44620,1693226546536,1692254282294,1692254282297,1693226546543,7,3,4
44621,1693226546543,1692254282301,1692254282304,1693226546550,7,3,4
44622,1693226546550,1692254282309,1692254282313,1693226546558,8,4,4
44623,1693226546558,1692254282317,1692254282320,1693226546565,7,3,4
44624,1693226546565,1692254282324,1692254282327,1693226546573,8,3,5
44625,1693226546573,1692254282332,1692254282336,1693226546581,8,4,4
44626,1693226546581,1692254282340,1692254282343,1693226546589,8,3,5
44627,1693226546589,1692254282347,1692254282350,1693226546596,7,3,4
44628,1693226546596,1692254282355,1692254282358,1693226546603,7,3,4
44629,1693226546603,1692254282365,1692254282368,1693226546613,10,3,7
44630,1693226546613,1692254282372,1692254282376,1693226546622,9,4,5
44631,1693226546622,1692254282380,1692254282384,1693226546629,7,4,3
44632,1693226546629,1692254282388,1692254282392,1693226546638,9,4,5
44633,1693226546638,1692254282397,1692254282400,1693226546648,10,3,7
44634,1693226546648,1692254282407,1692254282411,1693226546657,9,4,5
44635,1693226546657,1692254282415,1692254282419,1693226546666,9,4,5
44636,1693226546666,1692254282426,1692254282429,1693226546674,8,3,5
44637,1693226546674,1692254282433,1692254282436,1693226546681,7,3,4
44638,1693226546681,1692254282441,1692254282444,1693226546689,8,3,5
44639,1693226546689,1692254282449,1692254282452,1693226546697,8,3,5
44640,1693226546697,1692254282456,1692254282459,1693226546705,8,3,5
44641,1693226546705,1692254282472,1692254282475,1693226546721,16,3,13
44642,1693226546721,1692254282480,1692254282484,1693226546729,8,4,4
44643,1693226546730,1692254282489,1692254282493,1693226546738,8,4,4
44644,1693226546738,1692254282497,1692254282500,1693226546745,7,3,4
44645,1693226546746,1692254282505,1692254282508,1693226546754,8,3,5
44646,1693226546754,1692254282512,1692254282515,1693226546760,6,3,3
44647,1693226546761,1692254282520,1692254282523,1693226546769,8,3,5
44648,1693226546769,1692254282527,1692254282531,1693226546776,7,4,3
44649,1693226546776,1692254282535,1692254282538,1693226546784,8,3,5
44650,1693226546784,1692254282549,1692254282553,1693226546798,14,4,10
44651,1693226546798,1692254282557,1692254282560,1693226546806,8,3,5
44652,1693226546806,1692254282565,1692254282569,1693226546814,8,4,4
44653,1693226546814,1692254282573,1692254282577,1693226546822,8,4,4
44654,1693226546822,1692254282581,1692254282584,1693226546831,9,3,6
44655,1693226546831,1692254282591,1692254282593,1693226546841,10,2,8
44656,1693226546841,1692254282600,1692254282603,1693226546848,7,3,4
44657,1693226546848,1692254282607,1692254282610,1693226546856,8,3,5
44658,1693226546856,1692254282615,1692254282619,1693226546864,8,4,4
44659,1693226546864,1692254282623,1692254282626,1693226546872,8,3,5
44660,1693226546872,1692254282631,1692254282634,1693226546880,8,3,5
44661,1693226546880,1692254282639,1692254282642,1693226546888,8,3,5
44662,1693226546888,1692254282647,1692254282650,1693226546896,8,3,5
44663,1693226546896,1692254282655,1692254282658,1693226546904,8,3,5
44664,1693226546904,1692254282662,1692254282665,1693226546911,7,3,4
44665,1693226546911,1692254282672,1692254282674,1693226546920,9,2,7
44666,1693226546920,1692254282678,1692254282681,1693226546927,7,3,4
44667,1693226546927,1692254282686,1692254282690,1693226546936,9,4,5
44668,1693226546936,1692254282695,1692254282699,1693226546944,8,4,4
44669,1693226546944,1692254282703,1692254282706,1693226546951,7,3,4
44670,1693226546952,1692254282711,1692254282713,1693226546959,7,2,5
44671,1693226546959,1692254282718,1692254282721,1693226546967,8,3,5
44672,1693226546967,1692254282726,1692254282729,1693226546975,8,3,5
44673,1693226546975,1692254282734,1692254282738,1693226546983,8,4,4
44674,1693226546983,1692254282743,1692254282746,1693226546991,8,3,5
44675,1693226546991,1692254282749,1692254282752,1693226546998,7,3,4
44676,1693226546998,1692254282757,1692254282760,1693226547005,7,3,4
44677,1693226547005,1692254282765,1692254282769,1693226547014,9,4,5
44678,1693226547014,1692254282774,1692254282778,1693226547023,9,4,5
44679,1693226547023,1692254282782,1692254282785,1693226547030,7,3,4
44680,1693226547030,1692254282789,1692254282792,1693226547038,8,3,5
44681,1693226547038,1692254282797,1692254282800,1693226547046,8,3,5
44682,1693226547046,1692254282805,1692254282808,1693226547054,8,3,5
44683,1693226547054,1692254282813,1692254282816,1693226547061,7,3,4
44684,1693226547062,1692254282821,1692254282824,1693226547069,7,3,4
44685,1693226547069,1692254282827,1692254282831,1693226547076,7,4,3
44686,1693226547076,1692254282835,1692254282838,1693226547084,8,3,5
44687,1693226547084,1692254282843,1692254282847,1693226547092,8,4,4
44688,1693226547092,1692254282852,1692254282856,1693226547101,9,4,5
44689,1693226547101,1692254282864,1692254282867,1693226547113,12,3,9
44690,1693226547113,1692254282871,1692254282874,1693226547121,8,3,5
44691,1693226547122,1692254282880,1692254282884,1693226547129,7,4,3
44692,1693226547129,1692254282888,1692254282891,1693226547138,9,3,6
44693,1693226547138,1692254282897,1692254282901,1693226547146,8,4,4
44694,1693226547146,1692254282905,1692254282908,1693226547153,7,3,4
44695,1693226547153,1692254282912,1692254282915,1693226547160,7,3,4
44696,1693226547160,1692254282918,1692254282921,1693226547167,7,3,4
44697,1693226547167,1692254282926,1692254282929,1693226547174,7,3,4
44698,1693226547174,1692254282933,1692254282936,1693226547181,7,3,4
44699,1693226547181,1692254282940,1692254282943,1693226547189,8,3,5
44700,1693226547189,1692254282949,1692254282952,1693226547199,10,3,7
44701,1693226547199,1692254282958,1692254282962,1693226547207,8,4,4
44702,1693226547207,1692254282966,1692254282969,1693226547214,7,3,4
44703,1693226547214,1692254282973,1692254282976,1693226547222,8,3,5
44704,1693226547222,1692254282981,1692254282987,1693226547232,10,6,4
44705,1693226547232,1692254282991,1692254282994,1693226547240,8,3,5
44706,1693226547240,1692254282999,1692254283002,1693226547247,7,3,4
44707,1693226547248,1692254283006,1692254283010,1693226547255,7,4,3
44708,1693226547255,1692254283014,1692254283017,1693226547262,7,3,4
44709,1693226547262,1692254283022,1692254283025,1693226547271,9,3,6
44710,1693226547271,1692254283030,1692254283033,1693226547278,7,3,4
44711,1693226547278,1692254283037,1692254283040,1693226547286,8,3,5
44712,1693226547286,1692254283047,1692254283050,1693226547296,10,3,7
44713,1693226547296,1692254283055,1692254283058,1693226547303,7,3,4
44714,1693226547303,1692254283062,1692254283064,1693226547310,7,2,5
44715,1693226547310,1692254283069,1692254283073,1693226547319,9,4,5
44716,1693226547319,1692254283077,1692254283080,1693226547326,7,3,4
44717,1693226547326,1692254283084,1692254283088,1693226547333,7,4,3
44718,1693226547333,1692254283091,1692254283094,1693226547340,7,3,4
44719,1693226547340,1692254283099,1692254283102,1693226547348,8,3,5
44720,1693226547348,1692254283107,1692254283111,1693226547356,8,4,4
44721,1693226547356,1692254283115,1692254283118,1693226547374,18,3,15
44722,1693226547374,1692254283145,1692254283149,1693226547395,21,4,17
44723,1693226547395,1692254283154,1692254283157,1693226547403,8,3,5
44724,1693226547403,1692254283162,1692254283165,1693226547410,7,3,4
44725,1693226547410,1692254283169,1692254283172,1693226547418,8,3,5
44726,1693226547418,1692254283194,1692254283197,1693226547443,25,3,22
44727,1693226547443,1692254283201,1692254283204,1693226547450,7,3,4
44728,1693226547450,1692254283209,1692254283213,1693226547458,8,4,4
44729,1693226547458,1692254283217,1692254283220,1693226547466,8,3,5
44730,1693226547466,1692254283225,1692254283228,1693226547473,7,3,4
44731,1693226547473,1692254283232,1692254283235,1693226547481,8,3,5
44732,1693226547481,1692254283240,1692254283244,1693226547490,9,4,5
44733,1693226547490,1692254283251,1692254283257,1693226547502,12,6,6
44734,1693226547502,1692254283261,1692254283264,1693226547510,8,3,5
44735,1693226547510,1692254283269,1692254283272,1693226547518,8,3,5
44736,1693226547518,1692254283278,1692254283281,1693226547530,12,3,9
44737,1693226547530,1692254283289,1692254283293,1693226547538,8,4,4
44738,1693226547538,1692254283297,1692254283300,1693226547546,8,3,5
44739,1693226547546,1692254283305,1692254283309,1693226547554,8,4,4
44740,1693226547554,1692254283313,1692254283318,1693226547571,17,5,12
44741,1693226547571,1692254283347,1692254283350,1693226547596,25,3,22
44742,1693226547596,1692254283356,1692254283359,1693226547604,8,3,5
44743,1693226547604,1692254283364,1692254283367,1693226547612,8,3,5
44744,1693226547612,1692254283370,1692254283373,1693226547619,7,3,4
44745,1693226547619,1692254283378,1692254283382,1693226547627,8,4,4
44746,1693226547627,1692254283389,1692254283392,1693226547637,10,3,7
44747,1693226547637,1692254283396,1692254283399,1693226547645,8,3,5
44748,1693226547645,1692254283404,1692254283408,1693226547653,8,4,4
44749,1693226547653,1692254283412,1692254283416,1693226547661,8,4,4
44750,1693226547661,1692254283420,1692254283423,1693226547692,31,3,28
44751,1693226547692,1692254283451,1692254283455,1693226547700,8,4,4
44752,1693226547700,1692254283460,1692254283463,1693226547708,8,3,5
44753,1693226547708,1692254283467,1692254283469,1693226547715,7,2,5
44754,1693226547715,1692254283474,1692254283476,1693226547722,7,2,5
44755,1693226547722,1692254283481,1692254283485,1693226547730,8,4,4
44756,1693226547730,1692254283492,1692254283495,1693226547740,10,3,7
44757,1693226547740,1692254283499,1692254283501,1693226547747,7,2,5
44758,1693226547747,1692254283506,1692254283509,1693226547754,7,3,4
44759,1693226547754,1692254283514,1692254283517,1693226547762,8,3,5
44760,1693226547762,1692254283522,1692254283526,1693226547771,9,4,5
44761,1693226547771,1692254283530,1692254283532,1693226547778,7,2,5
44762,1693226547778,1692254283537,1692254283540,1693226547786,8,3,5
44763,1693226547786,1692254283544,1692254283547,1693226547793,7,3,4
44764,1693226547793,1692254283552,1692254283555,1693226547800,7,3,4
44765,1693226547800,1692254283559,1692254283562,1693226547808,8,3,5
44766,1693226547808,1692254283566,1692254283570,1693226547816,8,4,4
44767,1693226547816,1692254283574,1692254283577,1693226547822,6,3,3
44768,1693226547822,1692254283581,1692254283585,1693226547830,8,4,4
44769,1693226547830,1692254283590,1692254283593,1693226547839,9,3,6
44770,1693226547839,1692254283598,1692254283602,1693226547847,8,4,4
44771,1693226547847,1692254283606,1692254283609,1693226547855,8,3,5
44772,1693226547855,1692254283613,1692254283617,1693226547862,7,4,3
44773,1693226547862,1692254283621,1692254283624,1693226547869,7,3,4
44774,1693226547869,1692254283628,1692254283630,1693226547892,23,2,21
44775,1693226547892,1692254283651,1692254283654,1693226547900,8,3,5
44776,1693226547900,1692254283660,1692254283663,1693226547909,9,3,6
44777,1693226547909,1692254283667,1692254283671,1693226547916,7,4,3
44778,1693226547916,1692254283675,1692254283677,1693226547923,7,2,5
44779,1693226547923,1692254283682,1692254283685,1693226547934,11,3,8
44780,1693226547934,1692254283695,1692254283699,1693226547945,11,4,7
44781,1693226547945,1692254283704,1692254283707,1693226547952,7,3,4
44782,1693226547952,1692254283710,1692254283714,1693226547959,7,4,3
44783,1693226547959,1692254283718,1692254283722,1693226547967,8,4,4
44784,1693226547967,1692254283726,1692254283730,1693226547975,8,4,4
44785,1693226547975,1692254283734,1692254283736,1693226547981,6,2,4
44786,1693226547981,1692254283740,1692254283745,1693226547991,10,5,5
44787,1693226547991,1692254283751,1692254283754,1693226547999,8,3,5
44788,1693226547999,1692254283758,1692254283761,1693226548007,8,3,5
44789,1693226548007,1692254283766,1692254283769,1693226548014,7,3,4
44790,1693226548014,1692254283773,1692254283777,1693226548022,8,4,4
44791,1693226548022,1692254283781,1692254283784,1693226548029,7,3,4
44792,1693226548029,1692254283788,1692254283792,1693226548037,8,4,4
44793,1693226548037,1692254283798,1692254283802,1693226548047,10,4,6
44794,1693226548047,1692254283806,1692254283809,1693226548054,7,3,4
44795,1693226548054,1692254283814,1692254283816,1693226548062,8,2,6
44796,1693226548062,1692254283822,1692254283825,1693226548071,9,3,6
44797,1693226548071,1692254283830,1692254283833,1693226548079,8,3,5
44798,1693226548079,1692254283838,1692254283842,1693226548088,9,4,5
44799,1693226548088,1692254283847,1692254283850,1693226548095,7,3,4
44800,1693226548095,1692254283854,1692254283857,1693226548103,8,3,5
44801,1693226548103,1692254283862,1692254283865,1693226548111,8,3,5
44802,1693226548111,1692254283870,1692254283873,1693226548119,8,3,5
44803,1693226548119,1692254283878,1692254283881,1693226548127,8,3,5
44804,1693226548127,1692254283886,1692254283889,1693226548134,7,3,4
44805,1693226548134,1692254283894,1692254283897,1693226548145,11,3,8
44806,1693226548145,1692254283904,1692254283907,1693226548153,8,3,5
44807,1693226548153,1692254283912,1692254283915,1693226548161,8,3,5
44808,1693226548161,1692254283919,1692254283923,1693226548168,7,4,3
44809,1693226548168,1692254283928,1692254283931,1693226548176,8,3,5
44810,1693226548176,1692254283935,1692254283939,1693226548184,8,4,4
44811,1693226548184,1692254283944,1692254283947,1693226548193,9,3,6
44812,1693226548193,1692254283952,1692254283956,1693226548201,8,4,4
44813,1693226548201,1692254283961,1692254283964,1693226548210,9,3,6
44814,1693226548210,1692254283969,1692254283974,1693226548220,10,5,5
44815,1693226548220,1692254283980,1692254283984,1693226548230,10,4,6
44816,1693226548230,1692254283989,1692254283992,1693226548238,8,3,5
44817,1693226548238,1692254283997,1692254284001,1693226548246,8,4,4
44818,1693226548246,1692254284006,1692254284009,1693226548254,8,3,5
44819,1693226548254,1692254284013,1692254284016,1693226548261,7,3,4
44820,1693226548262,1692254284023,1692254284026,1693226548272,10,3,7
44821,1693226548272,1692254284033,1692254284037,1693226548282,10,4,6
44822,1693226548282,1692254284041,1692254284044,1693226548290,8,3,5
44823,1693226548290,1692254284049,1692254284053,1693226548298,8,4,4
44824,1693226548298,1692254284057,1692254284060,1693226548305,7,3,4
44825,1693226548305,1692254284068,1692254284072,1693226548317,12,4,8
44826,1693226548317,1692254284076,1692254284079,1693226548324,7,3,4
44827,1693226548324,1692254284083,1692254284087,1693226548332,8,4,4
44828,1693226548333,1692254284092,1692254284095,1693226548340,7,3,4
44829,1693226548340,1692254284099,1692254284102,1693226548349,9,3,6
44830,1693226548349,1692254284107,1692254284110,1693226548356,7,3,4
44831,1693226548356,1692254284115,1692254284119,1693226548365,9,4,5
44832,1693226548365,1692254284124,1692254284128,1693226548373,8,4,4
44833,1693226548373,1692254284132,1692254284136,1693226548382,9,4,5
44834,1693226548382,1692254284141,1692254284145,1693226548390,8,4,4
44835,1693226548390,1692254284149,1692254284152,1693226548398,8,3,5
44836,1693226548398,1692254284157,1692254284160,1693226548405,7,3,4
44837,1693226548406,1692254284165,1692254284168,1693226548414,8,3,5
44838,1693226548414,1692254284173,1692254284176,1693226548422,8,3,5
44839,1693226548422,1692254284184,1692254284188,1693226548433,11,4,7
44840,1693226548433,1692254284192,1692254284195,1693226548440,7,3,4
44841,1693226548440,1692254284199,1692254284203,1693226548448,8,4,4
44842,1693226548448,1692254284209,1692254284213,1693226548459,11,4,7
44843,1693226548459,1692254284218,1692254284221,1693226548467,8,3,5
44844,1693226548467,1692254284225,1692254284229,1693226548474,7,4,3
44845,1693226548474,1692254284233,1692254284236,1693226548482,8,3,5
44846,1693226548482,1692254284241,1692254284244,1693226548490,8,3,5
44847,1693226548490,1692254284249,1692254284252,1693226548498,8,3,5
44848,1693226548498,1692254284257,1692254284260,1693226548505,7,3,4
44849,1693226548505,1692254284264,1692254284267,1693226548512,7,3,4
44850,1693226548512,1692254284271,1692254284275,1693226548520,8,4,4
44851,1693226548520,1692254284279,1692254284283,1693226548529,9,4,5
44852,1693226548529,1692254284288,1692254284291,1693226548537,8,3,5
44853,1693226548537,1692254284296,1692254284299,1693226548544,7,3,4
44854,1693226548544,1692254284303,1692254284307,1693226548553,9,4,5
44855,1693226548553,1692254284313,1692254284317,1693226548563,10,4,6
44856,1693226548563,1692254284322,1692254284325,1693226548570,7,3,4
44857,1693226548570,1692254284330,1692254284333,1693226548579,9,3,6
44858,1693226548579,1692254284338,1692254284340,1693226548586,7,2,5
44859,1693226548586,1692254284344,1692254284348,1693226548593,7,4,3
44860,1693226548593,1692254284352,1692254284356,1693226548601,8,4,4
44861,1693226548601,1692254284359,1692254284363,1693226548608,7,4,3
44862,1693226548608,1692254284367,1692254284371,1693226548617,9,4,5
44863,1693226548617,1692254284377,1692254284380,1693226548625,8,3,5
44864,1693226548625,1692254284384,1692254284387,1693226548632,7,3,4
44865,1693226548632,1692254284391,1692254284394,1693226548639,7,3,4
44866,1693226548639,1692254284399,1692254284401,1693226548647,8,2,6
44867,1693226548647,1692254284406,1692254284409,1693226548656,9,3,6
44868,1693226548656,1692254284415,1692254284418,1693226548663,7,3,4
44869,1693226548663,1692254284422,1692254284426,1693226548671,8,4,4
44870,1693226548671,1692254284431,1692254284433,1693226548679,8,2,6
44871,1693226548679,1692254284438,1692254284441,1693226548686,7,3,4
44872,1693226548686,1692254284445,1692254284448,1693226548694,8,3,5
44873,1693226548694,1692254284453,1692254284456,1693226548701,7,3,4
44874,1693226548701,1692254284460,1692254284463,1693226548708,7,3,4
44875,1693226548709,1692254284467,1692254284470,1693226548715,6,3,3
44876,1693226548715,1692254284473,1692254284477,1693226548722,7,4,3
44877,1693226548722,1692254284482,1692254284484,1693226548730,8,2,6
44878,1693226548730,1692254284489,1692254284492,1693226548738,8,3,5
44879,1693226548738,1692254284497,1692254284500,1693226548746,8,3,5
44880,1693226548746,1692254284505,1692254284509,1693226548754,8,4,4
44881,1693226548754,1692254284516,1692254284519,1693226548764,10,3,7
44882,1693226548764,1692254284523,1692254284527,1693226548772,8,4,4
44883,1693226548772,1692254284531,1692254284535,1693226548782,10,4,6
44884,1693226548782,1692254284541,1692254284543,1693226548789,7,2,5
44885,1693226548789,1692254284548,1692254284552,1693226548797,8,4,4
44886,1693226548797,1692254284556,1692254284559,1693226548805,8,3,5
44887,1693226548805,1692254284564,1692254284567,1693226548813,8,3,5
44888,1693226548813,1692254284572,1692254284576,1693226548821,8,4,4
44889,1693226548821,1692254284582,1692254284585,1693226548830,9,3,6
44890,1693226548830,1692254284589,1692254284593,1693226548838,8,4,4
44891,1693226548838,1692254284597,1692254284602,1693226548847,9,5,4
44892,1693226548847,1692254284607,1692254284610,1693226548855,8,3,5
44893,1693226548855,1692254284614,1692254284618,1693226548863,8,4,4
44894,1693226548863,1692254284622,1692254284625,1693226548870,7,3,4
44895,1693226548870,1692254284629,1692254284632,1693226548878,8,3,5
44896,1693226548878,1692254284637,1692254284640,1693226548886,8,3,5
44897,1693226548886,1692254284645,1692254284648,1693226548894,8,3,5
44898,1693226548894,1692254284653,1692254284655,1693226548901,7,2,5
44899,1693226548901,1692254284660,1692254284663,1693226548909,8,3,5
44900,1693226548909,1692254284668,1692254284671,1693226548916,7,3,4
44901,1693226548916,1692254284675,1692254284678,1693226548923,7,3,4
44902,1693226548923,1692254284682,1692254284685,1693226548930,7,3,4
44903,1693226548930,1692254284689,1692254284693,1693226548940,10,4,6
44904,1693226548940,1692254284699,1692254284702,1693226548948,8,3,5
44905,1693226548948,1692254284707,1692254284711,1693226548956,8,4,4
44906,1693226548956,1692254284715,1692254284718,1693226548964,8,3,5
44907,1693226548964,1692254284723,1692254284725,1693226548971,7,2,5
44908,1693226548971,1692254284730,1692254284733,1693226548978,7,3,4
44909,1693226548978,1692254284738,1692254284743,1693226548989,11,5,6
44910,1693226548989,1692254284748,1692254284751,1693226548997,8,3,5
44911,1693226548997,1692254284755,1692254284758,1693226549004,7,3,4
44912,1693226549004,1692254284762,1692254284765,1693226549011,7,3,4
44913,1693226549011,1692254284770,1692254284773,1693226549018,7,3,4
44914,1693226549018,1692254284777,1692254284780,1693226549026,8,3,5
44915,1693226549026,1692254284785,1692254284789,1693226549034,8,4,4
44916,1693226549034,1692254284793,1692254284796,1693226549041,7,3,4
44917,1693226549041,1692254284800,1692254284803,1693226549048,7,3,4
44918,1693226549048,1692254284807,1692254284810,1693226549056,8,3,5
44919,1693226549056,1692254284815,1692254284819,1693226549065,9,4,5
44920,1693226549065,1692254284824,1692254284828,1693226549073,8,4,4
44921,1693226549073,1692254284832,1692254284835,1693226549080,7,3,4
44922,1693226549080,1692254284839,1692254284842,1693226549087,7,3,4
44923,1693226549088,1692254284846,1692254284850,1693226549095,7,4,3
44924,1693226549096,1692254284855,1692254284858,1693226549104,8,3,5
44925,1693226549104,1692254284863,1692254284868,1693226549113,9,5,4
44926,1693226549114,1692254284872,1692254284876,1693226549121,7,4,3
44927,1693226549121,1692254284879,1692254284882,1693226549128,7,3,4
44928,1693226549128,1692254284887,1692254284890,1693226549135,7,3,4
44929,1693226549135,1692254284894,1692254284898,1693226549143,8,4,4
44930,1693226549143,1692254284902,1692254284905,1693226549151,8,3,5
44931,1693226549151,1692254284910,1692254284913,1693226549158,7,3,4
44932,1693226549158,1692254284917,1692254284920,1693226549169,11,3,8
44933,1693226549169,1692254284927,1692254284930,1693226549175,6,3,3
44934,1693226549175,1692254284934,1692254284937,1693226549182,7,3,4
44935,1693226549182,1692254284943,1692254284947,1693226549192,10,4,6
44936,1693226549192,1692254284952,1692254284955,1693226549201,9,3,6
44937,1693226549201,1692254284959,1692254284962,1693226549207,6,3,3
44938,1693226549207,1692254284966,1692254284969,1693226549215,8,3,5
44939,1693226549215,1692254284973,1692254284976,1693226549222,7,3,4
44940,1693226549222,1692254284981,1692254284984,1693226549229,7,3,4
44941,1693226549229,1692254284988,1692254284992,1693226549237,8,4,4
44942,1693226549237,1692254284996,1692254285000,1693226549245,8,4,4
44943,1693226549245,1692254285004,1692254285007,1693226549253,8,3,5
44944,1693226549253,1692254285011,1692254285014,1693226549260,7,3,4
44945,1693226549260,1692254285019,1692254285022,1693226549270,10,3,7
44946,1693226549270,1692254285029,1692254285035,1693226549280,10,6,4
44947,1693226549280,1692254285039,1692254285043,1693226549288,8,4,4
44948,1693226549288,1692254285047,1692254285051,1693226549296,8,4,4
44949,1693226549296,1692254285055,1692254285058,1693226549304,8,3,5
44950,1693226549304,1692254285063,1692254285066,1693226549311,7,3,4
44951,1693226549311,1692254285071,1692254285074,1693226549320,9,3,6
44952,1693226549320,1692254285079,1692254285082,1693226549327,7,3,4
44953,1693226549327,1692254285086,1692254285089,1693226549335,8,3,5
44954,1693226549335,1692254285094,1692254285097,1693226549343,8,3,5
44955,1693226549343,1692254285101,1692254285105,1693226549350,7,4,3
44956,1693226549350,1692254285110,1692254285112,1693226549358,8,2,6
44957,1693226549358,1692254285117,1692254285121,1693226549366,8,4,4
44958,1693226549366,1692254285125,1692254285128,1693226549373,7,3,4
44959,1693226549373,1692254285132,1692254285136,1693226549381,8,4,4
44960,1693226549381,1692254285140,1692254285142,1693226549388,7,2,5
44961,1693226549388,1692254285146,1692254285151,1693226549396,8,5,3
44962,1693226549396,1692254285155,1692254285158,1693226549403,7,3,4
44963,1693226549403,1692254285162,1692254285165,1693226549411,8,3,5
44964,1693226549411,1692254285170,1692254285173,1693226549418,7,3,4
44965,1693226549418,1692254285177,1692254285180,1693226549426,8,3,5
44966,1693226549426,1692254285185,1692254285188,1693226549433,7,3,4
44967,1693226549433,1692254285192,1692254285195,1693226549440,7,3,4
44968,1693226549440,1692254285199,1692254285203,1693226549448,8,4,4
44969,1693226549448,1692254285207,1692254285210,1693226549455,7,3,4
44970,1693226549455,1692254285214,1692254285218,1693226549463,8,4,4
44971,1693226549463,1692254285222,1692254285225,1693226549471,8,3,5
44972,1693226549471,1692254285232,1692254285235,1693226549480,9,3,6
44973,1693226549480,1692254285239,1692254285243,1693226549489,9,4,5
44974,1693226549489,1692254285247,1692254285250,1693226549496,7,3,4
44975,1693226549496,1692254285256,1692254285259,1693226549505,9,3,6
44976,1693226549505,1692254285264,1692254285267,1693226549513,8,3,5
44977,1693226549513,1692254285272,1692254285276,1693226549521,8,4,4
44978,1693226549521,1692254285280,1692254285283,1693226549529,8,3,5
44979,1693226549529,1692254285287,1692254285290,1693226549536,7,3,4
44980,1693226549536,1692254285294,1692254285297,1693226549543,7,3,4
44981,1693226549543,1692254285302,1692254285305,1693226549550,7,3,4
44982,1693226549550,1692254285309,1692254285312,1693226549558,8,3,5
44983,1693226549558,1692254285317,1692254285320,1693226549566,8,3,5
44984,1693226549566,1692254285325,1692254285328,1693226549573,7,3,4
44985,1693226549573,1692254285334,1692254285337,1693226549582,9,3,6
44986,1693226549582,1692254285341,1692254285344,1693226549590,8,3,5
44987,1693226549590,1692254285350,1692254285353,1693226549599,9,3,6
44988,1693226549599,1692254285358,1692254285362,1693226549608,9,4,5
44989,1693226549608,1692254285367,1692254285370,1693226549615,7,3,4
44990,1693226549615,1692254285374,1692254285377,1693226549622,7,3,4
44991,1693226549622,1692254285381,1692254285385,1693226549631,9,4,5
44992,1693226549631,1692254285390,1692254285393,1693226549638,7,3,4
44993,1693226549638,1692254285398,1692254285400,1693226549646,8,2,6
44994,1693226549646,1692254285406,1692254285409,1693226549655,9,3,6
44995,1693226549655,1692254285413,1692254285417,1693226549662,7,4,3
44996,1693226549662,1692254285422,1692254285424,1693226549670,8,2,6
44997,1693226549670,1692254285429,1692254285433,1693226549680,10,4,6
44998,1693226549680,1692254285439,1692254285444,1693226549689,9,5,4
44999,1693226549689,1692254285448,1692254285451,1693226549696,7,3,4
45000,1693226549696,1692254285455,1692254285459,1693226549705,9,4,5
45001,1693226549705,1692254285464,1692254285467,1693226549712,7,3,4
45002,1693226549712,1692254285471,1692254285474,1693226549720,8,3,5
45003,1693226549720,1692254285479,1692254285482,1693226549727,7,3,4
45004,1693226549727,1692254285487,1692254285490,1693226549736,9,3,6
45005,1693226549736,1692254285494,1692254285497,1693226549743,7,3,4
45006,1693226549743,1692254285502,1692254285505,1693226549750,7,3,4
45007,1693226549750,1692254285509,1692254285514,1693226549759,9,5,4
45008,1693226549759,1692254285518,1692254285521,1693226549767,8,3,5
45009,1693226549767,1692254285526,1692254285530,1693226549775,8,4,4
45010,1693226549775,1692254285533,1692254285537,1693226549782,7,4,3
45011,1693226549782,1692254285540,1692254285544,1693226549789,7,4,3
45012,1693226549789,1692254285549,1692254285552,1693226549797,8,3,5
45013,1693226549798,1692254285557,1692254285560,1693226549806,8,3,5
45014,1693226549806,1692254285565,1692254285568,1693226549813,7,3,4
45015,1693226549813,1692254285572,1692254285575,1693226549821,8,3,5
45016,1693226549821,1692254285579,1692254285583,1693226549828,7,4,3
45017,1693226549828,1692254285587,1692254285591,1693226549837,9,4,5
45018,1693226549837,1692254285596,1692254285599,1693226549845,8,3,5
45019,1693226549845,1692254285604,1692254285608,1693226549853,8,4,4
45020,1693226549853,1692254285613,1692254285616,1693226549861,8,3,5
45021,1693226549861,1692254285620,1692254285623,1693226549869,8,3,5
45022,1693226549869,1692254285627,1692254285631,1693226549876,7,4,3
45023,1693226549876,1692254285635,1692254285638,1693226549884,8,3,5
45024,1693226549885,1692254285644,1692254285646,1693226549892,7,2,5
45025,1693226549892,1692254285651,1692254285654,1693226549899,7,3,4
45026,1693226549899,1692254285663,1692254285667,1693226549912,13,4,9
45027,1693226549912,1692254285672,1692254285675,1693226549920,8,3,5
45028,1693226549920,1692254285679,1692254285682,1693226549928,8,3,5
45029,1693226549928,1692254285687,1692254285690,1693226549936,8,3,5
45030,1693226549936,1692254285696,1692254285699,1693226549945,9,3,6
45031,1693226549945,1692254285704,1692254285708,1693226549953,8,4,4
45032,1693226549953,1692254285712,1692254285716,1693226549961,8,4,4
45033,1693226549961,1692254285720,1692254285723,1693226549968,7,3,4
45034,1693226549968,1692254285727,1692254285733,1693226549978,10,6,4
45035,1693226549978,1692254285737,1692254285740,1693226549987,9,3,6
45036,1693226549987,1692254285746,1692254285750,1693226549995,8,4,4
45037,1693226549995,1692254285754,1692254285757,1693226550003,8,3,5
45038,1693226550003,1692254285762,1692254285766,1693226550011,8,4,4
45039,1693226550011,1692254285770,1692254285773,1693226550018,7,3,4
45040,1693226550018,1692254285777,1692254285780,1693226550026,8,3,5
45041,1693226550026,1692254285786,1692254285788,1693226550034,8,2,6
45042,1693226550034,1692254285792,1692254285796,1693226550042,8,4,4
45043,1693226550042,1692254285801,1692254285804,1693226550049,7,3,4
45044,1693226550049,1692254285808,1692254285811,1693226550057,8,3,5
45045,1693226550057,1692254285816,1692254285819,1693226550064,7,3,4
45046,1693226550064,1692254285823,1692254285825,1693226550071,7,2,5
45047,1693226550071,1692254285830,1692254285834,1693226550079,8,4,4
45048,1693226550079,1692254285838,1692254285841,1693226550087,8,3,5
45049,1693226550087,1692254285847,1692254285850,1693226550096,9,3,6
45050,1693226550096,1692254285855,1692254285858,1693226550103,7,3,4
45051,1693226550103,1692254285862,1692254285865,1693226550110,7,3,4
45052,1693226550110,1692254285870,1692254285873,1693226550119,9,3,6
45053,1693226550119,1692254285877,1692254285881,1693226550127,8,4,4
45054,1693226550127,1692254285886,1692254285889,1693226550135,8,3,5
45055,1693226550135,1692254285893,1692254285896,1693226550142,7,3,4
45056,1693226550142,1692254285901,1692254285904,1693226550149,7,3,4
45057,1693226550149,1692254285908,1692254285911,1693226550156,7,3,4
45058,1693226550157,1692254285916,1692254285919,1693226550165,8,3,5
45059,1693226550165,1692254285925,1692254285928,1693226550173,8,3,5
45060,1693226550173,1692254285933,1692254285936,1693226550181,8,3,5
45061,1693226550181,1692254285940,1692254285944,1693226550193,12,4,8
45062,1693226550193,1692254285952,1692254285955,1693226550200,7,3,4
45063,1693226550200,1692254285959,1692254285962,1693226550207,7,3,4
45064,1693226550207,1692254285966,1692254285969,1693226550215,8,3,5
45065,1693226550215,1692254285974,1692254285977,1693226550223,8,3,5
45066,1693226550223,1692254285982,1692254285985,1693226550230,7,3,4
45067,1693226550230,1692254285990,1692254285993,1693226550239,9,3,6
45068,1693226550239,1692254285997,1692254286000,1693226550246,7,3,4
45069,1693226550246,1692254286005,1692254286008,1693226550255,9,3,6
45070,1693226550255,1692254286014,1692254286018,1693226550266,11,4,7
45071,1693226550266,1692254286025,1692254286029,1693226550275,9,4,5
45072,1693226550275,1692254286034,1692254286037,1693226550282,7,3,4
45073,1693226550282,1692254286041,1692254286045,1693226550291,9,4,5
45074,1693226550291,1692254286051,1692254286055,1693226550300,9,4,5
45075,1693226550300,1692254286060,1692254286063,1693226550308,8,3,5
45076,1693226550308,1692254286067,1692254286071,1693226550316,8,4,4
45077,1693226550316,1692254286075,1692254286077,1693226550323,7,2,5
45078,1693226550323,1692254286082,1692254286085,1693226550331,8,3,5
45079,1693226550331,1692254286090,1692254286093,1693226550339,8,3,5
45080,1693226550339,1692254286098,1692254286101,1693226550346,7,3,4
45081,1693226550346,1692254286105,1692254286109,1693226550354,8,4,4
45082,1693226550354,1692254286114,1692254286118,1693226550364,10,4,6
45083,1693226550364,1692254286124,1692254286126,1693226550372,8,2,6
45084,1693226550372,1692254286132,1692254286135,1693226550381,9,3,6
45085,1693226550381,1692254286140,1692254286143,1693226550389,8,3,5
45086,1693226550389,1692254286148,1692254286150,1693226550397,8,2,6
45087,1693226550397,1692254286156,1692254286159,1693226550405,8,3,5
45088,1693226550405,1692254286164,1692254286167,1693226550413,8,3,5
45089,1693226550413,1692254286172,1692254286175,1693226550420,7,3,4
45090,1693226550420,1692254286179,1692254286182,1693226550427,7,3,4
45091,1693226550428,1692254286187,1692254286190,1693226550435,7,3,4
45092,1693226550435,1692254286194,1692254286197,1693226550443,8,3,5
45093,1693226550443,1692254286202,1692254286205,1693226550451,8,3,5
45094,1693226550451,1692254286210,1692254286212,1693226550458,7,2,5
45095,1693226550458,1692254286217,1692254286220,1693226550466,8,3,5
45096,1693226550466,1692254286225,1692254286228,1693226550473,7,3,4
45097,1693226550473,1692254286232,1692254286235,1693226550480,7,3,4
45098,1693226550480,1692254286239,1692254286243,1693226550488,8,4,4
45099,1693226550488,1692254286247,1692254286250,1693226550496,8,3,5
45100,1693226550496,1692254286256,1692254286259,1693226550505,9,3,6
45101,1693226550505,1692254286264,1692254286267,1693226550512,7,3,4
45102,1693226550512,1692254286271,1692254286274,1693226550519,7,3,4
45103,1693226550519,1692254286279,1692254286283,1693226550529,10,4,6
45104,1693226550529,1692254286288,1692254286292,1693226550537,8,4,4
45105,1693226550537,1692254286296,1692254286299,1693226550545,8,3,5
45106,1693226550545,1692254286304,1692254286307,1693226550552,7,3,4
45107,1693226550552,1692254286311,1692254286314,1693226550560,8,3,5
45108,1693226550560,1692254286319,1692254286323,1693226550568,8,4,4
45109,1693226550568,1692254286327,1692254286330,1693226550576,8,3,5
45110,1693226550576,1692254286335,1692254286338,1693226550584,8,3,5
45111,1693226550584,1692254286343,1692254286345,1693226550591,7,2,5
45112,1693226550591,1692254286349,1692254286352,1693226550597,6,3,3
45113,1693226550597,1692254286360,1692254286363,1693226550609,12,3,9
45114,1693226550609,1692254286368,1692254286371,1693226550616,7,3,4
45115,1693226550616,1692254286375,1692254286379,1693226550624,8,4,4
45116,1693226550624,1692254286383,1692254286385,1693226550631,7,2,5
45117,1693226550631,1692254286390,1692254286392,1693226550638,7,2,5
45118,1693226550638,1692254286397,1692254286400,1693226550645,7,3,4
45119,1693226550645,1692254286404,1692254286407,1693226550652,7,3,4
45120,1693226550652,1692254286412,1692254286415,1693226550660,8,3,5
45121,1693226550840,1692254286600,1692254286604,1693226550850,10,4,6
45122,1693226550850,1692254286610,1692254286615,1693226550860,10,5,5
45123,1693226550860,1692254286620,1692254286623,1693226550869,9,3,6
45124,1693226550869,1692254286633,1692254286636,1693226550889,20,3,17
45125,1693226550889,1692254286648,1692254286651,1693226550897,8,3,5
45126,1693226550897,1692254286656,1692254286660,1693226550905,8,4,4
45127,1693226550905,1692254286666,1692254286669,1693226550914,9,3,6
45128,1693226550914,1692254286673,1692254286676,1693226550922,8,3,5
45129,1693226550922,1692254286681,1692254286684,1693226550929,7,3,4
45130,1693226550929,1692254286688,1692254286691,1693226550936,7,3,4
45131,1693226550936,1692254286695,1692254286698,1693226550944,8,3,5
45132,1693226550944,1692254286703,1692254286708,1693226550954,10,5,5
45133,1693226550954,1692254286713,1692254286716,1693226550962,8,3,5
45134,1693226550962,1692254286721,1692254286724,1693226550969,7,3,4
45135,1693226550969,1692254286728,1692254286731,1693226550976,7,3,4
45136,1693226550976,1692254286735,1692254286738,1693226550983,7,3,4
45137,1693226550983,1692254286744,1692254286747,1693226550993,10,3,7
45138,1693226550993,1692254286753,1692254286756,1693226551001,8,3,5
45139,1693226551001,1692254286760,1692254286763,1693226551011,10,3,7
45140,1693226551011,1692254286786,1692254286789,1693226551034,23,3,20
45141,1693226551034,1692254286861,1692254286864,1693226551110,76,3,73
45142,1693226551110,1692254286893,1692254286897,1693226551143,33,4,29
45143,1693226551143,1692254287069,1692254287075,1693226551320,177,6,171
45144,1693226551320,1692254287096,1692254287099,1693226551345,25,3,22
45145,1693226551345,1692254287113,1692254287117,1693226551362,17,4,13
45146,1693226551362,1692254287121,1692254287124,1693226551369,7,3,4
45147,1693226551369,1692254287128,1692254287132,1693226551378,9,4,5
45148,1693226551378,1692254287137,1692254287139,1693226551385,7,2,5
45149,1693226551385,1692254287213,1692254287217,1693226551462,77,4,73
45150,1693226551462,1692254287226,1692254287229,1693226551474,12,3,9
45151,1693226551474,1692254287233,1692254287236,1693226551482,8,3,5
45152,1693226551482,1692254287241,1692254287244,1693226551489,7,3,4
45153,1693226551489,1692254287250,1692254287254,1693226551499,10,4,6
45154,1693226551499,1692254287279,1692254287283,1693226551529,30,4,26
45155,1693226551529,1692254287288,1692254287291,1693226551536,7,3,4
45156,1693226551537,1692254287322,1692254287325,1693226551570,33,3,30
45157,1693226551570,1692254287329,1692254287332,1693226551578,8,3,5
45158,1693226551578,1692254287346,1692254287349,1693226551594,16,3,13
45159,1693226551594,1692254287379,1692254287381,1693226551627,33,2,31
45160,1693226551627,1692254287386,1692254287389,1693226551634,7,3,4
45161,1693226551634,1692254287401,1692254287404,1693226551650,16,3,13
45162,1693226551650,1692254287409,1692254287412,1693226551657,7,3,4
45163,1693226551657,1692254287469,1692254287472,1693226551718,61,3,58
45164,1693226551718,1692254287476,1692254287479,1693226551725,7,3,4
45165,1693226551725,1692254287486,1692254287489,1693226551734,9,3,6
45166,1693226551734,1692254287494,1692254287497,1693226551742,8,3,5
45167,1693226551742,1692254287509,1692254287512,1693226551757,15,3,12
45168,1693226551757,1692254287518,1692254287521,1693226551766,9,3,6
45169,1693226551766,1692254287629,1692254287633,1693226551878,112,4,108
45170,1693226551878,1692254287637,1692254287640,1693226551885,7,3,4
45171,1693226551885,1692254287649,1692254287652,1693226551898,13,3,10
45172,1693226551898,1692254287702,1692254287705,1693226551951,53,3,50
45173,1693226551951,1692254287715,1692254287718,1693226551963,12,3,9
45174,1693226551963,1692254287746,1692254287749,1693226551995,32,3,29
45175,1693226551995,1692254287754,1692254287758,1693226552003,8,4,4
45176,1693226552003,1692254287870,1692254287874,1693226552120,117,4,113
45177,1693226552120,1692254287894,1692254287897,1693226552143,23,3,20
45178,1693226552143,1692254287904,1692254287908,1693226552154,11,4,7
45179,1693226552154,1692254287990,1692254287993,1693226552241,87,3,84
45180,1693226552241,1692254288010,1692254288014,1693226552260,19,4,15
45181,1693226552260,1692254288018,1692254288021,1693226552267,7,3,4
45182,1693226552267,1692254288033,1692254288036,1693226552281,14,3,11
45183,1693226552281,1692254288046,1692254288065,1693226552310,29,19,10
45184,1693226552310,1692254288077,1692254288080,1693226552326,16,3,13
45185,1693226552326,1692254288084,1692254288087,1693226552332,6,3,3
45186,1693226552332,1692254288091,1692254288093,1693226552339,7,2,5
45187,1693226552339,1692254288099,1692254288103,1693226552348,9,4,5
45188,1693226552348,1692254288107,1692254288110,1693226552355,7,3,4
45189,1693226552355,1692254288121,1692254288124,1693226552370,15,3,12
45190,1693226552370,1692254288129,1692254288132,1693226552377,7,3,4
45191,1693226552377,1692254288137,1692254288140,1693226552385,8,3,5
45192,1693226552385,1692254288144,1692254288147,1693226552396,11,3,8
45193,1693226552396,1692254288158,1692254288161,1693226552407,11,3,8
45194,1693226552407,1692254288167,1692254288170,1693226552416,9,3,6
45195,1693226552416,1692254288174,1692254288177,1693226552422,6,3,3
45196,1693226552423,1692254288182,1692254288238,1693226552484,61,56,5
45197,1693226552484,1692254288243,1692254288246,1693226552491,7,3,4
45198,1693226552491,1692254288251,1692254288254,1693226552500,9,3,6
45199,1693226552500,1692254288261,1692254288264,1693226552509,9,3,6
45200,1693226552509,1692254288269,1692254288272,1693226552517,8,3,5
45201,1693226552517,1692254288277,1692254288281,1693226552526,9,4,5
45202,1693226552526,1692254288286,1692254288374,1693226552620,94,88,6
45203,1693226552620,1692254288393,1692254288396,1693226552642,22,3,19
45204,1693226552642,1692254288422,1692254288425,1693226552670,28,3,25
45205,1693226552670,1692254288437,1692254288440,1693226552685,15,3,12
45206,1693226552685,1692254288446,1692254288448,1693226552694,9,2,7
45207,1693226552694,1692254288453,1692254288456,1693226552702,8,3,5
45208,1693226552702,1692254288470,1692254288473,1693226552719,17,3,14
45209,1693226552719,1692254288486,1692254288488,1693226552734,15,2,13
45210,1693226552734,1692254288541,1692254288544,1693226552789,55,3,52
45211,1693226552789,1692254288557,1692254288560,1693226552806,17,3,14
45212,1693226552806,1692254288566,1692254288568,1693226552813,7,2,5
45213,1693226552813,1692254288573,1692254288576,1693226552822,9,3,6
45214,1693226552822,1692254288609,1692254288612,1693226552858,36,3,33
45215,1693226552858,1692254288617,1692254288620,1693226552865,7,3,4
45216,1693226552865,1692254288669,1692254288672,1693226552917,52,3,49
45217,1693226552917,1692254288686,1692254288690,1693226552936,19,4,15
45218,1693226552936,1692254288728,1692254288732,1693226552977,41,4,37
45219,1693226552977,1692254288736,1692254288740,1693226552985,8,4,4
45220,1693226552985,1692254288745,1692254288748,1693226552993,8,3,5
45221,1693226552993,1692254288752,1692254288758,1693226553003,10,6,4
45222,1693226553003,1692254288813,1692254288816,1693226553062,59,3,56
45223,1693226553062,1692254288892,1692254288896,1693226553141,79,4,75
45224,1693226553141,1692254288909,1692254288912,1693226553157,16,3,13
45225,1693226553158,1692254288926,1692254288930,1693226553175,17,4,13
45226,1693226553175,1692254288945,1692254288949,1693226553194,19,4,15
45227,1693226553194,1692254288953,1692254288956,1693226553201,7,3,4
45228,1693226553201,1692254288960,1692254288962,1693226553208,7,2,5
45229,1693226553208,1692254288967,1692254288969,1693226553215,7,2,5
45230,1693226553215,1692254288974,1692254288977,1693226553222,7,3,4
45231,1693226553222,1692254289025,1692254289028,1693226553274,52,3,49
45232,1693226553274,1692254289033,1692254289036,1693226553282,8,3,5
45233,1693226553282,1692254289041,1692254289044,1693226553325,43,3,40
45234,1693226553325,1692254289086,1692254289113,1693226553358,33,27,6
45235,1693226553358,1692254289125,1692254289128,1693226553374,16,3,13
45236,1693226553374,1692254289133,1692254289138,1693226553384,10,5,5
45237,1693226553384,1692254289158,1692254289163,1693226553409,25,5,20
45238,1693226553409,1692254289174,1692254289177,1693226553422,13,3,10
45239,1693226553422,1692254289181,1692254289184,1693226553430,8,3,5
45240,1693226553430,1692254289193,1692254289206,1693226553451,21,13,8
45241,1693226553451,1692254289253,1692254289256,1693226553501,50,3,47
45242,1693226553501,1692254289279,1692254289282,1693226553528,27,3,24
45243,1693226553528,1692254289288,1692254289291,1693226553537,9,3,6
45244,1693226553537,1692254289305,1692254289309,1693226553566,29,4,25
45245,1693226553566,1692254289350,1692254289353,1693226553598,32,3,29
45246,1693226553598,1692254289357,1692254289360,1693226553606,8,3,5
45247,1693226553606,1692254289365,1692254289368,1693226553613,7,3,4
45248,1693226553613,1692254289372,1692254289375,1693226553620,7,3,4
45249,1693226553620,1692254289380,1692254289383,1693226553628,8,3,5
45250,1693226553628,1692254289389,1692254289393,1693226553638,10,4,6
45251,1693226553638,1692254289396,1692254289399,1693226553645,7,3,4
45252,1693226553645,1692254289404,1692254289408,1693226553653,8,4,4
45253,1693226553653,1692254289412,1692254289416,1693226553661,8,4,4
45254,1693226553661,1692254289469,1692254289472,1693226553718,57,3,54
45255,1693226553718,1692254289486,1692254289489,1693226553734,16,3,13
45256,1693226553734,1692254289514,1692254289516,1693226553761,27,2,25
45257,1693226553762,1692254289521,1692254289524,1693226553769,7,3,4
45258,1693226553769,1692254289528,1692254289531,1693226553776,7,3,4
45259,1693226553776,1692254289536,1692254289547,1693226553793,17,11,6
45260,1693226553793,1692254289573,1692254289576,1693226553821,28,3,25
45261,1693226553821,1692254289586,1692254289589,1693226553834,13,3,10
45262,1693226553834,1692254289596,1692254289601,1693226553847,13,5,8
45263,1693226553847,1692254289606,1692254289609,1693226553854,7,3,4
45264,1693226553854,1692254289618,1692254289620,1693226553866,12,2,10
45265,1693226553866,1692254289646,1692254289649,1693226553895,29,3,26
45266,1693226553895,1692254289677,1692254289680,1693226553925,30,3,27
45267,1693226553925,1692254289714,1692254289716,1693226553962,37,2,35
45268,1693226553962,1692254289721,1692254289724,1693226553970,8,3,5
45269,1693226553970,1692254289729,1692254289733,1693226553980,10,4,6
45270,1693226553980,1692254289744,1692254289747,1693226553992,12,3,9
45271,1693226553993,1692254289752,1692254289797,1693226554042,49,45,4
45272,1693226554042,1692254289818,1692254289821,1693226554066,24,3,21
45273,1693226554066,1692254289838,1692254289840,1693226554085,19,2,17
45274,1693226554085,1692254289849,1692254289852,1693226554097,12,3,9
45275,1693226554097,1692254289894,1692254289898,1693226554144,47,4,43
45276,1693226554144,1692254289979,1692254289982,1693226554228,84,3,81
45277,1693226554228,1692254290002,1692254290004,1693226554250,22,2,20
45278,1693226554250,1692254290030,1692254290032,1693226554278,28,2,26
45279,1693226554278,1692254290094,1692254290096,1693226554342,64,2,62
45280,1693226554342,1692254290118,1692254290122,1693226554368,26,4,22
45281,1693226554368,1692254290129,1692254290132,1693226554378,10,3,7
45282,1693226554378,1692254290137,1692254290139,1693226554384,6,2,4
45283,1693226554385,1692254290143,1692254290146,1693226554391,6,3,3
45284,1693226554391,1692254290150,1692254290154,1693226554399,8,4,4
45285,1693226554399,1692254290157,1692254290160,1693226554406,7,3,4
45286,1693226554406,1692254290164,1692254290167,1693226554412,6,3,3
45287,1693226554412,1692254290177,1692254290180,1693226554425,13,3,10
45288,1693226554425,1692254290184,1692254290189,1693226554434,9,5,4
45289,1693226554434,1692254290221,1692254290225,1693226554470,36,4,32
45290,1693226554470,1692254290278,1692254290281,1693226554527,57,3,54
45291,1693226554527,1692254290286,1692254290411,1693226554657,130,125,5
45292,1693226554657,1692254290416,1692254290420,1693226554665,8,4,4
45293,1693226554665,1692254290424,1692254290427,1693226554672,7,3,4
45294,1693226554673,1692254290432,1692254290435,1693226554680,7,3,4
45295,1693226554680,1692254290439,1692254290442,1693226554688,8,3,5
45296,1693226554688,1692254290447,1692254290449,1693226554697,9,2,7
45297,1693226554697,1692254290466,1692254290469,1693226554714,17,3,14
45298,1693226554714,1692254290517,1692254290520,1693226554765,51,3,48
45299,1693226554765,1692254290524,1692254290527,1693226554772,7,3,4
45300,1693226554772,1692254290531,1692254290534,1693226554780,8,3,5
45301,1693226554780,1692254290621,1692254290624,1693226554869,89,3,86
45302,1693226554869,1692254290654,1692254290658,1693226554903,34,4,30
45303,1693226554903,1692254290662,1692254290666,1693226554911,8,4,4
45304,1693226554911,1692254290674,1692254290676,1693226554921,10,2,8
45305,1693226554921,1692254290681,1692254290684,1693226554929,8,3,5
45306,1693226554929,1692254290688,1692254290690,1693226554936,7,2,5
45307,1693226554936,1692254290695,1692254290698,1693226554943,7,3,4
45308,1693226554944,1692254290702,1692254290706,1693226554951,7,4,3
45309,1693226554951,1692254290710,1692254290713,1693226554959,8,3,5
45310,1693226554959,1692254290718,1692254290721,1693226554966,7,3,4
45311,1693226554966,1692254290744,1692254290747,1693226554993,27,3,24
45312,1693226554993,1692254290751,1692254290754,1693226555000,7,3,4
45313,1693226555000,1692254290789,1692254290792,1693226555037,37,3,34
45314,1693226555037,1692254290806,1692254290812,1693226555058,21,6,15
45315,1693226555058,1692254290817,1692254290820,1693226555065,7,3,4
45316,1693226555065,1692254290825,1692254290828,1693226555073,8,3,5
45317,1693226555074,1692254290890,1692254290895,1693226555141,67,5,62
45318,1693226555141,1692254290901,1692254290914,1693226555160,19,13,6
45319,1693226555160,1692254290966,1692254290969,1693226555214,54,3,51
45320,1693226555214,1692254291001,1692254291004,1693226555250,36,3,33
45321,1693226555250,1692254291010,1692254291012,1693226555258,8,2,6
45322,1693226555258,1692254291022,1692254291024,1693226555270,12,2,10
45323,1693226555270,1692254291061,1692254291065,1693226555313,43,4,39
45324,1693226555313,1692254291116,1692254291121,1693226555366,53,5,48
45325,1693226555366,1692254291125,1692254291128,1693226555373,7,3,4
45326,1693226555373,1692254291162,1692254291165,1693226555410,37,3,34
45327,1693226555410,1692254291218,1692254291221,1693226555466,56,3,53
45328,1693226555466,1692254291257,1692254291260,1693226555505,39,3,36
45329,1693226555505,1692254291280,1692254291284,1693226555529,24,4,20
45330,1693226555529,1692254291346,1692254291349,1693226555595,66,3,63
45331,1693226555595,1692254291373,1692254291376,1693226555622,27,3,24
45332,1693226555622,1692254291450,1692254291453,1693226555698,76,3,73
45333,1693226555698,1692254291551,1692254291554,1693226555799,101,3,98
45334,1693226555799,1692254291558,1692254291561,1693226555806,7,3,4
45335,1693226555806,1692254291574,1692254291577,1693226555823,17,3,14
45336,1693226555823,1692254291586,1692254291589,1693226555834,11,3,8
45337,1693226555834,1692254291685,1692254291688,1693226555934,100,3,97
45338,1693226555934,1692254291693,1692254291696,1693226555941,7,3,4
45339,1693226555941,1692254291701,1692254291703,1693226555949,8,2,6
45340,1693226555949,1692254291708,1692254291711,1693226555956,7,3,4
45341,1693226555956,1692254291715,1692254291718,1693226555964,8,3,5
45342,1693226555964,1692254291738,1692254291741,1693226555986,22,3,19
45343,1693226555986,1692254291745,1692254291749,1693226555995,9,4,5
45344,1693226555995,1692254291754,1692254291757,1693226556003,8,3,5
45345,1693226556003,1692254291770,1692254291772,1693226556018,15,2,13
45346,1693226556018,1692254291780,1692254291782,1693226556028,10,2,8
45347,1693226556028,1692254291790,1692254291793,1693226556038,10,3,7
45348,1693226556038,1692254291798,1692254291800,1693226556045,7,2,5
45349,1693226556045,1692254291805,1692254291808,1693226556053,8,3,5
45350,1693226556054,1692254291818,1692254291820,1693226556065,11,2,9
45351,1693226556065,1692254291826,1692254291828,1693226556073,8,2,6
45352,1693226556073,1692254291882,1692254291885,1693226556132,59,3,56
45353,1693226556132,1692254291898,1692254291903,1693226556149,17,5,12
45354,1693226556149,1692254291945,1692254291948,1693226556194,45,3,42
45355,1693226556194,1692254291973,1692254291976,1693226556221,27,3,24
45356,1693226556221,1692254291980,1692254291983,1693226556229,8,3,5
45357,1693226556229,1692254291990,1692254291993,1693226556238,9,3,6
45358,1693226556238,1692254291997,1692254292001,1693226556247,9,4,5
45359,1693226556247,1692254292006,1692254292021,1693226556267,20,15,5
45360,1693226556267,1692254292026,1692254292028,1693226556273,6,2,4
45361,1693226556273,1692254292058,1692254292062,1693226556307,34,4,30
45362,1693226556307,1692254292066,1692254292069,1693226556314,7,3,4
45363,1693226556314,1692254292073,1692254292076,1693226556321,7,3,4
45364,1693226556321,1692254292097,1692254292100,1693226556345,24,3,21
45365,1693226556345,1692254292105,1692254292107,1693226556352,7,2,5
45366,1693226556352,1692254292111,1692254292115,1693226556360,8,4,4
45367,1693226556360,1692254292120,1692254292126,1693226556371,11,6,5
45368,1693226556371,1692254292131,1692254292134,1693226556380,9,3,6
45369,1693226556380,1692254292139,1692254292142,1693226556387,7,3,4
45370,1693226556387,1692254292178,1692254292181,1693226556426,39,3,36
45371,1693226556426,1692254292213,1692254292216,1693226556461,35,3,32
45372,1693226556461,1692254292246,1692254292249,1693226556495,34,3,31
45373,1693226556495,1692254292258,1692254292261,1693226556506,11,3,8
45374,1693226556506,1692254292265,1692254292268,1693226556514,8,3,5
45375,1693226556514,1692254292279,1692254292282,1693226556528,14,3,11
45376,1693226556528,1692254292287,1692254292291,1693226556537,9,4,5
45377,1693226556537,1692254292307,1692254292310,1693226556556,19,3,16
45378,1693226556556,1692254292322,1692254292325,1693226556570,14,3,11
45379,1693226556570,1692254292333,1692254292336,1693226556582,12,3,9
45380,1693226556582,1692254292347,1692254292350,1693226556595,13,3,10
45381,1693226556595,1692254292354,1692254292357,1693226556602,7,3,4
45382,1693226556602,1692254292361,1692254292364,1693226556610,8,3,5
45383,1693226556610,1692254292369,1692254292371,1693226556616,6,2,4
45384,1693226556616,1692254292375,1692254292379,1693226556624,8,4,4
45385,1693226556624,1692254292417,1692254292425,1693226556670,46,8,38
45386,1693226556670,1692254292429,1692254292432,1693226556677,7,3,4
45387,1693226556677,1692254292437,1692254292439,1693226556685,8,2,6
45388,1693226556685,1692254292444,1692254292447,1693226556692,7,3,4
45389,1693226556692,1692254292462,1692254292482,1693226556727,35,20,15
45390,1693226556727,1692254292511,1692254292513,1693226556759,32,2,30
45391,1693226556759,1692254292518,1692254292522,1693226556767,8,4,4
45392,1693226556767,1692254292531,1692254292565,1693226556811,44,34,10
45393,1693226556811,1692254292594,1692254292597,1693226556842,31,3,28
45394,1693226556842,1692254292618,1692254292621,1693226556866,24,3,21
45395,1693226556866,1692254292626,1692254292628,1693226556902,36,2,34
45396,1693226556902,1692254292674,1692254292677,1693226556923,21,3,18
45397,1693226556923,1692254292682,1692254292685,1693226556930,7,3,4
45398,1693226556930,1692254292689,1692254292693,1693226556939,9,4,5
45399,1693226556939,1692254292698,1692254292701,1693226556946,7,3,4
45400,1693226556946,1692254292707,1692254292710,1693226556956,10,3,7
45401,1693226556956,1692254292725,1692254292728,1693226556973,17,3,14
45402,1693226556973,1692254292744,1692254292747,1693226556992,19,3,16
45403,1693226556993,1692254292752,1692254292778,1693226557023,30,26,4
45404,1693226557023,1692254292793,1692254292796,1693226557041,18,3,15
45405,1693226557041,1692254292800,1692254292803,1693226557049,8,3,5
45406,1693226557049,1692254292809,1692254292812,1693226557058,9,3,6
45407,1693226557058,1692254292817,1692254292820,1693226557066,8,3,5
45408,1693226557066,1692254292825,1692254292828,1693226557073,7,3,4
45409,1693226557073,1692254292832,1692254292835,1693226557080,7,3,4
45410,1693226557080,1692254292839,1692254292842,1693226557087,7,3,4
45411,1693226557087,1692254292898,1692254292900,1693226557146,59,2,57
45412,1693226557146,1692254292905,1692254292909,1693226557155,9,4,5
45413,1693226557155,1692254292918,1692254292921,1693226557167,12,3,9
45414,1693226557167,1692254292926,1692254292929,1693226557175,8,3,5
45415,1693226557175,1692254292937,1692254292940,1693226557185,10,3,7
45416,1693226557185,1692254292944,1692254292948,1693226557193,8,4,4
45417,1693226557193,1692254292952,1692254292955,1693226557200,7,3,4
45418,1693226557200,1692254292959,1692254292962,1693226557208,8,3,5
45419,1693226557208,1692254292967,1692254292989,1693226557235,27,22,5
45420,1693226557235,1692254292993,1692254292998,1693226557243,8,5,3
45421,1693226557243,1692254293002,1692254293006,1693226557251,8,4,4
45422,1693226557251,1692254293021,1692254293024,1693226557270,19,3,16
45423,1693226557270,1692254293045,1692254293048,1693226557293,23,3,20
45424,1693226557293,1692254293054,1692254293057,1693226557306,13,3,10
45425,1693226557306,1692254293065,1692254293068,1693226557313,7,3,4
45426,1693226557313,1692254293072,1692254293078,1693226557324,11,6,5
45427,1693226557324,1692254293101,1692254293104,1693226557350,26,3,23
45428,1693226557350,1692254293122,1692254293125,1693226557371,21,3,18
45429,1693226557371,1692254293130,1692254293133,1693226557379,8,3,5
45430,1693226557379,1692254293138,1692254293142,1693226557387,8,4,4
45431,1693226557387,1692254293279,1692254293282,1693226557527,140,3,137
45432,1693226557527,1692254293286,1692254293290,1693226557535,8,4,4
45433,1693226557535,1692254293328,1692254293331,1693226557577,42,3,39
45434,1693226557577,1692254293336,1692254293339,1693226557584,7,3,4
45435,1693226557584,1692254293343,1692254293347,1693226557592,8,4,4
45436,1693226557592,1692254293351,1692254293354,1693226557600,8,3,5
45437,1693226557600,1692254293422,1692254293425,1693226557671,71,3,68
45438,1693226557671,1692254293481,1692254293484,1693226557730,59,3,56
45439,1693226557730,1692254293641,1692254293644,1693226557890,160,3,157
45440,1693226557890,1692254293696,1692254293701,1693226557946,56,5,51
45441,1693226557946,1692254293718,1692254293721,1693226557966,20,3,17
45442,1693226557966,1692254293726,1692254293729,1693226557974,8,3,5
45443,1693226557974,1692254293733,1692254293736,1693226557982,8,3,5
45444,1693226557982,1692254293740,1692254293743,1693226557988,6,3,3
45445,1693226557988,1692254293752,1692254293755,1693226558000,12,3,9
45446,1693226558000,1692254293759,1692254293762,1693226558008,8,3,5
45447,1693226558008,1692254293796,1692254293799,1693226558044,36,3,33
45448,1693226558044,1692254293806,1692254293808,1693226558054,10,2,8
45449,1693226558054,1692254293813,1692254293816,1693226558061,7,3,4
45450,1693226558061,1692254293821,1692254293824,1693226558069,8,3,5
45451,1693226558069,1692254293834,1692254293836,1693226558082,13,2,11
45452,1693226558082,1692254293874,1692254293877,1693226558122,40,3,37
45453,1693226558122,1692254293882,1692254293884,1693226558129,7,2,5
45454,1693226558129,1692254293906,1692254293908,1693226558154,25,2,23
45455,1693226558154,1692254293913,1692254293916,1693226558162,8,3,5
45456,1693226558162,1692254293930,1692254293933,1693226558179,17,3,14
45457,1693226558179,1692254293951,1692254293955,1693226558200,21,4,17
45458,1693226558200,1692254293959,1692254293962,1693226558207,7,3,4
45459,1693226558207,1692254293974,1692254293977,1693226558222,15,3,12
45460,1693226558222,1692254294018,1692254294020,1693226558265,43,2,41
45461,1693226558265,1692254294026,1692254294029,1693226558274,9,3,6
45462,1693226558274,1692254294033,1692254294036,1693226558281,7,3,4
45463,1693226558281,1692254294101,1692254294104,1693226558349,68,3,65
45464,1693226558349,1692254294108,1692254294112,1693226558357,8,4,4
45465,1693226558357,1692254294116,1692254294119,1693226558365,8,3,5
45466,1693226558365,1692254294124,1692254294128,1693226558373,8,4,4
45467,1693226558373,1692254294132,1692254294136,1693226558385,12,4,8
45468,1693226558385,1692254294205,1692254294208,1693226558453,68,3,65
45469,1693226558453,1692254294231,1692254294246,1693226558491,38,15,23
45470,1693226558491,1692254294270,1692254294272,1693226558518,27,2,25
45471,1693226558518,1692254294278,1692254294283,1693226558528,10,5,5
45472,1693226558528,1692254294287,1692254294309,1693226558554,26,22,4
45473,1693226558555,1692254294326,1692254294329,1693226558574,19,3,16
45474,1693226558574,1692254294353,1692254294356,1693226558601,27,3,24
45475,1693226558601,1692254294366,1692254294369,1693226558615,14,3,11
45476,1693226558615,1692254294374,1692254294377,1693226558622,7,3,4
45477,1693226558622,1692254294381,1692254294385,1693226558630,8,4,4
45478,1693226558630,1692254294389,1692254294392,1693226558637,7,3,4
45479,1693226558637,1692254294396,1692254294399,1693226558644,7,3,4
45480,1693226558644,1692254294409,1692254294412,1693226558678,34,3,31
45481,1693226558678,1692254294437,1692254294440,1693226558685,7,3,4
45482,1693226558685,1692254294444,1692254294447,1693226558693,8,3,5
45483,1693226558693,1692254294452,1692254294455,1693226558700,7,3,4
45484,1693226558700,1692254294459,1692254294462,1693226558707,7,3,4
45485,1693226558707,1692254294477,1692254294480,1693226558725,18,3,15
45486,1693226558725,1692254294486,1692254294488,1693226558738,13,2,11
45487,1693226558738,1692254294497,1692254294500,1693226558745,7,3,4
45488,1693226558745,1692254294504,1692254294507,1693226558753,8,3,5
45489,1693226558753,1692254294512,1692254294515,1693226558761,8,3,5
45490,1693226558761,1692254294525,1692254294528,1693226558773,12,3,9
45491,1693226558773,1692254294532,1692254294535,1693226558780,7,3,4
45492,1693226558780,1692254294539,1692254294542,1693226558787,7,3,4
45493,1693226558787,1692254294546,1692254294549,1693226558795,8,3,5
45494,1693226558795,1692254294554,1692254294557,1693226558802,7,3,4
45495,1693226558802,1692254294561,1692254294564,1693226558810,8,3,5
45496,1693226558810,1692254294641,1692254294644,1693226558889,79,3,76
45497,1693226558889,1692254294648,1692254294651,1693226558896,7,3,4
45498,1693226558896,1692254294681,1692254294683,1693226558929,33,2,31
45499,1693226558929,1692254294713,1692254294716,1693226558962,33,3,30
45500,1693226558962,1692254294721,1692254294724,1693226558969,7,3,4
45501,1693226558969,1692254294731,1692254294735,1693226558980,11,4,7
45502,1693226558980,1692254294739,1692254294741,1693226558988,8,2,6
45503,1693226558988,1692254294749,1692254294753,1693226558999,11,4,7
45504,1693226558999,1692254294805,1692254294809,1693226559054,55,4,51
45505,1693226559054,1692254294817,1692254294820,1693226559065,11,3,8
45506,1693226559065,1692254294826,1692254294829,1693226559075,10,3,7
45507,1693226559075,1692254294870,1692254294873,1693226559119,44,3,41
45508,1693226559119,1692254294878,1692254294883,1693226559128,9,5,4
45509,1693226559128,1692254294899,1692254294903,1693226559148,20,4,16
45510,1693226559148,1692254294907,1692254294910,1693226559155,7,3,4
45511,1693226559156,1692254295013,1692254295016,1693226559261,105,3,102
45512,1693226559261,1692254295082,1692254295085,1693226559331,70,3,67
45513,1693226559331,1692254295124,1692254295128,1693226559373,42,4,38
45514,1693226559373,1692254295132,1692254295136,1693226559381,8,4,4
45515,1693226559381,1692254295238,1692254295242,1693226559487,106,4,102
45516,1693226559487,1692254295270,1692254295272,1693226559518,31,2,29
45517,1693226559518,1692254295280,1692254295283,1693226559528,10,3,7
45518,1693226559528,1692254295287,1692254295291,1693226559537,9,4,5
45519,1693226559537,1692254295310,1692254295313,1693226559558,21,3,18
45520,1693226559558,1692254295509,1692254295512,1693226559758,200,3,197
45521,1693226559758,1692254295518,1692254295520,1693226559766,8,2,6
45522,1693226559766,1692254295558,1692254295561,1693226559806,40,3,37
45523,1693226559806,1692254295570,1692254295573,1693226559818,12,3,9
45524,1693226559818,1692254295586,1692254295589,1693226559835,17,3,14
45525,1693226559835,1692254295594,1692254295597,1693226559842,7,3,4
45526,1693226559842,1692254295612,1692254295615,1693226559875,33,3,30
45527,1693226559875,1692254295638,1692254295641,1693226559891,16,3,13
45528,1693226559891,1692254295649,1692254295652,1693226559942,51,3,48
45529,1693226559942,1692254295701,1692254295704,1693226559950,8,3,5
45530,1693226559950,1692254295710,1692254295712,1693226559958,8,2,6
45531,1693226559958,1692254295717,1692254295721,1693226559966,8,4,4
45532,1693226559966,1692254295747,1692254295750,1693226559996,30,3,27
45533,1693226559996,1692254295755,1692254295758,1693226560006,10,3,7
45534,1693226560006,1692254295765,1692254295768,1693226560013,7,3,4
45535,1693226560013,1692254295772,1692254295776,1693226560022,9,4,5
45536,1693226560022,1692254295782,1692254295805,1693226560051,29,23,6
45537,1693226560051,1692254295826,1692254295829,1693226560074,23,3,20
45538,1693226560074,1692254295854,1692254295857,1693226560102,28,3,25
45539,1693226560102,1692254295861,1692254295864,1693226560110,8,3,5
45540,1693226560110,1692254295877,1692254295881,1693226560138,28,4,24
45541,1693226560138,1692254295901,1692254295904,1693226560149,11,3,8
45542,1693226560149,1692254295909,1692254295948,1693226560207,58,39,19
45543,1693226560207,1692254296021,1692254296024,1693226560270,63,3,60
45544,1693226560270,1692254296028,1692254296032,1693226560277,7,4,3
45545,1693226560277,1692254296085,1692254296089,1693226560335,58,4,54
45546,1693226560335,1692254296094,1692254296096,1693226560342,7,2,5
45547,1693226560342,1692254296100,1692254296103,1693226560348,6,3,3
45548,1693226560348,1692254296108,1692254296111,1693226560357,9,3,6
45549,1693226560357,1692254296126,1692254296129,1693226560374,17,3,14
45550,1693226560374,1692254296133,1692254296136,1693226560381,7,3,4
45551,1693226560381,1692254296146,1692254296149,1693226560395,14,3,11
45552,1693226560395,1692254296189,1692254296192,1693226560438,43,3,40
45553,1693226560438,1692254296198,1692254296201,1693226560446,8,3,5
45554,1693226560446,1692254296222,1692254296229,1693226560474,28,7,21
45555,1693226560474,1692254296253,1692254296256,1693226560501,27,3,24
45556,1693226560501,1692254296260,1692254296263,1693226560508,7,3,4
45557,1693226560508,1692254296273,1692254296276,1693226560521,13,3,10
45558,1693226560521,1692254296281,1692254296283,1693226560528,7,2,5
45559,1693226560528,1692254296287,1692254296290,1693226560536,8,3,5
45560,1693226560536,1692254296314,1692254296345,1693226560590,54,31,23
45561,1693226560590,1692254296366,1692254296369,1693226560614,24,3,21
45562,1693226560614,1692254296417,1692254296420,1693226560665,51,3,48
45563,1693226560665,1692254296433,1692254296437,1693226560682,17,4,13
45564,1693226560682,1692254296440,1692254296444,1693226560689,7,4,3
45565,1693226560689,1692254296448,1692254296451,1693226560696,7,3,4
45566,1693226560696,1692254296455,1692254296457,1693226560703,7,2,5
45567,1693226560703,1692254296462,1692254296465,1693226560710,7,3,4
45568,1693226560710,1692254296469,1692254296472,1693226560717,7,3,4
45569,1693226560717,1692254296479,1692254296482,1693226560727,10,3,7
45570,1693226560727,1692254296486,1692254296489,1693226560734,7,3,4
45571,1693226560734,1692254296525,1692254296528,1693226560773,39,3,36
45572,1693226560773,1692254296538,1692254296541,1693226560787,14,3,11
45573,1693226560787,1692254296553,1692254296556,1693226560801,14,3,11
45574,1693226560801,1692254296560,1692254296563,1693226560808,7,3,4
45575,1693226560808,1692254296567,1692254296570,1693226560816,8,3,5
45576,1693226560816,1692254296582,1692254296585,1693226560830,14,3,11
45577,1693226560830,1692254296589,1692254296591,1693226560837,7,2,5
45578,1693226560837,1692254296610,1692254296612,1693226560858,21,2,19
45579,1693226560858,1692254296617,1692254296619,1693226560865,7,2,5
45580,1693226560865,1692254296623,1692254296626,1693226560872,7,3,4
45581,1693226560872,1692254296631,1692254296635,1693226560881,9,4,5
45582,1693226560881,1692254296640,1692254296643,1693226560888,7,3,4
45583,1693226560888,1692254296647,1692254296686,1693226560932,44,39,5
45584,1693226560932,1692254296730,1692254296733,1693226560978,46,3,43
45585,1693226560978,1692254296748,1692254296751,1693226560997,19,3,16
45586,1693226560997,1692254296756,1692254296760,1693226561006,9,4,5
45587,1693226561006,1692254296849,1692254296852,1693226561097,91,3,88
45588,1693226561097,1692254296874,1692254296876,1693226561122,25,2,23
45589,1693226561122,1692254296882,1692254296884,1693226561131,9,2,7
45590,1693226561131,1692254296894,1692254296897,1693226561143,12,3,9
45591,1693226561143,1692254296907,1692254296911,1693226561246,103,4,99
45592,1693226561246,1692254297045,1692254297049,1693226561295,49,4,45
45593,1693226561295,1692254297054,1692254297057,1693226561302,7,3,4
45594,1693226561302,1692254297061,1692254297064,1693226561309,7,3,4
45595,1693226561309,1692254297071,1692254297074,1693226561320,11,3,8
45596,1693226561320,1692254297089,1692254297092,1693226561337,17,3,14
45597,1693226561337,1692254297096,1692254297099,1693226561344,7,3,4
45598,1693226561345,1692254297106,1692254297108,1693226561353,8,2,6
45599,1693226561353,1692254297113,1692254297115,1693226561361,8,2,6
45600,1693226561361,1692254297125,1692254297128,1693226561373,12,3,9
45601,1693226561373,1692254297133,1692254297136,1693226561382,9,3,6
45602,1693226561382,1692254297140,1692254297143,1693226561388,6,3,3
45603,1693226561388,1692254297147,1692254297151,1693226561396,8,4,4
45604,1693226561396,1692254297154,1692254297157,1693226561403,7,3,4
45605,1693226561403,1692254297162,1692254297165,1693226561410,7,3,4
45606,1693226561410,1692254297169,1692254297172,1693226561417,7,3,4
45607,1693226561417,1692254297176,1692254297179,1693226561424,7,3,4
45608,1693226561424,1692254297184,1692254297187,1693226561432,8,3,5
45609,1693226561432,1692254297249,1692254297252,1693226561497,65,3,62
45610,1693226561498,1692254297281,1692254297284,1693226561530,32,3,29
45611,1693226561530,1692254297289,1692254297292,1693226561541,11,3,8
45612,1693226561541,1692254297306,1692254297310,1693226561555,14,4,10
45613,1693226561555,1692254297349,1692254297352,1693226561597,42,3,39
45614,1693226561598,1692254297545,1692254297548,1693226561794,196,3,193
45615,1693226561794,1692254297593,1692254297597,1693226561843,49,4,45
45616,1693226561843,1692254297649,1692254297653,1693226561898,55,4,51
45617,1693226561898,1692254297686,1692254297688,1693226561934,36,2,34
45618,1693226561934,1692254297693,1692254297698,1693226561944,10,5,5
45619,1693226561944,1692254297703,1692254297706,1693226561952,8,3,5
45620,1693226561952,1692254297711,1692254297714,1693226561959,7,3,4
45621,1693226561959,1692254297746,1692254297751,1693226561997,38,5,33
45622,1693226561997,1692254297756,1692254297759,1693226562004,7,3,4
45623,1693226562004,1692254297795,1692254297798,1693226562044,40,3,37
45624,1693226562044,1692254297849,1692254297852,1693226562097,53,3,50
45625,1693226562097,1692254297897,1692254297900,1693226562146,49,3,46
45626,1693226562146,1692254297907,1692254297910,1693226562155,9,3,6
45627,1693226562155,1692254298001,1692254298004,1693226562250,95,3,92
45628,1693226562250,1692254298008,1692254298011,1693226562258,8,3,5
45629,1693226562258,1692254298017,1692254298020,1693226562266,8,3,5
45630,1693226562266,1692254298032,1692254298034,1693226562280,14,2,12
45631,1693226562280,1692254298046,1692254298053,1693226562298,18,7,11
45632,1693226562298,1692254298061,1692254298073,1693226562318,20,12,8
45633,1693226562318,1692254298078,1692254298080,1693226562326,8,2,6
45634,1693226562326,1692254298091,1692254298094,1693226562339,13,3,10
45635,1693226562339,1692254298099,1692254298102,1693226562347,8,3,5
45636,1693226562347,1692254298106,1692254298109,1693226562354,7,3,4
45637,1693226562354,1692254298113,1692254298117,1693226562362,8,4,4
45638,1693226562362,1692254298121,1692254298124,1693226562370,8,3,5
45639,1693226562370,1692254298128,1692254298131,1693226562400,30,3,27
45640,1693226562400,1692254298177,1692254298180,1693226562426,26,3,23
45641,1693226562426,1692254298185,1692254298188,1693226562433,7,3,4
45642,1693226562433,1692254298192,1692254298195,1693226562441,8,3,5
45643,1693226562441,1692254298200,1692254298203,1693226562448,7,3,4
45644,1693226562448,1692254298210,1692254298213,1693226562458,10,3,7
45645,1693226562458,1692254298217,1692254298220,1693226562465,7,3,4
45646,1693226562465,1692254298226,1692254298228,1693226562473,8,2,6
45647,1693226562474,1692254298233,1692254298235,1693226562481,7,2,5
45648,1693226562481,1692254298245,1692254298247,1693226562493,12,2,10
45649,1693226562493,1692254298252,1692254298255,1693226562500,7,3,4
45650,1693226562500,1692254298269,1692254298272,1693226562518,18,3,15
45651,1693226562518,1692254298282,1692254298286,1693226562532,14,4,10
45652,1693226562532,1692254298295,1692254298298,1693226562549,17,3,14
45653,1693226562549,1692254298310,1692254298313,1693226562559,10,3,7
45654,1693226562559,1692254298318,1692254298322,1693226562568,9,4,5
45655,1693226562568,1692254298328,1692254298332,1693226562577,9,4,5
45656,1693226562577,1692254298338,1692254298342,1693226562587,10,4,6
45657,1693226562587,1692254298346,1692254298349,1693226562594,7,3,4
45658,1693226562594,1692254298353,1692254298356,1693226562605,11,3,8
45659,1693226562605,1692254298401,1692254298404,1693226562650,45,3,42
45660,1693226562650,1692254298461,1692254298464,1693226562710,60,3,57
45661,1693226562710,1692254298478,1692254298481,1693226562726,16,3,13
45662,1693226562726,1692254298489,1692254298492,1693226562737,11,3,8
45663,1693226562737,1692254298496,1692254298499,1693226562745,8,3,5
45664,1693226562745,1692254298513,1692254298516,1693226562761,16,3,13
45665,1693226562761,1692254298577,1692254298580,1693226562825,64,3,61
45666,1693226562825,1692254298586,1692254298589,1693226562834,9,3,6
45667,1693226562834,1692254298593,1692254298595,1693226562840,6,2,4
45668,1693226562841,1692254298605,1692254298609,1693226562857,16,4,12
45669,1693226562857,1692254298616,1692254298619,1693226562864,7,3,4
45670,1693226562864,1692254298623,1692254298625,1693226562870,6,2,4
45671,1693226562870,1692254298629,1692254298632,1693226562877,7,3,4
45672,1693226562877,1692254298636,1692254298639,1693226562884,7,3,4
45673,1693226562884,1692254298643,1692254298685,1693226562930,46,42,4
45674,1693226562930,1692254298702,1692254298705,1693226562950,20,3,17
45675,1693226562950,1692254298709,1692254298712,1693226562957,7,3,4
45676,1693226562957,1692254298718,1692254298721,1693226562966,9,3,6
45677,1693226562966,1692254298729,1692254298732,1693226562977,11,3,8
45678,1693226562977,1692254298736,1692254298739,1693226562985,8,3,5
45679,1693226562985,1692254298748,1692254298751,1693226562997,12,3,9
45680,1693226562997,1692254298757,1692254298760,1693226563005,8,3,5
45681,1693226563005,1692254298814,1692254298817,1693226563062,57,3,54
45682,1693226563062,1692254298821,1692254298825,1693226563070,8,4,4
45683,1693226563070,1692254298829,1692254298832,1693226563077,7,3,4
45684,1693226563077,1692254298836,1692254298840,1693226563085,8,4,4
45685,1693226563085,1692254298844,1692254298847,1693226563094,9,3,6
45686,1693226563094,1692254298853,1692254298856,1693226563101,7,3,4
45687,1693226563101,1692254298861,1692254298863,1693226563109,8,2,6
45688,1693226563109,1692254298869,1692254298872,1693226563117,8,3,5
45689,1693226563117,1692254298890,1692254298893,1693226563138,21,3,18
45690,1693226563138,1692254298901,1692254298904,1693226563150,12,3,9
45691,1693226563150,1692254298909,1692254298913,1693226563159,9,4,5
45692,1693226563159,1692254298919,1692254298922,1693226563168,9,3,6
45693,1693226563168,1692254298962,1692254298965,1693226563210,42,3,39
45694,1693226563210,1692254298970,1692254298973,1693226563218,8,3,5
45695,1693226563218,1692254298986,1692254298989,1693226563234,16,3,13
45696,1693226563234,1692254298993,1692254298996,1693226563242,8,3,5
45697,1693226563242,1692254299001,1692254299005,1693226563250,8,4,4
45698,1693226563250,1692254299014,1692254299017,1693226563262,12,3,9
45699,1693226563262,1692254299022,1692254299025,1693226563270,8,3,5
45700,1693226563270,1692254299069,1692254299072,1693226563318,48,3,45
45701,1693226563318,1692254299078,1692254299081,1693226563328,10,3,7
45702,1693226563328,1692254299125,1692254299129,1693226563375,47,4,43
45703,1693226563375,1692254299134,1692254299137,1693226563383,8,3,5
45704,1693226563383,1692254299170,1692254299173,1693226563418,35,3,32
45705,1693226563418,1692254299190,1692254299192,1693226563438,20,2,18
45706,1693226563438,1692254299197,1692254299199,1693226563445,7,2,5
45707,1693226563445,1692254299222,1692254299225,1693226563470,25,3,22
45708,1693226563470,1692254299233,1692254299236,1693226563481,11,3,8
45709,1693226563481,1692254299246,1692254299249,1693226563494,13,3,10
45710,1693226563494,1692254299253,1692254299256,1693226563505,11,3,8
45711,1693226563505,1692254299273,1692254299276,1693226563521,16,3,13
45712,1693226563521,1692254299281,1692254299284,1693226563529,8,3,5
45713,1693226563529,1692254299288,1692254299291,1693226563536,7,3,4
45714,1693226563536,1692254299342,1692254299345,1693226563590,54,3,51
45715,1693226563590,1692254299351,1692254299354,1693226563599,9,3,6
45716,1693226563599,1692254299358,1692254299361,1693226563606,7,3,4
45717,1693226563606,1692254299397,1692254299400,1693226563662,56,3,53
45718,1693226563662,1692254299420,1692254299424,1693226563669,7,4,3
45719,1693226563669,1692254299430,1692254299433,1693226563682,13,3,10
45720,1693226563682,1692254299442,1692254299444,1693226563690,8,2,6
45721,1693226563690,1692254299455,1692254299458,1693226563703,13,3,10
45722,1693226563703,1692254299462,1692254299464,1693226563710,7,2,5
45723,1693226563710,1692254299565,1692254299568,1693226563814,104,3,101
45724,1693226563814,1692254299573,1692254299576,1693226563821,7,3,4
45725,1693226563821,1692254299580,1692254299583,1693226563828,7,3,4
45726,1693226563828,1692254299621,1692254299624,1693226563870,42,3,39
45727,1693226563870,1692254299629,1692254299632,1693226563877,7,3,4
45728,1693226563877,1692254299636,1692254299641,1693226563886,9,5,4
45729,1693226563886,1692254299669,1692254299672,1693226563918,32,3,29
45730,1693226563918,1692254299677,1692254299680,1693226563925,7,3,4
45731,1693226563925,1692254299705,1692254299708,1693226563954,29,3,26
45732,1693226563954,1692254299748,1692254299752,1693226563997,43,4,39
45733,1693226563997,1692254299756,1692254299781,1693226564029,32,25,7
45734,1693226564029,1692254299821,1692254299824,1693226564070,41,3,38
45735,1693226564070,1692254299846,1692254299848,1693226564094,24,2,22
45736,1693226564094,1692254299854,1692254299857,1693226564102,8,3,5
45737,1693226564102,1692254299866,1692254299869,1693226564114,12,3,9
45738,1693226564114,1692254299897,1692254299902,1693226564147,33,5,28
45739,1693226564147,1692254299906,1692254299910,1693226564155,8,4,4
45740,1693226564155,1692254299918,1692254299920,1693226564166,11,2,9
45741,1693226564166,1692254299924,1692254299927,1693226564172,6,3,3
45742,1693226564173,1692254299932,1692254299937,1693226564183,10,5,5
45743,1693226564183,1692254299944,1692254299947,1693226564192,9,3,6
45744,1693226564192,1692254299951,1692254299954,1693226564199,7,3,4
45745,1693226564199,1692254299958,1692254299961,1693226564207,8,3,5
45746,1693226564207,1692254299966,1692254299969,1693226564214,7,3,4
45747,1693226564214,1692254299974,1692254299977,1693226564222,8,3,5
45748,1693226564222,1692254299981,1692254299984,1693226564229,7,3,4
45749,1693226564229,1692254299988,1692254299991,1693226564236,7,3,4
45750,1693226564236,1692254299996,1692254299999,1693226564244,8,3,5
45751,1693226564244,1692254300009,1692254300012,1693226564257,13,3,10
45752,1693226564257,1692254300042,1692254300045,1693226564290,33,3,30
45753,1693226564290,1692254300049,1692254300052,1693226564297,7,3,4
45754,1693226564297,1692254300065,1692254300068,1693226564313,16,3,13
45755,1693226564313,1692254300072,1692254300075,1693226564323,10,3,7
45756,1693226564323,1692254300082,1692254300085,1693226564330,7,3,4
45757,1693226564330,1692254300089,1692254300091,1693226564337,7,2,5
45758,1693226564337,1692254300096,1692254300099,1693226564345,8,3,5
45759,1693226564345,1692254300103,1692254300107,1693226564352,7,4,3
45760,1693226564352,1692254300112,1692254300117,1693226564362,10,5,5
45761,1693226564362,1692254300121,1692254300126,1693226564371,9,5,4
45762,1693226564371,1692254300131,1692254300135,1693226564381,10,4,6
45763,1693226564381,1692254300158,1692254300161,1693226564406,25,3,22
45764,1693226564406,1692254300166,1692254300168,1693226564414,8,2,6
45765,1693226564414,1692254300181,1692254300184,1693226564429,15,3,12
45766,1693226564429,1692254300221,1692254300224,1693226564469,40,3,37
45767,1693226564469,1692254300228,1692254300231,1693226564476,7,3,4
45768,1693226564476,1692254300235,1692254300238,1693226564483,7,3,4
45769,1693226564483,1692254300257,1692254300260,1693226564505,22,3,19
45770,1693226564505,1692254300265,1692254300268,1693226564513,8,3,5
45771,1693226564513,1692254300274,1692254300277,1693226564522,9,3,6
45772,1693226564522,1692254300284,1692254300288,1693226564533,11,4,7
45773,1693226564533,1692254300292,1692254300315,1693226564561,28,23,5
45774,1693226564561,1692254300325,1692254300328,1693226564574,13,3,10
45775,1693226564574,1692254300337,1692254300340,1693226564585,11,3,8
45776,1693226564585,1692254300344,1692254300347,1693226564592,7,3,4
45777,1693226564592,1692254300352,1692254300355,1693226564600,8,3,5
45778,1693226564600,1692254300359,1692254300362,1693226564608,8,3,5
45779,1693226564608,1692254300382,1692254300384,1693226564630,22,2,20
45780,1693226564630,1692254300389,1692254300393,1693226564638,8,4,4
45781,1693226564638,1692254300462,1692254300465,1693226564710,72,3,69
45782,1693226564710,1692254300469,1692254300472,1693226564717,7,3,4
45783,1693226564717,1692254300477,1692254300480,1693226564725,8,3,5
45784,1693226564725,1692254300484,1692254300487,1693226564733,8,3,5
45785,1693226564733,1692254300501,1692254300504,1693226564749,16,3,13
45786,1693226564749,1692254300533,1692254300536,1693226564781,32,3,29
45787,1693226564781,1692254300541,1692254300544,1693226564789,8,3,5
45788,1693226564789,1692254300558,1692254300561,1693226564806,17,3,14
45789,1693226564806,1692254300565,1692254300568,1693226564814,8,3,5
45790,1693226564814,1692254300573,1692254300576,1693226564822,8,3,5
45791,1693226564822,1692254300581,1692254300583,1693226564829,7,2,5
45792,1693226564829,1692254300588,1692254300590,1693226564836,7,2,5
45793,1693226564836,1692254300613,1692254300616,1693226564861,25,3,22
45794,1693226564861,1692254300653,1692254300656,1693226564902,41,3,38
45795,1693226564902,1692254300661,1692254300664,1693226564909,7,3,4
45796,1693226564909,1692254300670,1692254300672,1693226564917,8,2,6
45797,1693226564917,1692254300677,1692254300680,1693226564925,8,3,5
45798,1693226564925,1692254300684,1692254300688,1693226564933,8,4,4
45799,1693226564933,1692254300698,1692254300702,1693226564948,15,4,11
45800,1693226564948,1692254300709,1692254300712,1693226564957,9,3,6
45801,1693226564957,1692254300716,1692254300719,1693226564964,7,3,4
45802,1693226564964,1692254300724,1692254300727,1693226564972,8,3,5
45803,1693226564972,1692254300753,1692254300756,1693226565008,36,3,33
45804,1693226565008,1692254300767,1692254300770,1693226565016,8,3,5
45805,1693226565016,1692254300775,1692254300805,1693226565050,34,30,4
45806,1693226565050,1692254300810,1692254300813,1693226565058,8,3,5
45807,1693226565058,1692254300817,1692254300820,1693226565065,7,3,4
45808,1693226565065,1692254300824,1692254300827,1693226565072,7,3,4
45809,1693226565072,1692254300831,1692254300834,1693226565078,6,3,3
45810,1693226565078,1692254300837,1692254300840,1693226565086,8,3,5
45811,1693226565086,1692254300846,1692254300849,1693226565094,8,3,5
45812,1693226565094,1692254300857,1692254300860,1693226565105,11,3,8
45813,1693226565105,1692254300873,1692254300876,1693226565121,16,3,13
45814,1693226565121,1692254300889,1692254300892,1693226565137,16,3,13
45815,1693226565137,1692254300900,1692254300904,1693226565149,12,4,8
45816,1693226565149,1692254300909,1692254300912,1693226565158,9,3,6
45817,1693226565158,1692254301046,1692254301049,1693226565295,137,3,134
45818,1693226565295,1692254301058,1692254301060,1693226565306,11,2,9
45819,1693226565306,1692254301065,1692254301069,1693226565314,8,4,4
45820,1693226565314,1692254301073,1692254301076,1693226565322,8,3,5
45821,1693226565322,1692254301081,1692254301084,1693226565330,8,3,5
45822,1693226565330,1692254301089,1692254301092,1693226565337,7,3,4
45823,1693226565337,1692254301097,1692254301100,1693226565347,10,3,7
45824,1693226565347,1692254301106,1692254301109,1693226565355,8,3,5
45825,1693226565355,1692254301114,1692254301117,1693226565362,7,3,4
45826,1693226565362,1692254301124,1692254301127,1693226565373,11,3,8
45827,1693226565373,1692254301132,1692254301137,1693226565382,9,5,4
45828,1693226565382,1692254301142,1692254301169,1693226565414,32,27,5
45829,1693226565414,1692254301173,1692254301176,1693226565421,7,3,4
45830,1693226565421,1692254301181,1692254301184,1693226565434,13,3,10
45831,1693226565434,1692254301194,1692254301197,1693226565443,9,3,6
45832,1693226565443,1692254301201,1692254301204,1693226565449,6,3,3
45833,1693226565449,1692254301209,1692254301212,1693226565457,8,3,5
45834,1693226565457,1692254301216,1692254301223,1693226565469,12,7,5
45835,1693226565469,1692254301233,1692254301236,1693226565481,12,3,9
45836,1693226565481,1692254301281,1692254301286,1693226565531,50,5,45
45837,1693226565531,1692254301290,1692254301294,1693226565539,8,4,4
45838,1693226565539,1692254301298,1692254301301,1693226565547,8,3,5
45839,1693226565547,1692254301308,1692254301311,1693226565557,10,3,7
45840,1693226565557,1692254301316,1692254301319,1693226565564,7,3,4
45841,1693226565564,1692254301326,1692254301328,1693226565573,9,2,7
45842,1693226565573,1692254301332,1692254301335,1693226565580,7,3,4
45843,1693226565580,1692254301345,1692254301348,1693226565594,14,3,11
45844,1693226565594,1692254301363,1692254301366,1693226565611,17,3,14
45845,1693226565611,1692254301369,1692254301372,1693226565618,7,3,4
45846,1693226565618,1692254301377,1692254301380,1693226565625,7,3,4
45847,1693226565625,1692254301384,1692254301387,1693226565633,8,3,5
45848,1693226565633,1692254301391,1692254301395,1693226565640,7,4,3
45849,1693226565640,1692254301399,1692254301402,1693226565648,8,3,5
45850,1693226565648,1692254301426,1692254301429,1693226565674,26,3,23
45851,1693226565674,1692254301446,1692254301449,1693226565694,20,3,17
45852,1693226565694,1692254301454,1692254301457,1693226565702,8,3,5
45853,1693226565702,1692254301462,1692254301469,1693226565714,12,7,5
45854,1693226565714,1692254301477,1692254301480,1693226565725,11,3,8
45855,1693226565725,1692254301484,1692254301488,1693226565732,7,4,3
45856,1693226565733,1692254301509,1692254301512,1693226565757,24,3,21
45857,1693226565757,1692254301521,1692254301524,1693226565769,12,3,9
45858,1693226565769,1692254301528,1692254301531,1693226565777,8,3,5
45859,1693226565777,1692254301536,1692254301539,1693226565784,7,3,4
45860,1693226565784,1692254301550,1692254301552,1693226565798,14,2,12
45861,1693226565798,1692254301557,1692254301560,1693226565806,8,3,5
45862,1693226565806,1692254301565,1692254301568,1693226565813,7,3,4
45863,1693226565813,1692254301572,1692254301575,1693226565820,7,3,4
45864,1693226565820,1692254301579,1692254301581,1693226565827,7,2,5
45865,1693226565827,1692254301586,1692254301588,1693226565834,7,2,5
45866,1693226565834,1692254301592,1692254301595,1693226565841,7,3,4
45867,1693226565841,1692254301600,1692254301603,1693226565848,7,3,4
45868,1693226565848,1692254301607,1692254301611,1693226565858,10,4,6
45869,1693226565858,1692254301661,1692254301664,1693226565909,51,3,48
45870,1693226565909,1692254301670,1692254301673,1693226565918,9,3,6
45871,1693226565918,1692254301677,1692254301680,1693226565925,7,3,4
45872,1693226565926,1692254301685,1692254301688,1693226565933,7,3,4
45873,1693226565933,1692254301692,1692254301697,1693226565942,9,5,4
45874,1693226565942,1692254301701,1692254301704,1693226565949,7,3,4
45875,1693226565950,1692254301710,1692254301713,1693226565958,8,3,5
45876,1693226565958,1692254301719,1692254301722,1693226565967,9,3,6
45877,1693226565967,1692254301726,1692254301729,1693226565974,7,3,4
45878,1693226565974,1692254301733,1692254301736,1693226565982,8,3,5
45879,1693226565982,1692254301741,1692254301744,1693226565989,7,3,4
45880,1693226565989,1692254301749,1692254301752,1693226565998,9,3,6
45881,1693226565998,1692254301757,1692254301760,1693226566026,28,3,25
45882,1693226566026,1692254301850,1692254301853,1693226566098,72,3,69
45883,1693226566098,1692254301858,1692254301861,1693226566135,37,3,34
45884,1693226566135,1692254301914,1692254301917,1693226566162,27,3,24
45885,1693226566163,1692254301954,1692254301957,1693226566202,39,3,36
45886,1693226566202,1692254301977,1692254301982,1693226566228,26,5,21
45887,1693226566228,1692254301987,1692254301990,1693226566235,7,3,4
45888,1693226566236,1692254301995,1692254301998,1693226566243,7,3,4
45889,1693226566243,1692254302002,1692254302005,1693226566250,7,3,4
45890,1693226566250,1692254302028,1692254302032,1693226566277,27,4,23
45891,1693226566277,1692254302036,1692254302039,1693226566284,7,3,4
45892,1693226566284,1692254302044,1692254302046,1693226566292,8,2,6
45893,1693226566292,1692254302051,1692254302054,1693226566300,8,3,5
45894,1693226566300,1692254302077,1692254302080,1693226566325,25,3,22
45895,1693226566325,1692254302101,1692254302104,1693226566350,25,3,22
45896,1693226566350,1692254302109,1692254302112,1693226566357,7,3,4
45897,1693226566357,1692254302116,1692254302119,1693226566364,7,3,4
45898,1693226566364,1692254302126,1692254302131,1693226566376,12,5,7
45899,1693226566376,1692254302135,1692254302139,1693226566384,8,4,4
45900,1693226566384,1692254302246,1692254302249,1693226566494,110,3,107
45901,1693226566494,1692254302257,1692254302260,1693226566505,11,3,8
45902,1693226566505,1692254302264,1692254302268,1693226566513,8,4,4
45903,1693226566513,1692254302272,1692254302275,1693226566520,7,3,4
45904,1693226566520,1692254302283,1692254302287,1693226566532,12,4,8
45905,1693226566532,1692254302291,1692254302294,1693226566540,8,3,5
45906,1693226566540,1692254302318,1692254302320,1693226566566,26,2,24
45907,1693226566566,1692254302325,1692254302328,1693226566576,10,3,7
45908,1693226566576,1692254302395,1692254302400,1693226566645,69,5,64
45909,1693226566645,1692254302429,1692254302432,1693226566680,35,3,32
45910,1693226566680,1692254302496,1692254302499,1693226566784,104,3,101
45911,1693226566784,1692254302543,1692254302546,1693226566792,8,3,5
45912,1693226566792,1692254302553,1692254302561,1693226566806,14,8,6
45913,1693226566806,1692254302566,1692254302569,1693226566814,8,3,5
45914,1693226566814,1692254302574,1692254302577,1693226566822,8,3,5
45915,1693226566822,1692254302581,1692254302584,1693226566829,7,3,4
45916,1693226566829,1692254302589,1692254302592,1693226566838,9,3,6
45917,1693226566838,1692254302597,1692254302600,1693226566846,8,3,5
45918,1693226566846,1692254302646,1692254302649,1693226566894,48,3,45
45919,1693226566894,1692254302658,1692254302660,1693226566906,12,2,10
45920,1693226566906,1692254302665,1692254302668,1693226566913,7,3,4
45921,1693226566913,1692254302672,1692254302676,1693226566921,8,4,4
45922,1693226566921,1692254302682,1692254302685,1693226566930,9,3,6
45923,1693226566930,1692254302709,1692254302713,1693226566958,28,4,24
45924,1693226566958,1692254302717,1692254302720,1693226566965,7,3,4
45925,1693226566965,1692254302725,1692254302728,1693226566973,8,3,5
45926,1693226566973,1692254302746,1692254302749,1693226566994,21,3,18
45927,1693226566994,1692254302754,1692254302758,1693226567003,9,4,5
45928,1693226567003,1692254302812,1692254302815,1693226567060,57,3,54
45929,1693226567060,1692254302913,1692254302917,1693226567162,102,4,98
45930,1693226567162,1692254302929,1692254302931,1693226567177,15,2,13
45931,1693226567177,1692254302938,1692254302941,1693226567186,9,3,6
45932,1693226567186,1692254302950,1692254302952,1693226567199,13,2,11
45933,1693226567199,1692254302959,1692254302962,1693226567207,8,3,5
45934,1693226567207,1692254303005,1692254303008,1693226567253,46,3,43
45935,1693226567253,1692254303018,1692254303021,1693226567266,13,3,10
45936,1693226567266,1692254303025,1692254303027,1693226567272,6,2,4
45937,1693226567272,1692254303031,1692254303034,1693226567279,7,3,4
45938,1693226567279,1692254303126,1692254303129,1693226567374,95,3,92
45939,1693226567374,1692254303133,1692254303136,1693226567382,8,3,5
45940,1693226567382,1692254303174,1692254303179,1693226567425,43,5,38
45941,1693226567425,1692254303184,1692254303187,1693226567432,7,3,4
45942,1693226567432,1692254303192,1692254303195,1693226567440,8,3,5
45943,1693226567441,1692254303200,1692254303203,1693226567448,7,3,4
45944,1693226567449,1692254303229,1692254303232,1693226567478,29,3,26
45945,1693226567478,1692254303240,1692254303244,1693226567489,11,4,7
45946,1693226567489,1692254303249,1692254303252,1693226567497,8,3,5
45947,1693226567497,1692254303258,1692254303261,1693226567506,9,3,6
45948,1693226567506,1692254303283,1692254303286,1693226567531,25,3,22
45949,1693226567531,1692254303290,1692254303293,1693226567539,8,3,5
45950,1693226567539,1692254303306,1692254303309,1693226567555,16,3,13
45951,1693226567555,1692254303314,1692254303317,1693226567563,8,3,5
45952,1693226567563,1692254303322,1692254303325,1693226567570,7,3,4
45953,1693226567570,1692254303329,1692254303332,1693226567577,7,3,4
45954,1693226567577,1692254303337,1692254303340,1693226567585,8,3,5
45955,1693226567585,1692254303345,1692254303348,1693226567593,8,3,5
45956,1693226567593,1692254303354,1692254303356,1693226567602,9,2,7
45957,1693226567602,1692254303361,1692254303363,1693226567608,6,2,4
45958,1693226567609,1692254303368,1692254303371,1693226567616,7,3,4
45959,1693226567616,1692254303385,1692254303388,1693226567633,17,3,14
45960,1693226567633,1692254303398,1692254303401,1693226567646,13,3,10
45961,1693226567646,1692254303406,1692254303409,1693226567654,8,3,5
45962,1693226567654,1692254303413,1692254303416,1693226567661,7,3,4
45963,1693226567661,1692254303421,1692254303423,1693226567668,7,2,5
45964,1693226567669,1692254303427,1692254303431,1693226567676,7,4,3
45965,1693226567676,1692254303435,1692254303438,1693226567684,8,3,5
45966,1693226567684,1692254303443,1692254303446,1693226567691,7,3,4
45967,1693226567691,1692254303450,1692254303453,1693226567698,7,3,4
45968,1693226567698,1692254303459,1692254303462,1693226567707,9,3,6
45969,1693226567707,1692254303467,1692254303470,1693226567715,8,3,5
45970,1693226567715,1692254303474,1692254303478,1693226567723,8,4,4
45971,1693226567723,1692254303517,1692254303520,1693226567765,42,3,39
45972,1693226567765,1692254303533,1692254303536,1693226567781,16,3,13
45973,1693226567781,1692254303554,1692254303557,1693226567804,23,3,20
45974,1693226567804,1692254303569,1692254303572,1693226567817,13,3,10
45975,1693226567817,1692254303605,1692254303608,1693226567853,36,3,33
45976,1693226567853,1692254303613,1692254303616,1693226567861,8,3,5
45977,1693226567861,1692254303645,1692254303648,1693226567893,32,3,29
45978,1693226567893,1692254303673,1692254303676,1693226567921,28,3,25
45979,1693226567921,1692254303682,1692254303685,1693226567930,9,3,6
45980,1693226567930,1692254303689,1692254303692,1693226567937,7,3,4
45981,1693226567937,1692254303696,1692254303699,1693226567944,7,3,4
45982,1693226567944,1692254303703,1692254303708,1693226567953,9,5,4
45983,1693226567953,1692254303749,1692254303752,1693226567998,45,3,42
45984,1693226567998,1692254303759,1692254303762,1693226568009,11,3,8
45985,1693226568009,1692254303768,1692254303772,1693226568018,9,4,5
45986,1693226568018,1692254303819,1692254303822,1693226568068,50,3,47
45987,1693226568068,1692254303827,1692254303830,1693226568076,8,3,5
45988,1693226568076,1692254303835,1692254303838,1693226568083,7,3,4
45989,1693226568083,1692254303844,1692254303847,1693226568092,9,3,6
45990,1693226568093,1692254303870,1692254303877,1693226568124,31,7,24
45991,1693226568124,1692254303909,1692254303912,1693226568158,34,3,31
45992,1693226568158,1692254303917,1692254303921,1693226568166,8,4,4
45993,1693226568166,1692254303926,1692254304009,1693226568255,89,83,6
45994,1693226568255,1692254304090,1692254304093,1693226568338,83,3,80
45995,1693226568338,1692254304097,1692254304100,1693226568346,8,3,5
45996,1693226568346,1692254304105,1692254304108,1693226568354,8,3,5
45997,1693226568354,1692254304113,1692254304116,1693226568362,8,3,5
45998,1693226568362,1692254304125,1692254304129,1693226568374,12,4,8
45999,1693226568374,1692254304133,1692254304137,1693226568382,8,4,4
46000,1693226568382,1692254304141,1692254304144,1693226568390,8,3,5
46001,1693226568390,1692254304158,1692254304162,1693226568407,17,4,13
46002,1693226568407,1692254304234,1692254304237,1693226568482,75,3,72
46003,1693226568482,1692254304242,1692254304245,1693226568490,8,3,5
46004,1693226568490,1692254304278,1692254304282,1693226568527,37,4,33
46005,1693226568527,1692254304286,1692254304289,1693226568534,7,3,4
46006,1693226568534,1692254304293,1692254304296,1693226568542,8,3,5
46007,1693226568542,1692254304302,1692254304305,1693226568550,8,3,5
46008,1693226568550,1692254304365,1692254304368,1693226568613,63,3,60
46009,1693226568613,1692254304385,1692254304388,1693226568633,20,3,17
46010,1693226568633,1692254304392,1692254304395,1693226568640,7,3,4
46011,1693226568640,1692254304410,1692254304413,1693226568658,18,3,15
46012,1693226568658,1692254304417,1692254304419,1693226568665,7,2,5
46013,1693226568665,1692254304424,1692254304427,1693226568672,7,3,4
46014,1693226568672,1692254304437,1692254304440,1693226568685,13,3,10
46015,1693226568685,1692254304444,1692254304448,1693226568693,8,4,4
46016,1693226568693,1692254304453,1692254304456,1693226568701,8,3,5
46017,1693226568701,1692254304460,1692254304463,1693226568708,7,3,4
46018,1693226568708,1692254304468,1692254304472,1693226568717,9,4,5
46019,1693226568717,1692254304478,1692254304482,1693226568727,10,4,6
46020,1693226568727,1692254304486,1692254304489,1693226568735,8,3,5
46021,1693226568735,1692254304494,1692254304496,1693226568741,6,2,4
46022,1693226568741,1692254304500,1692254304503,1693226568748,7,3,4
46023,1693226568748,1692254304508,1692254304511,1693226568756,8,3,5
46024,1693226568756,1692254304533,1692254304536,1693226568781,25,3,22
46025,1693226568781,1692254304546,1692254304549,1693226568795,14,3,11
46026,1693226568795,1692254304554,1692254304557,1693226568802,7,3,4
46027,1693226568802,1692254304593,1692254304596,1693226568841,39,3,36
46028,1693226568841,1692254304600,1692254304603,1693226568848,7,3,4
46029,1693226568848,1692254304608,1692254304610,1693226568855,7,2,5
46030,1693226568856,1692254304615,1692254304618,1693226568863,7,3,4
46031,1693226568863,1692254304621,1692254304624,1693226568869,6,3,3
46032,1693226568869,1692254304628,1692254304631,1693226568876,7,3,4
46033,1693226568876,1692254304636,1692254304638,1693226568883,7,2,5
46034,1693226568883,1692254304642,1692254304646,1693226568891,8,4,4
46035,1693226568891,1692254304650,1692254304652,1693226568897,6,2,4
46036,1693226568897,1692254304656,1692254304659,1693226568904,7,3,4
46037,1693226568904,1692254304663,1692254304666,1693226568911,7,3,4
46038,1693226568911,1692254304671,1692254304673,1693226568919,8,2,6
46039,1693226568919,1692254304677,1692254304680,1693226568925,6,3,3
46040,1693226568925,1692254304684,1692254304687,1693226568932,7,3,4
46041,1693226568933,1692254304691,1692254304694,1693226568939,6,3,3
46042,1693226568939,1692254304741,1692254304744,1693226568989,50,3,47
46043,1693226568989,1692254304756,1692254304759,1693226569004,15,3,12
46044,1693226569004,1692254304763,1692254304767,1693226569012,8,4,4
46045,1693226569012,1692254304805,1692254304808,1693226569053,41,3,38
46046,1693226569053,1692254304816,1692254304820,1693226569065,12,4,8
46047,1693226569065,1692254304918,1692254304921,1693226569368,303,3,300
46048,1693226569368,1692254305129,1692254305132,1693226569378,10,3,7
46049,1693226569378,1692254305137,1692254305140,1693226569385,7,3,4
46050,1693226569385,1692254305193,1692254305196,1693226569452,67,3,64
46051,1693226569452,1692254305221,1692254305224,1693226569470,18,3,15
46052,1693226569470,1692254305285,1692254305289,1693226569534,64,4,60
46053,1693226569534,1692254305293,1692254305310,1693226569557,23,17,6
46054,1693226569557,1692254305317,1692254305320,1693226569565,8,3,5
46055,1693226569565,1692254305326,1692254305342,1693226569587,22,16,6
46056,1693226569587,1692254305347,1692254305350,1693226569595,8,3,5
46057,1693226569595,1692254305358,1692254305360,1693226569606,11,2,9
46058,1693226569606,1692254305370,1692254305373,1693226569618,12,3,9
46059,1693226569618,1692254305382,1692254305384,1693226569630,12,2,10
46060,1693226569630,1692254305390,1692254305393,1693226569638,8,3,5
46061,1693226569638,1692254305402,1692254305404,1693226569650,12,2,10
46062,1693226569650,1692254305437,1692254305445,1693226569690,40,8,32
46063,1693226569690,1692254305450,1692254305461,1693226569707,17,11,6
46064,1693226569707,1692254305466,1692254305469,1693226569714,7,3,4
46065,1693226569714,1692254305473,1692254305476,1693226569721,7,3,4
46066,1693226569721,1692254305486,1692254305489,1693226569734,13,3,10
46067,1693226569734,1692254305493,1692254305496,1693226569742,8,3,5
46068,1693226569742,1692254305521,1692254305524,1693226569769,27,3,24
46069,1693226569769,1692254305528,1692254305531,1693226569776,7,3,4
46070,1693226569776,1692254305535,1692254305538,1693226569784,8,3,5
46071,1693226569784,1692254305574,1692254305576,1693226569821,37,2,35
46072,1693226569821,1692254305581,1692254305584,1693226569829,8,3,5
46073,1693226569829,1692254305606,1692254305609,1693226569855,26,3,23
46074,1693226569855,1692254305658,1692254305661,1693226569906,51,3,48
46075,1693226569906,1692254305705,1692254305708,1693226569954,48,3,45
46076,1693226569955,1692254305728,1692254305731,1693226569976,21,3,18
46077,1693226569976,1692254305749,1692254305753,1693226569999,23,4,19
46078,1693226569999,1692254305793,1692254305796,1693226570042,43,3,40
46079,1693226570042,1692254305800,1692254305803,1693226570048,6,3,3
46080,1693226570048,1692254305822,1692254305825,1693226570070,22,3,19
46081,1693226570070,1692254305830,1692254305832,1693226570078,8,2,6
46082,1693226570078,1692254305837,1692254305840,1693226570085,7,3,4
46083,1693226570085,1692254305913,1692254305917,1693226570162,77,4,73
46084,1693226570162,1692254305921,1692254305925,1693226570170,8,4,4
46085,1693226570170,1692254305929,1692254305931,1693226570177,7,2,5
46086,1693226570177,1692254305936,1692254305939,1693226570184,7,3,4
46087,1693226570185,1692254305944,1692254305947,1693226570192,7,3,4
46088,1693226570192,1692254305951,1692254305953,1693226570199,7,2,5
46089,1693226570199,1692254305958,1692254305961,1693226570206,7,3,4
46090,1693226570206,1692254305965,1692254305968,1693226570213,7,3,4
46091,1693226570213,1692254305971,1692254305974,1693226570219,6,3,3
46092,1693226570220,1692254305980,1692254305985,1693226570230,10,5,5
46093,1693226570230,1692254305998,1692254306001,1693226570246,16,3,13
46094,1693226570246,1692254306005,1692254306008,1693226570253,7,3,4
46095,1693226570253,1692254306037,1692254306040,1693226570285,32,3,29
46096,1693226570285,1692254306044,1692254306047,1693226570292,7,3,4
46097,1693226570292,1692254306053,1692254306057,1693226570302,10,4,6
46098,1693226570302,1692254306062,1692254306065,1693226570327,25,3,22
46099,1693226570327,1692254306105,1692254306109,1693226570354,27,4,23
46100,1693226570354,1692254306126,1692254306129,1693226570374,20,3,17
46101,1693226570374,1692254306134,1692254306137,1693226570384,10,3,7
46102,1693226570384,1692254306143,1692254306147,1693226570392,8,4,4
46103,1693226570392,1692254306151,1692254306155,1693226570400,8,4,4
46104,1693226570400,1692254306169,1692254306174,1693226570419,19,5,14
46105,1693226570419,1692254306189,1692254306192,1693226570437,18,3,15
46106,1693226570437,1692254306196,1692254306199,1693226570444,7,3,4
46107,1693226570444,1692254306204,1692254306207,1693226570452,8,3,5
46108,1693226570452,1692254306212,1692254306215,1693226570460,8,3,5
46109,1693226570460,1692254306233,1692254306236,1693226570481,21,3,18
46110,1693226570481,1692254306241,1692254306244,1693226570489,8,3,5
46111,1693226570489,1692254306248,1692254306251,1693226570496,7,3,4
46112,1693226570496,1692254306255,1692254306257,1693226570502,6,2,4
46113,1693226570502,1692254306261,1692254306264,1693226570509,7,3,4
46114,1693226570509,1692254306268,1692254306271,1693226570516,7,3,4
46115,1693226570516,1692254306285,1692254306288,1693226570533,17,3,14
46116,1693226570534,1692254306293,1692254306296,1693226570542,8,3,5
46117,1693226570542,1692254306306,1692254306309,1693226570554,12,3,9
46118,1693226570554,1692254306314,1692254306316,1693226570562,8,2,6
46119,1693226570562,1692254306321,1692254306324,1693226570569,7,3,4
46120,1693226570569,1692254306328,1692254306331,1693226570576,7,3,4
46121,1693226570576,1692254306377,1692254306380,1693226570625,49,3,46
46122,1693226570625,1692254306413,1692254306416,1693226570661,36,3,33
46123,1693226570661,1692254306462,1692254306469,1693226570714,53,7,46
46124,1693226570714,1692254306478,1692254306481,1693226570725,11,3,8
46125,1693226570725,1692254306484,1692254306487,1693226570732,7,3,4
46126,1693226570732,1692254306491,1692254306494,1693226570740,8,3,5
46127,1693226570741,1692254306500,1692254306503,1693226570748,7,3,4
46128,1693226570748,1692254306507,1692254306512,1693226570757,9,5,4
46129,1693226570757,1692254306516,1692254306519,1693226570765,8,3,5
46130,1693226570765,1692254306557,1692254306560,1693226570806,41,3,38
46131,1693226570806,1692254306565,1692254306568,1693226570813,7,3,4
46132,1693226570813,1692254306572,1692254306575,1693226570819,6,3,3
46133,1693226570819,1692254306579,1692254306582,1693226570827,8,3,5
46134,1693226570827,1692254306586,1692254306588,1693226570834,7,2,5
46135,1693226570834,1692254306593,1692254306595,1693226570841,7,2,5
46136,1693226570841,1692254306600,1692254306603,1693226570848,7,3,4
46137,1693226570848,1692254306607,1692254306610,1693226570855,7,3,4
46138,1693226570855,1692254306614,1692254306617,1693226570863,8,3,5
46139,1693226570863,1692254306649,1692254306652,1693226570897,34,3,31
46140,1693226570897,1692254306656,1692254306659,1693226570905,8,3,5
46141,1693226570905,1692254306693,1692254306696,1693226570942,37,3,34
46142,1693226570942,1692254306701,1692254306704,1693226570949,7,3,4
46143,1693226570949,1692254306708,1692254306711,1693226570956,7,3,4
46144,1693226570956,1692254306749,1692254306752,1693226570997,41,3,38
46145,1693226570998,1692254306774,1692254306777,1693226571022,24,3,21
46146,1693226571022,1692254306873,1692254306877,1693226571122,100,4,96
46147,1693226571122,1692254306889,1692254306892,1693226571138,16,3,13
46148,1693226571138,1692254306902,1692254306905,1693226571150,12,3,9
46149,1693226571150,1692254306913,1692254306916,1693226571161,11,3,8
46150,1693226571161,1692254306922,1692254306949,1693226571194,33,27,6
46151,1693226571194,1692254306953,1692254306956,1693226571202,8,3,5
46152,1693226571202,1692254306963,1692254306966,1693226571211,9,3,6
46153,1693226571211,1692254306974,1692254306977,1693226571222,11,3,8
46154,1693226571222,1692254306981,1692254306984,1693226571230,8,3,5
46155,1693226571230,1692254306989,1692254306992,1693226571237,7,3,4
46156,1693226571237,1692254306996,1692254307018,1693226571263,26,22,4
46157,1693226571263,1692254307038,1692254307041,1693226571286,23,3,20
46158,1693226571286,1692254307093,1692254307097,1693226571342,56,4,52
46159,1693226571342,1692254307114,1692254307116,1693226571362,20,2,18
46160,1693226571362,1692254307121,1692254307124,1693226571369,7,3,4
46161,1693226571369,1692254307129,1692254307132,1693226571377,8,3,5
46162,1693226571377,1692254307136,1692254307140,1693226571385,8,4,4
46163,1693226571385,1692254307148,1692254307151,1693226571397,12,3,9
46164,1693226571397,1692254307162,1692254307166,1693226571411,14,4,10
46165,1693226571411,1692254307170,1692254307174,1693226571419,8,4,4
46166,1693226571419,1692254307178,1692254307182,1693226571427,8,4,4
46167,1693226571427,1692254307186,1692254307189,1693226571434,7,3,4
46168,1693226571434,1692254307196,1692254307199,1693226571444,10,3,7
46169,1693226571444,1692254307221,1692254307224,1693226571469,25,3,22
46170,1693226571469,1692254307237,1692254307240,1693226571485,16,3,13
46171,1693226571485,1692254307262,1692254307264,1693226571509,24,2,22
46172,1693226571509,1692254307281,1692254307284,1693226571529,20,3,17
46173,1693226571529,1692254307288,1692254307291,1693226571536,7,3,4
46174,1693226571536,1692254307296,1692254307299,1693226571544,8,3,5
46175,1693226571544,1692254307306,1692254307309,1693226571554,10,3,7
46176,1693226571555,1692254307315,1692254307318,1693226571563,8,3,5
46177,1693226571563,1692254307326,1692254307329,1693226571574,11,3,8
46178,1693226571574,1692254307334,1692254307336,1693226571582,8,2,6
46179,1693226571582,1692254307342,1692254307344,1693226571590,8,2,6
46180,1693226571590,1692254307365,1692254307368,1693226571614,24,3,21
46181,1693226571614,1692254307380,1692254307383,1693226571628,14,3,11
46182,1693226571628,1692254307387,1692254307390,1693226571635,7,3,4
46183,1693226571635,1692254307425,1692254307428,1693226571673,38,3,35
46184,1693226571673,1692254307432,1692254307435,1693226571681,8,3,5
46185,1693226571681,1692254307440,1692254307442,1693226571688,7,2,5
46186,1693226571688,1692254307447,1692254307450,1693226571697,9,3,6
46187,1693226571697,1692254307456,1692254307459,1693226571704,7,3,4
46188,1693226571704,1692254307463,1692254307467,1693226571712,8,4,4
46189,1693226571712,1692254307471,1692254307474,1693226571719,7,3,4
46190,1693226571719,1692254307478,1692254307480,1693226571725,6,2,4
46191,1693226571725,1692254307484,1692254307487,1693226571732,7,3,4
46192,1693226571732,1692254307521,1692254307524,1693226571769,37,3,34
46193,1693226571769,1692254307530,1692254307533,1693226571778,9,3,6
46194,1693226571778,1692254307549,1692254307552,1693226571798,20,3,17
46195,1693226571798,1692254307557,1692254307560,1693226571805,7,3,4
46196,1693226571805,1692254307565,1692254307567,1693226571812,7,2,5
46197,1693226571812,1692254307685,1692254307689,1693226571934,122,4,118
46198,1693226571934,1692254307696,1692254307699,1693226571945,11,3,8
46199,1693226571945,1692254307703,1692254307706,1693226571951,6,3,3
46200,1693226571951,1692254307712,1692254307714,1693226571960,9,2,7
46201,1693226571960,1692254307722,1692254307726,1693226571971,11,4,7
46202,1693226571971,1692254307737,1692254307740,1693226571985,14,3,11
46203,1693226571985,1692254307744,1692254307747,1693226571992,7,3,4
46204,1693226571992,1692254307751,1692254307754,1693226571999,7,3,4
46205,1693226571999,1692254307765,1692254307768,1693226572013,14,3,11
46206,1693226572013,1692254307772,1692254307775,1693226572020,7,3,4
46207,1693226572020,1692254307779,1692254307782,1693226572027,7,3,4
46208,1693226572027,1692254307787,1692254307789,1693226572034,7,2,5
46209,1693226572034,1692254307794,1692254307797,1693226572054,20,3,17
46210,1693226572054,1692254307817,1692254307820,1693226572065,11,3,8
46211,1693226572065,1692254307830,1692254307832,1693226572077,12,2,10
46212,1693226572077,1692254307845,1692254307847,1693226572093,16,2,14
46213,1693226572093,1692254307852,1692254307855,1693226572099,6,3,3
46214,1693226572099,1692254307862,1692254307864,1693226572110,11,2,9
46215,1693226572110,1692254307869,1692254307872,1693226572117,7,3,4
46216,1693226572117,1692254307885,1692254307889,1693226572135,18,4,14
46217,1693226572135,1692254307917,1692254307923,1693226572168,33,6,27
46218,1693226572168,1692254308073,1692254308076,1693226572321,153,3,150
46219,1693226572322,1692254308080,1692254308083,1693226572329,7,3,4
46220,1693226572329,1692254308125,1692254308129,1693226572374,45,4,41
46221,1693226572374,1692254308134,1692254308137,1693226572382,8,3,5
46222,1693226572382,1692254308141,1692254308144,1693226572389,7,3,4
46223,1693226572389,1692254308149,1692254308152,1693226572398,9,3,6
46224,1693226572398,1692254308156,1692254308160,1693226572405,7,4,3
46225,1693226572405,1692254308182,1692254308185,1693226572430,25,3,22
46226,1693226572430,1692254308206,1692254308208,1693226572453,23,2,21
46227,1693226572453,1692254308226,1692254308228,1693226572473,20,2,18
46228,1693226572473,1692254308238,1692254308241,1693226572486,13,3,10
46229,1693226572486,1692254308245,1692254308248,1693226572493,7,3,4
46230,1693226572493,1692254308254,1692254308256,1693226572501,8,2,6
46231,1693226572502,1692254308274,1692254308278,1693226572523,21,4,17
46232,1693226572523,1692254308286,1692254308289,1693226572535,12,3,9
46233,1693226572535,1692254308294,1692254308298,1693226572543,8,4,4
46234,1693226572543,1692254308321,1692254308324,1693226572569,26,3,23
46235,1693226572569,1692254308328,1692254308331,1693226572576,7,3,4
46236,1693226572576,1692254308342,1692254308345,1693226572590,14,3,11
46237,1693226572590,1692254308350,1692254308354,1693226572601,11,4,7
46238,1693226572601,1692254308360,1692254308363,1693226572608,7,3,4
46239,1693226572608,1692254308368,1692254308370,1693226572617,9,2,7
46240,1693226572617,1692254308376,1692254308379,1693226572624,7,3,4
46241,1693226572624,1692254308394,1692254308397,1693226572643,19,3,16
46242,1693226572643,1692254308403,1692254308406,1693226572651,8,3,5
46243,1693226572651,1692254308418,1692254308421,1693226572666,15,3,12
46244,1693226572666,1692254308429,1692254308432,1693226572677,11,3,8
46245,1693226572677,1692254308437,1692254308440,1693226572685,8,3,5
46246,1693226572685,1692254308454,1692254308456,1693226572702,17,2,15
46247,1693226572702,1692254308461,1692254308464,1693226572709,7,3,4
46248,1693226572709,1692254308467,1692254308470,1693226572716,7,3,4
46249,1693226572716,1692254308476,1692254308480,1693226572725,9,4,5
46250,1693226572725,1692254308498,1692254308500,1693226572746,21,2,19
46251,1693226572746,1692254308565,1692254308568,1693226572814,68,3,65
46252,1693226572814,1692254308573,1692254308576,1693226572822,8,3,5
46253,1693226572822,1692254308581,1692254308584,1693226572829,7,3,4
46254,1693226572829,1692254308588,1692254308591,1693226572836,7,3,4
46255,1693226572837,1692254308596,1692254308599,1693226572844,7,3,4
46256,1693226572844,1692254308603,1692254308606,1693226572851,7,3,4
46257,1693226572851,1692254308610,1692254308613,1693226572858,7,3,4
46258,1693226572858,1692254308617,1692254308620,1693226572865,7,3,4
46259,1693226572865,1692254308634,1692254308637,1693226572882,17,3,14
46260,1693226572882,1692254308641,1692254308644,1693226572889,7,3,4
46261,1693226572889,1692254308648,1692254308651,1693226572896,7,3,4
46262,1693226572896,1692254308655,1692254308658,1693226572903,7,3,4
46263,1693226572904,1692254308663,1692254308666,1693226572911,7,3,4
46264,1693226572911,1692254308670,1692254308685,1693226572930,19,15,4
46265,1693226572930,1692254308712,1692254308715,1693226572960,30,3,27
46266,1693226572960,1692254308729,1692254308732,1693226572978,18,3,15
46267,1693226572978,1692254308751,1692254308753,1693226572998,20,2,18
46268,1693226572998,1692254308757,1692254308760,1693226573005,7,3,4
46269,1693226573005,1692254308810,1692254308813,1693226573058,53,3,50
46270,1693226573058,1692254308818,1692254308821,1693226573066,8,3,5
46271,1693226573066,1692254308825,1692254308828,1693226573073,7,3,4
46272,1693226573073,1692254308842,1692254308845,1693226573090,17,3,14
46273,1693226573090,1692254308855,1692254308859,1693226573104,14,4,10
46274,1693226573104,1692254308864,1692254308868,1693226573113,9,4,5
46275,1693226573113,1692254308873,1692254308875,1693226573121,8,2,6
46276,1693226573121,1692254308880,1692254308883,1693226573129,8,3,5
46277,1693226573129,1692254308888,1692254308891,1693226573137,8,3,5
46278,1693226573137,1692254308918,1692254308921,1693226573167,30,3,27
46279,1693226573167,1692254308974,1692254308977,1693226573222,55,3,52
46280,1693226573222,1692254308982,1692254308985,1693226573234,12,3,9
46281,1693226573234,1692254308997,1692254309000,1693226573245,11,3,8
46282,1693226573245,1692254309005,1692254309009,1693226573254,9,4,5
46283,1693226573254,1692254309014,1692254309017,1693226573261,7,3,4
46284,1693226573261,1692254309020,1692254309023,1693226573268,7,3,4
46285,1693226573268,1692254309062,1692254309064,1693226573309,41,2,39
46286,1693226573309,1692254309145,1692254309148,1693226573394,85,3,82
46287,1693226573394,1692254309153,1692254309157,1693226573402,8,4,4
46288,1693226573402,1692254309161,1692254309164,1693226573410,8,3,5
46289,1693226573410,1692254309283,1692254309286,1693226573532,122,3,119
46290,1693226573532,1692254309291,1692254309294,1693226573540,8,3,5
46291,1693226573540,1692254309422,1692254309424,1693226573670,130,2,128
46292,1693226573670,1692254309430,1692254309433,1693226573678,8,3,5
46293,1693226573678,1692254309437,1692254309440,1693226573685,7,3,4
46294,1693226573685,1692254309449,1692254309452,1693226573697,12,3,9
46295,1693226573697,1692254309477,1692254309481,1693226573726,29,4,25
46296,1693226573726,1692254309485,1692254309488,1693226573733,7,3,4
46297,1693226573733,1692254309492,1692254309495,1693226573740,7,3,4
46298,1693226573740,1692254309502,1692254309506,1693226573752,12,4,8
46299,1693226573752,1692254309511,1692254309514,1693226573759,7,3,4
46300,1693226573760,1692254309518,1692254309521,1693226573766,6,3,3
46301,1693226573766,1692254309533,1692254309536,1693226573781,15,3,12
46302,1693226573781,1692254309540,1692254309543,1693226573788,7,3,4
46303,1693226573788,1692254309547,1692254309550,1693226573795,7,3,4
46304,1693226573795,1692254309561,1692254309564,1693226573814,19,3,16
46305,1693226573814,1692254309573,1692254309576,1693226573821,7,3,4
46306,1693226573821,1692254309580,1692254309583,1693226573829,8,3,5
46307,1693226573829,1692254309638,1692254309641,1693226573886,57,3,54
46308,1693226573886,1692254309646,1692254309648,1693226573894,8,2,6
46309,1693226573894,1692254309681,1692254309684,1693226573930,36,3,33
46310,1693226573930,1692254309752,1692254309757,1693226574003,73,5,68
46311,1693226574003,1692254309762,1692254309765,1693226574011,8,3,5
46312,1693226574011,1692254309830,1692254309833,1693226574080,69,3,66
46313,1693226574080,1692254309878,1692254309881,1693226574126,46,3,43
46314,1693226574126,1692254309894,1692254309897,1693226574142,16,3,13
46315,1693226574142,1692254309905,1692254309908,1693226574153,11,3,8
46316,1693226574153,1692254309913,1692254309916,1693226574161,8,3,5
46317,1693226574161,1692254309920,1692254309923,1693226574168,7,3,4
46318,1693226574168,1692254309927,1692254309931,1693226574176,8,4,4
46319,1693226574176,1692254309935,1692254309939,1693226574184,8,4,4
46320,1693226574184,1692254309974,1692254309977,1693226574222,38,3,35
46321,1693226574222,1692254309982,1692254309984,1693226574229,7,2,5
46322,1693226574229,1692254309993,1692254309996,1693226574241,12,3,9
46323,1693226574241,1692254310001,1692254310004,1693226574249,8,3,5
46324,1693226574249,1692254310008,1692254310011,1693226574256,7,3,4
46325,1693226574256,1692254310016,1692254310019,1693226574263,7,3,4
46326,1693226574264,1692254310022,1692254310025,1693226574271,7,3,4
46327,1693226574271,1692254310036,1692254310038,1693226574284,13,2,11
46328,1693226574284,1692254310043,1692254310046,1693226574292,8,3,5
46329,1693226574292,1692254310052,1692254310055,1693226574300,8,3,5
46330,1693226574300,1692254310059,1692254310062,1693226574307,7,3,4
46331,1693226574307,1692254310066,1692254310069,1693226574314,7,3,4
46332,1693226574314,1692254310076,1692254310078,1693226574324,10,2,8
46333,1693226574324,1692254310084,1692254310087,1693226574332,8,3,5
46334,1693226574332,1692254310091,1692254310094,1693226574340,8,3,5
46335,1693226574340,1692254310099,1692254310102,1693226574347,7,3,4
46336,1693226574347,1692254310106,1692254310108,1693226574353,6,2,4
46337,1693226574354,1692254310115,1692254310117,1693226574363,9,2,7
46338,1693226574363,1692254310122,1692254310125,1693226574371,8,3,5
46339,1693226574371,1692254310130,1692254310133,1693226574378,7,3,4
46340,1693226574378,1692254310153,1692254310157,1693226574402,24,4,20
46341,1693226574402,1692254310162,1692254310165,1693226574410,8,3,5
46342,1693226574410,1692254310193,1692254310196,1693226574441,31,3,28
46343,1693226574441,1692254310200,1692254310203,1693226574448,7,3,4
46344,1693226574448,1692254310208,1692254310210,1693226574455,7,2,5
46345,1693226574455,1692254310217,1692254310220,1693226574465,10,3,7
46346,1693226574465,1692254310224,1692254310265,1693226574510,45,41,4
46347,1693226574510,1692254310277,1692254310281,1693226574527,17,4,13
46348,1693226574527,1692254310287,1692254310290,1693226574536,9,3,6
46349,1693226574536,1692254310295,1692254310299,1693226574544,8,4,4
46350,1693226574544,1692254310361,1692254310364,1693226574609,65,3,62
46351,1693226574609,1692254310370,1692254310373,1693226574618,9,3,6
46352,1693226574618,1692254310377,1692254310380,1693226574625,7,3,4
46353,1693226574625,1692254310401,1692254310404,1693226574649,24,3,21
46354,1693226574649,1692254310414,1692254310417,1693226574665,16,3,13
46355,1693226574665,1692254310434,1692254310437,1693226574683,18,3,15
46356,1693226574683,1692254310444,1692254310447,1693226574692,9,3,6
46357,1693226574692,1692254310462,1692254310465,1693226574710,18,3,15
46358,1693226574710,1692254310469,1692254310472,1693226574717,7,3,4
46359,1693226574717,1692254310493,1692254310496,1693226574741,24,3,21
46360,1693226574741,1692254310500,1692254310504,1693226574756,15,4,11
46361,1693226574756,1692254310515,1692254310518,1693226574763,7,3,4
46362,1693226574763,1692254310562,1692254310566,1693226574811,48,4,44
46363,1693226574811,1692254310613,1692254310616,1693226574861,50,3,47
46364,1693226574861,1692254310620,1692254310623,1693226574870,9,3,6
46365,1693226574870,1692254310628,1692254310631,1693226574876,6,3,3
46366,1693226574876,1692254310638,1692254310641,1693226574886,10,3,7
46367,1693226574886,1692254310661,1692254310664,1693226574909,23,3,20
46368,1693226574909,1692254310670,1692254310673,1693226574928,19,3,16
46369,1693226574928,1692254310712,1692254310715,1693226574960,32,3,29
46370,1693226574960,1692254310719,1692254310721,1693226574967,7,2,5
46371,1693226574967,1692254310729,1692254310732,1693226574977,10,3,7
46372,1693226574977,1692254310749,1692254310752,1693226574997,20,3,17
46373,1693226574997,1692254310758,1692254310765,1693226575010,13,7,6
46374,1693226575010,1692254310770,1692254310773,1693226575026,16,3,13
46375,1693226575026,1692254310785,1692254310789,1693226575034,8,4,4
46376,1693226575034,1692254310793,1692254310796,1693226575041,7,3,4
46377,1693226575041,1692254310801,1692254310804,1693226575049,8,3,5
46378,1693226575049,1692254310810,1692254310813,1693226575058,9,3,6
46379,1693226575058,1692254310822,1692254310824,1693226575070,12,2,10
46380,1693226575070,1692254310831,1692254310834,1693226575079,9,3,6
46381,1693226575079,1692254310838,1692254310841,1693226575086,7,3,4
46382,1693226575086,1692254310845,1692254310848,1693226575095,9,3,6
46383,1693226575095,1692254310858,1692254310861,1693226575106,11,3,8
46384,1693226575106,1692254310873,1692254310889,1693226575134,28,16,12
46385,1693226575134,1692254310895,1692254310898,1693226575144,10,3,7
46386,1693226575144,1692254310903,1692254310905,1693226575150,6,2,4
46387,1693226575151,1692254310914,1692254310917,1693226575162,11,3,8
46388,1693226575162,1692254310921,1692254310924,1693226575170,8,3,5
46389,1693226575170,1692254310930,1692254310932,1693226575178,8,2,6
46390,1693226575178,1692254310936,1692254310939,1693226575184,6,3,3
46391,1693226575184,1692254311017,1692254311020,1693226575265,81,3,78
46392,1693226575265,1692254311024,1692254311027,1693226575272,7,3,4
46393,1693226575272,1692254311031,1692254311034,1693226575279,7,3,4
46394,1693226575279,1692254311038,1692254311041,1693226575289,10,3,7
46395,1693226575289,1692254311048,1692254311051,1693226575296,7,3,4
46396,1693226575296,1692254311055,1692254311058,1693226575303,7,3,4
46397,1693226575303,1692254311065,1692254311068,1693226575313,10,3,7
46398,1693226575313,1692254311072,1692254311075,1693226575320,7,3,4
46399,1693226575320,1692254311079,1692254311082,1693226575327,7,3,4
46400,1693226575327,1692254311086,1692254311089,1693226575335,8,3,5
46401,1693226575335,1692254311094,1692254311097,1693226575343,8,3,5
46402,1693226575343,1692254311102,1692254311105,1693226575350,7,3,4
46403,1693226575350,1692254311133,1692254311136,1693226575382,32,3,29
46404,1693226575382,1692254311142,1692254311145,1693226575390,8,3,5
46405,1693226575390,1692254311217,1692254311219,1693226575465,75,2,73
46406,1693226575465,1692254311226,1692254311233,1693226575478,13,7,6
46407,1693226575478,1692254311290,1692254311294,1693226575539,61,4,57
46408,1693226575539,1692254311298,1692254311303,1693226575549,10,5,5
46409,1693226575549,1692254311313,1692254311316,1693226575567,18,3,15
46410,1693226575567,1692254311349,1692254311352,1693226575597,30,3,27
46411,1693226575597,1692254311356,1692254311359,1693226575604,7,3,4
46412,1693226575604,1692254311364,1692254311367,1693226575612,8,3,5
46413,1693226575612,1692254311371,1692254311374,1693226575619,7,3,4
46414,1693226575619,1692254311378,1692254311405,1693226575651,32,27,5
46415,1693226575651,1692254311422,1692254311425,1693226575670,19,3,16
46416,1693226575670,1692254311429,1692254311432,1693226575677,7,3,4
46417,1693226575677,1692254311436,1692254311439,1693226575684,7,3,4
46418,1693226575684,1692254311447,1692254311450,1693226575694,10,3,7
46419,1693226575694,1692254311454,1692254311457,1693226575703,9,3,6
46420,1693226575703,1692254311462,1692254311465,1693226575710,7,3,4
46421,1693226575710,1692254311489,1692254311521,1693226575766,56,32,24
46422,1693226575766,1692254311542,1692254311544,1693226575792,26,2,24
46423,1693226575792,1692254311551,1692254311554,1693226575799,7,3,4
46424,1693226575799,1692254311559,1692254311562,1693226575807,8,3,5
46425,1693226575807,1692254311567,1692254311570,1693226575815,8,3,5
46426,1693226575815,1692254311577,1692254311581,1693226575826,11,4,7
46427,1693226575826,1692254311589,1692254311592,1693226575837,11,3,8
46428,1693226575837,1692254311610,1692254311612,1693226575858,21,2,19
46429,1693226575858,1692254311622,1692254311625,1693226575870,12,3,9
46430,1693226575870,1692254311630,1692254311633,1693226575878,8,3,5
46431,1693226575878,1692254311645,1692254311648,1693226575894,16,3,13
46432,1693226575894,1692254311685,1692254311688,1693226575934,40,3,37
46433,1693226575934,1692254311694,1692254311697,1693226575942,8,3,5
46434,1693226575942,1692254311729,1692254311732,1693226575977,35,3,32
46435,1693226575977,1692254311750,1692254311754,1693226575999,22,4,18
46436,1693226575999,1692254311760,1692254311763,1693226576008,9,3,6
46437,1693226576008,1692254311768,1692254311770,1693226576016,8,2,6
46438,1693226576016,1692254311786,1692254311789,1693226576035,19,3,16
46439,1693226576035,1692254311833,1692254311836,1693226576082,47,3,44
46440,1693226576082,1692254311845,1692254311850,1693226576095,13,5,8
46441,1693226576095,1692254311862,1692254311865,1693226576114,19,3,16
46442,1693226576114,1692254311877,1692254311880,1693226576125,11,3,8
46443,1693226576125,1692254311885,1692254311888,1693226576133,8,3,5
46444,1693226576133,1692254311892,1692254311895,1693226576141,8,3,5
46445,1693226576141,1692254311901,1692254311903,1693226576149,8,2,6
46446,1693226576149,1692254311926,1692254311930,1693226576175,26,4,22
46447,1693226576175,1692254311935,1692254312021,1693226576266,91,86,5
46448,1693226576266,1692254312066,1692254312105,1693226576350,84,39,45
46449,1693226576350,1692254312109,1692254312112,1693226576357,7,3,4
46450,1693226576357,1692254312118,1692254312120,1693226576365,8,2,6
46451,1693226576365,1692254312130,1692254312133,1693226576378,13,3,10
46452,1693226576378,1692254312138,1692254312167,1693226576412,34,29,5
46453,1693226576413,1692254312174,1692254312176,1693226576421,8,2,6
46454,1693226576421,1692254312197,1692254312200,1693226576445,24,3,21
46455,1693226576445,1692254312222,1692254312225,1693226576470,25,3,22
46456,1693226576470,1692254312234,1692254312238,1693226576484,14,4,10
46457,1693226576484,1692254312273,1692254312276,1693226576521,37,3,34
46458,1693226576521,1692254312282,1692254312286,1693226576531,10,4,6
46459,1693226576531,1692254312291,1692254312294,1693226576539,8,3,5
46460,1693226576539,1692254312298,1692254312302,1693226576547,8,4,4
46461,1693226576547,1692254312307,1692254312310,1693226576555,8,3,5
46462,1693226576555,1692254312325,1692254312328,1693226576574,19,3,16
46463,1693226576574,1692254312341,1692254312344,1693226576590,16,3,13
46464,1693226576590,1692254312365,1692254312368,1693226576613,23,3,20
46465,1693226576613,1692254312371,1692254312375,1693226576620,7,4,3
46466,1693226576620,1692254312379,1692254312382,1693226576627,7,3,4
46467,1693226576627,1692254312437,1692254312440,1693226576685,58,3,55
46468,1693226576685,1692254312497,1692254312500,1693226576746,61,3,58
46469,1693226576746,1692254312505,1692254312508,1693226576753,7,3,4
46470,1693226576753,1692254312512,1692254312515,1693226576761,8,3,5
46471,1693226576761,1692254312520,1692254312523,1693226576768,7,3,4
46472,1693226576768,1692254312527,1692254312530,1693226576776,8,3,5
46473,1693226576776,1692254312534,1692254312537,1693226576783,7,3,4
46474,1693226576783,1692254312542,1692254312546,1693226576791,8,4,4
46475,1693226576791,1692254312550,1692254312552,1693226576809,18,2,16
46476,1693226576809,1692254312575,1692254312578,1693226576823,14,3,11
46477,1693226576823,1692254312621,1692254312624,1693226576869,46,3,43
46478,1693226576869,1692254312630,1692254312633,1693226576878,9,3,6
46479,1693226576878,1692254312637,1692254312639,1693226576884,6,2,4
46480,1693226576884,1692254312645,1692254312649,1693226576894,10,4,6
46481,1693226576894,1692254312653,1692254312656,1693226576901,7,3,4
46482,1693226576901,1692254312713,1692254312716,1693226576961,60,3,57
46483,1693226576961,1692254312728,1692254312732,1693226576977,16,4,12
46484,1693226576977,1692254312749,1692254312752,1693226576998,21,3,18
46485,1693226576998,1692254312759,1692254312762,1693226577008,10,3,7
46486,1693226577008,1692254312790,1692254312792,1693226577038,30,2,28
46487,1693226577038,1692254312853,1692254312856,1693226577102,64,3,61
46488,1693226577102,1692254312865,1692254312867,1693226577112,10,2,8
46489,1693226577112,1692254312871,1692254312875,1693226577122,10,4,6
46490,1693226577122,1692254312886,1692254312889,1693226577134,12,3,9
46491,1693226577134,1692254312893,1692254312896,1693226577141,7,3,4
46492,1693226577141,1692254312900,1692254312903,1693226577148,7,3,4
46493,1693226577148,1692254312907,1692254312911,1693226577156,8,4,4
46494,1693226577157,1692254312917,1692254312920,1693226577165,8,3,5
46495,1693226577165,1692254312925,1692254312928,1693226577174,9,3,6
46496,1693226577174,1692254312933,1692254312937,1693226577183,9,4,5
46497,1693226577183,1692254312969,1692254312972,1693226577217,34,3,31
46498,1693226577217,1692254312989,1692254312992,1693226577237,20,3,17
46499,1693226577237,1692254313014,1692254313017,1693226577262,25,3,22
46500,1693226577262,1692254313021,1692254313024,1693226577269,7,3,4
46501,1693226577269,1692254313065,1692254313068,1693226577313,44,3,41
46502,1693226577313,1692254313089,1692254313092,1693226577337,24,3,21
46503,1693226577337,1692254313096,1692254313099,1693226577344,7,3,4
46504,1693226577344,1692254313103,1692254313106,1693226577351,7,3,4
46505,1693226577351,1692254313110,1692254313113,1693226577358,7,3,4
46506,1693226577358,1692254313117,1692254313120,1693226577365,7,3,4
46507,1693226577365,1692254313126,1692254313128,1693226577374,9,2,7
46508,1693226577374,1692254313133,1692254313139,1693226577384,10,6,4
46509,1693226577384,1692254313162,1692254313165,1693226577410,26,3,23
46510,1693226577410,1692254313205,1692254313208,1693226577453,43,3,40
46511,1693226577453,1692254313218,1692254313221,1693226577466,13,3,10
46512,1693226577466,1692254313226,1692254313228,1693226577473,7,2,5
46513,1693226577473,1692254313233,1692254313235,1693226577483,10,2,8
46514,1693226577483,1692254313243,1692254313247,1693226577492,9,4,5
46515,1693226577492,1692254313252,1692254313255,1693226577504,12,3,9
46516,1693226577504,1692254313266,1692254313268,1693226577513,9,2,7
46517,1693226577513,1692254313273,1692254313276,1693226577521,8,3,5
46518,1693226577521,1692254313299,1692254313302,1693226577573,52,3,49
46519,1693226577573,1692254313369,1692254313372,1693226577618,45,3,42
46520,1693226577618,1692254313381,1692254313384,1693226577629,11,3,8
46521,1693226577629,1692254313390,1692254313392,1693226577637,8,2,6
46522,1693226577637,1692254313398,1692254313401,1693226577646,9,3,6
46523,1693226577646,1692254313409,1692254313412,1693226577685,39,3,36
46524,1693226577685,1692254313465,1692254313467,1693226577719,34,2,32
46525,1693226577719,1692254313482,1692254313484,1693226577730,11,2,9
46526,1693226577730,1692254313498,1692254313500,1693226577745,15,2,13
46527,1693226577745,1692254313504,1692254313507,1693226577752,7,3,4
46528,1693226577752,1692254313550,1692254313553,1693226577798,46,3,43
46529,1693226577798,1692254313569,1692254313572,1693226577817,19,3,16
46530,1693226577817,1692254313576,1692254313605,1693226577850,33,29,4
46531,1693226577850,1692254313612,1692254313615,1693226577861,11,3,8
46532,1693226577861,1692254313622,1692254313625,1693226577870,9,3,6
46533,1693226577870,1692254313630,1692254313632,1693226577906,36,2,34
46534,1693226577906,1692254313709,1692254313712,1693226577957,51,3,48
46535,1693226577957,1692254313738,1692254313741,1693226577986,29,3,26
46536,1693226577986,1692254313750,1692254313752,1693226577997,11,2,9
46537,1693226577997,1692254313756,1692254313760,1693226578004,7,4,3
46538,1693226578005,1692254313764,1692254313798,1693226578044,39,34,5
46539,1693226578044,1692254313866,1692254313869,1693226578114,70,3,67
46540,1693226578114,1692254313878,1692254313881,1693226578127,13,3,10
46541,1693226578127,1692254313894,1692254313897,1693226578142,15,3,12
46542,1693226578142,1692254313925,1692254313928,1693226578173,31,3,28
46543,1693226578173,1692254313933,1692254313936,1693226578181,8,3,5
46544,1693226578181,1692254313966,1692254313969,1693226578214,33,3,30
46545,1693226578214,1692254314029,1692254314033,1693226578279,65,4,61
46546,1693226578279,1692254314054,1692254314057,1693226578302,23,3,20
46547,1693226578302,1692254314062,1692254314064,1693226578310,8,2,6
46548,1693226578310,1692254314082,1692254314084,1693226578330,20,2,18
46549,1693226578330,1692254314089,1692254314092,1693226578337,7,3,4
46550,1693226578337,1692254314102,1692254314105,1693226578351,14,3,11
46551,1693226578351,1692254314122,1692254314125,1693226578370,19,3,16
46552,1693226578370,1692254314130,1692254314133,1693226578378,8,3,5
46553,1693226578378,1692254314138,1692254314141,1693226578386,8,3,5
46554,1693226578386,1692254314146,1692254314178,1693226578424,38,32,6
46555,1693226578424,1692254314234,1692254314237,1693226578482,58,3,55
46556,1693226578483,1692254314242,1692254314244,1693226578489,6,2,4
46557,1693226578489,1692254314302,1692254314306,1693226578552,63,4,59
46558,1693226578552,1692254314514,1692254314517,1693226578762,210,3,207
46559,1693226578762,1692254314602,1692254314605,1693226578850,88,3,85
46560,1693226578850,1692254314713,1692254314716,1693226578961,111,3,108
46561,1693226578961,1692254314750,1692254314753,1693226578998,37,3,34
46562,1693226578998,1692254314757,1692254314760,1693226579005,7,3,4
46563,1693226579005,1692254314764,1692254314767,1693226579013,8,3,5
46564,1693226579013,1692254314774,1692254314777,1693226579022,9,3,6
46565,1693226579022,1692254314783,1692254314786,1693226579031,9,3,6
46566,1693226579031,1692254314790,1692254314811,1693226579057,26,21,5
46567,1693226579057,1692254314821,1692254314826,1693226579072,15,5,10
46568,1693226579072,1692254314905,1692254314908,1693226579153,81,3,78
46569,1693226579153,1692254314925,1692254314929,1693226579175,22,4,18
46570,1693226579175,1692254314935,1692254314938,1693226579183,8,3,5
46571,1693226579183,1692254314942,1692254314945,1693226579190,7,3,4
46572,1693226579190,1692254315012,1692254315015,1693226579260,70,3,67
46573,1693226579260,1692254315020,1692254315023,1693226579268,8,3,5
46574,1693226579268,1692254315030,1692254315033,1693226579278,10,3,7
46575,1693226579278,1692254315038,1692254315040,1693226579286,8,2,6
46576,1693226579286,1692254315046,1692254315048,1693226579294,8,2,6
46577,1693226579294,1692254315062,1692254315065,1693226579310,16,3,13
46578,1693226579310,1692254315074,1692254315076,1693226579321,11,2,9
46579,1693226579321,1692254315109,1692254315112,1693226579358,37,3,34
46580,1693226579358,1692254315129,1692254315132,1693226579377,19,3,16
46581,1693226579377,1692254315137,1692254315140,1693226579385,8,3,5
46582,1693226579385,1692254315145,1692254315148,1693226579393,8,3,5
46583,1693226579393,1692254315153,1692254315156,1693226579401,8,3,5
46584,1693226579401,1692254315160,1692254315162,1693226579408,7,2,5
46585,1693226579408,1692254315167,1692254315170,1693226579414,6,3,3
46586,1693226579414,1692254315173,1692254315176,1693226579420,6,3,3
46587,1693226579420,1692254315179,1692254315182,1693226579427,7,3,4
46588,1693226579427,1692254315186,1692254315190,1693226579435,8,4,4
46589,1693226579435,1692254315194,1692254315197,1693226579442,7,3,4
46590,1693226579442,1692254315201,1692254315302,1693226579547,105,101,4
46591,1693226579547,1692254315308,1692254315311,1693226579557,10,3,7
46592,1693226579557,1692254315316,1692254315330,1693226579575,18,14,4
46593,1693226579575,1692254315349,1692254315352,1693226579598,23,3,20
46594,1693226579598,1692254315366,1692254315369,1693226579618,20,3,17
46595,1693226579618,1692254315409,1692254315412,1693226579657,39,3,36
46596,1693226579657,1692254315417,1692254315420,1693226579665,8,3,5
46597,1693226579665,1692254315424,1692254315427,1693226579672,7,3,4
46598,1693226579672,1692254315438,1692254315441,1693226579686,14,3,11
46599,1693226579686,1692254315457,1692254315461,1693226579706,20,4,16
46600,1693226579706,1692254315465,1692254315467,1693226579713,7,2,5
46601,1693226579713,1692254315496,1692254315498,1693226579743,30,2,28
46602,1693226579743,1692254315506,1692254315508,1693226579753,10,2,8
46603,1693226579753,1692254315512,1692254315516,1693226579761,8,4,4
46604,1693226579761,1692254315520,1692254315525,1693226579780,19,5,14
46605,1693226579780,1692254315569,1692254315572,1693226579817,37,3,34
46606,1693226579817,1692254315576,1692254315579,1693226579824,7,3,4
46607,1693226579824,1692254315583,1692254315587,1693226579832,8,4,4
46608,1693226579832,1692254315591,1692254315595,1693226579840,8,4,4
46609,1693226579840,1692254315600,1692254315603,1693226579848,8,3,5
46610,1693226579848,1692254315682,1692254315685,1693226579930,82,3,79
46611,1693226579930,1692254315689,1692254315692,1693226579937,7,3,4
46612,1693226579937,1692254315726,1692254315729,1693226579974,37,3,34
46613,1693226579974,1692254315738,1692254315741,1693226579985,11,3,8
46614,1693226579985,1692254315754,1692254315757,1693226580002,17,3,14
46615,1693226580002,1692254315762,1692254315780,1693226580025,23,18,5
46616,1693226580025,1692254315785,1692254315787,1693226580033,8,2,6
46617,1693226580033,1692254315814,1692254315817,1693226580062,29,3,26
46618,1693226580062,1692254315821,1692254315824,1693226580069,7,3,4
46619,1693226580069,1692254315828,1692254315831,1693226580076,7,3,4
46620,1693226580076,1692254315836,1692254315838,1693226580084,8,2,6
46621,1693226580084,1692254315937,1692254315940,1693226580185,101,3,98
46622,1693226580185,1692254315944,1692254315949,1693226580194,9,5,4
46623,1693226580194,1692254315962,1692254315966,1693226580211,17,4,13
46624,1693226580211,1692254315978,1692254315981,1693226580226,15,3,12
46625,1693226580226,1692254316057,1692254316060,1693226580305,79,3,76
46626,1693226580305,1692254316069,1692254316072,1693226580318,13,3,10
46627,1693226580318,1692254316078,1692254316081,1693226580327,9,3,6
46628,1693226580327,1692254316090,1692254316092,1693226580337,10,2,8
46629,1693226580337,1692254316097,1692254316101,1693226580345,8,4,4
46630,1693226580345,1692254316104,1692254316107,1693226580352,7,3,4
46631,1693226580352,1692254316111,1692254316113,1693226580359,7,2,5
46632,1693226580359,1692254316118,1692254316121,1693226580366,7,3,4
46633,1693226580366,1692254316125,1692254316128,1693226580374,8,3,5
46634,1693226580374,1692254316133,1692254316136,1693226580381,7,3,4
46635,1693226580381,1692254316201,1692254316204,1693226580449,68,3,65
46636,1693226580449,1692254316208,1692254316212,1693226580457,8,4,4
46637,1693226580457,1692254316216,1692254316219,1693226580465,8,3,5
46638,1693226580465,1692254316225,1692254316228,1693226580473,8,3,5
46639,1693226580473,1692254316258,1692254316261,1693226580506,33,3,30
46640,1693226580506,1692254316266,1692254316270,1693226580515,9,4,5
46641,1693226580515,1692254316284,1692254316317,1693226580563,48,33,15
46642,1693226580563,1692254316326,1692254316330,1693226580575,12,4,8
46643,1693226580575,1692254316346,1692254316349,1693226580594,19,3,16
46644,1693226580594,1692254316354,1692254316357,1693226580604,10,3,7
46645,1693226580604,1692254316363,1692254316366,1693226580611,7,3,4
46646,1693226580611,1692254316370,1692254316373,1693226580618,7,3,4
46647,1693226580618,1692254316412,1692254316415,1693226580660,42,3,39
46648,1693226580660,1692254316441,1692254316444,1693226580689,29,3,26
46649,1693226580689,1692254316461,1692254316464,1693226580709,20,3,17
46650,1693226580709,1692254316468,1692254316471,1693226580716,7,3,4
46651,1693226580716,1692254316475,1692254316479,1693226580723,7,4,3
46652,1693226580723,1692254316542,1692254316544,1693226580789,66,2,64
46653,1693226580789,1692254316549,1692254316551,1693226580797,8,2,6
46654,1693226580797,1692254316555,1692254316559,1693226580804,7,4,3
46655,1693226580804,1692254316570,1692254316573,1693226580818,14,3,11
46656,1693226580818,1692254316582,1692254316584,1693226580830,12,2,10
46657,1693226580830,1692254316594,1692254316597,1693226580842,12,3,9
46658,1693226583886,1692254319646,1692254319650,1693226583895,9,4,5
46659,1693226583895,1692254319654,1692254319658,1693226583903,8,4,4
46660,1693226583903,1692254319663,1692254319666,1693226583911,8,3,5
46661,1693226583912,1692254319671,1692254319674,1693226583919,7,3,4
46662,1693226583919,1692254319679,1692254319682,1693226584065,146,3,143
46663,1693226584065,1692254319825,1692254319828,1693226584073,8,3,5
46664,1693226584073,1692254319839,1692254319842,1693226584087,14,3,11
46665,1693226584087,1692254319846,1692254319849,1693226584094,7,3,4
46666,1693226584094,1692254319853,1692254319856,1693226584101,7,3,4
46667,1693226584101,1692254319861,1692254319864,1693226584110,9,3,6
46668,1693226584110,1692254319869,1692254319872,1693226584248,138,3,135
46669,1693226584248,1692254320008,1692254320012,1693226584257,9,4,5
46670,1693226584257,1692254320017,1692254320020,1693226584265,8,3,5
46671,1693226584265,1692254320024,1692254320027,1693226584272,7,3,4
46672,1693226584272,1692254320031,1692254320034,1693226584279,7,3,4
46673,1693226584279,1692254320038,1692254320042,1693226584287,8,4,4
46674,1693226584287,1692254320048,1692254320051,1693226584430,143,3,140
46675,1693226584430,1692254320189,1692254320192,1693226584438,8,3,5
46676,1693226584438,1692254320197,1692254320200,1693226584445,7,3,4
46677,1693226584445,1692254320204,1692254320208,1693226584453,8,4,4
46678,1693226584453,1692254320212,1692254320217,1693226584462,9,5,4
46679,1693226584462,1692254320222,1692254320225,1693226584470,8,3,5
46680,1693226584470,1692254320229,1692254320232,1693226584477,7,3,4
46681,1693226584477,1692254320236,1692254320239,1693226584484,7,3,4
46682,1693226584484,1692254320244,1692254320247,1693226584492,8,3,5
46683,1693226584492,1692254320254,1692254320256,1693226584502,10,2,8
46684,1693226584502,1692254320261,1692254320264,1693226584509,7,3,4
46685,1693226584509,1692254320268,1692254320271,1693226584516,7,3,4
46686,1693226584516,1692254320276,1692254320279,1693226584525,9,3,6
46687,1693226584525,1692254320284,1692254320288,1693226584533,8,4,4
46688,1693226584533,1692254320292,1692254320295,1693226584540,7,3,4
46689,1693226584540,1692254320300,1692254320303,1693226584548,8,3,5
46690,1693226584548,1692254320308,1692254320311,1693226584556,8,3,5
46691,1693226584556,1692254320316,1692254320320,1693226584565,9,4,5
46692,1693226584565,1692254320324,1692254320328,1693226584573,8,4,4
46693,1693226584573,1692254320332,1692254320334,1693226584579,6,2,4
46694,1693226584579,1692254320339,1692254320341,1693226584588,9,2,7
46695,1693226584588,1692254320347,1692254320351,1693226584597,9,4,5
46696,1693226584597,1692254320357,1692254320360,1693226584605,8,3,5
46697,1693226584605,1692254320364,1692254320367,1693226584612,7,3,4
46698,1693226584612,1692254320372,1692254320376,1693226584621,9,4,5
46699,1693226584621,1692254320380,1692254320383,1693226584628,7,3,4
46700,1693226584628,1692254320387,1692254320391,1693226584770,142,4,138
46701,1693226584770,1692254320530,1692254320533,1693226584778,8,3,5
46702,1693226584778,1692254320537,1692254320540,1693226584786,8,3,5
46703,1693226584786,1692254320545,1692254320548,1693226584794,8,3,5
46704,1693226584794,1692254320553,1692254320556,1693226584802,8,3,5
46705,1693226584802,1692254320562,1692254320565,1693226584810,8,3,5
46706,1693226584810,1692254320570,1692254320573,1693226584818,8,3,5
46707,1693226584818,1692254320578,1692254320582,1693226584827,9,4,5
46708,1693226584827,1692254320587,1692254320590,1693226584836,9,3,6
46709,1693226584836,1692254320595,1692254320598,1693226584843,7,3,4
46710,1693226584843,1692254320603,1692254320607,1693226584852,9,4,5
46711,1693226584852,1692254320611,1692254320614,1693226584859,7,3,4
46712,1693226584860,1692254320619,1692254320621,1693226584867,7,2,5
46713,1693226584867,1692254320627,1692254320631,1693226584876,9,4,5
46714,1693226584876,1692254320636,1692254320639,1693226584884,8,3,5
46715,1693226584884,1692254320644,1692254320648,1693226584893,9,4,5
46716,1693226584894,1692254320653,1692254320656,1693226584901,7,3,4
46717,1693226584901,1692254320662,1692254320665,1693226584910,9,3,6
46718,1693226584910,1692254320669,1692254320672,1693226584918,8,3,5
46719,1693226584918,1692254320677,1692254320680,1693226584926,8,3,5
46720,1693226584926,1692254320685,1692254320689,1693226584934,8,4,4
46721,1693226584934,1692254320696,1692254320700,1693226584945,11,4,7
46722,1693226584945,1692254320704,1692254320707,1693226584952,7,3,4
46723,1693226584952,1692254320711,1692254320715,1693226584960,8,4,4
46724,1693226584960,1692254320719,1692254320722,1693226584967,7,3,4
46725,1693226584967,1692254320726,1692254320730,1693226584975,8,4,4
46726,1693226584975,1692254320734,1692254320737,1693226584982,7,3,4
46727,1693226584982,1692254320741,1692254320744,1693226584989,7,3,4
46728,1693226584989,1692254320748,1692254320751,1693226584997,8,3,5
46729,1693226584997,1692254320756,1692254320759,1693226585004,7,3,4
46730,1693226585004,1692254320765,1692254320768,1693226585013,9,3,6
46731,1693226585013,1692254320772,1692254320775,1693226585020,7,3,4
46732,1693226585020,1692254320783,1692254320786,1693226585031,11,3,8
46733,1693226585031,1692254320792,1692254320796,1693226585041,10,4,6
46734,1693226585041,1692254320801,1692254320803,1693226585048,7,2,5
46735,1693226585048,1692254320808,1692254320811,1693226585056,8,3,5
46736,1693226585056,1692254320815,1692254320819,1693226585064,8,4,4
46737,1693226585064,1692254320823,1692254320826,1693226585071,7,3,4
46738,1693226585071,1692254320832,1692254320835,1693226585080,9,3,6
46739,1693226585080,1692254320840,1692254320844,1693226585089,9,4,5
46740,1693226585089,1692254320848,1692254320851,1693226585096,7,3,4
46741,1693226585096,1692254320855,1692254320858,1693226585104,8,3,5
46742,1693226585104,1692254320863,1692254320866,1693226585111,7,3,4
46743,1693226585111,1692254320871,1692254320874,1693226585120,9,3,6
46744,1693226585120,1692254320879,1692254320882,1693226585128,8,3,5
46745,1693226585128,1692254320887,1692254320890,1693226585135,7,3,4
46746,1693226585136,1692254320895,1692254320899,1693226585144,8,4,4
46747,1693226585144,1692254320904,1692254320906,1693226585155,11,2,9
46748,1693226585155,1692254320914,1692254320918,1693226585163,8,4,4
46749,1693226585163,1692254320923,1692254320926,1693226585171,8,3,5
46750,1693226585171,1692254320931,1692254320934,1693226585180,9,3,6
46751,1693226585180,1692254320939,1692254320946,1693226585191,11,7,4
46752,1693226585191,1692254320950,1692254320953,1693226585198,7,3,4
46753,1693226585198,1692254320958,1692254320963,1693226585208,10,5,5
46754,1693226585208,1692254320970,1692254320972,1693226585218,10,2,8
46755,1693226585218,1692254320977,1692254320980,1693226585226,8,3,5
46756,1693226585226,1692254320985,1692254320988,1693226585234,8,3,5
46757,1693226585234,1692254320993,1692254320997,1693226585243,9,4,5
46758,1693226585243,1692254321002,1692254321005,1693226585251,8,3,5
46759,1693226585251,1692254321010,1692254321013,1693226585258,7,3,4
46760,1693226585258,1692254321018,1692254321021,1693226585266,8,3,5
46761,1693226585266,1692254321026,1692254321029,1693226585274,8,3,5
46762,1693226585274,1692254321033,1692254321037,1693226585282,8,4,4
46763,1693226585282,1692254321041,1692254321044,1693226585289,7,3,4
46764,1693226585289,1692254321049,1692254321052,1693226585297,8,3,5
46765,1693226585297,1692254321057,1692254321060,1693226585305,8,3,5
46766,1693226585305,1692254321064,1692254321067,1693226585314,9,3,6
46767,1693226585314,1692254321074,1692254321077,1693226585322,8,3,5
46768,1693226585322,1692254321081,1692254321084,1693226585329,7,3,4
46769,1693226585329,1692254321091,1692254321094,1693226585339,10,3,7
46770,1693226585339,1692254321098,1692254321102,1693226585347,8,4,4
46771,1693226585347,1692254321106,1692254321109,1693226585354,7,3,4
46772,1693226585354,1692254321114,1692254321117,1693226585362,8,3,5
46773,1693226585362,1692254321121,1692254321125,1693226585370,8,4,4
46774,1693226585370,1692254321129,1692254321132,1693226585378,8,3,5
46775,1693226585378,1692254321138,1692254321141,1693226585386,8,3,5
46776,1693226585386,1692254321145,1692254321149,1693226585394,8,4,4
46777,1693226585394,1692254321153,1692254321156,1693226585402,8,3,5
46778,1693226585402,1692254321161,1692254321164,1693226585409,7,3,4
46779,1693226585409,1692254321170,1692254321173,1693226585418,9,3,6
46780,1693226585419,1692254321178,1692254321182,1693226585426,7,4,3
46781,1693226585427,1692254321187,1692254321190,1693226585435,8,3,5
46782,1693226585435,1692254321195,1692254321198,1693226585443,8,3,5
46783,1693226585443,1692254321204,1692254321207,1693226585452,9,3,6
46784,1693226585452,1692254321211,1692254321215,1693226585460,8,4,4
46785,1693226585460,1692254321220,1692254321223,1693226585468,8,3,5
46786,1693226585468,1692254321227,1692254321230,1693226585475,7,3,4
46787,1693226585475,1692254321235,1692254321239,1693226585484,9,4,5
46788,1693226585484,1692254321243,1692254321246,1693226585491,7,3,4
46789,1693226585491,1692254321252,1692254321255,1693226585500,9,3,6
46790,1693226585500,1692254321260,1692254321263,1693226585508,8,3,5
46791,1693226585508,1692254321267,1692254321269,1693226585515,7,2,5
46792,1693226585515,1692254321276,1692254321279,1693226585524,9,3,6
46793,1693226585524,1692254321284,1692254321287,1693226585532,8,3,5
46794,1693226585532,1692254321292,1692254321295,1693226585540,8,3,5
46795,1693226585540,1692254321300,1692254321303,1693226585547,7,3,4
46796,1693226585547,1692254321307,1692254321309,1693226585554,7,2,5
46797,1693226585554,1692254321313,1692254321317,1693226585562,8,4,4
46798,1693226585562,1692254321321,1692254321324,1693226585570,8,3,5
46799,1693226585570,1692254321329,1692254321332,1693226585577,7,3,4
46800,1693226585577,1692254321336,1692254321339,1693226585584,7,3,4
46801,1693226585584,1692254321344,1692254321347,1693226585593,9,3,6
46802,1693226585593,1692254321351,1692254321354,1693226585599,6,3,3
46803,1693226585599,1692254321359,1692254321362,1693226585607,8,3,5
46804,1693226585608,1692254321367,1692254321371,1693226585616,8,4,4
46805,1693226585616,1692254321375,1692254321379,1693226585624,8,4,4
46806,1693226585624,1692254321383,1692254321387,1693226585632,8,4,4
46807,1693226585632,1692254321391,1692254321394,1693226585639,7,3,4
46808,1693226585639,1692254321399,1692254321402,1693226585647,8,3,5
46809,1693226585647,1692254321406,1692254321410,1693226585655,8,4,4
46810,1693226585655,1692254321415,1692254321418,1693226585663,8,3,5
46811,1693226585663,1692254321422,1692254321425,1693226585670,7,3,4
46812,1693226585670,1692254321429,1692254321433,1693226585678,8,4,4
46813,1693226585678,1692254321438,1692254321441,1693226585687,9,3,6
46814,1693226585687,1692254321446,1692254321449,1693226585694,7,3,4
46815,1693226585694,1692254321453,1692254321456,1693226585701,7,3,4
46816,1693226585701,1692254321461,1692254321464,1693226585708,7,3,4
46817,1693226585708,1692254321467,1692254321471,1693226585716,8,4,4
46818,1693226585716,1692254321475,1692254321479,1693226585724,8,4,4
46819,1693226585724,1692254321483,1692254321486,1693226585731,7,3,4
46820,1693226585731,1692254321490,1692254321493,1693226585738,7,3,4
46821,1693226585738,1692254321498,1692254321501,1693226585746,8,3,5
46822,1693226585746,1692254321505,1692254321508,1693226585753,7,3,4
46823,1693226585753,1692254321512,1692254321516,1693226585761,8,4,4
46824,1693226585761,1692254321520,1692254321525,1693226585770,9,5,4
46825,1693226585770,1692254321531,1692254321534,1693226585779,9,3,6
46826,1693226585779,1692254321539,1692254321541,1693226585786,7,2,5
46827,1693226585786,1692254321546,1692254321549,1693226585794,8,3,5
46828,1693226585794,1692254321553,1692254321556,1693226585802,8,3,5
46829,1693226585802,1692254321561,1692254321564,1693226585809,7,3,4
46830,1693226585809,1692254321568,1692254321571,1693226585816,7,3,4
46831,1693226585816,1692254321575,1692254321578,1693226585823,7,3,4
46832,1693226585823,1692254321584,1692254321587,1693226585832,9,3,6
46833,1693226585832,1692254321591,1692254321594,1693226585839,7,3,4
46834,1693226585839,1692254321598,1692254321602,1693226585847,8,4,4
46835,1693226585847,1692254321606,1692254321610,1693226585855,8,4,4
46836,1693226585855,1692254321615,1692254321619,1693226585864,9,4,5
46837,1693226585864,1692254321623,1692254321627,1693226585872,8,4,4
46838,1693226585872,1692254321631,1692254321634,1693226585879,7,3,4
46839,1693226585879,1692254321638,1692254321641,1693226585886,7,3,4
46840,1693226585886,1692254321646,1692254321649,1693226585894,8,3,5
46841,1693226585894,1692254321654,1692254321656,1693226585901,7,2,5
46842,1693226585901,1692254321661,1692254321664,1693226585909,8,3,5
46843,1693226585909,1692254321669,1692254321672,1693226585917,8,3,5
46844,1693226585917,1692254321676,1692254321679,1693226585924,7,3,4
46845,1693226585924,1692254321686,1692254321689,1693226585934,10,3,7
46846,1693226585934,1692254321694,1692254321696,1693226585941,7,2,5
46847,1693226585941,1692254321701,1692254321704,1693226585950,9,3,6
46848,1693226585950,1692254321709,1692254321712,1693226585957,7,3,4
46849,1693226585957,1692254321716,1692254321719,1693226585965,8,3,5
46850,1693226585965,1692254321724,1692254321727,1693226585972,7,3,4
46851,1693226585972,1692254321731,1692254321734,1693226585979,7,3,4
46852,1693226585979,1692254321738,1692254321742,1693226585987,8,4,4
46853,1693226585987,1692254321747,1692254321750,1693226585995,8,3,5
46854,1693226585995,1692254321754,1692254321757,1693226586002,7,3,4
46855,1693226586002,1692254321762,1692254321765,1693226586010,8,3,5
46856,1693226586010,1692254321770,1692254321773,1693226586018,8,3,5
46857,1693226586018,1692254321778,1692254321782,1693226586027,9,4,5
46858,1693226586027,1692254321788,1692254321791,1693226586036,9,3,6
46859,1693226586036,1692254321795,1692254321798,1693226586043,7,3,4
46860,1693226586043,1692254321803,1692254321807,1693226586052,9,4,5
46861,1693226586052,1692254321812,1692254321815,1693226586060,8,3,5
46862,1693226586060,1692254321820,1692254321823,1693226586068,8,3,5
46863,1693226586068,1692254321827,1692254321830,1693226586075,7,3,4
46864,1693226586075,1692254321834,1692254321838,1693226586083,8,4,4
46865,1693226586083,1692254321842,1692254321845,1693226586090,7,3,4
46866,1693226586090,1692254321849,1692254321852,1693226586097,7,3,4
46867,1693226586097,1692254321857,1692254321860,1693226586105,8,3,5
46868,1693226586105,1692254321864,1692254321868,1693226586113,8,4,4
46869,1693226586113,1692254321873,1692254321876,1693226586121,8,3,5
46870,1693226586121,1692254321880,1692254321883,1693226586128,7,3,4
46871,1693226586128,1692254321888,1692254321891,1693226586137,9,3,6
46872,1693226586137,1692254321897,1692254321900,1693226586146,9,3,6
46873,1693226586146,1692254321905,1692254321908,1693226586153,7,3,4
46874,1693226586153,1692254321913,1692254321916,1693226586161,8,3,5
46875,1693226586161,1692254321922,1692254321924,1693226586170,9,2,7
46876,1693226586170,1692254321930,1692254321934,1693226586180,10,4,6
46877,1693226586180,1692254321939,1692254321943,1693226586188,8,4,4
46878,1693226586188,1692254321948,1692254321951,1693226586196,8,3,5
46879,1693226586196,1692254321958,1692254321961,1693226586205,9,3,6
46880,1693226586205,1692254321965,1692254321969,1693226586214,9,4,5
46881,1693226586214,1692254321973,1692254321976,1693226586221,7,3,4
46882,1693226586221,1692254321981,1692254321984,1693226586229,8,3,5
46883,1693226586229,1692254321988,1692254321991,1693226586237,8,3,5
46884,1693226586237,1692254321996,1692254321999,1693226586244,7,3,4
46885,1693226586244,1692254322003,1692254322006,1693226586251,7,3,4
46886,1693226586251,1692254322010,1692254322014,1693226586259,8,4,4
46887,1693226586259,1692254322018,1692254322022,1693226586267,8,4,4
46888,1693226586267,1692254322026,1692254322029,1693226586275,8,3,5
46889,1693226586275,1692254322034,1692254322037,1693226586282,7,3,4
46890,1693226586282,1692254322040,1692254322043,1693226586288,6,3,3
46891,1693226586288,1692254322047,1692254322050,1693226586296,8,3,5
46892,1693226586296,1692254322055,1692254322058,1693226586303,7,3,4
46893,1693226586303,1692254322063,1692254322066,1693226586311,8,3,5
46894,1693226586311,1692254322071,1692254322073,1693226586318,7,2,5
46895,1693226586318,1692254322078,1692254322080,1693226586325,7,2,5
46896,1693226586325,1692254322084,1692254322089,1693226586334,9,5,4
46897,1693226586334,1692254322096,1692254322099,1693226586344,10,3,7
46898,1693226586344,1692254322104,1692254322108,1693226586353,9,4,5
46899,1693226586353,1692254322114,1692254322118,1693226586363,10,4,6
46900,1693226586363,1692254322122,1692254322127,1693226586371,8,5,3
46901,1693226586371,1692254322131,1692254322134,1693226586379,8,3,5
46902,1693226586380,1692254322139,1692254322142,1693226586387,7,3,4
46903,1693226586387,1692254322147,1692254322150,1693226586395,8,3,5
46904,1693226586396,1692254322155,1692254322158,1693226586403,7,3,4
46905,1693226586403,1692254322163,1692254322167,1693226586412,9,4,5
46906,1693226586412,1692254322171,1692254322174,1693226586419,7,3,4
46907,1693226586419,1692254322178,1692254322182,1693226586426,7,4,3
46908,1693226586426,1692254322186,1692254322189,1693226586434,8,3,5
46909,1693226586434,1692254322193,1692254322197,1693226586442,8,4,4
46910,1693226586442,1692254322201,1692254322204,1693226586449,7,3,4
46911,1693226586449,1692254322208,1692254322212,1693226586456,7,4,3
46912,1693226586457,1692254322216,1692254322220,1693226586465,8,4,4
46913,1693226586465,1692254322225,1692254322228,1693226586473,8,3,5
46914,1693226586473,1692254322232,1692254322235,1693226586480,7,3,4
46915,1693226586480,1692254322239,1692254322242,1693226586487,7,3,4
46916,1693226586487,1692254322246,1692254322250,1693226586495,8,4,4
46917,1693226586495,1692254322254,1692254322257,1693226586502,7,3,4
46918,1693226586502,1692254322262,1692254322267,1693226586512,10,5,5
46919,1693226586512,1692254322271,1692254322274,1693226586519,7,3,4
46920,1693226586519,1692254322279,1692254322283,1693226586528,9,4,5
46921,1693226586528,1692254322287,1692254322291,1693226586536,8,4,4
46922,1693226586536,1692254322296,1692254322299,1693226586544,8,3,5
46923,1693226586544,1692254322304,1692254322308,1693226586553,9,4,5
46924,1693226586553,1692254322312,1692254322315,1693226586560,7,3,4
46925,1693226586560,1692254322320,1692254322324,1693226586569,9,4,5
46926,1693226586569,1692254322329,1692254322333,1693226586578,9,4,5
46927,1693226586578,1692254322338,1692254322341,1693226586586,8,3,5
46928,1693226586586,1692254322346,1692254322350,1693226586595,9,4,5
46929,1693226586595,1692254322354,1692254322358,1693226586603,8,4,4
46930,1693226586603,1692254322361,1692254322364,1693226586609,6,3,3
46931,1693226586609,1692254322368,1692254322372,1693226586617,8,4,4
46932,1693226586617,1692254322376,1692254322379,1693226586624,7,3,4
46933,1693226586624,1692254322383,1692254322387,1693226586632,8,4,4
46934,1693226586632,1692254322391,1692254322394,1693226586639,7,3,4
46935,1693226586639,1692254322399,1692254322402,1693226586647,8,3,5
46936,1693226586647,1692254322406,1692254322409,1693226586654,7,3,4
46937,1693226586654,1692254322413,1692254322416,1693226586661,7,3,4
46938,1693226586661,1692254322421,1692254322424,1693226586669,8,3,5
46939,1693226586669,1692254322430,1692254322434,1693226586679,10,4,6
46940,1693226586679,1692254322439,1692254322442,1693226586687,8,3,5
46941,1693226586687,1692254322446,1692254322449,1693226586695,8,3,5
46942,1693226586695,1692254322454,1692254322456,1693226586701,6,2,4
46943,1693226586701,1692254322461,1692254322464,1693226586709,8,3,5
46944,1693226586709,1692254322469,1692254322473,1693226586718,9,4,5
46945,1693226586718,1692254322477,1692254322482,1693226586726,8,5,3
46946,1693226586727,1692254322486,1692254322490,1693226586735,8,4,4
46947,1693226586735,1692254322495,1692254322499,1693226586744,9,4,5
46948,1693226586744,1692254322505,1692254322509,1693226586754,10,4,6
46949,1693226586754,1692254322513,1692254322517,1693226586762,8,4,4
46950,1693226586762,1692254322522,1692254322525,1693226586770,8,3,5
46951,1693226586770,1692254322529,1692254322533,1693226586778,8,4,4
46952,1693226586778,1692254322537,1692254322540,1693226586785,7,3,4
46953,1693226586785,1692254322545,1692254322549,1693226586795,10,4,6
46954,1693226586795,1692254322554,1692254322558,1693226586932,137,4,133
46955,1693226586932,1692254322692,1692254322696,1693226586941,9,4,5
46956,1693226586941,1692254322701,1692254322704,1693226586950,9,3,6
46957,1693226586950,1692254322710,1692254322714,1693226586959,9,4,5
46958,1693226586959,1692254322719,1692254322722,1693226586967,8,3,5
46959,1693226586968,1692254322727,1692254322730,1693226586975,7,3,4
46960,1693226586975,1692254322735,1692254322738,1693226587114,139,3,136
46961,1693226587115,1692254322874,1692254322877,1693226587122,7,3,4
46962,1693226587122,1692254322882,1692254322885,1693226587130,8,3,5
46963,1693226587130,1692254322890,1692254322893,1693226587138,8,3,5
46964,1693226587138,1692254322897,1692254322900,1693226587145,7,3,4
46965,1693226587145,1692254322905,1692254322908,1693226587153,8,3,5
46966,1693226587153,1692254322914,1692254322918,1693226587298,145,4,141
46967,1693226587298,1692254323057,1692254323061,1693226587306,8,4,4
46968,1693226587306,1692254323066,1692254323070,1693226587315,9,4,5
46969,1693226587315,1692254323075,1692254323080,1693226587326,11,5,6
46970,1693226587326,1692254323085,1692254323088,1693226587333,7,3,4
46971,1693226587333,1692254323093,1692254323096,1693226587340,7,3,4
46972,1693226587340,1692254323099,1692254323102,1693226587481,141,3,138
46973,1693226587481,1692254323241,1692254323244,1693226587489,8,3,5
46974,1693226587489,1692254323248,1692254323252,1693226587497,8,4,4
46975,1693226587497,1692254323256,1692254323260,1693226587505,8,4,4
46976,1693226587505,1692254323264,1692254323267,1693226587513,8,3,5
46977,1693226587513,1692254323272,1692254323275,1693226587520,7,3,4
46978,1693226587520,1692254323279,1692254323282,1693226587527,7,3,4
46979,1693226587527,1692254323286,1692254323289,1693226587534,7,3,4
46980,1693226587534,1692254323294,1692254323296,1693226587541,7,2,5
46981,1693226587541,1692254323300,1692254323303,1693226587548,7,3,4
46982,1693226587548,1692254323307,1692254323310,1693226587555,7,3,4
46983,1693226587555,1692254323315,1692254323318,1693226587563,8,3,5
46984,1693226587563,1692254323328,1692254323331,1693226587576,13,3,10
46985,1693226587576,1692254323336,1692254323339,1693226587584,8,3,5
46986,1693226587584,1692254323344,1692254323347,1693226587592,8,3,5
46987,1693226587592,1692254323351,1692254323354,1693226587599,7,3,4
46988,1693226587599,1692254323358,1692254323361,1693226587606,7,3,4
46989,1693226587606,1692254323365,1692254323368,1693226587613,7,3,4
46990,1693226587613,1692254323372,1692254323376,1693226587621,8,4,4
46991,1693226587621,1692254323380,1692254323383,1693226587628,7,3,4
46992,1693226587628,1692254323387,1692254323391,1693226587636,8,4,4
46993,1693226587636,1692254323395,1692254323398,1693226587643,7,3,4
46994,1693226587643,1692254323402,1692254323405,1693226587650,7,3,4
46995,1693226587651,1692254323410,1692254323413,1693226587658,7,3,4
46996,1693226587658,1692254323417,1692254323421,1693226587666,8,4,4
46997,1693226587666,1692254323427,1692254323430,1693226587676,10,3,7
46998,1693226587676,1692254323435,1692254323438,1693226587683,7,3,4
46999,1693226587683,1692254323443,1692254323446,1693226587691,8,3,5
47000,1693226587691,1692254323451,1692254323455,1693226587700,9,4,5
47001,1693226587700,1692254323460,1692254323463,1693226587708,8,3,5
47002,1693226587708,1692254323467,1692254323470,1693226587716,8,3,5
47003,1693226587716,1692254323475,1692254323478,1693226587723,7,3,4
47004,1693226587723,1692254323482,1692254323484,1693226587729,6,2,4
47005,1693226587729,1692254323489,1692254323492,1693226587737,8,3,5
47006,1693226587737,1692254323497,1692254323502,1693226587747,10,5,5
47007,1693226587747,1692254323506,1692254323509,1693226587753,6,3,3
47008,1693226587753,1692254323512,1692254323516,1693226587760,7,4,3
47009,1693226587760,1692254323519,1692254323522,1693226587767,7,3,4
47010,1693226587767,1692254323526,1692254323529,1693226587774,7,3,4
47011,1693226587774,1692254323533,1692254323536,1693226587781,7,3,4
47012,1693226587781,1692254323540,1692254323542,1693226587787,6,2,4
47013,1693226587787,1692254323546,1692254323550,1693226587795,8,4,4
47014,1693226587795,1692254323554,1692254323557,1693226587802,7,3,4
47015,1693226587802,1692254323561,1692254323564,1693226587809,7,3,4
47016,1693226587809,1692254323569,1692254323572,1693226587817,8,3,5
47017,1693226587817,1692254323576,1692254323579,1693226587824,7,3,4
47018,1693226587824,1692254323583,1692254323587,1693226587832,8,4,4
47019,1693226587832,1692254323592,1692254323595,1693226587839,7,3,4
47020,1693226587839,1692254323598,1692254323602,1693226587846,7,4,3
47021,1693226587846,1692254323605,1692254323608,1693226587853,7,3,4
47022,1693226587853,1692254323612,1692254323615,1693226587860,7,3,4
47023,1693226587860,1692254323620,1692254323623,1693226587868,8,3,5
47024,1693226587868,1692254323627,1692254323631,1693226587876,8,4,4
47025,1693226587876,1692254323635,1692254323639,1693226587884,8,4,4
47026,1693226587884,1692254323643,1692254323646,1693226587891,7,3,4
47027,1693226587891,1692254323650,1692254323653,1693226587898,7,3,4
47028,1693226587898,1692254323658,1692254323661,1693226587907,9,3,6
47029,1693226587907,1692254323671,1692254323674,1693226587919,12,3,9
47030,1693226587919,1692254323678,1692254323682,1693226587927,8,4,4
47031,1693226587927,1692254323688,1692254323691,1693226587936,9,3,6
47032,1693226587936,1692254323695,1692254323699,1693226587944,8,4,4
47033,1693226587944,1692254323703,1692254323706,1693226587951,7,3,4
47034,1693226587951,1692254323711,1692254323714,1693226587959,8,3,5
47035,1693226587959,1692254323718,1692254323721,1693226587967,8,3,5
47036,1693226587967,1692254323726,1692254323730,1693226587977,10,4,6
47037,1693226587977,1692254323736,1692254323740,1693226587985,8,4,4
47038,1693226587985,1692254323744,1692254323747,1693226587993,8,3,5
47039,1693226587993,1692254323753,1692254323756,1693226588001,8,3,5
47040,1693226588001,1692254323760,1692254323763,1693226588008,7,3,4
47041,1693226588008,1692254323767,1692254323771,1693226588016,8,4,4
47042,1693226588016,1692254323783,1692254323787,1693226588032,16,4,12
47043,1693226588032,1692254323791,1692254323796,1693226588041,9,5,4
47044,1693226588041,1692254323802,1692254323806,1693226588051,10,4,6
47045,1693226588051,1692254323810,1692254323813,1693226588058,7,3,4
47046,1693226588058,1692254323818,1692254323821,1693226588066,8,3,5
47047,1693226588066,1692254323826,1692254323829,1693226588074,8,3,5
47048,1693226588074,1692254323864,1692254323867,1693226588112,38,3,35
47049,1693226588112,1692254323872,1692254323875,1693226588120,8,3,5
47050,1693226588120,1692254323880,1692254323883,1693226588128,8,3,5
47051,1693226588128,1692254323887,1692254323890,1693226588135,7,3,4
47052,1693226588135,1692254323895,1692254323898,1693226588143,8,3,5
47053,1693226588143,1692254323903,1692254323906,1693226588151,8,3,5
47054,1693226588151,1692254323910,1692254323914,1693226588159,8,4,4
47055,1693226588159,1692254323918,1692254323921,1693226588166,7,3,4
47056,1693226588166,1692254323931,1692254323934,1693226588181,15,3,12
47057,1693226588181,1692254323941,1692254323944,1693226588189,8,3,5
47058,1693226588190,1692254323949,1692254323953,1693226588198,8,4,4
47059,1693226588198,1692254323957,1692254323961,1693226588206,8,4,4
47060,1693226588206,1692254323966,1692254323969,1693226588214,8,3,5
47061,1693226588214,1692254323973,1692254323976,1693226588221,7,3,4
47062,1693226588221,1692254323980,1692254323984,1693226588229,8,4,4
47063,1693226588229,1692254323989,1692254323992,1693226588236,7,3,4
47064,1693226588236,1692254323996,1692254323998,1693226588243,7,2,5
47065,1693226588243,1692254324003,1692254324006,1693226588251,8,3,5
47066,1693226588251,1692254324011,1692254324015,1693226588260,9,4,5
47067,1693226588260,1692254324020,1692254324023,1693226588268,8,3,5
47068,1693226588268,1692254324028,1692254324031,1693226588276,8,3,5
47069,1693226588276,1692254324035,1692254324039,1693226588284,8,4,4
47070,1693226588284,1692254324043,1692254324047,1693226588292,8,4,4
47071,1693226588292,1692254324052,1692254324055,1693226588300,8,3,5
47072,1693226588300,1692254324060,1692254324063,1693226588308,8,3,5
47073,1693226588308,1692254324067,1692254324071,1693226588315,7,4,3
47074,1693226588316,1692254324074,1692254324077,1693226588322,6,3,3
47075,1693226588322,1692254324082,1692254324084,1693226588329,7,2,5
47076,1693226588329,1692254324088,1692254324091,1693226588336,7,3,4
47077,1693226588336,1692254324095,1692254324099,1693226588344,8,4,4
47078,1693226588344,1692254324104,1692254324108,1693226588353,9,4,5
47079,1693226588353,1692254324113,1692254324115,1693226588360,7,2,5
47080,1693226588360,1692254324119,1692254324124,1693226588370,10,5,5
47081,1693226588370,1692254324129,1692254324132,1693226588378,8,3,5
47082,1693226588378,1692254324137,1692254324140,1693226588386,8,3,5
47083,1693226588386,1692254324146,1692254324149,1693226588395,9,3,6
47084,1693226588395,1692254324154,1692254324157,1693226588402,7,3,4
47085,1693226588402,1692254324162,1692254324165,1693226588410,8,3,5
47086,1693226588411,1692254324170,1692254324174,1693226588419,8,4,4
47087,1693226588419,1692254324179,1692254324183,1693226588428,9,4,5
47088,1693226588428,1692254324187,1692254324191,1693226588436,8,4,4
47089,1693226588436,1692254324195,1692254324199,1693226588443,7,4,3
47090,1693226588443,1692254324203,1692254324205,1693226588450,7,2,5
47091,1693226588450,1692254324211,1692254324215,1693226588460,10,4,6
47092,1693226588460,1692254324219,1692254324223,1693226588468,8,4,4
47093,1693226588468,1692254324228,1692254324231,1693226588476,8,3,5
47094,1693226588476,1692254324236,1692254324239,1693226588483,7,3,4
47095,1693226588483,1692254324242,1692254324245,1693226588490,7,3,4
47096,1693226588490,1692254324250,1692254324253,1693226588498,8,3,5
47097,1693226588498,1692254324257,1692254324261,1693226588506,8,4,4
47098,1693226588506,1692254324267,1692254324270,1693226588515,9,3,6
47099,1693226588515,1692254324275,1692254324278,1693226588523,8,3,5
47100,1693226588523,1692254324282,1692254324285,1693226588530,7,3,4
47101,1693226588530,1692254324289,1692254324292,1693226588537,7,3,4
47102,1693226588537,1692254324297,1692254324300,1693226588545,8,3,5
47103,1693226588545,1692254324305,1692254324308,1693226588553,8,3,5
47104,1693226588553,1692254324312,1692254324315,1693226588560,7,3,4
47105,1693226588560,1692254324318,1692254324322,1693226588567,7,4,3
47106,1693226588567,1692254324327,1692254324330,1693226588575,8,3,5
47107,1693226588575,1692254324335,1692254324338,1693226588583,8,3,5
47108,1693226588583,1692254324342,1692254324345,1693226588591,8,3,5
47109,1693226588591,1692254324350,1692254324353,1693226588598,7,3,4
47110,1693226588598,1692254324358,1692254324361,1693226588606,8,3,5
47111,1693226588606,1692254324366,1692254324369,1693226588614,8,3,5
47112,1693226588614,1692254324374,1692254324378,1693226588623,9,4,5
47113,1693226588623,1692254324382,1692254324385,1693226588630,7,3,4
47114,1693226588630,1692254324389,1692254324393,1693226588638,8,4,4
47115,1693226588638,1692254324397,1692254324400,1693226588645,7,3,4
47116,1693226588645,1692254324404,1692254324407,1693226588652,7,3,4
47117,1693226588652,1692254324411,1692254324416,1693226588661,9,5,4
47118,1693226588661,1692254324420,1692254324423,1693226588667,6,3,3
47119,1693226588667,1692254324426,1692254324429,1693226588674,7,3,4
47120,1693226588674,1692254324433,1692254324436,1693226588680,6,3,3
47121,1693226588680,1692254324440,1692254324443,1693226588688,8,3,5
47122,1693226588688,1692254324447,1692254324451,1693226588695,7,4,3
47123,1693226588695,1692254324454,1692254324458,1693226588702,7,4,3
47124,1693226588702,1692254324462,1692254324465,1693226588710,8,3,5
47125,1693226588710,1692254324469,1692254324472,1693226588716,6,3,3
47126,1693226588716,1692254324475,1692254324478,1693226588723,7,3,4
47127,1693226588723,1692254324482,1692254324485,1693226588729,6,3,3
47128,1693226588729,1692254324488,1692254324491,1693226588736,7,3,4
47129,1693226588736,1692254324496,1692254324499,1693226588743,7,3,4
47130,1693226588743,1692254324502,1692254324506,1693226588751,8,4,4
47131,1693226588751,1692254324510,1692254324512,1693226588758,7,2,5
47132,1693226588758,1692254324518,1692254324521,1693226588766,8,3,5
47133,1693226588766,1692254324526,1692254324528,1693226588773,7,2,5
47134,1693226588773,1692254324533,1692254324537,1693226588781,8,4,4
47135,1693226588781,1692254324540,1692254324543,1693226588789,8,3,5
47136,1693226588789,1692254324548,1692254324551,1693226588796,7,3,4
47137,1693226588796,1692254324556,1692254324559,1693226588804,8,3,5
47138,1693226588804,1692254324563,1692254324566,1693226588811,7,3,4
47139,1693226588811,1692254324570,1692254324572,1693226588818,7,2,5
47140,1693226588818,1692254324577,1692254324580,1693226588826,8,3,5
47141,1693226588826,1692254324585,1692254324589,1693226588834,8,4,4
47142,1693226588834,1692254324594,1692254324597,1693226588842,8,3,5
47143,1693226588842,1692254324601,1692254324604,1693226588849,7,3,4
47144,1693226588849,1692254324609,1692254324612,1693226588857,8,3,5
47145,1693226588857,1692254324617,1692254324621,1693226588866,9,4,5
47146,1693226588866,1692254324625,1692254324628,1693226588874,8,3,5
47147,1693226588874,1692254324633,1692254324637,1693226588882,8,4,4
47148,1693226588882,1692254324641,1692254324644,1693226588889,7,3,4
47149,1693226588889,1692254324648,1692254324651,1693226588898,9,3,6
47150,1693226588898,1692254324657,1692254324661,1693226588906,8,4,4
47151,1693226588906,1692254324665,1692254324668,1693226588913,7,3,4
47152,1693226588913,1692254324673,1692254324676,1693226588920,7,3,4
47153,1693226588920,1692254324679,1692254324682,1693226588928,8,3,5
47154,1693226588928,1692254324687,1692254324693,1693226588937,9,6,3
47155,1693226588937,1692254324696,1692254324700,1693226588946,9,4,5
47156,1693226588946,1692254324706,1692254324709,1693226588954,8,3,5
47157,1693226588954,1692254324713,1692254324716,1693226588961,7,3,4
47158,1693226588961,1692254324721,1692254324724,1693226588969,8,3,5
47159,1693226588969,1692254324729,1692254324732,1693226588977,8,3,5
47160,1693226588977,1692254324737,1692254324740,1693226588985,8,3,5
47161,1693226588985,1692254324744,1692254324747,1693226588992,7,3,4
47162,1693226588992,1692254324751,1692254324755,1693226589001,9,4,5
47163,1693226589001,1692254324760,1692254324764,1693226589009,8,4,4
47164,1693226589009,1692254324768,1692254324772,1693226589017,8,4,4
47165,1693226589017,1692254324777,1692254324780,1693226589025,8,3,5
47166,1693226589025,1692254324786,1692254324790,1693226589035,10,4,6
47167,1693226589035,1692254324794,1692254324797,1693226589042,7,3,4
47168,1693226589042,1692254324802,1692254324805,1693226589050,8,3,5
47169,1693226589050,1692254324812,1692254324816,1693226589061,11,4,7
47170,1693226589061,1692254324820,1692254324823,1693226589069,8,3,5
47171,1693226589069,1692254324828,1692254324832,1693226589077,8,4,4
47172,1693226589077,1692254324837,1692254324840,1693226589085,8,3,5
47173,1693226589085,1692254324844,1692254324848,1693226589093,8,4,4
47174,1693226589093,1692254324853,1692254324855,1693226589104,11,2,9
47175,1693226589104,1692254324864,1692254324867,1693226589112,8,3,5
47176,1693226589112,1692254324872,1692254324876,1693226589122,10,4,6
47177,1693226589122,1692254324881,1692254324884,1693226589129,7,3,4
47178,1693226589129,1692254324889,1692254324892,1693226589137,8,3,5
47179,1693226589137,1692254324897,1692254324901,1693226589146,9,4,5
47180,1693226589146,1692254324905,1692254324909,1693226589154,8,4,4
47181,1693226589154,1692254324914,1692254324918,1693226589162,8,4,4
47182,1693226589163,1692254324922,1692254324924,1693226589170,7,2,5
47183,1693226589170,1692254324929,1692254324933,1693226589179,9,4,5
47184,1693226589179,1692254324939,1692254324942,1693226589188,9,3,6
47185,1693226589188,1692254324948,1692254324951,1693226589197,9,3,6
47186,1693226589197,1692254324956,1692254324959,1693226589205,8,3,5
47187,1693226589205,1692254324965,1692254324969,1693226589214,9,4,5
47188,1693226589214,1692254324974,1692254324976,1693226589222,8,2,6
47189,1693226589222,1692254324982,1692254324985,1693226589230,8,3,5
47190,1693226589231,1692254324995,1692254324998,1693226589243,12,3,9
47191,1693226589244,1692254325003,1692254325008,1693226589253,9,5,4
47192,1693226589253,1692254325013,1692254325016,1693226589261,8,3,5
47193,1693226589261,1692254325020,1692254325023,1693226589269,8,3,5
47194,1693226589269,1692254325029,1692254325032,1693226589277,8,3,5
47195,1693226589278,1692254325037,1692254325040,1693226589285,7,3,4
47196,1693226589286,1692254325045,1692254325048,1693226589293,7,3,4
47197,1693226589293,1692254325052,1692254325056,1693226589301,8,4,4
47198,1693226589301,1692254325061,1692254325064,1693226589309,8,3,5
47199,1693226589309,1692254325068,1692254325072,1693226589317,8,4,4
47200,1693226589317,1692254325076,1692254325079,1693226589324,7,3,4
47201,1693226589324,1692254325084,1692254325086,1693226589331,7,2,5
47202,1693226589331,1692254325090,1692254325094,1693226589339,8,4,4
47203,1693226589339,1692254325098,1692254325100,1693226589345,6,2,4
47204,1693226589345,1692254325104,1692254325107,1693226589353,8,3,5
47205,1693226589353,1692254325112,1692254325116,1693226589361,8,4,4
47206,1693226589361,1692254325120,1692254325123,1693226589368,7,3,4
47207,1693226589368,1692254325127,1692254325130,1693226589375,7,3,4
47208,1693226589375,1692254325135,1692254325138,1693226589383,8,3,5
47209,1693226589383,1692254325143,1692254325146,1693226589391,8,3,5
47210,1693226589391,1692254325156,1692254325159,1693226589404,13,3,10
47211,1693226589404,1692254325163,1692254325167,1693226589411,7,4,3
47212,1693226589411,1692254325171,1692254325173,1693226589418,7,2,5
47213,1693226589418,1692254325178,1692254325181,1693226589426,8,3,5
47214,1693226589426,1692254325186,1692254325189,1693226589434,8,3,5
47215,1693226589434,1692254325194,1692254325197,1693226589443,9,3,6
47216,1693226589443,1692254325202,1692254325205,1693226589450,7,3,4
47217,1693226589450,1692254325209,1692254325212,1693226589457,7,3,4
47218,1693226589457,1692254325216,1692254325219,1693226589464,7,3,4
47219,1693226589464,1692254325223,1692254325225,1693226589471,7,2,5
47220,1693226589471,1692254325230,1692254325233,1693226589478,7,3,4
47221,1693226589478,1692254325237,1692254325241,1693226589486,8,4,4
47222,1693226589486,1692254325246,1692254325248,1693226589493,7,2,5
47223,1693226589493,1692254325252,1692254325256,1693226589501,8,4,4
47224,1693226589501,1692254325261,1692254325264,1693226589509,8,3,5
47225,1693226589509,1692254325270,1692254325273,1693226589518,9,3,6
47226,1693226589518,1692254325278,1692254325281,1693226589526,8,3,5
47227,1693226589527,1692254325286,1692254325289,1693226589534,7,3,4
47228,1693226589534,1692254325293,1692254325298,1693226589543,9,5,4
47229,1693226589543,1692254325302,1692254325305,1693226589550,7,3,4
47230,1693226589550,1692254325310,1692254325313,1693226589558,8,3,5
47231,1693226589558,1692254325318,1692254325321,1693226589566,8,3,5
47232,1693226589566,1692254325326,1692254325329,1693226589574,8,3,5
47233,1693226589574,1692254325333,1692254325337,1693226589582,8,4,4
47234,1693226589582,1692254325342,1692254325344,1693226589589,7,2,5
47235,1693226589589,1692254325349,1692254325352,1693226589597,8,3,5
47236,1693226589597,1692254325356,1692254325360,1693226589605,8,4,4
47237,1693226589605,1692254325364,1692254325367,1693226589612,7,3,4
47238,1693226589612,1692254325373,1692254325376,1693226589621,9,3,6
47239,1693226589621,1692254325380,1692254325384,1693226589629,8,4,4
47240,1693226589629,1692254325389,1692254325392,1693226589637,8,3,5
47241,1693226589637,1692254325397,1692254325400,1693226589645,8,3,5
47242,1693226589645,1692254325405,1692254325408,1693226589653,8,3,5
47243,1693226589653,1692254325414,1692254325417,1693226589662,9,3,6
47244,1693226589662,1692254325421,1692254325424,1693226589669,7,3,4
47245,1693226589669,1692254325429,1692254325432,1693226589677,8,3,5
47246,1693226589677,1692254325441,1692254325444,1693226589703,26,3,23
47247,1693226589703,1692254325490,1692254325493,1693226589738,35,3,32
47248,1693226589738,1692254325498,1692254325502,1693226589747,9,4,5
47249,1693226589747,1692254325506,1692254325508,1693226589753,6,2,4
47250,1693226589754,1692254325513,1692254325516,1693226589761,7,3,4
47251,1693226589761,1692254325520,1692254325523,1693226589768,7,3,4
47252,1693226589768,1692254325527,1692254325531,1693226589776,8,4,4
47253,1693226589776,1692254325535,1692254325538,1693226589783,7,3,4
47254,1693226589783,1692254325543,1692254325546,1693226589791,8,3,5
47255,1693226589791,1692254325551,1692254325554,1693226589799,8,3,5
47256,1693226589799,1692254325558,1692254325561,1693226589806,7,3,4
47257,1693226589806,1692254325565,1692254325569,1693226589815,9,4,5
47258,1693226589815,1692254325574,1692254325577,1693226589824,9,3,6
47259,1693226589824,1692254325583,1692254325586,1693226589835,11,3,8
47260,1693226589835,1692254325594,1692254325599,1693226589844,9,5,4
47261,1693226589844,1692254325603,1692254325606,1693226589852,8,3,5
47262,1693226589852,1692254325611,1692254325614,1693226589859,7,3,4
47263,1693226589859,1692254325619,1692254325622,1693226589867,8,3,5
47264,1693226589867,1692254325626,1692254325629,1693226589916,49,3,46
47265,1693226589916,1692254325697,1692254325702,1693226589947,31,5,26
47266,1693226589947,1692254325706,1692254325709,1693226589954,7,3,4
47267,1693226589954,1692254325713,1692254325716,1693226589961,7,3,4
47268,1693226589961,1692254325720,1692254325723,1693226589968,7,3,4
47269,1693226589968,1692254325728,1692254325731,1693226589976,8,3,5
47270,1693226589976,1692254325736,1692254325739,1693226589984,8,3,5
47271,1693226589984,1692254325744,1692254325747,1693226589993,9,3,6
47272,1693226589993,1692254325753,1692254325756,1693226590001,8,3,5
47273,1693226590001,1692254325760,1692254325764,1693226590009,8,4,4
47274,1693226590009,1692254325769,1692254325772,1693226590017,8,3,5
47275,1693226590017,1692254325776,1692254325781,1693226590026,9,5,4
47276,1693226590026,1692254325785,1692254325788,1693226590033,7,3,4
47277,1693226590033,1692254325792,1692254325795,1693226590040,7,3,4
47278,1693226590040,1692254325799,1692254325803,1693226590049,9,4,5
47279,1693226590049,1692254325809,1692254325812,1693226590057,8,3,5
47280,1693226590057,1692254325817,1692254325820,1693226590065,8,3,5
47281,1693226590065,1692254325825,1692254325828,1693226590073,8,3,5
47282,1693226590073,1692254325833,1692254325836,1693226590081,8,3,5
47283,1693226590081,1692254325840,1692254325844,1693226590090,9,4,5
47284,1693226590090,1692254325849,1692254325853,1693226590098,8,4,4
47285,1693226590098,1692254325857,1692254325860,1693226590105,7,3,4
47286,1693226590105,1692254325865,1692254325868,1693226590113,8,3,5
47287,1693226590113,1692254325872,1692254325875,1693226590120,7,3,4
47288,1693226590120,1692254325880,1692254325882,1693226590128,8,2,6
47289,1693226590128,1692254325887,1692254325890,1693226590135,7,3,4
47290,1693226590135,1692254325894,1692254325897,1693226590143,8,3,5
47291,1693226590143,1692254325903,1692254325907,1693226590152,9,4,5
47292,1693226590152,1692254325911,1692254325914,1693226590159,7,3,4
47293,1693226590159,1692254325919,1692254325922,1693226590167,8,3,5
47294,1693226590167,1692254325926,1692254325930,1693226590175,8,4,4
47295,1693226590175,1692254325934,1692254325938,1693226590185,10,4,6
47296,1693226590185,1692254325944,1692254325948,1693226590193,8,4,4
47297,1693226590193,1692254325952,1692254325955,1693226590200,7,3,4
47298,1693226590200,1692254325960,1692254325963,1693226590207,7,3,4
47299,1693226590207,1692254325967,1692254325970,1693226590215,8,3,5
47300,1693226590215,1692254325975,1692254325977,1693226590222,7,2,5
47301,1693226590222,1692254325982,1692254325985,1693226590230,8,3,5
47302,1693226590230,1692254325989,1692254325994,1693226590239,9,5,4
47303,1693226590239,1692254325998,1692254326002,1693226590247,8,4,4
47304,1693226590247,1692254326007,1692254326010,1693226590255,8,3,5
47305,1693226590255,1692254326016,1692254326020,1693226590265,10,4,6
47306,1693226590265,1692254326024,1692254326028,1693226590273,8,4,4
47307,1693226590273,1692254326032,1692254326036,1693226590281,8,4,4
47308,1693226590281,1692254326040,1692254326044,1693226590288,7,4,3
47309,1693226590288,1692254326047,1692254326050,1693226590296,8,3,5
47310,1693226590296,1692254326055,1692254326058,1693226590303,7,3,4
47311,1693226590303,1692254326063,1692254326066,1693226590311,8,3,5
47312,1693226590311,1692254326071,1692254326073,1693226590318,7,2,5
47313,1693226590318,1692254326078,1692254326081,1693226590326,8,3,5
47314,1693226590326,1692254326085,1692254326088,1693226590333,7,3,4
47315,1693226590333,1692254326093,1692254326096,1693226590341,8,3,5
47316,1693226590341,1692254326100,1692254326103,1693226590348,7,3,4
47317,1693226590348,1692254326107,1692254326111,1693226590356,8,4,4
47318,1693226590356,1692254326115,1692254326118,1693226590363,7,3,4
47319,1693226590363,1692254326123,1692254326128,1693226590374,11,5,6
47320,1693226590374,1692254326133,1692254326137,1693226590382,8,4,4
47321,1693226590382,1692254326141,1692254326144,1693226590389,7,3,4
47322,1693226590389,1692254326149,1692254326151,1693226590397,8,2,6
47323,1693226590397,1692254326158,1692254326162,1693226590407,10,4,6
47324,1693226590407,1692254326167,1692254326170,1693226590415,8,3,5
47325,1693226590415,1692254326174,1692254326178,1693226590423,8,4,4
47326,1693226590423,1692254326182,1692254326185,1693226590430,7,3,4
47327,1693226590430,1692254326191,1692254326194,1693226590439,9,3,6
47328,1693226590439,1692254326200,1692254326204,1693226590449,10,4,6
47329,1693226590449,1692254326209,1692254326212,1693226590457,8,3,5
47330,1693226590457,1692254326216,1692254326219,1693226590464,7,3,4
47331,1693226590464,1692254326230,1692254326234,1693226590479,15,4,11
47332,1693226590479,1692254326238,1692254326242,1693226590487,8,4,4
47333,1693226590487,1692254326251,1692254326254,1693226590499,12,3,9
47334,1693226590500,1692254326259,1692254326262,1693226590507,7,3,4
47335,1693226590507,1692254326266,1692254326270,1693226590515,8,4,4
47336,1693226590515,1692254326275,1692254326278,1693226590522,7,3,4
47337,1693226590522,1692254326281,1692254326285,1693226590530,8,4,4
47338,1693226590530,1692254326289,1692254326295,1693226590540,10,6,4
47339,1693226590540,1692254326299,1692254326302,1693226590547,7,3,4
47340,1693226590547,1692254326306,1692254326309,1693226590554,7,3,4
47341,1693226590554,1692254326314,1692254326318,1693226590563,9,4,5
47342,1693226590563,1692254326322,1692254326325,1693226590570,7,3,4
47343,1693226590570,1692254326329,1692254326332,1693226590577,7,3,4
47344,1693226590577,1692254326337,1692254326340,1693226590585,8,3,5
47345,1693226590585,1692254326344,1692254326347,1693226590593,8,3,5
47346,1693226590593,1692254326353,1692254326356,1693226590601,8,3,5
47347,1693226590601,1692254326361,1692254326364,1693226590609,8,3,5
47348,1693226590609,1692254326368,1692254326372,1693226590617,8,4,4
47349,1693226590617,1692254326376,1692254326380,1693226590625,8,4,4
47350,1693226590625,1692254326384,1692254326387,1693226590632,7,3,4
47351,1693226590632,1692254326392,1692254326396,1693226590641,9,4,5
47352,1693226590641,1692254326401,1692254326404,1693226590649,8,3,5
47353,1693226590649,1692254326408,1692254326411,1693226590656,7,3,4
47354,1693226590656,1692254326415,1692254326418,1693226590663,7,3,4
47355,1693226590663,1692254326422,1692254326425,1693226590670,7,3,4
47356,1693226590670,1692254326430,1692254326433,1693226590678,8,3,5
47357,1693226590678,1692254326437,1692254326442,1693226590687,9,5,4
47358,1693226590687,1692254326447,1692254326450,1693226590695,8,3,5
47359,1693226590695,1692254326454,1692254326456,1693226590701,6,2,4
47360,1693226590701,1692254326460,1692254326463,1693226590708,7,3,4
47361,1693226590708,1692254326468,1692254326471,1693226590716,8,3,5
47362,1693226590716,1692254326476,1692254326480,1693226590725,9,4,5
47363,1693226590725,1692254326484,1692254326488,1693226590733,8,4,4
47364,1693226590733,1692254326492,1692254326496,1693226590741,8,4,4
47365,1693226590741,1692254326500,1692254326503,1693226590748,7,3,4
47366,1693226590748,1692254326507,1692254326511,1693226590756,8,4,4
47367,1693226590756,1692254326515,1692254326518,1693226590763,7,3,4
47368,1693226590763,1692254326523,1692254326526,1693226590771,8,3,5
47369,1693226590771,1692254326532,1692254326534,1693226590779,8,2,6
47370,1693226590779,1692254326539,1692254326542,1693226590786,7,3,4
47371,1693226590787,1692254326546,1692254326548,1693226590793,6,2,4
47372,1693226590793,1692254326553,1692254326556,1693226590801,8,3,5
47373,1693226590801,1692254326560,1692254326567,1693226590812,11,7,4
47374,1693226590812,1692254326571,1692254326574,1693226590820,8,3,5
47375,1693226590820,1692254326579,1692254326583,1693226590828,8,4,4
47376,1693226590828,1692254326587,1692254326590,1693226590835,7,3,4
47377,1693226590835,1692254326595,1692254326598,1693226590844,9,3,6
47378,1693226590844,1692254326603,1692254326608,1693226590852,8,5,3
47379,1693226590853,1692254326611,1692254326614,1693226590859,6,3,3
47380,1693226590859,1692254326619,1692254326623,1693226590868,9,4,5
47381,1693226590868,1692254326627,1692254326630,1693226590875,7,3,4
47382,1693226590875,1692254326635,1692254326637,1693226590882,7,2,5
47383,1693226590882,1692254326641,1692254326644,1693226590889,7,3,4
47384,1693226590889,1692254326648,1692254326652,1693226590897,8,4,4
47385,1693226590897,1692254326656,1692254326659,1693226590904,7,3,4
47386,1693226590904,1692254326663,1692254326666,1693226590911,7,3,4
47387,1693226590911,1692254326670,1692254326673,1693226590918,7,3,4
47388,1693226590918,1692254326677,1692254326680,1693226590925,7,3,4
47389,1693226590926,1692254326685,1692254326688,1693226590933,7,3,4
47390,1693226590933,1692254326693,1692254326697,1693226590942,9,4,5
47391,1693226590942,1692254326703,1692254326707,1693226590952,10,4,6
47392,1693226590952,1692254326711,1692254326715,1693226590960,8,4,4
47393,1693226590960,1692254326720,1692254326723,1693226590968,8,3,5
47394,1693226590969,1692254326728,1692254326731,1693226590976,7,3,4
47395,1693226590976,1692254326735,1692254326739,1693226590984,8,4,4
47396,1693226590984,1692254326745,1692254326748,1693226590993,9,3,6
47397,1693226590993,1692254326752,1692254326755,1693226591000,7,3,4
47398,1693226591000,1692254326760,1692254326763,1693226591008,8,3,5
47399,1693226591008,1692254326768,1692254326771,1693226591016,8,3,5
47400,1693226591016,1692254326775,1692254326778,1693226591023,7,3,4
47401,1693226591023,1692254326783,1692254326787,1693226591031,8,4,4
47402,1693226591031,1692254326791,1692254326793,1693226591038,7,2,5
47403,1693226591038,1692254326797,1692254326800,1693226591045,7,3,4
47404,1693226591045,1692254326806,1692254326810,1693226591055,10,4,6
47405,1693226591055,1692254326815,1692254326818,1693226591063,8,3,5
47406,1693226591063,1692254326823,1692254326826,1693226591070,7,3,4
47407,1693226591071,1692254326830,1692254326833,1693226591078,7,3,4
47408,1693226591078,1692254326838,1692254326841,1693226591086,8,3,5
47409,1693226591086,1692254326846,1692254326853,1693226591098,12,7,5
47410,1693226591098,1692254326857,1692254326861,1693226591106,8,4,4
47411,1693226591106,1692254326865,1692254326867,1693226591113,7,2,5
47412,1693226591113,1692254326872,1692254326876,1693226591121,8,4,4
47413,1693226591121,1692254326880,1692254326884,1693226591129,8,4,4
47414,1693226591129,1692254326888,1692254326891,1693226591136,7,3,4
47415,1693226591136,1692254326896,1692254326900,1693226591146,10,4,6
47416,1693226591146,1692254326910,1692254326914,1693226591159,13,4,9
47417,1693226591159,1692254326919,1692254326922,1693226591167,8,3,5
47418,1693226591167,1692254326928,1692254326931,1693226591176,9,3,6
47419,1693226591176,1692254326936,1692254326939,1693226591184,8,3,5
47420,1693226591184,1692254326948,1692254326952,1693226591196,12,4,8
47421,1693226591196,1692254326955,1692254326959,1693226591204,8,4,4
47422,1693226591204,1692254326963,1692254326966,1693226591211,7,3,4
47423,1693226591211,1692254326970,1692254326973,1693226591219,8,3,5
47424,1693226591219,1692254326980,1692254326984,1693226591229,10,4,6
47425,1693226591229,1692254326988,1692254326991,1693226591236,7,3,4
47426,1693226591236,1692254326996,1692254326999,1693226591244,8,3,5
47427,1693226591244,1692254327003,1692254327006,1693226591253,9,3,6
47428,1693226591253,1692254327013,1692254327016,1693226591261,8,3,5
47429,1693226591261,1692254327021,1692254327024,1693226591270,9,3,6
47430,1693226591270,1692254327029,1692254327032,1693226591278,8,3,5
47431,1693226591278,1692254327038,1692254327041,1693226591286,8,3,5
47432,1693226591286,1692254327046,1692254327050,1693226591295,9,4,5
47433,1693226591295,1692254327055,1692254327058,1693226591303,8,3,5
47434,1693226591303,1692254327063,1692254327067,1693226591312,9,4,5
47435,1693226591312,1692254327072,1692254327075,1693226591320,8,3,5
47436,1693226591320,1692254327079,1692254327083,1693226591328,8,4,4
47437,1693226591328,1692254327087,1692254327090,1693226591335,7,3,4
47438,1693226591335,1692254327094,1692254327098,1693226591343,8,4,4
47439,1693226591343,1692254327103,1692254327106,1693226591351,8,3,5
47440,1693226591351,1692254327113,1692254327117,1693226591362,11,4,7
47441,1693226591362,1692254327121,1692254327124,1693226591370,8,3,5
47442,1693226591370,1692254327129,1692254327132,1693226591378,8,3,5
47443,1693226591378,1692254327137,1692254327140,1693226591385,7,3,4
47444,1693226591385,1692254327145,1692254327148,1693226591393,8,3,5
47445,1693226591393,1692254327153,1692254327156,1693226591402,9,3,6
47446,1693226591402,1692254327161,1692254327166,1693226591411,9,5,4
47447,1693226591411,1692254327170,1692254327173,1693226591418,7,3,4
47448,1693226591418,1692254327178,1692254327181,1693226591426,8,3,5
47449,1693226591426,1692254327185,1692254327188,1693226591433,7,3,4
47450,1693226591433,1692254327193,1692254327196,1693226591441,8,3,5
47451,1693226591441,1692254327200,1692254327203,1693226591448,7,3,4
47452,1693226591448,1692254327207,1692254327209,1693226591454,6,2,4
47453,1693226591454,1692254327215,1692254327218,1693226591463,9,3,6
47454,1693226591463,1692254327222,1692254327225,1693226591470,7,3,4
47455,1693226591470,1692254327230,1692254327234,1693226591479,9,4,5
47456,1693226591479,1692254327238,1692254327240,1693226591485,6,2,4
47457,1693226591485,1692254327244,1692254327247,1693226591492,7,3,4
47458,1693226591492,1692254327251,1692254327254,1693226591499,7,3,4
47459,1693226591499,1692254327258,1692254327263,1693226591508,9,5,4
47460,1693226591508,1692254327267,1692254327270,1693226591515,7,3,4
47461,1693226591515,1692254327275,1692254327278,1693226591524,9,3,6
47462,1693226591524,1692254327283,1692254327287,1693226591531,7,4,3
47463,1693226591532,1692254327290,1692254327294,1693226591539,7,4,3
47464,1693226591539,1692254327299,1692254327302,1693226591547,8,3,5
47465,1693226591547,1692254327306,1692254327309,1693226591554,7,3,4
47466,1693226591554,1692254327313,1692254327316,1693226591561,7,3,4
47467,1693226591561,1692254327322,1692254327324,1693226591569,8,2,6
47468,1693226591569,1692254327328,1692254327332,1693226591577,8,4,4
47469,1693226591577,1692254327336,1692254327339,1693226591584,7,3,4
47470,1693226591584,1692254327343,1692254327347,1693226591592,8,4,4
47471,1693226591592,1692254327352,1692254327355,1693226591600,8,3,5
47472,1693226591600,1692254327360,1692254327362,1693226591607,7,2,5
47473,1693226591607,1692254327366,1692254327370,1693226591615,8,4,4
47474,1693226591615,1692254327374,1692254327378,1693226591623,8,4,4
47475,1693226591623,1692254327382,1692254327385,1693226591630,7,3,4
47476,1693226591630,1692254327390,1692254327393,1693226591638,8,3,5
47477,1693226591638,1692254327397,1692254327400,1693226591644,6,3,3
47478,1693226591644,1692254327404,1692254327407,1693226591651,7,3,4
47479,1693226591651,1692254327411,1692254327414,1693226591658,7,3,4
47480,1693226591658,1692254327420,1692254327423,1693226591672,14,3,11
47481,1693226591672,1692254327432,1692254327435,1693226591680,8,3,5
47482,1693226591680,1692254327439,1692254327445,1693226591689,9,6,3
47483,1693226591689,1692254327449,1692254327452,1693226591697,8,3,5
47484,1693226591697,1692254327456,1692254327459,1693226591704,7,3,4
47485,1693226591704,1692254327463,1692254327467,1693226591711,7,4,3
47486,1693226591712,1692254327470,1692254327474,1693226591719,7,4,3
47487,1693226591719,1692254327479,1692254327482,1693226591727,8,3,5
47488,1693226591727,1692254327493,1692254327497,1693226591742,15,4,11
47489,1693226591742,1692254327501,1692254327507,1693226591752,10,6,4
47490,1693226591752,1692254327515,1692254327518,1693226591765,13,3,10
47491,1693226591765,1692254327531,1692254327534,1693226591783,18,3,15
47492,1693226591783,1692254327542,1692254327546,1693226591791,8,4,4
47493,1693226591791,1692254327550,1692254327553,1693226591798,7,3,4
47494,1693226591798,1692254327558,1692254327562,1693226591807,9,4,5
47495,1693226591807,1692254327566,1692254327569,1693226591814,7,3,4
47496,1693226591814,1692254327574,1692254327577,1693226591822,8,3,5
47497,1693226591822,1692254327582,1692254327584,1693226591829,7,2,5
47498,1693226591829,1692254327590,1692254327593,1693226591838,9,3,6
47499,1693226591838,1692254327597,1692254327600,1693226591845,7,3,4
47500,1693226591845,1692254327604,1692254327608,1693226591852,7,4,3
47501,1693226591852,1692254327611,1692254327615,1693226591860,8,4,4
47502,1693226591860,1692254327619,1692254327622,1693226591868,8,3,5
47503,1693226591868,1692254327627,1692254327631,1693226591876,8,4,4
47504,1693226591876,1692254327636,1692254327639,1693226591885,9,3,6
47505,1693226591885,1692254327644,1692254327647,1693226591892,7,3,4
47506,1693226591892,1692254327651,1692254327655,1693226591900,8,4,4
47507,1693226591900,1692254327659,1692254327662,1693226591907,7,3,4
47508,1693226591907,1692254327668,1692254327671,1693226591916,9,3,6
47509,1693226591916,1692254327676,1692254327679,1693226591924,8,3,5
47510,1693226591924,1692254327683,1692254327686,1693226591931,7,3,4
47511,1693226591931,1692254327693,1692254327696,1693226591941,10,3,7
47512,1693226591941,1692254327700,1692254327703,1693226591948,7,3,4
47513,1693226591948,1692254327707,1692254327710,1693226591955,7,3,4
47514,1693226591955,1692254327714,1692254327718,1693226591963,8,4,4
47515,1693226591963,1692254327722,1692254327725,1693226591970,7,3,4
47516,1693226591970,1692254327729,1692254327732,1693226591976,6,3,3
47517,1693226591976,1692254327735,1692254327738,1693226591983,7,3,4
47518,1693226591983,1692254327743,1692254327748,1693226591992,9,5,4
47519,1693226591992,1692254327752,1692254327755,1693226592000,8,3,5
47520,1693226592000,1692254327759,1692254327763,1693226592008,8,4,4
47521,1693226592008,1692254327767,1692254327771,1693226592015,7,4,3
47522,1693226592015,1692254327774,1692254327777,1693226592022,7,3,4
47523,1693226592022,1692254327781,1692254327784,1693226592028,6,3,3
47524,1693226592028,1692254327787,1692254327791,1693226592036,8,4,4
47525,1693226592036,1692254327795,1692254327799,1693226592044,8,4,4
47526,1693226592044,1692254327803,1692254327806,1693226592051,7,3,4
47527,1693226592051,1692254327811,1692254327814,1693226592059,8,3,5
47528,1693226592059,1692254327818,1692254327821,1693226592066,7,3,4
47529,1693226592066,1692254327825,1692254327828,1693226592074,8,3,5
47530,1693226592074,1692254327833,1692254327836,1693226592081,7,3,4
47531,1693226592081,1692254327840,1692254327843,1693226592088,7,3,4
47532,1693226592088,1692254327849,1692254327852,1693226592097,9,3,6
47533,1693226592097,1692254327857,1692254327860,1693226592105,8,3,5
47534,1693226592105,1692254327865,1692254327868,1693226592113,8,3,5
47535,1693226592113,1692254327872,1692254327875,1693226592120,7,3,4
47536,1693226592120,1692254327879,1692254327883,1693226592128,8,4,4
47537,1693226592128,1692254327887,1692254327890,1693226592135,7,3,4
47538,1693226592135,1692254327894,1692254327897,1693226592143,8,3,5
47539,1693226592143,1692254327904,1692254327907,1693226592152,9,3,6
47540,1693226592152,1692254327914,1692254327917,1693226592162,10,3,7
47541,1693226592162,1692254327922,1692254327925,1693226592170,8,3,5
47542,1693226592170,1692254327929,1692254327932,1693226592177,7,3,4
47543,1693226592177,1692254327936,1692254327939,1693226592184,7,3,4
47544,1693226592184,1692254327944,1692254327947,1693226592198,14,3,11
47545,1693226592198,1692254327957,1692254327960,1693226592206,8,3,5
47546,1693226592206,1692254327965,1692254327970,1693226592215,9,5,4
47547,1693226592215,1692254327974,1692254327977,1693226592222,7,3,4
47548,1693226592222,1692254327981,1692254327985,1693226592230,8,4,4
47549,1693226592230,1692254327989,1692254327991,1693226592236,6,2,4
47550,1693226592236,1692254327996,1692254328001,1693226592246,10,5,5
47551,1693226592246,1692254328006,1692254328008,1693226592253,7,2,5
47552,1693226592253,1692254328012,1692254328016,1693226592262,9,4,5
47553,1693226592262,1692254328021,1692254328026,1693226592271,9,5,4
47554,1693226592271,1692254328030,1692254328033,1693226592279,8,3,5
47555,1693226592279,1692254328039,1692254328042,1693226592287,8,3,5
47556,1693226592287,1692254328046,1692254328050,1693226592295,8,4,4
47557,1693226592295,1692254328055,1692254328058,1693226592303,8,3,5
47558,1693226592304,1692254328063,1692254328067,1693226592312,8,4,4
47559,1693226592312,1692254328072,1692254328075,1693226592321,9,3,6
47560,1693226592321,1692254328080,1692254328083,1693226592328,7,3,4
47561,1693226592328,1692254328088,1692254328090,1693226592335,7,2,5
47562,1693226592335,1692254328095,1692254328097,1693226592342,7,2,5
47563,1693226592342,1692254328102,1692254328105,1693226592350,8,3,5
47564,1693226592350,1692254328110,1692254328113,1693226592358,8,3,5
47565,1693226592358,1692254328118,1692254328121,1693226592366,8,3,5
47566,1693226592366,1692254328125,1692254328129,1693226592374,8,4,4
47567,1693226592374,1692254328134,1692254328137,1693226592381,7,3,4
47568,1693226592381,1692254328141,1692254328144,1693226592389,8,3,5
47569,1693226592389,1692254328150,1692254328154,1693226592399,10,4,6
47570,1693226592399,1692254328159,1692254328162,1693226592407,8,3,5
47571,1693226592407,1692254328166,1692254328169,1693226592414,7,3,4
47572,1693226592414,1692254328174,1692254328177,1693226592421,7,3,4
47573,1693226592422,1692254328181,1692254328184,1693226592429,7,3,4
47574,1693226592429,1692254328188,1692254328192,1693226592437,8,4,4
47575,1693226592437,1692254328196,1692254328200,1693226592446,9,4,5
47576,1693226592446,1692254328206,1692254328209,1693226592454,8,3,5
47577,1693226592454,1692254328214,1692254328217,1693226592462,8,3,5
47578,1693226592462,1692254328221,1692254328224,1693226592469,7,3,4
47579,1693226592469,1692254328228,1692254328231,1693226592476,7,3,4
47580,1693226592476,1692254328236,1692254328239,1693226592487,11,3,8
47581,1693226592487,1692254328246,1692254328249,1693226592494,7,3,4
47582,1693226592495,1692254328254,1692254328257,1693226592506,11,3,8
47583,1693226592506,1692254328265,1692254328268,1693226592512,6,3,3
47584,1693226592512,1692254328272,1692254328274,1693226592519,7,2,5
47585,1693226592519,1692254328278,1692254328281,1693226592526,7,3,4
47586,1693226592526,1692254328286,1692254328289,1693226592534,8,3,5
47587,1693226592534,1692254328293,1692254328297,1693226592542,8,4,4
47588,1693226592542,1692254328301,1692254328304,1693226592554,12,3,9
47589,1693226592554,1692254328314,1692254328317,1693226592611,57,3,54
47590,1693226592611,1692254328371,1692254328376,1693226592621,10,5,5
47591,1693226592621,1692254328380,1692254328383,1693226592628,7,3,4
47592,1693226592628,1692254328388,1692254328391,1693226592636,8,3,5
47593,1693226592636,1692254328395,1692254328399,1693226592644,8,4,4
47594,1693226592644,1692254328404,1692254328408,1693226592652,8,4,4
47595,1693226592652,1692254328411,1692254328414,1693226592659,7,3,4
47596,1693226592659,1692254328419,1692254328423,1693226592668,9,4,5
47597,1693226592668,1692254328427,1692254328431,1693226592677,9,4,5
47598,1693226592677,1692254328436,1692254328439,1693226592687,10,3,7
47599,1693226592687,1692254328447,1692254328450,1693226592703,16,3,13
47600,1693226592703,1692254328488,1692254328491,1693226592741,38,3,35
47601,1693226592742,1692254328503,1692254328506,1693226592752,10,3,7
47602,1693226592752,1692254328513,1692254328516,1693226592761,9,3,6
47603,1693226592761,1692254328521,1692254328524,1693226592769,8,3,5
47604,1693226592769,1692254328528,1692254328532,1693226592777,8,4,4
47605,1693226592777,1692254328536,1692254328540,1693226592785,8,4,4
47606,1693226592785,1692254328547,1692254328550,1693226592795,10,3,7
47607,1693226592795,1692254328554,1692254328557,1693226592802,7,3,4
47608,1693226592802,1692254328561,1692254328565,1693226592809,7,4,3
47609,1693226592810,1692254328569,1692254328573,1693226592818,8,4,4
47610,1693226592818,1692254328578,1692254328581,1693226592826,8,3,5
47611,1693226592826,1692254328585,1692254328588,1693226592833,7,3,4
47612,1693226592833,1692254328592,1692254328595,1693226592841,8,3,5
47613,1693226592841,1692254328600,1692254328604,1693226592849,8,4,4
47614,1693226592849,1692254328608,1692254328611,1693226592857,8,3,5
47615,1693226592857,1692254328616,1692254328619,1693226592864,7,3,4
47616,1693226592864,1692254328623,1692254328626,1693226592871,7,3,4
47617,1693226592872,1692254328631,1692254328634,1693226592879,7,3,4
47618,1693226592879,1692254328638,1692254328641,1693226592886,7,3,4
47619,1693226592886,1692254328645,1692254328648,1693226592893,7,3,4
47620,1693226592893,1692254328653,1692254328656,1693226592900,7,3,4
47621,1693226592900,1692254328659,1692254328662,1693226592907,7,3,4
47622,1693226592907,1692254328666,1692254328669,1693226592914,7,3,4
47623,1693226592914,1692254328673,1692254328677,1693226592922,8,4,4
47624,1693226592922,1692254328681,1692254328685,1693226592930,8,4,4
47625,1693226592930,1692254328689,1692254328693,1693226592938,8,4,4
47626,1693226592938,1692254328698,1692254328701,1693226592946,8,3,5
47627,1693226592946,1692254328705,1692254328710,1693226592955,9,5,4
47628,1693226592955,1692254328715,1692254328719,1693226592964,9,4,5
47629,1693226592964,1692254328723,1692254328726,1693226592971,7,3,4
47630,1693226592972,1692254328731,1692254328733,1693226592978,6,2,4
47631,1693226592978,1692254328738,1692254328741,1693226592986,8,3,5
47632,1693226592986,1692254328745,1692254328748,1693226592994,8,3,5
47633,1693226592994,1692254328754,1692254328757,1693226593002,8,3,5
47634,1693226593002,1692254328762,1692254328766,1693226593011,9,4,5
47635,1693226593011,1692254328775,1692254328778,1693226593023,12,3,9
47636,1693226593023,1692254328783,1692254328787,1693226593031,8,4,4
47637,1693226593031,1692254328790,1692254328793,1693226593037,6,3,3
47638,1693226593037,1692254328798,1692254328801,1693226593045,8,3,5
47639,1693226593045,1692254328804,1692254328808,1693226593053,8,4,4
47640,1693226593053,1692254328812,1692254328815,1693226593059,6,3,3
47641,1693226593059,1692254328818,1692254328821,1693226593066,7,3,4
47642,1693226593066,1692254328825,1692254328828,1693226593073,7,3,4
47643,1693226593073,1692254328832,1692254328835,1693226593080,7,3,4
47644,1693226593080,1692254328840,1692254328843,1693226593088,8,3,5
47645,1693226593088,1692254328848,1692254328851,1693226593096,8,3,5
47646,1693226593096,1692254328856,1692254328859,1693226593104,8,3,5
47647,1693226593104,1692254328863,1692254328867,1693226593112,8,4,4
47648,1693226593112,1692254328871,1692254328874,1693226593120,8,3,5
47649,1693226593120,1692254328879,1692254328883,1693226593128,8,4,4
47650,1693226593128,1692254328887,1692254328890,1693226593135,7,3,4
47651,1693226593135,1692254328895,1692254328898,1693226593143,8,3,5
47652,1693226593143,1692254328903,1692254328906,1693226593151,8,3,5
47653,1693226593151,1692254328910,1692254328914,1693226593159,8,4,4
47654,1693226593159,1692254328918,1692254328921,1693226593166,7,3,4
47655,1693226593166,1692254328926,1692254328928,1693226593173,7,2,5
47656,1693226593173,1692254328933,1692254328937,1693226593182,9,4,5
47657,1693226593182,1692254328942,1692254328945,1693226593190,8,3,5
47658,1693226593190,1692254328949,1692254328953,1693226593203,13,4,9
47659,1693226593203,1692254328963,1692254328966,1693226593211,8,3,5
47660,1693226593211,1692254328970,1692254328973,1693226593218,7,3,4
47661,1693226593218,1692254328978,1692254328981,1693226593226,8,3,5
47662,1693226593226,1692254328987,1692254328990,1693226593235,9,3,6
47663,1693226593235,1692254328995,1692254328998,1693226593243,8,3,5
47664,1693226593243,1692254329003,1692254329007,1693226593252,9,4,5
47665,1693226593252,1692254329012,1692254329015,1693226593260,8,3,5
47666,1693226593260,1692254329019,1692254329022,1693226593267,7,3,4
47667,1693226593267,1692254329027,1692254329030,1693226593275,8,3,5
47668,1693226593275,1692254329034,1692254329037,1693226593282,7,3,4
47669,1693226593282,1692254329041,1692254329043,1693226593288,6,2,4
47670,1693226593288,1692254329048,1692254329051,1693226593296,8,3,5
47671,1693226593296,1692254329058,1692254329061,1693226593306,10,3,7
47672,1693226593306,1692254329066,1692254329069,1693226593314,8,3,5
47673,1693226593314,1692254329074,1692254329077,1693226593322,8,3,5
47674,1693226593322,1692254329082,1692254329085,1693226593330,8,3,5
47675,1693226593330,1692254329089,1692254329092,1693226593337,7,3,4
47676,1693226593337,1692254329097,1692254329099,1693226593345,8,2,6
47677,1693226593345,1692254329104,1692254329107,1693226593352,7,3,4
47678,1693226593352,1692254329111,1692254329114,1693226593359,7,3,4
47679,1693226593359,1692254329118,1692254329121,1693226593366,7,3,4
47680,1693226593366,1692254329126,1692254329129,1693226593374,8,3,5
47681,1693226593374,1692254329134,1692254329137,1693226593382,8,3,5
47682,1693226593382,1692254329142,1692254329145,1693226593390,8,3,5
47683,1693226593390,1692254329149,1692254329152,1693226593397,7,3,4
47684,1693226593397,1692254329156,1692254329160,1693226593405,8,4,4
47685,1693226593405,1692254329165,1692254329169,1693226593413,8,4,4
47686,1693226593414,1692254329173,1692254329176,1693226593422,8,3,5
47687,1693226593422,1692254329182,1692254329185,1693226593430,8,3,5
47688,1693226593430,1692254329190,1692254329193,1693226593437,7,3,4
47689,1693226593437,1692254329197,1692254329199,1693226593444,7,2,5
47690,1693226593444,1692254329204,1692254329207,1693226593453,9,3,6
47691,1693226593453,1692254329212,1692254329215,1693226593460,7,3,4
47692,1693226593460,1692254329220,1692254329223,1693226593468,8,3,5
47693,1693226593468,1692254329228,1692254329232,1693226593477,9,4,5
47694,1693226593477,1692254329239,1692254329242,1693226593487,10,3,7
47695,1693226593487,1692254329247,1692254329250,1693226593495,8,3,5
47696,1693226593495,1692254329254,1692254329257,1693226593502,7,3,4
47697,1693226593502,1692254329264,1692254329267,1693226593513,11,3,8
47698,1693226593513,1692254329272,1692254329275,1693226593520,7,3,4
47699,1693226593520,1692254329286,1692254329289,1693226593537,17,3,14
47700,1693226593537,1692254329297,1692254329300,1693226593545,8,3,5
47701,1693226593545,1692254329305,1692254329310,1693226593555,10,5,5
47702,1693226593555,1692254329315,1692254329318,1693226593563,8,3,5
47703,1693226593563,1692254329322,1692254329325,1693226593570,7,3,4
47704,1693226593570,1692254329330,1692254329334,1693226593579,9,4,5
47705,1693226593579,1692254329338,1692254329341,1693226593586,7,3,4
47706,1693226593586,1692254329346,1692254329349,1693226593595,9,3,6
47707,1693226593595,1692254329354,1692254329358,1693226593603,8,4,4
47708,1693226593603,1692254329363,1692254329366,1693226593611,8,3,5
47709,1693226593611,1692254329371,1692254329374,1693226593618,7,3,4
47710,1693226593618,1692254329377,1692254329381,1693226593626,8,4,4
47711,1693226593626,1692254329385,1692254329388,1693226593633,7,3,4
47712,1693226593633,1692254329392,1692254329396,1693226593641,8,4,4
47713,1693226593641,1692254329400,1692254329403,1693226593648,7,3,4
47714,1693226593648,1692254329408,1692254329411,1693226593656,8,3,5
47715,1693226593656,1692254329415,1692254329418,1693226593663,7,3,4
47716,1693226593663,1692254329423,1692254329426,1693226593671,8,3,5
47717,1693226593671,1692254329432,1692254329436,1693226593680,9,4,5
47718,1693226593680,1692254329439,1692254329443,1693226593688,8,4,4
47719,1693226593688,1692254329448,1692254329452,1693226593697,9,4,5
47720,1693226593697,1692254329456,1692254329459,1693226593704,7,3,4
47721,1693226593704,1692254329463,1692254329467,1693226593712,8,4,4
47722,1693226593712,1692254329471,1692254329473,1693226593718,6,2,4
47723,1693226593718,1692254329478,1692254329482,1693226593727,9,4,5
47724,1693226593727,1692254329486,1692254329490,1693226593735,8,4,4
47725,1693226593735,1692254329496,1692254329499,1693226593744,9,3,6
47726,1693226593744,1692254329504,1692254329507,1693226593753,9,3,6
47727,1693226593753,1692254329512,1692254329516,1693226593761,8,4,4
47728,1693226593761,1692254329520,1692254329523,1693226593768,7,3,4
47729,1693226593768,1692254329527,1692254329530,1693226593775,7,3,4
47730,1693226593775,1692254329535,1692254329538,1693226593783,8,3,5
47731,1693226593783,1692254329542,1692254329545,1693226593790,7,3,4
47732,1693226593790,1692254329549,1692254329552,1693226593797,7,3,4
47733,1693226593797,1692254329556,1692254329560,1693226593805,8,4,4
47734,1693226593805,1692254329564,1692254329567,1693226593813,8,3,5
47735,1693226593813,1692254329572,1692254329575,1693226593820,7,3,4
47736,1693226593820,1692254329579,1692254329583,1693226593828,8,4,4
47737,1693226593828,1692254329588,1692254329594,1693226593839,11,6,5
47738,1693226593839,1692254329599,1692254329602,1693226593847,8,3,5
47739,1693226593847,1692254329606,1692254329609,1693226593854,7,3,4
47740,1693226593854,1692254329614,1692254329616,1693226593861,7,2,5
47741,1693226593861,1692254329621,1692254329624,1693226593869,8,3,5
47742,1693226593869,1692254329628,1692254329631,1693226593876,7,3,4
47743,1693226593876,1692254329639,1692254329643,1693226593887,11,4,7
47744,1693226593887,1692254329646,1692254329650,1693226593895,8,4,4
47745,1693226593895,1692254329655,1692254329657,1693226593902,7,2,5
47746,1693226593902,1692254329662,1692254329664,1693226593909,7,2,5
47747,1693226593909,1692254329669,1692254329672,1693226593917,8,3,5
47748,1693226593917,1692254329676,1692254329680,1693226593924,7,4,3
47749,1693226593925,1692254329684,1692254329688,1693226593932,7,4,3
47750,1693226593932,1692254329692,1692254329696,1693226593941,9,4,5
47751,1693226593941,1692254329703,1692254329707,1693226593952,11,4,7
47752,1693226593952,1692254329711,1692254329714,1693226593960,8,3,5
47753,1693226593960,1692254329719,1692254329722,1693226593967,7,3,4
47754,1693226593967,1692254329726,1692254329728,1693226593974,7,2,5
47755,1693226593974,1692254329733,1692254329736,1693226593980,6,3,3
47756,1693226593981,1692254329740,1692254329743,1693226593988,7,3,4
47757,1693226593988,1692254329748,1692254329750,1693226593995,7,2,5
47758,1693226593996,1692254329755,1692254329759,1693226594004,8,4,4
47759,1693226594004,1692254329764,1692254329767,1693226594012,8,3,5
47760,1693226594012,1692254329771,1692254329775,1693226594019,7,4,3
47761,1693226594019,1692254329779,1692254329782,1693226594027,8,3,5
47762,1693226594027,1692254329786,1692254329790,1693226594035,8,4,4
47763,1693226594035,1692254329794,1692254329798,1693226594043,8,4,4
47764,1693226594043,1692254329803,1692254329806,1693226594051,8,3,5
47765,1693226594051,1692254329810,1692254329812,1693226594057,6,2,4
47766,1693226594057,1692254329817,1692254329820,1693226594064,7,3,4
47767,1693226594064,1692254329823,1692254329827,1693226594072,8,4,4
47768,1693226594072,1692254329832,1692254329835,1693226594080,8,3,5
47769,1693226594080,1692254329841,1692254329843,1693226594089,9,2,7
47770,1693226594089,1692254329849,1692254329852,1693226594097,8,3,5
47771,1693226594097,1692254329856,1692254329860,1693226594104,7,4,3
47772,1693226594104,1692254329864,1692254329867,1693226594112,8,3,5
47773,1693226594112,1692254329871,1692254329876,1693226594121,9,5,4
47774,1693226594121,1692254329882,1692254329885,1693226594130,9,3,6
47775,1693226594130,1692254329890,1692254329892,1693226594137,7,2,5
47776,1693226594137,1692254329897,1692254329902,1693226594147,10,5,5
47777,1693226594147,1692254329906,1692254329909,1693226594154,7,3,4
47778,1693226594154,1692254329914,1692254329917,1693226594162,8,3,5
47779,1693226594162,1692254329921,1692254329925,1693226594169,7,4,3
47780,1693226594169,1692254329929,1692254329932,1693226594177,8,3,5
47781,1693226594177,1692254329939,1692254329942,1693226594187,10,3,7
47782,1693226594188,1692254329947,1692254329950,1693226594195,7,3,4
47783,1693226594195,1692254329954,1692254329958,1693226594203,8,4,4
47784,1693226594203,1692254329966,1692254329970,1693226594215,12,4,8
47785,1693226594215,1692254329974,1692254329977,1693226594224,9,3,6
47786,1693226594224,1692254329983,1692254329987,1693226594232,8,4,4
47787,1693226594232,1692254329991,1692254329994,1693226594239,7,3,4
47788,1693226594239,1692254329999,1692254330002,1693226594247,8,3,5
47789,1693226594247,1692254330007,1692254330010,1693226594254,7,3,4
47790,1693226594254,1692254330014,1692254330018,1693226594262,8,4,4
47791,1693226594262,1692254330022,1692254330025,1693226594270,8,3,5
47792,1693226594270,1692254330029,1692254330033,1693226594278,8,4,4
47793,1693226594278,1692254330038,1692254330041,1693226594287,9,3,6
47794,1693226594287,1692254330048,1692254330051,1693226594296,9,3,6
47795,1693226594296,1692254330055,1692254330058,1693226594303,7,3,4
47796,1693226594303,1692254330063,1692254330066,1693226594311,8,3,5
47797,1693226594311,1692254330071,1692254330074,1693226594319,8,3,5
47798,1693226594319,1692254330078,1692254330081,1693226594325,6,3,3
47799,1693226594325,1692254330084,1692254330088,1693226594333,8,4,4
47800,1693226594333,1692254330092,1692254330096,1693226594341,8,4,4
47801,1693226594341,1692254330100,1692254330104,1693226594349,8,4,4
47802,1693226594349,1692254330108,1692254330112,1693226594357,8,4,4
47803,1693226594357,1692254330117,1692254330120,1693226594364,7,3,4
47804,1693226594364,1692254330124,1692254330127,1693226594372,8,3,5
47805,1693226594372,1692254330131,1692254330134,1693226594379,7,3,4
47806,1693226594379,1692254330138,1692254330141,1693226594386,7,3,4
47807,1693226594386,1692254330145,1692254330149,1693226594394,8,4,4
47808,1693226594394,1692254330154,1692254330157,1693226594402,8,3,5
47809,1693226594402,1692254330162,1692254330166,1693226594411,9,4,5
47810,1693226594411,1692254330170,1692254330174,1693226594419,8,4,4
47811,1693226594419,1692254330178,1692254330181,1693226594428,9,3,6
47812,1693226594428,1692254330187,1692254330190,1693226594435,7,3,4
47813,1693226594435,1692254330194,1692254330197,1693226594442,7,3,4
47814,1693226594442,1692254330202,1692254330205,1693226594450,8,3,5
47815,1693226594450,1692254330210,1692254330213,1693226594458,8,3,5
47816,1693226594458,1692254330217,1692254330220,1693226594465,7,3,4
47817,1693226594465,1692254330225,1692254330227,1693226594472,7,2,5
47818,1693226594472,1692254330232,1692254330235,1693226594480,8,3,5
47819,1693226594480,1692254330240,1692254330243,1693226594488,8,3,5
47820,1693226594488,1692254330248,1692254330251,1693226594496,8,3,5
47821,1693226594496,1692254330256,1692254330259,1693226594504,8,3,5
47822,1693226594504,1692254330263,1692254330269,1693226594514,10,6,4
47823,1693226594514,1692254330273,1692254330276,1693226594521,7,3,4
47824,1693226594521,1692254330280,1692254330285,1693226594530,9,5,4
47825,1693226594530,1692254330289,1692254330292,1693226594538,8,3,5
47826,1693226594538,1692254330298,1692254330301,1693226594546,8,3,5
47827,1693226594546,1692254330306,1692254330310,1693226594555,9,4,5
47828,1693226594555,1692254330315,1692254330317,1693226594562,7,2,5
47829,1693226594562,1692254330322,1692254330325,1693226594570,8,3,5
47830,1693226594570,1692254330330,1692254330333,1693226594578,8,3,5
47831,1693226594578,1692254330337,1692254330340,1693226594585,7,3,4
47832,1693226594585,1692254330344,1692254330347,1693226594592,7,3,4
47833,1693226594592,1692254330351,1692254330355,1693226594599,7,4,3
47834,1693226594599,1692254330358,1692254330361,1693226594607,8,3,5
47835,1693226594607,1692254330366,1692254330368,1693226594613,6,2,4
47836,1693226594613,1692254330373,1692254330376,1693226594621,8,3,5
47837,1693226594621,1692254330380,1692254330383,1693226594628,7,3,4
47838,1693226594628,1692254330389,1692254330393,1693226594638,10,4,6
47839,1693226594638,1692254330397,1692254330400,1693226594645,7,3,4
47840,1693226594645,1692254330405,1692254330408,1693226594654,9,3,6
47841,1693226594654,1692254330413,1692254330416,1693226594663,9,3,6
47842,1693226594663,1692254330422,1692254330426,1693226594671,8,4,4
47843,1693226594671,1692254330430,1692254330433,1693226594678,7,3,4
47844,1693226594678,1692254330438,1692254330442,1693226594687,9,4,5
47845,1693226594687,1692254330447,1692254330451,1693226594696,9,4,5
47846,1693226594696,1692254330457,1692254330461,1693226594706,10,4,6
47847,1693226594706,1692254330465,1692254330469,1693226594713,7,4,3
47848,1693226594713,1692254330472,1692254330476,1693226594721,8,4,4
47849,1693226594721,1692254330481,1692254330484,1693226594729,8,3,5
47850,1693226594729,1692254330489,1692254330492,1693226594737,8,3,5
47851,1693226594737,1692254330497,1692254330500,1693226594745,8,3,5
47852,1693226594745,1692254330504,1692254330507,1693226594752,7,3,4
47853,1693226594752,1692254330512,1692254330515,1693226594760,8,3,5
47854,1693226594760,1692254330519,1692254330522,1693226594767,7,3,4
47855,1693226594767,1692254330526,1692254330529,1693226594774,7,3,4
47856,1693226594774,1692254330533,1692254330537,1693226594782,8,4,4
47857,1693226594782,1692254330542,1692254330544,1693226594789,7,2,5
47858,1693226594790,1692254330549,1692254330552,1693226594797,7,3,4
47859,1693226594797,1692254330556,1692254330559,1693226594804,7,3,4
47860,1693226594804,1692254330564,1692254330567,1693226594812,8,3,5
47861,1693226594812,1692254330571,1692254330574,1693226594820,8,3,5
47862,1693226594820,1692254330579,1692254330583,1693226594828,8,4,4
47863,1693226594828,1692254330587,1692254330590,1693226594837,9,3,6
47864,1693226594837,1692254330596,1692254330599,1693226594845,8,3,5
47865,1693226594845,1692254330604,1692254330608,1693226594853,8,4,4
47866,1693226594853,1692254330613,1692254330616,1693226594861,8,3,5
47867,1693226594861,1692254330621,1692254330624,1693226594869,8,3,5
47868,1693226594869,1692254330628,1692254330632,1693226594876,7,4,3
47869,1693226594876,1692254330636,1692254330639,1693226594884,8,3,5
47870,1693226594884,1692254330643,1692254330646,1693226594891,7,3,4
47871,1693226594891,1692254330651,1692254330655,1693226594900,9,4,5
47872,1693226594900,1692254330663,1692254330666,1693226594911,11,3,8
47873,1693226594911,1692254330674,1692254330677,1693226594922,11,3,8
47874,1693226594922,1692254330682,1692254330685,1693226594930,8,3,5
47875,1693226594930,1692254330690,1692254330692,1693226594939,9,2,7
47876,1693226594940,1692254330699,1692254330703,1693226594948,8,4,4
47877,1693226594948,1692254330708,1692254330711,1693226594956,8,3,5
47878,1693226594956,1692254330715,1692254330719,1693226594963,7,4,3
47879,1693226594963,1692254330722,1692254330725,1693226594970,7,3,4
47880,1693226594970,1692254330730,1692254330733,1693226594978,8,3,5
47881,1693226594978,1692254330738,1692254330741,1693226594986,8,3,5
47882,1693226594986,1692254330745,1692254330750,1693226594995,9,5,4
47883,1693226594995,1692254330755,1692254330757,1693226595002,7,2,5
47884,1693226595002,1692254330761,1692254330764,1693226595010,8,3,5
47885,1693226595010,1692254330769,1692254330773,1693226595017,7,4,3
47886,1693226595017,1692254330776,1692254330779,1693226595024,7,3,4
47887,1693226595024,1692254330784,1692254330786,1693226595031,7,2,5
47888,1693226595031,1692254330791,1692254330795,1693226595042,11,4,7
47889,1693226595042,1692254330801,1692254330804,1693226595049,7,3,4
47890,1693226595049,1692254330808,1692254330811,1693226595056,7,3,4
47891,1693226595056,1692254330816,1692254330819,1693226595064,8,3,5
47892,1693226595064,1692254330824,1692254330830,1693226595075,11,6,5
47893,1693226595075,1692254330834,1692254330838,1693226595082,7,4,3
47894,1693226595082,1692254330841,1692254330846,1693226595091,9,5,4
47895,1693226595091,1692254330851,1692254330853,1693226595098,7,2,5
47896,1693226595098,1692254330857,1692254330860,1693226595105,7,3,4
47897,1693226595105,1692254330865,1692254330869,1693226595114,9,4,5
47898,1693226595114,1692254330874,1692254330878,1693226595123,9,4,5
47899,1693226595123,1692254330882,1692254330885,1693226595130,7,3,4
47900,1693226595130,1692254330889,1692254330892,1693226595137,7,3,4
47901,1693226595137,1692254330897,1692254330900,1693226595145,8,3,5
47902,1693226595145,1692254330904,1692254330907,1693226595152,7,3,4
47903,1693226595152,1692254330912,1692254330915,1693226595160,8,3,5
47904,1693226595160,1692254330920,1692254330923,1693226595168,8,3,5
47905,1693226595168,1692254330928,1692254330931,1693226595176,8,3,5
47906,1693226595176,1692254330935,1692254330939,1693226595183,7,4,3
47907,1693226595183,1692254330942,1692254330946,1693226595191,8,4,4
47908,1693226595191,1692254330950,1692254330953,1693226595198,7,3,4
47909,1693226595198,1692254330958,1692254330962,1693226595206,8,4,4
47910,1693226595206,1692254330965,1692254330968,1693226595215,9,3,6
47911,1693226595215,1692254330974,1692254330978,1693226595223,8,4,4
47912,1693226595223,1692254330983,1692254330985,1693226595230,7,2,5
47913,1693226595231,1692254330990,1692254330993,1693226595238,7,3,4
47914,1693226595238,1692254330998,1692254331001,1693226595248,10,3,7
47915,1693226595248,1692254331007,1692254331010,1693226595255,7,3,4
47916,1693226595255,1692254331014,1692254331019,1693226595264,9,5,4
47917,1693226595264,1692254331024,1692254331027,1693226595272,8,3,5
47918,1693226595272,1692254331032,1692254331035,1693226595280,8,3,5
47919,1693226595280,1692254331040,1692254331044,1693226595288,8,4,4
47920,1693226595288,1692254331048,1692254331051,1693226595296,8,3,5
47921,1693226595296,1692254331056,1692254331059,1693226595304,8,3,5
47922,1693226595304,1692254331064,1692254331068,1693226595313,9,4,5
47923,1693226595313,1692254331072,1692254331075,1693226595320,7,3,4
47924,1693226595320,1692254331080,1692254331083,1693226595328,8,3,5
47925,1693226595328,1692254331088,1692254331091,1693226595336,8,3,5
47926,1693226595336,1692254331096,1692254331098,1693226595344,8,2,6
47927,1693226595344,1692254331103,1692254331106,1693226595351,7,3,4
47928,1693226595351,1692254331110,1692254331114,1693226595359,8,4,4
47929,1693226595359,1692254331118,1692254331121,1693226595367,8,3,5
47930,1693226595367,1692254331126,1692254331129,1693226595373,6,3,3
47931,1693226595373,1692254331133,1692254331136,1693226595381,8,3,5
47932,1693226595381,1692254331139,1692254331143,1693226595388,7,4,3
47933,1693226595388,1692254331148,1692254331151,1693226595396,8,3,5
47934,1693226595396,1692254331156,1692254331159,1693226595404,8,3,5
47935,1693226595404,1692254331163,1692254331167,1693226595412,8,4,4
47936,1693226595412,1692254331171,1692254331174,1693226595419,7,3,4
47937,1693226595419,1692254331179,1692254331183,1693226595428,9,4,5
47938,1693226595428,1692254331187,1692254331190,1693226595435,7,3,4
47939,1693226595435,1692254331194,1692254331196,1693226595441,6,2,4
47940,1693226595442,1692254331201,1692254331204,1693226595449,7,3,4
47941,1693226595449,1692254331209,1692254331213,1693226595457,8,4,4
47942,1693226595457,1692254331216,1692254331220,1693226595464,7,4,3
47943,1693226595464,1692254331223,1692254331227,1693226595472,8,4,4
47944,1693226595472,1692254331231,1692254331235,1693226595480,8,4,4
47945,1693226595480,1692254331239,1692254331242,1693226595487,7,3,4
47946,1693226595487,1692254331247,1692254331250,1693226595495,8,3,5
47947,1693226595495,1692254331254,1692254331256,1693226595501,6,2,4
47948,1693226595501,1692254331260,1692254331263,1693226595508,7,3,4
47949,1693226595508,1692254331268,1692254331271,1693226595516,8,3,5
47950,1693226595516,1692254331276,1692254331280,1693226595525,9,4,5
47951,1693226595525,1692254331284,1692254331287,1693226595532,7,3,4
47952,1693226595532,1692254331291,1692254331295,1693226595540,8,4,4
47953,1693226595540,1692254331299,1692254331303,1693226595548,8,4,4
47954,1693226595548,1692254331307,1692254331310,1693226595555,7,3,4
47955,1693226595555,1692254331314,1692254331318,1693226595563,8,4,4
47956,1693226595563,1692254331323,1692254331326,1693226595573,10,3,7
47957,1693226595573,1692254331332,1692254331336,1693226595581,8,4,4
47958,1693226595581,1692254331348,1692254331352,1693226595597,16,4,12
47959,1693226595597,1692254331360,1692254331363,1693226595608,11,3,8
47960,1693226595608,1692254331368,1692254331371,1693226595616,8,3,5
47961,1693226595616,1692254331376,1692254331379,1693226595624,8,3,5
47962,1693226595624,1692254331383,1692254331387,1693226595632,8,4,4
47963,1693226595632,1692254331391,1692254331394,1693226595639,7,3,4
47964,1693226595639,1692254331399,1692254331402,1693226595647,8,3,5
47965,1693226595647,1692254331406,1692254331409,1693226595657,10,3,7
47966,1693226595657,1692254331416,1692254331419,1693226595664,7,3,4
47967,1693226595664,1692254331423,1692254331426,1693226595671,7,3,4
47968,1693226595672,1692254331431,1692254331435,1693226595680,8,4,4
47969,1693226595680,1692254331440,1692254331443,1693226595689,9,3,6
47970,1693226595689,1692254331448,1692254331451,1693226595696,7,3,4
47971,1693226595696,1692254331456,1692254331462,1693226595707,11,6,5
47972,1693226595707,1692254331467,1692254331471,1693226595716,9,4,5
47973,1693226595716,1692254331479,1692254331482,1693226595727,11,3,8
47974,1693226595727,1692254331487,1692254331490,1693226595735,8,3,5
47975,1693226595735,1692254331494,1692254331498,1693226595743,8,4,4
47976,1693226595743,1692254331502,1692254331505,1693226595750,7,3,4
47977,1693226595750,1692254331509,1692254331513,1693226595759,9,4,5
47978,1693226595759,1692254331518,1692254331522,1693226595767,8,4,4
47979,1693226595767,1692254331526,1692254331529,1693226595774,7,3,4
47980,1693226595774,1692254331533,1692254331536,1693226595781,7,3,4
47981,1693226595781,1692254331541,1692254331544,1693226595789,8,3,5
47982,1693226595789,1692254331548,1692254331551,1693226595796,7,3,4
47983,1693226595796,1692254331555,1692254331558,1693226595803,7,3,4
47984,1693226595803,1692254331563,1692254331567,1693226595812,9,4,5
47985,1693226595813,1692254331573,1692254331576,1693226595821,8,3,5
47986,1693226595821,1692254331580,1692254331584,1693226595828,7,4,3
47987,1693226595828,1692254331588,1692254331590,1693226595835,7,2,5
47988,1693226595835,1692254331595,1692254331598,1693226595844,9,3,6
47989,1693226595844,1692254331603,1692254331607,1693226595852,8,4,4
47990,1693226595852,1692254331612,1692254331616,1693226595862,10,4,6
47991,1693226595862,1692254331621,1692254331624,1693226595869,7,3,4
47992,1693226595869,1692254331628,1692254331632,1693226595877,8,4,4
47993,1693226595877,1692254331637,1692254331640,1693226595885,8,3,5
47994,1693226595885,1692254331644,1692254331647,1693226595892,7,3,4
47995,1693226595892,1692254331652,1692254331655,1693226595900,8,3,5
47996,1693226595900,1692254331660,1692254331665,1693226595909,9,5,4
47997,1693226595909,1692254331668,1692254331671,1693226595916,7,3,4
47998,1693226595916,1692254331675,1692254331678,1693226595923,7,3,4
47999,1693226595923,1692254331682,1692254331686,1693226595931,8,4,4
48000,1693226595931,1692254331690,1692254331693,1693226595938,7,3,4
48001,1693226595938,1692254331698,1692254331701,1693226595946,8,3,5
48002,1693226595946,1692254331706,1692254331709,1693226595954,8,3,5
48003,1693226595954,1692254331713,1692254331716,1693226595964,10,3,7
48004,1693226595964,1692254331723,1692254331726,1693226595971,7,3,4
48005,1693226595971,1692254331731,1692254331734,1693226595979,8,3,5
48006,1693226595979,1692254331739,1692254331742,1693226595987,8,3,5
48007,1693226595987,1692254331746,1692254331749,1693226595994,7,3,4
48008,1693226595994,1692254331754,1692254331757,1693226596002,8,3,5
48009,1693226596002,1692254331761,1692254331765,1693226596010,8,4,4
48010,1693226596010,1692254331769,1692254331773,1693226596018,8,4,4
48011,1693226596018,1692254331778,1692254331781,1693226596027,9,3,6
48012,1693226596027,1692254331787,1692254331791,1693226596036,9,4,5
48013,1693226596036,1692254331795,1692254331799,1693226596044,8,4,4
48014,1693226596044,1692254331803,1692254331806,1693226596052,8,3,5
48015,1693226596052,1692254331811,1692254331814,1693226596059,7,3,4
48016,1693226596059,1692254331818,1692254331821,1693226596066,7,3,4
48017,1693226596066,1692254331826,1692254331829,1693226596074,8,3,5
48018,1693226596074,1692254331833,1692254331837,1693226596081,7,4,3
48019,1693226596081,1692254331840,1692254331844,1693226596088,7,4,3
48020,1693226596089,1692254331848,1692254331851,1693226596096,7,3,4
48021,1693226596096,1692254331855,1692254331858,1693226596103,7,3,4
48022,1693226596103,1692254331863,1692254331866,1693226596111,8,3,5
48023,1693226596111,1692254331870,1692254331873,1693226596118,7,3,4
48024,1693226596118,1692254331877,1692254331881,1693226596126,8,4,4
48025,1693226596126,1692254331885,1692254331888,1693226596133,7,3,4
48026,1693226596133,1692254331893,1692254331897,1693226596142,9,4,5
48027,1693226596142,1692254331902,1692254331905,1693226596150,8,3,5
48028,1693226596150,1692254331911,1692254331914,1693226596159,9,3,6
48029,1693226596159,1692254331920,1692254331923,1693226596169,10,3,7
48030,1693226596169,1692254331929,1692254331932,1693226596177,8,3,5
48031,1693226596177,1692254331937,1692254331939,1693226596185,8,2,6
48032,1693226596185,1692254331946,1692254331949,1693226596194,9,3,6
48033,1693226596194,1692254331953,1692254331955,1693226596200,6,2,4
48034,1693226596200,1692254331960,1692254331963,1693226596208,8,3,5
48035,1693226596208,1692254331967,1692254331970,1693226596215,7,3,4
48036,1693226596215,1692254331978,1692254331982,1693226596227,12,4,8
48037,1693226596227,1692254331987,1692254331991,1693226596235,8,4,4
48038,1693226596235,1692254331994,1692254331998,1693226596243,8,4,4
48039,1693226596243,1692254332003,1692254332006,1693226596251,8,3,5
48040,1693226596251,1692254332011,1692254332013,1693226596258,7,2,5
48041,1693226596258,1692254332018,1692254332021,1693226596266,8,3,5
48042,1693226596267,1692254332028,1692254332031,1693226596276,9,3,6
48043,1693226596276,1692254332036,1692254332039,1693226596284,8,3,5
48044,1693226596284,1692254332044,1692254332047,1693226596292,8,3,5
48045,1693226596292,1692254332052,1692254332056,1693226596301,9,4,5
48046,1693226596301,1692254332060,1692254332064,1693226596309,8,4,4
48047,1693226596309,1692254332069,1692254332073,1693226596318,9,4,5
48048,1693226596318,1692254332077,1692254332080,1693226596325,7,3,4
48049,1693226596325,1692254332085,1692254332088,1693226596333,8,3,5
48050,1693226596333,1692254332092,1692254332095,1693226596341,8,3,5
48051,1693226596341,1692254332100,1692254332103,1693226596348,7,3,4
48052,1693226596348,1692254332107,1692254332111,1693226596356,8,4,4
48053,1693226596356,1692254332115,1692254332118,1693226596363,7,3,4
48054,1693226596363,1692254332123,1692254332127,1693226596373,10,4,6
48055,1693226596373,1692254332133,1692254332137,1693226596382,9,4,5
48056,1693226596382,1692254332142,1692254332144,1693226596394,12,2,10
48057,1693226596394,1692254332154,1692254332157,1693226596403,9,3,6
48058,1693226596403,1692254332171,1692254332174,1693226596422,19,3,16
48059,1693226596422,1692254332181,1692254332185,1693226596430,8,4,4
48060,1693226596430,1692254332190,1692254332194,1693226596438,8,4,4
48061,1693226596438,1692254332198,1692254332201,1693226596446,8,3,5
48062,1693226596446,1692254332205,1692254332211,1693226596456,10,6,4
48063,1693226596456,1692254332216,1692254332219,1693226596468,12,3,9
48064,1693226596468,1692254332228,1692254332230,1693226596476,8,2,6
48065,1693226596476,1692254332235,1692254332238,1693226596483,7,3,4
48066,1693226596483,1692254332242,1692254332245,1693226596490,7,3,4
48067,1693226596490,1692254332251,1692254332254,1693226596499,9,3,6
48068,1693226596499,1692254332258,1692254332261,1693226596506,7,3,4
48069,1693226596506,1692254332266,1692254332269,1693226596514,8,3,5
48070,1693226596514,1692254332273,1692254332276,1693226596521,7,3,4
48071,1693226596521,1692254332280,1692254332284,1693226596529,8,4,4
48072,1693226596529,1692254332289,1692254332292,1693226596537,8,3,5
48073,1693226596538,1692254332297,1692254332301,1693226596546,8,4,4
48074,1693226596546,1692254332306,1692254332309,1693226596554,8,3,5
48075,1693226596554,1692254332314,1692254332320,1693226596564,10,6,4
48076,1693226596564,1692254332323,1692254332326,1693226596571,7,3,4
48077,1693226596571,1692254332331,1692254332334,1693226596579,8,3,5
48078,1693226596579,1692254332342,1692254332345,1693226596590,11,3,8
48079,1693226596590,1692254332349,1692254332352,1693226596597,7,3,4
48080,1693226596597,1692254332357,1692254332360,1693226596604,7,3,4
48081,1693226596604,1692254332363,1692254332367,1693226596612,8,4,4
48082,1693226596612,1692254332371,1692254332376,1693226596620,8,5,3
48083,1693226596621,1692254332380,1692254332384,1693226596629,8,4,4
48084,1693226596629,1692254332388,1692254332392,1693226596637,8,4,4
48085,1693226596637,1692254332397,1692254332400,1693226596645,8,3,5
48086,1693226596645,1692254332404,1692254332407,1693226596652,7,3,4
48087,1693226596652,1692254332411,1692254332415,1693226596660,8,4,4
48088,1693226596660,1692254332419,1692254332422,1693226596667,7,3,4
48089,1693226596667,1692254332426,1692254332429,1693226596674,7,3,4
48090,1693226596674,1692254332433,1692254332436,1693226596681,7,3,4
48091,1693226596681,1692254332441,1692254332444,1693226596689,8,3,5
48092,1693226596689,1692254332448,1692254332451,1693226596696,7,3,4
48093,1693226596696,1692254332455,1692254332458,1693226596703,7,3,4
48094,1693226596703,1692254332462,1692254332466,1693226596711,8,4,4
48095,1693226596711,1692254332471,1692254332473,1693226596718,7,2,5
48096,1693226596718,1692254332478,1692254332481,1693226596726,8,3,5
48097,1693226596726,1692254332485,1692254332488,1693226596733,7,3,4
48098,1693226596733,1692254332492,1692254332497,1693226596742,9,5,4
48099,1693226596742,1692254332501,1692254332505,1693226596750,8,4,4
48100,1693226596750,1692254332510,1692254332513,1693226596758,8,3,5
48101,1693226596758,1692254332518,1692254332521,1693226596766,8,3,5
48102,1693226596766,1692254332526,1692254332529,1693226596774,8,3,5
48103,1693226596774,1692254332533,1692254332537,1693226596783,9,4,5
48104,1693226596783,1692254332543,1692254332545,1693226596790,7,2,5
48105,1693226596790,1692254332550,1692254332553,1693226596798,8,3,5
48106,1693226596798,1692254332559,1692254332561,1693226596806,8,2,6
48107,1693226596806,1692254332565,1692254332568,1693226596813,7,3,4
48108,1693226596813,1692254332572,1692254332575,1693226596820,7,3,4
48109,1693226596820,1692254332579,1692254332583,1693226596828,8,4,4
48110,1693226596828,1692254332588,1692254332591,1693226596836,8,3,5
48111,1693226596836,1692254332595,1692254332599,1693226596844,8,4,4
48112,1693226596844,1692254332604,1692254332607,1693226596852,8,3,5
48113,1693226596852,1692254332611,1692254332614,1693226596859,7,3,4
48114,1693226596859,1692254332619,1692254332622,1693226596867,8,3,5
48115,1693226596867,1692254332627,1692254332630,1693226596875,8,3,5
48116,1693226596875,1692254332634,1692254332638,1693226596883,8,4,4
48117,1693226596883,1692254332643,1692254332647,1693226596891,8,4,4
48118,1693226596891,1692254332650,1692254332653,1693226596898,7,3,4
48119,1693226596898,1692254332657,1692254332660,1693226596905,7,3,4
48120,1693226596905,1692254332664,1692254332667,1693226596912,7,3,4
48121,1693226596912,1692254332672,1692254332675,1693226596920,8,3,5
48122,1693226596920,1692254332680,1692254332683,1693226596928,8,3,5
48123,1693226596928,1692254332687,1692254332690,1693226596935,7,3,4
48124,1693226596935,1692254332694,1692254332697,1693226596942,7,3,4
48125,1693226596942,1692254332702,1692254332704,1693226596950,8,2,6
48126,1693226596950,1692254332710,1692254332713,1693226596958,8,3,5
48127,1693226596958,1692254332718,1692254332721,1693226596966,8,3,5
48128,1693226596966,1692254332725,1692254332729,1693226596973,7,4,3
48129,1693226596973,1692254332732,1692254332736,1693226596981,8,4,4
48130,1693226596981,1692254332740,1692254332743,1693226596988,7,3,4
48131,1693226596988,1692254332748,1692254332751,1693226596996,8,3,5
48132,1693226596996,1692254332757,1692254332760,1693226597007,11,3,8
48133,1693226597007,1692254332766,1692254332769,1693226597014,7,3,4
48134,1693226597014,1692254332773,1692254332777,1693226597022,8,4,4
48135,1693226597022,1692254332782,1692254332786,1693226597031,9,4,5
48136,1693226597031,1692254332790,1692254332793,1693226597038,7,3,4
48137,1693226597038,1692254332797,1692254332800,1693226597045,7,3,4
48138,1693226597045,1692254332805,1692254332808,1693226597052,7,3,4
48139,1693226597052,1692254332811,1692254332815,1693226597060,8,4,4
48140,1693226597060,1692254332819,1692254332822,1693226597066,6,3,3
48141,1693226597066,1692254332826,1692254332829,1693226597074,8,3,5
48142,1693226597074,1692254332833,1692254332836,1693226597081,7,3,4
48143,1693226597081,1692254332841,1692254332843,1693226597090,9,2,7
48144,1693226597090,1692254332850,1692254332853,1693226597098,8,3,5
48145,1693226597098,1692254332857,1692254332860,1693226597105,7,3,4
48146,1693226597105,1692254332864,1692254332867,1693226597112,7,3,4
48147,1693226597112,1692254332872,1692254332875,1693226597120,8,3,5
48148,1693226597120,1692254332879,1692254332883,1693226597128,8,4,4
48149,1693226597128,1692254332887,1692254332890,1693226597135,7,3,4
48150,1693226597135,1692254332894,1692254332897,1693226597156,21,3,18
48151,1693226597156,1692254332916,1692254332919,1693226597164,8,3,5
48152,1693226597164,1692254332923,1692254332927,1693226597172,8,4,4
48153,1693226597172,1692254332933,1692254332936,1693226597181,9,3,6
48154,1693226597181,1692254332941,1692254332943,1693226597188,7,2,5
48155,1693226597188,1692254332950,1692254332953,1693226597198,10,3,7
48156,1693226597198,1692254332958,1692254332962,1693226597207,9,4,5
48157,1693226597207,1692254332966,1692254332969,1693226597214,7,3,4
48158,1693226597214,1692254332973,1692254332976,1693226597221,7,3,4
48159,1693226597221,1692254332984,1692254332987,1693226597232,11,3,8
48160,1693226597232,1692254332991,1692254332994,1693226597240,8,3,5
48161,1693226597240,1692254333000,1692254333003,1693226597249,9,3,6
48162,1693226597249,1692254333008,1692254333012,1693226597260,11,4,7
48163,1693226597260,1692254333019,1692254333023,1693226597268,8,4,4
48164,1693226597268,1692254333029,1692254333032,1693226597278,10,3,7
48165,1693226597278,1692254333040,1692254333044,1693226597289,11,4,7
48166,1693226597289,1692254333048,1692254333051,1693226597296,7,3,4
48167,1693226597296,1692254333056,1692254333060,1693226597305,9,4,5
48168,1693226597305,1692254333064,1692254333068,1693226597314,9,4,5
48169,1693226597314,1692254333073,1692254333076,1693226597322,8,3,5
48170,1693226597322,1692254333082,1692254333086,1693226597331,9,4,5
48171,1693226597331,1692254333090,1692254333094,1693226597338,7,4,3
48172,1693226597338,1692254333097,1692254333102,1693226597347,9,5,4
48173,1693226597347,1692254333113,1692254333116,1693226597361,14,3,11
48174,1693226597362,1692254333122,1692254333125,1693226597370,8,3,5
48175,1693226597370,1692254333130,1692254333134,1693226597379,9,4,5
48176,1693226597379,1692254333139,1692254333142,1693226597387,8,3,5
48177,1693226597387,1692254333146,1692254333149,1693226597394,7,3,4
48178,1693226597394,1692254333156,1692254333159,1693226597406,12,3,9
48179,1693226597406,1692254333165,1692254333169,1693226597414,8,4,4
48180,1693226597414,1692254333174,1692254333176,1693226597421,7,2,5
48181,1693226597421,1692254333180,1692254333183,1693226597436,15,3,12
48182,1693226597436,1692254333195,1692254333198,1693226597443,7,3,4
48183,1693226597443,1692254333202,1692254333206,1693226597451,8,4,4
48184,1693226597451,1692254333210,1692254333214,1693226597459,8,4,4
48185,1693226597459,1692254333218,1692254333221,1693226597466,7,3,4
48186,1693226597466,1692254333225,1692254333229,1693226597474,8,4,4
48187,1693226597474,1692254333233,1692254333236,1693226597481,7,3,4
48188,1693226597481,1692254333240,1692254333243,1693226597488,7,3,4
48189,1693226597488,1692254333247,1692254333251,1693226597496,8,4,4
48190,1693226597496,1692254333259,1692254333262,1693226597507,11,3,8
48191,1693226597507,1692254333266,1692254333269,1693226597514,7,3,4
48192,1693226597514,1692254333273,1692254333276,1693226597521,7,3,4
48193,1693226597522,1692254333281,1692254333285,1693226597530,8,4,4
48194,1693226597530,1692254333290,1692254333294,1693226597538,8,4,4
48195,1693226597538,1692254333299,1692254333302,1693226597547,9,3,6
48196,1693226597547,1692254333306,1692254333310,1693226597555,8,4,4
48197,1693226597555,1692254333315,1692254333319,1693226597564,9,4,5
48198,1693226597564,1692254333323,1692254333326,1693226597571,7,3,4
48199,1693226597571,1692254333330,1692254333333,1693226597578,7,3,4
48200,1693226597578,1692254333339,1692254333343,1693226597587,9,4,5
48201,1693226597587,1692254333347,1692254333350,1693226597595,8,3,5
48202,1693226597595,1692254333355,1692254333357,1693226597602,7,2,5
48203,1693226597602,1692254333363,1692254333367,1693226597612,10,4,6
48204,1693226597612,1692254333375,1692254333377,1693226597626,14,2,12
48205,1693226597626,1692254333385,1692254333389,1693226597634,8,4,4
48206,1693226597634,1692254333393,1692254333396,1693226597641,7,3,4
48207,1693226597641,1692254333402,1692254333405,1693226597650,9,3,6
48208,1693226597650,1692254333411,1692254333416,1693226597661,11,5,6
48209,1693226597661,1692254333423,1692254333426,1693226597670,9,3,6
48210,1693226597670,1692254333431,1692254333434,1693226597679,9,3,6
48211,1693226597679,1692254333439,1692254333442,1693226597687,8,3,5
48212,1693226597687,1692254333447,1692254333451,1693226597696,9,4,5
48213,1693226597696,1692254333455,1692254333458,1693226597704,8,3,5
48214,1693226597704,1692254333464,1692254333468,1693226597712,8,4,4
48215,1693226597712,1692254333472,1692254333475,1693226597722,10,3,7
48216,1693226597722,1692254333482,1692254333486,1693226597731,9,4,5
48217,1693226597731,1692254333491,1692254333494,1693226597739,8,3,5
48218,1693226597739,1692254333499,1692254333502,1693226597747,8,3,5
48219,1693226597747,1692254333506,1692254333509,1693226597754,7,3,4
48220,1693226597754,1692254333513,1692254333516,1693226597762,8,3,5
48221,1693226597762,1692254333521,1692254333524,1693226597770,8,3,5
48222,1693226597770,1692254333529,1692254333533,1693226597781,11,4,7
48223,1693226597781,1692254333544,1692254333547,1693226597792,11,3,8
48224,1693226597792,1692254333551,1692254333554,1693226597799,7,3,4
48225,1693226597799,1692254333559,1692254333561,1693226597807,8,2,6
48226,1693226597807,1692254333567,1692254333570,1693226597815,8,3,5
48227,1693226597815,1692254333575,1692254333579,1693226597824,9,4,5
48228,1693226597824,1692254333583,1692254333587,1693226597831,7,4,3
48229,1693226597831,1692254333591,1692254333594,1693226597839,8,3,5
48230,1693226597839,1692254333598,1692254333601,1693226597847,8,3,5
48231,1693226597847,1692254333607,1692254333610,1693226597857,10,3,7
48232,1693226597857,1692254333618,1692254333621,1693226597867,10,3,7
48233,1693226597867,1692254333626,1692254333629,1693226597874,7,3,4
48234,1693226597874,1692254333634,1692254333636,1693226597882,8,2,6
48235,1693226597882,1692254333646,1692254333649,1693226597894,12,3,9
48236,1693226597894,1692254333654,1692254333657,1693226597902,8,3,5
48237,1693226597902,1692254333662,1692254333665,1693226597911,9,3,6
48238,1693226597911,1692254333670,1692254333673,1693226597919,8,3,5
48239,1693226597919,1692254333681,1692254333684,1693226597930,11,3,8
48240,1693226597930,1692254333690,1692254333693,1693226597939,9,3,6
48241,1693226597939,1692254333698,1692254333701,1693226597946,7,3,4
48242,1693226597946,1692254333706,1692254333709,1693226597954,8,3,5
48243,1693226597954,1692254333713,1692254333717,1693226597962,8,4,4
48244,1693226597962,1692254333722,1692254333725,1693226597975,13,3,10
48245,1693226597975,1692254333735,1692254333739,1693226597984,9,4,5
48246,1693226597985,1692254333744,1692254333748,1693226597992,7,4,3
48247,1693226597992,1692254333755,1692254333758,1693226598003,11,3,8
48248,1693226598003,1692254333763,1692254333766,1693226598013,10,3,7
48249,1693226598013,1692254333773,1692254333776,1693226598021,8,3,5
48250,1693226598021,1692254333780,1692254333784,1693226598029,8,4,4
48251,1693226598029,1692254333788,1692254333791,1693226598036,7,3,4
48252,1693226598036,1692254333795,1692254333798,1693226598043,7,3,4
48253,1693226598043,1692254333802,1692254333805,1693226598050,7,3,4
48254,1693226598050,1692254333810,1692254333813,1693226598058,8,3,5
48255,1693226598058,1692254333817,1692254333821,1693226598066,8,4,4
48256,1693226598066,1692254333825,1692254333828,1693226598105,39,3,36
48257,1693226598105,1692254333865,1692254333869,1693226598114,9,4,5
48258,1693226598114,1692254333873,1692254333876,1693226598120,6,3,3
48259,1693226598120,1692254333880,1692254333883,1693226598127,7,3,4
48260,1693226598128,1692254333887,1692254333890,1693226598135,7,3,4
48261,1693226598135,1692254333895,1692254333898,1693226598143,8,3,5
48262,1693226598143,1692254333902,1692254333905,1693226598150,7,3,4
48263,1693226598150,1692254333910,1692254333913,1693226598158,8,3,5
48264,1693226598158,1692254333917,1692254333921,1693226598166,8,4,4
48265,1693226598166,1692254333927,1692254333931,1693226598176,10,4,6
48266,1693226598176,1692254333937,1692254333940,1693226598185,9,3,6
48267,1693226598185,1692254333944,1692254333947,1693226598192,7,3,4
48268,1693226598192,1692254333951,1692254333954,1693226598199,7,3,4
48269,1693226598199,1692254333958,1692254333961,1693226598206,7,3,4
48270,1693226598206,1692254333966,1692254333970,1693226598216,10,4,6
48271,1693226598216,1692254333976,1692254333979,1693226598224,8,3,5
48272,1693226598224,1692254333984,1692254333988,1693226598233,9,4,5
48273,1693226598233,1692254333992,1692254333995,1693226598239,6,3,3
48274,1693226598239,1692254333999,1692254334002,1693226598247,8,3,5
48275,1693226598247,1692254334007,1692254334010,1693226598255,8,3,5
48276,1693226598255,1692254334015,1692254334018,1693226598263,8,3,5
48277,1693226598263,1692254334022,1692254334025,1693226598270,7,3,4
48278,1693226598270,1692254334029,1692254334032,1693226598277,7,3,4
48279,1693226598277,1692254334036,1692254334040,1693226598285,8,4,4
48280,1693226598285,1692254334044,1692254334048,1693226598293,8,4,4
48281,1693226598293,1692254334052,1692254334055,1693226598300,7,3,4
48282,1693226598300,1692254334059,1692254334065,1693226598309,9,6,3
48283,1693226598309,1692254334069,1692254334071,1693226598316,7,2,5
48284,1693226598316,1692254334077,1692254334080,1693226598325,9,3,6
48285,1693226598325,1692254334085,1692254334088,1693226598334,9,3,6
48286,1693226598334,1692254334093,1692254334096,1693226598341,7,3,4
48287,1693226598341,1692254334101,1692254334104,1693226598348,7,3,4
48288,1693226598349,1692254334107,1692254334110,1693226598355,6,3,3
48289,1693226598355,1692254334115,1692254334118,1693226598363,8,3,5
48290,1693226598363,1692254334122,1692254334125,1693226598376,13,3,10
48291,1693226598376,1692254334136,1692254334140,1693226598385,9,4,5
48292,1693226598385,1692254334145,1692254334148,1693226598393,8,3,5
48293,1693226598393,1692254334152,1692254334156,1693226598401,8,4,4
48294,1693226598401,1692254334163,1692254334167,1693226598412,11,4,7
48295,1693226598412,1692254334172,1692254334175,1693226598424,12,3,9
48296,1693226598424,1692254334184,1692254334187,1693226598432,8,3,5
48297,1693226598432,1692254334193,1692254334196,1693226598441,9,3,6
48298,1693226598441,1692254334200,1692254334203,1693226598448,7,3,4
48299,1693226598448,1692254334207,1692254334210,1693226598455,7,3,4
48300,1693226598455,1692254334215,1692254334218,1693226598463,8,3,5
48301,1693226598463,1692254334223,1692254334226,1693226598471,8,3,5
48302,1693226598471,1692254334230,1692254334233,1693226598478,7,3,4
48303,1693226598478,1692254334237,1692254334241,1693226598486,8,4,4
48304,1693226598486,1692254334246,1692254334248,1693226598493,7,2,5
48305,1693226598494,1692254334253,1692254334256,1693226598501,7,3,4
48306,1693226598501,1692254334261,1692254334265,1693226598510,9,4,5
48307,1693226598510,1692254334269,1692254334272,1693226598517,7,3,4
48308,1693226598517,1692254334276,1692254334279,1693226598525,8,3,5
48309,1693226598525,1692254334285,1692254334288,1693226598533,8,3,5
48310,1693226598533,1692254334292,1692254334295,1693226598540,7,3,4
48311,1693226598540,1692254334299,1692254334302,1693226598547,7,3,4
48312,1693226598547,1692254334307,1692254334310,1693226598555,8,3,5
48313,1693226598555,1692254334315,1692254334318,1693226598563,8,3,5
48314,1693226598563,1692254334323,1692254334327,1693226598572,9,4,5
48315,1693226598572,1692254334332,1692254334335,1693226598580,8,3,5
48316,1693226598580,1692254334340,1692254334343,1693226598588,8,3,5
48317,1693226598588,1692254334347,1692254334350,1693226598595,7,3,4
48318,1693226598595,1692254334354,1692254334358,1693226598603,8,4,4
48319,1693226598603,1692254334363,1692254334368,1693226598612,9,5,4
48320,1693226598612,1692254334372,1692254334375,1693226598620,8,3,5
48321,1693226598620,1692254334379,1692254334383,1693226598628,8,4,4
48322,1693226598628,1692254334388,1692254334391,1693226598636,8,3,5
48323,1693226598636,1692254334395,1692254334398,1693226598645,9,3,6
48324,1693226598646,1692254334405,1692254334408,1693226598653,7,3,4
48325,1693226598654,1692254334413,1692254334416,1693226598661,7,3,4
48326,1693226598661,1692254334421,1692254334424,1693226598669,8,3,5
48327,1693226598669,1692254334429,1692254334433,1693226598677,8,4,4
48328,1693226598677,1692254334436,1692254334440,1693226598685,8,4,4
48329,1693226598685,1692254334448,1692254334451,1693226598696,11,3,8
48330,1693226598696,1692254334458,1692254334461,1693226598706,10,3,7
48331,1693226598706,1692254334466,1692254334470,1693226598715,9,4,5
48332,1693226598715,1692254334474,1692254334477,1693226598722,7,3,4
48333,1693226598722,1692254334481,1692254334484,1693226598729,7,3,4
48334,1693226598729,1692254334489,1692254334493,1693226598738,9,4,5
48335,1693226598738,1692254334498,1692254334501,1693226598746,8,3,5
48336,1693226598746,1692254334506,1692254334509,1693226598754,8,3,5
48337,1693226598754,1692254334514,1692254334518,1693226598762,8,4,4
48338,1693226598762,1692254334522,1692254334525,1693226598770,8,3,5
48339,1693226598770,1692254334530,1692254334533,1693226598778,8,3,5
48340,1693226598778,1692254334537,1692254334541,1693226598786,8,4,4
48341,1693226598786,1692254334546,1692254334549,1693226598794,8,3,5
48342,1693226598794,1692254334554,1692254334556,1693226598801,7,2,5
48343,1693226598801,1692254334562,1692254334565,1693226598810,9,3,6
48344,1693226598810,1692254334570,1692254334573,1693226598818,8,3,5
48345,1693226598818,1692254334578,1692254334581,1693226598826,8,3,5
48346,1693226598826,1692254334588,1692254334591,1693226598836,10,3,7
48347,1693226598836,1692254334596,1692254334599,1693226598843,7,3,4
48348,1693226598843,1692254334603,1692254334605,1693226598850,7,2,5
48349,1693226598850,1692254334609,1692254334612,1693226598857,7,3,4
48350,1693226598857,1692254334616,1692254334620,1693226598864,7,4,3
48351,1693226598865,1692254334624,1692254334627,1693226598872,7,3,4
48352,1693226598872,1692254334631,1692254334634,1693226598879,7,3,4
48353,1693226598879,1692254334638,1692254334640,1693226598885,6,2,4
48354,1693226598885,1692254334644,1692254334647,1693226598892,7,3,4
48355,1693226598892,1692254334651,1692254334654,1693226598899,7,3,4
48356,1693226598899,1692254334659,1692254334663,1693226598908,9,4,5
48357,1693226598908,1692254334668,1692254334672,1693226598917,9,4,5
48358,1693226598917,1692254334676,1692254334680,1693226598924,7,4,3
48359,1693226598924,1692254334683,1692254334687,1693226598933,9,4,5
48360,1693226598933,1692254334693,1692254334696,1693226598941,8,3,5
48361,1693226598941,1692254334701,1692254334704,1693226598949,8,3,5
48362,1693226598949,1692254334708,1692254334712,1693226598957,8,4,4
48363,1693226598957,1692254334717,1692254334721,1693226598966,9,4,5
48364,1693226598966,1692254334725,1692254334727,1693226598972,6,2,4
48365,1693226598972,1692254334732,1692254334736,1693226598981,9,4,5
48366,1693226598981,1692254334740,1692254334743,1693226598988,7,3,4
48367,1693226598988,1692254334748,1692254334754,1693226598999,11,6,5
48368,1693226598999,1692254334759,1692254334763,1693226599008,9,4,5
48369,1693226599008,1692254334767,1692254334770,1693226599015,7,3,4
48370,1693226599015,1692254334775,1692254334779,1693226599024,9,4,5
48371,1693226599024,1692254334783,1692254334787,1693226599032,8,4,4
48372,1693226599032,1692254334793,1692254334797,1693226599042,10,4,6
48373,1693226599042,1692254334801,1692254334804,1693226599049,7,3,4
48374,1693226599049,1692254334808,1692254334811,1693226599056,7,3,4
48375,1693226599056,1692254334815,1692254334819,1693226599064,8,4,4
48376,1693226599064,1692254334824,1692254334827,1693226599266,202,3,199
48377,1693226599266,1692254335027,1692254335031,1693226599276,10,4,6
48378,1693226599276,1692254335035,1692254335038,1693226599283,7,3,4
48379,1693226599283,1692254335042,1692254335046,1693226599291,8,4,4
48380,1693226599291,1692254335051,1692254335053,1693226599298,7,2,5
48381,1693226599298,1692254335060,1692254335064,1693226599309,11,4,7
48382,1693226599309,1692254335069,1692254335071,1693226599316,7,2,5
48383,1693226599316,1692254335075,1692254335079,1693226599324,8,4,4
48384,1693226599324,1692254335084,1692254335087,1693226599332,8,3,5
48385,1693226599332,1692254335092,1692254335095,1693226599340,8,3,5
48386,1693226599340,1692254335129,1692254335132,1693226599377,37,3,34
48387,1693226599377,1692254335137,1692254335140,1693226599385,8,3,5
48388,1693226599385,1692254335144,1692254335148,1693226599393,8,4,4
48389,1693226599393,1692254335158,1692254335161,1693226599406,13,3,10
48390,1693226599406,1692254335166,1692254335169,1693226599414,8,3,5
48391,1693226599414,1692254335176,1692254335179,1693226599424,10,3,7
48392,1693226599424,1692254335184,1692254335187,1693226599432,8,3,5
48393,1693226599432,1692254335191,1692254335196,1693226599441,9,5,4
48394,1693226599441,1692254335205,1692254335209,1693226599454,13,4,9
48395,1693226599454,1692254335214,1692254335218,1693226599463,9,4,5
48396,1693226599463,1692254335223,1692254335226,1693226599471,8,3,5
48397,1693226599471,1692254335232,1692254335235,1693226599480,9,3,6
48398,1693226599480,1692254335240,1692254335243,1693226599489,9,3,6
48399,1693226599489,1692254335248,1692254335251,1693226599496,7,3,4
48400,1693226599496,1692254335255,1692254335258,1693226599503,7,3,4
48401,1693226599503,1692254335263,1692254335266,1693226599512,9,3,6
48402,1693226599512,1692254335271,1692254335274,1693226599519,7,3,4
48403,1693226599519,1692254335279,1692254335282,1693226599527,8,3,5
48404,1693226599527,1692254335286,1692254335290,1693226599535,8,4,4
48405,1693226599535,1692254335294,1692254335298,1693226599543,8,4,4
48406,1693226599543,1692254335305,1692254335308,1693226599553,10,3,7
48407,1693226599553,1692254335313,1692254335316,1693226599561,8,3,5
48408,1693226599561,1692254335320,1692254335324,1693226599569,8,4,4
48409,1693226599569,1692254335329,1692254335334,1693226599579,10,5,5
48410,1693226599579,1692254335338,1692254335341,1693226599586,7,3,4
48411,1693226599586,1692254335345,1692254335348,1693226599596,10,3,7
48412,1693226599596,1692254335355,1692254335358,1693226599603,7,3,4
48413,1693226599603,1692254335363,1692254335367,1693226599612,9,4,5
48414,1693226599612,1692254335371,1692254335374,1693226599619,7,3,4
48415,1693226599619,1692254335378,1692254335381,1693226599626,7,3,4
48416,1693226599626,1692254335386,1692254335389,1693226599634,8,3,5
48417,1693226599634,1692254335397,1692254335400,1693226599645,11,3,8
48418,1693226599645,1692254335404,1692254335407,1693226599652,7,3,4
48419,1693226599652,1692254335412,1692254335415,1693226599660,8,3,5
48420,1693226599660,1692254335420,1692254335424,1693226599669,9,4,5
48421,1693226599669,1692254335428,1692254335431,1693226599676,7,3,4
48422,1693226599676,1692254335436,1692254335439,1693226599684,8,3,5
48423,1693226599684,1692254335443,1692254335446,1693226599691,7,3,4
48424,1693226599691,1692254335451,1692254335455,1693226599699,8,4,4
48425,1693226599699,1692254335458,1692254335462,1693226599707,8,4,4
48426,1693226599707,1692254335466,1692254335469,1693226599715,8,3,5
48427,1693226599715,1692254335475,1692254335479,1693226599724,9,4,5
48428,1693226599724,1692254335484,1692254335487,1693226599732,8,3,5
48429,1693226599732,1692254335492,1692254335497,1693226599742,10,5,5
48430,1693226599742,1692254335501,1692254335504,1693226599749,7,3,4
48431,1693226599749,1692254335511,1692254335514,1693226599758,9,3,6
48432,1693226599758,1692254335518,1692254335521,1693226599766,8,3,5
48433,1693226599766,1692254335526,1692254335528,1693226599773,7,2,5
48434,1693226599773,1692254335533,1692254335536,1693226599781,8,3,5
48435,1693226599781,1692254335540,1692254335544,1693226599789,8,4,4
48436,1693226599789,1692254335548,1692254335551,1693226599796,7,3,4
48437,1693226599796,1692254335555,1692254335558,1693226599803,7,3,4
48438,1693226599803,1692254335563,1692254335565,1693226599810,7,2,5
48439,1693226599810,1692254335571,1692254335575,1693226599819,9,4,5
48440,1693226599819,1692254335578,1692254335582,1693226599827,8,4,4
48441,1693226599827,1692254335587,1692254335589,1693226599834,7,2,5
48442,1693226599835,1692254335594,1692254335597,1693226599842,7,3,4
48443,1693226599842,1692254335602,1692254335606,1693226599851,9,4,5
48444,1693226599851,1692254335613,1692254335616,1693226599862,11,3,8
48445,1693226599862,1692254335627,1692254335630,1693226599875,13,3,10
48446,1693226599875,1692254335635,1692254335638,1693226599883,8,3,5
48447,1693226599883,1692254335642,1692254335646,1693226599891,8,4,4
48448,1693226599891,1692254335650,1692254335653,1693226599898,7,3,4
48449,1693226599898,1692254335657,1692254335660,1693226599905,7,3,4
48450,1693226599905,1692254335664,1692254335667,1693226599912,7,3,4
48451,1693226599912,1692254335671,1692254335675,1693226599920,8,4,4
48452,1693226599920,1692254335680,1692254335686,1693226599930,10,6,4
48453,1693226599930,1692254335695,1692254335698,1693226599943,13,3,10
48454,1693226599943,1692254335702,1692254335705,1693226599950,7,3,4
48455,1693226599950,1692254335710,1692254335713,1693226599958,8,3,5
48456,1693226599958,1692254335717,1692254335721,1693226599966,8,4,4
48457,1693226599966,1692254335726,1692254335729,1693226599974,8,3,5
48458,1693226599974,1692254335734,1692254335737,1693226599985,11,3,8
48459,1693226599985,1692254335744,1692254335747,1693226599995,10,3,7
48460,1693226599995,1692254335755,1692254335758,1693226600003,8,3,5
48461,1693226600003,1692254335763,1692254335766,1693226600011,8,3,5
48462,1693226600011,1692254335771,1692254335774,1693226600019,8,3,5
48463,1693226600019,1692254335778,1692254335782,1693226600027,8,4,4
48464,1693226600027,1692254335786,1692254335789,1693226600034,7,3,4
48465,1693226600034,1692254335793,1692254335798,1693226600043,9,5,4
48466,1693226600043,1692254335803,1692254335806,1693226600051,8,3,5
48467,1693226600051,1692254335810,1692254335814,1693226600059,8,4,4
48468,1693226600059,1692254335819,1692254335822,1693226600067,8,3,5
48469,1693226600067,1692254335826,1692254335829,1693226600074,7,3,4
48470,1693226600074,1692254335834,1692254335837,1693226600082,8,3,5
48471,1693226600082,1692254335842,1692254335846,1693226600091,9,4,5
48472,1693226600091,1692254335850,1692254335853,1693226600098,7,3,4
48473,1693226600098,1692254335858,1692254335862,1693226600107,9,4,5
48474,1693226600107,1692254335866,1692254335869,1693226600114,7,3,4
48475,1693226600114,1692254335873,1692254335876,1693226600122,8,3,5
48476,1693226600122,1692254335881,1692254335887,1693226600132,10,6,4
48477,1693226600132,1692254335892,1692254335894,1693226600140,8,2,6
48478,1693226600140,1692254335900,1692254335904,1693226600149,9,4,5
48479,1693226600149,1692254335909,1692254335913,1693226600157,8,4,4
48480,1693226600157,1692254335920,1692254335923,1693226600168,11,3,8
48481,1693226600168,1692254335927,1692254335930,1693226600176,8,3,5
48482,1693226600176,1692254335935,1692254335939,1693226600184,8,4,4
48483,1693226600184,1692254335944,1692254335947,1693226600192,8,3,5
48484,1693226600192,1692254335952,1692254335955,1693226600200,8,3,5
48485,1693226600200,1692254335959,1692254335962,1693226600207,7,3,4
48486,1693226600207,1692254335966,1692254335969,1693226600214,7,3,4
48487,1693226600214,1692254335973,1692254335976,1693226600221,7,3,4
48488,1693226600222,1692254335981,1692254335984,1693226600229,7,3,4
48489,1693226600229,1692254335988,1692254335990,1693226600235,6,2,4
48490,1693226600235,1692254335995,1692254335998,1693226600245,10,3,7
48491,1693226600245,1692254336005,1692254336009,1693226600254,9,4,5
48492,1693226600254,1692254336013,1692254336017,1693226600262,8,4,4
48493,1693226600262,1692254336022,1692254336025,1693226600270,8,3,5
48494,1693226600270,1692254336029,1692254336032,1693226600277,7,3,4
48495,1693226600277,1692254336036,1692254336039,1693226600284,7,3,4
48496,1693226600284,1692254336044,1692254336047,1693226600292,8,3,5
48497,1693226600292,1692254336052,1692254336055,1693226600300,8,3,5
48498,1693226600300,1692254336059,1692254336062,1693226600306,6,3,3
48499,1693226600306,1692254336066,1692254336069,1693226600314,8,3,5
48500,1693226600314,1692254336073,1692254336077,1693226600321,7,4,3
48501,1693226600321,1692254336081,1692254336086,1693226600331,10,5,5
48502,1693226600331,1692254336090,1692254336093,1693226600338,7,3,4
48503,1693226600338,1692254336098,1692254336101,1693226600346,8,3,5
48504,1693226600346,1692254336105,1692254336108,1693226600353,7,3,4
48505,1693226600353,1692254336112,1692254336116,1693226600360,7,4,3
48506,1693226600360,1692254336120,1692254336123,1693226600367,7,3,4
48507,1693226600367,1692254336127,1692254336130,1693226600375,8,3,5
48508,1693226600375,1692254336134,1692254336138,1693226600383,8,4,4
48509,1693226600383,1692254336142,1692254336145,1693226600390,7,3,4
48510,1693226600390,1692254336149,1692254336152,1693226600398,8,3,5
48511,1693226600398,1692254336157,1692254336160,1693226600405,7,3,4
48512,1693226600405,1692254336165,1692254336168,1693226600413,8,3,5
48513,1693226600413,1692254336172,1692254336176,1693226600421,8,4,4
48514,1693226600421,1692254336180,1692254336184,1693226600428,7,4,3
48515,1693226600428,1692254336188,1692254336194,1693226600439,11,6,5
48516,1693226600439,1692254336198,1692254336201,1693226600446,7,3,4
48517,1693226600446,1692254336205,1692254336208,1693226600454,8,3,5
48518,1693226600454,1692254336213,1692254336216,1693226600461,7,3,4
48519,1693226600461,1692254336220,1692254336224,1693226600471,10,4,6
48520,1693226600471,1692254336230,1692254336233,1693226600478,7,3,4
48521,1693226600478,1692254336238,1692254336241,1693226600486,8,3,5
48522,1693226600486,1692254336246,1692254336249,1693226600494,8,3,5
48523,1693226600494,1692254336253,1692254336256,1693226600501,7,3,4
48524,1693226600501,1692254336261,1692254336264,1693226600510,9,3,6
48525,1693226600510,1692254336269,1692254336271,1693226600516,6,2,4
48526,1693226600516,1692254336276,1692254336278,1693226600523,7,2,5
48527,1693226600523,1692254336283,1692254336285,1693226600530,7,2,5
48528,1693226600530,1692254336290,1692254336293,1693226600538,8,3,5
48529,1693226600538,1692254336298,1692254336301,1693226600545,7,3,4
48530,1693226600546,1692254336305,1692254336309,1693226600554,8,4,4
48531,1693226600554,1692254336313,1692254336316,1693226600561,7,3,4
48532,1693226600561,1692254336322,1692254336325,1693226600571,10,3,7
48533,1693226600571,1692254336331,1692254336334,1693226600579,8,3,5
48534,1693226600579,1692254336339,1692254336342,1693226600587,8,3,5
48535,1693226600587,1692254336347,1692254336351,1693226600595,8,4,4
48536,1693226600595,1692254336355,1692254336359,1693226600604,9,4,5
48537,1693226600604,1692254336363,1692254336367,1693226600611,7,4,3
48538,1693226600612,1692254336371,1692254336375,1693226600620,8,4,4
48539,1693226600620,1692254336379,1692254336383,1693226600628,8,4,4
48540,1693226600628,1692254336388,1692254336392,1693226600636,8,4,4
48541,1693226600636,1692254336396,1692254336399,1693226600644,8,3,5
48542,1693226600644,1692254336404,1692254336407,1693226600652,8,3,5
48543,1693226600652,1692254336412,1692254336415,1693226600660,8,3,5
48544,1693226600660,1692254336419,1692254336423,1693226600668,8,4,4
48545,1693226600668,1692254336427,1692254336431,1693226600675,7,4,3
48546,1693226600676,1692254336435,1692254336437,1693226600682,6,2,4
48547,1693226600682,1692254336441,1692254336443,1693226600688,6,2,4
48548,1693226600688,1692254336448,1692254336450,1693226600695,7,2,5
48549,1693226600695,1692254336455,1692254336458,1693226600703,8,3,5
48550,1693226600703,1692254336463,1692254336466,1693226600711,8,3,5
48551,1693226600711,1692254336470,1692254336473,1693226600718,7,3,4
48552,1693226600718,1692254336478,1692254336481,1693226600726,8,3,5
48553,1693226600726,1692254336486,1692254336488,1693226600733,7,2,5
48554,1693226600733,1692254336493,1692254336496,1693226600741,8,3,5
48555,1693226600741,1692254336501,1692254336504,1693226600749,8,3,5
48556,1693226600749,1692254336509,1692254336512,1693226600757,8,3,5
48557,1693226600757,1692254336516,1692254336518,1693226600763,6,2,4
48558,1693226600763,1692254336523,1692254336526,1693226600771,8,3,5
48559,1693226600771,1692254336533,1692254336536,1693226600781,10,3,7
48560,1693226600781,1692254336540,1692254336544,1693226600788,7,4,3
48561,1693226600789,1692254336549,1692254336552,1693226600797,8,3,5
48562,1693226600797,1692254336556,1692254336560,1693226600805,8,4,4
48563,1693226600805,1692254336565,1692254336568,1693226600813,8,3,5
48564,1693226600813,1692254336573,1692254336576,1693226600821,8,3,5
48565,1693226600821,1692254336582,1692254336586,1693226600831,10,4,6
48566,1693226600831,1692254336590,1692254336594,1693226600838,7,4,3
48567,1693226600838,1692254336599,1692254336602,1693226600848,10,3,7
48568,1693226600848,1692254336607,1692254336610,1693226600855,7,3,4
48569,1693226600855,1692254336614,1692254336618,1693226600863,8,4,4
48570,1693226600863,1692254336623,1692254336626,1693226600871,8,3,5
48571,1693226600871,1692254336630,1692254336633,1693226600878,7,3,4
48572,1693226600878,1692254336637,1692254336640,1693226600885,7,3,4
48573,1693226600885,1692254336645,1692254336649,1693226600894,9,4,5
48574,1693226600894,1692254336654,1692254336657,1693226600902,8,3,5
48575,1693226600902,1692254336661,1692254336665,1693226600910,8,4,4
48576,1693226600910,1692254336669,1692254336672,1693226600917,7,3,4
48577,1693226600917,1692254336676,1692254336680,1693226600924,7,4,3
48578,1693226600924,1692254336683,1692254336686,1693226600931,7,3,4
48579,1693226600931,1692254336691,1692254336693,1693226600938,7,2,5
48580,1693226600938,1692254336698,1692254336701,1693226600946,8,3,5
48581,1693226600946,1692254336705,1692254336708,1693226600953,7,3,4
48582,1693226600953,1692254336713,1692254336716,1693226600961,8,3,5
48583,1693226600961,1692254336720,1692254336724,1693226600969,8,4,4
48584,1693226600969,1692254336729,1692254336732,1693226600977,8,3,5
48585,1693226600977,1692254336739,1692254336741,1693226600986,9,2,7
48586,1693226600986,1692254336746,1692254336749,1693226600994,8,3,5
48587,1693226600994,1692254336754,1692254336757,1693226601002,8,3,5
48588,1693226601002,1692254336762,1692254336764,1693226601009,7,2,5
48589,1693226601009,1692254336768,1692254336771,1693226601016,7,3,4
48590,1693226601016,1692254336776,1692254336780,1693226601025,9,4,5
48591,1693226601025,1692254336784,1692254336788,1693226601033,8,4,4
48592,1693226601033,1692254336792,1692254336796,1693226601040,7,4,3
48593,1693226601040,1692254336800,1692254336803,1693226601048,8,3,5
48594,1693226601048,1692254336808,1692254336811,1693226601056,8,3,5
48595,1693226601056,1692254336816,1692254336819,1693226601064,8,3,5
48596,1693226601064,1692254336823,1692254336828,1693226601073,9,5,4
48597,1693226601073,1692254336833,1692254336836,1693226601083,10,3,7
48598,1693226601083,1692254336842,1692254336845,1693226601090,7,3,4
48599,1693226601090,1692254336850,1692254336853,1693226601098,8,3,5
48600,1693226601098,1692254336857,1692254336861,1693226601106,8,4,4
48601,1693226601106,1692254336866,1692254336869,1693226601114,8,3,5
48602,1693226601114,1692254336874,1692254336877,1693226601122,8,3,5
48603,1693226601122,1692254336881,1692254336885,1693226601130,8,4,4
48604,1693226601130,1692254336889,1692254336893,1693226601138,8,4,4
48605,1693226601138,1692254336898,1692254336900,1693226601146,8,2,6
48606,1693226601146,1692254336906,1692254336909,1693226601155,9,3,6
48607,1693226601155,1692254336914,1692254336917,1693226601163,8,3,5
48608,1693226601163,1692254336923,1692254336926,1693226601172,9,3,6
48609,1693226601172,1692254336932,1692254336935,1693226601180,8,3,5
48610,1693226601181,1692254336943,1692254336949,1693226601194,13,6,7
48611,1693226601194,1692254336954,1692254336957,1693226601202,8,3,5
48612,1693226601202,1692254336963,1692254336966,1693226601211,9,3,6
48613,1693226601211,1692254336971,1692254336974,1693226601219,8,3,5
48614,1693226601219,1692254336979,1692254336982,1693226601227,8,3,5
48615,1693226601227,1692254336987,1692254336990,1693226601235,8,3,5
48616,1693226601235,1692254336995,1692254336998,1693226601243,8,3,5
48617,1693226601243,1692254337002,1692254337005,1693226601251,8,3,5
48618,1693226601251,1692254337010,1692254337014,1693226601259,8,4,4
48619,1693226601259,1692254337018,1692254337022,1693226601266,7,4,3
48620,1693226601266,1692254337026,1692254337029,1693226601274,8,3,5
48621,1693226601274,1692254337034,1692254337037,1693226601282,8,3,5
48622,1693226601282,1692254337042,1692254337045,1693226601290,8,3,5
48623,1693226601290,1692254337049,1692254337051,1693226601296,6,2,4
48624,1693226601296,1692254337056,1692254337062,1693226601307,11,6,5
48625,1693226601307,1692254337066,1692254337069,1693226601313,6,3,3
48626,1693226601313,1692254337073,1692254337076,1693226601321,8,3,5
48627,1693226601321,1692254337080,1692254337083,1693226601328,7,3,4
48628,1693226601328,1692254337087,1692254337090,1693226601335,7,3,4
48629,1693226601335,1692254337095,1692254337099,1693226601344,9,4,5
48630,1693226601344,1692254337104,1692254337107,1693226601352,8,3,5
48631,1693226601352,1692254337112,1692254337115,1693226601360,8,3,5
48632,1693226601360,1692254337120,1692254337123,1693226601368,8,3,5
48633,1693226601368,1692254337127,1692254337131,1693226601376,8,4,4
48634,1693226601376,1692254337135,1692254337139,1693226601384,8,4,4
48635,1693226601384,1692254337143,1692254337146,1693226601391,7,3,4
48636,1693226601391,1692254337151,1692254337155,1693226601400,9,4,5
48637,1693226601400,1692254337160,1692254337164,1693226601409,9,4,5
48638,1693226601409,1692254337169,1692254337171,1693226601416,7,2,5
48639,1693226601416,1692254337175,1692254337179,1693226601424,8,4,4
48640,1693226601424,1692254337183,1692254337186,1693226601430,6,3,3
48641,1693226601430,1692254337190,1692254337193,1693226601438,8,3,5
48642,1693226601438,1692254337198,1692254337201,1693226601446,8,3,5
48643,1693226601446,1692254337206,1692254337209,1693226601455,9,3,6
48644,1693226601455,1692254337216,1692254337220,1693226601465,10,4,6
48645,1693226601465,1692254337224,1692254337227,1693226601472,7,3,4
48646,1693226601472,1692254337231,1692254337237,1693226601482,10,6,4
48647,1693226601482,1692254337242,1692254337244,1693226601489,7,2,5
48648,1693226601489,1692254337250,1692254337254,1693226601499,10,4,6
48649,1693226601499,1692254337259,1692254337262,1693226601506,7,3,4
48650,1693226601506,1692254337265,1692254337269,1693226601514,8,4,4
48651,1693226601514,1692254337275,1692254337278,1693226601523,9,3,6
48652,1693226601523,1692254337283,1692254337287,1693226601532,9,4,5
48653,1693226601532,1692254337291,1692254337294,1693226601542,10,3,7
48654,1693226601542,1692254337302,1692254337305,1693226601550,8,3,5
48655,1693226601550,1692254337310,1692254337313,1693226601558,8,3,5
48656,1693226601558,1692254337317,1692254337321,1693226601566,8,4,4
48657,1693226601566,1692254337326,1692254337329,1693226601574,8,3,5
48658,1693226601574,1692254337333,1692254337336,1693226601581,7,3,4
48659,1693226601581,1692254337341,1692254337344,1693226601589,8,3,5
48660,1693226601589,1692254337348,1692254337351,1693226601596,7,3,4
48661,1693226601596,1692254337355,1692254337359,1693226601604,8,4,4
48662,1693226601604,1692254337363,1692254337367,1693226601612,8,4,4
48663,1693226601612,1692254337371,1692254337374,1693226601619,7,3,4
48664,1693226601619,1692254337379,1692254337382,1693226601627,8,3,5
48665,1693226601627,1692254337386,1692254337389,1693226601634,7,3,4
48666,1693226601634,1692254337394,1692254337397,1693226601642,8,3,5
48667,1693226601642,1692254337401,1692254337406,1693226601650,8,5,3
48668,1693226601650,1692254337410,1692254337413,1693226601657,7,3,4
48669,1693226601657,1692254337416,1692254337419,1693226601664,7,3,4
48670,1693226601664,1692254337424,1692254337427,1693226601672,8,3,5
48671,1693226601672,1692254337432,1692254337435,1693226601680,8,3,5
48672,1693226601680,1692254337439,1692254337442,1693226601687,7,3,4
48673,1693226601687,1692254337447,1692254337451,1693226601697,10,4,6
48674,1693226601697,1692254337457,1692254337460,1693226601705,8,3,5
48675,1693226601705,1692254337465,1692254337468,1693226601713,8,3,5
48676,1693226601713,1692254337473,1692254337476,1693226601720,7,3,4
48677,1693226601720,1692254337480,1692254337483,1693226601728,8,3,5
48678,1693226601728,1692254337488,1692254337492,1693226601736,8,4,4
48679,1693226601736,1692254337495,1692254337499,1693226601743,7,4,3
48680,1693226601743,1692254337503,1692254337507,1693226601752,9,4,5
48681,1693226601752,1692254337511,1692254337515,1693226601759,7,4,3
48682,1693226601759,1692254337518,1692254337522,1693226601767,8,4,4
48683,1693226601767,1692254337526,1692254337531,1693226601776,9,5,4
48684,1693226601776,1692254337536,1692254337540,1693226601784,8,4,4
48685,1693226601784,1692254337544,1692254337547,1693226601792,8,3,5
48686,1693226601792,1692254337552,1692254337555,1693226601800,8,3,5
48687,1693226601800,1692254337560,1692254337563,1693226601808,8,3,5
48688,1693226601808,1692254337568,1692254337571,1693226601816,8,3,5
48689,1693226601816,1692254337576,1692254337579,1693226601824,8,3,5
48690,1693226601824,1692254337583,1692254337586,1693226601831,7,3,4
48691,1693226601831,1692254337591,1692254337594,1693226601839,8,3,5
48692,1693226601839,1692254337599,1692254337601,1693226601846,7,2,5
48693,1693226601846,1692254337606,1692254337608,1693226601853,7,2,5
48694,1693226601853,1692254337614,1692254337618,1693226601863,10,4,6
48695,1693226601863,1692254337622,1692254337625,1693226601870,7,3,4
48696,1693226601870,1692254337630,1692254337633,1693226601877,7,3,4
48697,1693226601878,1692254337637,1692254337640,1693226601885,7,3,4
48698,1693226601885,1692254337645,1692254337649,1693226601894,9,4,5
48699,1693226601894,1692254337653,1692254337657,1693226601902,8,4,4
48700,1693226601902,1692254337661,1692254337664,1693226601909,7,3,4
48701,1693226601909,1692254337668,1692254337671,1693226601916,7,3,4
48702,1693226601916,1692254337676,1692254337681,1693226601926,10,5,5
48703,1693226601926,1692254337685,1692254337689,1693226601934,8,4,4
48704,1693226601934,1692254337693,1692254337697,1693226601941,7,4,3
48705,1693226601941,1692254337700,1692254337703,1693226601948,7,3,4
48706,1693226601948,1692254337707,1692254337710,1693226601955,7,3,4
48707,1693226601955,1692254337715,1692254337719,1693226601964,9,4,5
48708,1693226601964,1692254337724,1692254337727,1693226601972,8,3,5
48709,1693226601972,1692254337732,1692254337735,1693226601980,8,3,5
48710,1693226601980,1692254337741,1692254337744,1693226601989,9,3,6
48711,1693226601989,1692254337748,1692254337751,1693226601996,7,3,4
48712,1693226601996,1692254337756,1692254337759,1693226602005,9,3,6
48713,1693226602005,1692254337765,1692254337768,1693226602013,8,3,5
48714,1693226602013,1692254337772,1692254337775,1693226602020,7,3,4
48715,1693226602020,1692254337779,1692254337782,1693226602026,6,3,3
48716,1693226602026,1692254337786,1692254337789,1693226602034,8,3,5
48717,1693226602034,1692254337794,1692254337797,1693226602042,8,3,5
48718,1693226602042,1692254337801,1692254337804,1693226602049,7,3,4
48719,1693226602049,1692254337809,1692254337813,1693226602058,9,4,5
48720,1693226602058,1692254337818,1692254337823,1693226602067,9,5,4
48721,1693226602067,1692254337827,1692254337831,1693226602075,8,4,4
48722,1693226602075,1692254337835,1692254337838,1693226602083,8,3,5
48723,1693226602083,1692254337843,1692254337846,1693226602091,8,3,5
48724,1693226602091,1692254337850,1692254337853,1693226602098,7,3,4
48725,1693226602098,1692254337857,1692254337860,1693226602107,9,3,6
48726,1693226602107,1692254337867,1692254337870,1693226602115,8,3,5
48727,1693226602115,1692254337874,1692254337878,1693226602123,8,4,4
48728,1693226602123,1692254337882,1692254337886,1693226602131,8,4,4
48729,1693226602131,1692254337890,1692254337893,1693226602138,7,3,4
48730,1693226602138,1692254337898,1692254337901,1693226602146,8,3,5
48731,1693226602146,1692254337906,1692254337909,1693226602154,8,3,5
48732,1693226602154,1692254337914,1692254337917,1693226602162,8,3,5
48733,1693226602162,1692254337922,1692254337925,1693226602170,8,3,5
48734,1693226602170,1692254337931,1692254337934,1693226602179,9,3,6
48735,1693226602179,1692254337938,1692254337941,1693226602186,7,3,4
48736,1693226602186,1692254337946,1692254337948,1693226602193,7,2,5
48737,1693226602193,1692254337953,1692254337956,1693226602201,8,3,5
48738,1693226602201,1692254337961,1692254337964,1693226602210,9,3,6
48739,1693226602210,1692254337969,1692254337973,1693226602218,8,4,4
48740,1693226602218,1692254337977,1692254337980,1693226602225,7,3,4
48741,1693226602225,1692254337985,1692254337988,1693226602233,8,3,5
48742,1693226602233,1692254337993,1692254337997,1693226602241,8,4,4
48743,1693226602241,1692254338001,1692254338004,1693226602249,8,3,5
48744,1693226602249,1692254338008,1692254338012,1693226602257,8,4,4
48745,1693226602257,1692254338017,1692254338020,1693226602265,8,3,5
48746,1693226602265,1692254338024,1692254338027,1693226602272,7,3,4
48747,1693226602272,1692254338032,1692254338036,1693226602281,9,4,5
48748,1693226602281,1692254338040,1692254338044,1693226602289,8,4,4
48749,1693226602289,1692254338048,1692254338051,1693226602296,7,3,4
48750,1693226602296,1692254338056,1692254338059,1693226602304,8,3,5
48751,1693226602304,1692254338064,1692254338067,1693226602312,8,3,5
48752,1693226602312,1692254338072,1692254338075,1693226602320,8,3,5
48753,1693226602320,1692254338079,1692254338082,1693226602327,7,3,4
48754,1693226602327,1692254338086,1692254338090,1693226602334,7,4,3
48755,1693226602335,1692254338094,1692254338097,1693226602342,7,3,4
48756,1693226602342,1692254338102,1692254338104,1693226602350,8,2,6
48757,1693226602350,1692254338109,1692254338114,1693226602359,9,5,4
48758,1693226602359,1692254338118,1692254338123,1693226602367,8,5,3
48759,1693226602367,1692254338128,1692254338132,1693226602378,11,4,7
48760,1693226602378,1692254338138,1692254338141,1693226602386,8,3,5
48761,1693226602386,1692254338146,1692254338149,1693226602394,8,3,5
48762,1693226602394,1692254338154,1692254338158,1693226602402,8,4,4
48763,1693226602403,1692254338162,1692254338164,1693226602409,6,2,4
48764,1693226602409,1692254338168,1692254338171,1693226602416,7,3,4
48765,1693226602416,1692254338176,1692254338179,1693226602424,8,3,5
48766,1693226602424,1692254338184,1692254338186,1693226602431,7,2,5
48767,1693226602431,1692254338191,1692254338194,1693226602439,8,3,5
48768,1693226602439,1692254338198,1692254338201,1693226602446,7,3,4
48769,1693226602446,1692254338206,1692254338209,1693226602454,8,3,5
48770,1693226602454,1692254338213,1692254338216,1693226602461,7,3,4
48771,1693226602461,1692254338221,1692254338224,1693226602469,8,3,5
48772,1693226602469,1692254338229,1692254338233,1693226602477,8,4,4
48773,1693226602477,1692254338237,1692254338240,1693226602486,9,3,6
48774,1693226602486,1692254338246,1692254338250,1693226602494,8,4,4
48775,1693226602494,1692254338254,1692254338258,1693226602503,9,4,5
48776,1693226602503,1692254338262,1692254338265,1693226602510,7,3,4
48777,1693226602510,1692254338269,1692254338272,1693226602517,7,3,4
48778,1693226602517,1692254338277,1692254338280,1693226602525,8,3,5
48779,1693226602525,1692254338284,1692254338287,1693226602532,7,3,4
48780,1693226602532,1692254338292,1692254338295,1693226602540,8,3,5
48781,1693226602540,1692254338299,1692254338303,1693226602548,8,4,4
48782,1693226602548,1692254338308,1692254338311,1693226602556,8,3,5
48783,1693226602556,1692254338316,1692254338319,1693226602563,7,3,4
48784,1693226602563,1692254338322,1692254338326,1693226602571,8,4,4
48785,1693226602571,1692254338330,1692254338333,1693226602579,8,3,5
48786,1693226602579,1692254338338,1692254338341,1693226602586,7,3,4
48787,1693226602586,1692254338346,1692254338350,1693226602595,9,4,5
48788,1693226602595,1692254338355,1692254338358,1693226602603,8,3,5
48789,1693226602603,1692254338362,1692254338365,1693226602610,7,3,4
48790,1693226602610,1692254338369,1692254338372,1693226602619,9,3,6
48791,1693226602619,1692254338379,1692254338383,1693226602628,9,4,5
48792,1693226602628,1692254338387,1692254338389,1693226602634,6,2,4
48793,1693226602634,1692254338393,1692254338399,1693226602643,9,6,3
48794,1693226602643,1692254338403,1692254338405,1693226602650,7,2,5
48795,1693226602650,1692254338409,1692254338412,1693226602657,7,3,4
48796,1693226602657,1692254338416,1692254338420,1693226602665,8,4,4
48797,1693226602665,1692254338424,1692254338427,1693226602672,7,3,4
48798,1693226602672,1692254338432,1692254338436,1693226602680,8,4,4
48799,1693226602680,1692254338440,1692254338444,1693226602689,9,4,5
48800,1693226602689,1692254338448,1692254338452,1693226602697,8,4,4
48801,1693226602697,1692254338457,1692254338460,1693226602705,8,3,5
48802,1693226602705,1692254338465,1692254338468,1693226602713,8,3,5
48803,1693226602713,1692254338473,1692254338477,1693226602722,9,4,5
48804,1693226602722,1692254338481,1692254338484,1693226602731,9,3,6
48805,1693226602731,1692254338491,1692254338494,1693226602739,8,3,5
48806,1693226602739,1692254338498,1692254338501,1693226602746,7,3,4
48807,1693226602746,1692254338505,1692254338508,1693226602753,7,3,4
48808,1693226602753,1692254338513,1692254338516,1693226602761,8,3,5
48809,1693226602761,1692254338521,1692254338524,1693226602770,9,3,6
48810,1693226602770,1692254338532,1692254338535,1693226602780,10,3,7
48811,1693226602780,1692254338540,1692254338544,1693226602789,9,4,5
48812,1693226602789,1692254338549,1692254338553,1693226602797,8,4,4
48813,1693226602798,1692254338557,1692254338561,1693226602805,7,4,3
48814,1693226602805,1692254338565,1692254338567,1693226602812,7,2,5
48815,1693226602812,1692254338572,1692254338575,1693226602820,8,3,5
48816,1693226602820,1692254338581,1692254338584,1693226602829,9,3,6
48817,1693226602829,1692254338589,1692254338592,1693226602837,8,3,5
48818,1693226602837,1692254338601,1692254338604,1693226602849,12,3,9
48819,1693226602849,1692254338608,1692254338611,1693226602855,6,3,3
48820,1693226602855,1692254338615,1692254338621,1693226602866,11,6,5
48821,1693226602866,1692254338625,1692254338629,1693226602874,8,4,4
48822,1693226602874,1692254338634,1692254338637,1693226602882,8,3,5
48823,1693226602882,1692254338642,1692254338645,1693226602890,8,3,5
48824,1693226602890,1692254338649,1692254338653,1693226602898,8,4,4
48825,1693226602898,1692254338657,1692254338660,1693226602905,7,3,4
48826,1693226602905,1692254338664,1692254338667,1693226602912,7,3,4
48827,1693226602912,1692254338671,1692254338675,1693226602920,8,4,4
48828,1693226602920,1692254338679,1692254338683,1693226602928,8,4,4
48829,1693226602928,1692254338687,1692254338692,1693226602937,9,5,4
48830,1693226602937,1692254338696,1692254338700,1693226602945,8,4,4
48831,1693226602945,1692254338705,1692254338708,1693226602953,8,3,5
48832,1693226602953,1692254338713,1692254338716,1693226602961,8,3,5
48833,1693226602961,1692254338722,1692254338725,1693226602970,9,3,6
48834,1693226602970,1692254338729,1692254338733,1693226602977,7,4,3
48835,1693226602977,1692254338736,1692254338740,1693226602985,8,4,4
48836,1693226602985,1692254338744,1692254338746,1693226602991,6,2,4
48837,1693226602991,1692254338752,1692254338755,1693226603000,9,3,6
48838,1693226603000,1692254338771,1692254338775,1693226603031,31,4,27
48839,1693226603031,1692254338791,1692254338795,1693226603040,9,4,5
48840,1693226603040,1692254338799,1692254338802,1693226603047,7,3,4
48841,1693226603047,1692254338807,1692254338811,1693226603056,9,4,5
48842,1693226603056,1692254338815,1692254338818,1693226603063,7,3,4
48843,1693226603063,1692254338822,1692254338826,1693226603070,7,4,3
48844,1693226603070,1692254338830,1692254338833,1693226603077,7,3,4
48845,1693226603077,1692254338837,1692254338840,1693226603085,8,3,5
48846,1693226603085,1692254338845,1692254338849,1693226603094,9,4,5
48847,1693226603094,1692254338854,1692254338858,1693226603103,9,4,5
48848,1693226603103,1692254338863,1692254338866,1693226603111,8,3,5
48849,1693226603111,1692254338870,1692254338873,1693226603118,7,3,4
48850,1693226603118,1692254338877,1692254338880,1693226603125,7,3,4
48851,1693226603125,1692254338885,1692254338889,1693226603134,9,4,5
48852,1693226603134,1692254338898,1692254338902,1693226603147,13,4,9
48853,1693226603147,1692254338907,1692254338911,1693226603155,8,4,4
48854,1693226603155,1692254338916,1692254338919,1693226603164,9,3,6
48855,1693226603164,1692254338923,1692254338926,1693226603171,7,3,4
48856,1693226603171,1692254338930,1692254338934,1693226603179,8,4,4
48857,1693226603179,1692254338939,1692254338942,1693226603187,8,3,5
48858,1693226603187,1692254338947,1692254338950,1693226603194,7,3,4
48859,1693226603194,1692254338955,1692254338959,1693226603204,10,4,6
48860,1693226603204,1692254338963,1692254338967,1693226603212,8,4,4
48861,1693226603212,1692254338972,1692254338975,1693226603220,8,3,5
48862,1693226603220,1692254338979,1692254338982,1693226603227,7,3,4
48863,1693226603227,1692254338992,1692254338995,1693226603240,13,3,10
48864,1693226603240,1692254338999,1692254339003,1693226603248,8,4,4
48865,1693226603248,1692254339007,1692254339011,1693226603256,8,4,4
48866,1693226603256,1692254339020,1692254339025,1693226603270,14,5,9
48867,1693226603270,1692254339035,1692254339038,1693226603283,13,3,10
48868,1693226603283,1692254339043,1692254339046,1693226603291,8,3,5
48869,1693226603291,1692254339051,1692254339054,1693226603300,9,3,6
48870,1693226603300,1692254339059,1692254339063,1693226603308,8,4,4
48871,1693226603308,1692254339067,1692254339071,1693226603316,8,4,4
48872,1693226603316,1692254339075,1692254339077,1693226603322,6,2,4
48873,1693226603322,1692254339082,1692254339085,1693226603330,8,3,5
48874,1693226603330,1692254339089,1692254339093,1693226603338,8,4,4
48875,1693226603338,1692254339098,1692254339101,1693226603346,8,3,5
48876,1693226603346,1692254339105,1692254339108,1693226603353,7,3,4
48877,1693226603353,1692254339113,1692254339116,1693226603361,8,3,5
48878,1693226603361,1692254339121,1692254339123,1693226603368,7,2,5
48879,1693226603368,1692254339127,1692254339130,1693226603375,7,3,4
48880,1693226603375,1692254339134,1692254339139,1693226603384,9,5,4
48881,1693226603384,1692254339144,1692254339147,1693226603392,8,3,5
48882,1693226603392,1692254339152,1692254339155,1693226603400,8,3,5
48883,1693226603400,1692254339160,1692254339163,1693226603408,8,3,5
48884,1693226603408,1692254339172,1692254339176,1693226603421,13,4,9
48885,1693226603421,1692254339180,1692254339184,1693226603428,7,4,3
48886,1693226603428,1692254339188,1692254339191,1693226603440,12,3,9
48887,1693226603440,1692254339199,1692254339202,1693226603447,7,3,4
48888,1693226603447,1692254339206,1692254339209,1693226603454,7,3,4
48889,1693226603454,1692254339214,1692254339217,1693226603461,7,3,4
48890,1693226603461,1692254339220,1692254339224,1693226603469,8,4,4
48891,1693226603469,1692254339228,1692254339232,1693226603476,7,4,3
48892,1693226603476,1692254339236,1692254339239,1693226603484,8,3,5
48893,1693226603484,1692254339244,1692254339247,1693226603492,8,3,5
48894,1693226603492,1692254339251,1692254339254,1693226603499,7,3,4
48895,1693226603499,1692254339258,1692254339261,1693226603506,7,3,4
48896,1693226603506,1692254339267,1692254339270,1693226603515,9,3,6
48897,1693226603515,1692254339275,1692254339278,1693226603523,8,3,5
48898,1693226603523,1692254339283,1692254339286,1693226603530,7,3,4
48899,1693226603530,1692254339290,1692254339293,1693226603538,8,3,5
48900,1693226603538,1692254339298,1692254339301,1693226603546,8,3,5
48901,1693226603546,1692254339306,1692254339309,1693226603554,8,3,5
48902,1693226603554,1692254339314,1692254339318,1693226603563,9,4,5
48903,1693226603563,1692254339322,1692254339328,1693226603572,9,6,3
48904,1693226603572,1692254339332,1692254339336,1693226603580,8,4,4
48905,1693226603580,1692254339339,1692254339342,1693226603587,7,3,4
48906,1693226603587,1692254339347,1692254339351,1693226603596,9,4,5
48907,1693226603596,1692254339356,1692254339360,1693226603605,9,4,5
48908,1693226603605,1692254339366,1692254339369,1693226603613,8,3,5
48909,1693226603613,1692254339372,1692254339376,1693226603621,8,4,4
48910,1693226603621,1692254339380,1692254339384,1693226603629,8,4,4
48911,1693226603629,1692254339388,1692254339391,1693226603636,7,3,4
48912,1693226603636,1692254339395,1692254339398,1693226603643,7,3,4
48913,1693226603643,1692254339403,1692254339406,1693226603651,8,3,5
48914,1693226603651,1692254339410,1692254339413,1693226603658,7,3,4
48915,1693226603658,1692254339417,1692254339421,1693226603666,8,4,4
48916,1693226603666,1692254339425,1692254339428,1693226603674,8,3,5
48917,1693226603674,1692254339433,1692254339436,1693226603681,7,3,4
48918,1693226603681,1692254339441,1692254339444,1693226603689,8,3,5
48919,1693226603689,1692254339448,1692254339451,1693226603696,7,3,4
48920,1693226603696,1692254339455,1692254339459,1693226603704,8,4,4
48921,1693226603704,1692254339464,1692254339467,1693226603711,7,3,4
48922,1693226603711,1692254339471,1692254339474,1693226603719,8,3,5
48923,1693226603719,1692254339479,1692254339483,1693226603728,9,4,5
48924,1693226603728,1692254339488,1692254339491,1693226603736,8,3,5
48925,1693226603736,1692254339495,1692254339498,1693226603743,7,3,4
48926,1693226603743,1692254339503,1692254339506,1693226603751,8,3,5
48927,1693226603751,1692254339510,1692254339513,1693226603758,7,3,4
48928,1693226603758,1692254339521,1692254339524,1693226603769,11,3,8
48929,1693226603769,1692254339528,1692254339531,1693226603776,7,3,4
48930,1693226603776,1692254339535,1692254339539,1693226603784,8,4,4
48931,1693226603784,1692254339543,1692254339547,1693226603792,8,4,4
48932,1693226603792,1692254339552,1692254339555,1693226603800,8,3,5
48933,1693226603800,1692254339560,1692254339563,1693226603808,8,3,5
48934,1693226603808,1692254339567,1692254339570,1693226603815,7,3,4
48935,1693226603815,1692254339574,1692254339577,1693226603822,7,3,4
48936,1693226603822,1692254339582,1692254339586,1693226603830,8,4,4
48937,1693226603830,1692254339589,1692254339593,1693226603837,7,4,3
48938,1693226603837,1692254339597,1692254339600,1693226603844,7,3,4
48939,1693226603844,1692254339606,1692254339611,1693226603855,11,5,6
48940,1693226603855,1692254339614,1692254339617,1693226603862,7,3,4
48941,1693226603862,1692254339621,1692254339625,1693226603869,7,4,3
48942,1693226603869,1692254339629,1692254339633,1693226603879,10,4,6
48943,1693226603879,1692254339638,1692254339640,1693226603885,6,2,4
48944,1693226603885,1692254339645,1692254339649,1693226603894,9,4,5
48945,1693226603894,1692254339653,1692254339656,1693226603901,7,3,4
48946,1693226603901,1692254339660,1692254339663,1693226603907,6,3,3
48947,1693226603908,1692254339672,1692254339675,1693226603920,12,3,9
48948,1693226603920,1692254339680,1692254339683,1693226603928,8,3,5
48949,1693226603928,1692254339687,1692254339690,1693226603935,7,3,4
48950,1693226603935,1692254339695,1692254339698,1693226603946,11,3,8
48951,1693226603946,1692254339714,1692254339718,1693226603963,17,4,13
48952,1693226603963,1692254339723,1692254339726,1693226603971,8,3,5
48953,1693226603971,1692254339731,1692254339734,1693226603978,7,3,4
48954,1693226603978,1692254339737,1692254339740,1693226603985,7,3,4
48955,1693226603985,1692254339745,1692254339748,1693226603993,8,3,5
48956,1693226603993,1692254339754,1692254339757,1693226604002,9,3,6
48957,1693226604002,1692254339763,1692254339766,1693226604011,9,3,6
48958,1693226604011,1692254339770,1692254339773,1693226604018,7,3,4
48959,1693226604018,1692254339780,1692254339784,1693226604029,11,4,7
48960,1693226604029,1692254339788,1692254339791,1693226604036,7,3,4
48961,1693226604036,1692254339796,1692254339799,1693226604044,8,3,5
48962,1693226604044,1692254339804,1692254339807,1693226604053,9,3,6
48963,1693226604053,1692254339813,1692254339816,1693226604060,7,3,4
48964,1693226604060,1692254339820,1692254339823,1693226604068,8,3,5
48965,1693226604068,1692254339827,1692254339830,1693226604075,7,3,4
48966,1693226604075,1692254339835,1692254339838,1693226604083,8,3,5
48967,1693226604083,1692254339843,1692254339846,1693226604090,7,3,4
48968,1693226604090,1692254339850,1692254339853,1693226604098,8,3,5
48969,1693226604098,1692254339857,1692254339860,1693226604104,6,3,3
48970,1693226604104,1692254339863,1692254339866,1693226604111,7,3,4
48971,1693226604111,1692254339870,1692254339874,1693226604119,8,4,4
48972,1693226604119,1692254339878,1692254339882,1693226604126,7,4,3
48973,1693226604126,1692254339886,1692254339889,1693226604134,8,3,5
48974,1693226604134,1692254339893,1692254339896,1693226604141,7,3,4
48975,1693226604141,1692254339900,1692254339903,1693226604148,7,3,4
48976,1693226604148,1692254339908,1692254339912,1693226604157,9,4,5
48977,1693226604157,1692254339917,1692254339920,1693226604165,8,3,5
48978,1693226604165,1692254339924,1692254339927,1693226604172,7,3,4
48979,1693226604172,1692254339934,1692254339937,1693226604182,10,3,7
48980,1693226604182,1692254339941,1692254339944,1693226604189,7,3,4
48981,1693226604189,1692254339949,1692254339952,1693226604197,8,3,5
48982,1693226604197,1692254339957,1692254339960,1693226604205,8,3,5
48983,1693226604205,1692254339965,1692254339968,1693226604213,8,3,5
48984,1693226604213,1692254339973,1692254339976,1693226604221,8,3,5
48985,1693226604221,1692254339981,1692254339984,1693226604228,7,3,4
48986,1693226604228,1692254339988,1692254339991,1693226604236,8,3,5
48987,1693226604236,1692254339996,1692254340000,1693226604245,9,4,5
48988,1693226604245,1692254340005,1692254340008,1693226604253,8,3,5
48989,1693226604253,1692254340015,1692254340018,1693226604263,10,3,7
48990,1693226604263,1692254340026,1692254340030,1693226604275,12,4,8
48991,1693226604275,1692254340035,1692254340038,1693226604283,8,3,5
48992,1693226604283,1692254340043,1692254340046,1693226604291,8,3,5
48993,1693226604291,1692254340051,1692254340054,1693226604299,8,3,5
48994,1693226604299,1692254340058,1692254340062,1693226604307,8,4,4
48995,1693226604307,1692254340067,1692254340070,1693226604315,8,3,5
48996,1693226604315,1692254340075,1692254340077,1693226604322,7,2,5
48997,1693226604322,1692254340084,1692254340088,1693226604333,11,4,7
48998,1693226604333,1692254340093,1692254340096,1693226604341,8,3,5
48999,1693226604341,1692254340101,1692254340104,1693226604349,8,3,5
49000,1693226604349,1692254340110,1692254340112,1693226604360,11,2,9
49001,1693226604360,1692254340119,1692254340123,1693226604368,8,4,4
49002,1693226604368,1692254340127,1692254340131,1693226604376,8,4,4
49003,1693226604376,1692254340135,1692254340138,1693226604383,7,3,4
49004,1693226604383,1692254340143,1692254340146,1693226604391,8,3,5
49005,1693226604391,1692254340151,1692254340154,1693226604399,8,3,5
49006,1693226604399,1692254340159,1692254340162,1693226604407,8,3,5
49007,1693226604407,1692254340166,1692254340170,1693226604415,8,4,4
49008,1693226604415,1692254340175,1692254340178,1693226604423,8,3,5
49009,1693226604423,1692254340183,1692254340187,1693226604432,9,4,5
49010,1693226604432,1692254340192,1692254340195,1693226604440,8,3,5
49011,1693226604440,1692254340200,1692254340204,1693226604449,9,4,5
49012,1693226604449,1692254340209,1692254340212,1693226604457,8,3,5
49013,1693226604457,1692254340217,1692254340222,1693226604466,9,5,4
49014,1693226604466,1692254340226,1692254340228,1693226604473,7,2,5
49015,1693226604473,1692254340233,1692254340236,1693226604481,8,3,5
49016,1693226604481,1692254340241,1692254340244,1693226604489,8,3,5
49017,1693226604489,1692254340248,1692254340251,1693226604496,7,3,4
49018,1693226604496,1692254340256,1692254340259,1693226604504,8,3,5
49019,1693226604504,1692254340264,1692254340267,1693226604511,7,3,4
49020,1693226604512,1692254340271,1692254340274,1693226604519,7,3,4
49021,1693226604519,1692254340279,1692254340283,1693226604528,9,4,5
49022,1693226604528,1692254340295,1692254340299,1693226604544,16,4,12
49023,1693226604544,1692254340304,1692254340308,1693226604552,8,4,4
49024,1693226604553,1692254340318,1692254340321,1693226604566,13,3,10
49025,1693226604566,1692254340326,1692254340328,1693226604573,7,2,5
49026,1693226604573,1692254340333,1692254340336,1693226604581,8,3,5
49027,1693226604581,1692254340341,1692254340344,1693226604589,8,3,5
49028,1693226604589,1692254340349,1692254340352,1693226604597,8,3,5
49029,1693226604597,1692254340356,1692254340360,1693226604604,7,4,3
49030,1693226604604,1692254340364,1692254340367,1693226604612,8,3,5
49031,1693226604612,1692254340371,1692254340375,1693226604620,8,4,4
49032,1693226604620,1692254340381,1692254340384,1693226604628,8,3,5
49033,1693226604628,1692254340388,1692254340391,1693226604636,8,3,5
49034,1693226604636,1692254340396,1692254340400,1693226604645,9,4,5
49035,1693226604645,1692254340404,1692254340406,1693226604651,6,2,4
49036,1693226604651,1692254340411,1692254340414,1693226604659,8,3,5
49037,1693226604659,1692254340419,1692254340423,1693226604668,9,4,5
49038,1693226604668,1692254340427,1692254340431,1693226604676,8,4,4
49039,1693226604676,1692254340435,1692254340439,1693226604684,8,4,4
49040,1693226604684,1692254340448,1692254340452,1693226604697,13,4,9
49041,1693226604697,1692254340457,1692254340460,1693226604705,8,3,5
49042,1693226604705,1692254340465,1692254340468,1693226604713,8,3,5
49043,1693226604713,1692254340472,1692254340476,1693226604721,8,4,4
49044,1693226604721,1692254340481,1692254340485,1693226604729,8,4,4
49045,1693226604729,1692254340489,1692254340492,1693226604737,8,3,5
49046,1693226604737,1692254340501,1692254340504,1693226604749,12,3,9
49047,1693226604749,1692254340508,1692254340511,1693226604756,7,3,4
49048,1693226604756,1692254340516,1692254340520,1693226604765,9,4,5
49049,1693226604765,1692254340527,1692254340530,1693226604775,10,3,7
49050,1693226604775,1692254340535,1692254340541,1693226604786,11,6,5
49051,1693226604786,1692254340546,1692254340549,1693226604794,8,3,5
49052,1693226604794,1692254340554,1692254340557,1693226604802,8,3,5
49053,1693226604802,1692254340561,1692254340565,1693226604809,7,4,3
49054,1693226604809,1692254340569,1692254340574,1693226604819,10,5,5
49055,1693226604819,1692254340578,1692254340582,1693226604830,11,4,7
49056,1693226604830,1692254340589,1692254340592,1693226604837,7,3,4
49057,1693226604837,1692254340596,1692254340599,1693226604844,7,3,4
49058,1693226604844,1692254340604,1692254340607,1693226604852,8,3,5
49059,1693226604852,1692254340612,1692254340615,1693226604860,8,3,5
49060,1693226604860,1692254340620,1692254340622,1693226604867,7,2,5
49061,1693226604867,1692254340630,1692254340633,1693226604877,10,3,7
49062,1693226604877,1692254340637,1692254340640,1693226604885,8,3,5
49063,1693226604885,1692254340645,1692254340648,1693226604897,12,3,9
49064,1693226604897,1692254340677,1692254340680,1693226604937,40,3,37
49065,1693226604937,1692254340697,1692254340700,1693226604945,8,3,5
49066,1693226604945,1692254340706,1692254340710,1693226604955,10,4,6
49067,1693226604955,1692254340714,1692254340717,1693226604962,7,3,4
49068,1693226604962,1692254340722,1692254340725,1693226604970,8,3,5
49069,1693226604970,1692254340732,1692254340735,1693226604980,10,3,7
49070,1693226604980,1692254340740,1692254340743,1693226604988,8,3,5
49071,1693226604988,1692254340748,1692254340751,1693226604995,7,3,4
49072,1693226604995,1692254340756,1692254340759,1693226605004,9,3,6
49073,1693226605004,1692254340764,1692254340767,1693226605012,8,3,5
49074,1693226605012,1692254340771,1692254340775,1693226605019,7,4,3
49075,1693226605019,1692254340778,1692254340782,1693226605027,8,4,4
49076,1693226605027,1692254340787,1692254340790,1693226605035,8,3,5
49077,1693226605035,1692254340794,1692254340798,1693226605043,8,4,4
49078,1693226605043,1692254340803,1692254340807,1693226605052,9,4,5
49079,1693226605052,1692254340811,1692254340815,1693226605060,8,4,4
49080,1693226605060,1692254340819,1692254340822,1693226605067,7,3,4
49081,1693226605067,1692254340827,1692254340830,1693226605077,10,3,7
49082,1693226605077,1692254340836,1692254340840,1693226605085,8,4,4
49083,1693226605085,1692254340845,1692254340849,1693226605094,9,4,5
49084,1693226605094,1692254340853,1692254340856,1693226605100,6,3,3
49085,1693226605100,1692254340859,1692254340864,1693226605109,9,5,4
49086,1693226605109,1692254340869,1692254340873,1693226605117,8,4,4
49087,1693226605117,1692254340878,1692254340881,1693226605126,9,3,6
49088,1693226605126,1692254340886,1692254340890,1693226605135,9,4,5
49089,1693226605135,1692254340894,1692254340898,1693226605142,7,4,3
49090,1693226605143,1692254340902,1692254340905,1693226605150,7,3,4
49091,1693226605150,1692254340909,1692254340912,1693226605157,7,3,4
49092,1693226605157,1692254340917,1692254340921,1693226605166,9,4,5
49093,1693226605166,1692254340925,1692254340928,1693226605173,7,3,4
49094,1693226605173,1692254340934,1692254340938,1693226605182,9,4,5
49095,1693226605182,1692254340942,1692254340945,1693226605190,8,3,5
49096,1693226605190,1692254340949,1692254340952,1693226605198,8,3,5
49097,1693226605198,1692254340958,1692254340962,1693226605207,9,4,5
49098,1693226605207,1692254340966,1692254340969,1693226605214,7,3,4
49099,1693226605214,1692254340974,1692254340977,1693226605222,8,3,5
49100,1693226605222,1692254340982,1692254340985,1693226605230,8,3,5
49101,1693226605230,1692254340990,1692254340993,1693226605238,8,3,5
49102,1693226605238,1692254340997,1692254341001,1693226605245,7,4,3
49103,1693226605245,1692254341005,1692254341008,1693226605253,8,3,5
49104,1693226605253,1692254341012,1692254341016,1693226605261,8,4,4
49105,1693226605261,1692254341021,1692254341023,1693226605268,7,2,5
49106,1693226605268,1692254341032,1692254341036,1693226605282,14,4,10
49107,1693226605282,1692254341041,1692254341045,1693226605290,8,4,4
49108,1693226605290,1692254341049,1692254341052,1693226605297,7,3,4
49109,1693226605297,1692254341057,1692254341060,1693226605305,8,3,5
49110,1693226605305,1692254341065,1692254341068,1693226605312,7,3,4
49111,1693226605312,1692254341072,1692254341075,1693226605320,8,3,5
49112,1693226605320,1692254341080,1692254341083,1693226605328,8,3,5
49113,1693226605328,1692254341087,1692254341091,1693226605336,8,4,4
49114,1693226605336,1692254341096,1692254341099,1693226605344,8,3,5
49115,1693226605344,1692254341103,1692254341106,1693226605351,7,3,4
49116,1693226605351,1692254341110,1692254341114,1693226605359,8,4,4
49117,1693226605359,1692254341118,1692254341122,1693226605367,8,4,4
49118,1693226605367,1692254341126,1692254341129,1693226605374,7,3,4
49119,1693226605374,1692254341134,1692254341137,1693226605384,10,3,7
49120,1693226605384,1692254341144,1692254341147,1693226605392,8,3,5
49121,1693226605392,1692254341152,1692254341154,1693226605399,7,2,5
49122,1693226605399,1692254341159,1692254341163,1693226605408,9,4,5
49123,1693226605408,1692254341168,1692254341171,1693226605416,8,3,5
49124,1693226605416,1692254341176,1692254341180,1693226605425,9,4,5
49125,1693226605425,1692254341185,1692254341188,1693226605433,8,3,5
49126,1693226605433,1692254341192,1692254341195,1693226605440,7,3,4
49127,1693226605440,1692254341199,1692254341202,1693226605447,7,3,4
49128,1693226605447,1692254341207,1692254341209,1693226605454,7,2,5
49129,1693226605454,1692254341214,1692254341217,1693226605462,8,3,5
49130,1693226605462,1692254341222,1692254341224,1693226605469,7,2,5
49131,1693226605469,1692254341228,1692254341231,1693226605476,7,3,4
49132,1693226605476,1692254341235,1692254341238,1693226605482,6,3,3
49133,1693226605482,1692254341245,1692254341249,1693226605494,12,4,8
49134,1693226605494,1692254341254,1692254341257,1693226605502,8,3,5
49135,1693226605502,1692254341262,1692254341266,1693226605511,9,4,5
49136,1693226605511,1692254341270,1692254341273,1693226605518,7,3,4
49137,1693226605518,1692254341278,1692254341281,1693226605526,8,3,5
49138,1693226605526,1692254341285,1692254341288,1693226605533,7,3,4
49139,1693226605533,1692254341293,1692254341296,1693226605541,8,3,5
49140,1693226605541,1692254341301,1692254341303,1693226605548,7,2,5
49141,1693226605548,1692254341308,1692254341312,1693226605556,8,4,4
49142,1693226605556,1692254341316,1692254341319,1693226605563,7,3,4
49143,1693226605563,1692254341323,1692254341326,1693226605571,8,3,5
49144,1693226605571,1692254341331,1692254341334,1693226605579,8,3,5
49145,1693226605579,1692254341338,1692254341341,1693226605586,7,3,4
49146,1693226605586,1692254341347,1692254341351,1693226605595,9,4,5
49147,1693226605595,1692254341354,1692254341357,1693226605602,7,3,4
49148,1693226605602,1692254341362,1692254341366,1693226605611,9,4,5
49149,1693226605611,1692254341370,1692254341373,1693226605618,7,3,4
49150,1693226605618,1692254341378,1692254341382,1693226605627,9,4,5
49151,1693226605627,1692254341387,1692254341390,1693226605634,7,3,4
49152,1693226605634,1692254341393,1692254341397,1693226605642,8,4,4
49153,1693226605642,1692254341401,1692254341404,1693226605649,7,3,4
49154,1693226605649,1692254341409,1692254341412,1693226605657,8,3,5
49155,1693226605657,1692254341417,1692254341419,1693226605664,7,2,5
49156,1693226605664,1692254341424,1692254341427,1693226605672,8,3,5
49157,1693226605672,1692254341432,1692254341435,1693226605679,7,3,4
49158,1693226605679,1692254341438,1692254341442,1693226605686,7,4,3
49159,1693226605686,1692254341448,1692254341453,1693226605698,12,5,7
49160,1693226605698,1692254341458,1692254341461,1693226605706,8,3,5
49161,1693226605706,1692254341465,1692254341468,1693226605713,7,3,4
49162,1693226605713,1692254341473,1692254341477,1693226605722,9,4,5
49163,1693226605722,1692254341482,1692254341485,1693226605729,7,3,4
49164,1693226605729,1692254341489,1692254341491,1693226605736,7,2,5
49165,1693226605736,1692254341496,1692254341499,1693226605744,8,3,5
49166,1693226605744,1692254341504,1692254341507,1693226605752,8,3,5
49167,1693226605752,1692254341512,1692254341515,1693226605760,8,3,5
49168,1693226605760,1692254341520,1692254341523,1693226605768,8,3,5
49169,1693226605768,1692254341527,1692254341531,1693226605776,8,4,4
49170,1693226605776,1692254341535,1692254341539,1693226605785,9,4,5
49171,1693226605785,1692254341544,1692254341548,1693226605794,9,4,5
49172,1693226605794,1692254341553,1692254341557,1693226605801,7,4,3
49173,1693226605801,1692254341560,1692254341564,1693226605808,7,4,3
49174,1693226605808,1692254341577,1692254341581,1693226605826,18,4,14
49175,1693226605826,1692254341585,1692254341588,1693226605833,7,3,4
49176,1693226605833,1692254341596,1692254341599,1693226605844,11,3,8
49177,1693226605844,1692254341604,1692254341607,1693226605852,8,3,5
49178,1693226605852,1692254341614,1692254341618,1693226605863,11,4,7
49179,1693226605863,1692254341623,1692254341626,1693226605871,8,3,5
49180,1693226605871,1692254341630,1692254341634,1693226605879,8,4,4
49181,1693226605879,1692254341638,1692254341641,1693226605886,7,3,4
49182,1693226605886,1692254341645,1692254341648,1693226605893,7,3,4
49183,1693226605893,1692254341660,1692254341663,1693226605908,15,3,12
49184,1693226605908,1692254341668,1692254341671,1693226605916,8,3,5
49185,1693226605916,1692254341675,1692254341678,1693226605923,7,3,4
49186,1693226605923,1692254341682,1692254341685,1693226605930,7,3,4
49187,1693226605930,1692254341689,1692254341692,1693226605937,7,3,4
49188,1693226605937,1692254341696,1692254341699,1693226605944,7,3,4
49189,1693226605944,1692254341704,1692254341707,1693226605952,8,3,5
49190,1693226605952,1692254341711,1692254341715,1693226605959,7,4,3
49191,1693226605959,1692254341719,1692254341723,1693226605967,8,4,4
49192,1693226605968,1692254341727,1692254341730,1693226605975,7,3,4
49193,1693226605975,1692254341734,1692254341738,1693226605983,8,4,4
49194,1693226605983,1692254341743,1692254341746,1693226605991,8,3,5
49195,1693226605991,1692254341751,1692254341755,1693226606000,9,4,5
49196,1693226606000,1692254341759,1692254341764,1693226606009,9,5,4
49197,1693226606009,1692254341769,1692254341772,1693226606017,8,3,5
49198,1693226606017,1692254341777,1692254341780,1693226606025,8,3,5
49199,1693226606025,1692254341784,1692254341788,1693226606033,8,4,4
49200,1693226606033,1692254341792,1692254341795,1693226606040,7,3,4
49201,1693226606040,1692254341799,1692254341802,1693226606047,7,3,4
49202,1693226606047,1692254341806,1692254341809,1693226606054,7,3,4
49203,1693226606054,1692254341813,1692254341817,1693226606062,8,4,4
49204,1693226606062,1692254341821,1692254341824,1693226606069,7,3,4
49205,1693226606069,1692254341828,1692254341832,1693226606076,7,4,3
49206,1693226606077,1692254341836,1692254341840,1693226606085,8,4,4
49207,1693226606085,1692254341844,1692254341848,1693226606093,8,4,4
49208,1693226606093,1692254341852,1692254341855,1693226606101,8,3,5
49209,1693226606101,1692254341860,1692254341863,1693226606108,7,3,4
49210,1693226606108,1692254341868,1692254341871,1693226606116,8,3,5
49211,1693226606116,1692254341878,1692254341881,1693226606126,10,3,7
49212,1693226606126,1692254341885,1692254341888,1693226606133,7,3,4
49213,1693226606133,1692254341893,1692254341896,1693226606141,8,3,5
49214,1693226606141,1692254341900,1692254341904,1693226606149,8,4,4
49215,1693226606149,1692254341908,1692254341911,1693226606156,7,3,4
49216,1693226606156,1692254341916,1692254341918,1693226606163,7,2,5
49217,1693226606163,1692254341924,1692254341927,1693226606172,9,3,6
49218,1693226606172,1692254341934,1692254341937,1693226606182,10,3,7
49219,1693226606183,1692254341943,1692254341946,1693226606191,8,3,5
49220,1693226606191,1692254341951,1692254341954,1693226606199,8,3,5
49221,1693226606199,1692254341961,1692254341965,1693226606209,10,4,6
49222,1693226606209,1692254341968,1692254341972,1693226606216,7,4,3
49223,1693226606216,1692254341975,1692254341978,1693226606223,7,3,4
49224,1693226606223,1692254341983,1692254341986,1693226606231,8,3,5
49225,1693226606231,1692254341991,1692254341994,1693226606238,7,3,4
49226,1693226606238,1692254341998,1692254342001,1693226606246,8,3,5
49227,1693226606246,1692254342005,1692254342008,1693226606252,6,3,3
49228,1693226606252,1692254342012,1692254342015,1693226606260,8,3,5
49229,1693226606260,1692254342019,1692254342022,1693226606267,7,3,4
49230,1693226606267,1692254342026,1692254342029,1693226606274,7,3,4
49231,1693226606274,1692254342038,1692254342042,1693226606287,13,4,9
49232,1693226606287,1692254342046,1692254342049,1693226606294,7,3,4
49233,1693226606294,1692254342053,1692254342058,1693226606303,9,5,4
49234,1693226606303,1692254342063,1692254342066,1693226606311,8,3,5
49235,1693226606311,1692254342070,1692254342076,1693226606321,10,6,4
49236,1693226606321,1692254342081,1692254342084,1693226606329,8,3,5
49237,1693226606329,1692254342088,1692254342091,1693226606336,7,3,4
49238,1693226606336,1692254342095,1692254342099,1693226606344,8,4,4
49239,1693226606344,1692254342103,1692254342106,1693226606351,7,3,4
49240,1693226606351,1692254342110,1692254342113,1693226606358,7,3,4
49241,1693226606358,1692254342118,1692254342121,1693226606366,8,3,5
49242,1693226606366,1692254342131,1692254342134,1693226606379,13,3,10
49243,1693226606379,1692254342138,1692254342142,1693226606387,8,4,4
49244,1693226606387,1692254342146,1692254342149,1693226606394,7,3,4
49245,1693226606394,1692254342154,1692254342157,1693226606402,8,3,5
49246,1693226606402,1692254342161,1692254342165,1693226606410,8,4,4
49247,1693226606410,1692254342170,1692254342174,1693226606418,8,4,4
49248,1693226606418,1692254342178,1692254342182,1693226606427,9,4,5
49249,1693226606427,1692254342186,1692254342189,1693226606434,7,3,4
49250,1693226606434,1692254342195,1692254342199,1693226606448,14,4,10
49251,1693226606448,1692254342207,1692254342211,1693226606456,8,4,4
49252,1693226606456,1692254342216,1692254342219,1693226606463,7,3,4
49253,1693226606463,1692254342223,1692254342225,1693226606470,7,2,5
49254,1693226606470,1692254342230,1692254342234,1693226606480,10,4,6
49255,1693226606480,1692254342240,1692254342243,1693226606488,8,3,5
49256,1693226606488,1692254342248,1692254342251,1693226606497,9,3,6
49257,1693226606497,1692254342257,1692254342260,1693226606505,8,3,5
49258,1693226606505,1692254342265,1692254342269,1693226606514,9,4,5
49259,1693226606514,1692254342278,1692254342282,1693226606527,13,4,9
49260,1693226606527,1692254342288,1692254342292,1693226606537,10,4,6
49261,1693226606537,1692254342297,1692254342301,1693226606546,9,4,5
49262,1693226606546,1692254342306,1692254342310,1693226606555,9,4,5
49263,1693226606555,1692254342315,1692254342318,1693226606563,8,3,5
49264,1693226606563,1692254342322,1692254342325,1693226606570,7,3,4
49265,1693226606570,1692254342329,1692254342332,1693226606578,8,3,5
49266,1693226606578,1692254342337,1692254342340,1693226606585,7,3,4
49267,1693226606585,1692254342344,1692254342348,1693226606593,8,4,4
49268,1693226606593,1692254342352,1692254342356,1693226606601,8,4,4
49269,1693226606601,1692254342360,1692254342365,1693226606610,9,5,4
49270,1693226606610,1692254342371,1692254342374,1693226606619,9,3,6
49271,1693226606619,1692254342379,1692254342382,1693226606626,7,3,4
49272,1693226606626,1692254342386,1692254342389,1693226606634,8,3,5
49273,1693226606634,1692254342393,1692254342397,1693226606643,9,4,5
49274,1693226606643,1692254342402,1692254342405,1693226606650,7,3,4
49275,1693226606650,1692254342410,1692254342412,1693226606657,7,2,5
49276,1693226606657,1692254342418,1692254342421,1693226606665,8,3,5
49277,1693226606666,1692254342425,1692254342428,1693226606673,7,3,4
49278,1693226606673,1692254342432,1692254342436,1693226606680,7,4,3
49279,1693226606681,1692254342440,1692254342443,1693226606688,7,3,4
49280,1693226606688,1692254342447,1692254342451,1693226606696,8,4,4
49281,1693226606696,1692254342455,1692254342459,1693226606703,7,4,3
49282,1693226606704,1692254342463,1692254342466,1693226606710,6,3,3
49283,1693226606710,1692254342470,1692254342473,1693226606718,8,3,5
49284,1693226606718,1692254342478,1692254342481,1693226606726,8,3,5
49285,1693226606726,1692254342486,1692254342489,1693226606734,8,3,5
49286,1693226606734,1692254342494,1692254342498,1693226606743,9,4,5
49287,1693226606743,1692254342502,1692254342506,1693226606751,8,4,4
49288,1693226606751,1692254342511,1692254342515,1693226606759,8,4,4
49289,1693226606760,1692254342519,1692254342522,1693226606766,6,3,3
49290,1693226606766,1692254342526,1692254342530,1693226606775,9,4,5
49291,1693226606775,1692254342535,1692254342539,1693226606784,9,4,5
49292,1693226606784,1692254342543,1692254342546,1693226606791,7,3,4
49293,1693226606791,1692254342550,1692254342554,1693226606799,8,4,4
49294,1693226606799,1692254342558,1692254342561,1693226606806,7,3,4
49295,1693226606806,1692254342566,1692254342569,1693226606814,8,3,5
49296,1693226606814,1692254342575,1692254342578,1693226606823,9,3,6
49297,1693226606823,1692254342583,1692254342587,1693226606832,9,4,5
49298,1693226606832,1692254342592,1692254342594,1693226606839,7,2,5
49299,1693226606839,1692254342599,1692254342603,1693226606848,9,4,5
49300,1693226606848,1692254342608,1692254342610,1693226606855,7,2,5
49301,1693226606855,1692254342615,1692254342618,1693226606863,8,3,5
49302,1693226606863,1692254342623,1692254342626,1693226606871,8,3,5
49303,1693226606871,1692254342631,1692254342634,1693226606878,7,3,4
49304,1693226606878,1692254342638,1692254342641,1693226606886,8,3,5
49305,1693226606886,1692254342645,1692254342648,1693226606893,7,3,4
49306,1693226606894,1692254342653,1692254342658,1693226606903,9,5,4
49307,1693226606903,1692254342663,1692254342666,1693226606911,8,3,5
49308,1693226606911,1692254342670,1692254342673,1693226606920,9,3,6
49309,1693226606920,1692254342680,1692254342683,1693226606928,8,3,5
49310,1693226606928,1692254342687,1692254342690,1693226606935,7,3,4
49311,1693226606935,1692254342694,1692254342698,1693226606943,8,4,4
49312,1693226606943,1692254342702,1692254342706,1693226606950,7,4,3
49313,1693226606950,1692254342710,1692254342714,1693226606959,9,4,5
49314,1693226606959,1692254342719,1692254342722,1693226606967,8,3,5
49315,1693226606967,1692254342727,1692254342730,1693226606975,8,3,5
49316,1693226606975,1692254342735,1692254342738,1693226606983,8,3,5
49317,1693226606983,1692254342743,1692254342746,1693226606991,8,3,5
49318,1693226606991,1692254342751,1692254342754,1693226606999,8,3,5
49319,1693226606999,1692254342759,1692254342762,1693226607007,8,3,5
49320,1693226607007,1692254342768,1692254342771,1693226607017,10,3,7
49321,1693226607017,1692254342780,1692254342783,1693226607027,10,3,7
49322,1693226607027,1692254342790,1692254342793,1693226607038,11,3,8
49323,1693226607038,1692254342797,1692254342800,1693226607045,7,3,4
49324,1693226607045,1692254342805,1692254342808,1693226607053,8,3,5
49325,1693226607053,1692254342813,1692254342816,1693226607061,8,3,5
49326,1693226607061,1692254342821,1692254342824,1693226607068,7,3,4
49327,1693226607068,1692254342827,1692254342831,1693226607076,8,4,4
49328,1693226607076,1692254342835,1692254342839,1693226607084,8,4,4
49329,1693226607084,1692254342843,1692254342847,1693226607092,8,4,4
49330,1693226607092,1692254342858,1692254342862,1693226607106,14,4,10
49331,1693226607106,1692254342866,1692254342871,1693226607116,10,5,5
49332,1693226607116,1692254342879,1692254342882,1693226607127,11,3,8
49333,1693226607127,1692254342889,1692254342893,1693226607138,11,4,7
49334,1693226607138,1692254342906,1692254342910,1693226607155,17,4,13
49335,1693226607155,1692254342914,1692254342917,1693226607162,7,3,4
49336,1693226607162,1692254342921,1692254342924,1693226607169,7,3,4
49337,1693226607169,1692254342929,1692254342932,1693226607177,8,3,5
49338,1693226607177,1692254342937,1692254342941,1693226607185,8,4,4
49339,1693226607185,1692254342945,1692254342949,1693226607193,8,4,4
49340,1693226607194,1692254342953,1692254342956,1693226607201,7,3,4
49341,1693226607201,1692254342960,1692254342963,1693226607208,7,3,4
49342,1693226607208,1692254342968,1692254342973,1693226607218,10,5,5
49343,1693226607218,1692254342977,1692254342981,1693226607227,9,4,5
49344,1693226607227,1692254342987,1692254342990,1693226607235,8,3,5
49345,1693226607235,1692254342994,1692254342998,1693226607242,7,4,3
49346,1693226607242,1692254343002,1692254343005,1693226607250,8,3,5
49347,1693226607250,1692254343010,1692254343013,1693226607258,8,3,5
49348,1693226607258,1692254343017,1692254343021,1693226607266,8,4,4
49349,1693226607266,1692254343025,1692254343028,1693226607272,6,3,3
49350,1693226607272,1692254343032,1692254343035,1693226607280,8,3,5
49351,1693226607280,1692254343039,1692254343042,1693226607287,7,3,4
49352,1693226607287,1692254343047,1692254343050,1693226607295,8,3,5
49353,1693226607295,1692254343054,1692254343058,1693226607302,7,4,3
49354,1693226607302,1692254343062,1692254343066,1693226607311,9,4,5
49355,1693226607311,1692254343070,1692254343073,1693226607318,7,3,4
49356,1693226607318,1692254343077,1692254343080,1693226607325,7,3,4
49357,1693226607325,1692254343087,1692254343090,1693226607335,10,3,7
49358,1693226607335,1692254343094,1692254343098,1693226607343,8,4,4
49359,1693226607343,1692254343103,1692254343106,1693226607351,8,3,5
49360,1693226607351,1692254343164,1692254343168,1693226607413,62,4,58
49361,1693226607413,1692254343177,1692254343180,1693226607425,12,3,9
49362,1693226607425,1692254343185,1692254343188,1693226607433,8,3,5
49363,1693226607433,1692254343192,1692254343196,1693226607441,8,4,4
49364,1693226607441,1692254343201,1692254343204,1693226607449,8,3,5
49365,1693226607449,1692254343209,1692254343212,1693226607457,8,3,5
49366,1693226607457,1692254343217,1692254343221,1693226607466,9,4,5
49367,1693226607466,1692254343225,1692254343231,1693226607476,10,6,4
49368,1693226607476,1692254343235,1692254343238,1693226607486,10,3,7
49369,1693226607486,1692254343246,1692254343250,1693226607494,8,4,4
49370,1693226607494,1692254343255,1692254343258,1693226607506,12,3,9
49371,1693226607506,1692254343266,1692254343270,1693226607515,9,4,5
49372,1693226607515,1692254343275,1692254343278,1693226607523,8,3,5
49373,1693226607523,1692254343283,1692254343286,1693226607531,8,3,5
49374,1693226607531,1692254343292,1692254343296,1693226607541,10,4,6
49375,1693226607541,1692254343300,1692254343304,1693226607554,13,4,9
49376,1693226607554,1692254343314,1692254343317,1693226607562,8,3,5
49377,1693226607562,1692254343322,1692254343326,1693226607582,20,4,16
49378,1693226607582,1692254343369,1692254343375,1693226607620,38,6,32
49379,1693226607620,1692254343379,1692254343382,1693226607627,7,3,4
49380,1693226607627,1692254343386,1692254343389,1693226607634,7,3,4
49381,1693226607634,1692254343395,1692254343398,1693226607643,9,3,6
49382,1693226607643,1692254343402,1692254343406,1693226607651,8,4,4
49383,1693226607651,1692254343410,1692254343414,1693226607659,8,4,4
49384,1693226607659,1692254343418,1692254343421,1693226607666,7,3,4
49385,1693226607666,1692254343426,1692254343430,1693226607674,8,4,4
49386,1693226607674,1692254343434,1692254343437,1693226607682,8,3,5
49387,1693226607682,1692254343441,1692254343444,1693226607689,7,3,4
49388,1693226607689,1692254343448,1692254343452,1693226607697,8,4,4
49389,1693226607697,1692254343456,1692254343459,1693226607704,7,3,4
49390,1693226607704,1692254343463,1692254343466,1693226607711,7,3,4
49391,1693226607711,1692254343470,1692254343473,1693226607718,7,3,4
49392,1693226607718,1692254343477,1692254343481,1693226607726,8,4,4
49393,1693226607726,1692254343485,1692254343488,1693226607733,7,3,4
49394,1693226607733,1692254343492,1692254343495,1693226607740,7,3,4
49395,1693226607740,1692254343499,1692254343502,1693226607747,7,3,4
49396,1693226607747,1692254343506,1692254343509,1693226607754,7,3,4
49397,1693226607754,1692254343513,1692254343516,1693226607760,6,3,3
49398,1693226607760,1692254343520,1692254343524,1693226607770,10,4,6
49399,1693226607770,1692254343532,1692254343535,1693226607780,10,3,7
49400,1693226607780,1692254343539,1692254343543,1693226607788,8,4,4
49401,1693226607788,1692254343548,1692254343551,1693226607796,8,3,5
49402,1693226607796,1692254343556,1692254343561,1693226607808,12,5,7
49403,1693226607808,1692254343567,1692254343570,1693226607814,6,3,3
49404,1693226607814,1692254343574,1692254343577,1693226607822,8,3,5
49405,1693226607822,1692254343582,1692254343585,1693226607830,8,3,5
49406,1693226607830,1692254343589,1692254343593,1693226607837,7,4,3
49407,1693226607838,1692254343599,1692254343602,1693226607847,9,3,6
49408,1693226607847,1692254343607,1692254343610,1693226607855,8,3,5
49409,1693226607855,1692254343615,1692254343619,1693226607863,8,4,4
49410,1693226607863,1692254343623,1692254343625,1693226607870,7,2,5
49411,1693226607870,1692254343629,1692254343633,1693226607878,8,4,4
49412,1693226607878,1692254343637,1692254343640,1693226607885,7,3,4
49413,1693226607885,1692254343645,1692254343647,1693226607892,7,2,5
49414,1693226607892,1692254343652,1692254343655,1693226607900,8,3,5
49415,1693226607900,1692254343660,1692254343665,1693226607910,10,5,5
49416,1693226607910,1692254343669,1692254343672,1693226607917,7,3,4
49417,1693226607917,1692254343677,1692254343680,1693226607925,8,3,5
49418,1693226607925,1692254343685,1692254343688,1693226607933,8,3,5
49419,1693226607933,1692254343693,1692254343696,1693226607941,8,3,5
49420,1693226607941,1692254343702,1692254343706,1693226607950,9,4,5
49421,1693226607951,1692254343710,1692254343712,1693226607957,6,2,4
49422,1693226607957,1692254343717,1692254343720,1693226607965,8,3,5
49423,1693226607965,1692254343725,1692254343728,1693226607973,8,3,5
49424,1693226607973,1692254343733,1692254343736,1693226607981,8,3,5
49425,1693226607981,1692254343742,1692254343745,1693226607990,9,3,6
49426,1693226607990,1692254343749,1692254343752,1693226607997,7,3,4
49427,1693226607997,1692254343757,1692254343761,1693226608005,8,4,4
49428,1693226608005,1692254343764,1692254343767,1693226608012,7,3,4
49429,1693226608012,1692254343772,1692254343776,1693226608021,9,4,5
49430,1693226608021,1692254343780,1692254343783,1693226608028,7,3,4
49431,1693226608028,1692254343788,1692254343791,1693226608036,8,3,5
49432,1693226608036,1692254343795,1692254343799,1693226608046,10,4,6
49433,1693226608046,1692254343806,1692254343809,1693226608054,8,3,5
49434,1693226608054,1692254343814,1692254343816,1693226608061,7,2,5
49435,1693226608061,1692254343820,1692254343823,1693226608068,7,3,4
49436,1693226608068,1692254343828,1692254343831,1693226608076,8,3,5
49437,1693226608076,1692254343836,1692254343839,1693226608084,8,3,5
49438,1693226608084,1692254343843,1692254343846,1693226608091,7,3,4
49439,1693226608091,1692254343850,1692254343853,1693226608097,6,3,3
49440,1693226608097,1692254343856,1692254343859,1693226608104,7,3,4
49441,1693226608104,1692254343864,1692254343868,1693226608112,8,4,4
49442,1693226608112,1692254343872,1692254343875,1693226608120,8,3,5
49443,1693226608120,1692254343879,1692254343882,1693226608144,24,3,21
49444,1693226608144,1692254343903,1692254343907,1693226608152,8,4,4
49445,1693226608152,1692254343911,1692254343915,1693226608160,8,4,4
49446,1693226608160,1692254343920,1692254343923,1693226608168,8,3,5
49447,1693226608168,1692254343928,1692254343931,1693226608176,8,3,5
49448,1693226608176,1692254343936,1692254343939,1693226608184,8,3,5
49449,1693226608184,1692254343944,1692254343949,1693226608194,10,5,5
49450,1693226608194,1692254343953,1692254343956,1693226608201,7,3,4
49451,1693226608201,1692254343960,1692254343966,1693226608210,9,6,3
49452,1693226608210,1692254343970,1692254343973,1693226608218,8,3,5
49453,1693226608218,1692254343977,1692254343980,1693226608228,10,3,7
49454,1693226608228,1692254343988,1692254343991,1693226608236,8,3,5
49455,1693226608236,1692254343995,1692254343998,1693226608243,7,3,4
49456,1693226608244,1692254344003,1692254344007,1693226608252,8,4,4
49457,1693226608252,1692254344011,1692254344015,1693226608259,7,4,3
49458,1693226608259,1692254344019,1692254344022,1693226608266,7,3,4
49459,1693226608266,1692254344026,1692254344031,1693226608275,9,5,4
49460,1693226608275,1692254344035,1692254344038,1693226608282,7,3,4
49461,1693226608283,1692254344042,1692254344046,1693226608292,9,4,5
49462,1693226608293,1692254344052,1692254344056,1693226608301,8,4,4
49463,1693226608301,1692254344061,1692254344064,1693226608309,8,3,5
49464,1693226608309,1692254344069,1692254344072,1693226608317,8,3,5
49465,1693226608317,1692254344077,1692254344080,1693226608325,8,3,5
49466,1693226608325,1692254344085,1692254344089,1693226608333,8,4,4
49467,1693226608334,1692254344095,1692254344099,1693226608344,10,4,6
49468,1693226608344,1692254344103,1692254344106,1693226608354,10,3,7
49469,1693226608354,1692254344114,1692254344117,1693226608362,8,3,5
49470,1693226608362,1692254344121,1692254344124,1693226608368,6,3,3
49471,1693226608368,1692254344128,1692254344131,1693226608376,8,3,5
49472,1693226608376,1692254344143,1692254344146,1693226608391,15,3,12
49473,1693226608391,1692254344150,1692254344154,1693226608398,7,4,3
49474,1693226608398,1692254344161,1692254344165,1693226608410,12,4,8
49475,1693226608410,1692254344172,1692254344175,1693226608419,9,3,6
49476,1693226608419,1692254344179,1692254344182,1693226608427,8,3,5
49477,1693226608427,1692254344187,1692254344191,1693226608435,8,4,4
49478,1693226608435,1692254344195,1692254344198,1693226608443,8,3,5
49479,1693226608443,1692254344202,1692254344205,1693226608450,7,3,4
49480,1693226608450,1692254344210,1692254344213,1693226608457,7,3,4
49481,1693226608457,1692254344218,1692254344221,1693226608466,9,3,6
49482,1693226608466,1692254344225,1692254344228,1693226608472,6,3,3
49483,1693226608472,1692254344233,1692254344236,1693226608480,8,3,5
49484,1693226608480,1692254344240,1692254344243,1693226608488,8,3,5
49485,1693226608488,1692254344247,1692254344250,1693226608495,7,3,4
49486,1693226608495,1692254344255,1692254344258,1693226608503,8,3,5
49487,1693226608503,1692254344262,1692254344266,1693226608510,7,4,3
49488,1693226608510,1692254344270,1692254344274,1693226608519,9,4,5
49489,1693226608519,1692254344279,1692254344282,1693226608527,8,3,5
49490,1693226608527,1692254344286,1692254344290,1693226608535,8,4,4
49491,1693226608535,1692254344294,1692254344298,1693226608542,7,4,3
49492,1693226608542,1692254344303,1692254344306,1693226608551,9,3,6
49493,1693226608551,1692254344311,1692254344315,1693226608559,8,4,4
49494,1693226608560,1692254344319,1692254344323,1693226608568,8,4,4
49495,1693226608568,1692254344327,1692254344331,1693226608576,8,4,4
49496,1693226608576,1692254344335,1692254344338,1693226608583,7,3,4
49497,1693226608583,1692254344343,1692254344346,1693226608592,9,3,6
49498,1693226608592,1692254344351,1692254344355,1693226608600,8,4,4
49499,1693226608600,1692254344359,1692254344363,1693226608608,8,4,4
49500,1693226608608,1692254344367,1692254344371,1693226608616,8,4,4
49501,1693226608616,1692254344378,1692254344382,1693226608627,11,4,7
49502,1693226608627,1692254344387,1692254344391,1693226608636,9,4,5
49503,1693226608636,1692254344396,1692254344399,1693226608644,8,3,5
49504,1693226608644,1692254344403,1692254344406,1693226608651,7,3,4
49505,1693226608651,1692254344411,1692254344414,1693226608661,10,3,7
49506,1693226608661,1692254344422,1692254344425,1693226608670,9,3,6
49507,1693226608670,1692254344430,1692254344433,1693226608678,8,3,5
49508,1693226608678,1692254344439,1692254344442,1693226608686,8,3,5
49509,1693226608686,1692254344446,1692254344449,1693226608694,8,3,5
49510,1693226608694,1692254344454,1692254344456,1693226608702,8,2,6
49511,1693226608702,1692254344462,1692254344466,1693226608711,9,4,5
49512,1693226608711,1692254344471,1692254344474,1693226608719,8,3,5
49513,1693226608719,1692254344478,1692254344481,1693226608726,7,3,4
49514,1693226608726,1692254344486,1692254344489,1693226608734,8,3,5
49515,1693226608734,1692254344494,1692254344497,1693226608742,8,3,5
49516,1693226608742,1692254344502,1692254344505,1693226608750,8,3,5
49517,1693226608750,1692254344510,1692254344513,1693226608758,8,3,5
49518,1693226608758,1692254344518,1692254344520,1693226608765,7,2,5
49519,1693226608765,1692254344524,1692254344527,1693226608772,7,3,4
49520,1693226608772,1692254344532,1692254344535,1693226608780,8,3,5
49521,1693226608780,1692254344539,1692254344542,1693226608787,7,3,4
49522,1693226608787,1692254344547,1692254344550,1693226608795,8,3,5
49523,1693226608795,1692254344555,1692254344559,1693226608804,9,4,5
49524,1693226608804,1692254344563,1692254344568,1693226608813,9,5,4
49525,1693226608813,1692254344573,1692254344576,1693226608820,7,3,4
49526,1693226608820,1692254344579,1692254344583,1693226608828,8,4,4
49527,1693226608828,1692254344589,1692254344592,1693226608837,9,3,6
49528,1693226608837,1692254344597,1692254344601,1693226608846,9,4,5
49529,1693226608846,1692254344605,1692254344608,1693226608853,7,3,4
49530,1693226608853,1692254344612,1692254344616,1693226608861,8,4,4
49531,1693226608861,1692254344623,1692254344627,1693226608872,11,4,7
49532,1693226608872,1692254344631,1692254344635,1693226608880,8,4,4
49533,1693226608880,1692254344640,1692254344643,1693226608888,8,3,5
49534,1693226608888,1692254344647,1692254344650,1693226608895,7,3,4
49535,1693226608895,1692254344655,1692254344658,1693226608903,8,3,5
49536,1693226608903,1692254344663,1692254344666,1693226608912,9,3,6
49537,1693226608912,1692254344671,1692254344675,1693226608920,8,4,4
49538,1693226608920,1692254344679,1692254344683,1693226608927,7,4,3
49539,1693226608927,1692254344687,1692254344692,1693226608937,10,5,5
49540,1693226608937,1692254344696,1692254344699,1693226608944,7,3,4
49541,1693226608944,1692254344703,1692254344707,1693226608952,8,4,4
49542,1693226608952,1692254344711,1692254344715,1693226608959,7,4,3
49543,1693226608959,1692254344719,1692254344722,1693226608968,9,3,6
49544,1693226608968,1692254344728,1692254344731,1693226608976,8,3,5
49545,1693226608976,1692254344735,1692254344739,1693226608984,8,4,4
49546,1693226608984,1692254344744,1692254344747,1693226608992,8,3,5
49547,1693226608992,1692254344751,1692254344755,1693226609000,8,4,4
49548,1693226609000,1692254344759,1692254344763,1693226609008,8,4,4
49549,1693226609008,1692254344767,1692254344771,1693226609015,7,4,3
49550,1693226609015,1692254344776,1692254344779,1693226609024,9,3,6
49551,1693226609024,1692254344789,1692254344793,1693226609038,14,4,10
49552,1693226609038,1692254344798,1692254344801,1693226609046,8,3,5
49553,1693226609046,1692254344806,1692254344808,1693226609053,7,2,5
49554,1693226609053,1692254344812,1692254344815,1693226609060,7,3,4
49555,1693226609060,1692254344819,1692254344822,1693226609067,7,3,4
49556,1693226609067,1692254344828,1692254344831,1693226609076,9,3,6
49557,1693226609076,1692254344836,1692254344839,1693226609084,8,3,5
49558,1693226609084,1692254344844,1692254344847,1693226609092,8,3,5
49559,1693226609092,1692254344851,1692254344854,1693226609099,7,3,4
49560,1693226609099,1692254344859,1692254344863,1693226609108,9,4,5
49561,1693226609108,1692254344868,1692254344871,1693226609116,8,3,5
49562,1693226609116,1692254344876,1692254344878,1693226609123,7,2,5
49563,1693226609123,1692254344883,1692254344885,1693226609130,7,2,5
49564,1693226609130,1692254344890,1692254344894,1693226609138,8,4,4
49565,1693226609138,1692254344898,1692254344901,1693226609146,8,3,5
49566,1693226609146,1692254344906,1692254344909,1693226609154,8,3,5
49567,1693226609154,1692254344914,1692254344918,1693226609162,8,4,4
49568,1693226609162,1692254344922,1692254344925,1693226609170,8,3,5
49569,1693226609170,1692254344931,1692254344934,1693226609179,9,3,6
49570,1693226609179,1692254344938,1692254344942,1693226609186,7,4,3
49571,1693226609186,1692254344946,1692254344949,1693226609194,8,3,5
49572,1693226609194,1692254344954,1692254344957,1693226609202,8,3,5
49573,1693226609202,1692254344962,1692254344965,1693226609210,8,3,5
49574,1693226609210,1692254344970,1692254344973,1693226609217,7,3,4
49575,1693226609217,1692254344977,1692254344980,1693226609225,8,3,5
49576,1693226609225,1692254344985,1692254344988,1693226609233,8,3,5
49577,1693226609233,1692254344993,1692254344997,1693226609241,8,4,4
49578,1693226609242,1692254345001,1692254345005,1693226609250,8,4,4
49579,1693226609251,1692254345010,1692254345013,1693226609257,6,3,3
49580,1693226609257,1692254345017,1692254345020,1693226609265,8,3,5
49581,1693226609265,1692254345025,1692254345028,1693226609275,10,3,7
49582,1693226609275,1692254345035,1692254345039,1693226609284,9,4,5
49583,1693226609284,1692254345043,1692254345046,1693226609291,7,3,4
49584,1693226609291,1692254345056,1692254345060,1693226609305,14,4,10
49585,1693226609305,1692254345064,1692254345068,1693226609313,8,4,4
49586,1693226609313,1692254345072,1692254345075,1693226609320,7,3,4
49587,1693226609320,1692254345080,1692254345083,1693226609328,8,3,5
49588,1693226609328,1692254345088,1692254345091,1693226609336,8,3,5
49589,1693226609336,1692254345095,1692254345099,1693226609344,8,4,4
49590,1693226609344,1692254345104,1692254345107,1693226609352,8,3,5
49591,1693226609352,1692254345112,1692254345116,1693226609360,8,4,4
49592,1693226609360,1692254345119,1692254345122,1693226609367,7,3,4
49593,1693226609367,1692254345127,1692254345131,1693226609377,10,4,6
49594,1693226609377,1692254345137,1692254345141,1693226609386,9,4,5
49595,1693226609386,1692254345146,1692254345148,1693226609393,7,2,5
49596,1693226609393,1692254345154,1692254345157,1693226609402,9,3,6
49597,1693226609402,1692254345162,1692254345167,1693226609412,10,5,5
49598,1693226609412,1692254345172,1692254345175,1693226609419,7,3,4
49599,1693226609419,1692254345178,1692254345182,1693226609427,8,4,4
49600,1693226609427,1692254345186,1692254345190,1693226609435,8,4,4
49601,1693226609435,1692254345195,1692254345197,1693226609442,7,2,5
49602,1693226609442,1692254345204,1692254345208,1693226609453,11,4,7
49603,1693226609453,1692254345212,1692254345215,1693226609460,7,3,4
49604,1693226609460,1692254345219,1692254345223,1693226609467,7,4,3
49605,1693226609467,1692254345227,1692254345230,1693226609474,7,3,4
49606,1693226609474,1692254345234,1692254345236,1693226609481,7,2,5
49607,1693226609481,1692254345241,1692254345245,1693226609489,8,4,4
49608,1693226609489,1692254345249,1692254345252,1693226609497,8,3,5
49609,1693226609497,1692254345256,1692254345259,1693226609504,7,3,4
49610,1693226609504,1692254345263,1692254345266,1693226609511,7,3,4
49611,1693226609511,1692254345271,1692254345275,1693226609520,9,4,5
49612,1693226609520,1692254345279,1692254345283,1693226609527,7,4,3
49613,1693226609527,1692254345287,1692254345290,1693226609535,8,3,5
49614,1693226609535,1692254345294,1692254345298,1693226609542,7,4,3
49615,1693226609542,1692254345302,1692254345305,1693226609550,8,3,5
49616,1693226609550,1692254345310,1692254345313,1693226609558,8,3,5
49617,1693226609558,1692254345317,1692254345320,1693226609565,7,3,4
49618,1693226609565,1692254345325,1692254345329,1693226609574,9,4,5
49619,1693226609574,1692254345334,1692254345336,1693226609584,10,2,8
49620,1693226609584,1692254345343,1692254345347,1693226609592,8,4,4
49621,1693226609592,1692254345351,1692254345354,1693226609598,6,3,3
49622,1693226609598,1692254345358,1692254345361,1693226609606,8,3,5
49623,1693226609606,1692254345366,1692254345369,1693226609613,7,3,4
49624,1693226609614,1692254345373,1692254345376,1693226609621,7,3,4
49625,1693226609621,1692254345380,1692254345383,1693226609628,7,3,4
49626,1693226609628,1692254345387,1692254345390,1693226609635,7,3,4
49627,1693226609635,1692254345394,1692254345399,1693226609644,9,5,4
49628,1693226609644,1692254345406,1692254345409,1693226609654,10,3,7
49629,1693226609654,1692254345424,1692254345428,1693226609673,19,4,15
49630,1693226609673,1692254345433,1692254345435,1693226609680,7,2,5
49631,1693226609680,1692254345443,1692254345446,1693226609694,14,3,11
49632,1693226609694,1692254345453,1692254345456,1693226609701,7,3,4
49633,1693226609701,1692254345461,1692254345464,1693226609709,8,3,5
49634,1693226609709,1692254345468,1692254345472,1693226609717,8,4,4
49635,1693226609717,1692254345478,1692254345482,1693226609727,10,4,6
49636,1693226609727,1692254345486,1692254345489,1693226609734,7,3,4
49637,1693226609734,1692254345493,1692254345496,1693226609741,7,3,4
49638,1693226609741,1692254345501,1692254345504,1693226609749,8,3,5
49639,1693226609749,1692254345509,1692254345512,1693226609757,8,3,5
49640,1693226609757,1692254345516,1692254345519,1693226609765,8,3,5
49641,1693226609765,1692254345524,1692254345528,1693226609773,8,4,4
49642,1693226609773,1692254345532,1692254345536,1693226609781,8,4,4
49643,1693226609781,1692254345540,1692254345543,1693226609788,7,3,4
49644,1693226609788,1692254345547,1692254345550,1693226609795,7,3,4
49645,1693226609795,1692254345554,1692254345557,1693226609802,7,3,4
49646,1693226609802,1692254345564,1692254345570,1693226609815,13,6,7
49647,1693226609815,1692254345576,1692254345579,1693226609824,9,3,6
49648,1693226609824,1692254345584,1692254345586,1693226609831,7,2,5
49649,1693226609831,1692254345591,1692254345594,1693226609839,8,3,5
49650,1693226609839,1692254345598,1692254345601,1693226609846,7,3,4
49651,1693226609846,1692254345606,1692254345608,1693226609853,7,2,5
49652,1693226609853,1692254345612,1692254345615,1693226609860,7,3,4
49653,1693226609860,1692254345620,1692254345624,1693226609868,8,4,4
49654,1693226609868,1692254345627,1692254345630,1693226609875,7,3,4
49655,1693226609875,1692254345634,1692254345637,1693226609882,7,3,4
49656,1693226609882,1692254345642,1692254345645,1693226609890,8,3,5
49657,1693226609890,1692254345649,1692254345652,1693226609897,7,3,4
49658,1693226609897,1692254345658,1692254345660,1693226609905,8,2,6
49659,1693226609905,1692254345665,1692254345668,1693226609913,8,3,5
49660,1693226609913,1692254345672,1692254345676,1693226609921,8,4,4
49661,1693226609921,1692254345681,1692254345684,1693226609928,7,3,4
49662,1693226609928,1692254345687,1692254345690,1693226609935,7,3,4
49663,1693226609935,1692254345695,1692254345699,1693226609944,9,4,5
49664,1693226609944,1692254345703,1692254345706,1693226609951,7,3,4
49665,1693226609951,1692254345711,1692254345714,1693226609958,7,3,4
49666,1693226609958,1692254345718,1692254345721,1693226609966,8,3,5
49667,1693226609966,1692254345725,1692254345729,1693226609973,7,4,3
49668,1693226609973,1692254345733,1692254345736,1693226609981,8,3,5
49669,1693226609981,1692254345741,1692254345744,1693226609989,8,3,5
49670,1693226609989,1692254345750,1692254345755,1693226609999,10,5,5
49671,1693226609999,1692254345759,1692254345762,1693226610007,8,3,5
49672,1693226610007,1692254345769,1692254345772,1693226610017,10,3,7
49673,1693226610017,1692254345776,1692254345780,1693226610024,7,4,3
49674,1693226610024,1692254345784,1692254345786,1693226610031,7,2,5
49675,1693226610031,1692254345790,1692254345793,1693226610038,7,3,4
49676,1693226610038,1692254345797,1692254345800,1693226610045,7,3,4
49677,1693226610045,1692254345804,1692254345807,1693226610052,7,3,4
49678,1693226610052,1692254345812,1692254345816,1693226610061,9,4,5
49679,1693226610061,1692254345822,1692254345825,1693226610070,9,3,6
49680,1693226610070,1692254345829,1692254345832,1693226610077,7,3,4
49681,1693226610077,1692254345836,1692254345840,1693226610084,7,4,3
49682,1693226610084,1692254345844,1692254345848,1693226610094,10,4,6
49683,1693226610094,1692254345854,1692254345858,1693226610102,8,4,4
49684,1693226610102,1692254345862,1692254345865,1693226610110,8,3,5
49685,1693226610110,1692254345871,1692254345874,1693226610119,9,3,6
49686,1693226610119,1692254345878,1692254345881,1693226610126,7,3,4
49687,1693226610126,1692254345885,1692254345888,1693226610133,7,3,4
49688,1693226610133,1692254345893,1692254345896,1693226610140,7,3,4
49689,1693226610140,1692254345899,1692254345902,1693226610147,7,3,4
49690,1693226610147,1692254345907,1692254345910,1693226610155,8,3,5
49691,1693226610155,1692254345915,1692254345918,1693226610163,8,3,5
49692,1693226610163,1692254345922,1692254345928,1693226610173,10,6,4
49693,1693226610173,1692254345933,1692254345936,1693226610181,8,3,5
49694,1693226610181,1692254345941,1692254345944,1693226610189,8,3,5
49695,1693226610189,1692254345949,1692254345951,1693226610197,8,2,6
49696,1693226610197,1692254345957,1692254345960,1693226610205,8,3,5
49697,1693226610205,1692254345964,1692254345967,1693226610212,7,3,4
49698,1693226610212,1692254345971,1692254345975,1693226610219,7,4,3
49699,1693226610219,1692254345979,1692254345982,1693226610227,8,3,5
49700,1693226610227,1692254345986,1692254345990,1693226610235,8,4,4
49701,1693226610235,1692254345995,1692254345999,1693226610243,8,4,4
49702,1693226610243,1692254346003,1692254346006,1693226610251,8,3,5
49703,1693226610251,1692254346010,1692254346014,1693226610259,8,4,4
49704,1693226610259,1692254346018,1692254346023,1693226610269,10,5,5
49705,1693226610269,1692254346032,1692254346035,1693226610280,11,3,8
49706,1693226610280,1692254346040,1692254346045,1693226610290,10,5,5
49707,1693226610290,1692254346049,1692254346052,1693226610299,9,3,6
49708,1693226610299,1692254346062,1692254346066,1693226610311,12,4,8
49709,1693226610311,1692254346070,1692254346074,1693226610318,7,4,3
49710,1693226610318,1692254346078,1692254346081,1693226610326,8,3,5
49711,1693226610326,1692254346086,1692254346089,1693226610333,7,3,4
49712,1693226610333,1692254346092,1692254346095,1693226610340,7,3,4
49713,1693226610340,1692254346100,1692254346103,1693226610348,8,3,5
49714,1693226610348,1692254346108,1692254346110,1693226610355,7,2,5
49715,1693226610355,1692254346115,1692254346118,1693226610363,8,3,5
49716,1693226610363,1692254346124,1692254346127,1693226610372,9,3,6
49717,1693226610372,1692254346131,1692254346134,1693226610379,7,3,4
49718,1693226610379,1692254346139,1692254346142,1693226610387,8,3,5
49719,1693226610387,1692254346146,1692254346149,1693226610394,7,3,4
49720,1693226610394,1692254346154,1692254346157,1693226610402,8,3,5
49721,1693226610402,1692254346162,1692254346164,1693226610409,7,2,5
49722,1693226610409,1692254346168,1692254346172,1693226610417,8,4,4
49723,1693226610417,1692254346178,1692254346182,1693226610426,9,4,5
49724,1693226610426,1692254346186,1692254346189,1693226610434,8,3,5
49725,1693226610434,1692254346194,1692254346197,1693226610442,8,3,5
49726,1693226610442,1692254346202,1692254346205,1693226610450,8,3,5
49727,1693226610450,1692254346209,1692254346212,1693226610457,7,3,4
49728,1693226610457,1692254346217,1692254346220,1693226610464,7,3,4
49729,1693226610464,1692254346224,1692254346229,1693226610473,9,5,4
49730,1693226610473,1692254346233,1692254346236,1693226610481,8,3,5
49731,1693226610481,1692254346241,1692254346244,1693226610489,8,3,5
49732,1693226610489,1692254346248,1692254346251,1693226610496,7,3,4
49733,1693226610496,1692254346255,1692254346258,1693226610504,8,3,5
49734,1693226610504,1692254346263,1692254346266,1693226610511,7,3,4
49735,1693226610511,1692254346271,1692254346274,1693226610518,7,3,4
49736,1693226610519,1692254346278,1692254346281,1693226610526,7,3,4
49737,1693226610526,1692254346286,1692254346289,1693226610533,7,3,4
49738,1693226610533,1692254346292,1692254346295,1693226610540,7,3,4
49739,1693226610540,1692254346299,1692254346302,1693226610546,6,3,3
49740,1693226610546,1692254346307,1692254346310,1693226610555,9,3,6
49741,1693226610555,1692254346314,1692254346317,1693226610562,7,3,4
49742,1693226610562,1692254346322,1692254346325,1693226610570,8,3,5
49743,1693226610570,1692254346330,1692254346334,1693226610579,9,4,5
49744,1693226610579,1692254346339,1692254346342,1693226610586,7,3,4
49745,1693226610587,1692254346346,1692254346349,1693226610594,7,3,4
49746,1693226610594,1692254346354,1692254346357,1693226610601,7,3,4
49747,1693226610601,1692254346364,1692254346367,1693226610612,11,3,8
49748,1693226610612,1692254346372,1692254346375,1693226610620,8,3,5
49749,1693226610620,1692254346380,1692254346384,1693226610628,8,4,4
49750,1693226610629,1692254346388,1692254346391,1693226610636,7,3,4
49751,1693226610636,1692254346396,1692254346400,1693226610645,9,4,5
49752,1693226610645,1692254346404,1692254346407,1693226610652,7,3,4
49753,1693226610652,1692254346412,1692254346415,1693226610659,7,3,4
49754,1693226610659,1692254346419,1692254346424,1693226610668,9,5,4
49755,1693226610669,1692254346428,1692254346431,1693226610676,7,3,4
49756,1693226610676,1692254346436,1692254346439,1693226610684,8,3,5
49757,1693226610684,1692254346444,1692254346447,1693226610692,8,3,5
49758,1693226610692,1692254346451,1692254346454,1693226610699,7,3,4
49759,1693226610699,1692254346458,1692254346461,1693226610706,7,3,4
49760,1693226610706,1692254346467,1692254346469,1693226610714,8,2,6
49761,1693226610714,1692254346474,1692254346476,1693226610721,7,2,5
49762,1693226610721,1692254346481,1692254346484,1693226610728,7,3,4
49763,1693226610728,1692254346488,1692254346491,1693226610736,8,3,5
49764,1693226610736,1692254346495,1692254346498,1693226610743,7,3,4
49765,1693226610743,1692254346503,1692254346506,1693226610751,8,3,5
49766,1693226610751,1692254346511,1692254346514,1693226610759,8,3,5
49767,1693226610759,1692254346519,1692254346522,1693226610767,8,3,5
49768,1693226610767,1692254346526,1692254346529,1693226610775,8,3,5
49769,1693226610775,1692254346534,1692254346538,1693226610783,8,4,4
49770,1693226610783,1692254346542,1692254346545,1693226610790,7,3,4
49771,1693226610790,1692254346549,1692254346552,1693226610798,8,3,5
49772,1693226610798,1692254346558,1692254346562,1693226610807,9,4,5
49773,1693226610807,1692254346569,1692254346572,1693226610817,10,3,7
49774,1693226610817,1692254346576,1692254346580,1693226610825,8,4,4
49775,1693226610825,1692254346585,1692254346588,1693226610833,8,3,5
49776,1693226610833,1692254346593,1692254346595,1693226610841,8,2,6
49777,1693226610841,1692254346600,1692254346604,1693226610849,8,4,4
49778,1693226610849,1692254346608,1692254346612,1693226610856,7,4,3
49779,1693226610856,1692254346616,1692254346621,1693226610866,10,5,5
49780,1693226610866,1692254346626,1692254346629,1693226610874,8,3,5
49781,1693226610874,1692254346635,1692254346638,1693226610883,9,3,6
49782,1693226610883,1692254346643,1692254346646,1693226610891,8,3,5
49783,1693226610891,1692254346658,1692254346662,1693226610907,16,4,12
49784,1693226610907,1692254346666,1692254346670,1693226610915,8,4,4
49785,1693226610915,1692254346674,1692254346677,1693226610922,7,3,4
49786,1693226610922,1692254346682,1692254346684,1693226610929,7,2,5
49787,1693226610929,1692254346691,1692254346695,1693226610940,11,4,7
49788,1693226610940,1692254346705,1692254346708,1693226610953,13,3,10
49789,1693226610953,1692254346713,1692254346716,1693226610962,9,3,6
49790,1693226610962,1692254346726,1692254346729,1693226610974,12,3,9
49791,1693226610974,1692254346734,1692254346738,1693226610983,9,4,5
49792,1693226610983,1692254346742,1692254346745,1693226610990,7,3,4
49793,1693226610990,1692254346749,1692254346752,1693226610997,7,3,4
49794,1693226610997,1692254346757,1692254346761,1693226611005,8,4,4
49795,1693226611006,1692254346765,1692254346768,1693226611013,7,3,4
49796,1693226611013,1692254346774,1692254346778,1693226611023,10,4,6
49797,1693226611023,1692254346783,1692254346786,1693226611031,8,3,5
49798,1693226611031,1692254346790,1692254346794,1693226611039,8,4,4
49799,1693226611039,1692254346799,1692254346802,1693226611047,8,3,5
49800,1693226611047,1692254346806,1692254346810,1693226611055,8,4,4
49801,1693226611055,1692254346814,1692254346816,1693226611061,6,2,4
49802,1693226611061,1692254346821,1692254346824,1693226611069,8,3,5
49803,1693226611069,1692254346829,1692254346833,1693226611077,8,4,4
49804,1693226611077,1692254346837,1692254346840,1693226611085,8,3,5
49805,1693226611085,1692254346845,1692254346848,1693226611093,8,3,5
49806,1693226611093,1692254346853,1692254346856,1693226611101,8,3,5
49807,1693226611101,1692254346860,1692254346864,1693226611109,8,4,4
49808,1693226611109,1692254346869,1692254346873,1693226611118,9,4,5
49809,1693226611118,1692254346877,1692254346880,1693226611125,7,3,4
49810,1693226611126,1692254346885,1692254346888,1693226611133,7,3,4
49811,1693226611133,1692254346893,1692254346895,1693226611140,7,2,5
49812,1693226611140,1692254346900,1692254346904,1693226611149,9,4,5
49813,1693226611149,1692254346909,1692254346912,1693226611157,8,3,5
49814,1693226611157,1692254346916,1692254346919,1693226611165,8,3,5
49815,1693226611165,1692254346926,1692254346929,1693226611174,9,3,6
49816,1693226611174,1692254346934,1692254346939,1693226611184,10,5,5
49817,1693226611184,1692254346944,1692254346947,1693226611192,8,3,5
49818,1693226611192,1692254346952,1692254346955,1693226611199,7,3,4
49819,1693226611199,1692254346960,1692254346963,1693226611207,8,3,5
49820,1693226611207,1692254346967,1692254346970,1693226611215,8,3,5
49821,1693226611215,1692254346974,1692254346977,1693226611222,7,3,4
49822,1693226611222,1692254346982,1692254346985,1693226611230,8,3,5
49823,1693226611230,1692254346990,1692254346993,1693226611238,8,3,5
49824,1693226611238,1692254346997,1692254347000,1693226611245,7,3,4
49825,1693226611245,1692254347004,1692254347008,1693226611253,8,4,4
49826,1693226611253,1692254347012,1692254347015,1693226611260,7,3,4
49827,1693226611260,1692254347020,1692254347023,1693226611268,8,3,5
49828,1693226611268,1692254347028,1692254347032,1693226611277,9,4,5
49829,1693226611277,1692254347036,1692254347039,1693226611284,7,3,4
49830,1693226611284,1692254347043,1692254347046,1693226611290,6,3,3
49831,1693226611290,1692254347049,1692254347053,1693226611298,8,4,4
49832,1693226611298,1692254347057,1692254347061,1693226611306,8,4,4
49833,1693226611306,1692254347069,1692254347073,1693226611318,12,4,8
49834,1693226611318,1692254347078,1692254347082,1693226611327,9,4,5
49835,1693226611327,1692254347086,1692254347089,1693226611334,7,3,4
49836,1693226611334,1692254347094,1692254347098,1693226611343,9,4,5
49837,1693226611343,1692254347102,1692254347105,1693226611350,7,3,4
49838,1693226611350,1692254347110,1692254347114,1693226611359,9,4,5
49839,1693226611359,1692254347119,1692254347124,1693226611369,10,5,5
49840,1693226611369,1692254347129,1692254347132,1693226611377,8,3,5
49841,1693226611377,1692254347137,1692254347141,1693226611386,9,4,5
49842,1693226611386,1692254347145,1692254347149,1693226611394,8,4,4
49843,1693226611394,1692254347153,1692254347157,1693226611401,7,4,3
49844,1693226611401,1692254347161,1692254347164,1693226611409,8,3,5
49845,1693226611409,1692254347169,1692254347172,1693226611417,8,3,5
49846,1693226611417,1692254347177,1692254347181,1693226611426,9,4,5
49847,1693226611426,1692254347185,1692254347188,1693226611433,7,3,4
49848,1693226611433,1692254347193,1692254347196,1693226611441,8,3,5
49849,1693226611441,1692254347200,1692254347204,1693226611449,8,4,4
49850,1693226611449,1692254347208,1692254347212,1693226611456,7,4,3
49851,1693226611456,1692254347215,1692254347219,1693226611464,8,4,4
49852,1693226611464,1692254347224,1692254347228,1693226611473,9,4,5
49853,1693226611473,1692254347234,1692254347237,1693226611482,9,3,6
49854,1693226611482,1692254347241,1692254347244,1693226611488,6,3,3
49855,1693226611488,1692254347248,1692254347251,1693226611496,8,3,5
49856,1693226611496,1692254347256,1692254347259,1693226611504,8,3,5
49857,1693226611504,1692254347264,1692254347268,1693226611512,8,4,4
49858,1693226611512,1692254347273,1692254347275,1693226611520,8,2,6
49859,1693226611520,1692254347287,1692254347289,1693226611534,14,2,12
49860,1693226611534,1692254347294,1692254347297,1693226611542,8,3,5
49861,1693226611542,1692254347301,1692254347305,1693226611550,8,4,4
49862,1693226611550,1692254347309,1692254347312,1693226611558,8,3,5
49863,1693226611558,1692254347318,1692254347321,1693226611565,7,3,4
49864,1693226611565,1692254347325,1692254347328,1693226611572,7,3,4
49865,1693226611572,1692254347331,1692254347334,1693226611579,7,3,4
49866,1693226611579,1692254347339,1692254347342,1693226611586,7,3,4
49867,1693226611586,1692254347346,1692254347350,1693226611595,9,4,5
49868,1693226611595,1692254347355,1692254347358,1693226611602,7,3,4
49869,1693226611602,1692254347362,1692254347365,1693226611610,8,3,5
49870,1693226611610,1692254347369,1692254347372,1693226611617,7,3,4
49871,1693226611617,1692254347377,1692254347380,1693226611625,8,3,5
49872,1693226611625,1692254347384,1692254347387,1693226611631,6,3,3
49873,1693226611631,1692254347391,1692254347394,1693226611639,8,3,5
49874,1693226611639,1692254347399,1692254347402,1693226611646,7,3,4
49875,1693226611646,1692254347407,1692254347410,1693226611654,8,3,5
49876,1693226611654,1692254347414,1692254347417,1693226611662,8,3,5
49877,1693226611662,1692254347423,1692254347426,1693226611670,8,3,5
49878,1693226611670,1692254347430,1692254347434,1693226611678,8,4,4
49879,1693226611678,1692254347438,1692254347441,1693226611686,8,3,5
49880,1693226611686,1692254347445,1692254347448,1693226611693,7,3,4
49881,1693226611693,1692254347452,1692254347454,1693226611699,6,2,4
49882,1693226611699,1692254347459,1692254347462,1693226611707,8,3,5
49883,1693226611707,1692254347466,1692254347469,1693226611714,7,3,4
49884,1693226611714,1692254347474,1692254347477,1693226611722,8,3,5
49885,1693226611722,1692254347482,1692254347485,1693226611729,7,3,4
49886,1693226611729,1692254347491,1692254347494,1693226611738,9,3,6
49887,1693226611738,1692254347498,1692254347501,1693226611746,8,3,5
49888,1693226611746,1692254347505,1692254347508,1693226611753,7,3,4
49889,1693226611753,1692254347512,1692254347517,1693226611762,9,5,4
49890,1693226611762,1692254347522,1692254347524,1693226611769,7,2,5
49891,1693226611769,1692254347528,1692254347531,1693226611776,7,3,4
49892,1693226611776,1692254347536,1692254347538,1693226611783,7,2,5
49893,1693226611783,1692254347543,1692254347546,1693226611790,7,3,4
49894,1693226611790,1692254347549,1692254347553,1693226611798,8,4,4
49895,1693226611798,1692254347559,1692254347562,1693226611807,9,3,6
49896,1693226611807,1692254347566,1692254347571,1693226611816,9,5,4
49897,1693226611816,1692254347575,1692254347579,1693226611824,8,4,4
49898,1693226611824,1692254347583,1692254347587,1693226611831,7,4,3
49899,1693226611831,1692254347593,1692254347596,1693226611841,10,3,7
49900,1693226611841,1692254347601,1692254347604,1693226611848,7,3,4
49901,1693226611848,1692254347607,1692254347611,1693226611856,8,4,4
49902,1693226611856,1692254347615,1692254347618,1693226611863,7,3,4
49903,1693226611863,1692254347622,1692254347625,1693226611870,7,3,4
49904,1693226611870,1692254347629,1692254347633,1693226611878,8,4,4
49905,1693226611878,1692254347638,1692254347641,1693226611886,8,3,5
49906,1693226611886,1692254347646,1692254347649,1693226611894,8,3,5
49907,1693226611894,1692254347653,1692254347656,1693226611901,7,3,4
49908,1693226611901,1692254347661,1692254347664,1693226611909,8,3,5
49909,1693226611909,1692254347669,1692254347672,1693226611917,8,3,5
49910,1693226611917,1692254347676,1692254347679,1693226611924,7,3,4
49911,1693226611924,1692254347683,1692254347687,1693226611932,8,4,4
49912,1693226611932,1692254347695,1692254347698,1693226611943,11,3,8
49913,1693226611943,1692254347702,1692254347705,1693226611950,7,3,4
49914,1693226611950,1692254347710,1692254347714,1693226611958,8,4,4
49915,1693226611958,1692254347718,1692254347721,1693226611966,8,3,5
49916,1693226611966,1692254347726,1692254347728,1693226611973,7,2,5
49917,1693226611973,1692254347732,1692254347736,1693226611981,8,4,4
49918,1693226611981,1692254347741,1692254347744,1693226611989,8,3,5
49919,1693226611989,1692254347749,1692254347752,1693226611997,8,3,5
49920,1693226611997,1692254347757,1692254347761,1693226612006,9,4,5
49921,1693226612006,1692254347766,1692254347769,1693226612014,8,3,5
49922,1693226612014,1692254347774,1692254347777,1693226612022,8,3,5
49923,1693226612022,1692254347782,1692254347785,1693226612031,9,3,6
49924,1693226612031,1692254347790,1692254347794,1693226612040,9,4,5
49925,1693226612040,1692254347800,1692254347804,1693226612049,9,4,5
49926,1693226612049,1692254347808,1692254347813,1693226612058,9,5,4
49927,1693226612058,1692254347818,1692254347822,1693226612067,9,4,5
49928,1693226612067,1692254347827,1692254347830,1693226612075,8,3,5
49929,1693226612075,1692254347835,1692254347838,1693226612083,8,3,5
49930,1693226612083,1692254347843,1692254347846,1693226612091,8,3,5
49931,1693226612091,1692254347851,1692254347854,1693226612098,7,3,4
49932,1693226612098,1692254347858,1692254347861,1693226612105,7,3,4
49933,1693226612105,1692254347866,1692254347869,1693226612114,9,3,6
49934,1693226612114,1692254347873,1692254347876,1693226612121,7,3,4
49935,1693226612121,1692254347881,1692254347885,1693226612130,9,4,5
49936,1693226612130,1692254347889,1692254347892,1693226612137,7,3,4
49937,1693226612137,1692254347897,1692254347899,1693226612144,7,2,5
49938,1693226612144,1692254347903,1692254347907,1693226612152,8,4,4
49939,1693226612152,1692254347912,1692254347915,1693226612162,10,3,7
49940,1693226612162,1692254347921,1692254347925,1693226612170,8,4,4
49941,1693226612170,1692254347930,1692254347934,1693226612178,8,4,4
49942,1693226612178,1692254347940,1692254347944,1693226612189,11,4,7
49943,1693226612189,1692254347949,1692254347952,1693226612197,8,3,5
49944,1693226612197,1692254347956,1692254347960,1693226612205,8,4,4
49945,1693226612205,1692254347967,1692254347971,1693226612215,10,4,6
49946,1693226612215,1692254347975,1692254347978,1693226612223,8,3,5
49947,1693226612223,1692254347988,1692254347991,1693226612236,13,3,10
49948,1693226612236,1692254347995,1692254347999,1693226612245,9,4,5
49949,1693226612245,1692254348009,1692254348012,1693226612257,12,3,9
49950,1693226612257,1692254348017,1692254348020,1693226612265,8,3,5
49951,1693226612265,1692254348024,1692254348027,1693226612271,6,3,3
49952,1693226612271,1692254348031,1692254348034,1693226612279,8,3,5
49953,1693226612279,1692254348039,1692254348042,1693226612287,8,3,5
49954,1693226612287,1692254348047,1692254348051,1693226612296,9,4,5
49955,1693226612296,1692254348056,1692254348059,1693226612303,7,3,4
49956,1693226612304,1692254348063,1692254348066,1693226612310,6,3,3
49957,1693226612311,1692254348074,1692254348078,1693226612323,12,4,8
49958,1693226612323,1692254348083,1692254348086,1693226612331,8,3,5
49959,1693226612331,1692254348091,1692254348094,1693226612339,8,3,5
49960,1693226612339,1692254348099,1692254348102,1693226612347,8,3,5
49961,1693226612347,1692254348106,1692254348109,1693226612354,7,3,4
49962,1693226612354,1692254348113,1692254348119,1693226612364,10,6,4
49963,1693226612364,1692254348124,1692254348128,1693226612372,8,4,4
49964,1693226612372,1692254348134,1692254348138,1693226612382,10,4,6
49965,1693226612382,1692254348142,1692254348144,1693226612389,7,2,5
49966,1693226612389,1692254348149,1692254348153,1693226612398,9,4,5
49967,1693226612398,1692254348157,1692254348160,1693226612405,7,3,4
49968,1693226612405,1692254348164,1692254348168,1693226612413,8,4,4
49969,1693226612413,1692254348173,1692254348176,1693226612422,9,3,6
49970,1693226612422,1692254348181,1692254348184,1693226612429,7,3,4
49971,1693226612429,1692254348189,1692254348192,1693226612436,7,3,4
49972,1693226612436,1692254348196,1692254348199,1693226612444,8,3,5
49973,1693226612444,1692254348204,1692254348207,1693226612452,8,3,5
49974,1693226612452,1692254348212,1692254348216,1693226612461,9,4,5
49975,1693226612461,1692254348220,1692254348223,1693226612467,6,3,3
49976,1693226612467,1692254348227,1692254348231,1693226612476,9,4,5
49977,1693226612476,1692254348237,1692254348240,1693226612485,9,3,6
49978,1693226612485,1692254348245,1692254348249,1693226612494,9,4,5
49979,1693226612494,1692254348254,1692254348257,1693226612502,8,3,5
49980,1693226612502,1692254348261,1692254348265,1693226612509,7,4,3
49981,1693226612509,1692254348268,1692254348272,1693226612517,8,4,4
49982,1693226612517,1692254348279,1692254348283,1693226612528,11,4,7
49983,1693226612528,1692254348288,1692254348291,1693226612536,8,3,5
49984,1693226612536,1692254348296,1692254348299,1693226612543,7,3,4
49985,1693226612543,1692254348303,1692254348306,1693226612552,9,3,6
49986,1693226612552,1692254348312,1692254348315,1693226612560,8,3,5
49987,1693226612560,1692254348319,1692254348323,1693226612567,7,4,3
49988,1693226612567,1692254348327,1692254348331,1693226612575,8,4,4
49989,1693226612575,1692254348335,1692254348338,1693226612583,8,3,5
49990,1693226612583,1692254348342,1692254348345,1693226612590,7,3,4
49991,1693226612590,1692254348349,1692254348352,1693226612597,7,3,4
49992,1693226612597,1692254348356,1692254348359,1693226612604,7,3,4
49993,1693226612604,1692254348363,1692254348366,1693226612611,7,3,4
49994,1693226612611,1692254348371,1692254348374,1693226612620,9,3,6
49995,1693226612620,1692254348381,1692254348385,1693226612629,9,4,5
49996,1693226612629,1692254348389,1692254348392,1693226612636,7,3,4
49997,1693226612636,1692254348395,1692254348398,1693226612643,7,3,4
49998,1693226612643,1692254348403,1692254348406,1693226612651,8,3,5
49999,1693226612651,1692254348412,1692254348417,1693226612662,11,5,6
50000,1693226612662,1692254348422,1692254348425,1693226612669,7,3,4
50001,1693226612669,1692254348429,1692254348432,1693226612677,8,3,5
50002,1693226612677,1692254348436,1692254348439,1693226612685,8,3,5
50003,1693226612685,1692254348445,1692254348448,1693226612693,8,3,5
50004,1693226612694,1692254348453,1692254348456,1693226612701,7,3,4
50005,1693226612701,1692254348461,1692254348465,1693226612710,9,4,5
50006,1693226612710,1692254348469,1692254348472,1693226612717,7,3,4
50007,1693226612717,1692254348476,1692254348479,1693226612724,7,3,4
50008,1693226612724,1692254348484,1692254348487,1693226612732,8,3,5
50009,1693226612732,1692254348492,1692254348495,1693226612740,8,3,5
50010,1693226612740,1692254348500,1692254348503,1693226612747,7,3,4
50011,1693226612747,1692254348507,1692254348510,1693226612757,10,3,7
50012,1693226612757,1692254348518,1692254348521,1693226612765,8,3,5
50013,1693226612765,1692254348525,1692254348529,1693226612774,9,4,5
50014,1693226612774,1692254348534,1692254348537,1693226612782,8,3,5
50015,1693226612782,1692254348541,1692254348544,1693226612789,7,3,4
50016,1693226612789,1692254348552,1692254348555,1693226612800,11,3,8
50017,1693226612800,1692254348560,1692254348563,1693226612808,8,3,5
50018,1693226612808,1692254348567,1692254348571,1693226612815,7,4,3
50019,1693226612815,1692254348575,1692254348578,1693226612824,9,3,6
50020,1693226612824,1692254348583,1692254348586,1693226612831,7,3,4
50021,1693226612831,1692254348590,1692254348594,1693226612838,7,4,3
50022,1693226612838,1692254348598,1692254348602,1693226612847,9,4,5
50023,1693226612847,1692254348607,1692254348610,1693226612854,7,3,4
50024,1693226612855,1692254348616,1692254348619,1693226612864,9,3,6
50025,1693226612864,1692254348624,1692254348627,1693226612872,8,3,5
50026,1693226612872,1692254348631,1692254348634,1693226612879,7,3,4
50027,1693226612879,1692254348638,1692254348642,1693226612887,8,4,4
50028,1693226612887,1692254348647,1692254348650,1693226612894,7,3,4
50029,1693226612894,1692254348654,1692254348657,1693226612902,8,3,5
50030,1693226612902,1692254348662,1692254348665,1693226612909,7,3,4
50031,1693226612909,1692254348669,1692254348673,1693226612917,8,4,4
50032,1693226612917,1692254348677,1692254348680,1693226612925,8,3,5
50033,1693226612925,1692254348684,1692254348688,1693226612933,8,4,4
50034,1693226612933,1692254348693,1692254348696,1693226612942,9,3,6
50035,1693226612942,1692254348702,1692254348705,1693226612950,8,3,5
50036,1693226612950,1692254348710,1692254348714,1693226612962,12,4,8
50037,1693226612962,1692254348721,1692254348725,1693226612970,8,4,4
50038,1693226612970,1692254348730,1692254348734,1693226612979,9,4,5
50039,1693226612979,1692254348739,1692254348743,1693226612988,9,4,5
50040,1693226612988,1692254348748,1692254348752,1693226612997,9,4,5
50041,1693226612997,1692254348757,1692254348760,1693226613005,8,3,5
50042,1693226613005,1692254348765,1692254348768,1693226613013,8,3,5
50043,1693226613013,1692254348773,1692254348776,1693226613021,8,3,5
50044,1693226613021,1692254348781,1692254348784,1693226613030,9,3,6
50045,1693226613030,1692254348791,1692254348794,1693226613039,9,3,6
50046,1693226613039,1692254348799,1692254348802,1693226613047,8,3,5
50047,1693226613047,1692254348807,1692254348812,1693226613056,9,5,4
50048,1693226613056,1692254348816,1692254348818,1693226613064,8,2,6
50049,1693226613064,1692254348824,1692254348827,1693226613072,8,3,5
50050,1693226613072,1692254348833,1692254348836,1693226613082,10,3,7
50051,1693226613082,1692254348841,1692254348844,1693226613089,7,3,4
50052,1693226613089,1692254348848,1692254348851,1693226613096,7,3,4
50053,1693226613096,1692254348856,1692254348859,1693226613104,8,3,5
50054,1693226613104,1692254348864,1692254348868,1693226613112,8,4,4
50055,1693226613112,1692254348872,1692254348875,1693226613120,8,3,5
50056,1693226613120,1692254348880,1692254348883,1693226613127,7,3,4
50057,1693226613127,1692254348887,1692254348891,1693226613139,12,4,8
50058,1693226613139,1692254348898,1692254348902,1693226613146,7,4,3
50059,1693226613146,1692254348906,1692254348910,1693226613155,9,4,5
50060,1693226613155,1692254348915,1692254348918,1693226613163,8,3,5
50061,1693226613163,1692254348924,1692254348927,1693226613172,9,3,6
50062,1693226613172,1692254348932,1692254348935,1693226613180,8,3,5
50063,1693226613180,1692254348942,1692254348945,1693226613190,10,3,7
50064,1693226613190,1692254348949,1692254348952,1693226613197,7,3,4
50065,1693226613197,1692254348957,1692254348961,1693226613205,8,4,4
50066,1693226613206,1692254348965,1692254348968,1693226613213,7,3,4
50067,1693226613213,1692254348973,1692254348976,1693226613221,8,3,5
50068,1693226613221,1692254348981,1692254348984,1693226613229,8,3,5
50069,1693226613229,1692254348991,1692254348994,1693226613239,10,3,7
50070,1693226613239,1692254348998,1692254349002,1693226613246,7,4,3
50071,1693226613246,1692254349005,1692254349008,1693226613253,7,3,4
50072,1693226613253,1692254349013,1692254349016,1693226613260,7,3,4
50073,1693226613260,1692254349019,1692254349025,1693226613269,9,6,3
50074,1693226613270,1692254349030,1692254349034,1693226613279,9,4,5
50075,1693226613279,1692254349038,1692254349041,1693226613286,7,3,4
50076,1693226613286,1692254349045,1692254349048,1693226613294,8,3,5
50077,1693226613294,1692254349054,1692254349057,1693226613302,8,3,5
50078,1693226613302,1692254349061,1692254349064,1693226613309,7,3,4
50079,1693226613309,1692254349069,1692254349072,1693226613316,7,3,4
50080,1693226613316,1692254349080,1692254349083,1693226613328,12,3,9
50081,1693226613328,1692254349087,1692254349090,1693226613335,7,3,4
50082,1693226613335,1692254349094,1692254349098,1693226613342,7,4,3
50083,1693226613342,1692254349102,1692254349105,1693226613349,7,3,4
50084,1693226613349,1692254349109,1692254349113,1693226613358,9,4,5
50085,1693226613358,1692254349118,1692254349120,1693226613365,7,2,5
50086,1693226613365,1692254349128,1692254349132,1693226613377,12,4,8
50087,1693226613377,1692254349137,1692254349140,1693226613385,8,3,5
50088,1693226613385,1692254349145,1692254349149,1693226613394,9,4,5
50089,1693226613394,1692254349158,1692254349162,1693226613407,13,4,9
50090,1693226613407,1692254349166,1692254349170,1693226613415,8,4,4
50091,1693226613415,1692254349175,1692254349178,1693226613423,8,3,5
50092,1693226613423,1692254349182,1692254349185,1693226613430,7,3,4
50093,1693226613430,1692254349190,1692254349194,1693226613439,9,4,5
50094,1693226613439,1692254349198,1692254349202,1693226613447,8,4,4
50095,1693226613447,1692254349206,1692254349209,1693226613454,7,3,4
50096,1693226613454,1692254349213,1692254349217,1693226613461,7,4,3
50097,1693226613461,1692254349221,1692254349223,1693226613468,7,2,5
50098,1693226613468,1692254349228,1692254349231,1693226613476,8,3,5
50099,1693226613476,1692254349235,1692254349239,1693226613483,7,4,3
50100,1693226613483,1692254349243,1692254349247,1693226613493,10,4,6
50101,1693226613493,1692254349252,1692254349255,1693226613500,7,3,4
50102,1693226613500,1692254349259,1692254349262,1693226613507,7,3,4
50103,1693226613507,1692254349268,1692254349271,1693226613515,8,3,5
50104,1693226613516,1692254349275,1692254349279,1693226613523,7,4,3
50105,1693226613523,1692254349289,1692254349292,1693226613536,13,3,10
50106,1693226613536,1692254349296,1692254349301,1693226613546,10,5,5
50107,1693226613546,1692254349305,1692254349308,1693226613553,7,3,4
50108,1693226613553,1692254349312,1692254349316,1693226613560,7,4,3
50109,1693226613560,1692254349320,1692254349325,1693226613570,10,5,5
50110,1693226613570,1692254349329,1692254349333,1693226613577,7,4,3
50111,1693226613577,1692254349337,1692254349341,1693226613585,8,4,4
50112,1693226613585,1692254349344,1692254349348,1693226613592,7,4,3
50113,1693226613592,1692254349353,1692254349357,1693226613602,10,4,6
50114,1693226613602,1692254349362,1692254349366,1693226613610,8,4,4
50115,1693226613610,1692254349370,1692254349373,1693226613618,8,3,5
50116,1693226613618,1692254349378,1692254349382,1693226613627,9,4,5
50117,1693226613627,1692254349389,1692254349392,1693226613637,10,3,7
50118,1693226613637,1692254349397,1692254349400,1693226613645,8,3,5
50119,1693226613645,1692254349405,1692254349408,1693226613653,8,3,5
50120,1693226613653,1692254349412,1692254349415,1693226613660,7,3,4
50121,1693226613660,1692254349420,1692254349423,1693226613668,8,3,5
50122,1693226613668,1692254349428,1692254349431,1693226613680,12,3,9
50123,1693226613680,1692254349439,1692254349443,1693226613688,8,4,4
50124,1693226613688,1692254349447,1692254349450,1693226613694,6,3,3
50125,1693226613694,1692254349454,1692254349458,1693226613703,9,4,5
50126,1693226613703,1692254349467,1692254349470,1693226613715,12,3,9
50127,1693226613715,1692254349475,1692254349478,1693226613723,8,3,5
50128,1693226613723,1692254349482,1692254349485,1693226613730,7,3,4
50129,1693226613730,1692254349490,1692254349493,1693226613738,8,3,5
50130,1693226613738,1692254349498,1692254349501,1693226613746,8,3,5
50131,1693226613746,1692254349507,1692254349510,1693226613756,10,3,7
50132,1693226613756,1692254349515,1692254349519,1693226613764,8,4,4
50133,1693226613764,1692254349523,1692254349527,1693226613772,8,4,4
50134,1693226613772,1692254349532,1692254349535,1693226613781,9,3,6
50135,1693226613781,1692254349541,1692254349544,1693226613789,8,3,5
50136,1693226613789,1692254349548,1692254349552,1693226613797,8,4,4
50137,1693226613797,1692254349556,1692254349558,1693226613803,6,2,4
50138,1693226613803,1692254349563,1692254349566,1693226613811,8,3,5
50139,1693226613811,1692254349572,1692254349575,1693226613819,8,3,5
50140,1693226613819,1692254349581,1692254349584,1693226613828,9,3,6
50141,1693226613828,1692254349588,1692254349591,1693226613836,8,3,5
50142,1693226613836,1692254349595,1692254349599,1693226613844,8,4,4
50143,1693226613844,1692254349603,1692254349607,1693226613852,8,4,4
50144,1693226613852,1692254349613,1692254349616,1693226613861,9,3,6
50145,1693226613861,1692254349620,1692254349623,1693226613870,9,3,6
50146,1693226613870,1692254349631,1692254349635,1693226613880,10,4,6
50147,1693226613880,1692254349642,1692254349646,1693226613891,11,4,7
50148,1693226614069,1692254349833,1692254349837,1693226614082,13,4,9
50149,1693226614082,1692254349842,1692254349847,1693226614092,10,5,5
50150,1693226614092,1692254349852,1692254349856,1693226614102,10,4,6
50151,1693226614102,1692254349863,1692254349869,1693226614114,12,6,6
50152,1693226614114,1692254349874,1692254349878,1693226614123,9,4,5
50153,1693226614123,1692254349883,1692254349887,1693226614138,15,4,11
50154,1693226614138,1692254349898,1692254349902,1693226614147,9,4,5
50155,1693226614147,1692254349907,1692254349910,1693226614155,8,3,5
50156,1693226614155,1692254349916,1692254349919,1693226614170,15,3,12
50157,1693226614170,1692254349939,1692254349944,1693226614190,20,5,15
50158,1693226614190,1692254349958,1692254349962,1693226614206,16,4,12
50159,1693226614206,1692254349967,1692254349970,1693226614215,9,3,6
50160,1693226614215,1692254349985,1692254349988,1693226614232,17,3,14
50161,1693226614232,1692254349993,1692254349996,1693226614243,11,3,8
50162,1693226614243,1692254350006,1692254350009,1693226614257,14,3,11
50163,1693226614257,1692254350018,1692254350021,1693226614268,11,3,8
50164,1693226614268,1692254350028,1692254350032,1693226614277,9,4,5
50165,1693226614277,1692254350090,1692254350093,1693226614339,62,3,59
50166,1693226614339,1692254350114,1692254350118,1693226614365,26,4,22
50167,1693226614365,1692254350140,1692254350144,1693226614389,24,4,20
50168,1693226614389,1692254350150,1692254350153,1693226614398,9,3,6
50169,1693226614398,1692254350202,1692254350205,1693226614450,52,3,49
50170,1693226614450,1692254350211,1692254350214,1693226614458,8,3,5
50171,1693226614458,1692254350218,1692254350221,1693226614466,8,3,5
50172,1693226614466,1692254350225,1692254350228,1693226614473,7,3,4
50173,1693226614473,1692254350235,1692254350238,1693226614483,10,3,7
50174,1693226614483,1692254350243,1692254350247,1693226614491,8,4,4
50175,1693226614491,1692254350250,1692254350253,1693226614499,8,3,5
50176,1693226614499,1692254350266,1692254350269,1693226614514,15,3,12
50177,1693226614514,1692254350275,1692254350278,1693226614524,10,3,7
50178,1693226614524,1692254350305,1692254350308,1693226614553,29,3,26
50179,1693226614553,1692254350313,1692254350316,1693226614561,8,3,5
50180,1693226614561,1692254350334,1692254350336,1693226614581,20,2,18
50181,1693226614581,1692254350345,1692254350349,1693226614593,12,4,8
50182,1693226614593,1692254350366,1692254350369,1693226614614,21,3,18
50183,1693226614614,1692254350373,1692254350379,1693226614623,9,6,3
50184,1693226614623,1692254350384,1692254350387,1693226614632,9,3,6
50185,1693226614632,1692254350391,1692254350394,1693226614639,7,3,4
50186,1693226614639,1692254350405,1692254350408,1693226614653,14,3,11
50187,1693226614653,1692254350413,1692254350416,1693226614661,8,3,5
50188,1693226614661,1692254350422,1692254350425,1693226614670,9,3,6
50189,1693226614670,1692254350430,1692254350433,1693226614677,7,3,4
50190,1693226614677,1692254350436,1692254350439,1693226614684,7,3,4
50191,1693226614684,1692254350465,1692254350468,1693226614713,29,3,26
50192,1693226614713,1692254350472,1692254350475,1693226614720,7,3,4
50193,1693226614720,1692254350479,1692254350483,1693226614727,7,4,3
50194,1693226614727,1692254350488,1692254350491,1693226614735,8,3,5
50195,1693226614735,1692254350495,1692254350498,1693226614743,8,3,5
50196,1693226614743,1692254350503,1692254350505,1693226614750,7,2,5
50197,1693226614750,1692254350510,1692254350513,1693226614757,7,3,4
50198,1693226614757,1692254350516,1692254350520,1693226614765,8,4,4
50199,1693226614765,1692254350524,1692254350528,1693226614772,7,4,3
50200,1693226614772,1692254350532,1692254350535,1693226614781,9,3,6
50201,1693226614781,1692254350541,1692254350544,1693226614788,7,3,4
50202,1693226614789,1692254350555,1692254350558,1693226614805,16,3,13
50203,1693226614805,1692254350568,1692254350572,1693226614816,11,4,7
50204,1693226614816,1692254350593,1692254350595,1693226614840,24,2,22
50205,1693226614840,1692254350600,1692254350603,1693226614847,7,3,4
50206,1693226614847,1692254350607,1692254350610,1693226614855,8,3,5
50207,1693226614855,1692254350646,1692254350650,1693226614895,40,4,36
50208,1693226614895,1692254350697,1692254350700,1693226614945,50,3,47
50209,1693226614945,1692254350757,1692254350760,1693226615005,60,3,57
50210,1693226615005,1692254350764,1692254350767,1693226615012,7,3,4
50211,1693226615012,1692254350817,1692254350820,1693226615065,53,3,50
50212,1693226615065,1692254350828,1692254350831,1693226615076,11,3,8
50213,1693226615076,1692254350836,1692254350839,1693226615084,8,3,5
50214,1693226615084,1692254350845,1692254350849,1693226615094,10,4,6
50215,1693226615094,1692254350853,1692254350856,1693226615101,7,3,4
50216,1693226615101,1692254350860,1692254350863,1693226615108,7,3,4
50217,1693226615108,1692254350901,1692254350904,1693226615149,41,3,38
50218,1693226615149,1692254350922,1692254350924,1693226615169,20,2,18
50219,1693226615169,1692254350929,1692254350931,1693226615180,11,2,9
50220,1693226615180,1692254350940,1692254350949,1693226615194,14,9,5
50221,1693226615195,1692254351105,1692254351109,1693226615374,179,4,175
50222,1693226615374,1692254351134,1692254351137,1693226615382,8,3,5
50223,1693226615382,1692254351142,1692254351145,1693226615390,8,3,5
50224,1693226615390,1692254351205,1692254351208,1693226615453,63,3,60
50225,1693226615453,1692254351217,1692254351220,1693226615465,12,3,9
50226,1693226615465,1692254351305,1692254351309,1693226615554,89,4,85
50227,1693226615554,1692254351314,1692254351376,1693226615621,67,62,5
50228,1693226615621,1692254351427,1692254351429,1693226615674,53,2,51
50229,1693226615674,1692254351434,1692254351436,1693226615681,7,2,5
50230,1693226615681,1692254351441,1692254351443,1693226615688,7,2,5
50231,1693226615688,1692254351449,1692254351452,1693226615697,9,3,6
50232,1693226615697,1692254351478,1692254351481,1693226615727,30,3,27
50233,1693226615727,1692254351673,1692254351676,1693226615921,194,3,191
50234,1693226615921,1692254351696,1692254351699,1693226615944,23,3,20
50235,1693226615944,1692254351708,1692254351712,1693226615957,13,4,9
50236,1693226615957,1692254351726,1692254351728,1693226615973,16,2,14
50237,1693226615973,1692254351738,1692254351742,1693226615987,14,4,10
50238,1693226615987,1692254351750,1692254351753,1693226616000,13,3,10
50239,1693226616000,1692254351760,1692254351764,1693226616009,9,4,5
50240,1693226616009,1692254351769,1692254351799,1693226616045,36,30,6
50241,1693226616045,1692254351929,1692254351932,1693226616177,132,3,129
50242,1693226616177,1692254351943,1692254351946,1693226616191,14,3,11
50243,1693226616191,1692254351952,1692254351960,1693226616205,14,8,6
50244,1693226616205,1692254352094,1692254352105,1693226616350,145,11,134
50245,1693226616350,1692254352129,1692254352132,1693226616377,27,3,24
50246,1693226616377,1692254352137,1692254352140,1693226616385,8,3,5
50247,1693226616385,1692254352155,1692254352158,1693226616403,18,3,15
50248,1693226616403,1692254352221,1692254352225,1693226616469,66,4,62
50249,1693226616469,1692254352234,1692254352237,1693226616482,13,3,10
50250,1693226616482,1692254352249,1692254352252,1693226616497,15,3,12
50251,1693226616497,1692254352277,1692254352280,1693226616525,28,3,25
50252,1693226616525,1692254352306,1692254352309,1693226616554,29,3,26
50253,1693226616554,1692254352314,1692254352317,1693226616562,8,3,5
50254,1693226616562,1692254352381,1692254352384,1693226616629,67,3,64
50255,1693226616629,1692254352390,1692254352393,1693226616637,8,3,5
50256,1693226616637,1692254352401,1692254352405,1693226616650,13,4,9
50257,1693226616650,1692254352413,1692254352416,1693226616661,11,3,8
50258,1693226616661,1692254352429,1692254352432,1693226616677,16,3,13
50259,1693226616677,1692254352437,1692254352440,1693226616685,8,3,5
50260,1693226616685,1692254352469,1692254352473,1693226616717,32,4,28
50261,1693226616717,1692254352477,1692254352480,1693226616725,8,3,5
50262,1693226616725,1692254352509,1692254352521,1693226616766,41,12,29
50263,1693226616766,1692254352557,1692254352560,1693226616805,39,3,36
50264,1693226616805,1692254352605,1692254352608,1693226616853,48,3,45
50265,1693226616853,1692254352625,1692254352628,1693226616873,20,3,17
50266,1693226616873,1692254352632,1692254352635,1693226616880,7,3,4
50267,1693226616880,1692254352640,1692254352642,1693226616887,7,2,5
50268,1693226616887,1692254352647,1692254352650,1693226616894,7,3,4
50269,1693226616894,1692254352654,1692254352656,1693226616901,7,2,5
50270,1693226616901,1692254352660,1692254352663,1693226616908,7,3,4
50271,1693226616908,1692254352667,1692254352670,1693226616915,7,3,4
50272,1693226616915,1692254352675,1692254352678,1693226616923,8,3,5
50273,1693226616923,1692254352712,1692254352715,1693226616960,37,3,34
50274,1693226616960,1692254352721,1692254352724,1693226616969,9,3,6
50275,1693226616969,1692254352729,1692254352732,1693226616976,7,3,4
50276,1693226616976,1692254352736,1692254352739,1693226616983,7,3,4
50277,1693226616983,1692254352743,1692254352758,1693226617002,19,15,4
50278,1693226617002,1692254352762,1692254352789,1693226617034,32,27,5
50279,1693226617034,1692254352801,1692254352804,1693226617049,15,3,12
50280,1693226617049,1692254352809,1692254352812,1693226617057,8,3,5
50281,1693226617057,1692254352838,1692254352841,1693226617086,29,3,26
50282,1693226617086,1692254352858,1692254352861,1693226617105,19,3,16
50283,1693226617105,1692254352935,1692254352938,1693226617183,78,3,75
50284,1693226617183,1692254352943,1692254352947,1693226617192,9,4,5
50285,1693226617192,1692254352982,1692254352985,1693226617229,37,3,34
50286,1693226617230,1692254353022,1692254353024,1693226617269,39,2,37
50287,1693226617269,1692254353079,1692254353082,1693226617327,58,3,55
50288,1693226617328,1692254353110,1692254353113,1693226617358,30,3,27
50289,1693226617358,1692254353130,1692254353133,1693226617378,20,3,17
50290,1693226617378,1692254353138,1692254353141,1693226617386,8,3,5
50291,1693226617386,1692254353158,1692254353161,1693226617406,20,3,17
50292,1693226617406,1692254353189,1692254353193,1693226617438,32,4,28
50293,1693226617438,1692254353213,1692254353218,1693226617463,25,5,20
50294,1693226617463,1692254353225,1692254353228,1693226617473,10,3,7
50295,1693226617473,1692254353233,1692254353236,1693226617481,8,3,5
50296,1693226617481,1692254353322,1692254353326,1693226617570,89,4,85
50297,1693226617570,1692254353332,1692254353336,1693226617581,11,4,7
50298,1693226617581,1692254353353,1692254353356,1693226617601,20,3,17
50299,1693226617601,1692254353360,1692254353363,1693226617608,7,3,4
50300,1693226617608,1692254353367,1692254353370,1693226617614,6,3,3
50301,1693226617614,1692254353373,1692254353376,1693226617621,7,3,4
50302,1693226617621,1692254353380,1692254353383,1693226617628,7,3,4
50303,1693226617628,1692254353387,1692254353390,1693226617635,7,3,4
50304,1693226617635,1692254353395,1692254353398,1693226617643,8,3,5
50305,1693226617643,1692254353403,1692254353406,1693226617650,7,3,4
50306,1693226617650,1692254353409,1692254353412,1693226617657,7,3,4
50307,1693226617657,1692254353417,1692254353420,1693226617664,7,3,4
50308,1693226617664,1692254353478,1692254353481,1693226617725,61,3,58
50309,1693226617726,1692254353485,1692254353488,1693226617733,7,3,4
50310,1693226617733,1692254353492,1692254353495,1693226617740,7,3,4
50311,1693226617740,1692254353499,1692254353502,1693226617747,7,3,4
50312,1693226617747,1692254353510,1692254353513,1693226617757,10,3,7
50313,1693226617757,1692254353534,1692254353537,1693226617781,24,3,21
50314,1693226617781,1692254353542,1692254353544,1693226617789,8,2,6
50315,1693226617789,1692254353549,1692254353552,1693226617797,8,3,5
50316,1693226617797,1692254353558,1692254353560,1693226617805,8,2,6
50317,1693226617805,1692254353565,1692254353568,1693226617812,7,3,4
50318,1693226617813,1692254353574,1692254353577,1693226617821,8,3,5
50319,1693226617821,1692254353582,1692254353584,1693226617829,8,2,6
50320,1693226617829,1692254353590,1692254353592,1693226617837,8,2,6
50321,1693226617837,1692254353606,1692254353609,1693226617854,17,3,14
50322,1693226617854,1692254353613,1692254353616,1693226617861,7,3,4
50323,1693226617861,1692254353622,1692254353625,1693226617869,8,3,5
50324,1693226617869,1692254353634,1692254353639,1693226617884,15,5,10
50325,1693226617884,1692254353645,1692254353648,1693226617893,9,3,6
50326,1693226617893,1692254353653,1692254353657,1693226617901,8,4,4
50327,1693226617901,1692254353666,1692254353668,1693226617913,12,2,10
50328,1693226617913,1692254353674,1692254353676,1693226617921,8,2,6
50329,1693226617921,1692254353686,1692254353688,1693226617933,12,2,10
50330,1693226617933,1692254353693,1692254353698,1693226617944,11,5,6
50331,1693226617944,1692254353703,1692254353706,1693226617951,7,3,4
50332,1693226617951,1692254353714,1692254353717,1693226617961,10,3,7
50333,1693226617961,1692254353721,1692254353724,1693226617969,8,3,5
50334,1693226617969,1692254353729,1692254353732,1693226617992,23,3,20
50335,1693226617992,1692254353752,1692254353755,1693226617999,7,3,4
50336,1693226617999,1692254353759,1692254353762,1693226618007,8,3,5
50337,1693226618007,1692254353770,1692254353773,1693226618018,11,3,8
50338,1693226618018,1692254353778,1692254353785,1693226618030,12,7,5
50339,1693226618030,1692254353789,1692254353792,1693226618065,35,3,32
50340,1693226618065,1692254353837,1692254353840,1693226618092,27,3,24
50341,1693226618092,1692254353852,1692254353855,1693226618100,8,3,5
50342,1693226618100,1692254353878,1692254353893,1693226618138,38,15,23
50343,1693226618138,1692254353898,1692254353901,1693226618146,8,3,5
50344,1693226618146,1692254353906,1692254353909,1693226618154,8,3,5
50345,1693226618154,1692254353913,1692254353917,1693226618161,7,4,3
50346,1693226618161,1692254353921,1692254353924,1693226618169,8,3,5
50347,1693226618169,1692254353929,1692254353932,1693226618180,11,3,8
50348,1693226618180,1692254353942,1692254353945,1693226618190,10,3,7
50349,1693226618190,1692254353950,1692254353953,1693226618198,8,3,5
50350,1693226618198,1692254353958,1692254353961,1693226618206,8,3,5
50351,1693226618206,1692254353974,1692254353977,1693226618221,15,3,12
50352,1693226618221,1692254353986,1692254353988,1693226618233,12,2,10
50353,1693226618233,1692254353997,1692254354000,1693226618245,12,3,9
50354,1693226618245,1692254354005,1692254354008,1693226618253,8,3,5
50355,1693226618253,1692254354013,1692254354015,1693226618260,7,2,5
50356,1693226618260,1692254354021,1692254354024,1693226618269,9,3,6
50357,1693226618269,1692254354029,1692254354032,1693226618277,8,3,5
50358,1693226618277,1692254354037,1692254354040,1693226618286,9,3,6
50359,1693226618286,1692254354053,1692254354055,1693226618301,15,2,13
50360,1693226618301,1692254354089,1692254354092,1693226618337,36,3,33
50361,1693226618337,1692254354098,1692254354100,1693226618345,8,2,6
50362,1693226618345,1692254354110,1692254354113,1693226618358,13,3,10
50363,1693226618358,1692254354119,1692254354122,1693226618368,10,3,7
50364,1693226618368,1692254354127,1692254354130,1693226618375,7,3,4
50365,1693226618375,1692254354139,1692254354142,1693226618389,14,3,11
50366,1693226618389,1692254354149,1692254354153,1693226618398,9,4,5
50367,1693226618398,1692254354157,1692254354162,1693226618406,8,5,3
50368,1693226618406,1692254354167,1692254354170,1693226618415,9,3,6
50369,1693226618415,1692254354175,1692254354178,1693226618423,8,3,5
50370,1693226618423,1692254354182,1692254354186,1693226618432,9,4,5
50371,1693226618432,1692254354195,1692254354198,1693226618443,11,3,8
50372,1693226618443,1692254354203,1692254354206,1693226618454,11,3,8
50373,1693226618454,1692254354214,1692254354217,1693226618462,8,3,5
50374,1693226618462,1692254354221,1692254354224,1693226618471,9,3,6
50375,1693226618471,1692254354230,1692254354233,1693226618477,6,3,3
50376,1693226618477,1692254354236,1692254354240,1693226618484,7,4,3
50377,1693226618484,1692254354244,1692254354247,1693226618495,11,3,8
50378,1693226618495,1692254354255,1692254354257,1693226618502,7,2,5
50379,1693226618502,1692254354262,1692254354265,1693226618510,8,3,5
50380,1693226618510,1692254354309,1692254354312,1693226618558,48,3,45
50381,1693226618558,1692254354317,1692254354320,1693226618565,7,3,4
50382,1693226618565,1692254354334,1692254354337,1693226618582,17,3,14
50383,1693226618582,1692254354353,1692254354356,1693226618601,19,3,16
50384,1693226618601,1692254354360,1692254354363,1693226618607,6,3,3
50385,1693226618607,1692254354386,1692254354388,1693226618633,26,2,24
50386,1693226618633,1692254354406,1692254354408,1693226618653,20,2,18
50387,1693226618653,1692254354418,1692254354420,1693226618665,12,2,10
50388,1693226618665,1692254354425,1692254354428,1693226618673,8,3,5
50389,1693226618673,1692254354436,1692254354439,1693226618684,11,3,8
50390,1693226618684,1692254354493,1692254354496,1693226618741,57,3,54
50391,1693226618741,1692254354503,1692254354506,1693226618752,11,3,8
50392,1693226618752,1692254354526,1692254354529,1693226618773,21,3,18
50393,1693226618773,1692254354533,1692254354537,1693226618781,8,4,4
50394,1693226618781,1692254354542,1692254354545,1693226618790,9,3,6
50395,1693226618790,1692254354549,1692254354552,1693226618799,9,3,6
50396,1693226618799,1692254354573,1692254354576,1693226618820,21,3,18
50397,1693226618820,1692254354581,1692254354584,1693226618829,9,3,6
50398,1693226618829,1692254354590,1692254354593,1693226618837,8,3,5
50399,1693226618838,1692254354599,1692254354602,1693226618848,10,3,7
50400,1693226618848,1692254354607,1692254354611,1693226618856,8,4,4
50401,1693226618856,1692254354617,1692254354620,1693226618865,9,3,6
50402,1693226618865,1692254354625,1692254354627,1693226618874,9,2,7
50403,1693226618874,1692254354642,1692254354647,1693226618892,18,5,13
50404,1693226618892,1692254354658,1692254354661,1693226618905,13,3,10
50405,1693226618905,1692254354675,1692254354678,1693226618922,17,3,14
50406,1693226618922,1692254354682,1692254354765,1693226619014,92,83,9
50407,1693226619015,1692254354779,1692254354782,1693226619027,12,3,9
50408,1693226619027,1692254354796,1692254354798,1693226619043,16,2,14
50409,1693226619043,1692254354804,1692254354808,1693226619053,10,4,6
50410,1693226619053,1692254354821,1692254354824,1693226619069,16,3,13
50411,1693226619069,1692254354829,1692254354832,1693226619077,8,3,5
50412,1693226619077,1692254354837,1692254354839,1693226619084,7,2,5
50413,1693226619084,1692254354844,1692254354847,1693226619091,7,3,4
50414,1693226619092,1692254354852,1692254354855,1693226619100,8,3,5
50415,1693226619100,1692254354860,1692254354862,1693226619107,7,2,5
50416,1693226619107,1692254354867,1692254354870,1693226619115,8,3,5
50417,1693226619115,1692254354874,1692254354877,1693226619121,6,3,3
50418,1693226619121,1692254354881,1692254354884,1693226619128,7,3,4
50419,1693226619128,1692254354888,1692254354891,1693226619136,8,3,5
50420,1693226619136,1692254354906,1692254354908,1693226619169,33,2,31
50421,1693226619169,1692254354937,1692254354940,1693226619185,16,3,13
50422,1693226619185,1692254354945,1692254354953,1693226619198,13,8,5
50423,1693226619198,1692254354989,1692254354991,1693226619236,38,2,36
50424,1693226619236,1692254354998,1692254355001,1693226619245,9,3,6
50425,1693226619245,1692254355005,1692254355008,1693226619253,8,3,5
50426,1693226619253,1692254355012,1692254355015,1693226619260,7,3,4
50427,1693226619260,1692254355020,1692254355022,1693226619267,7,2,5
50428,1693226619267,1692254355026,1692254355029,1693226619274,7,3,4
50429,1693226619274,1692254355034,1692254355041,1693226619286,12,7,5
50430,1693226619286,1692254355125,1692254355128,1693226619373,87,3,84
50431,1693226619373,1692254355133,1692254355137,1693226619382,9,4,5
50432,1693226619382,1692254355141,1692254355144,1693226619389,7,3,4
50433,1693226619389,1692254355149,1692254355153,1693226619397,8,4,4
50434,1693226619397,1692254355197,1692254355200,1693226619445,48,3,45
50435,1693226619445,1692254355218,1692254355221,1693226619466,21,3,18
50436,1693226619466,1692254355241,1692254355244,1693226619488,22,3,19
50437,1693226619488,1692254355285,1692254355288,1693226619534,46,3,43
50438,1693226619534,1692254355314,1692254355317,1693226619562,28,3,25
50439,1693226619562,1692254355322,1692254355325,1693226619573,11,3,8
50440,1693226619573,1692254355382,1692254355386,1693226619631,58,4,54
50441,1693226619631,1692254355429,1692254355432,1693226619677,46,3,43
50442,1693226619677,1692254355485,1692254355488,1693226619732,55,3,52
50443,1693226619732,1692254355494,1692254355497,1693226619742,10,3,7
50444,1693226619742,1692254355525,1692254355528,1693226619772,30,3,27
50445,1693226619772,1692254355649,1692254355652,1693226619897,125,3,122
50446,1693226619897,1692254355662,1692254355664,1693226619915,18,2,16
50447,1693226619915,1692254355694,1692254355697,1693226619944,29,3,26
50448,1693226619944,1692254355704,1692254355707,1693226619951,7,3,4
50449,1693226619951,1692254355718,1692254355720,1693226619965,14,2,12
50450,1693226619965,1692254355725,1692254355728,1693226619972,7,3,4
50451,1693226619972,1692254355732,1692254355735,1693226619980,8,3,5
50452,1693226619980,1692254355740,1692254355742,1693226619987,7,2,5
50453,1693226619987,1692254355746,1692254355749,1693226619994,7,3,4
50454,1693226619994,1692254355768,1692254355771,1693226620016,22,3,19
50455,1693226620016,1692254355776,1692254355780,1693226620027,11,4,7
50456,1693226620027,1692254355801,1692254355804,1693226620049,22,3,19
50457,1693226620049,1692254355857,1692254355860,1693226620105,56,3,53
50458,1693226620105,1692254355870,1692254355873,1693226620118,13,3,10
50459,1693226620118,1692254355881,1692254355884,1693226620129,11,3,8
50460,1693226620129,1692254355914,1692254355917,1693226620162,33,3,30
50461,1693226620162,1692254355924,1692254355927,1693226620172,10,3,7
50462,1693226620172,1692254355931,1692254355934,1693226620179,7,3,4
50463,1693226620179,1692254355939,1692254355942,1693226620186,7,3,4
50464,1693226620187,1692254355946,1692254355949,1693226620262,75,3,72
50465,1693226620262,1692254356029,1692254356032,1693226620277,15,3,12
50466,1693226620277,1692254356050,1692254356052,1693226620297,20,2,18
50467,1693226620297,1692254356069,1692254356072,1693226620316,19,3,16
50468,1693226620316,1692254356078,1692254356080,1693226620325,9,2,7
50469,1693226620325,1692254356110,1692254356112,1693226620357,32,2,30
50470,1693226620357,1692254356133,1692254356137,1693226620382,25,4,21
50471,1693226620382,1692254356142,1692254356145,1693226620390,8,3,5
50472,1693226620390,1692254356150,1692254356153,1693226620397,7,3,4
50473,1693226620397,1692254356225,1692254356228,1693226620473,76,3,73
50474,1693226620473,1692254356278,1692254356281,1693226620526,53,3,50
50475,1693226620526,1692254356294,1692254356297,1693226620542,16,3,13
50476,1693226620542,1692254356306,1692254356309,1693226620554,12,3,9
50477,1693226620554,1692254356313,1692254356317,1693226620562,8,4,4
50478,1693226620562,1692254356321,1692254356324,1693226620569,7,3,4
50479,1693226620569,1692254356328,1692254356332,1693226620576,7,4,3
50480,1693226620576,1692254356336,1692254356338,1693226620583,7,2,5
50481,1693226620583,1692254356342,1692254356345,1693226620590,7,3,4
50482,1693226620590,1692254356350,1692254356353,1693226620598,8,3,5
50483,1693226620598,1692254356358,1692254356361,1693226620606,8,3,5
50484,1693226620606,1692254356366,1692254356369,1693226620614,8,3,5
50485,1693226620614,1692254356423,1692254356426,1693226620671,57,3,54
50486,1693226620671,1692254356486,1692254356489,1693226620733,62,3,59
50487,1693226620733,1692254356537,1692254356540,1693226620785,52,3,49
50488,1693226620785,1692254356545,1692254356548,1693226620793,8,3,5
50489,1693226620793,1692254356552,1692254356556,1693226620800,7,4,3
50490,1693226620800,1692254356562,1692254356565,1693226620810,10,3,7
50491,1693226620810,1692254356590,1692254356592,1693226620837,27,2,25
50492,1693226620837,1692254356598,1692254356601,1693226620847,10,3,7
50493,1693226620847,1692254356610,1692254356612,1693226620857,10,2,8
50494,1693226620857,1692254356697,1692254356700,1693226620945,88,3,85
50495,1693226620945,1692254356734,1692254356736,1693226620981,36,2,34
50496,1693226620981,1692254356741,1692254356743,1693226620988,7,2,5
50497,1693226620988,1692254356747,1692254356750,1693226620995,7,3,4
50498,1693226620995,1692254356755,1692254356758,1693226621002,7,3,4
50499,1693226621002,1692254356766,1692254356769,1693226621014,12,3,9
50500,1693226621014,1692254356774,1692254356777,1693226621022,8,3,5
50501,1693226621022,1692254356782,1692254356785,1693226621030,8,3,5
50502,1693226621030,1692254356789,1692254356792,1693226621037,7,3,4
50503,1693226621037,1692254356828,1692254356831,1693226621076,39,3,36
50504,1693226621076,1692254356838,1692254356845,1693226621093,17,7,10
50505,1693226621093,1692254356853,1692254356856,1693226621101,8,3,5
50506,1693226621101,1692254356860,1692254356863,1693226621108,7,3,4
50507,1693226621108,1692254356868,1692254356871,1693226621115,7,3,4
50508,1693226621115,1692254356910,1692254356912,1693226621157,42,2,40
50509,1693226621157,1692254356933,1692254356936,1693226621185,28,3,25
50510,1693226621185,1692254356946,1692254356949,1693226621194,9,3,6
50511,1693226621194,1692254356990,1692254356993,1693226621238,44,3,41
50512,1693226621238,1692254357002,1692254357004,1693226621249,11,2,9
50513,1693226621249,1692254357009,1692254357015,1693226621260,11,6,5
50514,1693226621260,1692254357020,1692254357022,1693226621267,7,2,5
50515,1693226621267,1692254357026,1692254357029,1693226621274,7,3,4
50516,1693226621274,1692254357035,1692254357039,1693226621283,9,4,5
50517,1693226621283,1692254357082,1692254357085,1693226621330,47,3,44
50518,1693226621330,1692254357097,1692254357100,1693226621345,15,3,12
50519,1693226621345,1692254357104,1692254357107,1693226621352,7,3,4
50520,1693226621352,1692254357112,1692254357115,1693226621359,7,3,4
50521,1693226621359,1692254357119,1692254357122,1693226621370,11,3,8
50522,1693226621370,1692254357134,1692254357137,1693226621381,11,3,8
50523,1693226621381,1692254357141,1692254357144,1693226621389,8,3,5
50524,1693226621389,1692254357162,1692254357165,1693226621409,20,3,17
50525,1693226621409,1692254357169,1692254357172,1693226621416,7,3,4
50526,1693226621416,1692254357175,1692254357178,1693226621423,7,3,4
50527,1693226621423,1692254357183,1692254357186,1693226621431,8,3,5
50528,1693226621431,1692254357191,1692254357194,1693226621438,7,3,4
50529,1693226621438,1692254357212,1692254357215,1693226621461,23,3,20
50530,1693226621461,1692254357220,1692254357223,1693226621468,7,3,4
50531,1693226621468,1692254357229,1692254357232,1693226621477,9,3,6
50532,1693226621477,1692254357266,1692254357268,1693226621513,36,2,34
50533,1693226621513,1692254357306,1692254357310,1693226621554,41,4,37
50534,1693226621554,1692254357349,1692254357352,1693226621596,42,3,39
50535,1693226621596,1692254357365,1692254357368,1693226621613,17,3,14
50536,1693226621613,1692254357373,1692254357376,1693226621621,8,3,5
50537,1693226621621,1692254357449,1692254357451,1693226621696,75,2,73
50538,1693226621696,1692254357456,1692254357459,1693226621704,8,3,5
50539,1693226621704,1692254357464,1692254357467,1693226621712,8,3,5
50540,1693226621712,1692254357472,1692254357475,1693226621720,8,3,5
50541,1693226621720,1692254357480,1692254357483,1693226621728,8,3,5
50542,1693226621728,1692254357493,1692254357506,1693226621751,23,13,10
50543,1693226621751,1692254357510,1692254357513,1693226621757,6,3,3
50544,1693226621758,1692254357545,1692254357548,1693226621793,35,3,32
50545,1693226621793,1692254357574,1692254357577,1693226621821,28,3,25
50546,1693226621821,1692254357581,1692254357583,1693226621828,7,2,5
50547,1693226621828,1692254357588,1692254357591,1693226621835,7,3,4
50548,1693226621835,1692254357594,1692254357597,1693226621842,7,3,4
50549,1693226621842,1692254357605,1692254357608,1693226621852,10,3,7
50550,1693226621852,1692254357709,1692254357762,1693226622006,154,53,101
50551,1693226622006,1692254357769,1692254357772,1693226622017,11,3,8
50552,1693226622017,1692254357777,1692254357779,1693226622024,7,2,5
50553,1693226622024,1692254357801,1692254357804,1693226622049,25,3,22
50554,1693226622049,1692254357869,1692254357873,1693226622133,84,4,80
50555,1693226622133,1692254357933,1692254357936,1693226622181,48,3,45
50556,1693226622181,1692254357941,1692254357944,1693226622189,8,3,5
50557,1693226622189,1692254357949,1692254357977,1693226622221,32,28,4
50558,1693226622221,1692254357993,1692254357996,1693226622241,20,3,17
50559,1693226622241,1692254358005,1692254358009,1693226622253,12,4,8
50560,1693226622253,1692254358013,1692254358017,1693226622261,8,4,4
50561,1693226622261,1692254358021,1692254358024,1693226622268,7,3,4
50562,1693226622268,1692254358028,1692254358031,1693226622275,7,3,4
50563,1693226622275,1692254358037,1692254358040,1693226622285,10,3,7
50564,1693226622285,1692254358045,1692254358048,1693226622293,8,3,5
50565,1693226622293,1692254358053,1692254358056,1693226622300,7,3,4
50566,1693226622301,1692254358060,1692254358063,1693226622308,7,3,4
50567,1693226622308,1692254358067,1692254358070,1693226622315,7,3,4
50568,1693226622315,1692254358074,1692254358077,1693226622322,7,3,4
50569,1693226622322,1692254358132,1692254358135,1693226622382,60,3,57
50570,1693226622382,1692254358142,1692254358145,1693226622390,8,3,5
50571,1693226622390,1692254358214,1692254358218,1693226622463,73,4,69
50572,1693226622463,1692254358226,1692254358229,1693226622474,11,3,8
50573,1693226622474,1692254358241,1692254358244,1693226622490,16,3,13
50574,1693226622490,1692254358254,1692254358257,1693226622506,16,3,13
50575,1693226622506,1692254358268,1692254358271,1693226622515,9,3,6
50576,1693226622515,1692254358286,1692254358288,1693226622541,26,2,24
50577,1693226622541,1692254358307,1692254358309,1693226622557,16,2,14
50578,1693226622557,1692254358333,1692254358336,1693226622581,24,3,21
50579,1693226622581,1692254358374,1692254358377,1693226622622,41,3,38
50580,1693226622622,1692254358398,1692254358401,1693226622645,23,3,20
50581,1693226622645,1692254358405,1692254358408,1693226622653,8,3,5
50582,1693226622653,1692254358413,1692254358415,1693226622666,13,2,11
50583,1693226622666,1692254358495,1692254358499,1693226622743,77,4,73
50584,1693226622744,1692254358503,1692254358506,1693226622750,6,3,3
50585,1693226622750,1692254358601,1692254358605,1693226622850,100,4,96
50586,1693226622850,1692254358658,1692254358660,1693226622905,55,2,53
50587,1693226622905,1692254358665,1692254358669,1693226622914,9,4,5
50588,1693226622914,1692254358674,1692254358682,1693226622927,13,8,5
50589,1693226622927,1692254358687,1692254358690,1693226622935,8,3,5
50590,1693226622935,1692254358694,1692254358697,1693226622942,7,3,4
50591,1693226622942,1692254358701,1692254358704,1693226622949,7,3,4
50592,1693226622949,1692254358708,1692254358712,1693226622956,7,4,3
50593,1693226622957,1692254358716,1692254358719,1693226622964,7,3,4
50594,1693226622964,1692254358726,1692254358729,1693226622973,9,3,6
50595,1693226622973,1692254358769,1692254358772,1693226623018,45,3,42
50596,1693226623018,1692254358829,1692254358832,1693226623077,59,3,56
50597,1693226623077,1692254358838,1692254358841,1693226623086,9,3,6
50598,1693226623086,1692254358889,1692254358892,1693226623138,52,3,49
50599,1693226623138,1692254358910,1692254358913,1693226623157,19,3,16
50600,1693226623157,1692254358952,1692254358956,1693226623201,44,4,40
50601,1693226623201,1692254359057,1692254359060,1693226623304,103,3,100
50602,1693226623305,1692254359136,1692254359139,1693226623384,79,3,76
50603,1693226623384,1692254359144,1692254359147,1693226623392,8,3,5
50604,1693226623392,1692254359201,1692254359204,1693226623449,57,3,54
50605,1693226623449,1692254359226,1692254359228,1693226623473,24,2,22
50606,1693226623473,1692254359302,1692254359305,1693226623549,76,3,73
50607,1693226623549,1692254359310,1692254359313,1693226623558,9,3,6
50608,1693226623558,1692254359319,1692254359380,1693226623625,67,61,6
50609,1693226623625,1692254359517,1692254359520,1693226623765,140,3,137
50610,1693226623765,1692254359601,1692254359605,1693226623850,85,4,81
50611,1693226623850,1692254359618,1692254359622,1693226623867,17,4,13
50612,1693226623867,1692254359657,1692254359660,1693226623905,38,3,35
50613,1693226623905,1692254359665,1692254359670,1693226623915,10,5,5
50614,1693226623915,1692254359676,1692254359679,1693226623930,15,3,12
50615,1693226623930,1692254359694,1692254359697,1693226623942,12,3,9
50616,1693226623942,1692254359701,1692254359704,1693226623949,7,3,4
50617,1693226623949,1692254359708,1692254359711,1693226623956,7,3,4
50618,1693226623956,1692254359757,1692254359760,1693226624005,49,3,46
50619,1693226624005,1692254359766,1692254359769,1693226624014,9,3,6
50620,1693226624014,1692254359822,1692254359825,1693226624070,56,3,53
50621,1693226624070,1692254359837,1692254359841,1693226624086,16,4,12
50622,1693226624086,1692254359847,1692254359850,1693226624094,8,3,5
50623,1693226624094,1692254359854,1692254359913,1693226624158,64,59,5
50624,1693226624158,1692254359949,1692254359953,1693226624197,39,4,35
50625,1693226624197,1692254359957,1692254359962,1693226624206,9,5,4
50626,1693226624206,1692254359966,1692254359974,1693226624218,12,8,4
50627,1693226624218,1692254359982,1692254359985,1693226624230,12,3,9
50628,1693226624230,1692254359990,1692254359993,1693226624237,7,3,4
50629,1693226624237,1692254360017,1692254360020,1693226624265,28,3,25
50630,1693226624265,1692254360025,1692254360027,1693226624272,7,2,5
50631,1693226624272,1692254360032,1692254360035,1693226624279,7,3,4
50632,1693226624279,1692254360042,1692254360045,1693226624289,10,3,7
50633,1693226624289,1692254360054,1692254360057,1693226624301,12,3,9
50634,1693226624301,1692254360061,1692254360066,1693226624311,10,5,5
50635,1693226624311,1692254360070,1692254360074,1693226624318,7,4,3
50636,1693226624318,1692254360078,1692254360081,1693226624328,10,3,7
50637,1693226624328,1692254360087,1692254360090,1693226624334,6,3,3
50638,1693226624334,1692254360094,1692254360096,1693226624341,7,2,5
50639,1693226624341,1692254360129,1692254360132,1693226624377,36,3,33
50640,1693226624377,1692254360137,1692254360140,1693226624388,11,3,8
50641,1693226624388,1692254360163,1692254360165,1693226624410,22,2,20
50642,1693226624410,1692254360189,1692254360192,1693226624436,26,3,23
50643,1693226624436,1692254360198,1692254360200,1693226624445,9,2,7
50644,1693226624445,1692254360205,1692254360208,1693226624453,8,3,5
50645,1693226624453,1692254360212,1692254360215,1693226624460,7,3,4
50646,1693226624460,1692254360219,1692254360222,1693226624467,7,3,4
50647,1693226624467,1692254360227,1692254360230,1693226624474,7,3,4
50648,1693226624474,1692254360241,1692254360244,1693226624489,15,3,12
50649,1693226624489,1692254360250,1692254360252,1693226624501,12,2,10
50650,1693226624501,1692254360262,1692254360277,1693226624522,21,15,6
50651,1693226624522,1692254360286,1692254360288,1693226624533,11,2,9
50652,1693226624533,1692254360292,1692254360295,1693226624540,7,3,4
50653,1693226624540,1692254360300,1692254360303,1693226624547,7,3,4
50654,1693226624547,1692254360308,1692254360311,1693226624556,9,3,6
50655,1693226624556,1692254360316,1692254360319,1693226624564,8,3,5
50656,1693226624564,1692254360346,1692254360349,1693226624594,30,3,27
50657,1693226624594,1692254360354,1692254360356,1693226624601,7,2,5
50658,1693226624601,1692254360373,1692254360377,1693226624621,20,4,16
50659,1693226624621,1692254360381,1692254360385,1693226624630,9,4,5
50660,1693226624630,1692254360393,1692254360395,1693226624640,10,2,8
50661,1693226624640,1692254360441,1692254360444,1693226624688,48,3,45
50662,1693226624688,1692254360448,1692254360451,1693226624695,7,3,4
50663,1693226624695,1692254360454,1692254360458,1693226624702,7,4,3
50664,1693226624702,1692254360462,1692254360464,1693226624709,7,2,5
50665,1693226624709,1692254360469,1692254360472,1693226624717,8,3,5
50666,1693226624717,1692254360490,1692254360493,1693226624737,20,3,17
50667,1693226624737,1692254360506,1692254360508,1693226624753,16,2,14
50668,1693226624753,1692254360513,1692254360516,1693226624760,7,3,4
50669,1693226624760,1692254360520,1692254360523,1693226624768,8,3,5
50670,1693226624768,1692254360554,1692254360556,1693226624801,33,2,31
50671,1693226624801,1692254360625,1692254360628,1693226624873,72,3,69
50672,1693226624873,1692254360633,1692254360636,1693226624880,7,3,4
50673,1693226624880,1692254360640,1692254360643,1693226624887,7,3,4
50674,1693226624887,1692254360658,1692254360661,1693226624906,19,3,16
50675,1693226624906,1692254360673,1692254360676,1693226624921,15,3,12
50676,1693226624921,1692254360680,1692254360683,1693226624928,7,3,4
50677,1693226624928,1692254360687,1692254360691,1693226624935,7,4,3
50678,1693226624935,1692254360695,1692254360699,1693226624944,9,4,5
50679,1693226624944,1692254360704,1692254360706,1693226624951,7,2,5
50680,1693226624951,1692254360711,1692254360714,1693226624959,8,3,5
50681,1693226624959,1692254360718,1692254360722,1693226624966,7,4,3
50682,1693226624966,1692254360728,1692254360731,1693226624976,10,3,7
50683,1693226624976,1692254360741,1692254360744,1693226624989,13,3,10
50684,1693226624989,1692254360748,1692254360751,1693226624996,7,3,4
50685,1693226624996,1692254360756,1692254360759,1693226625003,7,3,4
50686,1693226625003,1692254360773,1692254360776,1693226625020,17,3,14
50687,1693226625020,1692254360787,1692254360790,1693226625035,15,3,12
50688,1693226625035,1692254360805,1692254360808,1693226625053,18,3,15
50689,1693226625053,1692254360812,1692254360816,1693226625060,7,4,3
50690,1693226625060,1692254360820,1692254360823,1693226625068,8,3,5
50691,1693226625068,1692254360828,1692254360831,1693226625075,7,3,4
50692,1693226625075,1692254360913,1692254360917,1693226625161,86,4,82
50693,1693226625161,1692254360926,1692254360929,1693226625174,13,3,10
50694,1693226625174,1692254360946,1692254360949,1693226625195,21,3,18
50695,1693226625195,1692254360955,1692254360959,1693226625203,8,4,4
50696,1693226625203,1692254360982,1692254360987,1693226625231,28,5,23
50697,1693226625231,1692254361018,1692254361021,1693226625266,35,3,32
50698,1693226625266,1692254361057,1692254361060,1693226625305,39,3,36
50699,1693226625305,1692254361078,1692254361081,1693226625326,21,3,18
50700,1693226625326,1692254361085,1692254361088,1693226625333,7,3,4
50701,1693226625333,1692254361093,1692254361096,1693226625341,8,3,5
50702,1693226625341,1692254361100,1692254361103,1693226625347,6,3,3
50703,1693226625347,1692254361109,1692254361112,1693226625356,9,3,6
50704,1693226625356,1692254361116,1692254361119,1693226625364,8,3,5
50705,1693226625364,1692254361126,1692254361129,1693226625373,9,3,6
50706,1693226625373,1692254361134,1692254361137,1693226625382,9,3,6
50707,1693226625382,1692254361146,1692254361149,1693226625394,12,3,9
50708,1693226625394,1692254361154,1692254361157,1693226625402,8,3,5
50709,1693226625402,1692254361162,1692254361185,1693226625430,28,23,5
50710,1693226625430,1692254361202,1692254361204,1693226625449,19,2,17
50711,1693226625449,1692254361212,1692254361215,1693226625459,10,3,7
50712,1693226625459,1692254361219,1692254361222,1693226625467,8,3,5
50713,1693226625467,1692254361230,1692254361233,1693226625478,11,3,8
50714,1693226625478,1692254361258,1692254361261,1693226625505,27,3,24
50715,1693226625505,1692254361265,1692254361268,1693226625512,7,3,4
50716,1693226625512,1692254361271,1692254361274,1693226625518,6,3,3
50717,1693226625519,1692254361279,1692254361282,1693226625527,8,3,5
50718,1693226625527,1692254361287,1692254361290,1693226625535,8,3,5
50719,1693226625535,1692254361295,1692254361298,1693226625543,8,3,5
50720,1693226625543,1692254361302,1692254361305,1693226625550,7,3,4
50721,1693226625550,1692254361309,1692254361312,1693226625557,7,3,4
50722,1693226625557,1692254361323,1692254361325,1693226625570,13,2,11
50723,1693226625570,1692254361353,1692254361356,1693226625600,30,3,27
50724,1693226625600,1692254361360,1692254361363,1693226625607,7,3,4
50725,1693226625607,1692254361389,1692254361392,1693226625637,30,3,27
50726,1693226625637,1692254361398,1692254361400,1693226625645,8,2,6
50727,1693226625645,1692254361429,1692254361432,1693226625677,32,3,29
50728,1693226625678,1692254361441,1692254361444,1693226625689,11,3,8
50729,1693226625689,1692254361449,1692254361451,1693226625696,7,2,5
50730,1693226625696,1692254361456,1692254361459,1693226625703,7,3,4
50731,1693226625703,1692254361509,1692254361512,1693226625757,54,3,51
50732,1693226625757,1692254361519,1692254361521,1693226625766,9,2,7
50733,1693226625766,1692254361553,1692254361557,1693226625801,35,4,31
50734,1693226625801,1692254361562,1692254361565,1693226625810,9,3,6
50735,1693226625810,1692254361570,1692254361572,1693226625817,7,2,5
50736,1693226625817,1692254361576,1692254361579,1693226625824,7,3,4
50737,1693226625824,1692254361584,1692254361587,1693226625832,8,3,5
50738,1693226625832,1692254361611,1692254361619,1693226625864,32,8,24
50739,1693226625864,1692254361624,1692254361626,1693226625871,7,2,5
50740,1693226625871,1692254361634,1692254361637,1693226625889,18,3,15
50741,1693226625889,1692254361649,1692254361652,1693226625897,8,3,5
50742,1693226625897,1692254361657,1692254361660,1693226625904,7,3,4
50743,1693226625904,1692254361666,1692254361668,1693226625913,9,2,7
50744,1693226625913,1692254361678,1692254361680,1693226625925,12,2,10
50745,1693226625925,1692254361685,1692254361688,1693226625933,8,3,5
50746,1693226625933,1692254361705,1692254361708,1693226625953,20,3,17
50747,1693226625953,1692254361713,1692254361716,1693226625961,8,3,5
50748,1693226625961,1692254361724,1692254361727,1693226625972,11,3,8
50749,1693226625972,1692254361732,1692254361735,1693226625979,7,3,4
50750,1693226625979,1692254361750,1692254361752,1693226625997,18,2,16
50751,1693226625997,1692254361756,1692254361759,1693226626004,7,3,4
50752,1693226626004,1692254361766,1692254361768,1693226626013,9,2,7
50753,1693226626013,1692254361774,1692254361779,1693226626023,10,5,5
50754,1693226626024,1692254361784,1692254361787,1693226626032,8,3,5
50755,1693226626032,1692254361829,1692254361832,1693226626077,45,3,42
50756,1693226626077,1692254361849,1692254361853,1693226626109,32,4,28
50757,1693226626110,1692254361870,1692254361873,1693226626117,7,3,4
50758,1693226626117,1692254361877,1692254361880,1693226626125,8,3,5
50759,1693226626125,1692254361884,1692254361888,1693226626132,7,4,3
50760,1693226626132,1692254361922,1692254361924,1693226626171,39,2,37
50761,1693226626171,1692254361948,1692254361952,1693226626197,26,4,22
50762,1693226626197,1692254361957,1692254362017,1693226626262,65,60,5
50763,1693226626262,1692254362054,1692254362057,1693226626302,40,3,37
50764,1693226626302,1692254362073,1692254362076,1693226626321,19,3,16
50765,1693226626321,1692254362080,1692254362083,1693226626327,6,3,3
50766,1693226626327,1692254362089,1692254362092,1693226626336,9,3,6
50767,1693226626336,1692254362101,1692254362104,1693226626349,13,3,10
50768,1693226626349,1692254362108,1692254362111,1693226626356,7,3,4
50769,1693226626356,1692254362129,1692254362132,1693226626378,22,3,19
50770,1693226626378,1692254362138,1692254362142,1693226626387,9,4,5
50771,1693226626387,1692254362147,1692254362151,1693226626396,9,4,5
50772,1693226626396,1692254362185,1692254362188,1693226626432,36,3,33
50773,1693226626432,1692254362245,1692254362248,1693226626493,61,3,58
50774,1693226626493,1692254362309,1692254362312,1693226626557,64,3,61
50775,1693226626557,1692254362317,1692254362320,1693226626565,8,3,5
50776,1693226626565,1692254362326,1692254362329,1693226626574,9,3,6
50777,1693226626574,1692254362354,1692254362356,1693226626604,30,2,28
50778,1693226626604,1692254362370,1692254362373,1693226626617,13,3,10
50779,1693226626617,1692254362525,1692254362528,1693226626773,156,3,153
50780,1693226626773,1692254362536,1692254362539,1693226626785,12,3,9
50781,1693226626785,1692254362545,1692254362548,1693226626792,7,3,4
50782,1693226626792,1692254362554,1692254362557,1693226626802,10,3,7
50783,1693226626802,1692254362561,1692254362564,1693226626809,7,3,4
50784,1693226626809,1692254362568,1692254362571,1693226626815,6,3,3
50785,1693226626815,1692254362574,1692254362577,1693226626822,7,3,4
50786,1693226626822,1692254362637,1692254362640,1693226626906,84,3,81
50787,1693226626906,1692254362665,1692254362668,1693226626912,6,3,3
50788,1693226626912,1692254362672,1692254362675,1693226626919,7,3,4
50789,1693226626919,1692254362679,1692254362682,1693226626926,7,3,4
50790,1693226626926,1692254362687,1692254362690,1693226626934,8,3,5
50791,1693226626934,1692254362696,1692254362699,1693226626943,9,3,6
50792,1693226626943,1692254362702,1692254362705,1693226626949,6,3,3
50793,1693226626949,1692254362738,1692254362741,1693226626986,37,3,34
50794,1693226626986,1692254362748,1692254362751,1693226626996,10,3,7
50795,1693226626996,1692254362756,1692254362759,1693226627004,8,3,5
50796,1693226627004,1692254362773,1692254362776,1693226627021,17,3,14
50797,1693226627021,1692254362781,1692254362784,1693226627033,12,3,9
50798,1693226627033,1692254362819,1692254362822,1693226627067,34,3,31
50799,1693226627067,1692254362827,1692254362830,1693226627074,7,3,4
50800,1693226627074,1692254362834,1692254362837,1693226627082,8,3,5
50801,1693226627082,1692254362870,1692254362872,1693226627117,35,2,33
50802,1693226627117,1692254362886,1692254362889,1693226627133,16,3,13
50803,1693226627133,1692254362949,1692254362952,1693226627197,64,3,61
50804,1693226627197,1692254362960,1692254362964,1693226627209,12,4,8
50805,1693226627209,1692254362968,1692254362972,1693226627217,8,4,4
50806,1693226627217,1692254363037,1692254363042,1693226627287,70,5,65
50807,1693226627287,1692254363111,1692254363115,1693226627360,73,4,69
50808,1693226627360,1692254363146,1692254363151,1693226627395,35,5,30
50809,1693226627395,1692254363158,1692254363161,1693226627406,11,3,8
50810,1693226627406,1692254363174,1692254363177,1693226627422,16,3,13
50811,1693226627422,1692254363274,1692254363277,1693226627522,100,3,97
50812,1693226627522,1692254363305,1692254363307,1693226627552,30,2,28
50813,1693226627552,1692254363312,1692254363315,1693226627559,7,3,4
50814,1693226627559,1692254363319,1692254363350,1693226627595,36,31,5
50815,1693226627595,1692254363362,1692254363364,1693226627609,14,2,12
50816,1693226627609,1692254363386,1692254363389,1693226627633,24,3,21
50817,1693226627633,1692254363402,1692254363404,1693226627649,16,2,14
50818,1693226627649,1692254363457,1692254363460,1693226627707,58,3,55
50819,1693226627707,1692254363470,1692254363473,1693226627717,10,3,7
50820,1693226627717,1692254363478,1692254363480,1693226627725,8,2,6
50821,1693226627725,1692254363601,1692254363604,1693226627848,123,3,120
50822,1693226627848,1692254363625,1692254363628,1693226627873,25,3,22
50823,1693226627873,1692254363634,1692254363636,1693226627881,8,2,6
50824,1693226627881,1692254363669,1692254363672,1693226627917,36,3,33
50825,1693226627917,1692254363678,1692254363681,1693226627925,8,3,5
50826,1693226627925,1692254363697,1692254363700,1693226627945,20,3,17
50827,1693226627945,1692254363704,1692254363708,1693226627952,7,4,3
50828,1693226627952,1692254363712,1692254363715,1693226627959,7,3,4
50829,1693226627959,1692254363746,1692254363748,1693226627994,35,2,33
50830,1693226627994,1692254363753,1692254363756,1693226628001,7,3,4
50831,1693226628001,1692254363773,1692254363776,1693226628029,28,3,25
50832,1693226628029,1692254363810,1692254363813,1693226628058,29,3,26
50833,1693226628058,1692254363822,1692254363824,1693226628080,22,2,20
50834,1693226628080,1692254363840,1692254363843,1693226628087,7,3,4
50835,1693226628087,1692254363854,1692254363857,1693226628102,15,3,12
50836,1693226628102,1692254363882,1692254363884,1693226628129,27,2,25
50837,1693226628129,1692254363890,1692254363893,1693226628141,12,3,9
50838,1693226628141,1692254363945,1692254363948,1693226628196,55,3,52
50839,1693226628196,1692254363957,1692254363960,1693226628206,10,3,7
50840,1693226628206,1692254364057,1692254364061,1693226628305,99,4,95
50841,1693226628305,1692254364069,1692254364072,1693226628317,12,3,9
50842,1693226628317,1692254364079,1692254364083,1693226628328,11,4,7
50843,1693226628328,1692254364090,1692254364093,1693226628340,12,3,9
50844,1693226628340,1692254364121,1692254364124,1693226628369,29,3,26
50845,1693226628369,1692254364130,1692254364132,1693226628377,8,2,6
50846,1693226628377,1692254364143,1692254364147,1693226628392,15,4,11
50847,1693226628392,1692254364153,1692254364156,1693226628413,21,3,18
50848,1693226628413,1692254364212,1692254364215,1693226628459,46,3,43
50849,1693226628459,1692254364222,1692254364225,1693226628470,11,3,8
50850,1693226628470,1692254364246,1692254364248,1693226628493,23,2,21
50851,1693226628493,1692254364269,1692254364272,1693226628517,24,3,21
50852,1693226628517,1692254364276,1692254364279,1693226628526,9,3,6
50853,1693226628526,1692254364289,1692254364292,1693226628536,10,3,7
50854,1693226628536,1692254364308,1692254364311,1693226628556,20,3,17
50855,1693226628556,1692254364315,1692254364335,1693226628580,24,20,4
50856,1693226628580,1692254364358,1692254364361,1693226628605,25,3,22
50857,1693226628605,1692254364382,1692254364385,1693226628630,25,3,22
50858,1693226628630,1692254364402,1692254364405,1693226628650,20,3,17
50859,1693226628650,1692254364410,1692254364413,1693226628658,8,3,5
50860,1693226628658,1692254364418,1692254364421,1693226628665,7,3,4
50861,1693226628665,1692254364425,1692254364427,1693226628672,7,2,5
50862,1693226628672,1692254364446,1692254364449,1693226628693,21,3,18
50863,1693226628693,1692254364465,1692254364468,1693226628713,20,3,17
50864,1693226628713,1692254364474,1692254364477,1693226628722,9,3,6
50865,1693226628722,1692254364513,1692254364516,1693226628761,39,3,36
50866,1693226628761,1692254364521,1692254364523,1693226628768,7,2,5
50867,1693226628768,1692254364528,1692254364531,1693226628775,7,3,4
50868,1693226628775,1692254364557,1692254364560,1693226628804,29,3,26
50869,1693226628804,1692254364570,1692254364572,1693226628817,13,2,11
50870,1693226628817,1692254364577,1692254364580,1693226628825,8,3,5
50871,1693226628825,1692254364584,1692254364588,1693226628833,8,4,4
50872,1693226628833,1692254364592,1692254364596,1693226628840,7,4,3
50873,1693226628840,1692254364602,1692254364604,1693226628849,9,2,7
50874,1693226628849,1692254364618,1692254364621,1693226628866,17,3,14
50875,1693226628866,1692254364638,1692254364640,1693226628885,19,2,17
50876,1693226628885,1692254364669,1692254364672,1693226628917,32,3,29
50877,1693226628917,1692254364677,1692254364679,1693226628924,7,2,5
50878,1693226628924,1692254364774,1692254364778,1693226629023,99,4,95
50879,1693226629023,1692254364782,1692254364788,1693226629033,10,6,4
50880,1693226629033,1692254364849,1692254364852,1693226629097,64,3,61
50881,1693226629097,1692254364858,1692254364861,1693226629269,172,3,169
50882,1693226629269,1692254365029,1692254365032,1693226629277,8,3,5
50883,1693226629277,1692254365038,1692254365040,1693226629285,8,2,6
50884,1693226629285,1692254365044,1692254365048,1693226629292,7,4,3
50885,1693226629293,1692254365052,1692254365055,1693226629300,7,3,4
50886,1693226629300,1692254365060,1692254365063,1693226629308,8,3,5
50887,1693226629308,1692254365090,1692254365092,1693226629338,30,2,28
50888,1693226629338,1692254365121,1692254365125,1693226629373,35,4,31
50889,1693226629373,1692254365134,1692254365136,1693226629381,8,2,6
50890,1693226629381,1692254365145,1692254365149,1693226629394,13,4,9
50891,1693226629394,1692254365154,1692254365170,1693226629418,24,16,8
50892,1693226629418,1692254365233,1692254365236,1693226629481,63,3,60
50893,1693226629481,1692254365250,1692254365252,1693226629497,16,2,14
50894,1693226629497,1692254365261,1692254365264,1693226629508,11,3,8
50895,1693226629508,1692254365295,1692254365297,1693226629542,34,2,32
50896,1693226629542,1692254365308,1692254365311,1693226629555,13,3,10
50897,1693226629555,1692254365316,1692254365319,1693226629563,8,3,5
50898,1693226629563,1692254365324,1692254365327,1693226629572,9,3,6
50899,1693226629572,1692254365332,1692254365334,1693226629579,7,2,5
50900,1693226629579,1692254365340,1692254365343,1693226629587,8,3,5
50901,1693226629587,1692254365347,1692254365350,1693226629594,7,3,4
50902,1693226629594,1692254365353,1692254365356,1693226629601,7,3,4
50903,1693226629601,1692254365360,1692254365364,1693226629608,7,4,3
50904,1693226629608,1692254365481,1692254365484,1693226629729,121,3,118
50905,1693226629729,1692254365488,1692254365492,1693226629736,7,4,3
50906,1693226629736,1692254365502,1692254365505,1693226629749,13,3,10
50907,1693226629750,1692254365509,1692254365513,1693226629757,7,4,3
50908,1693226629757,1692254365519,1692254365522,1693226629767,10,3,7
50909,1693226629767,1692254365595,1692254365598,1693226629842,75,3,72
50910,1693226629842,1692254365609,1692254365612,1693226629857,15,3,12
50911,1693226629857,1692254365637,1692254365640,1693226629884,27,3,24
50912,1693226629884,1692254365666,1692254365668,1693226629913,29,2,27
50913,1693226629913,1692254365773,1692254365776,1693226630021,108,3,105
50914,1693226630021,1692254365782,1692254365785,1693226630033,12,3,9
50915,1693226630033,1692254365793,1692254365796,1693226630041,8,3,5
50916,1693226630041,1692254365800,1692254365804,1693226630049,8,4,4
50917,1693226630049,1692254365809,1692254365812,1693226630056,7,3,4
50918,1693226630056,1692254365816,1692254365819,1693226630064,8,3,5
50919,1693226630064,1692254365823,1692254365826,1693226630075,11,3,8
50920,1693226630075,1692254365869,1692254365872,1693226630117,42,3,39
50921,1693226630117,1692254365890,1692254365894,1693226630138,21,4,17
50922,1693226630138,1692254365900,1692254365903,1693226630148,10,3,7
50923,1693226630148,1692254365910,1692254365912,1693226630156,8,2,6
50924,1693226630156,1692254365934,1692254365937,1693226630181,25,3,22
50925,1693226630181,1692254365941,1692254365945,1693226630189,8,4,4
50926,1693226630189,1692254365949,1692254365952,1693226630201,12,3,9
50927,1693226630201,1692254365965,1692254365969,1693226630213,12,4,8
50928,1693226630213,1692254365973,1692254365977,1693226630222,9,4,5
50929,1693226630222,1692254365993,1692254365996,1693226630241,19,3,16
50930,1693226630241,1692254366002,1692254366005,1693226630250,9,3,6
50931,1693226630250,1692254366010,1692254366013,1693226630257,7,3,4
50932,1693226630257,1692254366026,1692254366029,1693226630273,16,3,13
50933,1693226630273,1692254366033,1692254366036,1693226630280,7,3,4
50934,1693226630280,1692254366040,1692254366043,1693226630288,8,3,5
50935,1693226630288,1692254366049,1692254366053,1693226630297,9,4,5
50936,1693226630297,1692254366061,1692254366064,1693226630309,12,3,9
50937,1693226630309,1692254366121,1692254366125,1693226630369,60,4,56
50938,1693226630369,1692254366134,1692254366136,1693226630382,13,2,11
50939,1693226630382,1692254366145,1692254366148,1693226630396,14,3,11
50940,1693226630396,1692254366157,1692254366160,1693226630405,9,3,6
50941,1693226630405,1692254366165,1692254366168,1693226630412,7,3,4
50942,1693226630412,1692254366172,1692254366174,1693226630419,7,2,5
50943,1693226630419,1692254366182,1692254366185,1693226630430,11,3,8
50944,1693226630430,1692254366209,1692254366212,1693226630457,27,3,24
50945,1693226630457,1692254366218,1692254366249,1693226630494,37,31,6
50946,1693226630494,1692254366258,1692254366260,1693226630505,11,2,9
50947,1693226630505,1692254366318,1692254366321,1693226630566,61,3,58
50948,1693226630566,1692254366326,1692254366328,1693226630574,8,2,6
50949,1693226630574,1692254366393,1692254366396,1693226630641,67,3,64
50950,1693226630641,1692254366425,1692254366429,1693226630673,32,4,28
50951,1693226630673,1692254366469,1692254366472,1693226630717,44,3,41
50952,1693226630717,1692254366485,1692254366488,1693226630733,16,3,13
50953,1693226630733,1692254366492,1692254366497,1693226630742,9,5,4
50954,1693226630742,1692254366530,1692254366533,1693226630779,37,3,34
50955,1693226630779,1692254366621,1692254366624,1693226630869,90,3,87
50956,1693226630869,1692254366666,1692254366669,1693226630913,44,3,41
50957,1693226630913,1692254366681,1692254366684,1693226630928,15,3,12
50958,1693226630928,1692254366690,1692254366692,1693226630937,9,2,7
50959,1693226630937,1692254366733,1692254366737,1693226630984,47,4,43
50960,1693226630984,1692254366786,1692254366789,1693226631034,50,3,47
50961,1693226631034,1692254366794,1692254366817,1693226631062,28,23,5
50962,1693226631062,1692254366834,1692254366837,1693226631081,19,3,16
50963,1693226631081,1692254366869,1692254366872,1693226631117,36,3,33
50964,1693226631117,1692254366937,1692254366940,1693226631185,68,3,65
50965,1693226631185,1692254366946,1692254366950,1693226631194,9,4,5
50966,1693226631194,1692254366965,1692254366968,1693226631213,19,3,16
50967,1693226631213,1692254366974,1692254367043,1693226631287,74,69,5
50968,1693226631288,1692254367050,1692254367054,1693226631298,10,4,6
50969,1693226631298,1692254367062,1692254367065,1693226631310,12,3,9
50970,1693226631310,1692254367070,1692254367073,1693226631317,7,3,4
50971,1693226631317,1692254367076,1692254367080,1693226631324,7,4,3
50972,1693226631324,1692254367086,1692254367097,1693226631341,17,11,6
50973,1693226631341,1692254367101,1692254367105,1693226631350,9,4,5
50974,1693226631350,1692254367114,1692254367117,1693226631361,11,3,8
50975,1693226631361,1692254367150,1692254367153,1693226631397,36,3,33
50976,1693226631397,1692254367157,1692254367162,1693226631406,9,5,4
50977,1693226631406,1692254367166,1692254367181,1693226631430,24,15,9
50978,1693226631430,1692254367190,1692254367193,1693226631437,7,3,4
50979,1693226631437,1692254367197,1692254367200,1693226631444,7,3,4
50980,1693226631444,1692254367210,1692254367213,1693226631457,13,3,10
50981,1693226631457,1692254367221,1692254367224,1693226631469,12,3,9
50982,1693226631469,1692254367229,1692254367232,1693226631476,7,3,4
50983,1693226631476,1692254367241,1692254367253,1693226631497,21,12,9
50984,1693226631497,1692254367278,1692254367281,1693226631545,48,3,45
50985,1693226631545,1692254367319,1692254367322,1693226631567,22,3,19
50986,1693226631567,1692254367326,1692254367330,1693226631574,7,4,3
50987,1693226631574,1692254367410,1692254367413,1693226631658,84,3,81
50988,1693226631658,1692254367417,1692254367420,1693226631667,9,3,6
50989,1693226631667,1692254367441,1692254367444,1693226631689,22,3,19
50990,1693226631689,1692254367478,1692254367497,1693226631742,53,19,34
50991,1693226631742,1692254367502,1692254367505,1693226631750,8,3,5
50992,1693226631750,1692254367509,1692254367512,1693226631757,7,3,4
50993,1693226631757,1692254367517,1692254367520,1693226631764,7,3,4
50994,1693226631764,1692254367525,1692254367528,1693226631773,9,3,6
50995,1693226631773,1692254367541,1692254367544,1693226631788,15,3,12
50996,1693226631788,1692254367548,1692254367551,1693226631795,7,3,4
50997,1693226631795,1692254367561,1692254367564,1693226631849,54,3,51
50998,1693226631849,1692254367622,1692254367625,1693226631869,20,3,17
50999,1693226631869,1692254367685,1692254367688,1693226631933,64,3,61
51000,1693226631933,1692254367729,1692254367732,1693226631977,44,3,41
51001,1693226631977,1692254367786,1692254367789,1693226632033,56,3,53
51002,1693226632033,1692254367793,1692254367796,1693226632041,8,3,5
51003,1693226632041,1692254367814,1692254367818,1693226632062,21,4,17
51004,1693226632062,1692254367866,1692254367869,1693226632113,51,3,48
51005,1693226632114,1692254367885,1692254367887,1693226632132,18,2,16
51006,1693226632132,1692254367898,1692254367901,1693226632146,14,3,11
51007,1693226632146,1692254367922,1692254367924,1693226632169,23,2,21
51008,1693226632169,1692254367933,1692254367936,1693226632180,11,3,8
51009,1693226632180,1692254367940,1692254367943,1693226632187,7,3,4
51010,1693226632187,1692254367947,1692254367950,1693226632194,7,3,4
51011,1693226632194,1692254367954,1692254367957,1693226632201,7,3,4
51012,1693226632201,1692254367961,1692254367964,1693226632209,8,3,5
51013,1693226632209,1692254367970,1692254367974,1693226632219,10,4,6
51014,1693226632219,1692254367979,1692254368024,1693226632269,50,45,5
51015,1693226632269,1692254368030,1692254368033,1693226632278,9,3,6
51016,1693226632278,1692254368038,1692254368041,1693226632285,7,3,4
51017,1693226632285,1692254368045,1692254368048,1693226632293,8,3,5
51018,1693226632293,1692254368073,1692254368076,1693226632321,28,3,25
51019,1693226632321,1692254368090,1692254368092,1693226632337,16,2,14
51020,1693226632337,1692254368102,1692254368105,1693226632349,12,3,9
51021,1693226632349,1692254368109,1692254368112,1693226632356,7,3,4
51022,1693226632356,1692254368116,1692254368119,1693226632364,8,3,5
51023,1693226632364,1692254368124,1692254368127,1693226632372,8,3,5
51024,1693226632372,1692254368131,1692254368134,1693226632379,7,3,4
51025,1693226632379,1692254368151,1692254368155,1693226632399,20,4,16
51026,1693226632399,1692254368159,1692254368163,1693226632408,9,4,5
51027,1693226632408,1692254368185,1692254368197,1693226632442,34,12,22
51028,1693226632442,1692254368201,1692254368204,1693226632449,7,3,4
51029,1693226632449,1692254368214,1692254368217,1693226632461,12,3,9
51030,1693226632461,1692254368225,1692254368228,1693226632473,12,3,9
51031,1693226632473,1692254368237,1692254368240,1693226632485,12,3,9
51032,1693226632485,1692254368249,1692254368252,1693226632497,12,3,9
51033,1693226632497,1692254368263,1692254368266,1693226632510,13,3,10
51034,1693226632510,1692254368270,1692254368273,1693226632520,10,3,7
51035,1693226632520,1692254368280,1692254368283,1693226632528,8,3,5
51036,1693226632528,1692254368288,1692254368291,1693226632536,8,3,5
51037,1693226632536,1692254368319,1692254368323,1693226632567,31,4,27
51038,1693226632567,1692254368327,1692254368330,1693226632575,8,3,5
51039,1693226632575,1692254368354,1692254368356,1693226632601,26,2,24
51040,1693226632601,1692254368361,1692254368364,1693226632608,7,3,4
51041,1693226632608,1692254368368,1692254368371,1693226632615,7,3,4
51042,1693226632615,1692254368429,1692254368432,1693226632676,61,3,58
51043,1693226632676,1692254368517,1692254368521,1693226632769,93,4,89
51044,1693226632769,1692254368533,1692254368536,1693226632781,12,3,9
51045,1693226632781,1692254368542,1692254368545,1693226632790,9,3,6
51046,1693226632790,1692254368593,1692254368596,1693226632841,51,3,48
51047,1693226632841,1692254368605,1692254368608,1693226632852,11,3,8
51048,1693226632852,1692254368612,1692254368614,1693226632859,7,2,5
51049,1693226632859,1692254368619,1692254368622,1693226632867,8,3,5
51050,1693226632867,1692254368627,1692254368630,1693226632875,8,3,5
51051,1693226632875,1692254368635,1692254368638,1693226632883,8,3,5
51052,1693226632883,1692254368643,1692254368646,1693226632891,8,3,5
51053,1693226632891,1692254368651,1692254368654,1693226632899,8,3,5
51054,1693226632899,1692254368659,1692254368661,1693226632906,7,2,5
51055,1693226632906,1692254368666,1692254368673,1693226632917,11,7,4
51056,1693226632917,1692254368733,1692254368736,1693226632985,68,3,65
51057,1693226632985,1692254368750,1692254368753,1693226632998,13,3,10
51058,1693226632998,1692254368757,1692254368761,1693226633006,8,4,4
51059,1693226633006,1692254368766,1692254368769,1693226633013,7,3,4
51060,1693226633013,1692254368780,1692254368785,1693226633032,19,5,14
51061,1693226633032,1692254368853,1692254368856,1693226633101,69,3,66
51062,1693226633101,1692254368874,1692254368877,1693226633122,21,3,18
51063,1693226633122,1692254368881,1692254368884,1693226633129,7,3,4
51064,1693226633129,1692254368889,1692254368893,1693226633137,8,4,4
51065,1693226633137,1692254368908,1692254368912,1693226633161,24,4,20
51066,1693226633161,1692254368966,1692254368969,1693226633213,52,3,49
51067,1693226633213,1692254368981,1692254368984,1693226633228,15,3,12
51068,1693226633228,1692254368988,1692254368991,1693226633236,8,3,5
51069,1693226633236,1692254368996,1692254368999,1693226633244,8,3,5
51070,1693226633244,1692254369004,1692254369007,1693226633251,7,3,4
51071,1693226633251,1692254369013,1692254369018,1693226633263,12,5,7
51072,1693226633263,1692254369042,1692254369045,1693226633290,27,3,24
51073,1693226633290,1692254369050,1692254369053,1693226633297,7,3,4
51074,1693226633297,1692254369058,1692254369061,1693226633305,8,3,5
51075,1693226633305,1692254369064,1692254369067,1693226633312,7,3,4
51076,1693226633312,1692254369109,1692254369112,1693226633357,45,3,42
51077,1693226633357,1692254369149,1692254369152,1693226633396,39,3,36
51078,1693226633396,1692254369156,1692254369160,1693226633405,9,4,5
51079,1693226633405,1692254369170,1692254369173,1693226633418,13,3,10
51080,1693226633418,1692254369221,1692254369224,1693226633469,51,3,48
51081,1693226633469,1692254369230,1692254369233,1693226633477,8,3,5
51082,1693226633477,1692254369237,1692254369240,1693226633485,8,3,5
51083,1693226633485,1692254369245,1692254369248,1693226633497,12,3,9
51084,1693226633497,1692254369265,1692254369268,1693226633512,15,3,12
51085,1693226633512,1692254369273,1692254369276,1693226633520,8,3,5
51086,1693226633520,1692254369295,1692254369298,1693226633544,24,3,21
51087,1693226633544,1692254369309,1692254369313,1693226633557,13,4,9
51088,1693226633557,1692254369319,1692254369323,1693226633567,10,4,6
51089,1693226633567,1692254369326,1692254369330,1693226633574,7,4,3
51090,1693226633574,1692254369426,1692254369429,1693226633675,101,3,98
51091,1693226633675,1692254369542,1692254369546,1693226633790,115,4,111
51092,1693226633790,1692254369555,1692254369558,1693226633802,12,3,9
51093,1693226633802,1692254369562,1692254369567,1693226633811,9,5,4
51094,1693226633811,1692254369586,1692254369589,1693226633833,22,3,19
51095,1693226633833,1692254369602,1692254369604,1693226633851,18,2,16
51096,1693226633851,1692254369649,1692254369652,1693226633897,46,3,43
51097,1693226633897,1692254369658,1692254369661,1693226633905,8,3,5
51098,1693226633905,1692254369669,1692254369672,1693226633918,13,3,10
51099,1693226633918,1692254369677,1692254369682,1693226633927,9,5,4
51100,1693226633927,1692254369733,1692254369737,1693226633982,55,4,51
51101,1693226633982,1692254369742,1692254369745,1693226633993,11,3,8
51102,1693226633993,1692254369764,1692254369767,1693226634012,19,3,16
51103,1693226634012,1692254369788,1692254369791,1693226634037,25,3,22
51104,1693226634037,1692254369810,1692254369813,1693226634058,21,3,18
51105,1693226634058,1692254369818,1692254369821,1693226634066,8,3,5
51106,1693226634066,1692254369826,1692254369828,1693226634073,7,2,5
51107,1693226634073,1692254369837,1692254369839,1693226634084,11,2,9
51108,1693226634084,1692254369850,1692254369853,1693226634097,13,3,10
51109,1693226634097,1692254369857,1692254369860,1693226634104,7,3,4
51110,1693226634104,1692254369864,1692254369868,1693226634113,9,4,5
51111,1693226634113,1692254369873,1692254369876,1693226634120,7,3,4
51112,1693226634120,1692254369880,1692254369883,1693226634127,7,3,4
51113,1693226634127,1692254369887,1692254369890,1693226634134,7,3,4
51114,1693226634134,1692254369894,1692254369897,1693226634142,8,3,5
51115,1693226634142,1692254369901,1692254369904,1693226634149,7,3,4
51116,1693226634149,1692254369909,1692254369911,1693226634159,10,2,8
51117,1693226634159,1692254369918,1692254369925,1693226634170,11,7,4
51118,1693226634170,1692254369929,1692254369932,1693226634177,7,3,4
51119,1693226634177,1692254369937,1692254369939,1693226634184,7,2,5
51120,1693226634184,1692254369944,1692254369947,1693226634191,7,3,4
51121,1693226634191,1692254369951,1692254369953,1693226634198,7,2,5
51122,1693226634198,1692254369965,1692254369968,1693226634213,15,3,12
51123,1693226634213,1692254369973,1692254369976,1693226634221,8,3,5
51124,1693226634221,1692254369980,1692254369983,1693226634228,7,3,4
51125,1693226634228,1692254369992,1692254369995,1693226634240,12,3,9
51126,1693226634240,1692254370000,1692254370003,1693226634248,8,3,5
51127,1693226634248,1692254370009,1692254370012,1693226634257,9,3,6
51128,1693226634257,1692254370018,1692254370022,1693226634266,9,4,5
51129,1693226634266,1692254370034,1692254370036,1693226634281,15,2,13
51130,1693226634281,1692254370041,1692254370044,1693226634288,7,3,4
51131,1693226634288,1692254370048,1692254370052,1693226634296,8,4,4
51132,1693226634296,1692254370074,1692254370077,1693226634321,25,3,22
51133,1693226634321,1692254370149,1692254370152,1693226634397,76,3,73
51134,1693226634397,1692254370157,1692254370203,1693226634449,52,46,6
51135,1693226634449,1692254370208,1692254370212,1693226634457,8,4,4
51136,1693226634457,1692254370216,1692254370220,1693226634465,8,4,4
51137,1693226634465,1692254370225,1692254370228,1693226634473,8,3,5
51138,1693226634473,1692254370233,1692254370236,1693226634480,7,3,4
51139,1693226634480,1692254370241,1692254370244,1693226634488,8,3,5
51140,1693226634488,1692254370248,1692254370250,1693226634495,7,2,5
51141,1693226634496,1692254370258,1692254370261,1693226634505,9,3,6
51142,1693226634505,1692254370265,1692254370267,1693226634512,7,2,5
51143,1693226634512,1692254370272,1692254370275,1693226634520,8,3,5
51144,1693226634520,1692254370279,1692254370283,1693226634527,7,4,3
51145,1693226634527,1692254370287,1692254370289,1693226634534,7,2,5
51146,1693226634534,1692254370293,1692254370296,1693226634541,7,3,4
51147,1693226634541,1692254370301,1692254370303,1693226634548,7,2,5
51148,1693226634548,1692254370307,1692254370310,1693226634555,7,3,4
51149,1693226634555,1692254370315,1692254370319,1693226634563,8,4,4
51150,1693226634563,1692254370325,1692254370328,1693226634573,10,3,7
51151,1693226634573,1692254370377,1692254370380,1693226634625,52,3,49
51152,1693226634625,1692254370397,1692254370400,1693226634645,20,3,17
51153,1693226634645,1692254370406,1692254370408,1693226634653,8,2,6
51154,1693226634654,1692254370437,1692254370440,1693226634691,37,3,34
51155,1693226634691,1692254370535,1692254370538,1693226634783,92,3,89
51156,1693226634783,1692254370544,1692254370547,1693226634792,9,3,6
51157,1693226634792,1692254370565,1692254370569,1693226634813,21,4,17
51158,1693226634813,1692254370572,1692254370576,1693226634820,7,4,3
51159,1693226634820,1692254370598,1692254370601,1693226634846,26,3,23
51160,1693226634846,1692254370638,1692254370640,1693226634885,39,2,37
51161,1693226634885,1692254370650,1692254370652,1693226634916,31,2,29
51162,1693226634916,1692254370676,1692254370679,1693226634924,8,3,5
51163,1693226634924,1692254370683,1692254370686,1693226634931,7,3,4
51164,1693226634931,1692254370693,1692254370696,1693226634941,10,3,7
51165,1693226634941,1692254370700,1692254370714,1693226634959,18,14,4
51166,1693226634959,1692254370719,1692254370722,1693226634966,7,3,4
51167,1693226634966,1692254370725,1692254370728,1693226634973,7,3,4
51168,1693226634973,1692254370736,1692254370739,1693226634984,11,3,8
51169,1693226634984,1692254370744,1692254370746,1693226634991,7,2,5
51170,1693226634991,1692254370751,1692254370754,1693226634999,8,3,5
51171,1693226634999,1692254370759,1692254370762,1693226635006,7,3,4
51172,1693226635006,1692254370766,1692254370768,1693226635012,6,2,4
51173,1693226635012,1692254370772,1692254370776,1693226635021,9,4,5
51174,1693226635021,1692254370782,1692254370806,1693226635051,30,24,6
51175,1693226635051,1692254370822,1692254370825,1693226635069,18,3,15
51176,1693226635070,1692254370830,1692254370832,1693226635077,7,2,5
51177,1693226635077,1692254370838,1692254370840,1693226635085,8,2,6
51178,1693226635085,1692254370862,1692254370866,1693226635110,25,4,21
51179,1693226635110,1692254370878,1692254370880,1693226635126,16,2,14
51180,1693226635126,1692254370887,1692254370889,1693226635134,8,2,6
51181,1693226635134,1692254370965,1692254370968,1693226635213,79,3,76
51182,1693226635213,1692254370973,1692254370977,1693226635222,9,4,5
51183,1693226635222,1692254370982,1692254371026,1693226635271,49,44,5
51184,1693226635271,1692254371034,1692254371037,1693226635281,10,3,7
51185,1693226635281,1692254371046,1692254371048,1693226635293,12,2,10
51186,1693226635293,1692254371053,1692254371055,1693226635303,10,2,8
51187,1693226635303,1692254371064,1692254371066,1693226635311,8,2,6
51188,1693226635311,1692254371081,1692254371084,1693226635329,18,3,15
51189,1693226635329,1692254371088,1692254371092,1693226635336,7,4,3
51190,1693226635336,1692254371106,1692254371109,1693226635353,17,3,14
51191,1693226635353,1692254371157,1692254371160,1693226635405,52,3,49
51192,1693226635405,1692254371168,1692254371171,1693226635416,11,3,8
51193,1693226635416,1692254371205,1692254371208,1693226635455,39,3,36
51194,1693226635455,1692254371253,1692254371256,1693226635503,48,3,45
51195,1693226635503,1692254371279,1692254371283,1693226635529,26,4,22
51196,1693226635529,1692254371311,1692254371315,1693226635559,30,4,26
51197,1693226635559,1692254371320,1692254371323,1693226635568,9,3,6
51198,1693226635568,1692254371405,1692254371409,1693226635653,85,4,81
51199,1693226635653,1692254371413,1692254371416,1693226635660,7,3,4
51200,1693226635660,1692254371420,1692254371423,1693226635667,7,3,4
51201,1693226635667,1692254371449,1692254371452,1693226635697,30,3,27
51202,1693226635697,1692254371458,1692254371461,1693226635706,9,3,6
51203,1693226635706,1692254371466,1692254371469,1693226635713,7,3,4
51204,1693226635713,1692254371473,1692254371476,1693226635720,7,3,4
51205,1693226635720,1692254371480,1692254371483,1693226635727,7,3,4
51206,1693226635727,1692254371496,1692254371498,1693226635743,16,2,14
51207,1693226635743,1692254371522,1692254371524,1693226635772,29,2,27
51208,1693226635772,1692254371531,1692254371534,1693226635779,7,3,4
51209,1693226635779,1692254371539,1692254371542,1693226635786,7,3,4
51210,1693226635786,1692254371546,1692254371570,1693226635814,28,24,4
51211,1693226635815,1692254371578,1692254371581,1693226635825,10,3,7
51212,1693226635825,1692254371594,1692254371597,1693226635842,17,3,14
51213,1693226635842,1692254371602,1692254371605,1693226635849,7,3,4
51214,1693226635849,1692254371609,1692254371612,1693226635856,7,3,4
51215,1693226635856,1692254371633,1692254371636,1693226635880,24,3,21
51216,1693226635880,1692254371640,1692254371643,1693226635888,8,3,5
51217,1693226635888,1692254371656,1692254371659,1693226635904,16,3,13
51218,1693226635904,1692254371664,1692254371667,1693226635915,11,3,8
51219,1693226635915,1692254371690,1692254371693,1693226635937,22,3,19
51220,1693226635937,1692254371717,1692254371720,1693226635964,27,3,24
51221,1693226635965,1692254371729,1692254371731,1693226635976,11,2,9
51222,1693226635976,1692254371736,1692254371739,1693226635983,7,3,4
51223,1693226635983,1692254371753,1692254371757,1693226636001,18,4,14
51224,1693226636001,1692254371760,1692254371764,1693226636008,7,4,3
51225,1693226636008,1692254371785,1692254371789,1693226636033,25,4,21
51226,1693226636033,1692254371793,1692254371796,1693226636041,8,3,5
51227,1693226636041,1692254371810,1692254371813,1693226636058,17,3,14
51228,1693226636058,1692254371901,1692254371904,1693226636149,91,3,88
51229,1693226636149,1692254371910,1692254371912,1693226636157,8,2,6
51230,1693226636157,1692254371916,1692254371919,1693226636164,7,3,4
51231,1693226636164,1692254371924,1692254371926,1693226636171,7,2,5
51232,1693226636171,1692254371931,1692254371934,1693226636179,8,3,5
51233,1693226636179,1692254371939,1692254371942,1693226636187,8,3,5
51234,1693226636187,1692254371947,1692254371950,1693226636195,8,3,5
51235,1693226636195,1692254371956,1692254371959,1693226636207,12,3,9
51236,1693226636207,1692254371967,1692254371971,1693226636216,9,4,5
51237,1693226636216,1692254371976,1692254371979,1693226636224,8,3,5
51238,1693226636224,1692254372053,1692254372056,1693226636301,77,3,74
51239,1693226636301,1692254372070,1692254372089,1693226636334,33,19,14
51240,1693226636334,1692254372102,1692254372104,1693226636349,15,2,13
51241,1693226636349,1692254372112,1692254372115,1693226636359,10,3,7
51242,1693226636359,1692254372122,1692254372125,1693226636373,14,3,11
51243,1693226636373,1692254372135,1692254372138,1693226636383,10,3,7
51244,1693226636383,1692254372143,1692254372145,1693226636390,7,2,5
51245,1693226636390,1692254372161,1692254372163,1693226636408,18,2,16
51246,1693226636408,1692254372169,1692254372173,1693226636417,9,4,5
51247,1693226636417,1692254372177,1692254372182,1693226636426,9,5,4
51248,1693226636426,1692254372209,1692254372246,1693226636491,65,37,28
51249,1693226636491,1692254372281,1692254372284,1693226636529,38,3,35
51250,1693226636529,1692254372294,1692254372296,1693226636563,34,2,32
51251,1693226636564,1692254372328,1692254372339,1693226636583,19,11,8
51252,1693226636583,1692254372365,1692254372368,1693226636613,30,3,27
51253,1693226636613,1692254372374,1692254372377,1693226636621,8,3,5
51254,1693226636621,1692254372381,1692254372383,1693226636628,7,2,5
51255,1693226636628,1692254372387,1692254372391,1693226636635,7,4,3
51256,1693226636635,1692254372405,1692254372407,1693226636652,17,2,15
51257,1693226636652,1692254372417,1692254372420,1693226636664,12,3,9
51258,1693226636664,1692254372424,1692254372427,1693226636671,7,3,4
51259,1693226636671,1692254372449,1692254372451,1693226636696,25,2,23
51260,1693226636696,1692254372474,1692254372476,1693226636725,29,2,27
51261,1693226636725,1692254372490,1692254372492,1693226636741,16,2,14
51262,1693226636741,1692254372510,1692254372517,1693226636762,21,7,14
51263,1693226636762,1692254372534,1692254372537,1693226636781,19,3,16
51264,1693226636781,1692254372543,1692254372546,1693226636791,10,3,7
51265,1693226636791,1692254372565,1692254372568,1693226636812,21,3,18
51266,1693226636812,1692254372590,1692254372593,1693226636840,28,3,25
51267,1693226636840,1692254372626,1692254372629,1693226636873,33,3,30
51268,1693226636873,1692254372633,1692254372636,1693226636881,8,3,5
51269,1693226636881,1692254372782,1692254372785,1693226637029,148,3,145
51270,1693226637029,1692254372790,1692254372793,1693226637037,8,3,5
51271,1693226637038,1692254372829,1692254372832,1693226637076,38,3,35
51272,1693226637076,1692254372836,1692254372839,1693226637084,8,3,5
51273,1693226637084,1692254372854,1692254372856,1693226637101,17,2,15
51274,1693226637101,1692254372861,1692254372864,1693226637109,8,3,5
51275,1693226637109,1692254372869,1692254372872,1693226637116,7,3,4
51276,1693226637116,1692254372878,1692254372880,1693226637128,12,2,10
51277,1693226637128,1692254372890,1692254372892,1693226637137,9,2,7
51278,1693226637137,1692254372902,1692254372904,1693226637149,12,2,10
51279,1693226637149,1692254372918,1692254372921,1693226637165,16,3,13
51280,1693226637165,1692254372949,1692254372952,1693226637197,32,3,29
51281,1693226637197,1692254372993,1692254372997,1693226637241,44,4,40
51282,1693226637241,1692254373006,1692254373014,1693226637259,18,8,10
51283,1693226637259,1692254373033,1692254373036,1693226637280,21,3,18
51284,1693226637280,1692254373040,1692254373045,1693226637297,17,5,12
51285,1693226637297,1692254373057,1692254373059,1693226637304,7,2,5
51286,1693226637304,1692254373064,1692254373067,1693226637311,7,3,4
51287,1693226637311,1692254373082,1692254373085,1693226637329,18,3,15
51288,1693226637329,1692254373121,1692254373124,1693226637370,41,3,38
51289,1693226637370,1692254373129,1692254373132,1693226637377,7,3,4
51290,1693226637377,1692254373142,1692254373144,1693226637389,12,2,10
51291,1693226637389,1692254373153,1692254373156,1693226637400,11,3,8
51292,1693226637400,1692254373161,1692254373164,1693226637408,8,3,5
51293,1693226637409,1692254373174,1692254373178,1693226637423,14,4,10
51294,1693226637423,1692254373183,1692254373186,1693226637430,7,3,4
51295,1693226637431,1692254373222,1692254373224,1693226637469,38,2,36
51296,1693226637469,1692254373230,1692254373233,1693226637477,8,3,5
51297,1693226637477,1692254373254,1692254373256,1693226637503,26,2,24
51298,1693226637503,1692254373324,1692254373328,1693226637581,78,4,74
51299,1693226637581,1692254373412,1692254373416,1693226637666,85,4,81
51300,1693226637666,1692254373561,1692254373564,1693226637808,142,3,139
51301,1693226637809,1692254373638,1692254373641,1693226637886,77,3,74
51302,1693226637886,1692254373646,1692254373649,1693226637895,9,3,6
51303,1693226637895,1692254373656,1692254373660,1693226637904,9,4,5
51304,1693226637904,1692254373664,1692254373667,1693226637911,7,3,4
51305,1693226637911,1692254373671,1692254373676,1693226637922,11,5,6
51306,1693226637922,1692254373702,1692254373705,1693226637949,27,3,24
51307,1693226637949,1692254373749,1692254373752,1693226637996,47,3,44
51308,1693226637996,1692254373771,1692254373774,1693226638018,22,3,19
51309,1693226638018,1692254373783,1692254373786,1693226638031,13,3,10
51310,1693226638031,1692254373794,1692254373798,1693226638045,14,4,10
51311,1693226638045,1692254373807,1692254373809,1693226638054,9,2,7
51312,1693226638054,1692254373816,1692254373819,1693226638063,9,3,6
51313,1693226638064,1692254373823,1692254373826,1693226638071,7,3,4
51314,1693226638071,1692254373831,1692254373834,1693226638078,7,3,4
51315,1693226638078,1692254373841,1692254373844,1693226638089,11,3,8
51316,1693226638089,1692254373849,1692254373852,1693226638096,7,3,4
51317,1693226638096,1692254373874,1692254373876,1693226638121,25,2,23
51318,1693226638121,1692254373881,1692254373884,1693226638128,7,3,4
51319,1693226638128,1692254373921,1692254373924,1693226638169,41,3,38
51320,1693226638169,1692254373962,1692254373966,1693226638211,42,4,38
51321,1693226638211,1692254373977,1692254373980,1693226638225,14,3,11
51322,1693226638225,1692254373986,1692254373988,1693226638233,8,2,6
51323,1693226638233,1692254374074,1692254374077,1693226638322,89,3,86
51324,1693226638322,1692254374086,1692254374089,1693226638333,11,3,8
51325,1693226638333,1692254374101,1692254374104,1693226638348,15,3,12
51326,1693226638348,1692254374112,1692254374116,1693226638360,12,4,8
51327,1693226638360,1692254374152,1692254374156,1693226638400,40,4,36
51328,1693226638400,1692254374161,1692254374164,1693226638409,9,3,6
51329,1693226638409,1692254374169,1692254374172,1693226638416,7,3,4
51330,1693226638416,1692254374203,1692254374206,1693226638451,35,3,32
51331,1693226638451,1692254374214,1692254374216,1693226638461,10,2,8
51332,1693226638461,1692254374225,1692254374228,1693226638472,11,3,8
51333,1693226638472,1692254374232,1692254374236,1693226638480,8,4,4
51334,1693226638480,1692254374241,1692254374243,1693226638488,8,2,6
51335,1693226638488,1692254374247,1692254374251,1693226638496,8,4,4
51336,1693226638496,1692254374256,1692254374259,1693226638504,8,3,5
51337,1693226638504,1692254374264,1692254374266,1693226638511,7,2,5
51338,1693226638511,1692254374270,1692254374273,1693226638517,6,3,3
51339,1693226638517,1692254374278,1692254374280,1693226638525,8,2,6
51340,1693226638525,1692254374324,1692254374327,1693226638572,47,3,44
51341,1693226638572,1692254374332,1692254374335,1693226638580,8,3,5
51342,1693226638580,1692254374381,1692254374384,1693226638628,48,3,45
51343,1693226638628,1692254374423,1692254374425,1693226638670,42,2,40
51344,1693226638670,1692254374434,1692254374436,1693226638681,11,2,9
51345,1693226638681,1692254374440,1692254374443,1693226638690,9,3,6
51346,1693226638690,1692254374473,1692254374476,1693226638720,30,3,27
51347,1693226638720,1692254374481,1692254374484,1693226638729,9,3,6
51348,1693226638729,1692254374488,1692254374492,1693226638736,7,4,3
51349,1693226638736,1692254374506,1692254374508,1693226638753,17,2,15
51350,1693226638753,1692254374513,1692254374516,1693226638760,7,3,4
51351,1693226638760,1692254374520,1692254374522,1693226638767,7,2,5
51352,1693226638767,1692254374527,1692254374531,1693226638775,8,4,4
51353,1693226638775,1692254374535,1692254374538,1693226638782,7,3,4
51354,1693226638782,1692254374542,1692254374545,1693226638790,8,3,5
51355,1693226638790,1692254374550,1692254374553,1693226638797,7,3,4
51356,1693226638797,1692254374557,1692254374560,1693226638805,8,3,5
51357,1693226638805,1692254374570,1692254374574,1693226638818,13,4,9
51358,1693226638818,1692254374578,1692254374581,1693226638826,8,3,5
51359,1693226638826,1692254374589,1692254374592,1693226638837,11,3,8
51360,1693226638837,1692254374596,1692254374599,1693226638844,7,3,4
51361,1693226638844,1692254374610,1692254374613,1693226638857,13,3,10
51362,1693226638857,1692254374617,1692254374620,1693226638865,8,3,5
51363,1693226638865,1692254374626,1692254374629,1693226638874,9,3,6
51364,1693226638874,1692254374634,1692254374637,1693226638881,7,3,4
51365,1693226638881,1692254374641,1692254374643,1693226638888,7,2,5
51366,1693226638888,1692254374648,1692254374651,1693226638895,7,3,4
51367,1693226638895,1692254374656,1692254374658,1693226638905,10,2,8
51368,1693226638905,1692254374690,1692254374692,1693226638937,32,2,30
51369,1693226638937,1692254374761,1692254374764,1693226639008,71,3,68
51370,1693226639008,1692254374790,1692254374793,1693226639038,30,3,27
51371,1693226639038,1692254374798,1692254374801,1693226639046,8,3,5
51372,1693226639046,1692254374805,1692254374808,1693226639054,8,3,5
51373,1693226639054,1692254374870,1692254374873,1693226639117,63,3,60
51374,1693226639117,1692254374878,1692254374881,1693226639125,8,3,5
51375,1693226639125,1692254374890,1692254374893,1693226639137,12,3,9
51376,1693226639137,1692254374898,1692254374921,1693226639166,29,23,6
51377,1693226639166,1692254374938,1692254374941,1693226639186,20,3,17
51378,1693226639186,1692254374977,1692254374980,1693226639224,38,3,35
51379,1693226639224,1692254374985,1692254375005,1693226639250,26,20,6
51380,1693226639250,1692254375017,1692254375021,1693226639265,15,4,11
51381,1693226639265,1692254375029,1692254375032,1693226639279,14,3,11
51382,1693226639279,1692254375057,1692254375060,1693226639304,25,3,22
51383,1693226639304,1692254375070,1692254375072,1693226639317,13,2,11
51384,1693226639317,1692254375078,1692254375081,1693226639326,9,3,6
51385,1693226639326,1692254375086,1692254375088,1693226639336,10,2,8
51386,1693226639336,1692254375105,1692254375108,1693226639356,20,3,17
51387,1693226639356,1692254375116,1692254375119,1693226639363,7,3,4
51388,1693226639364,1692254375149,1692254375152,1693226639396,32,3,29
51389,1693226639396,1692254375178,1692254375181,1693226639425,29,3,26
51390,1693226639426,1692254375186,1692254375188,1693226639433,7,2,5
51391,1693226639433,1692254375193,1692254375196,1693226639441,8,3,5
51392,1693226639441,1692254375250,1692254375253,1693226639497,56,3,53
51393,1693226639497,1692254375261,1692254375273,1693226639518,21,12,9
51394,1693226639518,1692254375286,1692254375289,1693226639533,15,3,12
51395,1693226639533,1692254375302,1692254375305,1693226639550,17,3,14
51396,1693226639550,1692254375318,1692254375321,1693226639566,16,3,13
51397,1693226639566,1692254375327,1692254375329,1693226639574,8,2,6
51398,1693226639574,1692254375334,1692254375338,1693226639582,8,4,4
51399,1693226639582,1692254375401,1692254375404,1693226639649,67,3,64
51400,1693226639649,1692254375428,1692254375431,1693226639676,27,3,24
51401,1693226639676,1692254375470,1692254375473,1693226639717,41,3,38
51402,1693226639717,1692254375494,1692254375497,1693226639742,25,3,22
51403,1693226639742,1692254375521,1692254375524,1693226639768,26,3,23
51404,1693226639768,1692254375528,1692254375531,1693226639776,8,3,5
51405,1693226639776,1692254375538,1692254375540,1693226639785,9,2,7
51406,1693226639785,1692254375547,1692254375550,1693226639795,10,3,7
51407,1693226639795,1692254375558,1692254375561,1693226639805,10,3,7
51408,1693226639805,1692254375633,1692254375636,1693226639881,76,3,73
51409,1693226639881,1692254375721,1692254375724,1693226639969,88,3,85
51410,1693226639969,1692254375749,1692254375752,1693226639996,27,3,24
51411,1693226639996,1692254375762,1692254375803,1693226640048,52,41,11
51412,1693226640048,1692254375808,1692254375814,1693226640059,11,6,5
51413,1693226640059,1692254375825,1692254375828,1693226640072,13,3,10
51414,1693226640073,1692254375832,1692254375836,1693226640080,7,4,3
51415,1693226640080,1692254375840,1692254375843,1693226640087,7,3,4
51416,1693226640087,1692254375847,1692254375850,1693226640097,10,3,7
51417,1693226640097,1692254375857,1692254375860,1693226640104,7,3,4
51418,1693226640104,1692254375864,1692254375867,1693226640111,7,3,4
51419,1693226640111,1692254375871,1692254375874,1693226640118,7,3,4
51420,1693226640118,1692254375878,1692254375881,1693226640126,8,3,5
51421,1693226640126,1692254375886,1692254375888,1693226640133,7,2,5
51422,1693226640133,1692254375893,1692254375896,1693226640141,8,3,5
51423,1693226640141,1692254375901,1692254375904,1693226640148,7,3,4
51424,1693226640148,1692254375909,1692254375912,1693226640157,9,3,6
51425,1693226640157,1692254375917,1692254375920,1693226640165,8,3,5
51426,1693226640165,1692254375926,1692254375928,1693226640173,8,2,6
51427,1693226640173,1692254375933,1692254375936,1693226640180,7,3,4
51428,1693226640180,1692254375940,1692254375943,1693226640187,7,3,4
51429,1693226640188,1692254375947,1692254375950,1693226640194,6,3,3
51430,1693226640195,1692254375957,1692254375961,1693226640206,11,4,7
51431,1693226640206,1692254375966,1692254375969,1693226640213,7,3,4
51432,1693226640213,1692254375974,1692254375977,1693226640223,10,3,7
51433,1693226640223,1692254375984,1692254375988,1693226640233,10,4,6
51434,1693226640233,1692254375993,1692254376018,1693226640263,30,25,5
51435,1693226640263,1692254376025,1692254376027,1693226640272,9,2,7
51436,1693226640272,1692254376062,1692254376066,1693226640310,38,4,34
51437,1693226640310,1692254376097,1692254376100,1693226640345,35,3,32
51438,1693226640345,1692254376153,1692254376156,1693226640400,55,3,52
51439,1693226640400,1692254376167,1692254376170,1693226640414,14,3,11
51440,1693226640414,1692254376174,1692254376177,1693226640421,7,3,4
51441,1693226640421,1692254376183,1692254376186,1693226640430,9,3,6
51442,1693226640430,1692254376306,1692254376309,1693226640553,123,3,120
51443,1693226640553,1692254376318,1692254376321,1693226640565,12,3,9
51444,1693226640565,1692254376325,1692254376328,1693226640572,7,3,4
51445,1693226640572,1692254376333,1692254376336,1693226640580,8,3,5
51446,1693226640580,1692254376502,1692254376505,1693226640750,170,3,167
51447,1693226640750,1692254376509,1692254376512,1693226640756,6,3,3
51448,1693226640757,1692254376530,1692254376533,1693226640777,20,3,17
51449,1693226640778,1692254376538,1692254376540,1693226640785,7,2,5
51450,1693226640785,1692254376550,1692254376552,1693226640796,11,2,9
51451,1693226640797,1692254376573,1692254376577,1693226640821,24,4,20
51452,1693226640821,1692254376693,1692254376696,1693226640941,120,3,117
51453,1693226640941,1692254376700,1692254376704,1693226640948,7,4,3
51454,1693226640948,1692254376714,1692254376718,1693226640963,15,4,11
51455,1693226640963,1692254376723,1692254376726,1693226640970,7,3,4
51456,1693226640970,1692254376794,1692254376797,1693226641042,72,3,69
51457,1693226641042,1692254376801,1692254376805,1693226641049,7,4,3
51458,1693226641050,1692254376810,1692254376847,1693226641092,42,37,5
51459,1693226641092,1692254376852,1692254376855,1693226641100,8,3,5
51460,1693226641100,1692254376860,1692254376863,1693226641108,8,3,5
51461,1693226641108,1692254376868,1692254376871,1693226641115,7,3,4
51462,1693226641115,1692254376875,1692254376878,1693226641126,11,3,8
51463,1693226641126,1692254376893,1692254376898,1693226641155,29,5,24
51464,1693226641155,1692254376918,1692254376921,1693226641166,11,3,8
51465,1693226641166,1692254376926,1692254376946,1693226641191,25,20,5
51466,1693226641191,1692254376952,1692254376954,1693226641199,8,2,6
51467,1693226641199,1692254376960,1692254376963,1693226641207,8,3,5
51468,1693226641207,1692254376972,1692254376974,1693226641219,12,2,10
51469,1693226641219,1692254376982,1692254376985,1693226641230,11,3,8
51470,1693226641230,1692254376990,1692254376993,1693226641238,8,3,5
51471,1693226641238,1692254377009,1692254377012,1693226641257,19,3,16
51472,1693226641257,1692254377022,1692254377024,1693226641269,12,2,10
51473,1693226641269,1692254377028,1692254377031,1693226641276,7,3,4
51474,1693226641276,1692254377035,1692254377039,1693226641283,7,4,3
51475,1693226641283,1692254377061,1692254377064,1693226641309,26,3,23
51476,1693226641309,1692254377095,1692254377098,1693226641342,33,3,30
51477,1693226641342,1692254377134,1692254377136,1693226641381,39,2,37
51478,1693226641381,1692254377150,1692254377153,1693226641397,16,3,13
51479,1693226641397,1692254377161,1692254377168,1693226641412,15,7,8
51480,1693226641412,1692254377173,1692254377176,1693226641420,8,3,5
51481,1693226641420,1692254377181,1692254377184,1693226641428,8,3,5
51482,1693226641428,1692254377187,1692254377191,1693226641436,8,4,4
51483,1693226641436,1692254377214,1692254377216,1693226641461,25,2,23
51484,1693226641461,1692254377222,1692254377224,1693226641469,8,2,6
51485,1693226641469,1692254377246,1692254377249,1693226641494,25,3,22
51486,1693226641494,1692254377274,1692254377277,1693226641521,27,3,24
51487,1693226641522,1692254377281,1692254377284,1693226641531,9,3,6
51488,1693226641531,1692254377293,1692254377297,1693226641541,10,4,6
51489,1693226641541,1692254377321,1692254377324,1693226641571,30,3,27
51490,1693226641571,1692254377331,1692254377334,1693226641579,8,3,5
51491,1693226641579,1692254377378,1692254377382,1693226641626,47,4,43
51492,1693226641626,1692254377417,1692254377420,1693226641664,38,3,35
51493,1693226641664,1692254377433,1692254377436,1693226641680,16,3,13
51494,1693226641680,1692254377465,1692254377468,1693226641712,32,3,29
51495,1693226641712,1692254377474,1692254377477,1693226641722,10,3,7
51496,1693226641722,1692254377573,1692254377576,1693226641820,98,3,95
51497,1693226641820,1692254377642,1692254377645,1693226641889,69,3,66
51498,1693226641889,1692254377690,1692254377693,1693226641940,51,3,48
51499,1693226641940,1692254377709,1692254377712,1693226641958,18,3,15
51500,1693226641958,1692254377742,1692254377745,1693226641989,31,3,28
51501,1693226641990,1692254377750,1692254377753,1693226641997,7,3,4
51502,1693226641998,1692254377758,1692254377763,1693226642007,9,5,4
51503,1693226642007,1692254377777,1692254377780,1693226642024,17,3,14
51504,1693226642024,1692254377793,1692254377796,1693226642043,19,3,16
51505,1693226642043,1692254377803,1692254377807,1693226642051,8,4,4
51506,1693226642051,1692254377812,1692254377815,1693226642060,9,3,6
51507,1693226642060,1692254377820,1692254377823,1693226642067,7,3,4
51508,1693226642067,1692254377849,1692254377852,1693226642097,30,3,27
51509,1693226642097,1692254377857,1692254377860,1693226642104,7,3,4
51510,1693226642104,1692254377864,1692254377868,1693226642112,8,4,4
51511,1693226642112,1692254377872,1692254377874,1693226642119,7,2,5
51512,1693226642119,1692254377879,1692254377881,1693226642126,7,2,5
51513,1693226642126,1692254377885,1692254377888,1693226642132,6,3,3
51514,1693226642132,1692254377892,1692254377896,1693226642142,10,4,6
51515,1693226642142,1692254377903,1692254377906,1693226642150,8,3,5
51516,1693226642150,1692254377914,1692254377917,1693226642164,14,3,11
51517,1693226642164,1692254377923,1692254377926,1693226642171,7,3,4
51518,1693226642171,1692254377931,1692254377934,1693226642179,8,3,5
51519,1693226642179,1692254377940,1692254377943,1693226642187,8,3,5
51520,1693226642187,1692254377953,1692254377955,1693226642205,18,2,16
51521,1693226642205,1692254377965,1692254377968,1693226642212,7,3,4
51522,1693226642212,1692254377972,1692254377975,1693226642220,8,3,5
51523,1693226642220,1692254377980,1692254377983,1693226642227,7,3,4
51524,1693226642227,1692254377987,1692254377989,1693226642234,7,2,5
51525,1693226642234,1692254377993,1692254377996,1693226642241,7,3,4
51526,1693226642241,1692254378001,1692254378004,1693226642249,8,3,5
51527,1693226642249,1692254378009,1692254378012,1693226642256,7,3,4
51528,1693226642256,1692254378016,1692254378038,1693226642285,29,22,7
51529,1693226642285,1692254378046,1692254378049,1693226642293,8,3,5
51530,1693226642294,1692254378093,1692254378096,1693226642341,47,3,44
51531,1693226642341,1692254378114,1692254378117,1693226642361,20,3,17
51532,1693226642361,1692254378193,1692254378196,1693226642441,80,3,77
51533,1693226642441,1692254378245,1692254378249,1693226642502,61,4,57
51534,1693226642502,1692254378266,1692254378269,1693226642513,11,3,8
51535,1693226642513,1692254378334,1692254378337,1693226642582,69,3,66
51536,1693226642582,1692254378342,1692254378345,1693226642590,8,3,5
51537,1693226642590,1692254378350,1692254378352,1693226642598,8,2,6
51538,1693226642598,1692254378369,1692254378372,1693226642616,18,3,15
51539,1693226642616,1692254378410,1692254378414,1693226642659,43,4,39
51540,1693226642659,1692254378421,1692254378425,1693226642670,11,4,7
51541,1693226642670,1692254378553,1692254378556,1693226642801,131,3,128
51542,1693226642801,1692254378594,1692254378597,1693226642841,40,3,37
51543,1693226642841,1692254378637,1692254378640,1693226642886,45,3,42
51544,1693226642886,1692254378646,1692254378649,1693226642893,7,3,4
51545,1693226642893,1692254378653,1692254378656,1693226642900,7,3,4
51546,1693226642900,1692254378686,1692254378689,1693226642934,34,3,31
51547,1693226642934,1692254378694,1692254378696,1693226642941,7,2,5
51548,1693226642941,1692254378702,1692254378705,1693226642949,8,3,5
51549,1693226642949,1692254378721,1692254378724,1693226642969,20,3,17
51550,1693226642969,1692254378742,1692254378745,1693226642989,20,3,17
51551,1693226642989,1692254378749,1692254378752,1693226642997,8,3,5
51552,1693226642997,1692254378798,1692254378800,1693226643045,48,2,46
51553,1693226643045,1692254378805,1692254378808,1693226643052,7,3,4
51554,1693226643052,1692254378815,1692254378818,1693226643062,10,3,7
51555,1693226643062,1692254378830,1692254378832,1693226643077,15,2,13
51556,1693226643077,1692254378853,1692254378856,1693226643100,23,3,20
51557,1693226643100,1692254378861,1692254378864,1693226643108,8,3,5
51558,1693226643108,1692254378871,1692254378874,1693226643118,10,3,7
51559,1693226643118,1692254378878,1692254378881,1693226643125,7,3,4
51560,1693226643125,1692254378894,1692254378897,1693226643141,16,3,13
51561,1693226643141,1692254378900,1692254378903,1693226643147,6,3,3
51562,1693226643147,1692254378961,1692254378965,1693226643209,62,4,58
51563,1693226643209,1692254378973,1692254378976,1693226643220,11,3,8
51564,1693226643220,1692254378989,1692254378992,1693226643237,17,3,14
51565,1693226643237,1692254379002,1692254379005,1693226643250,13,3,10
51566,1693226643250,1692254379010,1692254379019,1693226643264,14,9,5
51567,1693226643264,1692254379034,1692254379036,1693226643281,17,2,15
51568,1693226643281,1692254379041,1692254379044,1693226643289,8,3,5
51569,1693226643289,1692254379066,1692254379069,1693226643313,24,3,21
51570,1693226643313,1692254379090,1692254379093,1693226643338,25,3,22
51571,1693226643338,1692254379101,1692254379104,1693226643349,11,3,8
51572,1693226643349,1692254379108,1692254379111,1693226643355,6,3,3
51573,1693226643356,1692254379121,1692254379124,1693226643368,12,3,9
51574,1693226643368,1692254379146,1692254379148,1693226643393,25,2,23
51575,1693226643393,1692254379154,1692254379156,1693226643401,8,2,6
51576,1693226643401,1692254379166,1692254379171,1693226643415,14,5,9
51577,1693226643416,1692254379176,1692254379179,1693226643423,7,3,4
51578,1693226643423,1692254379225,1692254379229,1693226643476,53,4,49
51579,1693226643476,1692254379236,1692254379238,1693226643483,7,2,5
51580,1693226643483,1692254379242,1692254379245,1693226643490,7,3,4
51581,1693226643490,1692254379250,1692254379253,1693226643502,12,3,9
51582,1693226643502,1692254379265,1692254379269,1693226643513,11,4,7
51583,1693226643513,1692254379272,1692254379275,1693226643520,7,3,4
51584,1693226643520,1692254379290,1692254379293,1693226643541,21,3,18
51585,1693226643541,1692254379302,1692254379304,1693226643549,8,2,6
51586,1693226643549,1692254379309,1692254379311,1693226643556,7,2,5
51587,1693226643556,1692254379317,1692254379320,1693226643565,9,3,6
51588,1693226643565,1692254379325,1692254379329,1693226643575,10,4,6
51589,1693226643575,1692254379422,1692254379425,1693226643671,96,3,93
51590,1693226643671,1692254379434,1692254379436,1693226643682,11,2,9
51591,1693226643682,1692254379446,1692254379449,1693226643693,11,3,8
51592,1693226643693,1692254379466,1692254379468,1693226643713,20,2,18
51593,1693226643713,1692254379478,1692254379480,1693226643725,12,2,10
51594,1693226643725,1692254379493,1692254379496,1693226643740,15,3,12
51595,1693226643740,1692254379500,1692254379504,1693226643749,9,4,5
51596,1693226643749,1692254379561,1692254379564,1693226643809,60,3,57
51597,1693226643809,1692254379585,1692254379589,1693226643833,24,4,20
51598,1693226643833,1692254379610,1692254379613,1693226643857,24,3,21
51599,1693226643857,1692254379625,1692254379629,1693226643873,16,4,12
51600,1693226643873,1692254379633,1692254379636,1693226643880,7,3,4
51601,1693226643880,1692254379640,1692254379643,1693226643887,7,3,4
51602,1693226643887,1692254379709,1692254379712,1693226643956,69,3,66
51603,1693226643956,1692254379734,1692254379736,1693226643981,25,2,23
51604,1693226643981,1692254379781,1692254379784,1693226644028,47,3,44
51605,1693226644029,1692254379793,1692254379796,1693226644041,12,3,9
51606,1693226644041,1692254379801,1692254379804,1693226644048,7,3,4
51607,1693226644048,1692254379870,1692254379873,1693226644117,69,3,66
51608,1693226647147,1692254382908,1692254382911,1693226647156,9,3,6
51609,1693226647156,1692254382916,1692254382920,1693226647164,8,4,4
51610,1693226647164,1692254382924,1692254382928,1693226647172,8,4,4
51611,1693226647172,1692254382931,1692254382934,1693226647179,7,3,4
51612,1693226647179,1692254382938,1692254382941,1693226647186,7,3,4
51613,1693226647186,1692254382946,1692254382951,1693226647195,9,5,4
51614,1693226647195,1692254382955,1692254382959,1693226647204,9,4,5
51615,1693226647204,1692254382964,1692254382967,1693226647212,8,3,5
51616,1693226647212,1692254382971,1692254382974,1693226647218,6,3,3
51617,1693226647218,1692254382978,1692254382981,1693226647225,7,3,4
51618,1693226647225,1692254382986,1692254382989,1693226647233,8,3,5
51619,1693226647233,1692254382993,1692254382997,1693226647241,8,4,4
51620,1693226647241,1692254383001,1692254383005,1693226647249,8,4,4
51621,1693226647249,1692254383009,1692254383012,1693226647257,8,3,5
51622,1693226647257,1692254383017,1692254383021,1693226647265,8,4,4
51623,1693226647265,1692254383025,1692254383028,1693226647272,7,3,4
51624,1693226647272,1692254383036,1692254383040,1693226647284,12,4,8
51625,1693226647284,1692254383044,1692254383047,1693226647292,8,3,5
51626,1693226647292,1692254383053,1692254383056,1693226647300,8,3,5
51627,1693226647300,1692254383060,1692254383064,1693226647308,8,4,4
51628,1693226647308,1692254383069,1692254383072,1693226647316,8,3,5
51629,1693226647316,1692254383076,1692254383080,1693226647324,8,4,4
51630,1693226647324,1692254383083,1692254383087,1693226647331,7,4,3
51631,1693226647331,1692254383090,1692254383093,1693226647337,6,3,3
51632,1693226647337,1692254383098,1692254383101,1693226647346,9,3,6
51633,1693226647346,1692254383106,1692254383108,1693226647353,7,2,5
51634,1693226647353,1692254383113,1692254383115,1693226647359,6,2,4
51635,1693226647359,1692254383119,1692254383122,1693226647367,8,3,5
51636,1693226647367,1692254383128,1692254383132,1693226647376,9,4,5
51637,1693226647376,1692254383136,1692254383139,1693226647384,8,3,5
51638,1693226647384,1692254383144,1692254383149,1693226647394,10,5,5
51639,1693226647394,1692254383154,1692254383157,1693226647401,7,3,4
51640,1693226647401,1692254383161,1692254383166,1693226647410,9,5,4
51641,1693226647410,1692254383170,1692254383173,1693226647417,7,3,4
51642,1693226647417,1692254383177,1692254383180,1693226647424,7,3,4
51643,1693226647424,1692254383184,1692254383187,1693226647431,7,3,4
51644,1693226647431,1692254383191,1692254383194,1693226647439,8,3,5
51645,1693226647439,1692254383198,1692254383201,1693226647446,7,3,4
51646,1693226647446,1692254383205,1692254383209,1693226647453,7,4,3
51647,1693226647453,1692254383213,1692254383217,1693226647461,8,4,4
51648,1693226647461,1692254383221,1692254383225,1693226647470,9,4,5
51649,1693226647471,1692254383231,1692254383235,1693226647480,9,4,5
51650,1693226647480,1692254383240,1692254383244,1693226647489,9,4,5
51651,1693226647489,1692254383248,1692254383252,1693226647496,7,4,3
51652,1693226647496,1692254383256,1692254383261,1693226647506,10,5,5
51653,1693226647506,1692254383266,1692254383269,1693226647513,7,3,4
51654,1693226647513,1692254383273,1692254383277,1693226647521,8,4,4
51655,1693226647521,1692254383284,1692254383288,1693226647533,12,4,8
51656,1693226647533,1692254383293,1692254383296,1693226647541,8,3,5
51657,1693226647541,1692254383301,1692254383304,1693226647549,8,3,5
51658,1693226647549,1692254383309,1692254383312,1693226647557,8,3,5
51659,1693226647557,1692254383316,1692254383320,1693226647564,7,4,3
51660,1693226647564,1692254383325,1692254383329,1693226647573,9,4,5
51661,1693226647573,1692254383334,1692254383337,1693226647581,8,3,5
51662,1693226647581,1692254383341,1692254383345,1693226647590,9,4,5
51663,1693226647590,1692254383350,1692254383353,1693226647598,8,3,5
51664,1693226647598,1692254383358,1692254383363,1693226647607,9,5,4
51665,1693226647607,1692254383367,1692254383370,1693226647615,8,3,5
51666,1693226647615,1692254383375,1692254383378,1693226647623,8,3,5
51667,1693226647623,1692254383383,1692254383387,1693226647632,9,4,5
51668,1693226647632,1692254383392,1692254383395,1693226647640,8,3,5
51669,1693226647640,1692254383400,1692254383403,1693226647648,8,3,5
51670,1693226647648,1692254383408,1692254383411,1693226647655,7,3,4
51671,1693226647655,1692254383416,1692254383419,1693226647664,9,3,6
51672,1693226647664,1692254383425,1692254383429,1693226647675,11,4,7
51673,1693226647675,1692254383435,1692254383439,1693226647683,8,4,4
51674,1693226647683,1692254383446,1692254383449,1693226647693,10,3,7
51675,1693226647693,1692254383453,1692254383456,1693226647701,8,3,5
51676,1693226647701,1692254383461,1692254383464,1693226647709,8,3,5
51677,1693226647709,1692254383469,1692254383472,1693226647717,8,3,5
51678,1693226647717,1692254383477,1692254383481,1693226647726,9,4,5
51679,1693226647726,1692254383486,1692254383489,1693226647734,8,3,5
51680,1693226647734,1692254383494,1692254383497,1693226647741,7,3,4
51681,1693226647741,1692254383502,1692254383505,1693226647749,8,3,5
51682,1693226647749,1692254383509,1692254383511,1693226647755,6,2,4
51683,1693226647755,1692254383515,1692254383518,1693226647762,7,3,4
51684,1693226647762,1692254383522,1692254383529,1693226647773,11,7,4
51685,1693226647773,1692254383535,1692254383541,1693226647785,12,6,6
51686,1693226647785,1692254383544,1692254383548,1693226647792,7,4,3
51687,1693226647792,1692254383552,1692254383554,1693226647799,7,2,5
51688,1693226647799,1692254383559,1692254383562,1693226647806,7,3,4
51689,1693226647806,1692254383566,1692254383569,1693226647814,8,3,5
51690,1693226647814,1692254383574,1692254383577,1693226647821,7,3,4
51691,1693226647821,1692254383581,1692254383584,1693226647829,8,3,5
51692,1693226647829,1692254383589,1692254383591,1693226647836,7,2,5
51693,1693226647836,1692254383596,1692254383599,1693226647843,7,3,4
51694,1693226647843,1692254383603,1692254383607,1693226647851,8,4,4
51695,1693226647851,1692254383611,1692254383614,1693226647858,7,3,4
51696,1693226647858,1692254383618,1692254383622,1693226647866,8,4,4
51697,1693226647866,1692254383626,1692254383630,1693226647874,8,4,4
51698,1693226647874,1692254383634,1692254383638,1693226647882,8,4,4
51699,1693226647882,1692254383643,1692254383646,1693226647891,9,3,6
51700,1693226647891,1692254383657,1692254383660,1693226647904,13,3,10
51701,1693226647904,1692254383664,1692254383667,1693226647912,8,3,5
51702,1693226647912,1692254383671,1692254383674,1693226647919,7,3,4
51703,1693226647919,1692254383679,1692254383682,1693226647927,8,3,5
51704,1693226647927,1692254383687,1692254383690,1693226647934,7,3,4
51705,1693226647934,1692254383693,1692254383697,1693226647941,7,4,3
51706,1693226647941,1692254383701,1692254383705,1693226647949,8,4,4
51707,1693226647949,1692254383710,1692254383714,1693226647958,9,4,5
51708,1693226647958,1692254383718,1692254383722,1693226647966,8,4,4
51709,1693226647966,1692254383726,1692254383729,1693226647974,8,3,5
51710,1693226647974,1692254383733,1692254383737,1693226647982,8,4,4
51711,1693226647982,1692254383742,1692254383745,1693226647989,7,3,4
51712,1693226647989,1692254383749,1692254383752,1693226647996,7,3,4
51713,1693226647996,1692254383756,1692254383759,1693226648003,7,3,4
51714,1693226648003,1692254383763,1692254383766,1693226648011,8,3,5
51715,1693226648011,1692254383771,1692254383774,1693226648018,7,3,4
51716,1693226648018,1692254383778,1692254383782,1693226648026,8,4,4
51717,1693226648026,1692254383786,1692254383789,1693226648034,8,3,5
51718,1693226648034,1692254383793,1692254383797,1693226648041,7,4,3
51719,1693226648041,1692254383801,1692254383806,1693226648050,9,5,4
51720,1693226648050,1692254383814,1692254383817,1693226648061,11,3,8
51721,1693226648061,1692254383821,1692254383824,1693226648069,8,3,5
51722,1693226648069,1692254383829,1692254383832,1693226648077,8,3,5
51723,1693226648077,1692254383837,1692254383840,1693226648085,8,3,5
51724,1693226648085,1692254383844,1692254383848,1693226648092,7,4,3
51725,1693226648092,1692254383853,1692254383856,1693226648100,8,3,5
51726,1693226648100,1692254383860,1692254383863,1693226648108,8,3,5
51727,1693226648108,1692254383867,1692254383870,1693226648115,7,3,4
51728,1693226648115,1692254383875,1692254383879,1693226648123,8,4,4
51729,1693226648123,1692254383883,1692254383887,1693226648131,8,4,4
51730,1693226648131,1692254383891,1692254383894,1693226648138,7,3,4
51731,1693226648138,1692254383897,1692254383901,1693226648145,7,4,3
51732,1693226648145,1692254383904,1692254383908,1693226648153,8,4,4
51733,1693226648153,1692254383912,1692254383916,1693226648160,7,4,3
51734,1693226648160,1692254383920,1692254383923,1693226648168,8,3,5
51735,1693226648168,1692254383927,1692254383931,1693226648175,7,4,3
51736,1693226648175,1692254383935,1692254383938,1693226648183,8,3,5
51737,1693226648183,1692254383944,1692254383948,1693226648192,9,4,5
51738,1693226648193,1692254383952,1692254383956,1693226648200,7,4,3
51739,1693226648200,1692254383960,1692254383963,1693226648207,7,3,4
51740,1693226648207,1692254383967,1692254383970,1693226648215,8,3,5
51741,1693226648215,1692254383974,1692254383977,1693226648221,6,3,3
51742,1693226648221,1692254383980,1692254383984,1693226648228,7,4,3
51743,1693226648228,1692254383988,1692254383991,1693226648235,7,3,4
51744,1693226648235,1692254383995,1692254383998,1693226648243,8,3,5
51745,1693226648243,1692254384003,1692254384006,1693226648250,7,3,4
51746,1693226648250,1692254384010,1692254384014,1693226648258,8,4,4
51747,1693226648258,1692254384018,1692254384021,1693226648265,7,3,4
51748,1693226648265,1692254384025,1692254384029,1693226648273,8,4,4
51749,1693226648273,1692254384033,1692254384036,1693226648280,7,3,4
51750,1693226648280,1692254384040,1692254384043,1693226648289,9,3,6
51751,1693226648289,1692254384049,1692254384052,1693226648296,7,3,4
51752,1693226648296,1692254384056,1692254384060,1693226648304,8,4,4
51753,1693226648304,1692254384063,1692254384066,1693226648311,7,3,4
51754,1693226648311,1692254384071,1692254384074,1693226648319,8,3,5
51755,1693226648319,1692254384079,1692254384082,1693226648326,7,3,4
51756,1693226648327,1692254384087,1692254384092,1693226648336,9,5,4
51757,1693226648336,1692254384095,1692254384098,1693226648343,7,3,4
51758,1693226648343,1692254384103,1692254384106,1693226648351,8,3,5
51759,1693226648351,1692254384111,1692254384114,1693226648359,8,3,5
51760,1693226648359,1692254384119,1692254384122,1693226648366,7,3,4
51761,1693226648366,1692254384126,1692254384129,1693226648374,8,3,5
51762,1693226648374,1692254384134,1692254384138,1693226648383,9,4,5
51763,1693226648383,1692254384143,1692254384146,1693226648391,8,3,5
51764,1693226648391,1692254384150,1692254384154,1693226648398,7,4,3
51765,1693226648398,1692254384158,1692254384161,1693226648406,8,3,5
51766,1693226648406,1692254384166,1692254384169,1693226648414,8,3,5
51767,1693226648414,1692254384174,1692254384177,1693226648422,8,3,5
51768,1693226648422,1692254384181,1692254384185,1693226648430,8,4,4
51769,1693226648430,1692254384190,1692254384193,1693226648437,7,3,4
51770,1693226648437,1692254384197,1692254384200,1693226648445,8,3,5
51771,1693226648445,1692254384204,1692254384207,1693226648452,7,3,4
51772,1693226648452,1692254384212,1692254384215,1693226648459,7,3,4
51773,1693226648459,1692254384219,1692254384222,1693226648466,7,3,4
51774,1693226648466,1692254384226,1692254384229,1693226648474,8,3,5
51775,1693226648474,1692254384233,1692254384237,1693226648481,7,4,3
51776,1693226648481,1692254384241,1692254384245,1693226648489,8,4,4
51777,1693226648489,1692254384251,1692254384255,1693226648499,10,4,6
51778,1693226648499,1692254384259,1692254384262,1693226648506,7,3,4
51779,1693226648506,1692254384267,1692254384270,1693226648514,8,3,5
51780,1693226648514,1692254384274,1692254384278,1693226648523,9,4,5
51781,1693226648523,1692254384290,1692254384293,1693226648537,14,3,11
51782,1693226648537,1692254384298,1692254384301,1693226648545,8,3,5
51783,1693226648545,1692254384305,1692254384308,1693226648553,8,3,5
51784,1693226648553,1692254384313,1692254384316,1693226648560,7,3,4
51785,1693226648560,1692254384320,1692254384324,1693226648568,8,4,4
51786,1693226648568,1692254384328,1692254384332,1693226648576,8,4,4
51787,1693226648576,1692254384336,1692254384339,1693226648583,7,3,4
51788,1693226648583,1692254384343,1692254384346,1693226648590,7,3,4
51789,1693226648590,1692254384354,1692254384357,1693226648602,12,3,9
51790,1693226648602,1692254384362,1692254384366,1693226648610,8,4,4
51791,1693226648610,1692254384370,1692254384373,1693226648618,8,3,5
51792,1693226648618,1692254384378,1692254384381,1693226648627,9,3,6
51793,1693226648627,1692254384388,1692254384392,1693226648637,10,4,6
51794,1693226648637,1692254384397,1692254384400,1693226648645,8,3,5
51795,1693226648645,1692254384405,1692254384408,1693226648653,8,3,5
51796,1693226648653,1692254384413,1692254384417,1693226648661,8,4,4
51797,1693226648661,1692254384422,1692254384426,1693226648670,9,4,5
51798,1693226648670,1692254384430,1692254384433,1693226648677,7,3,4
51799,1693226648677,1692254384437,1692254384441,1693226648685,8,4,4
51800,1693226648685,1692254384445,1692254384449,1693226648693,8,4,4
51801,1693226648693,1692254384453,1692254384456,1693226648700,7,3,4
51802,1693226648700,1692254384460,1692254384464,1693226648709,9,4,5
51803,1693226648709,1692254384468,1692254384471,1693226648715,6,3,3
51804,1693226648715,1692254384475,1692254384478,1693226648722,7,3,4
51805,1693226648722,1692254384482,1692254384485,1693226648729,7,3,4
51806,1693226648729,1692254384489,1692254384492,1693226648737,8,3,5
51807,1693226648737,1692254384497,1692254384500,1693226648744,7,3,4
51808,1693226648744,1692254384503,1692254384507,1693226648751,7,4,3
51809,1693226648751,1692254384511,1692254384515,1693226648759,8,4,4
51810,1693226648759,1692254384519,1692254384522,1693226648767,8,3,5
51811,1693226648767,1692254384527,1692254384530,1693226648775,8,3,5
51812,1693226648775,1692254384535,1692254384539,1693226648784,9,4,5
51813,1693226648784,1692254384544,1692254384547,1693226648791,7,3,4
51814,1693226648791,1692254384551,1692254384554,1693226648801,10,3,7
51815,1693226648801,1692254384561,1692254384564,1693226648808,7,3,4
51816,1693226648808,1692254384568,1692254384571,1693226648815,7,3,4
51817,1693226648815,1692254384575,1692254384578,1693226648822,7,3,4
51818,1693226648822,1692254384583,1692254384586,1693226648830,8,3,5
51819,1693226648830,1692254384591,1692254384594,1693226648838,8,3,5
51820,1693226648838,1692254384598,1692254384601,1693226648846,8,3,5
51821,1693226648846,1692254384606,1692254384609,1693226648853,7,3,4
51822,1693226648853,1692254384613,1692254384617,1693226648861,8,4,4
51823,1693226648861,1692254384621,1692254384624,1693226648868,7,3,4
51824,1693226648869,1692254384628,1692254384632,1693226648877,8,4,4
51825,1693226648877,1692254384637,1692254384640,1693226648884,7,3,4
51826,1693226648884,1692254384644,1692254384648,1693226648893,9,4,5
51827,1693226648893,1692254384653,1692254384656,1693226648901,8,3,5
51828,1693226648901,1692254384662,1692254384665,1693226648910,9,3,6
51829,1693226648910,1692254384670,1692254384672,1693226648917,7,2,5
51830,1693226648917,1692254384677,1692254384681,1693226648926,9,4,5
51831,1693226648926,1692254384686,1692254384689,1693226648933,7,3,4
51832,1693226648933,1692254384693,1692254384697,1693226648941,8,4,4
51833,1693226648941,1692254384701,1692254384704,1693226648948,7,3,4
51834,1693226648948,1692254384708,1692254384712,1693226648956,8,4,4
51835,1693226648956,1692254384715,1692254384719,1693226648963,7,4,3
51836,1693226648963,1692254384724,1692254384727,1693226648972,9,3,6
51837,1693226648972,1692254384732,1692254384735,1693226648979,7,3,4
51838,1693226648979,1692254384739,1692254384742,1693226648986,7,3,4
51839,1693226648986,1692254384746,1692254384749,1693226648994,8,3,5
51840,1693226648994,1692254384753,1692254384756,1693226649001,7,3,4
51841,1693226649001,1692254384763,1692254384767,1693226649011,10,4,6
51842,1693226649011,1692254384771,1692254384774,1693226649019,8,3,5
51843,1693226649019,1692254384778,1692254384781,1693226649025,6,3,3
51844,1693226649025,1692254384786,1692254384789,1693226649033,8,3,5
51845,1693226649033,1692254384793,1692254384797,1693226649041,8,4,4
51846,1693226649041,1692254384801,1692254384805,1693226649049,8,4,4
51847,1693226649049,1692254384810,1692254384814,1693226649058,9,4,5
51848,1693226649058,1692254384818,1692254384822,1693226649066,8,4,4
51849,1693226649066,1692254384826,1692254384829,1693226649074,8,3,5
51850,1693226649074,1692254384834,1692254384837,1693226649081,7,3,4
51851,1693226649081,1692254384841,1692254384845,1693226649089,8,4,4
51852,1693226649089,1692254384849,1692254384852,1693226649096,7,3,4
51853,1693226649096,1692254384856,1692254384859,1693226649104,8,3,5
51854,1693226649104,1692254384866,1692254384869,1693226649113,9,3,6
51855,1693226649113,1692254384873,1692254384876,1693226649121,8,3,5
51856,1693226649121,1692254384880,1692254384884,1693226649128,7,4,3
51857,1693226649128,1692254384888,1692254384891,1693226649136,8,3,5
51858,1693226649136,1692254384896,1692254384899,1693226649144,8,3,5
51859,1693226649144,1692254384904,1692254384908,1693226649152,8,4,4
51860,1693226649152,1692254384912,1692254384915,1693226649159,7,3,4
51861,1693226649159,1692254384919,1692254384921,1693226649166,7,2,5
51862,1693226649166,1692254384926,1692254384929,1693226649174,8,3,5
51863,1693226649174,1692254384934,1692254384937,1693226649182,8,3,5
51864,1693226649182,1692254384942,1692254384944,1693226649189,7,2,5
51865,1693226649189,1692254384949,1692254384952,1693226649196,7,3,4
51866,1693226649196,1692254384956,1692254384964,1693226649210,14,8,6
51867,1693226649210,1692254384970,1692254384974,1693226649219,9,4,5
51868,1693226649219,1692254384979,1692254384982,1693226649226,7,3,4
51869,1693226649226,1692254384988,1692254384991,1693226649236,10,3,7
51870,1693226649236,1692254384996,1692254384999,1693226649243,7,3,4
51871,1693226649243,1692254385003,1692254385006,1693226649250,7,3,4
51872,1693226649251,1692254385011,1692254385014,1693226649258,7,3,4
51873,1693226649258,1692254385018,1692254385021,1693226649265,7,3,4
51874,1693226649265,1692254385025,1692254385028,1693226649272,7,3,4
51875,1693226649272,1692254385032,1692254385035,1693226649279,7,3,4
51876,1693226649279,1692254385039,1692254385043,1693226649287,8,4,4
51877,1693226649287,1692254385047,1692254385050,1693226649295,8,3,5
51878,1693226649295,1692254385055,1692254385057,1693226649302,7,2,5
51879,1693226649302,1692254385063,1692254385068,1693226649313,11,5,6
51880,1693226649313,1692254385073,1692254385076,1693226649320,7,3,4
51881,1693226649320,1692254385080,1692254385082,1693226649327,7,2,5
51882,1693226649327,1692254385088,1692254385092,1693226649336,9,4,5
51883,1693226649336,1692254385096,1692254385100,1693226649344,8,4,4
51884,1693226649344,1692254385104,1692254385107,1693226649351,7,3,4
51885,1693226649351,1692254385111,1692254385115,1693226649359,8,4,4
51886,1693226649359,1692254385119,1692254385122,1693226649366,7,3,4
51887,1693226649366,1692254385126,1692254385129,1693226649373,7,3,4
51888,1693226649373,1692254385135,1692254385138,1693226649382,9,3,6
51889,1693226649382,1692254385142,1692254385145,1693226649389,7,3,4
51890,1693226649390,1692254385150,1692254385153,1693226649397,7,3,4
51891,1693226649397,1692254385157,1692254385160,1693226649404,7,3,4
51892,1693226649404,1692254385164,1692254385168,1693226649415,11,4,7
51893,1693226649415,1692254385175,1692254385178,1693226649422,7,3,4
51894,1693226649423,1692254385182,1692254385186,1693226649431,8,4,4
51895,1693226649431,1692254385190,1692254385193,1693226649437,6,3,3
51896,1693226649437,1692254385198,1692254385201,1693226649445,8,3,5
51897,1693226649445,1692254385205,1692254385208,1693226649452,7,3,4
51898,1693226649452,1692254385212,1692254385216,1693226649460,8,4,4
51899,1693226649460,1692254385220,1692254385224,1693226649468,8,4,4
51900,1693226649468,1692254385228,1692254385231,1693226649476,8,3,5
51901,1693226649476,1692254385235,1692254385239,1693226649484,8,4,4
51902,1693226649484,1692254385243,1692254385248,1693226649492,8,5,3
51903,1693226649492,1692254385252,1692254385255,1693226649501,9,3,6
51904,1693226649501,1692254385261,1692254385265,1693226649509,8,4,4
51905,1693226649509,1692254385270,1692254385272,1693226649518,9,2,7
51906,1693226649518,1692254385278,1692254385281,1693226649526,8,3,5
51907,1693226649526,1692254385286,1692254385290,1693226649538,12,4,8
51908,1693226649538,1692254385298,1692254385301,1693226649546,8,3,5
51909,1693226649546,1692254385306,1692254385308,1693226649553,7,2,5
51910,1693226649553,1692254385313,1692254385316,1693226649560,7,3,4
51911,1693226649560,1692254385320,1692254385323,1693226649567,7,3,4
51912,1693226649567,1692254385327,1692254385331,1693226649575,8,4,4
51913,1693226649575,1692254385335,1692254385338,1693226649583,8,3,5
51914,1693226649583,1692254385343,1692254385345,1693226649590,7,2,5
51915,1693226649590,1692254385349,1692254385353,1693226649598,8,4,4
51916,1693226649598,1692254385358,1692254385360,1693226649605,7,2,5
51917,1693226649605,1692254385366,1692254385369,1693226649614,9,3,6
51918,1693226649614,1692254385374,1692254385376,1693226649621,7,2,5
51919,1693226649621,1692254385380,1692254385383,1693226649628,7,3,4
51920,1693226649628,1692254385388,1692254385391,1693226649636,8,3,5
51921,1693226649636,1692254385396,1692254385400,1693226649644,8,4,4
51922,1693226649644,1692254385404,1692254385407,1693226649651,7,3,4
51923,1693226649651,1692254385411,1692254385415,1693226649659,8,4,4
51924,1693226649659,1692254385419,1692254385422,1693226649666,7,3,4
51925,1693226649666,1692254385426,1692254385430,1693226649674,8,4,4
51926,1693226649674,1692254385434,1692254385437,1693226649682,8,3,5
51927,1693226649682,1692254385442,1692254385445,1693226649689,7,3,4
51928,1693226649689,1692254385449,1692254385452,1693226649696,7,3,4
51929,1693226649696,1692254385456,1692254385459,1693226649704,8,3,5
51930,1693226649704,1692254385464,1692254385467,1693226649712,8,3,5
51931,1693226649712,1692254385472,1692254385475,1693226649730,18,3,15
51932,1693226649730,1692254385491,1692254385495,1693226649745,15,4,11
51933,1693226649745,1692254385511,1692254385514,1693226649759,14,3,11
51934,1693226649759,1692254385519,1692254385522,1693226649767,8,3,5
51935,1693226649767,1692254385527,1692254385530,1693226649774,7,3,4
51936,1693226649774,1692254385535,1692254385539,1693226649784,10,4,6
51937,1693226649784,1692254385547,1692254385551,1693226649796,12,4,8
51938,1693226649796,1692254385556,1692254385558,1693226649803,7,2,5
51939,1693226649803,1692254385567,1692254385573,1693226649818,15,6,9
51940,1693226649818,1692254385578,1692254385581,1693226649830,12,3,9
51941,1693226649830,1692254385590,1692254385593,1693226649838,8,3,5
51942,1693226649838,1692254385598,1692254385601,1693226649846,8,3,5
51943,1693226649846,1692254385606,1692254385610,1693226649854,8,4,4
51944,1693226649854,1692254385615,1692254385618,1693226649863,9,3,6
51945,1693226649863,1692254385623,1692254385626,1693226649876,13,3,10
51946,1693226649876,1692254385696,1692254385700,1693226649944,68,4,64
51947,1693226649944,1692254385704,1692254385707,1693226649952,8,3,5
51948,1693226649952,1692254385711,1692254385715,1693226649959,7,4,3
51949,1693226649959,1692254385719,1692254385723,1693226649967,8,4,4
51950,1693226649967,1692254385727,1692254385730,1693226649975,8,3,5
51951,1693226649975,1692254385735,1692254385738,1693226649982,7,3,4
51952,1693226649982,1692254385742,1692254385746,1693226649991,9,4,5
51953,1693226649991,1692254385752,1692254385757,1693226650001,10,5,5
51954,1693226650001,1692254385762,1692254385766,1693226650011,10,4,6
51955,1693226650011,1692254385771,1692254385773,1693226650018,7,2,5
51956,1693226650018,1692254385778,1692254385782,1693226650026,8,4,4
51957,1693226650026,1692254385788,1692254385791,1693226650036,10,3,7
51958,1693226650036,1692254385796,1692254385799,1693226650044,8,3,5
51959,1693226650044,1692254385807,1692254385811,1693226650055,11,4,7
51960,1693226650055,1692254385815,1692254385818,1693226650063,8,3,5
51961,1693226650063,1692254385822,1692254385826,1693226650070,7,4,3
51962,1693226650070,1692254385830,1692254385833,1693226650077,7,3,4
51963,1693226650077,1692254385837,1692254385841,1693226650085,8,4,4
51964,1693226650086,1692254385846,1692254385850,1693226650094,8,4,4
51965,1693226650094,1692254385855,1692254385859,1693226650103,9,4,5
51966,1693226650103,1692254385863,1692254385867,1693226650111,8,4,4
51967,1693226650111,1692254385871,1692254385874,1693226650118,7,3,4
51968,1693226650119,1692254385879,1692254385882,1693226650126,7,3,4
51969,1693226650126,1692254385886,1692254385889,1693226650133,7,3,4
51970,1693226650133,1692254385893,1692254385897,1693226650141,8,4,4
51971,1693226650141,1692254385902,1692254385905,1693226650149,8,3,5
51972,1693226650149,1692254385910,1692254385912,1693226650157,8,2,6
51973,1693226650157,1692254385916,1692254385920,1693226650164,7,4,3
51974,1693226650164,1692254385924,1692254385927,1693226650171,7,3,4
51975,1693226650171,1692254385932,1692254385935,1693226650179,8,3,5
51976,1693226650179,1692254385940,1692254385945,1693226650189,10,5,5
51977,1693226650189,1692254385949,1692254385951,1693226650196,7,2,5
51978,1693226650196,1692254385957,1692254385961,1693226650205,9,4,5
51979,1693226650205,1692254385965,1692254385969,1693226650213,8,4,4
51980,1693226650213,1692254385973,1692254385977,1693226650221,8,4,4
51981,1693226650221,1692254385981,1692254385985,1693226650229,8,4,4
51982,1693226650229,1692254385989,1692254385993,1693226650237,8,4,4
51983,1693226650237,1692254385997,1692254386000,1693226650245,8,3,5
51984,1693226650245,1692254386005,1692254386008,1693226650253,8,3,5
51985,1693226650253,1692254386013,1692254386016,1693226650261,8,3,5
51986,1693226650261,1692254386021,1692254386024,1693226650269,8,3,5
51987,1693226650269,1692254386028,1692254386032,1693226650276,7,4,3
51988,1693226650276,1692254386036,1692254386040,1693226650285,9,4,5
51989,1693226650285,1692254386045,1692254386048,1693226650293,8,3,5
51990,1693226650293,1692254386053,1692254386055,1693226650300,7,2,5
51991,1693226650300,1692254386060,1692254386064,1693226650308,8,4,4
51992,1693226650308,1692254386068,1692254386071,1693226650316,8,3,5
51993,1693226650316,1692254386076,1692254386079,1693226650323,7,3,4
51994,1693226650323,1692254386083,1692254386086,1693226650330,7,3,4
51995,1693226650330,1692254386090,1692254386093,1693226650337,7,3,4
51996,1693226650337,1692254386098,1692254386101,1693226650345,8,3,5
51997,1693226650345,1692254386105,1692254386109,1693226650353,8,4,4
51998,1693226650353,1692254386115,1692254386118,1693226650363,10,3,7
51999,1693226650363,1692254386123,1692254386126,1693226650371,8,3,5
52000,1693226650371,1692254386131,1692254386133,1693226650378,7,2,5
52001,1693226650378,1692254386138,1692254386141,1693226650385,7,3,4
52002,1693226650385,1692254386145,1692254386148,1693226650393,8,3,5
52003,1693226650393,1692254386154,1692254386157,1693226650401,8,3,5
52004,1693226650401,1692254386162,1692254386165,1693226650409,8,3,5
52005,1693226650409,1692254386169,1692254386173,1693226650417,8,4,4
52006,1693226650417,1692254386177,1692254386181,1693226650425,8,4,4
52007,1693226650425,1692254386185,1692254386188,1693226650433,8,3,5
52008,1693226650433,1692254386193,1692254386197,1693226650442,9,4,5
52009,1693226650442,1692254386202,1692254386205,1693226650450,8,3,5
52010,1693226650450,1692254386210,1692254386213,1693226650458,8,3,5
52011,1693226650458,1692254386218,1692254386221,1693226650465,7,3,4
52012,1693226650465,1692254386226,1692254386230,1693226650475,10,4,6
52013,1693226650475,1692254386235,1692254386240,1693226650484,9,5,4
52014,1693226650484,1692254386244,1692254386247,1693226650491,7,3,4
52015,1693226650491,1692254386251,1692254386253,1693226650498,7,2,5
52016,1693226650498,1692254386258,1692254386260,1693226650505,7,2,5
52017,1693226650505,1692254386266,1692254386269,1693226650513,8,3,5
52018,1693226650514,1692254386273,1692254386277,1693226650521,7,4,3
52019,1693226650521,1692254386281,1692254386284,1693226650528,7,3,4
52020,1693226650528,1692254386288,1692254386292,1693226650537,9,4,5
52021,1693226650537,1692254386302,1692254386305,1693226650549,12,3,9
52022,1693226650549,1692254386309,1692254386312,1693226650556,7,3,4
52023,1693226650556,1692254386316,1692254386319,1693226650563,7,3,4
52024,1693226650563,1692254386323,1692254386327,1693226650571,8,4,4
52025,1693226650571,1692254386331,1692254386334,1693226650579,8,3,5
52026,1693226650579,1692254386339,1692254386341,1693226650586,7,2,5
52027,1693226650586,1692254386346,1692254386349,1693226650593,7,3,4
52028,1693226650593,1692254386352,1692254386355,1693226650600,7,3,4
52029,1693226650600,1692254386360,1692254386362,1693226650607,7,2,5
52030,1693226650607,1692254386367,1692254386370,1693226650615,8,3,5
52031,1693226650615,1692254386375,1692254386378,1693226650623,8,3,5
52032,1693226650623,1692254386383,1692254386386,1693226650630,7,3,4
52033,1693226650630,1692254386391,1692254386393,1693226650638,8,2,6
52034,1693226650638,1692254386398,1692254386401,1693226650645,7,3,4
52035,1693226650645,1692254386405,1692254386408,1693226650653,8,3,5
52036,1693226650653,1692254386413,1692254386416,1693226650661,8,3,5
52037,1693226650661,1692254386421,1692254386424,1693226650669,8,3,5
52038,1693226650669,1692254386429,1692254386433,1693226650677,8,4,4
52039,1693226650677,1692254386437,1692254386440,1693226650685,8,3,5
52040,1693226650685,1692254386445,1692254386448,1693226650692,7,3,4
52041,1693226650692,1692254386453,1692254386456,1693226650701,9,3,6
52042,1693226650701,1692254386465,1692254386468,1693226650712,11,3,8
52043,1693226650712,1692254386473,1692254386476,1693226650720,8,3,5
52044,1693226650720,1692254386480,1692254386483,1693226650727,7,3,4
52045,1693226650727,1692254386488,1692254386491,1693226650736,9,3,6
52046,1693226650736,1692254386496,1692254386499,1693226650746,10,3,7
52047,1693226650746,1692254386506,1692254386510,1693226650754,8,4,4
52048,1693226650754,1692254386514,1692254386518,1693226650762,8,4,4
52049,1693226650762,1692254386522,1692254386524,1693226650769,7,2,5
52050,1693226650769,1692254386529,1692254386533,1693226650778,9,4,5
52051,1693226650778,1692254386538,1692254386541,1693226650785,7,3,4
52052,1693226650785,1692254386545,1692254386549,1693226650793,8,4,4
52053,1693226650793,1692254386553,1692254386556,1693226650800,7,3,4
52054,1693226650800,1692254386559,1692254386563,1693226650807,7,4,3
52055,1693226650807,1692254386567,1692254386569,1693226650814,7,2,5
52056,1693226650814,1692254386574,1692254386577,1693226650822,8,3,5
52057,1693226650822,1692254386581,1692254386584,1693226650829,7,3,4
52058,1693226650829,1692254386589,1692254386592,1693226650837,8,3,5
52059,1693226650837,1692254386597,1692254386601,1693226650845,8,4,4
52060,1693226650845,1692254386607,1692254386610,1693226650854,9,3,6
52061,1693226650854,1692254386614,1692254386617,1693226650861,7,3,4
52062,1693226650861,1692254386621,1692254386625,1693226650869,8,4,4
52063,1693226650870,1692254386630,1692254386633,1693226650878,8,3,5
52064,1693226650878,1692254386638,1692254386641,1693226650885,7,3,4
52065,1693226650885,1692254386644,1692254386647,1693226650892,7,3,4
52066,1693226650892,1692254386651,1692254386654,1693226650899,7,3,4
52067,1693226650899,1692254386659,1692254386662,1693226650906,7,3,4
52068,1693226650906,1692254386666,1692254386669,1693226650913,7,3,4
52069,1693226650913,1692254386674,1692254386677,1693226650922,9,3,6
52070,1693226650922,1692254386681,1692254386684,1693226650929,7,3,4
52071,1693226650929,1692254386688,1692254386692,1693226650936,7,4,3
52072,1693226650936,1692254386696,1692254386700,1693226650945,9,4,5
52073,1693226650945,1692254386705,1692254386708,1693226650953,8,3,5
52074,1693226650953,1692254386713,1692254386717,1693226650961,8,4,4
52075,1693226650961,1692254386721,1692254386725,1693226650971,10,4,6
52076,1693226650971,1692254386731,1692254386733,1693226650978,7,2,5
52077,1693226650978,1692254386738,1692254386741,1693226650985,7,3,4
52078,1693226650985,1692254386745,1692254386748,1693226650993,8,3,5
52079,1693226650993,1692254386753,1692254386756,1693226651000,7,3,4
52080,1693226651000,1692254386760,1692254386764,1693226651008,8,4,4
52081,1693226651008,1692254386768,1692254386771,1693226651016,8,3,5
52082,1693226651016,1692254386780,1692254386783,1693226651028,12,3,9
52083,1693226651028,1692254386788,1692254386791,1693226651035,7,3,4
52084,1693226651035,1692254386795,1692254386799,1693226651043,8,4,4
52085,1693226651043,1692254386803,1692254386807,1693226651053,10,4,6
52086,1693226651054,1692254386814,1692254386817,1693226651061,7,3,4
52087,1693226651061,1692254386821,1692254386826,1693226651070,9,5,4
52088,1693226651070,1692254386830,1692254386834,1693226651078,8,4,4
52089,1693226651078,1692254386838,1692254386842,1693226651086,8,4,4
52090,1693226651086,1692254386845,1692254386848,1693226651093,7,3,4
52091,1693226651093,1692254386853,1692254386857,1693226651101,8,4,4
52092,1693226651101,1692254386861,1692254386865,1693226651110,9,4,5
52093,1693226651110,1692254386870,1692254386873,1693226651117,7,3,4
52094,1693226651117,1692254386879,1692254386883,1693226651127,10,4,6
52095,1693226651127,1692254386887,1692254386890,1693226651135,8,3,5
52096,1693226651135,1692254386895,1692254386897,1693226651141,6,2,4
52097,1693226651141,1692254386901,1692254386904,1693226651148,7,3,4
52098,1693226651148,1692254386908,1692254386911,1693226651156,8,3,5
52099,1693226651156,1692254386916,1692254386919,1693226651164,8,3,5
52100,1693226651164,1692254386924,1692254386927,1693226651171,7,3,4
52101,1693226651172,1692254386931,1692254386934,1693226651178,6,3,3
52102,1693226651178,1692254386938,1692254386941,1693226651186,8,3,5
52103,1693226651186,1692254386946,1692254386950,1693226651194,8,4,4
52104,1693226651194,1692254386954,1692254386957,1693226651201,7,3,4
52105,1693226651201,1692254386962,1692254386966,1693226651211,10,4,6
52106,1693226651211,1692254386972,1692254386975,1693226651220,9,3,6
52107,1693226651220,1692254386980,1692254386983,1693226651227,7,3,4
52108,1693226651228,1692254386988,1692254386991,1693226651236,8,3,5
52109,1693226651236,1692254386998,1692254387002,1693226651247,11,4,7
52110,1693226651247,1692254387007,1692254387011,1693226651255,8,4,4
52111,1693226651255,1692254387017,1692254387020,1693226651265,10,3,7
52112,1693226651265,1692254387025,1692254387028,1693226651272,7,3,4
52113,1693226651272,1692254387032,1692254387035,1693226651279,7,3,4
52114,1693226651280,1692254387040,1692254387043,1693226651288,8,3,5
52115,1693226651288,1692254387047,1692254387051,1693226651295,7,4,3
52116,1693226651295,1692254387055,1692254387057,1693226651302,7,2,5
52117,1693226651302,1692254387062,1692254387066,1693226651310,8,4,4
52118,1693226651310,1692254387070,1692254387073,1693226651317,7,3,4
52119,1693226651317,1692254387077,1692254387081,1693226651325,8,4,4
52120,1693226651325,1692254387085,1692254387088,1693226651333,8,3,5
52121,1693226651333,1692254387092,1692254387096,1693226651340,7,4,3
52122,1693226651340,1692254387100,1692254387104,1693226651348,8,4,4
52123,1693226651348,1692254387108,1692254387113,1693226651357,9,5,4
52124,1693226651357,1692254387119,1692254387122,1693226651366,9,3,6
52125,1693226651366,1692254387126,1692254387130,1693226651374,8,4,4
52126,1693226651374,1692254387134,1692254387136,1693226651380,6,2,4
52127,1693226651380,1692254387141,1692254387144,1693226651388,8,3,5
52128,1693226651388,1692254387148,1692254387151,1693226651395,7,3,4
52129,1693226651395,1692254387155,1692254387159,1693226651403,8,4,4
52130,1693226651403,1692254387164,1692254387168,1693226651412,9,4,5
52131,1693226651412,1692254387172,1692254387175,1693226651420,8,3,5
52132,1693226651420,1692254387180,1692254387183,1693226651428,8,3,5
52133,1693226651428,1692254387188,1692254387191,1693226651435,7,3,4
52134,1693226651435,1692254387195,1692254387198,1693226651443,8,3,5
52135,1693226651443,1692254387203,1692254387206,1693226651451,8,3,5
52136,1693226651451,1692254387210,1692254387214,1693226651458,7,4,3
52137,1693226651458,1692254387218,1692254387221,1693226651465,7,3,4
52138,1693226651465,1692254387225,1692254387229,1693226651473,8,4,4
52139,1693226651473,1692254387233,1692254387236,1693226651482,9,3,6
52140,1693226651482,1692254387242,1692254387246,1693226651490,8,4,4
52141,1693226651490,1692254387250,1692254387252,1693226651497,7,2,5
52142,1693226651497,1692254387256,1692254387260,1693226651504,7,4,3
52143,1693226651504,1692254387263,1692254387269,1693226651513,9,6,3
52144,1693226651513,1692254387273,1692254387277,1693226651521,8,4,4
52145,1693226651521,1692254387281,1692254387284,1693226651529,8,3,5
52146,1693226651529,1692254387290,1692254387293,1693226651537,8,3,5
52147,1693226651537,1692254387297,1692254387300,1693226651544,7,3,4
52148,1693226651544,1692254387309,1692254387313,1693226651557,13,4,9
52149,1693226651557,1692254387317,1692254387320,1693226651566,9,3,6
52150,1693226651566,1692254387327,1692254387330,1693226651574,8,3,5
52151,1693226651574,1692254387334,1692254387337,1693226651581,7,3,4
52152,1693226651581,1692254387341,1692254387344,1693226651588,7,3,4
52153,1693226651588,1692254387348,1692254387351,1693226651595,7,3,4
52154,1693226651595,1692254387355,1692254387360,1693226651604,9,5,4
52155,1693226651604,1692254387364,1692254387368,1693226651612,8,4,4
52156,1693226651612,1692254387372,1692254387375,1693226651620,8,3,5
52157,1693226651620,1692254387380,1692254387383,1693226651628,8,3,5
52158,1693226651628,1692254387387,1692254387392,1693226651636,8,5,3
52159,1693226651636,1692254387397,1692254387400,1693226651644,8,3,5
52160,1693226651644,1692254387408,1692254387412,1693226651657,13,4,9
52161,1693226651657,1692254387416,1692254387419,1693226651663,6,3,3
52162,1693226651663,1692254387425,1692254387428,1693226651672,9,3,6
52163,1693226651672,1692254387432,1692254387435,1693226651680,8,3,5
52164,1693226651680,1692254387439,1692254387443,1693226651687,7,4,3
52165,1693226651687,1692254387447,1692254387451,1693226651695,8,4,4
52166,1693226651696,1692254387455,1692254387458,1693226651702,6,3,3
52167,1693226651702,1692254387462,1692254387465,1693226651709,7,3,4
52168,1693226651709,1692254387469,1692254387472,1693226651716,7,3,4
52169,1693226651716,1692254387476,1692254387480,1693226651724,8,4,4
52170,1693226651724,1692254387484,1692254387487,1693226651732,8,3,5
52171,1693226651732,1692254387493,1692254387496,1693226651740,8,3,5
52172,1693226651740,1692254387500,1692254387504,1693226651748,8,4,4
52173,1693226651748,1692254387508,1692254387510,1693226651755,7,2,5
52174,1693226651755,1692254387515,1692254387518,1693226651762,7,3,4
52175,1693226651762,1692254387523,1692254387526,1693226651770,8,3,5
52176,1693226651770,1692254387531,1692254387534,1693226651778,8,3,5
52177,1693226651778,1692254387538,1692254387541,1693226651786,8,3,5
52178,1693226651786,1692254387546,1692254387549,1693226651794,8,3,5
52179,1693226651794,1692254387554,1692254387558,1693226651802,8,4,4
52180,1693226651802,1692254387562,1692254387566,1693226651810,8,4,4
52181,1693226651810,1692254387570,1692254387574,1693226651819,9,4,5
52182,1693226651819,1692254387579,1692254387582,1693226651826,7,3,4
52183,1693226651826,1692254387586,1692254387588,1693226651833,7,2,5
52184,1693226651833,1692254387595,1692254387599,1693226651843,10,4,6
52185,1693226651843,1692254387603,1692254387607,1693226651851,8,4,4
52186,1693226651851,1692254387611,1692254387615,1693226651859,8,4,4
52187,1693226651859,1692254387619,1692254387622,1693226651866,7,3,4
52188,1693226651866,1692254387626,1692254387629,1693226651873,7,3,4
52189,1693226651873,1692254387633,1692254387636,1693226651881,8,3,5
52190,1693226651881,1692254387641,1692254387644,1693226651888,7,3,4
52191,1693226651888,1692254387648,1692254387652,1693226651897,9,4,5
52192,1693226651897,1692254387658,1692254387661,1693226651905,8,3,5
52193,1693226651905,1692254387665,1692254387668,1693226651913,8,3,5
52194,1693226651913,1692254387673,1692254387676,1693226651920,7,3,4
52195,1693226651920,1692254387680,1692254387685,1693226651929,9,5,4
52196,1693226651929,1692254387691,1692254387694,1693226651939,10,3,7
52197,1693226651939,1692254387699,1692254387702,1693226651946,7,3,4
52198,1693226651946,1692254387706,1692254387709,1693226651954,8,3,5
52199,1693226651954,1692254387714,1692254387718,1693226651962,8,4,4
52200,1693226651962,1692254387723,1692254387726,1693226651971,9,3,6
52201,1693226651971,1692254387733,1692254387736,1693226651981,10,3,7
52202,1693226651981,1692254387741,1692254387744,1693226651989,8,3,5
52203,1693226651989,1692254387749,1692254387752,1693226651997,8,3,5
52204,1693226651997,1692254387758,1692254387762,1693226652007,10,4,6
52205,1693226652007,1692254387766,1692254387769,1693226652014,7,3,4
52206,1693226652014,1692254387774,1692254387777,1693226652022,8,3,5
52207,1693226652022,1692254387782,1692254387785,1693226652029,7,3,4
52208,1693226652029,1692254387790,1692254387793,1693226652037,8,3,5
52209,1693226652037,1692254387798,1692254387802,1693226652047,10,4,6
52210,1693226652047,1692254387807,1692254387810,1693226652054,7,3,4
52211,1693226652054,1692254387815,1692254387819,1693226652063,9,4,5
52212,1693226652063,1692254387823,1692254387827,1693226652071,8,4,4
52213,1693226652071,1692254387831,1692254387834,1693226652078,7,3,4
52214,1693226652078,1692254387838,1692254387841,1693226652085,7,3,4
52215,1693226652085,1692254387846,1692254387849,1693226652093,8,3,5
52216,1693226652093,1692254387853,1692254387856,1693226652100,7,3,4
52217,1693226652100,1692254387861,1692254387864,1693226652109,9,3,6
52218,1693226652109,1692254387869,1692254387872,1693226652117,8,3,5
52219,1693226652117,1692254387877,1692254387880,1693226652124,7,3,4
52220,1693226652124,1692254387884,1692254387887,1693226652131,7,3,4
52221,1693226652132,1692254387892,1692254387896,1693226652140,8,4,4
52222,1693226652140,1692254387900,1692254387903,1693226652147,7,3,4
52223,1693226652147,1692254387907,1692254387910,1693226652155,8,3,5
52224,1693226652155,1692254387914,1692254387918,1693226652162,7,4,3
52225,1693226652162,1692254387923,1692254387926,1693226652170,8,3,5
52226,1693226652170,1692254387931,1692254387935,1693226652180,10,4,6
52227,1693226652180,1692254387940,1692254387943,1693226652188,8,3,5
52228,1693226652188,1692254387948,1692254387951,1693226652196,8,3,5
52229,1693226652196,1692254387956,1692254387959,1693226652203,7,3,4
52230,1693226652203,1692254387963,1692254387967,1693226652211,8,4,4
52231,1693226652211,1692254387971,1692254387975,1693226652219,8,4,4
52232,1693226652219,1692254387980,1692254387983,1693226652227,8,3,5
52233,1693226652227,1692254387987,1692254387991,1693226652235,8,4,4
52234,1693226652235,1692254387995,1692254387999,1693226652243,8,4,4
52235,1693226652243,1692254388004,1692254388007,1693226652251,8,3,5
52236,1693226652251,1692254388011,1692254388015,1693226652259,8,4,4
52237,1693226652259,1692254388019,1692254388023,1693226652268,9,4,5
52238,1693226652268,1692254388031,1692254388034,1693226652279,11,3,8
52239,1693226652279,1692254388041,1692254388044,1693226652288,9,3,6
52240,1693226652288,1692254388048,1692254388052,1693226652296,8,4,4
52241,1693226652296,1692254388056,1692254388059,1693226652303,7,3,4
52242,1693226652303,1692254388063,1692254388067,1693226652311,8,4,4
52243,1693226652311,1692254388071,1692254388074,1693226652318,7,3,4
52244,1693226652318,1692254388078,1692254388082,1693226652326,8,4,4
52245,1693226652326,1692254388086,1692254388089,1693226652334,8,3,5
52246,1693226652334,1692254388094,1692254388097,1693226652341,7,3,4
52247,1693226652341,1692254388101,1692254388104,1693226652353,12,3,9
52248,1693226652353,1692254388155,1692254388160,1693226652409,56,5,51
52249,1693226652409,1692254388174,1692254388178,1693226652422,13,4,9
52250,1693226652422,1692254388183,1692254388186,1693226652430,8,3,5
52251,1693226652430,1692254388190,1692254388194,1693226652438,8,4,4
52252,1693226652438,1692254388198,1692254388201,1693226652446,8,3,5
52253,1693226652446,1692254388206,1692254388209,1693226652453,7,3,4
52254,1693226652453,1692254388213,1692254388217,1693226652461,8,4,4
52255,1693226652461,1692254388221,1692254388224,1693226652468,7,3,4
52256,1693226652468,1692254388228,1692254388232,1693226652476,8,4,4
52257,1693226652476,1692254388240,1692254388244,1693226652489,13,4,9
52258,1693226652489,1692254388249,1692254388252,1693226652497,8,3,5
52259,1693226652497,1692254388261,1692254388264,1693226652509,12,3,9
52260,1693226652509,1692254388269,1692254388272,1693226652516,7,3,4
52261,1693226652516,1692254388276,1692254388280,1693226652526,10,4,6
52262,1693226652526,1692254388286,1692254388289,1693226652533,7,3,4
52263,1693226652533,1692254388293,1692254388295,1693226652539,6,2,4
52264,1693226652539,1692254388299,1692254388302,1693226652547,8,3,5
52265,1693226652547,1692254388307,1692254388309,1693226652561,14,2,12
52266,1693226652561,1692254388321,1692254388325,1693226652569,8,4,4
52267,1693226652569,1692254388329,1692254388333,1693226652577,8,4,4
52268,1693226652577,1692254388339,1692254388343,1693226652591,14,4,10
52269,1693226652591,1692254388351,1692254388354,1693226652599,8,3,5
52270,1693226652599,1692254388359,1692254388362,1693226652606,7,3,4
52271,1693226652606,1692254388366,1692254388369,1693226652613,7,3,4
52272,1693226652613,1692254388373,1692254388376,1693226652620,7,3,4
52273,1693226652620,1692254388381,1692254388384,1693226652628,8,3,5
52274,1693226652628,1692254388388,1692254388391,1693226652636,8,3,5
52275,1693226652636,1692254388396,1692254388400,1693226652644,8,4,4
52276,1693226652644,1692254388404,1692254388407,1693226652651,7,3,4
52277,1693226652651,1692254388411,1692254388415,1693226652659,8,4,4
52278,1693226652659,1692254388420,1692254388423,1693226652668,9,3,6
52279,1693226652668,1692254388428,1692254388430,1693226652675,7,2,5
52280,1693226652675,1692254388435,1692254388439,1693226652683,8,4,4
52281,1693226652684,1692254388444,1692254388447,1693226652692,8,3,5
52282,1693226652692,1692254388451,1692254388454,1693226652699,7,3,4
52283,1693226652699,1692254388458,1692254388461,1693226652705,6,3,3
52284,1693226652705,1692254388465,1692254388468,1693226652713,8,3,5
52285,1693226652713,1692254388473,1692254388477,1693226652721,8,4,4
52286,1693226652721,1692254388482,1692254388485,1693226652730,9,3,6
52287,1693226652730,1692254388490,1692254388493,1693226652737,7,3,4
52288,1693226652737,1692254388498,1692254388501,1693226652745,8,3,5
52289,1693226652745,1692254388505,1692254388509,1693226652753,8,4,4
52290,1693226652753,1692254388513,1692254388517,1693226652761,8,4,4
52291,1693226652761,1692254388521,1692254388524,1693226652769,8,3,5
52292,1693226652769,1692254388529,1692254388532,1693226652776,7,3,4
52293,1693226652776,1692254388536,1692254388540,1693226652784,8,4,4
52294,1693226652784,1692254388544,1692254388548,1693226652794,10,4,6
52295,1693226652794,1692254388554,1692254388558,1693226652803,9,4,5
52296,1693226652803,1692254388563,1692254388566,1693226652810,7,3,4
52297,1693226652810,1692254388572,1692254388576,1693226652820,10,4,6
52298,1693226652820,1692254388581,1692254388584,1693226652829,9,3,6
52299,1693226652829,1692254388589,1692254388592,1693226652836,7,3,4
52300,1693226652836,1692254388596,1692254388600,1693226652844,8,4,4
52301,1693226652844,1692254388605,1692254388607,1693226652852,8,2,6
52302,1693226652852,1692254388612,1692254388615,1693226652859,7,3,4
52303,1693226652859,1692254388621,1692254388624,1693226652869,10,3,7
52304,1693226652869,1692254388629,1692254388633,1693226652877,8,4,4
52305,1693226652878,1692254388638,1692254388642,1693226652887,9,4,5
52306,1693226652887,1692254388647,1692254388650,1693226652897,10,3,7
52307,1693226652897,1692254388657,1692254388660,1693226652904,7,3,4
52308,1693226652904,1692254388664,1692254388667,1693226652911,7,3,4
52309,1693226652911,1692254388671,1692254388674,1693226652919,8,3,5
52310,1693226652919,1692254388679,1692254388682,1693226652927,8,3,5
52311,1693226652927,1692254388689,1692254388692,1693226652937,10,3,7
52312,1693226652937,1692254388697,1692254388700,1693226652945,8,3,5
52313,1693226652945,1692254388705,1692254388708,1693226652952,7,3,4
52314,1693226652952,1692254388712,1692254388715,1693226652960,8,3,5
52315,1693226652960,1692254388720,1692254388723,1693226652967,7,3,4
52316,1693226652968,1692254388728,1692254388730,1693226652975,7,2,5
52317,1693226652975,1692254388735,1692254388738,1693226652983,8,3,5
52318,1693226652983,1692254388743,1692254388746,1693226652990,7,3,4
52319,1693226652990,1692254388750,1692254388756,1693226653000,10,6,4
52320,1693226653000,1692254388761,1692254388764,1693226653009,9,3,6
52321,1693226653009,1692254388769,1692254388771,1693226653016,7,2,5
52322,1693226653016,1692254388782,1692254388785,1693226653030,14,3,11
52323,1693226653030,1692254388790,1692254388794,1693226653038,8,4,4
52324,1693226653038,1692254388798,1692254388802,1693226653046,8,4,4
52325,1693226653046,1692254388806,1692254388809,1693226653054,8,3,5
52326,1693226653054,1692254388814,1692254388817,1693226653062,8,3,5
52327,1693226653062,1692254388822,1692254388825,1693226653069,7,3,4
52328,1693226653069,1692254388829,1692254388832,1693226653077,8,3,5
52329,1693226653077,1692254388837,1692254388840,1693226653084,7,3,4
52330,1693226653084,1692254388845,1692254388848,1693226653093,9,3,6
52331,1693226653093,1692254388853,1692254388856,1693226653102,9,3,6
52332,1693226653102,1692254388862,1692254388865,1693226653109,7,3,4
52333,1693226653110,1692254388869,1692254388872,1693226653117,7,3,4
52334,1693226653117,1692254388879,1692254388882,1693226653126,9,3,6
52335,1693226653126,1692254388886,1692254388890,1693226653135,9,4,5
52336,1693226653135,1692254388895,1692254388898,1693226653142,7,3,4
52337,1693226653142,1692254388902,1692254388905,1693226653149,7,3,4
52338,1693226653149,1692254388909,1692254388912,1693226653156,7,3,4
52339,1693226653156,1692254388916,1692254388919,1693226653164,8,3,5
52340,1693226653164,1692254388923,1692254388926,1693226653171,7,3,4
52341,1693226653171,1692254388931,1692254388936,1693226653180,9,5,4
52342,1693226653180,1692254388940,1692254388944,1693226653188,8,4,4
52343,1693226653188,1692254388948,1692254388951,1693226653195,7,3,4
52344,1693226653195,1692254388955,1692254388958,1693226653204,9,3,6
52345,1693226653204,1692254388964,1692254388967,1693226653212,8,3,5
52346,1693226653212,1692254388974,1692254388977,1693226653221,9,3,6
52347,1693226653222,1692254388982,1692254388985,1693226653229,7,3,4
52348,1693226653229,1692254388990,1692254388992,1693226653237,8,2,6
52349,1693226653237,1692254388997,1692254389001,1693226653245,8,4,4
52350,1693226653245,1692254389007,1692254389010,1693226653254,9,3,6
52351,1693226653254,1692254389014,1692254389017,1693226653261,7,3,4
52352,1693226653262,1692254389022,1692254389025,1693226653270,8,3,5
52353,1693226653270,1692254389030,1692254389033,1693226653277,7,3,4
52354,1693226653277,1692254389038,1692254389041,1693226653285,8,3,5
52355,1693226653285,1692254389046,1692254389049,1693226653293,8,3,5
52356,1693226653293,1692254389053,1692254389056,1693226653300,7,3,4
52357,1693226653300,1692254389060,1692254389062,1693226653307,7,2,5
52358,1693226653307,1692254389066,1692254389070,1693226653314,7,4,3
52359,1693226653314,1692254389075,1692254389079,1693226653323,9,4,5
52360,1693226653323,1692254389082,1692254389085,1693226653330,7,3,4
52361,1693226653330,1692254389090,1692254389093,1693226653337,7,3,4
52362,1693226653337,1692254389097,1692254389100,1693226653344,7,3,4
52363,1693226653344,1692254389104,1692254389107,1693226653351,7,3,4
52364,1693226653351,1692254389111,1692254389114,1693226653358,7,3,4
52365,1693226653358,1692254389117,1692254389120,1693226653364,6,3,3
52366,1693226653364,1692254389125,1692254389128,1693226653373,9,3,6
52367,1693226653373,1692254389133,1692254389136,1693226653381,8,3,5
52368,1693226653381,1692254389140,1692254389144,1693226653389,8,4,4
52369,1693226653389,1692254389149,1692254389153,1693226653397,8,4,4
52370,1693226653397,1692254389157,1692254389160,1693226653404,7,3,4
52371,1693226653404,1692254389167,1692254389169,1693226653414,10,2,8
52372,1693226653414,1692254389174,1692254389177,1693226653421,7,3,4
52373,1693226653422,1692254389182,1692254389184,1693226653428,6,2,4
52374,1693226653429,1692254389189,1692254389192,1693226653436,7,3,4
52375,1693226653436,1692254389196,1692254389200,1693226653444,8,4,4
52376,1693226653444,1692254389204,1692254389208,1693226653452,8,4,4
52377,1693226653452,1692254389212,1692254389216,1693226653460,8,4,4
52378,1693226653460,1692254389220,1692254389225,1693226653469,9,5,4
52379,1693226653469,1692254389230,1692254389233,1693226653477,8,3,5
52380,1693226653477,1692254389237,1692254389240,1693226653484,7,3,4
52381,1693226653484,1692254389244,1692254389248,1693226653492,8,4,4
52382,1693226653492,1692254389252,1692254389256,1693226653500,8,4,4
52383,1693226653500,1692254389260,1692254389263,1693226653508,8,3,5
52384,1693226653508,1692254389269,1692254389273,1693226653517,9,4,5
52385,1693226653517,1692254389277,1692254389280,1693226653524,7,3,4
52386,1693226653524,1692254389284,1692254389287,1693226653532,8,3,5
52387,1693226653532,1692254389294,1692254389297,1693226653542,10,3,7
52388,1693226653542,1692254389302,1692254389305,1693226653549,7,3,4
52389,1693226653549,1692254389309,1692254389312,1693226653557,8,3,5
52390,1693226653557,1692254389320,1692254389323,1693226653568,11,3,8
52391,1693226653568,1692254389328,1692254389331,1693226653576,8,3,5
52392,1693226653576,1692254389336,1692254389339,1693226653584,8,3,5
52393,1693226653584,1692254389344,1692254389347,1693226653591,7,3,4
52394,1693226653591,1692254389351,1692254389355,1693226653600,9,4,5
52395,1693226653600,1692254389360,1692254389364,1693226653608,8,4,4
52396,1693226653608,1692254389368,1692254389371,1693226653615,7,3,4
52397,1693226653615,1692254389375,1692254389378,1693226653623,8,3,5
52398,1693226653623,1692254389382,1692254389385,1693226653630,7,3,4
52399,1693226653630,1692254389389,1692254389392,1693226653636,6,3,3
52400,1693226653636,1692254389397,1692254389399,1693226653644,8,2,6
52401,1693226653644,1692254389404,1692254389407,1693226653651,7,3,4
52402,1693226653651,1692254389411,1692254389415,1693226653659,8,4,4
52403,1693226653659,1692254389420,1692254389424,1693226653668,9,4,5
52404,1693226653668,1692254389431,1692254389435,1693226653679,11,4,7
52405,1693226653679,1692254389439,1692254389443,1693226653687,8,4,4
52406,1693226653687,1692254389447,1692254389451,1693226653695,8,4,4
52407,1693226653696,1692254389455,1692254389459,1693226653703,7,4,3
52408,1693226653704,1692254389464,1692254389467,1693226653712,8,3,5
52409,1693226653712,1692254389474,1692254389477,1693226653721,9,3,6
52410,1693226653721,1692254389481,1692254389484,1693226653728,7,3,4
52411,1693226653728,1692254389488,1692254389491,1693226653735,7,3,4
52412,1693226653736,1692254389495,1692254389499,1693226653743,7,4,3
52413,1693226653743,1692254389504,1692254389506,1693226653751,8,2,6
52414,1693226653751,1692254389511,1692254389514,1693226653758,7,3,4
52415,1693226653758,1692254389520,1692254389524,1693226653769,11,4,7
52416,1693226653769,1692254389529,1692254389532,1693226653777,8,3,5
52417,1693226653777,1692254389537,1692254389540,1693226653784,7,3,4
52418,1693226653784,1692254389544,1692254389548,1693226653792,8,4,4
52419,1693226653792,1692254389552,1692254389554,1693226653799,7,2,5
52420,1693226653799,1692254389558,1692254389561,1693226653805,6,3,3
52421,1693226653805,1692254389565,1692254389569,1693226653813,8,4,4
52422,1693226653813,1692254389576,1692254389580,1693226653824,11,4,7
52423,1693226653824,1692254389584,1692254389587,1693226653832,8,3,5
52424,1693226653832,1692254389592,1692254389595,1693226653839,7,3,4
52425,1693226653839,1692254389599,1692254389602,1693226653846,7,3,4
52426,1693226653846,1692254389606,1692254389610,1693226653854,8,4,4
52427,1693226653854,1692254389614,1692254389617,1693226653862,8,3,5
52428,1693226653862,1692254389623,1692254389626,1693226653870,8,3,5
52429,1693226653870,1692254389631,1692254389634,1693226653878,8,3,5
52430,1693226653878,1692254389638,1692254389641,1693226653886,8,3,5
52431,1693226653886,1692254389646,1692254389650,1693226653894,8,4,4
52432,1693226653894,1692254389654,1692254389657,1693226653902,8,3,5
52433,1693226653902,1692254389662,1692254389665,1693226653909,7,3,4
52434,1693226653910,1692254389670,1692254389672,1693226653917,7,2,5
52435,1693226653917,1692254389679,1692254389682,1693226653927,10,3,7
52436,1693226653927,1692254389687,1692254389689,1693226653934,7,2,5
52437,1693226653934,1692254389694,1692254389697,1693226653941,7,3,4
52438,1693226653941,1692254389702,1692254389706,1693226653950,9,4,5
52439,1693226653951,1692254389711,1692254389713,1693226653958,7,2,5
52440,1693226653958,1692254389718,1692254389721,1693226653966,8,3,5
52441,1693226653966,1692254389726,1692254389728,1693226653972,6,2,4
52442,1693226653972,1692254389732,1692254389735,1693226653980,8,3,5
52443,1693226653980,1692254389739,1692254389742,1693226653986,6,3,3
52444,1693226653986,1692254389747,1692254389750,1693226653994,8,3,5
52445,1693226653994,1692254389754,1692254389758,1693226654002,8,4,4
52446,1693226654002,1692254389763,1692254389766,1693226654011,9,3,6
52447,1693226654011,1692254389771,1692254389774,1693226654019,8,3,5
52448,1693226654019,1692254389781,1692254389785,1693226654029,10,4,6
52449,1693226654029,1692254389791,1692254389794,1693226654039,10,3,7
52450,1693226654039,1692254389799,1692254389802,1693226654046,7,3,4
52451,1693226654046,1692254389806,1692254389809,1693226654054,8,3,5
52452,1693226654054,1692254389814,1692254389819,1693226654063,9,5,4
52453,1693226654063,1692254389823,1692254389826,1693226654070,7,3,4
52454,1693226654070,1692254389830,1692254389834,1693226654078,8,4,4
52455,1693226654078,1692254389838,1692254389841,1693226654085,7,3,4
52456,1693226654085,1692254389845,1692254389848,1693226654093,8,3,5
52457,1693226654093,1692254389852,1692254389855,1693226654100,7,3,4
52458,1693226654100,1692254389860,1692254389864,1693226654108,8,4,4
52459,1693226654108,1692254389868,1692254389871,1693226654116,8,3,5
52460,1693226654116,1692254389876,1692254389880,1693226654125,9,4,5
52461,1693226654125,1692254389885,1692254389889,1693226654133,8,4,4
52462,1693226654133,1692254389893,1692254389896,1693226654141,8,3,5
52463,1693226654141,1692254389902,1692254389905,1693226654150,9,3,6
52464,1693226654150,1692254389910,1692254389913,1693226654158,8,3,5
52465,1693226654158,1692254389918,1692254389921,1693226654165,7,3,4
52466,1693226654166,1692254389926,1692254389929,1693226654173,7,3,4
52467,1693226654173,1692254389934,1692254389937,1693226654181,8,3,5
52468,1693226654181,1692254389942,1692254389945,1693226654189,8,3,5
52469,1693226654189,1692254389949,1692254389953,1693226654198,9,4,5
52470,1693226654198,1692254389958,1692254389961,1693226654206,8,3,5
52471,1693226654206,1692254389966,1692254389968,1693226654213,7,2,5
52472,1693226654213,1692254389973,1692254389977,1693226654221,8,4,4
52473,1693226654221,1692254389981,1692254389985,1693226654229,8,4,4
52474,1693226654229,1692254389990,1692254389994,1693226654238,9,4,5
52475,1693226654238,1692254389998,1692254390001,1693226654246,8,3,5
52476,1693226654246,1692254390006,1692254390009,1693226654254,8,3,5
52477,1693226654254,1692254390014,1692254390017,1693226654262,8,3,5
52478,1693226654262,1692254390022,1692254390025,1693226654269,7,3,4
52479,1693226654269,1692254390029,1692254390032,1693226654277,8,3,5
52480,1693226654277,1692254390037,1692254390040,1693226654284,7,3,4
52481,1693226654284,1692254390044,1692254390047,1693226654291,7,3,4
52482,1693226654291,1692254390051,1692254390054,1693226654298,7,3,4
52483,1693226654298,1692254390058,1692254390062,1693226654306,8,4,4
52484,1693226654306,1692254390066,1692254390068,1693226654312,6,2,4
52485,1693226654312,1692254390072,1692254390076,1693226654320,8,4,4
52486,1693226654320,1692254390080,1692254390084,1693226654330,10,4,6
52487,1693226654330,1692254390091,1692254390094,1693226654339,9,3,6
52488,1693226654339,1692254390099,1692254390102,1693226654346,7,3,4
52489,1693226654346,1692254390106,1692254390111,1693226654355,9,5,4
52490,1693226654355,1692254390116,1692254390119,1693226654364,9,3,6
52491,1693226654364,1692254390124,1692254390127,1693226654371,7,3,4
52492,1693226654371,1692254390130,1692254390134,1693226654378,7,4,3
52493,1693226654378,1692254390138,1692254390142,1693226654386,8,4,4
52494,1693226654386,1692254390146,1692254390149,1693226654394,8,3,5
52495,1693226654394,1692254390156,1692254390159,1693226654403,9,3,6
52496,1693226654404,1692254390164,1692254390168,1693226654412,8,4,4
52497,1693226654412,1692254390172,1692254390176,1693226654421,9,4,5
52498,1693226654421,1692254390181,1692254390184,1693226654429,8,3,5
52499,1693226654429,1692254390191,1692254390194,1693226654439,10,3,7
52500,1693226654439,1692254390199,1692254390202,1693226654447,8,3,5
52501,1693226654447,1692254390207,1692254390210,1693226654454,7,3,4
52502,1693226654454,1692254390215,1692254390219,1693226654464,10,4,6
52503,1693226654464,1692254390224,1692254390227,1693226654472,8,3,5
52504,1693226654472,1692254390233,1692254390237,1693226654481,9,4,5
52505,1693226654481,1692254390242,1692254390245,1693226654489,8,3,5
52506,1693226654489,1692254390249,1692254390252,1693226654496,7,3,4
52507,1693226654496,1692254390257,1692254390260,1693226654505,9,3,6
52508,1693226654505,1692254390265,1692254390268,1693226654513,8,3,5
52509,1693226654513,1692254390273,1692254390276,1693226654521,8,3,5
52510,1693226654521,1692254390281,1692254390284,1693226654528,7,3,4
52511,1693226654528,1692254390289,1692254390293,1693226654537,9,4,5
52512,1693226654537,1692254390297,1692254390300,1693226654545,8,3,5
52513,1693226654545,1692254390305,1692254390308,1693226654552,7,3,4
52514,1693226654552,1692254390312,1692254390316,1693226654560,8,4,4
52515,1693226654561,1692254390326,1692254390330,1693226654574,13,4,9
52516,1693226654574,1692254390337,1692254390340,1693226654585,11,3,8
52517,1693226654585,1692254390346,1692254390349,1693226654594,9,3,6
52518,1693226654594,1692254390354,1692254390357,1693226654601,7,3,4
52519,1693226654601,1692254390361,1692254390365,1693226654609,8,4,4
52520,1693226654609,1692254390369,1692254390372,1693226654616,7,3,4
52521,1693226654616,1692254390376,1692254390379,1693226654623,7,3,4
52522,1693226654623,1692254390383,1692254390385,1693226654630,7,2,5
52523,1693226654630,1692254390390,1692254390392,1693226654638,8,2,6
52524,1693226654638,1692254390399,1692254390402,1693226654646,8,3,5
52525,1693226654646,1692254390406,1692254390411,1693226654655,9,5,4
52526,1693226654655,1692254390416,1692254390419,1693226654664,9,3,6
52527,1693226654664,1692254390425,1692254390428,1693226654673,9,3,6
52528,1693226654673,1692254390432,1692254390436,1693226654681,8,4,4
52529,1693226654681,1692254390440,1692254390443,1693226654688,7,3,4
52530,1693226654688,1692254390448,1692254390451,1693226654695,7,3,4
52531,1693226654695,1692254390455,1692254390458,1693226654702,7,3,4
52532,1693226654702,1692254390465,1692254390469,1693226654713,11,4,7
52533,1693226654713,1692254390473,1692254390476,1693226654720,7,3,4
52534,1693226654720,1692254390480,1692254390483,1693226654728,8,3,5
52535,1693226654728,1692254390489,1692254390492,1693226654736,8,3,5
52536,1693226654736,1692254390498,1692254390502,1693226654746,10,4,6
52537,1693226654746,1692254390506,1692254390510,1693226654754,8,4,4
52538,1693226654755,1692254390514,1692254390518,1693226654762,7,4,3
52539,1693226654762,1692254390522,1692254390525,1693226654770,8,3,5
52540,1693226654770,1692254390529,1692254390533,1693226654777,7,4,3
52541,1693226654777,1692254390537,1692254390540,1693226654785,8,3,5
52542,1693226654785,1692254390544,1692254390548,1693226654792,7,4,3
52543,1693226654792,1692254390552,1692254390556,1693226654800,8,4,4
52544,1693226654800,1692254390560,1692254390563,1693226654808,8,3,5
52545,1693226654808,1692254390570,1692254390573,1693226654818,10,3,7
52546,1693226654818,1692254390578,1692254390581,1693226654825,7,3,4
52547,1693226654825,1692254390585,1692254390588,1693226654832,7,3,4
52548,1693226654832,1692254390592,1692254390595,1693226654839,7,3,4
52549,1693226654839,1692254390600,1692254390604,1693226654849,10,4,6
52550,1693226654849,1692254390609,1692254390612,1693226654857,8,3,5
52551,1693226654857,1692254390617,1692254390620,1693226654864,7,3,4
52552,1693226654864,1692254390624,1692254390627,1693226654874,10,3,7
52553,1693226654874,1692254390634,1692254390638,1693226654882,8,4,4
52554,1693226654882,1692254390643,1692254390646,1693226654890,8,3,5
52555,1693226654890,1692254390651,1692254390654,1693226654898,8,3,5
52556,1693226654898,1692254390658,1692254390661,1693226654905,7,3,4
52557,1693226654905,1692254390668,1692254390671,1693226654915,10,3,7
52558,1693226654915,1692254390676,1692254390679,1693226654923,8,3,5
52559,1693226654923,1692254390683,1692254390686,1693226654931,8,3,5
52560,1693226654931,1692254390691,1692254390695,1693226654939,8,4,4
52561,1693226654939,1692254390700,1692254390703,1693226654947,8,3,5
52562,1693226654947,1692254390709,1692254390715,1693226654959,12,6,6
52563,1693226654959,1692254390719,1692254390721,1693226654965,6,2,4
52564,1693226654965,1692254390725,1692254390728,1693226654973,8,3,5
52565,1693226654973,1692254390733,1692254390737,1693226654981,8,4,4
52566,1693226654981,1692254390741,1692254390744,1693226654988,7,3,4
52567,1693226654988,1692254390748,1692254390751,1693226654995,7,3,4
52568,1693226654995,1692254390755,1692254390758,1693226655002,7,3,4
52569,1693226655002,1692254390762,1692254390766,1693226655010,8,4,4
52570,1693226655010,1692254390771,1692254390774,1693226655018,8,3,5
52571,1693226655018,1692254390778,1692254390781,1693226655025,7,3,4
52572,1693226655025,1692254390785,1692254390789,1693226655033,8,4,4
52573,1693226655033,1692254390793,1692254390796,1693226655040,7,3,4
52574,1693226655040,1692254390800,1692254390804,1693226655049,9,4,5
52575,1693226655049,1692254390809,1692254390812,1693226655056,7,3,4
52576,1693226655056,1692254390816,1692254390819,1693226655064,8,3,5
52577,1693226655064,1692254390824,1692254390828,1693226655072,8,4,4
52578,1693226655072,1692254390832,1692254390834,1693226655079,7,2,5
52579,1693226655079,1692254390842,1692254390845,1693226655090,11,3,8
52580,1693226655090,1692254390850,1692254390853,1693226655098,8,3,5
52581,1693226655098,1692254390859,1692254390861,1693226655105,7,2,5
52582,1693226655105,1692254390865,1692254390868,1693226655112,7,3,4
52583,1693226655112,1692254390873,1692254390876,1693226655120,8,3,5
52584,1693226655120,1692254390880,1692254390883,1693226655127,7,3,4
52585,1693226655127,1692254390888,1692254390891,1693226655138,11,3,8
52586,1693226655138,1692254390898,1692254390902,1693226655146,8,4,4
52587,1693226655146,1692254390908,1692254390911,1693226655155,9,3,6
52588,1693226655155,1692254390915,1692254390918,1693226655162,7,3,4
52589,1693226655163,1692254390922,1692254390925,1693226655170,7,3,4
52590,1693226655170,1692254390930,1692254390933,1693226655178,8,3,5
52591,1693226655178,1692254390938,1692254390940,1693226655184,6,2,4
52592,1693226655184,1692254390944,1692254390948,1693226655192,8,4,4
52593,1693226655193,1692254390953,1692254390955,1693226655200,7,2,5
52594,1693226655200,1692254390960,1692254390963,1693226655207,7,3,4
52595,1693226655207,1692254390967,1692254390970,1693226655215,8,3,5
52596,1693226655215,1692254390975,1692254390978,1693226655223,8,3,5
52597,1693226655223,1692254390984,1692254390987,1693226655231,8,3,5
52598,1693226655231,1692254390991,1692254390994,1693226655238,7,3,4
52599,1693226655238,1692254390998,1692254391003,1693226655247,9,5,4
52600,1693226655247,1692254391010,1692254391013,1693226655258,11,3,8
52601,1693226655258,1692254391018,1692254391022,1693226655266,8,4,4
52602,1693226655266,1692254391026,1692254391029,1693226655274,8,3,5
52603,1693226655274,1692254391034,1692254391037,1693226655281,7,3,4
52604,1693226655281,1692254391041,1692254391045,1693226655289,8,4,4
52605,1693226655289,1692254391049,1692254391053,1693226655297,8,4,4
52606,1693226655297,1692254391057,1692254391061,1693226655305,8,4,4
52607,1693226655305,1692254391065,1692254391068,1693226655313,8,3,5
52608,1693226655313,1692254391073,1692254391075,1693226655320,7,2,5
52609,1693226655320,1692254391080,1692254391083,1693226655327,7,3,4
52610,1693226655327,1692254391087,1692254391091,1693226655335,8,4,4
52611,1693226655335,1692254391096,1692254391099,1693226655344,9,3,6
52612,1693226655344,1692254391104,1692254391107,1693226655355,11,3,8
52613,1693226655355,1692254391115,1692254391118,1693226655362,7,3,4
52614,1693226655362,1692254391122,1692254391126,1693226655370,8,4,4
52615,1693226655370,1692254391130,1692254391134,1693226655378,8,4,4
52616,1693226655378,1692254391138,1692254391141,1693226655388,10,3,7
52617,1693226655388,1692254391156,1692254391160,1693226655404,16,4,12
52618,1693226655404,1692254391165,1692254391168,1693226655412,8,3,5
52619,1693226655412,1692254391172,1692254391175,1693226655420,8,3,5
52620,1693226655420,1692254391180,1692254391183,1693226655428,8,3,5
52621,1693226655428,1692254391187,1692254391190,1693226655435,7,3,4
52622,1693226655435,1692254391195,1692254391198,1693226655443,8,3,5
52623,1693226655443,1692254391203,1692254391207,1693226655451,8,4,4
52624,1693226655451,1692254391211,1692254391216,1693226655460,9,5,4
52625,1693226655460,1692254391222,1692254391225,1693226655469,9,3,6
52626,1693226655469,1692254391229,1692254391232,1693226655477,8,3,5
52627,1693226655477,1692254391236,1692254391240,1693226655485,8,4,4
52628,1693226655485,1692254391245,1692254391248,1693226655492,7,3,4
52629,1693226655492,1692254391251,1692254391254,1693226655499,7,3,4
52630,1693226655499,1692254391259,1692254391262,1693226655506,7,3,4
52631,1693226655506,1692254391266,1692254391270,1693226655514,8,4,4
52632,1693226655514,1692254391274,1692254391277,1693226655521,7,3,4
52633,1693226655521,1692254391282,1692254391285,1693226655529,8,3,5
52634,1693226655529,1692254391289,1692254391293,1693226655537,8,4,4
52635,1693226655537,1692254391297,1692254391301,1693226655546,9,4,5
52636,1693226655546,1692254391306,1692254391311,1693226655555,9,5,4
52637,1693226655555,1692254391317,1692254391320,1693226655565,10,3,7
52638,1693226655565,1692254391325,1692254391329,1693226655573,8,4,4
52639,1693226655573,1692254391333,1692254391337,1693226655581,8,4,4
52640,1693226655581,1692254391341,1692254391345,1693226655589,8,4,4
52641,1693226655589,1692254391349,1692254391353,1693226655597,8,4,4
52642,1693226655597,1692254391356,1692254391360,1693226655604,7,4,3
52643,1693226655604,1692254391364,1692254391367,1693226655612,8,3,5
52644,1693226655612,1692254391372,1692254391375,1693226655619,7,3,4
52645,1693226655619,1692254391379,1692254391383,1693226655628,9,4,5
52646,1693226655628,1692254391388,1692254391391,1693226655635,7,3,4
52647,1693226655635,1692254391395,1692254391398,1693226655642,7,3,4
52648,1693226655642,1692254391402,1692254391405,1693226655649,7,3,4
52649,1693226655649,1692254391409,1692254391413,1693226655657,8,4,4
52650,1693226655657,1692254391419,1692254391422,1693226655667,10,3,7
52651,1693226655667,1692254391427,1692254391430,1693226655674,7,3,4
52652,1693226655674,1692254391434,1692254391437,1693226655681,7,3,4
52653,1693226655681,1692254391442,1692254391446,1693226655690,9,4,5
52654,1693226655690,1692254391450,1692254391453,1693226655697,7,3,4
52655,1693226655697,1692254391457,1692254391460,1693226655704,7,3,4
52656,1693226655704,1692254391465,1692254391468,1693226655712,8,3,5
52657,1693226655712,1692254391472,1692254391475,1693226655720,8,3,5
52658,1693226655720,1692254391480,1692254391483,1693226655727,7,3,4
52659,1693226655728,1692254391494,1692254391497,1693226655742,14,3,11
52660,1693226655742,1692254391505,1692254391508,1693226655752,10,3,7
52661,1693226655752,1692254391516,1692254391519,1693226655764,12,3,9
52662,1693226655764,1692254391524,1692254391528,1693226655772,8,4,4
52663,1693226655772,1692254391532,1692254391535,1693226655780,8,3,5
52664,1693226655780,1692254391540,1692254391543,1693226655788,8,3,5
52665,1693226655788,1692254391548,1692254391551,1693226655795,7,3,4
52666,1693226655795,1692254391555,1692254391558,1693226655802,7,3,4
52667,1693226655802,1692254391562,1692254391566,1693226655811,9,4,5
52668,1693226655811,1692254391571,1692254391574,1693226655818,7,3,4
52669,1693226655818,1692254391578,1692254391581,1693226655826,8,3,5
52670,1693226655826,1692254391589,1692254391591,1693226655835,9,2,7
52671,1693226655835,1692254391595,1692254391598,1693226655842,7,3,4
52672,1693226655842,1692254391603,1692254391605,1693226655850,8,2,6
52673,1693226655850,1692254391610,1692254391614,1693226655859,9,4,5
52674,1693226655859,1692254391619,1692254391623,1693226655867,8,4,4
52675,1693226655867,1692254391628,1692254391631,1693226655875,8,3,5
52676,1693226655875,1692254391634,1692254391638,1693226655882,7,4,3
52677,1693226655883,1692254391643,1692254391646,1693226655891,8,3,5
52678,1693226655891,1692254391651,1692254391654,1693226655898,7,3,4
52679,1693226655898,1692254391659,1692254391662,1693226655906,8,3,5
52680,1693226655906,1692254391666,1692254391669,1693226655914,8,3,5
52681,1693226655914,1692254391674,1692254391677,1693226655923,9,3,6
52682,1693226655923,1692254391687,1692254391690,1693226655935,12,3,9
52683,1693226655935,1692254391695,1692254391698,1693226655942,7,3,4
52684,1693226655942,1692254391702,1692254391706,1693226655951,9,4,5
52685,1693226655951,1692254391712,1692254391715,1693226655959,8,3,5
52686,1693226655959,1692254391719,1692254391722,1693226655969,10,3,7
52687,1693226655969,1692254391729,1692254391733,1693226655977,8,4,4
52688,1693226655977,1692254391737,1692254391740,1693226655984,7,3,4
52689,1693226655984,1692254391747,1692254391751,1693226655995,11,4,7
52690,1693226655995,1692254391756,1692254391759,1693226656003,8,3,5
52691,1693226656003,1692254391763,1692254391766,1693226656010,7,3,4
52692,1693226656010,1692254391771,1692254391775,1693226656019,9,4,5
52693,1693226656019,1692254391779,1692254391783,1693226656027,8,4,4
52694,1693226656027,1692254391787,1692254391790,1693226656034,7,3,4
52695,1693226656034,1692254391795,1692254391798,1693226656042,8,3,5
52696,1693226656042,1692254391802,1692254391805,1693226656050,8,3,5
52697,1693226656050,1692254391810,1692254391813,1693226656057,7,3,4
52698,1693226656057,1692254391817,1692254391820,1693226656065,8,3,5
52699,1693226656065,1692254391825,1692254391828,1693226656073,8,3,5
52700,1693226656073,1692254391833,1692254391836,1693226656080,7,3,4
52701,1693226656080,1692254391840,1692254391843,1693226656088,8,3,5
52702,1693226656088,1692254391848,1692254391852,1693226656096,8,4,4
52703,1693226656096,1692254391859,1692254391863,1693226656107,11,4,7
52704,1693226656107,1692254391867,1692254391870,1693226656115,8,3,5
52705,1693226656115,1692254391875,1692254391878,1693226656124,9,3,6
52706,1693226656124,1692254391884,1692254391888,1693226656132,8,4,4
52707,1693226656132,1692254391893,1692254391896,1693226656142,10,3,7
52708,1693226656142,1692254391902,1692254391906,1693226656151,9,4,5
52709,1693226656151,1692254391911,1692254391915,1693226656160,9,4,5
52710,1693226656160,1692254391920,1692254391925,1693226656169,9,5,4
52711,1693226656169,1692254391931,1692254391935,1693226656179,10,4,6
52712,1693226656179,1692254391940,1692254391943,1693226656187,8,3,5
52713,1693226656187,1692254391948,1692254391952,1693226656196,9,4,5
52714,1693226656196,1692254391956,1692254391959,1693226656203,7,3,4
52715,1693226656204,1692254391963,1692254391967,1693226656212,8,4,4
52716,1693226656212,1692254391976,1692254391979,1693226656224,12,3,9
52717,1693226656224,1692254391985,1692254391988,1693226656233,9,3,6
52718,1693226656233,1692254391994,1692254391997,1693226656242,9,3,6
52719,1693226656242,1692254392003,1692254392006,1693226656251,9,3,6
52720,1693226656251,1692254392011,1692254392015,1693226656259,8,4,4
52721,1693226656259,1692254392020,1692254392023,1693226656268,9,3,6
52722,1693226656268,1692254392028,1692254392032,1693226656276,8,4,4
52723,1693226656276,1692254392037,1692254392039,1693226656284,8,2,6
52724,1693226656284,1692254392044,1692254392047,1693226656292,8,3,5
52725,1693226656292,1692254392052,1692254392055,1693226656300,8,3,5
52726,1693226656300,1692254392060,1692254392063,1693226656307,7,3,4
52727,1693226656307,1692254392067,1692254392070,1693226656315,8,3,5
52728,1693226656315,1692254392075,1692254392079,1693226656323,8,4,4
52729,1693226656323,1692254392083,1692254392086,1693226656331,8,3,5
52730,1693226656331,1692254392090,1692254392094,1693226656338,7,4,3
52731,1693226656338,1692254392098,1692254392102,1693226656346,8,4,4
52732,1693226656346,1692254392107,1692254392110,1693226656354,8,3,5
52733,1693226656354,1692254392115,1692254392118,1693226656362,8,3,5
52734,1693226656362,1692254392123,1692254392127,1693226656371,9,4,5
52735,1693226656371,1692254392131,1692254392134,1693226656379,8,3,5
52736,1693226656379,1692254392139,1692254392142,1693226656387,8,3,5
52737,1693226656387,1692254392147,1692254392150,1693226656394,7,3,4
52738,1693226656394,1692254392155,1692254392158,1693226656403,9,3,6
52739,1693226656403,1692254392163,1692254392166,1693226656410,7,3,4
52740,1693226656410,1692254392170,1692254392173,1693226656418,8,3,5
52741,1693226656418,1692254392178,1692254392181,1693226656426,8,3,5
52742,1693226656426,1692254392186,1692254392190,1693226656434,8,4,4
52743,1693226656434,1692254392195,1692254392199,1693226656443,9,4,5
52744,1693226656443,1692254392203,1692254392206,1693226656450,7,3,4
52745,1693226656450,1692254392210,1692254392214,1693226656459,9,4,5
52746,1693226656459,1692254392219,1692254392222,1693226656467,8,3,5
52747,1693226656467,1692254392231,1692254392236,1693226656480,13,5,8
52748,1693226656480,1692254392240,1692254392243,1693226656488,8,3,5
52749,1693226656488,1692254392248,1692254392251,1693226656495,7,3,4
52750,1693226656495,1692254392255,1692254392261,1693226656505,10,6,4
52751,1693226656505,1692254392265,1692254392268,1693226656512,7,3,4
52752,1693226656512,1692254392272,1692254392275,1693226656519,7,3,4
52753,1693226656520,1692254392280,1692254392283,1693226656528,8,3,5
52754,1693226656528,1692254392288,1692254392291,1693226656535,7,3,4
52755,1693226656535,1692254392295,1692254392298,1693226656543,8,3,5
52756,1693226656543,1692254392302,1692254392305,1693226656550,7,3,4
52757,1693226656550,1692254392310,1692254392313,1693226656558,8,3,5
52758,1693226656558,1692254392318,1692254392321,1693226656566,8,3,5
52759,1693226656566,1692254392326,1692254392328,1693226656573,7,2,5
52760,1693226656573,1692254392333,1692254392336,1693226656583,10,3,7
52761,1693226656583,1692254392345,1692254392348,1693226656593,10,3,7
52762,1693226656593,1692254392353,1692254392356,1693226656604,11,3,8
52763,1693226656604,1692254392365,1692254392368,1693226656613,9,3,6
52764,1693226656613,1692254392373,1692254392376,1693226656621,8,3,5
52765,1693226656621,1692254392382,1692254392385,1693226656630,9,3,6
52766,1693226656630,1692254392391,1692254392394,1693226656639,9,3,6
52767,1693226656639,1692254392399,1692254392402,1693226656646,7,3,4
52768,1693226656646,1692254392407,1692254392410,1693226656655,9,3,6
52769,1693226656655,1692254392415,1692254392418,1693226656662,7,3,4
52770,1693226656662,1692254392421,1692254392425,1693226656670,8,4,4
52771,1693226656670,1692254392430,1692254392433,1693226656677,7,3,4
52772,1693226656677,1692254392437,1692254392440,1693226656687,10,3,7
52773,1693226656687,1692254392447,1692254392450,1693226656695,8,3,5
52774,1693226656695,1692254392455,1692254392458,1693226656702,7,3,4
52775,1693226656702,1692254392462,1692254392465,1693226656709,7,3,4
52776,1693226656709,1692254392469,1692254392473,1693226656717,8,4,4
52777,1693226656717,1692254392477,1692254392480,1693226656725,8,3,5
52778,1693226656725,1692254392485,1692254392488,1693226656732,7,3,4
52779,1693226656732,1692254392492,1692254392495,1693226656739,7,3,4
52780,1693226656739,1692254392499,1692254392502,1693226656747,8,3,5
52781,1693226656747,1692254392507,1692254392510,1693226656754,7,3,4
52782,1693226656754,1692254392515,1692254392519,1693226656763,9,4,5
52783,1693226656763,1692254392523,1692254392528,1693226656772,9,5,4
52784,1693226656772,1692254392533,1692254392536,1693226656780,8,3,5
52785,1693226656780,1692254392539,1692254392543,1693226656788,8,4,4
52786,1693226656788,1692254392548,1692254392552,1693226656796,8,4,4
52787,1693226656796,1692254392556,1692254392559,1693226656803,7,3,4
52788,1693226656803,1692254392564,1692254392567,1693226656812,9,3,6
52789,1693226656812,1692254392573,1692254392577,1693226656821,9,4,5
52790,1693226656821,1692254392584,1692254392587,1693226656831,10,3,7
52791,1693226656831,1692254392591,1692254392594,1693226656839,8,3,5
52792,1693226656839,1692254392598,1692254392602,1693226656846,7,4,3
52793,1693226656846,1692254392606,1692254392609,1693226656853,7,3,4
52794,1693226656853,1692254392613,1692254392617,1693226656861,8,4,4
52795,1693226656861,1692254392621,1692254392623,1693226656867,6,2,4
52796,1693226656868,1692254392627,1692254392631,1693226656875,7,4,3
52797,1693226656875,1692254392635,1692254392638,1693226656882,7,3,4
52798,1693226656882,1692254392642,1692254392645,1693226656890,8,3,5
52799,1693226656890,1692254392659,1692254392663,1693226656907,17,4,13
52800,1693226656907,1692254392668,1692254392671,1693226656915,8,3,5
52801,1693226656915,1692254392675,1692254392678,1693226656922,7,3,4
52802,1693226656922,1692254392682,1692254392685,1693226656930,8,3,5
52803,1693226656930,1692254392690,1692254392692,1693226656937,7,2,5
52804,1693226656937,1692254392697,1692254392700,1693226656944,7,3,4
52805,1693226656944,1692254392704,1692254392707,1693226656951,7,3,4
52806,1693226656951,1692254392711,1692254392715,1693226656959,8,4,4
52807,1693226656959,1692254392719,1692254392722,1693226656966,7,3,4
52808,1693226656966,1692254392726,1692254392729,1693226656974,8,3,5
52809,1693226656974,1692254392734,1692254392737,1693226656981,7,3,4
52810,1693226656981,1692254392741,1692254392744,1693226656988,7,3,4
52811,1693226656988,1692254392750,1692254392753,1693226656998,10,3,7
52812,1693226656998,1692254392758,1692254392761,1693226657005,7,3,4
52813,1693226657005,1692254392765,1692254392768,1693226657013,8,3,5
52814,1693226657013,1692254392776,1692254392779,1693226657023,10,3,7
52815,1693226657024,1692254392784,1692254392787,1693226657032,8,3,5
52816,1693226657032,1692254392794,1692254392797,1693226657041,9,3,6
52817,1693226657041,1692254392801,1692254392804,1693226657048,7,3,4
52818,1693226657048,1692254392808,1692254392811,1693226657055,7,3,4
52819,1693226657055,1692254392816,1692254392819,1693226657064,9,3,6
52820,1693226657064,1692254392827,1692254392831,1693226657076,12,4,8
52821,1693226657076,1692254392835,1692254392838,1693226657083,7,3,4
52822,1693226657083,1692254392843,1692254392847,1693226657091,8,4,4
52823,1693226657091,1692254392853,1692254392856,1693226657101,10,3,7
52824,1693226657101,1692254392861,1692254392864,1693226657108,7,3,4
52825,1693226657108,1692254392868,1692254392871,1693226657115,7,3,4
52826,1693226657115,1692254392876,1692254392879,1693226657123,8,3,5
52827,1693226657123,1692254392883,1692254392885,1693226657130,7,2,5
52828,1693226657130,1692254392889,1692254392892,1693226657137,7,3,4
52829,1693226657137,1692254392897,1692254392900,1693226657144,7,3,4
52830,1693226657144,1692254392905,1692254392908,1693226657152,8,3,5
52831,1693226657152,1692254392913,1692254392916,1693226657160,8,3,5
52832,1693226657160,1692254392922,1692254392925,1693226657169,9,3,6
52833,1693226657170,1692254392929,1692254392933,1693226657177,7,4,3
52834,1693226657177,1692254392937,1692254392940,1693226657185,8,3,5
52835,1693226657185,1692254392945,1692254392948,1693226657192,7,3,4
52836,1693226657192,1692254392955,1692254392958,1693226657203,11,3,8
52837,1693226657203,1692254392962,1692254392966,1693226657210,7,4,3
52838,1693226657210,1692254392970,1692254392974,1693226657218,8,4,4
52839,1693226657218,1692254392978,1692254392982,1693226657227,9,4,5
52840,1693226657227,1692254392988,1692254392993,1693226657238,11,5,6
52841,1693226657238,1692254392998,1692254393000,1693226657245,7,2,5
52842,1693226657245,1692254393005,1692254393008,1693226657252,7,3,4
52843,1693226657253,1692254393013,1692254393016,1693226657260,7,3,4
52844,1693226657260,1692254393021,1692254393024,1693226657268,8,3,5
52845,1693226657268,1692254393028,1692254393031,1693226657275,7,3,4
52846,1693226657275,1692254393036,1692254393039,1693226657284,9,3,6
52847,1693226657284,1692254393044,1692254393047,1693226657291,7,3,4
52848,1693226657291,1692254393051,1692254393054,1693226657300,9,3,6
52849,1693226657300,1692254393060,1692254393063,1693226657307,7,3,4
52850,1693226657307,1692254393067,1692254393070,1693226657314,7,3,4
52851,1693226657315,1692254393074,1692254393077,1693226657322,7,3,4
52852,1693226657322,1692254393081,1692254393085,1693226657329,7,4,3
52853,1693226657329,1692254393089,1692254393092,1693226657336,7,3,4
52854,1693226657336,1692254393096,1692254393100,1693226657344,8,4,4
52855,1693226657344,1692254393104,1692254393107,1693226657351,7,3,4
52856,1693226657351,1692254393111,1692254393115,1693226657360,9,4,5
52857,1693226657360,1692254393120,1692254393123,1693226657368,8,3,5
52858,1693226657368,1692254393128,1692254393131,1693226657376,8,3,5
52859,1693226657376,1692254393136,1692254393139,1693226657384,8,3,5
52860,1693226657384,1692254393144,1692254393148,1693226657392,8,4,4
52861,1693226657392,1692254393151,1692254393155,1693226657399,7,4,3
52862,1693226657399,1692254393160,1692254393164,1693226657408,9,4,5
52863,1693226657408,1692254393167,1692254393171,1693226657415,7,4,3
52864,1693226657415,1692254393175,1692254393179,1693226657423,8,4,4
52865,1693226657423,1692254393183,1692254393187,1693226657431,8,4,4
52866,1693226657431,1692254393191,1692254393194,1693226657438,7,3,4
52867,1693226657438,1692254393198,1692254393201,1693226657445,7,3,4
52868,1693226657445,1692254393205,1692254393208,1693226657453,8,3,5
52869,1693226657453,1692254393213,1692254393216,1693226657460,7,3,4
52870,1693226657460,1692254393220,1692254393224,1693226657469,9,4,5
52871,1693226657469,1692254393229,1692254393233,1693226657477,8,4,4
52872,1693226657478,1692254393238,1692254393241,1693226657486,8,3,5
52873,1693226657486,1692254393246,1692254393250,1693226657494,8,4,4
52874,1693226657494,1692254393255,1692254393258,1693226657504,10,3,7
52875,1693226657504,1692254393264,1692254393268,1693226657512,8,4,4
52876,1693226657512,1692254393272,1692254393275,1693226657520,8,3,5
52877,1693226657520,1692254393280,1692254393283,1693226657528,8,3,5
52878,1693226657528,1692254393288,1692254393291,1693226657536,8,3,5
52879,1693226657536,1692254393296,1692254393299,1693226657544,8,3,5
52880,1693226657544,1692254393304,1692254393307,1693226657552,8,3,5
52881,1693226657552,1692254393312,1692254393315,1693226657560,8,3,5
52882,1693226657560,1692254393320,1692254393323,1693226657567,7,3,4
52883,1693226657567,1692254393327,1692254393330,1693226657575,8,3,5
52884,1693226657575,1692254393335,1692254393338,1693226657586,11,3,8
52885,1693226657586,1692254393346,1692254393350,1693226657594,8,4,4
52886,1693226657594,1692254393354,1692254393357,1693226657601,7,3,4
52887,1693226657601,1692254393361,1692254393364,1693226657608,7,3,4
52888,1693226657608,1692254393369,1692254393372,1693226657616,8,3,5
52889,1693226657616,1692254393376,1692254393380,1693226657624,8,4,4
52890,1693226657624,1692254393384,1692254393388,1693226657632,8,4,4
52891,1693226657632,1692254393392,1692254393396,1693226657641,9,4,5
52892,1693226657641,1692254393406,1692254393409,1693226657654,13,3,10
52893,1693226657654,1692254393414,1692254393418,1693226657663,9,4,5
52894,1693226657663,1692254393423,1692254393426,1693226657670,7,3,4
52895,1693226657670,1692254393430,1692254393433,1693226657678,8,3,5
52896,1693226657678,1692254393438,1692254393441,1693226657686,8,3,5
52897,1693226657686,1692254393446,1692254393449,1693226657693,7,3,4
52898,1693226657693,1692254393453,1692254393456,1693226657700,7,3,4
52899,1693226657700,1692254393460,1692254393464,1693226657710,10,4,6
52900,1693226657710,1692254393471,1692254393474,1693226657718,8,3,5
52901,1693226657718,1692254393479,1692254393482,1693226657726,8,3,5
52902,1693226657726,1692254393486,1692254393489,1693226657733,7,3,4
52903,1693226657733,1692254393493,1692254393496,1693226657741,8,3,5
52904,1693226657741,1692254393501,1692254393504,1693226657747,6,3,3
52905,1693226657747,1692254393507,1692254393510,1693226657754,7,3,4
52906,1693226657754,1692254393514,1692254393517,1693226657761,7,3,4
52907,1693226657761,1692254393521,1692254393524,1693226657768,7,3,4
52908,1693226657768,1692254393527,1692254393530,1693226657774,6,3,3
52909,1693226657774,1692254393535,1692254393539,1693226657783,9,4,5
52910,1693226657783,1692254393543,1692254393546,1693226657790,7,3,4
52911,1693226657790,1692254393550,1692254393554,1693226657798,8,4,4
52912,1693226657798,1692254393558,1692254393561,1693226657805,7,3,4
52913,1693226657805,1692254393565,1692254393568,1693226657812,7,3,4
52914,1693226657812,1692254393572,1692254393576,1693226657820,8,4,4
52915,1693226657820,1692254393580,1692254393584,1693226657828,8,4,4
52916,1693226657828,1692254393588,1692254393591,1693226657835,7,3,4
52917,1693226657835,1692254393595,1692254393598,1693226657842,7,3,4
52918,1693226657842,1692254393602,1692254393604,1693226657849,7,2,5
52919,1693226657849,1692254393609,1692254393612,1693226657856,7,3,4
52920,1693226657856,1692254393616,1692254393619,1693226657863,7,3,4
52921,1693226657863,1692254393623,1692254393627,1693226657871,8,4,4
52922,1693226657871,1692254393631,1692254393635,1693226657880,9,4,5
52923,1693226657880,1692254393640,1692254393642,1693226657887,7,2,5
52924,1693226657887,1692254393646,1692254393651,1693226657896,9,5,4
52925,1693226657896,1692254393656,1692254393659,1693226657903,7,3,4
52926,1693226657903,1692254393663,1692254393666,1693226657910,7,3,4
52927,1693226657910,1692254393672,1692254393676,1693226657920,10,4,6
52928,1693226657920,1692254393680,1692254393684,1693226657928,8,4,4
52929,1693226657928,1692254393687,1692254393691,1693226657936,8,4,4
52930,1693226657936,1692254393696,1692254393699,1693226657944,8,3,5
52931,1693226657944,1692254393704,1692254393707,1693226657951,7,3,4
52932,1693226657951,1692254393711,1692254393715,1693226657959,8,4,4
52933,1693226657959,1692254393719,1692254393722,1693226657966,7,3,4
52934,1693226657966,1692254393726,1692254393729,1693226657974,8,3,5
52935,1693226657974,1692254393734,1692254393737,1693226657981,7,3,4
52936,1693226657981,1692254393741,1692254393744,1693226657988,7,3,4
52937,1693226657988,1692254393749,1692254393752,1693226657996,8,3,5
52938,1693226657996,1692254393756,1692254393760,1693226658004,8,4,4
52939,1693226658004,1692254393763,1692254393767,1693226658011,7,4,3
52940,1693226658011,1692254393771,1692254393775,1693226658019,8,4,4
52941,1693226658019,1692254393780,1692254393783,1693226658027,8,3,5
52942,1693226658027,1692254393788,1692254393791,1693226658035,8,3,5
52943,1693226658035,1692254393796,1692254393800,1693226658044,9,4,5
52944,1693226658044,1692254393805,1692254393808,1693226658052,8,3,5
52945,1693226658052,1692254393812,1692254393816,1693226658060,8,4,4
52946,1693226658060,1692254393821,1692254393824,1693226658068,8,3,5
52947,1693226658068,1692254393828,1692254393831,1693226658075,7,3,4
52948,1693226658075,1692254393835,1692254393838,1693226658083,8,3,5
52949,1693226658083,1692254393843,1692254393846,1693226658090,7,3,4
52950,1693226658090,1692254393850,1692254393852,1693226658096,6,2,4
52951,1693226658096,1692254393856,1692254393860,1693226658104,8,4,4
52952,1693226658104,1692254393864,1692254393868,1693226658112,8,4,4
52953,1693226658112,1692254393872,1692254393876,1693226658120,8,4,4
52954,1693226658120,1692254393880,1692254393884,1693226658128,8,4,4
52955,1693226658128,1692254393889,1692254393892,1693226658137,9,3,6
52956,1693226658137,1692254393897,1692254393900,1693226658145,8,3,5
52957,1693226658145,1692254393905,1692254393907,1693226658152,7,2,5
52958,1693226658152,1692254393912,1692254393918,1693226658162,10,6,4
52959,1693226658162,1692254393922,1692254393925,1693226658169,7,3,4
52960,1693226658169,1692254393929,1692254393932,1693226658176,7,3,4
52961,1693226658176,1692254393937,1692254393940,1693226658184,8,3,5
52962,1693226658184,1692254393945,1692254393949,1693226658193,9,4,5
52963,1693226658193,1692254393954,1692254393957,1693226658201,8,3,5
52964,1693226658202,1692254393961,1692254393965,1693226658209,7,4,3
52965,1693226658209,1692254393968,1692254393973,1693226658217,8,5,3
52966,1693226658217,1692254393979,1692254393983,1693226658227,10,4,6
52967,1693226658227,1692254393988,1692254393991,1693226658235,8,3,5
52968,1693226658235,1692254393996,1692254393998,1693226658243,8,2,6
52969,1693226658243,1692254394003,1692254394006,1693226658251,8,3,5
52970,1693226658251,1692254394010,1692254394014,1693226658259,8,4,4
52971,1693226658259,1692254394019,1692254394023,1693226658267,8,4,4
52972,1693226658267,1692254394026,1692254394029,1693226658274,7,3,4
52973,1693226658274,1692254394034,1692254394037,1693226658281,7,3,4
52974,1693226658281,1692254394042,1692254394045,1693226658289,8,3,5
52975,1693226658289,1692254394056,1692254394059,1693226658304,15,3,12
52976,1693226658304,1692254394064,1692254394067,1693226658312,8,3,5
52977,1693226658312,1692254394077,1692254394081,1693226658326,14,4,10
52978,1693226658326,1692254394085,1692254394088,1693226658332,6,3,3
52979,1693226658332,1692254394092,1692254394095,1693226658339,7,3,4
52980,1693226658339,1692254394100,1692254394103,1693226658347,8,3,5
52981,1693226658347,1692254394107,1692254394111,1693226658355,8,4,4
52982,1693226658355,1692254394115,1692254394117,1693226658361,6,2,4
52983,1693226658361,1692254394121,1692254394124,1693226658368,7,3,4
52984,1693226658368,1692254394128,1692254394131,1693226658376,8,3,5
52985,1693226658376,1692254394136,1692254394139,1693226658383,7,3,4
52986,1693226658383,1692254394143,1692254394147,1693226658392,9,4,5
52987,1693226658392,1692254394153,1692254394156,1693226658401,9,3,6
52988,1693226658401,1692254394161,1692254394164,1693226658408,7,3,4
52989,1693226658408,1692254394168,1692254394172,1693226658417,9,4,5
52990,1693226658417,1692254394177,1692254394180,1693226658426,9,3,6
52991,1693226658426,1692254394186,1692254394189,1693226658434,8,3,5
52992,1693226658434,1692254394194,1692254394197,1693226658442,8,3,5
52993,1693226658442,1692254394202,1692254394205,1693226658450,8,3,5
52994,1693226658450,1692254394210,1692254394213,1693226658458,8,3,5
52995,1693226658458,1692254394218,1692254394221,1693226658466,8,3,5
52996,1693226658466,1692254394226,1692254394230,1693226658475,9,4,5
52997,1693226658475,1692254394235,1692254394238,1693226658482,7,3,4
52998,1693226658482,1692254394243,1692254394246,1693226658490,8,3,5
52999,1693226658490,1692254394253,1692254394257,1693226658501,11,4,7
53000,1693226658501,1692254394262,1692254394265,1693226658510,9,3,6
53001,1693226658510,1692254394270,1692254394273,1693226658517,7,3,4
53002,1693226658517,1692254394277,1692254394282,1693226658529,12,5,7
53003,1693226658529,1692254394290,1692254394293,1693226658537,8,3,5
53004,1693226658537,1692254394297,1692254394301,1693226658546,9,4,5
53005,1693226658546,1692254394306,1692254394308,1693226658553,7,2,5
53006,1693226658553,1692254394314,1692254394317,1693226658562,9,3,6
53007,1693226658562,1692254394322,1692254394325,1693226658570,8,3,5
53008,1693226658570,1692254394330,1692254394334,1693226658579,9,4,5
53009,1693226658579,1692254394338,1692254394341,1693226658586,7,3,4
53010,1693226658586,1692254394350,1692254394354,1693226658598,12,4,8
53011,1693226658598,1692254394359,1692254394362,1693226658606,8,3,5
53012,1693226658606,1692254394366,1692254394369,1693226658613,7,3,4
53013,1693226658613,1692254394373,1692254394377,1693226658621,8,4,4
53014,1693226658621,1692254394381,1692254394385,1693226658631,10,4,6
53015,1693226658631,1692254394390,1692254394394,1693226658639,8,4,4
53016,1693226658639,1692254394399,1692254394402,1693226658646,7,3,4
53017,1693226658646,1692254394407,1692254394410,1693226658654,8,3,5
53018,1693226658654,1692254394414,1692254394417,1693226658661,7,3,4
53019,1693226658661,1692254394421,1692254394424,1693226658668,7,3,4
53020,1693226658668,1692254394428,1692254394432,1693226658677,9,4,5
53021,1693226658677,1692254394437,1692254394441,1693226658685,8,4,4
53022,1693226658685,1692254394445,1692254394449,1693226658694,9,4,5
53023,1693226658694,1692254394454,1692254394456,1693226658701,7,2,5
53024,1693226658701,1692254394460,1692254394463,1693226658707,6,3,3
53025,1693226658707,1692254394467,1692254394471,1693226658715,8,4,4
53026,1693226658715,1692254394476,1692254394479,1693226658723,8,3,5
53027,1693226658723,1692254394483,1692254394488,1693226658734,11,5,6
53028,1693226658734,1692254394495,1692254394498,1693226658743,9,3,6
53029,1693226658743,1692254394502,1692254394505,1693226658749,6,3,3
53030,1693226658749,1692254394509,1692254394513,1693226658757,8,4,4
53031,1693226658757,1692254394518,1692254394520,1693226658765,8,2,6
53032,1693226658765,1692254394525,1692254394528,1693226658772,7,3,4
53033,1693226658772,1692254394532,1692254394535,1693226658779,7,3,4
53034,1693226658779,1692254394539,1692254394542,1693226658787,8,3,5
53035,1693226658787,1692254394547,1692254394550,1693226658794,7,3,4
53036,1693226658794,1692254394554,1692254394557,1693226658802,8,3,5
53037,1693226658802,1692254394562,1692254394567,1693226658812,10,5,5
53038,1693226658812,1692254394572,1692254394576,1693226658820,8,4,4
53039,1693226658820,1692254394580,1692254394583,1693226658827,7,3,4
53040,1693226658827,1692254394588,1692254394591,1693226658838,11,3,8
53041,1693226658838,1692254394602,1692254394609,1693226658853,15,7,8
53042,1693226658853,1692254394613,1692254394616,1693226658975,122,3,119
53043,1693226658975,1692254394735,1692254394738,1693226658982,7,3,4
53044,1693226658982,1692254394743,1692254394746,1693226658991,9,3,6
53045,1693226658991,1692254394751,1692254394754,1693226658998,7,3,4
53046,1693226658998,1692254394758,1692254394761,1693226659006,8,3,5
53047,1693226659006,1692254394766,1692254394769,1693226659013,7,3,4
53048,1693226659013,1692254394772,1692254394775,1693226659020,7,3,4
53049,1693226659020,1692254394780,1692254394783,1693226659027,7,3,4
53050,1693226659027,1692254394787,1692254394791,1693226659035,8,4,4
53051,1693226659035,1692254394795,1692254394798,1693226659042,7,3,4
53052,1693226659043,1692254394803,1692254394806,1693226659050,7,3,4
53053,1693226659050,1692254394810,1692254394814,1693226659058,8,4,4
53054,1693226659058,1692254394819,1692254394822,1693226659066,8,3,5
53055,1693226659067,1692254394829,1692254394832,1693226659077,10,3,7
53056,1693226659077,1692254394837,1692254394840,1693226659085,8,3,5
53057,1693226659085,1692254394845,1692254394848,1693226659093,8,3,5
53058,1693226659093,1692254394853,1692254394856,1693226659100,7,3,4
53059,1693226659100,1692254394860,1692254394862,1693226659107,7,2,5
53060,1693226659107,1692254394868,1692254394872,1693226659116,9,4,5
53061,1693226659116,1692254394877,1692254394880,1693226659125,9,3,6
53062,1693226659125,1692254394885,1692254394889,1693226659133,8,4,4
53063,1693226659133,1692254395132,1692254395136,1693226659380,247,4,243
53064,1693226659380,1692254395140,1692254395142,1693226659387,7,2,5
53065,1693226659387,1692254395147,1692254395151,1693226659395,8,4,4
53066,1693226659395,1692254395155,1692254395158,1693226659402,7,3,4
53067,1693226659403,1692254395163,1692254395166,1693226659410,7,3,4
53068,1693226659410,1692254395170,1692254395173,1693226659417,7,3,4
53069,1693226659417,1692254395177,1692254395180,1693226659424,7,3,4
53070,1693226659424,1692254395184,1692254395188,1693226659432,8,4,4
53071,1693226659432,1692254395192,1692254395195,1693226659439,7,3,4
53072,1693226659440,1692254395200,1692254395202,1693226659447,7,2,5
53073,1693226659447,1692254395217,1692254395392,1693226659636,189,175,14
53074,1693226659636,1692254395396,1692254395400,1693226659644,8,4,4
53075,1693226659644,1692254395404,1692254395407,1693226659652,8,3,5
53076,1693226659652,1692254395413,1692254395417,1693226659661,9,4,5
53077,1693226659661,1692254395422,1692254395424,1693226659668,7,2,5
53078,1693226659668,1692254395428,1692254395432,1693226659676,8,4,4
53079,1693226659676,1692254395435,1692254395438,1693226659683,7,3,4
53080,1693226659683,1692254395443,1692254395447,1693226659691,8,4,4
53081,1693226659691,1692254395451,1692254395454,1693226659698,7,3,4
53082,1693226659698,1692254395458,1692254395461,1693226659706,8,3,5
53083,1693226659706,1692254395466,1692254395468,1693226659713,7,2,5
53084,1693226659713,1692254395472,1692254395475,1693226659720,7,3,4
53085,1693226659720,1692254395481,1692254395486,1693226659730,10,5,5
53086,1693226659730,1692254395489,1692254395492,1693226659737,7,3,4
53087,1693226659737,1692254395497,1692254395500,1693226659745,8,3,5
53088,1693226659745,1692254395505,1692254395508,1693226659752,7,3,4
53089,1693226659752,1692254395512,1692254395516,1693226659760,8,4,4
53090,1693226659760,1692254395520,1692254395523,1693226659767,7,3,4
53091,1693226659767,1692254395527,1692254395530,1693226659775,8,3,5
53092,1693226659775,1692254395535,1692254395538,1693226659782,7,3,4
53093,1693226659782,1692254395542,1692254395546,1693226659790,8,4,4
53094,1693226659790,1692254395550,1692254395553,1693226659797,7,3,4
53095,1693226659797,1692254395557,1692254395560,1693226659804,7,3,4
53096,1693226659804,1692254395564,1692254395567,1693226659811,7,3,4
53097,1693226659811,1692254395571,1692254395574,1693226659818,7,3,4
53098,1693226659818,1692254395580,1692254395584,1693226659828,10,4,6
53099,1693226659828,1692254395588,1692254395591,1693226659835,7,3,4
53100,1693226659836,1692254395595,1692254395598,1693226659842,6,3,3
53101,1693226659842,1692254395602,1692254395605,1693226659849,7,3,4
53102,1693226659849,1692254395609,1692254395612,1693226659856,7,3,4
53103,1693226659856,1692254395618,1692254395621,1693226659865,9,3,6
53104,1693226659865,1692254395625,1692254395629,1693226659873,8,4,4
53105,1693226659874,1692254395634,1692254395637,1693226659881,7,3,4
53106,1693226659881,1692254395640,1692254395643,1693226659888,7,3,4
53107,1693226659888,1692254395656,1692254395660,1693226659904,16,4,12
53108,1693226659904,1692254395665,1692254395670,1693226659914,10,5,5
53109,1693226659914,1692254395674,1692254395677,1693226659921,7,3,4
53110,1693226659921,1692254395681,1692254395684,1693226659928,7,3,4
53111,1693226659928,1692254395688,1692254395691,1693226659936,8,3,5
53112,1693226659936,1692254395696,1692254395700,1693226659944,8,4,4
53113,1693226659944,1692254395704,1692254395707,1693226659951,7,3,4
53114,1693226659951,1692254395711,1692254395715,1693226659959,8,4,4
53115,1693226659959,1692254395720,1692254395724,1693226659968,9,4,5
53116,1693226659968,1692254395728,1692254395731,1693226659976,8,3,5
53117,1693226659976,1692254395736,1692254395739,1693226659983,7,3,4
53118,1693226659983,1692254395743,1692254395745,1693226659989,6,2,4
53119,1693226659989,1692254395750,1692254395753,1693226659997,8,3,5
53120,1693226659997,1692254395757,1692254395761,1693226660005,8,4,4
53121,1693226660005,1692254395765,1692254395768,1693226660012,7,3,4
53122,1693226660012,1692254395772,1692254395775,1693226660020,8,3,5
53123,1693226660020,1692254395780,1692254395783,1693226660027,7,3,4
53124,1693226660027,1692254395788,1692254395792,1693226660037,10,4,6
53125,1693226660037,1692254395798,1692254395802,1693226660046,9,4,5
53126,1693226660046,1692254395807,1692254395809,1693226660054,8,2,6
53127,1693226660054,1692254395815,1692254395819,1693226660065,11,4,7
53128,1693226660065,1692254395827,1692254395830,1693226660074,9,3,6
53129,1693226660075,1692254395835,1692254395840,1693226660091,16,5,11
53130,1693226660091,1692254395851,1692254395855,1693226660099,8,4,4
53131,1693226660099,1692254395859,1692254395862,1693226660106,7,3,4
53132,1693226660106,1692254395866,1692254395870,1693226660114,8,4,4
53133,1693226660114,1692254395874,1692254395878,1693226660122,8,4,4
53134,1693226660122,1692254395883,1692254395886,1693226660131,9,3,6
53135,1693226660131,1692254395890,1692254395893,1693226660137,6,3,3
53136,1693226660137,1692254395897,1692254395900,1693226660145,8,3,5
53137,1693226660145,1692254395905,1692254395908,1693226660153,8,3,5
53138,1693226660153,1692254395913,1692254395917,1693226660161,8,4,4
53139,1693226660161,1692254395921,1692254395924,1693226660168,7,3,4
53140,1693226660168,1692254395929,1692254395932,1693226660176,8,3,5
53141,1693226660176,1692254395936,1692254395940,1693226660184,8,4,4
53142,1693226660184,1692254395945,1692254395948,1693226660192,8,3,5
53143,1693226660192,1692254395952,1692254395956,1693226660200,8,4,4
53144,1693226660200,1692254395961,1692254395964,1693226660208,8,3,5
53145,1693226660208,1692254395969,1692254395972,1693226660216,8,3,5
53146,1693226660216,1692254395977,1692254395980,1693226660225,9,3,6
53147,1693226660225,1692254395985,1692254395989,1693226660233,8,4,4
53148,1693226660233,1692254395993,1692254395996,1693226660240,7,3,4
53149,1693226660240,1692254396000,1692254396003,1693226660248,8,3,5
53150,1693226660248,1692254396008,1692254396011,1693226660255,7,3,4
53151,1693226660255,1692254396015,1692254396018,1693226660263,8,3,5
53152,1693226660263,1692254396022,1692254396025,1693226660269,6,3,3
53153,1693226660269,1692254396029,1692254396032,1693226660276,7,3,4
53154,1693226660276,1692254396036,1692254396040,1693226660284,8,4,4
53155,1693226660284,1692254396043,1692254396047,1693226660291,7,4,3
53156,1693226660291,1692254396050,1692254396054,1693226660298,7,4,3
53157,1693226660298,1692254396058,1692254396061,1693226660305,7,3,4
53158,1693226660305,1692254396066,1692254396069,1693226660313,8,3,5
53159,1693226660313,1692254396073,1692254396076,1693226660320,7,3,4
53160,1693226660320,1692254396081,1692254396084,1693226660328,8,3,5
53161,1693226660328,1692254396087,1692254396090,1693226660334,6,3,3
53162,1693226660334,1692254396094,1692254396097,1693226660341,7,3,4
53163,1693226660341,1692254396103,1692254396106,1693226660350,9,3,6
53164,1693226660350,1692254396112,1692254396115,1693226660360,10,3,7
53165,1693226660360,1692254396121,1692254396125,1693226660371,11,4,7
53166,1693226660371,1692254396131,1692254396134,1693226660378,7,3,4
53167,1693226660379,1692254396139,1692254396143,1693226660387,8,4,4
53168,1693226660387,1692254396147,1692254396151,1693226660395,8,4,4
53169,1693226660395,1692254396155,1692254396159,1693226660403,8,4,4
53170,1693226660403,1692254396163,1692254396166,1693226660411,8,3,5
53171,1693226660411,1692254396171,1692254396176,1693226660420,9,5,4
53172,1693226660420,1692254396180,1692254396184,1693226660428,8,4,4
53173,1693226660428,1692254396188,1692254396192,1693226660436,8,4,4
53174,1693226660436,1692254396196,1692254396199,1693226660444,8,3,5
53175,1693226660444,1692254396204,1692254396207,1693226660451,7,3,4
53176,1693226660451,1692254396211,1692254396215,1693226660459,8,4,4
53177,1693226660459,1692254396219,1692254396222,1693226660467,8,3,5
53178,1693226660467,1692254396227,1692254396230,1693226660475,8,3,5
53179,1693226660475,1692254396235,1692254396238,1693226660482,7,3,4
53180,1693226660482,1692254396242,1692254396245,1693226660490,8,3,5
53181,1693226660490,1692254396250,1692254396253,1693226660497,7,3,4
53182,1693226660497,1692254396256,1692254396259,1693226660504,7,3,4
53183,1693226660504,1692254396264,1692254396268,1693226660513,9,4,5
53184,1693226660513,1692254396273,1692254396276,1693226660520,7,3,4
53185,1693226660520,1692254396280,1692254396284,1693226660528,8,4,4
53186,1693226660528,1692254396288,1692254396292,1693226660536,8,4,4
53187,1693226660536,1692254396295,1692254396299,1693226660543,7,4,3
53188,1693226660543,1692254396303,1692254396307,1693226660551,8,4,4
53189,1693226660551,1692254396311,1692254396314,1693226660559,8,3,5
53190,1693226660559,1692254396319,1692254396322,1693226660567,8,3,5
53191,1693226660567,1692254396327,1692254396330,1693226660576,9,3,6
53192,1693226660576,1692254396336,1692254396339,1693226660583,7,3,4
53193,1693226660583,1692254396343,1692254396346,1693226660590,7,3,4
53194,1693226660590,1692254396350,1692254396353,1693226660597,7,3,4
53195,1693226660597,1692254396362,1692254396365,1693226660610,13,3,10
53196,1693226660610,1692254396370,1692254396374,1693226660618,8,4,4
53197,1693226660618,1692254396378,1692254396381,1693226660625,7,3,4
53198,1693226660625,1692254396386,1692254396389,1693226660633,8,3,5
53199,1693226660633,1692254396393,1692254396396,1693226660641,8,3,5
53200,1693226660641,1692254396402,1692254396405,1693226660650,9,3,6
53201,1693226660650,1692254396413,1692254396416,1693226660661,11,3,8
53202,1693226660661,1692254396421,1692254396424,1693226660669,8,3,5
53203,1693226660669,1692254396430,1692254396433,1693226660679,10,3,7
53204,1693226660679,1692254396440,1692254396443,1693226660687,8,3,5
53205,1693226660687,1692254396448,1692254396451,1693226660696,9,3,6
53206,1693226660696,1692254396457,1692254396461,1693226660706,10,4,6
53207,1693226660706,1692254396466,1692254396469,1693226660713,7,3,4
53208,1693226660713,1692254396474,1692254396477,1693226660722,9,3,6
53209,1693226660722,1692254396482,1692254396485,1693226660730,8,3,5
53210,1693226660730,1692254396490,1692254396493,1693226660738,8,3,5
53211,1693226660738,1692254396498,1692254396501,1693226660745,7,3,4
53212,1693226660745,1692254396506,1692254396509,1693226660753,8,3,5
53213,1693226660753,1692254396514,1692254396520,1693226660764,11,6,5
53214,1693226660764,1692254396524,1692254396527,1693226660772,8,3,5
53215,1693226660772,1692254396531,1692254396534,1693226660782,10,3,7
53216,1693226660783,1692254396543,1692254396547,1693226660791,8,4,4
53217,1693226660791,1692254396551,1692254396554,1693226660798,7,3,4
53218,1693226660798,1692254396558,1692254396561,1693226660805,7,3,4
53219,1693226660805,1692254396565,1692254396568,1693226660812,7,3,4
53220,1693226660812,1692254396572,1692254396575,1693226660820,8,3,5
53221,1693226660820,1692254396580,1692254396583,1693226660827,7,3,4
53222,1693226660827,1692254396588,1692254396591,1693226660835,8,3,5
53223,1693226660835,1692254396596,1692254396599,1693226660844,9,3,6
53224,1693226660844,1692254396604,1692254396606,1693226660851,7,2,5
53225,1693226660851,1692254396612,1692254396616,1693226660860,9,4,5
53226,1693226660860,1692254396621,1692254396625,1693226660869,9,4,5
53227,1693226660869,1692254396628,1692254396631,1693226660875,6,3,3
53228,1693226660875,1692254396637,1692254396641,1693226660885,10,4,6
53229,1693226660885,1692254396646,1692254396649,1693226660894,9,3,6
53230,1693226660894,1692254396654,1692254396656,1693226660901,7,2,5
53231,1693226660901,1692254396661,1692254396665,1693226660909,8,4,4
53232,1693226660909,1692254396669,1692254396672,1693226660916,7,3,4
53233,1693226660916,1692254396678,1692254396681,1693226660925,9,3,6
53234,1693226660925,1692254396684,1692254396688,1693226660932,7,4,3
53235,1693226660932,1692254396692,1692254396695,1693226660939,7,3,4
53236,1693226660939,1692254396700,1692254396703,1693226660947,8,3,5
53237,1693226660947,1692254396706,1692254396709,1693226660953,6,3,3
53238,1693226660953,1692254396713,1692254396716,1693226660960,7,3,4
53239,1693226660960,1692254396720,1692254396723,1693226660967,7,3,4
53240,1693226660967,1692254396727,1692254396731,1693226660975,8,4,4
53241,1693226660975,1692254396735,1692254396739,1693226660983,8,4,4
53242,1693226660983,1692254396744,1692254396747,1693226660991,8,3,5
53243,1693226660991,1692254396751,1692254396754,1693226660998,7,3,4
53244,1693226660998,1692254396758,1692254396760,1693226661005,7,2,5
53245,1693226661005,1692254396766,1692254396769,1693226661013,8,3,5
53246,1693226661013,1692254396774,1692254396777,1693226661021,8,3,5
53247,1693226661021,1692254396781,1692254396784,1693226661028,7,3,4
53248,1693226661028,1692254396788,1692254396793,1693226661037,9,5,4
53249,1693226661037,1692254396797,1692254396800,1693226661045,8,3,5
53250,1693226661045,1692254396805,1692254396810,1693226661054,9,5,4
53251,1693226661054,1692254396816,1692254396819,1693226661064,10,3,7
53252,1693226661064,1692254396824,1692254396827,1693226661071,7,3,4
53253,1693226661071,1692254396831,1692254396834,1693226661078,7,3,4
53254,1693226661078,1692254396839,1692254396842,1693226661089,11,3,8
53255,1693226661089,1692254396849,1692254396853,1693226661099,10,4,6
53256,1693226661099,1692254396860,1692254396864,1693226661108,9,4,5
53257,1693226661108,1692254396870,1692254396873,1693226661117,9,3,6
53258,1693226661117,1692254396877,1692254396880,1693226661124,7,3,4
53259,1693226661124,1692254396884,1692254396888,1693226661132,8,4,4
53260,1693226661132,1692254396892,1692254396895,1693226661139,7,3,4
53261,1693226661139,1692254396899,1692254396902,1693226661146,7,3,4
53262,1693226661146,1692254396905,1692254396908,1693226661152,6,3,3
53263,1693226661152,1692254396912,1692254396915,1693226661159,7,3,4
53264,1693226661159,1692254396919,1692254396922,1693226661167,8,3,5
53265,1693226661167,1692254396927,1692254396930,1693226661175,8,3,5
53266,1693226661175,1692254396935,1692254396938,1693226661182,7,3,4
53267,1693226661182,1692254396942,1692254396946,1693226661191,9,4,5
53268,1693226661191,1692254396950,1692254396953,1693226661197,6,3,3
53269,1693226661197,1692254396957,1692254396960,1693226661205,8,3,5
53270,1693226661205,1692254396965,1692254396968,1693226661213,8,3,5
53271,1693226661213,1692254396973,1692254396976,1693226661221,8,3,5
53272,1693226661221,1692254396984,1692254396987,1693226661231,10,3,7
53273,1693226661231,1692254396992,1692254396994,1693226661239,8,2,6
53274,1693226661239,1692254397001,1692254397004,1693226661249,10,3,7
53275,1693226661249,1692254397011,1692254397016,1693226661260,11,5,6
53276,1693226661260,1692254397020,1692254397024,1693226661268,8,4,4
53277,1693226661268,1692254397028,1692254397032,1693226661276,8,4,4
53278,1693226661276,1692254397036,1692254397040,1693226661284,8,4,4
53279,1693226661284,1692254397044,1692254397047,1693226661293,9,3,6
53280,1693226661294,1692254397054,1692254397057,1693226661301,7,3,4
53281,1693226661301,1692254397062,1692254397065,1693226661309,8,3,5
53282,1693226661309,1692254397069,1692254397072,1693226661316,7,3,4
53283,1693226661316,1692254397076,1692254397079,1693226661323,7,3,4
53284,1693226661323,1692254397083,1692254397087,1693226661331,8,4,4
53285,1693226661331,1692254397092,1692254397095,1693226661339,8,3,5
53286,1693226661339,1692254397100,1692254397104,1693226661348,9,4,5
53287,1693226661348,1692254397108,1692254397111,1693226661355,7,3,4
53288,1693226661355,1692254397115,1692254397118,1693226661362,7,3,4
53289,1693226661362,1692254397122,1692254397125,1693226661369,7,3,4
53290,1693226661369,1692254397129,1692254397133,1693226661377,8,4,4
53291,1693226661377,1692254397137,1692254397140,1693226661385,8,3,5
53292,1693226661385,1692254397145,1692254397148,1693226661392,7,3,4
53293,1693226661392,1692254397159,1692254397162,1693226661406,14,3,11
53294,1693226661407,1692254397166,1692254397170,1693226661414,7,4,3
53295,1693226661414,1692254397174,1692254397177,1693226661422,8,3,5
53296,1693226661422,1692254397182,1692254397185,1693226661429,7,3,4
53297,1693226661429,1692254397190,1692254397193,1693226661437,8,3,5
53298,1693226661437,1692254397197,1692254397200,1693226661444,7,3,4
53299,1693226661444,1692254397205,1692254397208,1693226661452,8,3,5
53300,1693226661452,1692254397213,1692254397216,1693226661460,8,3,5
53301,1693226661460,1692254397222,1692254397225,1693226661470,10,3,7
53302,1693226661470,1692254397230,1692254397233,1693226661477,7,3,4
53303,1693226661477,1692254397238,1692254397241,1693226661485,8,3,5
53304,1693226661485,1692254397246,1692254397249,1693226661493,8,3,5
53305,1693226661493,1692254397256,1692254397259,1693226661504,11,3,8
53306,1693226661504,1692254397264,1692254397267,1693226661511,7,3,4
53307,1693226661511,1692254397271,1692254397275,1693226661519,8,4,4
53308,1693226661519,1692254397279,1692254397282,1693226661526,7,3,4
53309,1693226661526,1692254397286,1692254397290,1693226661534,8,4,4
53310,1693226661534,1692254397294,1692254397297,1693226661541,7,3,4
53311,1693226661541,1692254397303,1692254397307,1693226661551,10,4,6
53312,1693226661551,1692254397312,1692254397315,1693226661559,8,3,5
53313,1693226661559,1692254397319,1692254397322,1693226661567,8,3,5
53314,1693226661567,1692254397329,1692254397332,1693226661577,10,3,7
53315,1693226661577,1692254397337,1692254397340,1693226661584,7,3,4
53316,1693226661584,1692254397345,1692254397348,1693226661592,8,3,5
53317,1693226661592,1692254397353,1692254397355,1693226661601,9,2,7
53318,1693226661601,1692254397362,1692254397365,1693226661610,9,3,6
53319,1693226661610,1692254397370,1692254397373,1693226661618,8,3,5
53320,1693226661618,1692254397379,1692254397382,1693226661626,8,3,5
53321,1693226661626,1692254397388,1692254397392,1693226661636,10,4,6
53322,1693226661636,1692254397397,1692254397401,1693226661645,9,4,5
53323,1693226661645,1692254397406,1692254397409,1693226661653,8,3,5
53324,1693226661653,1692254397413,1692254397416,1693226661660,7,3,4
53325,1693226661660,1692254397420,1692254397423,1693226661668,8,3,5
53326,1693226661668,1692254397428,1692254397432,1693226661676,8,4,4
53327,1693226661676,1692254397437,1692254397441,1693226661685,9,4,5
53328,1693226661685,1692254397444,1692254397448,1693226661692,7,4,3
53329,1693226661692,1692254397452,1692254397455,1693226661700,8,3,5
53330,1693226661700,1692254397461,1692254397464,1693226661709,9,3,6
53331,1693226661709,1692254397469,1692254397472,1693226661717,8,3,5
53332,1693226661717,1692254397477,1692254397481,1693226661725,8,4,4
53333,1693226661725,1692254397485,1692254397488,1693226661733,8,3,5
53334,1693226661733,1692254397492,1692254397495,1693226661739,6,3,3
53335,1693226661739,1692254397500,1692254397503,1693226661748,9,3,6
53336,1693226661748,1692254397508,1692254397511,1693226661755,7,3,4
53337,1693226661755,1692254397515,1692254397519,1693226661763,8,4,4
53338,1693226661763,1692254397523,1692254397527,1693226661771,8,4,4
53339,1693226661771,1692254397533,1692254397536,1693226661780,9,3,6
53340,1693226661780,1692254397540,1692254397543,1693226661787,7,3,4
53341,1693226661787,1692254397547,1692254397550,1693226661794,7,3,4
53342,1693226661794,1692254397555,1692254397558,1693226661802,8,3,5
53343,1693226661802,1692254397563,1692254397566,1693226661810,8,3,5
53344,1693226661811,1692254397571,1692254397573,1693226661817,6,2,4
53345,1693226661817,1692254397578,1692254397581,1693226661826,9,3,6
53346,1693226661826,1692254397586,1692254397589,1693226661833,7,3,4
53347,1693226661833,1692254397594,1692254397598,1693226661842,9,4,5
53348,1693226661842,1692254397602,1692254397606,1693226661850,8,4,4
53349,1693226661850,1692254397609,1692254397612,1693226661856,6,3,3
53350,1693226661856,1692254397619,1692254397623,1693226661867,11,4,7
53351,1693226661867,1692254397626,1692254397629,1693226661874,7,3,4
53352,1693226661874,1692254397639,1692254397643,1693226661890,16,4,12
53353,1693226661890,1692254397650,1692254397653,1693226661898,8,3,5
53354,1693226661898,1692254397659,1692254397662,1693226661909,11,3,8
53355,1693226661909,1692254397669,1692254397672,1693226661916,7,3,4
53356,1693226661916,1692254397676,1692254397681,1693226661925,9,5,4
53357,1693226661925,1692254397685,1692254397689,1693226661933,8,4,4
53358,1693226661933,1692254397693,1692254397696,1693226661940,7,3,4
53359,1693226661940,1692254397700,1692254397704,1693226661948,8,4,4
53360,1693226661948,1692254397708,1692254397711,1693226661955,7,3,4
53361,1693226661955,1692254397715,1692254397718,1693226661962,7,3,4
53362,1693226661962,1692254397722,1692254397726,1693226661970,8,4,4
53363,1693226661970,1692254397730,1692254397733,1693226661978,8,3,5
53364,1693226661978,1692254397738,1692254397741,1693226661985,7,3,4
53365,1693226661985,1692254397746,1692254397749,1693226661994,9,3,6
53366,1693226661994,1692254397754,1692254397758,1693226662002,8,4,4
53367,1693226662002,1692254397764,1692254397767,1693226662011,9,3,6
53368,1693226662011,1692254397771,1692254397774,1693226662018,7,3,4
53369,1693226662018,1692254397779,1692254397782,1693226662026,8,3,5
53370,1693226662026,1692254397788,1692254397791,1693226662035,9,3,6
53371,1693226662035,1692254397795,1692254397798,1693226662042,7,3,4
53372,1693226662043,1692254397802,1692254397805,1693226662050,7,3,4
53373,1693226662050,1692254397810,1692254397813,1693226662057,7,3,4
53374,1693226662057,1692254397817,1692254397820,1693226662064,7,3,4
53375,1693226662064,1692254397825,1692254397828,1693226662072,8,3,5
53376,1693226662073,1692254397833,1692254397836,1693226662080,7,3,4
53377,1693226662080,1692254397840,1692254397843,1693226662088,8,3,5
53378,1693226662088,1692254397848,1692254397851,1693226662095,7,3,4
53379,1693226662095,1692254397855,1692254397857,1693226662101,6,2,4
53380,1693226662102,1692254397862,1692254397865,1693226662109,7,3,4
53381,1693226662109,1692254397871,1692254397876,1693226662120,11,5,6
53382,1693226662120,1692254397880,1692254397885,1693226662130,10,5,5
53383,1693226662130,1692254397890,1692254397894,1693226662138,8,4,4
53384,1693226662138,1692254397903,1692254397906,1693226662151,13,3,10
53385,1693226662151,1692254397910,1692254397914,1693226662158,7,4,3
53386,1693226662158,1692254397925,1692254397928,1693226662173,15,3,12
53387,1693226662173,1692254397933,1692254397936,1693226662181,8,3,5
53388,1693226662181,1692254397943,1692254397946,1693226662190,9,3,6
53389,1693226662191,1692254397950,1692254397953,1693226662197,6,3,3
53390,1693226662197,1692254397957,1692254397960,1693226662204,7,3,4
53391,1693226662204,1692254397965,1692254397967,1693226662212,8,2,6
53392,1693226662212,1692254397973,1692254397976,1693226662221,9,3,6
53393,1693226662221,1692254397980,1692254397984,1693226662228,7,4,3
53394,1693226662228,1692254397988,1692254397992,1693226662236,8,4,4
53395,1693226662236,1692254397996,1692254398000,1693226662245,9,4,5
53396,1693226662245,1692254398006,1692254398009,1693226662253,8,3,5
53397,1693226662253,1692254398014,1692254398017,1693226662261,8,3,5
53398,1693226662261,1692254398021,1692254398024,1693226662268,7,3,4
53399,1693226662268,1692254398028,1692254398032,1693226662276,8,4,4
53400,1693226662276,1692254398036,1692254398040,1693226662284,8,4,4
53401,1693226662284,1692254398044,1692254398047,1693226662291,7,3,4
53402,1693226662291,1692254398051,1692254398054,1693226662299,8,3,5
53403,1693226662299,1692254398058,1692254398061,1693226662305,6,3,3
53404,1693226662305,1692254398065,1692254398068,1693226662312,7,3,4
53405,1693226662312,1692254398075,1692254398078,1693226662323,11,3,8
53406,1693226662323,1692254398083,1692254398086,1693226662331,8,3,5
53407,1693226662331,1692254398091,1692254398094,1693226662338,7,3,4
53408,1693226662338,1692254398098,1692254398101,1693226662345,7,3,4
53409,1693226662345,1692254398105,1692254398108,1693226662353,8,3,5
53410,1693226662353,1692254398113,1692254398117,1693226662362,9,4,5
53411,1693226662362,1692254398122,1692254398125,1693226662369,7,3,4
53412,1693226662369,1692254398129,1692254398132,1693226662377,8,3,5
53413,1693226662377,1692254398137,1692254398140,1693226662384,7,3,4
53414,1693226662384,1692254398145,1692254398148,1693226662392,8,3,5
53415,1693226662392,1692254398152,1692254398155,1693226662399,7,3,4
53416,1693226662400,1692254398160,1692254398163,1693226662407,7,3,4
53417,1693226662407,1692254398168,1692254398171,1693226662415,8,3,5
53418,1693226662415,1692254398178,1692254398182,1693226662426,11,4,7
53419,1693226662426,1692254398186,1692254398188,1693226662433,7,2,5
53420,1693226662433,1692254398192,1692254398195,1693226662440,7,3,4
53421,1693226662440,1692254398200,1692254398203,1693226662447,7,3,4
53422,1693226662447,1692254398207,1692254398211,1693226662455,8,4,4
53423,1693226662455,1692254398215,1692254398218,1693226662462,7,3,4
53424,1693226662462,1692254398222,1692254398225,1693226662470,8,3,5
53425,1693226662470,1692254398230,1692254398233,1693226662478,8,3,5
53426,1693226662478,1692254398238,1692254398241,1693226662486,8,3,5
53427,1693226662486,1692254398246,1692254398249,1693226662493,7,3,4
53428,1693226662493,1692254398254,1692254398258,1693226662502,9,4,5
53429,1693226662502,1692254398262,1692254398265,1693226662509,7,3,4
53430,1693226662509,1692254398269,1692254398272,1693226662517,8,3,5
53431,1693226662517,1692254398276,1692254398279,1693226662524,7,3,4
53432,1693226662524,1692254398284,1692254398287,1693226662531,7,3,4
53433,1693226662531,1692254398291,1692254398295,1693226662539,8,4,4
53434,1693226662539,1692254398299,1692254398302,1693226662546,7,3,4
53435,1693226662546,1692254398306,1692254398309,1693226662554,8,3,5
53436,1693226662554,1692254398315,1692254398318,1693226662563,9,3,6
53437,1693226662563,1692254398322,1692254398326,1693226662570,7,4,3
53438,1693226662570,1692254398330,1692254398333,1693226662578,8,3,5
53439,1693226662578,1692254398338,1692254398340,1693226662585,7,2,5
53440,1693226662585,1692254398345,1692254398348,1693226662592,7,3,4
53441,1693226662592,1692254398352,1692254398355,1693226662599,7,3,4
53442,1693226662599,1692254398359,1692254398362,1693226662606,7,3,4
53443,1693226662606,1692254398367,1692254398369,1693226662616,10,2,8
53444,1693226662616,1692254398376,1692254398380,1693226662624,8,4,4
53445,1693226662625,1692254398385,1692254398388,1693226662633,8,3,5
53446,1693226662633,1692254398394,1692254398397,1693226662641,8,3,5
53447,1693226662641,1692254398402,1692254398405,1693226662649,8,3,5
53448,1693226662649,1692254398410,1692254398412,1693226662656,7,2,5
53449,1693226662656,1692254398416,1692254398420,1693226662664,8,4,4
53450,1693226662664,1692254398424,1692254398428,1693226662672,8,4,4
53451,1693226662672,1692254398432,1692254398435,1693226662679,7,3,4
53452,1693226662679,1692254398439,1692254398442,1693226662686,7,3,4
53453,1693226662686,1692254398446,1692254398449,1693226662693,7,3,4
53454,1693226662693,1692254398455,1692254398460,1693226662705,12,5,7
53455,1693226662705,1692254398465,1692254398468,1693226662712,7,3,4
53456,1693226662712,1692254398472,1692254398475,1693226662719,7,3,4
53457,1693226662719,1692254398479,1692254398483,1693226662727,8,4,4
53458,1693226662727,1692254398487,1692254398491,1693226662735,8,4,4
53459,1693226662735,1692254398495,1692254398499,1693226662743,8,4,4
53460,1693226662743,1692254398505,1692254398509,1693226662753,10,4,6
53461,1693226662753,1692254398513,1692254398515,1693226662759,6,2,4
53462,1693226662760,1692254398520,1692254398522,1693226662766,6,2,4
53463,1693226662766,1692254398526,1692254398530,1693226662775,9,4,5
53464,1693226662775,1692254398535,1692254398541,1693226662786,11,6,5
53465,1693226662786,1692254398546,1692254398549,1693226662793,7,3,4
53466,1693226662793,1692254398554,1692254398557,1693226662801,8,3,5
53467,1693226662801,1692254398561,1692254398564,1693226662809,8,3,5
53468,1693226662809,1692254398569,1692254398571,1693226662816,7,2,5
53469,1693226662816,1692254398576,1692254398578,1693226662822,6,2,4
53470,1693226662823,1692254398582,1692254398585,1693226662830,7,3,4
53471,1693226662830,1692254398591,1692254398594,1693226662839,9,3,6
53472,1693226662839,1692254398599,1692254398602,1693226662846,7,3,4
53473,1693226662846,1692254398606,1692254398609,1693226662853,7,3,4
53474,1693226662853,1692254398614,1692254398617,1693226662862,9,3,6
53475,1693226662862,1692254398621,1692254398625,1693226662869,7,4,3
53476,1693226662869,1692254398629,1692254398632,1693226662876,7,3,4
53477,1693226662876,1692254398636,1692254398639,1693226662883,7,3,4
53478,1693226662883,1692254398644,1692254398647,1693226662892,9,3,6
53479,1693226662892,1692254398652,1692254398655,1693226662900,8,3,5
53480,1693226662900,1692254398660,1692254398664,1693226662908,8,4,4
53481,1693226662908,1692254398668,1692254398671,1693226662915,7,3,4
53482,1693226662915,1692254398676,1692254398679,1693226662923,8,3,5
53483,1693226662924,1692254398683,1692254398686,1693226662932,8,3,5
53484,1693226662932,1692254398692,1692254398694,1693226662939,7,2,5
53485,1693226662939,1692254398699,1692254398702,1693226662947,8,3,5
53486,1693226662947,1692254398706,1692254398709,1693226662953,6,3,3
53487,1693226662953,1692254398713,1692254398717,1693226662963,10,4,6
53488,1693226662963,1692254398724,1692254398727,1693226662971,8,3,5
53489,1693226662971,1692254398730,1692254398734,1693226662978,7,4,3
53490,1693226662978,1692254398738,1692254398742,1693226662986,8,4,4
53491,1693226662986,1692254398746,1692254398749,1693226662993,7,3,4
53492,1693226662993,1692254398753,1692254398757,1693226663000,7,4,3
53493,1693226663001,1692254398762,1692254398765,1693226663010,9,3,6
53494,1693226663010,1692254398770,1692254398773,1693226663017,7,3,4
53495,1693226663018,1692254398777,1692254398781,1693226663025,7,4,3
53496,1693226663025,1692254398785,1692254398788,1693226663034,9,3,6
53497,1693226663034,1692254398794,1692254398797,1693226663042,8,3,5
53498,1693226663042,1692254398802,1692254398805,1693226663049,7,3,4
53499,1693226663049,1692254398812,1692254398815,1693226663060,11,3,8
53500,1693226663060,1692254398820,1692254398823,1693226663067,7,3,4
53501,1693226663067,1692254398827,1692254398830,1693226663074,7,3,4
53502,1693226663074,1692254398834,1692254398838,1693226663082,8,4,4
53503,1693226663082,1692254398842,1692254398845,1693226663089,7,3,4
53504,1693226663089,1692254398850,1692254398854,1693226663098,9,4,5
53505,1693226663098,1692254398860,1692254398864,1693226663109,11,4,7
53506,1693226663109,1692254398869,1692254398872,1693226663116,7,3,4
53507,1693226663116,1692254398876,1692254398879,1693226663123,7,3,4
53508,1693226663123,1692254398883,1692254398887,1693226663131,8,4,4
53509,1693226663131,1692254398891,1692254398894,1693226663138,7,3,4
53510,1693226663138,1692254398899,1692254398902,1693226663146,8,3,5
53511,1693226663146,1692254398907,1692254398910,1693226663154,8,3,5
53512,1693226663154,1692254398913,1692254398916,1693226663160,6,3,3
53513,1693226663160,1692254398920,1692254398924,1693226663168,8,4,4
53514,1693226663168,1692254398928,1692254398931,1693226663175,7,3,4
53515,1693226663175,1692254398935,1692254398939,1693226663183,8,4,4
53516,1693226663183,1692254398943,1692254398946,1693226663191,8,3,5
53517,1693226663191,1692254398950,1692254398953,1693226663197,6,3,3
53518,1693226663197,1692254398957,1692254398960,1693226663204,7,3,4
53519,1693226663204,1692254398964,1692254398967,1693226663211,7,3,4
53520,1693226663211,1692254398972,1692254398974,1693226663218,7,2,5
53521,1693226663218,1692254398979,1692254398981,1693226663226,8,2,6
53522,1693226663226,1692254398986,1692254398989,1693226663233,7,3,4
53523,1693226663233,1692254398993,1692254398997,1693226663241,8,4,4
53524,1693226663241,1692254399001,1692254399006,1693226663250,9,5,4
53525,1693226663250,1692254399010,1692254399012,1693226663258,8,2,6
53526,1693226663258,1692254399019,1692254399022,1693226663266,8,3,5
53527,1693226663266,1692254399026,1692254399031,1693226663275,9,5,4
53528,1693226663275,1692254399035,1692254399038,1693226663283,8,3,5
53529,1693226663283,1692254399042,1692254399045,1693226663290,7,3,4
53530,1693226663290,1692254399050,1692254399052,1693226663297,7,2,5
53531,1693226663297,1692254399057,1692254399060,1693226663305,8,3,5
53532,1693226663305,1692254399065,1692254399069,1693226663313,8,4,4
53533,1693226663313,1692254399073,1692254399075,1693226663319,6,2,4
53534,1693226663319,1692254399080,1692254399084,1693226663328,9,4,5
53535,1693226663328,1692254399089,1692254399092,1693226663336,8,3,5
53536,1693226663336,1692254399096,1692254399099,1693226663343,7,3,4
53537,1693226663343,1692254399103,1692254399106,1693226663350,7,3,4
53538,1693226663350,1692254399110,1692254399113,1693226663357,7,3,4
53539,1693226663357,1692254399117,1692254399120,1693226663364,7,3,4
53540,1693226663364,1692254399125,1692254399129,1693226663373,9,4,5
53541,1693226663373,1692254399135,1692254399139,1693226663383,10,4,6
53542,1693226663383,1692254399144,1692254399147,1693226663392,9,3,6
53543,1693226663392,1692254399152,1692254399154,1693226663398,6,2,4
53544,1693226663398,1692254399158,1692254399162,1693226663406,8,4,4
53545,1693226663406,1692254399166,1692254399169,1693226663414,8,3,5
53546,1693226663414,1692254399174,1692254399177,1693226663421,7,3,4
53547,1693226663421,1692254399186,1692254399190,1693226663434,13,4,9
53548,1693226663434,1692254399194,1692254399197,1693226663444,10,3,7
53549,1693226663444,1692254399208,1692254399211,1693226663455,11,3,8
53550,1693226663455,1692254399216,1692254399219,1693226663463,8,3,5
53551,1693226663463,1692254399223,1692254399226,1693226663471,8,3,5
53552,1693226663471,1692254399231,1692254399235,1693226663479,8,4,4
53553,1693226663479,1692254399239,1692254399242,1693226663486,7,3,4
53554,1693226663486,1692254399246,1692254399250,1693226663494,8,4,4
53555,1693226663494,1692254399254,1692254399257,1693226663501,7,3,4
53556,1693226663502,1692254399261,1692254399264,1693226663509,7,3,4
53557,1693226663509,1692254399269,1692254399273,1693226663517,8,4,4
53558,1693226663517,1692254399277,1692254399281,1693226663525,8,4,4
53559,1693226663525,1692254399285,1692254399288,1693226663532,7,3,4
53560,1693226663532,1692254399293,1692254399296,1693226663542,10,3,7
53561,1693226663542,1692254399304,1692254399307,1693226663551,9,3,6
53562,1693226663551,1692254399311,1692254399314,1693226663558,7,3,4
53563,1693226663558,1692254399319,1692254399322,1693226663566,8,3,5
53564,1693226663566,1692254399326,1692254399331,1693226663576,10,5,5
53565,1693226663576,1692254399336,1692254399340,1693226663584,8,4,4
53566,1693226663584,1692254399344,1692254399347,1693226663591,7,3,4
53567,1693226663591,1692254399351,1692254399355,1693226663599,8,4,4
53568,1693226663599,1692254399359,1692254399361,1693226663605,6,2,4
53569,1693226663605,1692254399365,1692254399369,1693226663614,9,4,5
53570,1693226663614,1692254399374,1692254399377,1693226663622,8,3,5
53571,1693226663622,1692254399382,1692254399385,1693226663630,8,3,5
53572,1693226663630,1692254399390,1692254399393,1693226663638,8,3,5
53573,1693226663638,1692254399399,1692254399402,1693226663648,10,3,7
53574,1693226663649,1692254399413,1692254399416,1693226663660,11,3,8
53575,1693226663660,1692254399421,1692254399424,1693226663668,8,3,5
53576,1693226663668,1692254399428,1692254399431,1693226663675,7,3,4
53577,1693226663675,1692254399436,1692254399439,1693226663683,8,3,5
53578,1693226663683,1692254399443,1692254399447,1693226663691,8,4,4
53579,1693226663691,1692254399451,1692254399454,1693226663698,7,3,4
53580,1693226663698,1692254399458,1692254399461,1693226663706,8,3,5
53581,1693226663706,1692254399466,1692254399469,1693226663713,7,3,4
53582,1693226663713,1692254399475,1692254399478,1693226663722,9,3,6
53583,1693226663722,1692254399482,1692254399486,1693226663730,8,4,4
53584,1693226663730,1692254399490,1692254399494,1693226663739,9,4,5
53585,1693226663739,1692254399499,1692254399502,1693226663746,7,3,4
53586,1693226663746,1692254399509,1692254399512,1693226663756,10,3,7
53587,1693226663756,1692254399516,1692254399519,1693226663763,7,3,4
53588,1693226663763,1692254399523,1692254399526,1693226663770,7,3,4
53589,1693226663770,1692254399530,1692254399534,1693226663778,8,4,4
53590,1693226663778,1692254399540,1692254399543,1693226663787,9,3,6
53591,1693226663787,1692254399548,1692254399551,1693226663795,8,3,5
53592,1693226663795,1692254399555,1692254399558,1693226663803,8,3,5
53593,1693226663803,1692254399563,1692254399566,1693226663810,7,3,4
53594,1693226663810,1692254399570,1692254399574,1693226663818,8,4,4
53595,1693226663818,1692254399579,1692254399582,1693226663826,8,3,5
53596,1693226663826,1692254399586,1692254399589,1693226663834,8,3,5
53597,1693226663834,1692254399594,1692254399597,1693226663841,7,3,4
53598,1693226663841,1692254399602,1692254399605,1693226663849,8,3,5
53599,1693226663849,1692254399611,1692254399614,1693226663859,10,3,7
53600,1693226663859,1692254399618,1692254399622,1693226663866,7,4,3
53601,1693226663866,1692254399625,1692254399630,1693226663874,8,5,3
53602,1693226663874,1692254399635,1692254399638,1693226663883,9,3,6
53603,1693226663883,1692254399643,1692254399646,1693226663890,7,3,4
53604,1693226663890,1692254399650,1692254399653,1693226663897,7,3,4
53605,1693226663897,1692254399657,1692254399661,1693226663905,8,4,4
53606,1693226663905,1692254399666,1692254399668,1693226663912,7,2,5
53607,1693226663912,1692254399673,1692254399676,1693226663920,8,3,5
53608,1693226663920,1692254399680,1692254399683,1693226663928,8,3,5
53609,1693226663928,1692254399688,1692254399691,1693226663935,7,3,4
53610,1693226663936,1692254399695,1692254399699,1693226663943,7,4,3
53611,1693226663943,1692254399703,1692254399707,1693226663951,8,4,4
53612,1693226663951,1692254399710,1692254399714,1693226663958,7,4,3
53613,1693226663958,1692254399718,1692254399721,1693226663965,7,3,4
53614,1693226663965,1692254399725,1692254399728,1693226663972,7,3,4
53615,1693226663972,1692254399732,1692254399736,1693226663980,8,4,4
53616,1693226663980,1692254399740,1692254399742,1693226663987,7,2,5
53617,1693226663987,1692254399746,1692254399749,1693226663994,7,3,4
53618,1693226663994,1692254399754,1692254399757,1693226664001,7,3,4
53619,1693226664001,1692254399761,1692254399764,1693226664009,8,3,5
53620,1693226664009,1692254399769,1692254399774,1693226664018,9,5,4
53621,1693226664018,1692254399778,1692254399781,1693226664026,8,3,5
53622,1693226664026,1692254399786,1692254399789,1693226664034,8,3,5
53623,1693226664034,1692254399793,1692254399796,1693226664041,7,3,4
53624,1693226664041,1692254399800,1692254399803,1693226664047,6,3,3
53625,1693226664047,1692254399807,1692254399810,1693226664054,7,3,4
53626,1693226664055,1692254399816,1692254399820,1693226664064,9,4,5
53627,1693226664064,1692254399823,1692254399826,1693226664071,7,3,4
53628,1693226664071,1692254399830,1692254399833,1693226664078,7,3,4
53629,1693226664078,1692254399838,1692254399841,1693226664086,8,3,5
53630,1693226664086,1692254399846,1692254399850,1693226664094,8,4,4
53631,1693226664094,1692254399854,1692254399856,1693226664100,6,2,4
53632,1693226664100,1692254399860,1692254399863,1693226664107,7,3,4
53633,1693226664107,1692254399867,1692254399870,1693226664114,7,3,4
53634,1693226664114,1692254399875,1692254399878,1693226664122,8,3,5
53635,1693226664122,1692254399884,1692254399888,1693226664132,10,4,6
53636,1693226664132,1692254399893,1692254399896,1693226664140,8,3,5
53637,1693226664140,1692254399900,1692254399904,1693226664148,8,4,4
53638,1693226664149,1692254399908,1692254399911,1693226664155,6,3,3
53639,1693226664156,1692254399918,1692254399921,1693226664166,10,3,7
53640,1693226664166,1692254399926,1692254399929,1693226664173,7,3,4
53641,1693226664173,1692254399933,1692254399936,1693226664179,6,3,3
53642,1693226664179,1692254399940,1692254399943,1693226664188,9,3,6
53643,1693226664188,1692254399949,1692254399952,1693226664196,8,3,5
53644,1693226664196,1692254399956,1692254399960,1693226664204,8,4,4
53645,1693226664204,1692254399965,1692254399968,1693226664212,8,3,5
53646,1693226664212,1692254399972,1692254399976,1693226664220,8,4,4
53647,1693226664220,1692254399980,1692254399983,1693226664227,7,3,4
53648,1693226664227,1692254399987,1692254399991,1693226664235,8,4,4
53649,1693226664235,1692254399995,1692254399998,1693226664242,7,3,4
53650,1693226664242,1692254400003,1692254400006,1693226664251,9,3,6
53651,1693226664251,1692254400011,1692254400014,1693226664258,7,3,4
53652,1693226664258,1692254400017,1692254400020,1693226664264,6,3,3
53653,1693226664264,1692254400025,1692254400029,1693226664273,9,4,5
53654,1693226664273,1692254400033,1692254400036,1693226664280,7,3,4
53655,1693226664280,1692254400041,1692254400044,1693226664288,8,3,5
53656,1693226664288,1692254400048,1692254400051,1693226664296,8,3,5
53657,1693226664296,1692254400056,1692254400059,1693226664303,7,3,4
53658,1693226664303,1692254400063,1692254400066,1693226664310,7,3,4
53659,1693226664310,1692254400070,1692254400074,1693226664318,8,4,4
53660,1693226664318,1692254400077,1692254400081,1693226664325,7,4,3
53661,1693226664325,1692254400086,1692254400089,1693226664334,9,3,6
53662,1693226664334,1692254400094,1692254400099,1693226664343,9,5,4
53663,1693226664343,1692254400103,1692254400106,1693226664350,7,3,4
53664,1693226664351,1692254400111,1692254400114,1693226664358,7,3,4
53665,1693226664358,1692254400119,1692254400122,1693226664366,8,3,5
53666,1693226664366,1692254400126,1692254400129,1693226664373,7,3,4
53667,1693226664373,1692254400133,1692254400137,1693226664381,8,4,4
53668,1693226664381,1692254400141,1692254400143,1693226664388,7,2,5
53669,1693226664388,1692254400157,1692254400160,1693226664404,16,3,13
53670,1693226664404,1692254400165,1692254400168,1693226664413,9,3,6
53671,1693226664413,1692254400173,1692254400176,1693226664420,7,3,4
53672,1693226664420,1692254400180,1692254400184,1693226664429,9,4,5
53673,1693226664429,1692254400189,1692254400192,1693226664437,8,3,5
53674,1693226664437,1692254400197,1692254400202,1693226664446,9,5,4
53675,1693226664446,1692254400206,1692254400209,1693226664453,7,3,4
53676,1693226664453,1692254400214,1692254400217,1693226664461,8,3,5
53677,1693226664461,1692254400221,1692254400225,1693226664469,8,4,4
53678,1693226664469,1692254400229,1692254400233,1693226664477,8,4,4
53679,1693226664477,1692254400238,1692254400241,1693226664485,8,3,5
53680,1693226664485,1692254400245,1692254400248,1693226664493,8,3,5
53681,1693226664493,1692254400255,1692254400259,1693226664503,10,4,6
53682,1693226664503,1692254400263,1692254400266,1693226664510,7,3,4
53683,1693226664510,1692254400271,1692254400274,1693226664518,8,3,5
53684,1693226664519,1692254400278,1692254400282,1693226664526,7,4,3
53685,1693226664526,1692254400286,1692254400289,1693226664534,8,3,5
53686,1693226664534,1692254400294,1692254400297,1693226664541,7,3,4
53687,1693226664541,1692254400301,1692254400304,1693226664548,7,3,4
53688,1693226664548,1692254400308,1692254400311,1693226664555,7,3,4
53689,1693226664555,1692254400315,1692254400320,1693226664565,10,5,5
53690,1693226664565,1692254400324,1692254400328,1693226664572,7,4,3
53691,1693226664572,1692254400332,1692254400336,1693226664580,8,4,4
53692,1693226664580,1692254400340,1692254400344,1693226664588,8,4,4
53693,1693226664588,1692254400348,1692254400351,1693226664595,7,3,4
53694,1693226664595,1692254400355,1692254400358,1693226664602,7,3,4
53695,1693226664602,1692254400363,1692254400366,1693226664611,9,3,6
53696,1693226664611,1692254400371,1692254400375,1693226664619,8,4,4
53697,1693226664619,1692254400379,1692254400383,1693226664627,8,4,4
53698,1693226664627,1692254400388,1692254400391,1693226664636,9,3,6
53699,1693226664636,1692254400396,1692254400399,1693226664644,8,3,5
53700,1693226664644,1692254400404,1692254400407,1693226664652,8,3,5
53701,1693226664652,1692254400412,1692254400416,1693226664660,8,4,4
53702,1693226664660,1692254400421,1692254400423,1693226664667,7,2,5
53703,1693226664667,1692254400427,1692254400431,1693226664679,12,4,8
53704,1693226664679,1692254400467,1692254400471,1693226664715,36,4,32
53705,1693226664715,1692254400475,1692254400477,1693226664724,9,2,7
53706,1693226664724,1692254400488,1692254400492,1693226664736,12,4,8
53707,1693226664736,1692254400506,1692254400510,1693226664754,18,4,14
53708,1693226664754,1692254400514,1692254400517,1693226664761,7,3,4
53709,1693226664761,1692254400521,1692254400525,1693226664769,8,4,4
53710,1693226664769,1692254400530,1692254400534,1693226664778,9,4,5
53711,1693226664778,1692254400539,1692254400542,1693226664787,9,3,6
53712,1693226664787,1692254400547,1692254400550,1693226664794,7,3,4
53713,1693226664794,1692254400554,1692254400557,1693226664802,8,3,5
53714,1693226664802,1692254400562,1692254400566,1693226664811,9,4,5
53715,1693226664811,1692254400571,1692254400574,1693226664819,8,3,5
53716,1693226664819,1692254400578,1692254400582,1693226664826,7,4,3
53717,1693226664826,1692254400590,1692254400594,1693226664838,12,4,8
53718,1693226664838,1692254400598,1692254400601,1693226664845,7,3,4
53719,1693226664845,1692254400605,1692254400608,1693226664852,7,3,4
53720,1693226664852,1692254400613,1692254400616,1693226664860,8,3,5
53721,1693226664861,1692254400621,1692254400624,1693226664875,14,3,11
53722,1693226664875,1692254400655,1692254400660,1693226664916,41,5,36
53723,1693226664916,1692254400676,1692254400680,1693226664924,8,4,4
53724,1693226664924,1692254400685,1692254400687,1693226664931,7,2,5
53725,1693226664931,1692254400692,1692254400695,1693226664940,9,3,6
53726,1693226664940,1692254400700,1692254400703,1693226664947,7,3,4
53727,1693226664947,1692254400708,1692254400710,1693226664955,8,2,6
53728,1693226664955,1692254400716,1692254400719,1693226664963,8,3,5
53729,1693226664963,1692254400723,1692254400727,1693226664971,8,4,4
53730,1693226664971,1692254400731,1692254400735,1693226664980,9,4,5
53731,1693226664980,1692254400740,1692254400744,1693226664988,8,4,4
53732,1693226664988,1692254400749,1692254400752,1693226664997,9,3,6
53733,1693226664997,1692254400758,1692254400761,1693226665006,9,3,6
53734,1693226665006,1692254400766,1692254400770,1693226665014,8,4,4
53735,1693226665014,1692254400775,1692254400778,1693226665022,8,3,5
53736,1693226665022,1692254400782,1692254400785,1693226665030,8,3,5
53737,1693226665030,1692254400790,1692254400793,1693226665037,7,3,4
53738,1693226665037,1692254400797,1692254400801,1693226665045,8,4,4
53739,1693226665045,1692254400807,1692254400810,1693226665054,9,3,6
53740,1693226665054,1692254400814,1692254400818,1693226665062,8,4,4
53741,1693226665062,1692254400822,1692254400825,1693226665069,7,3,4
53742,1693226665069,1692254400829,1692254400832,1693226665076,7,3,4
53743,1693226665076,1692254400836,1692254400840,1693226665084,8,4,4
53744,1693226665084,1692254400844,1692254400847,1693226665092,8,3,5
53745,1693226665092,1692254400852,1692254400855,1693226665099,7,3,4
53746,1693226665099,1692254400860,1692254400863,1693226665108,9,3,6
53747,1693226665108,1692254400868,1692254400872,1693226665117,9,4,5
53748,1693226665117,1692254400877,1692254400881,1693226665125,8,4,4
53749,1693226665125,1692254400885,1692254400888,1693226665132,7,3,4
53750,1693226665132,1692254400892,1692254400895,1693226665139,7,3,4
53751,1693226665139,1692254400901,1692254400905,1693226665150,11,4,7
53752,1693226665150,1692254400911,1692254400915,1693226665159,9,4,5
53753,1693226665159,1692254400919,1692254400922,1693226665166,7,3,4
53754,1693226665166,1692254400926,1692254400929,1693226665173,7,3,4
53755,1693226665173,1692254400933,1692254400937,1693226665181,8,4,4
53756,1693226665181,1692254400943,1692254400946,1693226665191,10,3,7
53757,1693226665191,1692254400951,1692254400954,1693226665199,8,3,5
53758,1693226665199,1692254400959,1692254400961,1693226665206,7,2,5
53759,1693226665206,1692254400966,1692254400969,1693226665213,7,3,4
53760,1693226665213,1692254400974,1692254400976,1693226665220,7,2,5
53761,1693226665220,1692254400981,1692254400984,1693226665228,8,3,5
53762,1693226665228,1692254400988,1692254400991,1693226665235,7,3,4
53763,1693226665235,1692254400996,1692254400999,1693226665243,8,3,5
53764,1693226665243,1692254401003,1692254401006,1693226665250,7,3,4
53765,1693226665250,1692254401010,1692254401013,1693226665257,7,3,4
53766,1693226665257,1692254401018,1692254401021,1693226665265,8,3,5
53767,1693226665265,1692254401025,1692254401029,1693226665273,8,4,4
53768,1693226665273,1692254401033,1692254401036,1693226665281,8,3,5
53769,1693226665281,1692254401041,1692254401045,1693226665290,9,4,5
53770,1693226665290,1692254401050,1692254401053,1693226665297,7,3,4
53771,1693226665297,1692254401058,1692254401062,1693226665306,9,4,5
53772,1693226665306,1692254401066,1692254401070,1693226665315,9,4,5
53773,1693226665315,1692254401075,1692254401078,1693226665322,7,3,4
53774,1693226665322,1692254401082,1692254401086,1693226665330,8,4,4
53775,1693226665330,1692254401089,1692254401092,1693226665337,7,3,4
53776,1693226665337,1692254401097,1692254401100,1693226665344,7,3,4
53777,1693226665344,1692254401105,1692254401108,1693226665353,9,3,6
53778,1693226665353,1692254401113,1692254401116,1693226665360,7,3,4
53779,1693226665360,1692254401120,1692254401123,1693226665367,7,3,4
53780,1693226665367,1692254401128,1692254401131,1693226665376,9,3,6
53781,1693226665376,1692254401135,1692254401138,1693226665383,7,3,4
53782,1693226665383,1692254401143,1692254401146,1693226665391,8,3,5
53783,1693226665391,1692254401151,1692254401154,1693226665398,7,3,4
53784,1693226665398,1692254401158,1692254401162,1693226665408,10,4,6
53785,1693226665408,1692254401168,1692254401171,1693226665415,7,3,4
53786,1693226665415,1692254401175,1692254401178,1693226665422,7,3,4
53787,1693226665422,1692254401183,1692254401186,1693226665430,8,3,5
53788,1693226665431,1692254401191,1692254401194,1693226665438,7,3,4
53789,1693226665438,1692254401199,1692254401202,1693226665446,8,3,5
53790,1693226665446,1692254401206,1692254401209,1693226665453,7,3,4
53791,1693226665453,1692254401213,1692254401217,1693226665461,8,4,4
53792,1693226665461,1692254401222,1692254401225,1693226665469,8,3,5
53793,1693226665469,1692254401230,1692254401232,1693226665477,8,2,6
53794,1693226665477,1692254401237,1692254401240,1693226665485,8,3,5
53795,1693226665485,1692254401245,1692254401248,1693226665492,7,3,4
53796,1693226665492,1692254401252,1692254401255,1693226665499,7,3,4
53797,1693226665499,1692254401259,1692254401262,1693226665506,7,3,4
53798,1693226665506,1692254401267,1692254401270,1693226665514,8,3,5
53799,1693226665514,1692254401274,1692254401277,1693226665522,8,3,5
53800,1693226665522,1692254401282,1692254401286,1693226665530,8,4,4
53801,1693226665530,1692254401290,1692254401293,1693226665537,7,3,4
53802,1693226665537,1692254401297,1692254401300,1693226665544,7,3,4
53803,1693226665544,1692254401304,1692254401307,1693226665552,8,3,5
53804,1693226665552,1692254401311,1692254401315,1693226665559,7,4,3
53805,1693226665559,1692254401319,1692254401322,1693226665567,8,3,5
53806,1693226665567,1692254401329,1692254401332,1693226665576,9,3,6
53807,1693226665576,1692254401336,1692254401339,1693226665583,7,3,4
53808,1693226665583,1692254401343,1692254401346,1693226665590,7,3,4
53809,1693226665590,1692254401352,1692254401356,1693226665600,10,4,6
53810,1693226665600,1692254401360,1692254401364,1693226665608,8,4,4
53811,1693226665608,1692254401368,1692254401371,1693226665615,7,3,4
53812,1693226665615,1692254401375,1692254401378,1693226665624,9,3,6
53813,1693226665624,1692254401384,1692254401387,1693226665634,10,3,7
53814,1693226665634,1692254401394,1692254401397,1693226665641,7,3,4
53815,1693226665641,1692254401401,1692254401405,1693226665649,8,4,4
53816,1693226665649,1692254401409,1692254401412,1693226665656,7,3,4
53817,1693226665657,1692254401417,1692254401420,1693226665664,7,3,4
53818,1693226665664,1692254401424,1692254401427,1693226665672,8,3,5
53819,1693226665672,1692254401432,1692254401435,1693226665679,7,3,4
53820,1693226665679,1692254401439,1692254401442,1693226665687,8,3,5
53821,1693226665687,1692254401447,1692254401452,1693226665696,9,5,4
53822,1693226665696,1692254401457,1692254401460,1693226665704,8,3,5
53823,1693226665704,1692254401465,1692254401468,1693226665712,8,3,5
53824,1693226665712,1692254401473,1692254401476,1693226665720,8,3,5
53825,1693226665720,1692254401480,1692254401484,1693226665729,9,4,5
53826,1693226665729,1692254401489,1692254401492,1693226665736,7,3,4
53827,1693226665736,1692254401496,1692254401498,1693226665743,7,2,5
53828,1693226665743,1692254401503,1692254401506,1693226665750,7,3,4
53829,1693226665751,1692254401511,1692254401514,1693226665758,7,3,4
53830,1693226665758,1692254401518,1692254401521,1693226665765,7,3,4
53831,1693226665765,1692254401525,1692254401528,1693226665772,7,3,4
53832,1693226665772,1692254401532,1692254401535,1693226665779,7,3,4
53833,1693226665779,1692254401539,1692254401542,1693226665786,7,3,4
53834,1693226665786,1692254401547,1692254401550,1693226665794,8,3,5
53835,1693226665794,1692254401557,1692254401560,1693226665804,10,3,7
53836,1693226665804,1692254401564,1692254401567,1693226665811,7,3,4
53837,1693226665811,1692254401571,1692254401575,1693226665819,8,4,4
53838,1693226665819,1692254401579,1692254401583,1693226665827,8,4,4
53839,1693226665827,1692254401587,1692254401591,1693226665835,8,4,4
53840,1693226665835,1692254401595,1692254401599,1693226665843,8,4,4
53841,1693226665843,1692254401604,1692254401607,1693226665851,8,3,5
53842,1693226665851,1692254401611,1692254401614,1693226665858,7,3,4
53843,1693226665858,1692254401618,1692254401622,1693226665866,8,4,4
53844,1693226665866,1692254401626,1692254401629,1693226665873,7,3,4
53845,1693226665874,1692254401634,1692254401636,1693226665881,7,2,5
53846,1693226665881,1692254401641,1692254401644,1693226665889,8,3,5
53847,1693226665889,1692254401649,1692254401653,1693226665897,8,4,4
53848,1693226665897,1692254401672,1692254401675,1693226665920,23,3,20
53849,1693226665920,1692254401680,1692254401683,1693226665927,7,3,4
53850,1693226665928,1692254401688,1692254401691,1693226665935,7,3,4
53851,1693226665935,1692254401695,1692254401698,1693226665942,7,3,4
53852,1693226665942,1692254401702,1692254401705,1693226665949,7,3,4
53853,1693226665949,1692254401708,1692254401712,1693226665956,7,4,3
53854,1693226665956,1692254401716,1692254401719,1693226665964,8,3,5
53855,1693226665964,1692254401723,1692254401726,1693226665971,7,3,4
53856,1693226665971,1692254401731,1692254401734,1693226665978,7,3,4
53857,1693226665978,1692254401738,1692254401742,1693226665987,9,4,5
53858,1693226665987,1692254401747,1692254401751,1693226665995,8,4,4
53859,1693226665995,1692254401755,1692254401758,1693226666004,9,3,6
53860,1693226666004,1692254401768,1692254401772,1693226666016,12,4,8
53861,1693226666016,1692254401776,1692254401779,1693226666024,8,3,5
53862,1693226666024,1692254401785,1692254401788,1693226666032,8,3,5
53863,1693226666032,1692254401792,1692254401795,1693226666039,7,3,4
53864,1693226666039,1692254401799,1692254401802,1693226666047,8,3,5
53865,1693226666047,1692254401807,1692254401810,1693226666054,7,3,4
53866,1693226666054,1692254401815,1692254401817,1693226666061,7,2,5
53867,1693226666061,1692254401821,1692254401825,1693226666069,8,4,4
53868,1693226666069,1692254401830,1692254401833,1693226666077,8,3,5
53869,1693226666077,1692254401837,1692254401840,1693226666084,7,3,4
53870,1693226666084,1692254401845,1692254401848,1693226666093,9,3,6
53871,1693226666093,1692254401853,1692254401857,1693226666101,8,4,4
53872,1693226666101,1692254401861,1692254401864,1693226666109,8,3,5
53873,1693226666109,1692254401870,1692254401874,1693226666118,9,4,5
53874,1693226666118,1692254401878,1692254401881,1693226666125,7,3,4
53875,1693226666125,1692254401885,1692254401888,1693226666133,8,3,5
53876,1693226666133,1692254401893,1692254401897,1693226666141,8,4,4
53877,1693226666141,1692254401901,1692254401903,1693226666147,6,2,4
53878,1693226666147,1692254401907,1692254401910,1693226666154,7,3,4
53879,1693226666154,1692254401914,1692254401918,1693226666162,8,4,4
53880,1693226666162,1692254401922,1692254401925,1693226666169,7,3,4
53881,1693226666169,1692254401930,1692254401932,1693226666176,7,2,5
53882,1693226666176,1692254401937,1692254401941,1693226666185,9,4,5
53883,1693226666185,1692254401944,1692254401948,1693226666192,7,4,3
53884,1693226666192,1692254401952,1692254401956,1693226666200,8,4,4
53885,1693226666200,1692254401960,1692254401964,1693226666208,8,4,4
53886,1693226666208,1692254401969,1692254401971,1693226666216,8,2,6
53887,1693226666216,1692254401976,1692254401978,1693226666223,7,2,5
53888,1693226666223,1692254401984,1692254401987,1693226666231,8,3,5
53889,1693226666231,1692254401991,1692254401995,1693226666240,9,4,5
53890,1693226666240,1692254402000,1692254402003,1693226666248,8,3,5
53891,1693226666248,1692254402009,1692254402013,1693226666257,9,4,5
53892,1693226666257,1692254402017,1692254402021,1693226666265,8,4,4
53893,1693226666265,1692254402024,1692254402029,1693226666273,8,5,3
53894,1693226666274,1692254402035,1692254402039,1693226666283,9,4,5
53895,1693226666283,1692254402043,1692254402046,1693226666291,8,3,5
53896,1693226666291,1692254402051,1692254402054,1693226666298,7,3,4
53897,1693226666299,1692254402059,1692254402061,1693226666305,6,2,4
53898,1693226666305,1692254402065,1692254402068,1693226666312,7,3,4
53899,1693226666312,1692254402078,1692254402081,1693226666325,13,3,10
53900,1693226666325,1692254402086,1692254402089,1693226666334,9,3,6
53901,1693226666334,1692254402094,1692254402097,1693226666341,7,3,4
53902,1693226666341,1692254402102,1692254402105,1693226666349,8,3,5
53903,1693226666349,1692254402109,1692254402112,1693226666356,7,3,4
53904,1693226666356,1692254402116,1692254402119,1693226666363,7,3,4
53905,1693226666363,1692254402123,1692254402128,1693226666372,9,5,4
53906,1693226666372,1692254402132,1692254402135,1693226666379,7,3,4
53907,1693226666379,1692254402140,1692254402143,1693226666387,8,3,5
53908,1693226666387,1692254402147,1692254402149,1693226666393,6,2,4
53909,1693226666394,1692254402153,1692254402157,1693226666401,7,4,3
53910,1693226666401,1692254402163,1692254402166,1693226666410,9,3,6
53911,1693226666410,1692254402172,1692254402175,1693226666419,9,3,6
53912,1693226666419,1692254402179,1692254402183,1693226666427,8,4,4
53913,1693226666427,1692254402187,1692254402190,1693226666435,8,3,5
53914,1693226666435,1692254402195,1692254402198,1693226666442,7,3,4
53915,1693226666442,1692254402203,1692254402206,1693226666450,8,3,5
53916,1693226666450,1692254402210,1692254402213,1693226666457,7,3,4
53917,1693226666457,1692254402217,1692254402221,1693226666465,8,4,4
53918,1693226666465,1692254402225,1692254402228,1693226666472,7,3,4
53919,1693226666472,1692254402232,1692254402236,1693226666480,8,4,4
53920,1693226666480,1692254402241,1692254402244,1693226666489,9,3,6
53921,1693226666489,1692254402249,1692254402252,1693226666496,7,3,4
53922,1693226666497,1692254402257,1692254402260,1693226666505,8,3,5
53923,1693226666505,1692254402265,1692254402268,1693226666512,7,3,4
53924,1693226666512,1692254402274,1692254402277,1693226666521,9,3,6
53925,1693226666521,1692254402281,1692254402285,1693226666529,8,4,4
53926,1693226666529,1692254402290,1692254402294,1693226666538,9,4,5
53927,1693226666538,1692254402298,1692254402301,1693226666546,8,3,5
53928,1693226666546,1692254402306,1692254402309,1693226666553,7,3,4
53929,1693226666553,1692254402313,1692254402316,1693226666561,8,3,5
53930,1693226666561,1692254402321,1692254402326,1693226666570,9,5,4
53931,1693226666570,1692254402330,1692254402333,1693226666577,7,3,4
53932,1693226666577,1692254402337,1692254402341,1693226666585,8,4,4
53933,1693226666585,1692254402346,1692254402349,1693226666593,8,3,5
53934,1693226666593,1692254402353,1692254402357,1693226666601,8,4,4
53935,1693226666601,1692254402360,1692254402364,1693226666608,7,4,3
53936,1693226666608,1692254402368,1692254402372,1693226666618,10,4,6
53937,1693226666618,1692254402378,1692254402382,1693226666626,8,4,4
53938,1693226666626,1692254402386,1692254402390,1693226666633,7,4,3
53939,1693226666633,1692254402398,1692254402402,1693226666648,15,4,11
53940,1693226666648,1692254402408,1692254402411,1693226666656,8,3,5
53941,1693226666656,1692254402416,1692254402419,1693226666663,7,3,4
53942,1693226666663,1692254402424,1692254402427,1693226666671,8,3,5
53943,1693226666671,1692254402431,1692254402434,1693226666678,7,3,4
53944,1693226666678,1692254402438,1692254402441,1693226666685,7,3,4
53945,1693226666685,1692254402445,1692254402448,1693226666693,8,3,5
53946,1693226666693,1692254402453,1692254402456,1693226666701,8,3,5
53947,1693226666701,1692254402461,1692254402464,1693226666708,7,3,4
53948,1693226666708,1692254402469,1692254402472,1693226666716,8,3,5
53949,1693226666716,1692254402479,1692254402482,1693226666726,10,3,7
53950,1693226666726,1692254402487,1692254402490,1693226666734,8,3,5
53951,1693226666734,1692254402494,1692254402497,1693226666742,8,3,5
53952,1693226666742,1692254402503,1692254402506,1693226666750,8,3,5
53953,1693226666750,1692254402510,1692254402513,1693226666758,8,3,5
53954,1693226666758,1692254402517,1692254402521,1693226666765,7,4,3
53955,1693226666765,1692254402525,1692254402528,1693226666772,7,3,4
53956,1693226666772,1692254402532,1692254402536,1693226666780,8,4,4
53957,1693226666780,1692254402541,1692254402544,1693226666788,8,3,5
53958,1693226666788,1692254402549,1692254402552,1693226666796,8,3,5
53959,1693226666796,1692254402556,1692254402560,1693226666804,8,4,4
53960,1693226666804,1692254402564,1692254402568,1693226666812,8,4,4
53961,1693226666812,1692254402572,1692254402575,1693226666819,7,3,4
53962,1693226666819,1692254402581,1692254402584,1693226666828,9,3,6
53963,1693226666828,1692254402589,1692254402592,1693226666836,8,3,5
53964,1693226666836,1692254402595,1692254402599,1693226666843,7,4,3
53965,1693226666843,1692254402603,1692254402607,1693226666851,8,4,4
53966,1693226666851,1692254402611,1692254402614,1693226666858,7,3,4
53967,1693226666858,1692254402618,1692254402623,1693226666867,9,5,4
53968,1693226666867,1692254402628,1692254402631,1693226666875,8,3,5
53969,1693226666875,1692254402635,1692254402639,1693226666883,8,4,4
53970,1693226666883,1692254402644,1692254402646,1693226666891,8,2,6
53971,1693226666891,1692254402651,1692254402654,1693226666898,7,3,4
53972,1693226666898,1692254402659,1692254402662,1693226666906,8,3,5
53973,1693226666907,1692254402667,1692254402670,1693226666915,8,3,5
53974,1693226666915,1692254402675,1692254402678,1693226666922,7,3,4
53975,1693226666922,1692254402685,1692254402689,1693226666932,10,4,6
53976,1693226666933,1692254402692,1692254402695,1693226666939,6,3,3
53977,1693226666939,1692254402700,1692254402704,1693226666948,9,4,5
53978,1693226666948,1692254402708,1692254402711,1693226666956,8,3,5
53979,1693226666956,1692254402716,1692254402719,1693226666963,7,3,4
53980,1693226666963,1692254402722,1692254402725,1693226666970,7,3,4
53981,1693226666970,1692254402730,1692254402733,1693226666978,8,3,5
53982,1693226666978,1692254402738,1692254402741,1693226666985,7,3,4
53983,1693226666985,1692254402746,1692254402749,1693226666993,8,3,5
53984,1693226666993,1692254402754,1692254402757,1693226667001,8,3,5
53985,1693226667001,1692254402761,1692254402764,1693226667008,7,3,4
53986,1693226667008,1692254402769,1692254402772,1693226667016,8,3,5
53987,1693226667016,1692254402776,1692254402779,1693226667023,7,3,4
53988,1693226667023,1692254402786,1692254402789,1693226667033,10,3,7
53989,1693226667033,1692254402793,1692254402797,1693226667041,8,4,4
53990,1693226667041,1692254402801,1692254402804,1693226667049,8,3,5
53991,1693226667049,1692254402808,1692254402811,1693226667058,9,3,6
53992,1693226667058,1692254402818,1692254402822,1693226667066,8,4,4
53993,1693226667066,1692254402826,1692254402830,1693226667074,8,4,4
53994,1693226667074,1692254402835,1692254402838,1693226667082,8,3,5
53995,1693226667082,1692254402843,1692254402845,1693226667090,8,2,6
53996,1693226667090,1692254402850,1692254402853,1693226667097,7,3,4
53997,1693226667098,1692254402858,1692254402861,1693226667105,7,3,4
53998,1693226667105,1692254402866,1692254402869,1693226667113,8,3,5
53999,1693226667113,1692254402874,1692254402877,1693226667121,8,3,5
54000,1693226667121,1692254402882,1692254402885,1693226667130,9,3,6
54001,1693226667130,1692254402890,1692254402894,1693226667138,8,4,4
54002,1693226667138,1692254402899,1692254402902,1693226667147,9,3,6
54003,1693226667147,1692254402908,1692254402911,1693226667156,9,3,6
54004,1693226667156,1692254402916,1692254402921,1693226667165,9,5,4
54005,1693226667165,1692254402925,1692254402928,1693226667172,7,3,4
54006,1693226667172,1692254402932,1692254402936,1693226667180,8,4,4
54007,1693226667180,1692254402940,1692254402943,1693226667188,8,3,5
54008,1693226667188,1692254402948,1692254402953,1693226667198,10,5,5
54009,1693226667198,1692254402960,1692254402964,1693226667208,10,4,6
54010,1693226667208,1692254402968,1692254402972,1693226667216,8,4,4
54011,1693226667216,1692254402976,1692254402980,1693226667224,8,4,4
54012,1693226667224,1692254402984,1692254402987,1693226667233,9,3,6
54013,1693226667233,1692254402993,1692254402997,1693226667241,8,4,4
54014,1693226667241,1692254403002,1692254403004,1693226667249,8,2,6
54015,1693226667249,1692254403014,1692254403017,1693226667262,13,3,10
54016,1693226667262,1692254403022,1692254403026,1693226667270,8,4,4
54017,1693226667270,1692254403036,1692254403039,1693226667284,14,3,11
54018,1693226667284,1692254403044,1692254403047,1693226667291,7,3,4
54019,1693226667291,1692254403052,1692254403055,1693226667299,8,3,5
54020,1693226667299,1692254403059,1692254403063,1693226667307,8,4,4
54021,1693226667307,1692254403067,1692254403070,1693226667314,7,3,4
54022,1693226667314,1692254403075,1692254403078,1693226667322,8,3,5
54023,1693226667322,1692254403082,1692254403086,1693226667330,8,4,4
54024,1693226667330,1692254403090,1692254403092,1693226667337,7,2,5
54025,1693226667337,1692254403097,1692254403100,1693226667344,7,3,4
54026,1693226667344,1692254403104,1692254403107,1693226667351,7,3,4
54027,1693226667351,1692254403112,1692254403115,1693226667360,9,3,6
54028,1693226667360,1692254403120,1692254403122,1693226667367,7,2,5
54029,1693226667367,1692254403136,1692254403139,1693226667389,22,3,19
54030,1693226667389,1692254403156,1692254403160,1693226667404,15,4,11
54031,1693226667404,1692254403164,1692254403167,1693226667411,7,3,4
54032,1693226667411,1692254403172,1692254403175,1693226667419,8,3,5
54033,1693226667419,1692254403179,1692254403183,1693226667427,8,4,4
54034,1693226667427,1692254403187,1692254403190,1693226667434,7,3,4
54035,1693226667434,1692254403196,1692254403199,1693226667443,9,3,6
54036,1693226667443,1692254403204,1692254403207,1693226667451,8,3,5
54037,1693226667451,1692254403210,1692254403213,1693226667458,7,3,4
54038,1693226667458,1692254403218,1692254403221,1693226667465,7,3,4
54039,1693226667465,1692254403226,1692254403229,1693226667473,8,3,5
54040,1693226667474,1692254403234,1692254403238,1693226667483,9,4,5
54041,1693226667483,1692254403243,1692254403246,1693226667490,7,3,4
54042,1693226667490,1692254403251,1692254403254,1693226667503,13,3,10
54043,1693226667503,1692254403263,1692254403267,1693226667511,8,4,4
54044,1693226667511,1692254403271,1692254403274,1693226667518,7,3,4
54045,1693226667519,1692254403279,1692254403282,1693226667527,8,3,5
54046,1693226667527,1692254403288,1692254403291,1693226667535,8,3,5
54047,1693226667535,1692254403295,1692254403298,1693226667542,7,3,4
54048,1693226667542,1692254403303,1692254403306,1693226667550,8,3,5
54049,1693226667550,1692254403310,1692254403313,1693226667560,10,3,7
54050,1693226667560,1692254403320,1692254403323,1693226667568,8,3,5
54051,1693226667568,1692254403328,1692254403331,1693226667575,7,3,4
54052,1693226667575,1692254403335,1692254403338,1693226667582,7,3,4
54053,1693226667582,1692254403342,1692254403346,1693226667590,8,4,4
54054,1693226667590,1692254403350,1692254403353,1693226667597,7,3,4
54055,1693226667597,1692254403357,1692254403360,1693226667605,8,3,5
54056,1693226667605,1692254403367,1692254403370,1693226667614,9,3,6
54057,1693226667614,1692254403374,1692254403377,1693226667621,7,3,4
54058,1693226667621,1692254403381,1692254403385,1693226667629,8,4,4
54059,1693226667629,1692254403389,1692254403393,1693226667637,8,4,4
54060,1693226667637,1692254403400,1692254403403,1693226667648,11,3,8
54061,1693226667648,1692254403408,1692254403411,1693226667660,12,3,9
54062,1693226667660,1692254403437,1692254403440,1693226667684,24,3,21
54063,1693226667684,1692254403445,1692254403448,1693226667693,9,3,6
54064,1693226667693,1692254403454,1692254403456,1693226667700,7,2,5
54065,1693226667700,1692254403460,1692254403463,1693226667708,8,3,5
54066,1693226667708,1692254403469,1692254403472,1693226667716,8,3,5
54067,1693226667716,1692254403477,1692254403480,1693226667724,8,3,5
54068,1693226667725,1692254403485,1692254403489,1693226667733,8,4,4
54069,1693226667733,1692254403494,1692254403497,1693226667741,8,3,5
54070,1693226667741,1692254403503,1692254403506,1693226667750,9,3,6
54071,1693226667750,1692254403509,1692254403512,1693226667756,6,3,3
54072,1693226667756,1692254403517,1692254403520,1693226667764,8,3,5
54073,1693226667764,1692254403524,1692254403527,1693226667772,8,3,5
54074,1693226667772,1692254403532,1692254403535,1693226667779,7,3,4
54075,1693226667779,1692254403539,1692254403543,1693226667787,8,4,4
54076,1693226667787,1692254403547,1692254403550,1693226667794,7,3,4
54077,1693226667794,1692254403555,1692254403560,1693226667804,10,5,5
54078,1693226667804,1692254403564,1692254403568,1693226667812,8,4,4
54079,1693226667812,1692254403572,1692254403575,1693226667820,8,3,5
54080,1693226667820,1692254403580,1692254403583,1693226667827,7,3,4
54081,1693226667827,1692254403587,1692254403590,1693226667834,7,3,4
54082,1693226667834,1692254403594,1692254403597,1693226667841,7,3,4
54083,1693226667841,1692254403605,1692254403608,1693226667852,11,3,8
54084,1693226667852,1692254403612,1692254403615,1693226667859,7,3,4
54085,1693226667859,1692254403620,1692254403623,1693226667867,8,3,5
54086,1693226667867,1692254403627,1692254403631,1693226667875,8,4,4
54087,1693226667875,1692254403635,1692254403637,1693226667882,7,2,5
54088,1693226667882,1692254403642,1692254403645,1693226667890,8,3,5
54089,1693226667890,1692254403650,1692254403653,1693226667897,7,3,4
54090,1693226667897,1692254403657,1692254403661,1693226667905,8,4,4
54091,1693226667905,1692254403665,1692254403668,1693226667912,7,3,4
54092,1693226667912,1692254403673,1692254403677,1693226667921,9,4,5
54093,1693226667921,1692254403681,1692254403684,1693226667929,8,3,5
54094,1693226667929,1692254403689,1692254403692,1693226667936,7,3,4
54095,1693226667936,1692254403696,1692254403700,1693226667944,8,4,4
54096,1693226667944,1692254403704,1692254403706,1693226667950,6,2,4
54097,1693226667950,1692254403713,1692254403717,1693226667961,11,4,7
54098,1693226667962,1692254403722,1692254403725,1693226667969,7,3,4
54099,1693226667969,1692254403729,1692254403733,1693226667977,8,4,4
54100,1693226667977,1692254403738,1692254403741,1693226667985,8,3,5
54101,1693226667985,1692254403745,1692254403748,1693226667992,7,3,4
54102,1693226667992,1692254403752,1692254403755,1693226668000,8,3,5
54103,1693226668000,1692254403760,1692254403763,1693226668007,7,3,4
54104,1693226668008,1692254403767,1692254403770,1693226668014,6,3,3
54105,1693226668014,1692254403774,1692254403777,1693226668021,7,3,4
54106,1693226668022,1692254403783,1692254403786,1693226668030,8,3,5
54107,1693226668030,1692254403790,1692254403793,1693226668037,7,3,4
54108,1693226668037,1692254403798,1692254403801,1693226668046,9,3,6
54109,1693226668046,1692254403810,1692254403813,1693226668058,12,3,9
54110,1693226668058,1692254403818,1692254403821,1693226668065,7,3,4
54111,1693226668065,1692254403825,1692254403828,1693226668072,7,3,4
54112,1693226668072,1692254403832,1692254403835,1693226668079,7,3,4
54113,1693226668079,1692254403840,1692254403844,1693226668088,9,4,5
54114,1693226668088,1692254403848,1692254403853,1693226668098,10,5,5
54115,1693226668098,1692254403858,1692254403861,1693226668105,7,3,4
54116,1693226668106,1692254403866,1692254403868,1693226668112,6,2,4
54117,1693226668112,1692254403873,1692254403876,1693226668120,8,3,5
54118,1693226668120,1692254403880,1692254403883,1693226668127,7,3,4
54119,1693226668127,1692254403886,1692254403889,1693226668134,7,3,4
54120,1693226668134,1692254403894,1692254403897,1693226668142,8,3,5
54121,1693226668142,1692254403908,1692254403910,1693226668155,13,2,11
54122,1693226668155,1692254403914,1692254403917,1693226668162,7,3,4
54123,1693226668162,1692254403922,1692254403925,1693226668170,8,3,5
54124,1693226668170,1692254403930,1692254403934,1693226668179,9,4,5
54125,1693226668179,1692254403939,1692254403942,1693226668187,8,3,5
54126,1693226668187,1692254403947,1692254403950,1693226668194,7,3,4
54127,1693226668194,1692254403954,1692254403957,1693226668202,8,3,5
54128,1693226668202,1692254403962,1692254403965,1693226668209,7,3,4
54129,1693226668209,1692254403969,1692254403972,1693226668216,7,3,4
54130,1693226668216,1692254403976,1692254403980,1693226668224,8,4,4
54131,1693226668224,1692254403984,1692254403987,1693226668231,7,3,4
54132,1693226668231,1692254403991,1692254403994,1693226668238,7,3,4
54133,1693226668238,1692254403998,1692254404002,1693226668246,8,4,4
54134,1693226668246,1692254404006,1692254404009,1693226668253,7,3,4
54135,1693226668253,1692254404015,1692254404019,1693226668263,10,4,6
54136,1693226668263,1692254404024,1692254404027,1693226668271,8,3,5
54137,1693226668271,1692254404031,1692254404035,1693226668279,8,4,4
54138,1693226668279,1692254404039,1692254404042,1693226668286,7,3,4
54139,1693226668286,1692254404046,1692254404049,1693226668293,7,3,4
54140,1693226668294,1692254404053,1692254404057,1693226668301,7,4,3
54141,1693226668301,1692254404061,1692254404064,1693226668309,8,3,5
54142,1693226668309,1692254404070,1692254404073,1693226668317,8,3,5
54143,1693226668317,1692254404077,1692254404079,1693226668324,7,2,5
54144,1693226668324,1692254404084,1692254404087,1693226668332,8,3,5
54145,1693226668332,1692254404092,1692254404096,1693226668340,8,4,4
54146,1693226668340,1692254404100,1692254404103,1693226668347,7,3,4
54147,1693226668347,1692254404107,1692254404110,1693226668354,7,3,4
54148,1693226668354,1692254404116,1692254404119,1693226668364,10,3,7
54149,1693226668364,1692254404125,1692254404128,1693226668372,8,3,5
54150,1693226668372,1692254404132,1692254404135,1693226668392,20,3,17
54151,1693226668392,1692254404152,1692254404157,1693226668402,10,5,5
54152,1693226668402,1692254404162,1692254404166,1693226668410,8,4,4
54153,1693226668410,1692254404171,1692254404174,1693226668418,8,3,5
54154,1693226668418,1692254404178,1692254404182,1693226668426,8,4,4
54155,1693226668426,1692254404188,1692254404192,1693226668436,10,4,6
54156,1693226668436,1692254404195,1692254404199,1693226668444,8,4,4
54157,1693226668444,1692254404204,1692254404208,1693226668452,8,4,4
54158,1693226668452,1692254404212,1692254404215,1693226668461,9,3,6
54159,1693226668461,1692254404222,1692254404225,1693226668469,8,3,5
54160,1693226668469,1692254404230,1692254404233,1693226668477,8,3,5
54161,1693226668477,1692254404237,1692254404240,1693226668484,7,3,4
54162,1693226668484,1692254404250,1692254404253,1693226668497,13,3,10
54163,1693226668497,1692254404257,1692254404260,1693226668504,7,3,4
54164,1693226668504,1692254404265,1692254404268,1693226668513,9,3,6
54165,1693226668513,1692254404273,1692254404275,1693226668519,6,2,4
54166,1693226668519,1692254404279,1692254404282,1693226668526,7,3,4
54167,1693226668526,1692254404287,1692254404291,1693226668535,9,4,5
54168,1693226668535,1692254404296,1692254404299,1693226668544,9,3,6
54169,1693226668544,1692254404304,1692254404308,1693226668552,8,4,4
54170,1693226668552,1692254404312,1692254404315,1693226668560,8,3,5
54171,1693226668560,1692254404322,1692254404325,1693226668570,10,3,7
54172,1693226668570,1692254404330,1692254404334,1693226668578,8,4,4
54173,1693226668578,1692254404338,1692254404341,1693226668585,7,3,4
54174,1693226668585,1692254404346,1692254404349,1693226668593,8,3,5
54175,1693226668593,1692254404353,1692254404356,1693226668600,7,3,4
54176,1693226668600,1692254404364,1692254404367,1693226668611,11,3,8
54177,1693226668611,1692254404371,1692254404374,1693226668619,8,3,5
54178,1693226668619,1692254404379,1692254404382,1693226668626,7,3,4
54179,1693226668626,1692254404386,1692254404389,1693226668634,8,3,5
54180,1693226668634,1692254404395,1692254404399,1693226668643,9,4,5
54181,1693226668643,1692254404403,1692254404406,1693226668652,9,3,6
54182,1693226668652,1692254404412,1692254404415,1693226668659,7,3,4
54183,1693226668659,1692254404420,1692254404425,1693226668669,10,5,5
54184,1693226668670,1692254404431,1692254404434,1693226668678,8,3,5
54185,1693226668678,1692254404438,1692254404441,1693226668686,8,3,5
54186,1693226668686,1692254404446,1692254404449,1693226668693,7,3,4
54187,1693226668693,1692254404453,1692254404458,1693226668702,9,5,4
54188,1693226668702,1692254404462,1692254404465,1693226668710,8,3,5
54189,1693226668710,1692254404470,1692254404473,1693226668717,7,3,4
54190,1693226668717,1692254404477,1692254404481,1693226668725,8,4,4
54191,1693226668725,1692254404484,1692254404487,1693226668732,7,3,4
54192,1693226668732,1692254404493,1692254404496,1693226668741,9,3,6
54193,1693226668741,1692254404501,1692254404504,1693226668749,8,3,5
54194,1693226668749,1692254404510,1692254404512,1693226668757,8,2,6
54195,1693226668757,1692254404517,1692254404520,1693226668764,7,3,4
54196,1693226668764,1692254404526,1692254404530,1693226668774,10,4,6
54197,1693226668774,1692254404534,1692254404537,1693226668781,7,3,4
54198,1693226668781,1692254404541,1692254404544,1693226668788,7,3,4
54199,1693226668788,1692254404548,1692254404551,1693226668795,7,3,4
54200,1693226668795,1692254404556,1692254404559,1693226668803,8,3,5
54201,1693226668803,1692254404563,1692254404565,1693226668809,6,2,4
54202,1693226668809,1692254404569,1692254404572,1693226668816,7,3,4
54203,1693226668816,1692254404576,1692254404579,1693226668823,7,3,4
54204,1693226668823,1692254404583,1692254404586,1693226668831,8,3,5
54205,1693226668831,1692254404591,1692254404594,1693226668839,8,3,5
54206,1693226668839,1692254404600,1692254404603,1693226668847,8,3,5
54207,1693226668847,1692254404606,1692254404610,1693226668854,7,4,3
54208,1693226668854,1692254404615,1692254404617,1693226668862,8,2,6
54209,1693226668862,1692254404622,1692254404625,1693226668871,9,3,6
54210,1693226668871,1692254404631,1692254404634,1693226668879,8,3,5
54211,1693226668879,1692254404639,1692254404642,1693226668886,7,3,4
54212,1693226668886,1692254404646,1692254404649,1693226668893,7,3,4
54213,1693226668893,1692254404658,1692254404661,1693226668906,13,3,10
54214,1693226668906,1692254404666,1692254404669,1693226668913,7,3,4
54215,1693226668913,1692254404673,1692254404676,1693226668920,7,3,4
54216,1693226668920,1692254404680,1692254404683,1693226668927,7,3,4
54217,1693226668927,1692254404687,1692254404691,1693226668935,8,4,4
54218,1693226668935,1692254404695,1692254404699,1693226668943,8,4,4
54219,1693226668943,1692254404703,1692254404706,1693226668950,7,3,4
54220,1693226668950,1692254404710,1692254404713,1693226668958,8,3,5
54221,1693226668958,1692254404718,1692254404722,1693226668966,8,4,4
54222,1693226668966,1692254404726,1692254404728,1693226668974,8,2,6
54223,1693226668974,1692254404735,1692254404738,1693226668982,8,3,5
54224,1693226668982,1692254404743,1692254404747,1693226668992,10,4,6
54225,1693226668992,1692254404752,1692254404755,1693226669000,8,3,5
54226,1693226669000,1692254404760,1692254404763,1693226669007,7,3,4
54227,1693226669007,1692254404767,1692254404771,1693226669015,8,4,4
54228,1693226669015,1692254404775,1692254404778,1693226669022,7,3,4
54229,1693226669022,1692254404782,1692254404785,1693226669029,7,3,4
54230,1693226669029,1692254404790,1692254404793,1693226669037,8,3,5
54231,1693226669037,1692254404797,1692254404801,1693226669046,9,4,5
54232,1693226669046,1692254404806,1692254404810,1693226669054,8,4,4
54233,1693226669054,1692254404814,1692254404816,1693226669061,7,2,5
54234,1693226669061,1692254404821,1692254404824,1693226669068,7,3,4
54235,1693226669069,1692254404829,1692254404831,1693226669076,7,2,5
54236,1693226669076,1692254404836,1692254404839,1693226669083,7,3,4
54237,1693226669083,1692254404844,1692254404848,1693226669092,9,4,5
54238,1693226669092,1692254404851,1692254404854,1693226669098,6,3,3
54239,1693226669098,1692254404858,1692254404861,1693226669106,8,3,5
54240,1693226669106,1692254404866,1692254404869,1693226669113,7,3,4
54241,1693226669113,1692254404873,1692254404877,1693226669121,8,4,4
54242,1693226669121,1692254404881,1692254404884,1693226669128,7,3,4
54243,1693226669128,1692254404889,1692254404892,1693226669135,7,3,4
54244,1693226669136,1692254404895,1692254404898,1693226669143,7,3,4
54245,1693226669143,1692254404904,1692254404907,1693226669151,8,3,5
54246,1693226669151,1692254404912,1692254404915,1693226669159,8,3,5
54247,1693226669159,1692254404920,1692254404923,1693226669167,8,3,5
54248,1693226669167,1692254404927,1692254404930,1693226669174,7,3,4
54249,1693226669174,1692254404936,1692254404940,1693226669184,10,4,6
54250,1693226669184,1692254404944,1692254404948,1693226669192,8,4,4
54251,1693226669192,1692254404952,1692254404955,1693226669199,7,3,4
54252,1693226669199,1692254404959,1692254404962,1693226669206,7,3,4
54253,1693226669206,1692254404967,1692254404970,1693226669214,8,3,5
54254,1693226669214,1692254404974,1692254404977,1693226669221,7,3,4
54255,1693226669221,1692254404980,1692254404984,1693226669228,7,4,3
54256,1693226669228,1692254404988,1692254404992,1693226669236,8,4,4
54257,1693226669236,1692254404996,1692254404999,1693226669244,8,3,5
54258,1693226669244,1692254405005,1692254405009,1693226669253,9,4,5
54259,1693226669253,1692254405014,1692254405016,1693226669261,8,2,6
54260,1693226669261,1692254405022,1692254405025,1693226669269,8,3,5
54261,1693226669269,1692254405029,1692254405034,1693226669280,11,5,6
54262,1693226669280,1692254405041,1692254405043,1693226669288,8,2,6
54263,1693226669288,1692254405048,1692254405052,1693226669296,8,4,4
54264,1693226669296,1692254405057,1692254405060,1693226669305,9,3,6
54265,1693226669305,1692254405065,1692254405069,1693226669313,8,4,4
54266,1693226669313,1692254405073,1692254405077,1693226669321,8,4,4
54267,1693226669321,1692254405082,1692254405085,1693226669330,9,3,6
54268,1693226669330,1692254405090,1692254405093,1693226669338,8,3,5
54269,1693226669338,1692254405098,1692254405101,1693226669345,7,3,4
54270,1693226669345,1692254405107,1692254405110,1693226669354,9,3,6
54271,1693226669355,1692254405115,1692254405118,1693226669363,8,3,5
54272,1693226669363,1692254405124,1692254405127,1693226669371,8,3,5
54273,1693226669372,1692254405132,1692254405135,1693226669379,7,3,4
54274,1693226669379,1692254405142,1692254405145,1693226669389,10,3,7
54275,1693226669389,1692254405149,1692254405152,1693226669396,7,3,4
54276,1693226669396,1692254405157,1692254405160,1693226669405,9,3,6
54277,1693226669405,1692254405165,1692254405168,1693226669412,7,3,4
54278,1693226669412,1692254405174,1692254405178,1693226669425,13,4,9
54279,1693226669425,1692254405185,1692254405188,1693226669433,8,3,5
54280,1693226669433,1692254405193,1692254405196,1693226669441,8,3,5
54281,1693226669441,1692254405200,1692254405204,1693226669448,7,4,3
54282,1693226669448,1692254405209,1692254405212,1693226669457,9,3,6
54283,1693226669457,1692254405217,1692254405220,1693226669464,7,3,4
54284,1693226669464,1692254405224,1692254405227,1693226669472,8,3,5
54285,1693226669472,1692254405232,1692254405235,1693226669479,7,3,4
54286,1693226669479,1692254405239,1692254405242,1693226669486,7,3,4
54287,1693226669486,1692254405246,1692254405250,1693226669494,8,4,4
54288,1693226669494,1692254405254,1692254405257,1693226669501,7,3,4
54289,1693226669501,1692254405261,1692254405264,1693226669509,8,3,5
54290,1693226669509,1692254405268,1692254405271,1693226669515,6,3,3
54291,1693226669515,1692254405276,1692254405278,1693226669523,8,2,6
54292,1693226669523,1692254405282,1692254405286,1693226669530,7,4,3
54293,1693226669530,1692254405291,1692254405294,1693226669538,8,3,5
54294,1693226669538,1692254405298,1692254405301,1693226669545,7,3,4
54295,1693226669545,1692254405305,1692254405308,1693226669553,8,3,5
54296,1693226669553,1692254405313,1692254405317,1693226669561,8,4,4
54297,1693226669561,1692254405321,1692254405324,1693226669569,8,3,5
54298,1693226669569,1692254405329,1692254405334,1693226669578,9,5,4
54299,1693226669578,1692254405338,1692254405341,1693226669587,9,3,6
54300,1693226669587,1692254405347,1692254405350,1693226669594,7,3,4
54301,1693226669594,1692254405355,1692254405358,1693226669602,8,3,5
54302,1693226669602,1692254405362,1692254405365,1693226669610,8,3,5
54303,1693226669610,1692254405370,1692254405373,1693226669617,7,3,4
54304,1693226669617,1692254405378,1692254405380,1693226669624,7,2,5
54305,1693226669624,1692254405384,1692254405387,1693226669631,7,3,4
54306,1693226669631,1692254405391,1692254405395,1693226669639,8,4,4
54307,1693226669639,1692254405401,1692254405405,1693226669649,10,4,6
54308,1693226669649,1692254405415,1692254405419,1693226669663,14,4,10
54309,1693226669663,1692254405424,1692254405427,1693226669671,8,3,5
54310,1693226669671,1692254405431,1692254405435,1693226669679,8,4,4
54311,1693226669679,1692254405440,1692254405444,1693226669690,11,4,7
54312,1693226669690,1692254405452,1692254405455,1693226669699,9,3,6
54313,1693226669699,1692254405459,1692254405463,1693226669707,8,4,4
54314,1693226669707,1692254405467,1692254405470,1693226669714,7,3,4
54315,1693226669715,1692254405474,1692254405477,1693226669721,6,3,3
54316,1693226669721,1692254405481,1692254405484,1693226669729,8,3,5
54317,1693226669729,1692254405489,1692254405492,1693226669737,8,3,5
54318,1693226669737,1692254405497,1692254405501,1693226669745,8,4,4
54319,1693226669745,1692254405505,1692254405508,1693226669752,7,3,4
54320,1693226669752,1692254405512,1692254405515,1693226669759,7,3,4
54321,1693226669759,1692254405520,1692254405523,1693226669767,8,3,5
54322,1693226669767,1692254405528,1692254405530,1693226669774,7,2,5
54323,1693226669774,1692254405534,1692254405537,1693226669781,7,3,4
54324,1693226669781,1692254405542,1692254405544,1693226669789,8,2,6
54325,1693226669789,1692254405550,1692254405554,1693226669798,9,4,5
54326,1693226669798,1692254405558,1692254405561,1693226669805,7,3,4
54327,1693226669805,1692254405571,1692254405574,1693226669818,13,3,10
54328,1693226669818,1692254405579,1692254405582,1693226669826,8,3,5
54329,1693226669826,1692254405586,1692254405589,1693226669833,7,3,4
54330,1693226669833,1692254405594,1692254405598,1693226669842,9,4,5
54331,1693226669842,1692254405602,1692254405605,1693226669849,7,3,4
54332,1693226669849,1692254405609,1692254405613,1693226669857,8,4,4
54333,1693226669857,1692254405617,1692254405621,1693226669865,8,4,4
54334,1693226669865,1692254405625,1692254405630,1693226669874,9,5,4
54335,1693226669874,1692254405636,1692254405640,1693226669884,10,4,6
54336,1693226669884,1692254405644,1692254405647,1693226669891,7,3,4
54337,1693226669891,1692254405653,1692254405657,1693226669901,10,4,6
54338,1693226669901,1692254405661,1692254405665,1693226669909,8,4,4
54339,1693226669909,1692254405669,1692254405673,1693226669917,8,4,4
54340,1693226669917,1692254405676,1692254405681,1693226669925,8,5,3
54341,1693226669925,1692254405684,1692254405688,1693226669933,8,4,4
54342,1693226669933,1692254405693,1692254405696,1693226669940,7,3,4
54343,1693226669940,1692254405700,1692254405703,1693226669947,7,3,4
54344,1693226669947,1692254405707,1692254405710,1693226669954,7,3,4
54345,1693226669954,1692254405714,1692254405717,1693226669961,7,3,4
54346,1693226669961,1692254405721,1692254405725,1693226669969,8,4,4
54347,1693226669969,1692254405729,1692254405733,1693226669977,8,4,4
54348,1693226669977,1692254405737,1692254405740,1693226669985,8,3,5
54349,1693226669985,1692254405745,1692254405748,1693226669992,7,3,4
54350,1693226669992,1692254405752,1692254405755,1693226670000,8,3,5
54351,1693226670000,1692254405760,1692254405763,1693226670007,7,3,4
54352,1693226670007,1692254405767,1692254405770,1693226670014,7,3,4
54353,1693226670014,1692254405775,1692254405778,1693226670022,8,3,5
54354,1693226670022,1692254405785,1692254405788,1693226670032,10,3,7
54355,1693226670032,1692254405793,1692254405795,1693226670039,7,2,5
54356,1693226670039,1692254405799,1692254405802,1693226670047,8,3,5
54357,1693226670047,1692254405807,1692254405811,1693226670055,8,4,4
54358,1693226670055,1692254405815,1692254405818,1693226670062,7,3,4
54359,1693226670062,1692254405823,1692254405826,1693226670071,9,3,6
54360,1693226670071,1692254405831,1692254405835,1693226670078,7,4,3
54361,1693226670078,1692254405838,1692254405841,1693226670086,8,3,5
54362,1693226670086,1692254405846,1692254405849,1693226670093,7,3,4
54363,1693226670093,1692254405853,1692254405856,1693226670101,8,3,5
54364,1693226670101,1692254405860,1692254405864,1693226670108,7,4,3
54365,1693226670108,1692254405869,1692254405872,1693226670116,8,3,5
54366,1693226670116,1692254405876,1692254405878,1693226670122,6,2,4
54367,1693226670122,1692254405883,1692254405887,1693226670131,9,4,5
54368,1693226670131,1692254405891,1692254405894,1693226670138,7,3,4
54369,1693226670138,1692254405899,1692254405902,1693226670146,8,3,5
54370,1693226670146,1692254405906,1692254405909,1693226670153,7,3,4
54371,1693226670153,1692254405913,1692254405917,1693226670161,8,4,4
54372,1693226670161,1692254405921,1692254405924,1693226670168,7,3,4
54373,1693226670168,1692254405930,1692254405933,1693226670176,8,3,5
54374,1693226670176,1692254405936,1692254405940,1693226670184,8,4,4
54375,1693226670184,1692254405944,1692254405947,1693226670192,8,3,5
54376,1693226670192,1692254405952,1692254405956,1693226670202,10,4,6
54377,1693226670202,1692254405962,1692254405965,1693226670209,7,3,4
54378,1693226670209,1692254405969,1692254405972,1693226670217,8,3,5
54379,1693226670217,1692254405977,1692254405980,1693226670224,7,3,4
54380,1693226670224,1692254405984,1692254405988,1693226670232,8,4,4
54381,1693226670232,1692254405992,1692254405996,1693226670240,8,4,4
54382,1693226670240,1692254406002,1692254406006,1693226670250,10,4,6
54383,1693226670250,1692254406010,1692254406013,1693226670257,7,3,4
54384,1693226670257,1692254406017,1692254406020,1693226670264,7,3,4
54385,1693226670264,1692254406025,1692254406028,1693226670272,8,3,5
54386,1693226670272,1692254406032,1692254406035,1693226670279,7,3,4
54387,1693226670279,1692254406040,1692254406042,1693226670286,7,2,5
54388,1693226670286,1692254406046,1692254406049,1693226670294,8,3,5
54389,1693226670294,1692254406054,1692254406058,1693226670304,10,4,6
54390,1693226670304,1692254406064,1692254406068,1693226670312,8,4,4
54391,1693226670312,1692254406071,1692254406076,1693226670320,8,5,3
54392,1693226670320,1692254406081,1692254406084,1693226670328,8,3,5
54393,1693226670328,1692254406088,1692254406091,1693226670335,7,3,4
54394,1693226670335,1692254406095,1692254406098,1693226670342,7,3,4
54395,1693226670342,1692254406102,1692254406105,1693226670349,7,3,4
54396,1693226670349,1692254406109,1692254406112,1693226670356,7,3,4
54397,1693226670356,1692254406117,1692254406120,1693226670364,8,3,5
54398,1693226670364,1692254406124,1692254406127,1693226670371,7,3,4
54399,1693226670371,1692254406131,1692254406135,1693226670379,8,4,4
54400,1693226670379,1692254406139,1692254406143,1693226670387,8,4,4
54401,1693226670387,1692254406156,1692254406160,1693226670406,19,4,15
54402,1693226670406,1692254406166,1692254406169,1693226670414,8,3,5
54403,1693226670414,1692254406174,1692254406178,1693226670422,8,4,4
54404,1693226670422,1692254406182,1692254406185,1693226670430,8,3,5
54405,1693226670430,1692254406190,1692254406193,1693226670437,7,3,4
54406,1693226670437,1692254406197,1692254406200,1693226670444,7,3,4
54407,1693226670444,1692254406203,1692254406206,1693226670450,6,3,3
54408,1693226670450,1692254406210,1692254406215,1693226670459,9,5,4
54409,1693226670459,1692254406219,1692254406223,1693226670467,8,4,4
54410,1693226670467,1692254406227,1692254406230,1693226670475,8,3,5
54411,1693226670475,1692254406235,1692254406238,1693226670482,7,3,4
54412,1693226670482,1692254406243,1692254406246,1693226670490,8,3,5
54413,1693226670490,1692254406251,1692254406253,1693226670498,8,2,6
54414,1693226670498,1692254406258,1692254406261,1693226670505,7,3,4
54415,1693226670505,1692254406267,1692254406270,1693226670514,9,3,6
54416,1693226670514,1692254406275,1692254406279,1693226670523,9,4,5
54417,1693226670523,1692254406283,1692254406286,1693226670531,8,3,5
54418,1693226670531,1692254406291,1692254406294,1693226670539,8,3,5
54419,1693226670539,1692254406299,1692254406302,1693226670547,8,3,5
54420,1693226670547,1692254406307,1692254406310,1693226670554,7,3,4
54421,1693226670554,1692254406315,1692254406318,1693226670562,8,3,5
54422,1693226670562,1692254406322,1692254406325,1693226670569,7,3,4
54423,1693226670569,1692254406329,1692254406332,1693226670576,7,3,4
54424,1693226670576,1692254406336,1692254406339,1693226670583,7,3,4
54425,1693226670583,1692254406343,1692254406347,1693226670591,8,4,4
54426,1693226670591,1692254406351,1692254406354,1693226670598,7,3,4
54427,1693226670598,1692254406359,1692254406361,1693226670606,8,2,6
54428,1693226670606,1692254406366,1692254406368,1693226670612,6,2,4
54429,1693226670612,1692254406372,1692254406375,1693226670619,7,3,4
54430,1693226670619,1692254406380,1692254406383,1693226670627,8,3,5
54431,1693226670627,1692254406387,1692254406390,1693226670634,7,3,4
54432,1693226670634,1692254406394,1692254406398,1693226670643,9,4,5
54433,1693226670643,1692254406403,1692254406406,1693226670650,7,3,4
54434,1693226670650,1692254406410,1692254406413,1693226670657,7,3,4
54435,1693226670657,1692254406422,1692254406425,1693226670669,12,3,9
54436,1693226670669,1692254406431,1692254406436,1693226670680,11,5,6
54437,1693226670680,1692254406441,1692254406446,1693226670690,10,5,5
54438,1693226670690,1692254406450,1692254406452,1693226670697,7,2,5
54439,1693226670697,1692254406457,1692254406460,1693226670704,7,3,4
54440,1693226670704,1692254406465,1692254406468,1693226670714,10,3,7
54441,1693226670714,1692254406474,1692254406476,1693226670720,6,2,4
54442,1693226670720,1692254406480,1692254406483,1693226670727,7,3,4
54443,1693226670727,1692254406490,1692254406495,1693226670740,13,5,8
54444,1693226670740,1692254406499,1692254406502,1693226670747,7,3,4
54445,1693226670747,1692254406507,1692254406510,1693226670754,7,3,4
54446,1693226670754,1692254406514,1692254406518,1693226670762,8,4,4
54447,1693226670762,1692254406522,1692254406525,1693226670770,8,3,5
54448,1693226670770,1692254406530,1692254406533,1693226670778,8,3,5
54449,1693226670778,1692254406537,1692254406540,1693226670785,7,3,4
54450,1693226670785,1692254406545,1692254406548,1693226670793,8,3,5
54451,1693226670793,1692254406553,1692254406556,1693226670800,7,3,4
54452,1693226670800,1692254406561,1692254406565,1693226670809,9,4,5
54453,1693226670809,1692254406569,1692254406572,1693226670816,7,3,4
54454,1693226670816,1692254406576,1692254406579,1693226670823,7,3,4
54455,1693226670823,1692254406583,1692254406586,1693226670830,7,3,4
54456,1693226670830,1692254406590,1692254406593,1693226670837,7,3,4
54457,1693226670837,1692254406597,1692254406600,1693226670845,8,3,5
54458,1693226670845,1692254406606,1692254406609,1693226670853,8,3,5
54459,1693226670853,1692254406613,1692254406616,1693226670860,7,3,4
54460,1693226670860,1692254406621,1692254406624,1693226670868,8,3,5
54461,1693226670868,1692254406628,1692254406631,1693226670875,7,3,4
54462,1693226670875,1692254406635,1692254406638,1693226670882,7,3,4
54463,1693226670883,1692254406643,1692254406646,1693226670890,7,3,4
54464,1693226670890,1692254406650,1692254406654,1693226670898,8,4,4
54465,1693226670898,1692254406657,1692254406660,1693226670905,7,3,4
54466,1693226670905,1692254406665,1692254406669,1693226670913,8,4,4
54467,1693226670913,1692254406673,1692254406677,1693226670921,8,4,4
54468,1693226670921,1692254406682,1692254406685,1693226670929,8,3,5
54469,1693226670929,1692254406690,1692254406693,1693226670937,8,3,5
54470,1693226670937,1692254406697,1692254406701,1693226670945,8,4,4
54471,1693226670945,1692254406706,1692254406710,1693226670954,9,4,5
54472,1693226670954,1692254406714,1692254406717,1693226670962,8,3,5
54473,1693226670962,1692254406722,1692254406725,1693226670969,7,3,4
54474,1693226670969,1692254406730,1692254406733,1693226670977,8,3,5
54475,1693226670977,1692254406737,1692254406741,1693226670985,8,4,4
54476,1693226670985,1692254406746,1692254406749,1693226670993,8,3,5
54477,1693226670993,1692254406753,1692254406755,1693226671000,7,2,5
54478,1693226671000,1692254406759,1692254406764,1693226671008,8,5,3
54479,1693226671008,1692254406769,1692254406772,1693226671015,7,3,4
54480,1693226671015,1692254406775,1692254406779,1693226671023,8,4,4
54481,1693226671023,1692254406783,1692254406786,1693226671031,8,3,5
54482,1693226671031,1692254406790,1692254406793,1693226671038,7,3,4
54483,1693226671038,1692254406798,1692254406801,1693226671045,7,3,4
54484,1693226671045,1692254406805,1692254406808,1693226671053,8,3,5
54485,1693226671053,1692254406813,1692254406816,1693226671060,7,3,4
54486,1693226671060,1692254406821,1692254406824,1693226671068,8,3,5
54487,1693226671068,1692254406830,1692254406833,1693226671077,9,3,6
54488,1693226671078,1692254406838,1692254406841,1693226671085,7,3,4
54489,1693226671085,1692254406854,1692254406857,1693226671101,16,3,13
54490,1693226671101,1692254406861,1692254406865,1693226671109,8,4,4
54491,1693226671109,1692254406869,1692254406872,1693226671117,8,3,5
54492,1693226671117,1692254406877,1692254406880,1693226671124,7,3,4
54493,1693226671124,1692254406884,1692254406888,1693226671132,8,4,4
54494,1693226671132,1692254406892,1692254406896,1693226671140,8,4,4
54495,1693226671140,1692254406902,1692254406905,1693226671150,10,3,7
54496,1693226671150,1692254406914,1692254406917,1693226671161,11,3,8
54497,1693226671161,1692254406921,1692254406924,1693226671169,8,3,5
54498,1693226671169,1692254406929,1692254406933,1693226671177,8,4,4
54499,1693226671177,1692254406937,1692254406940,1693226671184,7,3,4
54500,1693226671184,1692254406944,1692254406947,1693226671191,7,3,4
54501,1693226671191,1692254406952,1692254406955,1693226671199,8,3,5
54502,1693226671199,1692254406959,1692254406962,1693226671207,8,3,5
54503,1693226671207,1692254406967,1692254406970,1693226671214,7,3,4
54504,1693226671214,1692254406975,1692254406977,1693226671221,7,2,5
54505,1693226671221,1692254406981,1692254406984,1693226671229,8,3,5
54506,1693226671229,1692254406990,1692254406993,1693226671238,9,3,6
54507,1693226671238,1692254406998,1692254407001,1693226671246,8,3,5
54508,1693226671246,1692254407006,1692254407010,1693226671254,8,4,4
54509,1693226671254,1692254407016,1692254407019,1693226671264,10,3,7
54510,1693226671264,1692254407024,1692254407027,1693226671271,7,3,4
54511,1693226671271,1692254407032,1692254407035,1693226671279,8,3,5
54512,1693226671279,1692254407039,1692254407043,1693226671287,8,4,4
54513,1693226671287,1692254407047,1692254407050,1693226671294,7,3,4
54514,1693226671295,1692254407055,1692254407058,1693226671302,7,3,4
54515,1693226671302,1692254407062,1692254407067,1693226671311,9,5,4
54516,1693226671311,1692254407071,1692254407075,1693226671319,8,4,4
54517,1693226671319,1692254407080,1692254407083,1693226671328,9,3,6
54518,1693226671328,1692254407089,1692254407092,1693226671336,8,3,5
54519,1693226671336,1692254407096,1692254407099,1693226671343,7,3,4
54520,1693226671343,1692254407103,1692254407106,1693226671350,7,3,4
54521,1693226671350,1692254407110,1692254407113,1693226671358,8,3,5
54522,1693226671358,1692254407118,1692254407121,1693226671365,7,3,4
54523,1693226671365,1692254407125,1692254407129,1693226671373,8,4,4
54524,1693226671373,1692254407133,1692254407136,1693226671380,7,3,4
54525,1693226671380,1692254407141,1692254407144,1693226671388,8,3,5
54526,1693226671388,1692254407148,1692254407151,1693226671395,7,3,4
54527,1693226671395,1692254407156,1692254407158,1693226671403,8,2,6
54528,1693226671403,1692254407163,1692254407166,1693226671410,7,3,4
54529,1693226671410,1692254407170,1692254407174,1693226671418,8,4,4
54530,1693226671418,1692254407178,1692254407181,1693226671425,7,3,4
54531,1693226671425,1692254407185,1692254407189,1693226671433,8,4,4
54532,1693226671433,1692254407194,1692254407197,1693226671441,8,3,5
54533,1693226671441,1692254407201,1692254407204,1693226671449,8,3,5
54534,1693226671449,1692254407209,1692254407213,1693226671457,8,4,4
54535,1693226671457,1692254407218,1692254407220,1693226671465,8,2,6
54536,1693226671465,1692254407225,1692254407229,1693226671473,8,4,4
54537,1693226671473,1692254407233,1692254407236,1693226671481,8,3,5
54538,1693226671481,1692254407241,1692254407244,1693226671488,7,3,4
54539,1693226671488,1692254407252,1692254407255,1693226671500,12,3,9
54540,1693226671500,1692254407260,1692254407263,1693226671507,7,3,4
54541,1693226671507,1692254407271,1692254407274,1693226671518,11,3,8
54542,1693226671518,1692254407278,1692254407282,1693226671526,8,4,4
54543,1693226671526,1692254407287,1692254407290,1693226671534,8,3,5
54544,1693226671535,1692254407295,1692254407299,1693226671543,8,4,4
54545,1693226671543,1692254407303,1692254407307,1693226671551,8,4,4
54546,1693226671551,1692254407311,1692254407314,1693226671558,7,3,4
54547,1693226671558,1692254407318,1692254407321,1693226671565,7,3,4
54548,1693226671565,1692254407326,1692254407330,1693226671574,9,4,5
54549,1693226671574,1692254407334,1692254407337,1693226671582,8,3,5
54550,1693226671582,1692254407342,1692254407345,1693226671589,7,3,4
54551,1693226671589,1692254407349,1692254407353,1693226671597,8,4,4
54552,1693226671598,1692254407358,1692254407362,1693226671606,8,4,4
54553,1693226671606,1692254407366,1692254407370,1693226671615,9,4,5
54554,1693226671615,1692254407375,1692254407378,1693226671622,7,3,4
54555,1693226671623,1692254407383,1692254407387,1693226671631,8,4,4
54556,1693226671631,1692254407393,1692254407396,1693226671640,9,3,6
54557,1693226671640,1692254407400,1692254407403,1693226671647,7,3,4
54558,1693226671647,1692254407408,1692254407411,1693226671655,8,3,5
54559,1693226671655,1692254407415,1692254407419,1693226671663,8,4,4
54560,1693226671663,1692254407427,1692254407431,1693226671675,12,4,8
54561,1693226671675,1692254407435,1692254407437,1693226671682,7,2,5
54562,1693226671682,1692254407442,1692254407446,1693226671690,8,4,4
54563,1693226671690,1692254407450,1692254407454,1693226671698,8,4,4
54564,1693226671698,1692254407458,1692254407461,1693226671705,7,3,4
54565,1693226671706,1692254407466,1692254407470,1693226671714,8,4,4
54566,1693226671714,1692254407474,1692254407477,1693226671721,7,3,4
54567,1693226671721,1692254407481,1692254407485,1693226671729,8,4,4
54568,1693226671729,1692254407489,1692254407491,1693226671738,9,2,7
54569,1693226671738,1692254407498,1692254407502,1693226671746,8,4,4
54570,1693226671746,1692254407506,1692254407510,1693226671754,8,4,4
54571,1693226671754,1692254407514,1692254407517,1693226671761,7,3,4
54572,1693226671761,1692254407522,1692254407525,1693226671769,8,3,5
54573,1693226671769,1692254407530,1692254407533,1693226671777,8,3,5
54574,1693226671777,1692254407538,1692254407541,1693226671785,8,3,5
54575,1693226671785,1692254407545,1692254407548,1693226671792,7,3,4
54576,1693226671792,1692254407552,1692254407555,1693226671799,7,3,4
54577,1693226671799,1692254407559,1692254407563,1693226671807,8,4,4
54578,1693226671807,1692254407567,1692254407569,1693226671813,6,2,4
54579,1693226671813,1692254407573,1692254407575,1693226671819,6,2,4
54580,1693226671819,1692254407579,1692254407582,1693226671826,7,3,4
54581,1693226671827,1692254407587,1692254407591,1693226671835,8,4,4
54582,1693226671835,1692254407594,1692254407597,1693226671841,6,3,3
54583,1693226671841,1692254407601,1692254407604,1693226671848,7,3,4
54584,1693226671848,1692254407608,1692254407611,1693226671855,7,3,4
54585,1693226671855,1692254407616,1692254407619,1693226671863,8,3,5
54586,1693226671863,1692254407623,1692254407627,1693226671871,8,4,4
54587,1693226671871,1692254407631,1692254407635,1693226671879,8,4,4
54588,1693226671879,1692254407639,1692254407643,1693226671887,8,4,4
54589,1693226671887,1692254407651,1692254407654,1693226671899,12,3,9
54590,1693226671899,1692254407659,1692254407664,1693226671908,9,5,4
54591,1693226671908,1692254407671,1692254407673,1693226671917,9,2,7
54592,1693226671917,1692254407677,1692254407680,1693226671924,7,3,4
54593,1693226671924,1692254407685,1692254407688,1693226671932,8,3,5
54594,1693226671932,1692254407692,1692254407696,1693226671942,10,4,6
54595,1693226671942,1692254407703,1692254407706,1693226671951,9,3,6
54596,1693226671951,1692254407711,1692254407714,1693226671958,7,3,4
54597,1693226671958,1692254407719,1692254407722,1693226671967,9,3,6
54598,1693226671967,1692254407727,1692254407731,1693226671975,8,4,4
54599,1693226671975,1692254407735,1692254407738,1693226671982,7,3,4
54600,1693226671982,1692254407743,1692254407746,1693226671990,8,3,5
54601,1693226671990,1692254407751,1692254407754,1693226671998,8,3,5
54602,1693226671998,1692254407758,1692254407760,1693226672005,7,2,5
54603,1693226672005,1692254407766,1692254407769,1693226672013,8,3,5
54604,1693226672013,1692254407773,1692254407776,1693226672021,8,3,5
54605,1693226672021,1692254407782,1692254407786,1693226672030,9,4,5
54606,1693226672030,1692254407791,1692254407793,1693226672038,8,2,6
54607,1693226672038,1692254407798,1692254407801,1693226672046,8,3,5
54608,1693226672046,1692254407807,1692254407810,1693226672054,8,3,5
54609,1693226672054,1692254407815,1692254407818,1693226672063,9,3,6
54610,1693226672064,1692254407824,1692254407828,1693226672072,8,4,4
54611,1693226672072,1692254407833,1692254407836,1693226672080,8,3,5
54612,1693226672080,1692254407840,1692254407843,1693226672087,7,3,4
54613,1693226672087,1692254407847,1692254407850,1693226672094,7,3,4
54614,1693226672094,1692254407855,1692254407858,1693226672102,8,3,5
54615,1693226672102,1692254407862,1692254407865,1693226672110,8,3,5
54616,1693226672110,1692254407871,1692254407875,1693226672120,10,4,6
54617,1693226672120,1692254407880,1692254407883,1693226672127,7,3,4
54618,1693226672127,1692254407887,1692254407891,1693226672135,8,4,4
54619,1693226672135,1692254407896,1692254407899,1693226672143,8,3,5
54620,1693226672143,1692254407906,1692254407912,1693226672156,13,6,7
54621,1693226672156,1692254407917,1692254407920,1693226672164,8,3,5
54622,1693226672164,1692254407926,1692254407929,1693226672174,10,3,7
54623,1693226672174,1692254407935,1692254407938,1693226672182,8,3,5
54624,1693226672182,1692254407942,1692254407945,1693226672190,8,3,5
54625,1693226672190,1692254407950,1692254407953,1693226672198,8,3,5
54626,1693226672198,1692254407957,1692254407961,1693226672205,7,4,3
54627,1693226672205,1692254407965,1692254407968,1693226672212,7,3,4
54628,1693226672212,1692254407974,1692254407978,1693226672222,10,4,6
54629,1693226672222,1692254407982,1692254407986,1693226672230,8,4,4
54630,1693226672230,1692254407990,1692254407993,1693226672238,8,3,5
54631,1693226672238,1692254407998,1692254408001,1693226672245,7,3,4
54632,1693226672245,1692254408008,1692254408011,1693226672255,10,3,7
54633,1693226672255,1692254408015,1692254408019,1693226672263,8,4,4
54634,1693226672263,1692254408024,1692254408027,1693226672271,8,3,5
54635,1693226672271,1692254408031,1692254408034,1693226672280,9,3,6
54636,1693226672280,1692254408040,1692254408043,1693226672287,7,3,4
54637,1693226672287,1692254408047,1692254408050,1693226672294,7,3,4
54638,1693226672294,1692254408054,1692254408058,1693226672302,8,4,4
54639,1693226672302,1692254408062,1692254408065,1693226672309,7,3,4
54640,1693226672309,1692254408069,1692254408073,1693226672318,9,4,5
54641,1693226672318,1692254408078,1692254408081,1693226672325,7,3,4
54642,1693226672325,1692254408085,1692254408088,1693226672332,7,3,4
54643,1693226672332,1692254408092,1692254408095,1693226672339,7,3,4
54644,1693226672339,1692254408099,1692254408102,1693226672346,7,3,4
54645,1693226672346,1692254408106,1692254408110,1693226672354,8,4,4
54646,1693226672354,1692254408114,1692254408117,1693226672361,7,3,4
54647,1693226672362,1692254408122,1692254408124,1693226672368,6,2,4
54648,1693226672368,1692254408138,1692254408141,1693226672386,18,3,15
54649,1693226672386,1692254408146,1692254408150,1693226672394,8,4,4
54650,1693226672394,1692254408158,1692254408161,1693226672406,12,3,9
54651,1693226672406,1692254408167,1692254408170,1693226672414,8,3,5
54652,1693226672414,1692254408175,1692254408178,1693226672422,8,3,5
54653,1693226672422,1692254408183,1692254408186,1693226672431,9,3,6
54654,1693226672431,1692254408191,1692254408194,1693226672438,7,3,4
54655,1693226672438,1692254408198,1692254408201,1693226672445,7,3,4
54656,1693226672446,1692254408206,1692254408209,1693226672455,9,3,6
54657,1693226672455,1692254408215,1692254408218,1693226672463,8,3,5
54658,1693226672463,1692254408223,1692254408225,1693226672470,7,2,5
54659,1693226672470,1692254408230,1692254408234,1693226672478,8,4,4
54660,1693226672478,1692254408238,1692254408241,1693226672485,7,3,4
54661,1693226672486,1692254408246,1692254408249,1693226672494,8,3,5
54662,1693226672494,1692254408254,1692254408257,1693226672501,7,3,4
54663,1693226672501,1692254408262,1692254408267,1693226672511,10,5,5
54664,1693226672511,1692254408271,1692254408275,1693226672519,8,4,4
54665,1693226672519,1692254408281,1692254408285,1693226672529,10,4,6
54666,1693226672529,1692254408289,1692254408291,1693226672535,6,2,4
54667,1693226672535,1692254408295,1692254408299,1693226672543,8,4,4
54668,1693226672543,1692254408303,1692254408306,1693226672550,7,3,4
54669,1693226672550,1692254408310,1692254408313,1693226672558,8,3,5
54670,1693226672558,1692254408318,1692254408322,1693226672566,8,4,4
54671,1693226672566,1692254408326,1692254408329,1693226672574,8,3,5
54672,1693226672574,1692254408333,1692254408336,1693226672580,6,3,3
54673,1693226672580,1692254408340,1692254408344,1693226672588,8,4,4
54674,1693226672588,1692254408348,1692254408351,1693226672596,8,3,5
54675,1693226672596,1692254408356,1692254408359,1693226672603,7,3,4
54676,1693226672604,1692254408364,1692254408367,1693226672611,7,3,4
54677,1693226672611,1692254408371,1692254408374,1693226672618,7,3,4
54678,1693226672618,1692254408378,1692254408381,1693226672625,7,3,4
54679,1693226672625,1692254408385,1692254408389,1693226672633,8,4,4
54680,1693226672633,1692254408393,1692254408397,1693226672641,8,4,4
54681,1693226672641,1692254408406,1692254408410,1693226672654,13,4,9
54682,1693226672654,1692254408413,1692254408416,1693226672660,6,3,3
54683,1693226672660,1692254408421,1692254408423,1693226672668,8,2,6
54684,1693226672668,1692254408434,1692254408437,1693226672681,13,3,10
54685,1693226672681,1692254408442,1692254408445,1693226672689,8,3,5
54686,1693226672689,1692254408449,1692254408453,1693226672697,8,4,4
54687,1693226672697,1692254408457,1692254408460,1693226672704,7,3,4
54688,1693226672704,1692254408465,1692254408468,1693226672712,8,3,5
54689,1693226672712,1692254408473,1692254408476,1693226672720,8,3,5
54690,1693226672720,1692254408481,1692254408484,1693226672728,8,3,5
54691,1693226672728,1692254408488,1692254408491,1693226672735,7,3,4
54692,1693226672735,1692254408495,1692254408499,1693226672743,8,4,4
54693,1693226672743,1692254408503,1692254408506,1693226672751,8,3,5
54694,1693226672751,1692254408511,1692254408514,1693226672759,8,3,5
54695,1693226672759,1692254408521,1692254408524,1693226672768,9,3,6
54696,1693226672768,1692254408528,1692254408531,1693226672775,7,3,4
54697,1693226672775,1692254408535,1692254408539,1693226672784,9,4,5
54698,1693226672784,1692254408544,1692254408547,1693226672791,7,3,4
54699,1693226672791,1692254408551,1692254408554,1693226672799,8,3,5
54700,1693226672799,1692254408559,1692254408563,1693226672807,8,4,4
54701,1693226672807,1692254408568,1692254408571,1693226672815,8,3,5
54702,1693226672815,1692254408575,1692254408579,1693226672823,8,4,4
54703,1693226672823,1692254408583,1692254408586,1693226672830,7,3,4
54704,1693226672830,1692254408590,1692254408593,1693226672837,7,3,4
54705,1693226672837,1692254408598,1692254408601,1693226672845,8,3,5
54706,1693226672845,1692254408606,1692254408608,1693226672853,8,2,6
54707,1693226672853,1692254408614,1692254408617,1693226672861,8,3,5
54708,1693226672861,1692254408623,1692254408626,1693226672870,9,3,6
54709,1693226672870,1692254408630,1692254408633,1693226672877,7,3,4
54710,1693226672877,1692254408637,1692254408639,1693226672884,7,2,5
54711,1693226672884,1692254408644,1692254408647,1693226672891,7,3,4
54712,1693226672891,1692254408652,1692254408655,1693226672899,8,3,5
54713,1693226672899,1692254408659,1692254408663,1693226672907,8,4,4
54714,1693226672907,1692254408668,1692254408671,1693226672915,8,3,5
54715,1693226672915,1692254408675,1692254408678,1693226672922,7,3,4
54716,1693226672922,1692254408681,1692254408684,1693226672928,6,3,3
54717,1693226672928,1692254408688,1692254408691,1693226672936,8,3,5
54718,1693226672936,1692254408696,1692254408699,1693226672943,7,3,4
54719,1693226672943,1692254408703,1692254408706,1693226672950,7,3,4
54720,1693226672950,1692254408710,1692254408714,1693226672958,8,4,4
54721,1693226672958,1692254408718,1692254408721,1693226672967,9,3,6
54722,1693226672967,1692254408727,1692254408729,1693226672973,6,2,4
54723,1693226672973,1692254408733,1692254408736,1693226672980,7,3,4
54724,1693226672980,1692254408740,1692254408744,1693226672988,8,4,4
54725,1693226672988,1692254408749,1692254408753,1693226672998,10,4,6
54726,1693226672998,1692254408758,1692254408762,1693226673006,8,4,4
54727,1693226673007,1692254408767,1692254408770,1693226673014,7,3,4
54728,1693226673014,1692254408774,1692254408777,1693226673022,8,3,5
54729,1693226673022,1692254408782,1692254408784,1693226673029,7,2,5
54730,1693226673029,1692254408788,1692254408792,1693226673036,7,4,3
54731,1693226673036,1692254408796,1692254408800,1693226673044,8,4,4
54732,1693226673044,1692254408804,1692254408807,1693226673051,7,3,4
54733,1693226673051,1692254408811,1692254408815,1693226673059,8,4,4
54734,1693226673059,1692254408818,1692254408822,1693226673070,11,4,7
54735,1693226673070,1692254408830,1692254408834,1693226673078,8,4,4
54736,1693226673078,1692254408838,1692254408842,1693226673086,8,4,4
54737,1693226673086,1692254408847,1692254408853,1693226673097,11,6,5
54738,1693226673097,1692254408858,1692254408861,1693226673105,8,3,5
54739,1693226673105,1692254408865,1692254408868,1693226673113,8,3,5
54740,1693226673113,1692254408873,1692254408876,1693226673120,7,3,4
54741,1693226673120,1692254408880,1692254408883,1693226673127,7,3,4
54742,1693226673127,1692254408887,1692254408890,1693226673134,7,3,4
54743,1693226673134,1692254408896,1692254408900,1693226673144,10,4,6
54744,1693226673144,1692254408903,1692254408906,1693226673151,7,3,4
54745,1693226673151,1692254408911,1692254408914,1693226673158,7,3,4
54746,1693226673158,1692254408918,1692254408920,1693226673165,7,2,5
54747,1693226673165,1692254408925,1692254408929,1693226673173,8,4,4
54748,1693226673173,1692254408933,1692254408936,1693226673180,7,3,4
54749,1693226673180,1692254408940,1692254408944,1693226673188,8,4,4
54750,1693226673188,1692254408948,1692254408952,1693226673196,8,4,4
54751,1693226673196,1692254408956,1692254408959,1693226673203,7,3,4
54752,1693226673203,1692254408963,1692254408966,1693226673211,8,3,5
54753,1693226673211,1692254408971,1692254408974,1693226673218,7,3,4
54754,1693226673219,1692254408979,1692254408982,1693226673226,7,3,4
54755,1693226673226,1692254408986,1692254408989,1693226673233,7,3,4
54756,1693226673233,1692254408994,1692254408997,1693226673241,8,3,5
54757,1693226673241,1692254409001,1692254409004,1693226673249,8,3,5
54758,1693226673249,1692254409009,1692254409012,1693226673256,7,3,4
54759,1693226673256,1692254409017,1692254409020,1693226673264,8,3,5
54760,1693226673264,1692254409025,1692254409028,1693226673274,10,3,7
54761,1693226673274,1692254409035,1692254409038,1693226673282,8,3,5
54762,1693226673283,1692254409043,1692254409046,1693226673290,7,3,4
54763,1693226673290,1692254409050,1692254409053,1693226673297,7,3,4
54764,1693226673297,1692254409057,1692254409060,1693226673304,7,3,4
54765,1693226673304,1692254409064,1692254409067,1693226673311,7,3,4
54766,1693226673311,1692254409072,1692254409074,1693226673319,8,2,6
54767,1693226673319,1692254409079,1692254409082,1693226673326,7,3,4
54768,1693226673326,1692254409086,1692254409090,1693226673334,8,4,4
54769,1693226673334,1692254409095,1692254409097,1693226673342,8,2,6
54770,1693226673342,1692254409103,1692254409106,1693226673350,8,3,5
54771,1693226673350,1692254409110,1692254409113,1693226673357,7,3,4
54772,1693226673357,1692254409117,1692254409119,1693226673363,6,2,4
54773,1693226673363,1692254409123,1692254409128,1693226673372,9,5,4
54774,1693226673372,1692254409134,1692254409138,1693226673382,10,4,6
54775,1693226673382,1692254409142,1692254409146,1693226673390,8,4,4
54776,1693226673390,1692254409150,1692254409153,1693226673397,7,3,4
54777,1693226673397,1692254409157,1692254409161,1693226673406,9,4,5
54778,1693226673406,1692254409171,1692254409174,1693226673419,13,3,10
54779,1693226673419,1692254409179,1692254409182,1693226673426,7,3,4
54780,1693226673426,1692254409186,1692254409190,1693226673434,8,4,4
54781,1693226673434,1692254409194,1692254409197,1693226673441,7,3,4
54782,1693226673441,1692254409202,1692254409206,1693226673450,9,4,5
54783,1693226673450,1692254409210,1692254409213,1693226673457,7,3,4
54784,1693226673457,1692254409218,1692254409221,1693226673465,8,3,5
54785,1693226673465,1692254409225,1692254409229,1693226673474,9,4,5
54786,1693226673474,1692254409236,1692254409240,1693226673484,10,4,6
54787,1693226673484,1692254409244,1692254409248,1693226673492,8,4,4
54788,1693226673492,1692254409252,1692254409255,1693226673500,8,3,5
54789,1693226673500,1692254409260,1692254409263,1693226673507,7,3,4
54790,1693226673507,1692254409267,1692254409271,1693226673515,8,4,4
54791,1693226673515,1692254409275,1692254409278,1693226673522,7,3,4
54792,1693226673522,1692254409282,1692254409285,1693226673529,7,3,4
54793,1693226673529,1692254409289,1692254409292,1693226673537,8,3,5
54794,1693226673537,1692254409297,1692254409300,1693226673544,7,3,4
54795,1693226673544,1692254409305,1692254409308,1693226673552,8,3,5
54796,1693226673552,1692254409312,1692254409315,1693226673558,6,3,3
54797,1693226673558,1692254409318,1692254409321,1693226673565,7,3,4
54798,1693226673565,1692254409325,1692254409328,1693226673572,7,3,4
54799,1693226673572,1692254409332,1692254409336,1693226673581,9,4,5
54800,1693226673581,1692254409341,1692254409345,1693226673589,8,4,4
54801,1693226673589,1692254409349,1692254409352,1693226673596,7,3,4
54802,1693226673596,1692254409357,1692254409360,1693226673605,9,3,6
54803,1693226673605,1692254409365,1692254409369,1693226673613,8,4,4
54804,1693226673613,1692254409373,1692254409376,1693226673620,7,3,4
54805,1693226673620,1692254409381,1692254409384,1693226673628,8,3,5
54806,1693226673628,1692254409389,1692254409392,1693226673636,8,3,5
54807,1693226673636,1692254409397,1692254409400,1693226673644,8,3,5
54808,1693226673644,1692254409406,1692254409409,1693226673653,9,3,6
54809,1693226673653,1692254409414,1692254409418,1693226673662,9,4,5
54810,1693226673662,1692254409423,1692254409427,1693226673671,9,4,5
54811,1693226673671,1692254409431,1692254409434,1693226673683,12,3,9
54812,1693226673683,1692254409444,1692254409448,1693226673692,9,4,5
54813,1693226673692,1692254409452,1692254409455,1693226673700,8,3,5
54814,1693226673700,1692254409461,1692254409464,1693226673709,9,3,6
54815,1693226673709,1692254409469,1692254409472,1693226673716,7,3,4
54816,1693226673716,1692254409476,1692254409479,1693226673724,8,3,5
54817,1693226673724,1692254409484,1692254409487,1693226673732,8,3,5
54818,1693226673732,1692254409493,1692254409497,1693226673741,9,4,5
54819,1693226673741,1692254409505,1692254409508,1693226673752,11,3,8
54820,1693226673752,1692254409513,1692254409516,1693226673760,8,3,5
54821,1693226673760,1692254409520,1692254409523,1693226673768,8,3,5
54822,1693226673768,1692254409528,1692254409532,1693226673776,8,4,4
54823,1693226673776,1692254409536,1692254409540,1693226673786,10,4,6
54824,1693226673786,1692254409547,1692254409550,1693226673794,8,3,5
54825,1693226673794,1692254409554,1692254409557,1693226673802,8,3,5
54826,1693226673802,1692254409562,1692254409565,1693226673809,7,3,4
54827,1693226673809,1692254409569,1692254409573,1693226673817,8,4,4
54828,1693226673817,1692254409579,1692254409582,1693226673826,9,3,6
54829,1693226673826,1692254409586,1692254409589,1693226673833,7,3,4
54830,1693226673833,1692254409593,1692254409596,1693226673840,7,3,4
54831,1693226673841,1692254409600,1692254409604,1693226673848,7,4,3
54832,1693226673848,1692254409608,1692254409612,1693226673856,8,4,4
54833,1693226673856,1692254409616,1692254409620,1693226673864,8,4,4
54834,1693226673864,1692254409624,1692254409627,1693226673871,7,3,4
54835,1693226673871,1692254409631,1692254409634,1693226673878,7,3,4
54836,1693226673878,1692254409638,1692254409642,1693226673888,10,4,6
54837,1693226673888,1692254409649,1692254409652,1693226673896,8,3,5
54838,1693226673896,1692254409656,1692254409659,1693226673904,8,3,5
54839,1693226673904,1692254409666,1692254409670,1693226673914,10,4,6
54840,1693226673914,1692254409675,1692254409678,1693226673923,9,3,6
54841,1693226673923,1692254409682,1692254409685,1693226673929,6,3,3
54842,1693226673929,1692254409689,1692254409692,1693226673936,7,3,4
54843,1693226673936,1692254409696,1692254409699,1693226673944,8,3,5
54844,1693226673944,1692254409704,1692254409707,1693226673951,7,3,4
54845,1693226673951,1692254409711,1692254409715,1693226673959,8,4,4
54846,1693226673959,1692254409719,1692254409723,1693226673967,8,4,4
54847,1693226673967,1692254409727,1692254409732,1693226673976,9,5,4
54848,1693226673976,1692254409736,1692254409739,1693226673983,7,3,4
54849,1693226673983,1692254409743,1692254409747,1693226673991,8,4,4
54850,1693226673991,1692254409752,1692254409755,1693226673999,8,3,5
54851,1693226673999,1692254409759,1692254409762,1693226674006,7,3,4
54852,1693226674006,1692254409767,1692254409770,1693226674014,8,3,5
54853,1693226674015,1692254409775,1692254409778,1693226674022,7,3,4
54854,1693226674022,1692254409782,1692254409785,1693226674029,7,3,4
54855,1693226674029,1692254409789,1692254409792,1693226674036,7,3,4
54856,1693226674036,1692254409797,1692254409800,1693226674044,8,3,5
54857,1693226674044,1692254409804,1692254409807,1693226674051,7,3,4
54858,1693226674051,1692254409811,1692254409815,1693226674059,8,4,4
54859,1693226674059,1692254409819,1692254409823,1693226674067,8,4,4
54860,1693226674067,1692254409830,1692254409833,1693226674077,10,3,7
54861,1693226674077,1692254409837,1692254409840,1693226674084,7,3,4
54862,1693226674084,1692254409844,1692254409848,1693226674094,10,4,6
54863,1693226674094,1692254409854,1692254409857,1693226674101,7,3,4
54864,1693226674101,1692254409862,1692254409865,1693226674109,8,3,5
54865,1693226674109,1692254409870,1692254409873,1693226674117,8,3,5
54866,1693226674117,1692254409877,1692254409880,1693226674125,8,3,5
54867,1693226674125,1692254409884,1692254409887,1693226674131,6,3,3
54868,1693226674131,1692254409891,1692254409893,1693226674138,7,2,5
54869,1693226674138,1692254409901,1692254409904,1693226674149,11,3,8
54870,1693226674149,1692254409910,1692254409913,1693226674157,8,3,5
54871,1693226674157,1692254409918,1692254409922,1693226674166,9,4,5
54872,1693226674166,1692254409926,1692254409929,1693226674174,8,3,5
54873,1693226674174,1692254409934,1692254409937,1693226674181,7,3,4
54874,1693226674181,1692254409942,1692254409945,1693226674189,8,3,5
54875,1693226674189,1692254409949,1692254409952,1693226674197,8,3,5
54876,1693226674197,1692254409957,1692254409961,1693226674205,8,4,4
54877,1693226674205,1692254409965,1692254409968,1693226674213,8,3,5
54878,1693226674213,1692254409973,1692254409976,1693226674220,7,3,4
54879,1693226674220,1692254409983,1692254409987,1693226674231,11,4,7
54880,1693226674231,1692254409991,1692254409994,1693226674238,7,3,4
54881,1693226674238,1692254409998,1692254410002,1693226674246,8,4,4
54882,1693226674246,1692254410006,1692254410008,1693226674252,6,2,4
54883,1693226674252,1692254410013,1692254410016,1693226674259,7,3,4
54884,1693226674260,1692254410020,1692254410024,1693226674268,8,4,4
54885,1693226674268,1692254410028,1692254410032,1693226674276,8,4,4
54886,1693226674276,1692254410036,1692254410039,1693226674283,7,3,4
54887,1693226674283,1692254410043,1692254410048,1693226674292,9,5,4
54888,1693226674292,1692254410052,1692254410055,1693226674299,7,3,4
54889,1693226674299,1692254410060,1692254410062,1693226674306,7,2,5
54890,1693226674306,1692254410067,1692254410070,1693226674314,8,3,5
54891,1693226674314,1692254410075,1692254410077,1693226674321,7,2,5
54892,1693226674321,1692254410081,1692254410085,1693226674329,8,4,4
54893,1693226674329,1692254410089,1692254410092,1693226674336,7,3,4
54894,1693226674336,1692254410097,1692254410100,1693226674344,8,3,5
54895,1693226674344,1692254410104,1692254410108,1693226674352,8,4,4
54896,1693226674352,1692254410114,1692254410118,1693226674362,10,4,6
54897,1693226674362,1692254410122,1692254410125,1693226674369,7,3,4
54898,1693226674369,1692254410130,1692254410135,1693226674379,10,5,5
54899,1693226674379,1692254410139,1692254410142,1693226674386,7,3,4
54900,1693226674386,1692254410147,1692254410150,1693226674394,8,3,5
54901,1693226674394,1692254410154,1692254410158,1693226674402,8,4,4
54902,1693226674402,1692254410162,1692254410165,1693226674409,7,3,4
54903,1693226674409,1692254410169,1692254410172,1693226674416,7,3,4
54904,1693226674416,1692254410176,1692254410179,1693226674429,13,3,10
54905,1693226674429,1692254410195,1692254410199,1693226674447,18,4,14
54906,1693226674447,1692254410206,1692254410210,1693226674454,7,4,3
54907,1693226674454,1692254410215,1692254410218,1693226674464,10,3,7
54908,1693226674464,1692254410225,1692254410228,1693226674475,11,3,8
54909,1693226674475,1692254410235,1692254410238,1693226674484,9,3,6
54910,1693226674484,1692254410244,1692254410248,1693226674492,8,4,4
54911,1693226674492,1692254410252,1692254410254,1693226674512,20,2,18
54912,1693226674512,1692254410285,1692254410289,1693226674533,21,4,17
54913,1693226674533,1692254410293,1692254410295,1693226674539,6,2,4
54914,1693226674539,1692254410300,1692254410302,1693226674546,7,2,5
54915,1693226674546,1692254410307,1692254410311,1693226674555,9,4,5
54916,1693226674555,1692254410315,1692254410318,1693226674561,6,3,3
54917,1693226674561,1692254410321,1692254410324,1693226674568,7,3,4
54918,1693226674568,1692254410328,1692254410332,1693226674576,8,4,4
54919,1693226674576,1692254410335,1692254410339,1693226674583,7,4,3
54920,1693226674583,1692254410343,1692254410348,1693226674592,9,5,4
54921,1693226674592,1692254410352,1692254410356,1693226674600,8,4,4
54922,1693226674600,1692254410363,1692254410366,1693226674610,10,3,7
54923,1693226674610,1692254410370,1692254410374,1693226674618,8,4,4
54924,1693226674618,1692254410379,1692254410382,1693226674626,8,3,5
54925,1693226674626,1692254410386,1692254410389,1693226674634,8,3,5
54926,1693226674634,1692254410394,1692254410397,1693226674641,7,3,4
54927,1693226674641,1692254410402,1692254410405,1693226674649,8,3,5
54928,1693226674649,1692254410410,1692254410414,1693226674658,9,4,5
54929,1693226674658,1692254410418,1692254410421,1693226674664,6,3,3
54930,1693226674664,1692254410424,1692254410427,1693226674672,8,3,5
54931,1693226674672,1692254410432,1692254410435,1693226674680,8,3,5
54932,1693226674680,1692254410440,1692254410443,1693226674688,8,3,5
54933,1693226674688,1692254410448,1692254410451,1693226674695,7,3,4
54934,1693226674695,1692254410455,1692254410459,1693226674703,8,4,4
54935,1693226674703,1692254410465,1692254410468,1693226674712,9,3,6
54936,1693226674712,1692254410473,1692254410476,1693226674720,8,3,5
54937,1693226674720,1692254410480,1692254410483,1693226674727,7,3,4
54938,1693226674727,1692254410487,1692254410491,1693226674735,8,4,4
54939,1693226674735,1692254410495,1692254410499,1693226674743,8,4,4
54940,1693226674743,1692254410502,1692254410506,1693226674750,7,4,3
54941,1693226674750,1692254410510,1692254410514,1693226674758,8,4,4
54942,1693226674758,1692254410519,1692254410522,1693226674766,8,3,5
54943,1693226674766,1692254410526,1692254410530,1693226674774,8,4,4
54944,1693226674774,1692254410534,1692254410538,1693226674782,8,4,4
54945,1693226674782,1692254410542,1692254410545,1693226674789,7,3,4
54946,1693226674789,1692254410550,1692254410552,1693226674797,8,2,6
54947,1693226674797,1692254410557,1692254410559,1693226674804,7,2,5
54948,1693226674804,1692254410564,1692254410568,1693226674812,8,4,4
54949,1693226674812,1692254410572,1692254410576,1693226674820,8,4,4
54950,1693226674820,1692254410580,1692254410584,1693226674828,8,4,4
54951,1693226674828,1692254410588,1692254410591,1693226674835,7,3,4
54952,1693226674835,1692254410598,1692254410601,1693226674845,10,3,7
54953,1693226674845,1692254410605,1692254410608,1693226674852,7,3,4
54954,1693226674852,1692254410613,1692254410617,1693226674861,9,4,5
54955,1693226674861,1692254410621,1692254410624,1693226674868,7,3,4
54956,1693226674868,1692254410629,1692254410631,1693226674875,7,2,5
54957,1693226674875,1692254410636,1692254410640,1693226674884,9,4,5
54958,1693226674884,1692254410645,1692254410648,1693226674892,8,3,5
54959,1693226674892,1692254410660,1692254410663,1693226674907,15,3,12
54960,1693226674908,1692254410671,1692254410674,1693226674918,10,3,7
54961,1693226674918,1692254410679,1692254410682,1693226674926,8,3,5
54962,1693226674926,1692254410686,1692254410689,1693226674933,7,3,4
54963,1693226674933,1692254410694,1692254410696,1693226674941,8,2,6
54964,1693226674941,1692254410706,1692254410710,1693226674954,13,4,9
54965,1693226674954,1692254410714,1692254410717,1693226674962,8,3,5
54966,1693226674962,1692254410727,1692254410731,1693226674975,13,4,9
54967,1693226674975,1692254410735,1692254410738,1693226674982,7,3,4
54968,1693226674982,1692254410743,1692254410748,1693226674992,10,5,5
54969,1693226674992,1692254410752,1692254410756,1693226675000,8,4,4
54970,1693226675000,1692254410760,1692254410764,1693226675008,8,4,4
54971,1693226675008,1692254410768,1692254410772,1693226675016,8,4,4
54972,1693226675016,1692254410777,1692254410780,1693226675024,8,3,5
54973,1693226675024,1692254410785,1692254410788,1693226675033,9,3,6
54974,1693226675033,1692254410792,1692254410796,1693226675040,7,4,3
54975,1693226675040,1692254410800,1692254410803,1693226675047,7,3,4
54976,1693226675048,1692254410808,1692254410811,1693226675055,7,3,4
54977,1693226675055,1692254410815,1692254410818,1693226675062,7,3,4
54978,1693226675062,1692254410822,1692254410825,1693226675069,7,3,4
54979,1693226675069,1692254410829,1692254410833,1693226675077,8,4,4
54980,1693226675077,1692254410837,1692254410840,1693226675084,7,3,4
54981,1693226675084,1692254410844,1692254410848,1693226675093,9,4,5
54982,1693226675093,1692254410853,1692254410855,1693226675099,6,2,4
54983,1693226675099,1692254410859,1692254410862,1693226675105,6,3,3
54984,1693226675105,1692254410866,1692254410869,1693226675113,8,3,5
54985,1693226675113,1692254410875,1692254410879,1693226675123,10,4,6
54986,1693226675123,1692254410883,1692254410886,1693226675130,7,3,4
54987,1693226675130,1692254410890,1692254410893,1693226675137,7,3,4
54988,1693226675137,1692254410897,1692254410900,1693226675144,7,3,4
54989,1693226675144,1692254410904,1692254410907,1693226675151,7,3,4
54990,1693226675151,1692254410912,1692254410915,1693226675159,8,3,5
54991,1693226675159,1692254410919,1692254410923,1693226675168,9,4,5
54992,1693226675168,1692254410928,1692254410931,1693226675176,8,3,5
54993,1693226675176,1692254410936,1692254410941,1693226675185,9,5,4
54994,1693226675185,1692254410945,1692254410948,1693226675192,7,3,4
54995,1693226675192,1692254410952,1692254410955,1693226675199,7,3,4
54996,1693226675199,1692254410960,1692254410963,1693226675208,9,3,6
54997,1693226675208,1692254410970,1692254410973,1693226675219,11,3,8
54998,1693226675219,1692254410980,1692254410983,1693226675227,8,3,5
54999,1693226675227,1692254410987,1692254410990,1693226675234,7,3,4
55000,1693226675234,1692254410995,1692254410999,1693226675243,9,4,5
55001,1693226675243,1692254411003,1692254411006,1693226675250,7,3,4
55002,1693226675251,1692254411010,1692254411013,1693226675258,7,3,4
55003,1693226675258,1692254411018,1692254411021,1693226675265,7,3,4
55004,1693226675265,1692254411025,1692254411028,1693226675272,7,3,4
55005,1693226675272,1692254411032,1692254411035,1693226675279,7,3,4
55006,1693226675279,1692254411039,1692254411043,1693226675287,8,4,4
55007,1693226675287,1692254411047,1692254411050,1693226675294,7,3,4
55008,1693226675294,1692254411054,1692254411057,1693226675301,7,3,4
55009,1693226675301,1692254411061,1692254411064,1693226675308,7,3,4
55010,1693226675308,1692254411068,1692254411071,1693226675315,7,3,4
55011,1693226675315,1692254411075,1692254411079,1693226675323,8,4,4
55012,1693226675323,1692254411083,1692254411087,1693226675331,8,4,4
55013,1693226675331,1692254411091,1692254411094,1693226675338,7,3,4
55014,1693226675338,1692254411098,1692254411101,1693226675345,7,3,4
55015,1693226675345,1692254411105,1692254411108,1693226675352,7,3,4
55016,1693226675352,1692254411113,1692254411116,1693226675360,8,3,5
55017,1693226675360,1692254411120,1692254411123,1693226675367,7,3,4
55018,1693226675367,1692254411127,1692254411130,1693226675375,8,3,5
55019,1693226675375,1692254411135,1692254411138,1693226675382,7,3,4
55020,1693226675382,1692254411142,1692254411145,1693226675389,7,3,4
55021,1693226675389,1692254411149,1692254411153,1693226675397,8,4,4
55022,1693226675397,1692254411157,1692254411160,1693226675404,7,3,4
55023,1693226675404,1692254411164,1692254411167,1693226675411,7,3,4
55024,1693226675411,1692254411172,1692254411175,1693226675420,9,3,6
55025,1693226675420,1692254411182,1692254411185,1693226675429,9,3,6
55026,1693226675429,1692254411189,1692254411193,1693226675437,8,4,4
55027,1693226675437,1692254411197,1692254411201,1693226675445,8,4,4
55028,1693226675445,1692254411206,1692254411210,1693226675454,9,4,5
55029,1693226675454,1692254411215,1692254411218,1693226675462,8,3,5
55030,1693226675462,1692254411222,1692254411227,1693226675471,9,5,4
55031,1693226675471,1692254411231,1692254411234,1693226675478,7,3,4
55032,1693226675478,1692254411238,1692254411240,1693226675484,6,2,4
55033,1693226675484,1692254411245,1692254411248,1693226675492,8,3,5
55034,1693226675492,1692254411252,1692254411256,1693226675500,8,4,4
55035,1693226675500,1692254411260,1692254411265,1693226675509,9,5,4
55036,1693226675509,1692254411269,1692254411272,1693226675516,7,3,4
55037,1693226675516,1692254411276,1692254411279,1693226675523,7,3,4
55038,1693226675523,1692254411285,1692254411288,1693226675533,10,3,7
55039,1693226675533,1692254411293,1692254411297,1693226675541,8,4,4
55040,1693226675541,1692254411301,1692254411304,1693226675548,7,3,4
55041,1693226675548,1692254411308,1692254411311,1693226675555,7,3,4
55042,1693226675555,1692254411315,1692254411318,1693226675562,7,3,4
55043,1693226675562,1692254411322,1692254411325,1693226675569,7,3,4
55044,1693226675569,1692254411330,1692254411333,1693226675579,10,3,7
55045,1693226675579,1692254411340,1692254411343,1693226675588,9,3,6
55046,1693226675588,1692254411348,1692254411351,1693226675596,8,3,5
55047,1693226675596,1692254411356,1692254411359,1693226675603,7,3,4
55048,1693226675603,1692254411363,1692254411367,1693226675611,8,4,4
55049,1693226675611,1692254411371,1692254411374,1693226675618,7,3,4
55050,1693226675618,1692254411378,1692254411381,1693226675625,7,3,4
55051,1693226675625,1692254411388,1692254411391,1693226675635,10,3,7
55052,1693226675635,1692254411396,1692254411400,1693226675644,9,4,5
55053,1693226675644,1692254411408,1692254411411,1693226675655,11,3,8
55054,1693226675655,1692254411415,1692254411419,1693226675663,8,4,4
55055,1693226675663,1692254411423,1692254411426,1693226675670,7,3,4
55056,1693226675670,1692254411430,1692254411433,1693226675677,7,3,4
55057,1693226675677,1692254411437,1692254411440,1693226675684,7,3,4
55058,1693226675684,1692254411444,1692254411447,1693226675693,9,3,6
55059,1693226675693,1692254411453,1692254411457,1693226675701,8,4,4
55060,1693226675701,1692254411461,1692254411464,1693226675709,8,3,5
55061,1693226675709,1692254411469,1692254411472,1693226675716,7,3,4
55062,1693226675716,1692254411476,1692254411478,1693226675723,7,2,5
55063,1693226675723,1692254411483,1692254411486,1693226675731,8,3,5
55064,1693226675731,1692254411492,1692254411495,1693226675739,8,3,5
55065,1693226675739,1692254411499,1692254411503,1693226675747,8,4,4
55066,1693226675747,1692254411507,1692254411511,1693226675755,8,4,4
55067,1693226675755,1692254411515,1692254411519,1693226675763,8,4,4
55068,1693226675763,1692254411524,1692254411527,1693226675772,9,3,6
55069,1693226675772,1692254411532,1692254411535,1693226675779,7,3,4
55070,1693226675780,1692254411540,1692254411545,1693226675789,9,5,4
55071,1693226675789,1692254411550,1692254411553,1693226675798,9,3,6
55072,1693226675798,1692254411558,1692254411560,1693226675805,7,2,5
55073,1693226675805,1692254411565,1692254411568,1693226675812,7,3,4
55074,1693226675812,1692254411573,1692254411576,1693226675820,8,3,5
55075,1693226675820,1692254411580,1692254411584,1693226675828,8,4,4
55076,1693226675828,1692254411589,1692254411592,1693226675836,8,3,5
55077,1693226675836,1692254411596,1692254411599,1693226675843,7,3,4
55078,1693226675843,1692254411607,1692254411610,1693226675854,11,3,8
55079,1693226675854,1692254411615,1692254411618,1693226675862,8,3,5
55080,1693226675862,1692254411622,1692254411626,1693226675870,8,4,4
55081,1693226675870,1692254411630,1692254411633,1693226675878,8,3,5
55082,1693226675878,1692254411638,1692254411641,1693226675886,8,3,5
55083,1693226675886,1692254411646,1692254411649,1693226675893,7,3,4
55084,1693226675893,1692254411653,1692254411657,1693226675902,9,4,5
55085,1693226675902,1692254411662,1692254411666,1693226675910,8,4,4
55086,1693226675910,1692254411670,1692254411674,1693226675918,8,4,4
55087,1693226675918,1692254411678,1692254411681,1693226675926,8,3,5
55088,1693226675926,1692254411687,1692254411690,1693226675936,10,3,7
55089,1693226675936,1692254411697,1692254411701,1693226675945,9,4,5
55090,1693226675945,1692254411706,1692254411710,1693226675954,9,4,5
55091,1693226675954,1692254411714,1692254411719,1693226675963,9,5,4
55092,1693226675963,1692254411723,1692254411727,1693226675971,8,4,4
55093,1693226675971,1692254411731,1692254411735,1693226675979,8,4,4
55094,1693226675979,1692254411739,1692254411742,1693226675986,7,3,4
55095,1693226675986,1692254411747,1692254411751,1693226675995,9,4,5
55096,1693226675995,1692254411756,1692254411759,1693226676003,8,3,5
55097,1693226676003,1692254411763,1692254411766,1693226676010,7,3,4
55098,1693226676010,1692254411770,1692254411773,1693226676017,7,3,4
55099,1693226676017,1692254411777,1692254411780,1693226676025,8,3,5
55100,1693226676025,1692254411785,1692254411788,1693226676032,7,3,4
55101,1693226676032,1692254411793,1692254411796,1693226676040,8,3,5
55102,1693226676040,1692254411800,1692254411804,1693226676048,8,4,4
55103,1693226676048,1692254411808,1692254411813,1693226676057,9,5,4
55104,1693226676057,1692254411817,1692254411821,1693226676065,8,4,4
55105,1693226676065,1692254411826,1692254411828,1693226676073,8,2,6
55106,1693226676073,1692254411833,1692254411836,1693226676080,7,3,4
55107,1693226676080,1692254411840,1692254411844,1693226676088,8,4,4
55108,1693226676088,1692254411849,1692254411851,1693226676096,8,2,6
55109,1693226676096,1692254411856,1692254411859,1693226676103,7,3,4
55110,1693226676103,1692254411864,1692254411868,1693226676112,9,4,5
55111,1693226676112,1692254411872,1692254411876,1693226676120,8,4,4
55112,1693226676120,1692254411880,1692254411883,1693226676127,7,3,4
55113,1693226676127,1692254411887,1692254411891,1693226676136,9,4,5
55114,1693226676136,1692254411896,1692254411899,1693226676143,7,3,4
55115,1693226676143,1692254411903,1692254411906,1693226676150,7,3,4
55116,1693226676150,1692254411911,1692254411914,1693226676158,8,3,5
55117,1693226676158,1692254411919,1692254411923,1693226676166,8,4,4
55118,1693226676167,1692254411926,1692254411930,1693226676174,7,4,3
55119,1693226676174,1692254411934,1692254411938,1693226676182,8,4,4
55120,1693226676182,1692254411942,1692254411946,1693226676190,8,4,4
55121,1693226676190,1692254411950,1692254411953,1693226676197,7,3,4
55122,1693226676197,1692254411957,1692254411960,1693226676204,7,3,4
55123,1693226676204,1692254411964,1692254411967,1693226676212,8,3,5
55124,1693226676212,1692254411972,1692254411975,1693226676219,7,3,4
55125,1693226676219,1692254411986,1692254411989,1693226676234,15,3,12
55126,1693226676234,1692254411995,1692254411998,1693226676244,10,3,7
55127,1693226676244,1692254412008,1692254412011,1693226676255,11,3,8
55128,1693226676255,1692254412016,1692254412019,1693226676264,9,3,6
55129,1693226676264,1692254412025,1692254412029,1693226676273,9,4,5
55130,1693226676273,1692254412033,1692254412037,1693226676281,8,4,4
55131,1693226676281,1692254412042,1692254412045,1693226676288,7,3,4
55132,1693226676289,1692254412048,1692254412052,1693226676296,7,4,3
55133,1693226676296,1692254412056,1692254412059,1693226676303,7,3,4
55134,1693226676303,1692254412065,1692254412069,1693226676313,10,4,6
55135,1693226676313,1692254412073,1692254412076,1693226676320,7,3,4
55136,1693226676320,1692254412080,1692254412083,1693226676327,7,3,4
55137,1693226676327,1692254412087,1692254412090,1693226676334,7,3,4
55138,1693226676334,1692254412095,1692254412098,1693226676342,8,3,5
55139,1693226676342,1692254412104,1692254412107,1693226676352,10,3,7
55140,1693226676352,1692254412112,1692254412116,1693226676361,9,4,5
55141,1693226676361,1692254412120,1692254412124,1693226676368,7,4,3
55142,1693226676368,1692254412127,1692254412131,1693226676375,7,4,3
55143,1693226676375,1692254412135,1692254412138,1693226676382,7,3,4
55144,1693226676382,1692254412143,1692254412147,1693226676391,9,4,5
55145,1693226676391,1692254412151,1692254412154,1693226676399,8,3,5
55146,1693226676399,1692254412161,1692254412165,1693226676409,10,4,6
55147,1693226676409,1692254412169,1692254412172,1693226676416,7,3,4
55148,1693226676416,1692254412176,1692254412180,1693226676424,8,4,4
55149,1693226676424,1692254412183,1692254412187,1693226676431,7,4,3
55150,1693226676431,1692254412191,1692254412195,1693226676439,8,4,4
55151,1693226676439,1692254412199,1692254412203,1693226676448,9,4,5
55152,1693226676448,1692254412209,1692254412213,1693226676457,9,4,5
55153,1693226676457,1692254412217,1692254412220,1693226676464,7,3,4
55154,1693226676465,1692254412225,1692254412228,1693226676472,7,3,4
55155,1693226676472,1692254412233,1692254412236,1693226676480,8,3,5
55156,1693226676480,1692254412240,1692254412244,1693226676488,8,4,4
55157,1693226676488,1692254412248,1692254412251,1693226676495,7,3,4
55158,1693226676495,1692254412255,1692254412258,1693226676503,8,3,5
55159,1693226676503,1692254412263,1692254412266,1693226676510,7,3,4
55160,1693226676510,1692254412271,1692254412275,1693226676519,9,4,5
55161,1693226676519,1692254412279,1692254412284,1693226676528,9,5,4
55162,1693226676528,1692254412288,1692254412291,1693226676535,7,3,4
55163,1693226676535,1692254412295,1692254412298,1693226676542,7,3,4
55164,1693226676542,1692254412302,1692254412306,1693226676551,9,4,5
55165,1693226676551,1692254412311,1692254412314,1693226676558,7,3,4
55166,1693226676558,1692254412318,1692254412321,1693226676565,7,3,4
55167,1693226676565,1692254412325,1692254412328,1693226676573,8,3,5
55168,1693226676573,1692254412333,1692254412336,1693226676580,7,3,4
55169,1693226676580,1692254412341,1692254412343,1693226676587,7,2,5
55170,1693226676587,1692254412348,1692254412351,1693226676595,8,3,5
55171,1693226676595,1692254412355,1692254412359,1693226676603,8,4,4
55172,1693226676603,1692254412364,1692254412367,1693226676611,8,3,5
55173,1693226676611,1692254412372,1692254412375,1693226676619,8,3,5
55174,1693226676619,1692254412379,1692254412383,1693226676626,7,4,3
55175,1693226676626,1692254412386,1692254412390,1693226676634,8,4,4
55176,1693226676634,1692254412394,1692254412397,1693226676641,7,3,4
55177,1693226676641,1692254412401,1692254412406,1693226676650,9,5,4
55178,1693226676650,1692254412412,1692254412415,1693226676659,9,3,6
55179,1693226676659,1692254412420,1692254412423,1693226676667,8,3,5
55180,1693226676667,1692254412428,1692254412431,1693226676675,8,3,5
55181,1693226676675,1692254412435,1692254412438,1693226676683,8,3,5
55182,1693226676683,1692254412443,1692254412446,1693226676690,7,3,4
55183,1693226676690,1692254412450,1692254412453,1693226676699,9,3,6
55184,1693226676699,1692254412459,1692254412464,1693226676708,9,5,4
55185,1693226676708,1692254412468,1692254412472,1693226676716,8,4,4
55186,1693226676716,1692254412476,1692254412480,1693226676724,8,4,4
55187,1693226676724,1692254412484,1692254412487,1693226676731,7,3,4
55188,1693226676731,1692254412492,1692254412497,1693226676741,10,5,5
55189,1693226676741,1692254412500,1692254412503,1693226676747,6,3,3
55190,1693226676747,1692254412508,1692254412511,1693226676755,8,3,5
55191,1693226676755,1692254412516,1692254412520,1693226676764,9,4,5
55192,1693226676764,1692254412524,1692254412527,1693226676772,8,3,5
55193,1693226676772,1692254412534,1692254412537,1693226676781,9,3,6
55194,1693226676781,1692254412541,1692254412544,1693226676788,7,3,4
55195,1693226676788,1692254412548,1692254412552,1693226676796,8,4,4
55196,1693226676796,1692254412555,1692254412558,1693226676803,7,3,4
55197,1693226676803,1692254412563,1692254412566,1693226676810,7,3,4
55198,1693226676811,1692254412573,1692254412578,1693226676822,11,5,6
55199,1693226676822,1692254412582,1692254412585,1693226676829,7,3,4
55200,1693226676829,1692254412589,1692254412592,1693226676836,7,3,4
55201,1693226676836,1692254412597,1692254412600,1693226676844,8,3,5
55202,1693226676844,1692254412603,1692254412606,1693226676850,6,3,3
55203,1693226676850,1692254412611,1692254412614,1693226676858,8,3,5
55204,1693226676858,1692254412619,1692254412622,1693226676866,8,3,5
55205,1693226676866,1692254412626,1692254412629,1693226676873,7,3,4
55206,1693226676873,1692254412633,1692254412636,1693226676880,7,3,4
55207,1693226676880,1692254412640,1692254412643,1693226676887,7,3,4
55208,1693226676887,1692254412648,1692254412652,1693226676896,9,4,5
55209,1693226676897,1692254412657,1692254412660,1693226676904,7,3,4
55210,1693226676904,1692254412664,1692254412667,1693226676911,7,3,4
55211,1693226676911,1692254412671,1692254412675,1693226676919,8,4,4
55212,1693226676919,1692254412679,1692254412684,1693226676929,10,5,5
55213,1693226676929,1692254412689,1692254412692,1693226676936,7,3,4
55214,1693226676936,1692254412697,1692254412701,1693226676945,9,4,5
55215,1693226676945,1692254412705,1692254412708,1693226676953,8,3,5
55216,1693226676953,1692254412713,1692254412716,1693226676960,7,3,4
55217,1693226676960,1692254412720,1692254412723,1693226676967,7,3,4
55218,1693226676967,1692254412728,1692254412731,1693226676975,8,3,5
55219,1693226676975,1692254412735,1692254412738,1693226676982,7,3,4
55220,1693226676982,1692254412743,1692254412746,1693226676990,8,3,5
55221,1693226676990,1692254412750,1692254412753,1693226676997,7,3,4
55222,1693226676997,1692254412757,1692254412760,1693226677004,7,3,4
55223,1693226677004,1692254412765,1692254412768,1693226677012,8,3,5
55224,1693226677013,1692254412773,1692254412776,1693226677020,7,3,4
55225,1693226677020,1692254412780,1692254412784,1693226677028,8,4,4
55226,1693226677028,1692254412788,1692254412791,1693226677035,7,3,4
55227,1693226677035,1692254412796,1692254412799,1693226677043,8,3,5
55228,1693226677043,1692254412803,1692254412806,1693226677050,7,3,4
55229,1693226677050,1692254412811,1692254412814,1693226677058,8,3,5
55230,1693226677058,1692254412821,1692254412824,1693226677068,10,3,7
55231,1693226677068,1692254412828,1692254412832,1693226677075,7,4,3
55232,1693226677076,1692254412835,1692254412839,1693226677083,7,4,3
55233,1693226677083,1692254412843,1692254412846,1693226677090,7,3,4
55234,1693226677090,1692254412851,1692254412854,1693226677098,8,3,5
55235,1693226677098,1692254412858,1692254412861,1693226677105,7,3,4
55236,1693226677105,1692254412865,1692254412869,1693226677113,8,4,4
55237,1693226677113,1692254412873,1692254412876,1693226677120,7,3,4
55238,1693226677120,1692254412881,1692254412884,1693226677128,8,3,5
55239,1693226677128,1692254412889,1692254412893,1693226677137,9,4,5
55240,1693226677137,1692254412897,1692254412901,1693226677145,8,4,4
55241,1693226677145,1692254412909,1692254412911,1693226677156,11,2,9
